1.000000000 0.000000000 0.000000000 0.000000000 0.000000000 1.000000000 0.000000000 0.000000000 0.000000000 0.000000000 1.000000000 0.000000000
0.999997795 -0.001593765 -0.001353307 0.049010720 0.001590865 0.999996424 -0.002141085 -0.132934138 0.001356715 0.002138927 0.999996781 1.298134208
0.999997616 0.000089160 -0.002174131 0.104783319 -0.000102401 0.999981463 -0.006090911 -0.270636916 0.002173547 0.006091118 0.999979079 2.603572369
0.999996006 0.002532186 -0.001247221 0.147197202 -0.002541490 0.999968648 -0.007515840 -0.409721524 0.001228150 0.007518981 0.999970913 3.906324625
0.999983311 0.005764622 0.000256509 0.193770260 -0.005762891 0.999963522 -0.006298542 -0.548399687 -0.000292808 0.006296959 0.999980152 5.220683098
0.999975026 0.006642282 0.002426291 0.242630690 -0.006635712 0.999974430 -0.002705633 -0.694615662 -0.002444201 0.002689466 0.999993324 6.540322304
0.999959528 0.006872409 0.005804252 0.298311114 -0.006864688 0.999975562 -0.001349003 -0.831950665 -0.005813381 0.001309104 0.999982238 7.843646049
0.999944925 0.005315136 0.009041962 0.357260466 -0.005303576 0.999985099 -0.001301947 -0.965286314 -0.009048749 0.001253921 0.999958217 9.151680946
0.999915421 0.004030236 0.012369289 0.434887499 -0.004015206 0.999991179 -0.001239726 -1.101040244 -0.012374178 0.001189956 0.999922752 10.451311111
0.999875367 0.002674703 0.015556778 0.506366253 -0.002647851 0.999994993 -0.001746440 -1.240937114 -0.015561370 0.001705030 0.999877393 11.758137703
0.999814510 0.001686102 0.019183178 0.578669369 -0.001639535 0.999995708 -0.002442943 -1.376821518 -0.019187214 0.002411039 0.999812961 13.049812317
0.999750197 0.001767257 0.022277471 0.654897094 -0.001714254 0.999995589 -0.002398079 -1.526369095 -0.022281609 0.002359291 0.999748945 14.374882698
0.999674857 0.001592505 0.025448274 0.744709730 -0.001501819 0.999992430 -0.003582254 -1.662676215 -0.025453784 0.003542870 0.999669790 15.670350075
0.999586403 0.002426734 0.028656086 0.829666257 -0.002334111 0.999991894 -0.003265239 -1.804263711 -0.028663779 0.003197002 0.999584019 16.966144562
0.999488473 0.001903936 0.031925008 0.918040037 -0.001827300 0.999995410 -0.002429540 -1.948066831 -0.031929485 0.002369961 0.999487340 18.253988266
0.999421537 0.000566687 0.034003820 1.019935369 -0.000488864 0.999997377 -0.002296896 -2.089349031 -0.034005031 0.002278944 0.999419093 19.556465149
0.999356508 -0.001931627 0.035816524 1.110959172 0.002059699 0.999991655 -0.003539231 -2.229075432 -0.035809390 0.003610726 0.999352098 20.836919785
0.999325871 -0.001579002 0.036677089 1.219169378 0.001759384 0.999986470 -0.004886384 -2.375358105 -0.036668878 0.004947619 0.999315143 22.135887146
0.999287367 -0.001516115 0.037714325 1.303755283 0.001803297 0.999969602 -0.007581837 -2.518000841 -0.037701681 0.007644445 0.999259770 23.426107407
0.999252677 -0.001030147 0.038638510 1.412061453 0.001371364 0.999960303 -0.008805539 -2.661813259 -0.038627904 0.008851945 0.999214411 24.704505920
0.999218047 -0.000309710 0.039536010 1.514021158 0.000674597 0.999957323 -0.009216229 -2.806946039 -0.039531462 0.009235693 0.999175608 25.973112106
0.999186933 -0.001575524 0.040286820 1.610222578 0.001909382 0.999964118 -0.008249906 -2.950329781 -0.040272374 0.008320122 0.999154031 27.251304626
0.999167979 -0.004488382 0.040536031 1.708723068 0.004785967 0.999962270 -0.007247209 -3.093338490 -0.040501963 0.007435183 0.999151766 28.528509140
0.999199331 -0.006195062 0.039523687 1.808635116 0.006489276 0.999952137 -0.007320061 -3.240707636 -0.039476447 0.007570682 0.999191761 29.799556732
0.999210954 -0.007817705 0.038940158 1.906817317 0.008207856 0.999917567 -0.009869427 -3.381837845 -0.038859788 0.010181255 0.999192834 31.061571121
0.999231577 -0.008071363 0.038353994 2.011986971 0.008461474 0.999913990 -0.010019935 -3.526063204 -0.038269818 0.010336767 0.999213994 32.334125519
0.999243677 -0.008523037 0.037940934 2.105834723 0.008927094 0.999905109 -0.010493010 -3.667258263 -0.037847903 0.010823775 0.999224901 33.602809906
0.999269187 -0.009200707 0.037100498 2.208632469 0.009594277 0.999899447 -0.010444149 -3.809967518 -0.037000675 0.010792469 0.999256968 34.847167969
0.999294460 -0.009707480 0.036281493 2.306533337 0.010121882 0.999885380 -0.011255669 -3.950743198 -0.036168072 0.011614964 0.999278247 36.112850189
0.999327719 -0.009995295 0.035270996 2.405871868 0.010396905 0.999882936 -0.011221450 -4.096202850 -0.035154708 0.011580615 0.999314845 37.362388611
0.999321759 -0.009835768 0.035485972 2.493049383 0.010169398 0.999905586 -0.009233542 -4.245775700 -0.035391804 0.009588151 0.999327540 38.644905090
0.999282241 -0.009476344 0.036677748 2.591327190 0.009779407 0.999919415 -0.008092209 -4.383882046 -0.036598116 0.008445089 0.999294400 39.892238617
0.999188066 -0.011504021 0.038611732 2.690308332 0.011759383 0.999910355 -0.006392926 -4.519643784 -0.038534731 0.006841784 0.999233842 41.157829285
0.999090672 -0.012660861 0.040713806 2.793456793 0.012982201 0.999886572 -0.007637962 -4.659483910 -0.040612485 0.008159571 0.999141634 42.404232025
0.998976648 -0.013993069 0.043010108 2.893180370 0.014470962 0.999836743 -0.010819989 -4.808026314 -0.042851686 0.011431313 0.999015987 43.670886993
0.998848498 -0.014776839 0.045643207 2.994361877 0.015343240 0.999809265 -0.012084012 -4.948072433 -0.045455940 0.012770410 0.998884678 44.913501740
0.998749077 -0.014616642 0.047821403 3.120131731 0.015134857 0.999830425 -0.010492366 -5.089075565 -0.047659934 0.011203011 0.998800755 46.161491394
0.998569548 -0.016422758 0.050883528 3.247252226 0.016833831 0.999828935 -0.007660709 -5.224289894 -0.050749015 0.008506315 0.998675227 47.403011322
0.998272240 -0.019503184 0.055427391 3.341756105 0.019836033 0.999788344 -0.005461307 -5.365866661 -0.055309143 0.006551330 0.998447716 48.638854980
0.998042643 -0.021198191 0.058835641 3.461779118 0.021582548 0.999749660 -0.005904881 -5.500341892 -0.058695737 0.007163146 0.998250186 49.858287811
0.997743964 -0.024401341 0.062542841 3.600966454 0.025054896 0.999639153 -0.009686801 -5.629348755 -0.062283903 0.011231949 0.997995257 51.078189850
0.997449577 -0.025847130 0.066530630 3.735876322 0.026573973 0.999596238 -0.010063173 -5.758867264 -0.066243656 0.011805492 0.997733593 52.292453766
0.997133911 -0.028092954 0.070247971 3.867513657 0.028706662 0.999557912 -0.007741865 -5.895325184 -0.069999434 0.009736263 0.997499526 53.517269135
0.996794701 -0.030582774 0.073926166 4.015633583 0.030997360 0.999509394 -0.004466976 -6.021778584 -0.073753297 0.006744173 0.997253776 54.719322205
0.996554196 -0.032836057 0.076166816 4.152266026 0.033152875 0.999446094 -0.002898596 -6.149800301 -0.076029435 0.005413757 0.997090876 55.943214417
0.996364594 -0.035829719 0.077290282 4.305211067 0.035916276 0.999354720 0.000270265 -6.270217419 -0.077250086 0.002506698 0.997008562 57.147029877
0.996198595 -0.038924508 0.077931240 4.450996399 0.038926587 0.999240935 0.001492916 -6.392940998 -0.077930182 0.001546357 0.996957600 58.354393005
0.996156096 -0.040361777 0.077743396 4.595966816 0.040592499 0.999174774 -0.001389074 -6.518302441 -0.077623181 0.004539533 0.996972322 59.548477173
0.996178806 -0.041731253 0.076723427 4.744850636 0.042300414 0.999088049 -0.005807529 -6.647397041 -0.076411121 0.009030771 0.997035444 60.742206573
0.996185124 -0.042747695 0.076076932 4.879553795 0.043602791 0.999002635 -0.009613872 -6.776232243 -0.075590082 0.012894364 0.997055590 61.926837921
0.996179998 -0.045068618 0.074794926 5.008163452 0.046116080 0.998859942 -0.012336125 -6.904012203 -0.074153692 0.015738249 0.997122645 63.128158569
0.996323049 -0.045213349 0.072774440 5.147838593 0.046227567 0.998855054 -0.012312179 -7.034403801 -0.072134428 0.015631095 0.997272372 64.303329468
0.996551871 -0.044224586 0.070202976 5.274200439 0.045170523 0.998907864 -0.011943770 -7.171535015 -0.069598086 0.015073690 0.997461200 65.509193420
0.996801078 -0.043545291 0.067016616 5.397998810 0.044328745 0.998964429 -0.010247499 -7.301568985 -0.066500992 0.013185482 0.997699201 66.684623718
0.997190654 -0.039606571 0.063575834 5.515563965 0.040071752 0.999178410 -0.006058109 -7.436997890 -0.063283652 0.008588684 0.997958601 67.872032166
0.997482061 -0.037923366 0.059928611 5.637688637 0.038224351 0.999261677 -0.003883590 -7.561764717 -0.059737079 0.006164543 0.998195112 69.050910950
0.997702122 -0.036965329 0.056779895 5.747823238 0.037422571 0.999274909 -0.007010469 -7.695791245 -0.056479573 0.009119209 0.998362124 70.220443726
0.997874081 -0.036663879 0.053879812 5.854722023 0.037464421 0.999200881 -0.013923398 -7.831500530 -0.053326283 0.015912378 0.998450279 71.403076172
0.997913599 -0.040581871 0.050214291 5.966599941 0.041469358 0.998999178 -0.016759835 -7.966839790 -0.049483895 0.018807229 0.998597741 72.572349548
0.997945607 -0.044424258 0.046163060 6.074903011 0.045007098 0.998918593 -0.011663289 -8.102792740 -0.045595005 0.013716992 0.998865843 73.733947754
0.997950494 -0.048328631 0.041943356 6.182428360 0.048674140 0.998788357 -0.007255158 -8.223901749 -0.041541904 0.009281846 0.999093652 74.889976501
0.998022676 -0.050424680 0.037522949 6.276612759 0.050614662 0.998709738 -0.004130013 -8.350623131 -0.037266277 0.006021060 0.999287248 76.069961548
0.998213649 -0.049473319 0.033493761 6.367275238 0.049563877 0.998769224 -0.001878439 -8.471311569 -0.033359598 0.003535166 0.999437153 77.227470398
0.998364806 -0.049123473 0.029232431 6.467152119 0.049198426 0.998787344 -0.001849799 -8.585856438 -0.029106114 0.003284965 0.999570847 78.384040833
0.998476803 -0.048165679 0.026909238 6.525572300 0.048268456 0.998829246 -0.003182452 -8.720205307 -0.026724456 0.004476470 0.999632776 79.543022156
0.998667479 -0.045836817 0.023711078 6.602683067 0.046044394 0.998905003 -0.008283316 -8.845126152 -0.023305435 0.009364041 0.999684572 80.687934875
0.998587728 -0.049366463 0.019633818 6.691499233 0.049622037 0.998686671 -0.012749996 -8.985155106 -0.018978609 0.013706259 0.999725938 81.846061707
0.998458207 -0.052785680 0.017168744 6.754235744 0.053030383 0.998493016 -0.014124306 -9.110115051 -0.016397307 0.015012995 0.999752820 82.979156494
0.998497248 -0.053113755 0.013493281 6.824109554 0.053261846 0.998521447 -0.010863795 -9.235453606 -0.012896312 0.011566147 0.999849975 84.114570618
0.998511434 -0.053649049 0.009839837 6.902350903 0.053729936 0.998522282 -0.008149207 -9.365430832 -0.009388102 0.008665771 0.999918282 85.240364075
0.998642564 -0.051197860 0.009583873 6.940507889 0.051289629 0.998637795 -0.009586706 -9.494296074 -0.009079996 0.010065245 0.999908090 86.388237000
0.998832226 -0.047453795 0.009070272 6.996352196 0.047569424 0.998783469 -0.012987449 -9.617910385 -0.008442934 0.013403750 0.999874473 87.506866455
0.998914301 -0.045839157 0.008316545 7.056806087 0.045963805 0.998823225 -0.015472909 -9.743289948 -0.007597493 0.015838370 0.999845684 88.608474731
0.998856664 -0.047229875 0.007390601 7.105587482 0.047343493 0.998749912 -0.016039114 -9.882948875 -0.006623836 0.016370673 0.999844015 89.753074646
0.998814225 -0.048326749 0.005891244 7.161196709 0.048402216 0.998737752 -0.013424046 -10.010937691 -0.005235067 0.013693279 0.999892533 90.866104126
0.998747349 -0.049832780 0.004518651 7.219415188 0.049879830 0.998694837 -0.010980256 -10.137287140 -0.003965577 0.011191892 0.999929547 91.981994629
0.998787940 -0.049002096 0.004627022 7.274669647 0.049046930 0.998745084 -0.010133122 -10.258144379 -0.004124672 0.010347784 0.999937892 93.113113403
0.998763025 -0.049502563 0.004695164 7.323372841 0.049557295 0.998694777 -0.012360507 -10.382093430 -0.004077159 0.012577895 0.999912560 94.220901489
0.998748660 -0.049855866 0.003925271 7.388876915 0.049912415 0.998626351 -0.015944391 -10.513010025 -0.003124957 0.016120363 0.999865174 95.329170227
0.998730481 -0.050206199 0.004088707 7.436861515 0.050269730 0.998585820 -0.017294113 -10.645620346 -0.003214655 0.017477697 0.999842107 96.437957764
0.998691499 -0.051014397 0.003561165 7.499793530 0.051063627 0.998575568 -0.015470365 -10.776325226 -0.002766881 0.015631970 0.999873996 97.523323059
0.998741508 -0.049933512 0.004677050 7.543915272 0.049980447 0.998694777 -0.010523250 -10.895048141 -0.004145483 0.010743770 0.999933720 98.608596802
0.998825908 -0.048057333 0.006099676 7.595149517 0.048100375 0.998817146 -0.007117664 -11.013057709 -0.005750406 0.007402703 0.999956131 99.670928955
0.998908758 -0.045992177 0.008119179 7.644256592 0.046049189 0.998914719 -0.006980252 -11.134449959 -0.007789331 0.007346518 0.999942601 100.743949890
0.998978376 -0.044062462 0.010029053 7.699208260 0.044150893 0.998986304 -0.008773292 -11.253342628 -0.009632315 0.009207122 0.999911189 101.783958435
0.998917162 -0.044605114 0.013227530 7.746096134 0.044750232 0.998938859 -0.010885507 -11.376041412 -0.012727946 0.011465652 0.999853253 102.799736023
0.998818874 -0.046145245 0.015215662 7.795235157 0.046331905 0.998852193 -0.012151348 -11.484145164 -0.014637472 0.012841965 0.999810338 103.808280945
0.998709559 -0.047913540 0.016839271 7.863465786 0.048107561 0.998778105 -0.011311535 -11.596927643 -0.016276719 0.012107033 0.999794245 104.793395996
0.998658955 -0.048271134 0.018711418 7.923625469 0.048461214 0.998776674 -0.009841410 -11.714557648 -0.018213470 0.010734990 0.999776423 105.768165588
0.998583734 -0.049520627 0.019447954 8.001153946 0.049689949 0.998730123 -0.008321951 -11.820237160 -0.019011149 0.009276534 0.999776185 106.707901001
0.998506784 -0.050104223 0.021768441 8.056351662 0.050309680 0.998693168 -0.008995102 -11.923851967 -0.021289302 0.010076830 0.999722600 107.624603271
0.998489439 -0.049888119 0.023020990 8.123254776 0.050062291 0.998721182 -0.007052158 -12.024863243 -0.022639731 0.008193988 0.999710083 108.533172607
0.998493493 -0.048861403 0.024967311 8.182927132 0.049001500 0.998786092 -0.005030350 -12.119915009 -0.024691211 0.006246206 0.999675632 109.402694702
0.998449206 -0.049201548 0.026044970 8.248894691 0.049263693 0.998784304 -0.001749528 -12.223070145 -0.025927227 0.003029886 0.999659240 110.263786316
0.998400152 -0.049304001 0.027682934 8.312473297 0.049372211 0.998778880 -0.001785398 -12.312397003 -0.027561100 0.003149308 0.999615133 111.088371277
0.998405933 -0.048446868 0.028956898 8.364712715 0.048491400 0.998823225 -0.000837530 -12.401541710 -0.028882246 0.002240355 0.999580324 111.900642395
0.998493969 -0.046434287 0.029216480 8.421987534 0.046470921 0.998919487 -0.000575942 -12.480132103 -0.029158166 0.001932791 0.999572992 112.679222107
0.998618543 -0.043964222 0.028776173 8.472274780 0.043901198 0.999031901 0.002818647 -12.562731743 -0.028872233 -0.001551445 0.999581873 113.443237305
0.998708546 -0.043711863 0.025892243 8.520419121 0.043621238 0.999039888 0.004054971 -12.641931534 -0.026044630 -0.002920283 0.999656439 114.168731689
0.998845398 -0.043854855 0.019612283 8.552699089 0.043772895 0.999030948 0.004588982 -12.720417976 -0.019794524 -0.003725198 0.999797106 114.864128113
0.999060690 -0.042336881 0.009230817 8.583117485 0.042311057 0.999100029 0.002975807 -12.792275429 -0.009348497 -0.002582446 0.999952972 115.546356201
0.999187231 -0.039957143 -0.005313834 8.598734856 0.039958213 0.999201417 0.000094799 -12.855615616 0.005305804 -0.000307054 0.999985874 116.193008423
0.998966753 -0.038624536 -0.023948906 8.591245651 0.038585007 0.999253094 -0.002110704 -12.929670334 0.024012538 0.001184454 0.999710917 116.801773071
0.998282611 -0.036449488 -0.045859654 8.554491997 0.036281914 0.999331474 -0.004481450 -12.995864868 0.045992348 0.002809878 0.998937845 117.390487671
0.996657431 -0.034991823 -0.073821008 8.517203331 0.034615900 0.999380291 -0.006366082 -13.059150696 0.073998049 0.003789421 0.997251213 117.959403992
0.993868947 -0.032570399 -0.105657548 8.446903229 0.031848770 0.999456406 -0.008510461 -13.126645088 0.105877303 0.005093221 0.994366169 118.506301880
0.989485800 -0.028432304 -0.141807169 8.357797623 0.027322175 0.999578893 -0.009769814 -13.192777634 0.142025232 0.005792614 0.989846170 119.064559937
0.983520091 -0.022116678 -0.179440632 8.232608795 0.020802163 0.999741197 -0.009204198 -13.251556396 0.179597795 0.005319762 0.983725727 119.574470520
0.975073695 -0.017444804 -0.221194535 8.090618134 0.016305426 0.999842703 -0.006976090 -13.303845406 0.221281409 0.003195530 0.975204766 120.091056824
0.963848174 -0.012483662 -0.266159624 7.926454544 0.011471302 0.999919891 -0.005357946 -13.361952782 0.266205192 0.002111048 0.963914156 120.578392029
0.949716747 -0.006682087 -0.313039064 7.734180450 0.005073966 0.999969423 -0.005951506 -13.417390823 0.313069254 0.004063895 0.949721694 121.057540894
0.932559907 0.001187722 -0.361013144 7.511127472 -0.003894212 0.999969423 -0.006769564 -13.468913078 0.360994101 0.007718884 0.932536304 121.514488220
0.911364973 0.005888007 -0.411556959 7.270732880 -0.009856281 0.999923110 -0.007520505 -13.519699097 0.411481023 0.010910343 0.911352992 121.958267212
0.886220336 0.010139478 -0.463152826 7.008262634 -0.014898906 0.999867141 -0.006618950 -13.569292068 0.463024169 0.012766320 0.886253715 122.375045776
0.857267857 0.013348252 -0.514697552 6.725963593 -0.019223172 0.999796689 -0.006088764 -13.614655495 0.514511526 0.015113821 0.857350171 122.777359009
0.825661063 0.023084592 -0.563694239 6.400604248 -0.029934108 0.999547601 -0.002911641 -13.662509918 0.563371956 0.019277712 0.825978398 123.153823853
0.791884959 0.035345815 -0.609646499 6.048015594 -0.042125776 0.999107182 0.003207575 -13.700832367 0.609215558 0.023141801 0.792666912 123.512115479
0.755969286 0.044103950 -0.653119564 5.692985535 -0.053294178 0.998562396 0.005744400 -13.740539551 0.652433991 0.030464882 0.757233024 123.828376770
0.716428936 0.048229121 -0.695991039 5.322086334 -0.060358893 0.998152077 0.007036191 -13.789492607 0.695044100 0.036968317 0.718016028 124.124679565
0.674121499 0.049680158 -0.736947834 4.944042206 -0.062794425 0.997978091 0.009836017 -13.833359718 0.735946298 0.039645538 0.675878108 124.408798218
0.630450606 0.053328637 -0.774395287 4.535388947 -0.066226408 0.997695029 0.014789899 -13.867819786 0.773399055 0.041961111 0.632529199 124.679023743
0.585524738 0.062144872 -0.808268964 4.110336304 -0.077351488 0.996790946 0.020604819 -13.901218414 0.806955755 0.050456177 0.588452756 124.910232544
0.540006280 0.070903271 -0.838669181 3.665363312 -0.088866606 0.995678604 0.026957419 -13.923192024 0.836956382 0.059972506 0.543973625 125.121711731
0.493241221 0.076155260 -0.866552770 3.212398529 -0.094249867 0.994974971 0.033794418 -13.952859879 0.864771664 0.065003678 0.497940332 125.325775146
0.445745975 0.077683814 -0.891782463 2.750789642 -0.093322642 0.994831562 0.040014371 -13.980687141 0.890281677 0.065387234 0.450691819 125.508506775
0.398959935 0.078907080 -0.913566947 2.273071289 -0.090628698 0.994805872 0.046345811 -13.996662140 0.912478745 0.064305268 0.404038906 125.681671143
0.352757484 0.082134157 -0.932103097 1.775608063 -0.092598759 0.994314671 0.052571747 -14.021560669 0.931121707 0.067766495 0.358357459 125.834579468
0.309389412 0.085358217 -0.947096705 1.276592255 -0.098217048 0.993505001 0.057456113 -14.039862633 0.945849657 0.075244725 0.315763563 125.949287415
0.268258840 0.086795919 -0.959428847 0.754991531 -0.102832280 0.992822409 0.061064750 -14.054953575 0.957842767 0.082279101 0.275258839 126.047897339
0.228727922 0.083646610 -0.969890118 0.228641510 -0.102988206 0.992789686 0.061333988 -14.072701454 0.968027353 0.085858449 0.235693380 126.153251648
0.193331882 0.078190796 -0.978012800 -0.308061600 -0.098364227 0.993341744 0.059971869 -14.092784882 0.976190090 0.084606990 0.199735790 126.249023438
0.162765920 0.072874181 -0.983969867 -0.855262756 -0.095663972 0.993735731 0.057772964 -14.112599373 0.982016146 0.084726982 0.168717742 126.331085205
0.136789858 0.071292743 -0.988031328 -1.423633575 -0.096748613 0.993599832 0.058300003 -14.131123543 0.985864162 0.087615818 0.142811880 126.396301270
0.114725456 0.070593558 -0.990885735 -2.016671181 -0.097147666 0.993488014 0.059531115 -14.144797325 0.988635600 0.089432530 0.120836325 126.455352783
0.095905177 0.072335579 -0.992758691 -2.610535622 -0.099063613 0.993098080 0.062790297 -14.162653923 0.990448713 0.092324346 0.102409065 126.516891479
0.079877891 0.070457876 -0.994311571 -3.219242096 -0.100349665 0.992999613 0.062303331 -14.186327934 0.991740644 0.094802171 0.086389132 126.568878174
0.065239288 0.069247797 -0.995464027 -3.837806702 -0.099123135 0.993104875 0.062587492 -14.215288162 0.992934227 0.094590344 0.071653515 126.627166748
0.053269677 0.066908501 -0.996336102 -4.477854252 -0.094854198 0.993580341 0.061651997 -14.237863541 0.994064987 0.091222480 0.059274256 126.668792725
0.040826824 0.064559340 -0.997078419 -5.122922421 -0.092638358 0.993856609 0.060557514 -14.257274628 0.994862497 0.089895330 0.046556685 126.712959290
0.030900335 0.063253157 -0.997518957 -5.795533657 -0.091753684 0.993961275 0.060185283 -14.272955894 0.995302141 0.089666292 0.036517438 126.743873596
0.021350075 0.064777404 -0.997671366 -6.466440201 -0.095044382 0.993510842 0.062473319 -14.295667648 0.995244086 0.093489245 0.027368259 126.765556335
0.012799539 0.064902820 -0.997809470 -7.143509388 -0.098258220 0.993143260 0.063338876 -14.324299812 0.995078623 0.097232260 0.019089010 126.782249451
0.006398449 0.064141698 -0.997920275 -7.837361336 -0.100180782 0.992961228 0.063180618 -14.345991135 0.994948685 0.099568181 0.012779175 126.803596497
0.001360101 0.064780980 -0.997898519 -8.537019730 -0.100946963 0.992810905 0.064313129 -14.361855507 0.994890809 0.100647368 0.007889767 126.820831299
-0.002429293 0.067185380 -0.997737586 -9.260229111 -0.103155769 0.992400944 0.067077205 -14.381823540 0.994662344 0.103085324 0.004519728 126.848403931
-0.003089934 0.071243227 -0.997454226 -9.997687340 -0.105870999 0.991829753 0.071169473 -14.407207489 0.994374990 0.105821386 0.004477902 126.848419189
-0.003897946 0.074380361 -0.997222304 -10.709007263 -0.107867725 0.991379917 0.074366234 -14.423461914 0.994157612 0.107857972 0.004158895 126.860382080
-0.004563301 0.079673372 -0.996810555 -11.450127602 -0.112692147 0.990430057 0.079679288 -14.429256439 0.993619442 0.112696320 0.004458933 126.870803833
-0.005591004 0.083674662 -0.996477425 -12.194821358 -0.115740582 0.989741683 0.083758458 -14.444407463 0.993263781 0.115801163 0.004150904 126.880432129
-0.007091304 0.084127396 -0.996429801 -12.943553925 -0.115850851 0.989675820 0.084381655 -14.461040497 0.993241310 0.116035596 0.002728138 126.901069641
-0.008588043 0.081221983 -0.996659100 -13.688362122 -0.113545723 0.990170240 0.081671596 -14.480531693 0.993495703 0.113867782 0.000718784 126.923500061
-0.010030078 0.077524729 -0.996940076 -14.447693825 -0.117189705 0.990028620 0.078166306 -14.485247612 0.993058920 0.117615126 -0.000844963 126.937889099
-0.011309218 0.079251483 -0.996790588 -15.213795662 -0.122145809 0.989279568 0.080040127 -14.496682167 0.992447734 0.122658975 -0.001507740 126.942779541
-0.012679086 0.082162149 -0.996538281 -16.009963989 -0.119301461 0.989375234 0.083089463 -14.508919716 0.992777050 0.119941987 -0.002742307 126.957313538
-0.014850300 0.082340412 -0.996493697 -16.784690857 -0.118248910 0.989465237 0.083521865 -14.526165962 0.992872834 0.119074620 -0.004957191 126.975372314
-0.015142443 0.081858955 -0.996528864 -17.579025269 -0.121977381 0.989048183 0.083097920 -14.536926270 0.992417336 0.122812308 -0.004991662 126.969245911
-0.016937310 0.081012845 -0.996569157 -18.370971680 -0.125790104 0.988620162 0.082504526 -14.547090530 0.991912246 0.126755953 -0.006553954 126.993736267
-0.018202551 0.085269764 -0.996191680 -19.167919159 -0.127549335 0.988017976 0.086900726 -14.553169250 0.991665125 0.128645405 -0.007108341 127.005142212
-0.018882139 0.090276808 -0.995737731 -19.971511841 -0.126938045 0.987639606 0.091949724 -14.568524361 0.991730928 0.128133193 -0.007189182 127.021263123
-0.018018259 0.092492715 -0.995550334 -20.802177429 -0.127840504 0.987326026 0.094042383 -14.575640678 0.991631031 0.128966123 -0.005965583 127.036270142
-0.016304433 0.091194712 -0.995699644 -21.621374130 -0.127280682 0.987541080 0.092531689 -14.582456589 0.991732717 0.128242016 -0.004493974 127.051589966
-0.014760226 0.091063470 -0.995735705 -22.451597214 -0.127249688 0.987575769 0.092203498 -14.586168289 0.991760790 0.128068030 -0.002989045 127.060737610
-0.014717441 0.090330109 -0.995803118 -23.272060394 -0.125787929 0.987831593 0.091466077 -14.594129562 0.991948128 0.126606166 -0.003175914 127.088539124
-0.014234233 0.092444949 -0.995616078 -24.109426498 -0.126658693 0.987529457 0.093504936 -14.602232933 0.991844356 0.127434403 -0.002347766 127.112403870
-0.013786719 0.094301954 -0.995448172 -24.948320389 -0.128208622 0.987158537 0.095292307 -14.602693558 0.991651356 0.128938824 -0.001519352 127.132110596
-0.013091875 0.096872970 -0.995210648 -25.823423386 -0.131647885 0.986464918 0.097753480 -14.604619980 0.991210103 0.132297143 -0.000161555 127.142082214
-0.011587849 0.097866036 -0.995132029 -26.690269470 -0.134015948 0.986068308 0.098535202 -14.601682663 0.990911484 0.134505391 0.001689199 127.156822205
-0.009682295 0.100967847 -0.994842589 -27.556047440 -0.140691042 0.984855115 0.101323478 -14.603130341 0.990006208 0.140946493 0.004669613 127.173339844
-0.007569474 0.104929581 -0.994450867 -28.437593460 -0.145218775 0.983821452 0.104913384 -14.598149300 0.989370644 0.145207062 0.007790735 127.195068359
-0.005595417 0.106721744 -0.994273126 -29.312473297 -0.147796541 0.983280540 0.106373593 -14.593353271 0.989001989 0.147545308 0.010271240 127.228721619
-0.001779066 0.107669815 -0.994185090 -30.208545685 -0.146569058 0.983421803 0.106766403 -14.596256256 0.989198864 0.145906731 0.014031489 127.254600525
0.000864858 0.107654229 -0.994188011 -31.101678848 -0.149210557 0.983072758 0.106320813 -14.590999603 0.988805115 0.148251399 0.016913366 127.285964966
0.003189724 0.111618534 -0.993745923 -32.000354767 -0.149788707 0.982592821 0.109884985 -14.585147858 0.988712907 0.148501426 0.019853396 127.320838928
0.005753172 0.113567419 -0.993513644 -32.916973114 -0.148913354 0.982549369 0.111451812 -14.578484535 0.988833487 0.147306219 0.022564480 127.361335754
0.007324383 0.114934601 -0.993346095 -33.809692383 -0.149607450 0.982317924 0.112555511 -14.576505661 0.988718271 0.147787556 0.024389952 127.406066895
0.009939648 0.113129809 -0.993530512 -34.714130402 -0.150955617 0.982362211 0.110347927 -14.570186615 0.988490462 0.148882195 0.026841916 127.438583374
0.010175115 0.114372760 -0.993385792 -35.629489899 -0.155733407 0.981496394 0.111408733 -14.559856415 0.987746656 0.153569743 0.027798502 127.482078552
0.011204060 0.114993818 -0.993302941 -36.523426056 -0.156307161 0.981355250 0.111847565 -14.555423737 0.987644911 0.154007226 0.028969523 127.522689819
0.011304540 0.111252032 -0.993727982 -37.416046143 -0.156574085 0.981729567 0.108127624 -14.552254677 0.987601459 0.154369712 0.028517189 127.562721252
0.012050775 0.107369676 -0.994146228 -38.329067230 -0.157937258 0.981942594 0.104137197 -14.553592682 0.987375557 0.155757740 0.028790845 127.611663818
0.012623533 0.106487140 -0.994233966 -39.228847504 -0.157577991 0.982100606 0.103186868 -14.547082901 0.987425864 0.155366793 0.029177608 127.653762817
0.012339328 0.110606447 -0.993787587 -40.133956909 -0.159797758 0.981308162 0.107233360 -14.543838501 0.987072706 0.157481864 0.029783348 127.697944641
0.013057961 0.116866581 -0.993061781 -41.055797577 -0.160815522 0.980463326 0.113269389 -14.531764030 0.986898124 0.158220634 0.031596806 127.734573364
0.013092656 0.115581051 -0.993211746 -41.949440002 -0.158663243 0.980952561 0.112062909 -14.533103943 0.987245977 0.156119019 0.031181732 127.783149719
0.014018438 0.105190806 -0.994353235 -42.839038849 -0.158069804 0.982179344 0.101674475 -14.538887024 0.987328410 0.155751899 0.030396111 127.829605103
0.014260861 0.094854638 -0.995388985 -43.763580322 -0.159207970 0.983005583 0.091393612 -14.547183990 0.987142026 0.157170519 0.029120119 127.872207642
0.013104198 0.091727234 -0.995697856 -44.663501740 -0.156042278 0.983770967 0.088574834 -14.555752754 0.987663448 0.154210284 0.027204854 127.922058105
0.013241473 0.102033012 -0.994692802 -45.586399078 -0.148722142 0.983916223 0.098947756 -14.560272217 0.988790274 0.146622628 0.028203068 127.971389771
0.013126526 0.114962235 -0.993283093 -46.531017303 -0.143689677 0.983275414 0.111905053 -14.556105614 0.989535749 0.141255617 0.029425878 128.034637451
0.013342805 0.123911813 -0.992203593 -47.453285217 -0.143886477 0.982202291 0.120727882 -14.547718048 0.989504278 0.141153857 0.030934574 128.082199097
0.013363129 0.117994986 -0.992924273 -48.367874146 -0.144334123 0.982840776 0.114854217 -14.543739319 0.989438772 0.141778067 0.030164532 128.125350952
0.013244271 0.104925856 -0.994391859 -49.290088654 -0.144124076 0.984294832 0.101940863 -14.546600342 0.989470959 0.141965687 0.028158613 128.170089722
0.013739217 0.096058048 -0.995280921 -50.204944611 -0.144703746 0.985087693 0.093076706 -14.546529770 0.989379644 0.142742082 0.027434293 128.216110229
0.014290629 0.095971927 -0.995281458 -51.138633728 -0.143770069 0.985237300 0.092939101 -14.552501678 0.989507914 0.141763508 0.027877551 128.261001587
0.013697691 0.097522393 -0.995139062 -52.078842163 -0.146816850 0.984641910 0.094472811 -14.570384979 0.989068866 0.144809127 0.027805252 128.306442261
0.014435694 0.097021587 -0.995177567 -53.007804871 -0.151297882 0.984033406 0.093740456 -14.572301865 0.988382816 0.149215057 0.028884368 128.340927124
0.014876170 0.096565180 -0.995215476 -53.945819855 -0.153034925 0.983818769 0.093171842 -14.576770782 0.988108814 0.150916710 0.029413298 128.385360718
0.015731690 0.104178816 -0.994434178 -54.903667450 -0.162105590 0.981665075 0.100276619 -14.578223228 0.986648023 0.159625843 0.032331221 128.425567627
0.017099904 0.113508277 -0.993389904 -55.844047546 -0.167462602 0.979825914 0.109075740 -14.570256233 0.985730112 0.164490461 0.035763316 128.467727661
0.018322226 0.121905282 -0.992372632 -56.801715851 -0.167959511 0.978809595 0.117138118 -14.564970016 0.985623598 0.164532229 0.038409129 128.512069702
0.019313583 0.122409552 -0.992291749 -57.751106262 -0.169500798 0.978511214 0.117410481 -14.556925774 0.985340893 0.165926635 0.039647080 128.564743042
0.021174300 0.112853855 -0.993385971 -58.702114105 -0.171657681 0.979263961 0.107590586 -14.551776886 0.984929025 0.168244198 0.040107463 128.608505249
0.022350058 0.107811593 -0.993920028 -59.639850616 -0.170119971 0.980079591 0.102484852 -14.546140671 0.985169828 0.166795120 0.040245742 128.666915894
0.024281964 0.106515117 -0.994014561 -60.608871460 -0.168484941 0.980520844 0.100953400 -14.549613953 0.985405147 0.165025160 0.041755170 128.725128174
0.027479786 0.112150900 -0.993311107 -61.566013336 -0.169887409 0.979754627 0.105920389 -14.545360565 0.985080242 0.165840417 0.045976471 128.789474487
0.031090565 0.114360012 -0.992952764 -62.536781311 -0.172934994 0.979066014 0.107345849 -14.547039986 0.984442413 0.168378770 0.050216559 128.845718384
0.034753442 0.109288618 -0.993402421 -63.491634369 -0.171810701 0.979857326 0.101787798 -14.548092842 0.984516799 0.167139679 0.052830368 128.911926270
0.038022883 0.103284582 -0.993924737 -64.446647644 -0.171706364 0.980525494 0.095323510 -14.551608086 0.984414160 0.167038724 0.055017028 128.979705811
0.041393489 0.103274964 -0.993791103 -65.406234741 -0.169087246 0.981021106 0.094905041 -14.556114197 0.984731495 0.164108992 0.058070362 129.056732178
0.043381035 0.107701443 -0.993236303 -66.359466553 -0.166375205 0.981068492 0.099115349 -14.571029663 0.985107780 0.160950214 0.060478609 129.149398804
0.047091216 0.114288971 -0.992330790 -67.318222046 -0.165902451 0.980530143 0.105056927 -14.570541382 0.985017121 0.159682885 0.065135181 129.227355957
0.049698163 0.117972538 -0.991772473 -68.277145386 -0.163595781 0.980549455 0.108439691 -14.572997093 0.985274792 0.156860515 0.068031318 129.313690186
0.051561065 0.119863667 -0.991450548 -69.264656067 -0.163304821 0.980419934 0.110037312 -14.575263023 0.985227406 0.156235009 0.070125811 129.398468018
0.053839702 0.117113322 -0.991658092 -70.204032898 -0.162040919 0.980959952 0.107052267 -14.574678421 0.985314190 0.154925510 0.071791746 129.478240967
0.054482646 0.115708940 -0.991787851 -71.148574829 -0.160016984 0.981437564 0.105711080 -14.578724861 0.985609591 0.152943447 0.071986713 129.568603516
0.055345517 0.111971699 -0.992168903 -72.093635559 -0.156989902 0.982308209 0.102101594 -14.585764885 0.986048222 0.150109634 0.071944781 129.657058716
0.055070508 0.111491881 -0.992238283 -73.087913513 -0.155360177 0.982600033 0.101786166 -14.575728416 0.986321688 0.148548901 0.071433663 129.743392944
0.054877166 0.116082862 -0.991722405 -74.041519165 -0.152145803 0.982593060 0.106595233 -14.576992035 0.986833334 0.145036787 0.071583435 129.831481934
0.054482900 0.117828578 -0.991538227 -75.004798889 -0.146243796 0.983246505 0.108807452 -14.582606316 0.987747192 0.139078155 0.070801802 129.928955078
0.053894620 0.112973616 -0.992135227 -75.963973999 -0.143330708 0.984165728 0.104280129 -14.565988541 0.988206327 0.136583298 0.069233827 130.011535645
0.052546348 0.109429903 -0.992604613 -76.926574707 -0.145229369 0.984247744 0.100820482 -14.570465088 0.988001704 0.138857603 0.067611061 130.085327148
0.051332403 0.106797040 -0.992954910 -77.874641418 -0.141725779 0.984981894 0.098612778 -14.575495720 0.988574088 0.135665298 0.065697379 130.171203613
0.049706317 0.107143901 -0.993000209 -78.837799072 -0.141941786 0.984895349 0.099164270 -14.575408936 0.988626242 0.136019170 0.064163730 130.248443604
0.048757136 0.108596362 -0.992889524 -79.794189453 -0.143420264 0.984531522 0.100639403 -14.579367638 0.988460064 0.137493595 0.063577868 130.326324463
0.047337361 0.108777858 -0.992938280 -80.749183655 -0.144974217 0.984275460 0.100917317 -14.582142830 0.988302410 0.139173314 0.062362988 130.402465820
0.046174001 0.109729268 -0.992888391 -81.697257996 -0.144657180 0.984206021 0.102042496 -14.584952354 0.988403976 0.138916716 0.061317857 130.471633911
0.043896966 0.109923609 -0.992970169 -82.662078857 -0.144789293 0.984134495 0.102544650 -14.586535454 0.988488317 0.139270052 0.059116274 130.547500610
0.042150721 0.112601317 -0.992745757 -83.618362427 -0.145366490 0.983746707 0.105408520 -14.583534241 0.988479614 0.139868930 0.057834089 130.620651245
0.040559322 0.116371915 -0.992377162 -84.571685791 -0.146719575 0.983122051 0.109290056 -14.576766968 0.988346219 0.141168445 0.056948800 130.683227539
0.038643505 0.121331424 -0.991859496 -85.521041870 -0.147923157 0.982359350 0.114406101 -14.567834854 0.988243639 0.142297953 0.055909533 130.749038696
0.036306806 0.121012956 -0.991986692 -86.473922729 -0.147661075 0.982395053 0.114438459 -14.564947128 0.988371372 0.142322928 0.053536527 130.817291260
0.035102952 0.115898691 -0.992640555 -87.418601990 -0.147691965 0.982948184 0.109544165 -14.561364174 0.988410294 0.142759681 0.051621687 130.882217407
0.032861851 0.111184396 -0.993256330 -88.365226746 -0.151960805 0.982794940 0.104985721 -14.551377296 0.987840056 0.147486031 0.049192134 130.942199707
0.031650916 0.109137438 -0.993522644 -89.307838440 -0.149870366 0.983300745 0.103240132 -14.550004005 0.988198876 0.145631954 0.047478843 131.009826660
0.031345155 0.110201992 -0.993414819 -90.274589539 -0.145426363 0.983829498 0.104550041 -14.551434517 0.988872409 0.141191572 0.046864569 131.063430786
0.030632926 0.111636460 -0.993276834 -91.223075867 -0.142390102 0.984095514 0.106213212 -14.550929070 0.989336491 0.138179183 0.046041649 131.128463745
0.029427651 0.111368880 -0.993343353 -92.175239563 -0.137116924 0.984828949 0.106352232 -14.552379608 0.990117669 0.133074492 0.044251770 131.198059082
0.027903046 0.108507402 -0.993703961 -93.116409302 -0.132905424 0.985668004 0.103897959 -14.556289673 0.990735948 0.129169568 0.041924361 131.266693115
0.027654972 0.105375186 -0.994047940 -94.061904907 -0.127923056 0.986625016 0.101029411 -14.560164452 0.991398454 0.124367669 0.040764995 131.327270508
0.025918363 0.107952841 -0.993818104 -95.045394897 -0.126365647 0.986531138 0.103865735 -14.564421654 0.991645098 0.122892424 0.039210811 131.382522583
0.024492063 0.110267781 -0.993600070 -95.991798401 -0.125761643 0.986342311 0.106362313 -14.563566208 0.991758108 0.122351751 0.038025018 131.444076538
0.023063216 0.108019337 -0.993881226 -96.952575684 -0.121536538 0.987075090 0.104459330 -14.559624672 0.992318988 0.118383706 0.035893425 131.497375488
0.021085087 0.105443217 -0.994201720 -97.901374817 -0.118614480 0.987663388 0.102234177 -14.563937187 0.992716491 0.115771085 0.033332061 131.547943115
0.017255992 0.102625757 -0.994570494 -98.868324280 -0.117357016 0.988050580 0.099916831 -14.561039925 0.992939830 0.114995643 0.029093642 131.607635498
0.014586223 0.101876028 -0.994690180 -99.823234558 -0.111834772 0.988720298 0.099624649 -14.572433472 0.993619740 0.109787792 0.025814978 131.658599854
0.012468778 0.102102123 -0.994695842 -100.780921936 -0.105119050 0.989394665 0.100240283 -14.569234848 0.994381428 0.103311591 0.023069421 131.702835083
0.009863079 0.109667361 -0.993919373 -101.749580383 -0.094931729 0.989580989 0.108246639 -14.567045212 0.995434940 0.093286835 0.020171223 131.768554688
0.007115997 0.117788367 -0.993013263 -102.706787109 -0.086887814 0.989355505 0.116731845 -14.563871384 0.996192694 0.085450083 0.017274624 131.827316284
0.004490722 0.117560059 -0.993055642 -103.660583496 -0.082707740 0.989706755 0.116789609 -14.559126854 0.996563792 0.081608906 0.014167625 131.872558594
0.001616740 0.107604250 -0.994192481 -104.611503601 -0.083625033 0.990725935 0.107093051 -14.561247826 0.996495903 0.082966253 0.010600156 131.909713745
-0.000587160 0.098230034 -0.995163560 -105.558326721 -0.085419141 0.991521478 0.097920939 -14.560097694 0.996344864 0.085063510 0.007808545 131.950027466
-0.000756179 0.099678360 -0.995019436 -106.521110535 -0.092665359 0.990731418 0.099319227 -14.560242653 0.995697021 0.092278942 0.008487562 131.967742920
-0.001564084 0.109217212 -0.994016647 -107.480026245 -0.096180581 0.989393115 0.108860552 -14.550949097 0.995362699 0.095775366 0.008957082 132.006530762
-0.003058744 0.120409787 -0.992719471 -108.443069458 -0.100001112 0.987711132 0.120110407 -14.537756920 0.994982600 0.099640451 0.009019955 132.037811279
-0.004578604 0.122331724 -0.992478728 -109.384521484 -0.107218504 0.986707747 0.122115031 -14.529583931 0.994224966 0.106971182 0.008598480 132.071807861
-0.004435332 0.118912809 -0.992894769 -110.368934631 -0.114156865 0.986353338 0.118639328 -14.507622719 0.993452847 0.113871962 0.009199909 132.093048096
-0.004700875 0.115165420 -0.993335128 -111.323013306 -0.122339070 0.985818148 0.114872858 -14.496550560 0.992477238 0.122063719 0.009455021 132.119247437
-0.002351168 0.117120728 -0.993114889 -112.289741516 -0.126985297 0.985042870 0.116469413 -14.477787971 0.991901755 0.126384839 0.012556608 132.143875122
-0.000987510 0.118202828 -0.992989004 -113.272438049 -0.135116279 0.983867705 0.117251411 -14.457960129 0.990829229 0.134284794 0.014999542 132.169021606
-0.000394858 0.120500773 -0.992713213 -114.236320496 -0.144146174 0.982338905 0.119298831 -14.439291000 0.989556253 0.143142879 0.016981844 132.191635132
-0.000373142 0.122952670 -0.992412508 -115.210060120 -0.149661869 0.981228411 0.121623315 -14.419965744 0.988737106 0.148571700 0.018035188 132.222015381
-0.000289387 0.123069681 -0.992397964 -116.182403564 -0.154024422 0.980550289 0.121645331 -14.413508415 0.988066912 0.152888745 0.018671978 132.263000488
0.001262544 0.113543980 -0.993532121 -117.136932373 -0.153050363 0.981849551 0.112014353 -14.415410042 0.988217592 0.151919007 0.018617574 132.297729492
0.002679007 0.102177985 -0.994762540 -118.086784363 -0.156275302 0.982586622 0.100506455 -14.407170296 0.987709820 0.155187577 0.018600253 132.335769653
