1.000000000 0.000000000 0.000000000 0.000000000 0.000000000 1.000000000 0.000000000 0.000000000 0.000000000 0.000000000 1.000000000 0.000000000
0.999997795 -0.001594445 -0.001362390 0.049445927 0.001591493 0.999996364 -0.002164631 -0.132718191 0.001365836 0.002162458 0.999996722 1.298235416
0.999997973 0.000045466 -0.002002792 0.102031037 -0.000058181 0.999979854 -0.006349020 -0.267520189 0.002002464 0.006349123 0.999977767 2.603425741
0.999996245 0.002470376 -0.001127326 0.144826800 -0.002479193 0.999965727 -0.007888007 -0.405945122 0.001107801 0.007890773 0.999968171 3.907425880
0.999983311 0.005752335 0.000405049 0.190690726 -0.005749540 0.999961734 -0.006594394 -0.544319510 -0.000442967 0.006591956 0.999978125 5.219309807
0.999974906 0.006597470 0.002558286 0.239860311 -0.006589275 0.999973118 -0.003198259 -0.690064669 -0.002579318 0.003181323 0.999991596 6.536580563
0.999960184 0.006808665 0.005781353 0.298121750 -0.006797389 0.999974906 -0.001968074 -0.827454627 -0.005794609 0.001928698 0.999981344 7.839642525
0.999941707 0.005418047 0.009336276 0.350329429 -0.005400106 0.999983549 -0.001945814 -0.959451139 -0.009346666 0.001895284 0.999954522 9.143707275
0.999911129 0.004142724 0.012675453 0.428485721 -0.004119021 0.999989688 -0.001895558 -1.095996022 -0.012683176 0.001843179 0.999917865 10.443111420
0.999868393 0.002904944 0.015956767 0.496075511 -0.002866637 0.999992967 -0.002422972 -1.236294746 -0.015963692 0.002376911 0.999869704 11.748789787
0.999814153 0.001890979 0.019182982 0.577115655 -0.001832236 0.999993682 -0.003079345 -1.376773238 -0.019188676 0.003043625 0.999811232 13.035288811
0.999746084 0.001776638 0.022463523 0.647636414 -0.001702882 0.999993086 -0.003302050 -1.519172788 -0.022469236 0.003262959 0.999742210 14.367341995
0.999665082 0.001610037 0.025831800 0.731329203 -0.001499674 0.999989629 -0.004291175 -1.658075094 -0.025838442 0.004250998 0.999657094 15.664463043
0.999573588 0.002526963 0.029090038 0.810713112 -0.002402753 0.999987841 -0.004304017 -1.795117617 -0.029100565 0.004232286 0.999567509 16.964044571
0.999474585 0.002104242 0.032343145 0.899999380 -0.001977735 0.999990284 -0.003942921 -1.933790684 -0.032351129 0.003876883 0.999469042 18.250308990
0.999401689 0.000482875 0.034583930 0.995115280 -0.000361078 0.999993682 -0.003527955 -2.077721834 -0.034585409 0.003513356 0.999395549 19.550764084
0.999346435 -0.002076712 0.036088463 1.095918655 0.002254305 0.999985576 -0.004881062 -2.217579365 -0.036077801 0.004959226 0.999336660 20.825910568
0.999304831 -0.001821639 0.037235606 1.192753911 0.002068758 0.999976099 -0.006599161 -2.359325409 -0.037222698 0.006671606 0.999284685 22.135149002
0.999254942 -0.001736890 0.038553435 1.274560690 0.002098861 0.999954045 -0.009350314 -2.502601147 -0.038535427 0.009424265 0.999212861 23.422496796
0.999221623 -0.001350102 0.039423451 1.379336357 0.001781191 0.999938965 -0.010901758 -2.642012119 -0.039406322 0.010963492 0.999163151 24.712299347
0.999174953 -0.000729714 0.040606152 1.478202939 0.001195766 0.999933720 -0.011454267 -2.789352179 -0.040595103 0.011493371 0.999109685 25.983068466
0.999164164 -0.002372696 0.040808525 1.581750870 0.002796764 0.999942601 -0.010337709 -2.937675714 -0.040781651 0.010443197 0.999113500 27.269992828
0.999159575 -0.005477280 0.040622957 1.686133623 0.005862775 0.999938905 -0.009376542 -3.082816124 -0.040569108 0.009606824 0.999130487 28.546394348
0.999181211 -0.006854833 0.039876688 1.781922698 0.007250066 0.999925911 -0.009775205 -3.228843927 -0.039806724 0.010056308 0.999156773 29.841650009
0.999201298 -0.008510501 0.039042965 1.888766527 0.008997683 0.999883592 -0.012319412 -3.374884129 -0.038933583 0.012660868 0.999161601 31.107263565
0.999228954 -0.008803277 0.038261119 1.996623039 0.009281711 0.999880672 -0.012344844 -3.525843859 -0.038147878 0.012690455 0.999191523 32.393196106
0.999247611 -0.009448571 0.037614372 2.095173359 0.009943109 0.999866307 -0.012982303 -3.666898727 -0.037486684 0.013346537 0.999208033 33.659797668
0.999262631 -0.009936648 0.037087303 2.193031788 0.010420875 0.999862671 -0.012886048 -3.813908100 -0.036954161 0.013263029 0.999228895 34.933353424
0.999278128 -0.010384046 0.036541924 2.288057804 0.010874659 0.999852955 -0.013252993 -3.960326433 -0.036398936 0.013640805 0.999244273 36.194232941
0.999315083 -0.011029183 0.035321329 2.397641897 0.011512877 0.999842286 -0.013520082 -4.115373135 -0.035166640 0.013917472 0.999284565 37.480903625
0.999320209 -0.010799500 0.035247870 2.493452072 0.011214253 0.999870002 -0.011590281 -4.261331081 -0.035118118 0.011977680 0.999311447 38.733634949
0.999282002 -0.010754555 0.036332931 2.589637518 0.011146401 0.999881685 -0.010599493 -4.400451660 -0.036214646 0.010996863 0.999283552 40.006183624
0.999200046 -0.012529856 0.037977479 2.696175814 0.012867213 0.999879777 -0.008651711 -4.547313690 -0.037864510 0.009133454 0.999241173 41.252674103
0.999092281 -0.013599739 0.040368676 2.796631098 0.014028292 0.999847949 -0.010351709 -4.686466694 -0.040221754 0.010908616 0.999131203 42.520832062
0.998962522 -0.015038955 0.042984959 2.890247107 0.015627610 0.999788225 -0.013391303 -4.835954666 -0.042774465 0.014049163 0.998986006 43.772132874
0.998872340 -0.016046608 0.044681184 3.003771067 0.016704075 0.999757051 -0.014380359 -4.986381531 -0.044439569 0.015110503 0.998897731 45.038688660
0.998755991 -0.016072789 0.047203563 3.128748417 0.016719708 0.999771118 -0.013342094 -5.119639397 -0.046978328 0.014114726 0.998796165 46.270381927
0.998541057 -0.017371362 0.051129948 3.227659941 0.017900672 0.999790728 -0.009912555 -5.275475502 -0.050947055 0.010813353 0.998642802 47.543151855
0.998272240 -0.020401923 0.055102751 3.344207525 0.020868482 0.999751031 -0.007905003 -5.414281368 -0.054927751 0.009041255 0.998449326 48.765827179
0.998046637 -0.022385959 0.058324885 3.480689526 0.022909425 0.999702930 -0.008321865 -5.554064274 -0.058121264 0.009641797 0.998262942 50.026702881
0.997767091 -0.025844496 0.061585605 3.620471954 0.026638130 0.999571919 -0.012100670 -5.689130783 -0.061246503 0.013714178 0.998028398 51.256153107
0.997482955 -0.027073437 0.065534584 3.752338886 0.027928334 0.999535918 -0.012164071 -5.825497150 -0.065174848 0.013963724 0.997776151 52.493103027
0.997142375 -0.029546637 0.069526531 3.885296106 0.030285001 0.999495327 -0.009589639 -5.967916489 -0.069208100 0.011667847 0.997534037 53.713703156
0.996856332 -0.032107770 0.072433561 4.040727139 0.032647576 0.999447227 -0.006280502 -6.099584103 -0.072191872 0.008625539 0.997353494 54.906799316
0.996583402 -0.034797192 0.074904703 4.172494411 0.035251699 0.999367177 -0.004753891 -6.234855175 -0.074691869 0.007378167 0.997179329 56.159530640
0.996406734 -0.037849784 0.075770147 4.330415726 0.038082909 0.999273300 -0.001633791 -6.359217644 -0.075653240 0.004513469 0.997123957 57.363513947
0.996214330 -0.040494476 0.076922812 4.464245796 0.040617287 0.999174774 -0.000032007 -6.489796638 -0.076858014 0.003156281 0.997037053 58.586410522
0.996170700 -0.042434584 0.076441824 4.613669395 0.042812444 0.999077618 -0.003310421 -6.613320827 -0.076230839 0.006570406 0.997068465 59.780967712
0.996182919 -0.043692749 0.075568341 4.763295174 0.044384360 0.998986423 -0.007496323 -6.745899200 -0.075164214 0.010821763 0.997112453 60.989940643
0.996194720 -0.045043845 0.074612819 4.902293682 0.046020493 0.998875201 -0.011421626 -6.875203133 -0.074014425 0.014811883 0.997147202 62.169525146
0.996231794 -0.047398172 0.072632596 5.055311680 0.048496414 0.998733044 -0.013431364 -7.017705441 -0.071903929 0.016903173 0.997268319 63.391639709
0.996368527 -0.047220334 0.070851557 5.189332962 0.048295338 0.998741388 -0.013536113 -7.150540829 -0.070123196 0.016908757 0.997395039 64.568901062
0.996607542 -0.046612881 0.067827128 5.325201988 0.047591250 0.998783767 -0.012879871 -7.294541359 -0.067144267 0.016064158 0.997613966 65.788017273
0.996844709 -0.045942962 0.064728744 5.448411942 0.046742518 0.998847544 -0.010891908 -7.425962448 -0.064153746 0.013883126 0.997843504 66.963516235
0.997266471 -0.042230163 0.060632080 5.573886395 0.042745963 0.999059796 -0.007234781 -7.558849812 -0.060269542 0.009806781 0.998133898 68.162361145
0.997560620 -0.039957013 0.057238534 5.691393852 0.040320314 0.999173343 -0.005205992 -7.683311939 -0.056983192 0.007501168 0.998346925 69.345046997
0.997757673 -0.039164767 0.054274652 5.798467636 0.039653137 0.999181926 -0.007950380 -7.821204185 -0.053918872 0.010084713 0.998494446 70.513534546
0.997914433 -0.039706033 0.050893690 5.912181854 0.040520638 0.999064982 -0.015075048 -7.955331326 -0.050247539 0.017105855 0.998590231 71.708877563
0.997922122 -0.043611858 0.047428355 6.019811153 0.044503480 0.998848617 -0.017908286 -8.091434479 -0.046592742 0.019981803 0.998714089 72.879539490
0.997955918 -0.047446672 0.042809620 6.133841515 0.048055045 0.998756170 -0.013295427 -8.227235794 -0.042125545 0.015325472 0.998994768 74.051971436
0.997933686 -0.051230524 0.038778067 6.233509064 0.051583890 0.998635232 -0.008166768 -8.355879784 -0.038306750 0.010150217 0.999214470 75.213233948
0.997988820 -0.053396098 0.034167681 6.331750870 0.053616963 0.998546004 -0.005580243 -8.481196404 -0.033820033 0.007400988 0.999400496 76.403793335
0.998159409 -0.052743990 0.029933672 6.422686577 0.052860819 0.998597085 -0.003124548 -8.606137276 -0.029726876 0.004701116 0.999547005 77.563850403
0.998299241 -0.052193496 0.025969850 6.513221741 0.052292634 0.998626888 -0.003152835 -8.721450806 -0.025769640 0.004505506 0.999657750 78.718574524
0.998416185 -0.051120020 0.023492331 6.575957298 0.051247843 0.998674095 -0.004871386 -8.856641769 -0.023212153 0.006067602 0.999712110 79.900779724
0.998604536 -0.048780110 0.020239050 6.650319576 0.048992801 0.998747647 -0.010149343 -8.982310295 -0.019718608 0.011126746 0.999743700 81.045127869
0.998518229 -0.051902622 0.016359095 6.734386444 0.052147187 0.998528302 -0.014895132 -9.121408463 -0.015561922 0.015726140 0.999755204 82.210350037
0.998342276 -0.055814922 0.014056363 6.793856621 0.056032147 0.998307705 -0.015564769 -9.251552582 -0.013163825 0.016326571 0.999780059 83.335159302
0.998379946 -0.055991236 0.010120467 6.864814281 0.056114908 0.998347521 -0.012379753 -9.383586884 -0.009410588 0.012927606 0.999872148 84.496459961
0.998372257 -0.056527853 0.007575464 6.924386978 0.056601390 0.998348057 -0.009871727 -9.510354996 -0.007004923 0.010284441 0.999922574 85.629341125
0.998517811 -0.053987838 0.006883955 6.975962639 0.054064158 0.998472035 -0.011429647 -9.639433861 -0.006256375 0.011784881 0.999911010 86.769737244
0.998729169 -0.050030641 0.006080415 7.030378819 0.050116483 0.998632193 -0.014897986 -9.767486572 -0.005326742 0.015183781 0.999870539 87.898490906
0.998789966 -0.048943732 0.004791591 7.083770752 0.049019553 0.998648822 -0.017250253 -9.899181366 -0.003940825 0.017464262 0.999839664 89.016609192
0.998753309 -0.049762398 0.003938754 7.139200211 0.049824934 0.998599291 -0.017802490 -10.033023834 -0.003047343 0.017976543 0.999833703 90.131935120
0.998699963 -0.050881356 0.003082850 7.185300827 0.050923586 0.998579621 -0.015668007 -10.164880753 -0.002281262 0.015804626 0.999872506 91.248153687
0.998605192 -0.052764472 0.001931961 7.244307041 0.052784957 0.998523653 -0.012814357 -10.291397095 -0.001252966 0.012898460 0.999916077 92.357498169
0.998611867 -0.052629571 0.002130564 7.292538643 0.052651603 0.998539448 -0.012115459 -10.418706894 -0.001489821 0.012210816 0.999924362 93.495407104
0.998605549 -0.052753776 0.002004158 7.335452080 0.052777190 0.998503029 -0.014360175 -10.551830292 -0.001243605 0.014445926 0.999894798 94.635398865
0.998603940 -0.052799445 0.001575925 7.391501427 0.052819207 0.998443782 -0.017889347 -10.680121422 -0.000628925 0.017947612 0.999838650 95.735488892
0.998551130 -0.053801745 0.000940984 7.448913574 0.053809900 0.998370230 -0.019008778 -10.812051773 0.000083255 0.019031875 0.999818861 96.840248108
0.998543978 -0.053923730 0.001483670 7.496738434 0.053941697 0.998382390 -0.017975280 -10.943664551 -0.000511976 0.018029144 0.999837339 97.916320801
0.998561919 -0.053572107 0.002014019 7.547539711 0.053593095 0.998485208 -0.012445973 -11.064026833 -0.001344211 0.012536013 0.999920487 99.005805969
0.998656988 -0.051707923 0.003250624 7.599668503 0.051735695 0.998619080 -0.009133001 -11.187721252 -0.002773886 0.009288906 0.999953032 100.085388184
0.998726130 -0.050173555 0.005375130 7.653524876 0.050222833 0.998693228 -0.009462653 -11.299727440 -0.004893331 0.009720551 0.999940813 101.137580872
0.998808503 -0.048279736 0.007117823 7.708163261 0.048355207 0.998771369 -0.010841371 -11.427946091 -0.006585659 0.011172637 0.999915898 102.186058044
0.998777390 -0.048538681 0.009364311 7.765712261 0.048661627 0.998725712 -0.013381439 -11.544932365 -0.008702859 0.013820762 0.999866605 103.201347351
0.998684704 -0.049990147 0.011393652 7.824253082 0.050147410 0.998644233 -0.013962680 -11.661786079 -0.010680209 0.014515677 0.999837637 104.216140747
0.998595417 -0.051336233 0.013106248 7.891287327 0.051506620 0.998587906 -0.013011857 -11.792425156 -0.012419762 0.013668639 0.999829412 105.215332031
0.998582542 -0.051179409 0.014613866 7.955235481 0.051349994 0.998613954 -0.011546275 -11.906286240 -0.014002679 0.012280330 0.999826550 106.173027039
0.998505116 -0.052234989 0.016095920 8.015486717 0.052401830 0.998574734 -0.010123773 -12.014600754 -0.015544166 0.010952096 0.999819219 107.129478455
0.998422027 -0.053175930 0.018050173 8.073555946 0.053369626 0.998520315 -0.010424285 -12.121817589 -0.017469147 0.011371166 0.999782741 108.046325684
0.998414636 -0.052674748 0.019836729 8.135641098 0.052854195 0.998564899 -0.008633054 -12.222345352 -0.019353516 0.009667820 0.999765933 108.951988220
0.998413146 -0.051916301 0.021819016 8.193599701 0.052066077 0.998623490 -0.006352933 -12.320937157 -0.021459162 0.007478883 0.999741673 109.822219849
0.998386979 -0.051985007 0.022822298 8.257609367 0.052070886 0.998638332 -0.003184323 -12.423259735 -0.022625683 0.004367564 0.999734402 110.678840637
0.998339891 -0.052041247 0.024682246 8.316127777 0.052130572 0.998635828 -0.002988847 -12.515147209 -0.024493031 0.004270584 0.999690831 111.504776001
0.998362660 -0.051138964 0.025632469 8.370709419 0.051215965 0.998684943 -0.002355953 -12.604675293 -0.025478277 0.003664887 0.999668658 112.320251465
0.998463809 -0.048849225 0.026147295 8.423116684 0.048916694 0.998800874 -0.001946580 -12.685576439 -0.026020853 0.003222628 0.999656200 113.100769043
0.998598039 -0.046332248 0.025598893 8.470209122 0.046320081 0.998926044 0.001068446 -12.762148857 -0.025620902 0.000118794 0.999671757 113.856208801
0.998674154 -0.046358600 0.022378735 8.519386292 0.046322238 0.998924255 0.002140782 -12.848093987 -0.022453908 -0.001101311 0.999747276 114.611701965
0.998794138 -0.046416752 0.015988892 8.555328369 0.046385728 0.998920977 0.002305632 -12.922198296 -0.016078658 -0.001561196 0.999869585 115.309387207
0.998991728 -0.044530805 0.005701412 8.582893372 0.044525616 0.999007642 0.001033517 -12.996050835 -0.005741771 -0.000778616 0.999983251 115.979446411
0.999087632 -0.041965872 -0.007933414 8.581478119 0.041953824 0.999118149 -0.001679734 -13.065224648 0.007996907 0.001345364 0.999967158 116.614540100
0.998826146 -0.040319454 -0.026845502 8.579816818 0.040218543 0.999181688 -0.004288757 -13.135480881 0.026996456 0.003204036 0.999630332 117.239181519
0.998042762 -0.038667966 -0.049147449 8.546066284 0.038386140 0.999240756 -0.006665590 -13.204105377 0.049367875 0.004765963 0.998769343 117.826644897
0.996343672 -0.037199918 -0.076911703 8.506685257 0.036649615 0.999291480 -0.008554647 -13.271392822 0.077175438 0.005704585 0.997001171 118.395484924
0.993435085 -0.034937400 -0.108931743 8.435919762 0.033998761 0.999367118 -0.010462718 -13.340064049 0.109228343 0.006690487 0.993994176 118.936965942
0.989027500 -0.030499250 -0.144548833 8.331399918 0.029091187 0.999506533 -0.011845239 -13.408096313 0.144838780 0.007510170 0.989426732 119.484535217
0.982758284 -0.024383934 -0.183280051 8.219284058 0.022656629 0.999676943 -0.011512775 -13.465113640 0.183501601 0.007161766 0.982993305 120.012924194
0.974273384 -0.019186368 -0.224550903 8.069799423 0.017451720 0.999800503 -0.009707366 -13.520490646 0.224692360 0.005538830 0.974413991 120.517074585
0.962916791 -0.014399137 -0.269414008 7.905155182 0.012737065 0.999887526 -0.007916374 -13.582584381 0.269497693 0.004191264 0.962991893 121.002014160
0.948497832 -0.008500444 -0.316669613 7.714336395 0.006036258 0.999943435 -0.008761762 -13.636529922 0.316726178 0.006399009 0.948495448 121.483047485
0.931238174 -0.000710194 -0.364410520 7.482498169 -0.002985144 0.999949753 -0.009577217 -13.689774513 0.364398986 0.010006488 0.931189120 121.946296692
0.910206556 0.003647763 -0.414138436 7.234127045 -0.008812714 0.999905348 -0.010561622 -13.741831779 0.414060771 0.013262942 0.910152555 122.376884460
0.885087192 0.008451348 -0.465348482 6.960540771 -0.014345894 0.999855459 -0.009127008 -13.801109314 0.465204179 0.014754039 0.885080397 122.799819946
0.856076717 0.011669087 -0.516717136 6.676055908 -0.019042661 0.999778450 -0.008971009 -13.846010208 0.516497970 0.017519541 0.856109142 123.195953369
0.824374557 0.021319063 -0.565643013 6.350059509 -0.029706052 0.999542892 -0.005621202 -13.895222664 0.565264702 0.021436997 0.824630976 123.570404053
0.790212035 0.034197994 -0.611878633 6.004055023 -0.042683281 0.999088466 0.000715788 -13.939104080 0.611345291 0.025551364 0.790951312 123.931518555
0.754522979 0.043089543 -0.654857695 5.652782440 -0.054093983 0.998530090 0.003376399 -13.975953102 0.654040575 0.032876290 0.755744755 124.230178833
0.714766562 0.047315933 -0.697760642 5.284347534 -0.061630007 0.998088658 0.004549459 -14.029645920 0.696642280 0.039751191 0.716316462 124.532791138
0.672193766 0.048851334 -0.738762021 4.908496857 -0.064068809 0.997915924 0.007692412 -14.074187279 0.737597942 0.042160809 0.673922718 124.816909790
0.627787590 0.052339274 -0.776623070 4.507041931 -0.067451708 0.997641683 0.012709493 -14.108141899 0.775456667 0.044405688 0.629837453 125.089904785
0.582731485 0.061439268 -0.810339034 4.079639435 -0.078819811 0.996709883 0.018888813 -14.144819260 0.808833361 0.052863665 0.585656881 125.317703247
0.537693441 0.070081465 -0.840222776 3.620849609 -0.090602934 0.995571792 0.025058268 -14.166571617 0.838258207 0.062652983 0.541662037 125.531311035
0.490913808 0.075225942 -0.867954373 3.172924042 -0.096514605 0.994828761 0.031633679 -14.190542221 0.865845561 0.068240859 0.495635569 125.722900391
0.443407327 0.076644510 -0.893037319 2.710937500 -0.095777109 0.994684398 0.037813440 -14.217907906 0.891188264 0.068765782 0.448391080 125.905044556
0.395943433 0.078375176 -0.914924085 2.234546661 -0.093436606 0.994618356 0.044766299 -14.241052628 0.913508832 0.067762487 0.401135623 126.081535339
0.350894660 0.081089593 -0.932897329 1.742885590 -0.095105097 0.994178116 0.050643984 -14.262626648 0.931572855 0.070952587 0.356563836 126.216598511
0.307335973 0.084565304 -0.947836101 1.243736267 -0.100794792 0.993333220 0.055941802 -14.283381462 0.946247756 0.078344002 0.313810825 126.332321167
0.265677929 0.085953772 -0.960222423 0.722930908 -0.105455987 0.992631733 0.059676897 -14.300248146 0.958276749 0.085406363 0.272784680 126.435760498
0.226111054 0.082048833 -0.970639884 0.195198059 -0.105312042 0.992664933 0.059378128 -14.315243721 0.968392134 0.088794015 0.233093202 126.540939331
0.191300526 0.077360809 -0.978478134 -0.333745956 -0.100498594 0.993193626 0.058875963 -14.339390755 0.976372957 0.087072670 0.197773099 126.626953125
0.161025524 0.072125301 -0.984311283 -0.881635666 -0.097776003 0.993585646 0.056809504 -14.359704971 0.982095122 0.087094225 0.167044759 126.705741882
0.134440273 0.070562623 -0.988406062 -1.449295044 -0.099089213 0.993419111 0.057442673 -14.379795074 0.985955000 0.090217762 0.140547499 126.773307800
0.112438060 0.069795147 -0.991204500 -2.036688805 -0.099155404 0.993339241 0.058697701 -14.393134117 0.988699079 0.091683418 0.118609674 126.832710266
0.094283976 0.071193799 -0.992996514 -2.627449036 -0.101751871 0.992905438 0.061526034 -14.408067703 0.990331769 0.095238335 0.100859165 126.882324219
0.077752464 0.069618359 -0.994539022 -3.239401817 -0.102570564 0.992824018 0.061479401 -14.434989929 0.991682351 0.097230256 0.084335320 126.940429688
0.063624568 0.068412550 -0.995626330 -3.859104156 -0.101491451 0.992918611 0.061740797 -14.464156151 0.992799819 0.097119316 0.070117310 126.992828369
0.051191010 0.066096753 -0.996499300 -4.498765469 -0.097265765 0.993393838 0.060894161 -14.488005638 0.993941128 0.093808033 0.057281788 127.037162781
0.039959509 0.063437060 -0.997185588 -5.148185730 -0.095185429 0.993685842 0.059400119 -14.504456520 0.994657218 0.092543945 0.045745473 127.066017151
0.028823663 0.062465325 -0.997630835 -5.817432404 -0.094185419 0.993774891 0.059502669 -14.526462555 0.995137334 0.092247188 0.034527563 127.107398987
0.019153006 0.063977219 -0.997767627 -6.488658905 -0.097552218 0.993308604 0.061818719 -14.548976898 0.995046079 0.096150406 0.025265969 127.129241943
0.010865374 0.063863054 -0.997899532 -7.166414738 -0.100405097 0.992984474 0.062455267 -14.577710152 0.994887292 0.099515595 0.017201329 127.144348145
0.004125704 0.063350156 -0.997982860 -7.857975960 -0.102632403 0.992748022 0.062593579 -14.599822044 0.994710803 0.102167137 0.010597563 127.163276672
-0.000874343 0.064124472 -0.997941494 -8.556663513 -0.103506655 0.992575884 0.063870393 -14.617153168 0.994628310 0.103349425 0.005769459 127.177635193
-0.004619698 0.066661596 -0.997765005 -9.275291443 -0.105533078 0.992171168 0.066776514 -14.638304710 0.994405091 0.105605692 0.002451474 127.202728271
-0.005267033 0.070681393 -0.997484982 -10.013445854 -0.108050361 0.991618574 0.070836246 -14.664317131 0.994131446 0.108151712 0.002414261 127.202239990
-0.006420989 0.073936395 -0.997242272 -10.724303246 -0.110604994 0.991091311 0.074192509 -14.681162834 0.993843734 0.110776335 0.001813949 127.217437744
-0.007198734 0.079371542 -0.996819079 -11.461781502 -0.115226693 0.990138948 0.079671770 -14.688222885 0.993313134 0.115433693 0.002017973 127.227821350
-0.008195042 0.083299890 -0.996490836 -12.204723358 -0.118446499 0.989427805 0.083683565 -14.702466965 0.992926598 0.118716635 0.001758177 127.234054565
-0.009665523 0.084264770 -0.996396422 -12.951435089 -0.118220471 0.989358485 0.084816329 -14.725517273 0.992940366 0.118614249 0.000399153 127.252723694
-0.010949267 0.080224343 -0.996716619 -13.724620819 -0.116193287 0.989921927 0.080953874 -14.735431671 0.993166268 0.116698183 -0.001517390 127.272209167
-0.013044462 0.077031992 -0.996943176 -14.474225998 -0.120035484 0.989697337 0.078042716 -14.744584084 0.992683947 0.120686606 -0.003663496 127.288879395
-0.013849406 0.078570999 -0.996812224 -15.250200272 -0.124941044 0.988958776 0.079687871 -14.753961563 0.992067456 0.125646397 -0.003879751 127.284057617
-0.015254757 0.081518844 -0.996555030 -16.024705887 -0.122033186 0.989068329 0.082774460 -14.765970230 0.992408752 0.122875497 -0.005139993 127.302047729
-0.017750986 0.081598669 -0.996507168 -16.797561646 -0.120807365 0.989187241 0.083151244 -14.783053398 0.992517233 0.121861428 -0.007701331 127.321350098
-0.018087585 0.080853432 -0.996561825 -17.586486816 -0.123970628 0.988852143 0.082478002 -14.793243408 0.992121100 0.125036225 -0.007862495 127.316627502
-0.019263932 0.080602847 -0.996560097 -18.382085800 -0.128322631 0.988302052 0.082415462 -14.809236526 0.991545379 0.129468858 -0.008695415 127.329833984
-0.020757627 0.084959060 -0.996168137 -19.178482056 -0.130138218 0.987676144 0.086946562 -14.816625595 0.991278470 0.131444350 -0.009445399 127.340827942
-0.021425413 0.089856714 -0.995724201 -19.982196808 -0.129384086 0.987328351 0.091883063 -14.830816269 0.991363049 0.130799502 -0.009527891 127.355606079
-0.020355066 0.092092499 -0.995542347 -20.809425354 -0.129963219 0.987056315 0.093964741 -14.840112686 0.991309822 0.131296530 -0.008122958 127.367301941
-0.018343575 0.091222100 -0.995661616 -21.627471924 -0.129367813 0.987241507 0.092834055 -14.849742889 0.991427004 0.130509451 -0.006308339 127.376502991
-0.017195091 0.091074869 -0.995695591 -22.458166122 -0.129325360 0.987274826 0.092537999 -14.853702545 0.991453230 0.130359873 -0.005197995 127.387252808
-0.017283425 0.090120904 -0.995780826 -23.289020538 -0.127669305 0.987578332 0.091594473 -14.859833717 0.991666317 0.128713727 -0.005563065 127.412132263
-0.016175073 0.092169732 -0.995611846 -24.126886368 -0.128549039 0.987286747 0.093487494 -14.867071152 0.991571188 0.129497096 -0.004121099 127.427940369
-0.015863409 0.094318323 -0.995415747 -24.964908600 -0.130199060 0.986869812 0.095583506 -14.870863914 0.991360903 0.131118491 -0.003374964 127.446250916
-0.015909806 0.096705906 -0.995185792 -25.836774826 -0.133353397 0.986214697 0.097966060 -14.872388840 0.990940869 0.134270012 -0.002794421 127.460968018
-0.014270526 0.097751617 -0.995108426 -26.699863434 -0.135547221 0.985834002 0.098784402 -14.869814873 0.990668178 0.136293903 -0.000818407 127.473030090
-0.012638919 0.100878939 -0.994818389 -27.568460464 -0.142299458 0.984590411 0.101649642 -14.870702744 0.989742935 0.142846867 0.001910862 127.489601135
-0.010094275 0.104693472 -0.994453311 -28.448728561 -0.146933690 0.983553469 0.105037451 -14.866182327 0.989094794 0.147178993 0.005454743 127.502227783
-0.008025612 0.106545575 -0.994275391 -29.323572159 -0.149414733 0.983017445 0.106545232 -14.861854553 0.988742113 0.149414465 0.008030163 127.533065796
-0.004084195 0.107486121 -0.994198322 -30.222908020 -0.148585424 0.983104885 0.106897213 -14.864480019 0.988891065 0.148159951 0.011955680 127.553878784
-0.001399500 0.107327200 -0.994222701 -31.114297867 -0.151057839 0.982792199 0.106305890 -14.857942581 0.988523901 0.150333926 0.014837196 127.582923889
0.001010910 0.111050732 -0.993814290 -32.016403198 -0.151536047 0.982354879 0.109616123 -14.850471497 0.988451242 0.150487900 0.017821267 127.614402771
0.003238610 0.113228515 -0.993563712 -32.927837372 -0.150666669 0.982282043 0.111451708 -14.848949432 0.988579273 0.149335995 0.020240992 127.659072876
0.004964000 0.114463031 -0.993415117 -33.821014404 -0.151239663 0.982085705 0.112401910 -14.845689774 0.988484740 0.149685800 0.022186423 127.701210022
0.007442308 0.112617508 -0.993610561 -34.723953247 -0.152583480 0.982130349 0.110173456 -14.839684486 0.988262653 0.150788605 0.024492884 127.732963562
0.007706175 0.113835618 -0.993469656 -35.627288818 -0.156495303 0.981394589 0.111238085 -14.832462311 0.987648666 0.154616117 0.025377540 127.775421143
0.008724316 0.114496589 -0.993385315 -36.520187378 -0.157364056 0.981201947 0.111710310 -14.828729630 0.987502098 0.155348524 0.026577966 127.813125610
0.009013424 0.110967018 -0.993783295 -37.417304993 -0.157605037 0.981559634 0.108172685 -14.826875687 0.987461090 0.155650228 0.026336178 127.849060059
0.010001793 0.106785655 -0.994231701 -38.327957153 -0.158746198 0.981841743 0.103857949 -14.827028275 0.987268746 0.156791732 0.026771996 127.893203735
0.010490293 0.105863072 -0.994325280 -39.225765228 -0.158277303 0.982020020 0.102883108 -14.820657730 0.987338901 0.156299829 0.027057396 127.934623718
0.010377624 0.110105537 -0.993865788 -40.130214691 -0.160760656 0.981174052 0.107020885 -14.818655014 0.986938775 0.158663869 0.027882895 127.975051880
0.010507390 0.116395228 -0.993147373 -41.063365936 -0.161083579 0.980427325 0.113200210 -14.809034348 0.986884832 0.158790290 0.029051092 128.016708374
0.010803229 0.115194604 -0.993284166 -41.957523346 -0.158941120 0.980911195 0.112030983 -14.810400009 0.987228990 0.156663388 0.028906165 128.061248779
0.011583679 0.104689471 -0.994437397 -42.848201752 -0.158152953 0.982178092 0.101556629 -14.815170288 0.987346649 0.156096831 0.027934182 128.105377197
0.011838939 0.094153523 -0.995487273 -43.770099640 -0.159867898 0.982928991 0.091064505 -14.820764542 0.987067401 0.158068344 0.026688963 128.147232056
0.010842781 0.091123633 -0.995780528 -44.672145844 -0.156802922 0.983673990 0.088308379 -14.829570770 0.987570405 0.155183792 0.024954215 128.192184448
0.010679008 0.101310477 -0.994797468 -45.591609955 -0.149379522 0.983852267 0.098592237 -14.834493637 0.988722205 0.147549510 0.025640273 128.242477417
0.010622528 0.114323594 -0.993386686 -46.542129517 -0.144446164 0.983198524 0.111606479 -14.829440117 0.989455640 0.142305359 0.026957661 128.303909302
0.010703729 0.123611987 -0.992272973 -47.465023041 -0.144610509 0.982089162 0.120783441 -14.822624207 0.989430785 0.142200246 0.028387615 128.349395752
0.010655628 0.117752381 -0.992985785 -48.380424500 -0.144779816 0.982759953 0.114986129 -14.819065094 0.989406586 0.142539054 0.027520090 128.390472412
0.010781329 0.104157180 -0.994502366 -49.315010071 -0.144548252 0.984276235 0.101519130 -14.818468094 0.989438951 0.142659098 0.025667544 128.431747437
0.011350649 0.095321685 -0.995381832 -50.230869293 -0.144892141 0.985096812 0.092684507 -14.818494797 0.989382386 0.143170998 0.024992853 128.476089478
0.011746969 0.095350929 -0.995374441 -51.164539337 -0.143778399 0.985260010 0.092685215 -14.826008797 0.989540160 0.142024606 0.025283227 128.520919800
0.011440438 0.096488498 -0.995268285 -52.120464325 -0.147125021 0.984663308 0.093769170 -14.838356018 0.989051700 0.145356148 0.025460854 128.556732178
0.011967389 0.096025378 -0.995306909 -53.047794342 -0.151724681 0.984027267 0.093112811 -14.842399597 0.988350332 0.149898320 0.026345659 128.591232300
0.012409594 0.095556468 -0.995346665 -53.988483429 -0.153430372 0.983817160 0.092536680 -14.847578049 0.988081515 0.151568070 0.026870035 128.633605957
0.012997891 0.102984399 -0.994598031 -54.942089081 -0.162019104 0.981754720 0.099537201 -14.848072052 0.986702025 0.159850121 0.029446179 128.676239014
0.015210778 0.112496018 -0.993535876 -55.885585785 -0.168581992 0.979714453 0.108350128 -14.838518143 0.985570252 0.165844142 0.033867024 128.704666138
0.016609969 0.120631024 -0.992558539 -56.830753326 -0.168897465 0.978768468 0.116128646 -14.830701828 0.985493600 0.165711731 0.036631588 128.749374390
0.017366959 0.121569373 -0.992431104 -57.772220612 -0.170452848 0.978410602 0.116869114 -14.826066017 0.985212743 0.167133003 0.037713867 128.795852661
0.018811602 0.111889414 -0.993542671 -58.710239410 -0.172143042 0.979241431 0.107019514 -14.820348740 0.984892249 0.169018254 0.037682075 128.848007202
0.019514119 0.106737256 -0.994095683 -59.684600830 -0.170004740 0.980160117 0.101903781 -14.825288773 0.985249996 0.167012408 0.037272807 128.918121338
0.021710701 0.105119973 -0.994222522 -60.637416840 -0.168937460 0.980542362 0.099984497 -14.822082520 0.985387623 0.165790692 0.039046966 128.971649170
0.025232615 0.110982835 -0.993502021 -61.597766876 -0.169937342 0.979830086 0.105139561 -14.817545891 0.985131800 0.166180104 0.043583803 129.026672363
0.028863717 0.113333635 -0.993137658 -62.580081940 -0.172760651 0.979165435 0.106718197 -14.827320099 0.984540701 0.168494835 0.047841951 129.076675415
0.032524660 0.108366720 -0.993578792 -63.529624939 -0.172569692 0.979783595 0.101213060 -14.828636169 0.984460175 0.168169707 0.050567929 129.149002075
0.035906371 0.102600105 -0.994074404 -64.480506897 -0.172484055 0.980424285 0.094961055 -14.835079193 0.984357595 0.168052286 0.052900355 129.214416504
0.039298169 0.102639854 -0.993942022 -65.447364807 -0.169870064 0.980917454 0.094578601 -14.840835571 0.984682620 0.165124208 0.055983692 129.285354614
0.042275194 0.106592998 -0.993403554 -66.411537170 -0.167650014 0.980951369 0.098122343 -14.845634460 0.984939814 0.162395999 0.059340216 129.358367920
0.045079559 0.113459915 -0.992519319 -67.383903503 -0.167060941 0.980394423 0.104486063 -14.853286743 0.984915435 0.161101043 0.063150465 129.449707031
0.048236705 0.117130987 -0.991944313 -68.338806152 -0.164779067 0.980426490 0.107757993 -14.853840828 0.985150218 0.158253819 0.066593289 129.529678345
0.050275974 0.118850850 -0.991638482 -69.303459167 -0.164300397 0.980350852 0.109167986 -14.855713844 0.985128164 0.157438055 0.068815328 129.613418579
0.052254636 0.116361052 -0.991831422 -70.261161804 -0.162538677 0.980935752 0.106519416 -14.854558945 0.985317469 0.155644819 0.070171602 129.695846558
0.052157462 0.114651598 -0.992035687 -71.217620850 -0.160038725 0.981508076 0.105020694 -14.859875679 0.985731840 0.153286517 0.069541663 129.791625977
0.052376848 0.110950828 -0.992444813 -72.158851624 -0.156969294 0.982369602 0.101540335 -14.868722916 0.986213624 0.150464997 0.068869300 129.884323120
0.052813124 0.111006282 -0.992415428 -73.128791809 -0.156085700 0.982505143 0.101591393 -14.866116524 0.986330628 0.149536476 0.069215655 129.959960938
0.051510386 0.115386941 -0.991984129 -74.079223633 -0.152649194 0.982540190 0.106361881 -14.867480278 0.986937165 0.145946801 0.068224750 130.062240601
0.051098470 0.116947606 -0.991822660 -75.045234680 -0.146770328 0.983216226 0.108371235 -14.870113373 0.987849891 0.140032500 0.067405298 130.154144287
0.050166331 0.113047123 -0.992322326 -75.994758606 -0.143761754 0.984043658 0.104836203 -14.866809845 0.988340020 0.137398764 0.065617718 130.239166260
0.048840549 0.109714478 -0.992762506 -76.943786621 -0.145423159 0.984138310 0.101607062 -14.872123718 0.988163412 0.139408126 0.064020872 130.319793701
0.047845360 0.105412096 -0.993276954 -77.925498962 -0.141719177 0.985072315 0.097714871 -14.867252350 0.988749981 0.136091188 0.062070057 130.389450073
0.046673227 0.106874906 -0.993176401 -78.868949890 -0.142377958 0.984820247 0.099284828 -14.876065254 0.988711476 0.136772454 0.061181378 130.456283569
0.045346398 0.108184911 -0.993095934 -79.816955566 -0.142768130 0.984615743 0.100742079 -14.878100395 0.988716841 0.137214154 0.060094144 130.538238525
0.044640232 0.109472208 -0.992986977 -80.785789490 -0.145448864 0.984098613 0.101953574 -14.887825966 0.988358200 0.139877588 0.059852999 130.600234985
0.043385040 0.109290145 -0.993062556 -81.738021851 -0.145221546 0.984131217 0.101962760 -14.879648209 0.988447487 0.139790460 0.058567863 130.672470093
0.041342493 0.110174149 -0.993052006 -82.692153931 -0.145434752 0.983979821 0.103112921 -14.883484840 0.988503635 0.140161321 0.056703329 130.741592407
0.039475162 0.113285720 -0.992777944 -83.637329102 -0.145365804 0.983633280 0.106462158 -14.884983063 0.988590121 0.140113354 0.055296954 130.813674927
0.037489418 0.116556942 -0.992476165 -84.599121094 -0.146547690 0.983077705 0.109917551 -14.875082016 0.988492906 0.141324371 0.053936169 130.871063232
0.035140626 0.121185027 -0.992007792 -85.547294617 -0.147575855 0.982367992 0.114779763 -14.863154411 0.988426328 0.142362922 0.052405015 130.938415527
0.033311553 0.121172167 -0.992072344 -86.495544434 -0.147779107 0.982309580 0.115017660 -14.860960960 0.988459229 0.142776132 0.050628975 131.000427246
0.031717736 0.115516610 -0.992799044 -87.437675476 -0.147481441 0.982966781 0.109660886 -14.854846001 0.988556147 0.142941222 0.048214037 131.066665649
0.029640660 0.111311130 -0.993343413 -88.376518250 -0.152371839 0.982668877 0.105568305 -14.849346161 0.987878680 0.148228437 0.046087638 131.126052856
0.029543605 0.108575463 -0.993649125 -89.350883484 -0.150622219 0.983215511 0.102957018 -14.839311600 0.988149822 0.146623939 0.045401607 131.170501709
0.028629445 0.109602123 -0.993563175 -90.301940918 -0.146521479 0.983694434 0.104291491 -14.844431877 0.988793135 0.142592534 0.044221692 131.231613159
0.027796824 0.111093074 -0.993421197 -91.251358032 -0.143293127 0.983984292 0.106028281 -14.843584061 0.989289880 0.139403149 0.043270502 131.297958374
0.026673401 0.111191444 -0.993441045 -92.196853638 -0.138393492 0.984635472 0.106490090 -14.846897125 0.990018010 0.134645298 0.041651752 131.363693237
0.025531633 0.108348854 -0.993785083 -93.143142700 -0.134336293 0.985464275 0.103990383 -14.849361420 0.990606785 0.130846366 0.039715696 131.426986694
0.024434565 0.105049774 -0.994166672 -94.117164612 -0.128944352 0.986487925 0.101069182 -14.855175972 0.991350710 0.125722617 0.037649985 131.484985352
0.023550959 0.107377581 -0.993939340 -95.075515747 -0.126975060 0.986484587 0.103563607 -14.857020378 0.991626263 0.123766482 0.036866933 131.539749146
0.022129904 0.110037871 -0.993681014 -96.022407532 -0.126698285 0.986219347 0.106389940 -14.859810829 0.991694450 0.123543240 0.035766553 131.599227905
0.020866701 0.107532278 -0.993982613 -96.982254028 -0.122281782 0.987009287 0.104210801 -14.853083611 0.992276132 0.119371414 0.033744860 131.649444580
0.017655354 0.104934193 -0.994322419 -97.940528870 -0.119831569 0.987531245 0.102089755 -14.857983589 0.992637157 0.117348783 0.030009642 131.711578369
0.014660758 0.102501526 -0.994624794 -98.890419006 -0.118680708 0.987878263 0.100056902 -14.860561371 0.992824256 0.116575845 0.026647996 131.765350342
0.012456013 0.101175763 -0.994790554 -99.850631714 -0.112261496 0.988719404 0.099152647 -14.867563248 0.993600607 0.110441610 0.023673644 131.811172485
0.009631170 0.101339869 -0.994805217 -100.791694641 -0.106483057 0.989298642 0.099748001 -14.863297462 0.994267881 0.104969203 0.020319082 131.865875244
0.007481625 0.109385766 -0.993971229 -101.791397095 -0.096563153 0.989432633 0.108159482 -14.865944862 0.995298743 0.095171772 0.017965196 131.918319702
0.004836520 0.117565103 -0.993053377 -102.750152588 -0.088590227 0.989210784 0.116678700 -14.862693787 0.996056378 0.087410487 0.015199456 131.974090576
0.000885088 0.116718166 -0.993164718 -103.704612732 -0.084343180 0.989634931 0.116228171 -14.854398727 0.996436357 0.083663791 0.010720296 132.028717041
-0.000848134 0.107008524 -0.994257748 -104.661827087 -0.085428230 0.990615547 0.106689416 -14.857693672 0.996343970 0.085028172 0.008301375 132.052825928
-0.002913337 0.097574674 -0.995223939 -105.609115601 -0.087314859 0.991402209 0.097455606 -14.856050491 0.996176541 0.087181747 0.005631429 132.089218140
-0.003257057 0.099190630 -0.995063126 -106.567459106 -0.094631560 0.990572274 0.099052720 -14.859873772 0.995507061 0.094486997 0.006160215 132.109085083
-0.003992776 0.108822107 -0.994053245 -107.537284851 -0.098178752 0.989216030 0.108686902 -14.851205826 0.995160758 0.098028883 0.006734300 132.141082764
-0.005518508 0.120109834 -0.992745340 -108.500343323 -0.102141567 0.987500250 0.120043039 -14.839488983 0.994754553 0.102063015 0.006818679 132.169784546
-0.006986555 0.121797688 -0.992530406 -109.444366455 -0.109096549 0.986537099 0.121830173 -14.828401566 0.994006574 0.109132819 0.006395213 132.200729370
-0.006235784 0.119133025 -0.992858708 -110.433021545 -0.116702795 0.986006618 0.119043812 -14.812968254 0.993147254 0.116611727 0.007754633 132.211975098
-0.006480412 0.114819340 -0.993365288 -111.387641907 -0.124643743 0.985546231 0.114728719 -14.798069954 0.992180467 0.124560244 0.007924768 132.236877441
-0.004163915 0.117063507 -0.993115604 -112.353813171 -0.129403740 0.984710932 0.116615355 -14.780586243 0.991583228 0.128998443 0.011048202 132.259078979
-0.002683096 0.118327715 -0.992971003 -113.333480835 -0.137527093 0.983495593 0.117570177 -14.763243675 0.990494490 0.136875883 0.013634450 132.281845093
-0.002118913 0.121179849 -0.992628396 -114.297950745 -0.146830827 0.981834233 0.120175540 -14.747303009 0.989159286 0.146003097 0.015712516 132.302017212
-0.001748943 0.123703212 -0.992317736 -115.273757935 -0.152583659 0.980666697 0.122519702 -14.727606773 0.988288999 0.151625782 0.017159959 132.327087402
-0.001267745 0.122711278 -0.992441714 -116.241966248 -0.155935615 0.980277777 0.121406496 -14.716489792 0.987766385 0.154910907 0.017892323 132.360092163
0.000010021 0.113392323 -0.993550360 -117.196281433 -0.154956058 0.981549799 0.112021163 -14.719958305 0.987921417 0.153955534 0.017580666 132.395797729
0.001746715 0.101702407 -0.994813263 -118.148681641 -0.158179224 0.982318699 0.100147277 -14.709317207 0.987408876 0.157183915 0.017803038 132.430374146
