1.000000000 0.000000000 0.000000000 0.000000000 0.000000000 1.000000000 0.000000000 0.000000000 0.000000000 0.000000000 1.000000000 0.000000000
0.999997795 -0.001593677 -0.001384001 0.049894121 0.001590702 0.999996424 -0.002147580 -0.132660568 0.001387419 0.002145374 0.999996722 1.297547102
0.999997735 0.000041614 -0.002127684 0.105186686 -0.000054910 0.999980450 -0.006249066 -0.268110543 0.002127382 0.006249169 0.999978185 2.603538036
0.999996305 0.002390120 -0.001292309 0.148864105 -0.002400070 0.999967039 -0.007753891 -0.407268405 0.001273734 0.007756964 0.999969125 3.906604767
0.999983788 0.005693485 0.000258998 0.193204552 -0.005691667 0.999962330 -0.006545759 -0.544886351 -0.000296256 0.006544179 0.999978542 5.219479084
0.999975681 0.006565210 0.002358373 0.243502975 -0.006557907 0.999973714 -0.003091130 -0.691557229 -0.002378606 0.003075589 0.999992430 6.539638042
0.999960601 0.006819086 0.005669281 0.299957216 -0.006808716 0.999975145 -0.001846553 -0.828702211 -0.005681732 0.001807881 0.999982178 7.842389584
0.999944150 0.005338000 0.009120521 0.354525208 -0.005322671 0.999984384 -0.001704183 -0.962967932 -0.009129476 0.001655542 0.999956965 9.147112846
0.999910474 0.004219666 0.012692619 0.426096529 -0.004198247 0.999989688 -0.001713660 -1.098056197 -0.012699720 0.001660220 0.999917984 10.444196701
0.999870121 0.002694648 0.015888104 0.497240305 -0.002661995 0.999994278 -0.002076047 -1.240714073 -0.015893610 0.002033484 0.999871552 11.754098892
0.999811649 0.001516020 0.019346412 0.573183477 -0.001458297 0.999994457 -0.002997375 -1.376082778 -0.019350853 0.002968598 0.999808311 13.048454285
0.999748468 0.001768149 0.022357741 0.649727762 -0.001706559 0.999994636 -0.002773503 -1.526829243 -0.022362523 0.002734650 0.999746203 14.373867035
0.999670923 0.001452237 0.025609881 0.737908721 -0.001354309 0.999991715 -0.003840769 -1.664540410 -0.025615241 0.003804822 0.999664664 15.670431137
0.999578118 0.002480877 0.028935576 0.817960739 -0.002370261 0.999989688 -0.003856533 -1.802318096 -0.028944846 0.003786321 0.999573827 16.979322433
0.999487698 0.001990986 0.031942815 0.909910321 -0.001885492 0.999992609 -0.003332377 -1.941094160 -0.031949218 0.003270442 0.999484122 18.264963150
0.999406755 0.000441425 0.034436963 1.003537416 -0.000337532 0.999995351 -0.003022679 -2.085177898 -0.034438152 0.003009263 0.999402225 19.568122864
0.999353170 -0.001978820 0.035904959 1.100359917 0.002136149 0.999988317 -0.004343973 -2.223928452 -0.035895947 0.004417863 0.999345720 20.847208023
0.999308527 -0.001568893 0.037148051 1.200958610 0.001790216 0.999980867 -0.005925339 -2.368701220 -0.037138045 0.005987744 0.999292195 22.152975082
0.999261320 -0.001417299 0.038401239 1.282330513 0.001749712 0.999961376 -0.008624066 -2.510298729 -0.038387530 0.008684888 0.999225140 23.443431854
0.999223471 -0.000936521 0.039389767 1.389496803 0.001328352 0.999949872 -0.009922551 -2.655936956 -0.039378498 0.009967171 0.999174654 24.730709076
0.999182284 -0.000220578 0.040432744 1.489546776 0.000641128 0.999945819 -0.010388550 -2.804485321 -0.040428262 0.010405976 0.999128282 25.999933243
0.999162674 -0.001773944 0.040875748 1.591584086 0.002164719 0.999952376 -0.009517804 -2.948312283 -0.040856920 0.009598319 0.999118865 27.288169861
0.999153793 -0.004782506 0.040852513 1.695026755 0.005133373 0.999950767 -0.008488066 -3.092063904 -0.040809914 0.008690595 0.999129117 28.565469742
0.999180734 -0.006199242 0.039992683 1.791037321 0.006552633 0.999940515 -0.008711358 -3.241429090 -0.039936304 0.008966279 0.999162018 29.855224609
0.999188364 -0.007679316 0.039542537 1.887438297 0.008135195 0.999902070 -0.011380871 -3.385810614 -0.039451275 0.011693320 0.999153137 31.116403580
0.999225616 -0.007990816 0.038526617 2.004485607 0.008432047 0.999900579 -0.011303747 -3.532121181 -0.038432464 0.011619853 0.999193549 32.400016785
0.999246478 -0.008667673 0.037831783 2.108013153 0.009119067 0.999889135 -0.011775401 -3.674930334 -0.037725519 0.012111521 0.999214709 33.674472809
0.999265671 -0.009342333 0.037157949 2.206588268 0.009787873 0.999882162 -0.011826686 -3.819186687 -0.037043080 0.012181696 0.999239385 34.935665131
0.999274313 -0.009654117 0.036845863 2.298534393 0.010123034 0.999869823 -0.012561148 -3.961385250 -0.036719803 0.012925023 0.999242008 36.195991516
0.999322951 -0.010345187 0.035308100 2.416745901 0.010788231 0.999865174 -0.012380559 -4.117630959 -0.035175256 0.012753089 0.999299705 37.478061676
0.999317408 -0.009979041 0.035568725 2.503796101 0.010358316 0.999891281 -0.010494854 -4.264646053 -0.035460129 0.010856125 0.999312043 38.735729218
0.999292672 -0.010050455 0.036236193 2.615590572 0.010404054 0.999899924 -0.009582886 -4.399527550 -0.036136251 0.009953112 0.999297321 39.993221283
0.999225855 -0.011918081 0.037491344 2.733353138 0.012227786 0.999892890 -0.008042295 -4.545274258 -0.037391480 0.008494504 0.999264598 41.258090973
0.999100983 -0.012838691 0.040403370 2.815288544 0.013207898 0.999873281 -0.008884388 -4.685567379 -0.040284179 0.009410044 0.999143958 42.498462677
0.998974681 -0.014033686 0.043043718 2.908496380 0.014572877 0.999818861 -0.012238432 -4.833079338 -0.042864174 0.012853153 0.998998225 43.745025635
0.998875320 -0.015155673 0.044926409 3.012692451 0.015763406 0.999788582 -0.013204079 -4.975844383 -0.044716794 0.013897422 0.998903036 44.989288330
0.998754323 -0.015433977 0.047451947 3.136438847 0.015999243 0.999805212 -0.011555709 -5.113059044 -0.047264356 0.012300508 0.998806596 46.221828461
0.998556077 -0.016585562 0.051094890 3.249679327 0.017043782 0.999818206 -0.008545402 -5.258223057 -0.050943885 0.009403913 0.998657167 47.472408295
0.998284459 -0.019364828 0.055254206 3.362563133 0.019747661 0.999784529 -0.006391051 -5.397968292 -0.055118538 0.007471227 0.998451829 48.700992584
0.998049796 -0.021637442 0.058552247 3.496640921 0.022078469 0.999732435 -0.006895746 -5.533287048 -0.058387376 0.008175042 0.998260498 49.943161011
0.997788668 -0.024840014 0.061649583 3.641633034 0.025537048 0.999618232 -0.010544218 -5.668503284 -0.061364133 0.012095249 0.998042166 51.174465179
0.997516334 -0.026379295 0.065308347 3.779861927 0.027153440 0.999570787 -0.010994400 -5.793633461 -0.064990290 0.012740439 0.997804582 52.388835907
0.997183084 -0.029115539 0.069124237 3.909155607 0.029755661 0.999523222 -0.008248754 -5.934017658 -0.068851106 0.010282356 0.997574031 53.607975006
0.996888459 -0.031505160 0.072254747 4.061504841 0.031948470 0.999476969 -0.004987526 -6.065389156 -0.072059833 0.007280434 0.997373760 54.797328949
0.996631980 -0.034137312 0.074560799 4.204207897 0.034502905 0.999398053 -0.003620270 -6.188232899 -0.074392326 0.006180641 0.997209907 56.023132324
0.996479571 -0.037030078 0.075213715 4.366064548 0.037196040 0.999307632 -0.000806328 -6.306451321 -0.075131789 0.003601142 0.997167110 57.228168488
0.996281981 -0.039751891 0.076433279 4.497371197 0.039805815 0.999207079 0.000818479 -6.434187889 -0.076405227 0.002227053 0.997074366 58.442840576
0.996247530 -0.041603368 0.075894848 4.644042492 0.041912131 0.999118209 -0.002479339 -6.559957981 -0.075724781 0.005650950 0.997112751 59.639652252
0.996253669 -0.042793397 0.075148724 4.794095039 0.043424677 0.999033630 -0.006785889 -6.685972691 -0.074785709 0.010023776 0.997149229 60.828567505
0.996266663 -0.044310592 0.074089311 4.930957794 0.045234941 0.998917520 -0.010844233 -6.813554764 -0.073528588 0.014155174 0.997192621 62.008872986
0.996270895 -0.046177652 0.072883368 5.067720413 0.047280487 0.998790681 -0.013478653 -6.943710804 -0.072172821 0.016874352 0.997249305 63.221714020
0.996430159 -0.046394698 0.070529811 5.206003189 0.047436815 0.998787403 -0.013172381 -7.078158855 -0.069833167 0.016471067 0.997422636 64.398963928
0.996648312 -0.045379337 0.068065464 5.336908817 0.046357315 0.998842120 -0.012857315 -7.216382504 -0.067403212 0.015969552 0.997597992 65.604652405
0.996879160 -0.044859130 0.064957723 5.458147049 0.045648675 0.998899937 -0.010721166 -7.350820541 -0.064405322 0.013652939 0.997830391 66.779541016
0.997295439 -0.040736724 0.061173446 5.580980778 0.041238274 0.999125123 -0.006958327 -7.483952045 -0.060836472 0.009462196 0.998102903 67.970840454
0.997564316 -0.039100051 0.057761904 5.697214127 0.039433673 0.999211311 -0.004646821 -7.611222267 -0.057534654 0.006913267 0.998319626 69.147819519
0.997795224 -0.037884824 0.054491930 5.806516647 0.038398154 0.999227107 -0.008403853 -7.739758968 -0.054131441 0.010477713 0.998478889 70.318023682
0.997949600 -0.037985306 0.051513400 5.914449692 0.038797401 0.999136627 -0.014857049 -7.879275799 -0.050904576 0.016825169 0.998561740 71.502487183
0.997947454 -0.041990742 0.048348017 6.019412041 0.042885266 0.998924673 -0.017614879 -8.016104698 -0.047556370 0.019652141 0.998675168 72.672973633
0.997991264 -0.045817353 0.043751143 6.132753372 0.046409916 0.998842597 -0.012625213 -8.153794289 -0.043122057 0.014630340 0.998962641 73.841377258
0.997990191 -0.049519796 0.039537109 6.237561226 0.049873251 0.998723447 -0.008003516 -8.277463913 -0.039090302 0.009959276 0.999186039 74.997718811
0.998050272 -0.051586617 0.035134878 6.328996181 0.051794622 0.998645067 -0.005035641 -8.404520988 -0.034827497 0.006845621 0.999369860 76.182167053
0.998225510 -0.050799701 0.031067755 6.421771526 0.050908986 0.998699486 -0.002736474 -8.526535988 -0.030888336 0.004313245 0.999513566 77.344947815
0.998335660 -0.050897177 0.027118139 6.509467602 0.050975312 0.998697519 -0.002197371 -8.649639130 -0.026970983 0.003576070 0.999629855 78.493598938
0.998485267 -0.049246509 0.024533715 6.572568417 0.049367692 0.998771191 -0.004358537 -8.774513245 -0.024288917 0.005563108 0.999689639 79.669235229
0.998680294 -0.046745952 0.021270229 6.650464535 0.046960365 0.998849750 -0.009694958 -8.899504662 -0.020792559 0.010681022 0.999726772 80.816429138
0.998585880 -0.050241567 0.017378666 6.732069969 0.050493229 0.998621285 -0.014358813 -9.038508415 -0.016633295 0.015216016 0.999745905 81.976432800
0.998439550 -0.053774491 0.015059450 6.785158157 0.054000199 0.998428106 -0.015005815 -9.172327042 -0.014228849 0.015795611 0.999773979 83.110740662
0.998472214 -0.054107361 0.011208740 6.854750633 0.054238759 0.998458624 -0.011770463 -9.297744751 -0.010554594 0.012360426 0.999867976 84.247535706
0.998477817 -0.054572783 0.007997610 6.924313545 0.054644324 0.998465180 -0.009019044 -9.428678513 -0.007493139 0.009442339 0.999927342 85.373069763
0.998625636 -0.051861152 0.007568716 6.962979317 0.051941846 0.998590767 -0.010886669 -9.555398941 -0.006993453 0.011264843 0.999912024 86.526092529
0.998818219 -0.048165355 0.006496152 7.020316124 0.048252635 0.998736680 -0.014025934 -9.682029724 -0.005812381 0.014322815 0.999880493 87.648033142
0.998880625 -0.046947040 0.005782385 7.081599712 0.047039300 0.998748124 -0.017012656 -9.806812286 -0.004976452 0.017265610 0.999838531 88.743591309
0.998830259 -0.048004977 0.005797941 7.114516735 0.048098031 0.998695433 -0.017147120 -9.950624466 -0.004967230 0.017405933 0.999836147 89.891540527
0.998785257 -0.049090423 0.004252569 7.169411659 0.049147218 0.998686612 -0.014480101 -10.080018997 -0.003536150 0.014671515 0.999886155 91.003982544
0.998727202 -0.050299406 0.003724421 7.219134331 0.050340418 0.998661339 -0.011888357 -10.208817482 -0.003121457 0.012060717 0.999922454 92.123001099
0.998749435 -0.049909450 0.002923839 7.286145687 0.049939089 0.998690188 -0.011132522 -10.332209587 -0.002364390 0.011264613 0.999933779 93.248634338
0.998725832 -0.050372373 0.003078595 7.332286835 0.050409351 0.998638391 -0.013422557 -10.456993103 -0.002398277 0.013560643 0.999905229 94.357086182
0.998702645 -0.050869036 0.002342497 7.395347118 0.050901514 0.998559892 -0.016943527 -10.588220596 -0.001477223 0.017040780 0.999853730 95.463958740
0.998681426 -0.051281262 0.002364919 7.439900875 0.051316008 0.998515129 -0.018277230 -10.722133636 -0.001424128 0.018374488 0.999830186 96.575729370
0.998638511 -0.052124072 0.002010476 7.499539375 0.052150261 0.998502135 -0.016547669 -10.853394508 -0.001144933 0.016629990 0.999861121 97.660949707
0.998687088 -0.051134709 0.003044297 7.543509007 0.051166605 0.998623431 -0.011534473 -10.973220825 -0.002450294 0.011675095 0.999928832 98.747268677
0.998765051 -0.049499817 0.004276271 7.595243931 0.049532574 0.998740971 -0.007925265 -11.093894005 -0.003878589 0.008127293 0.999959528 99.811347961
0.998856127 -0.047404878 0.006254648 7.641690254 0.047453858 0.998842061 -0.007930533 -11.215504646 -0.005871459 0.008218272 0.999948978 100.884902954
0.998933554 -0.045459747 0.008068543 7.695609093 0.045539662 0.998912334 -0.010013534 -11.332040787 -0.007604555 0.010370295 0.999917328 101.921440125
0.998875737 -0.046093080 0.011079973 7.747589588 0.046224687 0.998859763 -0.011930369 -11.456532478 -0.010517432 0.012429127 0.999867439 102.941314697
0.998802960 -0.047160350 0.012978961 7.797026634 0.047331974 0.998791337 -0.013249714 -11.567067146 -0.012338409 0.013848170 0.999828100 103.960830688
0.998690128 -0.049091253 0.014427911 7.864462852 0.049272180 0.998707652 -0.012463571 -11.680658340 -0.013797412 0.013158139 0.999818265 104.945091248
0.998652101 -0.049191140 0.016562887 7.922975540 0.049376216 0.998720169 -0.010956822 -11.800024033 -0.016002711 0.011759865 0.999802768 105.916091919
0.998572886 -0.050461445 0.017495062 7.994407177 0.050629470 0.998674154 -0.009297588 -11.908583641 -0.017002696 0.010170084 0.999803722 106.863883972
0.998497128 -0.051055472 0.019919243 8.046485901 0.051257394 0.998637795 -0.009761509 -12.014802933 -0.019393727 0.010767848 0.999753952 107.781585693
0.998487115 -0.050769608 0.021118138 8.112683296 0.050948188 0.998669207 -0.008005261 -12.112310410 -0.020683611 0.009069079 0.999744952 108.682456970
0.998503327 -0.049669333 0.022895087 8.171794891 0.049817737 0.998740554 -0.005957415 -12.208709717 -0.022570351 0.007089080 0.999720097 109.553604126
0.998459458 -0.049952999 0.024152111 8.235862732 0.050038945 0.998742998 -0.002967024 -12.307809830 -0.023973534 0.004171000 0.999703884 110.408287048
0.998425782 -0.049931638 0.025550488 8.299629211 0.050022352 0.998743832 -0.002923060 -12.397926331 -0.025372440 0.004196553 0.999669194 111.232994080
0.998438001 -0.048857991 0.027098414 8.348350525 0.048929453 0.998800278 -0.001979834 -12.489434242 -0.026969170 0.003302652 0.999630809 112.043441772
0.998536587 -0.046646982 0.027362052 8.404104233 0.046712954 0.998906791 -0.001776660 -12.568372726 -0.027249267 0.003052222 0.999623954 112.821403503
0.998663366 -0.044154879 0.026864361 8.448917389 0.044135671 0.999024689 0.001307625 -12.646486282 -0.026895901 -0.000120201 0.999638259 113.575332642
0.998743415 -0.044027947 0.023940675 8.497076035 0.043984000 0.999029458 0.002359489 -12.730216980 -0.024021326 -0.001303518 0.999710560 114.323921204
0.998872340 -0.044118211 0.017540764 8.536083221 0.044078857 0.999024630 0.002624254 -12.805001259 -0.017639438 -0.001848118 0.999842763 115.020660400
0.999065340 -0.042636022 0.007119721 8.564517021 0.042625301 0.999089837 0.001651212 -12.880889893 -0.007183643 -0.001346188 0.999973297 115.687767029
0.999192536 -0.039697953 -0.006198300 8.560553551 0.039688490 0.999210775 -0.001641610 -12.945764542 0.006258575 0.001394283 0.999979436 116.322547913
0.998919547 -0.038497165 -0.026029909 8.570293427 0.038403105 0.999253869 -0.004104024 -13.014153481 0.026168479 0.003099961 0.999652743 116.965919495
0.998149872 -0.036784574 -0.048412919 8.537385941 0.036526788 0.999313474 -0.006199113 -13.085159302 0.048607711 0.004419275 0.998808146 117.552879333
0.996478438 -0.035302300 -0.076055028 8.497573853 0.034795213 0.999362588 -0.007982608 -13.152223587 0.076288350 0.005308147 0.997071624 118.123184204
0.993550420 -0.033033483 -0.108472705 8.429792404 0.032123905 0.999432564 -0.010122590 -13.217443466 0.108745530 0.006572737 0.994047880 118.669342041
0.989212573 -0.028448801 -0.143698335 8.320161819 0.027081016 0.999567509 -0.011465807 -13.281881332 0.143962383 0.007450623 0.989555120 119.212760925
0.983033359 -0.022347700 -0.182060167 8.213157654 0.020717107 0.999726415 -0.010853429 -13.343850136 0.182252914 0.006897523 0.983227432 119.722213745
0.974510431 -0.017009141 -0.223696411 8.074363708 0.015421530 0.999841988 -0.008842375 -13.400380135 0.223811448 0.005167247 0.974618673 120.226539612
0.963273346 -0.012327758 -0.268239766 7.899574280 0.010794761 0.999915838 -0.007189149 -13.458878517 0.268305808 0.004029531 0.963325381 120.719932556
0.949062109 -0.006314153 -0.315026164 7.706516266 0.004126201 0.999962568 -0.007611744 -13.515855789 0.315062404 0.005924155 0.949052513 121.192573547
0.931564152 0.001623123 -0.363573462 7.483280182 -0.005055598 0.999951184 -0.008489536 -13.572819710 0.363541931 0.009746628 0.931526780 121.673820496
0.910549462 0.006013409 -0.413356334 7.227470398 -0.010829867 0.999898016 -0.009309966 -13.622090340 0.413258195 0.012953782 0.910521746 122.100921631
0.885497749 0.010352124 -0.464528382 6.960239410 -0.015974004 0.999839008 -0.008168470 -13.673047066 0.464369029 0.014653540 0.885520637 122.514816284
0.856446028 0.013419098 -0.516062081 6.676143646 -0.020465497 0.999758840 -0.007967513 -13.715659142 0.515830696 0.017385215 0.856514096 122.917907715
0.825031042 0.023448000 -0.564600646 6.349807739 -0.031320438 0.999500334 -0.004257965 -13.771185875 0.564218760 0.021196496 0.825353205 123.282875061
0.790974021 0.036174692 -0.610779345 6.006206512 -0.043956030 0.999030948 0.002245587 -13.810290337 0.610268652 0.025071230 0.791797698 123.639091492
0.754937470 0.045016423 -0.654249787 5.651363373 -0.054921161 0.998476446 0.005327923 -13.854680061 0.653492868 0.031909909 0.756259739 123.955322266
0.715132356 0.048665252 -0.697292984 5.280433655 -0.062084805 0.998052955 0.005982638 -13.897718430 0.696226478 0.039012924 0.716761291 124.256828308
0.672858536 0.050696030 -0.738031924 4.903141022 -0.065093987 0.997836769 0.009196489 -13.943835258 0.736901641 0.041853514 0.674703062 124.535629272
0.629234910 0.054215699 -0.775321901 4.491718292 -0.068613350 0.997543991 0.014069813 -13.976491928 0.774180591 0.044344224 0.631409526 124.804595947
0.584166229 0.062707998 -0.809207976 4.065677643 -0.079806991 0.996617317 0.019618340 -14.005797386 0.807700872 0.053120084 0.587194681 125.035964966
0.538673878 0.071786419 -0.839450479 3.621528625 -0.091306731 0.995469213 0.026537152 -14.033211708 0.837552130 0.062352616 0.542787850 125.247314453
0.491198391 0.076475196 -0.867684007 3.170749664 -0.096514843 0.994783044 0.033040009 -14.058767319 0.865684152 0.067515194 0.496016800 125.454803467
0.444667429 0.077593967 -0.892328441 2.704406738 -0.096435070 0.994597018 0.038431142 -14.076471329 0.890489221 0.068962678 0.449747741 125.628768921
0.397848904 0.079376660 -0.914010644 2.232952118 -0.094178960 0.994520724 0.045374461 -14.097910881 0.912604272 0.068028398 0.403144658 125.795326233
0.351808786 0.082242586 -0.932452023 1.740665436 -0.095581695 0.994082510 0.051615987 -14.121386528 0.931179285 0.070966385 0.357587844 125.945022583
0.307950139 0.085267387 -0.947573841 1.234020233 -0.100886650 0.993286967 0.056593917 -14.139691353 0.946038425 0.078169458 0.314485222 126.063796997
0.266713828 0.087078556 -0.959833801 0.711769104 -0.105871581 0.992530107 0.060625758 -14.157731056 0.957943082 0.085449390 0.273940563 126.163414001
0.227644041 0.083495572 -0.970158100 0.187171936 -0.106411599 0.992483139 0.060447864 -14.173087120 0.967912674 0.089475460 0.234817743 126.260192871
0.193268359 0.078726955 -0.977982223 -0.351444244 -0.101289257 0.993050814 0.059923217 -14.192893982 0.975903630 0.087477840 0.199899480 126.346061707
0.162621856 0.073431075 -0.983952224 -0.908376694 -0.098525599 0.993451297 0.057856243 -14.210149765 0.981756985 0.087535791 0.168791682 126.428329468
0.135414943 0.071933791 -0.988174260 -1.467905045 -0.098850168 0.993365586 0.058765728 -14.234368324 0.985845506 0.089723431 0.141627237 126.509437561
0.113200940 0.071285263 -0.991011560 -2.049640656 -0.099983856 0.993177116 0.060020108 -14.251208305 0.988528609 0.092290826 0.119555950 126.575675964
0.095027171 0.072457053 -0.992834210 -2.656556129 -0.102336876 0.992774487 0.062657714 -14.263024330 0.990200460 0.095649391 0.101755574 126.623420715
0.078719839 0.070937611 -0.994369686 -3.259831429 -0.103087343 0.992696881 0.062657312 -14.287884712 0.991552413 0.097574554 0.085457712 126.677169800
0.065038145 0.069961540 -0.995427370 -3.881738663 -0.102671355 0.992714226 0.063062638 -14.315053940 0.992586851 0.098100394 0.071747340 126.722099304
0.052422293 0.067230724 -0.996359348 -4.530014515 -0.096921518 0.993363500 0.061929163 -14.339179993 0.993910491 0.093322195 0.058590498 126.780601501
0.040335633 0.064574108 -0.997097373 -5.177668095 -0.094591044 0.993674636 0.060525928 -14.356767654 0.994698703 0.091875151 0.046188623 126.823364258
0.029452035 0.064422250 -0.997487962 -5.836128235 -0.094092518 0.993668497 0.061397370 -14.378775597 0.995127678 0.092047885 0.035327211 126.859672546
0.020606976 0.065870285 -0.997615397 -6.507472038 -0.097518347 0.993201733 0.063564502 -14.401027679 0.995020390 0.095975928 0.026890449 126.869209290
0.011982248 0.064964987 -0.997815609 -7.204391956 -0.100560367 0.992906451 0.063437805 -14.423521996 0.994858801 0.099580579 0.018430157 126.890701294
0.005601255 0.064361840 -0.997910917 -7.891346455 -0.103152491 0.992640257 0.063442908 -14.444475174 0.994649887 0.102581628 0.012199115 126.908943176
-0.000019122 0.065864839 -0.997828603 -8.586716652 -0.103821330 0.992436051 0.065510876 -14.467575073 0.994595945 0.103597157 0.006819196 126.927474976
-0.003323850 0.067986064 -0.997680724 -9.302856445 -0.105104387 0.992136538 0.067958422 -14.485278130 0.994455755 0.105086520 0.003847921 126.949256897
-0.004389908 0.071560405 -0.997426569 -10.020175934 -0.107366316 0.991636753 0.071617551 -14.506903648 0.994209766 0.107404411 0.003329983 126.966606140
-0.005522247 0.074998304 -0.997168362 -10.754070282 -0.110208079 0.991063356 0.075149484 -14.520941734 0.993893206 0.110310994 0.002792523 126.980224609
-0.006549101 0.080949068 -0.996696711 -11.482709885 -0.115396850 0.989998043 0.081163280 -14.536478996 0.993297875 0.115547210 0.002857672 126.987617493
-0.007632641 0.084384829 -0.996403933 -12.220990181 -0.118345954 0.989354014 0.084694311 -14.547783852 0.992943108 0.118566819 0.002435220 127.003089905
-0.009404904 0.085180849 -0.996321082 -12.964835167 -0.117613189 0.989355028 0.085695520 -14.565751076 0.993014991 0.117986463 0.000713604 127.023635864
-0.010566143 0.081525914 -0.996615112 -13.731405258 -0.115377948 0.989914656 0.082201026 -14.578786850 0.993265510 0.115855955 -0.001053286 127.039848328
-0.011638106 0.078083850 -0.996878982 -14.495898247 -0.118786588 0.989778996 0.078914508 -14.584234238 0.992851615 0.119334288 -0.002243835 127.050964355
-0.013211171 0.079464346 -0.996750236 -15.261142731 -0.123856135 0.989030242 0.080490515 -14.593833923 0.992212236 0.124516994 -0.003224103 127.058403015
-0.014865265 0.083433107 -0.996402562 -16.026794434 -0.121078044 0.989029348 0.084622085 -14.610569954 0.992531717 0.121900402 -0.004600268 127.072250366
-0.016527358 0.082528874 -0.996451616 -16.812484741 -0.120116524 0.989206374 0.083921067 -14.617274284 0.992622197 0.121077299 -0.006435886 127.086196899
-0.018444663 0.081748001 -0.996482372 -17.594411850 -0.123078659 0.988886058 0.083402976 -14.628858566 0.992225468 0.124184057 -0.008178237 127.099327087
-0.018420415 0.081560895 -0.996498168 -18.393110275 -0.127975255 0.988276839 0.083253637 -14.636283875 0.991606295 0.129060656 -0.007766696 127.091392517
-0.019854827 0.086339347 -0.996067941 -19.198925018 -0.129302010 0.987675846 0.088189326 -14.652090073 0.991406381 0.130544588 -0.008446284 127.103561401
-0.020410880 0.090662248 -0.995672584 -20.003501892 -0.128421128 0.987392604 0.092540890 -14.662140846 0.991509616 0.129754230 -0.008510605 127.115882874
-0.019156685 0.093478508 -0.995437026 -20.816471100 -0.129520446 0.986998200 0.095178619 -14.671635628 0.991391599 0.130752772 -0.006800235 127.124938965
-0.017926456 0.092049874 -0.995593131 -21.643260956 -0.128744557 0.987250924 0.093596756 -14.677631378 0.991515696 0.129855037 -0.005846991 127.140785217
-0.016737899 0.092016011 -0.995616853 -22.464109421 -0.128463998 0.987305522 0.093407542 -14.682841301 0.991572917 0.129464358 -0.004704672 127.157051086
-0.015878467 0.091358855 -0.995691478 -23.295751572 -0.128021076 0.987434983 0.092642874 -14.688974380 0.991644263 0.128940508 -0.003983097 127.171012878
-0.015581741 0.093327969 -0.995513499 -24.130056381 -0.128661945 0.987169981 0.094559573 -14.697703362 0.991566062 0.129558116 -0.003374070 127.193542480
-0.015307599 0.095585562 -0.995303571 -24.977113724 -0.131009638 0.986646950 0.096769124 -14.701250076 0.991262913 0.131875634 -0.002580566 127.209243774
-0.014727877 0.098248497 -0.995052993 -25.825874329 -0.133013815 0.986123562 0.099335596 -14.701867104 0.991004705 0.133818820 -0.001455099 127.228691101
-0.013639576 0.098429933 -0.995050490 -26.697624207 -0.133941323 0.985994577 0.099370122 -14.688089371 0.990895391 0.134633750 -0.000264714 127.243194580
-0.011072962 0.101660043 -0.994757593 -27.570058823 -0.140445098 0.984799147 0.102205664 -14.684247017 0.990026593 0.140840545 0.003373013 127.250724792
-0.008815596 0.105371393 -0.994393885 -28.443359375 -0.145796150 0.983670413 0.105527617 -14.679009438 0.989275396 0.145909101 0.006691105 127.270721436
-0.006394236 0.107300229 -0.994206131 -29.340496063 -0.148791313 0.983056784 0.107053883 -14.670899391 0.988847971 0.148613766 0.009679445 127.291313171
-0.003421247 0.107489981 -0.994200289 -30.225831985 -0.146543175 0.983418941 0.106828608 -14.669776917 0.989198387 0.146058798 0.012387402 127.325164795
-0.000159289 0.107252374 -0.994231880 -31.120519638 -0.149719372 0.983022809 0.106067210 -14.661609650 0.988728523 0.148872644 0.015901174 127.355239868
0.002869033 0.111643724 -0.993744254 -32.033782959 -0.150478408 0.982480824 0.109943911 -14.661365509 0.988609076 0.149221614 0.019618740 127.382003784
0.004460118 0.114293382 -0.993436992 -32.931476593 -0.149916738 0.982295871 0.112338528 -14.659922600 0.988688588 0.148431763 0.021515641 127.424423218
0.006908849 0.115465835 -0.993287444 -33.827198029 -0.150308788 0.982145607 0.113125160 -14.657016754 0.988615036 0.148518264 0.024141027 127.462417603
0.009610901 0.113425948 -0.993499994 -34.741958618 -0.151736155 0.982205987 0.110668667 -14.645471573 0.988374293 0.149686277 0.026650704 127.499069214
0.009453524 0.114521988 -0.993375778 -35.637168884 -0.155456290 0.981510103 0.111674652 -14.634847641 0.987797499 0.153370783 0.027081894 127.539505005
0.010636960 0.115695737 -0.993227839 -36.531890869 -0.156424969 0.981247604 0.112625010 -14.634924889 0.987632513 0.154167637 0.028535197 127.574913025
0.011060319 0.111701563 -0.993680358 -37.442882538 -0.157049209 0.981602013 0.108595751 -14.627370834 0.987528861 0.154855624 0.028399473 127.621955872
0.011583372 0.107410297 -0.994147360 -38.334735870 -0.158286810 0.981875360 0.104240112 -14.624196053 0.987325251 0.156152964 0.028375063 127.665542603
0.012020684 0.106903277 -0.994196713 -39.232147217 -0.157956213 0.981987894 0.103680670 -14.621876717 0.987372994 0.155793235 0.028690202 127.710197449
0.012236570 0.111015506 -0.993743360 -40.155006409 -0.160713211 0.981115639 0.107625850 -14.615017891 0.986925304 0.158390716 0.029847149 127.746025085
0.011676908 0.117112435 -0.993050039 -41.056308746 -0.160323799 0.980488777 0.113745876 -14.606925964 0.986995518 0.157881349 0.030224985 127.793022156
0.012622135 0.116113372 -0.993155718 -41.963283539 -0.158558533 0.980900466 0.112665422 -14.610502243 0.987268865 0.156051278 0.030791825 127.831443787
0.013434535 0.105293654 -0.994350433 -42.860355377 -0.157373160 0.982268989 0.101888098 -14.614345551 0.987447798 0.155115232 0.029766731 127.879402161
0.013676850 0.094907165 -0.995392203 -43.752414703 -0.159408405 0.982960284 0.091531552 -14.616258621 0.987117946 0.157422021 0.028572805 127.919685364
0.013057373 0.091919459 -0.995680869 -44.658161163 -0.156631872 0.983660996 0.088755734 -14.627147675 0.987570703 0.154796451 0.027241543 127.960258484
0.012637365 0.101920649 -0.994712234 -45.589122772 -0.148975879 0.983880699 0.098918170 -14.631269455 0.988760054 0.146938056 0.027617382 128.019226074
0.012826063 0.115618758 -0.993210912 -46.510540009 -0.144066527 0.983142376 0.112586305 -14.629529953 0.989484847 0.141644403 0.029266642 128.073913574
0.012806258 0.124227799 -0.992171109 -47.442844391 -0.144480065 0.982069552 0.121098176 -14.616857529 0.989424825 0.141798154 0.030525085 128.122802734
0.013148982 0.118615471 -0.992853224 -48.366264343 -0.144645259 0.982720673 0.115489319 -14.610624313 0.989396155 0.142092973 0.030078946 128.166946411
0.012938896 0.104793757 -0.994409859 -49.270950317 -0.144445285 0.984257758 0.101844423 -14.605874062 0.989428163 0.142320096 0.027872175 128.213165283
0.013413404 0.096487969 -0.995243788 -50.204925537 -0.145426422 0.984938323 0.093528882 -14.619127274 0.989278078 0.143480182 0.027243275 128.253005981
0.014118453 0.096829176 -0.995200932 -51.124088287 -0.144647837 0.985028386 0.093787372 -14.628679276 0.989382446 0.142629519 0.027913209 128.298416138
0.013655029 0.097940445 -0.995098591 -52.051120758 -0.147657171 0.984478176 0.094868958 -14.637283325 0.988944352 0.145638004 0.027904687 128.338150024
0.013540571 0.097558253 -0.995137632 -52.996261597 -0.151863828 0.983884215 0.094388656 -14.646503448 0.988308668 0.149847314 0.028137928 128.393386841
0.014234039 0.096873708 -0.995195031 -53.951244354 -0.153545916 0.983702362 0.093558870 -14.650661469 0.988039017 0.151476413 0.028876619 128.428314209
0.015239536 0.104397066 -0.994418919 -54.888572693 -0.162584260 0.981557429 0.100555211 -14.644976616 0.986576974 0.160144448 0.031931799 128.464859009
0.017184274 0.113714688 -0.993364811 -55.842281342 -0.168959200 0.979553759 0.109210849 -14.634637833 0.985473156 0.165961400 0.036046065 128.497955322
0.018529516 0.122134969 -0.992340505 -56.803550720 -0.168638647 0.978672922 0.117303886 -14.628101349 0.985503793 0.165173352 0.038731005 128.538208008
0.018594846 0.122536980 -0.992289662 -57.750328064 -0.170054257 0.978388429 0.117633604 -14.625680923 0.985259235 0.166555703 0.039030913 128.605270386
0.020458806 0.113400057 -0.993338764 -58.681682587 -0.171998367 0.979133129 0.108235836 -14.625114441 0.984884739 0.168638259 0.039536517 128.650634766
0.021427179 0.108341783 -0.993882775 -59.630653381 -0.170116618 0.980009198 0.103161886 -14.620701790 0.985190988 0.166865498 0.039429571 128.709991455
0.023341490 0.106713377 -0.994015813 -60.581417084 -0.168677777 0.980452299 0.101296358 -14.620232582 0.985394776 0.165303960 0.040885404 128.770584106
0.026560294 0.112283632 -0.993321180 -61.558494568 -0.169848472 0.979730487 0.106205784 -14.616498947 0.985112190 0.165893257 0.045093130 128.832687378
0.030477664 0.114279434 -0.992981017 -62.522438049 -0.172627211 0.979116023 0.107385285 -14.614173889 0.984515667 0.168142691 0.049568906 128.886611938
0.034625128 0.109845430 -0.993345380 -63.464328766 -0.172244355 0.979724109 0.102335237 -14.620691299 0.984445512 0.167554781 0.052843321 128.948913574
0.037531652 0.103726715 -0.993897378 -64.414482117 -0.172001481 0.980424821 0.095825523 -14.624751091 0.984381497 0.167355344 0.054638106 129.022659302
0.040328074 0.103685945 -0.993792117 -65.388809204 -0.169279575 0.980932653 0.095474914 -14.630603790 0.984742641 0.164378375 0.057111032 129.104949951
0.043831956 0.108224586 -0.993159771 -66.344520569 -0.166905910 0.980936706 0.099526457 -14.636016846 0.984998107 0.161401793 0.061059702 129.178161621
0.047555171 0.114958420 -0.992231369 -67.316345215 -0.166685343 0.980339885 0.105591886 -14.637945175 0.984862685 0.160368979 0.065782115 129.252944946
0.049896203 0.118106693 -0.991746545 -68.293411255 -0.164219648 0.980438769 0.108497933 -14.634891510 0.985161006 0.157450616 0.068315618 129.344421387
0.051398136 0.120059729 -0.991435289 -69.247741699 -0.163673311 0.980336726 0.110230565 -14.641338348 0.985174656 0.156605840 0.070038065 129.429824829
0.053079076 0.117860608 -0.991610587 -70.196624756 -0.161852732 0.980895638 0.107923359 -14.641788483 0.985386312 0.154766411 0.071141094 129.519027710
0.054195751 0.115837924 -0.991788566 -71.149147034 -0.159993306 0.981422663 0.105884485 -14.640662193 0.985629201 0.152941033 0.071722232 129.599075317
0.054944672 0.112061836 -0.992181063 -72.095573425 -0.156478584 0.982370377 0.102288350 -14.647628784 0.986151874 0.149634883 0.071511298 129.682723999
0.054254435 0.111993633 -0.992226720 -73.070503235 -0.155315176 0.982542455 0.102408007 -14.646550179 0.986374021 0.148551762 0.070701614 129.786300659
0.053990491 0.116807066 -0.991686046 -74.026924133 -0.152159378 0.982498825 0.107440896 -14.648602486 0.986880183 0.145093545 0.070818886 129.872619629
0.053128794 0.118771806 -0.991499186 -74.989814758 -0.146010622 0.983154237 0.109948300 -14.655677795 0.987855375 0.138927981 0.069575742 129.975433350
0.052335579 0.113942347 -0.992107928 -75.948417664 -0.143312261 0.984043002 0.105456114 -14.641741753 0.988292694 0.136662111 0.067829788 130.061233521
0.050832611 0.110160142 -0.992613137 -76.917709351 -0.144645631 0.984230697 0.101822414 -14.642812729 0.988176882 0.138401255 0.065965198 130.139938354
0.049713880 0.107630827 -0.992947280 -77.866386414 -0.141202420 0.984948158 0.099694192 -14.647126198 0.988731682 0.135250345 0.064163342 130.222839355
0.048227426 0.108227678 -0.992955744 -78.831047058 -0.141272336 0.984857917 0.100483537 -14.648171425 0.988795400 0.135431126 0.062786736 130.296813965
0.047665160 0.109417252 -0.992852390 -79.794723511 -0.142698690 0.984532535 0.101649687 -14.650105476 0.988617778 0.136833608 0.062541619 130.370880127
0.046126883 0.109867401 -0.992875278 -80.748291016 -0.144344360 0.984235108 0.102205373 -14.653309822 0.988451779 0.138601556 0.061258435 130.448028564
0.044767901 0.110390648 -0.992879450 -81.697273254 -0.144015849 0.984207332 0.102932945 -14.653208733 0.988562167 0.138382331 0.059958909 130.517303467
0.042419873 0.110821217 -0.992934585 -82.661994934 -0.143932924 0.984139979 0.103690594 -14.655952454 0.988677859 0.138517469 0.057697922 130.593856812
0.041339085 0.113280915 -0.992702603 -83.621147156 -0.144230545 0.983822167 0.106261328 -14.648217201 0.988680243 0.138785303 0.057008885 130.659332275
0.039649151 0.117178679 -0.992318988 -84.574661255 -0.145595640 0.983178377 0.110281870 -14.641318321 0.988549411 0.140104756 0.056042910 130.721725464
0.037752897 0.122110531 -0.991798222 -85.524147034 -0.146836609 0.982410192 0.115365326 -14.631522179 0.988440096 0.141276926 0.055019129 130.786560059
0.035548311 0.121688090 -0.991931558 -86.477951050 -0.146773398 0.982431650 0.115262672 -14.625724792 0.988531172 0.141491756 0.052784357 130.849121094
0.034445576 0.116569228 -0.992585123 -87.422447205 -0.146878362 0.982980609 0.110344172 -14.621152878 0.988554657 0.141988382 0.050980825 130.912384033
0.031997845 0.111773789 -0.993218362 -88.369262695 -0.151109651 0.982845426 0.105738267 -14.610512733 0.987999022 0.146701470 0.048339043 130.975006104
0.030917887 0.109615155 -0.993493080 -89.312278748 -0.148998633 0.983367801 0.103861094 -14.607974052 0.988354027 0.144817933 0.046736162 131.040863037
0.030443659 0.111031353 -0.993350506 -90.279510498 -0.144370049 0.983878434 0.105548076 -14.610675812 0.989055276 0.140196800 0.045982461 131.095016479
0.029962778 0.112309836 -0.993221402 -91.227905273 -0.141344249 0.984158695 0.107021086 -14.608408928 0.989507020 0.137179479 0.045362480 131.158142090
0.028709115 0.112238057 -0.993266523 -92.180465698 -0.136164352 0.984852731 0.107351661 -14.610440254 0.990270197 0.132165551 0.043557081 131.226318359
0.027307903 0.109264314 -0.993637562 -93.122558594 -0.132128701 0.985681355 0.104758166 -14.612426758 0.990856349 0.128427356 0.041353852 131.293014526
0.026764745 0.106147341 -0.993990123 -94.066932678 -0.127114803 0.986635745 0.101939216 -14.616515160 0.991526842 0.123622514 0.039899960 131.356918335
0.024408121 0.108556420 -0.993790507 -95.055091858 -0.125394881 0.986568093 0.104687698 -14.614844322 0.991806626 0.122061022 0.037692681 131.421875000
0.023011351 0.110798977 -0.993576348 -96.001228333 -0.124789208 0.986385167 0.107106894 -14.612071991 0.991916478 0.121522941 0.036524568 131.481338501
0.021834861 0.108840019 -0.993819416 -96.960617065 -0.120648250 0.987078607 0.105451040 -14.609613419 0.992455184 0.117600061 0.034684081 131.529754639
0.020014439 0.105814174 -0.994184494 -97.909873962 -0.117708549 0.987717450 0.102756217 -14.610177040 0.992846429 0.114967421 0.032223847 131.578475952
0.016142087 0.102755003 -0.994575679 -98.878166199 -0.116427243 0.988131881 0.100199640 -14.600007057 0.993068039 0.114178270 0.027913999 131.635742188
0.013439005 0.101996124 -0.994694054 -99.832878113 -0.110868886 0.988801956 0.099894024 -14.611392021 0.993744195 0.108938135 0.024596710 131.686401367
0.011242891 0.101828687 -0.994738460 -100.792098999 -0.104086079 0.989516377 0.100117698 -14.604399681 0.994504809 0.102412812 0.021723967 131.730773926
0.008998792 0.109623797 -0.993932426 -101.756072998 -0.094016425 0.989662349 0.108301640 -14.602543831 0.995529950 0.092471398 0.019212203 131.789855957
0.006420716 0.117571242 -0.993043661 -102.712753296 -0.085953474 0.989453793 0.116590455 -14.597741127 0.996278465 0.084606975 0.016458657 131.846221924
0.003629018 0.116924524 -0.993134141 -103.666694641 -0.081781730 0.989848495 0.116238877 -14.590454102 0.996643603 0.080798373 0.013154466 131.892990112
0.000862631 0.107029997 -0.994255364 -104.619773865 -0.082582146 0.990867317 0.106593624 -14.592862129 0.996583879 0.082015812 0.009693520 131.928314209
-0.001109738 0.097553447 -0.995229721 -105.567039490 -0.084287316 0.991679668 0.097299434 -14.590340614 0.996440887 0.083993219 0.007122013 131.966033936
-0.001245524 0.099319808 -0.995054781 -106.530639648 -0.091856524 0.990837276 0.099013828 -14.595602989 0.995771527 0.091525607 0.007889060 131.982421875
-0.002397695 0.108803138 -0.994060397 -107.491584778 -0.095190212 0.989524484 0.108536281 -14.584808350 0.995456219 0.094885066 0.007984417 132.023696899
-0.003801883 0.120400541 -0.992718101 -108.455001831 -0.099285930 0.987774730 0.120181233 -14.574743271 0.995051742 0.099019848 0.008198677 132.052703857
-0.005379198 0.121933676 -0.992523611 -109.406417847 -0.106143877 0.986861169 0.121813297 -14.561914444 0.994336307 0.106005579 0.007633990 132.084594727
-0.005136950 0.118747905 -0.992911160 -110.387390137 -0.113372967 0.986453056 0.118562095 -14.543949127 0.993539155 0.113178328 0.008395444 132.103332520
-0.005388733 0.114758149 -0.993378878 -111.341346741 -0.121376969 0.985973358 0.114561073 -14.531351089 0.992591798 0.121190660 0.008615850 132.129104614
-0.002873109 0.116811894 -0.993149877 -112.307319641 -0.126198500 0.985171318 0.116238549 -14.513252258 0.992000759 0.125667989 0.011910981 132.151092529
-0.001844417 0.118203171 -0.992987692 -113.291412354 -0.134041235 0.983999193 0.117382169 -14.497045517 0.990974069 0.133317798 0.014029194 132.180221558
-0.001325831 0.120620914 -0.992697716 -114.255386353 -0.143177658 0.982447982 0.119566701 -14.479048729 0.989696145 0.142290682 0.015967660 132.202407837
-0.000824293 0.123066030 -0.992398083 -115.232315063 -0.149061635 0.981296182 0.121813096 -14.460428238 0.988827586 0.148028880 0.017535547 132.226806641
-0.000651935 0.122725680 -0.992440403 -116.204841614 -0.152961582 0.980749488 0.121380456 -14.450471878 0.988231897 0.151884362 0.018132929 132.267654419
0.001312340 0.113274954 -0.993562877 -117.161605835 -0.152053908 0.982033312 0.111759663 -14.452303886 0.988371253 0.150928453 0.018512661 132.298507690
0.002290728 0.101693742 -0.994813144 -118.110710144 -0.155106828 0.982812226 0.100109801 -14.444023132 0.987895072 0.154072985 0.018024750 132.339385986
