1.000000000 0.000000000 0.000000000 0.000000000 0.000000000 1.000000000 0.000000000 0.000000000 0.000000000 0.000000000 1.000000000 0.000000000
0.999997795 -0.001588578 -0.001355086 0.049128275 0.001585678 0.999996483 -0.002138376 -0.132875577 0.001358478 0.002136222 0.999996781 1.297951460
0.999997675 -0.000027147 -0.002167938 0.104740418 0.000013555 0.999980271 -0.006269122 -0.269430488 0.002168066 0.006269079 0.999977946 2.603339434
0.999996126 0.002502443 -0.001232190 0.147770151 -0.002512148 0.999965310 -0.007938016 -0.406050473 0.001212283 0.007941081 0.999967694 3.906798124
0.999983191 0.005781802 0.000367363 0.191355839 -0.005779240 0.999961317 -0.006627982 -0.545469105 -0.000405670 0.006625746 0.999978006 5.220021248
0.999974787 0.006634356 0.002530642 0.240848303 -0.006626097 0.999972761 -0.003257998 -0.690456033 -0.002552187 0.003241148 0.999991477 6.540398598
0.999959886 0.006836729 0.005781790 0.297210872 -0.006825976 0.999974966 -0.001877375 -0.828132510 -0.005794480 0.001837834 0.999981463 7.845849514
0.999944746 0.005215462 0.009130016 0.357767999 -0.005199468 0.999985039 -0.001774582 -0.963587224 -0.009139135 0.001727013 0.999956727 9.155259132
0.999913216 0.003886996 0.012589015 0.434747994 -0.003865013 0.999991000 -0.001770085 -1.099965453 -0.012595782 0.001721274 0.999919116 10.454993248
0.999872565 0.002527697 0.015763752 0.501180232 -0.002488409 0.999993682 -0.002511387 -1.236527801 -0.015770003 0.002471840 0.999872506 11.767566681
0.999814034 0.001501140 0.019223174 0.576265872 -0.001437728 0.999993324 -0.003312129 -1.372732759 -0.019228019 0.003283876 0.999809682 13.060473442
0.999745548 0.001211040 0.022524988 0.647598207 -0.001137755 0.999994159 -0.003266040 -1.519707203 -0.022528805 0.003239582 0.999740958 14.383790970
0.999663532 0.001165821 0.025912892 0.731958508 -0.001051009 0.999989629 -0.004443853 -1.656604886 -0.025917798 0.004415123 0.999654412 15.678065300
0.999575794 0.002135378 0.029045576 0.814115047 -0.002014585 0.999989212 -0.004187385 -1.795634270 -0.029054204 0.004127094 0.999569297 16.979728699
0.999477863 0.001729897 0.032264557 0.904568255 -0.001607224 0.999991417 -0.003827643 -1.934543967 -0.032270901 0.003773788 0.999472082 18.264625549
0.999416530 0.000070836 0.034155495 1.008131504 0.000052304 0.999993503 -0.003604374 -2.076987028 -0.034155529 0.003604057 0.999410033 19.566476822
0.999356031 -0.002324124 0.035807468 1.104828238 0.002496532 0.999985516 -0.004770926 -2.218114853 -0.035795867 0.004857248 0.999347329 20.841573715
0.999314129 -0.002100298 0.036971647 1.203259468 0.002344607 0.999975622 -0.006565908 -2.360808134 -0.036956966 0.006648088 0.999294758 22.151205063
0.999266088 -0.001899073 0.038256787 1.285463572 0.002252285 0.999955237 -0.009191669 -2.503824711 -0.038237624 0.009271088 0.999225676 23.437850952
0.999232709 -0.001559543 0.039135199 1.389449120 0.001978844 0.999941051 -0.010677721 -2.646000385 -0.039116245 0.010746971 0.999176860 24.716135025
0.999185920 -0.000980610 0.040330637 1.489475965 0.001444263 0.999933183 -0.011468767 -2.790491104 -0.040316690 0.011517677 0.999120653 25.984022141
0.999169290 -0.002476393 0.040675685 1.589720130 0.002896113 0.999943078 -0.010263020 -2.939402342 -0.040647954 0.010372298 0.999119639 27.268917084
0.999162912 -0.005440036 0.040544190 1.693230033 0.005811799 0.999942064 -0.009057105 -3.086772919 -0.040492568 0.009285157 0.999136746 28.546705246
0.999189675 -0.006937036 0.039647512 1.791506171 0.007321965 0.999927402 -0.009571834 -3.232018232 -0.039578240 0.009854376 0.999167860 29.836133957
0.999199450 -0.008501403 0.039093096 1.889953256 0.008973310 0.999888778 -0.011911717 -3.379212141 -0.038987476 0.012252975 0.999164581 31.098615646
0.999240160 -0.008718200 0.037988685 2.005415916 0.009188677 0.999882936 -0.012227681 -3.525777102 -0.037877630 0.012567454 0.999203384 32.383235931
0.999251485 -0.009302729 0.037551213 2.101275444 0.009778454 0.999873936 -0.012504923 -3.669814110 -0.037430149 0.012862753 0.999216497 33.646537781
0.999272645 -0.010039984 0.036788583 2.201082706 0.010511436 0.999864757 -0.012644223 -3.812692404 -0.036656670 0.013021728 0.999243081 34.913162231
0.999282420 -0.010488477 0.036395743 2.290689945 0.010972526 0.999853611 -0.013125434 -3.956713676 -0.036252752 0.013515367 0.999251246 36.170593262
0.999327958 -0.011251975 0.034886241 2.412045956 0.011722225 0.999842763 -0.013304434 -4.113905907 -0.034731053 0.013704438 0.999302685 37.458751678
0.999324977 -0.010855034 0.035099693 2.499456644 0.011261188 0.999871671 -0.011394615 -4.261279106 -0.034971505 0.011782187 0.999318838 38.721385956
0.999289215 -0.010888784 0.036089148 2.601974010 0.011271935 0.999882042 -0.010430453 -4.400413990 -0.035971321 0.010829835 0.999294162 39.988082886
0.999215245 -0.012603490 0.037549112 2.714662552 0.012943668 0.999877214 -0.008830275 -4.542635918 -0.037433214 0.009309369 0.999255836 41.238826752
0.999104857 -0.013768406 0.039997570 2.812623501 0.014180006 0.999849141 -0.010025221 -4.687271118 -0.039853513 0.010583412 0.999149501 42.507743835
0.998976707 -0.015074999 0.042639334 2.904512405 0.015659399 0.999787509 -0.013405032 -4.833520412 -0.042428195 0.014059023 0.999000669 43.758213043
0.998879671 -0.016183911 0.044469528 3.011883497 0.016828688 0.999758184 -0.014163299 -4.980869770 -0.044229552 0.014895795 0.998910308 45.012294769
0.998757362 -0.016288551 0.047100332 3.136336327 0.016929889 0.999768972 -0.013249648 -5.110601902 -0.046873633 0.014030588 0.998802245 46.249927521
0.998557031 -0.017659949 0.050714601 3.240641117 0.018161425 0.999790430 -0.009444334 -5.273147583 -0.050537188 0.010351754 0.998668671 47.510597229
0.998279750 -0.020607932 0.054890536 3.355121136 0.021053512 0.999749839 -0.007551657 -5.409948349 -0.054721188 0.008694305 0.998463809 48.739925385
0.998052776 -0.022511911 0.058170494 3.489951372 0.023011129 0.999703765 -0.007926322 -5.550493240 -0.057974834 0.009249457 0.998275161 49.996143341
0.997781694 -0.025750479 0.061389696 3.632410526 0.026522409 0.999578655 -0.011792582 -5.684608459 -0.061060164 0.013394624 0.998044193 51.228809357
0.997486591 -0.027129557 0.065456241 3.761248350 0.027949532 0.999541521 -0.011643836 -5.822830677 -0.065110348 0.013444041 0.997787595 52.457416534
0.997127950 -0.029607683 0.069709659 3.889488459 0.030319195 0.999498248 -0.009170689 -5.961295128 -0.069403172 0.011257889 0.997525156 53.677631378
0.996854186 -0.032236777 0.072405636 4.044218063 0.032746449 0.999446511 -0.005862821 -6.096369743 -0.072176553 0.008215407 0.997357965 54.888339996
0.996625423 -0.034860007 0.074314177 4.197112083 0.035271212 0.999368906 -0.004227811 -6.226770401 -0.074119896 0.006834697 0.997225881 56.106567383
0.996417522 -0.037871443 0.075616248 4.347005844 0.038071100 0.999274313 -0.001200188 -6.347626209 -0.075515904 0.004074682 0.997136295 57.313488007
0.996255338 -0.040806804 0.076223932 4.496147156 0.040886618 0.999163687 0.000513874 -6.477701664 -0.076181151 0.002604589 0.997090638 58.519058228
0.996212840 -0.042844318 0.075658463 4.648783207 0.043186791 0.999062777 -0.002895582 -6.598973751 -0.075463474 0.006152062 0.997129560 59.727676392
0.996231198 -0.043976609 0.074762426 4.798598766 0.044636372 0.998977482 -0.007176117 -6.728669643 -0.074370399 0.010486195 0.997175515 60.914836884
0.996235013 -0.045332886 0.073896199 4.927141666 0.046280932 0.998866022 -0.011167253 -6.855993748 -0.073306136 0.014545193 0.997203410 62.122356415
0.996279299 -0.046839800 0.072343379 5.074685097 0.047939315 0.998758495 -0.013536776 -6.988679886 -0.071619496 0.016954502 0.997287869 63.315986633
0.996405900 -0.047014896 0.070461109 5.203300953 0.048101686 0.998746932 -0.013806437 -7.123595238 -0.069723733 0.017146118 0.997418940 64.498794556
0.996626854 -0.046599779 0.067552298 5.339071751 0.047581699 0.998782635 -0.012999393 -7.259803295 -0.066864304 0.016169794 0.997631013 65.675865173
0.996862710 -0.045984115 0.064424247 5.459471226 0.046775959 0.998846591 -0.010836269 -7.406294346 -0.063851655 0.013815776 0.997863770 66.873069763
0.997256160 -0.042096213 0.060894568 5.576773643 0.042629283 0.999062896 -0.007480882 -7.532462120 -0.060522597 0.010056247 0.998116195 68.047019958
0.997474968 -0.040345598 0.058447629 5.684468269 0.040688857 0.999160826 -0.004694280 -7.661207199 -0.058209192 0.007060593 0.998279452 69.209579468
0.997767031 -0.038664848 0.054460566 5.813772202 0.039165404 0.999199390 -0.008153580 -7.799042702 -0.054101706 0.010268345 0.998482645 70.426002502
0.997941375 -0.039275125 0.050699372 5.924257278 0.040059049 0.999091446 -0.014539386 -7.931582928 -0.050082278 0.016540427 0.998608172 71.585479736
0.998003900 -0.042517707 0.046695448 6.033843994 0.043395050 0.998896956 -0.017937949 -8.065037727 -0.045881256 0.019928496 0.998748064 72.759941101
0.998008013 -0.046511415 0.042622186 6.151246071 0.047118373 0.998800159 -0.013347520 -8.200720787 -0.041950230 0.015329222 0.999002039 73.942886353
0.998006225 -0.050240442 0.038203217 6.256243229 0.050604358 0.998681664 -0.008618714 -8.325890541 -0.037719842 0.010534780 0.999232769 75.100654602
0.998062491 -0.052470434 0.033436362 6.353495598 0.052687734 0.998594999 -0.005650918 -8.454778671 -0.033092882 0.007401657 0.999424875 76.294792175
0.998238504 -0.051617652 0.029248571 6.441332817 0.051738344 0.998655021 -0.003384111 -8.577680588 -0.029034549 0.004891423 0.999566436 77.454994202
0.998361826 -0.051234335 0.025470905 6.531723499 0.051347535 0.998673558 -0.003809845 -8.688105583 -0.025241932 0.005111472 0.999668360 78.608650208
0.998502135 -0.050131816 0.021914778 6.608335495 0.050259940 0.998721898 -0.005334953 -8.822596550 -0.021619314 0.006428398 0.999745607 79.783309937
0.998682201 -0.047797170 0.018684683 6.680490017 0.047992852 0.998795927 -0.010168914 -8.952320099 -0.018176137 0.011052245 0.999773741 80.927879333
0.998583078 -0.051175136 0.014591514 6.766046524 0.051396772 0.998561919 -0.015241896 -9.088710785 -0.013790525 0.015970256 0.999777377 82.089401245
0.998437881 -0.054578561 0.011953392 6.820299149 0.054770224 0.998365283 -0.016340727 -9.218096733 -0.011041999 0.016969891 0.999795020 83.226257324
0.998460531 -0.054862808 0.008159786 6.885359764 0.054965578 0.998404264 -0.012954955 -9.346502304 -0.007436019 0.013383518 0.999882758 84.363258362
0.998462498 -0.055170964 0.005374582 6.951416492 0.055224270 0.998420596 -0.010334263 -9.477823257 -0.004795941 0.010615180 0.999932110 85.502632141
0.998591900 -0.052895267 0.004019011 6.995589256 0.052941106 0.998521745 -0.012313180 -9.604631424 -0.003361761 0.012508613 0.999916136 86.643974304
0.998781919 -0.049238350 0.003181536 7.047890186 0.049281090 0.998669982 -0.015149036 -9.734694481 -0.002431391 0.015287374 0.999880195 87.762908936
0.998870075 -0.047464352 0.002385136 7.102395535 0.047499835 0.998707235 -0.018098762 -9.860169411 -0.001523006 0.018191604 0.999833345 88.862365723
0.998775780 -0.049441423 0.001638195 7.148711205 0.049463436 0.998601198 -0.018682688 -9.999770164 -0.000712204 0.018740848 0.999824047 90.007186890
0.998714030 -0.050697166 0.000208149 7.198456764 0.050693881 0.998582482 -0.016214481 -10.129080772 0.000614175 0.016204180 0.999868453 91.121101379
0.998645723 -0.052018750 -0.000893994 7.247434616 0.052002124 0.998556912 -0.013408123 -10.260664940 0.001590178 0.013343475 0.999909639 92.236076355
0.998669684 -0.051538877 -0.001630012 7.310369015 0.051513843 0.998589993 -0.012818776 -10.383900642 0.002288379 0.012717754 0.999916494 93.374015808
0.998639166 -0.052127298 -0.001569819 7.352448940 0.052098420 0.998531938 -0.014815690 -10.512789726 0.002339817 0.014713741 0.999889016 94.481582642
0.998631418 -0.052254133 -0.002175263 7.408487320 0.052203506 0.998455405 -0.019014433 -10.640787125 0.003165486 0.018874852 0.999816835 95.587646484
0.998603582 -0.052793335 -0.001911565 7.451468945 0.052744869 0.998408854 -0.019942027 -10.778110504 0.002961330 0.019813351 0.999799311 96.700180054
0.998564422 -0.053525038 -0.002042666 7.504553318 0.053478938 0.998401701 -0.018276501 -10.910945892 0.003017651 0.018141024 0.999830902 97.782157898
0.998620868 -0.052490599 -0.001072904 7.543584824 0.052471932 0.998535514 -0.013179628 -11.032980919 0.001763139 0.013105156 0.999912560 98.868431091
0.998705864 -0.050859049 0.000133898 7.590832233 0.050857998 0.998659909 -0.009582099 -11.154644966 0.000353618 0.009576509 0.999954045 99.933746338
0.998809755 -0.048739720 0.001839265 7.637348175 0.048755508 0.998762250 -0.009833901 -11.274828911 -0.001357687 0.009911871 0.999949932 101.004890442
0.998884499 -0.047044367 0.004054058 7.682980537 0.047088277 0.998824239 -0.011516918 -11.397128105 -0.003507486 0.011694971 0.999925435 102.039810181
0.998849511 -0.047485705 0.006689170 7.733001709 0.047574691 0.998771727 -0.013839124 -11.519281387 -0.006023794 0.014141437 0.999881744 103.058410645
0.998765588 -0.048961319 0.008369748 7.783864975 0.049081847 0.998684227 -0.014859495 -11.635218620 -0.007631196 0.015251958 0.999854505 104.084236145
0.998654902 -0.050797824 0.010388378 7.841595650 0.050940864 0.998603523 -0.014002426 -11.750544548 -0.009662578 0.014512785 0.999847949 105.066101074
0.998619497 -0.051109180 0.012119982 7.896802902 0.051263496 0.998603344 -0.012783290 -11.868880272 -0.011449713 0.013386956 0.999844790 106.040267944
0.998557687 -0.052108731 0.012930199 7.970537186 0.052252080 0.998573184 -0.011006813 -11.982837677 -0.012338200 0.011666568 0.999855816 106.990005493
0.998491645 -0.052820321 0.014981402 8.024132729 0.052994035 0.998529196 -0.011445416 -12.090526581 -0.014354818 0.012222080 0.999822199 107.907272339
0.998484790 -0.052476324 0.016559761 8.084519386 0.052642960 0.998565376 -0.009792503 -12.191305161 -0.016022127 0.010649421 0.999814928 108.819076538
0.998508036 -0.051355805 0.018553507 8.138632774 0.051507156 0.998642325 -0.007773430 -12.288822174 -0.018129105 0.008717470 0.999797702 109.688613892
0.998468220 -0.051720984 0.019646928 8.199135780 0.051816311 0.998647034 -0.004374045 -12.394483566 -0.019394118 0.005385378 0.999797404 110.548332214
0.998425484 -0.051898718 0.021286968 8.257336617 0.051998839 0.998638391 -0.004176885 -12.487890244 -0.021041207 0.005277207 0.999764681 111.375106812
0.998450756 -0.050946429 0.022372283 8.307826996 0.051034685 0.998691142 -0.003391102 -12.579241753 -0.022170240 0.004527612 0.999743938 112.188293457
0.998552978 -0.048587669 0.023045279 8.356268883 0.048670381 0.998810232 -0.003041624 -12.660039902 -0.022870079 0.004158846 0.999729753 112.962844849
0.998692155 -0.045984149 0.022343647 8.401521683 0.045998286 0.998941422 -0.000119099 -12.738614082 -0.022314515 0.001146713 0.999750316 113.727989197
0.998749733 -0.046167269 0.019171523 8.445918083 0.046155620 0.998933733 0.001050287 -12.824178696 -0.019199567 -0.000164100 0.999815583 114.476432800
0.998846173 -0.046322461 0.012667654 8.481329918 0.046309836 0.998926342 0.001288411 -12.899765968 -0.012713735 -0.000700287 0.999918878 115.174095154
0.998997688 -0.044704493 0.002273310 8.505744934 0.044703901 0.999000251 0.000308187 -12.977207184 -0.002284812 -0.000206252 0.999997258 115.848815918
0.999052823 -0.041968111 -0.011500655 8.503788948 0.041939478 0.999116540 -0.002720064 -13.045560837 0.011604648 0.002235155 0.999930143 116.493240356
0.998722076 -0.040302463 -0.030493313 8.504360199 0.040160615 0.999179423 -0.005250358 -13.115501404 0.030679900 0.004019017 0.999521136 117.108512878
0.997851729 -0.038566370 -0.052957390 8.470724106 0.038214855 0.999240339 -0.007634672 -13.185270309 0.053211607 0.005594512 0.998567522 117.697776794
0.996044934 -0.037214670 -0.080682226 8.427996635 0.036560390 0.999285579 -0.009572132 -13.251258850 0.080980800 0.006584500 0.996693969 118.266586304
0.993064821 -0.034826513 -0.112292454 8.350699425 0.033732459 0.999363124 -0.011628719 -13.319709778 0.112625949 0.007760170 0.993607223 118.805206299
0.988560379 -0.030421514 -0.147726357 8.240388870 0.028817004 0.999500275 -0.012990072 -13.385353088 0.148047715 0.008584438 0.988943040 119.352195740
0.982130110 -0.024450701 -0.186608106 8.132474899 0.022495156 0.999667704 -0.012590032 -13.443676949 0.186853930 0.008167272 0.982353806 119.887496948
0.973531008 -0.019395793 -0.227730408 7.975343704 0.017453568 0.999792099 -0.010539521 -13.503957748 0.227887496 0.006285843 0.973667204 120.385459900
0.962098241 -0.014546385 -0.272314787 7.806365967 0.012577269 0.999880672 -0.008975192 -13.564079285 0.272412837 0.005210041 0.962166369 120.868133545
0.947518408 -0.008659917 -0.319583714 7.616054535 0.005900620 0.999936461 -0.009601297 -13.621041298 0.319646597 0.007211663 0.947509408 121.347991943
0.930204630 -0.000830059 -0.367040366 7.385173798 -0.003170728 0.999942005 -0.010297052 -13.675022125 0.367027581 0.010742150 0.930148065 121.802368164
0.908930838 0.003673368 -0.416930646 7.136966705 -0.009177187 0.999895155 -0.011197167 -13.728934288 0.416845798 0.014003702 0.908869386 122.236351013
0.883554518 0.008358249 -0.468253911 6.853969574 -0.014724927 0.999842167 -0.009937646 -13.786156654 0.468097061 0.015675455 0.883538008 122.676010132
0.854330301 0.011498477 -0.519603193 6.569217682 -0.019482883 0.999761164 -0.009909653 -13.829633713 0.519365072 0.018589484 0.854350150 123.071517944
0.822594702 0.021181295 -0.568233490 6.239894867 -0.030180948 0.999523759 -0.006433059 -13.880277634 0.567826629 0.022441629 0.822842121 123.443344116
0.788351178 0.034261972 -0.614270747 5.892730713 -0.043433871 0.999056339 -0.000018723 -13.923647881 0.613690495 0.026694918 0.789095342 123.800918579
0.752502561 0.043011654 -0.657183290 5.541400909 -0.054725718 0.998497844 0.002686921 -13.962026596 0.656311631 0.033942915 0.753726006 124.101158142
0.712515056 0.047181360 -0.700068712 5.169338226 -0.062281419 0.998051107 0.003875276 -14.016433716 0.698887169 0.040840082 0.714065015 124.405303955
0.669963896 0.048739769 -0.740792036 4.789409637 -0.064765871 0.997875392 0.007080831 -14.061727524 0.739563227 0.043234132 0.671697259 124.688217163
0.625538170 0.052232929 -0.778443158 4.387527466 -0.068420492 0.997584939 0.011956112 -14.092382431 0.777187586 0.045782462 0.627601326 124.956611633
0.580240428 0.061210226 -0.812141776 3.958908081 -0.079834491 0.996644258 0.018077636 -14.129580498 0.810522914 0.054347549 0.583180189 125.188255310
0.535427570 0.069884501 -0.841684818 3.497417450 -0.091409080 0.995511830 0.024507849 -14.153883934 0.839619935 0.063815445 0.539412498 125.394248962
0.488496363 0.074876219 -0.869347334 3.049278259 -0.097338639 0.994768918 0.030982973 -14.177045822 0.867119610 0.069486007 0.493229419 125.585617065
0.440899611 0.076405205 -0.894298434 2.587841034 -0.096556738 0.994625568 0.037373129 -14.205666542 0.892347634 0.069872744 0.445907503 125.766571045
0.393403411 0.078215018 -0.916032791 2.109672546 -0.094215192 0.994558692 0.044457838 -14.230565071 0.914525628 0.068814337 0.398631871 125.942092896
0.348507702 0.080949686 -0.933803737 1.614768982 -0.096009783 0.994106352 0.050345093 -14.251339912 0.932375729 0.072108641 0.354225665 126.073982239
0.304847300 0.084498905 -0.948645413 1.115478516 -0.101691976 0.993250191 0.055793267 -14.273086548 0.946956694 0.079461195 0.311382413 126.188514709
0.263340086 0.085641332 -0.960894108 0.597595215 -0.106186166 0.992572546 0.059363626 -14.288812637 0.958841145 0.086400852 0.270478070 126.289855957
0.223647028 0.082152352 -0.971201897 0.067131042 -0.106543645 0.992530823 0.059421800 -14.306398392 0.968829513 0.090185866 0.230729401 126.393142700
0.188414365 0.077048540 -0.979062617 -0.464122772 -0.101642504 0.993094146 0.058592305 -14.327711105 0.976815641 0.088474736 0.194944575 126.483627319
0.157916203 0.071934782 -0.984828889 -1.012273788 -0.098881610 0.993481874 0.056711279 -14.349011421 0.982489169 0.088425823 0.163999930 126.561599731
0.131543249 0.070477575 -0.988801956 -1.579618454 -0.100273348 0.993299365 0.057458486 -14.369787216 0.986225963 0.091592215 0.137728840 126.627029419
0.109379783 0.069246985 -0.991585016 -2.170994759 -0.100598551 0.993219614 0.058264304 -14.381192207 0.988896251 0.093379080 0.115604274 126.685386658
0.091185451 0.070745811 -0.993317842 -2.765884399 -0.102677308 0.992824972 0.061285064 -14.397262573 0.990526378 0.096402906 0.097795181 126.735900879
0.074763246 0.069203049 -0.994797111 -3.372434616 -0.103650853 0.992724836 0.061269078 -14.424329758 0.991799831 0.098530896 0.081392273 126.788177490
0.060604535 0.068198606 -0.995829344 -3.991827488 -0.102599181 0.992804468 0.061747439 -14.454788208 0.992874801 0.098429084 0.067165554 126.838638306
0.048210599 0.065810427 -0.996666789 -4.631183624 -0.098257653 0.993299723 0.060835198 -14.477790833 0.993992448 0.094997235 0.054353952 126.881164551
0.036219109 0.063156247 -0.997346282 -5.276644230 -0.096021615 0.993603289 0.059432160 -14.495304108 0.994720042 0.093614206 0.042051785 126.915306091
0.025786946 0.062021546 -0.997741640 -5.950159073 -0.095268495 0.993683279 0.059307028 -14.515584946 0.995117545 0.093523979 0.031532764 126.947204590
0.016152088 0.063585281 -0.997845829 -6.621404171 -0.098660275 0.993207037 0.061692696 -14.538635254 0.994990051 0.097451255 0.022315713 126.965904236
0.007876744 0.063554302 -0.997947395 -7.299841404 -0.101485327 0.992876291 0.062430337 -14.566886902 0.994805813 0.100785285 0.014270464 126.978523254
0.001064781 0.062884599 -0.998020232 -7.987549305 -0.103595510 0.992657840 0.062436204 -14.588775635 0.994618952 0.103323944 0.007571527 126.997268677
-0.003981852 0.063528314 -0.997972071 -8.685634613 -0.104358055 0.992504358 0.063596629 -14.605691910 0.994531870 0.104399666 0.002677686 127.010704041
-0.007589769 0.066075981 -0.997785687 -9.406843185 -0.106525771 0.992083073 0.066508643 -14.626138687 0.994281054 0.106794663 -0.000490886 127.030494690
-0.008404737 0.070329539 -0.997488379 -10.141507149 -0.109038994 0.991511106 0.070826836 -14.654166222 0.994001985 0.109360404 -0.000664729 127.030570984
-0.009448690 0.073505983 -0.997249961 -10.852853775 -0.111249954 0.991025984 0.074101277 -14.671623230 0.993747532 0.111644194 -0.001186361 127.041320801
-0.010004815 0.079130411 -0.996814072 -11.593261719 -0.116106726 0.990029335 0.079757161 -14.679882050 0.993186355 0.116534784 -0.000717487 127.046295166
-0.011418368 0.082937688 -0.996489286 -12.333936691 -0.118989028 0.989360750 0.083707817 -14.693871498 0.992829919 0.119527094 -0.001428211 127.056549072
-0.012704535 0.083579473 -0.996420145 -13.083590508 -0.119108461 0.989279032 0.084499143 -14.714587212 0.992799938 0.119755596 -0.002613307 127.071426392
-0.014254949 0.080556035 -0.996648073 -13.827798843 -0.116729155 0.989800036 0.081672072 -14.733720779 0.993061364 0.117502138 -0.004706310 127.090621948
-0.015862312 0.076784179 -0.996921539 -14.590011597 -0.120203957 0.989669442 0.078138195 -14.737245560 0.992622495 0.121073380 -0.006468682 127.100303650
-0.016901398 0.078571960 -0.996765137 -15.352949142 -0.125626490 0.988840520 0.080077440 -14.750018120 0.991933644 0.126573533 -0.006842067 127.097900391
-0.018728247 0.082101263 -0.996447980 -16.121038437 -0.122551672 0.988919199 0.083784305 -14.764994621 0.992285430 0.123685509 -0.008459076 127.112915039
-0.020141995 0.082024612 -0.996426642 -16.895200729 -0.121614076 0.989027441 0.083873838 -14.781403542 0.992373109 0.122868925 -0.009945636 127.121208191
-0.022063240 0.081290223 -0.996446192 -17.686920166 -0.124466933 0.988711238 0.083415143 -14.795135498 0.991978526 0.125864998 -0.011696225 127.125671387
-0.022571446 0.081015058 -0.996457279 -18.474325180 -0.129223377 0.988113642 0.083263807 -14.801477432 0.991358519 0.130644962 -0.011834113 127.122123718
-0.023604142 0.085369252 -0.996069789 -19.279094696 -0.130808607 0.987517834 0.087736100 -14.808956146 0.991126657 0.132365435 -0.012142478 127.123527527
-0.024320045 0.089374527 -0.995701134 -20.090669632 -0.129542217 0.987316668 0.091786005 -14.815824509 0.991275489 0.131217554 -0.012433810 127.135963440
-0.023430293 0.092223689 -0.995462596 -20.915700912 -0.130852371 0.986886859 0.094509088 -14.833692551 0.991124928 0.132473022 -0.011055358 127.146949768
-0.021439798 0.090878740 -0.995631158 -21.733915329 -0.130355969 0.987104654 0.092907526 -14.838820457 0.991235316 0.131778374 -0.009316739 127.153907776
-0.020214610 0.090822220 -0.995661855 -22.565689087 -0.130395368 0.987119734 0.092690408 -14.843699455 0.991255939 0.131703392 -0.008111446 127.162353516
-0.020448430 0.090191148 -0.995714545 -23.399085999 -0.128933489 0.987368762 0.092083015 -14.853239059 0.991442323 0.130263925 -0.008561476 127.185859680
-0.019405855 0.092301376 -0.995542049 -24.237468719 -0.129870892 0.987060726 0.094046593 -14.860647202 0.991340935 0.131116971 -0.007167490 127.199005127
-0.018772962 0.094434522 -0.995354056 -25.075588226 -0.131698906 0.986621559 0.096089944 -14.862708092 0.991111994 0.132890955 -0.006084884 127.211868286
-0.019161576 0.096674651 -0.995131552 -25.950645447 -0.134331316 0.986041009 0.098378122 -14.862965584 0.990751147 0.135562450 -0.005907668 127.230270386
-0.017557943 0.097881101 -0.995043159 -26.814380646 -0.136590257 0.985631704 0.099365480 -14.861312866 0.990472078 0.137657866 -0.003936058 127.239494324
-0.015866600 0.100928970 -0.994767189 -27.683763504 -0.143324032 0.984388769 0.102161996 -14.860790253 0.989548683 0.144194990 -0.001153355 127.251823425
-0.013530770 0.104731180 -0.994408488 -28.558074951 -0.147945091 0.983343959 0.105578914 -14.855501175 0.988903105 0.148546413 0.002189061 127.267036438
-0.011330385 0.106554121 -0.994242311 -29.433460236 -0.150580496 0.982785523 0.107042298 -14.850025177 0.988532782 0.150926352 0.004909638 127.293426514
-0.007475345 0.107298829 -0.994198740 -30.329061508 -0.149395049 0.982948422 0.107207954 -14.851331711 0.988749325 0.149329752 0.008682034 127.312614441
-0.004748584 0.107234128 -0.994222462 -31.220943451 -0.152014241 0.982601404 0.106706746 -14.845119476 0.988366842 0.151642725 0.011635152 127.338020325
-0.002389650 0.111013010 -0.993816078 -32.123973846 -0.152453661 0.982161283 0.110077702 -14.837058067 0.988307714 0.151773930 0.014577318 127.366889954
-0.000014300 0.113388449 -0.993550658 -33.027549744 -0.151815847 0.982034028 0.112076305 -14.836139679 0.988408804 0.150838360 0.017200122 127.405036926
0.001711450 0.114664555 -0.993402839 -33.921947479 -0.152491540 0.981816053 0.113064438 -14.832695007 0.988303363 0.151291996 0.019165706 127.442878723
0.004220562 0.112659298 -0.993624687 -34.824684143 -0.153688222 0.981901467 0.110677272 -14.824819565 0.988110363 0.152241305 0.021458585 127.472221375
0.004676871 0.114012234 -0.993468344 -35.742572784 -0.157986611 0.981086254 0.111847490 -14.816818237 0.987430096 0.156431600 0.022600824 127.508789062
0.005925496 0.114546068 -0.993400216 -36.637786865 -0.158831522 0.980914295 0.112158939 -14.811462402 0.987287939 0.157118708 0.024005931 127.541946411
0.006047885 0.111159146 -0.993784249 -37.533519745 -0.159305602 0.981217504 0.108784020 -14.809459686 0.987210751 0.157657504 0.023642570 127.575202942
0.006878148 0.106954299 -0.994240165 -38.438987732 -0.160213664 0.981537402 0.104479440 -14.810778618 0.987058401 0.158572197 0.023886696 127.619354248
0.007433721 0.106233492 -0.994313478 -39.337440491 -0.159902483 0.981672108 0.103687398 -14.805722237 0.987104833 0.158222407 0.024284471 127.657806396
0.007421887 0.110231243 -0.993878305 -40.240993500 -0.162227005 0.980871856 0.107577242 -14.800467491 0.986725509 0.160435483 0.025162403 127.694229126
0.007433786 0.116504781 -0.993162334 -41.175430298 -0.162940770 0.980056942 0.113747828 -14.788639069 0.986607850 0.160981044 0.026268916 127.733016968
0.007615368 0.115056783 -0.993329704 -42.070327759 -0.160631090 0.980599225 0.112350747 -14.787914276 0.986985207 0.158704057 0.025949324 127.775993347
0.008492557 0.104714833 -0.994466007 -42.961128235 -0.159994736 0.981831968 0.102018155 -14.793674469 0.987081289 0.158242941 0.025092082 127.816154480
0.008775211 0.094333403 -0.995501995 -43.879138947 -0.161658868 0.982578516 0.091683775 -14.798458099 0.986807644 0.160127133 0.023872163 127.854530334
0.007787485 0.091306984 -0.995792389 -44.780944824 -0.158509433 0.983344793 0.088926025 -14.806552887 0.987326741 0.157149985 0.022130804 127.897117615
0.007556564 0.101101495 -0.994847417 -45.701332092 -0.151053563 0.983575046 0.098808579 -14.807015419 0.988496721 0.149528578 0.022704192 127.945648193
0.007552508 0.114558809 -0.993387759 -46.648277283 -0.145999134 0.982897222 0.112239011 -14.807875633 0.989256024 0.144186050 0.024148818 128.000030518
0.007749367 0.123490661 -0.992315471 -47.570774078 -0.146197662 0.981822252 0.121043094 -14.798326492 0.989225090 0.144136205 0.025662549 128.042709351
0.007581649 0.117823921 -0.993005574 -48.486724854 -0.146192506 0.982495129 0.115460619 -14.795195580 0.989227057 0.144294620 0.024673909 128.080917358
0.007728973 0.104379162 -0.994507551 -49.420246124 -0.146219656 0.983965397 0.102136351 -14.792868614 0.989221931 0.144627169 0.022867329 128.118164062
0.008466498 0.095479809 -0.995395362 -50.336135864 -0.146643892 0.984787524 0.093214989 -14.792282104 0.989153147 0.145179451 0.022339234 128.158508301
0.008917445 0.095495909 -0.995389879 -51.273178101 -0.145300567 0.984988451 0.093196303 -14.797811508 0.989347339 0.143799677 0.022659190 128.199707031
0.008313159 0.097048238 -0.995244980 -52.212478638 -0.148797721 0.984318912 0.094739936 -14.813268661 0.988832772 0.147302613 0.022623358 128.233612061
0.008728974 0.096411467 -0.995303214 -53.169895172 -0.153593197 0.983659029 0.093936495 -14.820353508 0.988095522 0.152051821 0.023394477 128.272201538
0.009196223 0.095767282 -0.995361269 -54.101509094 -0.155210733 0.983476102 0.093189761 -14.820180893 0.987838507 0.153633758 0.023908377 128.312576294
0.010107338 0.103184693 -0.994610786 -55.048839569 -0.164508805 0.981280208 0.100129962 -14.817946434 0.986323833 0.162610173 0.026892921 128.343353271
0.012077671 0.112957887 -0.993526399 -55.991119385 -0.170255080 0.979322433 0.109273300 -14.815019608 0.985325933 0.167833164 0.031059589 128.374542236
0.012764414 0.120737441 -0.992602408 -56.962814331 -0.170401976 0.978425145 0.116821676 -14.808623314 0.985291898 0.167650253 0.033062927 128.432312012
0.013519764 0.121663727 -0.992479265 -57.906917572 -0.171643317 0.978119195 0.117565207 -14.800891876 0.985066473 0.168763012 0.034106709 128.476608276
0.014757610 0.111767396 -0.993624747 -58.843238831 -0.173379719 0.978965700 0.107543387 -14.796304703 0.984744549 0.170687318 0.033825397 128.527877808
0.016206112 0.107043214 -0.994122326 -59.786457062 -0.171830580 0.979759097 0.102695480 -14.795511246 0.984993160 0.169156313 0.034271386 128.575408936
0.018031972 0.105740890 -0.994230270 -60.735408783 -0.170126170 0.980215728 0.101164870 -14.804990768 0.985257268 0.167320371 0.035664514 128.635208130
0.021994850 0.111187026 -0.993556023 -61.735134125 -0.172339618 0.979341447 0.105781086 -14.790749550 0.984791994 0.168902457 0.040702391 128.676040649
0.025647687 0.113385797 -0.993219972 -62.695709229 -0.175173908 0.978683650 0.107202865 -14.791572571 0.984203458 0.171236694 0.044963207 128.728027344
0.029996078 0.108313121 -0.993664205 -63.646846771 -0.174531639 0.979407191 0.101490416 -14.793985367 0.984194517 0.170381561 0.048282448 128.783737183
0.032378994 0.102704458 -0.994184852 -64.601959229 -0.174336180 0.980037987 0.095565148 -14.802752495 0.984153628 0.170228079 0.049637742 128.855575562
0.035971820 0.102220856 -0.994111180 -65.565238953 -0.171750844 0.980586410 0.094615363 -14.801343918 0.984483421 0.167335957 0.052829992 128.923950195
0.038145036 0.106818244 -0.993546605 -66.540405273 -0.169262677 0.980593503 0.098927163 -14.816605568 0.984832525 0.164396778 0.055485107 129.008911133
0.041555051 0.113559671 -0.992661774 -67.498344421 -0.168550298 0.980077684 0.105064183 -14.818677902 0.984816730 0.162947476 0.059867699 129.085220337
0.044116374 0.117908262 -0.992044032 -68.463676453 -0.166319534 0.980019808 0.109082863 -14.827975273 0.985084593 0.160183996 0.062845364 129.165359497
0.046628878 0.119533017 -0.991734564 -69.449722290 -0.166058272 0.979927599 0.110302269 -14.825217247 0.985012889 0.159542456 0.065542355 129.240570068
0.049002495 0.116608113 -0.991968393 -70.393325806 -0.164610475 0.980523586 0.107131109 -14.822558403 0.985140622 0.158038691 0.067243017 129.311019897
0.049567945 0.115321681 -0.992090642 -71.339134216 -0.162642792 0.980984926 0.105904624 -14.827395439 0.985439301 0.156106904 0.067381650 129.397232056
0.050173614 0.111809894 -0.992462099 -72.285697937 -0.159525037 0.981852949 0.102549948 -14.835869789 0.985918045 0.153177217 0.067099586 129.482742310
0.049719602 0.111454211 -0.992525160 -73.277008057 -0.158160865 0.982093453 0.102359906 -14.829286575 0.986160755 0.151889339 0.066457003 129.564147949
0.049449235 0.116145670 -0.992000461 -74.231117249 -0.154940516 0.982083678 0.107261114 -14.830608368 0.986685514 0.148397103 0.066558957 129.647491455
0.048979159 0.117965646 -0.991809011 -75.193153381 -0.149023369 0.982748926 0.109528720 -14.836557388 0.987619877 0.142438099 0.065713860 129.740661621
0.048038449 0.113307729 -0.992397904 -76.156455994 -0.146099418 0.983656466 0.105237506 -14.821934700 0.988103032 0.139933318 0.063807517 129.823791504
0.046855010 0.109652430 -0.992865026 -77.103431702 -0.148312494 0.983703375 0.101641521 -14.825177193 0.987829864 0.142491877 0.062354267 129.894439697
0.045685787 0.107046627 -0.993203878 -78.052490234 -0.144768894 0.984455585 0.099444628 -14.828775406 0.988410234 0.139241830 0.060472652 129.974060059
0.044382595 0.107576549 -0.993205667 -79.018928528 -0.144930631 0.984361112 0.100142166 -14.829725266 0.988445878 0.139501378 0.059279632 130.040710449
0.043476894 0.108734682 -0.993119597 -79.974670410 -0.145994067 0.984079778 0.101353601 -14.832249641 0.988329649 0.140583023 0.058659356 130.117538452
0.042048983 0.108971417 -0.993155062 -80.928131104 -0.147604600 0.983804166 0.101696007 -14.834874153 0.988152206 0.142318040 0.057452653 130.188964844
0.040770326 0.110065088 -0.993087769 -81.880813599 -0.147423744 0.983698547 0.102972120 -14.837841988 0.988232732 0.142206535 0.056331921 130.253067017
0.038244199 0.110315949 -0.993160546 -82.843772888 -0.147511348 0.983622015 0.103576161 -14.839842796 0.988320589 0.142541260 0.053890701 130.326095581
0.036576033 0.112247869 -0.993006825 -83.797981262 -0.147602230 0.983379960 0.105722934 -14.829397202 0.988370240 0.142703086 0.052536175 130.400833130
0.035157919 0.116006590 -0.992626011 -84.752388000 -0.148965433 0.982752323 0.109576449 -14.822300911 0.988217175 0.144014478 0.051832508 130.456573486
0.032959200 0.120878540 -0.992119968 -85.701126099 -0.150152802 0.981991947 0.114656314 -14.812964439 0.988113284 0.145190611 0.050515916 130.519729614
0.030585049 0.120651037 -0.992223680 -86.649543762 -0.150002331 0.981999934 0.114784077 -14.808665276 0.988212407 0.145325199 0.048132449 130.580993652
0.029731942 0.115432441 -0.992870271 -87.594703674 -0.150133803 0.982556522 0.109737545 -14.804018021 0.988218665 0.145800680 0.046543628 130.637771606
0.027010484 0.110560752 -0.993502259 -88.538795471 -0.154213518 0.982427895 0.105135739 -14.793246269 0.987668216 0.150371686 0.043585815 130.697494507
0.025890576 0.108525135 -0.993756413 -89.482482910 -0.152160689 0.982934415 0.103379004 -14.791643143 0.988016665 0.148534149 0.041961994 130.758377075
0.025346074 0.109773360 -0.993633449 -90.446838379 -0.147187546 0.983529985 0.104902633 -14.793061256 0.988783717 0.143591598 0.041085899 130.810287476
0.025125328 0.111140855 -0.993486941 -91.396751404 -0.144286260 0.983798027 0.106407970 -14.791506767 0.989216924 0.140672982 0.040754341 130.865753174
0.023555409 0.110935688 -0.993548334 -92.348854065 -0.138943195 0.984542251 0.106635988 -14.793111801 0.990020156 0.135534883 0.038605053 130.932174683
0.022424385 0.108078055 -0.993889511 -93.292251587 -0.135086209 0.985349953 0.104101591 -14.796545029 0.990579963 0.131926358 0.036695715 130.991317749
0.021851672 0.104958937 -0.994236410 -94.236145020 -0.129964516 0.986333549 0.101268254 -14.800329208 0.991277814 0.127002567 0.035193980 131.050720215
0.020120472 0.107598849 -0.993990719 -95.213272095 -0.127975971 0.986290872 0.104174837 -14.802277565 0.991573155 0.125110880 0.033614703 131.102539062
0.018676937 0.109895378 -0.993767619 -96.161911011 -0.127367824 0.986104667 0.106654190 -14.799964905 0.991679668 0.124582067 0.032414552 131.157257080
0.017291715 0.107772000 -0.994025290 -97.119689941 -0.123343103 0.986810088 0.104844108 -14.797333717 0.992213428 0.120793216 0.030356571 131.205215454
0.015437834 0.104820132 -0.994371355 -98.069267273 -0.120266624 0.987464547 0.102224879 -14.798901558 0.992621660 0.118011586 0.027850676 131.249771118
0.011967660 0.102248803 -0.994686842 -99.033500671 -0.119311824 0.987797379 0.100105084 -14.794924736 0.992784679 0.117479883 0.024021111 131.299270630
0.008997781 0.101547107 -0.994790077 -99.988586426 -0.113805428 0.988470435 0.099872649 -14.806850433 0.993462265 0.112313882 0.020450655 131.348907471
0.006957407 0.101375237 -0.994823933 -100.947837830 -0.106888324 0.989223719 0.100057006 -14.799627304 0.994246721 0.105638944 0.017718261 131.387298584
0.004815568 0.109110624 -0.994017959 -101.911476135 -0.096979089 0.989394844 0.108133338 -14.797893524 0.995274782 0.095878243 0.015345946 131.443740845
0.002055686 0.117370002 -0.993086219 -102.869819641 -0.088943318 0.989173710 0.116723500 -14.795227051 0.996034622 0.088088423 0.012472710 131.497222900
-0.000702348 0.117011137 -0.993130445 -103.823219299 -0.084756464 0.989550114 0.116649233 -14.790097237 0.996401548 0.084256142 0.009222443 131.539215088
-0.003684757 0.106568426 -0.994298518 -104.780349731 -0.085376397 0.990641236 0.106492840 -14.787137032 0.996341944 0.085282013 0.005448156 131.573287964
-0.005800436 0.097089313 -0.995258689 -105.726898193 -0.087216884 0.991433561 0.097224452 -14.785092354 0.996172428 0.087367326 0.002717081 131.607635498
-0.006243031 0.098481394 -0.995119274 -106.685798645 -0.094318219 0.990644336 0.098630235 -14.787649155 0.995522559 0.094473615 0.003103966 131.625656128
-0.007078520 0.107683003 -0.994159997 -107.647651672 -0.097599238 0.989364028 0.107858382 -14.776457787 0.995200634 0.097792760 0.003506542 131.658599854
-0.008621314 0.119070910 -0.992848396 -108.610969543 -0.101601072 0.987642527 0.119328849 -14.765869141 0.994787931 0.101903223 0.003582957 131.684463501
-0.010035644 0.120758168 -0.992631257 -109.552536011 -0.108624302 0.986675024 0.121131785 -14.756599426 0.994032264 0.109039508 0.003215350 131.712585449
-0.009410693 0.117890947 -0.992981970 -110.543510437 -0.115888804 0.986206055 0.118184738 -14.739641190 0.993217587 0.116187692 0.004381358 131.719985962
-0.009537274 0.113868937 -0.993449986 -111.498344421 -0.123915978 0.985702693 0.114170581 -14.727146149 0.992246866 0.124193206 0.004709264 131.740524292
-0.007303182 0.115962386 -0.993226826 -112.464927673 -0.128783941 0.984872520 0.115933947 -14.710315704 0.991645694 0.128758341 0.007741390 131.761047363
-0.005837406 0.116950266 -0.993120611 -113.444023132 -0.136683732 0.983722985 0.116647005 -14.691236496 0.990597486 0.136424348 0.010242812 131.781112671
-0.005321845 0.119533390 -0.992815912 -114.407623291 -0.145836219 0.982122302 0.119027652 -14.674844742 0.989294469 0.145421952 0.012205597 131.799530029
-0.004947864 0.121511415 -0.992577672 -115.383964539 -0.151165515 0.981092334 0.120858915 -14.653069496 0.988496125 0.150641486 0.013514023 131.822555542
-0.004777342 0.121193066 -0.992617488 -116.355392456 -0.155261114 0.980501473 0.120461009 -14.645741463 0.987861931 0.154690385 0.014132382 131.859619141
-0.003253188 0.111662269 -0.993740976 -117.310020447 -0.154187515 0.981806397 0.110826008 -14.648942947 0.988036215 0.153583005 0.014022931 131.889984131
-0.001790978 0.100050673 -0.994980872 -118.262397766 -0.157283008 0.982570112 0.099085853 -14.640388489 0.987551928 0.156671032 0.013976514 131.922454834
