1.000000000 0.000000000 0.000000000 0.000000000 0.000000000 1.000000000 0.000000000 0.000000000 0.000000000 0.000000000 1.000000000 0.000000000
0.999997854 -0.001572561 -0.001364452 0.049429335 0.001569614 0.999996424 -0.002157771 -0.132532850 0.001367841 0.002155624 0.999996722 1.298078537
0.999997437 0.000102089 -0.002261679 0.106718160 -0.000116140 0.999980688 -0.006213134 -0.268246770 0.002261001 0.006213381 0.999978125 2.598352432
0.999995828 0.002500091 -0.001413822 0.149309218 -0.002511018 0.999966562 -0.007780426 -0.406339109 0.001394323 0.007783944 0.999968648 3.901348114
0.999983311 0.005771260 0.000127547 0.194531173 -0.005770316 0.999962509 -0.006459816 -0.544708967 -0.000164823 0.006458973 0.999979079 5.213987350
0.999975443 0.006593035 0.002379447 0.243393183 -0.006585686 0.999973536 -0.003083127 -0.690977871 -0.002399711 0.003067381 0.999992430 6.527037144
0.999960899 0.006791285 0.005661004 0.301053226 -0.006780833 0.999975264 -0.001863468 -0.827586949 -0.005673519 0.001825009 0.999982238 7.830207348
0.999941707 0.005484924 0.009300616 0.353401870 -0.005470772 0.999983847 -0.001546429 -0.962884068 -0.009308947 0.001495458 0.999955535 9.133691788
0.999911427 0.004188614 0.012630651 0.431889832 -0.004170686 0.999990284 -0.001445322 -1.099132776 -0.012636581 0.001392515 0.999919116 10.434083939
0.999871790 0.002866091 0.015751900 0.502947092 -0.002833646 0.999993801 -0.002081639 -1.237870812 -0.015757766 0.002036737 0.999873757 11.741456985
0.999814391 0.001962278 0.019165425 0.581735015 -0.001909659 0.999994278 -0.002763413 -1.376700521 -0.019170739 0.002726300 0.999812484 13.028090477
0.999749362 0.001616997 0.022325484 0.654741049 -0.001559785 0.999995470 -0.002579785 -1.525919437 -0.022329556 0.002544316 0.999747455 14.355855942
0.999671519 0.001500982 0.025584571 0.742353678 -0.001407563 0.999992251 -0.003668959 -1.663580418 -0.025589881 0.003631742 0.999665976 15.653261185
0.999578118 0.002499853 0.028935747 0.824060917 -0.002398553 0.999990880 -0.003535040 -1.802655935 -0.028944325 0.003464145 0.999575019 16.954782486
0.999490023 0.002043755 0.031866103 0.916314304 -0.001947524 0.999993443 -0.003050611 -1.941577554 -0.031872127 0.002986996 0.999487579 18.241739273
0.999412239 0.000516113 0.034276154 1.008814454 -0.000425783 0.999996543 -0.002642600 -2.084287405 -0.034277394 0.002626453 0.999408901 19.542345047
0.999364495 -0.002003519 0.035586391 1.107542515 0.002147763 0.999989629 -0.004015592 -2.222804070 -0.035577968 0.004089472 0.999358594 20.821834564
0.999313653 -0.001574839 0.037009399 1.207924724 0.001780399 0.999983132 -0.005521964 -2.366777658 -0.037000086 0.005584066 0.999299586 22.119718552
0.999276996 -0.001638838 0.037982926 1.297005057 0.001947251 0.999965370 -0.008084238 -2.507358551 -0.037968371 0.008152356 0.999245584 23.401058197
0.999232113 -0.000812318 0.039173238 1.395514727 0.001188739 0.999953330 -0.009586802 -2.652544498 -0.039163623 0.009626008 0.999186397 24.687175751
0.999199688 -0.000036626 0.039999630 1.498185158 0.000441319 0.999948800 -0.010108635 -2.799422503 -0.039997209 0.010118198 0.999148548 25.956502914
0.999174058 -0.001728277 0.040597986 1.595380068 0.002100653 0.999956131 -0.009131412 -2.943828106 -0.040580422 0.009209152 0.999133825 27.235733032
0.999179244 -0.004633390 0.040240806 1.700443029 0.004963493 0.999954879 -0.008107159 -3.087592125 -0.040201418 0.008300241 0.999157131 28.514326096
0.999187589 -0.006231291 0.039815586 1.793279648 0.006568292 0.999943614 -0.008338826 -3.233563185 -0.039761383 0.008593571 0.999172270 29.785596848
0.999197066 -0.007853986 0.039286841 1.891805887 0.008293961 0.999904513 -0.011048636 -3.375363111 -0.039196316 0.011365609 0.999166906 31.047855377
0.999224901 -0.007942215 0.038554337 2.002166510 0.008370341 0.999904931 -0.010955765 -3.522502899 -0.038463660 0.011269987 0.999196410 32.316398621
0.999245048 -0.008403493 0.037931204 2.105578184 0.008845096 0.999894798 -0.011489375 -3.665141344 -0.037830673 0.011816205 0.999214292 33.592575073
0.999266267 -0.009085091 0.037206333 2.202210426 0.009507559 0.999892116 -0.011193614 -3.810642958 -0.037100617 0.011539144 0.999244869 34.836437225
0.999278903 -0.009450235 0.036774948 2.292438507 0.009888125 0.999882042 -0.011743698 -3.953584433 -0.036659628 0.012098866 0.999254584 36.097751617
0.999330580 -0.010237356 0.035121012 2.419101238 0.010661291 0.999872327 -0.011904718 -4.107516289 -0.034994658 0.012271187 0.999312162 37.375881195
0.999321222 -0.009886391 0.035487089 2.501146793 0.010246905 0.999897599 -0.009991587 -4.252880096 -0.035384670 0.010348439 0.999320209 38.636611938
0.999289036 -0.009787336 0.036408175 2.610031605 0.010123670 0.999907672 -0.009065030 -4.389009953 -0.036316086 0.009427170 0.999295890 39.898948669
0.999215603 -0.011575242 0.037872314 2.722286224 0.011866494 0.999901652 -0.007474662 -4.527809620 -0.037782069 0.007918211 0.999254644 41.146286011
0.999103963 -0.012537628 0.040421780 2.813310623 0.012889192 0.999881208 -0.008448543 -4.673071384 -0.040311053 0.008961980 0.999146998 42.403274536
0.998994887 -0.014046831 0.042567842 2.921046972 0.014557362 0.999825597 -0.011707209 -4.817807198 -0.042395975 0.012315118 0.999024987 43.636455536
0.998879552 -0.014982380 0.044889379 3.009959698 0.015575695 0.999795496 -0.012896789 -4.958629131 -0.044686981 0.013581523 0.998908639 44.894016266
0.998776078 -0.015222620 0.047058932 3.142387867 0.015786741 0.999807715 -0.011639257 -5.091259480 -0.046872694 0.012367920 0.998824298 46.131912231
0.998561025 -0.016345689 0.051073421 3.240302324 0.016784493 0.999825656 -0.008174522 -5.246090889 -0.050930902 0.009020001 0.998661458 47.369560242
0.998295128 -0.019373223 0.055060063 3.347890377 0.019742688 0.999786019 -0.006174181 -5.382599831 -0.054928675 0.007250690 0.998463929 48.588958740
0.998045504 -0.021303561 0.058750063 3.480327606 0.021722458 0.999742925 -0.006500671 -5.522624016 -0.058596484 0.007764161 0.998251498 49.836105347
0.997753263 -0.024476292 0.062364973 3.616283655 0.025170047 0.999629498 -0.010362761 -5.654460430 -0.062088225 0.011909207 0.997999549 51.069374084
0.997499168 -0.025681397 0.065846339 3.757462978 0.026416039 0.999597788 -0.010310510 -5.788290977 -0.065555058 0.012024123 0.997776508 52.290321350
0.997157574 -0.028427498 0.069774680 3.888281822 0.029031286 0.999549270 -0.007654442 -5.928248882 -0.069525629 0.009658336 0.997533381 53.510128021
0.996866524 -0.030938180 0.072800107 4.042995453 0.031353481 0.999497890 -0.004568584 -6.058787823 -0.072622210 0.006836805 0.997336030 54.716350555
0.996606171 -0.033601105 0.075147040 4.189044476 0.033931307 0.999419272 -0.003121354 -6.183431149 -0.074998535 0.005660598 0.997167528 55.929607391
0.996423841 -0.036644228 0.076136269 4.343007088 0.036735028 0.999324977 0.000207934 -6.311596394 -0.076092497 0.002589678 0.997097373 57.143302917
0.996265709 -0.039433010 0.076808810 4.487996101 0.039420146 0.999221265 0.001684109 -6.439274788 -0.076815411 0.001349994 0.997044384 58.344116211
0.996225417 -0.041669682 0.076148406 4.641030788 0.041896213 0.999121010 -0.001379020 -6.562942982 -0.076024003 0.004564144 0.997095525 59.545635223
0.996220171 -0.042994004 0.075478166 4.789503098 0.043540254 0.999035954 -0.005605810 -6.690580368 -0.075164385 0.008870959 0.997131646 60.735691071
0.996244133 -0.043926153 0.074619912 4.918647766 0.044773612 0.998949885 -0.009721566 -6.817478657 -0.074114524 0.013026058 0.997164607 61.932086945
0.996308744 -0.045243077 0.072951347 5.063058376 0.046269707 0.998851478 -0.012443800 -6.946912766 -0.072304562 0.015773306 0.997257829 63.124748230
0.996412754 -0.045778818 0.071175136 5.197512627 0.046751868 0.998833656 -0.012065105 -7.084070206 -0.070539795 0.015349394 0.997390866 64.300613403
0.996626019 -0.045292810 0.068448208 5.330355644 0.046183880 0.998866856 -0.011491548 -7.217299461 -0.067850173 0.014613978 0.997588515 65.474845886
0.996894062 -0.043924499 0.065367319 5.449237823 0.044639204 0.998957813 -0.009512974 -7.356598854 -0.064881347 0.012401373 0.997815847 66.671897888
0.997283041 -0.040266912 0.061685089 5.568301678 0.040723629 0.999151349 -0.006164277 -7.481713772 -0.061384521 0.008659571 0.998076618 67.847740173
0.997533858 -0.038746152 0.058522101 5.686325073 0.039023224 0.999231815 -0.003598818 -7.608447075 -0.058337696 0.005873666 0.998279572 69.012832642
0.997758925 -0.037496954 0.055417854 5.802824020 0.037924461 0.999258220 -0.006682392 -7.746459484 -0.055126186 0.008769108 0.998440862 70.218399048
0.997933805 -0.037810363 0.051947802 5.911785126 0.038548019 0.999168575 -0.013271805 -7.875903606 -0.051402800 0.015246868 0.998561621 71.378974915
0.998007298 -0.041114863 0.047863860 6.026901245 0.041948047 0.998982906 -0.016534360 -8.008784294 -0.047135375 0.018509207 0.998716950 72.562355042
0.998021901 -0.044154804 0.044750385 6.123358250 0.044722665 0.998930037 -0.011768246 -8.140896797 -0.044182885 0.013746324 0.998928845 73.731575012
0.998033226 -0.048626661 0.039565124 6.240557194 0.048944533 0.998776257 -0.007104820 -8.265164375 -0.039171234 0.009027341 0.999191761 74.904167175
0.998100877 -0.050560556 0.035191160 6.336126328 0.050763715 0.998698652 -0.004902860 -8.379634857 -0.034897480 0.006679983 0.999368608 76.080780029
0.998312294 -0.049112987 0.030991074 6.425444603 0.049203087 0.998786569 -0.002151268 -8.508728981 -0.030847801 0.003672495 0.999517322 77.238014221
0.998427451 -0.049019650 0.027198547 6.514328957 0.049090434 0.998792410 -0.001940588 -8.626365662 -0.027070574 0.003272725 0.999628067 78.394172668
0.998608708 -0.047028679 0.023853520 6.595295906 0.047116823 0.998884380 -0.003146805 -8.759876251 -0.023678914 0.004266328 0.999710560 79.564308167
0.998726070 -0.045618974 0.021568533 6.650725365 0.045813195 0.998913050 -0.008597965 -8.883886337 -0.021152860 0.009575136 0.999730349 80.718879700
0.998653889 -0.048778135 0.017635083 6.734067917 0.049030270 0.998696983 -0.014159245 -9.009138107 -0.016921442 0.015004838 0.999744177 81.860809326
0.998495936 -0.052899379 0.014409524 6.803702831 0.053115446 0.998475075 -0.015048828 -9.139605522 -0.013591478 0.015791561 0.999782979 83.026977539
0.998548746 -0.052774210 0.010749254 6.865570545 0.052892353 0.998539388 -0.011020140 -9.274973869 -0.010151976 0.011572698 0.999881506 84.168075562
0.998537898 -0.053399693 0.008392422 6.923312664 0.053471893 0.998532057 -0.008628136 -9.399492264 -0.007919362 0.009064279 0.999927580 85.299201965
0.998693585 -0.050562866 0.007379941 6.975854397 0.050634868 0.998667955 -0.009919589 -9.529607773 -0.006868547 0.010280314 0.999923587 86.436996460
0.998871565 -0.047011971 0.006739835 7.030649185 0.047098685 0.998801053 -0.013342679 -9.657652855 -0.006104489 0.013645059 0.999888182 87.573478699
0.998935282 -0.045796741 0.005555575 7.084428310 0.045879327 0.998822391 -0.015781907 -9.788112640 -0.004826273 0.016019991 0.999859929 88.691146851
0.998873234 -0.047226992 0.004670803 7.138212204 0.047297560 0.998746634 -0.016371747 -9.919185638 -0.003891760 0.016574219 0.999854982 89.810562134
0.998845994 -0.047862191 0.003980179 7.179901123 0.047912963 0.998755813 -0.013826357 -10.054053307 -0.003313468 0.014001104 0.999896467 90.934333801
0.998762131 -0.049669042 0.002660430 7.240107536 0.049695700 0.998702526 -0.011122230 -10.177627563 -0.002104548 0.011240674 0.999934554 92.041282654
0.998787403 -0.049167041 0.002480892 7.293161869 0.049190983 0.998731554 -0.010747515 -10.300400734 -0.001949322 0.010856520 0.999939084 93.179374695
0.998762667 -0.049693778 0.001970555 7.340971470 0.049714986 0.998681605 -0.012787150 -10.430799484 -0.001332515 0.012869292 0.999916255 94.310028076
0.998757839 -0.049805123 0.001513287 7.396887302 0.049823340 0.998621881 -0.016492030 -10.556507111 -0.000689814 0.016546942 0.999862790 95.409080505
0.998712957 -0.050711971 0.000878557 7.454752922 0.050719582 0.998560965 -0.017426582 -10.687846184 0.000006444 0.017448714 0.999847770 96.515380859
0.998692513 -0.051098593 0.001400338 7.497446060 0.051114656 0.998559535 -0.016313802 -10.818240166 -0.000564708 0.016364055 0.999865949 97.587738037
0.998711050 -0.050726093 0.001778319 7.549360752 0.050742358 0.998653710 -0.010770528 -10.937071800 -0.001229578 0.010846881 0.999940395 98.675994873
0.998784006 -0.049222618 0.002738202 7.603458405 0.049242277 0.998757601 -0.007649032 -11.054828644 -0.002358295 0.007774566 0.999966979 99.732749939
0.998847902 -0.047780868 0.004448751 7.660548210 0.047815353 0.998824239 -0.007998344 -11.164829254 -0.004061352 0.008201848 0.999958098 100.784027100
0.998930335 -0.045789808 0.006436803 7.711942196 0.045849692 0.998903275 -0.009486870 -11.288878441 -0.005995341 0.009771846 0.999934256 101.830024719
0.998907804 -0.045868095 0.008903038 7.765799522 0.045974724 0.998868525 -0.012166227 -11.402563095 -0.008334924 0.012562253 0.999886334 102.841888428
0.998818994 -0.047504228 0.010188809 7.836766720 0.047632180 0.998784065 -0.012706207 -11.520658493 -0.009572821 0.013176515 0.999867320 103.859275818
0.998702586 -0.049525730 0.011844872 7.898951530 0.049661789 0.998700082 -0.011482174 -11.647692680 -0.011260813 0.012055515 0.999863863 104.852905273
0.998687625 -0.049317695 0.013813516 7.954257011 0.049456742 0.998727083 -0.009911636 -11.761082649 -0.013307115 0.010581802 0.999855399 105.807899475
0.998615861 -0.050386537 0.015086091 8.015708923 0.050522923 0.998684108 -0.008799440 -11.866127014 -0.014622866 0.009549453 0.999847472 106.763031006
0.998557389 -0.050998192 0.016803147 8.074429512 0.051156104 0.998649180 -0.009105830 -11.971031189 -0.016316067 0.009952277 0.999817431 107.679397583
0.998535216 -0.050839726 0.018512487 8.132471085 0.050983038 0.998672545 -0.007353099 -12.070865631 -0.018114083 0.008286153 0.999801576 108.585350037
0.998548090 -0.049771540 0.020604881 8.187940598 0.049890742 0.998740613 -0.005311715 -12.166234970 -0.020314559 0.006331995 0.999773562 109.457557678
0.998517036 -0.049940929 0.021667739 8.249894142 0.049995087 0.998747528 -0.001964744 -12.267727852 -0.021542478 0.003045111 0.999763310 110.309707642
0.998481452 -0.049962264 0.023204494 8.311355591 0.050019648 0.998746455 -0.001898728 -12.357824326 -0.023080546 0.003056526 0.999728918 111.135604858
0.998499632 -0.048995703 0.024456773 8.359575272 0.049041621 0.998795867 -0.001280454 -12.444466591 -0.024364598 0.002477932 0.999700010 111.944419861
0.998590827 -0.046923220 0.024788192 8.413908958 0.046961796 0.998896122 -0.000976046 -12.523208618 -0.024715034 0.002138769 0.999692261 112.724395752
0.998713672 -0.044395391 0.024492610 8.455106735 0.044355456 0.999013484 0.002171772 -12.601942062 -0.024564866 -0.001082598 0.999697626 113.483467102
0.998801649 -0.044119939 0.021182058 8.503950119 0.044066470 0.999024153 0.002984570 -12.681182861 -0.021293070 -0.002047574 0.999771178 114.222137451
0.998911679 -0.044151213 0.015035219 8.537711143 0.044109274 0.999021828 0.003109175 -12.754833221 -0.015157785 -0.002442599 0.999882162 114.919952393
0.999086082 -0.042495377 0.004609359 8.562854767 0.042485349 0.999094486 0.002252089 -12.831232071 -0.004700886 -0.002054200 0.999986947 115.583374023
0.999174476 -0.039551962 -0.009271801 8.560452461 0.039544970 0.999217391 -0.000935933 -12.896308899 0.009301566 0.000568508 0.999956608 116.230567932
0.998858690 -0.038377561 -0.028433139 8.561747551 0.038303927 0.999261379 -0.003129955 -12.966317177 0.028532252 0.002037282 0.999590814 116.845321655
0.998041928 -0.036672547 -0.050668947 8.525730133 0.036452074 0.999321580 -0.005268742 -13.036078453 0.050827794 0.003411437 0.998701632 117.431983948
0.996305764 -0.035129048 -0.078362897 8.484692574 0.034668934 0.999372840 -0.007224775 -13.101922035 0.078567557 0.004481328 0.996898770 118.003387451
0.993359029 -0.032881934 -0.110257499 8.410485268 0.032055832 0.999443233 -0.009257203 -13.167579651 0.110500500 0.005661328 0.993860006 118.544487000
0.988979757 -0.028045163 -0.145370483 8.296730042 0.026793854 0.999585271 -0.010558922 -13.232758522 0.145606324 0.006547524 0.989320934 119.087600708
0.982632458 -0.022517916 -0.184190989 8.192520142 0.021016007 0.999728084 -0.010102459 -13.290097237 0.184368372 0.006056047 0.982838571 119.591644287
0.974014699 -0.017084861 -0.225839525 8.052480698 0.015658267 0.999844551 -0.008106734 -13.347304344 0.225942940 0.004359823 0.974130750 120.095619202
0.962697089 -0.012527112 -0.270291358 7.875999451 0.011154333 0.999915898 -0.006614388 -13.403109550 0.270351470 0.003352732 0.962755919 120.587745667
0.948441625 -0.006355174 -0.316888332 7.685485840 0.004407296 0.999966681 -0.006863297 -13.461663246 0.316921413 0.005112817 0.948438108 121.051124573
0.930991113 0.001587908 -0.365038574 7.458000183 -0.004676513 0.999960303 -0.007577129 -13.516306877 0.365012109 0.008761346 0.930961609 121.517059326
0.909926653 0.006243647 -0.414722145 7.202095032 -0.010745007 0.999905884 -0.008521629 -13.567790985 0.414629996 0.012210249 0.909908175 121.949386597
0.884728014 0.010603390 -0.465986997 6.935131073 -0.015861621 0.999847054 -0.007363839 -13.618888855 0.465837687 0.013906306 0.884760916 122.361946106
0.855621755 0.013758512 -0.517418742 6.651351929 -0.020484049 0.999763608 -0.007288754 -13.660627365 0.517196119 0.016835248 0.855701208 122.766609192
0.824348927 0.023399306 -0.565598130 6.318496704 -0.031031415 0.999510884 -0.003877048 -13.712218285 0.565230846 0.020747351 0.824671805 123.127487183
0.790390611 0.036632102 -0.611506939 5.973945618 -0.044115018 0.999022484 0.002826115 -13.752788544 0.611012697 0.024742911 0.791234016 123.478240967
0.754320681 0.045651782 -0.654916942 5.617225647 -0.055408262 0.998447120 0.005779792 -13.795219421 0.654163718 0.031927995 0.755678773 123.795318604
0.714838803 0.049478162 -0.697536647 5.243095398 -0.062528409 0.998020649 0.006712896 -13.840506554 0.696488082 0.038817216 0.716517627 124.090087891
0.672236323 0.051233497 -0.738561749 4.869552612 -0.065012835 0.997833848 0.010044575 -13.886667252 0.737476528 0.041263666 0.674111068 124.374069214
0.628137529 0.054603610 -0.776184022 4.464847565 -0.067986213 0.997571111 0.015159149 -13.924113274 0.775126517 0.043247785 0.630324125 124.645401001
0.583181024 0.063068144 -0.809890270 4.039894104 -0.079364352 0.996635675 0.020462241 -13.950881004 0.808456063 0.052343234 0.586224318 124.873931885
0.537607133 0.072016358 -0.840114415 3.595706940 -0.090617634 0.995510280 0.027349055 -13.977288246 0.838311970 0.061426137 0.541719317 125.083381653
0.490166903 0.077121414 -0.868210018 3.146007538 -0.096014604 0.994793773 0.034158457 -14.005901337 0.866324186 0.066617496 0.495019734 125.289848328
0.443666488 0.078222923 -0.892771661 2.680503845 -0.095090806 0.994668841 0.039895192 -14.027307510 0.891132891 0.067194231 0.448739499 125.459938049
0.396727800 0.079786502 -0.914462268 2.208496094 -0.092665210 0.994607389 0.046577506 -14.047458649 0.913247108 0.066260248 0.401981741 125.626525879
0.350594640 0.082832187 -0.932857096 1.714683533 -0.094216563 0.994147122 0.052865088 -14.070946693 0.931776047 0.069356367 0.356346816 125.777160645
0.306872070 0.085877784 -0.947868466 1.211479187 -0.099667236 0.993344605 0.057730734 -14.088361740 0.946517885 0.076755486 0.313388884 125.891960144
0.265513986 0.087730773 -0.960107088 0.688220978 -0.104418829 0.992609918 0.061824128 -14.106296539 0.958435655 0.083838098 0.272712529 125.993598938
0.226349950 0.084280394 -0.970392942 0.162607193 -0.104907446 0.992563963 0.061735697 -14.121651649 0.968380094 0.087827571 0.233508438 126.089401245
0.191631094 0.079455517 -0.978245497 -0.375154495 -0.099719599 0.993136048 0.061130617 -14.141600609 0.976387978 0.085835747 0.198238999 126.178985596
0.161218047 0.074264057 -0.984120727 -0.930112839 -0.096899703 0.993537962 0.059100654 -14.158390045 0.982150257 0.085832924 0.167372435 126.257484436
0.134297535 0.072514847 -0.988284230 -1.490468979 -0.097649105 0.993433297 0.059623159 -14.178936958 0.986118019 0.088497832 0.140496671 126.336875916
0.112127736 0.071747623 -0.991100252 -2.072278976 -0.098727532 0.993259311 0.060734421 -14.194431305 0.988777161 0.091038875 0.118455410 126.401977539
0.094032273 0.073211454 -0.992873609 -2.680264473 -0.101194702 0.992830098 0.063624375 -14.207880020 0.990412831 0.094490811 0.100766674 126.447898865
0.077711299 0.071543641 -0.994405568 -3.285477638 -0.102070637 0.992751718 0.063447990 -14.231409073 0.991737187 0.096568987 0.084450528 126.500015259
0.064123854 0.070530698 -0.995446444 -3.905825615 -0.101660252 0.992771685 0.063792527 -14.257040977 0.992750466 0.097106695 0.070830502 126.543884277
0.051631790 0.067804463 -0.996361852 -4.553040504 -0.095836848 0.993424237 0.062638268 -14.278697014 0.994057059 0.092254058 0.057790440 126.602119446
0.039433561 0.065225095 -0.997091055 -5.200521946 -0.093520939 0.993727982 0.061306465 -14.296534538 0.994836092 0.090831369 0.045286145 126.645454407
0.028664138 0.064862080 -0.997482419 -5.859481812 -0.092919074 0.993744671 0.061948854 -14.316860199 0.995261014 0.090909451 0.034511760 126.679908752
0.019934770 0.066254802 -0.997603595 -6.530075073 -0.096408300 0.993279517 0.064041123 -14.338510513 0.995142281 0.094900630 0.026188310 126.687530518
0.011398580 0.065623708 -0.997779310 -7.235717773 -0.099485733 0.992967606 0.064170726 -14.362546921 0.994973719 0.098533355 0.017847041 126.708129883
0.004846186 0.065144613 -0.997864068 -7.922326088 -0.102110796 0.992692053 0.064311050 -14.383893013 0.994761288 0.101581044 0.011462739 126.727462769
-0.000636871 0.066533320 -0.997783959 -8.617989540 -0.102684677 0.992505550 0.066246882 -14.404884338 0.994713843 0.102499321 0.006199853 126.744300842
-0.003932481 0.068529978 -0.997641325 -9.342426300 -0.104185104 0.992191553 0.068566322 -14.421920776 0.994550109 0.104208976 0.003238031 126.764251709
-0.004780279 0.072062865 -0.997388601 -10.061308861 -0.106588103 0.991681278 0.072161354 -14.442358971 0.994291782 0.106654711 0.002940531 126.777862549
-0.005746796 0.075655058 -0.997117460 -10.794440269 -0.109353550 0.991106331 0.075829208 -14.457919121 0.993986249 0.109474123 0.002577463 126.788253784
-0.007336782 0.081269525 -0.996665120 -11.525495529 -0.114279129 0.990093768 0.081574932 -14.469687462 0.993421614 0.114496514 0.002023308 126.804237366
-0.008682045 0.084853351 -0.996355653 -12.263143539 -0.117115870 0.989449441 0.085285731 -14.482177734 0.993080378 0.117429510 0.001347232 126.822059631
-0.010123248 0.085436203 -0.996292353 -13.008124352 -0.116534375 0.989453375 0.086033836 -14.498069763 0.993135095 0.116973236 -0.000060227 126.839286804
-0.011151255 0.082121290 -0.996559978 -13.780858040 -0.114503995 0.989961267 0.082858801 -14.514948845 0.993360221 0.115034074 -0.001636092 126.854087830
-0.012947611 0.078715511 -0.996813118 -14.533295631 -0.118177883 0.989789188 0.079695880 -14.519817352 0.992908061 0.118833125 -0.003512970 126.867286682
-0.013919435 0.080633134 -0.996646643 -15.305501938 -0.122997448 0.989035487 0.081735164 -14.530935287 0.992309451 0.123722702 -0.003849143 126.866935730
-0.015362372 0.083581254 -0.996382535 -16.079196930 -0.120306000 0.989106178 0.084825784 -14.543607712 0.992617965 0.121173926 -0.005139691 126.882194519
-0.017542729 0.083696216 -0.996336937 -16.853132248 -0.119033918 0.989228368 0.085194938 -14.559069633 0.992735147 0.120092429 -0.007391077 126.898735046
-0.018050443 0.083391719 -0.996353328 -17.643928528 -0.122567803 0.988815069 0.084981285 -14.570480347 0.992295980 0.123654798 -0.007627411 126.895042419
-0.019309564 0.082690686 -0.996388078 -18.437995911 -0.125951231 0.988433540 0.084471397 -14.580904961 0.991848409 0.127127439 -0.008671226 126.908882141
-0.020748449 0.086893387 -0.996001601 -19.234752655 -0.127839386 0.987807810 0.088841669 -14.585601807 0.991577685 0.129171580 -0.009387081 126.919662476
-0.021275306 0.091683254 -0.995560884 -20.040786743 -0.127106681 0.987457812 0.093653321 -14.597168922 0.991660833 0.128534958 -0.009354912 126.931030273
-0.020115830 0.094058879 -0.995363414 -20.871818542 -0.128683835 0.987040460 0.095873021 -14.600467682 0.991481602 0.130015746 -0.007751281 126.943183899
-0.018273836 0.092882328 -0.995509386 -21.690277100 -0.128012151 0.987263739 0.094462812 -14.606590271 0.991604209 0.129163489 -0.006151030 126.956214905
-0.017048208 0.092879988 -0.995531380 -22.521762848 -0.127920806 0.987290978 0.094301797 -14.610695839 0.991637945 0.128956869 -0.004950257 126.966888428
-0.017059302 0.091967657 -0.995615840 -23.338161469 -0.126437739 0.987568498 0.093390748 -14.614885330 0.991827786 0.127476603 -0.005219048 126.992691040
-0.016411515 0.093886435 -0.995447695 -24.175043106 -0.127349228 0.987277091 0.095215395 -14.620306015 0.991722107 0.128332123 -0.004246348 127.013954163
-0.015901148 0.095917277 -0.995262265 -25.014963150 -0.128839359 0.986893356 0.097169176 -14.620015144 0.991537869 0.129774079 -0.003334815 127.030937195
-0.015463504 0.098335885 -0.995033264 -25.890617371 -0.132045507 0.986235321 0.099518515 -14.619401932 0.991123021 0.132928565 -0.002265841 127.040771484
-0.013902616 0.099327110 -0.994957745 -26.756595612 -0.134396940 0.985839009 0.100294732 -14.615129471 0.990830064 0.135113671 -0.000356479 127.053672791
-0.012093140 0.102679908 -0.994641006 -27.625188828 -0.141046032 0.984592974 0.103357501 -14.615660667 0.989929140 0.141540095 0.002575775 127.067756653
-0.009864469 0.106350228 -0.994279802 -28.500131607 -0.145458460 0.983599126 0.106650941 -14.610146523 0.989315093 0.145678461 0.005766859 127.087310791
-0.007952729 0.108173154 -0.994100213 -29.374807358 -0.147975177 0.983059227 0.108155526 -14.604541779 0.988959074 0.147962257 0.008188938 127.120109558
-0.003852137 0.109140806 -0.994018853 -30.275833130 -0.147128955 0.983146548 0.108517222 -14.605926514 0.989109755 0.146666989 0.012270559 127.139259338
-0.001204847 0.109006226 -0.994040251 -31.165935516 -0.149654195 0.982826948 0.107957952 -14.598225594 0.988737702 0.148892403 0.015129084 127.169891357
0.001165007 0.112933114 -0.993601918 -32.068088531 -0.150186971 0.982352555 0.111478411 -14.591141701 0.988656878 0.149096176 0.018105533 127.201156616
0.003638086 0.114718102 -0.993391335 -32.984603882 -0.149152040 0.982348144 0.112896577 -14.580305099 0.988807499 0.147755638 0.020684307 127.241416931
0.005477778 0.116123572 -0.993219614 -33.878818512 -0.149916455 0.982104659 0.113997243 -14.576457977 0.988683403 0.148275539 0.022788586 127.282104492
0.007819507 0.114235297 -0.993422866 -34.777076721 -0.151104420 0.982180595 0.111753136 -14.569355011 0.988486826 0.149236739 0.024941627 127.316474915
0.008190408 0.115499035 -0.993273795 -35.695594788 -0.155606911 0.981354058 0.112829894 -14.557176590 0.987785101 0.153636143 0.026010141 127.356422424
0.009199457 0.116089679 -0.993196189 -36.591045380 -0.156017944 0.981240809 0.113247178 -14.550529480 0.987711489 0.153914630 0.027138960 127.394371033
0.009536278 0.112672977 -0.993586361 -37.483181000 -0.156878486 0.981495738 0.109796204 -14.548742294 0.987571895 0.154825270 0.027035782 127.430709839
0.010265969 0.108447604 -0.994049072 -38.394611359 -0.157983348 0.981792092 0.105478816 -14.544615746 0.987388372 0.155960351 0.027211962 127.475875854
0.010807462 0.107566312 -0.994139135 -39.290657043 -0.157579422 0.981957793 0.104535200 -14.537910461 0.987447143 0.155526102 0.027562706 127.518981934
0.010391296 0.111788094 -0.993677795 -40.191532135 -0.159772679 0.981149912 0.108707935 -14.535014153 0.987099111 0.157632917 0.028056104 127.563766479
0.010765015 0.117968611 -0.992958963 -41.117698669 -0.160606503 0.980328143 0.114726819 -14.519927979 0.986959815 0.158240661 0.029499779 127.593978882
0.010967960 0.116548009 -0.993124485 -42.011798859 -0.158436507 0.980840445 0.113356672 -14.518617630 0.987308383 0.156103879 0.029223278 127.639404297
0.012095932 0.106335290 -0.994256675 -42.906227112 -0.157565758 0.982109666 0.103119247 -14.525292397 0.987434387 0.155413508 0.028634330 127.681770325
0.012479217 0.096308880 -0.995273292 -43.799541473 -0.159487501 0.982799828 0.093102150 -14.528370857 0.987120926 0.157571822 0.027624633 127.720703125
0.011798613 0.093053170 -0.995591283 -44.704986572 -0.156557024 0.983553112 0.090072684 -14.536535263 0.987598419 0.154804081 0.026172690 127.763214111
0.011492303 0.103156433 -0.994598866 -45.627986908 -0.148754284 0.983772874 0.100314818 -14.540236473 0.988807380 0.146797970 0.026650781 127.818077087
0.011738640 0.116680153 -0.993100226 -46.549579620 -0.144060180 0.983004570 0.113791212 -14.536550522 0.989499271 0.141730428 0.028348103 127.871162415
0.011618770 0.125398457 -0.992038429 -47.477077484 -0.144469306 0.981906593 0.122425713 -14.523015976 0.989440978 0.141896650 0.029524773 127.918083191
0.011521066 0.119793788 -0.992731988 -48.401172638 -0.144755527 0.982539475 0.116883904 -14.516488075 0.989400327 0.142356813 0.028660718 127.963592529
0.011828894 0.105668023 -0.994331121 -49.313339233 -0.144468009 0.984148026 0.102867231 -14.503592491 0.989438713 0.142432228 0.026907032 128.006057739
0.012790740 0.097797789 -0.995124102 -50.244461060 -0.145622283 0.984777272 0.094909199 -14.518581390 0.989257574 0.143698275 0.026837571 128.036407471
0.013353579 0.097920120 -0.995104671 -51.165355682 -0.144993171 0.984864593 0.094966769 -14.526416779 0.989342570 0.143015221 0.027349211 128.082809448
0.012863629 0.099227607 -0.994981587 -52.087463379 -0.147824138 0.984318852 0.096253067 -14.535284042 0.988929987 0.145844147 0.027330147 128.123138428
0.012511324 0.098751068 -0.995033503 -53.043426514 -0.152123973 0.983715892 0.095715091 -14.547263145 0.988282204 0.150170922 0.027329993 128.177612305
0.013050348 0.098220363 -0.995079160 -53.973812103 -0.153584898 0.983551621 0.095068268 -14.547361374 0.988049209 0.151588485 0.027920853 128.221069336
0.014093070 0.106092684 -0.994256377 -54.914836884 -0.162986010 0.981300116 0.102399938 -14.547946930 0.986527681 0.160606757 0.031121152 128.257583618
0.016180741 0.115016416 -0.993231773 -55.858646393 -0.168619007 0.979448318 0.110673316 -14.537427902 0.985548496 0.165686980 0.035242151 128.289947510
0.017163115 0.122960061 -0.992263138 -56.828540802 -0.168934390 0.978498161 0.118332259 -14.524612427 0.985477865 0.165596426 0.037566252 128.344284058
0.018265594 0.123695485 -0.992152095 -57.768222809 -0.170382798 0.978188157 0.118817799 -14.514760017 0.985208631 0.166875362 0.038942769 128.391036987
0.019228585 0.114254236 -0.993265390 -58.703216553 -0.171940446 0.979026318 0.109287754 -14.512264252 0.984919667 0.168681040 0.038470216 128.448959351
0.020390783 0.109083451 -0.993823349 -59.647304535 -0.170379311 0.979868948 0.104056038 -14.506407738 0.985167503 0.167205155 0.038565863 128.504837036
0.022612734 0.107462294 -0.993951917 -60.600090027 -0.168943450 0.980318546 0.102144785 -14.509947777 0.985366285 0.165611878 0.040322736 128.556747437
0.026232898 0.113718621 -0.993166566 -61.554588318 -0.170308501 0.979492486 0.107654482 -14.505867958 0.985041559 0.166320622 0.045062177 128.608367920
0.029187657 0.115895331 -0.992832541 -62.521450043 -0.173161119 0.978824377 0.109169483 -14.510455132 0.984461010 0.168733582 0.048638154 128.679733276
0.033929016 0.110244036 -0.993325174 -63.466445923 -0.172761723 0.979582429 0.102817781 -14.504846573 0.984379113 0.168120101 0.052282222 128.738677979
0.036077350 0.104724191 -0.993846655 -64.432922363 -0.172304884 0.980252445 0.097036913 -14.516115189 0.984382689 0.167743847 0.053409401 128.820999146
0.039961696 0.104454875 -0.993726432 -65.383361816 -0.169836044 0.980759561 0.096262090 -14.517658234 0.984661698 0.164923787 0.056933016 128.890213013
0.042711429 0.108623303 -0.993165016 -66.333747864 -0.167442650 0.980790079 0.100068897 -14.524239540 0.984956086 0.162024125 0.060079116 128.969421387
0.045389265 0.115966067 -0.992215574 -67.315826416 -0.166984841 0.980145335 0.106916554 -14.532276154 0.984914064 0.160832152 0.063852645 129.059371948
0.048876327 0.119715884 -0.991604328 -68.267723083 -0.164714664 0.980164051 0.110215873 -14.530271530 0.985129476 0.157944828 0.067625768 129.137130737
0.050306816 0.121133164 -0.991360724 -69.232810974 -0.164442956 0.980074763 0.111409441 -14.528495789 0.985102892 0.157417595 0.069223933 129.228378296
0.052431531 0.118980162 -0.991511285 -70.184318542 -0.162687942 0.980630457 0.109071471 -14.528556824 0.985283494 0.155588105 0.070772596 129.310974121
0.052923180 0.116949618 -0.991726756 -71.139839172 -0.160150617 0.981257677 0.107168667 -14.525091171 0.985672832 0.153153956 0.070660815 129.397003174
0.052855738 0.113190211 -0.992166519 -72.080131531 -0.157016516 0.982138515 0.103681438 -14.532068253 0.986180484 0.150306359 0.069684379 129.492919922
0.052663203 0.113776706 -0.992109716 -73.049530029 -0.155881107 0.982246280 0.104371078 -14.533707619 0.986370921 0.149154633 0.069463871 129.574890137
0.051424790 0.117343813 -0.991759002 -74.004081726 -0.151903063 0.982437015 0.108364373 -14.525998116 0.987056732 0.145078629 0.068346485 129.680053711
0.051760778 0.119068958 -0.991535902 -74.971031189 -0.146875143 0.982977748 0.110373989 -14.524159431 0.987799823 0.139918923 0.068367966 129.764221191
0.050674431 0.115515530 -0.992012203 -75.919296265 -0.143849686 0.983775258 0.107208170 -14.522300720 0.988301277 0.137267902 0.066469125 129.852523804
0.049486797 0.111837022 -0.992493629 -76.868682861 -0.145444766 0.983925164 0.103619486 -14.522632599 0.988128006 0.139225215 0.064957425 129.932281494
0.048278086 0.107718185 -0.993008554 -77.849815369 -0.141647518 0.984858572 0.099947497 -14.517195702 0.988739133 0.135831892 0.062805109 130.005554199
0.047476362 0.108970858 -0.992910564 -78.787284851 -0.142312616 0.984628916 0.101257227 -14.525095940 0.988682508 0.136496335 0.062254526 130.069763184
0.046314500 0.110433169 -0.992803812 -79.738288879 -0.142911583 0.984379172 0.102829218 -14.526533127 0.988651276 0.137120664 0.061373204 130.150756836
0.045496162 0.111442551 -0.992728889 -80.703521729 -0.145376548 0.983917296 0.103790842 -14.532285690 0.988329828 0.139597401 0.060965586 130.216033936
0.044106800 0.111527503 -0.992782056 -81.659118652 -0.145290837 0.983899891 0.104074799 -14.523894310 0.988405287 0.139651746 0.059600614 130.289718628
0.042323925 0.112366423 -0.992765069 -82.613449097 -0.145530149 0.983751059 0.105141863 -14.525145531 0.988448024 0.140027255 0.057988904 130.357360840
0.040012926 0.115883037 -0.992456555 -83.557319641 -0.145563185 0.983331859 0.108948909 -14.526945114 0.988539517 0.140105799 0.056214284 130.433700562
0.038520917 0.119106010 -0.992134035 -84.523178101 -0.146749988 0.982779980 0.112285286 -14.514507294 0.988423288 0.141270325 0.055336382 130.486740112
0.036638297 0.123434015 -0.991676152 -85.473167419 -0.147714481 0.982110798 0.116785966 -14.498120308 0.988351226 0.142206088 0.054215848 130.551559448
0.034453910 0.124001727 -0.991683781 -86.419830322 -0.148098737 0.981951058 0.117639363 -14.497171402 0.988372266 0.142813951 0.052196547 130.617706299
0.033210680 0.117961049 -0.992462695 -87.364189148 -0.148164764 0.982619166 0.111833058 -14.487401962 0.988404870 0.143333927 0.050111115 130.681488037
0.030891100 0.113587402 -0.993047655 -88.302200317 -0.152901620 0.982365251 0.107609138 -14.479365349 0.987758517 0.148514420 0.047714036 130.744384766
0.030738948 0.111047372 -0.993339539 -89.274223328 -0.151420474 0.982856512 0.105189711 -14.468446732 0.987991393 0.147178546 0.047026817 130.792266846
0.029783236 0.112302721 -0.993227601 -90.225677490 -0.147422612 0.983294964 0.106758997 -14.472317696 0.988625109 0.143244579 0.045841668 130.854736328
0.029120378 0.113167636 -0.993149102 -91.176322937 -0.143916026 0.983693063 0.107870355 -14.465589523 0.989161372 0.139788821 0.044932153 130.923278809
0.027892265 0.113350153 -0.993163466 -92.121978760 -0.139001071 0.984337151 0.108439036 -14.468091011 0.989899397 0.135026187 0.043211177 130.991714478
0.026928110 0.110493176 -0.993512034 -93.067474365 -0.134884462 0.985184669 0.105911158 -14.468596458 0.990495443 0.131157339 0.041432977 131.053695679
0.026127225 0.107377522 -0.993874967 -94.041786194 -0.129787803 0.986163795 0.103132494 -14.475322723 0.991197467 0.126298279 0.039702013 131.109481812
0.025053855 0.109882027 -0.993628800 -95.002288818 -0.127868652 0.986128747 0.105828471 -14.477137566 0.991474569 0.124402575 0.038756788 131.168609619
0.023598047 0.112412788 -0.993381381 -95.946533203 -0.127656281 0.985862672 0.108529456 -14.477175713 0.991537750 0.124250270 0.037614629 131.231994629
0.022525759 0.110230610 -0.993650734 -96.902801514 -0.123057701 0.986650705 0.106664367 -14.470741272 0.992143869 0.119873688 0.035789773 131.278808594
0.019253029 0.107385620 -0.994031012 -97.859863281 -0.120989472 0.987159073 0.104299873 -14.474013329 0.992467046 0.118259214 0.031998325 131.342102051
0.016370289 0.104880884 -0.994350076 -98.809074402 -0.119948171 0.987507343 0.102184385 -14.473636627 0.992645204 0.117597692 0.028746054 131.396057129
0.014095752 0.103528000 -0.994526565 -99.771255493 -0.113637842 0.988347113 0.101274088 -14.478558540 0.993422151 0.111588329 0.025696196 131.444595337
0.011451983 0.103901476 -0.994521677 -100.716087341 -0.107767306 0.988922000 0.102075517 -14.476350784 0.994110167 0.106007956 0.022522300 131.500381470
0.008850978 0.111646697 -0.993708551 -101.713127136 -0.097895741 0.989070535 0.110253640 -14.473090172 0.995157301 0.096303999 0.019683978 131.557678223
0.006371662 0.119791538 -0.992778659 -102.672309875 -0.089965947 0.988841355 0.118739069 -14.467576027 0.995924413 0.088559702 0.017077724 131.613540649
0.002209972 0.118739083 -0.992923021 -103.626319885 -0.085669018 0.989297569 0.118114844 -14.456286430 0.996321142 0.084801726 0.012358582 131.672073364
0.000652671 0.109430283 -0.993994176 -104.578163147 -0.086911879 0.990239322 0.108959839 -14.460410118 0.996215701 0.086318813 0.010157095 131.695114136
-0.001449012 0.099810630 -0.995005369 -105.525222778 -0.088614061 0.991079271 0.099545844 -14.455209732 0.996064961 0.088315725 0.007408540 131.733764648
-0.002127220 0.101670921 -0.994815767 -106.477226257 -0.096070029 0.990195751 0.101404183 -14.459498405 0.995372295 0.095787682 0.007661164 131.761306763
-0.002564964 0.110893652 -0.993828952 -107.450912476 -0.099261247 0.988895833 0.110599399 -14.442325592 0.995058119 0.098932371 0.008470962 131.789169312
-0.004086013 0.122120284 -0.992506921 -108.413688660 -0.103002012 0.987184584 0.121889457 -14.427668571 0.994672835 0.102728240 0.008544986 131.819915771
-0.006079217 0.124059588 -0.992256165 -109.361038208 -0.110014237 0.986168146 0.123972438 -14.416531563 0.993911386 0.109915957 0.007653192 131.853775024
-0.005384990 0.120749697 -0.992668390 -110.350906372 -0.117442444 0.985736549 0.120543592 -14.393631935 0.993065119 0.117230542 0.008872958 131.869033813
-0.005742138 0.116996221 -0.993115783 -111.304649353 -0.125557512 0.985188305 0.116788261 -14.380668640 0.992069781 0.125363737 0.009032665 131.894592285
-0.003825126 0.118986420 -0.992888510 -112.268363953 -0.130329207 0.984367669 0.118467391 -14.361267090 0.991463423 0.129855528 0.011742076 131.923126221
-0.002147735 0.120195448 -0.992747903 -113.253509521 -0.138397455 0.983160973 0.119334154 -14.340077400 0.990374446 0.137650058 0.014523176 131.943939209
-0.001557130 0.122512408 -0.992465794 -114.219566345 -0.147545606 0.981576443 0.121399693 -14.319345474 0.989053965 0.146623015 0.016547726 131.964599609
-0.001617954 0.125003532 -0.992155015 -115.191513062 -0.153083920 0.980431020 0.123776034 -14.298923492 0.988211870 0.152083263 0.017549736 131.995452881
-0.000791280 0.124454811 -0.992224932 -116.165588379 -0.157558113 0.979816556 0.123024076 -14.281857491 0.987509370 0.156430438 0.018833561 132.024917603
0.000582594 0.115007423 -0.993364394 -117.119331360 -0.156546950 0.981127441 0.113498859 -14.283166885 0.987670362 0.155442074 0.018575659 132.060806274
0.002408637 0.103301860 -0.994647145 -118.074279785 -0.159864977 0.981897414 0.101590589 -14.269893646 0.987135887 0.158764556 0.018879389 132.094650269
