1.000000000 0.000000000 0.000000000 0.000000000 0.000000000 1.000000000 0.000000000 0.000000000 0.000000000 0.000000000 1.000000000 0.000000000
0.999997675 -0.001637364 -0.001409645 0.050430126 0.001634275 0.999996245 -0.002189619 -0.132026657 0.001413225 0.002187310 0.999996603 1.297428012
0.999997735 0.000066711 -0.002089021 0.102605447 -0.000080109 0.999979436 -0.006413761 -0.267042398 0.002088550 0.006413915 0.999977231 2.600194454
0.999995887 0.002601417 -0.001183533 0.144949123 -0.002610800 0.999964595 -0.007996936 -0.405338436 0.001162688 0.007999995 0.999967277 3.903547287
0.999982357 0.005913988 0.000370471 0.189532056 -0.005911361 0.999959886 -0.006728002 -0.544002414 -0.000410245 0.006725694 0.999977350 5.216106415
0.999973953 0.006725172 0.002663875 0.236821964 -0.006716190 0.999971747 -0.003366537 -0.689525902 -0.002686440 0.003348558 0.999990702 6.537026882
0.999958575 0.006964797 0.005862494 0.294058591 -0.006953759 0.999974072 -0.001901078 -0.828173757 -0.005875582 0.001860233 0.999980986 7.842066288
0.999942720 0.005362802 0.009264860 0.353749961 -0.005344940 0.999983788 -0.001951547 -0.962226927 -0.009275177 0.001901915 0.999955177 9.151575089
0.999912381 0.003928490 0.012642859 0.431728065 -0.003905589 0.999990702 -0.001835626 -1.099270940 -0.012649953 0.001786087 0.999918401 10.451702118
0.999871373 0.002618346 0.015825206 0.502160013 -0.002576651 0.999993145 -0.002654497 -1.234665871 -0.015832048 0.002613380 0.999871254 11.759822845
0.999814391 0.001620341 0.019194871 0.578468144 -0.001557234 0.999993324 -0.003302203 -1.373884320 -0.019200092 0.003271699 0.999810278 13.054759979
0.999746621 0.001120259 0.022480685 0.649666071 -0.001040907 0.999993145 -0.003541184 -1.514845490 -0.022484502 0.003516886 0.999741018 14.375430107
0.999666035 0.001204133 0.025811963 0.735036016 -0.001087151 0.999989092 -0.004545658 -1.654477358 -0.025817152 0.004516079 0.999656439 15.672526360
0.999578953 0.002009934 0.028945215 0.818230629 -0.001877480 0.999987662 -0.004602446 -1.791967511 -0.028954104 0.004546165 0.999570429 16.970643997
0.999485135 0.001561526 0.032048371 0.910752654 -0.001427827 0.999990284 -0.004194277 -1.931692362 -0.032054607 0.004146358 0.999477565 18.254995346
0.999408484 0.000202685 0.034392629 1.001081228 -0.000067474 0.999992192 -0.003932517 -2.074632406 -0.034393158 0.003927870 0.999400675 19.562397003
0.999350965 -0.002415305 0.035940692 1.097602487 0.002607225 0.999982476 -0.005293974 -2.214579344 -0.035927273 0.005384244 0.999339879 20.840829849
0.999306262 -0.002010931 0.037188053 1.195073009 0.002269877 0.999973476 -0.006922258 -2.358861923 -0.037173159 0.007001868 0.999284327 22.147554398
0.999262333 -0.001886450 0.038357217 1.277552247 0.002262507 0.999949872 -0.009763030 -2.501194954 -0.038336869 0.009842612 0.999216437 23.437406540
0.999219179 -0.001482417 0.039482579 1.380092144 0.001924017 0.999936104 -0.011149028 -2.644170523 -0.039463531 0.011216289 0.999158084 24.719478607
0.999175251 -0.000893571 0.040596042 1.480920553 0.001374470 0.999929130 -0.011819581 -2.791312218 -0.040582605 0.011865629 0.999105811 25.989307404
0.999153376 -0.002488225 0.041063596 1.581445575 0.002928899 0.999938726 -0.010674822 -2.939538479 -0.041034512 0.010786055 0.999099493 27.274505615
0.999147654 -0.005561457 0.040903158 1.687247396 0.005955051 0.999937057 -0.009507051 -3.084632874 -0.040847704 0.009742525 0.999117851 28.551280975
0.999170542 -0.007116395 0.040094152 1.782565117 0.007522111 0.999921858 -0.009977323 -3.233440876 -0.040020008 0.010270640 0.999146223 29.843870163
0.999174118 -0.008669917 0.039697975 1.883632660 0.009176621 0.999878585 -0.012599604 -3.378212929 -0.039583918 0.012953492 0.999132276 31.110500336
0.999221087 -0.008903405 0.038443986 1.996426344 0.009397507 0.999875247 -0.012690960 -3.525962591 -0.038326193 0.013042352 0.999180138 32.393169403
0.999246716 -0.009529375 0.037618931 2.098384142 0.010024454 0.999865234 -0.012993719 -3.671264172 -0.037490033 0.013361041 0.999207675 33.665092468
0.999250412 -0.009997339 0.037396543 2.187960386 0.010493289 0.999859214 -0.013089269 -3.817387104 -0.037260424 0.013471873 0.999214768 34.926883698
0.999258220 -0.010406674 0.037077878 2.279285431 0.010913150 0.999849498 -0.013483667 -3.964097023 -0.036931977 0.013878298 0.999221385 36.188636780
0.999293089 -0.011021692 0.035942826 2.386524439 0.011518775 0.999840438 -0.013652191 -4.123379230 -0.035786621 0.014056560 0.999260604 37.472019196
0.999292970 -0.010594150 0.036072578 2.477303982 0.011033551 0.999867082 -0.012003811 -4.268530369 -0.035940614 0.012393334 0.999277055 38.731895447
0.999256790 -0.010702965 0.037031382 2.577084303 0.011110886 0.999879599 -0.010827347 -4.407407761 -0.036911041 0.011230752 0.999255419 39.994491577
0.999178350 -0.012564531 0.038531125 2.691879749 0.012934398 0.999872446 -0.009364909 -4.547567368 -0.038408540 0.009855593 0.999213457 41.243659973
0.999065220 -0.013625342 0.041023258 2.784013033 0.014062757 0.999847114 -0.010392984 -4.695402145 -0.040875368 0.010960169 0.999104083 42.503101349
0.998940527 -0.014719527 0.043601673 2.878170490 0.015323433 0.999790788 -0.013548824 -4.845142841 -0.043393116 0.014202595 0.998957098 43.753795624
0.998835027 -0.015951805 0.045542676 2.984371901 0.016624045 0.999757826 -0.014420239 -4.995651722 -0.045301620 0.015160543 0.998858333 45.015220642
0.998711765 -0.016199389 0.048087716 3.110819340 0.016863573 0.999767542 -0.013438446 -5.127310753 -0.047858834 0.014232064 0.998752773 46.247814178
0.998509228 -0.017286522 0.051772702 3.217778683 0.017827760 0.999791086 -0.010010666 -5.282139301 -0.051588833 0.010918736 0.998608708 47.519245148
0.998222172 -0.020246696 0.056058221 3.333167553 0.020727504 0.999753118 -0.008008808 -5.420497417 -0.055882223 0.009156514 0.998395383 48.747425079
0.997997046 -0.022453243 0.059144069 3.468524456 0.022975324 0.999702632 -0.008161998 -5.563526630 -0.058943223 0.009504503 0.998216093 50.003189087
0.997726321 -0.025593244 0.062348116 3.609935760 0.026394892 0.999578714 -0.012067966 -5.696311474 -0.062012993 0.013686199 0.997981429 51.235061646
0.997428596 -0.027138965 0.066329718 3.740112305 0.027998997 0.999535084 -0.012070801 -5.834583759 -0.065971307 0.013896930 0.997724771 52.473831177
0.997084737 -0.029428966 0.070397325 3.871236086 0.030184856 0.999497354 -0.009697668 -5.971487045 -0.070076540 0.011794332 0.997471929 53.692611694
0.996818244 -0.032134581 0.072943538 4.037251949 0.032681189 0.999445856 -0.006312164 -6.105523109 -0.072700277 0.008675963 0.997316062 54.888118744
0.996524751 -0.034382854 0.075870126 4.163220882 0.034824938 0.999383211 -0.004511240 -6.245680332 -0.075668223 0.007137734 0.997107506 56.145977020
0.996347785 -0.037586503 0.076669581 4.324283600 0.037809659 0.999283850 -0.001460681 -6.366581917 -0.076559760 0.004354197 0.997055531 57.344577789
0.996140718 -0.040190522 0.078027390 4.452975273 0.040298410 0.999187589 0.000191998 -6.498969078 -0.077971712 0.002953123 0.996951222 58.572128296
0.996090531 -0.042049557 0.077688284 4.601533413 0.042413294 0.999095500 -0.003037205 -6.622839451 -0.077490300 0.006320348 0.996973097 59.765235901
0.996116221 -0.043423116 0.076595090 4.755162716 0.044110745 0.998999894 -0.007307750 -6.752856255 -0.076201163 0.010658036 0.997035444 60.974624634
0.996131182 -0.044779781 0.075613789 4.893279552 0.045757804 0.998889208 -0.011251069 -6.881860733 -0.075025976 0.014667463 0.997073710 62.153656006
0.996122777 -0.046905220 0.074425414 5.031090260 0.048056073 0.998749971 -0.013747509 -7.015544415 -0.073687553 0.017270803 0.997131765 63.377265930
0.996292174 -0.046787966 0.072198436 5.173907280 0.047905110 0.998756289 -0.013819119 -7.146998882 -0.071462072 0.017226556 0.997294545 64.552131653
0.996523559 -0.046130545 0.069373727 5.308637142 0.047155123 0.998800278 -0.013203757 -7.293098450 -0.068681419 0.016429180 0.997503340 65.775695801
0.996761024 -0.045354988 0.066411026 5.432292938 0.046203427 0.998868167 -0.011295015 -7.423659801 -0.065823585 0.014326846 0.997728348 66.952857971
0.997179508 -0.041503590 0.062535323 5.554190636 0.042052485 0.999087334 -0.007486268 -7.560229301 -0.062167540 0.010094916 0.998014808 68.142837524
0.997468829 -0.039496664 0.059125580 5.673644066 0.039874043 0.999191046 -0.005215988 -7.687273502 -0.058871731 0.007560361 0.998237014 69.323516846
0.997669518 -0.038468048 0.056353047 5.779686928 0.038992628 0.999205530 -0.008238634 -7.822199821 -0.055991359 0.010416788 0.998376906 70.496559143
0.997843981 -0.038845297 0.052900765 5.895420074 0.039705008 0.999094307 -0.015298214 -7.958135605 -0.052258581 0.017365655 0.998482585 71.685096741
0.997851014 -0.042851593 0.049570493 6.003432274 0.043804120 0.998872638 -0.018291101 -8.093450546 -0.048730802 0.020423185 0.998603165 72.856269836
0.997896791 -0.046772510 0.044881880 6.120503426 0.047413651 0.998786390 -0.013328060 -8.230552673 -0.044204030 0.015428042 0.998903334 74.022048950
0.997902095 -0.050457768 0.040565126 6.225397110 0.050845064 0.998669624 -0.008572677 -8.356582642 -0.040078606 0.010617228 0.999140084 75.182182312
0.997965813 -0.052536424 0.036113132 6.324190617 0.052781731 0.998588741 -0.005872250 -8.480957031 -0.035753656 0.007766416 0.999330401 76.370590210
0.998142064 -0.051749218 0.032161418 6.414174557 0.051886365 0.998647094 -0.003443717 -8.605960846 -0.031939697 0.005106058 0.999476731 77.529823303
0.998285115 -0.051244292 0.028300382 6.501170635 0.051348262 0.998676360 -0.002958715 -8.731163025 -0.028111301 0.004406816 0.999595046 78.675277710
0.998432159 -0.049930148 0.025303379 6.573004723 0.050074194 0.998732507 -0.005091024 -8.856112480 -0.025017111 0.006350088 0.999666870 79.848129272
0.998622000 -0.047645945 0.021998238 6.649733543 0.047872372 0.998804510 -0.009883247 -8.985756874 -0.021501046 0.010922736 0.999709189 80.992446899
0.998541653 -0.050954055 0.017845742 6.740322113 0.051223259 0.998575032 -0.014967054 -9.122214317 -0.017057683 0.015859345 0.999728680 82.153915405
0.998389065 -0.054508876 0.015750786 6.792490959 0.054756664 0.998375416 -0.015753545 -9.257266998 -0.014866493 0.016590625 0.999751806 83.286048889
0.998428285 -0.054753292 0.011964807 6.862143517 0.054901447 0.998414516 -0.012425787 -9.384969711 -0.011265484 0.013063142 0.999851227 84.423904419
0.998421252 -0.055434439 0.009059890 6.932777882 0.055522781 0.998409331 -0.009808700 -9.515078545 -0.008501736 0.010296246 0.999910831 85.558753967
0.998569965 -0.052821744 0.008237178 6.975094795 0.052913319 0.998534858 -0.011326496 -9.645507812 -0.007626824 0.011746155 0.999901950 86.702896118
0.998759627 -0.049167860 0.007854803 7.028250694 0.049278561 0.998678565 -0.014583310 -9.771934509 -0.007127392 0.014952295 0.999862850 87.822128296
0.998821020 -0.048065949 0.006799410 7.091896534 0.048179455 0.998682797 -0.017650738 -9.896848679 -0.005942052 0.017957520 0.999821126 88.919868469
0.998762906 -0.049350914 0.006097166 7.135415554 0.049454380 0.998610973 -0.018178115 -10.033065796 -0.005191590 0.018457159 0.999816179 90.071334839
0.998715281 -0.050454825 0.004696173 7.188944340 0.050522026 0.998602629 -0.015502232 -10.163920403 -0.003907448 0.015719578 0.999868870 91.187568665
0.998667657 -0.051448401 0.003984029 7.240819454 0.051494982 0.998593271 -0.012637896 -10.295389175 -0.003328226 0.012826219 0.999912202 92.300254822
0.998680294 -0.051247790 0.003402941 7.302264690 0.051285617 0.998610020 -0.012157870 -10.417375565 -0.002775147 0.012316346 0.999920309 93.425987244
0.998652279 -0.051778086 0.003564105 7.349512577 0.051824141 0.998553216 -0.014343839 -10.544271469 -0.002816253 0.014509214 0.999890804 94.534881592
0.998642623 -0.052009992 0.002798052 7.411719799 0.052052088 0.998481989 -0.018006574 -10.675819397 -0.001857283 0.018127780 0.999833941 95.645217896
0.998636127 -0.052130748 0.002884532 7.459240437 0.052176595 0.998453915 -0.019166421 -10.813121796 -0.001880912 0.019290784 0.999812245 96.758445740
0.998595893 -0.052901220 0.002796140 7.515767574 0.052942038 0.998445690 -0.017416969 -10.945491791 -0.001870414 0.017540544 0.999844432 97.841407776
0.998643517 -0.051940642 0.003643712 7.562094688 0.051981911 0.998571873 -0.012333887 -11.067417145 -0.002997878 0.012506562 0.999917209 98.928901672
0.998724043 -0.050243292 0.005082555 7.611931801 0.050286446 0.998696506 -0.008751242 -11.188188553 -0.004636239 0.008995662 0.999948740 99.993576050
0.998837769 -0.047696684 0.006932061 7.661070824 0.047757246 0.998819768 -0.008851247 -11.308538437 -0.006501703 0.009172017 0.999936819 101.066032410
0.998906791 -0.045855775 0.009087525 7.711542606 0.045951612 0.998887122 -0.010634573 -11.429208755 -0.008589756 0.011040534 0.999902129 102.099380493
0.998851299 -0.046377502 0.012052451 7.760620594 0.046531264 0.998834729 -0.012806923 -11.551769257 -0.011444453 0.013353026 0.999845386 103.116546631
0.998764932 -0.047819071 0.013489465 7.818541527 0.048007697 0.998748481 -0.014024108 -11.666172028 -0.012801962 0.014654385 0.999810636 104.145790100
0.998646200 -0.049673956 0.015438719 7.881622314 0.049878404 0.998668671 -0.013152196 -11.781398773 -0.014764842 0.013904449 0.999794304 105.127311707
0.998613477 -0.049746223 0.017216360 7.938891411 0.049956672 0.998679042 -0.012017542 -11.898204803 -0.016595786 0.012860952 0.999779522 106.107627869
0.998535991 -0.050983340 0.018067049 8.019677162 0.051173300 0.998637557 -0.010212494 -12.010210037 -0.017521763 0.011122094 0.999784648 107.054443359
0.998463154 -0.051657237 0.020069566 8.078274727 0.051877961 0.998596728 -0.010637048 -12.117441177 -0.019491918 0.011661869 0.999742031 107.971626282
0.998451173 -0.051256109 0.021633472 8.143676758 0.051458821 0.998635232 -0.008919688 -12.216845512 -0.021146758 0.010019105 0.999726117 108.883209229
0.998456657 -0.050349876 0.023434794 8.204788208 0.050521526 0.998699963 -0.006790775 -12.314270020 -0.023062414 0.007964257 0.999702275 109.752502441
0.998413384 -0.050613265 0.024676509 8.267390251 0.050714891 0.998706996 -0.003509516 -12.418334007 -0.024466969 0.004755414 0.999689460 110.611152649
0.998367012 -0.050713673 0.026297212 8.329358101 0.050817933 0.998702466 -0.003311133 -12.510396004 -0.026095174 0.004642096 0.999648631 111.438583374
0.998386145 -0.049734131 0.027415138 8.384176254 0.049820699 0.998755097 -0.002483110 -12.602548599 -0.027257515 0.003844945 0.999620974 112.249755859
0.998482823 -0.047445320 0.027945962 8.438125610 0.047526348 0.998867512 -0.002241776 -12.682165146 -0.027807947 0.003566545 0.999606907 113.029815674
0.998614073 -0.044915155 0.027432339 8.484563828 0.044907987 0.998990774 0.000877360 -12.759923935 -0.027444061 0.000355788 0.999623179 113.784904480
0.998699427 -0.044740815 0.024449196 8.532774925 0.044707555 0.998998284 0.001905578 -12.844330788 -0.024509961 -0.000810035 0.999699175 114.532104492
0.998832464 -0.044776428 0.018132890 8.570014000 0.044748928 0.998996496 0.001919510 -12.917521477 -0.018200641 -0.001105842 0.999833703 115.231246948
0.999040425 -0.043136343 0.007588375 8.599829674 0.043130592 0.999068975 0.000920958 -12.994123459 -0.007621042 -0.000592784 0.999970734 115.902702332
0.999160469 -0.040467318 -0.006383069 8.600515366 0.040455393 0.999179304 -0.001986751 -13.062500000 0.006458227 0.001726853 0.999977529 116.547332764
0.998912752 -0.039182276 -0.025264369 8.603834152 0.039082680 0.999226332 -0.004424098 -13.132497787 0.025418170 0.003431889 0.999671042 117.168792725
0.998163819 -0.037579335 -0.047506571 8.570476532 0.037311867 0.999282479 -0.006504576 -13.203608513 0.047716923 0.004720073 0.998849690 117.755325317
0.996508718 -0.036159974 -0.075252160 8.531221390 0.035628919 0.999329865 -0.008388110 -13.270473480 0.075505063 0.005677671 0.997129261 118.326530457
0.993657649 -0.033841670 -0.107234709 8.460326195 0.032901913 0.999403238 -0.010521140 -13.336577415 0.107526764 0.006926184 0.994178116 118.870307922
0.989333034 -0.029205352 -0.142713726 8.357212067 0.027804434 0.999543726 -0.011801107 -13.405503273 0.142993271 0.007707152 0.989693642 119.422950745
0.983149350 -0.023243403 -0.181320533 8.244277954 0.021554528 0.999704063 -0.011279478 -13.463483810 0.181529045 0.007181132 0.983359337 119.932655334
0.974682510 -0.017686667 -0.222893104 8.104230881 0.016043846 0.999829173 -0.009179248 -13.522104263 0.223017395 0.005370792 0.974799633 120.437583923
0.963453054 -0.013131867 -0.267555475 7.931907654 0.011534289 0.999905109 -0.007541894 -13.580574989 0.267629147 0.004180198 0.963512897 120.932464600
0.949367464 -0.006838051 -0.314093500 7.737121582 0.004429381 0.999955118 -0.008381691 -13.633676529 0.314136654 0.006566065 0.949354947 121.406173706
0.931923807 0.000846863 -0.362653375 7.511920929 -0.004422964 0.999949455 -0.009030784 -13.692269325 0.362627387 0.010020003 0.931880355 121.886795044
0.910988092 0.005703100 -0.412393063 7.259342194 -0.010723055 0.999893844 -0.009859722 -13.745862007 0.412293047 0.013404205 0.910952687 122.310882568
0.885973871 0.010023149 -0.463626683 6.992553711 -0.015783370 0.999838889 -0.008545922 -13.799237251 0.463466346 0.014889056 0.885989487 122.726318359
0.856825292 0.012861921 -0.515446246 6.711791992 -0.020062011 0.999763370 -0.008401967 -13.841413498 0.515216291 0.017539907 0.856880724 123.130218506
0.825489700 0.022690166 -0.563960850 6.383796692 -0.030904811 0.999509692 -0.005022624 -13.892996788 0.563570380 0.021575229 0.825786233 123.497314453
0.791774273 0.036028996 -0.609750330 6.030803680 -0.044099834 0.999025583 0.001765924 -13.936371803 0.609219790 0.025491670 0.792591572 123.851516724
0.755824566 0.044693626 -0.653246999 5.676982880 -0.055364624 0.998457134 0.004253716 -13.975511551 0.652429283 0.032951713 0.757132769 124.168510437
0.716135561 0.048519548 -0.696272671 5.305862427 -0.062475789 0.998032451 0.005289506 -14.021336555 0.695159316 0.039712183 0.717757881 124.469169617
0.673700929 0.050324600 -0.737288713 4.931373596 -0.065085828 0.997842252 0.008636556 -14.070514679 0.736132503 0.042168587 0.675522625 124.750328064
0.630042374 0.053926490 -0.774686098 4.518238068 -0.068688303 0.997545779 0.013576587 -14.102774620 0.773516953 0.044658054 0.632200241 125.023910522
0.584999442 0.062577456 -0.808615923 4.094497681 -0.079929210 0.996613681 0.019300880 -14.134286880 0.807085514 0.053341035 0.588020146 125.255348206
0.539619744 0.071557716 -0.838862360 3.650623322 -0.091327637 0.995476902 0.026168611 -14.160383224 0.836940587 0.062490214 0.543714285 125.463714600
0.492478669 0.076578222 -0.866948962 3.201427460 -0.097058937 0.994740248 0.032730859 -14.185718536 0.864895403 0.068025894 0.497321039 125.669120789
0.445826888 0.077474408 -0.891760111 2.733108521 -0.096156269 0.994627535 0.038338937 -14.207207680 0.889939547 0.068655774 0.450881392 125.843444824
0.398984075 0.079195932 -0.913531482 2.260150909 -0.093851395 0.994558334 0.045230780 -14.228592873 0.912142396 0.067689851 0.404245555 126.011260986
0.352888048 0.082031287 -0.932062805 1.768165588 -0.095318221 0.994118690 0.051404454 -14.251665115 0.930797696 0.070702553 0.358631670 126.162353516
0.309156418 0.085107625 -0.947195411 1.265548706 -0.100869060 0.993303835 0.056327790 -14.269483566 0.945646822 0.078128614 0.315670967 126.277839661
0.267638266 0.087026626 -0.959581196 0.738008499 -0.105679609 0.992555499 0.060541891 -14.288805008 0.957706392 0.085204840 0.274842799 126.385688782
0.228645176 0.083580822 -0.969915271 0.211393356 -0.106176160 0.992505312 0.060497805 -14.305176735 0.967702329 0.089149363 0.235805839 126.481468201
0.193939745 0.078560703 -0.977862656 -0.324203491 -0.101055078 0.993085563 0.059741411 -14.323987961 0.975794613 0.087231778 0.200537696 126.572563171
0.163680762 0.073500648 -0.983771384 -0.881576538 -0.098643906 0.993442237 0.057810716 -14.341240883 0.981569052 0.087580569 0.169857740 126.649696350
0.136710033 0.071793467 -0.988006115 -1.443725586 -0.098855630 0.993380368 0.058505367 -14.364584923 0.985666215 0.089671686 0.142902240 126.728675842
0.114584491 0.071034953 -0.990870535 -2.025195122 -0.099935122 0.993204594 0.059645768 -14.380013466 0.988373995 0.092188291 0.120904736 126.794883728
0.096350446 0.072431475 -0.992708504 -2.631314278 -0.102521524 0.992766261 0.062485140 -14.394062996 0.990053475 0.095753536 0.103079259 126.844429016
0.080095403 0.070751153 -0.994273067 -3.234674454 -0.103330120 0.992693186 0.062314793 -14.418613434 0.991416931 0.097747222 0.086820900 126.898338318
0.066536665 0.069896743 -0.995332778 -3.857662201 -0.102649987 0.992729843 0.062851936 -14.445454597 0.992489636 0.097988918 0.073227830 126.942779541
0.053990141 0.066973627 -0.996292949 -4.498748779 -0.097334243 0.993349671 0.061501134 -14.465904236 0.993786275 0.093652971 0.060149919 126.999351501
0.041749123 0.064425364 -0.997048795 -5.145890713 -0.094974376 0.993655980 0.060229309 -14.484572411 0.994603872 0.092179567 0.047603026 127.044570923
0.031026628 0.064016037 -0.997466445 -5.804661751 -0.094405755 0.993673325 0.060836069 -14.505513191 0.995050192 0.092279039 0.036873817 127.080436707
0.022178624 0.065523252 -0.997604549 -6.475370407 -0.098083399 0.993178844 0.063051976 -14.528561592 0.994931161 0.096450038 0.028454080 127.091377258
0.013456333 0.064821534 -0.997806132 -7.170962334 -0.100877084 0.992893219 0.063141949 -14.552146912 0.994807899 0.099806115 0.019899709 127.114173889
0.007028521 0.064297296 -0.997906029 -7.857845783 -0.103519820 0.992615759 0.063227311 -14.573678970 0.994602501 0.102858663 0.013632664 127.133598328
0.001706362 0.065685883 -0.997838855 -8.553272247 -0.104090661 0.992431641 0.065151930 -14.595486641 0.994566321 0.103754535 0.008530732 127.150466919
-0.001733509 0.067758791 -0.997700214 -9.277329445 -0.105575182 0.992113471 0.067562804 -14.613316536 0.994409740 0.105449528 0.005433809 127.173103333
-0.002614890 0.071303636 -0.997451246 -9.995842934 -0.107981764 0.991602182 0.071168594 -14.634115219 0.994149387 0.107892647 0.005106562 127.187782288
-0.003525725 0.074968293 -0.997179747 -10.729403496 -0.110677183 0.991030216 0.074897312 -14.651212692 0.993850112 0.110629112 0.004803180 127.198410034
-0.005145601 0.080549568 -0.996737301 -11.458989143 -0.115183175 0.990068436 0.080605261 -14.663170815 0.993330956 0.115222126 0.004183458 127.217987061
-0.006439234 0.084345311 -0.996415794 -12.196708679 -0.118165553 0.989390850 0.084514298 -14.677666664 0.992973149 0.118286230 0.003595791 127.236679077
-0.007991364 0.084889688 -0.996358275 -12.942391396 -0.117441811 0.989414752 0.085240044 -14.695021629 0.993047595 0.117695309 0.002062824 127.255851746
-0.009119634 0.081501469 -0.996631503 -13.716973305 -0.115874328 0.989872456 0.082009055 -14.711777687 0.993221998 0.116231903 0.000416651 127.275436401
-0.010928713 0.078388363 -0.996862948 -14.466916084 -0.119760461 0.989643991 0.079133645 -14.720085144 0.992742658 0.120249599 -0.001427708 127.290748596
-0.011886168 0.079890542 -0.996732712 -15.241353035 -0.124497689 0.988928616 0.080749668 -14.728237152 0.992148697 0.125050724 -0.001808385 127.291389465
-0.013397854 0.083080009 -0.996452749 -16.015754700 -0.121651649 0.989004016 0.084094629 -14.744686127 0.992482424 0.122346818 -0.003143710 127.309394836
-0.015716432 0.083197936 -0.996409059 -16.788917542 -0.120385855 0.989125252 0.084488630 -14.760885239 0.992602766 0.121281415 -0.005529665 127.328880310
-0.016440641 0.082630664 -0.996444583 -17.578620911 -0.123540238 0.988775074 0.084032997 -14.771334648 0.992203355 0.124482542 -0.006047884 127.328979492
-0.017353093 0.082140885 -0.996469617 -18.373224258 -0.128177032 0.988213658 0.083692491 -14.783818245 0.991599441 0.129176855 -0.006619988 127.341949463
-0.018679835 0.086269818 -0.996096611 -19.169765472 -0.129957244 0.987609267 0.087971836 -14.788783073 0.991343737 0.131093279 -0.007236992 127.353523254
-0.019400261 0.091119975 -0.995650947 -19.973041534 -0.129286349 0.987248838 0.092870176 -14.801870346 0.991417527 0.130525813 -0.007372316 127.370246887
-0.018221360 0.093698382 -0.995433867 -20.797302246 -0.130059749 0.986917675 0.095277503 -14.811099052 0.991338730 0.131201982 -0.005796597 127.382888794
-0.016410895 0.092652567 -0.995563209 -21.615520477 -0.129448235 0.987120450 0.094000690 -14.818623543 0.991450429 0.130416557 -0.004205816 127.396331787
-0.015309274 0.092845306 -0.995562732 -22.447528839 -0.129381910 0.987124741 0.094047934 -14.824160576 0.991476774 0.130247638 -0.003099662 127.410461426
-0.015259100 0.091557249 -0.995682836 -23.275506973 -0.127867252 0.987444043 0.092759237 -14.828214645 0.991673887 0.128730670 -0.003360335 127.435302734
-0.014353727 0.093636498 -0.995502949 -24.113002777 -0.128689662 0.987152398 0.094706550 -14.835306168 0.991580963 0.129470348 -0.002119265 127.455497742
-0.013699385 0.095771372 -0.995309114 -24.953393936 -0.130484477 0.986719370 0.096740827 -14.836225510 0.991355658 0.131197661 -0.001020769 127.473258972
-0.013811246 0.097963199 -0.995094121 -25.818162918 -0.133100107 0.986152709 0.098930277 -14.834239006 0.991006374 0.133813486 -0.000581087 127.490776062
-0.012112547 0.099074855 -0.995006263 -26.681947708 -0.135260761 0.985770822 0.099801846 -14.831007004 0.990736067 0.135794133 0.001460743 127.504158020
-0.010083174 0.102320865 -0.994700313 -27.555212021 -0.141976029 0.984526753 0.102713533 -14.830410957 0.989818752 0.142259285 0.004599955 127.518241882
-0.008110974 0.106137529 -0.994318366 -28.437242508 -0.146769896 0.983455837 0.106175251 -14.825729370 0.989137411 0.146797150 0.007601009 127.537536621
-0.006051220 0.107868649 -0.994146705 -29.311649323 -0.149277017 0.982927918 0.107559986 -14.819587708 0.988776982 0.149054110 0.010154396 127.570602417
-0.002214746 0.108660690 -0.994076371 -30.207099915 -0.147891611 0.983111918 0.107791685 -14.819314957 0.989001036 0.147254258 0.013892665 127.595626831
0.000462733 0.108594730 -0.994085968 -31.099079132 -0.150525302 0.982767224 0.107288197 -14.812711716 0.988606036 0.149585456 0.016801015 127.626014709
0.002849608 0.112422921 -0.993656337 -32.003341675 -0.150915965 0.982327998 0.110708430 -14.804779053 0.988542438 0.149643168 0.019765664 127.659820557
0.005170314 0.114322126 -0.993430376 -32.920108795 -0.149744421 0.982330441 0.112265445 -14.801005363 0.988711238 0.148180202 0.022198064 127.704429626
0.006882574 0.115530603 -0.993279994 -33.812717438 -0.150365084 0.982129216 0.113191739 -14.796813011 0.988606572 0.148575589 0.024131346 127.748237610
0.009448700 0.113784552 -0.993460417 -34.716808319 -0.151749507 0.982161164 0.111047141 -14.790431976 0.988373816 0.149707913 0.026546899 127.780883789
0.009961152 0.114968821 -0.993319154 -35.630485535 -0.156158298 0.981359482 0.112018615 -14.780197144 0.987681746 0.153999209 0.027728811 127.821556091
0.011089461 0.115659803 -0.993227065 -36.524673462 -0.156985670 0.981172025 0.112503253 -14.775449753 0.987538695 0.154674813 0.029037597 127.860786438
0.011175276 0.112094834 -0.993634760 -37.421054840 -0.157268688 0.981526434 0.108960100 -14.773079872 0.987492621 0.155049950 0.028597835 127.899368286
0.012153347 0.108003028 -0.994076252 -38.331016541 -0.158646569 0.981765628 0.104725942 -14.772912025 0.987260640 0.156434014 0.029066049 127.946472168
0.012648137 0.107109718 -0.994166613 -39.228469849 -0.158231750 0.981933117 0.103778608 -14.766645432 0.987321019 0.155996144 0.029367784 127.990539551
0.012557802 0.111170545 -0.993721962 -40.133296967 -0.160699368 0.981106699 0.107728444 -14.761075020 0.986923516 0.158337623 0.030185580 128.031280518
0.012782332 0.117323264 -0.993011534 -41.072887421 -0.161383376 0.980315030 0.113745786 -14.746726990 0.986809015 0.158801571 0.031464729 128.075820923
0.012963668 0.115960784 -0.993169188 -41.966796875 -0.159132883 0.980832875 0.112443291 -14.747046471 0.987172067 0.156588182 0.031168366 128.123397827
0.014056867 0.105798632 -0.994288206 -42.857280731 -0.158757508 0.982008874 0.102247573 -14.751984596 0.987217486 0.156413451 0.030600289 128.165267944
0.014288520 0.095074743 -0.995367527 -43.781402588 -0.160337955 0.982805192 0.091573156 -14.755294800 0.986958742 0.158286765 0.029286921 128.213027954
0.013262022 0.092055671 -0.995665550 -44.683238983 -0.157187656 0.983564436 0.088843137 -14.763620377 0.987479627 0.155328110 0.027514068 128.260864258
0.013121060 0.101981871 -0.994699717 -45.601139069 -0.149765253 0.983764172 0.098885164 -14.765815735 0.988634527 0.147673994 0.028181374 128.314346313
0.012994685 0.115216680 -0.993255377 -46.546344757 -0.144769192 0.983089805 0.112143494 -14.765450478 0.989380121 0.142335519 0.029454770 128.375579834
0.012919621 0.124341227 -0.992155492 -47.469455719 -0.144954905 0.981989563 0.121179648 -14.757010460 0.989353895 0.142252192 0.030710809 128.424514771
0.013044605 0.118326180 -0.992889106 -48.387363434 -0.144910321 0.982714355 0.115209803 -14.748767853 0.989358783 0.142377004 0.029965809 128.465225220
0.013238023 0.104941674 -0.994390249 -49.308784485 -0.145155013 0.984144688 0.101928025 -14.751929283 0.989320338 0.142991349 0.028260937 128.509826660
0.013876687 0.096023992 -0.995282292 -50.224311829 -0.145597085 0.984963357 0.092998445 -14.751257896 0.989246666 0.143619671 0.027648844 128.555877686
0.014306175 0.096075386 -0.995271325 -51.159389496 -0.144502759 0.985122621 0.093018621 -14.758646965 0.989400923 0.142488673 0.027976498 128.602981567
0.013452580 0.097859070 -0.995109320 -52.090770721 -0.147346735 0.984528661 0.094826639 -14.776262283 0.988993347 0.145350441 0.027663665 128.646942139
0.014214405 0.097044826 -0.995178461 -53.050548553 -0.152455136 0.983852565 0.093762822 -14.777947426 0.988208175 0.150387302 0.028779868 128.685272217
0.014609084 0.096563257 -0.995219648 -53.981708527 -0.154053435 0.983658969 0.093180172 -14.780260086 0.987954438 0.151955754 0.029246263 128.731353760
0.015647281 0.103898883 -0.994464815 -54.928585052 -0.163361356 0.981487930 0.099972717 -14.775970459 0.986442208 0.160892814 0.032330684 128.765396118
0.017327098 0.113359898 -0.993402898 -55.876747131 -0.168977946 0.979592204 0.108836606 -14.769999504 0.985467494 0.165977359 0.036128819 128.805099487
0.018263817 0.121511288 -0.992421985 -56.855606079 -0.169071704 0.978668571 0.116715856 -14.767383575 0.985434532 0.165658832 0.038418338 128.868011475
0.019266026 0.122381963 -0.992295980 -57.798305511 -0.170440614 0.978354752 0.117353357 -14.759315491 0.985179603 0.166866615 0.039707869 128.915481567
0.020502796 0.112572290 -0.993431985 -58.736637115 -0.172130525 0.979201078 0.107407190 -14.754017830 0.984860778 0.168797821 0.039453495 128.971862793
0.021750625 0.107795149 -0.993935108 -59.684307098 -0.170680642 0.979975700 0.102546141 -14.752593994 0.985086262 0.167415038 0.039713632 129.026275635
0.023889456 0.106099658 -0.994068503 -60.644195557 -0.169256106 0.980426848 0.100576088 -14.760479927 0.985282540 0.165849417 0.041379888 129.083557129
0.027485646 0.112383507 -0.993284702 -61.597843170 -0.170485690 0.979628980 0.106120884 -14.758522987 0.984976768 0.166424036 0.046085514 129.138168335
0.030537002 0.114667326 -0.992934525 -62.566967010 -0.173486680 0.978927910 0.107714355 -14.764410019 0.984362781 0.168971598 0.049786773 129.204711914
0.034999587 0.109359257 -0.993385851 -63.514015198 -0.173217013 0.979614496 0.101740316 -14.763736725 0.984261632 0.168510467 0.053228989 129.263381958
0.037421860 0.103671700 -0.993907332 -64.487586975 -0.172747031 0.980301440 0.095748335 -14.774259567 0.984255075 0.168111444 0.054593675 129.347045898
0.041107938 0.103554584 -0.993773997 -65.439575195 -0.170394197 0.980771184 0.095151201 -14.778059959 0.984518111 0.165421858 0.057962585 129.417877197
0.043601740 0.108225569 -0.993169785 -66.395774841 -0.167744398 0.980795085 0.099512860 -14.790177345 0.984865785 0.162259698 0.060918603 129.501144409
0.046761334 0.114962831 -0.992268562 -67.368812561 -0.167422667 0.980205297 0.105675280 -14.792127609 0.984775603 0.161186770 0.065083094 129.587020874
0.049900148 0.118721522 -0.991672933 -68.322914124 -0.165171638 0.980218768 0.109038949 -14.791768074 0.985001683 0.158355191 0.068522498 129.667678833
0.051463023 0.120211542 -0.991413474 -69.285095215 -0.164602965 0.980172873 0.110304236 -14.792605400 0.985016465 0.157512993 0.070229836 129.759643555
0.053530727 0.117575601 -0.991620123 -70.242431641 -0.162963718 0.980759203 0.107490525 -14.787915230 0.985178828 0.155844077 0.071661316 129.844650269
0.054256346 0.115771964 -0.991792798 -71.202270508 -0.160648182 0.981328964 0.105762206 -14.790079117 0.985519350 0.153591439 0.071841873 129.933181763
0.054302979 0.111905523 -0.992233992 -72.142288208 -0.157517746 0.982218325 0.102155283 -14.797586441 0.986021996 0.150747105 0.070964485 130.029693604
0.054794081 0.112507269 -0.992138922 -73.114898682 -0.156543687 0.982312083 0.102747276 -14.798971176 0.986149907 0.149683118 0.071437195 130.105773926
0.053931627 0.115967549 -0.991787732 -74.061943054 -0.153269723 0.982424557 0.106538199 -14.790527344 0.986711621 0.146265209 0.070758075 130.207504272
0.053332277 0.118442461 -0.991527617 -75.032836914 -0.147552118 0.982975841 0.109484382 -14.799754143 0.987615287 0.140462995 0.069900781 130.304244995
0.052191805 0.114676856 -0.992030799 -75.981636047 -0.144412607 0.983809710 0.106128819 -14.796730995 0.988140166 0.137722686 0.067907594 130.394271851
0.050888479 0.111089922 -0.992506504 -76.930068970 -0.146076187 0.983934224 0.102640711 -14.799688339 0.987963617 0.139758363 0.066298507 130.476318359
0.049958546 0.106978811 -0.993005335 -77.915451050 -0.142548129 0.984831691 0.098926589 -14.794537544 0.988526165 0.136608824 0.064450398 130.547561646
0.049177852 0.108300634 -0.992901087 -78.856636047 -0.143443584 0.984564126 0.100286596 -14.800711632 0.988435864 0.137493446 0.063953780 130.615783691
0.048135962 0.109326087 -0.992839694 -79.806045532 -0.143875420 0.984385014 0.101419568 -14.799249649 0.988424361 0.137963310 0.063113660 130.697555542
0.047540508 0.110517651 -0.992736459 -80.775833130 -0.146469072 0.983888566 0.102518484 -14.806615829 0.988072217 0.140531421 0.062961981 130.761627197
0.045518078 0.110884547 -0.992790401 -81.730201721 -0.146439716 0.983824968 0.103169143 -14.803977966 0.988171816 0.140687883 0.061019722 130.843368530
0.043688476 0.111590795 -0.992793500 -82.683471680 -0.146593913 0.983702004 0.104117945 -14.805253029 0.988231540 0.140988722 0.059334975 130.913452148
0.041606069 0.114888974 -0.992506683 -83.628089905 -0.146630883 0.983313262 0.107677981 -14.806857109 0.988315940 0.141052097 0.057758074 130.989334106
0.040015027 0.118463181 -0.992151856 -84.591369629 -0.147997841 0.982697427 0.111365356 -14.795635223 0.988177955 0.142380014 0.056854967 131.046020508
0.037726734 0.122995310 -0.991689861 -85.540336609 -0.149033397 0.981990099 0.116122618 -14.781572342 0.988112271 0.143413976 0.055377685 131.115051270
0.036049612 0.123082340 -0.991741478 -86.488883972 -0.149289951 0.981913984 0.116436012 -14.778861046 0.988136172 0.143859550 0.053772572 131.178558350
0.034460422 0.117297478 -0.992498696 -87.429962158 -0.149303213 0.982548416 0.110937580 -14.769470215 0.988190770 0.144360259 0.051371932 131.250473022
0.032269005 0.112913683 -0.993080616 -88.368522644 -0.154087529 0.982281446 0.106678903 -14.761821747 0.987530172 0.149578884 0.049095828 131.313766479
0.031966522 0.110348605 -0.993378699 -89.338478088 -0.152583316 0.982775629 0.104260713 -14.753124237 0.987773418 0.148240134 0.048253283 131.364120483
0.031013232 0.111563891 -0.993273139 -90.290138245 -0.148519963 0.983233631 0.105798975 -14.757495880 0.988423049 0.144239709 0.047062706 131.427764893
0.030411044 0.112566918 -0.993178666 -91.243141174 -0.144915566 0.983636200 0.107048072 -14.752359390 0.988976538 0.140671611 0.046226103 131.496292114
0.029124692 0.112589858 -0.993214667 -92.188247681 -0.139979258 0.984304249 0.107475087 -14.754822731 0.989726007 0.135899290 0.044427808 131.566101074
0.028214054 0.109818541 -0.993551135 -93.134246826 -0.135826409 0.985149384 0.105032787 -14.756968498 0.990330756 0.131987095 0.042711314 131.629348755
0.026944483 0.106235370 -0.993975818 -94.095436096 -0.130407631 0.986213088 0.101870634 -14.758910179 0.991094291 0.126877159 0.040426902 131.692947388
0.026100988 0.108832859 -0.993717253 -95.055816650 -0.128480285 0.986176908 0.104632355 -14.762439728 0.991368532 0.124942079 0.039723068 131.750167847
0.024883190 0.111380540 -0.993466198 -95.997055054 -0.128289029 0.985912919 0.107320465 -14.763556480 0.991424739 0.124780364 0.038821556 131.811492920
0.023616191 0.109336205 -0.993724167 -96.955406189 -0.123820454 0.986667931 0.105617173 -14.760398865 0.992023587 0.120549127 0.036839403 131.860137939
0.020206414 0.105810344 -0.994180977 -97.914154053 -0.121462621 0.987278283 0.102607042 -14.757205963 0.992390335 0.118682496 0.032801360 131.926376343
0.017334133 0.103371471 -0.994491816 -98.863212585 -0.120399751 0.987619340 0.100558527 -14.759243011 0.992574215 0.117993474 0.029565418 131.980819702
0.015207836 0.102246113 -0.994642854 -99.825874329 -0.114093833 0.988438070 0.099863812 -14.767465591 0.993353605 0.111963905 0.026697656 132.027450562
0.012195615 0.102364451 -0.994672239 -100.769256592 -0.108167827 0.989043891 0.100458980 -14.763070107 0.994057894 0.106366374 0.023134537 132.090393066
0.010398438 0.109328449 -0.993951261 -101.761657715 -0.097742282 0.989356220 0.107800439 -14.756555557 0.995157361 0.096030101 0.020973770 132.143920898
0.007853346 0.117665857 -0.993022144 -102.720703125 -0.089850798 0.989118934 0.116492756 -14.754563332 0.995924294 0.088308983 0.018340264 132.201522827
0.004284149 0.116607055 -0.993168890 -103.673164368 -0.085776679 0.989560246 0.115813375 -14.745775223 0.996305108 0.084694557 0.014241589 132.255462646
0.002193915 0.107093781 -0.994246483 -104.631904602 -0.086856052 0.990511894 0.106499858 -14.750612259 0.996218383 0.086122677 0.011474842 132.285858154
-0.000010610 0.097694479 -0.995216429 -105.578742981 -0.088738069 0.991290212 0.097310022 -14.749526024 0.996055007 0.088314608 0.008658703 132.326263428
-0.000670222 0.099452093 -0.995042086 -106.530967712 -0.096082449 0.990432262 0.099056058 -14.755280495 0.995373189 0.095672466 0.008891791 132.354904175
-0.001003125 0.108586490 -0.994086444 -107.503517151 -0.099424720 0.989150643 0.108147644 -14.740812302 0.995044589 0.098945275 0.009803937 132.385025024
-0.002400871 0.119942307 -0.992778063 -108.467163086 -0.103407420 0.987428844 0.119546115 -14.729487419 0.994636178 0.102947637 0.010032236 132.415451050
-0.004327784 0.121589988 -0.992570996 -109.415313721 -0.110217124 0.986474872 0.121323779 -14.718810081 0.993898094 0.109923393 0.009132050 132.451919556
-0.003490476 0.118962891 -0.992892563 -110.405464172 -0.117758244 0.985941350 0.118544005 -14.704185486 0.993036151 0.117335059 0.010567454 132.467788696
-0.003772378 0.114940412 -0.993365169 -111.359275818 -0.125744328 0.985432982 0.114500090 -14.691313744 0.992055535 0.125341997 0.010735678 132.495559692
-0.001567000 0.116919488 -0.993140101 -112.325767517 -0.130381092 0.984640121 0.116124496 -14.672864914 0.991462767 0.129668668 0.013701160 132.522125244
-0.000104964 0.118228689 -0.992986321 -113.308799744 -0.138486370 0.983416557 0.117103912 -14.655963898 0.990364313 0.137527347 0.016269838 132.548660278
0.000594083 0.120974019 -0.992655516 -114.273353577 -0.147737414 0.981773555 0.119559422 -14.639528275 0.989026487 0.146581322 0.018455645 132.570648193
0.000532063 0.123303071 -0.992368937 -115.247421265 -0.153241783 0.980657995 0.121765807 -14.619611740 0.988188565 0.152007595 0.019416951 132.602813721
0.000891563 0.122607455 -0.992454827 -116.225479126 -0.157243654 0.980126083 0.120943122 -14.608624458 0.987559438 0.155949399 0.020153088 132.645690918
0.002385253 0.113131113 -0.993577182 -117.179550171 -0.156177923 0.981429756 0.111373045 -14.611608505 0.987726033 0.154909179 0.020009544 132.681823730
0.003795047 0.101610661 -0.994817019 -118.132339478 -0.159366146 0.982171118 0.099711068 -14.603292465 0.987212241 0.158161715 0.019920686 132.720886230
