1.000000000 0.000000000 0.000000000 0.000000000 0.000000000 1.000000000 0.000000000 0.000000000 0.000000000 0.000000000 1.000000000 0.000000000
0.999997735 -0.001613000 -0.001396072 0.050256219 0.001609977 0.999996364 -0.002163939 -0.132737979 0.001399558 0.002161686 0.999996662 1.297405243
0.999997437 -0.000082679 -0.002267630 0.105285987 0.000068711 0.999981046 -0.006159282 -0.269822448 0.002268096 0.006159111 0.999978483 2.597673655
0.999996364 0.002365656 -0.001299342 0.147008523 -0.002375635 0.999967277 -0.007732654 -0.407430798 0.001281007 0.007735711 0.999969244 3.900144577
0.999983788 0.005687097 0.000228535 0.191525862 -0.005685497 0.999962926 -0.006479576 -0.545825183 -0.000265376 0.006478171 0.999978960 5.214060307
0.999975741 0.006526009 0.002430612 0.240424141 -0.006518463 0.999973953 -0.003099891 -0.691637397 -0.002450779 0.003083972 0.999992192 6.534386635
0.999961138 0.006831590 0.005581661 0.297635496 -0.006822462 0.999975324 -0.001652813 -0.830011308 -0.005592815 0.001614669 0.999983072 7.839906216
0.999946058 0.005193073 0.008995735 0.357887000 -0.005179742 0.999985456 -0.001504457 -0.965756655 -0.009003417 0.001457780 0.999958396 9.146697998
0.999915123 0.003836768 0.012449495 0.434513330 -0.003819028 0.999991655 -0.001448414 -1.101961851 -0.012454950 0.001400746 0.999921441 10.446071625
0.999872923 0.002582042 0.015729716 0.501776814 -0.002549496 0.999994516 -0.002088789 -1.241667747 -0.015735021 0.002048420 0.999874115 11.751950264
0.999812603 0.001797479 0.019272465 0.575199664 -0.001749164 0.999995291 -0.002523508 -1.383052111 -0.019276910 0.002489324 0.999811113 13.046921730
0.999751687 0.001295214 0.022245562 0.650895059 -0.001236888 0.999995768 -0.002635473 -1.529475689 -0.022248887 0.002607304 0.999749005 14.365877151
0.999677002 0.001275523 0.025380304 0.741135716 -0.001179316 0.999992132 -0.003805201 -1.666265130 -0.025384959 0.003774040 0.999670625 15.660194397
0.999581814 0.002267143 0.028828349 0.819193542 -0.002167268 0.999991655 -0.003495215 -1.806291819 -0.028836031 0.003431274 0.999578238 16.959199905
0.999490917 0.001790477 0.031856116 0.910987258 -0.001694171 0.999993920 -0.003049907 -1.946079612 -0.031861387 0.002994385 0.999487758 18.245349884
0.999419510 0.000444488 0.034069248 1.010171413 -0.000354555 0.999996364 -0.002645706 -2.088276148 -0.034070306 0.002632090 0.999415994 19.540945053
0.999358118 -0.001977122 0.035768796 1.103370428 0.002118804 0.999989986 -0.003923594 -2.227134228 -0.035760690 0.003996863 0.999352396 20.821435928
0.999315441 -0.001653481 0.036958106 1.206079245 0.001855336 0.999983549 -0.005428095 -2.372292995 -0.036948528 0.005492948 0.999302089 22.119581223
0.999269068 -0.001405274 0.038201325 1.286698580 0.001716930 0.999965489 -0.008126653 -2.514543295 -0.038188580 0.008186302 0.999237120 23.407466888
0.999237657 -0.001087455 0.039024435 1.395347953 0.001460962 0.999953389 -0.009543851 -2.656838894 -0.039012242 0.009593591 0.999192595 24.684551239
0.999206483 -0.000288050 0.039827749 1.497822642 0.000691206 0.999948621 -0.010109111 -2.802668571 -0.039822787 0.010128619 0.999155402 25.954797745
0.999171495 -0.001893933 0.040653620 1.594069242 0.002261278 0.999957025 -0.008991902 -2.948385954 -0.040634841 0.009076382 0.999132752 27.237846375
0.999168932 -0.004763688 0.040479615 1.699325919 0.005089979 0.999955416 -0.007961376 -3.092097759 -0.040439881 0.008160800 0.999148548 28.514535904
0.999187529 -0.006334820 0.039802145 1.790163517 0.006663924 0.999944746 -0.008141275 -3.241046190 -0.039748378 0.008399900 0.999174416 29.802120209
0.999189973 -0.008004417 0.039437618 1.885357857 0.008427748 0.999908507 -0.010579661 -3.385649920 -0.039349329 0.010903462 0.999166012 31.059663773
0.999229848 -0.007984401 0.038418323 2.000315189 0.008404320 0.999906480 -0.010781099 -3.529441357 -0.038328644 0.011095675 0.999203563 32.346481323
0.999245226 -0.008331111 0.037942767 2.095395088 0.008758689 0.999899745 -0.011116744 -3.673144102 -0.037846357 0.011440682 0.999218047 33.614227295
0.999266326 -0.009038666 0.037217084 2.193508863 0.009463562 0.999891818 -0.011256414 -3.814959764 -0.037111316 0.011600360 0.999243796 34.877700806
0.999280512 -0.009340543 0.036758326 2.284957886 0.009789996 0.999879241 -0.012066336 -3.957457542 -0.036641184 0.012417519 0.999251306 36.137638092
0.999321878 -0.010316457 0.035349086 2.400747776 0.010742564 0.999871612 -0.011885604 -4.113583088 -0.035221938 0.012257284 0.999304354 37.421367645
0.999316573 -0.009897401 0.035616171 2.487868309 0.010262252 0.999896526 -0.010075763 -4.257725239 -0.035512768 0.010434378 0.999314845 38.678443909
0.999295652 -0.010023576 0.036161814 2.599436760 0.010355466 0.999905825 -0.009002298 -4.395880222 -0.036068175 0.009370429 0.999305427 39.943420410
0.999215066 -0.011777722 0.037823975 2.709494829 0.012060565 0.999900937 -0.007258433 -4.537727356 -0.037734747 0.007708914 0.999258041 41.192882538
0.999100983 -0.012803583 0.040413495 2.798254013 0.013150935 0.999878764 -0.008340801 -4.682107449 -0.040301792 0.008864780 0.999148250 42.452976227
0.998964429 -0.014048448 0.043273889 2.890182734 0.014557068 0.999828339 -0.011460819 -4.831815243 -0.043105442 0.012078893 0.998997569 43.698921204
0.998881876 -0.015344786 0.044715989 3.001919508 0.015921947 0.999794126 -0.012579790 -4.971777916 -0.044513740 0.013277688 0.998920560 44.945861816
0.998790145 -0.015554676 0.046648905 3.142686844 0.016113294 0.999802649 -0.011622879 -5.103181839 -0.046458900 0.012360484 0.998843729 46.187801361
0.998548448 -0.016678987 0.051213659 3.226977348 0.017100126 0.999823391 -0.007796074 -5.256665230 -0.051074591 0.008660519 0.998657286 47.424587250
0.998276770 -0.019620115 0.055303842 3.337213516 0.019953420 0.999785960 -0.005481100 -5.396763802 -0.055184457 0.006575157 0.998454571 48.650535583
0.998047292 -0.021793541 0.058539081 3.475918293 0.022193586 0.999734521 -0.006192357 -5.531787395 -0.058388591 0.007479458 0.998265922 49.889015198
0.997761965 -0.025096074 0.061977942 3.616443872 0.025748568 0.999620795 -0.009751564 -5.665078163 -0.061709728 0.011325582 0.998029888 51.113224030
0.997490704 -0.026305405 0.065729477 3.752452374 0.027030185 0.999582946 -0.010161624 -5.794057846 -0.065434746 0.011912807 0.997785747 52.339691162
0.997179151 -0.028879846 0.069281578 3.888298273 0.029481659 0.999535859 -0.007679485 -5.931330204 -0.069027647 0.009700358 0.997567594 53.556663513
0.996872783 -0.031531405 0.072459660 4.044831753 0.031945419 0.999479234 -0.004561624 -6.060220242 -0.072278090 0.006862113 0.997360885 54.770488739
0.996641219 -0.034163445 0.074424632 4.194891930 0.034475271 0.999401391 -0.002908817 -6.185842514 -0.074280694 0.005464857 0.997222364 55.985504150
0.996451676 -0.037409101 0.075395547 4.352438450 0.037492674 0.999296784 0.000307107 -6.313251495 -0.075354032 0.002520764 0.997153640 57.196327209
0.996285260 -0.040217713 0.076145239 4.496372223 0.040185578 0.999190331 0.001954848 -6.440464973 -0.076162219 0.001112354 0.997094810 58.400516510
0.996235251 -0.042522695 0.075544953 4.649579525 0.042736214 0.999085665 -0.001211395 -6.567239285 -0.075424373 0.004435341 0.997141600 59.614711761
0.996223450 -0.043945186 0.074884094 4.794262886 0.044489477 0.998994052 -0.005615035 -6.693259239 -0.074562028 0.008925384 0.997176349 60.802711487
0.996255457 -0.044978902 0.073837183 4.926600456 0.045794141 0.998906732 -0.009384525 -6.822163105 -0.073334374 0.012730692 0.997226179 62.002902985
0.996308863 -0.046483751 0.072164826 5.068344593 0.047516119 0.998790264 -0.012654589 -6.948299885 -0.071489289 0.016036874 0.997312427 63.194118500
0.996409893 -0.047062792 0.070373029 5.199661732 0.048022363 0.998774111 -0.012005353 -7.081625462 -0.069721766 0.015341732 0.997448444 64.379234314
0.996625960 -0.046841711 0.067397431 5.332986832 0.047685143 0.998802304 -0.010959612 -7.219472885 -0.066803336 0.014136492 0.997666001 65.551948547
0.996887445 -0.045480084 0.064397410 5.455271721 0.046170503 0.998890519 -0.009273171 -7.353423595 -0.063904218 0.012217567 0.997881234 66.748008728
0.997286379 -0.041839529 0.060576353 5.575514317 0.042263359 0.999089956 -0.005731637 -7.480404377 -0.060281422 0.008276243 0.998147070 67.924522400
0.997533083 -0.040090233 0.057623353 5.688485146 0.040354695 0.999179602 -0.003432700 -7.603721142 -0.057438444 0.005749605 0.998332441 69.091171265
0.997774899 -0.039284341 0.053870052 5.818379879 0.039697979 0.999189675 -0.006629694 -7.742654324 -0.053565957 0.008753472 0.998525918 70.305442810
0.997942567 -0.039570939 0.050443519 5.925563812 0.040280588 0.999102116 -0.013129682 -7.872954845 -0.049878668 0.015134566 0.998640597 71.465293884
0.998004675 -0.042913370 0.046313811 6.038937569 0.043713260 0.998909533 -0.016398212 -8.006141663 -0.045559600 0.018390022 0.998792350 72.650009155
0.998025239 -0.045789223 0.042996783 6.135044098 0.046332225 0.998857319 -0.011717804 -8.138165474 -0.042411104 0.013686803 0.999006510 73.817100525
0.998016417 -0.050044939 0.038193624 6.246913910 0.050349038 0.998706818 -0.007041293 -8.261174202 -0.037791844 0.008950339 0.999245524 74.991950989
0.998080492 -0.052077711 0.033513725 6.343266487 0.052266732 0.998621643 -0.004788091 -8.375957489 -0.033218179 0.006530553 0.999426782 76.170356750
0.998281360 -0.050579622 0.029597167 6.430038452 0.050678976 0.998711526 -0.002615860 -8.497692108 -0.029426726 0.004111317 0.999558508 77.349319458
0.998406827 -0.050371252 0.025427548 6.522015572 0.050443664 0.998724461 -0.002213696 -8.619585991 -0.025283612 0.003492828 0.999674201 78.499710083
0.998543918 -0.049290411 0.021918118 6.605739594 0.049382422 0.998773217 -0.003676157 -8.743731499 -0.021710033 0.004753174 0.999752998 79.645538330
0.998703003 -0.047032934 0.019498289 6.660174370 0.047212232 0.998845816 -0.008839337 -8.874225616 -0.019060045 0.009748431 0.999770761 80.824691772
0.998613596 -0.050091520 0.016176293 6.734843731 0.050310981 0.998642921 -0.013457255 -9.018988609 -0.015480249 0.014252444 0.999778569 81.957672119
0.998465717 -0.053972531 0.012372155 6.806043625 0.054148775 0.998429239 -0.014382131 -9.144999504 -0.011576482 0.015030002 0.999819994 83.083839417
0.998504758 -0.053938717 0.008876129 6.871021748 0.054035738 0.998477519 -0.011081243 -9.272321701 -0.008264905 0.011544300 0.999899149 84.251358032
0.998489022 -0.054616682 0.006060349 6.926383018 0.054670531 0.998463035 -0.009109885 -9.396895409 -0.005553482 0.009427444 0.999940157 85.383720398
0.998610497 -0.052410740 0.005500727 6.972768784 0.052466866 0.998566329 -0.010608366 -9.521776199 -0.004936848 0.010882231 0.999928594 86.508659363
0.998803258 -0.048681617 0.004700896 7.025430202 0.048740365 0.998722792 -0.013316616 -9.651791573 -0.004046617 0.013529804 0.999900341 87.627128601
0.998848617 -0.047832422 0.003654118 7.086422920 0.047884628 0.998726785 -0.015868761 -9.784983635 -0.002890424 0.016025467 0.999867380 88.727302551
0.998782754 -0.049268980 0.002352632 7.139339447 0.049301039 0.998649061 -0.016412050 -9.914884567 -0.001540848 0.016508063 0.999862492 89.839515686
0.998745501 -0.050052673 0.001401489 7.192002773 0.050067689 0.998641789 -0.014408922 -10.040374756 -0.000678380 0.014461016 0.999895155 90.941894531
0.998699725 -0.050969768 0.000953441 7.239835262 0.050977226 0.998637795 -0.011126816 -10.165935516 -0.000385011 0.011160951 0.999937654 92.103919983
0.998743773 -0.050108392 0.000138304 7.292827129 0.050107136 0.998690248 -0.010345709 -10.290370941 0.000380284 0.010339642 0.999946475 93.213523865
0.998697698 -0.051017504 0.000247964 7.332655430 0.051016409 0.998612940 -0.013023779 -10.412797928 0.000416821 0.013019469 0.999915183 94.335250854
0.998688102 -0.051205114 -0.000298680 7.394746304 0.051193357 0.998554349 -0.016385073 -10.551302910 0.001137248 0.016348287 0.999865711 95.445632935
0.998651743 -0.051906221 -0.000556456 7.444291592 0.051888939 0.998504162 -0.017237013 -10.680088997 0.001450332 0.017184900 0.999851286 96.537254333
0.998628557 -0.052350931 -0.000424337 7.492155552 0.052336987 0.998495281 -0.016371042 -10.802417755 0.001280738 0.016326383 0.999865830 97.626014709
0.998647749 -0.051989987 -0.000037119 7.550144672 0.051986348 0.998585343 -0.011161562 -10.921629906 0.000617356 0.011144537 0.999937713 98.705947876
0.998736143 -0.050254438 0.000941193 7.599737167 0.050260309 0.998705089 -0.007873498 -11.039443016 -0.000544296 0.007910850 0.999968529 99.773353577
0.998819649 -0.048453454 0.003379661 7.644097805 0.048477717 0.998796046 -0.007508620 -11.161960602 -0.003011774 0.007663596 0.999966085 100.842857361
0.998902738 -0.046513047 0.005438023 7.693649769 0.046562809 0.998871028 -0.009413063 -11.279832840 -0.004994053 0.009655945 0.999940932 101.883110046
0.998868644 -0.046856500 0.008107066 7.744697094 0.046946887 0.998833060 -0.011343237 -11.405108452 -0.007566101 0.011711006 0.999902785 102.900733948
0.998777390 -0.048437137 0.009874227 7.798068523 0.048560657 0.998739779 -0.012678980 -11.512926102 -0.009247649 0.013142979 0.999870777 103.916603088
0.998666108 -0.050276026 0.011768145 7.857477188 0.050417729 0.998655260 -0.012071589 -11.625285149 -0.011145409 0.012648809 0.999857783 104.900093079
0.998643160 -0.050198827 0.013859674 7.910947800 0.050348505 0.998674691 -0.010669999 -11.740952492 -0.013305684 0.011353336 0.999846935 105.874588013
0.998581648 -0.051267903 0.014361924 7.986668587 0.051400509 0.998637378 -0.009021135 -11.848407745 -0.013879860 0.009746550 0.999856174 106.809265137
0.998515427 -0.051924959 0.016450129 8.040554047 0.052083105 0.998599112 -0.009335423 -11.955027580 -0.015942343 0.010178339 0.999821067 107.726325989
0.998497784 -0.051813304 0.017821299 8.100559235 0.051954795 0.998620749 -0.007570243 -12.053972244 -0.017404478 0.008484770 0.999812663 108.631057739
0.998512447 -0.050808433 0.019783719 8.156797409 0.050927188 0.998686969 -0.005545142 -12.148713112 -0.019476002 0.006544421 0.999788940 109.500915527
0.998479605 -0.051019099 0.020866448 8.217812538 0.051081780 0.998691380 -0.002481431 -12.248357773 -0.020712541 0.003543553 0.999779105 110.359367371
0.998432517 -0.051116414 0.022791896 8.273284912 0.051183008 0.998686492 -0.002347470 -12.339323997 -0.022641962 0.003510348 0.999737382 111.182815552
0.998478889 -0.049757943 0.023749258 8.324610710 0.049806241 0.998757839 -0.001446447 -12.429390907 -0.023647789 0.002627108 0.999716878 111.991851807
0.998590469 -0.047363304 0.023949537 8.377976418 0.047406584 0.998874962 -0.001242585 -12.508150101 -0.023863738 0.002376200 0.999712348 112.771354675
0.998713374 -0.044845246 0.023674723 8.416445732 0.044806384 0.998993278 0.002169975 -12.587471008 -0.023748204 -0.001106404 0.999717236 113.525703430
0.998783946 -0.044831108 0.020514444 8.464285851 0.044779025 0.998992443 0.002991816 -12.670535088 -0.020627903 -0.002069561 0.999785006 114.271652222
0.998886108 -0.045005176 0.014180669 8.499838829 0.044966709 0.998983979 0.003020114 -12.743167877 -0.014302181 -0.002379092 0.999894857 114.967552185
0.999044478 -0.043570988 0.003415044 8.529095650 0.043564212 0.999048650 0.002033092 -12.818547249 -0.003500380 -0.001882376 0.999992132 115.635040283
0.999124765 -0.040642075 -0.009896008 8.523081779 0.040631991 0.999173403 -0.001217366 -12.883450508 0.009937301 0.000814206 0.999950290 116.273399353
0.998802364 -0.039281916 -0.029168280 8.525337219 0.039195023 0.999225318 -0.003545012 -12.952186584 0.029284939 0.002397515 0.999568164 116.895561218
0.997970164 -0.037522025 -0.051456675 8.489792824 0.037280448 0.999288917 -0.005647089 -13.022352219 0.051631980 0.003717298 0.998659194 117.482322693
0.996206641 -0.036017418 -0.079215057 8.448626518 0.035539187 0.999340594 -0.007439175 -13.089509964 0.079430759 0.004595717 0.996829748 118.050399780
0.993217409 -0.033722751 -0.111274704 8.374757767 0.032862488 0.999414146 -0.009556576 -13.155323029 0.111531809 0.005834993 0.993743718 118.593971252
0.988693535 -0.029277448 -0.147063971 8.276962280 0.027991129 0.999549747 -0.010808982 -13.222231865 0.147314221 0.006570286 0.989067912 119.138954163
0.982437909 -0.023044780 -0.185161412 8.149394989 0.021470224 0.999714315 -0.010504536 -13.282258987 0.185350597 0.006344596 0.982651949 119.664840698
0.973818302 -0.017847938 -0.226625830 8.002313614 0.016298793 0.999829292 -0.008705208 -13.335198402 0.226742491 0.004783564 0.973942995 120.169509888
0.962404966 -0.013114934 -0.271301776 7.834808350 0.011670167 0.999907851 -0.006938015 -13.396103859 0.271367759 0.003511043 0.962469339 120.654182434
0.947907031 -0.007442458 -0.318460345 7.642784119 0.005244708 0.999956191 -0.007758069 -13.449399948 0.318504155 0.005683700 0.947904468 121.132911682
0.930616021 0.000546572 -0.365996599 7.412117004 -0.003925500 0.999956310 -0.008488018 -13.501843452 0.365975916 0.009335808 0.930577457 121.588973999
0.909501195 0.005490229 -0.415664911 7.158542633 -0.010408033 0.999900103 -0.009566451 -13.554843903 0.415570855 0.013026953 0.909467518 122.027221680
0.884117305 0.009890582 -0.467160225 6.887954712 -0.015357301 0.999850869 -0.007895682 -13.612627983 0.467012465 0.014155029 0.884137332 122.447807312
0.855012178 0.012920917 -0.518446982 6.601902008 -0.019704301 0.999777198 -0.007579138 -13.657821655 0.518233418 0.016695889 0.855076194 122.842742920
0.823199511 0.022678562 -0.567299187 6.275001526 -0.030618502 0.999521017 -0.004472833 -13.703927994 0.566926062 0.021051886 0.823499560 123.217422485
0.789294958 0.035679936 -0.612976849 5.924316406 -0.043640904 0.999045312 0.001958209 -13.746902466 0.612461507 0.025205256 0.790098429 123.570251465
0.753512025 0.044883341 -0.655900240 5.573143005 -0.055199143 0.998463273 0.004911039 -13.788747787 0.655112743 0.032504603 0.754831612 123.870162964
0.713642120 0.048634265 -0.698820174 5.207038879 -0.062217701 0.998045087 0.005921431 -13.834887505 0.697741985 0.039253205 0.715272844 124.164573669
0.671003699 0.050258607 -0.739748836 4.827964783 -0.064862907 0.997853994 0.008959133 -13.879564285 0.738611579 0.041970640 0.672823548 124.450286865
0.627532303 0.053881411 -0.776723921 4.411766052 -0.068219788 0.997570932 0.014085315 -13.913193703 0.775596023 0.044148941 0.629683733 124.715454102
0.582054794 0.062627047 -0.810734272 3.994541168 -0.079304799 0.996648729 0.020052712 -13.947548866 0.809273124 0.052623339 0.585070789 124.946136475
0.536520123 0.071542643 -0.840849459 3.555057526 -0.090953290 0.995498121 0.026666235 -13.970785141 0.838971794 0.062171046 0.540611804 125.148620605
0.489515930 0.076683074 -0.868616164 3.103137970 -0.096415862 0.994777858 0.033484910 -13.998703003 0.866647601 0.067356981 0.494352996 125.346611023
0.442417204 0.078490540 -0.893367887 2.640789032 -0.095994055 0.994584084 0.039844766 -14.024082184 0.891657054 0.068130001 0.447555661 125.522247314
0.394985795 0.079467759 -0.915243745 2.166236877 -0.092635095 0.994619250 0.046381753 -14.045333862 0.914004862 0.066463567 0.400222033 125.702560425
0.349265456 0.082028992 -0.933426499 1.679519653 -0.094394647 0.994173348 0.052047215 -14.064386368 0.932257056 0.069932140 0.354973614 125.844299316
0.305364430 0.085384257 -0.948399842 1.175582886 -0.100178383 0.993325412 0.057173610 -14.081054688 0.946951270 0.077550359 0.311879963 125.959205627
0.263866901 0.086806260 -0.960645139 0.647460938 -0.104713209 0.992633879 0.060934570 -14.097582817 0.958858371 0.084513597 0.271013021 126.066917419
0.224401698 0.083496399 -0.970913053 0.120447159 -0.104446091 0.992644131 0.061225187 -14.117274284 0.968883336 0.087669045 0.231471896 126.164443970
0.189605206 0.078376077 -0.978727221 -0.412530899 -0.099398158 0.993220150 0.060280617 -14.136427879 0.976816177 0.085854173 0.196110129 126.255378723
0.158929616 0.073334262 -0.984562576 -0.962310791 -0.096791677 0.993590891 0.058382466 -14.157821655 0.982533872 0.086018749 0.165009141 126.333480835
0.132808387 0.071820818 -0.988536179 -1.531671524 -0.097874336 0.993446648 0.059028305 -14.177284241 0.986297369 0.088912867 0.138967454 126.397193909
0.110435426 0.070926882 -0.991349280 -2.113486290 -0.098836981 0.993289828 0.060055360 -14.191563606 0.988956690 0.091349728 0.116704576 126.462554932
0.091407090 0.072337799 -0.993182778 -2.704678535 -0.100739390 0.992913246 0.063046671 -14.207639694 0.990704894 0.094289705 0.098046586 126.525192261
0.075662807 0.070569806 -0.994633138 -3.313737869 -0.101665325 0.992840230 0.062708803 -14.230010986 0.991937160 0.096374974 0.082295582 126.569015503
0.061400365 0.069486760 -0.995691538 -3.933952332 -0.099863380 0.992995799 0.063140452 -14.257975578 0.993104875 0.095556274 0.067909494 126.620056152
0.049686797 0.067050144 -0.996511757 -4.571105957 -0.096131697 0.993432701 0.062049773 -14.280164719 0.994127691 0.092713311 0.055806138 126.656036377
0.037409563 0.064138018 -0.997239769 -5.225921631 -0.093220614 0.993810475 0.060420476 -14.294287682 0.994942427 0.090702988 0.043157004 126.693428040
0.026225314 0.063166171 -0.997658372 -5.893983841 -0.093047254 0.993823290 0.060477439 -14.314041138 0.995316267 0.091243319 0.031940766 126.736221313
0.016526515 0.064757444 -0.997764170 -6.564827919 -0.096373729 0.993357420 0.062875152 -14.336505890 0.995208085 0.095119148 0.022657653 126.755584717
0.008512145 0.064476356 -0.997882843 -7.239999294 -0.099404626 0.993030727 0.063314892 -14.361417770 0.995010734 0.098655239 0.014862068 126.764991760
0.001484229 0.063841894 -0.997958899 -7.939300537 -0.101452313 0.992820501 0.063362300 -14.384724617 0.994839430 0.101151176 0.007950480 126.790328979
-0.003641105 0.064776555 -0.997893155 -8.637023926 -0.102197379 0.992650747 0.064809144 -14.402595520 0.994757414 0.102218047 0.003005649 126.804847717
-0.007245325 0.067229651 -0.997711122 -9.359376907 -0.104542315 0.992219031 0.067618750 -14.422127724 0.994494081 0.104792960 -0.000160608 126.826019287
-0.007710821 0.071207255 -0.997431695 -10.094499588 -0.106842056 0.991692960 0.071623497 -14.447556496 0.994246125 0.107119933 -0.000038842 126.822128296
-0.008938090 0.074086219 -0.997211695 -10.806921959 -0.108931504 0.991244614 0.074619263 -14.458310127 0.994009078 0.109294735 -0.000789507 126.835220337
-0.009388169 0.079714298 -0.996773541 -11.547586441 -0.113752633 0.990261555 0.080264904 -14.466120720 0.993464708 0.114139155 -0.000229031 126.839477539
-0.010679520 0.083533384 -0.996447742 -12.292150497 -0.116543300 0.989609301 0.084209174 -14.479968071 0.993128240 0.117028631 -0.000833295 126.848823547
-0.012074343 0.083811775 -0.996408463 -13.038051605 -0.117042772 0.989512682 0.084650047 -14.496262550 0.993053496 0.117644481 -0.002138153 126.866851807
-0.013692178 0.080837041 -0.996633232 -13.782686234 -0.114700563 0.990020216 0.081876464 -14.515508652 0.993305743 0.115435474 -0.004283477 126.886734009
-0.015237155 0.077401578 -0.996883631 -14.544557571 -0.118049584 0.989887059 0.078662716 -14.520389557 0.992890894 0.118880294 -0.005945838 126.896659851
-0.016554505 0.079186209 -0.996722460 -15.305935860 -0.123485968 0.989065289 0.080628842 -14.533540726 0.992208302 0.124416001 -0.006595103 126.899391174
-0.017495668 0.081929229 -0.996484578 -16.095216751 -0.120192461 0.989237547 0.083443657 -14.546308517 0.992596447 0.121229820 -0.007460096 126.906402588
-0.019824825 0.081922472 -0.996441543 -16.868547440 -0.118876427 0.989374340 0.083706573 -14.562467575 0.992711127 0.120112866 -0.009875521 126.922851562
-0.019908000 0.081259169 -0.996494114 -17.664064407 -0.122796945 0.988946855 0.083096966 -14.572673798 0.992232144 0.124020733 -0.009709573 126.910507202
-0.021794949 0.080876656 -0.996485770 -18.451524734 -0.126298174 0.988514543 0.082992062 -14.584236145 0.991752863 0.127663106 -0.011330055 126.931808472
-0.022908643 0.085223734 -0.996098459 -19.249710083 -0.128199086 0.987883627 0.087469250 -14.590280533 0.991483808 0.129702702 -0.011705471 126.937484741
-0.023571063 0.090154395 -0.995648801 -20.052412033 -0.127568409 0.987512827 0.092437744 -14.604557991 0.991549611 0.129192203 -0.011775877 126.949806213
-0.022596592 0.092272349 -0.995477378 -20.871984482 -0.128050104 0.987263083 0.094417602 -14.611397743 0.991510272 0.129604518 -0.010493301 126.958419800
-0.020539843 0.091566175 -0.995587111 -21.690994263 -0.127434105 0.987435281 0.093445502 -14.621801376 0.991634369 0.128791094 -0.008613111 126.965278625
-0.019573949 0.091252968 -0.995635390 -22.522108078 -0.127533898 0.987463415 0.093011275 -14.624080658 0.991641104 0.128797844 -0.007690713 126.977096558
-0.019534510 0.090117328 -0.995739579 -23.349464417 -0.125839546 0.987787902 0.091866404 -14.629220009 0.991858184 0.127097994 -0.007955633 127.001586914
-0.018564073 0.092053540 -0.995581031 -24.187606812 -0.126753524 0.987501621 0.093670018 -14.635229111 0.991760492 0.127932295 -0.006663942 127.017105103
-0.018174445 0.094033122 -0.995403171 -25.026741028 -0.128508568 0.987090290 0.095594198 -14.636653900 0.991541862 0.129655212 -0.005855754 127.032699585
-0.018042084 0.096807495 -0.995139599 -25.899177551 -0.131599352 0.986412823 0.098344460 -14.640790939 0.991138816 0.132734075 -0.005057140 127.043914795
-0.016516326 0.097682834 -0.995080471 -26.766202927 -0.134004593 0.986021459 0.099017739 -14.637062073 0.990843117 0.134980768 -0.003195505 127.054092407
-0.014708063 0.101003967 -0.994777322 -27.631322861 -0.140520275 0.984802604 0.102068812 -14.638494492 0.989968598 0.141287610 -0.000291436 127.067497253
-0.012537448 0.104837589 -0.994410336 -28.506696701 -0.145035803 0.983780861 0.105545543 -14.634260178 0.989346981 0.145548373 0.002871102 127.085037231
-0.010536214 0.106660143 -0.994239688 -29.381074905 -0.147523180 0.983248949 0.107044399 -14.629502296 0.989002407 0.147801265 0.005375120 127.114356995
-0.006689557 0.107524604 -0.994180024 -30.280681610 -0.146617591 0.983352125 0.107340090 -14.631559372 0.989170611 0.146482289 0.009186808 127.133735657
-0.004087720 0.107507370 -0.994195879 -31.172748566 -0.149234772 0.983005226 0.106910855 -14.626117706 0.988793254 0.148805618 0.012025588 127.161163330
-0.001500476 0.111201815 -0.993796647 -32.075725555 -0.149670988 0.982578516 0.110172525 -14.617077827 0.988734663 0.148907840 0.015169349 127.188583374
0.000884665 0.113510147 -0.993536472 -32.994312286 -0.148835346 0.982485771 0.112115093 -14.615080833 0.988861620 0.147774115 0.017763488 127.226272583
0.002483494 0.114737026 -0.993392825 -33.886386871 -0.149454668 0.982281148 0.113079987 -14.612169266 0.988765478 0.148186341 0.019587470 127.267517090
0.005250424 0.112987012 -0.993582606 -34.790088654 -0.150743127 0.982331514 0.110910997 -14.605038643 0.988559008 0.149193406 0.022189669 127.294960022
0.005104673 0.114208110 -0.993443727 -35.699150085 -0.155139625 0.981518447 0.112040028 -14.595521927 0.987879336 0.153550565 0.022728536 127.337661743
0.006107072 0.114679441 -0.993383706 -36.592517853 -0.155721858 0.981392324 0.112337783 -14.590049744 0.987782061 0.154005513 0.023851529 127.374191284
0.006506730 0.111203879 -0.993776262 -37.488265991 -0.156182408 0.981714189 0.108831525 -14.587914467 0.987706780 0.154502213 0.023755837 127.406898499
0.007366352 0.107154392 -0.994215131 -38.394611359 -0.157742828 0.981918216 0.104660310 -14.587449074 0.987452745 0.156059310 0.024135992 127.446472168
0.007824288 0.106413081 -0.994291246 -39.291568756 -0.157417670 0.982054889 0.103864737 -14.582225800 0.987501144 0.155706346 0.024435176 127.486671448
0.007839141 0.110333450 -0.993863761 -40.196136475 -0.159937978 0.981237411 0.107670225 -14.574414253 0.987095952 0.158112526 0.025338568 127.521614075
0.008114243 0.116753787 -0.993127763 -41.123394012 -0.160736233 0.980398297 0.113943987 -14.563385010 0.986964047 0.158707023 0.026721751 127.555778503
0.008258404 0.115568027 -0.993265212 -42.017669678 -0.158554479 0.980884492 0.112809248 -14.564376831 0.987315714 0.156555012 0.026424371 127.599075317
0.009189322 0.105255872 -0.994402826 -42.912433624 -0.157609150 0.982167244 0.102504291 -14.571751595 0.987458766 0.155785054 0.025614746 127.641090393
0.009376561 0.095192909 -0.995414615 -43.805831909 -0.159446433 0.982864380 0.092490748 -14.575315475 0.987162054 0.157848060 0.024394058 127.678657532
0.008692078 0.091962069 -0.995724559 -44.709522247 -0.156501949 0.983616233 0.089477614 -14.584250450 0.987639427 0.155055091 0.022941915 127.717552185
0.008407717 0.101765402 -0.994772911 -45.641700745 -0.148900315 0.983844757 0.099388964 -14.587592125 0.988816381 0.147286370 0.023424791 127.768241882
0.008762193 0.115395427 -0.993280947 -46.563064575 -0.144222751 0.983079195 0.112937987 -14.584371567 0.989506304 0.142264113 0.025256576 127.816993713
0.008520881 0.124163628 -0.992225170 -47.491928101 -0.144381911 0.982016325 0.121646225 -14.573917389 0.989485264 0.142222822 0.026294628 127.864151001
0.008478501 0.118580423 -0.992908299 -48.413581848 -0.144599468 0.982653081 0.116120920 -14.568552017 0.989453971 0.142589465 0.025478091 127.908134460
0.008538942 0.104581267 -0.994479597 -49.330493927 -0.144464388 0.984211683 0.102261044 -14.557519913 0.989473164 0.142793670 0.023512391 127.947036743
0.009216876 0.096303754 -0.995309293 -50.257781982 -0.145549074 0.984880388 0.093946852 -14.573177338 0.989308059 0.144000426 0.023094445 127.984039307
0.009911845 0.096318007 -0.995301187 -51.174713135 -0.144881204 0.984985590 0.093876891 -14.581210136 0.989399433 0.143269941 0.023717692 128.027191162
0.009245782 0.097712897 -0.995171726 -52.099452972 -0.147646785 0.984439313 0.095287383 -14.591541290 0.988996923 0.146052897 0.023528907 128.066146851
0.009343400 0.097219035 -0.995219171 -53.060409546 -0.152100176 0.983819962 0.094677545 -14.602140427 0.988320887 0.150488436 0.023979260 128.106689453
0.009802380 0.096704461 -0.995264888 -53.990447998 -0.153478563 0.983664572 0.094065696 -14.603214264 0.988103330 0.151829764 0.024484314 128.148132324
0.011060953 0.104479730 -0.994465530 -54.931350708 -0.163206831 0.981378555 0.101289526 -14.603698730 0.986529887 0.161183208 0.027906787 128.179138184
0.012838891 0.113146327 -0.993495405 -55.877979279 -0.168532908 0.979607761 0.109386757 -14.592000961 0.985612333 0.166032284 0.031645957 128.214340210
0.013914838 0.121489860 -0.992495120 -56.876548767 -0.168737978 0.978640914 0.117428258 -14.583032608 0.985562682 0.165837646 0.034117579 128.263290405
0.014991900 0.122266717 -0.992384076 -57.817161560 -0.170176268 0.978327394 0.117964014 -14.574058533 0.985299528 0.167111725 0.035473883 128.306549072
0.015967447 0.112688825 -0.993501961 -58.751922607 -0.171630099 0.979189754 0.108307026 -14.571643829 0.985032082 0.168785483 0.034975957 128.361648560
0.017000677 0.107566006 -0.994052589 -59.692993164 -0.170144230 0.980007052 0.103136271 -14.568299294 0.985272527 0.167378888 0.034962513 128.417648315
0.019667128 0.106099322 -0.994161010 -60.650089264 -0.168812990 0.980429292 0.101294287 -14.575966835 0.985451877 0.165835127 0.037193164 128.460494995
0.023438718 0.112352833 -0.993391931 -61.605060577 -0.170224339 0.979603171 0.106776945 -14.572466850 0.985126555 0.166596770 0.042085830 128.508651733
0.026217770 0.114645243 -0.993060410 -62.572387695 -0.173008874 0.978931725 0.108446516 -14.577926636 0.984571278 0.168965057 0.045500048 128.575347900
0.030672800 0.109355479 -0.993529320 -63.517093658 -0.172660604 0.979634106 0.102495581 -14.575543404 0.984503686 0.168399513 0.048929498 128.633651733
0.032984756 0.103335440 -0.994099498 -64.485679626 -0.172069311 0.980376244 0.096199602 -14.585526466 0.984532475 0.167880908 0.050118335 128.711914062
0.036877424 0.103042208 -0.993993163 -65.437324524 -0.169538870 0.980895758 0.095394529 -14.587634087 0.984833360 0.165002599 0.053642571 128.777755737
0.039511267 0.107412539 -0.993429065 -66.388725281 -0.167156547 0.980905890 0.099410236 -14.596933365 0.985138476 0.162130386 0.056711547 128.855758667
0.042215936 0.114191733 -0.992561400 -67.340530396 -0.166778326 0.980313659 0.105689175 -14.603862762 0.985090315 0.161075965 0.060429566 128.948974609
0.045076746 0.118858658 -0.991887450 -68.347114563 -0.164442807 0.980235100 0.109989166 -14.614436150 0.985356033 0.158150837 0.063731261 129.021911621
0.047099583 0.120466188 -0.991599441 -69.304283142 -0.163918495 0.980175912 0.111292459 -14.609638214 0.985348821 0.157299668 0.065912507 129.102874756
0.049214743 0.117620595 -0.991838396 -70.260070801 -0.162176281 0.980804503 0.108264975 -14.605117798 0.985533774 0.155524403 0.067345321 129.181915283
0.049940176 0.116194792 -0.991970122 -71.204353333 -0.160229459 0.981276810 0.106875554 -14.608829498 0.985815644 0.153605461 0.067622960 129.264984131
0.049552258 0.112223558 -0.992446721 -72.153434753 -0.156622812 0.982246757 0.103250094 -14.614716530 0.986414671 0.150323495 0.066249318 129.360351562
0.049270514 0.112259239 -0.992456675 -73.105697632 -0.155271918 0.982443511 0.103418142 -14.608576775 0.986642301 0.149005190 0.065836214 129.445831299
0.049259789 0.117071800 -0.991901159 -74.058395386 -0.152339861 0.982367635 0.108381100 -14.611693382 0.987099826 0.145767242 0.066225931 129.528610229
0.048957702 0.118061230 -0.991798818 -75.029991150 -0.146699563 0.983070433 0.109780774 -14.603325844 0.987968862 0.140121818 0.065448403 129.615737915
0.048021279 0.114680097 -0.992241085 -75.995925903 -0.144353017 0.983755291 0.106713101 -14.608291626 0.988360286 0.138108537 0.063795604 129.696701050
0.047190838 0.111484997 -0.992645025 -76.947937012 -0.146325156 0.983803451 0.103535615 -14.610718727 0.988110244 0.140363023 0.062739566 129.767333984
0.046145096 0.108043157 -0.993074715 -77.906402588 -0.142981544 0.984611809 0.100478515 -14.607042313 0.988649070 0.137354761 0.060883187 129.842803955
0.043782204 0.108174428 -0.993167341 -78.875129700 -0.142934740 0.984571636 0.100937143 -14.603464127 0.988763273 0.137538865 0.058568608 129.928253174
0.042978853 0.109882809 -0.993014872 -79.828704834 -0.143657804 0.984284103 0.102699019 -14.606299400 0.988693714 0.138240457 0.058088932 130.002151489
0.042062465 0.110738933 -0.992958903 -80.791969299 -0.146192431 0.983824015 0.103527352 -14.612823486 0.988361537 0.140808448 0.057571262 130.064773560
0.040513579 0.110677525 -0.993030250 -81.740798950 -0.145975024 0.983838379 0.103697568 -14.604358673 0.988458276 0.140756458 0.056014974 130.135589600
0.038435105 0.110513374 -0.993131101 -82.690208435 -0.145871907 0.983839393 0.103834018 -14.600415230 0.988556504 0.140879095 0.053934760 130.206375122
0.036116671 0.113928631 -0.992832184 -83.633911133 -0.145850897 0.983443677 0.107545599 -14.603424072 0.988647044 0.140921324 0.052135304 130.279891968
0.034769118 0.117909551 -0.992415488 -84.597686768 -0.147482619 0.982748985 0.111594066 -14.592837334 0.988453329 0.142484009 0.051558930 130.327011108
0.032494530 0.122445263 -0.991943300 -85.546485901 -0.148571357 0.982032657 0.116354942 -14.578818321 0.988367736 0.143593386 0.050102547 130.391387939
0.030590421 0.122503415 -0.991996586 -86.493919373 -0.149001241 0.981930673 0.116665579 -14.574501991 0.988363743 0.144239902 0.048290834 130.451553345
0.029093919 0.116633929 -0.992748857 -87.439514160 -0.148964062 0.982584476 0.111074165 -14.564706802 0.988414526 0.144652292 0.045961499 130.515151978
0.027123902 0.112238109 -0.993311107 -88.377769470 -0.153845459 0.982306838 0.106793694 -14.557082176 0.987722576 0.149919704 0.043911323 130.571762085
0.026860612 0.109563880 -0.993616700 -89.350250244 -0.152246177 0.982828200 0.104258552 -14.545249939 0.987977445 0.148473918 0.043080047 130.615539551
0.025829457 0.110663570 -0.993522227 -90.301345825 -0.148214236 0.983293474 0.105670989 -14.549439430 0.988617897 0.144524693 0.041799854 130.675323486
0.025086990 0.111934945 -0.993398845 -91.253135681 -0.144820720 0.983636081 0.107177630 -14.545361519 0.989139855 0.141176000 0.040886961 130.738754272
0.023798609 0.111942284 -0.993429661 -92.198486328 -0.139888570 0.984307587 0.107563198 -14.547512054 0.989881158 0.136409625 0.039084591 130.803695679
0.022873884 0.109131753 -0.993764102 -93.145698547 -0.135849461 0.985143483 0.105058163 -14.548951149 0.990465462 0.132599235 0.037359547 130.861648560
0.021830810 0.105746962 -0.994153380 -94.112007141 -0.130789787 0.986146629 0.102023251 -14.551226616 0.991169751 0.127797872 0.035359003 130.916625977
0.020861749 0.108265363 -0.993903100 -95.072052002 -0.128865510 0.986118197 0.104712494 -14.553760529 0.991442621 0.125895336 0.034523819 130.969650269
0.019322405 0.110616349 -0.993675292 -96.017105103 -0.128909022 0.985841036 0.107237548 -14.555263519 0.991468191 0.126021594 0.033308260 131.029022217
0.018526906 0.108913235 -0.993878543 -96.968856812 -0.123836130 0.986645043 0.105812110 -14.551877022 0.992129683 0.121117704 0.031766869 131.068038940
0.014977221 0.104937553 -0.994366050 -97.920478821 -0.121489957 0.987300456 0.102362014 -14.544110298 0.992479682 0.119272381 0.027535880 131.133377075
0.012040859 0.102764279 -0.994632840 -98.870323181 -0.120353103 0.987622499 0.100582995 -14.548611641 0.992658138 0.118496053 0.024259826 131.183151245
0.010087384 0.101247258 -0.994810224 -99.832321167 -0.114153400 0.988473356 0.099444821 -14.553153992 0.993411958 0.112557814 0.021528829 131.222824097
0.006197924 0.101751976 -0.994790435 -100.783973694 -0.108178698 0.989039540 0.100489736 -14.556416512 0.994112074 0.106992319 0.017137388 131.282897949
0.004817966 0.109527133 -0.993972182 -101.738586426 -0.098392718 0.989212334 0.108525708 -14.554311752 0.995135963 0.097276755 0.015542665 131.331207275
0.000763592 0.116882868 -0.993145466 -102.707420349 -0.090174772 0.989107609 0.116338328 -14.548448563 0.995925605 0.089467831 0.011295160 131.400787354
-0.001818720 0.116229862 -0.993220627 -103.666854858 -0.085986480 0.989525676 0.115954876 -14.542827606 0.996294618 0.085614428 0.008194524 131.438156128
-0.005241674 0.106194317 -0.994331539 -104.615081787 -0.086575322 0.990563452 0.106248252 -14.541162491 0.996231437 0.086641476 0.004001594 131.475067139
-0.007244925 0.097069860 -0.995251238 -105.563423157 -0.088707216 0.991291106 0.097329356 -14.545351028 0.996031344 0.088991098 0.001428965 131.507446289
-0.007281770 0.097841084 -0.995175540 -106.525627136 -0.095802471 0.990555644 0.098087914 -14.540601730 0.995373726 0.096054509 0.002160421 131.521896362
-0.008183326 0.107895434 -0.994128585 -107.483261108 -0.099234439 0.989166677 0.108173788 -14.537158966 0.995030344 0.099537008 0.002612268 131.552169800
-0.009840543 0.118543305 -0.992900133 -108.455490112 -0.102432117 0.987605214 0.118926339 -14.520489693 0.994691372 0.102875158 0.002424068 131.573532104
-0.010163224 0.120559961 -0.992654026 -109.433189392 -0.110428937 0.986497939 0.120942943 -14.512727737 0.993832052 0.110846907 0.003287311 131.588211060
-0.010336813 0.117834218 -0.992979467 -110.393783569 -0.117713511 0.985984504 0.118229516 -14.495545387 0.992993832 0.118109226 0.003678742 131.607025146
-0.010490376 0.113741249 -0.993455052 -111.349189758 -0.126088589 0.985429227 0.114153787 -14.483780861 0.991963446 0.126460880 0.004003954 131.626892090
-0.008024296 0.115630493 -0.993259907 -112.327072144 -0.130637392 0.984657824 0.115684465 -14.467934608 0.991397738 0.130685166 0.007204480 131.640869141
-0.006884205 0.117660515 -0.993030012 -113.300979614 -0.139010757 0.983298719 0.117471188 -14.456577301 0.990266919 0.138850525 0.009586844 131.663665771
-0.006620534 0.120692402 -0.992667973 -114.262359619 -0.148464426 0.981569290 0.120333165 -14.442462921 0.988895535 0.148172498 0.011420012 131.683532715
-0.006067446 0.123219013 -0.992360890 -115.239341736 -0.154341757 0.980372131 0.122674078 -14.422681808 0.987998903 0.153907016 0.013069482 131.701004028
-0.005842739 0.122003585 -0.992512405 -116.211929321 -0.157930225 0.979960442 0.121390358 -14.406838417 0.987432957 0.157456964 0.013542403 131.736419678
-0.004218067 0.112250306 -0.993670940 -117.167129517 -0.156836182 0.981308281 0.111519493 -14.407777786 0.987615585 0.156313956 0.013465685 131.765182495
-0.002862316 0.100912102 -0.994891226 -118.120254517 -0.160107061 0.982014477 0.100066639 -14.400429726 0.987095535 0.159575507 0.013345902 131.797546387
