1.000000000 0.000000000 0.000000000 0.000000000 0.000000000 1.000000000 0.000000000 0.000000000 0.000000000 0.000000000 1.000000000 0.000000000
0.999997854 -0.001597072 -0.001320602 0.048657693 0.001594259 0.999996483 -0.002128191 -0.133032888 0.001323997 0.002126081 0.999996841 1.297880769
0.999997675 0.000026371 -0.002148090 0.104875639 -0.000039998 0.999979794 -0.006343578 -0.268327177 0.002147880 0.006343648 0.999977589 2.604716063
0.999996126 0.002462418 -0.001306453 0.148416474 -0.002472600 0.999966264 -0.007850387 -0.407243460 0.001287078 0.007853588 0.999968350 3.907272339
0.999983251 0.005780078 0.000298562 0.191356778 -0.005778001 0.999961913 -0.006542245 -0.546735168 -0.000336366 0.006540410 0.999978542 5.219655991
0.999975145 0.006601871 0.002475117 0.242050245 -0.006593803 0.999972880 -0.003253780 -0.690719843 -0.002496531 0.003237379 0.999991655 6.540670395
0.999958456 0.006940306 0.005909042 0.297032475 -0.006929324 0.999974251 -0.001876908 -0.828421295 -0.005921916 0.001835885 0.999980867 7.843930721
0.999943793 0.005274442 0.009196376 0.354516029 -0.005257419 0.999984443 -0.001874247 -0.961668074 -0.009206122 0.001825793 0.999955893 9.149632454
0.999915242 0.003877701 0.012424811 0.433054745 -0.003854831 0.999990821 -0.001864098 -1.098462343 -0.012431926 0.001816044 0.999921024 10.448965073
0.999871790 0.002754968 0.015775613 0.498694837 -0.002713812 0.999992847 -0.002629648 -1.234542727 -0.015782744 0.002586500 0.999872088 11.756451607
0.999813735 0.001791593 0.019216578 0.573315501 -0.001728299 0.999992967 -0.003309790 -1.374262452 -0.019222373 0.003275961 0.999809802 13.051153183
0.999744713 0.001592856 0.022538520 0.643191814 -0.001518738 0.999993384 -0.003305212 -1.520020485 -0.022543639 0.003270138 0.999740481 14.377800941
0.999661982 0.001571296 0.025946287 0.727044344 -0.001454220 0.999988675 -0.004530480 -1.656702876 -0.025953114 0.004491217 0.999653101 15.672003746
0.999571025 0.002519392 0.029179528 0.804526210 -0.002393852 0.999987721 -0.004336442 -1.796341300 -0.029190091 0.004264730 0.999564767 16.981901169
0.999473393 0.002068904 0.032383062 0.895437658 -0.001939935 0.999990106 -0.004013516 -1.935314059 -0.032391042 0.003948582 0.999467492 18.268247604
0.999407172 0.000283916 0.034427889 0.996964395 -0.000157781 0.999993205 -0.003666391 -2.080619574 -0.034428705 0.003658785 0.999400437 19.572172165
0.999348998 -0.002108297 0.036019616 1.094028115 0.002284861 0.999985516 -0.004861450 -2.222060919 -0.036008846 0.004940583 0.999339283 20.848897934
0.999308109 -0.001885728 0.037145045 1.192925930 0.002131500 0.999976099 -0.006578076 -2.365548372 -0.037131749 0.006652698 0.999288201 22.157724380
0.999261320 -0.001813842 0.038387399 1.274626017 0.002170016 0.999954939 -0.009238775 -2.508591413 -0.038368918 0.009315252 0.999220252 23.443937302
0.999224663 -0.001284468 0.039349530 1.378153801 0.001706337 0.999941409 -0.010689363 -2.650545597 -0.039333489 0.010748220 0.999168277 24.729213715
0.999175429 -0.000731356 0.040594589 1.476863384 0.001189565 0.999935865 -0.011264430 -2.798475266 -0.040583745 0.011303433 0.999112189 25.999223709
0.999157488 -0.002190475 0.040981371 1.576219797 0.002615885 0.999943197 -0.010329830 -2.942829609 -0.040956415 0.010428329 0.999106526 27.282245636
0.999154031 -0.005157743 0.040797275 1.682507038 0.005531604 0.999943674 -0.009056311 -3.091033936 -0.040748257 0.009274324 0.999126434 28.559423447
0.999174833 -0.006586571 0.040076531 1.774331570 0.006978664 0.999929070 -0.009651589 -3.235264301 -0.040010106 0.009923308 0.999149978 29.846237183
0.999195278 -0.008185376 0.039264008 1.878835201 0.008674690 0.999886632 -0.012308055 -3.379961967 -0.039158810 0.012638754 0.999153018 31.111951828
0.999229670 -0.008490653 0.038314112 1.990807295 0.008966039 0.999884725 -0.012252891 -3.532453060 -0.038205653 0.012586978 0.999190629 32.404552460
0.999237359 -0.009089591 0.037976179 2.085833549 0.009576159 0.999874115 -0.012650280 -3.675473213 -0.037856415 0.013004298 0.999198616 33.668220520
0.999255121 -0.009680891 0.037355524 2.182885885 0.010162906 0.999867201 -0.012735166 -3.820476055 -0.037227284 0.013105322 0.999220908 34.938751221
0.999268651 -0.010251847 0.036836352 2.277387142 0.010746030 0.999854505 -0.013242804 -3.965271473 -0.036695231 0.013628963 0.999233603 36.198806763
0.999308228 -0.010782367 0.035592202 2.388691425 0.011258438 0.999849379 -0.013202480 -4.125379562 -0.035444498 0.013594059 0.999279201 37.484691620
0.999308467 -0.010446595 0.035684384 2.480851412 0.010856978 0.999876857 -0.011325945 -4.271863461 -0.035561670 0.011705537 0.999298990 38.742256165
0.999267161 -0.010471688 0.036817316 2.576701403 0.010859190 0.999887586 -0.010340882 -4.410795212 -0.036704894 0.010733109 0.999268472 40.011276245
0.999191403 -0.012226150 0.038303122 2.689447880 0.012566713 0.999883533 -0.008663149 -4.552469730 -0.038192742 0.009137487 0.999228597 41.261589050
0.999070942 -0.013331818 0.040981773 2.778407097 0.013747999 0.999856591 -0.009890282 -4.698328018 -0.040844042 0.010444511 0.999110937 42.523338318
0.998938441 -0.014706886 0.043651987 2.873488426 0.015283376 0.999799967 -0.012902277 -4.848223686 -0.043453503 0.013555733 0.998963475 43.771957397
0.998853207 -0.015619660 0.045260876 2.988538265 0.016264694 0.999770820 -0.013918361 -4.998467445 -0.045033105 0.014638552 0.998878241 45.042793274
0.998736143 -0.015865019 0.047691528 3.117895126 0.016499447 0.999780178 -0.012938580 -5.129167557 -0.047475774 0.013709112 0.998778284 46.280036926
0.998516023 -0.017037172 0.051724907 3.212703705 0.017551631 0.999800742 -0.009508118 -5.285603046 -0.051552609 0.010401866 0.998616099 47.549304962
0.998243630 -0.020247718 0.055675261 3.329804420 0.020702979 0.999756694 -0.007612416 -5.422145367 -0.055507585 0.008751689 0.998419940 48.782150269
0.997999310 -0.021988414 0.059276666 3.456304312 0.022499949 0.999715030 -0.007976025 -5.561360359 -0.059084393 0.009293792 0.998209655 50.031833649
0.997720599 -0.025379892 0.062525317 3.598178864 0.026174558 0.999586284 -0.011923197 -5.693460941 -0.062196843 0.013532592 0.997972131 51.259452820
0.997418106 -0.026364932 0.066797167 3.719603777 0.027231203 0.999556005 -0.012091406 -5.830103397 -0.066448726 0.013879155 0.997693241 52.504096985
0.997058809 -0.028957928 0.070957974 3.847645521 0.029699298 0.999514520 -0.009415140 -5.971110821 -0.070650883 0.011494851 0.997434914 53.724105835
0.996791482 -0.031602036 0.073540092 4.013999462 0.032135244 0.999464989 -0.006078360 -6.105178833 -0.073308676 0.008422086 0.997273743 54.914836884
0.996506512 -0.034261316 0.076164044 4.142475605 0.034721058 0.999385834 -0.004719777 -6.236764431 -0.075955585 0.007347785 0.997084081 56.172355652
0.996324599 -0.037331227 0.077095196 4.302087784 0.037539359 0.999294341 -0.001251613 -6.365451336 -0.076994069 0.004141117 0.997022867 57.379272461
0.996145666 -0.039873894 0.078127339 4.437345505 0.039983138 0.999200344 0.000166025 -6.494496346 -0.078071475 0.002958392 0.996943355 58.598743439
0.996103764 -0.041719411 0.077696703 4.585004807 0.042096123 0.999108315 -0.003216289 -6.617235184 -0.077493243 0.006474487 0.996971726 59.791130066
0.996114969 -0.042861644 0.076926686 4.738234997 0.043562062 0.999022961 -0.007449497 -6.746970654 -0.076532215 0.010771640 0.997008920 61.003326416
0.996131778 -0.044163730 0.075967602 4.876881599 0.045165483 0.998913109 -0.011518599 -6.875802994 -0.075376324 0.014905155 0.997043788 62.183803558
0.996140659 -0.046678629 0.074328884 5.021028996 0.047815233 0.998763800 -0.013585269 -7.016001701 -0.073602855 0.017086897 0.997141242 63.404327393
0.996278763 -0.046646681 0.072475329 5.157145500 0.047754902 0.998766005 -0.013633188 -7.149043560 -0.071749941 0.017043507 0.997277021 64.580688477
0.996536374 -0.045948341 0.069310345 5.298617363 0.046967074 0.998809993 -0.013140061 -7.291268826 -0.068624109 0.016349854 0.997508585 65.803421021
0.996773362 -0.045252770 0.066294931 5.420838356 0.046102870 0.998872161 -0.011348971 -7.421147346 -0.065706588 0.014368736 0.997735500 66.977302551
0.997197628 -0.041342650 0.062351037 5.547068596 0.041881029 0.999095500 -0.007351805 -7.560112476 -0.061990701 0.009942527 0.998027205 68.177818298
0.997477710 -0.039332125 0.059086226 5.665566444 0.039699785 0.999198854 -0.005061025 -7.685703278 -0.058839820 0.007393970 0.998240054 69.352676392
0.997697473 -0.038338643 0.055944461 5.776283264 0.038842533 0.999213636 -0.007947019 -7.822414398 -0.055595793 0.010101745 0.998402238 70.519241333
0.997876704 -0.038805246 0.052308802 5.893864155 0.039646842 0.999098897 -0.015148115 -7.954327106 -0.051673848 0.017189834 0.998516083 71.712158203
0.997892559 -0.042747550 0.048817862 6.003530979 0.043673873 0.998882294 -0.018068258 -8.089934349 -0.047990929 0.020162242 0.998644233 72.882247925
0.997926354 -0.046567094 0.044434130 6.116094589 0.047206435 0.998794556 -0.013448834 -8.225061417 -0.043754287 0.015518525 0.998921752 74.054199219
0.997925818 -0.050321534 0.040147062 6.219567299 0.050702427 0.998677433 -0.008525811 -8.351762772 -0.039664932 0.010543682 0.999157429 75.213409424
0.997991085 -0.052383736 0.035633571 6.316882133 0.052619904 0.998598158 -0.005721959 -8.478774071 -0.035283882 0.007585499 0.999348521 76.402015686
0.998162925 -0.051723879 0.031551480 6.407246590 0.051852629 0.998649359 -0.003275859 -8.603819847 -0.031339426 0.004905869 0.999496698 77.561347961
0.998298466 -0.051335268 0.027655337 6.501632214 0.051443715 0.998670697 -0.003223826 -8.720367432 -0.027453069 0.004641033 0.999612331 78.717384338
0.998441458 -0.049914464 0.024962457 6.563931942 0.050059099 0.998732686 -0.005203001 -8.852220535 -0.024671119 0.006444490 0.999674857 79.888366699
0.998625517 -0.047683895 0.021761965 6.640033722 0.047918122 0.998797357 -0.010371294 -8.978971481 -0.021241251 0.011399829 0.999709427 81.032775879
0.998541296 -0.050936628 0.017914439 6.725410938 0.051212024 0.998571098 -0.015264881 -9.116094589 -0.017111301 0.016160045 0.999722958 82.193168640
0.998390377 -0.054566171 0.015475013 6.788310051 0.054812711 0.998368680 -0.015981721 -9.248444557 -0.014577708 0.016804222 0.999752522 83.320053101
0.998461306 -0.054291949 0.011288430 6.859417439 0.054431804 0.998439550 -0.012475288 -9.385400772 -0.010593507 0.013070541 0.999858439 84.484664917
0.998453200 -0.054858539 0.009041207 6.917360783 0.054945894 0.998442054 -0.009714289 -9.514020920 -0.008494210 0.010196042 0.999911904 85.616493225
0.998593926 -0.052345749 0.008368889 6.972451687 0.052440196 0.998557985 -0.011495454 -9.642060280 -0.007755085 0.011918160 0.999898851 86.760864258
0.998805225 -0.048326343 0.007260138 7.027991772 0.048428822 0.998718858 -0.014673231 -9.773261070 -0.006541733 0.015007301 0.999866009 87.891624451
0.998872459 -0.047121007 0.005793363 7.083809376 0.047213443 0.998739898 -0.017014794 -9.905297279 -0.004984308 0.017269133 0.999838471 89.009986877
0.998791039 -0.048893727 0.005081644 7.139952660 0.048976757 0.998642147 -0.017752217 -10.036013603 -0.004206771 0.017979637 0.999829412 90.127624512
0.998792589 -0.048923701 0.004449482 7.181314945 0.048987657 0.998677194 -0.015624140 -10.169066429 -0.003679206 0.015823247 0.999867976 91.248947144
0.998703063 -0.050813619 0.003194332 7.242341995 0.050850492 0.998624504 -0.012776812 -10.295682907 -0.002540702 0.012922676 0.999913275 92.358459473
0.998726070 -0.050345149 0.003388078 7.292001247 0.050382640 0.998656929 -0.012079054 -10.422904015 -0.002775406 0.012234368 0.999921381 93.495635986
0.998708665 -0.050702639 0.003209714 7.336174965 0.050743695 0.998608530 -0.014355121 -10.555305481 -0.002477406 0.014499458 0.999891818 94.628097534
0.998705685 -0.050781723 0.002871037 7.392134190 0.050824977 0.998548448 -0.017824423 -10.684432983 -0.001961715 0.017947271 0.999837041 95.727836609
0.998654962 -0.051803842 0.002128197 7.451645374 0.051834948 0.998475552 -0.018960902 -10.815767288 -0.001142705 0.019045714 0.999817967 96.830780029
0.998654127 -0.051777974 0.002996499 7.493101120 0.051823314 0.998497248 -0.017822623 -10.948212624 -0.002069177 0.017953925 0.999836683 97.903533936
0.998671114 -0.051415727 0.003526375 7.545152664 0.051455099 0.998601079 -0.012172955 -11.069825172 -0.002895561 0.012338227 0.999919653 98.992805481
0.998763084 -0.049489684 0.004787489 7.597513199 0.049531654 0.998731196 -0.009083970 -11.190801620 -0.004331851 0.009309866 0.999947190 100.069335938
0.998841107 -0.047621753 0.006961009 7.650749207 0.047684982 0.998819888 -0.009217989 -11.304122925 -0.006513819 0.009539244 0.999933243 101.119155884
0.998909295 -0.045878381 0.008674380 7.707109928 0.045969583 0.998886347 -0.010624680 -11.433099747 -0.008177279 0.011011849 0.999905944 102.169075012
0.998879731 -0.046017259 0.011023464 7.763662338 0.046162207 0.998845637 -0.013276486 -11.548494339 -0.010399791 0.013770482 0.999851048 103.183448792
0.998788774 -0.047527492 0.012727898 7.831525326 0.047700617 0.998768210 -0.013663478 -11.669565201 -0.012062830 0.014254058 0.999825597 104.198600769
0.998682618 -0.049141277 0.014770291 7.887736797 0.049333926 0.998698056 -0.012974587 -11.791964531 -0.014113471 0.013686172 0.999806702 105.200233459
0.998658895 -0.049091805 0.016443798 7.952054501 0.049281236 0.998720825 -0.011320309 -11.906729698 -0.015867032 0.012115498 0.999800682 106.160614014
0.998589993 -0.050005801 0.017813586 8.013731956 0.050189979 0.998689175 -0.010046519 -12.014974594 -0.017287852 0.010926420 0.999790847 107.113929749
0.998512506 -0.050822020 0.019746957 8.073293686 0.051036838 0.998641372 -0.010530909 -12.120879173 -0.019184921 0.011523066 0.999749541 108.031036377
0.998500109 -0.050353363 0.021492926 8.137813568 0.050547589 0.998684704 -0.008590564 -12.222379684 -0.021032095 0.009664095 0.999732077 108.939125061
0.998496234 -0.049523674 0.023504965 8.197021484 0.049687956 0.998744011 -0.006457061 -12.319652557 -0.023155665 0.007615265 0.999702871 109.809677124
0.998468757 -0.049656529 0.024379037 8.263149261 0.049747359 0.998756945 -0.003132926 -12.424121857 -0.024193162 0.004340921 0.999697864 110.668800354
0.998424709 -0.049730588 0.025979327 8.325887680 0.049825422 0.998753369 -0.003015718 -12.515245438 -0.025796967 0.004305398 0.999657929 111.496170044
0.998440921 -0.048761304 0.027166333 8.378770828 0.048843421 0.998803616 -0.002366929 -12.605136871 -0.027018417 0.003690135 0.999628067 112.310348511
0.998538136 -0.046360970 0.027786558 8.431905746 0.046433162 0.998919368 -0.001958019 -12.686156273 -0.027665757 0.003245374 0.999611914 113.090065002
0.998672068 -0.043812659 0.027101226 8.481929779 0.043798715 0.999039650 0.001108522 -12.763767242 -0.027123773 0.000079949 0.999632061 113.847015381
0.998735011 -0.044337608 0.023715978 8.531710625 0.044296816 0.999015868 0.002242617 -12.849955559 -0.023792073 -0.001189238 0.999716222 114.601356506
0.998868644 -0.044306815 0.017266419 8.569987297 0.044269513 0.999016345 0.002536498 -12.925439835 -0.017361820 -0.001769252 0.999847710 115.296592712
0.999068320 -0.042557213 0.007157620 8.594862938 0.042549174 0.999093533 0.001271202 -12.998995781 -0.007205233 -0.000965467 0.999973536 115.968734741
0.999170721 -0.040160544 -0.006705388 8.597463608 0.040151540 0.999192476 -0.001470891 -13.067180634 0.006759046 0.001200439 0.999976397 116.605529785
0.998924136 -0.038466778 -0.025898384 8.599901199 0.038375109 0.999255240 -0.004027527 -13.136085510 0.026034024 0.003029342 0.999656439 117.235862732
0.998161495 -0.036766890 -0.048184454 8.566126823 0.036498621 0.999312937 -0.006436114 -13.204741478 0.048387982 0.004665616 0.998817682 117.822937012
0.996489704 -0.035214130 -0.075948678 8.526858330 0.034696445 0.999364853 -0.008125355 -13.272444725 0.076186568 0.005461684 0.997078538 118.393318176
0.993603230 -0.033286314 -0.107910715 8.455501556 0.032403789 0.999425590 -0.009921976 -13.341201782 0.108178988 0.006361790 0.994111121 118.933532715
0.989219666 -0.028796855 -0.143580511 8.356233597 0.027462384 0.999559402 -0.011267845 -13.405412674 0.143841714 0.007203310 0.989574432 119.479187012
0.983011484 -0.022594202 -0.182148784 8.248607635 0.020983966 0.999721825 -0.010762854 -13.464451790 0.182341278 0.006757804 0.983212054 119.996566772
0.974537551 -0.017183900 -0.223565191 8.107046127 0.015573778 0.999838531 -0.008963353 -13.519374847 0.223683089 0.005253368 0.974647701 120.501159668
0.963229418 -0.012544563 -0.268387496 7.936471939 0.011014418 0.999913275 -0.007206261 -13.579016685 0.268454611 0.003985149 0.963284016 120.996376038
0.948988795 -0.006349368 -0.315246284 7.746356964 0.004120715 0.999961615 -0.007735578 -13.633976936 0.315283239 0.006041936 0.948978305 121.473609924
0.931687534 0.001450604 -0.363257825 7.514801025 -0.004881816 0.999951661 -0.008527810 -13.690164566 0.363227904 0.009718609 0.931649566 121.941688538
0.910646796 0.005785031 -0.413145244 7.258651733 -0.010649554 0.999898434 -0.009472549 -13.740943909 0.413048476 0.013025956 0.910615861 122.377670288
0.885595620 0.010081629 -0.464347661 6.992523193 -0.015648060 0.999844491 -0.008135695 -13.794429779 0.464193404 0.014471075 0.885615587 122.791946411
0.856634498 0.013203424 -0.515754879 6.710567474 -0.020320181 0.999760211 -0.008156409 -13.834587097 0.515523434 0.017467290 0.856697321 123.189559937
0.825173795 0.023078907 -0.564407170 6.380634308 -0.031200722 0.999501824 -0.004745876 -13.886874199 0.564016521 0.021526083 0.825482845 123.562271118
0.791058004 0.035966132 -0.610682845 6.034511566 -0.044014193 0.999029219 0.001823267 -13.927770615 0.610155702 0.025436409 0.791872978 123.920227051
0.755214036 0.044696514 -0.653952539 5.678428650 -0.055166002 0.998466790 0.004535258 -13.968844414 0.653152704 0.032650858 0.756522000 124.234405518
0.715418994 0.048536915 -0.697007775 5.308563232 -0.062396593 0.998036444 0.005454613 -14.013226509 0.695904016 0.039588571 0.717042863 124.534622192
0.672848105 0.050290227 -0.738069177 4.933673859 -0.065086171 0.997842133 0.008655813 -14.061765671 0.736911952 0.042214055 0.674669504 124.817535400
0.629064202 0.053635228 -0.775500715 4.523223877 -0.067922294 0.997593820 0.013899005 -14.098201752 0.774380147 0.043930411 0.631193638 125.089447021
0.584154546 0.062454451 -0.809235930 4.098514557 -0.079049475 0.996672928 0.019857682 -14.131465912 0.807783723 0.052369718 0.587148011 125.317871094
0.538442075 0.071296342 -0.839641035 3.656326294 -0.090596862 0.995536745 0.026436253 -14.155298233 0.837778151 0.061834436 0.542498112 125.529205322
0.491570950 0.076348566 -0.867484152 3.204116821 -0.096285261 0.994806826 0.032993160 -14.180289268 0.865498126 0.067307457 0.496369362 125.727851868
0.444463819 0.077289723 -0.892456293 2.733188629 -0.095149234 0.994708180 0.038758572 -14.205289841 0.890729249 0.067689754 0.449465811 125.913169861
0.397570580 0.078925617 -0.914170921 2.260730743 -0.092822395 0.994642258 0.045504950 -14.225591660 0.912864566 0.066764109 0.402766585 126.080642700
0.351507962 0.081685863 -0.932614446 1.768753052 -0.094381340 0.994202733 0.051507376 -14.247594833 0.931415141 0.069916137 0.357179821 126.230422974
0.307466835 0.084935024 -0.947760642 1.264369965 -0.099671513 0.993404150 0.056690589 -14.267951965 0.946324289 0.077034265 0.313904434 126.349174500
0.266292095 0.086762272 -0.959979594 0.737661362 -0.104565069 0.992663264 0.060710538 -14.285188675 0.958203912 0.084213585 0.273410618 126.451599121
0.227338716 0.083406001 -0.970237315 0.210998535 -0.105044991 0.992612302 0.060716100 -14.302141190 0.968133569 0.088115454 0.234420583 126.545722961
0.192755014 0.078222893 -0.978124082 -0.325616837 -0.099949665 0.993198037 0.059731703 -14.319828033 0.976143181 0.086249582 0.199262246 126.634582520
0.162450850 0.073440477 -0.983979762 -0.879720688 -0.097440124 0.993545949 0.058067512 -14.340040207 0.981893659 0.086446002 0.168558449 126.711868286
0.135190248 0.071665727 -0.988224506 -1.439397812 -0.097771943 0.993477821 0.058671396 -14.362770081 0.985983908 0.088688821 0.141315401 126.792915344
0.113114089 0.070951611 -0.991045415 -2.021233559 -0.098909900 0.993296444 0.059823580 -14.378642082 0.988646567 0.091257311 0.119373649 126.857872009
0.094991520 0.072145268 -0.992860377 -2.628529549 -0.101363219 0.992887557 0.062449358 -14.390483856 0.990304112 0.094707347 0.101628788 126.904167175
0.078528605 0.070678152 -0.994403243 -3.230464935 -0.102166645 0.992802262 0.062496200 -14.417119980 0.991662920 0.096687101 0.085184336 126.959732056
0.065021999 0.069811165 -0.995438874 -3.854431152 -0.101833224 0.992806077 0.062974803 -14.444372177 0.992674291 0.097274005 0.071663365 127.001182556
0.052282203 0.066988192 -0.996382952 -4.498961449 -0.095824122 0.993480086 0.061764948 -14.466195107 0.994024277 0.092248313 0.058360413 127.061447144
0.040226594 0.064337403 -0.997117043 -5.146253109 -0.093508646 0.993787706 0.060350150 -14.483970642 0.994805455 0.090811394 0.045992784 127.103935242
0.029362151 0.064058565 -0.997514009 -5.804701805 -0.092962250 0.993794203 0.061083298 -14.505374908 0.995236576 0.090937637 0.035134956 127.140098572
0.020414647 0.065529466 -0.997641742 -6.475286007 -0.096492372 0.993320763 0.063271113 -14.528148651 0.995124340 0.094973162 0.026601378 127.149971008
0.011868836 0.065000638 -0.997814655 -7.171692371 -0.099476546 0.993011296 0.063504495 -14.552688599 0.994969070 0.098505445 0.018251929 127.170433044
0.005506401 0.064417347 -0.997907877 -7.858675957 -0.102133311 0.992740631 0.063520230 -14.573732376 0.994755507 0.101569876 0.012045585 127.188575745
-0.000171050 0.065805778 -0.997832477 -8.554026604 -0.102716811 0.992553413 0.065475240 -14.595517159 0.994710684 0.102505371 0.006589581 127.207160950
-0.003387826 0.067771867 -0.997695088 -9.271169662 -0.104369268 0.992228091 0.067754887 -14.611095428 0.994532824 0.104358263 0.003711804 127.226913452
-0.004300265 0.071323045 -0.997444034 -9.989890099 -0.106730729 0.991722882 0.071374103 -14.631949425 0.994278669 0.106764846 0.003347690 127.240493774
-0.005159076 0.074803166 -0.997184992 -10.722679138 -0.109420739 0.991168141 0.074917935 -14.647200584 0.993982077 0.109499238 0.003071507 127.249397278
-0.006646129 0.080548190 -0.996728539 -11.449750900 -0.114106990 0.990178883 0.080779739 -14.660196304 0.993446171 0.114270560 0.002610255 127.266891479
-0.007994927 0.084131427 -0.996422589 -12.187056541 -0.116882473 0.989545465 0.084488578 -14.673152924 0.993113577 0.117139816 0.001922145 127.285575867
-0.009686669 0.084714718 -0.996358097 -12.932323456 -0.116327852 0.989544153 0.085266314 -14.689885139 0.993163705 0.116730154 0.000269298 127.304588318
-0.010453511 0.081376262 -0.996628582 -13.702709198 -0.114911832 0.989982188 0.082038887 -14.707567215 0.993320704 0.115382023 -0.000997694 127.317886353
-0.012206808 0.078276165 -0.996857047 -14.453835487 -0.118728720 0.989765108 0.079173185 -14.715661049 0.992851675 0.119321994 -0.002788243 127.332008362
-0.013306583 0.079896912 -0.996714294 -15.227170944 -0.123393424 0.989052236 0.080930069 -14.724755287 0.992268682 0.124064893 -0.003302155 127.332435608
-0.014837593 0.082884021 -0.996448755 -16.002342224 -0.120769329 0.989114046 0.084072255 -14.739875793 0.992569625 0.121587873 -0.004666222 127.349479675
-0.017008077 0.083087504 -0.996397138 -16.775859833 -0.119568683 0.989220917 0.084530070 -14.756476402 0.992680192 0.120575577 -0.006890085 127.365936279
-0.017791929 0.082549453 -0.996428192 -17.566133499 -0.122701943 0.988872588 0.084114432 -14.766870499 0.992284000 0.123760223 -0.007464974 127.365615845
-0.018743442 0.082072526 -0.996450067 -18.358768463 -0.126701117 0.988395452 0.083792396 -14.778391838 0.991763830 0.127821907 -0.008127254 127.379486084
-0.020181002 0.086200893 -0.996073306 -19.155395508 -0.128532633 0.987785399 0.088087782 -14.783326149 0.991499901 0.129805669 -0.008854871 127.390693665
-0.020942543 0.091083296 -0.995623052 -19.959419250 -0.127749160 0.987434566 0.093021363 -14.796875954 0.991585374 0.129138097 -0.009043578 127.406547546
-0.019703748 0.093700804 -0.995405376 -20.780828476 -0.128604963 0.987090409 0.095463783 -14.805459976 0.991500080 0.129895091 -0.007398992 127.417007446
-0.017950991 0.092571318 -0.995544255 -21.598939896 -0.128033206 0.987294495 0.094112821 -14.812273979 0.991607428 0.129152134 -0.005870710 127.430061340
-0.016936934 0.092787772 -0.995541811 -22.431093216 -0.127963886 0.987295508 0.094196200 -14.818521500 0.991634250 0.128988817 -0.004848271 127.443618774
-0.016707785 0.091390908 -0.995674908 -23.258579254 -0.126129121 0.987666309 0.092772298 -14.819146156 0.991873085 0.127133638 -0.004974664 127.465515137
-0.015869642 0.093487650 -0.995494008 -24.096179962 -0.127074465 0.987357378 0.094749309 -14.826249123 0.991766274 0.128005505 -0.003789113 127.485466003
-0.015404588 0.095583349 -0.995302260 -24.934600830 -0.128735691 0.986945868 0.096773349 -14.827454567 0.991559267 0.129621670 -0.002898503 127.503669739
-0.015293420 0.097836755 -0.995084941 -25.801881790 -0.131363273 0.986378610 0.098999664 -14.824433327 0.991216242 0.132231683 -0.002232946 127.517303467
-0.013594314 0.098943383 -0.995000124 -26.665542603 -0.133526593 0.986000001 0.099872723 -14.821143150 0.990951955 0.134216696 -0.000192421 127.529396057
-0.011909517 0.102158815 -0.994696796 -27.535259247 -0.140433207 0.984737217 0.102817319 -14.821480751 0.990018547 0.140913010 0.002618748 127.545471191
-0.009504183 0.105821572 -0.994339705 -28.418809891 -0.144870237 0.983747780 0.106079079 -14.813838959 0.989405036 0.145058438 0.005980680 127.559410095
-0.007203610 0.107654922 -0.994162142 -29.294391632 -0.147427857 0.983209431 0.107537128 -14.807660103 0.989046633 0.147341892 0.008788681 127.588752747
-0.003528116 0.108375020 -0.994103968 -30.188274384 -0.146060482 0.983392835 0.107725710 -14.807535172 0.989269495 0.145579368 0.012359782 127.614540100
-0.000799864 0.108353540 -0.994112074 -31.081634521 -0.148762062 0.983038008 0.107266210 -14.801210403 0.988872707 0.147971958 0.015332595 127.642608643
0.001592537 0.112035513 -0.993702888 -31.982496262 -0.149122328 0.982619822 0.110546961 -14.792100906 0.988817513 0.148007244 0.018271852 127.675773621
0.003824793 0.114059210 -0.993466556 -32.894943237 -0.148114443 0.982580543 0.112239160 -14.786979675 0.988962829 0.146717459 0.020651979 127.721061707
0.005654270 0.115205839 -0.993325651 -33.788619995 -0.148609102 0.982407868 0.113093682 -14.782434464 0.988879740 0.146977738 0.022675429 127.762763977
0.008239126 0.113515653 -0.993502080 -34.693977356 -0.150039017 0.982428551 0.111006133 -14.775987625 0.988645732 0.148149490 0.025126124 127.792999268
0.008568397 0.114766374 -0.993355513 -35.601299286 -0.154170886 0.981665969 0.112085991 -14.767786026 0.988007069 0.152186081 0.026104936 127.834381104
0.009626364 0.115362450 -0.993276894 -36.494827271 -0.154906631 0.981503427 0.112493776 -14.762744904 0.987882197 0.152782291 0.027318718 127.873260498
0.010018115 0.111982793 -0.993659675 -37.393047333 -0.155338779 0.981820107 0.109082401 -14.760625839 0.987810493 0.153261095 0.027231261 127.907524109
0.010765890 0.107749946 -0.994119763 -38.298465729 -0.156493962 0.982108116 0.104753263 -14.760950089 0.987620234 0.154446006 0.027435485 127.956207275
0.011303461 0.106945127 -0.994200647 -39.196540833 -0.156122506 0.982259393 0.103885591 -14.754863739 0.987672985 0.154042870 0.027799476 127.998390198
0.011071708 0.110995427 -0.993759274 -40.101135254 -0.158548340 0.981442809 0.107853360 -14.749660492 0.987289131 0.156364754 0.028464388 128.038986206
0.011350247 0.117225789 -0.993040383 -41.033843994 -0.159218177 0.980646014 0.113942832 -14.737354279 0.987178266 0.156816825 0.029795051 128.081115723
0.011671988 0.115850978 -0.993198037 -41.928474426 -0.156898111 0.981174350 0.112604626 -14.737148285 0.987545848 0.154516593 0.029629057 128.126144409
0.012516636 0.105657369 -0.994323850 -42.818691254 -0.156255946 0.982391834 0.102422506 -14.742893219 0.987637341 0.154087022 0.028805837 128.170684814
0.012838841 0.095060073 -0.995388746 -43.740352631 -0.158044711 0.983150661 0.091852799 -14.746746063 0.987348437 0.156136632 0.027646251 128.212341309
0.011805868 0.091966562 -0.995692074 -44.642139435 -0.154938623 0.983903468 0.089040592 -14.754558563 0.987853646 0.153219983 0.025865002 128.258697510
0.011624232 0.102016926 -0.994714737 -45.563724518 -0.147428662 0.984085083 0.099203892 -14.757040977 0.989004374 0.145496264 0.026479447 128.309768677
0.011527048 0.115178503 -0.993277907 -46.514377594 -0.142390639 0.983410001 0.112381801 -14.753648758 0.989743352 0.140138090 0.027736157 128.372299194
0.011722567 0.124372691 -0.992166281 -47.435920715 -0.142562047 0.982306182 0.121452287 -14.745475769 0.989716470 0.140021533 0.029245974 128.418777466
0.011656805 0.118571423 -0.992877185 -48.352565765 -0.142683640 0.982980907 0.115714438 -14.741312027 0.989699721 0.140318468 0.028376618 128.459732056
0.011638290 0.104859263 -0.994419098 -49.285465240 -0.142722502 0.984478235 0.102140695 -14.738372803 0.989694297 0.140737236 0.026423426 128.501831055
0.012248670 0.095951863 -0.995310605 -50.200950623 -0.143101901 0.985307336 0.093226440 -14.737301826 0.989632189 0.141288966 0.025799599 128.546615601
0.012591533 0.095991708 -0.995302439 -51.131774902 -0.142127708 0.985446692 0.093243122 -14.744514465 0.989768207 0.140285999 0.026051369 128.592575073
0.012016870 0.097379982 -0.995174766 -52.072689056 -0.145106018 0.984881282 0.094620571 -14.758114815 0.989343166 0.143268809 0.025965612 128.631866455
0.012698639 0.096807413 -0.995222092 -53.033061981 -0.149741039 0.984262884 0.093830749 -14.762279510 0.988643646 0.147834122 0.026994841 128.670791626
0.013127047 0.096279338 -0.995267689 -53.964302063 -0.151300251 0.984084129 0.093201905 -14.764067650 0.988400698 0.149360791 0.027485212 128.714965820
0.014255885 0.103758343 -0.994500279 -54.910541534 -0.160721585 0.981906593 0.100140505 -14.761869431 0.986896873 0.158410102 0.030674154 128.746215820
0.015807819 0.113394134 -0.993424296 -55.862144470 -0.166277528 0.980011880 0.109217301 -14.758104324 0.985952377 0.163457662 0.034346752 128.784255981
0.016721385 0.121432751 -0.992458820 -56.828285217 -0.166540027 0.979069948 0.116988599 -14.754631042 0.985892892 0.163327917 0.036594823 128.845932007
0.017641958 0.122269884 -0.992340088 -57.770977020 -0.167860925 0.978769541 0.117613554 -14.746191025 0.985652804 0.164500207 0.037791748 128.893066406
0.019114846 0.112557940 -0.993461370 -58.710258484 -0.169554055 0.979615510 0.107726894 -14.741888046 0.985335529 0.166386217 0.037809856 128.943359375
0.020301621 0.107619926 -0.993984699 -59.654727936 -0.168082714 0.980406821 0.102716818 -14.738195419 0.985563815 0.164986342 0.037992891 128.997894287
0.022139320 0.106268391 -0.994090974 -60.599716187 -0.166747048 0.980799317 0.101133913 -14.745872498 0.985751033 0.163522720 0.039434168 129.061752319
0.025780525 0.111992374 -0.993374705 -61.598640442 -0.168594599 0.979957998 0.106104366 -14.739358902 0.985348284 0.164742172 0.044145141 129.115402222
0.029423021 0.114055157 -0.993038654 -62.559226990 -0.171394303 0.979330778 0.107402444 -14.738884926 0.984763086 0.167041093 0.048363280 129.171127319
0.033709392 0.109164052 -0.993451953 -63.509502411 -0.170912087 0.980004132 0.101887047 -14.741909027 0.984709442 0.166358382 0.051692799 129.230468750
0.036305908 0.103357948 -0.993981361 -64.470291138 -0.170838445 0.980637491 0.095730394 -14.747890472 0.984629869 0.166334644 0.053260449 129.301605225
0.040032756 0.103212059 -0.993853450 -65.441589355 -0.168280378 0.981139719 0.095113352 -14.750661850 0.984925926 0.163438380 0.056646291 129.371383667
0.042194694 0.107628159 -0.993295372 -66.416740417 -0.165758252 0.981157064 0.099271595 -14.765947342 0.985263348 0.160458162 0.059239887 129.465423584
0.045639042 0.114412129 -0.992384493 -67.374328613 -0.165117756 0.980619133 0.105462044 -14.767553329 0.985217452 0.159047112 0.063645989 129.546356201
0.048165403 0.118414961 -0.991795421 -68.342124939 -0.162894204 0.980585635 0.109165832 -14.772736549 0.985467255 0.156299680 0.066519424 129.631683350
0.050276954 0.120112486 -0.991486371 -69.321960449 -0.162353069 0.980520189 0.110551298 -14.772814751 0.985451043 0.155412659 0.068798207 129.715560913
0.052313127 0.117399625 -0.991705954 -70.268501282 -0.160896927 0.981082380 0.107654579 -14.771108627 0.985583842 0.153930724 0.070212729 129.790710449
0.052902572 0.115981124 -0.991841555 -71.215904236 -0.158909515 0.981553614 0.106302232 -14.773936272 0.985874832 0.151989400 0.070357226 129.879333496
0.053204481 0.112396032 -0.992238164 -72.157783508 -0.155776605 0.982414842 0.102930471 -14.782525063 0.986358404 0.149091110 0.069777541 129.970825195
0.053293172 0.112162694 -0.992259681 -73.146041870 -0.154324010 0.982658923 0.102788851 -14.774860382 0.986581922 0.147651598 0.069678418 130.050048828
0.052945886 0.116855033 -0.991736770 -74.099502563 -0.151043564 0.982640505 0.107719481 -14.775781631 0.987108171 0.144092157 0.069676973 130.137619019
0.052199773 0.118592933 -0.991569996 -75.065093994 -0.145134106 0.983282566 0.109961390 -14.780128479 0.988034129 0.138170660 0.068539016 130.238708496
0.051939368 0.113850281 -0.992139399 -76.023712158 -0.142446488 0.984166324 0.105478168 -14.765012741 0.988438845 0.135848299 0.067334555 130.315399170
0.050390031 0.110182829 -0.992633164 -76.987167358 -0.144028291 0.984308183 0.101947300 -14.767475128 0.988289714 0.137830153 0.065468773 130.396499634
0.049176369 0.107483849 -0.992989957 -77.936790466 -0.140498698 0.985051572 0.099666603 -14.770527840 0.988858819 0.134612575 0.063542619 130.480072021
0.048043221 0.107821934 -0.993008733 -78.903526306 -0.140616164 0.984986067 0.100147612 -14.768261909 0.988897860 0.134821683 0.062483411 130.549194336
0.047077272 0.109662674 -0.992853403 -79.860862732 -0.141730666 0.984632611 0.102034338 -14.775852203 0.988785207 0.135914296 0.061896376 130.628387451
0.045738775 0.109863274 -0.992893755 -80.815254211 -0.143365368 0.984366655 0.102315471 -14.777175903 0.988612354 0.137666792 0.060774315 130.702484131
0.044067416 0.110835850 -0.992861331 -81.764595032 -0.143199876 0.984264791 0.103520378 -14.780080795 0.988712251 0.137615725 0.059245691 130.774337769
0.041978814 0.110896572 -0.992945015 -82.726158142 -0.142971843 0.984259963 0.103882141 -14.779987335 0.988836110 0.137602329 0.057173152 130.847259521
0.040768936 0.113309033 -0.992722988 -83.681167603 -0.143230140 0.983950555 0.106425606 -14.772655487 0.988849282 0.137849003 0.056343887 130.918411255
0.039352383 0.117062040 -0.992344558 -84.635154724 -0.144566402 0.983332098 0.110265933 -14.764690399 0.988712251 0.139120460 0.055619698 130.978332520
0.037247378 0.122268625 -0.991797805 -85.583999634 -0.145941034 0.982511044 0.115642853 -14.756277084 0.988591790 0.140436634 0.054439962 131.044342041
0.034704480 0.121857800 -0.991940677 -86.536705017 -0.145465642 0.982584357 0.115619086 -14.751367569 0.988754392 0.140280798 0.051826209 131.112579346
0.033723008 0.116628505 -0.992602944 -87.481864929 -0.145528182 0.983155608 0.110574245 -14.745824814 0.988779187 0.140722826 0.050127700 131.174514771
0.031222612 0.112054594 -0.993211389 -88.428337097 -0.149684712 0.983013928 0.106198616 -14.736418724 0.988240659 0.145352736 0.047465112 131.236587524
0.030037310 0.109745719 -0.993505716 -89.371353149 -0.147541791 0.983553171 0.104185596 -14.732518196 0.988599598 0.143454164 0.045735367 131.302612305
0.029693022 0.111155562 -0.993359268 -90.338317871 -0.142908126 0.984060228 0.105843268 -14.734082222 0.989290476 0.138816282 0.045104761 131.355697632
0.029204864 0.112368941 -0.993237197 -91.286674500 -0.139835894 0.984349072 0.107251681 -14.731067657 0.989743948 0.135757938 0.044460990 131.418228149
0.027873261 0.112329789 -0.993279934 -92.239234924 -0.134658754 0.985030651 0.107618108 -14.732758522 0.990499914 0.130754173 0.042582210 131.486770630
0.026540356 0.109480143 -0.993634641 -93.181015015 -0.130641013 0.985839903 0.105131842 -14.735084534 0.991074383 0.127019167 0.040467136 131.552612305
0.025760787 0.106404826 -0.993989110 -94.126800537 -0.125646129 0.986778677 0.102376647 -14.739156723 0.991740584 0.122253574 0.038789548 131.616394043
0.024200883 0.109104693 -0.993735611 -95.105911255 -0.123813048 0.986700773 0.105317079 -14.743967056 0.992010415 0.120488659 0.037387613 131.671264648
0.022809526 0.111339621 -0.993520558 -96.054580688 -0.123165421 0.986521721 0.107727617 -14.740430832 0.992124021 0.119910173 0.036215287 131.730102539
0.021469917 0.109042771 -0.993805170 -97.013160706 -0.119059026 0.987239480 0.105750270 -14.735507011 0.992654979 0.116051018 0.034178477 131.781539917
0.019611344 0.106258966 -0.994145036 -97.962951660 -0.116119832 0.987849295 0.103295363 -14.735935211 0.993041575 0.113414198 0.031711824 131.830078125
0.016136771 0.103652149 -0.994482696 -98.928108215 -0.114901952 0.988215268 0.101134472 -14.732715607 0.993245780 0.112636022 0.027856441 131.882537842
0.013496258 0.102800123 -0.994610429 -99.882644653 -0.109398328 0.988881648 0.100723535 -14.741832733 0.993906438 0.107449338 0.024592359 131.932693481
0.011299972 0.102906823 -0.994626880 -100.840744019 -0.102639765 0.989555717 0.101216063 -14.736488342 0.994654417 0.100944526 0.021744287 131.976837158
0.008370471 0.111512452 -0.993727744 -101.803665161 -0.093378693 0.989507318 0.110252313 -14.747477531 0.995595455 0.091870129 0.018695530 132.045883179
0.005766244 0.119767845 -0.992785215 -102.761703491 -0.085300736 0.989241838 0.118844971 -14.742702484 0.996338546 0.084000021 0.015920494 132.101669312
0.002700712 0.119514346 -0.992828846 -103.716117859 -0.081010312 0.989595413 0.118904769 -14.736405373 0.996709585 0.080108263 0.012354506 132.150054932
0.000059104 0.109065391 -0.994034588 -104.665512085 -0.081824429 0.990701795 0.108694851 -14.733187675 0.996646702 0.081329904 0.008982765 132.184356689
-0.002016235 0.099601813 -0.995025456 -105.612968445 -0.083524600 0.991533577 0.099421531 -14.729013443 0.996503651 0.083309539 0.006320037 132.222198486
-0.002242628 0.101132065 -0.994870484 -106.574676514 -0.090806887 0.990742147 0.100917079 -14.729074478 0.995866001 0.090567403 0.006961621 132.239379883
-0.003293296 0.110436492 -0.993877709 -107.533782959 -0.094158612 0.989433229 0.110254638 -14.717411995 0.995551705 0.093945235 0.007140052 132.279586792
-0.004757271 0.121762574 -0.992547870 -108.496871948 -0.098191395 0.987705529 0.121639177 -14.704265594 0.995156288 0.098038308 0.007257254 132.308563232
-0.006055686 0.123545602 -0.992320418 -109.439567566 -0.105224721 0.986750722 0.123494312 -14.692474365 0.994430065 0.105164483 0.007024599 132.338653564
-0.005814960 0.120436601 -0.992703974 -110.424713135 -0.112426758 0.986347914 0.120324031 -14.671851158 0.993642986 0.112306178 0.007804723 132.356781006
-0.006116575 0.116282828 -0.993197262 -111.378692627 -0.120440863 0.985899806 0.116170153 -14.656515121 0.992701530 0.120332114 0.007974871 132.382431030
-0.003730231 0.118576638 -0.992937922 -112.347244263 -0.125147969 0.985082865 0.118108742 -14.637888908 0.992130995 0.124704741 0.011165040 132.404464722
-0.002066082 0.119434461 -0.992839873 -113.328826904 -0.133166894 0.983966529 0.118644156 -14.615816116 0.991091430 0.132458553 0.013871761 132.427780151
-0.001539629 0.122175805 -0.992507279 -114.292549133 -0.142375872 0.982370615 0.121148869 -14.598041534 0.989811480 0.141495630 0.015882401 132.449676514
-0.001253888 0.124439187 -0.992226481 -115.268142700 -0.147836044 0.981301427 0.123255864 -14.575946808 0.989011168 0.146841377 0.017166158 132.476760864
-0.000993622 0.123597980 -0.992331803 -116.242782593 -0.151708752 0.980827808 0.122316986 -14.562117577 0.988424659 0.150666967 0.017776320 132.517486572
0.000432577 0.114057243 -0.993474126 -117.196937561 -0.150596201 0.982151330 0.112691768 -14.563252449 0.988595188 0.149564669 0.017601445 132.552413940
0.001858966 0.102536604 -0.994727492 -118.147834778 -0.153645754 0.982947052 0.101035133 -14.553638458 0.988124251 0.152647838 0.017581582 132.590896606
