1.000000000 0.000000000 0.000000000 0.000000000 0.000000000 1.000000000 0.000000000 0.000000000 0.000000000 0.000000000 1.000000000 0.000000000
0.999997735 -0.001609008 -0.001408971 0.050750926 0.001605933 0.999996305 -0.002180848 -0.132300586 0.001412475 0.002178580 0.999996603 1.297014236
0.999997795 0.000104434 -0.002096947 0.104057185 -0.000117541 0.999980450 -0.006251357 -0.268169224 0.002096253 0.006251591 0.999978244 2.598429680
0.999996126 0.002485197 -0.001258189 0.147152558 -0.002494806 0.999967277 -0.007693818 -0.408294231 0.001239027 0.007696928 0.999969602 3.900494337
0.999983311 0.005769111 0.000298800 0.192229494 -0.005767065 0.999962568 -0.006444996 -0.545800567 -0.000335971 0.006443165 0.999979138 5.213456154
0.999974728 0.006623587 0.002593172 0.238764435 -0.006615866 0.999973834 -0.002974638 -0.694254875 -0.002612807 0.002957406 0.999992132 6.527338982
0.999959767 0.006842178 0.005802206 0.298607975 -0.006832504 0.999975264 -0.001685453 -0.830980301 -0.005813595 0.001645742 0.999981701 7.830237389
0.999939740 0.005566205 0.009461789 0.351682246 -0.005551643 0.999983370 -0.001564619 -0.962890208 -0.009470339 0.001511996 0.999953985 9.131701469
0.999909163 0.004225761 0.012798721 0.429571509 -0.004208406 0.999990225 -0.001382582 -1.099528432 -0.012804436 0.001328594 0.999917090 10.431361198
0.999866784 0.002959008 0.016046586 0.499636412 -0.002926833 0.999993682 -0.002028247 -1.238149881 -0.016052483 0.001981012 0.999869168 11.733077049
0.999809027 0.001998263 0.019438056 0.576210141 -0.001941534 0.999993801 -0.002936884 -1.373040199 -0.019443801 0.002898584 0.999806762 13.027614594
0.999739766 0.001886538 0.022732683 0.646830678 -0.001826788 0.999994814 -0.002648877 -1.523993015 -0.022737559 0.002606660 0.999738038 14.348440170
0.999659240 0.001777628 0.026045084 0.735298634 -0.001681996 0.999991775 -0.003693251 -1.662308216 -0.026051437 0.003648185 0.999653935 15.644525528
0.999568403 0.002673693 0.029255586 0.816654682 -0.002570279 0.999990344 -0.003571883 -1.799542427 -0.029264852 0.003495147 0.999565601 16.939567566
0.999480069 0.002210601 0.032165751 0.911361098 -0.002111475 0.999992967 -0.003115366 -1.938999653 -0.032172412 0.003045829 0.999477684 18.224954605
0.999401569 0.000634842 0.034585040 1.005081534 -0.000542630 0.999996245 -0.002675538 -2.081538439 -0.034586612 0.002655170 0.999398172 19.525569916
0.999349177 -0.001825653 0.036025576 1.102334976 0.001975275 0.999989569 -0.004118068 -2.219136477 -0.036017682 0.004186549 0.999342382 20.805110931
0.999306202 -0.001623232 0.037207842 1.203400373 0.001835343 0.999982178 -0.005667274 -2.362459421 -0.037197981 0.005731631 0.999291480 22.103385925
0.999265492 -0.001641737 0.038285799 1.289545298 0.001970123 0.999961615 -0.008541066 -2.501374483 -0.038270313 0.008610220 0.999230325 23.386947632
0.999229729 -0.000909600 0.039230879 1.394632101 0.001294372 0.999951303 -0.009783595 -2.646358013 -0.039220072 0.009826841 0.999182284 24.675302505
0.999195278 -0.000127634 0.040109802 1.495423794 0.000540561 0.999947011 -0.010284211 -2.793927193 -0.040106364 0.010297617 0.999142408 25.944932938
0.999171555 -0.001961909 0.040649485 1.595980883 0.002346794 0.999952853 -0.009422850 -2.936410904 -0.040629074 0.009510439 0.999129057 27.229351044
0.999163747 -0.004923842 0.040590636 1.700096607 0.005262990 0.999952137 -0.008252722 -3.080898285 -0.040548049 0.008459448 0.999141753 28.507148743
0.999194324 -0.006543189 0.039596017 1.800336361 0.006888715 0.999939263 -0.008596113 -3.227564812 -0.039537370 0.008861952 0.999178708 29.782476425
0.999194801 -0.008122575 0.039290454 1.898671389 0.008570309 0.999900043 -0.011240457 -3.371862173 -0.039195221 0.011568137 0.999164522 31.046497345
0.999235094 -0.008379651 0.038195312 2.010406494 0.008817612 0.999897063 -0.011312368 -3.516891003 -0.038096596 0.011640507 0.999206245 32.322605133
0.999251723 -0.009036002 0.037606955 2.113012075 0.009487297 0.999884903 -0.011839265 -3.657910109 -0.037495647 0.012187196 0.999222517 33.598964691
0.999265909 -0.009238684 0.037177511 2.203052998 0.009669849 0.999887884 -0.011434474 -3.806740284 -0.037067700 0.011785582 0.999243259 34.838684082
0.999280274 -0.009899781 0.036619406 2.299966097 0.010349582 0.999873102 -0.012113992 -3.948555946 -0.036494832 0.012484269 0.999255896 36.096389771
0.999323130 -0.010261072 0.035326570 2.413794518 0.010684637 0.999872983 -0.011822068 -4.108173370 -0.035200778 0.012191516 0.999305904 37.363071442
0.999315500 -0.009856571 0.035655543 2.499653816 0.010216895 0.999898314 -0.009937521 -4.254006386 -0.035553981 0.010295006 0.999314725 38.627048492
0.999286532 -0.009862209 0.036457084 2.602701664 0.010199211 0.999906838 -0.009069350 -4.387356281 -0.036364246 0.009434713 0.999294043 39.881107330
0.999214470 -0.011663626 0.037872858 2.717555523 0.011941294 0.999903381 -0.007113626 -4.530211449 -0.037786230 0.007560289 0.999257267 41.130943298
0.999103367 -0.012537202 0.040438987 2.811084032 0.012898779 0.999879003 -0.008692794 -4.667323589 -0.040325101 0.009206612 0.999144197 42.389251709
0.998975396 -0.013935148 0.043056414 2.904263020 0.014459372 0.999824822 -0.011887946 -4.813494682 -0.042883202 0.012498335 0.999001920 43.636375427
0.998874962 -0.014958831 0.044999886 3.011601448 0.015547410 0.999797761 -0.012758112 -4.963235855 -0.044799931 0.013443391 0.998905540 44.902904510
0.998758197 -0.015151445 0.047459871 3.137897015 0.015713722 0.999810457 -0.011496806 -5.095827103 -0.047276687 0.012228301 0.998806953 46.137527466
0.998552322 -0.016291572 0.051261745 3.246748686 0.016729729 0.999826908 -0.008129932 -5.248435497 -0.051120430 0.008975757 0.998652101 47.387859344
0.998275042 -0.019324698 0.055438768 3.350811005 0.019693736 0.999787331 -0.006118071 -5.385663509 -0.055308741 0.007199313 0.998443305 48.604057312
0.998047352 -0.021526305 0.058637559 3.492714405 0.021945233 0.999737978 -0.006509548 -5.522647381 -0.058482077 0.007783652 0.998258114 49.855178833
0.997756422 -0.024736349 0.062210988 3.628955841 0.025423745 0.999623835 -0.010282090 -5.654485703 -0.061933253 0.011840658 0.998010039 51.087516785
0.997492373 -0.025909087 0.065861069 3.764384747 0.026653938 0.999589980 -0.010455834 -5.784262180 -0.065563150 0.012185070 0.997774005 52.304405212
0.997150064 -0.028637066 0.069796942 3.894514561 0.029245140 0.999542594 -0.007705597 -5.924010754 -0.069544338 0.009724857 0.997531474 53.523231506
0.996859133 -0.030984581 0.072883643 4.049194813 0.031383835 0.999497950 -0.004338867 -6.057337761 -0.072712615 0.006612607 0.997331023 54.714439392
0.996609807 -0.033863217 0.074980006 4.201989651 0.034198888 0.999409914 -0.003197099 -6.180449486 -0.074827477 0.005750493 0.997179925 55.956474304
0.996496260 -0.036989838 0.075012341 4.370326042 0.037078645 0.999312341 0.000208816 -6.302284241 -0.074968472 0.002573272 0.997182608 57.153236389
0.996279359 -0.039279129 0.076711066 4.502774239 0.039296199 0.999226749 0.001287575 -6.426250935 -0.076702319 0.001731668 0.997052491 58.373332977
0.996232450 -0.041045774 0.076394685 4.647459507 0.041310385 0.999144554 -0.001886040 -6.551167488 -0.076251924 0.005034828 0.997075915 59.568256378
0.996264815 -0.042379264 0.075235598 4.804702759 0.042964671 0.999057472 -0.006178838 -6.680922985 -0.074902833 0.009388232 0.997146666 60.767650604
0.996266246 -0.043576352 0.074529819 4.936938286 0.044458620 0.998959005 -0.010219202 -6.806924820 -0.074006923 0.013494538 0.997166395 61.949806213
0.996287405 -0.045928009 0.072814353 5.078937531 0.046957184 0.998818874 -0.012485212 -6.942985058 -0.072154932 0.015858017 0.997267365 63.169914246
0.996426523 -0.046016179 0.070828781 5.214378357 0.047005359 0.998818159 -0.012362241 -7.075387955 -0.070176192 0.015647398 0.997411847 64.346672058
0.996662021 -0.045130216 0.068031937 5.350854874 0.046044227 0.998868167 -0.011926550 -7.213801384 -0.067416705 0.015019213 0.997612000 65.552543640
0.996910691 -0.044444468 0.064759485 5.474863529 0.045181990 0.998929024 -0.009968264 -7.345655918 -0.064247102 0.012863431 0.997851133 66.727294922
0.997311831 -0.040491555 0.061070431 5.594733715 0.040948313 0.999141872 -0.006245694 -7.476387024 -0.060765117 0.008729636 0.998113930 67.930526733
0.997580349 -0.038824964 0.057671722 5.710654736 0.039114706 0.999227166 -0.003903168 -7.603128433 -0.057475600 0.006149535 0.998327971 69.107154846
0.997768998 -0.037431780 0.055280816 5.814637661 0.037876122 0.999257863 -0.007011766 -7.735028267 -0.054977320 0.009089946 0.998446345 70.282012939
0.997957587 -0.037814714 0.051484223 5.929073334 0.038589533 0.999155223 -0.014139530 -7.869016647 -0.050906040 0.016097406 0.998573720 71.466522217
0.997971237 -0.041783288 0.048038252 6.036633492 0.042633075 0.998949528 -0.016803034 -8.005458832 -0.047285706 0.018816961 0.998704195 72.638671875
0.998005807 -0.045646302 0.043598440 6.148372650 0.046228182 0.998853564 -0.012432188 -8.135517120 -0.042980962 0.014422872 0.998971760 73.801292419
0.998001039 -0.049424358 0.039383460 6.253095627 0.049763590 0.998731494 -0.007679665 -8.260009766 -0.038953930 0.009624177 0.999194622 74.957458496
0.998065472 -0.051398106 0.034978580 6.346689701 0.051587954 0.998658121 -0.004546231 -8.389202118 -0.034697969 0.006341911 0.999377728 76.149017334
0.998241365 -0.050614201 0.030859344 6.435940266 0.050702989 0.998711586 -0.002100976 -8.512801170 -0.030713242 0.003661942 0.999521494 77.308135986
0.998354018 -0.050670493 0.026866503 6.527986526 0.050744534 0.998709500 -0.002080445 -8.625468254 -0.026726414 0.003440348 0.999636889 78.459739685
0.998514414 -0.048883889 0.024069592 6.594351292 0.048994560 0.998790920 -0.004029611 -8.757125854 -0.023843508 0.005202903 0.999702156 79.632827759
0.998700857 -0.046469744 0.020908510 6.668089867 0.046667404 0.998869359 -0.009066551 -8.884457588 -0.020463552 0.010030517 0.999740243 80.778198242
0.998605847 -0.050059460 0.016745675 6.754001617 0.050289560 0.998641908 -0.013614545 -9.025751114 -0.016041394 0.014437695 0.999767065 81.937805176
0.998472512 -0.053329337 0.014445279 6.811603546 0.053537082 0.998462021 -0.014397478 -9.154510498 -0.013655253 0.015148842 0.999792039 83.069915771
0.998496890 -0.053744901 0.010747246 6.878408432 0.053862572 0.998487949 -0.010976183 -9.284693718 -0.010141081 0.011538558 0.999881983 84.223953247
0.998493910 -0.054219529 0.008381959 6.936988831 0.054290902 0.998488605 -0.008535516 -9.409450531 -0.007906500 0.008977723 0.999928415 85.355979919
0.998632133 -0.051691122 0.007878814 6.987556458 0.051770493 0.998606622 -0.010226661 -9.536096573 -0.007339211 0.010620561 0.999916613 86.497520447
0.998816550 -0.048145566 0.006893808 7.042067528 0.048234083 0.998747408 -0.013308767 -9.667215347 -0.006244414 0.013625533 0.999887645 87.629249573
0.998881757 -0.046967521 0.005421140 7.097003937 0.047047444 0.998769224 -0.015699519 -9.797480583 -0.004677100 0.015937012 0.999861956 88.747398376
0.998851717 -0.047644272 0.005033495 7.151180267 0.047720794 0.998726547 -0.016369004 -9.929838181 -0.004247196 0.016590407 0.999853373 89.859893799
0.998785138 -0.049111310 0.004063427 7.196546555 0.049163070 0.998695314 -0.013806185 -10.063873291 -0.003380087 0.013989183 0.999896407 90.982170105
0.998696506 -0.050961901 0.002839430 7.256996632 0.050990138 0.998638809 -0.010966370 -10.188102722 -0.002276699 0.011096857 0.999935746 92.091835022
0.998697042 -0.050939240 0.003061021 7.305511951 0.050968759 0.998645008 -0.010495224 -10.311822891 -0.002522255 0.010637565 0.999940157 93.232307434
0.998698711 -0.050886452 0.003377317 7.344353199 0.050925206 0.998623013 -0.012598252 -10.443366051 -0.002731586 0.012753850 0.999914885 94.373023987
0.998694658 -0.050997090 0.002875743 7.402438641 0.051036417 0.998571038 -0.015849309 -10.572277069 -0.002063365 0.015975386 0.999870241 95.472892761
0.998648047 -0.051925384 0.002407391 7.459291458 0.051958982 0.998503625 -0.017048137 -10.701931953 -0.001518558 0.017150177 0.999851763 96.577590942
0.998630166 -0.052244298 0.002892552 7.506932259 0.052283563 0.998507857 -0.015764326 -10.834123611 -0.002064639 0.015893962 0.999871552 97.650901794
0.998647630 -0.051888932 0.003228607 7.561070442 0.051919341 0.998599410 -0.010181988 -10.952684402 -0.002695752 0.010335844 0.999942958 98.739929199
0.998730659 -0.050162207 0.004566681 7.611367702 0.050193455 0.998714924 -0.007004482 -11.069307327 -0.004209453 0.007224808 0.999965012 99.800239563
0.998804033 -0.048463535 0.006469707 7.669651031 0.048509598 0.998797059 -0.007162640 -11.180555344 -0.006114798 0.007467916 0.999953389 100.850692749
0.998871744 -0.046708088 0.008574632 7.716779709 0.046781968 0.998867869 -0.008627941 -11.303922653 -0.008161929 0.009019347 0.999926031 101.903129578
0.998849452 -0.046649076 0.011115355 7.773293495 0.046777233 0.998838425 -0.011563095 -11.415205002 -0.010563036 0.012069738 0.999871373 102.914703369
0.998742700 -0.048472147 0.012789737 7.835609436 0.048625708 0.998745203 -0.011981610 -11.531923294 -0.012192914 0.012588455 0.999846399 103.933715820
0.998617947 -0.050537631 0.014433922 7.901143074 0.050695103 0.998656213 -0.010760038 -11.662508965 -0.013870739 0.011476895 0.999837935 104.932968140
0.998598814 -0.050373249 0.016214715 7.962034225 0.050525486 0.998681128 -0.009120525 -11.775274277 -0.015733900 0.009927002 0.999826968 105.889266968
0.998518765 -0.051467203 0.017646600 8.023727417 0.051610347 0.998637199 -0.007754317 -11.882511139 -0.017223461 0.008653578 0.999814212 106.846809387
0.998454154 -0.052058913 0.019472396 8.083803177 0.052226800 0.998601437 -0.008214768 -11.984951973 -0.019017510 0.009219049 0.999776661 107.763168335
0.998422325 -0.051912192 0.021399444 8.143384933 0.052054513 0.998625338 -0.006147850 -12.086934090 -0.021050878 0.007252090 0.999752104 108.664512634
0.998423815 -0.051066678 0.023282025 8.203610420 0.051175486 0.998681247 -0.004101198 -12.181774139 -0.023041889 0.005286202 0.999720514 109.535362244
0.998394072 -0.051149316 0.024352355 8.266177177 0.051183660 0.998688877 -0.000788473 -12.283007622 -0.024280097 0.002033649 0.999703109 110.388984680
0.998354137 -0.051134489 0.025967166 8.328233719 0.051168624 0.998689771 -0.000651129 -12.372028351 -0.025899846 0.001978762 0.999662578 111.214736938
0.998366416 -0.050087512 0.027489902 8.376387596 0.050105665 0.998743892 0.000028441 -12.458791733 -0.027456800 0.001349005 0.999622047 112.025619507
0.998454988 -0.047954187 0.028070951 8.430288315 0.047963843 0.998849034 0.000329354 -12.536508560 -0.028054435 0.001017546 0.999605894 112.802093506
0.998595834 -0.045239985 0.027560113 8.475005150 0.045158096 0.998973370 0.003586862 -12.613497734 -0.027694087 -0.002337264 0.999613702 113.562705994
0.998685479 -0.045178168 0.024213495 8.531879425 0.045083538 0.998973370 0.004439844 -12.694079399 -0.024389217 -0.003342377 0.999697089 114.303466797
0.998811424 -0.045201782 0.018241733 8.566307068 0.045125440 0.998970866 0.004575321 -12.766275406 -0.018429771 -0.003746716 0.999823153 115.000587463
0.999011040 -0.043765232 0.007853806 8.592493057 0.043738190 0.999036551 0.003583234 -12.841057777 -0.008003065 -0.003236179 0.999962747 115.669281006
0.999144971 -0.040887151 -0.006129520 8.594539642 0.040891372 0.999163330 0.000563961 -12.906078339 0.006101334 -0.000814123 0.999981046 116.313850403
0.998896837 -0.039597914 -0.025242167 8.597299576 0.039572466 0.999215543 -0.001507155 -12.980175018 0.025282048 0.000506598 0.999680221 116.943092346
0.998143971 -0.038031127 -0.047563188 8.564760208 0.037904277 0.999275029 -0.003566358 -13.050569534 0.047664344 0.001756891 0.998861790 117.531105042
0.996520221 -0.036324270 -0.075020090 8.522306442 0.036017608 0.999336302 -0.005437108 -13.116622925 0.075167783 0.002716144 0.997167230 118.103050232
0.993618011 -0.034549240 -0.107376263 8.454392433 0.033902764 0.999394298 -0.007840874 -13.176572800 0.107582130 0.004150481 0.994187474 118.649383545
0.989353418 -0.029477138 -0.142516151 8.343654633 0.028494446 0.999554038 -0.008931717 -13.244467735 0.142715871 0.004775706 0.989752173 119.187553406
0.983060598 -0.023885814 -0.181717724 8.249963760 0.022700556 0.999705255 -0.008599930 -13.299739838 0.181869611 0.004329158 0.983313143 119.703674316
0.974638760 -0.018512921 -0.223016709 8.107872009 0.017433563 0.999824762 -0.006807782 -13.354359627 0.223103702 0.002747153 0.974790871 120.207183838
0.963381469 -0.013811858 -0.267778754 7.935621262 0.012880634 0.999903321 -0.005234024 -13.412030220 0.267825186 0.001593201 0.963466167 120.702041626
0.949200749 -0.007668351 -0.314577669 7.749088287 0.006214514 0.999964952 -0.005624230 -13.468232155 0.314609736 0.003383576 0.949215055 121.168090820
0.931754529 0.000264013 -0.363088906 7.525520325 -0.002863229 0.999973893 -0.006620476 -13.521214485 0.363077760 0.007208263 0.931730986 121.633979797
0.910903990 0.004823416 -0.412590235 7.265644073 -0.008678770 0.999934554 -0.007470914 -13.577537537 0.412527084 0.010386062 0.910886109 122.071029663
0.885864496 0.009269972 -0.463851660 6.999362946 -0.013861001 0.999882936 -0.006489317 -13.627336502 0.463737160 0.012178103 0.885889173 122.484016418
0.856712222 0.012031853 -0.515654445 6.716548920 -0.018008165 0.999816179 -0.006590018 -13.667304039 0.515480280 0.014931738 0.856771231 122.892303467
0.825600624 0.022437079 -0.563808739 6.386810303 -0.029165130 0.999570251 -0.002928849 -13.722522736 0.563500762 0.018861612 0.825900197 123.251800537
0.791751385 0.035445429 -0.609814167 6.040695190 -0.042100467 0.999107540 0.003412019 -13.762061119 0.609390914 0.022971988 0.792536974 123.609329224
0.755977988 0.044466466 -0.653084874 5.685104370 -0.053382847 0.998554885 0.006195129 -13.807769775 0.652416706 0.030180153 0.757259369 123.925445557
0.716277599 0.048192680 -0.696149230 5.318508148 -0.060296513 0.998155594 0.007059905 -13.851565361 0.695205450 0.036918521 0.717862308 124.222045898
0.673714936 0.050048221 -0.737294555 4.942264557 -0.062837735 0.997970343 0.010324122 -13.899473190 0.736314893 0.039374411 0.675492406 124.511016846
0.630094290 0.053604648 -0.774666250 4.528614044 -0.066172689 0.997692227 0.015214180 -13.932447433 0.773694038 0.041675378 0.632187247 124.779426575
0.584932268 0.062274832 -0.808687866 4.115936279 -0.076236315 0.996855259 0.021622568 -13.971293449 0.807491422 0.049003661 0.587840378 125.005126953
0.539892256 0.071141221 -0.838722408 3.642505646 -0.089276135 0.995641291 0.026983468 -13.988417625 0.836986363 0.060309716 0.543890238 125.234931946
0.493112803 0.076286025 -0.866614282 3.194625854 -0.094921283 0.994918644 0.033569116 -14.011542320 0.864771545 0.065706782 0.497848183 125.428833008
0.445843935 0.077622779 -0.891738713 2.731101990 -0.094090529 0.994777799 0.039549407 -14.036842346 0.890151799 0.066271298 0.450819224 125.609947205
0.398163378 0.078996643 -0.913906693 2.258411407 -0.091738515 0.994719446 0.046014085 -14.056974411 0.912715733 0.065519318 0.403307855 125.791290283
0.353519499 0.082146227 -0.931813240 1.757305145 -0.093334764 0.994263172 0.052241500 -14.081403732 0.930759132 0.068502173 0.359158576 125.927604675
0.310106307 0.085607961 -0.946839631 1.258335114 -0.098948739 0.993434846 0.057413422 -14.101293564 0.945538580 0.075884335 0.316541225 126.043563843
0.268628448 0.086787790 -0.959326088 0.739429474 -0.103622288 0.992756844 0.060796089 -14.114933014 0.957653999 0.083076015 0.275675923 126.147018433
0.229031116 0.083429947 -0.969837189 0.213962555 -0.103714138 0.992740452 0.060907666 -14.132618904 0.967878103 0.086636074 0.236021325 126.251480103
0.194107071 0.078899033 -0.977802336 -0.326076508 -0.099435955 0.993208945 0.060402796 -14.158012390 0.975927651 0.085504085 0.200634301 126.339927673
0.163626388 0.073609896 -0.983772337 -0.874103546 -0.096642479 0.993611991 0.058272026 -14.177484512 0.981777310 0.085539356 0.169694975 126.421157837
0.137100175 0.072166122 -0.987924993 -1.440380096 -0.097688675 0.993465781 0.059014056 -14.197137833 0.985728383 0.088418230 0.143254161 126.492164612
0.115143053 0.071097024 -0.990801394 -2.030488014 -0.098289274 0.993356168 0.059857950 -14.208458900 0.988474250 0.090492927 0.121366121 126.550743103
0.096920758 0.072717778 -0.992632151 -2.624231339 -0.100148991 0.992978275 0.062964588 -14.223531723 0.990240693 0.093308523 0.103522815 126.604225159
0.080815643 0.070934236 -0.994201779 -3.229149818 -0.101368695 0.992877424 0.062599801 -14.247815132 0.991560996 0.095721900 0.087430544 126.657127380
0.066496678 0.069923699 -0.995333612 -3.847609520 -0.100172654 0.992969453 0.063065231 -14.277314186 0.992745519 0.095511578 0.073033616 126.713096619
0.054231033 0.067543417 -0.996241391 -4.487543106 -0.095946059 0.993445635 0.062130973 -14.299999237 0.993908107 0.092216000 0.060356095 126.758460999
0.042027712 0.065106787 -0.996992946 -5.130756378 -0.093918003 0.993713498 0.060933568 -14.318547249 0.994692504 0.091074698 0.047878195 126.801307678
0.032451451 0.063749962 -0.997438133 -5.808154106 -0.092842549 0.993841171 0.060499445 -14.331912994 0.995151818 0.090641394 0.038170300 126.824630737
0.022655658 0.065215878 -0.997613907 -6.478777885 -0.096102513 0.993391037 0.062757343 -14.354059219 0.995113552 0.094451398 0.028773328 126.849754333
0.014582967 0.065258071 -0.997761905 -7.155206203 -0.099304639 0.993028998 0.063497126 -14.381090164 0.994950175 0.098156407 0.020961737 126.863357544
0.007418653 0.064388610 -0.997897327 -7.850224495 -0.100903995 0.992879450 0.063314676 -14.401653290 0.994868457 0.100222111 0.013862895 126.892768860
0.002340946 0.065198779 -0.997869492 -8.548961639 -0.101624049 0.992721617 0.064624026 -14.418889999 0.994820118 0.101256251 0.008949672 126.911506653
-0.001362624 0.067595541 -0.997711837 -9.274271011 -0.103944167 0.992298722 0.067370765 -14.437598228 0.994582236 0.103798129 0.005674033 126.937355042
-0.002063347 0.071787275 -0.997417867 -10.009627342 -0.106191523 0.991764486 0.071600065 -14.464836121 0.994343579 0.106065057 0.005576848 126.940437317
-0.002918837 0.074968137 -0.997181654 -10.730089188 -0.108448461 0.991280735 0.074841961 -14.480043411 0.994097769 0.108361267 0.005236792 126.952331543
-0.003639332 0.080475643 -0.996749997 -11.471947670 -0.113189943 0.990317523 0.080369584 -14.486932755 0.993566692 0.113114566 0.005504938 126.964073181
-0.004771528 0.084471352 -0.996414542 -12.215617180 -0.116278857 0.989619672 0.084452152 -14.502418518 0.993205070 0.116264910 0.005100234 126.975402832
-0.006104577 0.084860034 -0.996374190 -12.958757401 -0.116096757 0.989594579 0.084993936 -14.517689705 0.993219137 0.116194651 0.003810919 126.996124268
-0.007504321 0.081775710 -0.996622503 -13.704118729 -0.113861546 0.990098655 0.082097761 -14.536311150 0.993468225 0.114093050 0.001881089 127.019134521
-0.009173444 0.078500226 -0.996871889 -14.465961456 -0.117422998 0.989931941 0.079034284 -14.542551994 0.993039608 0.117780700 0.000136646 127.034729004
-0.010298402 0.079776488 -0.996759593 -15.229138374 -0.122500665 0.989203453 0.080437385 -14.551349640 0.992415011 0.122932069 -0.000414541 127.041427612
-0.012174848 0.083381332 -0.996443331 -15.996847153 -0.119320251 0.989275694 0.084239453 -14.565861702 0.992781162 0.119921461 -0.002095198 127.062301636
-0.013990564 0.083339438 -0.996423066 -16.768009186 -0.118416928 0.989369571 0.084412143 -14.583971977 0.992865384 0.119174339 -0.003973040 127.079811096
-0.015275759 0.082704671 -0.996457040 -17.557455063 -0.121528819 0.989031315 0.083951406 -14.596066475 0.992470324 0.122380666 -0.005057201 127.084083557
-0.015857117 0.082574748 -0.996458769 -18.344329834 -0.126241237 0.988443553 0.083919495 -14.602536201 0.991872787 0.127124906 -0.005249526 127.086753845
-0.016802987 0.086985372 -0.996067941 -19.150388718 -0.127965674 0.987828910 0.088424571 -14.609343529 0.991636217 0.128948301 -0.005467334 127.092666626
-0.017880846 0.091183908 -0.995673656 -19.967969894 -0.127014548 0.987557590 0.092721656 -14.617231369 0.991739690 0.128122970 -0.006076680 127.116378784
-0.016354319 0.093917727 -0.995445609 -20.783380508 -0.127951026 0.987196863 0.095241599 -14.628371239 0.991645634 0.128925920 -0.004128059 127.125000000
-0.015612859 0.092299193 -0.995608985 -21.609668732 -0.127715960 0.987389922 0.093540058 -14.633373260 0.991687834 0.128615558 -0.003627902 127.149673462
-0.014558569 0.092256315 -0.995628834 -22.436456680 -0.127390936 0.987448871 0.093361117 -14.637779236 0.991745710 0.128193259 -0.002623228 127.165466309
-0.013631407 0.091618739 -0.995700836 -23.270156860 -0.126768127 0.987599790 0.092608824 -14.644465446 0.991838694 0.127485499 -0.001848042 127.186676025
-0.013000966 0.093717314 -0.995513916 -24.104082108 -0.127304599 0.987341106 0.094610468 -14.650940895 0.991778433 0.127963528 -0.000905741 127.207931519
-0.012888228 0.095755756 -0.995321393 -24.954282761 -0.128970236 0.986930370 0.096618503 -14.656534195 0.991564691 0.129612118 -0.000370140 127.224197388
-0.012342362 0.098241650 -0.995085955 -25.808412552 -0.131671742 0.986336350 0.099010982 -14.655072212 0.991216540 0.132246777 0.000761932 127.242774963
-0.010882406 0.099245101 -0.995003521 -26.680034637 -0.133373260 0.986027241 0.099808492 -14.646978378 0.991006136 0.133793026 0.002506293 127.257965088
-0.009349695 0.102269828 -0.994712770 -27.554296494 -0.139923751 0.984835446 0.102569506 -14.648093224 0.990118146 0.140142933 0.005102066 127.280143738
-0.006959245 0.105967112 -0.994345307 -28.427637100 -0.144758329 0.983788431 0.105855204 -14.640533447 0.989442527 0.144676447 0.008493198 127.302909851
-0.004078893 0.108275831 -0.994112492 -29.312772751 -0.148338467 0.983056843 0.107680306 -14.637674332 0.988928258 0.147904351 0.012051686 127.325920105
-0.001348328 0.109042332 -0.994036138 -30.200202942 -0.146589175 0.983277500 0.108060956 -14.646552086 0.989196479 0.145860672 0.014658640 127.366516113
0.001297624 0.108709775 -0.994072735 -31.089471817 -0.148907855 0.983011663 0.107305773 -14.638774872 0.988850176 0.147885978 0.017463317 127.400032043
0.003677549 0.112916633 -0.993597627 -31.992418289 -0.149792045 0.982456148 0.111096032 -14.631226540 0.988710642 0.148424476 0.020527042 127.433769226
0.006669189 0.114578821 -0.993391693 -32.907764435 -0.148613796 0.982495368 0.112324297 -14.619964600 0.988872766 0.146882623 0.023580445 127.468948364
0.008484379 0.115980022 -0.993215322 -33.800052643 -0.149446875 0.982242882 0.113422126 -14.617526054 0.988733351 0.147470593 0.025666567 127.513442993
0.011154780 0.114005148 -0.993417501 -34.701946259 -0.150625020 0.982334912 0.111041963 -14.609187126 0.988528013 0.148394853 0.028129753 127.547508240
0.011107353 0.115038969 -0.993298888 -35.614429474 -0.154757023 0.981589019 0.111952253 -14.597045898 0.987890065 0.152476504 0.028705947 127.593887329
0.012648482 0.115794659 -0.993192673 -36.511447906 -0.155605689 0.981399238 0.112438045 -14.591903687 0.987738252 0.153124288 0.030431522 127.630180359
0.012505313 0.112239905 -0.993602514 -37.403400421 -0.156142935 0.981709421 0.108931266 -14.589583397 0.987655282 0.153781757 0.029802050 127.672981262
0.013262264 0.108020261 -0.994060159 -38.306819916 -0.157014892 0.982039273 0.104619190 -14.589610100 0.987507105 0.154694825 0.029984858 127.723663330
0.013856458 0.107176967 -0.994143426 -39.205413818 -0.156714693 0.982184291 0.103703380 -14.583108902 0.987546682 0.154359981 0.030405803 127.767280579
0.013583543 0.111460023 -0.993676066 -40.104763031 -0.159080327 0.981351316 0.107902944 -14.581815720 0.987172127 0.156608626 0.031061325 127.814125061
0.014070888 0.117469959 -0.992976725 -41.030796051 -0.159810424 0.980573475 0.113738060 -14.567831039 0.987047434 0.157087639 0.032570463 127.852447510
0.014383223 0.116190799 -0.993122756 -41.925563812 -0.157572404 0.981078446 0.112499557 -14.567700386 0.987402678 0.154870600 0.032419525 127.899803162
0.015318381 0.105799079 -0.994269490 -42.818470001 -0.156953439 0.982313395 0.102108702 -14.572576523 0.987487137 0.154489890 0.031652983 127.946578979
0.015535069 0.095356606 -0.995321929 -43.733291626 -0.158728942 0.983054161 0.091703840 -14.577348709 0.987199962 0.156561777 0.030407671 127.990379333
0.014375793 0.092163295 -0.995640039 -44.633205414 -0.155497104 0.983834684 0.088825315 -14.585407257 0.987731695 0.153542221 0.028474530 128.041305542
0.014093117 0.102562554 -0.994626760 -45.553245544 -0.148317814 0.983935833 0.099358588 -14.591070175 0.988839269 0.146120578 0.029078575 128.095382690
0.014276098 0.115574487 -0.993196189 -46.500633240 -0.143277347 0.983283520 0.112361535 -14.587211609 0.989579618 0.140698373 0.030596657 128.156005859
0.014659598 0.124334894 -0.992132008 -47.421485901 -0.143674582 0.982203841 0.120967761 -14.577053070 0.989516437 0.140770808 0.032262478 128.204177856
0.014325744 0.118916124 -0.992801011 -48.338439941 -0.143654585 0.982846975 0.115650974 -14.575528145 0.989524186 0.140963614 0.031162860 128.248809814
0.014325904 0.105323993 -0.994334698 -49.261020660 -0.143698022 0.984330893 0.102193989 -14.573165894 0.989517868 0.141419947 0.029236278 128.291641235
0.014974466 0.096451148 -0.995225012 -50.174499512 -0.144303620 0.985125124 0.093301065 -14.573225975 0.989420116 0.142217457 0.028669965 128.337371826
0.015190667 0.096534446 -0.995213747 -51.102470398 -0.143336296 0.985258698 0.093380988 -14.581961632 0.989557385 0.141231745 0.028803626 128.387786865
0.014786812 0.098183081 -0.995058477 -52.044349670 -0.146539330 0.984634757 0.094976947 -14.598470688 0.989094317 0.144410834 0.028947290 128.430572510
0.015419310 0.097774573 -0.995089173 -52.973827362 -0.151126370 0.984002113 0.094343446 -14.600578308 0.988394201 0.148929521 0.029948954 128.466171265
0.015817447 0.097172581 -0.995141923 -53.913856506 -0.152799994 0.983811080 0.093637474 -14.603511810 0.988130689 0.150576577 0.030409355 128.512084961
0.016743181 0.104713589 -0.994361460 -54.871807098 -0.161602125 0.981708825 0.100660108 -14.604866028 0.986713946 0.159005567 0.033358872 128.554138184
0.018123336 0.113870986 -0.993330181 -55.813125610 -0.167021647 0.979878187 0.109281592 -14.594709396 0.985786676 0.163927108 0.036777586 128.596450806
0.019658068 0.122354068 -0.992291808 -56.773700714 -0.167461663 0.978865862 0.117381036 -14.589218140 0.985682487 0.163863391 0.039732225 128.639251709
0.020468116 0.122965313 -0.992199838 -57.726043701 -0.169173256 0.978523552 0.117780484 -14.580818176 0.985373676 0.165442914 0.040830966 128.692504883
0.022096947 0.113447823 -0.993298113 -58.670558929 -0.171319902 0.979274154 0.108034901 -14.580400467 0.984967649 0.167784512 0.041074842 128.741317749
0.023291571 0.108423606 -0.993831813 -59.608200073 -0.169799611 0.980086982 0.102944642 -14.574566841 0.985203326 0.166354507 0.041238055 128.799957275
0.025151096 0.106772259 -0.993965387 -60.579738617 -0.167941913 0.980600297 0.101087004 -14.573739052 0.985476017 0.164385989 0.042594712 128.861358643
0.028178969 0.112824582 -0.993215263 -61.539569855 -0.169407785 0.979775786 0.106491558 -14.572671890 0.985143065 0.165257558 0.046722431 128.927780151
0.032284819 0.115284950 -0.992807686 -62.513252258 -0.172741979 0.979020834 0.108066671 -14.577894211 0.984437883 0.168010682 0.051522061 128.977401733
0.036001239 0.110197902 -0.993257463 -63.467376709 -0.171618313 0.979818225 0.102486461 -14.577892303 0.984505653 0.166771486 0.054186646 129.044540405
0.039487023 0.104411669 -0.993749976 -64.421089172 -0.171635568 0.980452895 0.096194565 -14.582502365 0.984368801 0.166764408 0.056635916 129.112014771
0.042935640 0.104271486 -0.993621647 -65.392402649 -0.169540286 0.980874717 0.095607758 -14.583589554 0.984587491 0.164353907 0.059792701 129.183807373
0.044948682 0.108594872 -0.993069470 -66.353424072 -0.166254133 0.981024444 0.099752672 -14.599420547 0.985057890 0.160618126 0.062150106 129.275756836
0.048542805 0.115190797 -0.992156565 -67.311347961 -0.165746704 0.980484545 0.105726250 -14.598344803 0.984972894 0.159314439 0.066687971 129.356842041
0.051227942 0.119409397 -0.991522551 -68.275863647 -0.163566768 0.980422795 0.109621808 -14.604860306 0.985201359 0.156564429 0.069756456 129.442520142
0.053364515 0.120981865 -0.991219223 -69.257675171 -0.163163081 0.980349600 0.110870928 -14.602081299 0.985154808 0.155813828 0.072055660 129.527450562
0.055411115 0.118080951 -0.991456747 -70.201652527 -0.162209421 0.980855465 0.107752703 -14.600449562 0.985199332 0.154852897 0.073504120 129.608551025
0.056157224 0.116812259 -0.991564989 -71.146743774 -0.160182446 0.981321633 0.106533594 -14.604624748 0.985488713 0.152848706 0.073819563 129.699066162
0.056723014 0.113388710 -0.991930187 -72.091781616 -0.157125652 0.982162595 0.103287011 -14.613438606 0.985948205 0.149998933 0.073527500 129.792602539
0.056434616 0.112609625 -0.992035389 -73.084907532 -0.155656025 0.982461572 0.102667943 -14.602231979 0.986197829 0.148622274 0.072973207 129.881011963
0.056252986 0.117382459 -0.991492331 -74.039192200 -0.152427554 0.982433081 0.107661873 -14.604569435 0.986712396 0.145074427 0.073157109 129.969711304
0.055625375 0.119150952 -0.991316795 -74.998443604 -0.146321625 0.983107388 0.109953754 -14.609125137 0.987671852 0.138934806 0.072120085 130.072402954
0.054940011 0.114544846 -0.991897762 -75.954833984 -0.143532768 0.983986676 0.105681196 -14.596694946 0.988119423 0.136563659 0.070501186 130.158905029
0.053441182 0.110727817 -0.992412925 -76.910453796 -0.145776629 0.984051049 0.101944812 -14.599093437 0.987873077 0.139222592 0.068730377 130.238922119
0.052237079 0.107737757 -0.992806196 -77.859298706 -0.142230898 0.984831035 0.099388778 -14.600000381 0.988454223 0.136015937 0.066768333 130.325439453
0.050700415 0.108714975 -0.992779136 -78.823715210 -0.142388001 0.984689772 0.100557499 -14.603496552 0.988511562 0.136261523 0.065403871 130.401336670
0.050059773 0.109875247 -0.992683947 -79.772453308 -0.143489614 0.984409988 0.101723447 -14.606524467 0.988384902 0.137347609 0.065045297 130.478286743
0.048525143 0.110236846 -0.992720068 -80.725914001 -0.145050362 0.984132528 0.102193050 -14.608712196 0.988233566 0.139035478 0.063745059 130.557876587
0.047389515 0.111389235 -0.992646337 -81.676788330 -0.144975409 0.984007239 0.103498593 -14.612686157 0.988299847 0.139004529 0.062780321 130.626663208
0.045232352 0.111334376 -0.992753088 -82.631561279 -0.144649222 0.984027147 0.103765197 -14.612184525 0.988448620 0.138907388 0.060614277 130.702789307
0.043567099 0.114073798 -0.992516518 -83.577445984 -0.144422606 0.983743787 0.106725976 -14.608985901 0.988556504 0.138692096 0.059333704 130.776306152
0.041958675 0.118584402 -0.992057085 -84.542098999 -0.146086916 0.982988417 0.111321673 -14.603081703 0.988381565 0.140255615 0.058568515 130.836929321
0.039307810 0.122689195 -0.991666377 -85.499008179 -0.146540359 0.982410848 0.115735523 -14.588209152 0.988423407 0.140769854 0.056595337 130.915039062
0.037386067 0.122434266 -0.991772234 -86.442665100 -0.146450341 0.982421637 0.115759298 -14.582703590 0.988511264 0.140917584 0.054659408 130.982666016
0.036230337 0.117933966 -0.992360234 -87.385711670 -0.146784380 0.982870162 0.111447155 -14.581493378 0.988504767 0.141625226 0.052920580 131.046661377
0.034201939 0.111807458 -0.993141115 -88.346702576 -0.149848372 0.983062863 0.105512351 -14.556251526 0.988117218 0.145211890 0.050376825 131.106002808
0.032778330 0.109478332 -0.993448496 -89.289230347 -0.147661254 0.983605266 0.103521600 -14.553101540 0.988494694 0.143300593 0.048406653 131.177093506
0.032849967 0.110599786 -0.993321955 -90.253295898 -0.143104419 0.984138489 0.104844697 -14.551908493 0.989162266 0.138704613 0.048156239 131.229263306
0.032458205 0.111813642 -0.993198931 -91.201568604 -0.140153378 0.984413087 0.106244266 -14.550024033 0.989597619 0.135751724 0.047623347 131.293899536
0.031260509 0.111925177 -0.993224740 -92.146858215 -0.134745076 0.985111117 0.106769912 -14.555223465 0.990387082 0.130494475 0.045876451 131.363586426
0.029744737 0.108990856 -0.993597627 -93.087120056 -0.130526856 0.985949099 0.104244381 -14.558340073 0.990998566 0.126590446 0.043553032 131.434112549
0.029083211 0.105938457 -0.993947327 -94.032028198 -0.125637487 0.986869395 0.101507887 -14.563419342 0.991649866 0.121924870 0.042011179 131.500305176
0.027479773 0.108374886 -0.993730247 -95.018608093 -0.123754404 0.986826837 0.104199797 -14.563299179 0.991932333 0.120115109 0.040529646 131.557006836
0.026118245 0.110601693 -0.993521631 -95.967681885 -0.123146862 0.986646652 0.106598988 -14.560663223 0.992044687 0.119564906 0.039389737 131.619110107
0.024652060 0.108633958 -0.993776143 -96.924903870 -0.118798673 0.987352490 0.104984798 -14.559290886 0.992612302 0.115471199 0.037245844 131.674087524
0.022186894 0.105865933 -0.994132936 -97.880256653 -0.115941025 0.987940729 0.102618992 -14.561909676 0.993008316 0.112983979 0.034193546 131.735183716
0.018493546 0.103407234 -0.994467139 -98.839149475 -0.114889868 0.988268554 0.100626126 -14.564630508 0.993206084 0.112393267 0.030157033 131.791168213
0.015752433 0.102662720 -0.994591534 -99.792739868 -0.109392919 0.988920689 0.100344792 -14.575222969 0.993873715 0.107220575 0.026808482 131.844726562
0.013615075 0.102871947 -0.994601369 -100.751548767 -0.102655634 0.989581466 0.100947484 -14.571007729 0.994623721 0.100727022 0.024033614 131.890350342
0.010700339 0.111496866 -0.993707180 -101.715011597 -0.093606897 0.989511847 0.110018171 -14.583771706 0.995551705 0.091840610 0.021024987 131.957885742
0.008250751 0.119738095 -0.992771149 -102.672027588 -0.085602574 0.989244998 0.118601382 -14.579522133 0.996295214 0.084005214 0.018411901 132.014831543
0.004876169 0.119501129 -0.992821991 -103.627326965 -0.081222631 0.989600778 0.118714467 -14.573577881 0.996684015 0.080060743 0.014531655 132.068038940
0.002567323 0.109207630 -0.994015634 -104.578552246 -0.082500495 0.990653455 0.108625159 -14.572102547 0.996587694 0.081727907 0.011553011 132.099716187
0.000460321 0.099767447 -0.995010674 -105.525863647 -0.084269524 0.991475403 0.099373981 -14.567999840 0.996442795 0.083803326 0.008863753 132.140182495
0.000281767 0.101643525 -0.994820833 -106.489639282 -0.091830283 0.990620077 0.101188309 -14.572067261 0.995774686 0.091326170 0.009613078 132.158203125
-0.001011437 0.110735834 -0.993849277 -107.447853088 -0.094952643 0.989348829 0.110331014 -14.556009293 0.995481253 0.094480217 0.009513998 132.203125000
-0.002504647 0.122149527 -0.992508531 -108.410400391 -0.099039420 0.987601697 0.121795550 -14.543276787 0.995080292 0.098602526 0.009624023 132.234741211
-0.004052610 0.123856448 -0.992291868 -109.354743958 -0.105956540 0.986660957 0.123586319 -14.530755997 0.994362473 0.105640672 0.009124849 132.268859863
-0.003916596 0.120337524 -0.992725313 -110.339767456 -0.112912729 0.986330986 0.120007902 -14.506454468 0.993597209 0.112561338 0.009724582 132.290939331
-0.004194788 0.116121463 -0.993226111 -111.294120789 -0.120882958 0.985892236 0.115774579 -14.490989685 0.992657900 0.120549783 0.009901500 132.317993164
-0.001465726 0.118532620 -0.992949069 -112.260314941 -0.125658348 0.985057712 0.117776096 -14.473297119 0.992072403 0.124944985 0.013450788 132.338699341
-0.000162041 0.119580418 -0.992824435 -113.249435425 -0.133687571 0.983909786 0.118528515 -14.451986313 0.991023540 0.132747456 0.015826976 132.367431641
0.000367011 0.121904999 -0.992541611 -114.213005066 -0.142760247 0.982381880 0.120604366 -14.432225227 0.989757240 0.141651228 0.017763730 132.391448975
0.000324914 0.124524459 -0.992216527 -115.186943054 -0.148268908 0.981255591 0.123100311 -14.412749290 0.988947034 0.147074848 0.018781930 132.423126221
0.000713073 0.123996854 -0.992282331 -116.171112061 -0.152440503 0.980698943 0.122439824 -14.400347710 0.988312304 0.151176736 0.019601455 132.466964722
0.002201942 0.114651017 -0.993403375 -117.125289917 -0.151391909 0.981993854 0.112998642 -14.402272224 0.988471270 0.150144428 0.019519534 132.502944946
0.003656792 0.102897301 -0.994685233 -118.077308655 -0.154648423 0.982783318 0.101097569 -14.391109467 0.987962782 0.153456852 0.019506747 132.542373657
