1.000000000 0.000000000 0.000000000 0.000000000 0.000000000 1.000000000 0.000000000 0.000000000 0.000000000 0.000000000 1.000000000 0.000000000
0.999997735 -0.001623420 -0.001387449 0.050012115 0.001620422 0.999996364 -0.002159194 -0.132368192 0.001390949 0.002156941 0.999996722 1.297446847
0.999997497 -0.000006517 -0.002198997 0.106526352 -0.000007499 0.999979675 -0.006373777 -0.267864257 0.002198994 0.006373778 0.999977291 2.604230165
0.999996185 0.002440738 -0.001292442 0.148951769 -0.002450950 0.999965250 -0.007959691 -0.405880004 0.001272970 0.007962828 0.999967515 3.907726049
0.999983490 0.005744903 0.000257262 0.193257079 -0.005743067 0.999961376 -0.006645879 -0.545351624 -0.000295432 0.006644291 0.999977887 5.220130920
0.999974787 0.006667287 0.002502608 0.241429463 -0.006659125 0.999972641 -0.003255667 -0.690645337 -0.002524246 0.003238919 0.999991596 6.539021492
0.999958932 0.006950120 0.005813394 0.298025042 -0.006939285 0.999974072 -0.001882053 -0.828107953 -0.005826324 0.001841635 0.999981344 7.843310356
0.999942422 0.005218300 0.009373618 0.351662785 -0.005200695 0.999984682 -0.001901551 -0.961173832 -0.009383395 0.001852692 0.999954283 9.147296906
0.999911666 0.003849962 0.012718115 0.429768503 -0.003827118 0.999991059 -0.001820097 -1.098026872 -0.012725008 0.001771263 0.999917567 10.447459221
0.999868810 0.002549665 0.015991418 0.495685369 -0.002508582 0.999993503 -0.002588543 -1.234040022 -0.015997911 0.002548088 0.999868751 11.754285812
0.999809802 0.001434579 0.019449372 0.571230769 -0.001368549 0.999993205 -0.003407852 -1.369392395 -0.019454127 0.003380586 0.999805033 13.046421051
0.999744475 0.001436019 0.022559172 0.644512177 -0.001361311 0.999993563 -0.003326648 -1.518723488 -0.022563806 0.003295088 0.999739885 14.365238190
0.999662280 0.001400949 0.025949903 0.728335083 -0.001287750 0.999989629 -0.004378420 -1.657211423 -0.025955768 0.004343525 0.999653637 15.659400940
0.999574184 0.002364020 0.029080776 0.811610222 -0.002237805 0.999987960 -0.004371936 -1.791975141 -0.029090762 0.004304998 0.999567509 16.954013824
0.999474466 0.001891062 0.032359175 0.900978088 -0.001762504 0.999990463 -0.004000898 -1.930594206 -0.032366429 0.003941762 0.999468327 18.239683151
0.999411821 0.000463351 0.034289859 1.003746510 -0.000337027 0.999993145 -0.003689710 -2.073554993 -0.034291334 0.003675984 0.999405146 19.537103653
0.999348402 -0.001989444 0.036038823 1.098312140 0.002168679 0.999985516 -0.004934990 -2.214845419 -0.036028482 0.005009931 0.999338210 20.813716888
0.999307930 -0.001716892 0.037161943 1.196629167 0.001968525 0.999975324 -0.006735701 -2.354943037 -0.037149467 0.006804191 0.999286532 22.116605759
0.999261022 -0.001606544 0.038404103 1.278658748 0.001964962 0.999954820 -0.009296883 -2.499073505 -0.038387433 0.009365475 0.999219060 23.403005600
0.999226749 -0.001151228 0.039301768 1.384736061 0.001576022 0.999940574 -0.010779224 -2.642114878 -0.039287034 0.010832828 0.999169230 24.687608719
0.999181747 -0.000502842 0.040441718 1.483819246 0.000962834 0.999935091 -0.011355530 -2.789138317 -0.040433381 0.011385176 0.999117374 25.959236145
0.999163449 -0.002238455 0.040833257 1.582719564 0.002667558 0.999941707 -0.010457194 -2.934264183 -0.040807478 0.010557371 0.999111176 27.251739502
0.999161065 -0.005054692 0.040640574 1.684652209 0.005440598 0.999941051 -0.009390618 -3.080714226 -0.040590718 0.009603847 0.999129653 28.535026550
0.999177933 -0.006696293 0.039983220 1.782449245 0.007088754 0.999927938 -0.009681948 -3.228573561 -0.039915517 0.009957418 0.999153376 29.819910049
0.999192715 -0.008309801 0.039304689 1.885474205 0.008793591 0.999887526 -0.012151863 -3.375650644 -0.039199285 0.012487683 0.999153376 31.087182999
0.999228895 -0.008519116 0.038327120 1.996374130 0.008995230 0.999884307 -0.012267157 -3.525817633 -0.038218182 0.012602460 0.999189913 32.379051208
0.999242663 -0.009213690 0.037804034 2.092751980 0.009699805 0.999872386 -0.012695568 -3.668123960 -0.037682232 0.013052645 0.999204516 33.646446228
0.999256551 -0.009659607 0.037323084 2.189173460 0.010146025 0.999865711 -0.012865283 -3.812585592 -0.037193805 0.013234400 0.999220431 34.912796021
0.999268115 -0.010116299 0.036889803 2.282377243 0.010617754 0.999853611 -0.013422862 -3.957420826 -0.036748607 0.013804724 0.999229193 36.175338745
0.999305069 -0.010820441 0.035669193 2.391876459 0.011303705 0.999846637 -0.013374763 -4.117807388 -0.035519008 0.013768661 0.999274135 37.456100464
0.999309242 -0.010517697 0.035641022 2.487037659 0.010934818 0.999873698 -0.011528757 -4.262895107 -0.035515264 0.011910523 0.999298096 38.711521149
0.999264896 -0.010314456 0.036920704 2.580518246 0.010709852 0.999887228 -0.010527641 -4.402420044 -0.036807951 0.010915316 0.999262750 39.985691071
0.999184787 -0.012058374 0.038524218 2.692423820 0.012411512 0.999882996 -0.008940688 -4.543457985 -0.038411893 0.009411544 0.999217629 41.234550476
0.999069929 -0.013213608 0.041043166 2.784330845 0.013638763 0.999855995 -0.010096045 -4.689943314 -0.040903848 0.010646436 0.999106348 42.499950409
0.998948991 -0.014499000 0.043480780 2.881256819 0.015090297 0.999797642 -0.013301812 -4.838855267 -0.043279119 0.013943972 0.998965621 43.752799988
0.998847604 -0.015499436 0.045422670 2.987499237 0.016159836 0.999768615 -0.014208036 -4.988015175 -0.045191936 0.014925689 0.998866796 45.012001038
0.998721361 -0.015812239 0.048016168 3.116375923 0.016461782 0.999777853 -0.013162354 -5.120765209 -0.047797374 0.013935957 0.998759806 46.250938416
0.998529136 -0.016855560 0.051530361 3.222375393 0.017389147 0.999799669 -0.009924043 -5.269955635 -0.051352751 0.010805517 0.998622119 47.509532928
0.998243034 -0.019974301 0.055784248 3.326005697 0.020434525 0.999761641 -0.007691906 -5.413477898 -0.055617306 0.008818317 0.998413146 48.728973389
0.998018265 -0.022039687 0.058938760 3.467965126 0.022547727 0.999713957 -0.007968564 -5.553184032 -0.058746289 0.009281707 0.998229742 49.983192444
0.997736275 -0.025356371 0.062284108 3.608178139 0.026133591 0.999590099 -0.011695746 -5.688736439 -0.061962016 0.013296979 0.997989833 51.209926605
0.997456670 -0.026412349 0.066200033 3.743738413 0.027267588 0.999555528 -0.012048750 -5.821432590 -0.065852396 0.013823223 0.997733533 52.453659058
0.997105360 -0.028925115 0.070315100 3.874012947 0.029665826 0.999514580 -0.009512542 -5.962497234 -0.070005834 0.011570962 0.997479379 53.673725128
0.996848166 -0.031583931 0.072775491 4.040368557 0.032110583 0.999465942 -0.006077914 -6.096140385 -0.072544657 0.008395622 0.997329772 54.866039276
0.996565461 -0.034035347 0.075490467 4.171185493 0.034465313 0.999396145 -0.004399926 -6.234940052 -0.075295135 0.006986618 0.997136831 56.114665985
0.996392488 -0.037483584 0.076137476 4.334683418 0.037696376 0.999288261 -0.001359130 -6.354899406 -0.076032326 0.004224333 0.997096479 57.314319611
0.996213436 -0.039771970 0.077310503 4.466244698 0.039880905 0.999204457 0.000134915 -6.485614777 -0.077254377 0.002948810 0.997007012 58.542720795
0.996171951 -0.041529119 0.076920547 4.613564968 0.041912187 0.999115646 -0.003371678 -6.607819080 -0.076712511 0.006582680 0.997031510 59.736270905
0.996189296 -0.042789672 0.075999431 4.767923355 0.043476779 0.999026954 -0.007408847 -6.741209984 -0.075608462 0.010684824 0.997080266 60.949478149
0.996203661 -0.044141721 0.075031541 4.905544758 0.045121334 0.998916328 -0.011410496 -6.870121956 -0.074446559 0.014752702 0.997115791 62.129085541
0.996215761 -0.046102282 0.073680080 5.044207573 0.047238063 0.998789012 -0.013746634 -7.004813671 -0.072957106 0.017175119 0.997187197 63.349098206
0.996353805 -0.046119928 0.071777321 5.180409431 0.047216896 0.998791218 -0.013661103 -7.138742924 -0.071060501 0.017000396 0.997327089 64.526397705
0.996605635 -0.045327120 0.068721771 5.315762520 0.046335522 0.998839319 -0.013150447 -7.282888412 -0.068045944 0.016290067 0.997549176 65.749366760
0.996853530 -0.044608507 0.065522216 5.439914703 0.045448963 0.998901665 -0.011392301 -7.411899090 -0.064942069 0.014334376 0.997786045 66.925811768
0.997258902 -0.040678345 0.061805531 5.564360619 0.041223228 0.999121308 -0.007566153 -7.545917034 -0.061443448 0.010093237 0.998059511 68.114181519
0.997549415 -0.038723014 0.058271673 5.683217049 0.039097387 0.999221325 -0.005297675 -7.671754360 -0.058021151 0.007562961 0.998286664 69.295959473
0.997742653 -0.037697569 0.055574041 5.787643909 0.038221896 0.999233961 -0.008401728 -7.807438374 -0.055214748 0.010506907 0.998419225 70.466445923
0.997937083 -0.038083650 0.051682115 5.910588264 0.038935855 0.999120176 -0.015583470 -7.940679550 -0.051043171 0.017563611 0.998542011 71.655227661
0.997942448 -0.042078227 0.048376620 6.017076015 0.043020107 0.998901069 -0.018595750 -8.075995445 -0.047540981 0.020638656 0.998656034 72.826789856
0.997994244 -0.046055790 0.043434653 6.136876583 0.046683200 0.998817921 -0.013542493 -8.215038300 -0.042759612 0.015542997 0.998964489 73.998764038
0.997995734 -0.049711939 0.039157681 6.241036892 0.050093744 0.998705506 -0.008829713 -8.340578079 -0.038668055 0.010773569 0.999194086 75.156715393
0.998045623 -0.051921122 0.034773067 6.336259365 0.052161779 0.998620272 -0.006049032 -8.466863632 -0.034411021 0.007851033 0.999376953 76.347167969
0.998219073 -0.051135432 0.030721795 6.425333023 0.051271826 0.998677969 -0.003668094 -8.591745377 -0.030493600 0.005236722 0.999521315 77.505737305
0.998363316 -0.050689120 0.026483256 6.524300575 0.050810810 0.998700500 -0.003942140 -8.705114365 -0.026249014 0.005281323 0.999641478 78.666961670
0.998480439 -0.049636453 0.023937428 6.582646370 0.049778745 0.998745739 -0.005385132 -8.841993332 -0.023640106 0.006568524 0.999699056 79.837783813
0.998664737 -0.047333185 0.020693049 6.657639503 0.047553156 0.998815835 -0.010270333 -8.970943451 -0.020182416 0.011240639 0.999733150 80.981674194
0.998582482 -0.050513953 0.016772708 6.743004799 0.050769277 0.998595297 -0.015162189 -9.108832359 -0.015983243 0.015992234 0.999744296 82.143356323
0.998436809 -0.053997450 0.014428586 6.797211647 0.054227382 0.998399615 -0.016050240 -9.242606163 -0.013538823 0.016807577 0.999767065 83.283729553
0.998466313 -0.054279469 0.010894373 6.863187313 0.054417245 0.998436511 -0.012775419 -9.370463371 -0.010183896 0.013348672 0.999859095 84.422439575
0.998471498 -0.054712169 0.007823529 6.932227612 0.054788940 0.998448312 -0.009960083 -9.503224373 -0.007266451 0.010373503 0.999919713 85.554443359
0.998607635 -0.052317124 0.006750413 6.977332115 0.052395120 0.998554945 -0.011947555 -9.627978325 -0.006115596 0.012284609 0.999905825 86.701385498
0.998793066 -0.048716333 0.006252741 7.030293941 0.048805803 0.998694718 -0.015057623 -9.756061554 -0.005511028 0.015344620 0.999867022 87.822883606
0.998892605 -0.046746165 0.005329168 7.086918831 0.046834022 0.998744667 -0.017762696 -9.883697510 -0.004492141 0.017992612 0.999827981 88.921585083
0.998798966 -0.048776358 0.004620424 7.129879951 0.048854567 0.998631120 -0.018680252 -10.019422531 -0.003702944 0.018883543 0.999814808 90.073181152
0.998752832 -0.049815372 0.003341049 7.181590080 0.049862552 0.998628616 -0.015955117 -10.151030540 -0.002541658 0.016101807 0.999867022 91.187126160
0.998705447 -0.050801635 0.002600272 7.229837894 0.050831247 0.998622775 -0.012985062 -10.284490585 -0.001937029 0.013100429 0.999912262 92.303649902
0.998712420 -0.050698664 0.001736513 7.289412022 0.050716732 0.998631597 -0.012756011 -10.405962944 -0.001087424 0.012827659 0.999917150 93.439537048
0.998685539 -0.051217441 0.001993025 7.333267212 0.051241498 0.998575330 -0.014889690 -10.534102440 -0.001227573 0.014972243 0.999887168 94.548660278
0.998675525 -0.051432166 0.001371651 7.393846989 0.051448774 0.998503149 -0.018555200 -10.666282654 -0.000415264 0.018601194 0.999826849 95.654571533
0.998664856 -0.051639490 0.001384532 7.439144611 0.051656805 0.998468101 -0.019825775 -10.804278374 -0.000358618 0.019870820 0.999802589 96.771209717
0.998624623 -0.052419271 0.001083700 7.496785641 0.052430321 0.998459280 -0.018167477 -10.936679840 -0.000129704 0.018199310 0.999834418 97.856224060
0.998677075 -0.051372301 0.002222335 7.535712719 0.051396668 0.998596013 -0.012820277 -11.062829971 -0.001560608 0.012917538 0.999915361 98.939979553
0.998755991 -0.049726620 0.003675397 7.584356785 0.049758971 0.998717844 -0.009308670 -11.183813095 -0.003207796 0.009479974 0.999949932 100.005111694
0.998861551 -0.047366437 0.005653289 7.630104542 0.047417551 0.998831987 -0.009277664 -11.306222916 -0.005207236 0.009535166 0.999940991 101.075019836
0.998932123 -0.045506354 0.008000819 7.678831577 0.045592356 0.998900414 -0.010917429 -11.429026604 -0.007495210 0.011270544 0.999908388 102.111473083
0.998888552 -0.045962367 0.010449021 7.737339020 0.046098556 0.998849750 -0.013190171 -11.551860809 -0.009830751 0.013657195 0.999858439 103.131790161
0.998809278 -0.047206633 0.012320367 7.782312870 0.047382269 0.998773396 -0.014375990 -11.664617538 -0.011626611 0.014942639 0.999820709 104.153388977
0.998695970 -0.049058821 0.014122353 7.845096588 0.049251243 0.998693645 -0.013616041 -11.779319763 -0.013435914 0.014293830 0.999807596 105.135337830
0.998663902 -0.049132206 0.016010553 7.901125431 0.049335275 0.998703480 -0.012545309 -11.896056175 -0.015373414 0.013318433 0.999793172 106.116157532
0.998588324 -0.050369468 0.016860789 7.976536274 0.050551578 0.998665690 -0.010554885 -12.010335922 -0.016306648 0.011392323 0.999802113 107.064445496
0.998514712 -0.051064257 0.018997902 8.032704353 0.051278576 0.998624086 -0.010970212 -12.117866516 -0.018411580 0.011928102 0.999759376 107.981498718
0.998497009 -0.050859887 0.020420069 8.098661423 0.051056933 0.998652935 -0.009246830 -12.218703270 -0.019922264 0.010275518 0.999748707 108.892753601
0.998501301 -0.049920142 0.022427505 8.156458855 0.050089262 0.998719931 -0.007043038 -12.316941261 -0.022047205 0.008155860 0.999723613 109.761650085
0.998468697 -0.050088495 0.023479288 8.219514847 0.050193455 0.998732030 -0.003902216 -12.419208527 -0.023254061 0.005074748 0.999716640 110.622634888
0.998420477 -0.050245043 0.025140923 8.280067444 0.050353643 0.998724520 -0.003704760 -12.512388229 -0.024922714 0.004964845 0.999677062 111.450363159
0.998437822 -0.049352851 0.026194463 8.334039688 0.049445588 0.998772621 -0.002904271 -12.604132652 -0.026018975 0.004194935 0.999652624 112.264060974
0.998536289 -0.046932302 0.026882980 8.386246681 0.047019228 0.998890698 -0.002610493 -12.684917450 -0.026730636 0.003870690 0.999635160 113.042060852
0.998663306 -0.044555653 0.026198441 8.435047150 0.044555586 0.999006748 0.000586513 -12.764435768 -0.026198551 0.000581559 0.999656558 113.797531128
0.998741150 -0.044521116 0.023107816 8.483410835 0.044498865 0.999008358 0.001476409 -12.847604752 -0.023150634 -0.000446279 0.999731839 114.552551270
0.998871088 -0.044471525 0.016694976 8.520303726 0.044453457 0.999010503 0.001451340 -12.920860291 -0.016743001 -0.000707552 0.999859571 115.252098083
0.999064863 -0.042790268 0.006193936 8.549571991 0.042789254 0.999084055 0.000296175 -12.996749878 -0.006200939 -0.000030864 0.999980807 115.923065186
0.999158621 -0.040216412 -0.008044032 8.552473068 0.040197298 0.999188602 -0.002522846 -13.064239502 0.008138970 0.002197375 0.999964416 116.570579529
0.998885036 -0.038845282 -0.026826223 8.549860954 0.038732551 0.999238491 -0.004709523 -13.138329506 0.026988739 0.003665224 0.999629021 117.196640015
0.998107731 -0.037136909 -0.049008995 8.515299797 0.036829710 0.999295950 -0.007156753 -13.206870079 0.049240265 0.005338223 0.998772740 117.783370972
0.996425629 -0.035645586 -0.076584846 8.473153114 0.035081372 0.999346554 -0.008700292 -13.276346207 0.076844931 0.005982492 0.997025192 118.354278564
0.993495166 -0.033574939 -0.108811870 8.403523445 0.032584704 0.999409854 -0.010866269 -13.341489792 0.109112501 0.007249983 0.994002998 118.897384644
0.989124477 -0.028845750 -0.144224092 8.300880432 0.027358469 0.999550164 -0.012285331 -13.406214714 0.144513592 0.008205973 0.989468753 119.438835144
0.982829869 -0.022660540 -0.183117241 8.192193985 0.020817349 0.999711514 -0.011981861 -13.465959549 0.183335900 0.007964114 0.983018100 119.986358643
0.974372745 -0.017776275 -0.224235520 8.037240982 0.015999518 0.999824524 -0.009738246 -13.523236275 0.224369258 0.005901021 0.974486351 120.473480225
0.963104010 -0.012884732 -0.268821061 7.868585587 0.011069345 0.999904573 -0.008267850 -13.581388474 0.268901944 0.004987126 0.963154614 120.959091187
0.948672533 -0.007095031 -0.316180617 7.680789948 0.004584733 0.999951780 -0.008682628 -13.639769554 0.316226989 0.006787366 0.948659301 121.438293457
0.931469977 0.000706881 -0.363817334 7.453681946 -0.004436231 0.999945879 -0.009415086 -13.692017555 0.363790959 0.010383851 0.931422710 121.893737793
0.910381019 0.005086702 -0.413739800 7.200416565 -0.010312407 0.999892771 -0.010397983 -13.743534088 0.413642526 0.013732780 0.910335898 122.336006165
0.885392010 0.010092848 -0.464735538 6.920471191 -0.016032817 0.999832451 -0.008831197 -13.803413391 0.464568555 0.015270092 0.885405481 122.760978699
0.856356800 0.013267688 -0.516214013 6.637252808 -0.020540634 0.999753892 -0.008379647 -13.849640846 0.515975893 0.017779332 0.856418550 123.156463623
0.824765801 0.022977317 -0.565007508 6.310104370 -0.031467296 0.999490619 -0.005287601 -13.894893646 0.564598322 0.022140292 0.825068831 123.531082153
0.790831387 0.035996232 -0.610974669 5.960781097 -0.044455446 0.999010444 0.001315679 -13.938417435 0.610417545 0.026120679 0.791648984 123.889366150
0.754954636 0.044944137 -0.654235125 5.617282867 -0.055660866 0.998440146 0.004360205 -13.978911400 0.653410554 0.033123534 0.756278694 124.189178467
0.715258062 0.049160734 -0.697129190 5.241508484 -0.063310899 0.997979105 0.005419004 -14.031541824 0.695986748 0.040259894 0.716925085 124.494705200
0.672750592 0.050693333 -0.738130629 4.864276886 -0.065695487 0.997802258 0.008650547 -14.075119972 0.736946940 0.042672187 0.674602389 124.779609680
0.628535151 0.054065626 -0.775899768 4.462516785 -0.069283329 0.997507215 0.013382979 -14.104269028 0.774689198 0.045345251 0.630714238 125.050453186
0.583357096 0.063165538 -0.809755921 4.039142609 -0.080498345 0.996559024 0.019745348 -14.141552925 0.808216870 0.053665429 0.586434603 125.278671265
0.538530588 0.071821846 -0.839539409 3.576679230 -0.092191048 0.995401323 0.026018869 -14.163323402 0.837547362 0.063386060 0.542675436 125.491012573
0.491655171 0.076954186 -0.867383003 3.129249573 -0.098052353 0.994645000 0.032666259 -14.186379433 0.865251958 0.068988390 0.496567935 125.684753418
0.444251746 0.078368850 -0.892467797 2.667148590 -0.097211421 0.994501770 0.038938798 -14.213074684 0.890612364 0.069459423 0.449427485 125.866935730
0.396943063 0.080140419 -0.914337814 2.189609528 -0.094965950 0.994420350 0.045931801 -14.236248016 0.912917137 0.068598643 0.402338892 126.043228149
0.352173001 0.083097860 -0.932238638 1.699481964 -0.096556596 0.993961871 0.052123416 -14.258156776 0.930940926 0.071657345 0.358070135 126.174156189
0.308585733 0.086611144 -0.947245121 1.200424194 -0.102189466 0.993101001 0.057513524 -14.278115273 0.945691407 0.079050630 0.315307468 126.290618896
0.267083049 0.087919042 -0.959654570 0.683208466 -0.106642775 0.992409766 0.061239988 -14.293561935 0.957754731 0.085984051 0.274431705 126.393470764
0.227484435 0.084463388 -0.970111728 0.152513504 -0.106900305 0.992376208 0.061334483 -14.311020851 0.967896223 0.089752592 0.234779283 126.499038696
0.192421138 0.079546027 -0.978083074 -0.378969193 -0.101970099 0.992934406 0.060692966 -14.332669258 0.976000071 0.088056631 0.199172869 126.589889526
0.162013188 0.074322395 -0.983985662 -0.926792145 -0.099136569 0.993340611 0.058706164 -14.351994514 0.981796205 0.088037781 0.168302372 126.669631958
0.135702968 0.072719663 -0.988077164 -1.493791580 -0.100290291 0.993188143 0.059321910 -14.370535851 0.985660553 0.091044374 0.142071649 126.737663269
0.113313027 0.071817309 -0.990960360 -2.084419250 -0.100829914 0.993066132 0.060440354 -14.383164406 0.988429844 0.093069755 0.119768657 126.800056458
0.095159791 0.073362716 -0.992754996 -2.679901123 -0.103032798 0.992650270 0.063478850 -14.398113251 0.990115643 0.096245691 0.102019161 126.852531433
0.078881182 0.071832672 -0.994292557 -3.287561417 -0.103928179 0.992558002 0.063462324 -14.422660828 0.991451740 0.098329023 0.085759610 126.905845642
0.064645432 0.070798352 -0.995393693 -3.906511307 -0.102796115 0.992646158 0.063926890 -14.451361656 0.992599607 0.098190024 0.071447842 126.959663391
0.052197181 0.068428844 -0.996289611 -4.544538975 -0.098443061 0.993143022 0.063055135 -14.474108696 0.993772805 0.094786495 0.058575615 127.007278442
0.040556133 0.065756567 -0.997011125 -5.197313786 -0.096200876 0.993453443 0.061608694 -14.488338470 0.994535327 0.093414754 0.046616472 127.037788391
0.030048084 0.064582288 -0.997459888 -5.869941711 -0.095551208 0.993525982 0.061449137 -14.507956505 0.994970918 0.093462072 0.036024470 127.074539185
0.020386118 0.066130362 -0.997602701 -6.541167736 -0.098927990 0.993046880 0.063806742 -14.529233932 0.994885743 0.097390063 0.026786506 127.096954346
0.012151366 0.066074751 -0.997740686 -7.218758583 -0.101713315 0.992720366 0.064503521 -14.556466103 0.994739592 0.100699693 0.018783582 127.112197876
0.005321050 0.065444648 -0.997842133 -7.907980919 -0.103925273 0.992489040 0.064539365 -14.576174736 0.994570851 0.103357583 0.012082436 127.133605957
0.000253715 0.066166408 -0.997808516 -8.605666161 -0.104669236 0.992329478 0.065776467 -14.592063904 0.994507015 0.104423165 0.007177357 127.150138855
-0.003405349 0.068694688 -0.997631907 -9.325168610 -0.106832877 0.991903126 0.068664886 -14.611819267 0.994271159 0.106813699 0.003961075 127.174484253
-0.004235870 0.072710268 -0.997344077 -10.063695908 -0.109245852 0.991349936 0.072737254 -14.635475159 0.994005680 0.109263808 0.003744067 127.177276611
-0.005170127 0.075875409 -0.997103870 -10.777344704 -0.111809880 0.990820885 0.075977050 -14.649408340 0.993716121 0.111878887 0.003360952 127.190574646
-0.005943489 0.081355006 -0.996667445 -11.515365601 -0.116484337 0.989843607 0.081492618 -14.655879974 0.993174732 0.116580494 0.003593458 127.201522827
-0.006969374 0.085343637 -0.996327221 -12.257943153 -0.119658053 0.989121199 0.085563384 -14.668622971 0.992790639 0.119814903 0.003318497 127.209304810
-0.008300158 0.086049184 -0.996256232 -13.008880615 -0.119500287 0.989065528 0.086423695 -14.688949585 0.992799401 0.119770266 0.002073501 127.227172852
-0.009717033 0.083082691 -0.996495247 -13.752780914 -0.117216073 0.989577293 0.083648913 -14.706710815 0.993058801 0.117618084 0.000122873 127.248832703
-0.011603548 0.079327315 -0.996781111 -14.515001297 -0.120562255 0.989464998 0.080148555 -14.709123611 0.992637873 0.121104181 -0.001917423 127.264083862
-0.012448227 0.081021868 -0.996634603 -15.284665108 -0.126069292 0.988631070 0.081945859 -14.720642090 0.991943359 0.126665130 -0.002092332 127.263244629
-0.014237570 0.084529318 -0.996319234 -16.052488327 -0.122977652 0.988707364 0.085640877 -14.734048843 0.992307365 0.123744309 -0.003681573 127.281852722
-0.016096639 0.084502906 -0.996293306 -16.828266144 -0.122012496 0.988809645 0.085839473 -14.749702454 0.992398083 0.122941948 -0.005606100 127.295181274
-0.017677559 0.083854735 -0.996321321 -17.620250702 -0.124775194 0.988501966 0.085410528 -14.762176514 0.992027521 0.125826016 -0.007011312 127.300392151
-0.018116042 0.083675452 -0.996328354 -18.407825470 -0.129535809 0.987896979 0.085322671 -14.767232895 0.991409242 0.130605906 -0.007057815 127.299865723
-0.019339422 0.087870248 -0.995944202 -19.212596893 -0.131343201 0.987274408 0.089655772 -14.772264481 0.991148293 0.132544398 -0.007552159 127.306381226
-0.019813012 0.091986492 -0.995563090 -20.026042938 -0.129971787 0.987071931 0.093788534 -14.777379990 0.991319716 0.131253317 -0.007601223 127.319885254
-0.019049209 0.094706789 -0.995322883 -20.851175308 -0.131411523 0.986630082 0.096394733 -14.791924477 0.991144836 0.132633165 -0.006348961 127.336479187
-0.017135838 0.093306392 -0.995489955 -21.669940948 -0.130909264 0.986856163 0.094750561 -14.795458794 0.991246223 0.131942496 -0.004695939 127.348114014
-0.015947996 0.093229920 -0.995516837 -22.500787735 -0.130944625 0.986873686 0.094518200 -14.798400879 0.991261423 0.131864980 -0.003530702 127.360481262
-0.015993096 0.092560984 -0.995578527 -23.334531784 -0.129389748 0.987142026 0.093855165 -14.805290222 0.991464853 0.130318686 -0.003811013 127.386276245
-0.014879158 0.094598167 -0.995404303 -24.172197342 -0.130343273 0.986836314 0.095732264 -14.810978889 0.991357327 0.131168678 -0.002353057 127.403373718
-0.014478396 0.096801139 -0.995198429 -25.010442734 -0.131996885 0.986407042 0.097866356 -14.811937332 0.991144419 0.132780015 -0.001504141 127.421478271
-0.014740855 0.099037327 -0.994974554 -25.886175156 -0.134911001 0.985786319 0.100121491 -14.810729980 0.990747988 0.135708928 -0.001170111 127.441490173
-0.013127129 0.100171633 -0.994883597 -26.750041962 -0.137095436 0.985392690 0.101024948 -14.806808472 0.990470886 0.137720138 0.000797693 127.454566956
-0.011494592 0.103276074 -0.994586408 -27.619312286 -0.143810138 0.984140813 0.103853464 -14.805047035 0.989538610 0.144225374 0.003539850 127.471595764
-0.008797140 0.107288040 -0.994189203 -28.505189896 -0.148827508 0.983013630 0.107398979 -14.799735069 0.988824069 0.148907483 0.007319704 127.484039307
-0.006738158 0.109091230 -0.994008899 -29.380508423 -0.151297525 0.982476652 0.108851187 -14.792417526 0.988465428 0.151124567 0.009885148 127.516075134
-0.002878908 0.109925859 -0.993935645 -30.276544571 -0.150111958 0.982629776 0.109110281 -14.791891098 0.988664806 0.149515733 0.013672289 127.540084839
-0.000170822 0.109674893 -0.993967533 -31.168439865 -0.152651802 0.982315481 0.108415425 -14.783155441 0.988279998 0.151749447 0.016574269 127.570152283
0.002350787 0.113400772 -0.993546665 -32.071411133 -0.153083771 0.981879234 0.111706920 -14.773075104 0.988210320 0.151833251 0.019668011 127.602699280
0.004752207 0.115537509 -0.993291676 -32.984706879 -0.152301684 0.981798530 0.113471985 -14.766056061 0.988322616 0.150740758 0.022262268 127.642524719
0.006476894 0.116875194 -0.993125439 -33.877815247 -0.152952299 0.981575906 0.114518471 -14.761766434 0.988212347 0.151159108 0.024233893 127.686302185
0.008967645 0.114965312 -0.993329048 -34.778804779 -0.154222712 0.981642485 0.112220421 -14.753042221 0.987995327 0.152187541 0.026533287 127.720191956
0.009317452 0.116032325 -0.993201733 -35.685043335 -0.158355549 0.980882466 0.113107495 -14.741531372 0.987338185 0.156225175 0.027513683 127.763435364
0.010409652 0.116566412 -0.993128359 -36.577899933 -0.159105241 0.980722368 0.113442592 -14.735354424 0.987206697 0.156831041 0.028755307 127.802345276
0.010815877 0.113130599 -0.993521214 -37.476329803 -0.159506992 0.981052101 0.109974295 -14.732230186 0.987137556 0.157284096 0.028656054 127.838897705
0.011505993 0.109020494 -0.993972898 -38.381240845 -0.160547346 0.981343985 0.105776846 -14.732940674 0.986961007 0.158362642 0.028794283 127.886833191
0.012049438 0.108274736 -0.994047880 -39.278770447 -0.160350755 0.981463611 0.104960285 -14.726419449 0.986986578 0.158131614 0.029188018 127.929664612
0.011851016 0.112228617 -0.993611753 -40.184207916 -0.162645295 0.980664670 0.108826339 -14.719530106 0.986613452 0.160316557 0.029875329 127.971427917
0.012143442 0.118590534 -0.992868960 -41.113727570 -0.163267106 0.979851961 0.115038872 -14.708892822 0.986507118 0.160705924 0.031260714 128.012985229
0.012330972 0.117254227 -0.993025362 -42.007850647 -0.160978928 0.980379462 0.113762051 -14.708463669 0.986880898 0.158453360 0.030964490 128.059951782
0.013182873 0.107012354 -0.994170308 -42.898281097 -0.160372898 0.981611490 0.103533961 -14.712608337 0.986968458 0.158073112 0.030102348 128.105331421
0.013517314 0.096368715 -0.995254040 -43.821441650 -0.161873236 0.982426286 0.092928134 -14.716058731 0.986718953 0.159848824 0.028879289 128.147796631
0.012527068 0.093293883 -0.995559692 -44.723884583 -0.158765540 0.983193219 0.090137258 -14.723071098 0.987236857 0.156931400 0.027128378 128.194763184
0.012468841 0.103371494 -0.994564652 -45.645534515 -0.151368946 0.983374417 0.100310706 -14.724128723 0.988398731 0.149295434 0.027908772 128.245468140
0.012297234 0.116605349 -0.993102193 -46.594501495 -0.146455780 0.982676506 0.113567702 -14.722503662 0.989140809 0.144048989 0.029161725 128.310623169
0.012547389 0.125686079 -0.991990626 -47.515747070 -0.146649837 0.981572628 0.122511171 -14.712562561 0.989108860 0.143938124 0.030748015 128.357925415
0.012514053 0.119838968 -0.992714405 -48.431365967 -0.146886393 0.982242405 0.116723172 -14.707560539 0.989074230 0.144355565 0.029894542 128.399871826
0.012519300 0.106276453 -0.994257748 -49.359397888 -0.146545798 0.983794034 0.103312738 -14.705977440 0.989124656 0.144410908 0.027890779 128.442993164
0.013178874 0.097442411 -0.995153904 -50.275939941 -0.147052839 0.984607697 0.094462328 -14.704570770 0.989040852 0.145095289 0.027305204 128.488647461
0.013536398 0.097458333 -0.995147645 -51.207054138 -0.145907968 0.984778464 0.094458140 -14.710947037 0.989205599 0.143921316 0.027550301 128.536468506
0.013309422 0.098824903 -0.995015740 -52.159915924 -0.149511680 0.984113634 0.095742226 -14.725318909 0.988670409 0.147492185 0.027873462 128.574707031
0.013907250 0.098404311 -0.995049298 -53.088634491 -0.154067189 0.983472526 0.095106125 -14.726907730 0.987962484 0.151981801 0.028838273 128.610321045
0.014147984 0.097977035 -0.995088041 -54.030952454 -0.155802235 0.983248293 0.094596118 -14.730178833 0.987686932 0.153698593 0.029176025 128.656631470
0.015071094 0.105274916 -0.994328916 -54.981765747 -0.164438814 0.981162727 0.101388529 -14.728271484 0.986272216 0.161978245 0.032098476 128.698608398
0.016590007 0.114704363 -0.993261099 -55.938858032 -0.170854926 0.979112267 0.110216707 -14.720067978 0.985156476 0.167875081 0.035841290 128.740219116
0.017937148 0.123053655 -0.992237926 -56.884078979 -0.171162575 0.978125691 0.118209302 -14.712387085 0.985079408 0.167713687 0.038606964 128.786560059
0.018725894 0.123988494 -0.992107034 -57.825725555 -0.172561005 0.977791131 0.118942291 -14.705818176 0.984820902 0.168971688 0.039705582 128.834960938
0.020363186 0.114267901 -0.993241310 -58.765132904 -0.174151078 0.978665352 0.109020598 -14.698927879 0.984508336 0.170754015 0.039828625 128.887329102
0.021219157 0.109324135 -0.993779659 -59.745326996 -0.172388315 0.979515553 0.104074165 -14.701870918 0.984800518 0.169107631 0.039630711 128.954498291
0.023463903 0.107699998 -0.993906498 -60.698551178 -0.171238527 0.979920506 0.102141932 -14.696409225 0.984950125 0.167798445 0.041435152 129.009857178
0.026933197 0.113895357 -0.993127644 -61.659858704 -0.172265947 0.979153752 0.107621029 -14.693212509 0.984682202 0.168183506 0.045992039 129.067031860
0.030468822 0.116014622 -0.992780089 -62.640106201 -0.175226033 0.978479564 0.108965732 -14.698080063 0.984056592 0.170640886 0.050141901 129.120086670
0.034228556 0.111078985 -0.993221939 -63.587051392 -0.175043121 0.979108870 0.103468262 -14.698434830 0.983965635 0.170315102 0.052957095 129.190902710
0.037559737 0.105526827 -0.993706822 -64.538154602 -0.174966857 0.979741693 0.097430468 -14.704654694 0.983857632 0.170206293 0.055262543 129.258728027
0.041089956 0.105413243 -0.993579209 -65.499137878 -0.172491819 0.980236650 0.096864179 -14.706945419 0.984153509 0.167404145 0.058460802 129.331649780
0.043797430 0.109621279 -0.993008018 -66.469360352 -0.170234412 0.980244279 0.100703940 -14.712371826 0.984429777 0.164633572 0.061593499 129.410415649
0.046515405 0.116375424 -0.992115438 -67.441978455 -0.169846624 0.979649842 0.106949933 -14.714806557 0.984372079 0.163532645 0.065334782 129.504653931
0.050060458 0.120213009 -0.991485178 -68.397773743 -0.167660922 0.979653418 0.110313185 -14.713104248 0.984572828 0.160711005 0.069196917 129.581802368
0.051747907 0.121839710 -0.991199851 -69.361656189 -0.167157352 0.979584038 0.111685023 -14.712911606 0.984571218 0.159906909 0.071057826 129.671386719
0.054073751 0.119419836 -0.991370201 -70.318351746 -0.165385351 0.980181396 0.109051183 -14.710393906 0.984745443 0.158061311 0.072752379 129.750442505
0.053569783 0.117744423 -0.991597950 -71.278045654 -0.163034156 0.980730414 0.107646264 -14.713996887 0.985165179 0.155897737 0.071733870 129.853240967
0.053888895 0.114060320 -0.992011249 -72.219711304 -0.159957290 0.981611609 0.104175232 -14.720343590 0.985651851 0.153065532 0.071142748 129.946609497
0.054242250 0.114345752 -0.991959035 -73.189643860 -0.158981204 0.981738329 0.104474165 -14.717830658 0.985790372 0.152035937 0.071430527 130.025024414
0.053832967 0.118857317 -0.991450906 -74.142974854 -0.155832455 0.981725574 0.109230161 -14.716657639 0.986315548 0.148620054 0.071371019 130.119110107
0.053064164 0.120121658 -0.991339922 -75.111053467 -0.150123522 0.982415855 0.111004554 -14.715122223 0.987242162 0.142933026 0.070164137 130.214126587
0.052121799 0.116447508 -0.991828203 -76.061607361 -0.147096187 0.983240247 0.107709140 -14.710848808 0.987747967 0.140280142 0.068377219 130.301086426
0.050788645 0.112787180 -0.992320180 -77.011764526 -0.148862377 0.983357966 0.104149491 -14.712117195 0.987552822 0.142429516 0.066733174 130.382522583
0.049582385 0.108924955 -0.992812634 -77.989440918 -0.145251200 0.984253585 0.100731872 -14.707601547 0.988151610 0.139212698 0.064623110 130.459487915
0.048648477 0.110227987 -0.992715120 -78.929130554 -0.145508751 0.984070718 0.102137439 -14.712191582 0.988160193 0.139479920 0.063912690 130.526168823
0.047456179 0.111483671 -0.992632508 -79.877571106 -0.145965770 0.983858526 0.103519864 -14.710480690 0.988150656 0.139977738 0.062962972 130.608764648
0.046703767 0.112651907 -0.992536306 -80.845977783 -0.148603663 0.983347535 0.104616448 -14.717816353 0.987793326 0.142608553 0.062666520 130.674423218
0.045241732 0.112834625 -0.992583275 -81.796875000 -0.148559853 0.983312249 0.105009384 -14.709559441 0.987868011 0.142707244 0.061249446 130.749664307
0.043186042 0.113409624 -0.992609203 -82.750122070 -0.148786485 0.983186781 0.105859712 -14.708781242 0.987925887 0.143115178 0.059333760 130.821350098
0.041213516 0.116531491 -0.992331564 -83.696388245 -0.148629740 0.982840240 0.109244026 -14.707668304 0.988033772 0.142987639 0.057826348 130.896377563
0.039800525 0.119996570 -0.991976202 -84.659103394 -0.149872229 0.982248962 0.112806648 -14.694077492 0.987904072 0.144179925 0.057078172 130.951553345
0.037404075 0.124504320 -0.991513848 -85.607528687 -0.150888890 0.981535673 0.117559224 -14.678825378 0.987842798 0.145211235 0.055499759 131.021575928
0.035602525 0.124419920 -0.991590738 -86.555824280 -0.151197791 0.981468737 0.117721193 -14.673111916 0.987862170 0.145735130 0.053754784 131.086425781
0.034022510 0.118702315 -0.992346823 -87.497489929 -0.151169404 0.982108712 0.112294830 -14.664181709 0.987922132 0.146191925 0.051357970 131.155334473
0.031875152 0.114530399 -0.992908180 -88.435256958 -0.155972064 0.981812596 0.108243413 -14.656515121 0.987247050 0.151415691 0.049158972 131.217727661
0.031593841 0.111900546 -0.993217051 -89.408866882 -0.154278114 0.982349873 0.105768658 -14.644284248 0.987522125 0.149890035 0.048300020 131.267562866
0.030578690 0.113067068 -0.993116677 -90.360496521 -0.150188774 0.982820690 0.107270434 -14.647287369 0.988184333 0.145874798 0.047034770 131.331649780
0.029926404 0.113965362 -0.993033826 -91.313812256 -0.146901324 0.983192623 0.108408839 -14.640134811 0.988698363 0.142633721 0.046165071 131.400680542
0.028807102 0.114071235 -0.993054748 -92.259017944 -0.142024547 0.983855128 0.108894542 -14.641469002 0.989443839 0.137901217 0.044542927 131.469039917
0.027698267 0.111163847 -0.993416011 -93.205192566 -0.137879252 0.984723151 0.106346786 -14.641256332 0.990061700 0.134025857 0.042602308 131.534210205
0.026689701 0.108043827 -0.993787766 -94.169601440 -0.132543430 0.985747039 0.103609979 -14.646616936 0.990817785 0.128954694 0.040629789 131.593566895
0.025741708 0.110484742 -0.993544400 -95.128684998 -0.130577132 0.985730290 0.106232673 -14.647204399 0.991103888 0.126999602 0.039801165 131.652008057
0.024474291 0.113027059 -0.993290484 -96.071548462 -0.130511060 0.985445857 0.108918697 -14.646359444 0.991144717 0.126969680 0.038869374 131.711822510
0.023081753 0.111106321 -0.993540466 -97.028594971 -0.125812367 0.986227095 0.107365638 -14.644080162 0.991785526 0.122521468 0.036742397 131.762481689
0.020138614 0.108217500 -0.993923187 -97.984565735 -0.123822287 0.986741304 0.104926676 -14.643826485 0.992100060 0.120956756 0.033271331 131.824142456
0.017144777 0.105779774 -0.994241774 -98.933761597 -0.122686908 0.987096071 0.102903895 -14.643248558 0.992297351 0.120216176 0.029901331 131.880126953
0.015025731 0.104158290 -0.994447291 -99.894676208 -0.116302513 0.987990737 0.101724759 -14.644426346 0.993100226 0.114128225 0.026959155 131.928390503
0.012280776 0.104252651 -0.994474947 -100.840797424 -0.110597402 0.988589466 0.102269873 -14.639309883 0.993789494 0.108730391 0.023670720 131.984893799
0.009512003 0.111445546 -0.993725121 -101.829322815 -0.100335293 0.988861024 0.109939650 -14.630891800 0.994908214 0.098659962 0.020587971 132.051849365
0.007006832 0.119849622 -0.992767274 -102.788185120 -0.092506476 0.988612175 0.118695080 -14.627524376 0.995687366 0.091005743 0.018013902 132.108474731
0.003357475 0.118652746 -0.992930174 -103.740280151 -0.088404320 0.989083290 0.117894113 -14.615552902 0.996079028 0.087383494 0.013810237 132.162506104
0.001177990 0.108986363 -0.994042575 -104.701980591 -0.089052953 0.990105212 0.108449161 -14.615802765 0.996026158 0.088394679 0.010871894 132.195007324
-0.001069224 0.099427946 -0.995044172 -105.649139404 -0.090873644 0.990917921 0.099113286 -14.611872673 0.995861888 0.090529263 0.007975866 132.234680176
-0.001148013 0.101250328 -0.994860351 -106.611480713 -0.098515354 0.990009964 0.100870386 -14.615582466 0.995134890 0.098124817 0.008838167 132.251556396
-0.001771948 0.110317886 -0.993894756 -107.580291748 -0.101513676 0.988742173 0.109926939 -14.597608566 0.994832575 0.101088680 0.009446776 132.287689209
-0.003224482 0.121935442 -0.992532790 -108.543876648 -0.105601400 0.986946702 0.121592231 -14.586188316 0.994403362 0.105204925 0.009694162 132.317733765
-0.005017621 0.123605296 -0.992318749 -109.495597839 -0.112346724 0.985979140 0.123383686 -14.573477745 0.993656397 0.112102851 0.008939380 132.352233887
-0.004034223 0.120620795 -0.992690384 -110.486106873 -0.119874164 0.985481858 0.120232068 -14.554162025 0.992780924 0.119482964 0.010483666 132.364852905
-0.004381108 0.116608903 -0.993168294 -111.439498901 -0.127868727 0.984959424 0.116209164 -14.539833069 0.991781473 0.127504289 0.010595419 132.393005371
-0.002202149 0.118644319 -0.992934406 -112.406661987 -0.132519513 0.984144807 0.117887974 -14.520033836 0.991177976 0.131842792 0.013555453 132.418548584
-0.000490631 0.119742177 -0.992804825 -113.390052795 -0.140708312 0.982919455 0.118619420 -14.498327255 0.990050972 0.139754131 0.016366469 132.443115234
0.000108021 0.122431323 -0.992476940 -114.354354858 -0.149966106 0.981255114 0.121030688 -14.480462074 0.988691092 0.148824826 0.018466545 132.465408325
0.000636934 0.124869265 -0.992173016 -115.331115723 -0.155585781 0.980103254 0.123250350 -14.458885193 0.987822175 0.154289499 0.020052142 132.491806030
0.000907502 0.124232791 -0.992252707 -116.299629211 -0.159636989 0.979546130 0.122495897 -14.445363998 0.987175345 0.158289060 0.020721089 132.529769897
0.002358699 0.114956394 -0.993367732 -117.253753662 -0.158666864 0.980829537 0.113128692 -14.447813988 0.987329304 0.157347724 0.020553255 132.566497803
0.003809033 0.103120394 -0.994661510 -118.205642700 -0.161749497 0.981634200 0.101150371 -14.435688019 0.986824512 0.160500735 0.020418748 132.605499268
