1.000000000 0.000000000 0.000000000 0.000000000 0.000000000 1.000000000 0.000000000 0.000000000 0.000000000 0.000000000 1.000000000 0.000000000
0.999997795 -0.001601565 -0.001361097 0.049727704 0.001598634 0.999996424 -0.002152250 -0.132421851 0.001364539 0.002150069 0.999996781 1.297513366
0.999997616 0.000036814 -0.002184203 0.106789701 -0.000050609 0.999980032 -0.006316090 -0.267419308 0.002183927 0.006316185 0.999977648 2.603674889
0.999996066 0.002484063 -0.001263444 0.148948878 -0.002493688 0.999967396 -0.007674506 -0.408009619 0.001244339 0.007677627 0.999969780 3.907336473
0.999983191 0.005798276 0.000314997 0.193075120 -0.005796145 0.999962747 -0.006390762 -0.546630859 -0.000352040 0.006388829 0.999979556 5.219633579
0.999975264 0.006614497 0.002365093 0.243719190 -0.006607450 0.999973774 -0.002975117 -0.692607045 -0.002384709 0.002959416 0.999992728 6.539740562
0.999960780 0.006840062 0.005620927 0.300325125 -0.006831149 0.999975383 -0.001603603 -0.830352902 -0.005631757 0.001565143 0.999982893 7.843650341
0.999944568 0.005118996 0.009198270 0.353472441 -0.005105749 0.999985874 -0.001463124 -0.964782834 -0.009205632 0.001416079 0.999956608 9.145948410
0.999913692 0.003816137 0.012566025 0.431121349 -0.003799235 0.999991834 -0.001368686 -1.100836039 -0.012571147 0.001320826 0.999920070 10.446022034
0.999871194 0.002645052 0.015830062 0.498993307 -0.002615166 0.999994695 -0.001908327 -1.243266582 -0.015835028 0.001866683 0.999872863 11.750928879
0.999813199 0.001574192 0.019261826 0.573979139 -0.001525712 0.999995589 -0.002531362 -1.380360723 -0.019265730 0.002501502 0.999811172 13.044571877
0.999748051 0.001471241 0.022397010 0.648058474 -0.001416950 0.999996006 -0.002439674 -1.532441020 -0.022400515 0.002407323 0.999746203 14.367409706
0.999674380 0.001303152 0.025486249 0.738277912 -0.001214491 0.999993145 -0.003493964 -1.669903040 -0.025490632 0.003461873 0.999669135 15.663146019
0.999576986 0.002275919 0.028992392 0.816243172 -0.002179153 0.999991894 -0.003368778 -1.807783961 -0.028999828 0.003304174 0.999573946 16.969463348
0.999488950 0.001853848 0.031912316 0.908881903 -0.001758885 0.999993920 -0.003003552 -1.945793390 -0.031917691 0.002945886 0.999486208 18.256690979
0.999417782 0.000231309 0.034118190 1.009871840 -0.000145751 0.999996960 -0.002510140 -2.088438272 -0.034118667 0.002503707 0.999414623 19.553180695
0.999357760 -0.002177633 0.035767369 1.105153680 0.002307302 0.999990940 -0.003584464 -2.228501558 -0.035759233 0.003664688 0.999353707 20.833147049
0.999313235 -0.001858928 0.037007820 1.208314180 0.002049330 0.999984860 -0.005107655 -2.377990484 -0.036997762 0.005179990 0.999301851 22.131210327
0.999264359 -0.001621200 0.038315315 1.287403464 0.001918072 0.999968469 -0.007712647 -2.520774126 -0.038301606 0.007780464 0.999235868 23.422492981
0.999241114 -0.001157071 0.038932256 1.400552869 0.001516725 0.999956548 -0.009209681 -2.662760973 -0.038919903 0.009261743 0.999199331 24.698150635
0.999213040 -0.000259478 0.039661694 1.502498388 0.000643141 0.999953151 -0.009660940 -2.809465647 -0.039657328 0.009678847 0.999166369 25.968578339
0.999178052 -0.001943226 0.040490035 1.601324797 0.002295332 0.999959946 -0.008651447 -2.955530882 -0.040471602 0.008737274 0.999142468 27.254173279
0.999162138 -0.004947849 0.040626269 1.701519608 0.005253190 0.999958694 -0.007412544 -3.099255562 -0.040587924 0.007619751 0.999146879 28.532182693
0.999186993 -0.006468873 0.039795600 1.797013521 0.006788020 0.999945819 -0.007889763 -3.245756388 -0.039742414 0.008153480 0.999176621 29.815917969
0.999190271 -0.008036906 0.039422754 1.890182137 0.008459758 0.999908268 -0.010571033 -3.386887074 -0.039334174 0.010895979 0.999166667 31.075496674
0.999232352 -0.008173180 0.038312729 2.009748936 0.008583318 0.999907494 -0.010552819 -3.534464359 -0.038222935 0.010873568 0.999210060 32.364250183
0.999246836 -0.008695657 0.037815541 2.105122566 0.009116953 0.999898076 -0.010982653 -3.677451849 -0.037716180 0.011319144 0.999224424 33.631572723
0.999258876 -0.009288990 0.037355624 2.201035023 0.009693903 0.999896049 -0.010672982 -3.826249361 -0.037252601 0.011027192 0.999245048 34.888557434
0.999268293 -0.009587388 0.037027325 2.291662693 0.010019551 0.999883592 -0.011503556 -3.967386723 -0.036912724 0.011866135 0.999248028 36.152503967
0.999318719 -0.010281706 0.035445478 2.419660091 0.010684870 0.999880075 -0.011203550 -4.123567104 -0.035326038 0.011574646 0.999308825 37.418857574
0.999312282 -0.009980435 0.035712026 2.509268284 0.010329520 0.999900460 -0.009603851 -4.267114162 -0.035612620 0.009966134 0.999316037 38.679573059
0.999296486 -0.009871510 0.036181565 2.624243498 0.010183739 0.999912322 -0.008455400 -4.402442932 -0.036094930 0.008817915 0.999309421 39.935459137
0.999213755 -0.011653002 0.037896983 2.732705832 0.011914733 0.999906600 -0.006687838 -4.546257496 -0.037815519 0.007134112 0.999259293 41.194576263
0.999106228 -0.012711117 0.040311970 2.823681355 0.013036434 0.999884427 -0.007817379 -4.684436321 -0.040207941 0.008335916 0.999156535 42.445671082
0.998977005 -0.014106825 0.042963579 2.921366215 0.014594370 0.999832392 -0.011055465 -4.828317642 -0.042800415 0.011671184 0.999015391 43.685760498
0.998885572 -0.015032615 0.044739675 3.028088093 0.015595694 0.999803185 -0.012263370 -4.969988346 -0.044546526 0.012947449 0.998923421 44.954116821
0.998767018 -0.015316023 0.047221094 3.152942181 0.015839072 0.999817133 -0.010722331 -5.105792522 -0.047048237 0.011457051 0.998826921 46.186630249
0.998561323 -0.016459439 0.051033497 3.259444714 0.016850924 0.999831676 -0.007250361 -5.259008408 -0.050905563 0.008099890 0.998670638 47.431690216
0.998288393 -0.019324278 0.055198420 3.369541883 0.019654844 0.999792039 -0.005452080 -5.393359661 -0.055081576 0.006527666 0.998460531 48.666156769
0.998060524 -0.021260427 0.058506820 3.509076595 0.021649085 0.999747515 -0.006016983 -5.524601936 -0.058364123 0.007271932 0.998268902 49.902896881
0.997762442 -0.024466608 0.062222257 3.636395693 0.025107360 0.999639273 -0.009536726 -5.658961296 -0.061966486 0.011077623 0.998016775 51.129901886
0.997505128 -0.025975933 0.065640926 3.784782887 0.026682468 0.999594808 -0.009909795 -5.786810875 -0.065356910 0.011636533 0.997794092 52.351291656
0.997165263 -0.028499916 0.069635704 3.913535595 0.029070372 0.999551535 -0.007192115 -5.923814774 -0.069399498 0.009196062 0.997546554 53.567993164
0.996872544 -0.031039327 0.072675601 4.069838047 0.031412009 0.999498546 -0.003990413 -6.058116913 -0.072515294 0.006260819 0.997347772 54.776535034
0.996633410 -0.033520214 0.074821226 4.219101429 0.033779684 0.999426901 -0.002204706 -6.186172962 -0.074704446 0.004724720 0.997194529 55.989189148
0.996471226 -0.036798701 0.075438477 4.381712914 0.036838502 0.999320984 0.000864282 -6.309138775 -0.075419068 0.001917809 0.997150004 57.205455780
0.996287942 -0.039807711 0.076326229 4.525711060 0.039742719 0.999207139 0.002370797 -6.434475422 -0.076360084 0.000671415 0.997080028 58.409652710
0.996262312 -0.041788716 0.075597294 4.678767681 0.041963950 0.999118865 -0.000730365 -6.559631824 -0.075500160 0.003899997 0.997138083 59.617500305
0.996272147 -0.043064784 0.074747778 4.824574947 0.043564510 0.999037743 -0.005067206 -6.684895039 -0.074457638 0.008304665 0.997189522 60.805507660
0.996290386 -0.043987859 0.073962241 4.957927704 0.044782918 0.998955071 -0.009124967 -6.810184002 -0.073483557 0.012403363 0.997219324 62.010704041
0.996342003 -0.045463625 0.072357990 5.103733063 0.046432957 0.998852074 -0.011770149 -6.939181805 -0.071739800 0.015086887 0.997309327 63.206699371
0.996456742 -0.045940906 0.070450969 5.233066082 0.046863548 0.998835087 -0.011499017 -7.074973583 -0.069840610 0.014759858 0.997448981 64.382286072
0.996659577 -0.045596611 0.067754045 5.364500046 0.046434764 0.998862386 -0.010846819 -7.207878113 -0.067182392 0.013956729 0.997643113 65.555984497
0.996927798 -0.044229515 0.064644448 5.483649731 0.044905096 0.998950422 -0.009034607 -7.343670845 -0.064177029 0.011909716 0.997867405 66.762718201
0.997325242 -0.040585514 0.060789682 5.605572701 0.041021790 0.999140561 -0.005945527 -7.467415333 -0.060496137 0.008423326 0.998132825 67.936279297
0.997587919 -0.038563766 0.057715338 5.724259853 0.038806006 0.999242008 -0.003081796 -7.597662926 -0.057552740 0.005314066 0.998328269 69.132690430
0.997795165 -0.037834600 0.054530267 5.833545685 0.038221821 0.999250829 -0.006075276 -7.731113434 -0.054259561 0.008146126 0.998493612 70.298110962
0.997988224 -0.038335152 0.050496746 5.950614929 0.039040528 0.999152362 -0.013056750 -7.859665394 -0.049953409 0.015001903 0.998638928 71.470031738
0.998022079 -0.041564826 0.047164943 6.055437565 0.042371571 0.998969972 -0.016235549 -7.997142315 -0.046441536 0.018201888 0.998755157 72.656227112
0.998063624 -0.044464879 0.043495141 6.156927109 0.044993032 0.998924077 -0.011239644 -8.130833626 -0.042948574 0.013174863 0.998990357 73.823791504
0.998040378 -0.049085390 0.038807046 6.266082764 0.049389701 0.998755515 -0.006921533 -8.252911568 -0.038419001 0.008824639 0.999222755 74.996757507
0.998102963 -0.050897986 0.034638405 6.359986305 0.051078275 0.998685122 -0.004339382 -8.370047569 -0.034372006 0.006100421 0.999390483 76.169174194
0.998295844 -0.049834527 0.030368131 6.444746971 0.049904153 0.998752773 -0.001538201 -8.501667976 -0.030253600 0.003051074 0.999537587 77.328987122
0.998412430 -0.049592268 0.026705287 6.531673431 0.049643908 0.998766184 -0.001273757 -8.619823456 -0.026609167 0.002597489 0.999642551 78.485527039
0.998599052 -0.047614507 0.023084596 6.614028931 0.047687054 0.998858929 -0.002601700 -8.750848770 -0.022934373 0.003698891 0.999730110 79.655143738
0.998705745 -0.046416443 0.020793900 6.669638634 0.046595242 0.998880208 -0.008198086 -8.869635582 -0.020390086 0.009156372 0.999750197 80.797088623
0.998619497 -0.049564745 0.017393602 6.747700691 0.049803991 0.998666406 -0.013602432 -8.994932175 -0.016696204 0.014449926 0.999756217 81.947807312
0.998466015 -0.053812049 0.013041001 6.827941418 0.053999726 0.998435795 -0.014493749 -9.124479294 -0.012240666 0.015175726 0.999809921 83.109336853
0.998503864 -0.053775929 0.009909979 6.879470348 0.053880189 0.998491347 -0.010572919 -9.259942055 -0.009326459 0.011091051 0.999894977 84.253593445
0.998491764 -0.054368179 0.007638494 6.936080933 0.054427706 0.998487115 -0.007814090 -9.386153221 -0.007202100 0.008218052 0.999940276 85.385139465
0.998644590 -0.051598791 0.006821462 6.985218525 0.051661827 0.998620272 -0.009414027 -9.513315201 -0.006326297 0.009753678 0.999932349 86.519386292
0.998813808 -0.048309121 0.006101772 7.041901588 0.048384491 0.998745799 -0.012874754 -9.640342712 -0.005472153 0.013154714 0.999898434 87.669853210
0.998880386 -0.047038149 0.005043467 7.093128681 0.047110897 0.998770416 -0.015432939 -9.769542694 -0.004311329 0.015653262 0.999868155 88.790275574
0.998801470 -0.048766166 0.004178848 7.143693447 0.048826378 0.998682559 -0.015776619 -9.900821686 -0.003403978 0.015961746 0.999866843 89.912483215
0.998787522 -0.049126275 0.003156574 7.195304871 0.049164765 0.998698592 -0.013562470 -10.028817177 -0.002486192 0.013701221 0.999903023 91.028335571
0.998697758 -0.050980572 0.001893496 7.254048347 0.050998144 0.998640120 -0.010820022 -10.152775764 -0.001339310 0.010902498 0.999939680 92.138168335
0.998721719 -0.050507247 0.001992044 7.302814484 0.050525188 0.998669446 -0.010317209 -10.275724411 -0.001468300 0.010404669 0.999944746 93.272689819
0.998697579 -0.051003408 0.001333246 7.350994110 0.051015910 0.998623192 -0.012205835 -10.409555435 -0.000708871 0.012257954 0.999924600 94.422370911
0.998688757 -0.051190730 0.000583152 7.409520149 0.051193561 0.998563945 -0.015781909 -10.535860062 0.000225573 0.015791066 0.999875247 95.522277832
0.998640597 -0.052124090 0.000047057 7.464158058 0.052117433 0.998497784 -0.016909286 -10.665225983 0.000834395 0.016888753 0.999856949 96.624641418
0.998639107 -0.052144840 0.000915828 7.503943920 0.052152794 0.998514891 -0.015759917 -10.795315742 -0.000092669 0.015786234 0.999875367 97.704528809
0.998651683 -0.051897466 0.001213131 7.556937695 0.051907144 0.998600066 -0.010174144 -10.913612366 -0.000683421 0.010223394 0.999947488 98.791755676
0.998729169 -0.050341245 0.002405449 7.607170582 0.050356824 0.998707354 -0.006930359 -11.032119751 -0.002053457 0.007042684 0.999973118 99.862609863
0.998805285 -0.048680503 0.004264635 7.663666248 0.048711255 0.998785317 -0.007431502 -11.140776634 -0.003897686 0.007630358 0.999963343 100.915359497
0.998886466 -0.046735626 0.006442453 7.706758499 0.046790984 0.998866558 -0.008728481 -11.264842033 -0.006027219 0.009020210 0.999941170 101.962562561
0.998871803 -0.046675667 0.008744683 7.762573242 0.046775591 0.998838067 -0.011594065 -11.375720978 -0.008193361 0.011990021 0.999894559 102.971343994
0.998773515 -0.048394408 0.010453580 7.828806877 0.048519492 0.998749375 -0.012062796 -11.493794441 -0.009856733 0.012555204 0.999872625 103.979209900
0.998680353 -0.049907580 0.012114424 7.896971703 0.050045643 0.998682141 -0.011374068 -11.611357689 -0.011530806 0.011965333 0.999861896 104.996795654
0.998660922 -0.049831320 0.013900553 7.957506180 0.049970958 0.998701751 -0.009885568 -11.723310471 -0.013389896 0.010566954 0.999854505 105.957069397
0.998589337 -0.050791100 0.015484986 8.012714386 0.050926894 0.998666167 -0.008504722 -11.830516815 -0.015032370 0.009281329 0.999843955 106.914932251
0.998526514 -0.051406123 0.017386531 8.069205284 0.051566780 0.998629749 -0.008921683 -11.934696198 -0.016904078 0.009805105 0.999809027 107.830726624
0.998503983 -0.051231805 0.019108839 8.129909515 0.051375162 0.998654246 -0.007088318 -12.034519196 -0.018719975 0.008059432 0.999792397 108.744827271
0.998519480 -0.050037183 0.021334628 8.183947563 0.050154720 0.998728931 -0.005010022 -12.130106926 -0.021056820 0.006072637 0.999759853 109.615348816
0.998481572 -0.050447475 0.022122679 8.249695778 0.050493054 0.998723269 -0.001506235 -12.234069824 -0.022018449 0.002620990 0.999754131 110.475593567
0.998446822 -0.050353203 0.023844447 8.307521820 0.050403886 0.998727679 -0.001528703 -12.323399544 -0.023737134 0.002728181 0.999714494 111.298377991
0.998441696 -0.049738847 0.025302706 8.355072021 0.049776282 0.998760045 -0.000851366 -12.411802292 -0.025228983 0.002109514 0.999679565 112.114128113
0.998540163 -0.047498856 0.025716955 8.408723831 0.047526464 0.998869896 -0.000462970 -12.491325378 -0.025665902 0.001684530 0.999669194 112.895195007
0.998663664 -0.044928111 0.025542021 8.447021484 0.044881389 0.998989463 0.002399911 -12.566163063 -0.025624035 -0.001250343 0.999670923 113.648895264
0.998754561 -0.044727575 0.022104539 8.498405457 0.044661358 0.998996258 0.003480494 -12.650450706 -0.022238024 -0.002488942 0.999749601 114.406623840
0.998864591 -0.044854533 0.016047742 8.532785416 0.044801667 0.998989403 0.003638729 -12.723575592 -0.016194735 -0.002915632 0.999864638 115.103027344
0.999060631 -0.042958159 0.005680287 8.558473587 0.042945594 0.999074757 0.002316592 -12.795516968 -0.005774546 -0.002070473 0.999981165 115.770896912
0.999165773 -0.040034492 -0.008058425 8.558149338 0.040030893 0.999198258 -0.000607134 -12.863503456 0.008076271 0.000284042 0.999967337 116.409027100
0.998864353 -0.038898204 -0.027511394 8.563323975 0.038836144 0.999241710 -0.002786948 -12.933720589 0.027598934 0.001715347 0.999617696 117.038658142
0.998061597 -0.037324212 -0.049798224 8.529649734 0.037129298 0.999298751 -0.004833807 -13.004152298 0.049943719 0.002975464 0.998747587 117.626235962
0.996343493 -0.035752367 -0.077596724 8.490749359 0.035328388 0.999352396 -0.006830238 -13.068869591 0.077790663 0.004063896 0.996961415 118.193656921
0.993368566 -0.033743773 -0.109910771 8.420186043 0.032966658 0.999417067 -0.008880397 -13.134860039 0.110146351 0.005198115 0.993901789 118.740447998
0.989044845 -0.029031146 -0.144732684 8.305522919 0.027833262 0.999559581 -0.010294965 -13.198740005 0.144967794 0.006153799 0.989417255 119.268676758
0.982756019 -0.022946086 -0.183477774 8.191457748 0.021490550 0.999719918 -0.009917768 -13.259166718 0.183653936 0.005803709 0.982973814 119.804550171
0.974134386 -0.017961718 -0.225254327 8.054925919 0.016655467 0.999831676 -0.007698114 -13.315299988 0.225354657 0.003747283 0.974269569 120.302474976
0.962722361 -0.013213473 -0.270168632 7.891405106 0.012008095 0.999909222 -0.006114007 -13.374217033 0.270224869 0.002641881 0.962793529 120.788543701
0.948289156 -0.007266543 -0.317324668 7.697589874 0.005334305 0.999961674 -0.006957549 -13.426815033 0.317363024 0.004905062 0.948291361 121.269111633
0.930984378 0.000472486 -0.365058959 7.462608337 -0.003559960 0.999963403 -0.007784490 -13.479623795 0.365041912 0.008546832 0.930951774 121.739364624
0.909911275 0.005092621 -0.414771855 7.218185425 -0.009511517 0.999917924 -0.008588905 -13.531059265 0.414694011 0.011760250 0.909884870 122.162048340
0.884657145 0.009537416 -0.466144621 6.945728302 -0.014473821 0.999870658 -0.007011101 -13.590072632 0.466017395 0.012949316 0.884680748 122.586715698
0.855629563 0.012526143 -0.517437220 6.658538818 -0.018878723 0.999797106 -0.007014551 -13.632356644 0.517244339 0.015770407 0.855692506 122.981849670
0.823942542 0.022295663 -0.566234827 6.333694458 -0.029759718 0.999549329 -0.003946560 -13.677163124 0.565891623 0.020102726 0.824234545 123.357048035
0.789677441 0.035340633 -0.612503529 5.987640381 -0.042614996 0.999087870 0.002704133 -13.723273277 0.612040460 0.023966443 0.790463150 123.715347290
0.754367054 0.044120740 -0.654968500 5.627250671 -0.053809773 0.998537183 0.005288618 -13.758919716 0.654243708 0.031254154 0.755637705 124.013420105
0.714650095 0.048451420 -0.697802067 5.262733459 -0.061017651 0.998113573 0.006812441 -13.815142632 0.696815729 0.037709747 0.716258228 124.307090759
0.671963155 0.049915601 -0.738900483 4.887752533 -0.063504457 0.997934818 0.009662814 -13.855676651 0.737856865 0.040430430 0.673745215 124.593811035
0.627862453 0.053324029 -0.776495457 4.485671997 -0.066929646 0.997653961 0.014393268 -13.883426666 0.775441229 0.042933580 0.629958391 124.859626770
0.582507968 0.062572390 -0.810412943 4.055809021 -0.077810004 0.996746421 0.021031074 -13.927460670 0.809092164 0.050807469 0.585481405 125.098152161
0.537502587 0.071018800 -0.840266228 3.599521637 -0.089517564 0.995622277 0.026886690 -13.945161819 0.838497221 0.060766920 0.541507006 125.306434631
0.490785033 0.076214969 -0.867940843 3.151645660 -0.095194906 0.994893670 0.033534020 -13.969550133 0.866064668 0.066165552 0.495534241 125.498191833
0.443571895 0.077508867 -0.892880917 2.688388824 -0.094378181 0.994753838 0.039466333 -13.995069504 0.891255736 0.066762343 0.448559970 125.677169800
0.395631015 0.079703912 -0.914944530 2.214153290 -0.091934845 0.994660258 0.046894688 -14.020895004 0.913796544 0.065562285 0.400846004 125.856964111
0.350438744 0.081992336 -0.932989776 1.720481873 -0.093444273 0.994251192 0.052277606 -14.038764000 0.931912482 0.068862446 0.356085807 125.995773315
0.306872457 0.085450828 -0.947906792 1.221321106 -0.099090017 0.993417263 0.057474360 -14.058825493 0.946578324 0.076290816 0.313319743 126.111442566
0.265317678 0.086798996 -0.960246086 0.701677322 -0.103726946 0.992728770 0.061075270 -14.075208664 0.958565235 0.083399042 0.272391886 126.213523865
0.225700647 0.082911082 -0.970662117 0.174921036 -0.103678651 0.992757440 0.060690809 -14.088229179 0.968664050 0.086938985 0.232662097 126.317214966
0.190401390 0.078245528 -0.978583157 -0.356880188 -0.098807529 0.993284106 0.060196176 -14.114467621 0.976721227 0.085229948 0.196853906 126.409912109
0.160066307 0.073187634 -0.984389424 -0.904960632 -0.096029796 0.993671775 0.058262881 -14.135166168 0.982424080 0.085204773 0.166081548 126.488967896
0.133520499 0.071560316 -0.988459170 -1.472471237 -0.097171061 0.993529141 0.058801547 -14.154113770 0.986270785 0.088198416 0.139610082 126.556182861
0.111570641 0.070829540 -0.991229117 -2.060476303 -0.097457595 0.993428290 0.060017075 -14.167280197 0.988966167 0.089906663 0.117740326 126.613319397
0.093322188 0.072291888 -0.993008018 -2.657485962 -0.100028716 0.992994964 0.062890314 -14.182691574 0.990598381 0.093460239 0.099899709 126.663528442
0.076701626 0.070389301 -0.994566262 -3.268387794 -0.100554772 0.992965162 0.062521137 -14.204895973 0.991970539 0.095212922 0.083240017 126.724708557
0.062452246 0.069275655 -0.995640814 -3.887417316 -0.099617295 0.993039191 0.062846094 -14.234981537 0.993064046 0.095258169 0.068918601 126.776023865
0.050235614 0.067015156 -0.996486425 -4.526482582 -0.095306806 0.993514597 0.062010612 -14.257993698 0.994179487 0.091856807 0.056296818 126.818939209
0.038695354 0.064311266 -0.997179389 -5.178238869 -0.093035214 0.993823946 0.060484655 -14.272601128 0.994910598 0.090432316 0.044439591 126.850631714
0.027787672 0.063126840 -0.997618616 -5.841936588 -0.092023224 0.993927538 0.060330052 -14.291410446 0.995369017 0.090127654 0.033428069 126.892158508
0.018174712 0.064625539 -0.997744143 -6.512342453 -0.095441401 0.993464112 0.062609777 -14.313473701 0.995269179 0.094088160 0.024223877 126.912475586
0.009923106 0.064575620 -0.997863531 -7.189283371 -0.098377235 0.993134439 0.063291267 -14.341051102 0.995099783 0.097538993 0.016207749 126.924346924
0.003095655 0.063994832 -0.997945428 -7.883172989 -0.100453980 0.992922246 0.063361101 -14.361872673 0.994936883 0.100051448 0.009502277 126.946586609
-0.001809509 0.064734951 -0.997900844 -8.581800461 -0.101253115 0.992762089 0.064585194 -14.378895760 0.994859099 0.101157449 0.004758202 126.961059570
-0.005620703 0.067049034 -0.997733891 -9.305545807 -0.103533305 0.992348492 0.067270391 -14.397284508 0.994610131 0.103676796 0.001364113 126.984718323
-0.006530515 0.071346924 -0.997430205 -10.036217690 -0.105636992 0.991820991 0.071637332 -14.425729752 0.994383276 0.105833359 0.001059772 126.988845825
-0.007010835 0.074348837 -0.997207642 -10.768642426 -0.108734593 0.991262376 0.074670039 -14.436540604 0.994046092 0.108954489 0.001134716 126.990371704
-0.007651371 0.079901762 -0.996773303 -11.510092735 -0.113365941 0.990306914 0.080253616 -14.444073677 0.993523896 0.113614202 0.001480934 126.998542786
-0.008639907 0.083776586 -0.996447086 -12.251034737 -0.116579868 0.989604771 0.084212139 -14.458485603 0.993143678 0.116893254 0.001216570 127.004249573
-0.010285767 0.084364004 -0.996381938 -12.995326996 -0.116226569 0.989579916 0.084987894 -14.477368355 0.993169487 0.116680220 -0.000373249 127.028350830
-0.011951718 0.081409730 -0.996609092 -13.738331795 -0.113852136 0.990087748 0.082242399 -14.496842384 0.993425786 0.114448994 -0.002564578 127.051353455
-0.013334775 0.077755272 -0.996883333 -14.500193596 -0.117586985 0.989932299 0.078786008 -14.501155853 0.992973030 0.118271105 -0.004057518 127.062103271
-0.014502291 0.079319611 -0.996743739 -15.269773483 -0.122429557 0.989207029 0.080501139 -14.511424065 0.992371261 0.123198330 -0.004634704 127.063774109
-0.016288925 0.082953259 -0.996420145 -16.038053513 -0.119429536 0.989256501 0.084309228 -14.526141167 0.992709041 0.120375328 -0.006206857 127.079986572
-0.018218640 0.082886159 -0.996392548 -16.814147949 -0.118732870 0.989326775 0.084469371 -14.543476105 0.992759168 0.119843453 -0.008182878 127.091667175
-0.019464975 0.082096741 -0.996434212 -17.604269028 -0.121538989 0.989037693 0.083861560 -14.555488586 0.992395699 0.122737966 -0.009273638 127.095146179
-0.019999510 0.081841283 -0.996444643 -18.391546249 -0.126221895 0.988463044 0.083719105 -14.561347008 0.991800308 0.127447471 -0.009438613 127.094154358
-0.021159630 0.086358272 -0.996039450 -19.197122574 -0.128037810 0.987824798 0.088366054 -14.568964958 0.991543531 0.129400507 -0.009844880 127.098197937
-0.021486342 0.090500824 -0.995664597 -20.008665085 -0.126494199 0.987645030 0.092501611 -14.576399803 0.991734564 0.127933308 -0.009773051 127.109977722
-0.020635111 0.092985399 -0.995453596 -20.828979492 -0.127880335 0.987241864 0.094869219 -14.591381073 0.991574943 0.129256576 -0.008480842 127.121139526
-0.018541552 0.091681138 -0.995615721 -21.647199631 -0.127323747 0.987463117 0.093301579 -14.596827507 0.991687894 0.128495455 -0.006635915 127.129974365
-0.017596522 0.091620766 -0.995638430 -22.478088379 -0.127392769 0.987471342 0.093120709 -14.600524902 0.991696358 0.128475755 -0.005704237 127.142982483
-0.017570993 0.090851828 -0.995709419 -23.315050125 -0.125753820 0.987754226 0.092345111 -14.608531952 0.991905868 0.126836866 -0.005930857 127.166030884
-0.016794709 0.092854470 -0.995538116 -24.153522491 -0.126704291 0.987453997 0.094237961 -14.614912033 0.991798341 0.127721667 -0.004818941 127.184242249
-0.016251378 0.094907828 -0.995353460 -24.991439819 -0.128378302 0.987047315 0.096211888 -14.616476059 0.991592169 0.129345417 -0.003856771 127.201103210
-0.016137704 0.097466931 -0.995107889 -25.870956421 -0.131256402 0.986418426 0.098744415 -14.618275642 0.991217077 0.132207796 -0.003125374 127.213790894
-0.014653767 0.098545060 -0.995024681 -26.738029480 -0.133513242 0.986027420 0.099620245 -14.615470886 0.990938723 0.134308815 -0.001291947 127.226249695
-0.012864349 0.101781555 -0.994723618 -27.605047226 -0.140228301 0.984791100 0.102578774 -14.615973473 0.990035594 0.140808016 0.001603959 127.240730286
-0.010559209 0.105515026 -0.994361758 -28.486373901 -0.144818351 0.983771682 0.105929136 -14.610119820 0.989401937 0.145120353 0.004892663 127.257858276
-0.008573509 0.107336707 -0.994185746 -29.360988617 -0.147340551 0.983234763 0.107424997 -14.605053902 0.989048719 0.147404894 0.007385278 127.289428711
-0.004798104 0.108292922 -0.994107425 -30.260274887 -0.146385431 0.983333588 0.107825823 -14.606857300 0.989215970 0.146040231 0.011134372 127.311721802
-0.002352297 0.108287118 -0.994116902 -31.150831223 -0.148989379 0.982986033 0.107427210 -14.601033211 0.988835990 0.148365557 0.013821359 127.342491150
0.000109049 0.112004951 -0.993707597 -32.053153992 -0.149591133 0.982528329 0.110728443 -14.593085289 0.988747895 0.148637801 0.016862091 127.372444153
0.002500034 0.114115775 -0.993464291 -32.966690063 -0.148546472 0.982487619 0.112481117 -14.585658073 0.988902211 0.147294432 0.019407753 127.414085388
0.004197005 0.115573227 -0.993290067 -33.861038208 -0.149305090 0.982237339 0.113656320 -14.582973480 0.988782287 0.147826254 0.021378126 127.454444885
0.006671533 0.113697164 -0.993493021 -34.763702393 -0.150625855 0.982293725 0.111404009 -14.575166702 0.988568306 0.148902506 0.023679141 127.485229492
0.006765201 0.114998013 -0.993342698 -35.675998688 -0.155320197 0.981430352 0.112561136 -14.564853668 0.987840950 0.153524727 0.024501093 127.526550293
0.007598006 0.115750857 -0.993249238 -36.569637299 -0.156165704 0.981227875 0.113155305 -14.560555458 0.987701595 0.154251710 0.025531691 127.564575195
0.008145181 0.112291329 -0.993641973 -37.468769073 -0.156562075 0.981563389 0.109642953 -14.557491302 0.987634540 0.154673606 0.025575582 127.597694397
0.008871122 0.108136103 -0.994096458 -38.379993439 -0.157682702 0.981849134 0.105396718 -14.556704521 0.987450004 0.155816838 0.025761295 127.640693665
0.009449412 0.107352063 -0.994176149 -39.275516510 -0.157247856 0.982010067 0.104543746 -14.551494598 0.987513959 0.155344218 0.026160296 127.681571960
0.009168957 0.111390412 -0.993734479 -40.185306549 -0.159621015 0.981196284 0.108512193 -14.544713974 0.987135768 0.157625958 0.026776800 127.720695496
0.009712120 0.117884897 -0.992979765 -41.113395691 -0.160698012 0.980303645 0.114808239 -14.532867432 0.986955762 0.158454821 0.028464692 127.752952576
0.009756663 0.116519757 -0.993140459 -42.008312225 -0.158512145 0.980809927 0.113515846 -14.532124519 0.987308860 0.156317264 0.028039228 127.798904419
0.010627064 0.106138915 -0.994294465 -42.897304535 -0.157750070 0.982077062 0.103148684 -14.537435532 0.987421811 0.155753866 0.027180016 127.842330933
0.010928173 0.095610298 -0.995358765 -43.832279205 -0.159509003 0.982838511 0.092656374 -14.540647507 0.987136006 0.157756120 0.025991336 127.885055542
0.009811893 0.092637479 -0.995651484 -44.732238770 -0.156123310 0.983630478 0.089980476 -14.548223495 0.987688839 0.154561520 0.024114151 127.931907654
0.009727876 0.102565557 -0.994678676 -45.656780243 -0.148972347 0.983773530 0.099984139 -14.548924446 0.988793492 0.147206962 0.024849454 127.979675293
0.010025554 0.115889080 -0.993211567 -46.597721100 -0.144199461 0.983047009 0.113247491 -14.545818329 0.989497840 0.142085180 0.026566731 128.033782959
0.010201598 0.124750443 -0.992135704 -47.519283295 -0.144504145 0.981956244 0.121984638 -14.535812378 0.989451587 0.142123267 0.028044481 128.079299927
0.009908846 0.119223505 -0.992818058 -48.436595917 -0.144635767 0.982596576 0.116552509 -14.532566071 0.989435315 0.142442077 0.026980380 128.120239258
0.010084183 0.105732389 -0.994343400 -49.348941803 -0.144494742 0.984111488 0.103178971 -14.530439377 0.989454210 0.142636925 0.025201732 128.158477783
0.010586939 0.096819840 -0.995245576 -50.262638092 -0.145095035 0.984916329 0.094271533 -14.529159546 0.989361167 0.143407121 0.024475325 128.201446533
0.010953954 0.096923947 -0.995231509 -51.187656403 -0.144275784 0.985029936 0.094342470 -14.537075996 0.989476800 0.142554432 0.024773752 128.247406006
0.010470293 0.098387063 -0.995093167 -52.133914948 -0.147254273 0.984449744 0.095785327 -14.551582336 0.989043176 0.145528868 0.024795394 128.287246704
0.010974461 0.097933769 -0.995132446 -53.061599731 -0.151911214 0.983804166 0.095143624 -14.553628922 0.988333106 0.150127620 0.025673959 128.320861816
0.011437785 0.097456239 -0.995174110 -54.000556946 -0.153585777 0.983600557 0.094557665 -14.556492805 0.988069177 0.151763067 0.026218103 128.361007690
0.012173749 0.104911536 -0.994407058 -54.964164734 -0.162398860 0.981484652 0.101560086 -14.556192398 0.986650109 0.160254166 0.028985862 128.402313232
0.013591574 0.114331543 -0.993349612 -55.905067444 -0.167806536 0.979612648 0.110454433 -14.547319412 0.985726237 0.165189311 0.032500058 128.440292358
0.014687732 0.122915335 -0.992308497 -56.861038208 -0.168172240 0.978581786 0.118725829 -14.543663025 0.985648215 0.165134937 0.035044096 128.483764648
0.015792824 0.123506427 -0.992218077 -57.814109802 -0.170025617 0.978221059 0.119057916 -14.533035278 0.985312998 0.166822255 0.036448129 128.529510498
0.017676596 0.113733530 -0.993354023 -58.765914917 -0.171759531 0.979085386 0.109043419 -14.528532982 0.984980285 0.168690518 0.036841717 128.571060181
0.018940229 0.108699709 -0.993894160 -59.703155518 -0.170142785 0.979923487 0.103929453 -14.522197723 0.985237420 0.167135492 0.037054449 128.625320435
0.020916870 0.106989250 -0.994040132 -60.675148010 -0.168499634 0.980412424 0.101976886 -14.518972397 0.985479891 0.165362358 0.038534809 128.680633545
0.024163414 0.112914488 -0.993310869 -61.635581970 -0.170085520 0.979579270 0.107216045 -14.515746117 0.985132992 0.166357085 0.042875100 128.741821289
0.027459363 0.115346320 -0.992945850 -62.602313995 -0.172948152 0.978888631 0.108930595 -14.520406723 0.984548092 0.168736920 0.046828594 128.798660278
0.031407800 0.110137165 -0.993420005 -63.558933258 -0.172019526 0.979675531 0.103174813 -14.517887115 0.984592795 0.167647094 0.049715195 128.858230591
0.034534231 0.104407705 -0.993934810 -64.512939453 -0.172080144 0.980295956 0.096996099 -14.523056030 0.984477460 0.167686760 0.051820256 128.922683716
0.038181439 0.103985108 -0.993845761 -65.471351624 -0.169724643 0.980794787 0.096099138 -14.519783020 0.984751582 0.165010914 0.055096988 128.993499756
0.039875455 0.108679287 -0.993276775 -66.433914185 -0.166924700 0.980822384 0.100615352 -14.539886475 0.985162973 0.161790356 0.057252008 129.087783813
0.043426845 0.115275756 -0.992383778 -67.392723083 -0.166394472 0.980281413 0.106588490 -14.538108826 0.985102654 0.160498410 0.061751772 129.164657593
0.046277285 0.119290717 -0.991780341 -68.358245850 -0.164183274 0.980250120 0.110242948 -14.541726112 0.985343754 0.157731995 0.064948864 129.243331909
0.048303470 0.121232085 -0.991448283 -69.336585999 -0.163841546 0.980123580 0.111864969 -14.542698860 0.985303402 0.157036945 0.067206226 129.324615479
0.050572298 0.118154146 -0.991706610 -70.284408569 -0.162402958 0.980733871 0.108565055 -14.537325859 0.985427678 0.155565634 0.068786532 129.394668579
0.051243819 0.116996549 -0.991809368 -71.230163574 -0.160412550 0.981183529 0.107455067 -14.540728569 0.985719025 0.153592229 0.069047309 129.481475830
0.052093811 0.113440387 -0.992178082 -72.174606323 -0.157412902 0.982039571 0.104016319 -14.548521042 0.986157894 0.150763020 0.069015153 129.567214966
0.051456328 0.112726361 -0.992292821 -73.173126221 -0.155889019 0.982335985 0.103511460 -14.536501884 0.986433327 0.149361208 0.068120204 129.652923584
0.051395867 0.117420480 -0.991751492 -74.127388000 -0.152647749 0.982318521 0.108392939 -14.536502838 0.986943245 0.145817667 0.068411089 129.735794067
0.051049057 0.118762851 -0.991609454 -75.089256287 -0.146642953 0.983033419 0.110186383 -14.536783218 0.987871289 0.139787629 0.067598656 129.832260132
0.050200339 0.114596926 -0.992142916 -76.047393799 -0.143923208 0.983856738 0.106357619 -14.526861191 0.988314688 0.137453184 0.065883100 129.912673950
0.048678782 0.110996515 -0.992627859 -77.009353638 -0.146332443 0.983875215 0.102841586 -14.529298782 0.988037050 0.140247464 0.064136244 129.986602783
0.047592960 0.108006082 -0.993010402 -77.957862854 -0.142803013 0.984660625 0.100253657 -14.528960228 0.988606215 0.137033477 0.062286511 130.067535400
0.046041161 0.108704634 -0.993007362 -78.922920227 -0.142955288 0.984546781 0.101150289 -14.529184341 0.988657713 0.137298569 0.060869589 130.139678955
0.045444507 0.109921515 -0.992900789 -79.874725342 -0.144320726 0.984222949 0.102355339 -14.530655861 0.988486886 0.138644665 0.060591478 130.210418701
0.043818790 0.110116653 -0.992952287 -80.828315735 -0.145855740 0.983962595 0.102683105 -14.531699181 0.988334954 0.140328348 0.059177190 130.286727905
0.043091759 0.111233234 -0.992859602 -81.780784607 -0.145671442 0.983861804 0.103902794 -14.534276962 0.988394082 0.140153989 0.058599841 130.347824097
0.041110519 0.111647658 -0.992897153 -82.745491028 -0.145787880 0.983772218 0.104585297 -14.535418510 0.988461316 0.140452787 0.056720261 130.416198730
0.038664874 0.113323115 -0.992805541 -83.691329956 -0.144967988 0.983673275 0.106634945 -14.522828102 0.988680601 0.139802009 0.054461829 130.498291016
0.037154905 0.117105097 -0.992424190 -84.645645142 -0.146309182 0.983045578 0.110520817 -14.514974594 0.988540888 0.141094372 0.053658519 130.556716919
0.035050571 0.121905014 -0.991922617 -85.595466614 -0.147498101 0.982294083 0.115509704 -14.504220009 0.988441050 0.142258033 0.052410722 130.621429443
0.032923322 0.121762283 -0.992013037 -86.548339844 -0.147759467 0.982237279 0.115658484 -14.499383926 0.988475204 0.142771482 0.050330047 130.682815552
0.032057110 0.116743915 -0.992644548 -87.492980957 -0.147899508 0.982775450 0.110806867 -14.494938850 0.988482714 0.143259510 0.048771307 130.741546631
0.029438708 0.111833259 -0.993290842 -88.440162659 -0.152031124 0.982661068 0.106130622 -14.481956482 0.987937212 0.147886798 0.045930400 130.802429199
0.028329369 0.109636962 -0.993567824 -89.383522034 -0.149881512 0.983195782 0.104218870 -14.478767395 0.988298118 0.145965010 0.044285864 130.866302490
0.027758917 0.111001104 -0.993432462 -90.346191406 -0.145199239 0.983723044 0.105858989 -14.480918884 0.989012957 0.141307116 0.043424364 130.919708252
0.027074557 0.112373695 -0.993297100 -91.294906616 -0.142220572 0.983986259 0.107443817 -14.479010582 0.989464641 0.138358265 0.042622846 130.981323242
0.026103023 0.112061813 -0.993358433 -92.246757507 -0.136884391 0.984737575 0.107492328 -14.479053497 0.990243077 0.133169353 0.041044146 131.046737671
0.024806114 0.109251514 -0.993704557 -93.188507080 -0.132910118 0.985546708 0.105036728 -14.481744766 0.990817666 0.129467875 0.038968213 131.110580444
0.024285220 0.106130406 -0.994055569 -94.133651733 -0.127797887 0.986520290 0.102203719 -14.485293388 0.991502941 0.124556176 0.037521094 131.170486450
0.022216786 0.108975641 -0.993796110 -95.113517761 -0.126259059 0.986388326 0.105340764 -14.492531776 0.991748452 0.123135433 0.035673544 131.227645874
0.020940322 0.111288071 -0.993567586 -96.062156677 -0.125636548 0.986200452 0.107814997 -14.489534378 0.991855383 0.122570708 0.034633204 131.282989502
0.019552888 0.109129742 -0.993835270 -97.020835876 -0.121466585 0.986921489 0.105980806 -14.486338615 0.992402911 0.118645541 0.032552786 131.332519531
0.017421361 0.106300943 -0.994181395 -97.971023560 -0.118644632 0.987526715 0.103510350 -14.487171173 0.992783904 0.116150990 0.029816097 131.380905151
0.013740197 0.103696421 -0.994514108 -98.936004639 -0.117127642 0.987927556 0.101391442 -14.483780861 0.993021786 0.115091950 0.025720038 131.436691284
0.011197669 0.103041761 -0.994613886 -99.890838623 -0.111636460 0.988586724 0.101160511 -14.494542122 0.993686020 0.109902419 0.022573086 131.483489990
0.008888483 0.102945983 -0.994647264 -100.849052429 -0.104879424 0.989296317 0.101454929 -14.486860275 0.994445264 0.103416242 0.019590257 131.526428223
0.006282564 0.110686257 -0.993835509 -101.817359924 -0.094812863 0.989443719 0.109597757 -14.484354019 0.995475292 0.093539834 0.016710727 131.588073730
0.003655946 0.118797950 -0.992911696 -102.775642395 -0.086754680 0.989212275 0.118035920 -14.479303360 0.996223032 0.085708201 0.013922784 131.642257690
0.000808575 0.118278027 -0.992980242 -103.729591370 -0.082538493 0.989600182 0.117808208 -14.471540451 0.996587574 0.081863835 0.010562656 131.686935425
-0.001835702 0.108582579 -0.994085729 -104.681091309 -0.083373778 0.990609646 0.108356863 -14.474253654 0.996516764 0.083079576 0.007234476 131.717025757
-0.003954705 0.099066041 -0.995073080 -105.629890442 -0.085202336 0.991428912 0.099041864 -14.470702171 0.996355772 0.085174233 0.004519850 131.752716064
-0.004685416 0.100742988 -0.994901419 -106.582656860 -0.092336804 0.990618229 0.100744143 -14.473192215 0.995716751 0.092338063 0.004660829 131.777450562
-0.005333894 0.110262886 -0.993888080 -107.547622681 -0.096045412 0.989250779 0.110263854 -14.462183952 0.995362639 0.096046530 0.005313685 131.805755615
-0.006817237 0.121531732 -0.992564142 -108.510253906 -0.099963263 0.987532377 0.121602215 -14.448384285 0.994967818 0.100048929 0.005416465 131.832946777
-0.008326442 0.123435147 -0.992317677 -109.452545166 -0.107123807 0.986531258 0.123614252 -14.438391685 0.994210780 0.107330106 0.005008548 131.863281250
-0.008103218 0.120113693 -0.992727101 -110.438865662 -0.114174761 0.986156046 0.120250605 -14.416120529 0.993427634 0.114318781 0.005722913 131.878143311
-0.008286575 0.116168976 -0.993194878 -111.393569946 -0.122240193 0.985662162 0.116307788 -14.402575493 0.992465973 0.122372121 0.006032751 131.899841309
-0.005595668 0.118054092 -0.992991447 -112.360069275 -0.126852289 0.984900951 0.117807075 -14.380914688 0.991905868 0.126622409 0.009464252 131.917572021
-0.004480908 0.119150892 -0.992865980 -113.334182739 -0.135151267 0.983693957 0.118660122 -14.362550735 0.990814865 0.134718791 0.011695550 131.943542480
-0.003966551 0.121568955 -0.992575109 -114.298286438 -0.144248545 0.982132137 0.120866388 -14.343255997 0.989533603 0.143656924 0.013640466 131.963424683
-0.003625985 0.124150001 -0.992256820 -115.272216797 -0.149872318 0.980988503 0.123287790 -14.323497772 0.988698721 0.149158865 0.015049600 131.987625122
-0.003868293 0.123524323 -0.992333949 -116.257194519 -0.153810039 0.980459332 0.122645751 -14.312040329 0.988092780 0.153105378 0.015206577 132.033996582
-0.002557045 0.114059612 -0.993470609 -117.210525513 -0.153027639 0.981727898 0.113105334 -14.314008713 0.988218546 0.152317673 0.014943950 132.067871094
-0.000871617 0.102505237 -0.994732082 -118.163887024 -0.155999541 0.982540071 0.101385571 -14.303093910 0.987756729 0.155266136 0.015134368 132.099929810
