1.000000000 0.000000000 0.000000000 0.000000000 0.000000000 1.000000000 0.000000000 0.000000000 0.000000000 0.000000000 1.000000000 0.000000000
0.999997795 -0.001548550 -0.001426879 0.051507227 0.001545543 0.999996603 -0.002106311 -0.132340506 0.001430135 0.002104102 0.999996781 1.297167182
0.999997675 0.000016942 -0.002160189 0.104592636 -0.000030503 0.999980271 -0.006278179 -0.268256724 0.002160040 0.006278231 0.999977946 2.600939989
0.999996245 0.002413686 -0.001301473 0.146540165 -0.002423780 0.999966562 -0.007810549 -0.406989247 0.001282578 0.007813674 0.999968648 3.904491663
0.999983907 0.005668244 0.000244945 0.191628247 -0.005666526 0.999962687 -0.006523768 -0.545740545 -0.000281914 0.006522274 0.999978662 5.217145443
0.999974966 0.006590111 0.002570620 0.238223642 -0.006581881 0.999973238 -0.003196587 -0.691662550 -0.002591617 0.003179587 0.999991596 6.529808521
0.999959886 0.006799432 0.005818765 0.296756208 -0.006788060 0.999975085 -0.001971878 -0.827760756 -0.005832027 0.001932300 0.999981105 7.833133221
0.999941587 0.005454839 0.009325513 0.351229191 -0.005437684 0.999983490 -0.001863889 -0.961335123 -0.009335524 0.001813071 0.999954700 9.139168739
0.999911547 0.004112725 0.012647285 0.429631114 -0.004091516 0.999990106 -0.001702321 -1.098592877 -0.012654164 0.001650424 0.999918520 10.439270020
0.999868453 0.002804837 0.015976349 0.496978581 -0.002764850 0.999992967 -0.002524437 -1.234523773 -0.015983319 0.002479933 0.999869108 11.748438835
0.999810040 0.001799264 0.019405587 0.572391748 -0.001733897 0.999992728 -0.003384778 -1.369729519 -0.019411536 0.003350488 0.999805927 13.041047096
0.999743819 0.001798419 0.022559058 0.647580266 -0.001725876 0.999993265 -0.003234783 -1.519177079 -0.022564722 0.003195020 0.999740303 14.360909462
0.999659121 0.001726860 0.026049709 0.732186735 -0.001617620 0.999989808 -0.004214002 -1.657992482 -0.026056720 0.004170428 0.999651790 15.656184196
0.999568462 0.002715220 0.029246684 0.810966492 -0.002592136 0.999987602 -0.004245552 -1.794562697 -0.029257851 0.004167910 0.999563158 16.957595825
0.999472558 0.002203542 0.032399997 0.901162624 -0.002083753 0.999990821 -0.003730501 -1.934186459 -0.032407917 0.003661020 0.999468029 18.244306564
0.999403834 0.000851330 0.034515142 0.997594357 -0.000728707 0.999993384 -0.003565175 -2.076507807 -0.034517948 0.003537898 0.999397814 19.550006866
0.999351799 -0.001845094 0.035953008 1.097420931 0.002023011 0.999985874 -0.004912853 -2.215702057 -0.035943437 0.004982401 0.999341428 20.827415466
0.999301493 -0.001238638 0.037349731 1.192224026 0.001486274 0.999977112 -0.006603173 -2.357101440 -0.037340693 0.006654072 0.999280453 22.134637833
0.999259770 -0.001195287 0.038451750 1.276986122 0.001551973 0.999956012 -0.009247685 -2.501605988 -0.038439006 0.009300516 0.999217689 23.419054031
0.999219596 -0.000702051 0.039493669 1.380455375 0.001128943 0.999941170 -0.010787869 -2.642560005 -0.039483782 0.010824036 0.999161601 24.707210541
0.999173760 -0.000090763 0.040644504 1.479733825 0.000552963 0.999935269 -0.011360650 -2.790168762 -0.040640853 0.011373738 0.999109089 25.978027344
0.999156594 -0.001719891 0.041026551 1.579412699 0.002144483 0.999944568 -0.010307450 -2.936930656 -0.041006554 0.010386738 0.999104857 27.272272110
0.999154568 -0.004686072 0.040845729 1.683615923 0.005061959 0.999945641 -0.009104025 -3.084226847 -0.040800855 0.009303087 0.999123991 28.550930023
0.999177873 -0.006109649 0.040077899 1.779664755 0.006499399 0.999932706 -0.009601763 -3.230537415 -0.040016543 0.009854349 0.999150336 29.844015121
0.999177337 -0.007700655 0.039815951 1.874171376 0.008192921 0.999891758 -0.012215195 -3.375526905 -0.039717577 0.012531354 0.999132335 31.102428436
0.999221683 -0.007842949 0.038658857 1.989540339 0.008327421 0.999888599 -0.012386927 -3.521838665 -0.038557403 0.012699217 0.999175608 32.397941589
0.999234736 -0.008461365 0.038189154 2.086677551 0.008953243 0.999878824 -0.012727454 -3.665715694 -0.038076837 0.013059630 0.999189436 33.661682129
0.999253511 -0.009126125 0.037537832 2.182882071 0.009608994 0.999873102 -0.012703268 -3.811680317 -0.037417129 0.013054487 0.999214470 34.931625366
0.999265313 -0.009752842 0.037061013 2.277507544 0.010255522 0.999857664 -0.013397792 -3.956319332 -0.036925070 0.013768029 0.999223232 36.194175720
0.999300241 -0.010294905 0.035959527 2.383584976 0.010782911 0.999851942 -0.013403478 -4.114487171 -0.035816215 0.013781847 0.999263287 37.480640411
0.999298990 -0.009943099 0.036091801 2.478143692 0.010362524 0.999880612 -0.011452704 -4.260743141 -0.035973627 0.011818677 0.999282777 38.740165710
0.999257445 -0.009892883 0.037238419 2.574226141 0.010293784 0.999890864 -0.010589408 -4.398525238 -0.037129596 0.010964868 0.999250293 40.011898041
0.999182463 -0.011609090 0.038723841 2.690866470 0.011964282 0.999888361 -0.008953311 -4.541409969 -0.038615573 0.009409295 0.999209821 41.263187408
0.999065101 -0.012692000 0.041323945 2.781183720 0.013118635 0.999863207 -0.010069354 -4.687977791 -0.041190486 0.010602053 0.999095082 42.525283813
0.998942375 -0.013985038 0.043801613 2.876545191 0.014572163 0.999807835 -0.013113626 -4.837762356 -0.043609791 0.013738040 0.998954237 43.774845123
0.998844087 -0.015058746 0.045647949 2.984821796 0.015720192 0.999776185 -0.014165994 -4.984509468 -0.045424405 0.014867215 0.998857141 45.036762238
0.998721600 -0.015358380 0.048159879 3.110139847 0.016006736 0.999786019 -0.013105904 -5.117182732 -0.047948282 0.013860030 0.998753667 46.269069672
0.998511374 -0.016391691 0.052021869 3.215707779 0.016920879 0.999809444 -0.009748232 -5.270726204 -0.051852163 0.010613978 0.998598337 47.536983490
0.998232484 -0.019447513 0.056158673 3.328569174 0.019918829 0.999770880 -0.007844938 -5.408258438 -0.055993237 0.008949688 0.998391092 48.761001587
0.998005927 -0.021421874 0.059373155 3.465480566 0.021946682 0.999725521 -0.008201056 -5.548612118 -0.059181180 0.009487747 0.998202145 50.019088745
0.997729301 -0.024808055 0.062615722 3.609559536 0.025612174 0.999599099 -0.012072098 -5.683158875 -0.062291142 0.013648409 0.997964680 51.253211975
0.997425258 -0.026108522 0.066791877 3.734854460 0.026973044 0.999563217 -0.012074549 -5.820296288 -0.066447459 0.013845039 0.997693837 52.480442047
0.997052312 -0.028660290 0.071170710 3.858098745 0.029408384 0.999522448 -0.009485508 -5.960559845 -0.070864856 0.011550562 0.997419059 53.699615479
0.996787012 -0.031279873 0.073737137 4.020434856 0.031827420 0.999473751 -0.006262096 -6.094221592 -0.073502459 0.008588839 0.997258008 54.910362244
0.996563196 -0.033893980 0.075584054 4.176651001 0.034306981 0.999402583 -0.004172035 -6.229474068 -0.075397491 0.006750756 0.997130752 56.126186371
0.996333480 -0.037129018 0.077076711 4.322663307 0.037362717 0.999300480 -0.001591762 -6.347447395 -0.076963685 0.004465722 0.997023880 57.336959839
0.996174812 -0.040150695 0.077611201 4.473270416 0.040252116 0.999189496 0.000257700 -6.480101585 -0.077558622 0.002867301 0.996983647 58.541782379
0.996129632 -0.042161468 0.077124223 4.624809265 0.042531691 0.999090135 -0.003163391 -6.602129936 -0.076920658 0.006431373 0.997016490 59.749328613
0.996142805 -0.043404438 0.076259561 4.774771690 0.044096392 0.998999774 -0.007412617 -6.731212139 -0.075861543 0.010746798 0.997060418 60.935428619
0.996153593 -0.044644628 0.075397834 4.905125141 0.045637034 0.998892009 -0.011490145 -6.856015682 -0.074801318 0.014886884 0.997087359 62.135692596
0.996191025 -0.046101999 0.074013069 5.048604965 0.047258355 0.998785317 -0.013948164 -6.987689495 -0.073280133 0.017392771 0.997159719 63.323814392
0.996325195 -0.046629827 0.071845166 5.186963558 0.047780894 0.998754263 -0.014386083 -7.121140480 -0.071084842 0.017766042 0.997312009 64.512069702
0.996560216 -0.046086393 0.068874203 5.321973801 0.047114976 0.998799801 -0.013384322 -7.259240150 -0.068174697 0.016583288 0.997535586 65.685462952
0.996780217 -0.045212213 0.066221975 5.436807156 0.046064015 0.998873532 -0.011392055 -7.400623798 -0.065632321 0.014405824 0.997739792 66.881172180
0.997167945 -0.041431937 0.062766254 5.557227135 0.042019065 0.999084234 -0.008062620 -7.528571129 -0.062374730 0.010677164 0.997995675 68.056495667
0.997397900 -0.039579377 0.060256716 5.668147564 0.039972965 0.999186516 -0.005340000 -7.657680988 -0.059996344 0.007734745 0.998168588 69.224449158
0.997684121 -0.038248748 0.056243856 5.797019958 0.038789630 0.999210775 -0.008556341 -7.797573090 -0.055872187 0.010718206 0.998380423 70.439506531
0.997866809 -0.038564976 0.052674770 5.907876968 0.039404299 0.999110937 -0.014989326 -7.929456234 -0.052049872 0.017032962 0.998499274 71.598045349
0.997930586 -0.042259451 0.048462018 6.020847797 0.043191049 0.998898506 -0.018339541 -8.064560890 -0.047633618 0.020394716 0.998656690 72.773315430
0.997978866 -0.045179889 0.044690229 6.134241104 0.045838468 0.998853207 -0.013822649 -8.200365067 -0.044014469 0.015843241 0.998905241 73.961730957
0.997981787 -0.048867185 0.040550500 6.238577843 0.049265400 0.998746157 -0.008879051 -8.327306747 -0.040065762 0.010858867 0.999137938 75.117843628
0.998027742 -0.051304352 0.036173619 6.332516670 0.051556032 0.998651743 -0.006058835 -8.459108353 -0.035814002 0.007911854 0.999327183 76.309280396
0.998215079 -0.050541658 0.031816546 6.424918175 0.050679162 0.998708785 -0.003529967 -8.583995819 -0.031597048 0.005136102 0.999487519 77.469192505
0.998363733 -0.049910545 0.027905855 6.518629074 0.050040439 0.998739243 -0.003975586 -8.698839188 -0.027672246 0.005365503 0.999602556 78.628120422
0.998479128 -0.048953753 0.025361076 6.583998680 0.049109314 0.998777986 -0.005547088 -8.831861496 -0.025058536 0.006784115 0.999662995 79.791328430
0.998672068 -0.046544384 0.022085866 6.659884453 0.046784766 0.998849809 -0.010494796 -8.960539818 -0.021571994 0.011514141 0.999700963 80.934669495
0.998593628 -0.049837328 0.018084601 6.749070168 0.050116863 0.998625457 -0.015347689 -9.099240303 -0.017294856 0.016232448 0.999718726 82.094825745
0.998448014 -0.053466931 0.015578709 6.802094936 0.053720172 0.998422563 -0.016317360 -9.231394768 -0.014681698 0.017128931 0.999745488 83.236495972
0.998484552 -0.053708393 0.011995495 6.869204521 0.053861395 0.998466134 -0.012818292 -9.361148834 -0.011288645 0.013444964 0.999845922 84.374290466
0.998486221 -0.054239817 0.009124523 6.940141201 0.054333057 0.998469830 -0.010301037 -9.491714478 -0.008551834 0.010781210 0.999905288 85.510261536
0.998620331 -0.051901538 0.007990948 6.985478401 0.051997174 0.998571932 -0.012264345 -9.617788315 -0.007342997 0.012662930 0.999892771 86.657012939
0.998803020 -0.048314601 0.007637238 7.038625240 0.048427615 0.998708248 -0.015378861 -9.746316910 -0.006884349 0.015730303 0.999852479 87.776863098
0.998872101 -0.047076304 0.006186267 7.104467392 0.047182709 0.998717606 -0.018358674 -9.872580528 -0.005314076 0.018629855 0.999812245 88.871955872
0.998813093 -0.048342556 0.005952162 7.141572475 0.048446048 0.998651028 -0.018682782 -10.013983727 -0.005040960 0.018948968 0.999807715 90.033386230
0.998766363 -0.049457483 0.004433976 7.196599960 0.049522720 0.998643816 -0.016061701 -10.144798279 -0.003633593 0.016261470 0.999861062 91.147605896
0.998721480 -0.050417196 0.003660493 7.247199059 0.050461743 0.998637140 -0.013316294 -10.276710510 -0.002984134 0.013483983 0.999904573 92.263610840
0.998756826 -0.049752232 0.003081990 7.310980797 0.049787533 0.998679161 -0.012693685 -10.401249886 -0.002446380 0.012831352 0.999914706 93.384048462
0.998728096 -0.050325386 0.003077452 7.359130383 0.050365996 0.998618662 -0.014968390 -10.528203011 -0.002319911 0.015104351 0.999883294 94.492324829
0.998720944 -0.050518282 0.002121108 7.425423145 0.050549377 0.998543203 -0.018872175 -10.657605171 -0.001164628 0.018955255 0.999819696 95.605606079
0.998695016 -0.051003218 0.002642940 7.466111660 0.051045574 0.998501062 -0.019748695 -10.798061371 -0.001631731 0.019857833 0.999801576 96.715858459
0.998654485 -0.051805601 0.002320261 7.526086807 0.051839169 0.998491764 -0.018080106 -10.930356979 -0.001380111 0.018176058 0.999833822 97.801307678
0.998695314 -0.050964385 0.003215341 7.571398258 0.051001977 0.998614550 -0.012952855 -11.052929878 -0.002550752 0.013099944 0.999910951 98.888801575
0.998775721 -0.049250264 0.004614244 7.620299339 0.049292322 0.998739243 -0.009493933 -11.173413277 -0.004140848 0.009709757 0.999944270 99.951126099
0.998870373 -0.047070645 0.006506651 7.670598984 0.047131695 0.998842835 -0.009569929 -11.295615196 -0.006048658 0.009865789 0.999933004 101.024787903
0.998938620 -0.045216691 0.008783926 7.720397949 0.045313671 0.998910308 -0.011174721 -11.418573380 -0.008269071 0.011560892 0.999899030 102.059608459
0.998900115 -0.045482606 0.011395045 7.780048370 0.045636076 0.998865604 -0.013591010 -11.540225029 -0.010763964 0.014096089 0.999842823 103.083106995
0.998807490 -0.047007158 0.013197521 7.828290462 0.047199883 0.998777330 -0.014692103 -11.654631615 -0.012490749 0.015297499 0.999805093 104.101127625
0.998695374 -0.048775289 0.015122229 7.891203880 0.048987366 0.998701453 -0.013985883 -11.768959999 -0.014420428 0.014708433 0.999787867 105.083755493
0.998654783 -0.048969790 0.017046500 7.947604179 0.049188219 0.998709500 -0.012638950 -11.888071060 -0.016405575 0.013460435 0.999774814 106.063133240
0.998581290 -0.050186552 0.017795190 8.028663635 0.050384693 0.998670757 -0.010866826 -12.001548767 -0.017226165 0.011748012 0.999782741 107.007835388
0.998507917 -0.050850455 0.019904105 8.085918427 0.051084608 0.998628795 -0.011438115 -12.108281136 -0.019295178 0.012437841 0.999736488 107.924949646
0.998493671 -0.050585069 0.021246312 8.154865265 0.050798606 0.998662412 -0.009634170 -12.209487915 -0.020730544 0.010698940 0.999727786 108.837936401
0.998503983 -0.049477592 0.023278086 8.212358475 0.049663682 0.998737931 -0.007484837 -12.308093071 -0.022878377 0.008629715 0.999700963 109.707588196
0.998463035 -0.049771685 0.024379592 8.276732445 0.049891710 0.998745203 -0.004339816 -12.411479950 -0.024132997 0.005549486 0.999693334 110.565910339
0.998415172 -0.049906146 0.026006708 8.338868141 0.050027471 0.998739719 -0.004035259 -12.505520821 -0.025772545 0.005329915 0.999653578 111.393188477
0.998430252 -0.049095467 0.026957572 8.394982338 0.049197838 0.998784065 -0.003146996 -12.599214554 -0.026770290 0.004468309 0.999631643 112.207893372
0.998525321 -0.046688147 0.027702751 8.447164536 0.046788536 0.998900414 -0.002986608 -12.678757668 -0.027532848 0.004278375 0.999611735 112.986465454
0.998655379 -0.044223934 0.027049774 8.493017197 0.044235785 0.999021113 0.000160657 -12.758034706 -0.027030401 0.001036127 0.999634087 113.743621826
0.998732924 -0.044266213 0.023937074 8.546161652 0.044250924 0.999019682 0.001168176 -12.842127800 -0.023965320 -0.000107459 0.999712884 114.499244690
0.998864055 -0.044324506 0.017492918 8.583978653 0.044307206 0.999016941 0.001375604 -12.917425156 -0.017536696 -0.000598979 0.999845982 115.197616577
0.999067903 -0.042604346 0.006945340 8.614094734 0.042603210 0.999092042 0.000311391 -12.993836403 -0.006952303 -0.000015207 0.999975801 115.868431091
0.999183059 -0.039761681 -0.007227805 8.619003296 0.039743628 0.999206424 -0.002625458 -13.062496185 0.007326456 0.002336054 0.999970376 116.512367249
0.998924255 -0.038501989 -0.025840487 8.617489815 0.038382798 0.999250114 -0.005092526 -13.133583069 0.026017178 0.004095218 0.999653101 117.143020630
0.998162568 -0.036864929 -0.048089929 8.584417343 0.036553871 0.999304771 -0.007331959 -13.203467369 0.048326790 0.005560613 0.998816073 117.730522156
0.996494651 -0.035283554 -0.075851806 8.544860840 0.034669787 0.999354601 -0.009393631 -13.268510818 0.076134294 0.006730936 0.997074842 118.300003052
0.993596733 -0.033210028 -0.107993543 8.474039078 0.032209557 0.999420583 -0.010995758 -13.340517044 0.108296148 0.007446925 0.994090796 118.843757629
0.989301145 -0.028337477 -0.143108979 8.363786697 0.026787514 0.999559879 -0.012746164 -13.401951790 0.143407196 0.008776261 0.989624858 119.386215210
0.983006597 -0.022608992 -0.182172611 8.266412735 0.020726055 0.999710262 -0.012233431 -13.458928108 0.182396427 0.008249823 0.983190477 119.903808594
0.974491715 -0.017176034 -0.223765358 8.126033783 0.015308625 0.999831975 -0.010077612 -13.517922401 0.223900855 0.006395010 0.974590957 120.406150818
0.963245988 -0.012455199 -0.268331945 7.952758789 0.010542271 0.999907613 -0.008568678 -13.575620651 0.268413901 0.005424917 0.963288426 120.902870178
0.949093163 -0.006304050 -0.314932406 7.757980347 0.003607966 0.999951661 -0.009143063 -13.630689621 0.314974815 0.007541352 0.949070096 121.375282288
0.931603909 0.001299491 -0.363472909 7.534198761 -0.005168543 0.999939740 -0.009672304 -13.691270828 0.363438487 0.010889380 0.931554556 121.854858398
0.910528302 0.006135755 -0.413401157 7.285461426 -0.011418295 0.999881685 -0.010308756 -13.745698929 0.413288981 0.014106750 0.910490632 122.277023315
0.885471582 0.010406444 -0.464576989 7.018356323 -0.016534107 0.999821723 -0.009117737 -13.797286034 0.464399278 0.015754864 0.885485768 122.690505981
0.856578290 0.013426337 -0.515842497 6.729640961 -0.021103969 0.999736488 -0.009022905 -13.838918686 0.515585482 0.018615147 0.856635988 123.091880798
0.824989438 0.023229862 -0.564670563 6.407928467 -0.031949770 0.999473989 -0.005561788 -13.890851974 0.564244270 0.022629512 0.825297654 123.460205078
0.790887117 0.036225885 -0.610888898 6.054599762 -0.044767160 0.998996615 0.001282991 -13.933603287 0.610322416 0.026333062 0.791715264 123.826049805
0.754965663 0.044987708 -0.654219389 5.698936462 -0.056043725 0.998420358 0.003982688 -13.974124908 0.653365016 0.033658098 0.756294310 124.141448975
0.715395570 0.048693568 -0.697020888 5.326194763 -0.063265331 0.997985184 0.004785687 -14.018011093 0.695849657 0.040673599 0.717034757 124.438102722
0.672772110 0.050556522 -0.738120496 4.951766968 -0.065887369 0.997792602 0.008288269 -14.067947388 0.736910224 0.043056700 0.674618006 124.722000122
0.629113019 0.054362565 -0.775410473 4.538864136 -0.069537468 0.997487783 0.013514238 -14.103271484 0.774197280 0.045418087 0.631312728 124.992156982
0.584042013 0.063002259 -0.809274733 4.114440918 -0.080746680 0.996547639 0.019307768 -14.134391785 0.807697356 0.054069709 0.587112904 125.222297668
0.538560987 0.071854725 -0.839517057 3.670230865 -0.092092633 0.995407820 0.026118901 -14.159763336 0.837538779 0.063246720 0.542705059 125.431472778
0.491450459 0.076903738 -0.867503405 3.220485687 -0.097811937 0.994665384 0.032765023 -14.184862137 0.865395486 0.068749815 0.496350825 125.632736206
0.444606751 0.077962331 -0.892326534 2.751018524 -0.097193949 0.994521856 0.038463678 -14.207995415 0.890437067 0.069627523 0.449748605 125.811988831
0.397618115 0.079546936 -0.914096296 2.278667450 -0.094870307 0.994459569 0.045273189 -14.228242874 0.912633181 0.068719164 0.402961791 125.980865479
0.351679564 0.082439758 -0.932483435 1.785923004 -0.096362635 0.994011223 0.051536858 -14.251405716 0.931147575 0.071732096 0.357517540 126.129417419
0.307849973 0.085535578 -0.947582304 1.283065796 -0.101833962 0.993191779 0.056568865 -14.269839287 0.945969343 0.079081334 0.314464480 126.244979858
0.266418040 0.087344632 -0.959891737 0.765645981 -0.106699876 0.992437243 0.060691528 -14.287883759 0.957933486 0.086251006 0.273722798 126.347518921
0.227467284 0.083964825 -0.970158994 0.238948822 -0.107154913 0.992383838 0.060764354 -14.304085732 0.967872143 0.090135418 0.234732077 126.441780090
0.192684740 0.078997634 -0.978075683 -0.297344208 -0.101962179 0.992970347 0.060113691 -14.323401451 0.975948930 0.088143721 0.199384987 126.532806396
0.162459955 0.073959723 -0.983939350 -0.851846695 -0.099258639 0.993353605 0.058278594 -14.341744423 0.981709957 0.088196546 0.168721288 126.609451294
0.135347366 0.072117254 -0.988170147 -1.409278870 -0.099908628 0.993257403 0.058804281 -14.362568855 0.985748231 0.090767704 0.141639888 126.689483643
0.113188609 0.071379624 -0.991006255 -1.991669655 -0.100946464 0.993080974 0.059999377 -14.377780914 0.988432229 0.093247347 0.119610980 126.754905701
0.095107079 0.072662994 -0.992811561 -2.597930908 -0.103502028 0.992648721 0.062736019 -14.390645027 0.990071714 0.096791364 0.101928666 126.801849365
0.078853041 0.071086951 -0.994348526 -3.200657845 -0.104420595 0.992556214 0.062678136 -14.415458679 0.991402328 0.098888114 0.085688993 126.854621887
0.065147415 0.070121937 -0.995408833 -3.821976662 -0.103875674 0.992585123 0.063124567 -14.442904472 0.992454350 0.099286377 0.071948305 126.899162292
0.052604232 0.067190506 -0.996352434 -4.465552330 -0.098039158 0.993261456 0.061805923 -14.462217331 0.993791223 0.094430298 0.058837064 126.955146790
0.040487271 0.064657517 -0.997085810 -5.112897873 -0.095706113 0.993566692 0.060543112 -14.480647087 0.994585931 0.092975974 0.046414927 126.998374939
0.029550102 0.064371251 -0.997488379 -5.771351337 -0.095041811 0.993583918 0.061303705 -14.502104759 0.995034575 0.092991576 0.035478462 127.035362244
0.020730957 0.065781884 -0.997618556 -6.443034649 -0.098601952 0.993103027 0.063435137 -14.524105072 0.994911075 0.097052090 0.027074188 127.044731140
0.012176386 0.065119296 -0.997803211 -7.140974045 -0.101604000 0.992792904 0.063552402 -14.547583580 0.994750381 0.100606963 0.018705010 127.066635132
0.005814093 0.064566344 -0.997896552 -7.827964306 -0.104209661 0.992519081 0.063611239 -14.568647385 0.994538367 0.103620626 0.012499034 127.084815979
0.000229513 0.065960258 -0.997822225 -8.523347855 -0.104848281 0.992323995 0.065572679 -14.591358185 0.994488239 0.104604900 0.007143571 127.102828979
-0.003256724 0.067789726 -0.997694314 -9.245490074 -0.106373392 0.992015302 0.067751102 -14.605396271 0.994320869 0.106348790 0.003980304 127.125411987
-0.004105511 0.071439393 -0.997436464 -9.964312553 -0.108796664 0.991492033 0.071461439 -14.626935959 0.994055569 0.108811148 0.003701785 127.138465881
-0.004945606 0.074968249 -0.997173667 -10.696948051 -0.111427419 0.990934432 0.075051837 -14.642843246 0.993760288 0.111483663 0.003452748 127.147689819
-0.006735409 0.080827273 -0.996705294 -11.428080559 -0.116172470 0.989915550 0.081061713 -14.657690048 0.993206203 0.116335683 0.002722417 127.167968750
-0.008107206 0.084422439 -0.996396959 -12.165594101 -0.119047016 0.989261925 0.084786512 -14.670446396 0.992855549 0.119305477 0.002030089 127.186721802
-0.009518252 0.085054956 -0.996330738 -12.911524773 -0.118509822 0.989257693 0.085583277 -14.687026978 0.992907226 0.118889578 0.000663842 127.202636719
-0.010529379 0.081664674 -0.996604264 -13.681876183 -0.116735607 0.989744186 0.082335867 -14.704528809 0.993107200 0.117206156 -0.000888219 127.220092773
-0.012312689 0.078543134 -0.996834695 -14.432499886 -0.120531417 0.989524603 0.079455927 -14.712412834 0.992633164 0.121128201 -0.002716793 127.234321594
-0.013327749 0.080154546 -0.996693432 -15.206850052 -0.125319630 0.988788307 0.081194595 -14.721338272 0.992026925 0.125987366 -0.003133385 127.233734131
-0.014770747 0.083255112 -0.996418893 -15.982720375 -0.122618966 0.988855064 0.084440820 -14.736535072 0.992343903 0.123427086 -0.004397472 127.249649048
-0.017107241 0.083351269 -0.996373355 -16.756874084 -0.121376477 0.988976181 0.084816419 -14.752050400 0.992459178 0.122387260 -0.006801771 127.267326355
-0.017825972 0.082886852 -0.996399522 -17.546497345 -0.124591216 0.988606155 0.084467538 -14.762992859 0.992048085 0.125648364 -0.007295892 127.266189575
-0.018724395 0.082357727 -0.996426940 -18.340497971 -0.128756821 0.988104522 0.084089391 -14.774313927 0.991499424 0.129871279 -0.007897541 127.278305054
-0.020004110 0.086482480 -0.996052623 -19.137422562 -0.130609393 0.987488389 0.088361979 -14.778906822 0.991231978 0.131861418 -0.008458402 127.288047791
-0.020651072 0.091238126 -0.995614886 -19.941646576 -0.129773602 0.987158060 0.093154892 -14.791458130 0.991328597 0.131128311 -0.008545573 127.302627563
-0.019583242 0.093860969 -0.995392680 -20.766347885 -0.131008327 0.986758769 0.095624253 -14.798355103 0.991187811 0.132277369 -0.007027369 127.315223694
-0.017784163 0.092710413 -0.995534182 -21.584724426 -0.130439416 0.986966968 0.094242729 -14.804890633 0.991296709 0.131532937 -0.005459292 127.327896118
-0.016585492 0.092863604 -0.995540619 -22.416549683 -0.130432934 0.986968458 0.094236970 -14.810007095 0.991318405 0.131414294 -0.004256883 127.339363098
-0.016636226 0.091731973 -0.995644867 -23.242172241 -0.128770337 0.987293243 0.093114153 -14.812779427 0.991534829 0.129758567 -0.004612478 127.365158081
-0.015717695 0.093733653 -0.995473206 -24.079406738 -0.129708856 0.986992359 0.094983079 -14.819114685 0.991427541 0.130614594 -0.003355160 127.384033203
-0.014983356 0.095961265 -0.995272279 -24.919097900 -0.131420806 0.986559749 0.097099714 -14.820771217 0.991213441 0.132254362 -0.002170668 127.397933960
-0.015089354 0.098141938 -0.995057940 -25.801635742 -0.134525418 0.985924006 0.099281035 -14.818900108 0.990795255 0.135358721 -0.001674371 127.414695740
-0.013556590 0.099314012 -0.994963646 -26.663248062 -0.136685967 0.985530317 0.100234769 -14.816432953 0.990521669 0.137356415 0.000214401 127.429176331
-0.011766667 0.102439143 -0.994669676 -27.534317017 -0.143372908 0.984287322 0.103065953 -14.815712929 0.989598751 0.143821433 0.003105216 127.443328857
-0.009301384 0.106198005 -0.994301498 -28.415859222 -0.148220733 0.983214021 0.106400326 -14.809022903 0.988910675 0.148365781 0.006595493 127.459159851
-0.007195503 0.107934006 -0.994131923 -29.291000366 -0.150674149 0.982690275 0.107782349 -14.802154541 0.988557279 0.150565580 0.009191916 127.490135193
-0.003292709 0.108823709 -0.994055569 -30.188404083 -0.149429157 0.982846558 0.108091541 -14.802669525 0.988766968 0.148896784 0.013025203 127.512992859
-0.000605779 0.108698264 -0.994074583 -31.080656052 -0.152003005 0.982513726 0.107526727 -14.795396805 0.988379836 0.151167467 0.015927274 127.542457581
0.001751639 0.112559155 -0.993643522 -31.982543945 -0.152414486 0.982065916 0.110978976 -14.787348747 0.988315165 0.151251242 0.018875873 127.575881958
0.004171514 0.114588380 -0.993404269 -32.904098511 -0.151478350 0.982021689 0.112639330 -14.783513069 0.988451779 0.150009379 0.021454178 127.616973877
0.005935346 0.115854412 -0.993248463 -33.797260284 -0.152097851 0.981813908 0.113611795 -14.779403687 0.988347590 0.150396630 0.023448618 127.659255981
0.008444069 0.114066005 -0.993437231 -34.699195862 -0.153427750 0.981856823 0.111432225 -14.772546768 0.988123834 0.151479900 0.025791753 127.692741394
0.008834275 0.115317360 -0.993289411 -35.612152100 -0.157822311 0.981039107 0.112491481 -14.762617111 0.987428010 0.155769452 0.026866423 127.733764648
0.009961804 0.115876921 -0.993213534 -36.506874084 -0.158522815 0.980885148 0.112848610 -14.756740570 0.987305045 0.156322807 0.028140515 127.772109985
0.010149026 0.112481065 -0.993602037 -37.401565552 -0.158935681 0.981202960 0.109453991 -14.754138947 0.987236738 0.156807974 0.027835505 127.809303284
0.011011552 0.108357221 -0.994051039 -38.308166504 -0.160398453 0.981429756 0.105204619 -14.754167557 0.986990929 0.158285752 0.028187394 127.854080200
0.011615446 0.107477672 -0.994139671 -39.205787659 -0.160050228 0.981588423 0.104250714 -14.747218132 0.987040520 0.157901391 0.028603414 127.895965576
0.011179929 0.111804850 -0.993667305 -40.105453491 -0.162275240 0.980759203 0.108526677 -14.745402336 0.986682117 0.160034299 0.029107977 127.942504883
0.011675004 0.117796667 -0.992969096 -41.041805267 -0.162948042 0.979986787 0.114340678 -14.728193283 0.986565590 0.160467446 0.030636085 127.978408813
0.011915382 0.116385348 -0.993132591 -41.936279297 -0.160664737 0.980521500 0.112979822 -14.727302551 0.986937165 0.158215210 0.030382305 128.024581909
0.012741670 0.106052637 -0.994278848 -42.827224731 -0.160171390 0.981736064 0.102662176 -14.732666016 0.987007022 0.157946974 0.029495552 128.069290161
0.013073082 0.095555864 -0.995338142 -43.755538940 -0.161843896 0.982499897 0.092197642 -14.734944344 0.986729741 0.159884125 0.028309435 128.112808228
0.012103626 0.092434101 -0.995645165 -44.658077240 -0.158680022 0.983278096 0.089356966 -14.741741180 0.987255752 0.156907469 0.026568679 128.159591675
0.011944397 0.102635294 -0.994647205 -45.578395844 -0.151346445 0.983443797 0.099661753 -14.744954109 0.988408625 0.149345949 0.027280126 128.210113525
0.011950368 0.115691476 -0.993213296 -46.526905060 -0.146534890 0.982763231 0.112711139 -14.740892410 0.989133298 0.144193456 0.028697226 128.271667480
0.012136374 0.124850608 -0.992101312 -47.448112488 -0.146598995 0.981675446 0.121745244 -14.732319832 0.989121556 0.143963531 0.030216953 128.319168091
0.011931816 0.118894875 -0.992835104 -48.363643646 -0.146912709 0.982339084 0.115872383 -14.727199554 0.989077508 0.144477531 0.029188259 128.361099243
0.012033668 0.105468355 -0.994349837 -49.283363342 -0.146850333 0.983825803 0.102574937 -14.725102425 0.989085495 0.144786254 0.027327102 128.404144287
0.012583444 0.096615657 -0.995242238 -50.198959351 -0.147289321 0.984642863 0.093724430 -14.724864960 0.989013374 0.145409137 0.026620653 128.450256348
0.013063030 0.096720174 -0.995225906 -51.129199982 -0.146258771 0.984790564 0.093786292 -14.733051300 0.989160061 0.144335359 0.027010521 128.497085571
0.012171946 0.098227940 -0.995089591 -52.057224274 -0.149110034 0.984214604 0.095330536 -14.750237465 0.988745630 0.147217467 0.026626579 128.543853760
0.013169994 0.097586490 -0.995139897 -53.020389557 -0.154186100 0.983521342 0.094406582 -14.752750397 0.987953961 0.152193427 0.027999451 128.572937012
0.013551461 0.097038977 -0.995188355 -53.951427460 -0.155645892 0.983352542 0.093765475 -14.753804207 0.987719893 0.153626293 0.028429583 128.618301392
0.014657000 0.104481831 -0.994418740 -54.899391174 -0.164972246 0.981148541 0.100655995 -14.750457764 0.986189306 0.162576154 0.031617299 128.651351929
0.016569600 0.114101656 -0.993330896 -55.848361969 -0.170879513 0.979174435 0.109625131 -14.746799469 0.985152543 0.167923436 0.035722170 128.686050415
0.017095054 0.122055016 -0.992376089 -56.811679840 -0.170822859 0.978285074 0.117379263 -14.739355087 0.985153437 0.167513922 0.037573621 128.752929688
0.018055536 0.122900791 -0.992254615 -57.753952026 -0.172172815 0.977973819 0.117999002 -14.730666161 0.984901190 0.168708757 0.038818024 128.799758911
0.019349860 0.113205425 -0.993383169 -58.692272186 -0.173811242 0.978821218 0.108160339 -14.726409912 0.984588861 0.170568272 0.038616430 128.854248047
0.020159766 0.108315110 -0.993912220 -59.627555847 -0.172230780 0.979628980 0.103265136 -14.723876953 0.984850287 0.169100463 0.038404278 128.915817261
0.022498352 0.106816970 -0.994024098 -60.583961487 -0.171046808 0.980026901 0.101441428 -14.729316711 0.985005975 0.167742401 0.040319685 128.971252441
0.026000632 0.112366974 -0.993326545 -61.573818207 -0.172862634 0.979198933 0.106244117 -14.720163345 0.984602690 0.168946579 0.044883847 129.027679443
0.029832963 0.114570238 -0.992967069 -62.535182953 -0.175696209 0.978543401 0.107627347 -14.719888687 0.983992338 0.171249688 0.049322404 129.081573486
0.034057062 0.109438643 -0.993409812 -63.485622406 -0.175105244 0.979264557 0.101877205 -14.721740723 0.983960509 0.170481622 0.052514158 129.143035889
0.036837619 0.103557721 -0.993941069 -64.441375732 -0.175146192 0.979889810 0.095602430 -14.726871490 0.983853102 0.170563191 0.054234542 129.213821411
0.040524516 0.103341378 -0.993820071 -65.401252747 -0.172160774 0.980483592 0.094934493 -14.726682663 0.984234929 0.167249680 0.057524953 129.288223267
0.042589277 0.108023167 -0.993235826 -66.385711670 -0.170042545 0.980417013 0.099337727 -14.745223999 0.984515905 0.164661556 0.060123790 129.375930786
0.045788322 0.114873163 -0.992324293 -67.342292786 -0.169282541 0.979891360 0.105622798 -14.747262955 0.984503329 0.163146883 0.064313598 129.460327148
0.048610222 0.118870482 -0.991719246 -68.309448242 -0.167148769 0.979859352 0.109255940 -14.752956390 0.984732687 0.160453662 0.067500234 129.540802002
0.050825022 0.120786548 -0.991376519 -69.292350769 -0.166831195 0.979738355 0.110815614 -14.753516197 0.984674692 0.159760311 0.069946177 129.623443604
0.052875381 0.117930248 -0.991613150 -70.236701965 -0.165082172 0.980371892 0.107790746 -14.751224518 0.984861434 0.157998174 0.071305707 129.703704834
0.053492535 0.116408676 -0.991759837 -71.183547974 -0.163104549 0.980862021 0.106332175 -14.753384590 0.985157549 0.156072572 0.071455583 129.792892456
0.053666551 0.112745173 -0.992173612 -72.124931335 -0.159987867 0.981740475 0.102905884 -14.761794090 0.985659003 0.153213128 0.070724480 129.886444092
0.053573787 0.112580679 -0.992197275 -73.113342285 -0.158583030 0.981973350 0.102857903 -14.754227638 0.985891104 0.151835173 0.070461415 129.970809937
0.053121239 0.117358640 -0.991667867 -74.064987183 -0.155371219 0.981947243 0.107885413 -14.756270409 0.986426890 0.148345619 0.070396401 130.059768677
0.052607670 0.118716508 -0.991533577 -75.031120300 -0.149356455 0.982675672 0.109731577 -14.756890297 0.987382889 0.142319188 0.069427349 130.159500122
0.051828466 0.114435934 -0.992077768 -75.991630554 -0.146513119 0.983534992 0.105796345 -14.748166084 0.987850010 0.139869153 0.067741469 130.241958618
0.050653502 0.110743880 -0.992557287 -76.935607910 -0.148601949 0.983605862 0.102161489 -14.748336792 0.987598956 0.142321125 0.066279843 130.320587158
0.049438279 0.108125038 -0.992907286 -77.884071350 -0.145089179 0.984355271 0.099969544 -14.751951218 0.988182604 0.139117792 0.064352602 130.404510498
0.047815025 0.109032206 -0.992887557 -78.849159241 -0.145247698 0.984217942 0.101085380 -14.755117416 0.988239288 0.139381230 0.062897086 130.478713989
0.047230344 0.109679781 -0.992844224 -79.807952881 -0.146651924 0.983944178 0.101720251 -14.750864029 0.988059998 0.140798241 0.062556766 130.554565430
0.045687705 0.109883681 -0.992893815 -80.760963440 -0.148217037 0.983676255 0.102043383 -14.752705574 0.987898946 0.142501667 0.061228532 130.630966187
0.044511534 0.111067183 -0.992815614 -81.712211609 -0.148075581 0.983556628 0.103392616 -14.756562233 0.987973809 0.142409608 0.060225956 130.697814941
0.042390723 0.111232065 -0.992889941 -82.676406860 -0.147957116 0.983524561 0.103865929 -14.757446289 0.988084912 0.142502204 0.058149885 130.771026611
0.040565941 0.113283999 -0.992734194 -83.630065918 -0.147741124 0.983310819 0.106171548 -14.745899200 0.988193750 0.142360687 0.056625638 130.848434448
0.039140932 0.117112599 -0.992347002 -84.584503174 -0.149054259 0.982681215 0.110092767 -14.738433838 0.988054097 0.143604398 0.055919185 130.907882690
0.036921605 0.122057632 -0.991836011 -85.533432007 -0.150338084 0.981895387 0.115237907 -14.729038239 0.987944961 0.144855946 0.054603070 130.974746704
0.034795593 0.121637277 -0.991964519 -86.486541748 -0.150232285 0.981923580 0.115136258 -14.723712921 0.988038242 0.145018876 0.052440453 131.039703369
0.033849373 0.116495043 -0.992614210 -87.431434631 -0.150395647 0.982467592 0.110175528 -14.719035149 0.988046288 0.145555496 0.050776258 131.100875854
0.031183524 0.111709125 -0.993251681 -88.376602173 -0.154430792 0.982340395 0.105633557 -14.708729744 0.987511337 0.150094613 0.047884166 131.164031982
0.030138040 0.109554030 -0.993523896 -89.319305420 -0.152319238 0.982869744 0.103758700 -14.705981255 0.987871706 0.148205698 0.046308953 131.229171753
0.029546024 0.110686906 -0.993416071 -90.284385681 -0.147342905 0.983475268 0.105197065 -14.707262993 0.988644063 0.143264621 0.045366716 131.285095215
0.029311610 0.112105906 -0.993263900 -91.234207153 -0.144476384 0.983731329 0.106766470 -14.705714226 0.989074111 0.140373662 0.045031410 131.344619751
0.027723115 0.111862920 -0.993336856 -92.185134888 -0.139150381 0.984475553 0.106981449 -14.707269669 0.989883125 0.135257378 0.042858496 131.415451050
0.026656238 0.109038346 -0.993680060 -93.128402710 -0.135231122 0.985289037 0.104489893 -14.710319519 0.990455449 0.131591171 0.041009478 131.478042603
0.026036453 0.105749406 -0.994051874 -94.078605652 -0.129930452 0.986311913 0.101522848 -14.710991859 0.991181254 0.126514301 0.039420132 131.538055420
0.024071841 0.108428925 -0.993812680 -95.055389404 -0.128432900 0.986198366 0.104487315 -14.716541290 0.991425991 0.125123039 0.037665449 131.600433350
0.022615049 0.110776104 -0.993588030 -96.003974915 -0.127769858 0.986012578 0.107023336 -14.714303970 0.991545975 0.124530271 0.036452569 131.659225464
0.021276101 0.108683459 -0.993848741 -96.961906433 -0.123740606 0.986716688 0.105254501 -14.711435318 0.992086411 0.120740019 0.034442037 131.710937500
0.019178366 0.105794482 -0.994203031 -97.910522461 -0.120622881 0.987367451 0.102740258 -14.713624001 0.992513061 0.117953241 0.031697333 131.761398315
0.016070738 0.102811456 -0.994571149 -98.882240295 -0.119551450 0.987761259 0.100175738 -14.705039978 0.992697895 0.117292523 0.028165311 131.812210083
0.013377719 0.101760276 -0.994719028 -99.837120056 -0.113955282 0.988481760 0.099589631 -14.713439941 0.993395805 0.112021208 0.024819750 131.862686157
0.011049915 0.101741932 -0.994749486 -100.796409607 -0.107138455 0.989203990 0.099984623 -14.708390236 0.994182706 0.105471104 0.021831091 131.908447266
0.008733819 0.109368943 -0.993962765 -101.763107300 -0.097062267 0.989399731 0.108013980 -14.705154419 0.995239973 0.095532887 0.019256836 131.971527100
0.005942557 0.117581211 -0.993045449 -102.721366882 -0.089012794 0.989183009 0.116591237 -14.702646255 0.996012807 0.087700903 0.016344514 132.029174805
0.003137062 0.117172480 -0.993106604 -103.675796509 -0.084852777 0.989561081 0.116486110 -14.697408676 0.996388495 0.083902441 0.013046725 132.075698853
0.000508293 0.106786780 -0.994281828 -104.632133484 -0.085510701 0.990644693 0.106352456 -14.695146561 0.996337116 0.084967665 0.009634951 132.109786987
-0.001602256 0.097376235 -0.995246291 -105.578819275 -0.087330244 0.991431534 0.097143590 -14.693561554 0.996178150 0.087070733 0.006915363 132.148284912
-0.002289074 0.098783389 -0.995106280 -106.532707214 -0.094475150 0.990636647 0.098557003 -14.697010040 0.995524585 0.094238430 0.007064934 132.175308228
-0.002628228 0.108208850 -0.994124651 -107.502838135 -0.097939223 0.989320815 0.107944891 -14.686591148 0.995188951 0.097647503 0.007997730 132.203506470
-0.004150152 0.119521350 -0.992823005 -108.466125488 -0.101910681 0.987611711 0.119320005 -14.675333023 0.994785011 0.101674445 0.008081762 132.233581543
-0.005577695 0.121256545 -0.992605567 -109.407386780 -0.108931683 0.986640275 0.121139951 -14.665988922 0.994033635 0.108801901 0.007705500 132.266052246
-0.005218291 0.118489668 -0.992941558 -110.387985229 -0.116459839 0.986126184 0.118288435 -14.650363922 0.993181705 0.116255067 0.008653395 132.283050537
-0.005409678 0.114489213 -0.993409753 -111.342720032 -0.124550238 0.985611498 0.114268705 -14.637985229 0.992198586 0.124347582 0.008927820 132.308151245
-0.003172623 0.116488576 -0.993187010 -112.309570312 -0.129118547 0.984830260 0.115920901 -14.619736671 0.991624117 0.128606632 0.011916341 132.332962036
-0.001663730 0.117781892 -0.993038118 -113.287750244 -0.137381941 0.983596683 0.116892219 -14.603300095 0.990516722 0.136619970 0.014544663 132.357086182
-0.001251105 0.120515518 -0.992710590 -114.250801086 -0.146578252 0.981967151 0.119395956 -14.587591171 0.989198267 0.145659149 0.016436405 132.380310059
-0.000872418 0.122852862 -0.992424488 -115.226455688 -0.152140573 0.980855644 0.121554479 -14.568309784 0.988358438 0.151094109 0.017835189 132.407257080
-0.001036238 0.122199282 -0.992504954 -116.195625305 -0.155859441 0.980356574 0.120866276 -14.559511185 0.987778664 0.154816508 0.018030029 132.455184937
0.000403546 0.112648539 -0.993634880 -117.150154114 -0.154729590 0.981675446 0.111229852 -14.562114716 0.987956822 0.153699815 0.017826213 132.489685059
0.001822120 0.100974359 -0.994887292 -118.100021362 -0.157877952 0.982440770 0.099421941 -14.552500725 0.987456977 0.156889647 0.017731750 132.528488159
