1.000000000 0.000000000 0.000000000 0.000000000 0.000000000 1.000000000 0.000000000 0.000000000 0.000000000 0.000000000 1.000000000 0.000000000
0.999997735 -0.001591385 -0.001423729 0.050946429 0.001588339 0.999996424 -0.002138391 -0.132632911 0.001427127 0.002136125 0.999996722 1.296820521
0.999997735 -0.000097579 -0.002121453 0.103731602 0.000084658 0.999981463 -0.006089881 -0.269192427 0.002122008 0.006089688 0.999979138 2.601544380
0.999996841 0.002186918 -0.001243102 0.147063047 -0.002196256 0.999969006 -0.007560482 -0.408224791 0.001226530 0.007563188 0.999970675 3.906853437
0.999984801 0.005525180 -0.000156134 0.195908979 -0.005526065 0.999964356 -0.006394437 -0.546001911 0.000120799 0.006395202 0.999979556 5.221718788
0.999976933 0.006435442 0.002139212 0.245308593 -0.006429476 0.999975383 -0.002784239 -0.694313526 -0.002157077 0.002770422 0.999993861 6.540853024
0.999963760 0.006595314 0.005373891 0.304061949 -0.006587218 0.999977112 -0.001522885 -0.830288589 -0.005383812 0.001487431 0.999984443 7.843421459
0.999946356 0.005240187 0.008932288 0.355084598 -0.005227507 0.999985278 -0.001442320 -0.963782966 -0.008939715 0.001395549 0.999959052 9.143524170
0.999915481 0.004050409 0.012350840 0.428331256 -0.004034375 0.999990940 -0.001322847 -1.100016594 -0.012356088 0.001272907 0.999922872 10.440146446
0.999872684 0.002858984 0.015698800 0.496004611 -0.002833823 0.999994636 -0.001624832 -1.244025826 -0.015703360 0.001580138 0.999875367 11.752570152
0.999816537 0.001806652 0.019069213 0.571435630 -0.001755169 0.999994695 -0.002716210 -1.378407478 -0.019074017 0.002682242 0.999814391 13.045713425
0.999744475 0.001944770 0.022519622 0.641442776 -0.001894796 0.999995708 -0.002240266 -1.529307365 -0.022523884 0.002197023 0.999743879 14.370444298
0.999665856 0.001660523 0.025797352 0.729051948 -0.001574832 0.999993205 -0.003341676 -1.665930867 -0.025802726 0.003299933 0.999661624 15.669815063
0.999574542 0.002793909 0.029032471 0.814033687 -0.002705628 0.999991596 -0.003079611 -1.806732059 -0.029040828 0.002999750 0.999573648 16.973253250
0.999489784 0.002366721 0.031852566 0.908584654 -0.002279334 0.999993563 -0.002779512 -1.944798231 -0.031858936 0.002705491 0.999488652 18.259546280
0.999413073 0.000707996 0.034249686 1.004413128 -0.000631749 0.999997318 -0.002236973 -2.090096235 -0.034251187 0.002214023 0.999410808 19.560590744
0.999357641 -0.001730007 0.035795331 1.099683404 0.001855683 0.999992192 -0.003478027 -2.228473663 -0.035789035 0.003542219 0.999353111 20.839935303
0.999311328 -0.001295442 0.037082776 1.202810884 0.001481191 0.999986470 -0.004982024 -2.375330210 -0.037075821 0.005033520 0.999299765 22.144786835
0.999268889 -0.000976153 0.038217507 1.284694552 0.001282889 0.999967039 -0.008002341 -2.514170647 -0.038208440 0.008045520 0.999237418 23.434652328
0.999239266 -0.000828245 0.038989920 1.393019557 0.001181714 0.999958515 -0.009043483 -2.659012079 -0.038980808 0.009082680 0.999198675 24.707895279
0.999200761 0.000038049 0.039971504 1.494012237 0.000335499 0.999956310 -0.009338618 -2.808604717 -0.039970122 0.009344567 0.999157131 25.978630066
0.999173522 -0.001708310 0.040611964 1.593427539 0.002058707 0.999961019 -0.008587703 -2.947267056 -0.040595699 0.008664214 0.999138117 27.254285812
0.999159634 -0.004553228 0.040735703 1.691741228 0.004866302 0.999959350 -0.007589624 -3.091223717 -0.040699486 0.007781479 0.999141157 28.534555435
0.999193907 -0.005873087 0.039711602 1.794577122 0.006189259 0.999950111 -0.007843465 -3.235343456 -0.039663553 0.008082927 0.999180377 29.802946091
0.999206722 -0.007530099 0.039102778 1.895789623 0.007946502 0.999913275 -0.010504442 -3.377942085 -0.039020278 0.010806840 0.999179959 31.064197540
0.999242306 -0.007636915 0.038163945 2.006525993 0.008039256 0.999913514 -0.010400143 -3.523948669 -0.038081221 0.010699074 0.999217391 32.336769104
0.999255240 -0.008087421 0.037730474 2.101619244 0.008511219 0.999902308 -0.011085218 -3.663496017 -0.037637141 0.011398095 0.999226451 33.604774475
0.999277651 -0.008898438 0.036944248 2.202904701 0.009300576 0.999899209 -0.010727458 -3.808517456 -0.036845062 0.011063312 0.999259770 34.854156494
0.999290884 -0.009269256 0.036492635 2.292919874 0.009686165 0.999889612 -0.011264268 -3.950292110 -0.036384195 0.011609755 0.999270439 36.109844208
0.999315798 -0.009860082 0.035647605 2.399162292 0.010273692 0.999881804 -0.011438266 -4.103099823 -0.035530604 0.011796674 0.999298930 37.399658203
0.999308288 -0.009540009 0.035945024 2.485156059 0.009885230 0.999906600 -0.009438720 -4.248966217 -0.035851616 0.009787516 0.999309242 38.656810760
0.999286056 -0.009314641 0.036613755 2.596161127 0.009635363 0.999916673 -0.008592971 -4.383109093 -0.036530659 0.008939623 0.999292552 39.915386200
0.999200761 -0.011130557 0.038393594 2.703214645 0.011398357 0.999912143 -0.006763268 -4.523680210 -0.038314950 0.007195486 0.999239862 41.165042877
0.999089360 -0.012065547 0.040925760 2.794401646 0.012400599 0.999891579 -0.007942895 -4.666505337 -0.040825479 0.008443164 0.999130607 42.424072266
0.998959541 -0.013529325 0.043551769 2.888771057 0.014019253 0.999841690 -0.010963663 -4.815904140 -0.043396536 0.011562820 0.998991013 43.670463562
0.998868585 -0.014271936 0.045363035 2.999423504 0.014838764 0.999815643 -0.012183262 -4.957991600 -0.045180786 0.012842611 0.998896301 44.935058594
0.998746395 -0.014590936 0.047883369 3.123848438 0.015133238 0.999825120 -0.010982550 -5.089296341 -0.047714744 0.011693411 0.998792589 46.166740417
0.998523772 -0.015465847 0.052068431 3.221527576 0.015873546 0.999846458 -0.007425618 -5.243660927 -0.051945601 0.008241166 0.998615921 47.422710419
0.998240530 -0.018283308 0.056404158 3.332100630 0.018632116 0.999810398 -0.005664384 -5.377652168 -0.056289900 0.006705347 0.998391926 48.654918671
0.998005390 -0.020416405 0.059735939 3.467437744 0.020800928 0.999766707 -0.005822227 -5.518002987 -0.059603125 0.007053176 0.998197258 49.895515442
0.997718334 -0.023714695 0.063211508 3.605613947 0.024352020 0.999659956 -0.009330985 -5.651115417 -0.062968723 0.010849023 0.997956514 51.124351501
0.997437418 -0.025040947 0.067018256 3.741990566 0.025752284 0.999620557 -0.009771147 -5.781434059 -0.066748142 0.011471982 0.997703910 52.349864960
0.997110546 -0.027318338 0.070880972 3.876216173 0.027884454 0.999586523 -0.007009463 -5.922648430 -0.070660174 0.008965686 0.997460186 53.567302704
0.996807933 -0.030029606 0.073972769 4.032972336 0.030408779 0.999529481 -0.004004703 -6.049906731 -0.073817708 0.006241342 0.997252166 54.783046722
0.996545017 -0.032479241 0.076440923 4.180876732 0.032747526 0.999461114 -0.002258468 -6.177915096 -0.076326385 0.004753915 0.997071564 55.994861603
0.996378481 -0.035732597 0.077156693 4.343582630 0.035784263 0.999359310 0.000713356 -6.300842762 -0.077132747 0.002050222 0.997018695 57.214321136
0.996250689 -0.038705923 0.077373140 4.496612549 0.038653415 0.999250412 0.002176745 -6.425187588 -0.077399388 0.000822152 0.996999800 58.408145905
0.996168911 -0.040778972 0.077359848 4.639043808 0.040953822 0.999160826 -0.000674525 -6.550530910 -0.077267431 0.003840124 0.997002959 59.616401672
0.996189535 -0.041868087 0.076508239 4.788632393 0.042389274 0.999087632 -0.005200222 -6.674072742 -0.076220714 0.008423535 0.997055411 60.802604675
0.996213913 -0.043164853 0.075462744 4.925999641 0.043965735 0.998992622 -0.008983274 -6.805232048 -0.074998960 0.012267037 0.997108161 62.006740570
0.996306956 -0.044552241 0.073400132 5.077850342 0.045515396 0.998897374 -0.011501152 -6.935370922 -0.072806798 0.014799513 0.997236252 63.203319550
0.996372104 -0.045339163 0.072019592 5.204566956 0.046286851 0.998861492 -0.011543861 -7.066429138 -0.071414225 0.014835540 0.997336328 64.380393982
0.996596813 -0.044740878 0.069230646 5.337870598 0.045595240 0.998901546 -0.010809518 -7.200733185 -0.068670981 0.013929320 0.997542024 65.554985046
0.996854365 -0.043657705 0.066145636 5.459739685 0.044354368 0.998974383 -0.009099727 -7.335599899 -0.065680519 0.012004951 0.997768462 66.756408691
0.997251928 -0.040111050 0.062288199 5.580836296 0.040540703 0.999161839 -0.005648758 -7.461774349 -0.062009435 0.008158442 0.998042166 67.931114197
0.997493505 -0.038377490 0.059444748 5.695284843 0.038626272 0.999249160 -0.003041197 -7.589077950 -0.059283394 0.005329705 0.998227000 69.095123291
0.997738361 -0.037242394 0.055958677 5.821901798 0.037646577 0.999271989 -0.006185725 -7.722337723 -0.055687577 0.008278386 0.998414040 70.298034668
0.997920871 -0.037477799 0.052434109 5.931175232 0.038199652 0.999187708 -0.012832753 -7.850432396 -0.051910572 0.014809035 0.998542011 71.457344055
0.997985780 -0.041026462 0.048388399 6.047008514 0.041845191 0.998995423 -0.016029844 -7.984941483 -0.047682147 0.018022379 0.998699963 72.635070801
0.998007119 -0.044162683 0.045072082 6.147475243 0.044708516 0.998937488 -0.011174582 -8.117341042 -0.044530697 0.013167419 0.998921216 73.802818298
0.998025537 -0.048357878 0.040081650 6.260035038 0.048656531 0.998794377 -0.006508972 -8.242838860 -0.039718565 0.008446353 0.999175191 74.977432251
0.998107016 -0.050174799 0.035563152 6.358061314 0.050348248 0.998723686 -0.003997932 -8.358270645 -0.035317168 0.005780905 0.999359429 76.151420593
0.998308003 -0.048880264 0.031491369 6.446452618 0.048958305 0.998799324 -0.001711399 -8.481976509 -0.031369902 0.003250266 0.999502540 77.314483643
0.998417079 -0.048885517 0.027808484 6.534972668 0.048935756 0.998801231 -0.001128635 -8.603857994 -0.027719975 0.002487678 0.999612570 78.472457886
0.998621881 -0.046456877 0.024412999 6.618242264 0.046545267 0.998911440 -0.003064598 -8.729494095 -0.024244051 0.004196685 0.999697208 79.641212463
0.998733282 -0.045425981 0.021638755 6.680022240 0.045612175 0.998925626 -0.008189765 -8.856747627 -0.021243477 0.009166380 0.999732316 80.788764954
0.998653591 -0.048801884 0.017588664 6.765905380 0.049036331 0.998710334 -0.013153901 -8.984858513 -0.016924044 0.013998674 0.999758780 81.933479309
0.998509705 -0.052761104 0.013950555 6.839268684 0.052962974 0.998490870 -0.014519924 -9.111404419 -0.013163417 0.015237149 0.999797165 83.100318909
0.998567522 -0.052453332 0.010557598 6.895326138 0.052567095 0.998558879 -0.010803375 -9.244318008 -0.009975711 0.011342884 0.999885857 84.247055054
0.998554587 -0.053081978 0.008426944 6.951451778 0.053152181 0.998551607 -0.008336903 -9.368551254 -0.007972197 0.008772762 0.999929786 85.377906799
0.998705804 -0.050365280 0.007072590 7.005520344 0.050432205 0.998681009 -0.009625255 -9.498580933 -0.006578483 0.009969484 0.999928653 86.511932373
0.998873413 -0.047019374 0.006413453 7.061263084 0.047099993 0.998804927 -0.013059844 -9.625298500 -0.005791722 0.013347204 0.999894142 87.660972595
0.998933971 -0.045814123 0.005650200 7.109737396 0.045899231 0.998818159 -0.015986450 -9.753419876 -0.004911118 0.016228747 0.999856234 88.779457092
0.998892665 -0.046828456 0.004542155 7.167848110 0.046896566 0.998767257 -0.016271785 -9.886531830 -0.003774574 0.016466780 0.999857306 89.886505127
0.998868406 -0.047431178 0.003499409 7.212979317 0.047474924 0.998778462 -0.013709784 -10.020110130 -0.002844863 0.013860402 0.999899864 91.014678955
0.998781025 -0.049306579 0.002364523 7.271482468 0.049329378 0.998724103 -0.010813626 -10.145290375 -0.001828324 0.010917082 0.999938726 92.124557495
0.998794377 -0.049054328 0.001875133 7.327329159 0.049071446 0.998739481 -0.010550838 -10.266115189 -0.001355205 0.010630132 0.999942601 93.265747070
0.998776734 -0.049419299 0.001742545 7.369429588 0.049437419 0.998697340 -0.012629591 -10.396945000 -0.001116129 0.012700288 0.999918640 94.408622742
0.998771250 -0.049551070 0.000894165 7.430325985 0.049559064 0.998637438 -0.016341547 -10.522043228 -0.000083205 0.016365780 0.999866009 95.508705139
0.998717427 -0.050625421 0.000639788 7.483517647 0.050628919 0.998568654 -0.017241104 -10.653502464 0.000233966 0.017251387 0.999851108 96.611770630
0.998703778 -0.050889250 0.000956144 7.533082962 0.050898023 0.998577237 -0.015900452 -10.784717560 -0.000145622 0.015928507 0.999873102 97.694488525
0.998722136 -0.050521046 0.001293371 7.584955215 0.050531693 0.998669684 -0.010268969 -10.903814316 -0.000772851 0.010321205 0.999946415 98.782150269
0.998798132 -0.048963126 0.002195075 7.641066551 0.048977740 0.998773992 -0.007190951 -11.020577431 -0.001840292 0.007289818 0.999971747 99.866813660
0.998862386 -0.047496870 0.004255977 7.693804741 0.047528196 0.998841047 -0.007588041 -11.130041122 -0.003890637 0.007781687 0.999962151 100.918327332
0.998941660 -0.045613732 0.005901181 7.748764992 0.045665771 0.998916149 -0.009003630 -11.253540993 -0.005484097 0.009263583 0.999942064 101.960144043
0.998923123 -0.045631386 0.008383767 7.801434994 0.045728825 0.998883903 -0.011821961 -11.365839005 -0.007834957 0.012192612 0.999894977 102.970886230
0.998827457 -0.047383483 0.009923292 7.868674755 0.047506228 0.998792470 -0.012522038 -11.481121063 -0.009317972 0.012978774 0.999872327 103.983497620
0.998738647 -0.048779864 0.011901333 7.928004265 0.048913896 0.998739719 -0.011242675 -11.610455513 -0.011337920 0.011810634 0.999865949 104.980484009
0.998733997 -0.048456442 0.013505236 7.987816334 0.048590001 0.998771310 -0.009743349 -11.722042084 -0.013016515 0.010387233 0.999861360 105.938926697
0.998650134 -0.049721021 0.015025514 8.045436859 0.049851343 0.998721063 -0.008426081 -11.828413010 -0.014587345 0.009163748 0.999851584 106.895797729
0.998588622 -0.050379191 0.016812399 8.103082657 0.050534192 0.998682439 -0.008925285 -11.931413651 -0.016340600 0.009762291 0.999818802 107.810867310
0.998568892 -0.050184924 0.018483639 8.165477753 0.050323948 0.998707473 -0.007134361 -12.030458450 -0.018101709 0.008054321 0.999803722 108.715927124
0.998578548 -0.049078487 0.020784970 8.217437744 0.049193215 0.998776495 -0.005044969 -12.125865936 -0.020511940 0.006060277 0.999771237 109.585487366
0.998543978 -0.049339026 0.021805426 8.279101372 0.049387906 0.998778164 -0.001708496 -12.229299545 -0.021694487 0.002782933 0.999760747 110.444206238
0.998511612 -0.049291681 0.023344109 8.338768005 0.049344953 0.998780370 -0.001711459 -12.318517685 -0.023231277 0.002860826 0.999725997 111.268646240
0.998515546 -0.048577271 0.024635201 8.388338089 0.048621681 0.998816550 -0.001206270 -12.402268410 -0.024547448 0.002402285 0.999695778 112.077201843
0.998601973 -0.046529293 0.025078388 8.441188812 0.046561662 0.998915195 -0.000707956 -12.482317924 -0.025018241 0.001874657 0.999685287 112.853050232
0.998741031 -0.043756567 0.024530917 8.488753319 0.043715499 0.999041498 0.002208313 -12.557444572 -0.024604030 -0.001133151 0.999696732 113.617057800
0.998818159 -0.043578755 0.021525290 8.534563065 0.043510452 0.999046326 0.003631956 -12.639212608 -0.021663038 -0.002691090 0.999761701 114.340957642
0.998923421 -0.043786086 0.015325258 8.567983627 0.043731231 0.999035716 0.003896387 -12.715978622 -0.015481083 -0.003222000 0.999875009 115.041572571
0.999097168 -0.042124856 0.005509492 8.582686424 0.042113889 0.999110579 0.002090909 -12.785279274 -0.005592671 -0.001856995 0.999982655 115.720573425
0.999158978 -0.039980862 -0.009108558 8.595899582 0.039975815 0.999200404 -0.000735346 -12.850855827 0.009130673 0.000370606 0.999958277 116.367134094
0.998905241 -0.037995007 -0.027286397 8.581588745 0.037924062 0.999275804 -0.003112878 -12.921877861 0.027384916 0.002074660 0.999622822 116.977210999
0.998147607 -0.036396101 -0.048751224 8.533535004 0.036192559 0.999332011 -0.005051729 -12.991564751 0.048902526 0.003277941 0.998798132 117.553756714
0.996326149 -0.034865357 -0.078221366 8.510261536 0.034416895 0.999382436 -0.007074483 -13.059556961 0.078419730 0.004356355 0.996910870 118.145240784
0.993393958 -0.032570191 -0.110034570 8.440414429 0.031726032 0.999452233 -0.009414251 -13.123276711 0.110280916 0.005861100 0.993883252 118.684700012
0.988994598 -0.027973702 -0.145282894 8.343368530 0.026730331 0.999587417 -0.010503700 -13.188541412 0.145516813 0.006504643 0.989334345 119.211959839
0.982688189 -0.022000730 -0.183956087 8.231363297 0.020552054 0.999741018 -0.009778246 -13.250139236 0.184123576 0.005828292 0.982885897 119.741851807
0.974269867 -0.016914004 -0.224748939 8.084499359 0.015623756 0.999849617 -0.007518208 -13.306933403 0.224842340 0.003813341 0.974387765 120.225402832
0.962638855 -0.011551466 -0.270542085 7.912958145 0.010324677 0.999928951 -0.005957334 -13.368934631 0.270591676 0.002941500 0.962689698 120.744911194
0.948261738 -0.005642859 -0.317439735 7.718978882 0.003798174 0.999972165 -0.006429697 -13.424598694 0.317467153 0.004891345 0.948256612 121.212638855
0.930797994 0.002232640 -0.365527093 7.495315552 -0.005165237 0.999961853 -0.007045271 -13.477505684 0.365497351 0.008445757 0.930774093 121.676559448
0.909721196 0.006934295 -0.415161788 7.245426178 -0.011243806 0.999905229 -0.007936878 -13.528099060 0.415067464 0.011888344 0.909712851 122.103324890
0.884558082 0.011265695 -0.466294050 6.977725983 -0.016104031 0.999849856 -0.006392856 -13.584924698 0.466152012 0.013164067 0.884606600 122.511917114
0.855449140 0.014403970 -0.517686486 6.679489136 -0.020621506 0.999767780 -0.006258653 -13.630653381 0.517476082 0.016029431 0.855547488 122.936660767
0.823642015 0.023960548 -0.566603601 6.357757568 -0.030854749 0.999520540 -0.002584181 -13.679708481 0.566269994 0.019610848 0.823986471 123.305053711
0.789256036 0.037396092 -0.612924576 6.024177551 -0.044321310 0.999009788 0.003880089 -13.720121384 0.612462640 0.024103232 0.790131927 123.657165527
0.753635287 0.046459928 -0.655648768 5.656623840 -0.055496950 0.998434544 0.006959123 -13.765840530 0.654945612 0.031141859 0.755033970 123.968902588
0.714057028 0.050132804 -0.698290288 5.282283783 -0.062641025 0.998007238 0.007595174 -13.808779716 0.697279513 0.038318228 0.715774417 124.263977051
0.671257257 0.051547341 -0.739430070 4.907554626 -0.064974792 0.997830868 0.010576716 -13.849378586 0.738371313 0.040944599 0.673150361 124.551727295
0.627412140 0.054999020 -0.776742697 4.500980377 -0.067885265 0.997568130 0.015800890 -13.883607864 0.775722742 0.042815711 0.629619837 124.816619873
0.582124293 0.064023249 -0.810575187 4.070606232 -0.079051718 0.996628881 0.021946749 -13.918626785 0.809247851 0.051301636 0.585223019 125.051193237
0.536611736 0.073259547 -0.840643108 3.629817963 -0.090688162 0.995461047 0.028862046 -13.943237305 0.838941813 0.060748670 0.540819943 125.254516602
0.489597440 0.078323692 -0.868423641 3.182540894 -0.096060440 0.994740188 0.035559572 -13.968734741 0.866641045 0.066011287 0.494546026 125.452209473
0.442900807 0.079386257 -0.893049061 2.710903168 -0.095479086 0.994584262 0.041059949 -13.987984657 0.891472101 0.067082033 0.448082000 125.626541138
0.395454705 0.081307836 -0.914879560 2.232383728 -0.092684373 0.994522214 0.048323266 -14.012989044 0.913797021 0.065685384 0.400824547 125.804847717
0.349589586 0.083703801 -0.933156371 1.743968964 -0.094393879 0.994079888 0.053805713 -14.029432297 0.932135642 0.069274329 0.355421066 125.947998047
0.306093186 0.087307759 -0.947989702 1.241741180 -0.100101575 0.993217289 0.059151676 -14.047973633 0.946724057 0.076789327 0.312756717 126.060523987
0.264610767 0.088617437 -0.960275114 0.714761734 -0.104631737 0.992528677 0.062761866 -14.062377930 0.958662271 0.083867788 0.271905988 126.167816162
0.225038216 0.085473642 -0.970593631 0.185922623 -0.104960874 0.992474735 0.063064732 -14.082320213 0.968680024 0.087682366 0.232316166 126.267890930
0.190095857 0.080382653 -0.978469253 -0.346620560 -0.099827096 0.993059635 0.062186964 -14.100317001 0.976677060 0.085856259 0.196800888 126.360443115
0.159726083 0.075316444 -0.984283984 -0.897119522 -0.097211979 0.993438900 0.060241740 -14.120863914 0.982363164 0.086062014 0.165999770 126.437103271
0.133130014 0.073752582 -0.988350570 -1.466030121 -0.098078012 0.993312895 0.060911827 -14.138808250 0.986233830 0.088826261 0.139473289 126.505752563
0.111240447 0.072686642 -0.991131783 -2.050032616 -0.099207476 0.993152022 0.061700180 -14.150700569 0.988829255 0.091464125 0.117689744 126.565437317
0.091989502 0.073751345 -0.993025005 -2.633036613 -0.100383498 0.992859840 0.064439982 -14.163393021 0.990687132 0.093755528 0.098736107 126.629920959
0.077156112 0.072704807 -0.994364619 -3.259617805 -0.101734474 0.992706001 0.064689614 -14.190865517 0.991815031 0.096169956 0.083989911 126.668457031
0.062737778 0.071535185 -0.995463073 -3.878866196 -0.100515075 0.992809415 0.065009646 -14.218328476 0.992955565 0.095980495 0.069477014 126.723075867
0.050739795 0.069168106 -0.996313870 -4.518368244 -0.096279398 0.993291080 0.064054988 -14.239759445 0.994060278 0.092674352 0.057058848 126.764472961
0.038862828 0.066580825 -0.997024000 -5.164478302 -0.094035648 0.993593276 0.062686339 -14.254959106 0.994810045 0.091319636 0.044874817 126.799522400
0.028350979 0.065643907 -0.997440279 -5.840166569 -0.092824571 0.993702590 0.062759511 -14.272702217 0.995278776 0.090807684 0.034265809 126.835540771
0.018451061 0.067027949 -0.997580528 -6.510691643 -0.096123517 0.993247569 0.064958945 -14.293201447 0.995198429 0.094692387 0.024769433 126.859649658
0.010427132 0.067095391 -0.997692108 -7.186738491 -0.099082768 0.992905378 0.065737955 -14.318483353 0.995024621 0.098168649 0.017001146 126.868698120
0.003601995 0.066430412 -0.997784555 -7.880353928 -0.100778699 0.992735207 0.065730430 -14.338908195 0.994902492 0.100318648 0.010270595 126.891868591
-0.001353144 0.067051366 -0.997748554 -8.578815460 -0.101634718 0.992573798 0.066841453 -14.353468895 0.994820893 0.101496361 0.005471653 126.907409668
-0.004924490 0.069510996 -0.997569025 -9.303995132 -0.104223490 0.992112398 0.069645271 -14.370141029 0.994541705 0.104313083 0.002359031 126.928390503
-0.005878786 0.073762536 -0.997258484 -10.039826393 -0.106439471 0.991564035 0.073968790 -14.397027969 0.994301856 0.106582500 0.002022052 126.930664062
-0.006962496 0.077034175 -0.997004092 -10.756705284 -0.108533159 0.991080165 0.077334382 -14.408566475 0.994068444 0.108746469 0.001460371 126.948081970
-0.007558634 0.082367957 -0.996573329 -11.495934486 -0.113290876 0.990114510 0.082693428 -14.413049698 0.993533134 0.113527730 0.001847626 126.956489563
-0.008745263 0.086430550 -0.996219516 -12.239330292 -0.116434045 0.989392936 0.086860389 -14.425986290 0.993159950 0.116753489 0.001410959 126.964172363
-0.010113095 0.086731993 -0.996180356 -12.993504524 -0.116365843 0.989360571 0.087319560 -14.441408157 0.993154943 0.116804436 0.000087146 126.984954834
-0.011695554 0.083585680 -0.996431947 -13.737712860 -0.113915063 0.989901185 0.084374912 -14.457603455 0.993421674 0.114495426 -0.002055776 127.006675720
-0.013154908 0.080079533 -0.996701717 -14.499163628 -0.117583871 0.989748061 0.081072778 -14.460567474 0.992975771 0.118262537 -0.003603984 127.017601013
-0.014155024 0.081691250 -0.996557117 -15.269342422 -0.122741647 0.988977492 0.082813337 -14.468694687 0.992337704 0.123491310 -0.003972079 127.017875671
-0.015970470 0.085394755 -0.996219158 -16.037134171 -0.119718723 0.989015281 0.086696461 -14.482171059 0.992679417 0.120650686 -0.005571685 127.035316467
-0.018146491 0.085613057 -0.996163189 -16.813180923 -0.119046308 0.989054680 0.087170735 -14.499947548 0.992722869 0.120171405 -0.007755954 127.049667358
-0.019163975 0.084481917 -0.996240675 -17.608146667 -0.121674448 0.988820493 0.086193234 -14.505744934 0.992385030 0.122868851 -0.008670440 127.053604126
-0.019617219 0.084158592 -0.996259272 -18.396194458 -0.126329601 0.988256037 0.085970066 -14.509381294 0.991794288 0.127543509 -0.008755111 127.051506042
-0.020449959 0.088690229 -0.995849371 -19.198617935 -0.128233597 0.987598002 0.090588689 -14.515140533 0.991533101 0.129553854 -0.008823271 127.054290771
-0.021119207 0.093026854 -0.995439529 -20.015150070 -0.126918778 0.987356842 0.094964206 -14.520771980 0.991688251 0.128345549 -0.009045335 127.069183350
-0.020713137 0.095211029 -0.995241582 -20.833799362 -0.128187746 0.986986101 0.097089119 -14.529647827 0.991533577 0.129588798 -0.008238694 127.089424133
-0.018643625 0.094146661 -0.995383739 -21.652269363 -0.127541453 0.987199605 0.095761418 -14.534980774 0.991657913 0.128738016 -0.006397380 127.098037720
-0.017272014 0.093966067 -0.995425522 -22.481042862 -0.127713129 0.987211585 0.095406689 -14.535408974 0.991660714 0.128776774 -0.005050437 127.108879089
-0.017459087 0.093016461 -0.995511472 -23.315170288 -0.125976488 0.987523973 0.094479509 -14.539720535 0.991879582 0.127060562 -0.005523378 127.136001587
-0.016972190 0.095015980 -0.995331049 -24.153102875 -0.126847669 0.987226248 0.096405275 -14.544604301 0.991777003 0.127891615 -0.004702833 127.158004761
-0.016451485 0.096851468 -0.995162904 -24.992658615 -0.128663063 0.986817658 0.098166294 -14.543117523 0.991551816 0.129655689 -0.003773413 127.175659180
-0.016192300 0.099684104 -0.994887352 -25.865068436 -0.131962135 0.986100912 0.100951456 -14.547110558 0.991122484 0.132922113 -0.002812715 127.187316895
-0.014696816 0.100735702 -0.994804740 -26.730709076 -0.134213924 0.985709846 0.101797551 -14.542018890 0.990843415 0.135012746 -0.000966665 127.200302124
-0.013143094 0.104122132 -0.994477749 -27.599266052 -0.141172335 0.984408081 0.104933582 -14.542655945 0.989897788 0.141771868 0.001760993 127.217391968
-0.010727017 0.107960768 -0.994097292 -28.477426529 -0.145993203 0.983332396 0.108367048 -14.536743164 0.989227414 0.146293893 0.005213314 127.231712341
-0.008789327 0.109889068 -0.993905008 -29.352397919 -0.148555413 0.982770383 0.109971695 -14.529764175 0.988865018 0.148616537 0.007686726 127.263145447
-0.005132990 0.110874869 -0.993821144 -30.245214462 -0.147558227 0.982870758 0.110415339 -14.531160355 0.989040017 0.147213250 0.011315440 127.289489746
-0.002825182 0.111122645 -0.993802726 -31.135667801 -0.150497153 0.982440352 0.110279977 -14.525851250 0.988606393 0.149876028 0.013948069 127.321716309
-0.000127951 0.114696771 -0.993400514 -32.038356781 -0.150835171 0.982032776 0.113403693 -14.513340950 0.988558888 0.149854258 0.017174657 127.350334167
0.001943189 0.116793282 -0.993154287 -32.951030731 -0.149899021 0.981968760 0.115184598 -14.505620956 0.988699377 0.148649052 0.019415352 127.395629883
0.003610916 0.118091539 -0.992996097 -33.843803406 -0.150513381 0.981754363 0.116207287 -14.500100136 0.988601387 0.149039611 0.021319391 127.437294006
0.006044266 0.116289571 -0.993196964 -34.747520447 -0.151950166 0.981788397 0.114029072 -14.489929199 0.988369644 0.150227234 0.023604412 127.467826843
0.006332592 0.117274240 -0.993079305 -35.657875061 -0.155935735 0.981066346 0.114861235 -14.475500107 0.987746894 0.154129207 0.024499932 127.509651184
0.007342964 0.118032359 -0.992982507 -36.553291321 -0.156812131 0.980859518 0.115431733 -14.468927383 0.987601161 0.154864103 0.025711317 127.545936584
0.008099895 0.114536673 -0.993386030 -37.451446533 -0.157152891 0.981219590 0.111852497 -14.463499069 0.987541020 0.155207500 0.025947548 127.576965332
0.008744990 0.110434145 -0.993844926 -38.355960846 -0.158273995 0.981507182 0.107670523 -14.462236404 0.987356484 0.156358242 0.026062125 127.624229431
0.009294184 0.109572530 -0.993935347 -39.252857208 -0.157942012 0.981662035 0.106742591 -14.453361511 0.987404644 0.155992076 0.026429852 127.665733337
0.009003584 0.113700323 -0.993474364 -40.157878876 -0.160087079 0.980863929 0.110806264 -14.446539879 0.987061739 0.158044741 0.027033241 127.705978394
0.009435049 0.120123893 -0.992714047 -41.087562561 -0.161002696 0.979988039 0.117053755 -14.433519363 0.986908853 0.158725232 0.028586505 127.742774963
0.009812654 0.118809268 -0.992868602 -41.982006073 -0.158872783 0.980489492 0.115757778 -14.430335045 0.987250268 0.156603917 0.028496761 127.785827637
0.010741023 0.108553901 -0.994032443 -42.873558044 -0.158282161 0.981741428 0.105501331 -14.433414459 0.987335563 0.156204447 0.027727053 127.828315735
0.010694752 0.097934619 -0.995135367 -43.797206879 -0.159817785 0.982566476 0.094980113 -14.434434891 0.987088621 0.158024549 0.026160000 127.870956421
0.009652930 0.094884105 -0.995441437 -44.699325562 -0.156659454 0.983338535 0.092211321 -14.439621925 0.987605512 0.155055210 0.024356592 127.916351318
0.009575680 0.104816921 -0.994445384 -45.620647430 -0.149205193 0.983507693 0.102227330 -14.438152313 0.988759875 0.147397533 0.025056986 127.965042114
0.009574648 0.118018024 -0.992965281 -46.560977936 -0.144194707 0.982795179 0.115418866 -14.433893204 0.989503026 0.142075256 0.026427496 128.025543213
0.009807892 0.126997307 -0.991854608 -47.481914520 -0.144425854 0.981681705 0.124266624 -14.421960831 0.989467025 0.142030641 0.027969923 128.070938110
0.009311923 0.121366724 -0.992564023 -48.399936676 -0.144693717 0.982324064 0.118757144 -14.417087555 0.989432633 0.142511949 0.026708329 128.112365723
0.009493254 0.107937567 -0.994112372 -49.317802429 -0.144585326 0.983858109 0.105443493 -14.414396286 0.989446819 0.142733037 0.024946202 128.156875610
0.009930256 0.099119775 -0.995025933 -50.233085632 -0.145289496 0.984658599 0.096637033 -14.411836624 0.989339352 0.143607214 0.024178972 128.200149536
0.010240678 0.099255249 -0.995009303 -51.163375854 -0.144441023 0.984772325 0.096747510 -14.418102264 0.989460468 0.142729431 0.024421269 128.245010376
0.009942164 0.100607716 -0.994876504 -52.106449127 -0.147275656 0.984222651 0.098058574 -14.428868294 0.989045441 0.145546168 0.024602370 128.283813477
0.010658087 0.100150473 -0.994915247 -53.036109924 -0.151890516 0.983588219 0.097383134 -14.427740097 0.988339841 0.150080219 0.025695074 128.314559937
0.011007726 0.099377029 -0.994988918 -53.973228455 -0.153499812 0.983423114 0.096523657 -14.425705910 0.988087416 0.151668072 0.026079604 128.357376099
0.011877215 0.106999040 -0.994188130 -54.936851501 -0.162535340 0.981242120 0.103663966 -14.425077438 0.986631334 0.160359427 0.029045543 128.394546509
0.013140746 0.116464980 -0.993107855 -55.876739502 -0.167986304 0.979334414 0.112626940 -14.415249825 0.985701799 0.165348530 0.032433704 128.433944702
0.014471724 0.124827087 -0.992072940 -56.836849213 -0.168371186 0.978313446 0.120639712 -14.406269073 0.985617399 0.165290654 0.035175160 128.474639893
0.015158908 0.125588939 -0.991966546 -57.786167145 -0.170006230 0.977959216 0.121217549 -14.396420479 0.985326350 0.166802958 0.036175694 128.525985718
0.016986957 0.115820594 -0.993124902 -58.721340179 -0.171827957 0.978829145 0.111214340 -14.389404297 0.984980464 0.168757439 0.036528546 128.565032959
0.018271586 0.110753804 -0.993679941 -59.659175873 -0.170255095 0.979675412 0.106062286 -14.379624367 0.985230684 0.167241111 0.036756624 128.618942261
0.020114262 0.109190829 -0.993817329 -60.630542755 -0.168641850 0.980146229 0.104275577 -14.376804352 0.985472143 0.165501788 0.038129058 128.674896240
0.023399146 0.114954948 -0.993095040 -61.589176178 -0.170199320 0.979323566 0.109350629 -14.370761871 0.985131919 0.166465357 0.042480588 128.733932495
0.027093811 0.117184319 -0.992740452 -62.563022614 -0.173381150 0.978604078 0.110783726 -14.369230270 0.984482050 0.169120908 0.046831671 128.783264160
0.030862598 0.112277813 -0.993197441 -63.519203186 -0.172376528 0.979380310 0.105359413 -14.367719650 0.984547496 0.167952284 0.049580283 128.844757080
0.034029894 0.106320560 -0.993749380 -64.475280762 -0.172300518 0.980061293 0.098955840 -14.368228912 0.984456360 0.167856082 0.051670477 128.910415649
0.037752517 0.106218696 -0.993625879 -65.434524536 -0.170021236 0.980519533 0.098357730 -14.366428375 0.984717011 0.165224239 0.055076510 128.977355957
0.039740268 0.110635482 -0.993066192 -66.390029907 -0.167160884 0.980581284 0.102555171 -14.378166199 0.985128343 0.161926270 0.057462480 129.066665649
0.043197185 0.117284864 -0.992158294 -67.348342896 -0.166667402 0.980015099 0.108592920 -14.375406265 0.985066533 0.160669520 0.061881453 129.143936157
0.045824196 0.120755941 -0.991623938 -68.314117432 -0.164325222 0.980055213 0.111753479 -14.372464180 0.985341311 0.157827809 0.064753488 129.228729248
0.047936317 0.122781739 -0.991275311 -69.295684814 -0.164066106 0.979904950 0.113439448 -14.372283936 0.985283971 0.157196805 0.067117363 129.307250977
0.050269108 0.120009698 -0.991499305 -70.232337952 -0.162483856 0.980510890 0.110441752 -14.367690086 0.985429883 0.155550808 0.068789057 129.381866455
0.051015753 0.118639685 -0.991625965 -71.177864075 -0.160495102 0.980987370 0.109109968 -14.368252754 0.985717416 0.153584749 0.069086917 129.467926025
0.051428329 0.115460202 -0.991979837 -72.121681213 -0.157472551 0.981805861 0.106111974 -14.377185822 0.986183345 0.150752425 0.068674453 129.558502197
0.051225141 0.114518240 -0.992099524 -73.120361328 -0.155937806 0.982136309 0.105316646 -14.360610008 0.986437738 0.149310991 0.068167791 129.640838623
0.051256903 0.119258441 -0.991539240 -74.075706482 -0.152804062 0.982090533 0.110222898 -14.359833717 0.986926377 0.145861551 0.068562098 129.723449707
0.050610881 0.120764576 -0.991390169 -75.036399841 -0.146593705 0.982808948 0.112235591 -14.359194756 0.987901270 0.139651254 0.067444153 129.821640015
0.049806852 0.116166897 -0.991980135 -75.996078491 -0.143824473 0.983695030 0.107975289 -14.342957497 0.988348961 0.137293115 0.065702394 129.902770996
0.048022430 0.112372197 -0.992505074 -76.971084595 -0.146046951 0.983762443 0.104315870 -14.342973709 0.988111377 0.139942810 0.063654281 129.984344482
0.046938218 0.109425381 -0.992886126 -77.920242310 -0.142569840 0.984539390 0.101765558 -14.341719627 0.988671124 0.136778936 0.061813291 130.064575195
0.045394756 0.110147014 -0.992878079 -78.886421204 -0.142704159 0.984424412 0.102684677 -14.339892387 0.988723814 0.137026504 0.060406130 130.136337280
0.044878520 0.111592613 -0.992740154 -79.846443176 -0.144181386 0.984060466 0.104098983 -14.340829849 0.988533080 0.138462856 0.060252767 130.208740234
0.043305784 0.111722194 -0.992795408 -80.799636841 -0.145611867 0.983822048 0.104360811 -14.339905739 0.988393545 0.140043378 0.058873270 130.284149170
0.042266507 0.112768456 -0.992721856 -81.746627808 -0.145751342 0.983676195 0.105535328 -14.341485023 0.988417983 0.140229955 0.058012709 130.350769043
0.040383834 0.112470873 -0.992834032 -82.713684082 -0.145428628 0.983725250 0.105523638 -14.335017204 0.988544226 0.140125036 0.056083076 130.416946411
0.038228266 0.114888333 -0.992642522 -83.663360596 -0.144996345 0.983493209 0.108245365 -14.326161385 0.988693416 0.139791518 0.054255631 130.495559692
0.036274590 0.118637018 -0.992274821 -84.616622925 -0.146380454 0.982849479 0.112158880 -14.317157745 0.988563061 0.141181126 0.053018603 130.557418823
0.034350693 0.123228550 -0.991783619 -85.565483093 -0.147396103 0.982142091 0.116925471 -14.303477287 0.988480866 0.142168537 0.051900666 130.620498657
0.032110885 0.123236254 -0.991857708 -86.519042969 -0.147453547 0.982094705 0.117249504 -14.298904419 0.988547564 0.142487988 0.049707558 130.684036255
0.031227361 0.118133195 -0.992506623 -87.463455200 -0.147474274 0.982667327 0.112322077 -14.292503357 0.988572836 0.142861664 0.048107717 130.743576050
0.028647626 0.113155760 -0.993164182 -88.414031982 -0.151522055 0.982582152 0.107579477 -14.277137756 0.988038659 0.147404358 0.045294233 130.802642822
0.027468640 0.110962540 -0.993444800 -89.357238770 -0.149403647 0.983112812 0.105677500 -14.272604942 0.988394678 0.145521477 0.043582980 130.866409302
0.026955266 0.112209082 -0.993318915 -90.320739746 -0.144515157 0.983678699 0.107198440 -14.271534920 0.989135385 0.140660062 0.042731240 130.919677734
0.026602169 0.113480292 -0.993184030 -91.269584656 -0.141492948 0.983960271 0.108636551 -14.267272949 0.989581764 0.137638569 0.042232137 130.978698730
0.025247868 0.113190398 -0.993252456 -92.222351074 -0.136290416 0.984681964 0.108749270 -14.266422272 0.990347087 0.132625103 0.040287890 131.045898438
0.023926174 0.110293046 -0.993611097 -93.165565491 -0.132250085 0.985509753 0.106209211 -14.267303467 0.990927577 0.128863961 0.038165744 131.108367920
0.023479387 0.107247815 -0.993955076 -94.105644226 -0.127130434 0.986477852 0.103437923 -14.269227982 0.991608024 0.123933285 0.036796361 131.169784546
0.022053903 0.110156327 -0.993669569 -95.086662292 -0.124987960 0.986417413 0.106578305 -14.271076202 0.991913080 0.121846259 0.035522562 131.216217041
0.020581156 0.112529337 -0.993435204 -96.033805847 -0.124326989 0.986221075 0.109136477 -14.267726898 0.992027879 0.121264651 0.034288008 131.274765015
0.019185374 0.110367164 -0.993705750 -96.994148254 -0.120128110 0.986943066 0.107296765 -14.262680054 0.992572963 0.117313452 0.032193080 131.324127197
0.017332172 0.107655697 -0.994037092 -97.944297791 -0.117260411 0.987544656 0.104907960 -14.262597084 0.992949963 0.114742927 0.029740043 131.370773315
0.013789834 0.104992345 -0.994377434 -98.913017273 -0.115937889 0.987932324 0.102704026 -14.257488251 0.993160725 0.113869749 0.025796009 131.420150757
0.011057930 0.104057565 -0.994509816 -99.866966248 -0.110368654 0.988620877 0.102214195 -14.264783859 0.993829250 0.108632430 0.022416791 131.469818115
0.008955758 0.104000092 -0.994536936 -100.826927185 -0.103572659 0.989323974 0.102522291 -14.256015778 0.994581521 0.102088697 0.019631714 131.510757446
0.005804535 0.111820541 -0.993711472 -101.789192200 -0.093799591 0.989407718 0.110788330 -14.254545212 0.995574176 0.092566654 0.016231772 131.580581665
0.003179458 0.120222911 -0.992741764 -102.746765137 -0.085678615 0.989129066 0.119510978 -14.250537872 0.996317744 0.084676772 0.013445423 131.634597778
-0.000111333 0.119537197 -0.992829740 -103.702148438 -0.081502616 0.989525616 0.119148523 -14.240624428 0.996673167 0.080931500 0.009632427 131.682617188
-0.002394412 0.109851345 -0.993945241 -104.652076721 -0.082612179 0.990528703 0.109672785 -14.242574692 0.996578872 0.082374558 0.006703327 131.710067749
-0.004542480 0.100463524 -0.994930387 -105.599601746 -0.084499687 0.991343558 0.100487143 -14.238069534 0.996413112 0.084527768 0.003985978 131.745574951
-0.004649224 0.102075160 -0.994765818 -106.563209534 -0.091973759 0.990516305 0.102068976 -14.238824844 0.995750546 0.091966890 0.004783103 131.758834839
-0.005747021 0.110908687 -0.993813992 -107.523880005 -0.094869845 0.989287317 0.110952124 -14.221721649 0.995473206 0.094920605 0.004836434 131.798538208
-0.007268320 0.122347929 -0.992460608 -108.487464905 -0.098892726 0.987533689 0.122464776 -14.208513260 0.995071590 0.099037245 0.004921610 131.825439453
-0.008674611 0.123730317 -0.992277980 -109.435096741 -0.105672628 0.986645460 0.123951778 -14.192860603 0.994363129 0.105931848 0.004516141 131.853759766
-0.008615250 0.121129617 -0.992599249 -110.414108276 -0.113140240 0.986143887 0.121323854 -14.177164078 0.993541658 0.113348164 0.005208759 131.872192383
-0.008863554 0.117167912 -0.993072569 -111.368125916 -0.121200800 0.985663891 0.117375560 -14.162317276 0.992588520 0.121401563 0.005464359 131.894027710
-0.006292933 0.118989393 -0.992875636 -112.335220337 -0.125760317 0.984917760 0.118832797 -14.139927864 0.992040694 0.125612140 0.008766120 131.913543701
-0.005047624 0.120264888 -0.992729008 -113.320434570 -0.133861721 0.983725488 0.119854771 -14.120346069 0.990987122 0.133493409 0.011133386 131.937301636
-0.004659624 0.122758441 -0.992425680 -114.283470154 -0.143006131 0.982153952 0.122159310 -14.100741386 0.989710867 0.142492175 0.012978739 131.957794189
-0.004387183 0.124939583 -0.992154777 -115.258209229 -0.148457214 0.981088281 0.124202482 -14.077217102 0.988909066 0.147837415 0.014243964 131.982681274
-0.004455181 0.124848828 -0.992165744 -116.240707397 -0.152346268 0.980509281 0.124066085 -14.069033623 0.988317132 0.151705503 0.014651899 132.027236938
-0.003029658 0.115089394 -0.993350506 -117.194297791 -0.151126742 0.981893063 0.114222839 -14.067560196 0.988509655 0.150467873 0.014418283 132.059692383
-0.001650094 0.103810281 -0.994595766 -118.146011353 -0.154301152 0.982659221 0.102820404 -14.057897568 0.988022506 0.153636932 0.014396567 132.095184326
