1.000000000 0.000000000 0.000000000 0.000000000 0.000000000 1.000000000 0.000000000 0.000000000 0.000000000 0.000000000 1.000000000 0.000000000
0.999997854 -0.001579226 -0.001339843 0.049037669 0.001576345 0.999996424 -0.002148222 -0.132795453 0.001343230 0.002146106 0.999996781 1.297970653
0.999997854 0.000036030 -0.002072438 0.103781082 -0.000049218 0.999979734 -0.006363848 -0.267681718 0.002072167 0.006363936 0.999977589 2.603326797
0.999996066 0.002525895 -0.001223948 0.147041887 -0.002535440 0.999965906 -0.007860817 -0.406524241 0.001204050 0.007863889 0.999968350 3.906613350
0.999982834 0.005845076 0.000357753 0.191088244 -0.005842598 0.999961376 -0.006574385 -0.545323491 -0.000396167 0.006572182 0.999978304 5.219624043
0.999973893 0.006724384 0.002637159 0.238568470 -0.006715874 0.999972284 -0.003222134 -0.689990342 -0.002658753 0.003204339 0.999991357 6.536905766
0.999958813 0.006974934 0.005810942 0.296645910 -0.006964532 0.999974132 -0.001808437 -0.827547312 -0.005823405 0.001767892 0.999981523 7.841595173
0.999941409 0.005347835 0.009405576 0.349050075 -0.005331146 0.999984145 -0.001798522 -0.961450875 -0.009415046 0.001748274 0.999954164 9.145903587
0.999910414 0.004054287 0.012753783 0.427059680 -0.004032421 0.999990404 -0.001739740 -1.098026395 -0.012760713 0.001688156 0.999917150 10.445866585
0.999864936 0.002920743 0.016174637 0.491713315 -0.002882853 0.999993026 -0.002365371 -1.238199115 -0.016181435 0.002318422 0.999866366 11.753726959
0.999809086 0.001853948 0.019452881 0.568571210 -0.001792715 0.999993384 -0.003164683 -1.374361634 -0.019458622 0.003129206 0.999805748 13.046527863
0.999741793 0.001634589 0.022664355 0.640005648 -0.001559666 0.999993265 -0.003323040 -1.519371986 -0.022669638 0.003286833 0.999737620 14.371685982
0.999661446 0.001567642 0.025973171 0.726706982 -0.001454184 0.999989331 -0.004386572 -1.657482266 -0.025979772 0.004347317 0.999652982 15.666365623
0.999565721 0.002446514 0.029366445 0.803725362 -0.002319427 0.999987781 -0.004360895 -1.793983579 -0.029376760 0.004290888 0.999559224 16.963970184
0.999466419 0.001994696 0.032599922 0.894051492 -0.001864749 0.999990225 -0.004016032 -1.932813406 -0.032607611 0.003953099 0.999460399 18.250186920
0.999394059 0.000588753 0.034802575 0.992443919 -0.000456917 0.999992669 -0.003795966 -2.074365616 -0.034804560 0.003777764 0.999387026 19.547796249
0.999334991 -0.001938585 0.036412667 1.089571595 0.002123163 0.999985099 -0.005031067 -2.215049028 -0.036402367 0.005105031 0.999324262 20.819679260
0.999293745 -0.001454177 0.037549328 1.188038111 0.001705503 0.999976337 -0.006662058 -2.357759953 -0.037538752 0.006721393 0.999272525 22.124822617
0.999248743 -0.001412472 0.038729466 1.273031354 0.001771257 0.999955833 -0.009231144 -2.501319647 -0.038714726 0.009292809 0.999207139 23.408597946
0.999205291 -0.000933971 0.039848998 1.373022318 0.001368144 0.999939978 -0.010869578 -2.643078327 -0.039836448 0.010915458 0.999146581 24.698265076
0.999158323 -0.000233280 0.041020453 1.472238779 0.000701983 0.999934673 -0.011412048 -2.790199995 -0.041015111 0.011431240 0.999093115 25.969966888
0.999140322 -0.001717836 0.041420050 1.572028160 0.002154077 0.999942660 -0.010489792 -2.936731815 -0.041399658 0.010569995 0.999086678 27.259094238
0.999135911 -0.004684361 0.041295011 1.676920891 0.005063629 0.999945939 -0.009084550 -3.086428642 -0.041250221 0.009285803 0.999105632 28.536708832
0.999162138 -0.006179832 0.040456738 1.773481369 0.006580641 0.999930501 -0.009781442 -3.230169773 -0.040393487 0.010039479 0.999133348 29.827239990
0.999186575 -0.007912136 0.039540965 1.881406546 0.008400602 0.999890268 -0.012202617 -3.377683163 -0.039440081 0.012524861 0.999143362 31.095083237
0.999211252 -0.007856090 0.038928293 1.986529350 0.008346886 0.999887466 -0.012461277 -3.525336027 -0.038826019 0.012776374 0.999164283 32.378681183
0.999232411 -0.008535573 0.038232304 2.087364197 0.009033178 0.999876440 -0.012861546 -3.669431448 -0.038117800 0.013197031 0.999186039 33.646171570
0.999236643 -0.009069459 0.037997503 2.174266815 0.009562405 0.999872208 -0.012811555 -3.815351248 -0.037876457 0.013165123 0.999195695 34.912845612
0.999245524 -0.009510795 0.037656251 2.267322540 0.010020730 0.999860287 -0.013376394 -3.959304333 -0.037523769 0.013743643 0.999201238 36.173545837
0.999290764 -0.010250309 0.036232561 2.382990837 0.010745835 0.999851048 -0.013508054 -4.117126942 -0.036088698 0.013887826 0.999252081 37.463222504
0.999288082 -0.009820996 0.036426622 2.477506638 0.010256249 0.999877989 -0.011781197 -4.262812138 -0.036306471 0.012146410 0.999266922 38.720283508
0.999247313 -0.009830504 0.037524138 2.574904680 0.010237143 0.999890804 -0.010660057 -4.403200150 -0.037415240 0.011036175 0.999238789 39.992137909
0.999170840 -0.011691970 0.038998306 2.688361168 0.012047181 0.999887884 -0.008885808 -4.547393322 -0.038890041 0.009348260 0.999199688 41.239719391
0.999055803 -0.012536826 0.041597478 2.782328606 0.012970555 0.999864221 -0.010173381 -4.691454887 -0.041464284 0.010703319 0.999082685 42.513408661
0.998930097 -0.013710300 0.044164736 2.877223015 0.014316460 0.999807179 -0.013438031 -4.840315819 -0.043971982 0.014055936 0.998933911 43.765464783
0.998827577 -0.014925025 0.046050802 2.986550808 0.015604014 0.999774277 -0.014420192 -4.988526821 -0.045825187 0.015121866 0.998834968 45.030570984
0.998697400 -0.015012949 0.048766721 3.108692646 0.015673222 0.999790192 -0.013185323 -5.124665260 -0.048558548 0.013932479 0.998723209 46.269268036
0.998509109 -0.016383799 0.052068602 3.225970030 0.016913498 0.999809384 -0.009748752 -5.280237198 -0.051898956 0.010614879 0.998595953 47.535018921
0.998238921 -0.019268792 0.056103703 3.343875408 0.019741880 0.999773979 -0.007890320 -5.417376995 -0.055938981 0.008984018 0.998393774 48.761554718
0.997993052 -0.021265771 0.059645370 3.475948811 0.021805391 0.999726832 -0.008410838 -5.554577351 -0.059450220 0.009694549 0.998184204 50.028568268
0.997731090 -0.024364106 0.062762164 3.620745897 0.025180086 0.999607980 -0.012243047 -5.689170361 -0.062439267 0.013795626 0.997953475 51.260463715
0.997417808 -0.025987420 0.066950403 3.747431517 0.026868790 0.999563336 -0.012297738 -5.824140549 -0.066601567 0.014064861 0.997680485 52.487312317
0.997053385 -0.028374020 0.071270272 3.875886202 0.029146297 0.999526858 -0.009819222 -5.963567257 -0.070957944 0.011867553 0.997408688 53.708694458
0.996780276 -0.031118881 0.073896393 4.031790733 0.031673931 0.999478221 -0.006350996 -6.100614548 -0.073660187 0.008671138 0.997245729 54.917686462
0.996542871 -0.033612076 0.075977743 4.186071873 0.034052514 0.999409974 -0.004508550 -6.233662605 -0.075781368 0.007080195 0.997099340 56.126869202
0.996333241 -0.036807436 0.077235356 4.334470749 0.037046220 0.999312162 -0.001660654 -6.353770256 -0.077121101 0.004515843 0.997011483 57.341026306
0.996190727 -0.039860260 0.077557899 4.491961479 0.039982010 0.999200344 -0.000016971 -6.482347012 -0.077495217 0.003117826 0.996987820 58.542114258
0.996129990 -0.041911747 0.077255793 4.637022972 0.042301111 0.999099076 -0.003409673 -6.605865479 -0.077043280 0.006664483 0.997005403 59.754451752
0.996146739 -0.043095943 0.076382563 4.786766052 0.043807283 0.999010563 -0.007661174 -6.735341072 -0.075976826 0.010977767 0.997049034 60.940628052
0.996155918 -0.044125475 0.075672179 4.914546967 0.045144770 0.998910606 -0.011811926 -6.861140251 -0.075068541 0.015182724 0.997062802 62.140983582
0.996201396 -0.045487579 0.074254856 5.060398579 0.046674781 0.998807251 -0.014331141 -6.993134499 -0.073514417 0.017742530 0.997136295 63.327117920
0.996336937 -0.046194550 0.071962640 5.200183392 0.047357623 0.998772085 -0.014539924 -7.127583027 -0.071202591 0.017894642 0.997301340 64.519073486
0.996546686 -0.045598850 0.069392532 5.332136154 0.046655860 0.998817265 -0.013687762 -7.264396667 -0.068686314 0.016878067 0.997495472 65.693733215
0.996797979 -0.044622522 0.066351071 5.452434063 0.045503434 0.998894215 -0.011824255 -7.406864643 -0.065750077 0.014805596 0.997726381 66.893333435
0.997189403 -0.040821504 0.062823579 5.573440075 0.041421197 0.999107420 -0.008272550 -7.537162304 -0.062429801 0.010851527 0.997990310 68.066772461
0.997402906 -0.038959850 0.060576577 5.681836605 0.039381944 0.999207497 -0.005789309 -7.663601398 -0.060303017 0.008159898 0.998146713 69.233032227
0.997720420 -0.038152020 0.055661775 5.823038101 0.038702685 0.999211550 -0.008848602 -7.806559563 -0.055280294 0.010982690 0.998410463 70.455001831
0.997898579 -0.038483005 0.052129954 5.933163166 0.039327521 0.999109626 -0.015272058 -7.939281464 -0.051495824 0.017290104 0.998523533 71.614364624
0.997961879 -0.041683968 0.048315447 6.040794373 0.042622775 0.998918772 -0.018565647 -8.075014114 -0.047489312 0.020587146 0.998659551 72.789222717
0.998005390 -0.045238771 0.044030115 6.163228512 0.045905560 0.998844028 -0.014252004 -8.209222794 -0.043334473 0.016244804 0.998928666 73.986030579
0.997998357 -0.049054366 0.039909482 6.266696930 0.049457423 0.998734057 -0.009174913 -8.337731361 -0.039408881 0.011130369 0.999161184 75.141998291
0.998041928 -0.051708549 0.035191499 6.364507675 0.051963981 0.998628497 -0.006382216 -8.468342781 -0.034813222 0.008198408 0.999360204 76.331626892
0.998220742 -0.050922479 0.031018311 6.454517365 0.051070351 0.998686969 -0.003993447 -8.593569756 -0.030774225 0.005570457 0.999510765 77.491462708
0.998370469 -0.050423495 0.026719153 6.558012009 0.050560750 0.998710990 -0.004486159 -8.703478813 -0.026458493 0.005829788 0.999632895 78.650352478
0.998495817 -0.049269028 0.024054103 6.621591568 0.049426861 0.998759627 -0.006011514 -8.840451241 -0.023728088 0.007191390 0.999692559 79.832901001
0.998679280 -0.046933684 0.020901361 6.695495605 0.047167838 0.998827934 -0.010853635 -8.970816612 -0.020367466 0.011825172 0.999722600 80.977348328
0.998587191 -0.050410736 0.016806755 6.783998966 0.050674718 0.998592317 -0.015669225 -9.111796379 -0.015993200 0.016498763 0.999735951 82.139564514
0.998448133 -0.053679980 0.014823106 6.839334965 0.053926870 0.998403728 -0.016790669 -9.241351128 -0.013898124 0.017563976 0.999749064 83.290916443
0.998494983 -0.053872108 0.010273452 6.911283493 0.054007512 0.998450696 -0.013392307 -9.370513916 -0.009536064 0.013926995 0.999857545 84.437553406
0.998490632 -0.054344621 0.007950157 6.968310356 0.054427393 0.998461425 -0.010594353 -9.500511169 -0.007362182 0.011011067 0.999912262 85.570075989
0.998631358 -0.051844928 0.006889402 7.024319649 0.051929049 0.998570621 -0.012650534 -9.627588272 -0.006223688 0.012990979 0.999896288 86.711296082
0.998818934 -0.048226774 0.005901052 7.079486847 0.048315391 0.998705029 -0.015929958 -9.756965637 -0.005125159 0.016196253 0.999855697 87.841835022
0.998878658 -0.047115322 0.004647332 7.132385731 0.047194220 0.998711526 -0.018651698 -9.888402939 -0.003762563 0.018850112 0.999815226 88.957771301
0.998819888 -0.048407171 0.003957038 7.179189682 0.048473202 0.998648107 -0.018768093 -10.025249481 -0.003043178 0.018937750 0.999816060 90.085739136
0.998803616 -0.048823539 0.002743316 7.238379002 0.048862901 0.998663902 -0.016812908 -10.156149864 -0.001918784 0.016926838 0.999854863 91.188789368
0.998712540 -0.050705180 0.001528976 7.297059059 0.050721556 0.998616219 -0.013886935 -10.284678459 -0.000822720 0.013946606 0.999902368 92.299072266
0.998727143 -0.050410293 0.001758240 7.343531609 0.050429452 0.998636782 -0.013468524 -10.411131859 -0.001076891 0.013540045 0.999907732 93.435539246
0.998716414 -0.050632451 0.001326026 7.391589165 0.050646946 0.998595893 -0.015534637 -10.546779633 -0.000537607 0.015581858 0.999878407 94.578857422
0.998718917 -0.050595768 0.000876644 7.446177483 0.050603282 0.998535573 -0.019132933 -10.675526619 0.000092686 0.019152787 0.999816537 95.678550720
0.998662233 -0.051707320 0.000361826 7.502537251 0.051704023 0.998456836 -0.020261617 -10.808908463 0.000686406 0.020253221 0.999794602 96.782669067
0.998661578 -0.051713720 0.000841524 7.547977924 0.051720355 0.998478413 -0.019128432 -10.941042900 0.000148959 0.019146355 0.999816656 97.862312317
0.998675883 -0.051426534 0.001308093 7.598663807 0.051439401 0.998587728 -0.013286823 -11.065765381 -0.000622951 0.013336521 0.999910772 98.950965881
0.998767078 -0.049577784 0.002526494 7.648975372 0.049601734 0.998713732 -0.010513664 -11.185204506 -0.002002000 0.010626021 0.999941468 100.026954651
0.998838365 -0.047971480 0.004532580 7.702748775 0.048017778 0.998788893 -0.010727132 -11.299354553 -0.004012494 0.010932317 0.999932170 101.076980591
0.998911858 -0.046228245 0.006163565 7.756362438 0.046300389 0.998853922 -0.012127625 -11.429156303 -0.005595863 0.012399804 0.999907434 102.131507874
0.998886466 -0.046411041 0.008476570 7.811249733 0.046531860 0.998809218 -0.014660779 -11.547296524 -0.007786056 0.015038885 0.999856472 103.147033691
0.998796046 -0.048023425 0.010005547 7.879347801 0.048172329 0.998723149 -0.015214584 -11.668498039 -0.009262113 0.015678257 0.999834120 104.165008545
0.998703837 -0.049497299 0.011860140 7.944942474 0.049666222 0.998662055 -0.014398866 -11.791833878 -0.011131568 0.014969252 0.999825954 105.167938232
0.998688042 -0.049433071 0.013362247 8.008504868 0.049604282 0.998686969 -0.012800746 -11.907658577 -0.012711921 0.013446778 0.999828756 106.126930237
0.998612642 -0.050520092 0.014848589 8.065463066 0.050694220 0.998646915 -0.011594470 -12.016607285 -0.014242745 0.012331123 0.999822497 107.083511353
0.998547018 -0.051214673 0.016756715 8.123266220 0.051423781 0.998601258 -0.012295505 -12.122016907 -0.016103562 0.013139334 0.999784052 108.001670837
0.998535395 -0.050838992 0.018512681 8.183037758 0.051032841 0.998645365 -0.010153013 -12.226722717 -0.017971436 0.011082896 0.999777079 108.908012390
0.998539448 -0.050029572 0.020396778 8.240774155 0.050200254 0.998707592 -0.007943314 -12.326642990 -0.019973014 0.008955635 0.999760389 109.778991699
0.998517931 -0.050029777 0.021420196 8.302813530 0.050141476 0.998731017 -0.004709205 -12.429727554 -0.021157412 0.005776266 0.999759495 110.635124207
0.998475552 -0.050130807 0.023094373 8.362503052 0.050247699 0.998726606 -0.004508766 -12.523653030 -0.022838939 0.005662333 0.999723136 111.462730408
0.998496711 -0.049168907 0.024223836 8.412358284 0.049276795 0.998777568 -0.003876920 -12.614175797 -0.024003601 0.005064763 0.999699056 112.274055481
0.998599052 -0.046763543 0.024761721 8.463802338 0.046868172 0.998894334 -0.003661357 -12.694389343 -0.024563126 0.004816765 0.999686599 113.054870605
0.998733342 -0.044151422 0.024134059 8.509355545 0.044179175 0.999023438 -0.000617770 -12.772810936 -0.024083216 0.001683210 0.999708474 113.811653137
0.998796463 -0.044411246 0.020815114 8.559537888 0.044412050 0.999013126 0.000423997 -12.857588768 -0.020813404 0.000500955 0.999783278 114.565811157
0.998914957 -0.044327203 0.014280984 8.595664978 0.044324793 0.999017060 0.000485640 -12.932170868 -0.014288474 0.000147888 0.999897897 115.263534546
0.999087572 -0.042519309 0.004035167 8.620524406 0.042523287 0.999095023 -0.000905751 -13.005686760 -0.003993005 0.001076513 0.999991536 115.936309814
0.999145031 -0.040138397 -0.009910239 8.620977402 0.040107340 0.999189854 -0.003313289 -13.079165459 0.010035204 0.002912983 0.999945402 116.574012756
0.998837948 -0.038557060 -0.028915193 8.622061729 0.038402926 0.999245107 -0.005867246 -13.148077011 0.029119583 0.004749999 0.999564588 117.192451477
0.997997522 -0.036886677 -0.051384766 8.588573456 0.036502220 0.999298275 -0.008400718 -13.216234207 0.051658578 0.006508237 0.998643637 117.780311584
0.996239901 -0.035506602 -0.079027511 8.546586037 0.034811281 0.999342322 -0.010159181 -13.284467697 0.079336241 0.007369934 0.996820629 118.348106384
0.993265033 -0.033222023 -0.110999793 8.474130630 0.032089058 0.999413192 -0.011978340 -13.354517937 0.111332618 0.008335788 0.993748307 118.886322021
0.988820732 -0.028819511 -0.146297604 8.363925934 0.027117722 0.999539554 -0.013613851 -13.416110039 0.146622583 0.009494400 0.989146948 119.423507690
0.982511163 -0.022655029 -0.184820279 8.255218506 0.020657515 0.999705613 -0.012726545 -13.480172157 0.185054213 0.008686045 0.982689917 119.938827515
0.973900557 -0.017254187 -0.226318225 8.113098145 0.015234412 0.999826968 -0.010668153 -13.538776398 0.226463109 0.006941894 0.973994970 120.443771362
0.962516844 -0.012613086 -0.270928711 7.939088821 0.010572074 0.999903679 -0.008991556 -13.597703934 0.271016002 0.005790247 0.962557435 120.935806274
0.948228478 -0.006435161 -0.317523777 7.747489929 0.003578215 0.999947667 -0.009579951 -13.652935028 0.317568779 0.007947815 0.948201895 121.397109985
0.930738866 0.001555446 -0.365681291 7.513011932 -0.005724435 0.999930382 -0.010316671 -13.711015701 0.365639806 0.011695444 0.930682838 121.881645203
0.909644485 0.006066910 -0.415343374 7.255020142 -0.011767085 0.999868512 -0.011166067 -13.764402390 0.415221035 0.015044534 0.909596145 122.309577942
0.884386182 0.010242322 -0.466643751 6.989162445 -0.016780581 0.999810576 -0.009857909 -13.817422867 0.466454357 0.016548753 0.884390473 122.723953247
0.855337441 0.013535514 -0.517894447 6.706165314 -0.021783696 0.999714196 -0.009849045 -13.857560158 0.517613173 0.019705914 0.855387747 123.119766235
0.823801458 0.023090562 -0.566408098 6.373367310 -0.032203928 0.999462664 -0.006093641 -13.912353516 0.565963030 0.023260517 0.824102402 123.491638184
0.789833128 0.035837919 -0.612273753 6.024726868 -0.045080785 0.998983204 0.000318786 -13.953089714 0.611662745 0.027349995 0.790645599 123.841522217
0.753811300 0.044529997 -0.655580401 5.667732239 -0.056251068 0.998411715 0.003137034 -13.995221138 0.654678762 0.034512360 0.755118966 124.156860352
0.713992774 0.048338093 -0.698482335 5.297584534 -0.063463308 0.997975290 0.004191765 -14.041213036 0.697270870 0.041335117 0.715614974 124.454521179
0.671474814 0.050303433 -0.739317954 4.920989990 -0.066380292 0.997765422 0.007599346 -14.090784073 0.738048255 0.043973371 0.673313618 124.734558105
0.627482414 0.053839270 -0.776767135 4.515911102 -0.069689929 0.997486055 0.012841335 -14.125170708 0.775505722 0.046075117 0.629657030 125.002685547
0.582448840 0.062493935 -0.810461462 4.091152191 -0.080891736 0.996547282 0.018708916 -14.157903671 0.808832347 0.054662649 0.585493207 125.232002258
0.536642671 0.071378179 -0.840785205 3.647895813 -0.092568740 0.995381773 0.025419334 -14.182964325 0.838716686 0.064189337 0.540771723 125.443374634
0.489984155 0.076443322 -0.868373096 3.190555573 -0.098145351 0.994651675 0.032180641 -14.209705353 0.866188765 0.069458783 0.494866073 125.644187927
0.442523122 0.077707730 -0.893383920 2.727439880 -0.097504482 0.994501472 0.038205829 -14.234985352 0.891440511 0.070201956 0.447666705 125.824615479
0.395455956 0.079029799 -0.915078640 2.250457764 -0.094696693 0.994490206 0.044964440 -14.253887177 0.913590133 0.068873450 0.400760978 125.997573853
0.349439681 0.082356773 -0.933332324 1.753635406 -0.096645437 0.993984342 0.051524613 -14.281017303 0.931961119 0.072197564 0.355297059 126.145431519
0.305937380 0.085595056 -0.948196054 1.253917694 -0.102218762 0.993146300 0.056671690 -14.300295830 0.946548223 0.079585448 0.312590033 126.259307861
0.264370739 0.087021805 -0.960487008 0.731954575 -0.106820211 0.992435038 0.060514465 -14.315590858 0.958487093 0.086601168 0.271666586 126.360824585
0.224820793 0.083711162 -0.970797598 0.205112457 -0.107278451 0.992372692 0.060727634 -14.333463669 0.968476593 0.090492830 0.232086390 126.463783264
0.189912066 0.078325726 -0.978671908 -0.334110260 -0.102638513 0.992934585 0.059550125 -14.351196289 0.976421416 0.089140125 0.196609527 126.552421570
0.159413144 0.073090471 -0.984502494 -0.882253647 -0.099922910 0.993328571 0.057565950 -14.371650696 0.982141972 0.089197583 0.165653035 126.632064819
0.133273035 0.071662851 -0.988485038 -1.449893951 -0.100991666 0.993172526 0.058386419 -14.391529083 0.985920370 0.092047401 0.139600456 126.695205688
0.111178190 0.070974238 -0.991262853 -2.042907715 -0.101381995 0.993052781 0.059731584 -14.404617310 0.988615870 0.093855344 0.117601320 126.752784729
0.092358589 0.072469167 -0.993085206 -2.636442184 -0.103809953 0.992613792 0.062780261 -14.421098709 0.990299582 0.097293824 0.099199437 126.809013367
0.076365240 0.070452578 -0.994587719 -3.251762390 -0.104668371 0.992555678 0.062272124 -14.442520142 0.991570890 0.099346444 0.083170921 126.860855103
0.062131446 0.069463246 -0.995647669 -3.871308804 -0.103553809 0.992639840 0.062791310 -14.472543716 0.992681324 0.099201806 0.068867333 126.913177490
0.050093725 0.067041032 -0.996491849 -4.511249065 -0.099259518 0.993139029 0.061825678 -14.494235992 0.993799865 0.095814221 0.056404486 126.953269958
0.038342189 0.065057933 -0.997144520 -5.164947033 -0.097439975 0.993366301 0.061064653 -14.514224052 0.994502544 0.094820403 0.044427071 126.983268738
0.027474606 0.063402645 -0.997609794 -5.830807686 -0.096144080 0.993527472 0.060495336 -14.530351639 0.994988084 0.094252199 0.033392571 127.024169922
0.017783429 0.064950831 -0.997729957 -6.501856804 -0.099566974 0.993042588 0.062871017 -14.552915573 0.994871914 0.098222896 0.024126662 127.044494629
0.009346956 0.065063328 -0.997837365 -7.180158615 -0.102349147 0.992702425 0.063769788 -14.582166672 0.994704604 0.101531744 0.015937923 127.059524536
0.002949314 0.064226918 -0.997930884 -7.871960640 -0.104642756 0.992476285 0.063566566 -14.600895882 0.994505644 0.104238763 0.009648002 127.074790955
-0.001990868 0.064829916 -0.997894287 -8.570331573 -0.105511509 0.992312551 0.064677767 -14.616490364 0.994416118 0.105418101 0.004864737 127.088180542
-0.005719169 0.067438439 -0.997706950 -9.290283203 -0.107617073 0.991887271 0.067661963 -14.637097359 0.994175971 0.107757278 0.001584757 127.112525940
-0.006460705 0.071455166 -0.997422814 -10.024810791 -0.109980442 0.991341889 0.071731910 -14.662509918 0.993912697 0.110160440 0.001453902 127.112792969
-0.007692915 0.074442051 -0.997195661 -10.738781929 -0.112805694 0.990794957 0.074834481 -14.674800873 0.993587315 0.113065049 0.000775386 127.125854492
-0.008412348 0.079798050 -0.996775568 -11.476697922 -0.117544077 0.989821136 0.080233328 -14.681396484 0.993032098 0.117839999 0.001053067 127.134681702
-0.009478110 0.083653629 -0.996449888 -12.219314575 -0.120637834 0.989120483 0.084185824 -14.694271088 0.992651463 0.121007472 0.000716801 127.140708923
-0.010730052 0.084029399 -0.996405482 -12.969045639 -0.120838799 0.989051104 0.084710479 -14.711511612 0.992614090 0.121313393 -0.000458560 127.157783508
-0.012116332 0.081086218 -0.996633410 -13.713133812 -0.118517734 0.989564240 0.081951909 -14.730523109 0.992878020 0.119111687 -0.002379736 127.177108765
-0.013724562 0.077299230 -0.996913493 -14.473818779 -0.122061022 0.989421427 0.078398727 -14.734440804 0.992427707 0.122760244 -0.004144153 127.189231873
-0.014983914 0.078910761 -0.996769011 -15.243499756 -0.127178490 0.988633931 0.080178514 -14.745194435 0.991766691 0.127968982 -0.004777855 127.188858032
-0.016538734 0.082339972 -0.996467054 -16.024524689 -0.124496259 0.988678098 0.083762698 -14.764411926 0.992082179 0.125441745 -0.006100464 127.206718445
-0.018699896 0.082400858 -0.996423781 -16.799156189 -0.123342462 0.988795400 0.084084794 -14.780391693 0.992187977 0.124473713 -0.008326846 127.221733093
-0.019398617 0.081912987 -0.996450722 -17.591800690 -0.126968846 0.988367319 0.083720282 -14.791432381 0.991716981 0.128142238 -0.008772561 127.216575623
-0.020719923 0.081327133 -0.996472001 -18.384706497 -0.131004915 0.987871706 0.083349235 -14.804326057 0.991165161 0.132269725 -0.009814371 127.232734680
-0.021983005 0.085612983 -0.996085942 -19.181411743 -0.132732227 0.987256944 0.087783448 -14.810277939 0.990908027 0.134142458 -0.010339274 127.241012573
-0.022950826 0.090547673 -0.995627701 -19.984775543 -0.132131770 0.986878812 0.092797846 -14.824700356 0.990966439 0.133683830 -0.010685460 127.256484985
-0.021908877 0.092894182 -0.995434940 -20.816293716 -0.132725194 0.986590564 0.094990022 -14.833829880 0.990910828 0.134200409 -0.009285692 127.265968323
-0.019903932 0.091893174 -0.995569885 -21.634567261 -0.132110074 0.986794174 0.093724348 -14.841543198 0.991035223 0.133390278 -0.007501070 127.273841858
-0.018894708 0.091932118 -0.995585918 -22.466812134 -0.132120356 0.986801744 0.093628459 -14.846439362 0.991053641 0.133306265 -0.006499227 127.286170959
-0.018765938 0.090757102 -0.995696247 -23.286434174 -0.130687043 0.987105012 0.092437081 -14.850480080 0.991246045 0.131859288 -0.006663174 127.307830811
-0.017800018 0.092522226 -0.995551527 -24.123201370 -0.131635487 0.986825228 0.094064817 -14.856136322 0.991138339 0.132724240 -0.005386298 127.324661255
-0.017169362 0.094799846 -0.995348275 -24.961980820 -0.133404404 0.986377120 0.096246593 -14.858995438 0.990913033 0.134436324 -0.004288747 127.338394165
-0.017284218 0.097251378 -0.995109677 -25.827024460 -0.136219278 0.985749483 0.098702624 -14.860107422 0.990527928 0.137259126 -0.003790396 127.353515625
-0.015581341 0.098370954 -0.995027781 -26.690860748 -0.138378903 0.985360146 0.099582106 -14.857040405 0.990256786 0.139242455 -0.001740771 127.363800049
-0.013467032 0.101474740 -0.994746983 -27.565303802 -0.145071834 0.984112680 0.102353938 -14.856409073 0.989329517 0.145688161 0.001468051 127.373695374
-0.011504363 0.105231658 -0.994381130 -28.441709518 -0.149772167 0.983047307 0.105765000 -14.851486206 0.988653541 0.150147423 0.004451438 127.392723083
-0.009501160 0.106930323 -0.994221032 -29.315937042 -0.152112871 0.982540250 0.107127652 -14.845798492 0.988317490 0.152251661 0.006930203 127.423278809
-0.005341871 0.108029634 -0.994133294 -30.217304230 -0.151470363 0.982589185 0.107589066 -14.848333359 0.988447368 0.151156455 0.011114423 127.440948486
-0.002624681 0.107937112 -0.994154215 -31.110097885 -0.154050991 0.982246518 0.107050985 -14.841866493 0.988059402 0.153431401 0.014049732 127.467712402
-0.000302406 0.111630283 -0.993749738 -32.009040833 -0.154484913 0.981814742 0.110336617 -14.833698273 0.987994969 0.153552711 0.016948290 127.500511169
0.001999433 0.113895237 -0.993490696 -32.920322418 -0.153661057 0.981728494 0.112237558 -14.829857826 0.988121569 0.152436420 0.019464159 127.542129517
0.003710527 0.115060501 -0.993351579 -33.813026428 -0.154143944 0.981551707 0.113117948 -14.825634003 0.988041461 0.152699396 0.021377955 127.583427429
0.006356032 0.113309734 -0.993539393 -34.717433929 -0.155474618 0.981589139 0.110952213 -14.819128990 0.987819374 0.153764948 0.023855804 127.612449646
0.006693230 0.114388399 -0.993413568 -35.623268127 -0.159693286 0.980808437 0.111861020 -14.809776306 0.987143993 0.157892764 0.024831843 127.653167725
0.007810506 0.115098618 -0.993323326 -36.517120361 -0.160578072 0.980606616 0.112362482 -14.805627823 0.986992240 0.158628330 0.026141351 127.689529419
0.007835479 0.111486062 -0.993735194 -37.412544250 -0.160572797 0.981009960 0.108792350 -14.803106308 0.986992896 0.158714384 0.025588311 127.727478027
0.008858690 0.107253201 -0.994192243 -38.323757172 -0.161853254 0.981274962 0.104417503 -14.803281784 0.986775100 0.159988210 0.026052089 127.770515442
0.009476583 0.106498934 -0.994267642 -39.221488953 -0.161583275 0.981408060 0.103581436 -14.797869682 0.986813545 0.159675419 0.026508844 127.810661316
0.009257070 0.110416159 -0.993842304 -40.124778748 -0.164067268 0.980583489 0.107414901 -14.790920258 0.986405849 0.162062645 0.027193006 127.849426270
0.009409907 0.116691358 -0.993123651 -41.056339264 -0.164369658 0.979838789 0.113572970 -14.782734871 0.986353934 0.162170678 0.028400708 127.891532898
0.009798117 0.115512021 -0.993257761 -41.952087402 -0.162251323 0.980325997 0.112407558 -14.783430099 0.986700892 0.160056025 0.028347330 127.934570312
0.010519172 0.105179429 -0.994397640 -42.842292786 -0.161320701 0.981604397 0.102119736 -14.790672302 0.986845911 0.159342706 0.027293285 127.977714539
0.010808152 0.094487116 -0.995467424 -43.762615204 -0.163089707 0.982361734 0.091472447 -14.794088364 0.986552060 0.161361828 0.026027387 128.018112183
0.009716357 0.091431215 -0.995763958 -44.663944244 -0.159813836 0.983152747 0.088713847 -14.802190781 0.987099409 0.158274889 0.024164638 128.063552856
0.009586978 0.101466618 -0.994792700 -45.586532593 -0.152382836 0.983367503 0.098832726 -14.805307388 0.988275111 0.150641814 0.024889290 128.111419678
0.009519705 0.114654861 -0.993359745 -46.537067413 -0.147400051 0.982713640 0.112013504 -14.803012848 0.989031136 0.145354927 0.026255274 128.172775269
0.009624310 0.123922229 -0.992245257 -47.459762573 -0.147601306 0.981597722 0.121160790 -14.795253754 0.989000142 0.145290598 0.027738284 128.217483521
0.009715052 0.118070930 -0.992957652 -48.375488281 -0.147686139 0.982283831 0.115356781 -14.791483879 0.988986552 0.145525381 0.026980381 128.256332397
0.009616298 0.104552522 -0.994472861 -49.305278778 -0.147772744 0.983747900 0.101996034 -14.791217804 0.988974571 0.145975187 0.024910023 128.298431396
0.010258138 0.095671088 -0.995360136 -50.220928192 -0.148151368 0.984572113 0.093107320 -14.790763855 0.988911510 0.146508873 0.024273679 128.340606689
0.010717816 0.095652789 -0.995357037 -51.156421661 -0.146972463 0.984754086 0.093051270 -14.796701431 0.989082515 0.145292789 0.024612736 128.383819580
0.010027655 0.097214691 -0.995212972 -52.095825195 -0.150252819 0.984109700 0.094616167 -14.812805176 0.988596797 0.148584768 0.024475090 128.419235229
0.010695622 0.096538581 -0.995271802 -53.054512024 -0.155036926 0.983452559 0.093726061 -14.815782547 0.987850726 0.153301403 0.025485685 128.458206177
0.011257969 0.095973313 -0.995320261 -53.985332489 -0.156578049 0.983273387 0.093040675 -14.816764832 0.987601340 0.154797867 0.026096975 128.499649048
0.012326686 0.103257746 -0.994578302 -54.932949066 -0.165890589 0.981081069 0.099800453 -14.812640190 0.986067057 0.163760990 0.029222969 128.530166626
0.014152469 0.112830326 -0.993513525 -55.874328613 -0.171717942 0.979125261 0.108750209 -14.808553696 0.985044479 0.169064999 0.033232033 128.563385010
0.014865768 0.120958276 -0.992546260 -56.847011566 -0.171825841 0.978198230 0.116636232 -14.803593636 0.985015154 0.168811202 0.035325427 128.623107910
0.015865983 0.121790327 -0.992429018 -57.789527893 -0.173137113 0.977895021 0.117238753 -14.795541763 0.984769940 0.169966176 0.036601685 128.667419434
0.017239731 0.112111308 -0.993546069 -58.728458405 -0.174813733 0.978725791 0.107405648 -14.792433739 0.984450579 0.171833858 0.036471557 128.716735840
0.018490419 0.107258312 -0.994059145 -59.669628143 -0.173312709 0.979522049 0.102465965 -14.791130066 0.984693229 0.170388460 0.036701001 128.768859863
0.020381877 0.105595402 -0.994200289 -60.628185272 -0.172058657 0.979941130 0.100553602 -14.797819138 0.984875977 0.169011295 0.038141649 128.829986572
0.024189647 0.111856706 -0.993430018 -61.581954956 -0.173327789 0.979140222 0.106027305 -14.795108795 0.984567165 0.169624209 0.043072939 128.878662109
0.027151795 0.114056848 -0.993103147 -62.548152924 -0.176270232 0.978448153 0.107554458 -14.801635742 0.983967304 0.172134236 0.046671458 128.944747925
0.031555898 0.109009646 -0.993539691 -63.496494293 -0.175983310 0.979111314 0.101837166 -14.801353455 0.983887255 0.171632871 0.050080620 129.000854492
0.034298278 0.103522427 -0.994035602 -64.463058472 -0.175163314 0.979847729 0.096001007 -14.815706253 0.983941793 0.170825914 0.051740427 129.074844360
0.037321519 0.103054784 -0.993975222 -65.426094055 -0.173079193 0.980302155 0.095138438 -14.818084717 0.984200656 0.168485746 0.054422997 129.148696899
0.040573012 0.107512809 -0.993375480 -66.381027222 -0.170619383 0.980337560 0.099133007 -14.823987961 0.984501421 0.165466994 0.058119010 129.222778320
0.043952588 0.114641175 -0.992434204 -67.354339600 -0.170293555 0.979715407 0.105630063 -14.830045700 0.984412730 0.164362445 0.062583677 129.296203613
0.046776801 0.117977321 -0.991913974 -68.337318420 -0.167907685 0.979800463 0.108618349 -14.825796127 0.984692276 0.161469147 0.065641232 129.377441406
0.048252765 0.119615853 -0.991646945 -69.296798706 -0.167655036 0.979687929 0.110015348 -14.831448555 0.984664142 0.160946056 0.067326851 129.467361450
0.050207168 0.116931535 -0.991869986 -70.250015259 -0.165829748 0.980313182 0.107174993 -14.827627182 0.984875560 0.159100577 0.068609469 129.549560547
0.051538758 0.115158737 -0.992009163 -71.201446533 -0.164122909 0.980800271 0.105330713 -14.828706741 0.985092640 0.157382816 0.069449417 129.625137329
0.051799659 0.111935042 -0.992364407 -72.156951904 -0.160704613 0.981682360 0.102341630 -14.839949608 0.985642433 0.154176280 0.068839274 129.709869385
0.050948311 0.111650392 -0.992440581 -73.127403259 -0.159379944 0.981904387 0.102283053 -14.837656021 0.985901713 0.152964011 0.067821190 129.808364868
0.050821636 0.116402611 -0.991900980 -74.085311890 -0.156065643 0.981908560 0.107233703 -14.838883400 0.986438334 0.149351880 0.068068661 129.890274048
0.050177850 0.118387580 -0.991698802 -75.049423218 -0.149919018 0.982591987 0.109714836 -14.846850395 0.987424195 0.143169239 0.067052908 129.985519409
0.049314320 0.113719217 -0.992288232 -76.011489868 -0.147243991 0.983469367 0.105390869 -14.834443092 0.987870097 0.140911236 0.065243617 130.068725586
0.048241969 0.109878995 -0.992773533 -76.976455688 -0.148773924 0.983634114 0.101638071 -14.832362175 0.987693787 0.142795593 0.063799575 130.140747070
0.046869881 0.107403696 -0.993110180 -77.924964905 -0.145299450 0.984361649 0.099600144 -14.838248253 0.988276958 0.139630109 0.061742608 130.223526001
0.045745902 0.108025953 -0.993095040 -78.890899658 -0.145504370 0.984254062 0.100361750 -14.838874817 0.988299489 0.139908522 0.060743831 130.290832520
0.044878885 0.109209776 -0.993005216 -79.851486206 -0.146432430 0.983989239 0.101600237 -14.841908455 0.988202095 0.140848428 0.060152210 130.363388062
0.043472953 0.109659187 -0.993018150 -80.805763245 -0.148132190 0.983678699 0.102142803 -14.845557213 0.988011479 0.142657503 0.059007466 130.435516357
0.042354241 0.110569268 -0.992965519 -81.755729675 -0.147764474 0.983620882 0.103225932 -14.847135544 0.988115191 0.142352998 0.057998724 130.501617432
0.040029835 0.111015826 -0.993012071 -82.719429016 -0.148101598 0.983490646 0.103981145 -14.851787567 0.988161743 0.142904341 0.055810589 130.574142456
0.038488787 0.113270245 -0.992818415 -83.679702759 -0.148124829 0.983224750 0.106433347 -14.842123032 0.988219440 0.142964557 0.054621261 130.641036987
0.037036158 0.117088877 -0.992430627 -84.633834839 -0.149462432 0.982590377 0.110350169 -14.834523201 0.988073528 0.144244164 0.053891763 130.699081421
0.035152674 0.122211829 -0.991881251 -85.585235596 -0.150775790 0.981782973 0.115624025 -14.825360298 0.987942815 0.145487189 0.052938886 130.760818481
0.032406382 0.121650845 -0.992043793 -86.534080505 -0.150412798 0.981854618 0.115487941 -14.820061684 0.988092005 0.145473540 0.050116204 130.829162598
0.031348258 0.116595209 -0.992684782 -87.479179382 -0.150479719 0.982403040 0.110635541 -14.815736771 0.988115966 0.145910665 0.048341841 130.888763428
0.028977444 0.111809090 -0.993307054 -88.427001953 -0.154789627 0.982239306 0.106047630 -14.804259300 0.987522423 0.150680646 0.045769677 130.947738647
0.027854448 0.109833151 -0.993559659 -89.370628357 -0.152786449 0.982734323 0.104353093 -14.802298546 0.987866640 0.148895770 0.044154543 131.010467529
0.027437378 0.110873275 -0.993455768 -90.339401245 -0.147722065 0.983367980 0.105667636 -14.801640511 0.988648236 0.143856123 0.043359473 131.062561035
0.027038116 0.112163119 -0.993321955 -91.289062500 -0.144793853 0.983645260 0.107129209 -14.799309731 0.989092350 0.140930280 0.042836443 131.121215820
0.025749542 0.112042077 -0.993369758 -92.242492676 -0.139672086 0.984355569 0.107404888 -14.800203323 0.989862978 0.135980368 0.040995859 131.187942505
0.024614478 0.109228313 -0.993711829 -93.185852051 -0.135808289 0.985163331 0.104924671 -14.803103447 0.990429282 0.132371664 0.039083399 131.249145508
0.024028188 0.106106758 -0.994064331 -94.128250122 -0.130443931 0.986183286 0.102112480 -14.805725098 0.991164446 0.127216041 0.037537184 131.311447144
0.022303477 0.109242857 -0.993764758 -95.110488892 -0.128806248 0.986041546 0.105502993 -14.815481186 0.991419077 0.125650004 0.036063310 131.361495972
0.020808475 0.111726165 -0.993521094 -96.058113098 -0.128074795 0.985846817 0.108180717 -14.813940048 0.991546214 0.124993928 0.034823261 131.420089722
0.019503349 0.109122075 -0.993837059 -97.017631531 -0.124077700 0.986606002 0.105893187 -14.806404114 0.992080867 0.121247724 0.032781735 131.469146729
0.017397512 0.106614955 -0.994148195 -97.965827942 -0.121127062 0.987200201 0.103750125 -14.809834480 0.992484570 0.118613265 0.030088780 131.517654419
0.013985208 0.104408287 -0.994436145 -98.938697815 -0.119896263 0.987532973 0.101997323 -14.811560631 0.992687881 0.117802724 0.026329020 131.566604614
0.011016819 0.103404239 -0.994578421 -99.894302368 -0.114372469 0.988241374 0.101478510 -14.819117546 0.993376851 0.112634428 0.022713875 131.618942261
0.009130073 0.103302188 -0.994608045 -100.852722168 -0.107500501 0.988986552 0.101731516 -14.810606956 0.994163156 0.105992064 0.020134555 131.657867432
0.006689377 0.110438421 -0.993860483 -101.818351746 -0.097559072 0.989213467 0.109265395 -14.801421165 0.995207250 0.096229188 0.017391492 131.719772339
0.004083234 0.118396722 -0.992957950 -102.775863647 -0.089517616 0.989022851 0.117559426 -14.795929909 0.995976806 0.088407196 0.014637005 131.774322510
0.000392893 0.118428819 -0.992962539 -103.732696533 -0.085105568 0.989363849 0.117965959 -14.792452812 0.996371865 0.084460288 0.010467669 131.826217651
-0.001600030 0.108514555 -0.994093597 -104.683883667 -0.086371660 0.990364909 0.108246543 -14.795388222 0.996261716 0.086034708 0.007787968 131.852752686
-0.003723200 0.098970287 -0.995083451 -105.630470276 -0.088160619 0.991183162 0.098912247 -14.791079521 0.996099234 0.088095449 0.005034910 131.889099121
-0.003925434 0.100387767 -0.994940698 -106.592140198 -0.095247768 0.990387261 0.100304149 -14.791225433 0.995445907 0.095159613 0.005674013 131.905609131
-0.004670113 0.109497942 -0.993975997 -107.556732178 -0.098482981 0.989104390 0.109423980 -14.777841568 0.995127797 0.098400764 0.006164454 131.940261841
-0.006191259 0.120974667 -0.992636263 -108.519798279 -0.102545008 0.987345278 0.120969452 -14.766434669 0.994709134 0.102538846 0.006292438 131.968460083
-0.007427655 0.122761130 -0.992408454 -109.461601257 -0.109592445 0.986357749 0.122832894 -14.756139755 0.993948817 0.109672830 0.006127367 131.996261597
-0.007310447 0.119785614 -0.992772877 -110.441688538 -0.116970509 0.985881388 0.119815439 -14.737147331 0.993108511 0.117001057 0.006804151 132.013580322
-0.007509011 0.115609102 -0.993266404 -111.396415710 -0.125013843 0.985393047 0.115637787 -14.722465515 0.992126644 0.125040382 0.007053409 132.037017822
-0.005045631 0.117883503 -0.993014634 -112.360282898 -0.129842535 0.984543383 0.117537603 -14.704730034 0.991521835 0.129528597 0.010338651 132.057464600
-0.003737417 0.118658759 -0.992928088 -113.341285706 -0.137781963 0.983403742 0.118039161 -14.682862282 0.990455508 0.137248740 0.012673643 132.081863403
-0.003195474 0.121659458 -0.992566824 -114.305625916 -0.147170484 0.981706560 0.120802104 -14.667472839 0.989105940 0.146462575 0.014767661 132.101348877
-0.002763631 0.124223679 -0.992250383 -115.281852722 -0.153061152 0.980509579 0.123180121 -14.647939682 0.988212824 0.152215421 0.016304057 132.125122070
-0.002655719 0.123076491 -0.992393613 -116.251335144 -0.156458408 0.980123997 0.121973537 -14.632893562 0.987680972 0.155592278 0.016653424 132.166442871
-0.000989639 0.113494404 -0.993538141 -117.207023621 -0.155423775 0.981447577 0.112268060 -14.633831978 0.987847328 0.154530585 0.016668450 132.197891235
0.000178698 0.101789042 -0.994805992 -118.156890869 -0.158502668 0.982233047 0.100474112 -14.623421669 0.987358510 0.157661423 0.016309360 132.235610962
