1.000000000 0.000000000 0.000000000 0.000000000 0.000000000 1.000000000 0.000000000 0.000000000 0.000000000 0.000000000 1.000000000 0.000000000
0.999997616 -0.001679506 -0.001374724 0.050158933 0.001676473 0.999996185 -0.002204258 -0.132484987 0.001378420 0.002201949 0.999996603 1.297556400
0.999997735 0.000017926 -0.002113668 0.104225725 -0.000030995 0.999980867 -0.006183210 -0.270605147 0.002113517 0.006183262 0.999978662 2.603870392
0.999996126 0.002401175 -0.001386783 0.149140671 -0.002411613 0.999968529 -0.007574693 -0.409579575 0.001368551 0.007578011 0.999970376 3.907519341
0.999984026 0.005656667 0.000137519 0.194912195 -0.005655681 0.999963880 -0.006335863 -0.547218204 -0.000173354 0.006334984 0.999979973 5.219987869
0.999976814 0.006473478 0.002124193 0.247643620 -0.006467086 0.999974549 -0.003002544 -0.691762745 -0.002143576 0.002988738 0.999993265 6.539601326
0.999962687 0.006738406 0.005395602 0.304213881 -0.006729297 0.999975920 -0.001704666 -0.828616500 -0.005406959 0.001668294 0.999984026 7.842475891
0.999947190 0.005251298 0.008835208 0.360404640 -0.005237464 0.999984980 -0.001588155 -0.963379979 -0.008843415 0.001541797 0.999959707 9.147438049
0.999916732 0.004060954 0.012245955 0.433138013 -0.004041606 0.999990582 -0.001604296 -1.098972440 -0.012252355 0.001554669 0.999923766 10.444791794
0.999875546 0.002623557 0.015550612 0.503007591 -0.002592676 0.999994576 -0.002005683 -1.240066290 -0.015555790 0.001965116 0.999877036 11.756216049
0.999815941 0.001557274 0.019122384 0.575593412 -0.001503010 0.999994814 -0.002851780 -1.375366211 -0.019126730 0.002822514 0.999813080 13.049289703
0.999755323 0.001737942 0.022052465 0.655321598 -0.001677660 0.999994814 -0.002751773 -1.525912881 -0.022057138 0.002714103 0.999752939 14.371776581
0.999681532 0.001457647 0.025197156 0.745099306 -0.001363466 0.999992132 -0.003754544 -1.664443851 -0.025202429 0.003718992 0.999675453 15.668523788
0.999589086 0.002476508 0.028557165 0.827010095 -0.002374352 0.999990582 -0.003610617 -1.804002047 -0.028565839 0.003541328 0.999585569 16.975273132
0.999498188 0.002104890 0.031606942 0.916899800 -0.002007304 0.999993026 -0.003118898 -1.943011165 -0.031613294 0.003053888 0.999495506 18.261123657
0.999426186 0.000462012 0.033868410 1.014062762 -0.000363910 0.999995649 -0.002902680 -2.085992336 -0.033869594 0.002888689 0.999422193 19.566963196
0.999367058 -0.002040389 0.035513818 1.107398033 0.002187884 0.999989152 -0.004114809 -2.224574089 -0.035505034 0.004189905 0.999360681 20.846986771
0.999322414 -0.001585962 0.036771450 1.208156824 0.001793845 0.999982595 -0.005621059 -2.370793104 -0.036761895 0.005683213 0.999307871 22.147817612
0.999276459 -0.001436280 0.038005091 1.291064739 0.001753984 0.999963820 -0.008327485 -2.513280392 -0.037991751 0.008388121 0.999242842 23.439361572
0.999244332 -0.001074300 0.038856454 1.399802327 0.001453464 0.999951601 -0.009731136 -2.656810522 -0.038844120 0.009780259 0.999197364 24.723924637
0.999207199 -0.000346883 0.039810192 1.499879360 0.000755402 0.999947250 -0.010247099 -2.805292368 -0.039804537 0.010269049 0.999154627 25.992992401
0.999190569 -0.002035442 0.040175483 1.601997137 0.002408970 0.999954283 -0.009251181 -2.948668003 -0.040154822 0.009340476 0.999149799 27.282699585
0.999192655 -0.005114335 0.039847463 1.708681703 0.005446184 0.999951243 -0.008223911 -3.091553450 -0.039803464 0.008434288 0.999171913 28.560199738
0.999210954 -0.006483969 0.039184257 1.802098036 0.006819862 0.999941111 -0.008444560 -3.241699934 -0.039127197 0.008705129 0.999196231 29.849123001
0.999211252 -0.008065474 0.038883079 1.896044254 0.008493368 0.999905109 -0.010852007 -3.388786554 -0.038791858 0.011173695 0.999184787 31.110149384
0.999255359 -0.008443294 0.037649609 2.013727903 0.008860401 0.999900997 -0.010925562 -3.533215523 -0.037553638 0.011251016 0.999231279 32.397163391
0.999265909 -0.008858522 0.037271719 2.106675148 0.009292145 0.999890983 -0.011477035 -3.674073696 -0.037165988 0.011814944 0.999239266 33.665214539
0.999288797 -0.009620092 0.036460496 2.207275629 0.010032718 0.999887466 -0.011151004 -3.821848869 -0.036349114 0.011508871 0.999272883 34.923660278
0.999292374 -0.009780955 0.036320627 2.294498682 0.010223838 0.999875426 -0.012028008 -3.963857412 -0.036198460 0.012390831 0.999267817 36.180416107
0.999327898 -0.010890727 0.034999520 2.405009270 0.011311523 0.999865830 -0.011847441 -4.119549274 -0.034865797 0.012235374 0.999317050 37.460636139
0.999325097 -0.010494995 0.035201963 2.495783329 0.010856338 0.999890149 -0.010089439 -4.265273094 -0.035092205 0.010464795 0.999329269 38.720096588
0.999297380 -0.010653483 0.035934500 2.599821806 0.010987760 0.999898076 -0.009117748 -4.399326324 -0.035833709 0.009506179 0.999312580 39.979740143
0.999219000 -0.012365411 0.037530195 2.709495306 0.012649987 0.999893069 -0.007354590 -4.540648937 -0.037435234 0.007823602 0.999268472 41.228462219
0.999103665 -0.013366021 0.040167958 2.800530672 0.013714836 0.999870479 -0.008420852 -4.685221672 -0.040050205 0.008964201 0.999157429 42.485534668
0.998998106 -0.014982301 0.042169172 2.916917801 0.015472903 0.999816060 -0.011331859 -4.830359459 -0.041991644 0.011972984 0.999046147 43.709079742
0.998895586 -0.015801793 0.044248637 3.011376858 0.016387891 0.999782324 -0.012914326 -4.967736244 -0.044034932 0.013625205 0.998937190 44.972595215
0.998780072 -0.015879134 0.046756722 3.134454727 0.016450141 0.999794483 -0.011852860 -5.100007057 -0.046558894 0.012607556 0.998835981 46.203006744
0.998572886 -0.017206438 0.050557312 3.241676092 0.017642569 0.999810815 -0.008192910 -5.251929760 -0.050406780 0.009073179 0.998687565 47.456306458
0.998300314 -0.020112760 0.054698624 3.343561172 0.020473078 0.999772310 -0.006034969 -5.392899036 -0.054564781 0.007144561 0.998484671 48.672508240
0.998072326 -0.022370091 0.057889357 3.488609314 0.022789992 0.999718487 -0.006603422 -5.525879860 -0.057725333 0.007909990 0.998301148 49.919948578
0.997788250 -0.025525084 0.061376736 3.625503302 0.026198879 0.999604762 -0.010198252 -5.660846710 -0.061092161 0.011783699 0.998062551 51.150314331
0.997514725 -0.026864661 0.065136082 3.757268190 0.027629307 0.999559104 -0.010866893 -5.785116673 -0.064815439 0.012639550 0.997817159 52.369297028
0.997171938 -0.029513491 0.069116458 3.886226654 0.030158533 0.999510586 -0.008307688 -5.922873974 -0.068837449 0.010368642 0.997573972 53.584541321
0.996876299 -0.032000199 0.072205804 4.037739754 0.032461237 0.999459326 -0.005220355 -6.053837776 -0.071999714 0.007547939 0.997376084 54.777404785
0.996618271 -0.034705963 0.074480869 4.178289890 0.035049070 0.999380112 -0.003304314 -6.186000347 -0.074320011 0.005903624 0.997216940 55.994281769
0.996472061 -0.037802558 0.074929230 4.345194817 0.037946101 0.999279618 -0.000492561 -6.304497719 -0.074856639 0.003334096 0.997188687 57.198787689
0.996273100 -0.040268525 0.076277703 4.472901344 0.040297776 0.999186993 0.001156277 -6.429319382 -0.076262251 0.001921854 0.997085929 58.403820038
0.996235549 -0.042164937 0.075741820 4.620506287 0.042456094 0.999095857 -0.002237390 -6.555137634 -0.075579002 0.005444670 0.997124910 59.606235504
0.996246457 -0.043395042 0.074899241 4.768673897 0.044017036 0.999008477 -0.006672856 -6.678480148 -0.074535415 0.009944652 0.997168720 60.789169312
0.996253788 -0.044934377 0.073887922 4.905223846 0.045816332 0.998896897 -0.010284256 -6.810358047 -0.073344305 0.013631003 0.997213423 61.970203400
0.996268690 -0.046928093 0.072433859 5.043550014 0.047991160 0.998763084 -0.013005390 -6.939835072 -0.071733959 0.016433045 0.997288406 63.186679840
0.996434867 -0.046933018 0.070106514 5.179751873 0.047957063 0.998764873 -0.012995075 -7.072088242 -0.069410034 0.016310846 0.997454822 64.365364075
0.996637583 -0.046090081 0.067743778 5.313830376 0.047029447 0.998817325 -0.012336807 -7.211829185 -0.067095064 0.015481281 0.997626424 65.559738159
0.996875167 -0.045454305 0.064605251 5.435317039 0.046227362 0.998875558 -0.010521080 -7.342473030 -0.064054377 0.013474735 0.997855425 66.734390259
0.997283220 -0.041461140 0.060886212 5.556535721 0.041939255 0.999098539 -0.006595359 -7.476809978 -0.060557857 0.009130964 0.998122931 67.927368164
0.997562706 -0.039857794 0.057271834 5.674363136 0.040181164 0.999182284 -0.004505510 -7.602858067 -0.057045422 0.006795777 0.998348415 69.105880737
0.997787952 -0.038707256 0.054045867 5.781416416 0.039183609 0.999201715 -0.007781794 -7.735774040 -0.053701513 0.009882293 0.998508096 70.276039124
0.997938454 -0.038867917 0.051069938 5.891332626 0.039651003 0.999109626 -0.014410518 -7.871221542 -0.050464369 0.016405785 0.998591125 71.459060669
0.997935951 -0.042832315 0.047845677 5.995957375 0.043712012 0.998890996 -0.017493213 -8.005386353 -0.047043338 0.019548537 0.998701513 72.630744934
0.997985780 -0.046361044 0.043301307 6.108626842 0.046938948 0.998820424 -0.012425701 -8.141483307 -0.042674173 0.014433192 0.998984754 73.794136047
0.997980416 -0.050082497 0.039074484 6.212749958 0.050426994 0.998696625 -0.007880446 -8.264925003 -0.038628891 0.009834938 0.999205172 74.950897217
0.998033464 -0.052454896 0.034317568 6.308313370 0.052645184 0.998602390 -0.004664538 -8.394451141 -0.034024928 0.006462020 0.999400079 76.137397766
0.998212099 -0.051579311 0.030205937 6.398239136 0.051675726 0.998660982 -0.002419322 -8.515053749 -0.030040719 0.003975910 0.999540687 77.297096252
0.998307765 -0.051738981 0.026545873 6.488698006 0.051808991 0.998655140 -0.001955756 -8.636962891 -0.026408983 0.003327760 0.999645650 78.462837219
0.998453021 -0.050293978 0.023707863 6.553009033 0.050403908 0.998720646 -0.004062186 -8.764193535 -0.023473226 0.005250871 0.999710798 79.624809265
0.998644412 -0.047858842 0.020465614 6.627425671 0.048050791 0.998804331 -0.008992024 -8.892181396 -0.020010803 0.009963224 0.999750137 80.769111633
0.998554885 -0.051163223 0.016445851 6.712746143 0.051390629 0.998584390 -0.013715867 -9.029626846 -0.015720822 0.014541208 0.999770582 81.927574158
0.998396754 -0.054842558 0.014012161 6.771921158 0.055046521 0.998376966 -0.014610329 -9.161304474 -0.013188150 0.015358225 0.999795020 83.060768127
0.998426259 -0.055148602 0.010177617 6.842608452 0.055262513 0.998408198 -0.011273582 -9.288977623 -0.009539695 0.011818280 0.999884665 84.220764160
0.998420954 -0.055651337 0.007655326 6.902302742 0.055718221 0.998407483 -0.008819997 -9.414188385 -0.007152291 0.009232609 0.999931812 85.351715088
0.998560727 -0.053159997 0.007090597 6.953656197 0.053233378 0.998525798 -0.010597303 -9.540965080 -0.006516792 0.010959506 0.999918759 86.497390747
0.998763084 -0.049364448 0.005942042 7.011564732 0.049441062 0.998685479 -0.013523726 -9.673821449 -0.005266639 0.013800779 0.999890864 87.625442505
0.998824954 -0.048260614 0.004421260 7.066566467 0.048325889 0.998701990 -0.016088853 -9.803304672 -0.003639064 0.016283609 0.999860823 88.742286682
0.998772979 -0.049382031 0.003736513 7.120746136 0.049436942 0.998642623 -0.016399067 -9.936144829 -0.002921622 0.016563667 0.999858558 89.860008240
0.998728812 -0.050308056 0.003116507 7.163005352 0.050346989 0.998633444 -0.014022744 -10.069838524 -0.002406791 0.014161827 0.999896765 90.976493835
0.998633206 -0.052229360 0.001932210 7.222156525 0.052247822 0.998571038 -0.011223291 -10.194281578 -0.001343264 0.011308905 0.999935150 92.086059570
0.998662353 -0.051668439 0.001928612 7.272445202 0.051686380 0.998604536 -0.010842176 -10.317173958 -0.001365722 0.010927357 0.999939322 93.223487854
0.998634994 -0.052200917 0.001780498 7.317987919 0.052219633 0.998551846 -0.012935352 -10.448528290 -0.001102682 0.013010671 0.999914765 94.356788635
0.998631954 -0.052274290 0.001223679 7.375723362 0.052287333 0.998497546 -0.016393837 -10.575963020 -0.000364864 0.016435394 0.999864817 95.455856323
0.998577893 -0.053308196 0.000659556 7.431732655 0.053311594 0.998426020 -0.017413989 -10.707045555 0.000269790 0.017424388 0.999848127 96.561119080
0.998585761 -0.053138755 0.001611100 7.471494198 0.053158000 0.998452783 -0.016314169 -10.837509155 -0.000741693 0.016376741 0.999865532 97.633407593
0.998606563 -0.052736279 0.001946142 7.524204254 0.052754167 0.998549998 -0.010716869 -10.956720352 -0.001378152 0.010804605 0.999940634 98.722404480
0.998691261 -0.051038276 0.003268529 7.577034473 0.051062003 0.998666167 -0.007641550 -11.073528290 -0.002874158 0.007798445 0.999965429 99.786827087
0.998760104 -0.049534727 0.004943031 7.636744499 0.049573012 0.998738766 -0.007948195 -11.184553146 -0.004543086 0.008183381 0.999956191 100.839248657
0.998828888 -0.047840159 0.007220440 7.681862354 0.047905091 0.998810410 -0.009105121 -11.310158730 -0.006776259 0.009440353 0.999932468 101.878906250
0.998814344 -0.047678579 0.009830127 7.735172749 0.047794696 0.998785853 -0.011936687 -11.422129631 -0.009249068 0.012392362 0.999880433 102.891410828
0.998715878 -0.049407419 0.011202694 7.803977489 0.049544662 0.998695970 -0.012323848 -11.540464401 -0.010579196 0.012863057 0.999861240 103.899032593
0.998587847 -0.051479645 0.013123068 7.864046097 0.051630571 0.998600781 -0.011434336 -11.664642334 -0.012516075 0.012095743 0.999848485 104.902549744
0.998573363 -0.051257800 0.014972144 7.923154831 0.051407933 0.998629391 -0.009820730 -11.777310371 -0.014448236 0.010576405 0.999839604 105.859756470
0.998503864 -0.052078452 0.016665053 7.977420330 0.052227668 0.998597741 -0.008647054 -11.882493973 -0.016191358 0.009504493 0.999823749 106.819938660
0.998433232 -0.052780814 0.018576449 8.035270691 0.052957587 0.998554707 -0.009155767 -11.985635757 -0.018066354 0.010125185 0.999785542 107.734931946
0.998415589 -0.052480653 0.020299118 8.096795082 0.052632429 0.998589277 -0.007015964 -12.089589119 -0.019902287 0.008073240 0.999769330 108.639945984
0.998422444 -0.051503688 0.022360804 8.153384209 0.051628266 0.998653710 -0.005030115 -12.184631348 -0.022071632 0.006176629 0.999737322 109.510459900
0.998396695 -0.051554363 0.023374563 8.219133377 0.051605675 0.998666227 -0.001596746 -12.286895752 -0.023261072 0.002800445 0.999725461 110.371330261
0.998355925 -0.051540092 0.025084581 8.278537750 0.051599607 0.998666346 -0.001730516 -12.375595093 -0.024961937 0.003022026 0.999683797 111.195602417
0.998370171 -0.050505146 0.026574304 8.328906059 0.050546836 0.998721302 -0.000898897 -12.464487076 -0.026494924 0.002240679 0.999646425 112.013900757
0.998469472 -0.048276518 0.026979288 8.382316589 0.048303839 0.998832703 -0.000361533 -12.544772148 -0.026930334 0.001664183 0.999635875 112.793624878
0.998599887 -0.045796961 0.026472785 8.426730156 0.045739241 0.998949587 0.002782277 -12.622139931 -0.026572399 -0.001567536 0.999645650 113.547973633
0.998684525 -0.045703173 0.023246447 8.478279114 0.045629114 0.998951554 0.003706313 -12.707024574 -0.023391465 -0.002640722 0.999722898 114.299270630
0.998806715 -0.045718525 0.017171634 8.513617516 0.045658477 0.998949587 0.003873245 -12.779734612 -0.017330676 -0.003084592 0.999845088 114.995552063
0.998993933 -0.044350818 0.006642399 8.542202950 0.044332661 0.999012709 0.002855979 -12.855244637 -0.006762506 -0.002558631 0.999973834 115.662658691
0.999121845 -0.041346081 -0.006768426 8.539265633 0.041345559 0.999144852 -0.000216604 -12.920456886 0.006771600 -0.000063431 0.999977052 116.302169800
0.998853743 -0.040071711 -0.026180586 8.546175957 0.040019281 0.999195635 -0.002523842 -12.991354942 0.026260659 0.001473221 0.999654055 116.930877686
0.998084605 -0.038334053 -0.048553150 8.513531685 0.038147215 0.999260724 -0.004768978 -13.060282707 0.048700068 0.002907676 0.998809278 117.517395020
0.996404350 -0.036879312 -0.076277897 8.474060059 0.036481868 0.999312520 -0.006597751 -13.126560211 0.076468781 0.003791267 0.997064769 118.087455750
0.993501008 -0.034636315 -0.108425781 8.403358459 0.033874415 0.999386728 -0.008861443 -13.191148758 0.108666226 0.005130994 0.994065046 118.630722046
0.989195108 -0.030181404 -0.143464983 8.292608261 0.029015951 0.999526799 -0.010209342 -13.254306793 0.143705234 0.005936258 0.989602685 119.175804138
0.982858181 -0.024305463 -0.182753801 8.195346832 0.022919172 0.999690294 -0.009694115 -13.316093445 0.182932809 0.005339374 0.983110905 119.698310852
0.974329412 -0.018818576 -0.224339485 8.054771423 0.017483501 0.999815643 -0.007936291 -13.371337891 0.224447504 0.003810322 0.974478722 120.203498840
0.963051915 -0.014186651 -0.268941790 7.880941391 0.012932757 0.999895632 -0.006433559 -13.427809715 0.269005030 0.002717692 0.963134885 120.698127747
0.948881269 -0.008298420 -0.315524131 7.692386627 0.006415630 0.999954760 -0.007005408 -13.482790947 0.315568030 0.004623014 0.948891640 121.167251587
0.931456327 -0.000244798 -0.363852978 7.469387054 -0.002834230 0.999964595 -0.007928342 -13.538290024 0.363841981 0.008416148 0.931422651 121.637619019
0.910475254 0.004488843 -0.413539261 7.209495544 -0.008911042 0.999921858 -0.008765286 -13.592662811 0.413467586 0.011665644 0.910444021 122.068252563
0.885440886 0.008865075 -0.464667588 6.941913605 -0.013947465 0.999874592 -0.007501474 -13.645938873 0.464542836 0.013123047 0.885453403 122.480926514
0.856058002 0.011555590 -0.516750634 6.662452698 -0.018331930 0.999799848 -0.008011449 -13.681323051 0.516554594 0.016331304 0.856098473 122.889343262
0.824781775 0.021628221 -0.565037370 6.336822510 -0.029308118 0.999560177 -0.004520218 -13.735762596 0.564691126 0.020288376 0.825052977 123.252288818
0.790772319 0.034618229 -0.611130714 5.986103058 -0.042183310 0.999107897 0.002012571 -13.777028084 0.610655189 0.024188034 0.791527092 123.614730835
0.754966319 0.043869443 -0.654294431 5.631958008 -0.053678088 0.998545647 0.005013797 -13.825026512 0.653562903 0.031336028 0.756223083 123.922370911
0.715272069 0.047840666 -0.697206736 5.263702393 -0.060782395 0.998132288 0.006132139 -13.871018410 0.696197808 0.037991744 0.716843843 124.217346191
0.672751904 0.049524695 -0.738208771 4.886341095 -0.063403390 0.997945786 0.009168433 -13.917439461 0.737146437 0.040636852 0.674510002 124.505172729
0.628545046 0.052752212 -0.775982141 4.477714539 -0.066254385 0.997702301 0.014158996 -13.953733444 0.774946034 0.042512655 0.630595863 124.779968262
0.583888233 0.061608240 -0.809493005 4.060104370 -0.077200033 0.996811330 0.020180024 -13.987162590 0.808155060 0.050710008 0.586782634 124.997955322
0.538465202 0.070093632 -0.839727342 3.590103149 -0.089680992 0.995641470 0.025601197 -14.005115509 0.837861896 0.061522238 0.542404294 125.228027344
0.491648644 0.075247623 -0.867536426 3.142024994 -0.095426500 0.994915068 0.032216139 -14.029050827 0.865549207 0.066946954 0.496329278 125.420867920
0.444192201 0.076461665 -0.892662883 2.681190491 -0.094643474 0.994781435 0.038113773 -14.055097580 0.890918612 0.067554854 0.449110717 125.602310181
0.397276819 0.077808551 -0.914394319 2.205890656 -0.092278883 0.994736016 0.044552669 -14.075020790 0.913047552 0.066679537 0.402365625 125.774459839
0.351913780 0.081299566 -0.932494998 1.706451416 -0.094006769 0.994253755 0.051206823 -14.102549553 0.931299865 0.069640473 0.357534349 125.917465210
0.308412313 0.084799215 -0.947465539 1.207466125 -0.099690780 0.993415117 0.056461118 -14.123300552 0.946014524 0.077040277 0.314835221 126.033180237
0.266961724 0.085985020 -0.959863544 0.687768936 -0.104550943 0.992716968 0.059849855 -14.137723923 0.958019137 0.084377013 0.274007231 126.135330200
0.227411807 0.082791343 -0.970272899 0.161943436 -0.104917571 0.992662489 0.060111314 -14.157420158 0.968130291 0.088128641 0.234429404 126.237472534
0.192136303 0.077874884 -0.978273571 -0.376091003 -0.099575244 0.993248880 0.059510052 -14.182141304 0.976303458 0.085977800 0.198593587 126.331085205
0.161494106 0.072616033 -0.984198451 -0.922557831 -0.096828297 0.993643165 0.057424624 -14.202279091 0.982111990 0.086024523 0.167498827 126.414123535
0.135078669 0.071185276 -0.988274455 -1.491834641 -0.097948499 0.993489861 0.058173217 -14.222621918 0.985981643 0.088942029 0.141171783 126.480422974
0.113180533 0.070235610 -0.991088867 -2.079955101 -0.098385110 0.993388176 0.059163157 -14.234973907 0.988691330 0.090812273 0.119342357 126.537811279
0.094830923 0.071737722 -0.992905259 -2.672940254 -0.100482136 0.992995977 0.062147383 -14.250299454 0.990409315 0.093875751 0.101375073 126.591232300
0.078466579 0.070018530 -0.994454801 -3.281518936 -0.101569653 0.992901146 0.061894868 -14.277073860 0.991729021 0.096149758 0.085021324 126.650665283
0.064218238 0.069226220 -0.995531857 -3.901286602 -0.100475445 0.992970407 0.062566787 -14.308327675 0.992864847 0.096008569 0.070722349 126.704597473
0.051746368 0.066726439 -0.996428609 -4.540043354 -0.096159652 0.993462026 0.061534036 -14.330905914 0.994019866 0.092632063 0.057824463 126.750183105
0.040103447 0.064044259 -0.997140944 -5.187695503 -0.094049864 0.993755221 0.060044251 -14.347701073 0.994759381 0.091372997 0.045876369 126.786048889
0.029420629 0.062906072 -0.997585654 -5.852585793 -0.092875086 0.993872464 0.059932858 -14.365955353 0.995242953 0.090887614 0.035082754 126.824707031
0.019670356 0.064324267 -0.997735202 -6.523619652 -0.096261889 0.993413925 0.062147882 -14.388295174 0.995161653 0.094821401 0.025732778 126.846771240
0.011615442 0.064221188 -0.997868121 -7.201292992 -0.098921798 0.993113875 0.062763751 -14.415443420 0.995027363 0.097981870 0.017888330 126.861198425
0.004696521 0.063596971 -0.997964561 -7.893961906 -0.101232000 0.992878973 0.062796481 -14.437977791 0.994851768 0.100731045 0.011101126 126.883216858
-0.000449037 0.064659871 -0.997907281 -8.592719078 -0.102057107 0.992693901 0.064367995 -14.457006454 0.994778454 0.101872437 0.006153244 126.899864197
-0.003974137 0.066871978 -0.997753620 -9.318371773 -0.104555473 0.992264986 0.066920578 -14.475534439 0.994511127 0.104586549 0.003048433 126.921592712
-0.004833076 0.071090877 -0.997458160 -10.052525520 -0.106624693 0.991746843 0.071200460 -14.503240585 0.994287610 0.106697783 0.002786856 126.924980164
-0.005467020 0.074071221 -0.997237980 -10.764513016 -0.109273396 0.991236627 0.074224517 -14.515874863 0.993996680 0.109377362 0.002674903 126.932510376
-0.006223702 0.079648100 -0.996803582 -11.502600670 -0.113886125 0.990280747 0.079837948 -14.523936272 0.993474245 0.114018999 0.002907601 126.944068909
-0.007282715 0.083576590 -0.996474743 -12.250360489 -0.117124237 0.989570796 0.083853543 -14.538825989 0.993090510 0.117322013 0.002582081 126.951629639
-0.008760538 0.084129490 -0.996416271 -12.991091728 -0.116873324 0.989538968 0.084576376 -14.559306145 0.993108153 0.117195405 0.001163598 126.972869873
-0.010397013 0.081047639 -0.996655941 -13.734868050 -0.114449963 0.990063369 0.081705458 -14.577785492 0.993374646 0.114916742 -0.001017803 126.995521545
-0.011906076 0.077573493 -0.996915579 -14.492906570 -0.117746323 0.989941120 0.078437015 -14.583395004 0.992972374 0.118317023 -0.002652321 127.010154724
-0.012893391 0.079129241 -0.996780992 -15.269292831 -0.123288736 0.989131629 0.080116741 -14.594459534 0.992287040 0.123924851 -0.002997516 127.008232117
-0.014835368 0.082768947 -0.996458411 -16.036819458 -0.120307803 0.989180207 0.083955556 -14.610242844 0.992625773 0.121127240 -0.004717102 127.027320862
-0.016586889 0.082703702 -0.996436179 -16.813390732 -0.119473696 0.989269197 0.084097639 -14.627388954 0.992698848 0.120442815 -0.006527980 127.039527893
-0.018067606 0.081915073 -0.996475518 -17.607681274 -0.122055098 0.989003479 0.083513893 -14.639204025 0.992358863 0.123133823 -0.007870771 127.045051575
-0.018642543 0.081703730 -0.996482253 -18.395694733 -0.126772046 0.988418400 0.083414242 -14.645593643 0.991756618 0.127881169 -0.008068885 127.044273376
-0.019611767 0.086240746 -0.996081352 -19.200323105 -0.128458768 0.987798035 0.088052809 -14.653592110 0.991520941 0.129682258 -0.008294083 127.048286438
-0.020450247 0.090379275 -0.995697379 -20.011692047 -0.127002478 0.987603009 0.092253000 -14.662347794 0.991691530 0.128342628 -0.008718333 127.065658569
-0.019890219 0.093083218 -0.995459557 -20.844118118 -0.128678843 0.987137437 0.094876125 -14.677936554 0.991486788 0.129981726 -0.007656540 127.086235046
-0.017929159 0.091681071 -0.995626986 -21.662117004 -0.128115982 0.987367749 0.093227625 -14.682414055 0.991597056 0.129227236 -0.005956860 127.096557617
-0.016525686 0.091574892 -0.995661020 -22.493335724 -0.128194228 0.987384498 0.092941403 -14.685274124 0.991611421 0.129173934 -0.004577831 127.106048584
-0.016667517 0.090931885 -0.995717585 -23.324974060 -0.126730368 0.987632155 0.092314869 -14.694894791 0.991797090 0.127726287 -0.004937545 127.131942749
-0.016184175 0.092895895 -0.995544374 -24.163639069 -0.127682269 0.987331033 0.094205178 -14.701884270 0.991683006 0.128637984 -0.004117982 127.153587341
-0.015540679 0.094803773 -0.995374680 -25.000865936 -0.129383087 0.986934721 0.096019946 -14.701967239 0.991472900 0.130276844 -0.003071630 127.170791626
-0.015214989 0.097566694 -0.995112658 -25.871749878 -0.132274911 0.986284375 0.098723561 -14.704139709 0.991096258 0.133130506 -0.002100680 127.182533264
-0.013775880 0.098804690 -0.995011508 -26.737178802 -0.134560481 0.985870838 0.099760003 -14.702526093 0.990809560 0.135263532 -0.000286031 127.196174622
-0.011933945 0.101988740 -0.994713962 -27.605167389 -0.141299039 0.984630644 0.102650121 -14.702985764 0.989894986 0.141777158 0.002660385 127.210670471
-0.009559573 0.105725482 -0.994349539 -28.488508224 -0.146031946 0.983586192 0.105985023 -14.696908951 0.989233673 0.146219924 0.006036635 127.225654602
-0.007536132 0.107482553 -0.994178414 -29.363040924 -0.148473859 0.983066320 0.107406676 -14.691226959 0.988887668 0.148418933 0.008549833 127.257522583
-0.003943410 0.108733729 -0.994063079 -30.257884979 -0.147830352 0.983085155 0.108119361 -14.695928574 0.989004791 0.147379041 0.012197437 127.282829285
-0.001471922 0.108669333 -0.994076848 -31.148675919 -0.150437385 0.982740760 0.107652873 -14.689897537 0.988618374 0.149704784 0.014901413 127.314437866
0.001103071 0.112552367 -0.993645191 -32.050407410 -0.150971860 0.982275367 0.111096896 -14.682274818 0.988537431 0.149889901 0.018075760 127.344100952
0.003290098 0.114657521 -0.993399620 -32.963645935 -0.150236487 0.982186615 0.112865716 -14.675809860 0.988644540 0.148873568 0.020457232 127.386489868
0.004934321 0.116029501 -0.993233442 -33.856201172 -0.150910944 0.981956422 0.113962404 -14.672617912 0.988535106 0.149327487 0.022355409 127.429046631
0.007560343 0.114354149 -0.993411243 -34.759712219 -0.152417794 0.981963515 0.111876391 -14.665739059 0.988287210 0.150567740 0.024853583 127.459648132
0.007642349 0.115409769 -0.993288577 -35.671844482 -0.156533986 0.981209815 0.112801991 -14.653942108 0.987643003 0.154621363 0.025564302 127.503372192
0.008696582 0.116044201 -0.993205965 -36.565345764 -0.157333657 0.981031001 0.113244087 -14.648429871 0.987507224 0.155279845 0.026789278 127.541198730
0.009097513 0.112541996 -0.993605316 -37.462482452 -0.157697856 0.981373787 0.109712690 -14.644342422 0.987445533 0.155691326 0.026675696 127.574920654
0.009870806 0.108393557 -0.994059026 -38.374118805 -0.158745199 0.981670380 0.105466388 -14.645145416 0.987270236 0.156761050 0.026896840 127.620422363
0.010233543 0.107506618 -0.994151711 -39.271892548 -0.158345520 0.981833577 0.104544595 -14.638025284 0.987330735 0.156349599 0.027070828 127.663116455
0.009995434 0.111884490 -0.993670881 -40.170902252 -0.160535559 0.981010377 0.108844094 -14.636552811 0.986979425 0.158431560 0.027767060 127.708374023
0.010806525 0.118201017 -0.992930889 -41.108421326 -0.161709324 0.980124593 0.114916570 -14.623263359 0.986779273 0.159324333 0.029705945 127.738410950
0.011085193 0.116741635 -0.993100405 -42.003776550 -0.159598589 0.980636120 0.113494933 -14.621007919 0.987119734 0.157239318 0.029502343 127.783592224
0.012146143 0.106448017 -0.994244099 -42.893558502 -0.158850104 0.981895804 0.103185378 -14.625955582 0.987227917 0.156682506 0.028835528 127.826332092
0.011944011 0.095914543 -0.995317936 -43.817745209 -0.160365373 0.982688189 0.092773058 -14.630994797 0.986985445 0.158506453 0.027118610 127.870910645
0.010942958 0.092917055 -0.995613694 -44.717563629 -0.157145441 0.983460903 0.090055637 -14.638620377 0.987514853 0.155470654 0.025363458 127.917633057
0.010847732 0.103025652 -0.994619548 -45.639549255 -0.149846435 0.983613670 0.100251324 -14.640573502 0.988649786 0.147952706 0.026108008 127.967086792
0.010919984 0.116104320 -0.993176937 -46.581348419 -0.145002171 0.982921660 0.113311142 -14.637157440 0.989371002 0.142775476 0.027568871 128.024536133
0.011219845 0.125028312 -0.992089748 -47.502231598 -0.145212427 0.981838346 0.122094125 -14.626757622 0.989336848 0.142693892 0.029171737 128.070770264
0.010998422 0.119347543 -0.992791653 -48.418952942 -0.145507932 0.982474625 0.116495326 -14.623424530 0.989295959 0.143177792 0.028171685 128.111587524
0.011180046 0.106054343 -0.994297624 -49.337654114 -0.145345345 0.983971477 0.103318684 -14.622631073 0.989317775 0.143361434 0.026415359 128.153381348
0.011599299 0.097213969 -0.995195985 -50.252613068 -0.145898089 0.984776318 0.094495662 -14.621871948 0.989231646 0.144101068 0.025606049 128.198394775
0.011873305 0.097393028 -0.995175242 -51.180267334 -0.144918114 0.984905243 0.094658978 -14.629764557 0.989372432 0.143094957 0.025808094 128.245605469
0.011450836 0.098753348 -0.995046079 -52.126060486 -0.148149207 0.984296381 0.095981620 -14.643791199 0.988898695 0.146316230 0.025901249 128.287048340
0.012138341 0.098230548 -0.995089710 -53.054378510 -0.152634650 0.983682632 0.095242642 -14.644567490 0.988208175 0.150729090 0.026933661 128.320419312
0.012710942 0.097499624 -0.995154381 -53.993869781 -0.154333204 0.983500063 0.094386540 -14.644931793 0.987937093 0.152385622 0.027548645 128.361419678
0.013402204 0.105204359 -0.994360328 -54.950759888 -0.163439691 0.981305659 0.101620287 -14.645921707 0.986462295 0.161156014 0.030346224 128.401733398
0.014736562 0.114491187 -0.993314922 -55.891578674 -0.168774202 0.979453683 0.110389620 -14.636315346 0.985544562 0.166019216 0.033756942 128.441925049
0.016002147 0.122893691 -0.992290854 -56.847736359 -0.169108629 0.978453517 0.118452817 -14.630241394 0.985467553 0.165909424 0.036439735 128.485092163
0.017007196 0.123390518 -0.992212534 -57.803577423 -0.170924425 0.978107154 0.118706644 -14.619281769 0.985137403 0.167574465 0.037725318 128.533340454
0.018724957 0.113953426 -0.993309617 -58.749038696 -0.172898024 0.978885412 0.109039359 -14.618019104 0.984761834 0.169699490 0.038031898 128.576766968
0.019984605 0.108930930 -0.993848324 -59.686981201 -0.171299338 0.979721129 0.103937954 -14.611400604 0.985016406 0.168168411 0.038239125 128.632019043
0.021976560 0.107364587 -0.993976712 -60.657249451 -0.169802725 0.980172694 0.102119260 -14.609898567 0.985233009 0.166535720 0.039771624 128.688278198
0.025221799 0.113100663 -0.993263304 -61.618339539 -0.171375990 0.979359806 0.107165776 -14.605457306 0.984882832 0.167518556 0.044083953 128.749481201
0.028638752 0.115475155 -0.992897451 -62.593013763 -0.174171045 0.978686512 0.108798683 -14.608825684 0.984298885 0.169818103 0.048140798 128.806396484
0.032455608 0.110377640 -0.993359685 -63.550834656 -0.173207298 0.979466259 0.103174739 -14.607744217 0.984350502 0.168708563 0.050907392 128.868545532
0.035746675 0.104718029 -0.993859351 -64.505569458 -0.173156932 0.980101883 0.097040460 -14.612794876 0.984245360 0.168624729 0.053168040 128.933364868
0.039353568 0.104182675 -0.993779242 -65.469787598 -0.170578465 0.980651319 0.096051514 -14.609445572 0.984557927 0.165737376 0.056363449 129.004028320
0.041506276 0.108741611 -0.993203282 -66.432327271 -0.167959437 0.980672836 0.100350671 -14.624032974 0.984919667 0.162652627 0.058968265 129.087905884
0.045014624 0.115441263 -0.992293835 -67.391555786 -0.167499468 0.980111063 0.106425472 -14.623728752 0.984843969 0.161417991 0.063455671 129.166137695
0.047202058 0.119315103 -0.991733730 -68.354125977 -0.165216640 0.980097950 0.110051654 -14.626811028 0.985127091 0.158656254 0.065975487 129.256622314
0.049484909 0.121133223 -0.991401970 -69.335418701 -0.164838955 0.979996443 0.111511871 -14.627608299 0.985078335 0.157903507 0.068462506 129.334442139
0.052129906 0.118296839 -0.991608977 -70.282371521 -0.163694248 0.980540633 0.108370841 -14.623392105 0.985132813 0.156671286 0.070480019 129.405090332
0.052717432 0.117021218 -0.991729200 -71.227523804 -0.161599919 0.981020212 0.107167408 -14.626833916 0.985447288 0.154613748 0.070627503 129.493972778
0.053621296 0.113464341 -0.992094159 -72.171989441 -0.158710912 0.981862485 0.103716061 -14.634497643 0.985867858 0.151894778 0.070656784 129.580825806
0.053195365 0.112839021 -0.992188215 -73.166252136 -0.157110795 0.982166111 0.103275850 -14.622966766 0.986147285 0.150389716 0.069974922 129.665939331
0.053153776 0.117554612 -0.991642892 -74.121292114 -0.153881237 0.982149363 0.108180918 -14.623982430 0.986658573 0.146844998 0.070294403 129.750900269
0.052510709 0.119028769 -0.991501212 -75.081451416 -0.147817433 0.982860208 0.110162884 -14.624934196 0.987619698 0.140776411 0.069205202 129.850814819
0.051679187 0.114612691 -0.992065132 -76.038253784 -0.145085007 0.983715057 0.106090166 -14.613869667 0.988068640 0.138451099 0.067466170 129.934249878
0.050135668 0.111028597 -0.992551744 -77.004249573 -0.147244036 0.983763576 0.102607951 -14.618570328 0.987828672 0.141003028 0.065669924 130.011352539
0.048962917 0.108095914 -0.992933989 -77.953689575 -0.143806562 0.984531283 0.100089833 -14.618801117 0.988393724 0.137889698 0.063750416 130.093444824
0.047802635 0.108908594 -0.992901742 -78.920463562 -0.144083306 0.984393716 0.101038598 -14.618018150 0.988410354 0.138230667 0.062748522 130.163711548
0.046742540 0.110235721 -0.992805719 -79.874305725 -0.145212159 0.984084010 0.102430567 -14.622774124 0.988295734 0.139379591 0.062006153 130.241928101
0.045167685 0.110536411 -0.992845178 -80.828193665 -0.146737397 0.983813405 0.102855340 -14.624533653 0.988143742 0.141041771 0.060656395 130.318542480
0.043853294 0.111571655 -0.992788374 -81.778190613 -0.146627888 0.983701706 0.104073666 -14.627011299 0.988219142 0.141006485 0.059498087 130.386444092
0.041690283 0.111779071 -0.992858231 -82.742683411 -0.146596193 0.983651996 0.104587004 -14.626811028 0.988317549 0.141188979 0.057395108 130.459030151
0.040109951 0.114094049 -0.992659926 -83.693801880 -0.146348551 0.983416378 0.107118182 -14.619245529 0.988419592 0.140977845 0.056142282 130.532928467
0.038420759 0.118045814 -0.992264628 -84.647369385 -0.147838339 0.982741594 0.111188568 -14.612238884 0.988264978 0.142422825 0.055209372 130.594207764
0.035660125 0.122874230 -0.991781354 -85.591522217 -0.148697391 0.982017934 0.116318099 -14.603243828 0.988239527 0.143327400 0.053289965 130.666030884
0.033692442 0.122518800 -0.991894126 -86.534782410 -0.148602664 0.982039928 0.116253905 -14.596705437 0.988322854 0.143481225 0.051293936 130.731094360
0.032444209 0.118067235 -0.992475331 -87.481422424 -0.149097800 0.982458949 0.112001613 -14.596561432 0.988290071 0.144342124 0.049478669 130.790283203
0.030946966 0.112598218 -0.993158579 -88.429634094 -0.152877271 0.982476413 0.106623478 -14.578440666 0.987760484 0.148531690 0.047618371 130.843261719
0.029755250 0.110538468 -0.993426263 -89.371818542 -0.150747657 0.982994914 0.104862556 -14.575571060 0.988124371 0.146636501 0.045912668 130.910156250
0.029304575 0.111474119 -0.993335187 -90.337501526 -0.145671517 0.983628750 0.106087334 -14.573792458 0.988899052 0.141591802 0.045063417 130.963577271
0.028481809 0.112857141 -0.993202925 -91.285415649 -0.142841324 0.983868241 0.107700229 -14.572160721 0.989335716 0.138802916 0.044143014 131.027847290
0.027682023 0.112943619 -0.993215680 -92.231857300 -0.137264505 0.984613776 0.108139738 -14.575542450 0.990147531 0.133339733 0.042759251 131.091613770
0.026172219 0.110132270 -0.993572235 -93.173171997 -0.133200645 0.985434234 0.105721503 -14.577744484 0.990743458 0.129577488 0.040460683 131.158874512
0.025665680 0.106700882 -0.993959844 -94.119148254 -0.128330320 0.986412406 0.102576956 -14.578988075 0.991399288 0.124922477 0.039009903 131.220504761
0.024115706 0.109711438 -0.993670881 -95.099609375 -0.126219496 0.986340106 0.105838783 -14.584553719 0.991709173 0.122868270 0.037634011 131.272018433
0.022710705 0.111945793 -0.993454814 -96.047195435 -0.125565916 0.986161530 0.108253472 -14.580468178 0.991825342 0.122285560 0.036453001 131.331512451
0.021316782 0.109831020 -0.993721664 -97.007041931 -0.121391267 0.986877978 0.106470592 -14.576592445 0.992375851 0.118359528 0.034369588 131.383117676
0.019162012 0.106912166 -0.994083822 -97.957084656 -0.118504420 0.987500608 0.103919849 -14.575376511 0.992768764 0.115811996 0.031592060 131.435638428
0.015197375 0.105297834 -0.994324625 -98.919708252 -0.117379345 0.987751245 0.102807701 -14.585385323 0.992970884 0.115150757 0.027371015 131.492858887
0.012298848 0.104217656 -0.994478524 -99.876068115 -0.111863516 0.988453984 0.102202863 -14.591218948 0.993647456 0.109988883 0.023814995 131.545135498
0.010402667 0.104237087 -0.994498134 -100.833328247 -0.105007403 0.989166796 0.102579892 -14.582997322 0.994417131 0.103362553 0.021235637 131.586059570
0.007705904 0.112454429 -0.993627012 -101.796295166 -0.095142759 0.989231229 0.111219056 -14.584420204 0.995433807 0.093679391 0.018322144 131.649337769
0.005118288 0.120675713 -0.992678761 -102.753578186 -0.087107718 0.988972187 0.119775981 -14.578587532 0.996185780 0.085856929 0.015573630 131.704895020
0.001427920 0.120248377 -0.992742896 -103.709930420 -0.082627699 0.989363253 0.119720176 -14.569896698 0.996579468 0.081857093 0.011348577 131.759140015
-0.000575756 0.110579118 -0.993867159 -104.659248352 -0.084257178 0.990327716 0.110234141 -14.574169159 0.996443808 0.083803907 0.008746899 131.784942627
-0.002566278 0.101433240 -0.994839132 -105.606307983 -0.086172059 0.991119266 0.101276286 -14.571253777 0.996276975 0.085987210 0.006197225 131.821212769
-0.002969748 0.103209555 -0.994655192 -106.567710876 -0.093688935 0.990255773 0.103032790 -14.573561668 0.995597064 0.093494162 0.006728781 131.840332031
-0.003922260 0.112171903 -0.993681073 -107.531745911 -0.096971937 0.988962829 0.112022057 -14.554954529 0.995279372 0.096798539 0.006998556 131.876342773
-0.005519900 0.123265438 -0.992358446 -108.493827820 -0.100749850 0.987255394 0.123191983 -14.538236618 0.994896412 0.100659966 0.006969423 131.906524658
-0.007155384 0.125159979 -0.992110729 -109.437133789 -0.107872725 0.986249924 0.125198588 -14.526329994 0.994138956 0.107917540 0.006444349 131.938629150
-0.006780720 0.122698687 -0.992420912 -110.422782898 -0.115593538 0.985694408 0.122656859 -14.508739471 0.993273377 0.115549125 0.007499459 131.952590942
-0.007114443 0.118361101 -0.992945135 -111.376861572 -0.123578012 0.985254586 0.118329808 -14.490335464 0.992309332 0.123548038 0.007617292 131.978027344
-0.004781771 0.120644405 -0.992684305 -112.344848633 -0.128209949 0.984428823 0.120258696 -14.469420433 0.991735458 0.127847046 0.010760503 131.999786377
-0.002973487 0.121739596 -0.992557645 -113.329849243 -0.136575863 0.983211815 0.121002443 -14.445881844 0.990625083 0.135919228 0.013703124 132.019348145
-0.002387646 0.123915955 -0.992289841 -114.294067383 -0.145544723 0.981683314 0.122941643 -14.422779083 0.989348769 0.144716069 0.015691401 132.040618896
-0.002281149 0.126568481 -0.991955340 -115.268028259 -0.151179627 0.980512857 0.125456154 -14.400529861 0.988503635 0.150249586 0.016897878 132.068023682
-0.002052284 0.125972986 -0.992031574 -116.245750427 -0.155472249 0.979930639 0.124757968 -14.385753632 0.987838149 0.154489398 0.017574204 132.108520508
-0.000429333 0.116460048 -0.993195236 -117.200500488 -0.154460356 0.981268287 0.115128316 -14.384505272 0.987998843 0.153458729 0.017567175 132.141265869
0.001028980 0.105003923 -0.994471252 -118.155456543 -0.157729924 0.982040346 0.103528164 -14.372499466 0.987481713 0.156751364 0.017572762 132.176742554
