1.000000000 0.000000000 0.000000000 0.000000000 0.000000000 1.000000000 0.000000000 0.000000000 0.000000000 0.000000000 1.000000000 0.000000000
0.999997735 -0.001621114 -0.001400310 0.050543375 0.001618095 0.999996364 -0.002154494 -0.132612243 0.001403798 0.002152224 0.999996722 1.296761513
0.999997616 0.000051067 -0.002193006 0.106647141 -0.000064832 0.999980211 -0.006277053 -0.269529134 0.002192643 0.006277179 0.999977827 2.604768276
0.999995649 0.002584243 -0.001438587 0.151735634 -0.002595465 0.999965787 -0.007854097 -0.407311648 0.001418241 0.007857796 0.999968112 3.909176350
0.999982595 0.005895876 0.000096555 0.196038261 -0.005895107 0.999960721 -0.006618252 -0.545673013 -0.000135572 0.006617568 0.999978065 5.221743107
0.999974191 0.006772866 0.002392175 0.242786229 -0.006765117 0.999971807 -0.003232388 -0.690594077 -0.002414000 0.003216121 0.999991894 6.540003777
0.999959648 0.006945653 0.005679511 0.299200833 -0.006935185 0.999974191 -0.001860593 -0.828376114 -0.005692287 0.001821129 0.999982059 7.843866825
0.999943137 0.005378852 0.009206306 0.352085769 -0.005363175 0.999984145 -0.001726583 -0.962478876 -0.009215449 0.001677110 0.999956131 9.149760246
0.999914885 0.004071156 0.012390595 0.431709528 -0.004049879 0.999990344 -0.001741778 -1.098687887 -0.012397565 0.001691450 0.999921739 10.448693275
0.999869883 0.002830479 0.015878934 0.494277239 -0.002790843 0.999992907 -0.002517715 -1.234464765 -0.015885951 0.002473071 0.999870777 11.758455276
0.999811590 0.001730322 0.019332927 0.570033073 -0.001666058 0.999993026 -0.003339727 -1.370516419 -0.019338569 0.003306888 0.999807537 13.050969124
0.999741256 0.001731779 0.022681866 0.638334155 -0.001657912 0.999993205 -0.003275072 -1.518223643 -0.022687385 0.003236620 0.999737382 14.371386528
0.999659896 0.001663978 0.026026035 0.723710597 -0.001549265 0.999989092 -0.004427142 -1.655360818 -0.026033113 0.004385315 0.999651432 15.667757988
0.999572158 0.002427766 0.029145531 0.805512190 -0.002302967 0.999988019 -0.004314726 -1.794645548 -0.029155657 0.004245759 0.999565780 16.971420288
0.999472916 0.002028087 0.032400806 0.894760847 -0.001902435 0.999990523 -0.003908406 -1.934270024 -0.032408424 0.003844705 0.999467313 18.258464813
0.999410093 0.000471485 0.034340475 0.996785641 -0.000344317 0.999993086 -0.003708961 -2.075994015 -0.034341987 0.003694949 0.999403298 19.554250717
0.999347866 -0.002079019 0.036047414 1.093808651 0.002257115 0.999985516 -0.004900607 -2.217270374 -0.036036700 0.004978775 0.999338090 20.829338074
0.999314010 -0.001701371 0.036994837 1.194935203 0.001950594 0.999975622 -0.006701660 -2.358658791 -0.036982529 0.006769225 0.999292970 22.134872437
0.999261737 -0.001625381 0.038385965 1.276075721 0.001987664 0.999953806 -0.009401641 -2.501857758 -0.038368918 0.009470997 0.999218702 23.420024872
0.999223173 -0.001207994 0.039391011 1.380407691 0.001634317 0.999940336 -0.010792450 -2.646643400 -0.039375618 0.010848442 0.999165595 24.708627701
0.999180973 -0.000711366 0.040459581 1.480479956 0.001168880 0.999935627 -0.011285378 -2.795399666 -0.040448949 0.011323426 0.999117434 25.979116440
0.999161541 -0.002135134 0.040885869 1.581457853 0.002559117 0.999943495 -0.010320405 -2.940523624 -0.040861521 0.010416386 0.999110520 27.271409988
0.999156833 -0.005039470 0.040747527 1.685112476 0.005414006 0.999944091 -0.009086512 -3.088919878 -0.040699463 0.009299457 0.999128222 28.550079346
0.999180973 -0.006609096 0.039919928 1.782635689 0.006995333 0.999929965 -0.009543384 -3.234535933 -0.039854057 0.009814822 0.999157310 29.838411331
0.999205530 -0.008299017 0.038979426 1.889996052 0.008772686 0.999889553 -0.011996457 -3.380085230 -0.038875565 0.012328878 0.999167979 31.106035233
0.999230444 -0.008378264 0.038316458 1.994881511 0.008853814 0.999885798 -0.012258288 -3.527767181 -0.038209375 0.012588107 0.999190450 32.397422791
0.999239147 -0.008902952 0.037972949 2.089141846 0.009389596 0.999875844 -0.012656509 -3.670957327 -0.037855551 0.013003429 0.999198616 33.662990570
0.999263108 -0.009475333 0.037194401 2.189122200 0.009952337 0.999870300 -0.012660539 -3.816703796 -0.037069619 0.013021382 0.999227762 34.930255890
0.999275506 -0.010069417 0.036703661 2.280015945 0.010559728 0.999857247 -0.013189387 -3.960570812 -0.036565620 0.013567412 0.999239087 36.186729431
0.999314725 -0.010538130 0.035482336 2.394937754 0.011018910 0.999849737 -0.013381656 -4.119212627 -0.035335992 0.013763464 0.999280632 37.474922180
0.999301910 -0.010292221 0.035913602 2.481974602 0.010714776 0.999875307 -0.011593281 -4.265494347 -0.035789803 0.011969995 0.999287605 38.744659424
0.999273002 -0.010327248 0.036699690 2.582714558 0.010721237 0.999886751 -0.010554974 -4.405954838 -0.036586531 0.010940768 0.999270558 40.005260468
0.999200821 -0.011992780 0.038130596 2.697654724 0.012338703 0.999884725 -0.008849737 -4.547647953 -0.038020067 0.009313147 0.999233603 41.251972198
0.999083221 -0.013175635 0.040730365 2.791382313 0.013595350 0.999857128 -0.010044979 -4.694946766 -0.040592197 0.010589515 0.999119639 42.519798279
0.998951614 -0.014556405 0.043401934 2.882355690 0.015147964 0.999796331 -0.013332156 -4.841311455 -0.043199029 0.013975630 0.998968720 43.774112701
0.998876095 -0.015573477 0.044766728 3.006577015 0.016226925 0.999766469 -0.014270574 -4.989326000 -0.044534028 0.014980964 0.998895466 45.033451080
0.998747230 -0.015869653 0.047456522 3.128950596 0.016503651 0.999779344 -0.012997768 -5.123673439 -0.047239773 0.013764694 0.998788714 46.267688751
0.998553514 -0.016981330 0.051014263 3.236367226 0.017494444 0.999800742 -0.009628633 -5.277883530 -0.050840590 0.010507173 0.998651505 47.528518677
0.998293340 -0.019932119 0.054891221 3.356426001 0.020385753 0.999762475 -0.007716646 -5.415092468 -0.054724373 0.008822477 0.998462498 48.757694244
0.998051763 -0.021994926 0.058385435 3.486305475 0.022506272 0.999713778 -0.008114967 -5.553726673 -0.058190230 0.009413197 0.998261094 50.005207062
0.997782230 -0.025519613 0.061475217 3.632238150 0.026304131 0.999582171 -0.011986133 -5.689414978 -0.061143640 0.013576603 0.998036623 51.240158081
0.997480333 -0.026685936 0.065733433 3.757299662 0.027526803 0.999549925 -0.011919572 -5.826664925 -0.065385781 0.013698971 0.997766018 52.469944000
0.997138679 -0.029203730 0.069724895 3.890032291 0.029935213 0.999506950 -0.009468990 -5.964938164 -0.069413997 0.011529127 0.997521281 53.689369202
0.996850789 -0.031692132 0.072691642 4.040689945 0.032212362 0.999463081 -0.005995428 -6.101628780 -0.072462589 0.008318117 0.997336447 54.898979187
0.996609509 -0.034224704 0.074820422 4.191027164 0.034637399 0.999391079 -0.004224776 -6.232767582 -0.074630268 0.006802038 0.997188032 56.113334656
0.996424317 -0.037330519 0.075796202 4.344653130 0.037534881 0.999294460 -0.001272825 -6.354484558 -0.075695217 0.004113274 0.997122526 57.323574066
0.996255159 -0.040148251 0.076575711 4.490681648 0.040226318 0.999190509 0.000523333 -6.484991074 -0.076534718 0.002558985 0.997063637 58.528293610
0.996207893 -0.042204704 0.076082684 4.638882160 0.042553436 0.999089777 -0.002967481 -6.606853485 -0.075888194 0.006193808 0.997097075 59.740154266
0.996214151 -0.043230213 0.075421914 4.784118652 0.043899506 0.999009669 -0.007238057 -6.734914303 -0.075034328 0.010521641 0.997125387 60.928531647
0.996223032 -0.044729304 0.074423589 4.916440487 0.045694485 0.998891354 -0.011316252 -6.860419750 -0.073834904 0.014674259 0.997162521 62.131191254
0.996270418 -0.046283480 0.072821476 5.065664291 0.047408167 0.998780489 -0.013791718 -6.992919922 -0.072094329 0.017192615 0.997249603 63.324771881
0.996389031 -0.046664938 0.070931643 5.194040775 0.047783043 0.998757482 -0.014147981 -7.124742508 -0.070183299 0.017486222 0.997380853 64.503623962
0.996614575 -0.045912430 0.068201251 5.326934814 0.046942450 0.998805344 -0.013576783 -7.259895325 -0.067496441 0.016732356 0.997579157 65.681236267
0.996850610 -0.045215465 0.065149568 5.444568634 0.046040524 0.998876512 -0.011218138 -7.403867722 -0.064569145 0.014182327 0.997812450 66.879241943
0.997241974 -0.041481324 0.061546609 5.563211441 0.042041916 0.999085069 -0.007841023 -7.531883240 -0.061165038 0.010406934 0.998073339 68.053054810
0.997453570 -0.039615460 0.059306547 5.671617985 0.039985441 0.999187350 -0.005064145 -7.662090778 -0.059057742 0.007422647 0.998227000 69.220787048
0.997749269 -0.038448442 0.054937586 5.803270817 0.038970362 0.999204695 -0.008460442 -7.799654961 -0.054568589 0.010582339 0.998454094 70.431632996
0.997933090 -0.038822245 0.051208470 5.914375305 0.039632946 0.999103069 -0.014911704 -7.931686401 -0.050583631 0.016910426 0.998576760 71.590957642
0.997980714 -0.042256281 0.047422599 6.021354198 0.043161299 0.998901904 -0.018224938 -8.065999985 -0.046600401 0.020234957 0.998708606 72.769828796
0.998012602 -0.046062965 0.043003220 6.148550510 0.046705004 0.998809993 -0.014046148 -8.195118904 -0.042305041 0.016026696 0.998976171 73.953399658
0.998005927 -0.049791023 0.038794212 6.252073288 0.050181489 0.998698175 -0.009156371 -8.322119713 -0.038287804 0.011084862 0.999205291 75.110733032
0.998051822 -0.052348990 0.033942364 6.349717140 0.052592717 0.998596013 -0.006327152 -8.450843811 -0.033563491 0.008099949 0.999403775 76.292755127
0.998226941 -0.051499505 0.029844558 6.437248230 0.051640939 0.998657763 -0.003987188 -8.575343132 -0.029599156 0.005521319 0.999546587 77.452949524
0.998366296 -0.051109161 0.025544930 6.538768768 0.051236872 0.998677015 -0.004369493 -8.687180519 -0.025287814 0.005671197 0.999664068 78.613555908
0.998502076 -0.049854480 0.022541512 6.603487015 0.049996980 0.998732626 -0.005803016 -8.822992325 -0.022223638 0.006921332 0.999729037 79.772323608
0.998682439 -0.047522902 0.019362513 6.676583290 0.047739901 0.998800278 -0.010903510 -8.951966286 -0.018821117 0.011813508 0.999753058 80.917251587
0.998594642 -0.050711777 0.015398065 6.761696339 0.050951682 0.998579144 -0.015609664 -9.092966080 -0.014584591 0.016372282 0.999759555 82.080780029
0.998440862 -0.054383498 0.012582406 6.814267635 0.054592025 0.998366237 -0.016868927 -9.220983505 -0.011644459 0.017529525 0.999778509 83.225143433
0.998467028 -0.054605398 0.009052661 6.877182007 0.054724328 0.998410821 -0.013455116 -9.350701332 -0.008303555 0.013929892 0.999868453 84.362915039
0.998473108 -0.054884318 0.006236277 6.942114353 0.054949872 0.998429954 -0.010878683 -9.482651711 -0.005629416 0.011204759 0.999921262 85.501426697
0.998597383 -0.052704442 0.005074001 6.985949516 0.052764263 0.998529077 -0.012484166 -9.612647057 -0.004408566 0.012734381 0.999909222 86.639373779
0.998791397 -0.048995610 0.003890002 7.041177273 0.049050167 0.998676777 -0.015450530 -9.741783142 -0.003127847 0.015622663 0.999873042 87.761337280
0.998874247 -0.047328394 0.003179529 7.099778175 0.047379199 0.998706341 -0.018459972 -9.866909981 -0.002301735 0.018589836 0.999824464 88.853858948
0.998802781 -0.048833381 0.002882265 7.139321327 0.048879493 0.998623610 -0.019016389 -10.006361008 -0.001949663 0.019134505 0.999815047 89.998817444
0.998744965 -0.050067291 0.001283859 7.191637039 0.050081637 0.998610020 -0.016424155 -10.137131691 -0.000459761 0.016467838 0.999864340 91.112510681
0.998682141 -0.051322669 0.000022007 7.243616104 0.051318102 0.998587251 -0.013781687 -10.267824173 0.000685338 0.013764651 0.999905109 92.225685120
0.998719811 -0.050583296 -0.000150961 7.300415039 0.050577015 0.998634815 -0.013053796 -10.393399239 0.000811059 0.013029450 0.999914706 93.364242554
0.998689651 -0.051175501 -0.000139899 7.344534874 0.051167525 0.998575509 -0.015134476 -10.521865845 0.000914214 0.015107487 0.999885380 94.472000122
0.998684406 -0.051271457 -0.000928334 7.402981281 0.051244684 0.998506069 -0.018963985 -10.653205872 0.001899258 0.018891461 0.999819696 95.577224731
0.998650670 -0.051926974 -0.000567882 7.446831226 0.051904861 0.998446703 -0.020247491 -10.785486221 0.001618392 0.020190693 0.999794841 96.680648804
0.998613179 -0.052642237 -0.000695919 7.501492977 0.052620329 0.998442531 -0.018533602 -10.918783188 0.001670485 0.018471278 0.999827981 97.763847351
0.998676300 -0.051435005 0.000247548 7.540433407 0.051433753 0.998588324 -0.013263730 -11.044935226 0.000435021 0.013258904 0.999911964 98.847808838
0.998759627 -0.049770337 0.001445377 7.590650082 0.049782183 0.998711646 -0.009839119 -11.165737152 -0.000953819 0.009898869 0.999950588 99.916656494
0.998859048 -0.047650337 0.003177769 7.636711121 0.047679804 0.998813093 -0.009953313 -11.286170959 -0.002699718 0.010093472 0.999945402 100.984344482
0.998930216 -0.045938347 0.005301599 7.683524132 0.045997772 0.998873174 -0.011690930 -11.408428192 -0.004758563 0.011922285 0.999917567 102.017532349
0.998889863 -0.046456471 0.007805040 7.737136364 0.046562385 0.998817503 -0.013984561 -11.530816078 -0.007146136 0.014332458 0.999871671 103.037101746
0.998805761 -0.047865909 0.009791932 7.783670902 0.048008587 0.998735845 -0.014896256 -11.647402763 -0.009066531 0.015348563 0.999841094 104.061500549
0.998699665 -0.049651556 0.011557156 7.844071388 0.049814343 0.998656809 -0.014251667 -11.760878563 -0.010834016 0.014808849 0.999831676 105.042678833
0.998677135 -0.049713474 0.013140105 7.903024673 0.049881760 0.998673022 -0.012805793 -11.881670952 -0.012486049 0.013444303 0.999831617 106.017890930
0.998596787 -0.051019620 0.014192377 7.975778103 0.051180474 0.998626471 -0.011210352 -11.991425514 -0.013600938 0.011920994 0.999836385 106.966438293
0.998532176 -0.051630780 0.016366165 8.028278351 0.051824875 0.998588145 -0.011665898 -12.099221230 -0.015740739 0.012496949 0.999798000 107.884620667
0.998521268 -0.051354237 0.017833605 8.092143059 0.051538218 0.998620927 -0.010014998 -12.198749542 -0.017294697 0.010919302 0.999790788 108.792251587
0.998531759 -0.050469346 0.019677246 8.149418831 0.050633501 0.998685837 -0.007935245 -12.296815872 -0.019250898 0.008919922 0.999774873 109.661277771
0.998495638 -0.050744779 0.020768432 8.210877419 0.050848261 0.998696268 -0.004485327 -12.401910782 -0.020513749 0.005534618 0.999774218 110.521919250
0.998460948 -0.050813582 0.022218436 8.270971298 0.050922554 0.998693049 -0.004366630 -12.494679451 -0.021967513 0.005491329 0.999743640 111.349754333
0.998479366 -0.049937740 0.023348909 8.322449684 0.050034437 0.998741090 -0.003575223 -12.585433006 -0.023140978 0.004738036 0.999720931 112.164146423
0.998584807 -0.047507808 0.023902798 8.374509811 0.047602717 0.998860478 -0.003417238 -12.665356636 -0.023713216 0.004550240 0.999708354 112.943969727
0.998711288 -0.045034152 0.023401771 8.418472290 0.045054469 0.998984456 -0.000341289 -12.744012833 -0.023362638 0.001395203 0.999726057 113.698425293
0.998780906 -0.045025673 0.020232087 8.465176582 0.045020666 0.998985827 0.000703197 -12.829292297 -0.020243226 0.000208523 0.999795079 114.452354431
0.998891592 -0.044996127 0.013811543 8.500277519 0.044990506 0.998987198 0.000717541 -12.903537750 -0.013829844 -0.000095357 0.999904335 115.151268005
0.999054611 -0.043362204 0.003065983 8.530460358 0.043363109 0.999059319 -0.000228653 -12.981399536 -0.003053185 0.000361387 0.999995291 115.824523926
0.999109566 -0.040774100 -0.010835366 8.528189659 0.040741984 0.999164760 -0.003168737 -13.049448967 0.010955522 0.002724461 0.999936283 116.466178894
0.998795509 -0.039307348 -0.029368721 8.521296501 0.039163765 0.999217927 -0.005448564 -13.122622490 0.029559914 0.004291812 0.999553919 117.081542969
0.997941256 -0.037658099 -0.051915437 8.489011765 0.037309416 0.999274313 -0.007669692 -13.193194389 0.052166585 0.005716967 0.998622119 117.669311523
0.996179223 -0.036195911 -0.079478860 8.445066452 0.035546109 0.999322176 -0.009575916 -13.260162354 0.079771593 0.006714164 0.996790588 118.238243103
0.993148565 -0.034077466 -0.111779511 8.376287460 0.032994527 0.999388993 -0.011524284 -13.327633858 0.112103932 0.007757214 0.993666232 118.783096313
0.988655448 -0.029482257 -0.147279859 8.278024673 0.027866056 0.999526739 -0.013025436 -13.393476486 0.147594169 0.008773560 0.989009082 119.317329407
0.982422650 -0.023395373 -0.185198337 8.144252777 0.021442572 0.999691308 -0.012540545 -13.454694748 0.185434550 0.008348988 0.982621193 119.845375061
0.973769248 -0.018129608 -0.226814464 8.004993439 0.016184613 0.999814570 -0.010432178 -13.511371613 0.226961508 0.006487628 0.973882139 120.341629028
0.962299764 -0.013409238 -0.271660328 7.838842392 0.011436940 0.999895513 -0.008842181 -13.571462631 0.271750450 0.005401865 0.962352574 120.827774048
0.947839081 -0.007465303 -0.318661809 7.645904541 0.004691342 0.999944150 -0.009471639 -13.627147675 0.318714738 0.007482637 0.947821200 121.303703308
0.930502653 0.000292435 -0.366285026 7.416759491 -0.004277651 0.999940157 -0.010068532 -13.681222916 0.366260201 0.010935635 0.930448294 121.761131287
0.909286499 0.004852792 -0.416142344 7.164489746 -0.010351619 0.999886334 -0.010958623 -13.735091209 0.416041911 0.014272276 0.909233451 122.198242188
0.884141743 0.009579835 -0.467120737 6.883010864 -0.015888885 0.999827981 -0.009568911 -13.793554306 0.466948777 0.015882300 0.884141743 122.627059937
0.855120182 0.012681132 -0.518274665 6.596328735 -0.020516904 0.999745429 -0.009389838 -13.837275505 0.518023610 0.018662835 0.855162621 123.019485474
0.823475957 0.022361863 -0.566910088 6.263107300 -0.031298850 0.999491751 -0.006038621 -13.886260033 0.566487014 0.022716293 0.823757410 123.395217896
0.789322615 0.035398759 -0.612957180 5.918205261 -0.044483848 0.999010026 0.000410476 -13.929917336 0.612364888 0.026942696 0.790115952 123.753173828
0.753677964 0.044404775 -0.655742109 5.562248230 -0.055937100 0.998428702 0.003319064 -13.969253540 0.654859185 0.034178801 0.754977643 124.051635742
0.713327408 0.048337165 -0.699162006 5.203041077 -0.063025706 0.998000801 0.004695013 -14.023702621 0.697991312 0.040716097 0.714947760 124.355331421
0.670847714 0.049938399 -0.739911795 4.824840546 -0.065700546 0.997809112 0.007776497 -14.066465378 0.738678932 0.043395765 0.672659039 124.636734009
0.626652837 0.053281222 -0.777474940 4.419670105 -0.069151357 0.997526288 0.012624880 -14.097082138 0.776224315 0.045852028 0.628787220 124.905494690
0.581367850 0.062428188 -0.811242282 3.991886139 -0.080578312 0.996568263 0.018944157 -14.134786606 0.809641004 0.054355007 0.584403157 125.139045715
0.536111116 0.071062788 -0.841150880 3.535625458 -0.092081599 0.995427251 0.025407882 -14.158274651 0.839110136 0.063833073 0.540203154 125.347839355
0.489140779 0.076220065 -0.868868053 3.087856293 -0.097877368 0.994678855 0.032155272 -14.182720184 0.866695642 0.069314070 0.493998200 125.540435791
0.441668361 0.077702790 -0.893807173 2.625526428 -0.097028643 0.994536161 0.038513631 -14.210565567 0.891916215 0.069714651 0.446794569 125.721069336
0.394064128 0.079577655 -0.915631413 2.150295258 -0.094992526 0.994435608 0.045544215 -14.232573509 0.914160728 0.069030792 0.399430752 125.896469116
0.349184901 0.082076684 -0.933452368 1.656768799 -0.096346192 0.994021833 0.051361367 -14.252892494 0.932087600 0.071999975 0.355005205 126.029823303
0.305595458 0.085532829 -0.948311925 1.157478333 -0.102072775 0.993160546 0.056684788 -14.273220062 0.946674407 0.079474218 0.312235922 126.144790649
0.263819516 0.086912803 -0.960648537 0.636955261 -0.106631316 0.992455959 0.060506739 -14.290135384 0.958660007 0.086472385 0.271096826 126.247817993
0.224281490 0.083052464 -0.970978975 0.111865997 -0.106693082 0.992465198 0.060245782 -14.304106712 0.968666255 0.090084717 0.231452733 126.350097656
0.189178914 0.078163683 -0.978826761 -0.420183182 -0.101629511 0.993032038 0.059655990 -14.327475548 0.976669252 0.088192046 0.195804462 126.439483643
0.158830717 0.073060416 -0.984598994 -0.968275070 -0.098783523 0.993430078 0.057780433 -14.348255157 0.982351542 0.088084854 0.165004387 126.517684937
0.132147193 0.071507394 -0.988647521 -1.535861969 -0.100097492 0.993258655 0.058461409 -14.367805481 0.986163080 0.091235638 0.138414055 126.585311890
0.110336624 0.070824750 -0.991367638 -2.123991013 -0.100253187 0.993163645 0.059795130 -14.381321907 0.988825142 0.092790179 0.116682716 126.641304016
0.092083998 0.072049849 -0.993141234 -2.719147682 -0.102647036 0.992752135 0.062504195 -14.394574165 0.990446448 0.096187361 0.098812312 126.691513062
0.075487703 0.070369340 -0.994660616 -3.324193954 -0.103437215 0.992677927 0.062378928 -14.419361115 0.991767287 0.098176070 0.082213804 126.748504639
0.061406426 0.069267079 -0.995706499 -3.943467617 -0.102351755 0.992767036 0.062750451 -14.448511124 0.992851138 0.098059006 0.068051890 126.798751831
0.048983280 0.066879779 -0.996557951 -4.583725929 -0.098133169 0.993250430 0.061834317 -14.471400261 0.993967056 0.094766527 0.055215791 126.842033386
0.037364166 0.064046003 -0.997247219 -5.231737137 -0.095912598 0.993566692 0.060216036 -14.486637115 0.994688213 0.093398631 0.043266613 126.873542786
0.026578970 0.063184984 -0.997647822 -5.902758121 -0.094861329 0.993656158 0.060404927 -14.506703377 0.995135605 0.093032703 0.032404177 126.909408569
0.016930722 0.064792581 -0.997755110 -6.574153900 -0.098284036 0.993173122 0.062827274 -14.529022217 0.995014369 0.096999682 0.023183208 126.929252625
0.008734981 0.064500816 -0.997879446 -7.252811909 -0.100934029 0.992877781 0.063293986 -14.555530548 0.994854808 0.100167125 0.015183099 126.942573547
0.001875043 0.063945383 -0.997951746 -7.944136143 -0.102904849 0.992667735 0.063413464 -14.576936722 0.994689465 0.102575138 0.008441584 126.961791992
-0.003237634 0.064771764 -0.997894824 -8.641069412 -0.103669629 0.992501438 0.064758033 -14.594198227 0.994606555 0.103661053 0.003501508 126.975830078
-0.006827175 0.067307822 -0.997708857 -9.361873627 -0.105841354 0.992078960 0.067652278 -14.615057945 0.994359612 0.106060743 0.000350854 126.997398376
-0.007424067 0.071312547 -0.997426331 -10.099761009 -0.108664148 0.991489649 0.071696900 -14.639733315 0.994050801 0.108916767 0.000388228 126.995269775
-0.008659564 0.074282609 -0.997199655 -10.809947968 -0.110499762 0.991058648 0.074784726 -14.652637482 0.993838370 0.110837936 -0.000373926 127.009536743
-0.009385914 0.079691224 -0.996775508 -11.548223495 -0.115183651 0.990097940 0.080241978 -14.659370422 0.993299901 0.115565374 -0.000113849 127.017425537
-0.010366875 0.083593674 -0.996446013 -12.292544365 -0.118442349 0.989381731 0.084233291 -14.672430992 0.992906809 0.118894644 -0.000355767 127.022132874
-0.011716660 0.084319748 -0.996369839 -13.036817551 -0.118298113 0.989323556 0.085114546 -14.693710327 0.992908955 0.118865944 -0.001616701 127.038597107
-0.013329939 0.081303068 -0.996600211 -13.780640602 -0.115949653 0.989839435 0.082302377 -14.712177277 0.993165612 0.116652541 -0.003767437 127.059020996
-0.014945888 0.077725910 -0.996862710 -14.542558670 -0.119427994 0.989698291 0.078957856 -14.716461182 0.992730379 0.120233417 -0.005509270 127.070014954
-0.015901737 0.079198152 -0.996732056 -15.311458588 -0.124807656 0.988904417 0.080567367 -14.727169991 0.992053509 0.125680938 -0.005840763 127.066444397
-0.017427530 0.082809031 -0.996413112 -16.080898285 -0.121910721 0.988952816 0.084321298 -14.741890907 0.992388010 0.122942947 -0.007139696 127.078987122
-0.019584263 0.082834288 -0.996370912 -16.856475830 -0.120853938 0.989058495 0.084601827 -14.758816719 0.992477000 0.122072220 -0.009359134 127.091178894
-0.021140251 0.081927948 -0.996414006 -17.646226883 -0.123618163 0.988774776 0.083922550 -14.769866943 0.992104650 0.124949016 -0.010775164 127.096366882
-0.021551007 0.081621394 -0.996430397 -18.433971405 -0.128330842 0.988191128 0.083722062 -14.775406837 0.991497219 0.129677027 -0.010821972 127.092445374
-0.022614932 0.086213224 -0.996020079 -19.237617493 -0.130247042 0.987529635 0.088435620 -14.783567429 0.991223633 0.131728649 -0.011103900 127.093902588
-0.023240065 0.090464979 -0.995628476 -20.052453995 -0.128661841 0.987344921 0.092715561 -14.791385651 0.991416156 0.130254120 -0.011306571 127.106643677
-0.022255210 0.092864141 -0.995430052 -20.876220703 -0.130680144 0.986863971 0.094986670 -14.803164482 0.991174698 0.132196888 -0.009827362 127.118225098
-0.020379910 0.091585383 -0.995588601 -21.694438934 -0.130112231 0.987084031 0.093466461 -14.808632851 0.991289794 0.131443098 -0.008200306 127.127098083
-0.019085405 0.091416478 -0.995629847 -22.525718689 -0.130224451 0.987100959 0.093129687 -14.812255859 0.991300762 0.131432742 -0.006934565 127.135635376
-0.019256104 0.090828530 -0.995680273 -23.358119965 -0.128638431 0.987362742 0.092557594 -14.821169853 0.991504610 0.129865065 -0.007328722 127.160087585
-0.018229693 0.092811659 -0.995516777 -24.196779251 -0.129580528 0.987065434 0.094396591 -14.827234268 0.991401315 0.130720422 -0.005967317 127.174613953
-0.017668054 0.094973601 -0.995323002 -25.034452438 -0.131273985 0.986640573 0.096475393 -14.829262733 0.991188705 0.132364571 -0.004964453 127.189331055
-0.017852526 0.097169966 -0.995107651 -25.908292770 -0.134062260 0.986046433 0.098690286 -14.828763962 0.990812004 0.135168269 -0.004576593 127.205322266
-0.016259102 0.098253712 -0.995028496 -26.771888733 -0.136208788 0.985665321 0.099554837 -14.825774193 0.990546703 0.137150317 -0.002643013 127.216300964
-0.014578382 0.101441607 -0.994734585 -27.641101837 -0.143147841 0.984380960 0.102483653 -14.826227188 0.989593923 0.143888146 0.000170464 127.229331970
-0.012120817 0.105278604 -0.994368851 -28.518693924 -0.147885472 0.983317196 0.105911143 -14.821447372 0.988930166 0.148336425 0.003650569 127.243492126
-0.010211186 0.107085310 -0.994197428 -29.392889023 -0.150366992 0.982779205 0.107399829 -14.816493988 0.988577485 0.150591150 0.006066753 127.273971558
-0.006168850 0.108051248 -0.994126201 -30.292377472 -0.149554372 0.982864320 0.107755236 -14.818211555 0.988734245 0.149340644 0.010096392 127.292617798
-0.003396850 0.107956596 -0.994149804 -31.186019897 -0.152280688 0.982505023 0.107212387 -14.811483383 0.988331497 0.151753992 0.013102282 127.317924500
-0.001038462 0.111820094 -0.993727982 -32.086601257 -0.152634099 0.982066929 0.110667452 -14.804393768 0.988282263 0.151791692 0.016047724 127.348838806
0.001550507 0.113619760 -0.993523240 -33.002601624 -0.151557460 0.982074201 0.112073950 -14.796033859 0.988447249 0.150402099 0.018742640 127.388076782
0.003331481 0.114794865 -0.993383646 -33.895858765 -0.152089372 0.981890857 0.112956695 -14.791959763 0.988361061 0.150706828 0.020730227 127.428077698
0.005891781 0.112861581 -0.993593276 -34.799083710 -0.153296754 0.981967688 0.110632025 -14.784671783 0.988162696 0.151662812 0.023086850 127.458137512
0.006140430 0.114301756 -0.993427038 -35.705513000 -0.157695174 0.981125891 0.111911669 -14.778228760 0.987468660 0.155971453 0.024049366 127.496711731
0.007009541 0.114923097 -0.993349671 -36.599048615 -0.158420101 0.980956554 0.112371430 -14.773324966 0.987346888 0.156578869 0.025082182 127.534645081
0.007465689 0.111625768 -0.993722260 -37.495330811 -0.159093961 0.981224895 0.109026656 -14.771503448 0.987235188 0.157281265 0.025084503 127.566238403
0.008306631 0.107283898 -0.994193673 -38.400909424 -0.159950256 0.981569052 0.104585156 -14.771820068 0.987090111 0.158152744 0.025313614 127.611778259
0.008748983 0.106528081 -0.994271219 -39.297718048 -0.159571558 0.981716275 0.103778787 -14.767016411 0.987147570 0.157749429 0.025587870 127.653305054
0.008481786 0.110631585 -0.993825376 -40.196746826 -0.162143886 0.980860591 0.107804544 -14.761869431 0.986730695 0.160228312 0.026257686 127.694023132
0.009015091 0.116877608 -0.993105412 -41.140499115 -0.162566543 0.980104744 0.113871850 -14.749710083 0.986656368 0.160419136 0.027836125 127.726661682
0.009210384 0.115592837 -0.993253946 -42.035366058 -0.160361394 0.980610907 0.112634420 -14.749967575 0.987015426 0.158242211 0.027568430 127.771179199
0.010077366 0.105108291 -0.994409680 -42.926109314 -0.159460500 0.981903017 0.102170371 -14.755765915 0.987152874 0.157539442 0.026655614 127.812942505
0.010374440 0.094732314 -0.995448709 -43.846481323 -0.161298931 0.982623935 0.091830797 -14.760486603 0.986850977 0.159612164 0.025474396 127.851997375
0.009343230 0.091716342 -0.995741367 -44.748836517 -0.158183694 0.983382106 0.089093678 -14.768795967 0.987365484 0.156677634 0.023695998 127.896186829
0.009167528 0.101556465 -0.994787574 -45.669326782 -0.150894210 0.983578086 0.099021532 -14.770125389 0.988507390 0.149199888 0.024341263 127.944778442
0.009171803 0.114964858 -0.993327200 -46.620342255 -0.145756707 0.982913077 0.112413742 -14.769969940 0.989277899 0.143753111 0.025771987 128.003555298
0.009403498 0.124062859 -0.992229760 -47.542991638 -0.145986050 0.981812477 0.121376812 -14.761152267 0.989242017 0.143710345 0.027343920 128.047225952
0.009227024 0.118297242 -0.992935359 -48.459373474 -0.146007836 0.982494771 0.115696564 -14.757268906 0.989240408 0.143908814 0.026337830 128.087219238
0.009277063 0.104718693 -0.994458616 -49.391948700 -0.146042407 0.983979642 0.102252826 -14.756810188 0.989234805 0.144284531 0.024421807 128.128189087
0.009909323 0.095899887 -0.995341718 -50.307518005 -0.146483138 0.984791636 0.093425050 -14.756486893 0.989163578 0.144874990 0.023806332 128.170562744
0.010361154 0.095978521 -0.995329499 -51.237781525 -0.145515174 0.984931648 0.093461081 -14.764185905 0.989301741 0.143867195 0.024171358 128.214355469
0.010079388 0.097152375 -0.995218396 -52.192367554 -0.148766235 0.984338641 0.094583608 -14.775980949 0.988820970 0.147101611 0.024374524 128.250534058
0.010562491 0.096648879 -0.995262444 -53.119842529 -0.153274938 0.983712018 0.093900561 -14.778808594 0.988127172 0.151556939 0.025204297 128.284286499
0.010989002 0.096221469 -0.995299220 -54.060852051 -0.154894680 0.983508706 0.093371429 -14.784062386 0.987869859 0.153140530 0.025711972 128.325759888
0.011695458 0.103587359 -0.994551599 -55.016765594 -0.163589820 0.981416941 0.100295573 -14.783685684 0.986459076 0.161525503 0.028423954 128.366882324
0.013586240 0.113188550 -0.993480623 -55.976100922 -0.170187667 0.979336858 0.109249733 -14.773879051 0.985318005 0.167593852 0.032568797 128.401611328
0.014925350 0.121427886 -0.992488027 -56.920906067 -0.170433566 0.978381813 0.117139004 -14.766322136 0.985256135 0.167404875 0.035298079 128.445739746
0.015760671 0.122296244 -0.992368519 -57.863159180 -0.171968624 0.978033900 0.117798507 -14.759754181 0.984976351 0.168799683 0.036445588 128.490341187
0.017144881 0.112710759 -0.993479967 -58.801715851 -0.173557714 0.978877485 0.108058967 -14.756292343 0.984674394 0.170573458 0.036344558 128.542526245
0.018025639 0.107418597 -0.994050443 -59.780590057 -0.171960697 0.979730248 0.102752864 -14.753311157 0.984938860 0.169085458 0.036132038 128.608657837
0.020275988 0.105796240 -0.994181037 -60.733909607 -0.170807332 0.980132878 0.100817762 -14.749343872 0.985095739 0.167769238 0.037943944 128.659957886
0.023807824 0.111720443 -0.993454456 -61.695262909 -0.171913788 0.979390442 0.106018983 -14.744369507 0.984824240 0.168264419 0.042523440 128.714630127
0.027375448 0.114211254 -0.993079185 -62.677848816 -0.174782738 0.978694737 0.107738815 -14.754969597 0.984226346 0.170623705 0.046754360 128.763687134
0.030996989 0.108864449 -0.993573189 -63.627655029 -0.174654335 0.979347229 0.101856939 -14.750291824 0.984141767 0.170374617 0.049370456 128.836257935
0.034426000 0.103115074 -0.994073451 -64.578338623 -0.174608424 0.979985297 0.095606804 -14.756330490 0.984035969 0.170282245 0.051741742 128.900070190
0.037734818 0.103014238 -0.993963838 -65.545127869 -0.171779335 0.980534434 0.095100977 -14.760904312 0.984412491 0.167153850 0.054696001 128.970321655
0.040273659 0.107431769 -0.993396342 -66.508605957 -0.169573277 0.980515897 0.099164046 -14.770213127 0.984694362 0.164459780 0.057706520 129.048156738
0.043474663 0.114451893 -0.992477179 -67.478157043 -0.169307351 0.979891241 0.105584130 -14.776881218 0.984603941 0.163443446 0.061978001 129.133178711
0.047005791 0.118241347 -0.991871715 -68.433547974 -0.167068690 0.979912817 0.108898178 -14.776097298 0.984824061 0.160591885 0.065816000 129.207351685
0.048782531 0.120103717 -0.991562128 -69.398918152 -0.166594431 0.979815960 0.110484920 -14.779170990 0.984817982 0.159798980 0.067806512 129.292633057
0.050781947 0.117499053 -0.991773725 -70.355461121 -0.164815068 0.980425060 0.107715473 -14.775910378 0.985016406 0.157989264 0.069153510 129.374359131
0.050355524 0.115678549 -0.992009401 -71.306701660 -0.162222415 0.981026590 0.106163241 -14.782652855 0.985468507 0.155580238 0.068165772 129.473281860
0.050731055 0.111724086 -0.992443562 -72.248611450 -0.159186274 0.981923461 0.102402598 -14.788670540 0.985944271 0.152788401 0.067598946 129.563369751
0.050648533 0.112528190 -0.992356956 -73.219085693 -0.158229366 0.981986523 0.103276439 -14.791982651 0.986102521 0.151789173 0.067541435 129.640380859
0.049666408 0.116599284 -0.991936445 -74.168151855 -0.154615581 0.982086957 0.107699893 -14.789769173 0.986725509 0.148019746 0.066804804 129.740722656
0.049545512 0.118387453 -0.991730571 -75.146331787 -0.149328530 0.982667267 0.109845273 -14.795308113 0.987545550 0.142651349 0.066365376 129.825759888
0.048534472 0.114510931 -0.992235720 -76.096702576 -0.146267712 0.983511746 0.106349565 -14.790886879 0.988053620 0.139970422 0.064483486 129.910415649
0.047160354 0.111058302 -0.992694259 -77.046386719 -0.147828311 0.983632684 0.103021577 -14.794680595 0.987887979 0.141889811 0.062806033 129.990722656
0.046001885 0.107214615 -0.993171215 -78.027397156 -0.144520551 0.984478056 0.099582255 -14.791540146 0.988431871 0.138952687 0.060782582 130.062133789
0.045393419 0.108303145 -0.993080974 -78.981002808 -0.145079151 0.984281003 0.100711919 -14.793799400 0.988378227 0.139503688 0.060392410 130.126205444
0.044309001 0.109427936 -0.993006647 -79.930290222 -0.145491049 0.984092355 0.101953641 -14.792501450 0.988366842 0.139956102 0.059524935 130.204635620
0.043866239 0.111080892 -0.992842793 -80.900657654 -0.148147687 0.983535051 0.103493996 -14.803556442 0.987991929 0.142547473 0.059600368 130.263076782
0.041881710 0.110728003 -0.992967844 -81.856262207 -0.148127884 0.983544827 0.103429437 -14.794235229 0.988080978 0.142754495 0.057594445 130.340057373
0.040060483 0.111333393 -0.992975295 -82.810821533 -0.148279116 0.983432055 0.104281224 -14.794390678 0.988133788 0.143059969 0.055905189 130.406234741
0.037776824 0.114523083 -0.992702007 -83.754821777 -0.148146063 0.983075440 0.107774876 -14.795487404 0.988243699 0.142993510 0.054103617 130.480850220
0.036197972 0.118053280 -0.992347300 -84.716987610 -0.149370521 0.982482255 0.111431114 -14.784731865 0.988118470 0.144193828 0.053197548 130.533477783
0.033780921 0.122509532 -0.991892338 -85.665908813 -0.150413960 0.981777787 0.116137639 -14.770604134 0.988045752 0.145271197 0.051592506 130.599914551
0.032078430 0.122369610 -0.991966069 -86.613822937 -0.150665596 0.981727839 0.116234362 -14.765896797 0.988064229 0.145726532 0.049929176 130.660980225
0.030743083 0.116763979 -0.992683768 -87.556594849 -0.150510550 0.982369542 0.110889532 -14.758330345 0.988130271 0.146000251 0.047775283 130.724258423
0.028509507 0.112374127 -0.993256927 -88.495155334 -0.155301288 0.982092857 0.106653452 -14.751053810 0.987455666 0.151213482 0.045450840 130.784179688
0.028345915 0.109787054 -0.993550837 -89.468994141 -0.153650582 0.982616484 0.104195140 -14.740720749 0.987718701 0.149706155 0.044721995 130.828704834
0.027353112 0.110848561 -0.993460655 -90.419586182 -0.149527475 0.983104885 0.105576091 -14.745108604 0.988379121 0.145661846 0.043465886 130.889770508
0.026533239 0.111997172 -0.993354201 -91.371452332 -0.146130621 0.983463943 0.106978826 -14.741108894 0.988909423 0.142320976 0.042460695 130.954513550
0.025323404 0.112000853 -0.993385315 -92.317031860 -0.141085744 0.984158397 0.107363991 -14.743111610 0.989673555 0.137433678 0.040723957 131.020446777
0.024366137 0.109297693 -0.993710339 -93.263198853 -0.137111455 0.984977484 0.104975149 -14.745666504 0.990255892 0.133691236 0.038986068 131.080001831
0.023476144 0.106126010 -0.994075537 -94.225746155 -0.131997466 0.985973299 0.102143779 -14.752388000 0.990971982 0.128817514 0.037155218 131.133911133
0.022460371 0.108497359 -0.993842959 -95.185844421 -0.130114660 0.985955954 0.104695790 -14.753708839 0.991244555 0.126962021 0.036262024 131.189254761
0.021081215 0.110936522 -0.993603945 -96.130432129 -0.129914820 0.985702455 0.107297935 -14.754382133 0.991301060 0.126821905 0.035192098 131.248489380
0.019749008 0.109030180 -0.993842244 -97.082878113 -0.125283524 0.986470938 0.105731934 -14.752491951 0.991924405 0.122423969 0.033141512 131.293655396
0.016708791 0.105610080 -0.994267166 -98.040847778 -0.123024508 0.987067163 0.102777854 -14.747547150 0.992262959 0.120601937 0.029485328 131.355377197
0.013907584 0.103214882 -0.994561851 -98.990333557 -0.121935844 0.987409592 0.100767501 -14.749630928 0.992440581 0.119871296 0.026318075 131.405853271
0.011570420 0.102139995 -0.994702697 -99.949058533 -0.115700871 0.988224447 0.100128934 -14.758625031 0.993216693 0.113929436 0.023251856 131.452713013
0.008631133 0.102272451 -0.994718969 -100.897232056 -0.109872997 0.988830030 0.100713596 -14.754643440 0.993908226 0.108423479 0.019771703 131.509201050
0.006902148 0.108914047 -0.994027197 -101.890518188 -0.099561155 0.989186525 0.107692353 -14.739644051 0.995007515 0.098223194 0.017671121 131.561019897
0.004241340 0.117297508 -0.993087709 -102.849105835 -0.091607936 0.988966405 0.116419464 -14.738264084 0.995786130 0.090480931 0.014939926 131.615890503
0.000175437 0.116208740 -0.993224800 -103.804260254 -0.087337211 0.989431381 0.115749449 -14.729199409 0.996178806 0.086725183 0.010322928 131.671630859
-0.001330580 0.106625229 -0.994298339 -104.762420654 -0.088468365 0.990388036 0.106324278 -14.731926918 0.996078074 0.088105410 0.008115171 131.693145752
-0.003567348 0.097142659 -0.995264053 -105.709220886 -0.090275712 0.991175234 0.097067133 -14.730521202 0.995910347 0.090194456 0.005233757 131.730651855
-0.003563121 0.098935924 -0.995087385 -106.671829224 -0.097957060 0.990273356 0.098808043 -14.736065865 0.995184183 0.097827896 0.006163009 131.743957520
-0.004396878 0.107930638 -0.994148731 -107.638839722 -0.100987934 0.989027917 0.107821308 -14.722781181 0.994878054 0.100871101 0.006551054 131.780303955
-0.005852614 0.119418666 -0.992826760 -108.602325439 -0.104977854 0.987284243 0.119370833 -14.712863922 0.994457304 0.104923449 0.006758122 131.807495117
-0.007420672 0.121122904 -0.992609859 -109.544311523 -0.112090416 0.986280382 0.121188551 -14.703989983 0.993670344 0.112161346 0.006257853 131.840026855
-0.006801500 0.118603826 -0.992918313 -110.533538818 -0.119389951 0.985742629 0.118564516 -14.690949440 0.992824137 0.119350888 0.007455576 131.852218628
-0.006969796 0.114622176 -0.993384659 -111.488441467 -0.127470136 0.985202849 0.114572443 -14.678659439 0.991817892 0.127425432 0.007744240 131.875640869
-0.004726193 0.116477400 -0.993182123 -112.454315186 -0.132072151 0.984420002 0.116078287 -14.659256935 0.991228819 0.131720290 0.010730861 131.898437500
-0.003294632 0.117830187 -0.993028283 -113.434188843 -0.140264630 0.983161986 0.117124841 -14.643637657 0.990108550 0.139672607 0.013288250 131.921676636
-0.002760378 0.120612934 -0.992695808 -114.398071289 -0.149515614 0.981491029 0.119667329 -14.628026962 0.988755465 0.148753837 0.015324234 131.941757202
-0.002526025 0.123371556 -0.992357254 -115.373703003 -0.155343935 0.980265260 0.122263655 -14.610353470 0.987857163 0.154465541 0.016688850 131.967483521
-0.001793073 0.122219190 -0.992501497 -116.342826843 -0.158839777 0.979867816 0.120950423 -14.597997665 0.987302721 0.157865614 0.017656296 132.000045776
-0.000601381 0.112905622 -0.993605494 -117.296638489 -0.157850862 0.981138110 0.111584455 -14.602308273 0.987462819 0.156908602 0.017232209 132.036010742
0.001090993 0.101115413 -0.994874120 -118.248298645 -0.161011085 0.981911898 0.099621400 -14.591706276 0.986952007 0.160077050 0.017351957 132.070800781
