1.000000000 0.000000000 0.000000000 0.000000000 0.000000000 1.000000000 0.000000000 0.000000000 0.000000000 0.000000000 1.000000000 0.000000000
0.999997675 -0.001621972 -0.001411868 0.050415527 0.001618907 0.999996364 -0.002169369 -0.132290229 0.001415382 0.002167079 0.999996662 1.297271490
0.999997497 0.000054006 -0.002231329 0.107149944 -0.000068202 0.999979734 -0.006362389 -0.267182022 0.002230940 0.006362526 0.999977291 2.603648663
0.999995828 0.002526200 -0.001414720 0.151112273 -0.002537219 0.999966025 -0.007842039 -0.406390369 0.001394862 0.007845596 0.999968171 3.907704592
0.999983072 0.005817026 0.000170288 0.194858268 -0.005815797 0.999961972 -0.006495654 -0.545884848 -0.000208067 0.006494555 0.999978900 5.221759796
0.999975204 0.006673383 0.002294371 0.244846940 -0.006666121 0.999972761 -0.003158941 -0.690459728 -0.002315389 0.003143568 0.999992311 6.540302277
0.999960005 0.006912779 0.005658071 0.300146818 -0.006902905 0.999974608 -0.001762670 -0.828483939 -0.005670113 0.001723543 0.999982476 7.843195438
0.999945283 0.005340733 0.008994421 0.356297404 -0.005324617 0.999984205 -0.001814653 -0.961560011 -0.009003969 0.001766662 0.999957860 9.150801659
0.999915898 0.004036594 0.012324826 0.434552401 -0.004016006 0.999990523 -0.001694791 -1.098619223 -0.012331549 0.001645152 0.999922633 10.450400352
0.999872983 0.002700689 0.015715452 0.497330338 -0.002662184 0.999993384 -0.002470609 -1.236755371 -0.015722025 0.002428457 0.999873400 11.762317657
0.999814034 0.001652798 0.019214887 0.571967006 -0.001589537 0.999993265 -0.003307119 -1.373087883 -0.019220227 0.003275961 0.999809861 13.053695679
0.999748528 0.001427296 0.022375965 0.644549489 -0.001356575 0.999993980 -0.003175431 -1.520742655 -0.022380365 0.003144278 0.999744534 14.378798485
0.999670208 0.001213884 0.025651285 0.729928970 -0.001103996 0.999990165 -0.004297658 -1.658575058 -0.025656249 0.004267921 0.999661684 15.674711227
0.999574959 0.002410551 0.029053262 0.805384278 -0.002288004 0.999988317 -0.004250515 -1.796303868 -0.029063171 0.004182234 0.999568760 16.984142303
0.999482691 0.002008570 0.032098666 0.898661435 -0.001887020 0.999990940 -0.003816623 -1.937326193 -0.032106034 0.003754078 0.999477386 18.269021988
0.999407768 0.000489039 0.034411255 0.997124314 -0.000370897 0.999993980 -0.003439537 -2.080703974 -0.034412734 0.003424737 0.999401867 19.573955536
0.999353528 -0.002005586 0.035897147 1.094619274 0.002170571 0.999987304 -0.004557654 -2.222174406 -0.035887547 0.004632625 0.999345124 20.853239059
0.999307811 -0.001592105 0.037164550 1.196215034 0.001824135 0.999979079 -0.006210250 -2.367851257 -0.037153885 0.006273745 0.999289811 22.160808563
0.999267936 -0.001456026 0.038229033 1.280682087 0.001795828 0.999959230 -0.008855752 -2.511542320 -0.038214587 0.008917921 0.999229729 23.451639175
0.999222934 -0.000847081 0.039403651 1.381584048 0.001253494 0.999946356 -0.010290563 -2.654152632 -0.039392814 0.010331960 0.999170303 24.733581543
0.999190748 -0.000198940 0.040221944 1.484065413 0.000642793 0.999939024 -0.011022479 -2.801159859 -0.040217303 0.011039415 0.999129951 26.003406525
0.999159813 -0.001694899 0.040948831 1.581929207 0.002102598 0.999948621 -0.009915261 -2.946311474 -0.040929917 0.009993029 0.999112070 27.291070938
0.999165058 -0.004768388 0.040576328 1.690045595 0.005122550 0.999949634 -0.008628782 -3.091237068 -0.040533140 0.008829432 0.999139190 28.568546295
0.999181688 -0.006062860 0.039990269 1.784152746 0.006438129 0.999936402 -0.009261932 -3.237972260 -0.039931566 0.009511815 0.999157131 29.857467651
0.999192715 -0.007777001 0.039414674 1.882971168 0.008248037 0.999896407 -0.011802280 -3.381808758 -0.039318804 0.012117848 0.999153197 31.120204926
0.999228716 -0.007820498 0.038481437 1.995761991 0.008280301 0.999895990 -0.011803846 -3.530952930 -0.038385127 0.012113380 0.999189615 32.408370972
0.999257028 -0.008375566 0.037620906 2.101786375 0.008844417 0.999885023 -0.012313364 -3.674454212 -0.037513454 0.012636947 0.999216259 33.683433533
0.999259651 -0.009074937 0.037386835 2.190650940 0.009534769 0.999880791 -0.012139383 -3.821033478 -0.037272215 0.012486871 0.999227107 34.946178436
0.999267817 -0.009527283 0.037054200 2.280252457 0.010006842 0.999868274 -0.012778232 -3.963280201 -0.036927573 0.013139672 0.999231517 36.201545715
0.999315023 -0.010131503 0.035592157 2.399037361 0.010587458 0.999863923 -0.012645567 -4.125374317 -0.035459191 0.013013736 0.999286413 37.495346069
0.999311447 -0.009845210 0.035775084 2.487480402 0.010244368 0.999887049 -0.010991322 -4.269297123 -0.035662834 0.011350245 0.999299467 38.760883331
0.999280870 -0.009799158 0.036628351 2.594060183 0.010167217 0.999899566 -0.009875752 -4.408200264 -0.036527902 0.010241061 0.999280155 40.022682190
0.999204516 -0.011507879 0.038182158 2.709276199 0.011827570 0.999896824 -0.008157568 -4.550453663 -0.038084339 0.008602680 0.999237537 41.274135590
0.999089956 -0.012651148 0.040733367 2.798539639 0.013038227 0.999872148 -0.009251131 -4.696963787 -0.040611126 0.009773802 0.999127209 42.532257080
0.998968601 -0.013791112 0.043262444 2.893177986 0.014336918 0.999821126 -0.012331348 -4.846899509 -0.043084644 0.012938879 0.998987556 43.780612946
0.998874962 -0.015052770 0.044967938 3.003438234 0.015676215 0.999785364 -0.013543887 -4.986951828 -0.044754412 0.014233579 0.998896599 45.032222748
0.998746157 -0.015224124 0.047690261 3.125421524 0.015835032 0.999796987 -0.012458344 -5.119088173 -0.047490921 0.013197900 0.998784423 46.266765594
0.998544574 -0.016359312 0.051391944 3.228911161 0.016826814 0.999820769 -0.008677350 -5.277661324 -0.051240783 0.009529484 0.998640835 47.509971619
0.998269796 -0.019584581 0.055440534 3.337035418 0.019993378 0.999776781 -0.006828582 -5.414780617 -0.055294417 0.007925211 0.998438656 48.730224609
0.998036742 -0.021422127 0.058853902 3.478675842 0.021887669 0.999733925 -0.007276911 -5.549432278 -0.058682367 0.008550799 0.998240054 49.987453461
0.997748137 -0.024635332 0.062382948 3.614535809 0.025368819 0.999617696 -0.010993142 -5.683636665 -0.062088285 0.012550971 0.997991741 51.216323853
0.997476995 -0.025958752 0.066073932 3.751089096 0.026759248 0.999578476 -0.011258950 -5.814199448 -0.065753810 0.012998630 0.997751236 52.439899445
0.997138083 -0.028654186 0.069960050 3.883985996 0.029323399 0.999533355 -0.008557258 -5.954575062 -0.069682196 0.010584235 0.997512996 53.653213501
0.996849358 -0.031218499 0.072915107 4.040079117 0.031709310 0.999481499 -0.005583142 -6.084007740 -0.072702982 0.007877639 0.997322500 54.869510651
0.996601880 -0.033959486 0.075042836 4.188731670 0.034295436 0.999406636 -0.003192366 -6.222722530 -0.074889898 0.005755145 0.997175157 56.086658478
0.996403933 -0.037303496 0.076076947 4.342175961 0.037469327 0.999297440 -0.000753142 -6.341384888 -0.075995423 0.003600986 0.997101665 57.306308746
0.996241689 -0.040095221 0.076778322 4.487726688 0.040145833 0.999193490 0.000884710 -6.471446991 -0.076751873 0.002200945 0.997047842 58.511455536
0.996206760 -0.042308338 0.076040410 4.643400192 0.042634927 0.999087155 -0.002676036 -6.589315414 -0.075857773 0.005907862 0.997101128 59.715732574
0.996221066 -0.043473367 0.075191125 4.792946815 0.044113431 0.999002874 -0.006871982 -6.718722820 -0.074817404 0.010162952 0.997145414 60.904285431
0.996227145 -0.044843853 0.074301511 4.923108101 0.045777187 0.998892128 -0.010905503 -6.845557690 -0.073730163 0.014265671 0.997176170 62.108615875
0.996267617 -0.046262369 0.072873332 5.064741611 0.047375470 0.998784244 -0.013619890 -6.976043224 -0.072154656 0.017021466 0.997248173 63.299434662
0.996400535 -0.046880636 0.070629016 5.205396652 0.047950126 0.998758197 -0.013522746 -7.112631321 -0.069907375 0.016860740 0.997410953 64.486190796
0.996615648 -0.046489425 0.067793190 5.341135502 0.047461074 0.998791158 -0.012792216 -7.247614384 -0.067116551 0.015966460 0.997617364 65.664230347
0.996882975 -0.045162246 0.064688452 5.460268497 0.045962207 0.998883307 -0.010931262 -7.389935970 -0.064122550 0.013870413 0.997845650 66.866455078
0.997274041 -0.041519161 0.060997587 5.581110477 0.042056676 0.999086678 -0.007554313 -7.517170906 -0.060628239 0.010099077 0.998109341 68.040084839
0.997470319 -0.039399002 0.059167475 5.682685852 0.039772388 0.999195635 -0.005145807 -7.642396927 -0.058917139 0.007486023 0.998234749 69.209037781
0.997773468 -0.038605358 0.054385241 5.820865631 0.039098527 0.999203026 -0.008033285 -7.790628433 -0.054031767 0.010141780 0.998487651 70.426147461
0.997940004 -0.038938347 0.050986588 5.928445816 0.039730381 0.999103546 -0.014613611 -7.921684742 -0.050371855 0.016609222 0.998592377 71.587341309
0.998008430 -0.042292371 0.046801277 6.044840813 0.043159507 0.998911798 -0.017674800 -8.060459137 -0.046002839 0.019659521 0.998747766 72.772018433
0.998027921 -0.045440812 0.043305829 6.145100594 0.046039894 0.998855770 -0.012937753 -8.193610191 -0.042668380 0.014906034 0.998978078 73.940071106
0.998012722 -0.049746379 0.038676251 6.252169609 0.050098337 0.998710752 -0.008184206 -8.321511269 -0.038219251 0.010105556 0.999218225 75.112503052
0.998093426 -0.051357370 0.034233507 6.348114014 0.051585469 0.998651743 -0.005812979 -8.438100815 -0.033888806 0.007567845 0.999396980 76.286468506
0.998275876 -0.050461113 0.029982517 6.434135437 0.050585203 0.998713970 -0.003394266 -8.565844536 -0.029772682 0.004905084 0.999544621 77.446075439
0.998385251 -0.050314490 0.026370168 6.520895004 0.050411321 0.998724043 -0.003019499 -8.686344147 -0.026184592 0.004343978 0.999647677 78.602439880
0.998575807 -0.048042852 0.023202533 6.598033905 0.048162729 0.998828709 -0.004635275 -8.817757607 -0.022952668 0.005746171 0.999720037 79.767082214
0.998688400 -0.046929967 0.020470979 6.659404278 0.047140285 0.998839200 -0.009915560 -8.946759224 -0.019981876 0.010867562 0.999741256 80.921051025
0.998590887 -0.050395321 0.016628955 6.741066933 0.050645038 0.998604774 -0.014953922 -9.075969696 -0.015852146 0.015775025 0.999749839 82.062583923
0.998430014 -0.054416299 0.013274740 6.808978081 0.054623764 0.998381972 -0.015801452 -9.209794044 -0.012393402 0.016501760 0.999787033 83.226524353
0.998483002 -0.054288495 0.009188352 6.875742912 0.054400895 0.998441398 -0.012459298 -9.341312408 -0.008497635 0.012940250 0.999880135 84.380989075
0.998467088 -0.054901652 0.007022035 6.930235386 0.054968901 0.998440266 -0.009771386 -9.469068527 -0.006474618 0.010142401 0.999927580 85.512496948
0.998623431 -0.052086525 0.006188473 6.981427193 0.052154891 0.998573363 -0.011452148 -9.597976685 -0.005583141 0.011759142 0.999915242 86.654457092
0.998780429 -0.049100369 0.005178020 7.032712460 0.049172018 0.998681188 -0.014761998 -9.728031158 -0.004446372 0.014998605 0.999877632 87.789459229
0.998847842 -0.047801655 0.004234752 7.082680702 0.047868278 0.998703063 -0.017350029 -9.859172821 -0.003399898 0.017532751 0.999840498 88.907089233
0.998805225 -0.048777647 0.002955799 7.139910698 0.048822425 0.998651087 -0.017676428 -9.994338036 -0.002089598 0.017799620 0.999839365 90.020782471
0.998764694 -0.049630623 0.002414512 7.181311131 0.049661905 0.998648465 -0.015329055 -10.128332138 -0.001650458 0.015430031 0.999879539 91.148162842
0.998674095 -0.051461451 0.001277936 7.238689899 0.051473271 0.998599052 -0.012268365 -10.255417824 -0.000644797 0.012317879 0.999923885 92.258270264
0.998691082 -0.051139794 0.000941828 7.290788174 0.051147439 0.998618543 -0.012041068 -10.378978729 -0.000324749 0.012073479 0.999927044 93.396598816
0.998688936 -0.051184367 0.000649558 7.334913731 0.051188424 0.998587668 -0.014237669 -10.508662224 0.000080105 0.014252255 0.999898374 94.526344299
0.998678684 -0.051389277 0.000000559 7.392924786 0.051381022 0.998517871 -0.017943315 -10.635519981 0.000921536 0.017919634 0.999839067 95.625961304
0.998625398 -0.052410237 -0.000725454 7.447828770 0.052387346 0.998449564 -0.018815473 -10.769309044 0.001710453 0.018751603 0.999822676 96.730125427
0.998601854 -0.052860480 -0.000023156 7.492188931 0.052851580 0.998441815 -0.017913053 -10.897055626 0.000970013 0.017886786 0.999839544 97.800399780
0.998613179 -0.052645959 0.000259084 7.544574738 0.052645173 0.998537898 -0.012264995 -11.019389153 0.000386997 0.012261624 0.999924779 98.890975952
0.998706639 -0.050827011 0.001274489 7.596404076 0.050836671 0.998663902 -0.009267673 -11.137189865 -0.000801738 0.009320478 0.999956191 99.961769104
0.998784661 -0.049168367 0.003401579 7.648045540 0.049199373 0.998741567 -0.009727729 -11.248572350 -0.002919002 0.009883260 0.999946892 101.013618469
0.998871684 -0.047218703 0.005065463 7.701574326 0.047271289 0.998823524 -0.010818454 -11.379948616 -0.004548670 0.011045697 0.999928653 102.060310364
0.998849928 -0.047342144 0.007592618 7.752933025 0.047440913 0.998784065 -0.013404365 -11.495803833 -0.006948795 0.013749150 0.999881327 103.071212769
0.998763442 -0.048864100 0.009158487 7.820307255 0.048988827 0.998702228 -0.013929119 -11.615644455 -0.008465966 0.014360560 0.999861062 104.081901550
0.998664021 -0.050498474 0.010966126 7.881164551 0.050641559 0.998629808 -0.013186302 -11.740087509 -0.010285212 0.013724024 0.999852836 105.089973450
0.998648942 -0.050415855 0.012589064 7.941307068 0.050564725 0.998651028 -0.011800737 -11.853527069 -0.011977137 0.012421357 0.999851048 106.048347473
0.998576880 -0.051462352 0.013995375 8.000725746 0.051608916 0.998613954 -0.010320800 -11.963348389 -0.013444845 0.011028396 0.999848783 107.007568359
0.998520195 -0.052035958 0.015800325 8.056700706 0.052211925 0.998576105 -0.010936663 -12.067483902 -0.015208727 0.011745444 0.999815285 107.924324036
0.998500347 -0.051813461 0.017676672 8.116352081 0.051978141 0.998607695 -0.008987561 -12.170491219 -0.017186387 0.009892883 0.999803364 108.830398560
0.998508811 -0.051009264 0.019449167 8.175318718 0.051150478 0.998667538 -0.006833470 -12.267931938 -0.019074682 0.007818112 0.999787509 109.703285217
0.998483300 -0.051028159 0.020668415 8.233526230 0.051111117 0.998686790 -0.003505597 -12.371980667 -0.020462392 0.004556665 0.999780238 110.558067322
0.998445272 -0.051102865 0.022262901 8.293191910 0.051190265 0.998683214 -0.003373022 -12.463571548 -0.022061212 0.004507422 0.999746501 111.383338928
0.998465359 -0.050188631 0.023416037 8.343880653 0.050270654 0.998731315 -0.002926812 -12.550887108 -0.023239437 0.004099459 0.999721527 112.200462341
0.998557329 -0.047956955 0.024154508 8.392574310 0.048028339 0.998843074 -0.002383783 -12.633127213 -0.024012245 0.003540444 0.999705374 112.980094910
0.998692334 -0.045547467 0.023216013 8.438247681 0.045547765 0.998961926 0.000516079 -12.708944321 -0.023215417 0.000542032 0.999730349 113.735137939
0.998762965 -0.045428343 0.020219076 8.482191086 0.045405712 0.998967409 0.001577251 -12.796798706 -0.020269850 -0.000657238 0.999794245 114.486953735
0.998868644 -0.045488738 0.013863727 8.517033577 0.045467936 0.998964190 0.001812134 -12.872177124 -0.013931798 -0.001179729 0.999902189 115.182083130
0.999026835 -0.043947268 0.003737945 8.540174484 0.043945119 0.999033749 0.000655607 -12.947553635 -0.003763145 -0.000490704 0.999992669 115.849739075
0.999098241 -0.041289117 -0.009905323 8.536264420 0.041270569 0.999145925 -0.002070413 -13.019121170 0.009982346 0.001659748 0.999948800 116.485458374
0.998790443 -0.039613400 -0.029127335 8.538389206 0.039493587 0.999208868 -0.004677565 -13.085203171 0.029289588 0.003521564 0.999564707 117.109130859
0.997954786 -0.038070686 -0.051350959 8.501967430 0.037777606 0.999263942 -0.006666380 -13.157782555 0.051566962 0.004712829 0.998658359 117.696121216
0.996200442 -0.036484107 -0.079078883 8.462213516 0.035910506 0.999317408 -0.008664045 -13.223512650 0.079341009 0.005791363 0.996830702 118.267280579
0.993204117 -0.034210503 -0.111243568 8.389493942 0.033217128 0.999390066 -0.010771450 -13.290352821 0.111544237 0.007003057 0.993734777 118.808952332
0.988685489 -0.029886933 -0.146995887 8.291246414 0.028384181 0.999521196 -0.012310551 -13.353982925 0.147293448 0.007998905 0.989060521 119.344177246
0.982422829 -0.023839198 -0.185141027 8.169670105 0.022050457 0.999688148 -0.011714839 -13.414725304 0.185362622 0.007426482 0.982642114 119.862159729
0.973778188 -0.018497583 -0.226745754 8.030534744 0.016673665 0.999811471 -0.009956698 -13.468203545 0.226887196 0.005914934 0.973903060 120.365676880
0.962364435 -0.013595271 -0.271422118 7.860435486 0.011830303 0.999896944 -0.008137915 -13.532220840 0.271504819 0.004620635 0.962425947 120.864257812
0.947922170 -0.007574514 -0.318411887 7.671504974 0.005119854 0.999950409 -0.008545269 -13.589634895 0.318460852 0.006470028 0.947913945 121.341247559
0.930536568 0.000043633 -0.366199017 7.431438446 -0.003787277 0.999947667 -0.009504586 -13.645370483 0.366179377 0.010231263 0.930488050 121.792533875
0.909096658 0.004764540 -0.416557908 7.187084198 -0.009893133 0.999899507 -0.010154061 -13.700558662 0.416467667 0.013352087 0.909052491 122.227836609
0.883744776 0.008952416 -0.467883617 6.923950195 -0.014874017 0.999849200 -0.008963275 -13.752198219 0.467732847 0.014880556 0.883744657 122.638290405
0.854657233 0.011965808 -0.519054770 6.629066467 -0.019502362 0.999768734 -0.009064154 -13.796688080 0.518826246 0.017869540 0.854692936 123.043777466
0.823036432 0.021395829 -0.567585468 6.300712585 -0.029794145 0.999540806 -0.005524565 -13.847334862 0.567206562 0.021457642 0.823295891 123.409606934
0.788997293 0.035227761 -0.613385916 5.952747345 -0.043903038 0.999035358 0.000903840 -13.888937950 0.612826109 0.026216378 0.789782822 123.771774292
0.753063619 0.044183683 -0.656462431 5.594749451 -0.055194661 0.998468041 0.003885831 -13.931722641 0.655628622 0.033306949 0.754348636 124.085052490
0.713181376 0.047894035 -0.699341357 5.225093842 -0.062494986 0.998034537 0.004618105 -13.977198601 0.698188066 0.040411785 0.714772940 124.383193970
0.670806825 0.049715307 -0.739963889 4.844505310 -0.065192774 0.997841120 0.007941220 -14.023647308 0.738761187 0.042913273 0.672599733 124.661323547
0.626566052 0.052948698 -0.777567625 4.442798615 -0.068478398 0.997571051 0.012749833 -14.054238319 0.776354074 0.045257967 0.628670096 124.931610107
0.581797540 0.062170055 -0.810954094 4.019554138 -0.079990275 0.996614218 0.019016389 -14.094440460 0.809390664 0.053804748 0.584800720 125.147781372
0.536208272 0.071156606 -0.841081083 3.580303192 -0.091749668 0.995449841 0.025723914 -14.117780685 0.839084506 0.063375525 0.540297031 125.349975586
0.488988608 0.076186359 -0.868956804 3.127368927 -0.097265586 0.994728327 0.032479152 -14.145814896 0.866850495 0.068637647 0.493821084 125.550308228
0.441827536 0.077861458 -0.893714786 2.662883759 -0.096573375 0.994565189 0.038904503 -14.172777176 0.891886830 0.069119960 0.446945667 125.729019165
0.394650191 0.079153098 -0.915415764 2.183246613 -0.093333058 0.994582772 0.045761064 -14.195974350 0.914078891 0.067378946 0.399899811 125.904670715
0.348743320 0.081540942 -0.933664382 1.694606781 -0.095170036 0.994139612 0.051274493 -14.213816643 0.932373762 0.070975244 0.354459822 126.047256470
0.304974228 0.084867507 -0.948571682 1.194038391 -0.101099193 0.993278444 0.056363080 -14.231065750 0.946979284 0.078710541 0.311504364 126.161743164
0.263551891 0.086434722 -0.960764945 0.664989471 -0.105502196 0.992585659 0.060356662 -14.249390602 0.958858609 0.085455693 0.270716906 126.268470764
0.224281415 0.083580591 -0.970933616 0.132276535 -0.106006354 0.992495716 0.060949706 -14.271761894 0.968741655 0.089255251 0.231458440 126.361724854
0.189471513 0.078388393 -0.978752255 -0.402105331 -0.101034813 0.993073344 0.059976567 -14.290205002 0.976674199 0.087524183 0.196079090 126.451965332
0.158898056 0.073417895 -0.984561443 -0.950899124 -0.098389916 0.993444502 0.058201190 -14.312244415 0.982380211 0.087622836 0.165079981 126.529640198
0.132926166 0.071974047 -0.988509178 -1.523780823 -0.100041442 0.993240416 0.058865823 -14.332055092 0.986064017 0.091067061 0.139228016 126.589477539
0.110609554 0.070729122 -0.991344035 -2.110307693 -0.100243695 0.993171751 0.059674807 -14.341619492 0.988795638 0.092775382 0.116944440 126.653007507
0.091757670 0.072277173 -0.993154824 -2.697811127 -0.102358930 0.992763758 0.062791772 -14.360567093 0.990506530 0.095896639 0.098491907 126.716819763
0.075821705 0.070515759 -0.994624853 -3.306524277 -0.103282809 0.992686212 0.062504895 -14.383258820 0.991757810 0.097988427 0.082550228 126.762336731
0.061775979 0.069368355 -0.995676458 -3.925401211 -0.101650171 0.992832065 0.062863380 -14.411076546 0.992900252 0.097327232 0.068384483 126.812149048
0.049748879 0.066797659 -0.996525407 -4.562963963 -0.097576410 0.993313015 0.061711073 -14.432203293 0.993983805 0.094167322 0.055934086 126.851310730
0.037882153 0.064186767 -0.997218549 -5.219474792 -0.095203914 0.993627489 0.060339019 -14.449160576 0.994736731 0.092653342 0.043751579 126.885551453
0.026665598 0.063196473 -0.997644782 -5.892230988 -0.094662756 0.993674517 0.060414772 -14.468833923 0.995152116 0.092828803 0.032479286 126.925514221
0.016795803 0.064555526 -0.997772753 -6.562092781 -0.097995244 0.993215382 0.062611088 -14.489882469 0.995045125 0.096725374 0.023007981 126.946662903
0.008897917 0.064314134 -0.997889996 -7.238502026 -0.100877889 0.992896259 0.063092783 -14.515026093 0.994858980 0.100103647 0.015322581 126.956848145
0.002052878 0.063790277 -0.997961223 -7.936536312 -0.102802455 0.992689312 0.063241825 -14.537501335 0.994699597 0.102463037 0.008595668 126.978858948
-0.003225156 0.064715482 -0.997898519 -8.634867668 -0.103504941 0.992522299 0.064701349 -14.555505753 0.994623721 0.103496097 0.003497333 126.995391846
-0.006736234 0.067080565 -0.997724831 -9.358224869 -0.106193274 0.992057502 0.067416511 -14.574255943 0.994322717 0.106405795 0.000440775 127.015670776
-0.007684650 0.070931032 -0.997451544 -10.088569641 -0.107918262 0.991596401 0.071346074 -14.599404335 0.994130015 0.108191520 0.000034683 127.019271851
-0.008393069 0.074278682 -0.997202158 -10.816104889 -0.110585921 0.991051435 0.074751303 -14.615007401 0.993831098 0.110903889 -0.000103785 127.020385742
-0.009030917 0.079730146 -0.996775627 -11.553982735 -0.115273021 0.990087688 0.080239601 -14.621952057 0.993292868 0.115625978 0.000249335 127.028015137
-0.010179057 0.083563879 -0.996450424 -12.300937653 -0.118293092 0.989403903 0.084181368 -14.635812759 0.992926538 0.118730091 -0.000186170 127.035522461
-0.011382603 0.083943725 -0.996405423 -13.052371025 -0.118424706 0.989343822 0.084701627 -14.651893616 0.992897809 0.118963152 -0.001320299 127.049301147
-0.013107586 0.080955766 -0.996631384 -13.795581818 -0.115987875 0.989865720 0.081931636 -14.671079636 0.993164182 0.116671108 -0.003584862 127.071533203
-0.014460243 0.077330053 -0.996900737 -14.559482574 -0.119935311 0.989672661 0.078509055 -14.675864220 0.992676497 0.120698869 -0.005036303 127.078697205
-0.015999218 0.079219244 -0.996728778 -15.323059082 -0.124978580 0.988880098 0.080601551 -14.688597679 0.992030501 0.125859305 -0.005920600 127.083190918
-0.017010320 0.082088940 -0.996479809 -16.117351532 -0.121737450 0.989039242 0.083554097 -14.704185486 0.992416561 0.122730188 -0.006830577 127.091766357
-0.019384088 0.082251802 -0.996423066 -16.890892029 -0.120518312 0.989151120 0.083996050 -14.721202850 0.992521822 0.121715404 -0.009260947 127.109054565
-0.019866889 0.081794113 -0.996451199 -17.685945511 -0.124284729 0.988715351 0.083637051 -14.732304573 0.992047668 0.125505269 -0.009476938 127.100059509
-0.021287907 0.081073329 -0.996480703 -18.478681564 -0.127977222 0.988286138 0.083140619 -14.743331909 0.991548598 0.129296690 -0.010663002 127.116546631
-0.022404898 0.085470527 -0.996088803 -19.276554108 -0.129928455 0.987640083 0.087668031 -14.749831200 0.991270125 0.131384447 -0.011022923 127.122299194
-0.022869142 0.090081424 -0.995671690 -20.083745956 -0.129202947 0.987313807 0.092292853 -14.761875153 0.991354346 0.130754367 -0.010940231 127.130912781
-0.022225002 0.092339352 -0.995479524 -20.914148331 -0.129805207 0.987030387 0.094453655 -14.768003464 0.991290331 0.131317630 -0.009950628 127.149223328
-0.020215925 0.091412686 -0.995607853 -21.732055664 -0.129159674 0.987228096 0.093265899 -14.777203560 0.991417646 0.130477846 -0.008150897 127.157722473
-0.019257791 0.091485888 -0.995620131 -22.560983658 -0.129164562 0.987232327 0.093213513 -14.782659531 0.991436124 0.130393907 -0.007195177 127.170715332
-0.019184435 0.090271100 -0.995732427 -23.395889282 -0.127402514 0.987576306 0.091986299 -14.785758972 0.991665542 0.128623515 -0.007445332 127.191818237
-0.018164393 0.092145436 -0.995579779 -24.232505798 -0.128373995 0.987287521 0.093720108 -14.791808128 0.991559505 0.129508913 -0.006104402 127.207931519
-0.017974427 0.094148882 -0.995395899 -25.072954178 -0.130021989 0.986882746 0.095691547 -14.793386459 0.991348207 0.131143391 -0.005497227 127.225730896
-0.017742801 0.096908040 -0.995135188 -25.942399979 -0.132890493 0.986232996 0.098410524 -14.796576500 0.990971863 0.133990079 -0.004620373 127.236061096
-0.016186252 0.097849473 -0.995069623 -26.804355621 -0.135074377 0.985863030 0.099141344 -14.792963982 0.990703285 0.136013135 -0.002740471 127.247253418
-0.014512977 0.101072475 -0.994773209 -27.672264099 -0.141904846 0.984599769 0.102109127 -14.794239044 0.989773929 0.142645061 0.000053203 127.261352539
-0.012158700 0.105015978 -0.994396210 -28.555828094 -0.146707997 0.983520448 0.105661258 -14.790342331 0.989105105 0.147170603 0.003448353 127.274757385
-0.010014905 0.106763653 -0.994233906 -29.431251526 -0.149226084 0.982990205 0.107059427 -14.784358978 0.988752425 0.149437860 0.006087366 127.302925110
-0.006303635 0.107673958 -0.994166255 -30.325685501 -0.147873029 0.983155489 0.107419021 -14.785797119 0.988986194 0.147687554 0.009724622 127.326118469
-0.003607353 0.107451253 -0.994203746 -31.217559814 -0.150330514 0.982853472 0.106769979 -14.778389931 0.988629162 0.149844348 0.012607705 127.353050232
-0.001106489 0.111188300 -0.993798733 -32.120002747 -0.150857627 0.982407331 0.110081762 -14.770221710 0.988554835 0.150043890 0.015686579 127.382148743
0.001434468 0.113354869 -0.993553519 -33.036151886 -0.150197685 0.982308030 0.111855015 -14.765764236 0.988654971 0.149068981 0.018434728 127.418167114
0.003089306 0.114650175 -0.993401110 -33.928230286 -0.150879771 0.982086837 0.112875164 -14.762877464 0.988547266 0.149535403 0.020332355 127.458999634
0.005717430 0.112717979 -0.993610680 -34.832000732 -0.152147397 0.982156515 0.110543117 -14.755467415 0.988341272 0.150543243 0.022765158 127.488311768
0.005944517 0.114029504 -0.993459523 -35.742671967 -0.156659067 0.981316149 0.111698285 -14.746154785 0.987634957 0.154970407 0.023697203 127.529464722
0.006961389 0.114665024 -0.993379831 -36.636604309 -0.157277063 0.981165469 0.112152956 -14.741767883 0.987529933 0.155455112 0.024864454 127.566528320
0.007415656 0.111080311 -0.993783772 -37.533988953 -0.157772854 0.981493235 0.108529247 -14.738817215 0.987447619 0.155987293 0.024803875 127.598754883
0.007905052 0.107012697 -0.994226158 -38.438144684 -0.158769205 0.981779397 0.104410611 -14.741968155 0.987284064 0.157027096 0.024751332 127.645874023
0.008440874 0.105997458 -0.994330525 -39.333839417 -0.158347696 0.981961310 0.103334665 -14.735397339 0.987347245 0.156577736 0.025073066 127.686996460
0.008352260 0.110250548 -0.993868768 -40.241416931 -0.160851002 0.981108665 0.107483312 -14.731075287 0.986943364 0.158967048 0.025928382 127.722328186
0.008778778 0.116667889 -0.993132114 -41.168342590 -0.161701411 0.980264664 0.113726921 -14.721572876 0.986800671 0.159592509 0.027470885 127.758384705
0.008987600 0.115381680 -0.993280530 -42.063201904 -0.159418091 0.980781555 0.112487286 -14.721988678 0.987170279 0.157335937 0.027208798 127.801574707
0.009901770 0.104959525 -0.994427145 -42.954441071 -0.158853680 0.982012033 0.102067396 -14.726591110 0.987252474 0.156957790 0.026396867 127.843421936
0.010166230 0.094463572 -0.995476425 -43.883308411 -0.160381794 0.982793510 0.091622166 -14.730864525 0.987002730 0.158724800 0.025141543 127.882171631
0.009250305 0.091538541 -0.995758533 -44.786872864 -0.157383531 0.983523190 0.088951722 -14.739583969 0.987494230 0.155893162 0.023504553 127.924804688
0.009313760 0.101425774 -0.994799614 -45.707958221 -0.149992928 0.983728886 0.098892733 -14.741188049 0.988643229 0.148291811 0.024375366 127.971183777
0.009011128 0.114772104 -0.993350983 -46.651161194 -0.145027295 0.983037949 0.112264931 -14.739696503 0.989386559 0.143051386 0.025503371 128.031829834
0.009325293 0.123701327 -0.992275715 -47.572360992 -0.145251453 0.981961727 0.121050492 -14.730258942 0.989350796 0.143000633 0.027124878 128.075866699
0.009074416 0.118132539 -0.992956460 -48.489295959 -0.145577788 0.982573807 0.115566947 -14.728022575 0.989305198 0.143503666 0.026113758 128.115539551
0.009205909 0.104663581 -0.994465053 -49.407783508 -0.145559192 0.984054625 0.102220461 -14.729440689 0.989306629 0.143812552 0.024293872 128.152923584
0.009702123 0.095768578 -0.995356381 -50.321933746 -0.146178246 0.984845757 0.093332425 -14.729015350 0.989210546 0.144593969 0.023554377 128.194686890
0.010203252 0.095881417 -0.995340466 -51.242515564 -0.145503983 0.984940231 0.093388006 -14.739244461 0.989305019 0.143873155 0.024000721 128.240203857
0.009516459 0.097489901 -0.995190978 -52.197399139 -0.148357153 0.984359324 0.095010146 -14.754673004 0.988888085 0.146739542 0.023830937 128.280166626
0.010053923 0.096938647 -0.995239615 -53.125259399 -0.152917698 0.983732164 0.094273008 -14.756603241 0.988187790 0.151241928 0.024714002 128.312561035
0.010505803 0.096409366 -0.995286345 -54.065429688 -0.154631987 0.983524740 0.093637839 -14.759614944 0.987916350 0.152919352 0.025240686 128.352233887
0.011369902 0.103975043 -0.994515061 -55.026195526 -0.163243890 0.981428921 0.100740619 -14.759996414 0.986520231 0.161203071 0.028132038 128.392395020
0.012754272 0.113283142 -0.993480861 -55.966625214 -0.168750525 0.979554296 0.109528728 -14.752641678 0.985576272 0.166253477 0.031610094 128.429641724
0.014131593 0.121734694 -0.992462158 -56.926151276 -0.169120461 0.978551745 0.117620379 -14.746701241 0.985494077 0.166183487 0.034416325 128.468612671
0.014878646 0.122512750 -0.992355466 -57.877002716 -0.170629382 0.978218853 0.118209198 -14.740714073 0.985222995 0.167566210 0.035458844 128.517395020
0.016647719 0.112813801 -0.993476689 -58.809101105 -0.172604606 0.979021430 0.108280011 -14.737600327 0.984850407 0.169676036 0.035770662 128.558670044
0.017832283 0.107628122 -0.994031370 -59.746356964 -0.171064705 0.979858458 0.103024773 -14.730297089 0.985098362 0.168206513 0.035884496 128.612243652
0.019951088 0.106355377 -0.994128048 -60.715152740 -0.169617087 0.980272412 0.101469025 -14.733505249 0.985308051 0.166596681 0.037597191 128.664794922
0.022955691 0.111735903 -0.993472755 -61.681114197 -0.171103537 0.979511321 0.106212057 -14.724069595 0.984985530 0.167548522 0.041603766 128.725845337
0.026851449 0.114429057 -0.993068576 -62.651302338 -0.173904896 0.978812933 0.108084261 -14.731023788 0.984396279 0.169797227 0.046182327 128.776016235
0.030663650 0.109334305 -0.993532002 -63.606071472 -0.172915697 0.979592443 0.102463581 -14.731051445 0.984459162 0.168655336 0.048943505 128.836639404
0.033774529 0.103701003 -0.994034886 -64.561042786 -0.172821149 0.980225503 0.096388385 -14.737109184 0.984373927 0.168534786 0.051028386 128.902755737
0.037672434 0.103270322 -0.993939638 -65.524551392 -0.170732200 0.980686009 0.095422156 -14.734320641 0.984597027 0.166102692 0.054576397 128.964447021
0.039370183 0.107824653 -0.993390083 -66.477363586 -0.167453736 0.980813205 0.099822991 -14.752449036 0.985093534 0.162416831 0.056670450 129.059249878
0.042896137 0.114351206 -0.992513895 -67.435653687 -0.166939303 0.980282128 0.105726898 -14.751221657 0.985033631 0.161154285 0.061140031 129.135528564
0.045216121 0.118100479 -0.991971731 -68.401924133 -0.164629802 0.980291426 0.109205708 -14.753346443 0.985318601 0.158370256 0.063767835 129.222381592
0.047579888 0.120109156 -0.991619885 -69.386192322 -0.164342687 0.980156600 0.110835209 -14.755239487 0.985255182 0.157691911 0.066374809 129.295562744
0.049779929 0.117328368 -0.991844773 -70.325248718 -0.163121119 0.980696499 0.107822701 -14.753272057 0.985349357 0.156423420 0.067957751 129.369247437
0.050536130 0.115858503 -0.991979301 -71.270301819 -0.161086202 0.981189013 0.106391773 -14.755675316 0.985645652 0.154417530 0.068248712 129.454574585
0.051358830 0.112286270 -0.992347777 -72.216773987 -0.158077195 0.982046366 0.102939390 -14.763186455 0.986090183 0.151580721 0.068186663 129.539367676
0.050694998 0.111826375 -0.992433846 -73.209030151 -0.156341955 0.982348919 0.102703810 -14.753164291 0.986401141 0.149952501 0.067283325 129.626068115
0.050495982 0.116445400 -0.991912603 -74.163406372 -0.152998894 0.982358217 0.107534938 -14.753336906 0.986935437 0.146331474 0.067421168 129.710128784
0.049531471 0.118205950 -0.991753101 -75.128334045 -0.147111401 0.983004987 0.109816037 -14.758863449 0.987878919 0.140458837 0.066079140 129.811767578
0.049291570 0.113530159 -0.992311120 -76.084838867 -0.144272327 0.983908534 0.105402298 -14.742430687 0.988309562 0.137967601 0.064877652 129.885696411
0.048196383 0.109873481 -0.992776394 -77.046272278 -0.146274209 0.983992279 0.101800121 -14.744920731 0.988069296 0.140311196 0.063496500 129.949981689
0.046912707 0.107214004 -0.993128657 -77.995018005 -0.142746210 0.984738648 0.099565320 -14.748857498 0.988646865 0.137094468 0.061501134 130.032684326
0.045628726 0.107567526 -0.993150175 -78.959335327 -0.142890498 0.984665155 0.100083634 -14.746740341 0.988686144 0.137345016 0.060299393 130.101470947
0.044665407 0.108795919 -0.993060172 -79.913375854 -0.144026175 0.984368563 0.101365753 -14.748551369 0.988565326 0.138499141 0.059636693 130.177276611
0.043464079 0.109400876 -0.993046999 -80.869575500 -0.145664975 0.984058201 0.102035075 -14.753540039 0.988378763 0.140217319 0.058707066 130.247756958
0.042211205 0.109933786 -0.993042231 -81.816741943 -0.145275727 0.984040141 0.102761976 -14.752866745 0.988490283 0.139927194 0.057508226 130.314163208
0.040179547 0.110216059 -0.993095160 -82.782829285 -0.145249173 0.983984709 0.103328340 -14.753766060 0.988578856 0.140094578 0.055544857 130.383972168
0.038171504 0.112763420 -0.992888391 -83.738212585 -0.146063238 0.983570278 0.106089748 -14.749591827 0.988538504 0.140974894 0.054014951 130.457717896
0.036738932 0.116488904 -0.992512226 -84.692222595 -0.147401765 0.982950926 0.109910458 -14.741911888 0.988394141 0.142260030 0.053283233 130.515289307
0.034821823 0.121548876 -0.991974473 -85.641502380 -0.148575619 0.982176006 0.115132719 -14.732745171 0.988287807 0.143374071 0.052260354 130.577606201
0.032301620 0.121243864 -0.992096961 -86.590873718 -0.148474693 0.982183576 0.115198150 -14.728828430 0.988388538 0.143580213 0.049727764 130.640472412
0.031450436 0.116174921 -0.992730677 -87.536155701 -0.148704708 0.982711971 0.110291377 -14.724556923 0.988381445 0.144155055 0.048182469 130.698852539
0.028745312 0.111311495 -0.993369758 -88.482536316 -0.152715012 0.982602954 0.105685890 -14.713967323 0.987852156 0.148664489 0.045244172 130.759796143
0.027537148 0.109285995 -0.993628860 -89.425720215 -0.150676250 0.983102500 0.103952438 -14.712016106 0.988199592 0.146853715 0.043538634 130.823318481
0.027240289 0.110525943 -0.993499875 -90.391929626 -0.145827115 0.983675718 0.105434671 -14.713462830 0.988934994 0.142007098 0.042913292 130.875122070
0.026922213 0.111790091 -0.993367076 -91.341125488 -0.142830387 0.983961523 0.106860653 -14.710661888 0.989380956 0.139006078 0.042457439 130.933731079
0.025428936 0.111639962 -0.993423462 -92.293357849 -0.137602106 0.984676480 0.107134774 -14.712492943 0.990161121 0.133972853 0.040401164 131.001678467
0.024159173 0.108904749 -0.993758619 -93.236091614 -0.133630246 0.985479832 0.104748823 -14.715762138 0.990736663 0.130265594 0.038361348 131.063705444
0.023668215 0.105817065 -0.994103968 -94.179679871 -0.128590420 0.986444414 0.101940200 -14.720343590 0.991415262 0.125419483 0.036954448 131.123382568
0.021995435 0.108627491 -0.993839085 -95.163215637 -0.126487330 0.986393869 0.105014324 -14.723395348 0.991724312 0.123398229 0.035436168 131.173202515
0.020502806 0.110698558 -0.993642509 -96.112159729 -0.125862107 0.986230612 0.107275784 -14.718988419 0.991835833 0.122862488 0.034153245 131.231460571
0.019171841 0.108676076 -0.993892372 -97.070671082 -0.121710002 0.986935675 0.105567679 -14.716175079 0.992380500 0.118942700 0.032148335 131.280334473
0.017327482 0.105418213 -0.994277000 -98.020523071 -0.118835591 0.987594783 0.102638751 -14.712775230 0.992762685 0.116377026 0.029639965 131.327682495
0.013058295 0.102894880 -0.994606435 -98.989463806 -0.117381044 0.987971544 0.100667372 -14.711133003 0.993001103 0.115433410 0.024979133 131.388641357
0.010373961 0.102152936 -0.994714558 -99.943626404 -0.111822851 0.988646984 0.100363605 -14.721925735 0.993673921 0.110190652 0.021679215 131.436309814
0.008192979 0.102194235 -0.994730711 -100.903312683 -0.105050534 0.989347517 0.100775965 -14.716338158 0.994433105 0.103671342 0.018841259 131.477493286
0.005508523 0.110279322 -0.993885338 -101.869148254 -0.095100440 0.989453375 0.109260470 -14.716748238 0.995452464 0.093917094 0.015938042 131.538726807
0.002982244 0.118359156 -0.992966413 -102.826515198 -0.087032706 0.989233553 0.117652826 -14.711817741 0.996201038 0.086069688 0.013251254 131.591217041
0.000139168 0.117951542 -0.993019283 -103.780303955 -0.082828410 0.989608526 0.117534786 -14.705168724 0.996563792 0.082233846 0.009907460 131.634613037
-0.002816343 0.107921310 -0.994155407 -104.734054565 -0.083455525 0.990665853 0.107778914 -14.705084801 0.996507525 0.083271302 0.006216574 131.667297363
-0.004920289 0.098446913 -0.995130181 -105.680595398 -0.085252814 0.991477787 0.098507121 -14.701549530 0.996347249 0.085322320 0.003514518 131.702529907
-0.005397332 0.099735640 -0.994999290 -106.639915466 -0.092313834 0.990715265 0.099806972 -14.701987267 0.995715499 0.092390887 0.003859760 131.721527100
-0.006155394 0.109214380 -0.993999124 -107.604064941 -0.095618859 0.989398956 0.109301053 -14.690563202 0.995398998 0.095717840 0.004352811 131.753570557
-0.007663336 0.120684698 -0.992661357 -108.567626953 -0.099626698 0.987659216 0.120845675 -14.679028511 0.994995415 0.099821649 0.004454652 131.780105591
-0.009356650 0.122658849 -0.992404878 -109.518585205 -0.106662303 0.986663699 0.122954905 -14.669263840 0.994251311 0.107002623 0.003851209 131.808792114
-0.008735839 0.118946187 -0.992862284 -110.503486633 -0.113786355 0.986332774 0.119165093 -14.645167351 0.993466794 0.114015192 0.004918007 131.820159912
-0.009062390 0.115001984 -0.993323863 -111.457038879 -0.121822625 0.985838413 0.115246750 -14.632283211 0.992510557 0.122053735 0.005075790 131.843048096
-0.006446275 0.116914064 -0.993121088 -112.420295715 -0.126632363 0.985050917 0.116785958 -14.613064766 0.991928816 0.126514107 0.008455195 131.862365723
-0.005170937 0.118044868 -0.992994905 -113.410156250 -0.134517729 0.983900487 0.117664248 -14.594904900 0.990897715 0.134183809 0.010791439 131.884628296
-0.004664348 0.120598808 -0.992690325 -114.374061584 -0.143709466 0.982315838 0.120013669 -14.577384949 0.989609003 0.143218800 0.012749325 131.903427124
-0.004356264 0.122663699 -0.992438793 -115.349891663 -0.149192065 0.981261075 0.121937029 -14.555673599 0.988798678 0.148595184 0.014025819 131.926940918
-0.004445982 0.122450039 -0.992464721 -116.326797485 -0.152873278 0.980725288 0.121686459 -14.547933578 0.988235772 0.152262360 0.014359052 131.969436646
-0.002807999 0.113156855 -0.993573129 -117.282096863 -0.151860416 0.982005119 0.112268567 -14.550576210 0.988397896 0.151199669 0.014426579 131.998794556
-0.001333446 0.101390079 -0.994845986 -118.231101990 -0.155067310 0.982792020 0.100369461 -14.540525436 0.987902939 0.154401898 0.014411790 132.033935547
