1.000000000 0.000000000 0.000000000 0.000000000 0.000000000 1.000000000 0.000000000 0.000000000 0.000000000 0.000000000 1.000000000 0.000000000
0.999997735 -0.001588413 -0.001397721 0.050440751 0.001585365 0.999996364 -0.002179023 -0.131896660 0.001401177 0.002176802 0.999996662 1.297188520
0.999997675 -0.000014707 -0.002168050 0.105770901 0.000000847 0.999979556 -0.006392845 -0.267507136 0.002168100 0.006392828 0.999977231 2.603062153
0.999995947 0.002488264 -0.001362180 0.149230912 -0.002498930 0.999965727 -0.007885319 -0.406936079 0.001342513 0.007888691 0.999967992 3.906842947
0.999983191 0.005788664 0.000166216 0.193864897 -0.005787440 0.999961436 -0.006607668 -0.545565307 -0.000204459 0.006606595 0.999978125 5.221387386
0.999974370 0.006701721 0.002529434 0.239748538 -0.006693651 0.999972641 -0.003185432 -0.690970480 -0.002550712 0.003168419 0.999991715 6.537149906
0.999958634 0.006958539 0.005853116 0.296046674 -0.006948187 0.999974251 -0.001786893 -0.828807771 -0.005865399 0.001746151 0.999981284 7.841411114
0.999942422 0.005383291 0.009274877 0.350439459 -0.005367097 0.999983966 -0.001769884 -0.962363541 -0.009284257 0.001720003 0.999955416 9.145431519
0.999912858 0.004004753 0.012579248 0.428951412 -0.003983092 0.999990523 -0.001746600 -1.098585963 -0.012586124 0.001696343 0.999919355 10.445657730
0.999866724 0.002795798 0.016083436 0.491139174 -0.002757903 0.999993384 -0.002377765 -1.236697912 -0.016089980 0.002333092 0.999867797 11.750168800
0.999809146 0.001750105 0.019456977 0.567037284 -0.001687901 0.999993384 -0.003212940 -1.373123169 -0.019462466 0.003179485 0.999805450 13.044485092
0.999742568 0.001398803 0.022644952 0.639332652 -0.001326704 0.999993980 -0.003198579 -1.518278122 -0.022649284 0.003167713 0.999738395 14.362516403
0.999660075 0.001437360 0.026032330 0.723894179 -0.001326047 0.999989927 -0.004292697 -1.655748725 -0.026038237 0.004256717 0.999651909 15.656918526
0.999570251 0.002236497 0.029228697 0.806049109 -0.002113827 0.999988794 -0.004227137 -1.794845104 -0.029237824 0.004163536 0.999563754 16.961292267
0.999470055 0.001895344 0.032496456 0.895429373 -0.001773498 0.999991357 -0.003777906 -1.934730530 -0.032503340 0.003718272 0.999464691 18.247829437
0.999403954 0.000257487 0.034521110 1.000979662 -0.000139090 0.999994040 -0.003432048 -2.076397181 -0.034521792 0.003425201 0.999398053 19.538404465
0.999343932 -0.002248655 0.036147259 1.097854376 0.002419583 0.999986112 -0.004685584 -2.216798067 -0.036136225 0.004769972 0.999335527 20.815988541
0.999306023 -0.001845393 0.037203159 1.201830626 0.002091427 0.999976218 -0.006575427 -2.358609200 -0.037190136 0.006648674 0.999286056 22.121191025
0.999251306 -0.001827997 0.038645349 1.282765269 0.002186153 0.999955058 -0.009227528 -2.502964735 -0.038626745 0.009305106 0.999210358 23.409353256
0.999221206 -0.001339497 0.039436433 1.388750553 0.001763405 0.999941051 -0.010716335 -2.644918442 -0.039419752 0.010777529 0.999164641 24.694049835
0.999181747 -0.000525733 0.040444724 1.489194155 0.000985212 0.999935150 -0.011341569 -2.791462898 -0.040436145 0.011372133 0.999117434 25.964090347
0.999160349 -0.002272186 0.040908035 1.587864161 0.002693452 0.999943912 -0.010245699 -2.940161228 -0.040882461 0.010347281 0.999110401 27.259500504
0.999152660 -0.005274613 0.040819876 1.690288305 0.005655511 0.999941528 -0.009221327 -3.085742950 -0.040768862 0.009444370 0.999123931 28.537977219
0.999173105 -0.006720618 0.040098760 1.786732912 0.007114042 0.999927819 -0.009676754 -3.231809139 -0.040030841 0.009954019 0.999148846 29.830741882
0.999175489 -0.008307683 0.039740048 1.881931782 0.008801676 0.999885917 -0.012271808 -3.377199888 -0.039633568 0.012611469 0.999134719 31.089523315
0.999221742 -0.008583133 0.038500130 2.001255512 0.009060624 0.999884069 -0.012244955 -3.528102398 -0.038390566 0.012584264 0.999183595 32.382514954
0.999233186 -0.009161508 0.038068321 2.097824097 0.009647926 0.999873877 -0.012613476 -3.671452045 -0.037947971 0.012971085 0.999195516 33.646869659
0.999252856 -0.009626707 0.037433639 2.193840742 0.010107717 0.999868512 -0.012681714 -3.817309618 -0.037306637 0.013050606 0.999218643 34.918754578
0.999257445 -0.009988362 0.037213188 2.281724453 0.010487259 0.999857485 -0.013235440 -3.960761070 -0.037075683 0.013615875 0.999219716 36.178375244
0.999302864 -0.010797196 0.035735946 2.400174141 0.011281064 0.999847054 -0.013366247 -4.120384216 -0.035586156 0.013760068 0.999271810 37.464691162
0.999297917 -0.010493134 0.035965230 2.489981174 0.010918143 0.999872684 -0.011641262 -4.265444756 -0.035838500 0.012025765 0.999285221 38.727825165
0.999262929 -0.010366162 0.036961671 2.590440989 0.010763230 0.999886334 -0.010559908 -4.406189442 -0.036848012 0.010949953 0.999260902 39.993450165
0.999176025 -0.012185995 0.038713872 2.695976734 0.012527555 0.999884605 -0.008592400 -4.552098274 -0.038604703 0.009070309 0.999213338 41.241420746
0.999073386 -0.013355175 0.040917695 2.798422337 0.013780236 0.999853730 -0.010123780 -4.692442417 -0.040776502 0.010678254 0.999111235 42.506011963
0.998950362 -0.014726337 0.043374788 2.897682190 0.015318522 0.999793470 -0.013352180 -4.840199471 -0.043169197 0.014002602 0.998969674 43.751167297
0.998855710 -0.015814973 0.045133818 3.004413605 0.016484018 0.999759138 -0.014490153 -4.986358643 -0.044893775 0.015217560 0.998875797 45.015239716
0.998723447 -0.016028725 0.047901183 3.122656822 0.016681792 0.999772966 -0.013265176 -5.120493412 -0.047677677 0.014047321 0.998763978 46.250377655
0.998525262 -0.017254334 0.051473375 3.231475592 0.017778382 0.999794483 -0.009740508 -5.276256561 -0.051294729 0.010641261 0.998626888 47.509391785
0.998240948 -0.020189069 0.055743027 3.337539434 0.020651715 0.999756813 -0.007736094 -5.416088581 -0.055573281 0.008873676 0.998415232 48.726665497
0.998003602 -0.022416936 0.059044432 3.473529816 0.022935925 0.999703884 -0.008126725 -5.555726051 -0.058844779 0.009464741 0.998222232 49.979965210
0.997723699 -0.025795056 0.062305283 3.619910717 0.026581232 0.999576688 -0.011822231 -5.693734169 -0.061973959 0.013451472 0.997987092 51.212955475
0.997436881 -0.026953381 0.066280745 3.749045849 0.027795712 0.999543726 -0.011819144 -5.830586433 -0.065931931 0.013631172 0.997730970 52.445865631
0.997081757 -0.029385164 0.070458516 3.878751755 0.030135363 0.999499619 -0.009607961 -5.967833996 -0.070140943 0.011703216 0.997468352 53.665142059
0.996811986 -0.031934913 0.073116712 4.036365032 0.032473478 0.999453425 -0.006188652 -6.102198124 -0.072879113 0.008543276 0.997304201 54.875675201
0.996566951 -0.034584004 0.075221829 4.186615467 0.035013318 0.999377131 -0.004395706 -6.234234810 -0.075022958 0.007014382 0.997157037 56.091087341
0.996365249 -0.037591714 0.076439932 4.337426662 0.037802108 0.999284387 -0.001306904 -6.357381821 -0.076336093 0.004191745 0.997073352 57.304622650
0.996187270 -0.040584590 0.077225685 4.485743046 0.040683653 0.999172032 0.000290659 -6.485792637 -0.077173539 0.002852273 0.997013569 58.511947632
0.996162832 -0.042444166 0.076540150 4.638804913 0.042804088 0.999078691 -0.003067283 -6.609383583 -0.076339461 0.006331744 0.997061789 59.713897705
0.996171892 -0.043657489 0.075734124 4.788549423 0.044333916 0.998990238 -0.007272596 -6.738534451 -0.075340152 0.010602345 0.997101486 60.902206421
0.996178746 -0.045102861 0.074790597 4.920783043 0.046080463 0.998872697 -0.011396535 -6.866578102 -0.074192271 0.014799369 0.997134149 62.108543396
0.996238887 -0.046484631 0.073124938 5.065279484 0.047609136 0.998771966 -0.013709808 -6.999755383 -0.072397836 0.017139660 0.997228563 63.299427032
0.996370554 -0.046824403 0.071085311 5.202388763 0.047937639 0.998751700 -0.014035222 -7.135163307 -0.070339397 0.017391944 0.997371495 64.484008789
0.996603012 -0.046305466 0.068104595 5.339598656 0.047323473 0.998789489 -0.013410064 -7.270469189 -0.067401208 0.016587453 0.997588038 65.660614014
0.996842384 -0.045240816 0.065257035 5.455539227 0.046087630 0.998870850 -0.011529456 -7.411146164 -0.064661749 0.014500593 0.997801900 66.858375549
0.997224927 -0.041396674 0.061877381 5.572763920 0.041965168 0.999087691 -0.007915802 -7.540804863 -0.061493229 0.010490531 0.998052418 68.033172607
0.997491896 -0.039795246 0.058532551 5.694375038 0.040192209 0.999176145 -0.005619957 -7.668411255 -0.058260676 0.007958415 0.998269677 69.224647522
0.997711837 -0.038961571 0.055254560 5.808440208 0.039489515 0.999183893 -0.008494996 -7.804074287 -0.054878488 0.010657531 0.998436213 70.389282227
0.997864723 -0.039252419 0.052205492 5.914960861 0.040105920 0.999076724 -0.015402608 -7.937723637 -0.051552713 0.017463468 0.998517573 71.559967041
0.997943699 -0.042591650 0.047897849 6.032319069 0.043518417 0.998881817 -0.018474799 -8.080500603 -0.047057416 0.020521248 0.998681366 72.748458862
0.997981012 -0.045562103 0.044249937 6.134306431 0.046217635 0.998834610 -0.013905557 -8.214582443 -0.043564808 0.015922610 0.998923719 73.916313171
0.997969031 -0.050202008 0.039212577 6.247890949 0.050599679 0.998676419 -0.009215098 -8.340212822 -0.038698062 0.011180527 0.999188423 75.087547302
0.998025715 -0.052211057 0.034911007 6.342840195 0.052472237 0.998600483 -0.006606755 -8.459074020 -0.034517214 0.008425571 0.999368548 76.259292603
0.998228669 -0.050925545 0.030757489 6.429629326 0.051069908 0.998687387 -0.003925980 -8.593621254 -0.030517181 0.005489809 0.999519169 77.426856995
0.998344421 -0.050654922 0.027247626 6.512648106 0.050768472 0.998704314 -0.003491604 -8.718003273 -0.027035458 0.004869144 0.999622583 78.579528809
0.998532057 -0.048603367 0.023904156 6.595338345 0.048741996 0.998797596 -0.005251138 -8.847388268 -0.023620186 0.006408567 0.999700427 79.748275757
0.998650551 -0.047626048 0.020713024 6.663748264 0.047851831 0.998798788 -0.010544408 -8.976304054 -0.020185957 0.011521332 0.999729872 80.902328491
0.998561740 -0.050876915 0.016909897 6.746074200 0.051142953 0.998568058 -0.015691318 -9.105510712 -0.016087357 0.016533574 0.999733865 82.045692444
0.998416603 -0.054706402 0.013095160 6.819119930 0.054923873 0.998347998 -0.016867595 -9.235369682 -0.012150763 0.017560124 0.999771953 83.211647034
0.998442590 -0.054886583 0.009992554 6.875590801 0.055016801 0.998397410 -0.013259531 -9.370061874 -0.009248770 0.013788639 0.999862134 84.365341187
0.998431861 -0.055472806 0.007527540 6.934674740 0.055552531 0.998397052 -0.010829939 -9.497181892 -0.006914708 0.011231130 0.999913037 85.495567322
0.998591125 -0.052586082 0.007106309 6.982908249 0.052669726 0.998538077 -0.012146326 -9.631265640 -0.006457194 0.012503501 0.999900997 86.643882751
0.998776078 -0.049094539 0.005993053 7.040778637 0.049182180 0.998669863 -0.015476159 -9.759852409 -0.005225288 0.015751969 0.999862194 87.770004272
0.998838663 -0.047943950 0.004751761 7.093766212 0.048021689 0.998686314 -0.017880693 -9.892393112 -0.003888248 0.018088117 0.999828756 88.888961792
0.998770893 -0.049440414 0.003511373 7.151776791 0.049497344 0.998601496 -0.018576656 -10.024216652 -0.002588026 0.018727629 0.999821186 90.005706787
0.998728693 -0.050305471 0.003211021 7.190383911 0.050351575 0.998596728 -0.016407944 -10.155762672 -0.002381106 0.016548764 0.999860168 91.127891541
0.998640239 -0.052097693 0.001830024 7.250968933 0.052117579 0.998551250 -0.013384243 -10.283964157 -0.001130084 0.013461420 0.999908745 92.237289429
0.998664737 -0.051627740 0.001820997 7.300407887 0.051647052 0.998581350 -0.012954887 -10.410637856 -0.001149582 0.013031635 0.999914408 93.374519348
0.998647511 -0.051960573 0.001800385 7.344094276 0.051982116 0.998530567 -0.015315669 -10.543406487 -0.001001928 0.015388542 0.999881089 94.518081665
0.998646498 -0.051991455 0.001424452 7.398619175 0.052009154 0.998465955 -0.018997468 -10.671442986 -0.000434560 0.019045843 0.999818444 95.617286682
0.998591304 -0.053053990 0.000790732 7.455322742 0.053059243 0.998395443 -0.019784633 -10.807655334 0.000260191 0.019798722 0.999803901 96.719749451
0.998602569 -0.052824561 0.001525187 7.496592522 0.052843925 0.998425901 -0.018791549 -10.939482689 -0.000530131 0.018845884 0.999822199 97.794487000
0.998619437 -0.052494947 0.001874930 7.549553394 0.052515246 0.998532176 -0.013250134 -11.060958862 -0.001176613 0.013330305 0.999910474 98.884902954
0.998701572 -0.050851777 0.003020327 7.601370811 0.050879356 0.998655856 -0.009888696 -11.184825897 -0.002513409 0.010029528 0.999946475 99.945617676
0.998773813 -0.049255483 0.004975721 7.656844616 0.049304500 0.998731077 -0.010261599 -11.297225952 -0.004463967 0.010494343 0.999934971 100.998558044
0.998862326 -0.047209349 0.006728450 7.711098671 0.047284856 0.998814762 -0.011542030 -11.427859306 -0.006175584 0.011847051 0.999910772 102.048835754
0.998829961 -0.047487598 0.009141648 7.767696381 0.047614302 0.998765051 -0.014180845 -11.544527054 -0.008456945 0.014599526 0.999857724 103.064842224
0.998741806 -0.049007311 0.010620674 7.833645821 0.049161837 0.998680890 -0.014811944 -11.661188126 -0.009880774 0.015315443 0.999833882 104.072326660
0.998649418 -0.050365899 0.012753756 7.896796227 0.050540548 0.998627186 -0.013763972 -11.795443535 -0.012043012 0.014389966 0.999823928 105.078346252
0.998630762 -0.050312996 0.014327740 7.959712982 0.050489176 0.998649955 -0.012212454 -11.910223961 -0.013693951 0.012919128 0.999822736 106.036697388
0.998549998 -0.051532056 0.015562251 8.023195267 0.051705740 0.998602092 -0.010972411 -12.018963814 -0.014975064 0.011761161 0.999818683 106.998008728
0.998476267 -0.052337475 0.017489724 8.081803322 0.052540526 0.998554170 -0.011358405 -12.125999451 -0.016869968 0.012260017 0.999782562 107.916450500
0.998468995 -0.051871859 0.019205282 8.141738892 0.052059665 0.998599648 -0.009411407 -12.228384972 -0.018690201 0.010396820 0.999771178 108.820129395
0.998467207 -0.051170457 0.021090010 8.200847626 0.051330343 0.998656452 -0.007110359 -12.327413559 -0.020697834 0.008182018 0.999752223 109.690963745
0.998445928 -0.051148791 0.022123484 8.265802383 0.051252700 0.998677075 -0.004155014 -12.428224564 -0.021881690 0.005282446 0.999746621 110.547119141
0.998407066 -0.051133130 0.023849120 8.324230194 0.051243138 0.998678088 -0.004024309 -12.520103455 -0.023611819 0.005240003 0.999707401 111.373352051
0.998424590 -0.050299156 0.024862817 8.378750801 0.050398655 0.998723388 -0.003391181 -12.609578133 -0.024660503 0.004638890 0.999685049 112.183174133
0.998531044 -0.047915369 0.025294356 8.431737900 0.048006434 0.998842597 -0.003005128 -12.690373421 -0.025121083 0.004215006 0.999675512 112.965118408
0.998674512 -0.045168430 0.024676876 8.478145599 0.045186561 0.998978615 -0.000177286 -12.767220497 -0.024643660 0.001292115 0.999695420 113.721443176
0.998734057 -0.045514330 0.021413961 8.528106689 0.045503378 0.998963714 0.000998131 -12.852880478 -0.021437196 -0.000022460 0.999770164 114.465621948
0.998850644 -0.045529421 0.014974218 8.564295769 0.045517646 0.998962939 0.001126338 -12.927074432 -0.015009970 -0.000443452 0.999887228 115.163497925
0.999029160 -0.043790426 0.004802912 8.588438988 0.043791514 0.999040723 -0.000121080 -13.001862526 -0.004793003 0.000331289 0.999988496 115.831344604
0.999110997 -0.041200958 -0.008930933 8.586091995 0.041177079 0.999147832 -0.002841001 -13.072092056 0.009040372 0.002470725 0.999956131 116.475982666
0.998820961 -0.039609011 -0.028067488 8.588476181 0.039468668 0.999205470 -0.005536797 -13.140021324 0.028264495 0.004422483 0.999590695 117.099212646
0.998001039 -0.038032379 -0.050472658 8.555097580 0.037688136 0.999259472 -0.007754930 -13.211148262 0.050730225 0.005837207 0.998695314 117.686294556
0.996256888 -0.036493517 -0.078360163 8.515501022 0.035845280 0.999310553 -0.009663632 -13.278662682 0.078658797 0.006818619 0.996878266 118.253936768
0.993320227 -0.034375198 -0.110150844 8.441773415 0.033293508 0.999377728 -0.011644814 -13.346259117 0.110482603 0.007899720 0.993846595 118.795211792
0.988848507 -0.029922752 -0.145887792 8.346206665 0.028335517 0.999514639 -0.012946177 -13.411296844 0.146204367 0.008668000 0.989216328 119.325668335
0.982618213 -0.023938069 -0.184088171 8.226316452 0.021982184 0.999678195 -0.012658462 -13.467044830 0.184331954 0.008391775 0.982828200 119.850143433
0.974004686 -0.018561989 -0.225766182 8.086591721 0.016572766 0.999805331 -0.010703214 -13.525684357 0.225920916 0.006683408 0.974122822 120.353416443
0.962719619 -0.013778374 -0.270149708 7.910448074 0.011767956 0.999889672 -0.009060198 -13.584960938 0.270244747 0.005543321 0.962775767 120.847473145
0.948386431 -0.007670183 -0.317024291 7.717460632 0.004859404 0.999941528 -0.009655874 -13.641943932 0.317079782 0.007616952 0.948368311 121.318191528
0.930873454 0.000138421 -0.365341634 7.490005493 -0.004253532 0.999936223 -0.010458948 -13.701242447 0.365316927 0.011289950 0.930814743 121.798202515
0.909767747 0.004730465 -0.415090710 7.237327576 -0.010292967 0.999884725 -0.011164522 -13.753685951 0.414990008 0.014429635 0.909711480 122.225242615
0.884554148 0.008961092 -0.466351479 6.971244812 -0.015340900 0.999833405 -0.009885799 -13.806951523 0.466185212 0.015898773 0.884544253 122.639015198
0.855501831 0.012260866 -0.517654657 6.687515259 -0.020283949 0.999745786 -0.009842870 -13.849383354 0.517402351 0.018920671 0.855533123 123.038063049
0.823868334 0.021724863 -0.566364884 6.357006073 -0.030701146 0.999508619 -0.006320146 -13.904392242 0.565949202 0.022595020 0.824130356 123.409011841
0.789934635 0.035109416 -0.612185121 6.008647919 -0.044115331 0.999026358 0.000370812 -13.946360588 0.611602128 0.026713828 0.790714383 123.764007568
0.753908396 0.043883018 -0.655512333 5.652927399 -0.055397313 0.998459458 0.003128714 -13.988297462 0.654639840 0.033954866 0.755177915 124.079086304
0.714021981 0.047548536 -0.698506832 5.283123016 -0.062700309 0.998024940 0.003844251 -14.031762123 0.697310090 0.041051712 0.715593100 124.378013611
0.671329260 0.049146313 -0.739528060 4.908809662 -0.065006196 0.997858047 0.007302610 -14.082679749 0.738303065 0.043171454 0.673086166 124.660324097
0.627947211 0.053034313 -0.776446819 4.493259430 -0.068652183 0.997560918 0.012615168 -14.119117737 0.775222003 0.045383114 0.630056500 124.925682068
0.582924724 0.061612550 -0.810186863 4.069465637 -0.079949073 0.996631563 0.018268300 -14.149890900 0.808583319 0.054124631 0.585886955 125.153945923
0.537237585 0.070529379 -0.840476930 3.625770569 -0.091266416 0.995507598 0.025200900 -14.177748680 0.838478565 0.063168451 0.541261017 125.364624023
0.490021259 0.075524636 -0.868432701 3.175056458 -0.097094171 0.994769454 0.031725422 -14.202478409 0.866286278 0.068773612 0.494791150 125.567245483
0.443267465 0.076606281 -0.893109977 2.703624725 -0.096449718 0.994633257 0.037444588 -14.226575851 0.891185403 0.069542237 0.448277235 125.745338440
0.396165997 0.078236483 -0.914839685 2.230480194 -0.094200097 0.994568825 0.044262063 -14.247822762 0.913333893 0.068642855 0.401384294 125.913612366
0.350190878 0.081121139 -0.933158994 1.737663269 -0.095804602 0.994119883 0.050467551 -14.271060944 0.931765914 0.071727648 0.355903506 126.061645508
0.306395590 0.084200189 -0.948173046 1.234905243 -0.101344496 0.993304431 0.055459201 -14.290025711 0.946494102 0.079099655 0.312877297 126.175582886
0.265139401 0.085990280 -0.960368037 0.711805344 -0.106637545 0.992520392 0.059428561 -14.307985306 0.958295107 0.086654432 0.272326052 126.277526855
0.226009086 0.082625665 -0.970614672 0.187191010 -0.107212245 0.992453039 0.059520166 -14.325425148 0.968207300 0.090609670 0.233161867 126.373001099
0.191237211 0.077763408 -0.978458583 -0.352998734 -0.102009952 0.993033230 0.058984134 -14.346012115 0.976228595 0.088532537 0.197837546 126.462226868
0.160866559 0.072675139 -0.984296858 -0.907009125 -0.099211015 0.993424833 0.057134733 -14.364965439 0.981977105 0.088462040 0.167018995 126.539093018
0.133892938 0.070881180 -0.988457680 -1.466943741 -0.099960610 0.993317604 0.057689372 -14.386064529 0.985941410 0.091082633 0.140083581 126.618537903
0.111767136 0.070224866 -0.991250038 -2.048507690 -0.101097301 0.993128002 0.058958828 -14.403501511 0.988578558 0.093623027 0.118098609 126.683006287
0.093589023 0.071505934 -0.993039787 -2.656862259 -0.103383310 0.992723644 0.061739802 -14.416639328 0.990228772 0.096885569 0.100300550 126.729675293
0.077249631 0.069864981 -0.994561017 -3.259240150 -0.104334667 0.992631197 0.061625537 -14.441486359 0.991537571 0.099006638 0.083969727 126.782470703
0.063674606 0.068884261 -0.995590568 -3.881571293 -0.103923701 0.992648840 0.062034119 -14.469053268 0.992544949 0.099515438 0.070365250 126.824691772
0.051161177 0.066033617 -0.996504903 -4.528080463 -0.098217741 0.993307173 0.060779162 -14.491235733 0.993848979 0.094764933 0.057304434 126.879829407
0.038997129 0.063474730 -0.997221291 -5.175808907 -0.095897384 0.993611515 0.059494827 -14.510122299 0.994627059 0.093310781 0.044835061 126.922264099
0.028161319 0.063195243 -0.997603834 -5.834421158 -0.095372915 0.993616521 0.060250394 -14.532451630 0.995043218 0.093447648 0.034008674 126.957008362
0.019317433 0.064560540 -0.997726858 -6.504702568 -0.098978303 0.993134499 0.062347017 -14.554803848 0.994901955 0.097548924 0.025574911 126.965255737
0.010705306 0.064091086 -0.997886658 -7.203033447 -0.102160804 0.992791891 0.062667906 -14.581125259 0.994710267 0.101274028 0.017175736 126.985382080
0.004183242 0.063573495 -0.997968435 -7.889961243 -0.104800776 0.992509365 0.062786430 -14.603143692 0.994484425 0.104325227 0.010814458 127.003875732
-0.001256013 0.065063372 -0.997880280 -8.584224701 -0.105621390 0.992290735 0.064831853 -14.627285957 0.994405627 0.105478942 0.005625753 127.019714355
-0.004657949 0.066993661 -0.997742534 -9.305385590 -0.107104167 0.991980553 0.067106768 -14.642782211 0.994236887 0.107174963 0.002554703 127.039878845
-0.005625978 0.070486680 -0.997496843 -10.024079323 -0.109476462 0.991473377 0.070678502 -14.663989067 0.993973434 0.109600060 0.002138625 127.053085327
-0.006470043 0.073887639 -0.997245550 -10.757651329 -0.112130024 0.990923345 0.074146695 -14.679478645 0.993672371 0.112300903 0.001873705 127.061569214
-0.008037288 0.079711720 -0.996785522 -11.487335205 -0.116992325 0.989897013 0.080104180 -14.693258286 0.993100286 0.117260069 0.001369574 127.077270508
-0.009186957 0.083488986 -0.996466279 -12.226020813 -0.119978130 0.989217460 0.083987787 -14.707806587 0.992734075 0.120325752 0.000928953 127.091682434
-0.010739440 0.083886087 -0.996417582 -12.970524788 -0.119255446 0.989255369 0.084568486 -14.723670959 0.992805481 0.119736426 -0.000620176 127.109252930
-0.011905541 0.080618717 -0.996673882 -13.738623619 -0.117495127 0.989726782 0.081460290 -14.742861748 0.993002117 0.118074171 -0.002310926 127.126014709
-0.013669008 0.077475876 -0.996900439 -14.490286827 -0.121289857 0.989503145 0.078564048 -14.750996590 0.992523015 0.121987820 -0.004128489 127.138641357
-0.014593792 0.079150170 -0.996755779 -15.263425827 -0.125991493 0.988771081 0.080360793 -14.760988235 0.991923928 0.126755536 -0.004457672 127.136634827
-0.016110051 0.082172051 -0.996487856 -16.039869308 -0.123323590 0.988844335 0.083535492 -14.775600433 0.992235661 0.124236241 -0.005796581 127.152397156
-0.018401470 0.082378440 -0.996431231 -16.815711975 -0.122231834 0.988939106 0.084016345 -14.792310715 0.992330909 0.123341627 -0.008128667 127.166931152
-0.019131953 0.081878029 -0.996458650 -17.604118347 -0.125311449 0.988585711 0.083637096 -14.803800583 0.991932929 0.126467824 -0.008653322 127.166252136
-0.020108977 0.081308670 -0.996486068 -18.396978378 -0.129479975 0.988082349 0.083235867 -14.815034866 0.991378248 0.130698726 -0.009341478 127.178474426
-0.021382866 0.085399605 -0.996117353 -19.194347382 -0.131368831 0.987466395 0.087477930 -14.820099831 0.991102815 0.132729292 -0.009896016 127.186508179
-0.022416901 0.090405166 -0.995652735 -19.995832443 -0.130558878 0.987109661 0.092568949 -14.835415840 0.991187036 0.132066399 -0.010324741 127.205322266
-0.021022158 0.092887737 -0.995454550 -20.822917938 -0.131587535 0.986755908 0.094854921 -14.842792511 0.991081595 0.132983461 -0.008520869 127.213928223
-0.019280206 0.091743171 -0.995596051 -21.641002655 -0.130967781 0.986969113 0.093484476 -14.850257874 0.991199136 0.132193387 -0.007013568 127.225860596
-0.018274026 0.091820322 -0.995607853 -22.472743988 -0.131027490 0.986966491 0.093428329 -14.855513573 0.991210341 0.132159323 -0.006004865 127.238449097
-0.017994698 0.090621948 -0.995722771 -23.302217484 -0.129268616 0.987314522 0.092192873 -14.858095169 0.991446316 0.130374670 -0.006051852 127.258415222
-0.017135706 0.092706576 -0.995545983 -24.139778137 -0.130213723 0.987005472 0.094152555 -14.865671158 0.991337836 0.131247103 -0.004841365 127.276634216
-0.016334482 0.095046058 -0.995338857 -24.976297379 -0.131794021 0.986581326 0.096372664 -14.869060516 0.991142571 0.132753894 -0.003588789 127.289161682
-0.016569715 0.097142249 -0.995132506 -25.848163605 -0.135089561 0.985925913 0.098492861 -14.868295670 0.990694821 0.136064053 -0.003213612 127.306694031
-0.014927529 0.098195009 -0.995055199 -26.711091995 -0.137315467 0.985535800 0.099315569 -14.865674973 0.990414917 0.138119027 -0.001227925 127.318466187
-0.013175000 0.101273216 -0.994771361 -27.581657410 -0.144040987 0.984289050 0.102113776 -14.864592552 0.989483893 0.144633234 0.001619486 127.331993103
-0.010891123 0.105164073 -0.994395256 -28.459405899 -0.148632437 0.983236730 0.105611891 -14.861043930 0.988832474 0.148949638 0.004922243 127.348709106
-0.008746870 0.106972769 -0.994223416 -29.334112167 -0.151114866 0.982701302 0.107062533 -14.855840683 0.988477468 0.151178420 0.007569615 127.378402710
-0.004759516 0.107795537 -0.994161665 -30.235799789 -0.150221571 0.982814074 0.107284315 -14.857138634 0.988640904 0.149855152 0.011515494 127.398437500
-0.002008572 0.107741520 -0.994176865 -31.129234314 -0.152851462 0.982463241 0.106780909 -14.851071358 0.988247097 0.152175874 0.014495103 127.425415039
0.000229510 0.111397713 -0.993775845 -32.029609680 -0.153225303 0.982044578 0.110047311 -14.842695236 0.988191247 0.152246356 0.017294336 127.458786011
0.002647223 0.113445520 -0.993540645 -32.942787170 -0.152126327 0.982025921 0.111725390 -14.837669373 0.988357484 0.150847927 0.019857690 127.500862122
0.004523287 0.114611790 -0.993400037 -33.836154938 -0.152620435 0.981851101 0.112584434 -14.833772659 0.988274515 0.151103899 0.021933295 127.540916443
0.007080398 0.112792127 -0.993593454 -34.739879608 -0.153932169 0.981898069 0.110367559 -14.827205658 0.988056004 0.152164549 0.024314564 127.571449280
0.007294295 0.114037938 -0.993449628 -35.648445129 -0.158217356 0.981093466 0.111457869 -14.819535255 0.987377346 0.156367958 0.025199166 127.613235474
0.008374199 0.114723891 -0.993362129 -36.542022705 -0.159049734 0.980903447 0.111944236 -14.815574646 0.987235069 0.157056496 0.026461091 127.650619507
0.008650254 0.111153558 -0.993765593 -37.439380646 -0.159246534 0.981272817 0.108370066 -14.813435555 0.987200916 0.157316282 0.026189076 127.684959412
0.009635649 0.107003920 -0.994211912 -38.349113464 -0.160569921 0.981521368 0.104081884 -14.813297272 0.986977458 0.158637613 0.026639203 127.729263306
0.010183943 0.106257990 -0.994286418 -39.247486115 -0.160217687 0.981664896 0.103268102 -14.808019638 0.987029135 0.158250600 0.027021628 127.769905090
0.010004914 0.110513151 -0.993824363 -40.152614594 -0.162647367 0.980818450 0.107429504 -14.804859161 0.986633539 0.160568073 0.027787674 127.809318542
0.010244361 0.116520241 -0.993135452 -41.082870483 -0.163273588 0.980053365 0.113301173 -14.792442322 0.986527741 0.160992086 0.029064691 127.850120544
0.010519535 0.115322456 -0.993272424 -41.977527618 -0.161091551 0.980548084 0.112139016 -14.793962479 0.986883342 0.158828169 0.028892387 127.894134521
0.011287265 0.105000101 -0.994408250 -42.867637634 -0.160421327 0.981780291 0.101845823 -14.799657822 0.986984015 0.158374712 0.027925871 127.938400269
0.011675012 0.094178379 -0.995486856 -43.790363312 -0.162054643 0.982571661 0.091055967 -14.802209854 0.986712694 0.160260186 0.026733579 127.977447510
0.010720781 0.091156662 -0.995778859 -44.692890167 -0.158977538 0.983325183 0.088305026 -14.810987473 0.987223923 0.157359779 0.025033876 128.021652222
0.010479197 0.101204693 -0.994810402 -45.615161896 -0.151426703 0.983552098 0.098464243 -14.815053940 0.988412857 0.149609044 0.025631931 128.072052002
0.010504607 0.114330411 -0.993387222 -46.560783386 -0.146458760 0.982904255 0.111575179 -14.811923981 0.989161015 0.144318208 0.027069714 128.132186890
0.010539336 0.123424396 -0.992298007 -47.481952667 -0.146539450 0.981829941 0.120565958 -14.804318428 0.989148676 0.144140124 0.028434381 128.179016113
0.010410101 0.117596202 -0.993006885 -48.399089813 -0.146603271 0.982509494 0.114816137 -14.800508499 0.989140630 0.144382820 0.027468013 128.219558716
0.010651964 0.104063481 -0.994513631 -49.323982239 -0.146711007 0.983969569 0.101388805 -14.799158096 0.989122033 0.144826084 0.025748471 128.260681152
0.011378080 0.095220722 -0.995391309 -50.239189148 -0.147283673 0.984757721 0.092519939 -14.799727440 0.989028811 0.145552143 0.025229109 128.302749634
0.011837377 0.095278144 -0.995380342 -51.175991058 -0.146128386 0.984927893 0.092539839 -14.808009148 0.989194751 0.144357860 0.025581805 128.346710205
0.011206351 0.096815228 -0.995239317 -52.111385345 -0.149296463 0.984307528 0.094070740 -14.822538376 0.988729000 0.147531480 0.025484668 128.386566162
0.011627342 0.096082374 -0.995305479 -53.059249878 -0.154237196 0.983632684 0.093153708 -14.828208923 0.987965405 0.152429983 0.026256513 128.428680420
0.012055736 0.095528498 -0.995353699 -53.991584778 -0.155741856 0.983457267 0.092500381 -14.829977036 0.987724185 0.153903067 0.026734089 128.471588135
0.013197359 0.103001356 -0.994593680 -54.938442230 -0.165091708 0.981253505 0.099429227 -14.827001572 0.986189842 0.162886962 0.029954627 128.503021240
0.015123605 0.112596661 -0.993525684 -55.879821777 -0.170792475 0.979327321 0.108387724 -14.824395180 0.985190928 0.168047503 0.034041628 128.535858154
0.015712157 0.120492831 -0.992589831 -56.852191925 -0.170904920 0.978427112 0.116068259 -14.819458008 0.985162199 0.167814821 0.035966016 128.597534180
0.016652687 0.121403217 -0.992463470 -57.793552399 -0.172225788 0.978113413 0.116758034 -14.813009262 0.984916747 0.168983474 0.037196986 128.643753052
0.018025037 0.111613728 -0.993588090 -58.732437134 -0.173832923 0.978964806 0.106817491 -14.808834076 0.984610260 0.170792922 0.037048023 128.695220947
0.019150130 0.107041419 -0.994070113 -59.676818848 -0.172516063 0.979693592 0.102169961 -14.810708046 0.984820604 0.169536486 0.037227623 128.750076294
0.020992672 0.105216682 -0.994227707 -60.641475677 -0.170986608 0.980173349 0.100119032 -14.817868233 0.985049605 0.167897865 0.038567103 128.813018799
0.024698798 0.111626364 -0.993443310 -61.594978333 -0.172347695 0.979342580 0.105757080 -14.817464828 0.984726489 0.168605551 0.043427132 128.863754272
0.027951680 0.113778479 -0.993112862 -62.563644409 -0.175487012 0.978630066 0.107180029 -14.820771217 0.984084904 0.171282560 0.047320992 128.925460815
0.031920899 0.108422920 -0.993592322 -63.518512726 -0.174494863 0.979436338 0.101272255 -14.819757462 0.984140515 0.170144066 0.050183728 128.986495972
0.034533568 0.102595441 -0.994123518 -64.478225708 -0.174298793 0.980090439 0.095092468 -14.831453323 0.984087169 0.169990644 0.051728282 129.063018799
0.038128756 0.102482148 -0.994003892 -65.430648804 -0.171821147 0.980584323 0.094507746 -14.836004257 0.984389961 0.167187408 0.054997064 129.132476807
0.040670466 0.107220702 -0.993403137 -66.386299133 -0.169228852 0.980600953 0.098910622 -14.849458694 0.984737277 0.164089724 0.058026336 129.212631226
0.043754119 0.113965757 -0.992520750 -67.360778809 -0.168808609 0.980030477 0.105089843 -14.852396011 0.984677315 0.162947908 0.062118769 129.296081543
0.047125265 0.117766812 -0.991922498 -68.314994812 -0.166686028 0.980029345 0.108435698 -14.852123260 0.984883189 0.160229519 0.065814227 129.371307373
0.048585679 0.119408652 -0.991655707 -69.278671265 -0.166147977 0.979962051 0.109860234 -14.855150223 0.984903097 0.159423962 0.067451626 129.460586548
0.050427187 0.116696879 -0.991886556 -70.234939575 -0.164266154 0.980593681 0.107017018 -14.852355957 0.985126197 0.157536820 0.068617932 129.544494629
0.051310539 0.114957884 -0.992044330 -71.200737000 -0.161995441 0.981155336 0.105317339 -14.854643822 0.985456586 0.155302763 0.068966262 129.627029419
0.051315922 0.111202717 -0.992472053 -72.141471863 -0.158817559 0.982043445 0.101822540 -14.863446236 0.985973418 0.152396858 0.068055406 129.720855713
0.051420093 0.111515157 -0.992431641 -73.112831116 -0.158041134 0.982132554 0.102169439 -14.863678932 0.986092687 0.151591435 0.068125337 129.797714233
0.050462656 0.115637362 -0.992008805 -74.059890747 -0.154476076 0.982224703 0.106638767 -14.861644745 0.986706913 0.147860333 0.067428879 129.897827148
0.050483964 0.117676519 -0.991767883 -75.035446167 -0.149080083 0.982796550 0.109023415 -14.866650581 0.987535596 0.142348900 0.067158669 129.984283447
0.049430367 0.113625303 -0.992293298 -75.984092712 -0.145925701 0.983668149 0.105368502 -14.861807823 0.988059938 0.139592692 0.065203942 130.070892334
0.048145968 0.110379115 -0.992722809 -76.933708191 -0.147633940 0.983745456 0.102220856 -14.867969513 0.987869561 0.141638055 0.063659087 130.150756836
0.046912648 0.106264636 -0.993230581 -77.916130066 -0.144036502 0.984653533 0.098543808 -14.863799095 0.988459706 0.138438478 0.061498687 130.224151611
0.046094470 0.107476719 -0.993138492 -78.872207642 -0.144681767 0.984430373 0.099819228 -14.869050980 0.988404036 0.139087901 0.060926720 130.292022705
0.044922125 0.108648807 -0.993064642 -79.821357727 -0.145163640 0.984227121 0.101115309 -14.869388580 0.988387406 0.139614567 0.059985429 130.371765137
0.044488490 0.109436505 -0.992997706 -80.788787842 -0.147582352 0.983795822 0.101810351 -14.875859261 0.988048673 0.142019510 0.059918486 130.431732178
0.042526074 0.109910749 -0.993031442 -81.745376587 -0.147731856 0.983696342 0.102551006 -14.872570992 0.988112748 0.142341271 0.058070075 130.509368896
0.040721536 0.110572040 -0.993033528 -82.699577332 -0.147908777 0.983575225 0.103453562 -14.874577522 0.988162339 0.142665565 0.056407273 130.576034546
0.039191902 0.113627955 -0.992750049 -83.645736694 -0.147815377 0.983241975 0.106704213 -14.874959946 0.988238037 0.142561764 0.055331089 130.644607544
0.037339825 0.117483959 -0.992372394 -84.608901978 -0.149639323 0.982525468 0.110687740 -14.865127563 0.988035262 0.144364879 0.054267548 130.699081421
0.035134707 0.121953800 -0.991913736 -85.558341980 -0.150686935 0.981825769 0.115375996 -14.851218224 0.987957001 0.145414710 0.052873008 130.764770508
0.033097427 0.122364469 -0.991933167 -86.505844116 -0.150904208 0.981710851 0.116068281 -14.851152420 0.987994194 0.145845339 0.050957412 130.828918457
0.031647574 0.116314620 -0.992708087 -87.450027466 -0.150918961 0.982374132 0.110292494 -14.840516090 0.988039374 0.146327987 0.048643842 130.895767212
0.029342160 0.111769751 -0.993300855 -88.387969971 -0.155671731 0.982114494 0.105912462 -14.833233833 0.987372935 0.151521146 0.046216756 130.957107544
0.029329127 0.109321743 -0.993573606 -89.363838196 -0.154133812 0.982607245 0.103565261 -14.823400497 0.987614572 0.150105834 0.045669179 131.001403809
0.028436095 0.110424198 -0.993477643 -90.315612793 -0.150032878 0.983092248 0.104975499 -14.828342438 0.988272071 0.146069214 0.044522561 131.061859131
0.027673164 0.111871518 -0.993337274 -91.267189026 -0.146540090 0.983436167 0.106673993 -14.826312065 0.988817513 0.142611712 0.043608464 131.126510620
0.026272854 0.112009786 -0.993359804 -92.212547302 -0.141681105 0.984088838 0.107217185 -14.829761505 0.989563584 0.137923390 0.041724499 131.194412231
0.025197277 0.109167799 -0.993703961 -93.159545898 -0.137504414 0.984949946 0.104719415 -14.831953049 0.990180552 0.134000003 0.039829120 131.257461548
0.024491014 0.106025867 -0.994061708 -94.124366760 -0.132076815 0.985986710 0.101910591 -14.835172653 0.990936875 0.128796622 0.038151376 131.310394287
0.023572234 0.108362459 -0.993831873 -95.082778931 -0.130133495 0.985982597 0.104420029 -14.836377144 0.991216183 0.126869425 0.037343398 131.365798950
0.022004118 0.111131899 -0.993562102 -96.030532837 -0.129978523 0.985685945 0.107372358 -14.840994835 0.991272569 0.126779094 0.036133911 131.427032471
0.020901803 0.108755387 -0.993848741 -96.990219116 -0.125259444 0.986518145 0.105318844 -14.834055901 0.991903901 0.122287594 0.034242641 131.475006104
0.017879859 0.105903372 -0.994215667 -97.945152283 -0.122855127 0.987072051 0.102933027 -14.833272934 0.992263556 0.120304056 0.030659476 131.534759521
0.014805990 0.103379719 -0.994531751 -98.894958496 -0.121693142 0.987433016 0.100830145 -14.834197044 0.992457390 0.119534805 0.027200527 131.589599609
0.012768548 0.102150463 -0.994686961 -99.856491089 -0.115298815 0.988283157 0.100012742 -14.840717316 0.993248761 0.113409221 0.024396768 131.634109497
0.009864776 0.102060400 -0.994729280 -100.801536560 -0.109574161 0.988897443 0.100375399 -14.835852623 0.993929684 0.108006455 0.020938437 131.692733765
0.007524486 0.109565161 -0.993951261 -101.801597595 -0.099309064 0.989147246 0.108283825 -14.829764366 0.995028198 0.097893581 0.018323639 131.749801636
0.004926835 0.117870100 -0.993016779 -102.761245728 -0.091362432 0.988928616 0.116931543 -14.826989174 0.995805562 0.090148337 0.015641190 131.805175781
0.000455811 0.116862223 -0.993148029 -103.715820312 -0.087186769 0.989370883 0.116377741 -14.817992210 0.996191800 0.086536318 0.010639803 131.864410400
-0.000753430 0.106750973 -0.994285524 -104.676055908 -0.088132605 0.990409791 0.106401630 -14.814748764 0.996108413 0.087709151 0.008662038 131.886138916
-0.002971950 0.097314976 -0.995249212 -105.623870850 -0.089853972 0.991201758 0.097187519 -14.813439369 0.995950460 0.089715928 0.005798335 131.924118042
-0.003099489 0.098736599 -0.995108724 -106.584449768 -0.097233392 0.990368485 0.098569103 -14.815423012 0.995256782 0.097063310 0.006530858 131.940155029
-0.003670078 0.108301617 -0.994111300 -107.552467346 -0.100726716 0.989021957 0.108119033 -14.806704521 0.994907379 0.100530386 0.007279080 131.972320557
-0.005128933 0.119747445 -0.992791116 -108.515876770 -0.104727261 0.987280250 0.119623780 -14.795911789 0.994487822 0.104585826 0.007477127 132.000595093
-0.006665586 0.121490747 -0.992570162 -109.457504272 -0.111860611 0.986271739 0.121471025 -14.787194252 0.993701637 0.111839168 0.007015948 132.032974243
-0.006065039 0.118586302 -0.992925167 -110.448486328 -0.119121432 0.985787511 0.118461467 -14.770318985 0.992861152 0.118997149 0.008147332 132.046386719
-0.006311296 0.114470594 -0.993406653 -111.403091431 -0.127151445 0.985270858 0.114340939 -14.757280350 0.991863191 0.127034739 0.008336767 132.071289062
-0.004095996 0.116409324 -0.993192911 -112.369354248 -0.131764561 0.984478652 0.115931369 -14.738476753 0.991272569 0.131342471 0.011306206 132.094863892
-0.002632451 0.117895424 -0.993022501 -113.350570679 -0.139913425 0.983214796 0.117101923 -14.723994255 0.990160227 0.139245480 0.013906891 132.118209839
-0.001778198 0.120694309 -0.992688119 -114.316436768 -0.149249673 0.981539011 0.119606122 -14.707720757 0.988797963 0.148371041 0.016268214 132.135971069
-0.001941169 0.123321980 -0.992364824 -115.288742065 -0.155022785 0.980332613 0.122129999 -14.691621780 0.987908959 0.154076234 0.017214729 132.166198730
-0.001260941 0.122495912 -0.992468238 -116.263854980 -0.158358321 0.979921281 0.121148489 -14.680802345 0.987380922 0.157318398 0.018162629 132.201416016
0.000406856 0.112835534 -0.993613660 -117.219848633 -0.157234713 0.981261611 0.111368440 -14.682095528 0.987561107 0.156185254 0.018140893 132.233718872
0.001784045 0.101073638 -0.994877338 -118.170555115 -0.160445154 0.982018948 0.099479586 -14.671648026 0.987043262 0.159445778 0.017968742 132.271316528
