1.000000000 0.000000000 0.000000000 0.000000000 0.000000000 1.000000000 0.000000000 0.000000000 0.000000000 0.000000000 1.000000000 0.000000000
0.999997616 -0.001653570 -0.001414558 0.050476171 0.001650533 0.999996364 -0.002145537 -0.132694274 0.001418101 0.002143197 0.999996722 1.297126293
0.999997616 0.000041724 -0.002177144 0.106230773 -0.000055432 0.999980152 -0.006296298 -0.268162578 0.002176838 0.006296402 0.999977827 2.606479645
0.999995947 0.002501138 -0.001372830 0.150719047 -0.002511838 0.999965966 -0.007848633 -0.406660199 0.001353152 0.007852050 0.999968171 3.911102533
0.999983251 0.005793813 0.000199072 0.194896340 -0.005792379 0.999961495 -0.006571549 -0.545475781 -0.000237139 0.006570287 0.999978304 5.223202229
0.999975860 0.006511459 0.002403620 0.243409574 -0.006503948 0.999974012 -0.003119091 -0.690817952 -0.002423867 0.003103382 0.999992251 6.544201374
0.999960482 0.006793691 0.005729114 0.299208760 -0.006783728 0.999975502 -0.001756562 -0.828699231 -0.005740907 0.001717628 0.999982059 7.846749306
0.999944210 0.005317096 0.009127899 0.355049789 -0.005302074 0.999984562 -0.001669107 -0.961827576 -0.009136635 0.001620617 0.999956965 9.155275345
0.999914467 0.003939967 0.012475202 0.433369279 -0.003921130 0.999991119 -0.001534058 -1.098949909 -0.012481135 0.001485010 0.999921024 10.454757690
0.999871135 0.002849442 0.015796352 0.498439968 -0.002812847 0.999993324 -0.002338404 -1.237652779 -0.015802907 0.002293670 0.999872506 11.769289970
0.999815404 0.001810465 0.019126533 0.576293886 -0.001750967 0.999993563 -0.003127050 -1.373799920 -0.019132072 0.003092982 0.999812186 13.063575745
0.999745905 0.001593143 0.022485331 0.644777715 -0.001523012 0.999993861 -0.003135702 -1.522797942 -0.022490192 0.003100660 0.999742210 14.388572693
0.999665320 0.001575806 0.025820110 0.729908347 -0.001468174 0.999990165 -0.004186985 -1.660778642 -0.025826454 0.004147675 0.999657810 15.685053825
0.999574602 0.002372500 0.029069588 0.812211335 -0.002252514 0.999988794 -0.004159617 -1.799202561 -0.029079134 0.004092368 0.999568760 16.993368149
0.999484599 0.001923721 0.032044295 0.904546678 -0.001804381 0.999991357 -0.003752754 -1.938924313 -0.032051235 0.003692999 0.999479473 18.279769897
0.999408722 0.000562250 0.034378957 1.003545761 -0.000441861 0.999993742 -0.003509326 -2.080092907 -0.034380715 0.003492061 0.999402702 19.582300186
0.999354184 -0.001946411 0.035881665 1.099997282 0.002121397 0.999986053 -0.004839332 -2.219646454 -0.035871740 0.004912326 0.999344289 20.860435486
0.999303758 -0.001680838 0.037270833 1.197032928 0.001925191 0.999976873 -0.006521216 -2.361661673 -0.037259020 0.006588429 0.999283910 22.168148041
0.999266565 -0.001703361 0.038254507 1.284103155 0.002053146 0.999956489 -0.009106214 -2.505460978 -0.038237333 0.009178077 0.999226511 23.453065872
0.999221027 -0.001041851 0.039448977 1.386058927 0.001455599 0.999944210 -0.010460899 -2.650604963 -0.039435882 0.010510173 0.999166846 24.740949631
0.999184549 -0.000346131 0.040374666 1.488019705 0.000793523 0.999938488 -0.011065513 -2.797354221 -0.040368348 0.011088528 0.999123394 26.009254456
0.999160886 -0.002040107 0.040906157 1.584725380 0.002458142 0.999945164 -0.010171690 -2.941685438 -0.040883161 0.010263709 0.999111235 27.306138992
0.999161184 -0.004988982 0.040645439 1.690109849 0.005364235 0.999943912 -0.009128514 -3.086363316 -0.040597625 0.009338889 0.999131918 28.584043503
0.999180973 -0.006774810 0.039891675 1.786189318 0.007154817 0.999930263 -0.009390933 -3.236459494 -0.039825276 0.009668659 0.999159873 29.876071930
0.999190032 -0.008443709 0.039341819 1.887784958 0.008923230 0.999887824 -0.012028979 -3.379905224 -0.039235838 0.012370293 0.999153376 31.140541077
0.999224305 -0.008544945 0.038441025 1.994071245 0.009020559 0.999884605 -0.012216104 -3.527322292 -0.038332213 0.012553386 0.999186218 32.424201965
0.999242246 -0.009195081 0.037821565 2.091906309 0.009676667 0.999874175 -0.012569780 -3.670885563 -0.037701230 0.012926242 0.999205410 33.691982269
0.999264538 -0.009639990 0.037112340 2.195395947 0.010112673 0.999869883 -0.012569985 -3.816032171 -0.036986329 0.012936044 0.999232173 34.956848145
0.999287069 -0.010339178 0.036309894 2.294751406 0.010829807 0.999852359 -0.013341640 -3.959496021 -0.036166593 0.013725357 0.999251485 36.224796295
0.999305010 -0.010759501 0.035685800 2.392131090 0.011242175 0.999847710 -0.013352727 -4.107872009 -0.035536692 0.013744635 0.999273837 37.476844788
0.999302328 -0.010318077 0.035894360 2.476091862 0.010732662 0.999877691 -0.011376666 -4.259356976 -0.035772588 0.011753974 0.999290764 38.764465332
0.999287665 -0.010226668 0.036325473 2.585901976 0.010604788 0.999891460 -0.010231812 -4.399775982 -0.036216889 0.010609748 0.999287605 40.015026093
0.999179184 -0.012104657 0.038655736 2.682904243 0.012440824 0.999886751 -0.008467746 -4.541527748 -0.038548861 0.008941703 0.999216735 41.292079926
0.999073148 -0.013092472 0.041004010 2.780185699 0.013483374 0.999866068 -0.009271215 -4.689138412 -0.040877141 0.009815494 0.999116004 42.541759491
0.998973966 -0.014596542 0.042871118 2.891646862 0.015159783 0.999802530 -0.012842413 -4.837184906 -0.042675205 0.013479154 0.998997986 43.818069458
0.998850822 -0.015658740 0.045296635 2.992395163 0.016299924 0.999771595 -0.013820656 -4.980995178 -0.045069885 0.014543106 0.998877943 45.050930023
0.998737693 -0.015313674 0.047838636 3.114408970 0.015934777 0.999793231 -0.012628886 -5.121779919 -0.047635358 0.013375242 0.998775184 46.305759430
0.998563886 -0.017135277 0.050758790 3.243740082 0.017636120 0.999800026 -0.009435749 -5.263477325 -0.050586954 0.010317386 0.998666346 47.547924042
0.998252273 -0.019983191 0.055615760 3.330874681 0.020416299 0.999765396 -0.007230183 -5.407774925 -0.055458225 0.008353014 0.998426020 48.791332245
0.998010576 -0.021936936 0.059106931 3.460947752 0.022423202 0.999719858 -0.007576060 -5.548119068 -0.058924180 0.008886354 0.998222828 50.021530151
0.997706294 -0.025076916 0.062875524 3.585253000 0.025844635 0.999600589 -0.011426526 -5.678449631 -0.062563881 0.013025310 0.997955918 51.231185913
0.997442603 -0.026826171 0.066245668 3.733095884 0.027656652 0.999549568 -0.011651113 -5.811663151 -0.065903269 0.013453449 0.997735322 52.449249268
0.997102439 -0.029063916 0.070298478 3.864128351 0.029790713 0.999512792 -0.009312306 -5.953460693 -0.069993570 0.011379565 0.997482538 53.680187225
0.996793568 -0.031600423 0.073510639 4.011655331 0.032128785 0.999465644 -0.006015959 -6.082502842 -0.073281258 0.008358479 0.997276247 54.878135681
0.996513069 -0.033798877 0.076284498 4.148375034 0.034245264 0.999403119 -0.004550732 -6.211739540 -0.076085143 0.007147246 0.997075737 56.110366821
0.996322870 -0.036760896 0.077390753 4.301325798 0.036985319 0.999314785 -0.001467993 -6.335078239 -0.077283740 0.004324917 0.996999800 57.317539215
0.996159792 -0.039746787 0.078011692 4.448010445 0.039865386 0.999204993 0.000037082 -6.461702824 -0.077951163 0.003073027 0.996952415 58.531196594
0.996114433 -0.041505385 0.077674009 4.595698357 0.041867830 0.999118507 -0.003042851 -6.588168144 -0.077479251 0.006283070 0.996974170 59.724758148
0.996127903 -0.042753391 0.076819964 4.744855404 0.043446217 0.999028563 -0.007369491 -6.718657017 -0.076430269 0.010678492 0.997017741 60.918758392
0.996149182 -0.044094726 0.075777926 4.883301258 0.045103632 0.998914301 -0.011653746 -6.845664501 -0.075181782 0.015026730 0.997056603 62.102539062
0.996145368 -0.045937262 0.074727587 5.012348175 0.047085419 0.998797238 -0.013675022 -6.980161667 -0.074009515 0.017140893 0.997110188 63.306503296
0.996311486 -0.046097420 0.072377115 5.156084538 0.047193386 0.998794436 -0.013505008 -7.114249706 -0.071667314 0.016870914 0.997285843 64.481086731
0.996518552 -0.045057807 0.070147149 5.278429031 0.046095870 0.998849154 -0.013249680 -7.255375385 -0.069469422 0.016437046 0.997448683 65.698303223
0.996776998 -0.044346057 0.066850930 5.406236649 0.045211658 0.998911321 -0.011490539 -7.385797501 -0.066268593 0.014475945 0.997696877 66.871665955
0.997156382 -0.040336918 0.063655630 5.518029213 0.040891014 0.999136031 -0.007425562 -7.523830414 -0.063301094 0.010007391 0.997944295 68.059379578
0.997434497 -0.038529191 0.060332291 5.637180805 0.038896896 0.999231040 -0.004931742 -7.654308796 -0.060095884 0.007265829 0.998166144 69.233589172
0.997650445 -0.037339769 0.057439908 5.747282028 0.037876774 0.999247968 -0.008288532 -7.785756111 -0.057087224 0.010444697 0.998314559 70.406883240
0.997843325 -0.037644554 0.053773858 5.864299774 0.038498841 0.999146879 -0.014939742 -7.924823284 -0.053165577 0.016977755 0.998441398 71.596824646
0.997858584 -0.041636806 0.050445918 5.973216057 0.042585250 0.998932898 -0.017874287 -8.060809135 -0.049647857 0.019984264 0.998566866 72.769264221
0.997913659 -0.045278579 0.046023380 6.086627960 0.045924924 0.998859227 -0.013084333 -8.196723938 -0.045378435 0.015170655 0.998854697 73.937881470
0.997919142 -0.049138878 0.041746363 6.194947243 0.049533732 0.998736501 -0.008476533 -8.320627213 -0.041277088 0.010526747 0.999092281 75.093177795
0.997983932 -0.051324420 0.037334677 6.290025711 0.051550288 0.998657286 -0.005112075 -8.452790260 -0.037022173 0.007026381 0.999289751 76.283485413
0.998173296 -0.050459981 0.033224873 6.382088184 0.050582010 0.998715878 -0.002841935 -8.575019836 -0.033038799 0.004517324 0.999443889 77.441024780
0.998298287 -0.050486583 0.029179994 6.478426933 0.050593387 0.998714924 -0.002933079 -8.688496590 -0.028994411 0.004404401 0.999569893 78.597984314
0.998435438 -0.049070846 0.026809251 6.539944649 0.049203981 0.998779356 -0.004328287 -8.824953079 -0.026564134 0.005640637 0.999631166 79.773292542
0.998636365 -0.046589483 0.023556825 6.618342876 0.046823535 0.998858094 -0.009483209 -8.951828957 -0.023088109 0.010573290 0.999677539 80.916969299
0.998557031 -0.049984783 0.019636270 6.704648495 0.050263770 0.998638093 -0.013980468 -9.093057632 -0.018910721 0.014947286 0.999709427 82.080711365
0.998411655 -0.053679351 0.017108575 6.769615650 0.053936169 0.998432815 -0.014920083 -9.222570419 -0.016280863 0.015819155 0.999742389 83.214355469
0.998456776 -0.053893883 0.013399061 6.836618900 0.054045636 0.998475254 -0.011234355 -9.357603073 -0.012773166 0.011941181 0.999847054 84.366920471
0.998458147 -0.054396480 0.011056159 6.897859097 0.054495610 0.998474658 -0.008870676 -9.482012749 -0.010556760 0.009459512 0.999899507 85.498344421
0.998597682 -0.051936388 0.010259320 6.954928398 0.052044678 0.998588622 -0.010586083 -9.609227180 -0.009695037 0.011105181 0.999891281 86.642280579
0.998781323 -0.048447620 0.009411477 7.011503220 0.048573826 0.998725951 -0.013678510 -9.740477562 -0.008736796 0.014118994 0.999862075 87.774078369
0.998850882 -0.047298934 0.007716962 7.071973801 0.047418308 0.998745382 -0.016098671 -9.870526314 -0.006945830 0.016446099 0.999840558 88.889739990
0.998790562 -0.048644405 0.007150511 7.127199173 0.048756540 0.998675227 -0.016448170 -10.002671242 -0.006340928 0.016776912 0.999839067 90.008949280
0.998770893 -0.049136005 0.006505216 7.170754433 0.049223851 0.998687983 -0.014112670 -10.137405396 -0.005803241 0.014415537 0.999879241 91.117179871
0.998682976 -0.051029745 0.005308605 7.233587742 0.051086575 0.998631537 -0.011186610 -10.262670517 -0.004730491 0.011443076 0.999923289 92.226654053
0.998708189 -0.050548460 0.005172932 7.288811684 0.050602276 0.998659790 -0.010864155 -10.385797501 -0.004616832 0.011111885 0.999927580 93.363571167
0.998686731 -0.051004320 0.004820250 7.338860512 0.051063120 0.998611033 -0.012985262 -10.517699242 -0.004151249 0.013214349 0.999904096 94.492927551
0.998684824 -0.051088069 0.004325650 7.398419380 0.051152661 0.998555601 -0.016437640 -10.645767212 -0.003479634 0.016637290 0.999855518 95.591804504
0.998638511 -0.052027863 0.003781213 7.457406044 0.052086201 0.998490155 -0.017449062 -10.776762009 -0.002867667 0.017622255 0.999840558 96.695899963
0.998638332 -0.051944204 0.004824466 7.497308731 0.052015860 0.998515546 -0.016152972 -10.909197807 -0.003978251 0.016381927 0.999857843 97.771530151
0.998652756 -0.051636443 0.005146845 7.553948402 0.051688068 0.998608470 -0.010459544 -11.029517174 -0.004599590 0.010711480 0.999932110 98.861679077
0.998744607 -0.049675975 0.006434682 7.607804775 0.049723726 0.998734891 -0.007487562 -11.146246910 -0.006054590 0.007798119 0.999951243 99.927642822
0.998818576 -0.047830760 0.008578113 7.664935112 0.047897499 0.998822153 -0.007750719 -11.257080078 -0.008197286 0.008152431 0.999933183 100.978004456
0.998880923 -0.046135265 0.010413244 7.715497494 0.046230670 0.998889208 -0.009114960 -11.383380890 -0.009981156 0.009586171 0.999904215 102.030166626
0.998842180 -0.046319656 0.012991738 7.772257328 0.046470713 0.998852551 -0.011577727 -11.499812126 -0.012440554 0.012168057 0.999848545 103.040878296
0.998755336 -0.047752369 0.014403522 7.844138145 0.047928292 0.998777211 -0.012126803 -11.614393234 -0.013806825 0.012802047 0.999822676 104.043510437
0.998644710 -0.049217492 0.016923742 7.893018723 0.049410652 0.998715818 -0.011191708 -11.742573738 -0.016351184 0.012012755 0.999794066 105.045219421
0.998625398 -0.048980072 0.018658364 7.958596706 0.049164258 0.998745143 -0.009543924 -11.854944229 -0.018167492 0.010448133 0.999780357 106.002769470
0.998548865 -0.049941450 0.020146200 8.018124580 0.050116550 0.998708963 -0.008281836 -11.962680817 -0.019706583 0.009279476 0.999762714 106.956550598
0.998483181 -0.050480645 0.021976907 8.079991341 0.050679840 0.998677909 -0.008602769 -12.067584991 -0.021513581 0.009703507 0.999721408 107.872848511
0.998448014 -0.050348882 0.023803389 8.140956879 0.050525580 0.998699069 -0.006880706 -12.166269302 -0.023425987 0.008072708 0.999692976 108.779388428
0.998456419 -0.049116489 0.025930384 8.198818207 0.049262658 0.998773217 -0.005028338 -12.260165215 -0.025651598 0.006297977 0.999651074 109.649726868
0.998413801 -0.049455561 0.026906487 8.267441750 0.049512949 0.998772383 -0.001470884 -12.362448692 -0.026800713 0.002800770 0.999636829 110.506065369
0.998363495 -0.049497429 0.028642952 8.330093384 0.049559921 0.998770058 -0.001475420 -12.451915741 -0.028534696 0.002892548 0.999588668 111.330223083
0.998369694 -0.048676249 0.029806744 8.384229660 0.048723422 0.998811960 -0.000858175 -12.538425446 -0.029729556 0.002309063 0.999555230 112.142211914
0.998441696 -0.046564590 0.030756259 8.435613632 0.046591450 0.998913944 -0.000157056 -12.620099068 -0.030715548 0.001589790 0.999526799 112.917427063
0.998585463 -0.043702792 0.030283585 8.480295181 0.043639373 0.999043584 0.002752008 -12.695615768 -0.030374896 -0.001426559 0.999537468 113.676452637
0.998678863 -0.043890972 0.026722489 8.535016060 0.043806251 0.999033034 0.003748150 -12.778367996 -0.026861161 -0.002572587 0.999635816 114.422920227
0.998824954 -0.043830547 0.020673582 8.571930885 0.043760464 0.999034703 0.003830658 -12.850448608 -0.020821525 -0.002921472 0.999778867 115.121177673
0.999058783 -0.042214155 0.009973768 8.603555679 0.042189535 0.999106109 0.002666528 -12.923799515 -0.010077422 -0.002243229 0.999946713 115.790740967
0.999221563 -0.039278351 -0.003674312 8.603345871 0.039277796 0.999228299 -0.000222641 -12.991839409 0.003680224 0.000078149 0.999993265 116.431709290
0.999009669 -0.038204987 -0.022801785 8.609087944 0.038159274 0.999268711 -0.002436280 -13.061435699 0.022878191 0.001563768 0.999737024 117.050575256
0.998319030 -0.036487371 -0.045029730 8.577320099 0.036308173 0.999329150 -0.004791413 -13.129219055 0.045174349 0.003148412 0.998974144 117.638732910
0.996724427 -0.034939166 -0.072935462 8.540640831 0.034552194 0.999381304 -0.006561042 -13.195529938 0.073119581 0.004019470 0.997315049 118.208076477
0.993939400 -0.032759976 -0.104934588 8.470294952 0.032032009 0.999449611 -0.008615610 -13.260640144 0.105159089 0.005202129 0.994441748 118.750793457
0.989729226 -0.028120019 -0.140161529 8.366468430 0.026997326 0.999586403 -0.009905357 -13.326501846 0.140382081 0.006019635 0.990079045 119.295028687
0.983518064 -0.022116618 -0.179451942 8.266220093 0.020737864 0.999739230 -0.009555699 -13.381962776 0.179616496 0.005676752 0.983720303 119.833618164
0.975176215 -0.017223384 -0.220759019 8.111545563 0.015985003 0.999844909 -0.007395028 -13.439511299 0.220852137 0.003682623 0.975300312 120.331886292
0.963921607 -0.012470691 -0.265893698 7.949249268 0.011333087 0.999918938 -0.005812379 -13.497271538 0.265944570 0.002589281 0.963984847 120.818931580
0.949784517 -0.006621787 -0.312834680 7.759368896 0.004867038 0.999967754 -0.006389756 -13.553318977 0.312866926 0.004546313 0.949786067 121.297080994
0.932631195 0.001039068 -0.360829502 7.530509949 -0.003901686 0.999966443 -0.007205070 -13.603680611 0.360809863 0.008127516 0.932604015 121.764640808
0.911782742 0.005819588 -0.410631597 7.287158966 -0.010083524 0.999915421 -0.008218771 -13.653324127 0.410548985 0.011634347 0.911764324 122.191482544
0.886803031 0.010363020 -0.462031424 7.014629364 -0.015175405 0.999862373 -0.006700846 -13.711338997 0.461898386 0.012953842 0.886838257 122.619392395
0.857946932 0.013455694 -0.513562143 6.731155396 -0.019479023 0.999790072 -0.006346064 -13.756694794 0.513368905 0.015448276 0.858028948 123.016273499
0.826505780 0.023131017 -0.562452972 6.406444550 -0.030323211 0.999534130 -0.003452857 -13.799293518 0.562111020 0.019909183 0.826822162 123.390937805
0.792680025 0.036279343 -0.608557582 6.058837891 -0.043085493 0.999065459 0.003438344 -13.846755028 0.608113587 0.023494493 0.793502271 123.748855591
0.757627308 0.045263350 -0.651116014 5.703281403 -0.054552846 0.998493195 0.005935071 -13.881497383 0.650403619 0.031023664 0.758955002 124.046234131
0.717860818 0.049259506 -0.694441736 5.340793610 -0.061526395 0.998079538 0.007196450 -13.929441452 0.693462670 0.037560452 0.719512939 124.345230103
0.675549924 0.050730225 -0.735566914 4.962055206 -0.064094000 0.997894168 0.009957892 -13.971685410 0.734523177 0.040418372 0.677378893 124.633636475
0.631797791 0.054196749 -0.773236156 4.548843384 -0.067596324 0.997604609 0.014691135 -14.001190186 0.772180200 0.042986088 0.633947968 124.911773682
0.587216139 0.063153632 -0.806962669 4.123226166 -0.078563437 0.996691346 0.020832403 -14.037953377 0.805608451 0.051164638 0.590234816 125.138427734
0.541632116 0.072302729 -0.837500453 3.686775208 -0.090186894 0.995541751 0.027620617 -14.062783241 0.835763752 0.060571343 0.545738101 125.346542358
0.494937718 0.077413276 -0.865473211 3.233242035 -0.095630758 0.994825900 0.034295075 -14.089477539 0.863650084 0.065791935 0.499779999 125.546310425
0.447934687 0.079036675 -0.890565932 2.768890381 -0.095120817 0.994644463 0.040429853 -14.114668846 0.888991892 0.066601433 0.453053772 125.726371765
0.400596529 0.080114461 -0.912745357 2.293449402 -0.091675952 0.994675815 0.047069911 -14.136070251 0.911656737 0.064820759 0.405808181 125.911926270
0.354921401 0.082769029 -0.931225002 1.806423187 -0.093328260 0.994234562 0.052798871 -14.154973984 0.930226147 0.068170160 0.360599756 126.056747437
0.311389506 0.086125687 -0.946371436 1.304214478 -0.099233188 0.993386865 0.057753168 -14.170813560 0.945087016 0.075927727 0.317876816 126.172760010
0.269892752 0.087593988 -0.958897889 0.777679443 -0.103731588 0.992703080 0.061485600 -14.187991142 0.957286656 0.082873479 0.277009606 126.283348083
0.230245396 0.084623069 -0.969446242 0.248224258 -0.103526063 0.992688477 0.062064242 -14.209348679 0.967610180 0.086072944 0.237322643 126.387893677
0.195427194 0.079561666 -0.977485597 -0.286348343 -0.098421983 0.993263066 0.061168507 -14.228109360 0.975767136 0.084252089 0.201941207 126.481483459
0.164860874 0.074474670 -0.983501077 -0.834356308 -0.095795006 0.993640065 0.059184648 -14.249565125 0.981653750 0.084457256 0.170946687 126.564163208
0.138699755 0.073271088 -0.987620234 -1.406822205 -0.097021580 0.993467212 0.060079332 -14.269384384 0.985570490 0.087487496 0.144902557 126.626884460
0.116094224 0.072293267 -0.990603745 -1.982760429 -0.097660385 0.993345618 0.061048009 -14.284271240 0.988425314 0.089655429 0.122381896 126.700798035
0.097728670 0.073440552 -0.992499590 -2.580659866 -0.099407151 0.993006468 0.063689709 -14.296111107 0.990235984 0.092437252 0.104345709 126.763244629
0.081765041 0.071618155 -0.994075060 -3.189242363 -0.100397967 0.992933095 0.063277893 -14.317972183 0.991581917 0.094629191 0.088377543 126.812744141
0.067841433 0.070544474 -0.995198905 -3.808714867 -0.098673455 0.993081093 0.063667886 -14.345894814 0.992804646 0.093880400 0.074332908 126.865051270
0.055941172 0.067841448 -0.996126533 -4.446494579 -0.094685927 0.993552864 0.062348709 -14.365679741 0.993934155 0.090831302 0.062004138 126.906799316
0.043477692 0.065055981 -0.996933997 -5.101572037 -0.092021510 0.993896425 0.060844555 -14.381811142 0.994807363 0.089093983 0.049198866 126.951293945
0.032478582 0.064220361 -0.997407079 -5.773202896 -0.091349259 0.993947387 0.061023004 -14.402595520 0.995289147 0.089130461 0.038148481 126.996047974
0.022966465 0.065842412 -0.997565746 -6.444977760 -0.094667599 0.993488431 0.063393809 -14.424597740 0.995244026 0.092981204 0.029050065 127.018768311
0.014608255 0.065616906 -0.997738004 -7.120452881 -0.097684100 0.993164837 0.063885912 -14.449909210 0.995110214 0.096529864 0.020918133 127.036819458
0.007703780 0.064907812 -0.997861505 -7.815057278 -0.099696249 0.992969036 0.063819885 -14.472448349 0.994988084 0.098991387 0.014120682 127.063591003
0.002706741 0.065701179 -0.997835577 -8.514636040 -0.100457273 0.992809474 0.065097734 -14.488723755 0.994937658 0.100063644 0.009287439 127.080749512
-0.000997603 0.068232402 -0.997668862 -9.239016533 -0.102799989 0.992376685 0.067973256 -14.507987976 0.994701505 0.102628164 0.006024293 127.107040405
-0.001231957 0.072210722 -0.997388661 -9.975060463 -0.105265237 0.991838574 0.071938924 -14.532958984 0.994443417 0.105078973 0.006379376 127.105186462
-0.002715417 0.075603001 -0.997134328 -10.695687294 -0.106993005 0.991392136 0.075459003 -14.550076485 0.994256079 0.106891289 0.005396949 127.125404358
-0.003254022 0.081207894 -0.996691883 -11.436948776 -0.111757003 0.990423799 0.081062056 -14.557107925 0.993730247 0.111651070 0.005852690 127.135696411
-0.004572412 0.084966533 -0.996373296 -12.180459023 -0.114607282 0.989773929 0.084929682 -14.569761276 0.993400335 0.114579976 0.005212129 127.150024414
-0.005888453 0.085340925 -0.996334374 -12.934302330 -0.114798807 0.989706576 0.085451700 -14.586056709 0.993371308 0.114881173 0.003969196 127.168296814
-0.007514239 0.082298093 -0.996579409 -13.677612305 -0.112403326 0.990221858 0.082620598 -14.604263306 0.993634224 0.112639681 0.001809814 127.193542480
-0.008930791 0.078846857 -0.996846735 -14.439057350 -0.115979552 0.990076959 0.079350442 -14.609395027 0.993211448 0.116322525 0.000302453 127.207710266
-0.010134479 0.080498613 -0.996703148 -15.207283974 -0.121360645 0.989287078 0.081133656 -14.619831085 0.992556751 0.121782787 -0.000256543 127.211715698
-0.011909507 0.084104806 -0.996385694 -15.975415230 -0.118248492 0.989345849 0.084923945 -14.634059906 0.992912591 0.118832529 -0.001837356 127.231628418
-0.013862127 0.084271185 -0.996346414 -16.744976044 -0.117202550 0.989436448 0.085317381 -14.652688980 0.993011415 0.117957003 -0.003838898 127.251335144
-0.014963615 0.083230957 -0.996417940 -17.542064667 -0.120088205 0.989166617 0.084428683 -14.659890175 0.992650449 0.120921411 -0.004806451 127.250976562
-0.015478658 0.083023280 -0.996427417 -18.329454422 -0.124821365 0.988590658 0.084309310 -14.665683746 0.992058516 0.125680417 -0.004938979 127.252876282
-0.016271250 0.087500401 -0.996031642 -19.133344650 -0.126695737 0.987953365 0.088860452 -14.672175407 0.991808236 0.127638832 -0.004989309 127.257232666
-0.017166890 0.091797680 -0.995629668 -19.946300507 -0.125177220 0.987744331 0.093228988 -14.680322647 0.991985917 0.126230583 -0.005465522 127.278068542
-0.016709054 0.094035760 -0.995428562 -20.773372650 -0.126991063 0.987305343 0.095400050 -14.692644119 0.991763115 0.128004596 -0.004555238 127.301856995
-0.014889942 0.092904538 -0.995563626 -21.591461182 -0.126379445 0.987514079 0.094043545 -14.699060440 0.991870224 0.127219111 -0.002962804 127.316200256
-0.013535606 0.092908956 -0.995582521 -22.422603607 -0.126462340 0.987519383 0.093875840 -14.702883720 0.991879165 0.127174377 -0.001617190 127.329071045
-0.013511515 0.091914438 -0.995675147 -23.254102707 -0.125084683 0.987788618 0.092883818 -14.709410667 0.992053986 0.125798717 -0.001849435 127.356590271
-0.012919237 0.093848675 -0.995502591 -24.091367722 -0.126000866 0.987496853 0.094729155 -14.715679169 0.991945922 0.126658037 -0.000932689 127.381752014
-0.012448628 0.095837101 -0.995319188 -24.930019379 -0.127568632 0.987110257 0.096642196 -14.715861320 0.991751552 0.128174573 -0.000062362 127.402008057
-0.012079540 0.098576114 -0.995056212 -25.798217773 -0.130816028 0.986420274 0.099308632 -14.720424652 0.991333067 0.131368905 0.000979834 127.416511536
-0.010506311 0.099649623 -0.994967103 -26.662176132 -0.132998735 0.986042321 0.100160152 -14.716829300 0.991060615 0.133381665 0.002893606 127.432479858
-0.008718498 0.102811582 -0.994662702 -27.531496048 -0.139859676 0.984797776 0.103017829 -14.716071129 0.990132987 0.140011355 0.005793236 127.449951172
-0.006703759 0.106703192 -0.994268298 -28.409641266 -0.144350514 0.983773291 0.106550135 -14.711129189 0.989503920 0.144237414 0.008807681 127.473548889
-0.004487675 0.108533733 -0.994082630 -29.283878326 -0.146854490 0.983243108 0.108013228 -14.704814911 0.989147961 0.146470219 0.011526193 127.506690979
-0.000758640 0.109342799 -0.994003832 -30.182357788 -0.145809010 0.983368814 0.108284213 -14.705414772 0.989312410 0.145016879 0.015197140 127.533500671
0.001766469 0.109418102 -0.993994236 -31.074316025 -0.148526475 0.982999444 0.107943863 -14.699518204 0.988906801 0.147443756 0.017987924 127.567062378
0.004452468 0.113327593 -0.993547738 -31.976613998 -0.149184585 0.982513964 0.111400522 -14.692392349 0.988799274 0.147725984 0.021281343 127.598968506
0.006381589 0.115517162 -0.993285000 -32.889579773 -0.148073971 0.982464015 0.113307357 -14.689672470 0.988955677 0.146356568 0.023374764 127.647399902
0.008089003 0.116781227 -0.993124783 -33.782314301 -0.148710400 0.982253909 0.114291683 -14.684855461 0.988847673 0.146763489 0.025312038 127.692474365
0.010632940 0.115081862 -0.993299127 -34.683551788 -0.149847686 0.982321560 0.112205952 -14.677891731 0.988651872 0.147650480 0.027689716 127.727371216
0.010436796 0.116357423 -0.993152559 -35.585960388 -0.154224277 0.981509805 0.113372661 -14.668737411 0.987980664 0.151984945 0.028188961 127.775100708
0.011446857 0.117044702 -0.993060589 -36.478473663 -0.155063540 0.981319666 0.113873459 -14.663149834 0.987838149 0.152684033 0.029382391 127.815666199
0.011567104 0.113551445 -0.993464768 -37.375675201 -0.155397490 0.981664360 0.110393345 -14.660367966 0.987784326 0.153105035 0.029000619 127.855209351
0.012336296 0.109406725 -0.993920505 -38.283061981 -0.156583205 0.981944501 0.106144980 -14.657224655 0.987587750 0.154321790 0.029244814 127.903411865
0.012734324 0.108567335 -0.994007468 -39.179454803 -0.156201437 0.982099891 0.105265647 -14.650112152 0.987643123 0.153924927 0.029464753 127.948707581
0.012776155 0.112754762 -0.993540764 -40.084728241 -0.158653349 0.981263459 0.109321296 -14.643733025 0.987251639 0.156231850 0.030425692 127.989189148
0.013255256 0.119166516 -0.992785752 -41.009048462 -0.159883901 0.980350852 0.115539208 -14.632326126 0.987046957 0.157198921 0.032047603 128.026641846
0.013465305 0.117933057 -0.992930353 -41.903266907 -0.157706469 0.980841875 0.114358626 -14.631479263 0.987394273 0.155051649 0.031806145 128.074340820
0.014308908 0.107523575 -0.994099498 -42.793087006 -0.156993255 0.982111931 0.103967242 -14.635379791 0.987496018 0.154579252 0.030933429 128.121871948
0.014576606 0.097095110 -0.995168328 -43.717575073 -0.158533841 0.982909143 0.093576908 -14.640472412 0.987245917 0.156403825 0.029720338 128.163497925
0.013487663 0.093970284 -0.995483637 -44.618648529 -0.155314177 0.983687758 0.090752468 -14.646583557 0.987773001 0.153388664 0.027862567 128.212936401
0.013646047 0.104067832 -0.994476497 -45.541770935 -0.148101896 0.983809471 0.100919336 -14.648205757 0.988877952 0.145906702 0.028837753 128.263931274
0.013628545 0.117184170 -0.993016601 -46.475227356 -0.143070728 0.983119011 0.114052571 -14.643711090 0.989618599 0.140517265 0.030164106 128.323944092
0.013758359 0.126058519 -0.991927326 -47.396217346 -0.143330157 0.982025325 0.122812070 -14.632808685 0.989579320 0.140483409 0.031579044 128.373443604
0.013677102 0.120262034 -0.992648005 -48.313152313 -0.143579587 0.982689083 0.117077194 -14.627517700 0.989544272 0.140922710 0.030707512 128.416397095
0.013685970 0.107002504 -0.994164526 -49.234806061 -0.143389523 0.984191418 0.103955150 -14.624832153 0.989571631 0.141130075 0.028812654 128.461807251
0.014267445 0.098183259 -0.995066047 -50.149345398 -0.143873423 0.985013187 0.095128469 -14.623235703 0.989493310 0.141806304 0.028179580 128.508224487
0.014784360 0.097967386 -0.995079815 -51.078147888 -0.143031582 0.985161066 0.094865799 -14.627479553 0.989607692 0.140925318 0.028577410 128.555633545
0.014214137 0.099753037 -0.994910717 -52.022487640 -0.146075919 0.984543025 0.096626580 -14.645046234 0.989171267 0.143959045 0.028565947 128.601852417
0.014931173 0.099144898 -0.994960964 -52.950721741 -0.150723308 0.983924806 0.095783301 -14.644726753 0.988463283 0.148533642 0.029634597 128.637481689
0.015559774 0.098659299 -0.994999588 -53.888339996 -0.152416676 0.983724535 0.095157832 -14.645725250 0.988193870 0.150173888 0.030343851 128.680480957
0.016044185 0.106277563 -0.994206965 -54.853645325 -0.161507234 0.981552958 0.102318548 -14.647101402 0.986741066 0.158929989 0.032912817 128.724533081
0.017428666 0.115900837 -0.993107855 -55.793140411 -0.166791916 0.979678035 0.111406371 -14.639766693 0.985838056 0.163700715 0.036405809 128.767181396
0.018682022 0.124179080 -0.992083848 -56.749671936 -0.167378098 0.978642583 0.119344734 -14.631345749 0.985715866 0.163823530 0.039067883 128.813247681
0.019731604 0.124777503 -0.991988480 -57.708805084 -0.169189483 0.978289008 0.119688965 -14.620239258 0.985386014 0.165472373 0.040414259 128.864044189
0.021390460 0.115229025 -0.993108630 -58.646892548 -0.170876339 0.979140997 0.109927878 -14.617815018 0.985060275 0.167347357 0.040634196 128.912277222
0.022623256 0.110218480 -0.993649960 -59.584285736 -0.169313297 0.979969561 0.104846120 -14.610449791 0.985302627 0.165866166 0.040831555 128.970993042
0.024344590 0.108753256 -0.993770719 -60.553447723 -0.167637706 0.980433524 0.103187062 -14.610294342 0.985547960 0.164081410 0.042099413 129.032089233
0.027876262 0.114379831 -0.993045926 -61.516201019 -0.169446394 0.979595780 0.108074032 -14.602895737 0.985145092 0.165255323 0.046688713 129.094284058
0.031271894 0.116967455 -0.992643297 -62.485404968 -0.172057688 0.978933692 0.109931536 -14.608742714 0.984590411 0.167354137 0.050738260 129.154129028
0.034961239 0.112067297 -0.993085384 -63.444744110 -0.171071500 0.979697526 0.104533978 -14.608169556 0.984638214 0.166233972 0.053422950 129.220581055
0.038308717 0.105978198 -0.993630230 -64.397735596 -0.171025231 0.980383575 0.097971573 -14.608230591 0.984521687 0.166182652 0.055682186 129.288635254
0.042300168 0.105661094 -0.993502140 -65.355918884 -0.168854564 0.980843902 0.097125575 -14.604844093 0.984732926 0.163648948 0.059331220 129.358154297
0.044081833 0.110382229 -0.992911160 -66.304786682 -0.166086361 0.980856180 0.101668410 -14.622107506 0.985125422 0.160427272 0.061570920 129.453796387
0.047581118 0.116867959 -0.992007077 -67.262596130 -0.165550306 0.980319381 0.107550487 -14.618851662 0.985052884 0.159109712 0.065992229 129.535430908
0.050159153 0.120460629 -0.991450071 -68.228805542 -0.163402289 0.980313241 0.110840693 -14.616971016 0.985283613 0.156445548 0.068855219 129.623489380
0.052071609 0.122310556 -0.991124928 -69.206886292 -0.162997141 0.980203211 0.112399213 -14.617594719 0.985251486 0.155697748 0.070977025 129.708969116
0.054994989 0.119811170 -0.991272330 -70.145103455 -0.161975741 0.980695486 0.109546475 -14.614742279 0.985261083 0.154537573 0.073339827 129.778366089
0.055557948 0.118336499 -0.991418004 -71.089126587 -0.159901306 0.981190145 0.108154975 -14.616070747 0.985568345 0.152520165 0.073435061 129.871032715
0.056236446 0.114909053 -0.991782904 -72.034828186 -0.156828508 0.982040465 0.104887709 -14.623267174 0.986023486 0.149641305 0.073247470 129.963638306
0.055999614 0.114382483 -0.991857290 -73.031852722 -0.155362189 0.982313693 0.104510278 -14.611174583 0.986268997 0.148244619 0.072779901 130.050735474
0.055763766 0.119210951 -0.991301775 -73.987098694 -0.152111545 0.982271314 0.109568238 -14.611767769 0.986788929 0.144678533 0.072908513 130.139984131
0.055050399 0.120702364 -0.991161227 -74.947250366 -0.145936042 0.982979178 0.111600496 -14.612711906 0.987761199 0.138502479 0.071728215 130.245559692
0.054691602 0.116239019 -0.991714358 -75.904907227 -0.143341169 0.983827472 0.107409552 -14.598313332 0.988161027 0.136279106 0.070468925 130.325851440
0.052890334 0.112429887 -0.992251039 -76.868255615 -0.145480439 0.983908296 0.103729986 -14.599040031 0.987946391 0.138866797 0.068395585 130.407531738
0.051746082 0.109887592 -0.992596149 -77.815460205 -0.142057046 0.984630466 0.101600014 -14.601862907 0.988505006 0.135747850 0.066561081 130.493209839
0.050303701 0.110251717 -0.992629945 -78.781341553 -0.142198041 0.984553397 0.102148466 -14.598636627 0.988559186 0.136011556 0.065204248 130.568603516
0.049745038 0.111521482 -0.992516160 -79.739418030 -0.143679902 0.984208941 0.103386812 -14.598125458 0.988373160 0.137461647 0.064982899 130.642776489
0.048409820 0.112090111 -0.992518127 -80.692863464 -0.145287767 0.983904958 0.104031011 -14.600366592 0.988204420 0.139164597 0.063915975 130.719894409
0.047272902 0.112743080 -0.992498994 -81.642608643 -0.144941807 0.983868122 0.104859047 -14.599397659 0.988310218 0.138897583 0.062851474 130.790023804
0.044967730 0.113222383 -0.992551506 -82.608764648 -0.145155683 0.983752728 0.105642393 -14.600665092 0.988386393 0.139324009 0.060672000 130.866699219
0.043493759 0.115185305 -0.992391348 -83.562927246 -0.145365238 0.983489811 0.107781164 -14.587903023 0.988421619 0.139571398 0.059519600 130.940902710
0.041892000 0.118878916 -0.992024601 -84.516311646 -0.146636277 0.982876062 0.111590333 -14.578444481 0.988303065 0.140792042 0.058606610 131.005126953
0.039855689 0.123600125 -0.991531372 -85.464782715 -0.147670820 0.982151866 0.116495132 -14.565729141 0.988233209 0.141777277 0.057396479 131.074020386
0.037639409 0.123761579 -0.991597891 -86.420265198 -0.147764727 0.982081771 0.116964988 -14.561873436 0.988306046 0.142120674 0.055252571 131.138198853
0.036709808 0.118737362 -0.992246866 -87.364936829 -0.147907674 0.982625902 0.112113990 -14.556055069 0.988319635 0.142645210 0.053634174 131.202499390
0.034190472 0.113775067 -0.992918015 -88.312339783 -0.151940361 0.982542157 0.107354186 -14.542345047 0.987798274 0.147193834 0.050880592 131.266479492
0.032913286 0.111643568 -0.993203044 -89.255279541 -0.149807557 0.983066142 0.105539680 -14.538199425 0.988167226 0.145315662 0.049080979 131.335983276
0.032623909 0.112806559 -0.993081272 -90.221450806 -0.144917950 0.983643889 0.106973834 -14.536949158 0.988905668 0.140425384 0.048437998 131.392654419
0.031915944 0.114234440 -0.992941082 -91.170059204 -0.142039299 0.983882666 0.108626761 -14.534408569 0.989346385 0.137569711 0.047627322 131.459045410
0.030784301 0.113936037 -0.993011057 -92.122367859 -0.136839360 0.984607935 0.108729735 -14.533299446 0.990114808 0.132535815 0.045901403 131.530090332
0.029560156 0.111076549 -0.993372083 -93.064315796 -0.132778227 0.985435665 0.106237978 -14.534693718 0.990704894 0.128757745 0.043878175 131.598022461
0.028816113 0.108136147 -0.993718326 -94.009765625 -0.127679616 0.986386120 0.103635751 -14.538146973 0.991396725 0.123891190 0.042230591 131.664245605
0.026948294 0.110418148 -0.993519843 -94.988220215 -0.125972837 0.986332536 0.106202453 -14.537038803 0.991667628 0.122294538 0.040489659 131.726028442
0.025574720 0.112744458 -0.993294895 -95.936622620 -0.125357598 0.986138284 0.108704507 -14.533548355 0.991782010 0.121736974 0.039353587 131.787429810
0.024191728 0.110645793 -0.993565500 -96.896156311 -0.121143438 0.986856639 0.106949031 -14.529519081 0.992340267 0.117776655 0.037277784 131.841629028
0.022380702 0.107500665 -0.993953049 -97.842079163 -0.118027471 0.987533450 0.104148753 -14.525177956 0.992758155 0.114982843 0.034789726 131.894622803
0.018203616 0.105046406 -0.994300723 -98.806861877 -0.116696104 0.987891912 0.102232873 -14.524162292 0.993000925 0.114169978 0.030241709 131.958831787
0.015580605 0.104267471 -0.994427323 -99.762451172 -0.111188129 0.988560319 0.101910219 -14.533079147 0.993677199 0.108980693 0.026995676 132.010879517
0.013365019 0.104504883 -0.994434595 -100.720428467 -0.104455404 0.989227951 0.102553844 -14.527876854 0.994439721 0.102503419 0.024137147 132.056762695
0.010895990 0.112021290 -0.993646085 -101.685241699 -0.094315834 0.989390075 0.110507257 -14.522746086 0.995482683 0.092512473 0.021345766 132.122406006
0.008553634 0.119986035 -0.992738724 -102.642288208 -0.086270481 0.989162028 0.118810415 -14.515998840 0.996235073 0.084627777 0.018812183 132.179122925
0.005590270 0.119623117 -0.992803752 -103.596809387 -0.082026333 0.989528179 0.118766606 -14.508554459 0.996614456 0.080772109 0.015343977 132.228897095
0.002694583 0.109811567 -0.993948758 -104.548500061 -0.082887821 0.990556598 0.109212086 -14.509275436 0.996555269 0.082091965 0.011771178 132.266769409
0.000592434 0.100316793 -0.994955420 -105.495712280 -0.084620453 0.991392016 0.099907130 -14.504437447 0.996413112 0.084134378 0.009076187 132.307540894
0.000106015 0.101667836 -0.994818389 -106.453521729 -0.091756448 0.990622759 0.101229288 -14.503426552 0.995781541 0.091270268 0.009433699 132.331542969
-0.000801204 0.111139134 -0.993804455 -107.417167664 -0.095204830 0.989282131 0.110710151 -14.491737366 0.995457411 0.094703667 0.009788363 132.370803833
-0.002216385 0.122681364 -0.992443562 -108.380645752 -0.099294201 0.987514496 0.122293808 -14.479229927 0.995055735 0.098814949 0.009992835 132.401535034
-0.003762781 0.124466397 -0.992216706 -109.321655273 -0.106394991 0.986541867 0.124158032 -14.467947006 0.994316816 0.106034055 0.009530460 132.436859131
-0.003626442 0.120995790 -0.992646396 -110.309585571 -0.113372520 0.986203015 0.120624579 -14.443244934 0.993545949 0.112976260 0.010141188 132.457824707
-0.003864893 0.117202982 -0.993100405 -111.264167786 -0.121568479 0.985686839 0.116801165 -14.429810524 0.992575526 0.121181138 0.010438616 132.484298706
-0.001241614 0.119205393 -0.992868781 -112.229324341 -0.126192167 0.984913766 0.118408099 -14.409070969 0.992005050 0.125439286 0.013819907 132.507247925
-0.000055632 0.120343655 -0.992732406 -113.213462830 -0.134172857 0.983755171 0.119262911 -14.389084816 0.990957856 0.133204386 0.016092127 132.536804199
0.000396850 0.123136528 -0.992389679 -114.176376343 -0.143444806 0.982133687 0.121806599 -14.371088982 0.989658237 0.142304793 0.018053053 132.560913086
0.000692702 0.125317127 -0.992116570 -115.151863098 -0.148985118 0.981057048 0.123816162 -14.348107338 0.988839149 0.147724822 0.019349970 132.589920044
0.000704896 0.125062823 -0.992148578 -116.129310608 -0.152526721 0.980553448 0.123492867 -14.339628220 0.988299012 0.151242107 0.019766610 132.638320923
0.002234925 0.115547188 -0.993299544 -117.084213257 -0.151521653 0.981872201 0.113876991 -14.339686394 0.988451421 0.150251880 0.019702315 132.674560547
0.003467705 0.103725202 -0.994599938 -118.032859802 -0.154481322 0.982721925 0.101947829 -14.327759743 0.987989604 0.153293595 0.019431394 132.716094971
