1.000000000 0.000000000 0.000000000 0.000000000 0.000000000 1.000000000 0.000000000 0.000000000 0.000000000 0.000000000 1.000000000 0.000000000
0.999997795 -0.001573295 -0.001392539 0.049893681 0.001570286 0.999996424 -0.002159759 -0.132255599 0.001395932 0.002157568 0.999996722 1.297949314
0.999997735 0.000059428 -0.002106988 0.104449801 -0.000072626 0.999980330 -0.006264385 -0.268599570 0.002106574 0.006264524 0.999978185 2.604075432
0.999995828 0.002547620 -0.001359831 0.149609640 -0.002558151 0.999966323 -0.007800340 -0.407440811 0.001339913 0.007803787 0.999968648 3.906821966
0.999983549 0.005736693 0.000190403 0.195639908 -0.005735329 0.999962330 -0.006521286 -0.546118855 -0.000227806 0.006520086 0.999978721 5.221335411
0.999974787 0.006692258 0.002365480 0.243999556 -0.006684537 0.999972284 -0.003257357 -0.689939976 -0.002387214 0.003241462 0.999991894 6.538302422
0.999959946 0.006923943 0.005658397 0.301019371 -0.006912428 0.999974012 -0.002051885 -0.826966703 -0.005672457 0.002012689 0.999981880 7.841694355
0.999943554 0.005357677 0.009174969 0.355857909 -0.005341267 0.999984086 -0.001812072 -0.961003661 -0.009184530 0.001762964 0.999956250 9.145650864
0.999913454 0.004008757 0.012527005 0.433691144 -0.003988761 0.999990761 -0.001620847 -1.098123670 -0.012533385 0.001570739 0.999920249 10.445712090
0.999871254 0.002795137 0.015796227 0.502631903 -0.002755846 0.999993086 -0.002508537 -1.234369993 -0.015803128 0.002464682 0.999872088 11.753893852
0.999815762 0.001665008 0.019117318 0.579764128 -0.001601127 0.999993145 -0.003356331 -1.369250655 -0.019122772 0.003325103 0.999811590 13.048123360
0.999745905 0.001899973 0.022460930 0.647471786 -0.001827023 0.999992967 -0.003267987 -1.520286918 -0.022466980 0.003226121 0.999742389 14.374286652
0.999663234 0.001783123 0.025888611 0.731364369 -0.001673179 0.999989390 -0.004267872 -1.658593178 -0.025895949 0.004223119 0.999655664 15.671799660
0.999575496 0.002685619 0.029008759 0.814837694 -0.002562803 0.999987602 -0.004270087 -1.797682047 -0.029019870 0.004193930 0.999570012 16.976785660
0.999482155 0.002257844 0.032098100 0.906629682 -0.002139074 0.999990761 -0.003734075 -1.937657833 -0.032106236 0.003663482 0.999477744 18.262098312
0.999409080 0.000738054 0.034364264 1.001605392 -0.000617756 0.999993622 -0.003511162 -2.079938173 -0.034366641 0.003487858 0.999403119 19.566911697
0.999351799 -0.001842874 0.035951816 1.100106478 0.002019748 0.999985993 -0.004884055 -2.219616413 -0.035942316 0.004953503 0.999341488 20.842342377
0.999313533 -0.001601157 0.037012573 1.199165940 0.001846650 0.999976456 -0.006599450 -2.361234426 -0.037001144 0.006663269 0.999292970 22.146862030
0.999269307 -0.001556590 0.038188327 1.285395384 0.001912755 0.999954998 -0.009291776 -2.502183437 -0.038172148 0.009358033 0.999227345 23.429077148
0.999229431 -0.001075226 0.039233167 1.385825396 0.001497839 0.999941170 -0.010744017 -2.646928787 -0.039219305 0.010794503 0.999172449 24.720645905
0.999185264 -0.000413984 0.040353619 1.485442638 0.000875146 0.999934554 -0.011411031 -2.793071270 -0.040346250 0.011437051 0.999120355 25.991243362
0.999163151 -0.002149834 0.040843681 1.584595680 0.002572019 0.999943793 -0.010286881 -2.940190554 -0.040819272 0.010383324 0.999112606 27.275581360
0.999159873 -0.005180342 0.040651847 1.688753009 0.005555964 0.999942899 -0.009132427 -3.087044716 -0.040602215 0.009350616 0.999131620 28.554039001
0.999188602 -0.006634061 0.039725084 1.788693428 0.007018326 0.999929845 -0.009541431 -3.233631134 -0.039659001 0.009812492 0.999165118 29.842048645
0.999208272 -0.008318518 0.038905300 1.894595861 0.008792779 0.999888897 -0.012034959 -3.380245447 -0.038800869 0.012367516 0.999170482 31.110189438
0.999234080 -0.008304316 0.038240664 2.000758886 0.008778307 0.999886513 -0.012243814 -3.527196884 -0.038134646 0.012570122 0.999193549 32.399223328
0.999255061 -0.009044725 0.037518971 2.100189924 0.009521097 0.999876022 -0.012537648 -3.670499802 -0.037400924 0.012885528 0.999217272 33.665317535
0.999263227 -0.009494699 0.037186887 2.193621874 0.009971214 0.999870300 -0.012649668 -3.816487312 -0.037061960 0.013011149 0.999228239 34.932628632
0.999273181 -0.010043610 0.036770675 2.287382603 0.010534619 0.999857605 -0.013183987 -3.961280346 -0.036633022 0.013561769 0.999236763 36.192497253
0.999315202 -0.010734369 0.035408489 2.400155544 0.011214038 0.999847591 -0.013376054 -4.117441177 -0.035259504 0.013763968 0.999283373 37.483650208
0.999309838 -0.010362875 0.035670105 2.488434792 0.010785645 0.999873579 -0.011680281 -4.263114929 -0.035544552 0.012056945 0.999295294 38.750183105
0.999278188 -0.010402553 0.036534846 2.591488361 0.010792483 0.999886692 -0.010491906 -4.404128075 -0.036421567 0.010878633 0.999277294 40.014339447
0.999203205 -0.012056282 0.038047675 2.705503941 0.012391863 0.999886274 -0.008596574 -4.548961163 -0.037939705 0.009061205 0.999238968 41.262615204
0.999085963 -0.013287995 0.040626574 2.798467636 0.013703576 0.999856412 -0.009968027 -4.693150043 -0.040488280 0.010515648 0.999124646 42.529487610
0.998966157 -0.014562744 0.043064211 2.895764351 0.015147318 0.999797046 -0.013279475 -4.839675903 -0.042862087 0.013918055 0.998984098 43.777507782
0.998863280 -0.015678901 0.045013864 3.001445055 0.016328959 0.999767244 -0.014110147 -4.990320206 -0.044782143 0.014829138 0.998886824 45.042930603
0.998736858 -0.015954347 0.047646157 3.124926567 0.016587177 0.999779046 -0.012916078 -5.123571873 -0.047429565 0.013690079 0.998780847 46.276180267
0.998538733 -0.017089793 0.051266156 3.233962297 0.017602054 0.999799490 -0.009557422 -5.276337624 -0.051092539 0.010445848 0.998639226 47.536491394
0.998255551 -0.020013452 0.055544525 3.340469837 0.020463312 0.999762118 -0.007542176 -5.415581703 -0.055380374 0.008665644 0.998427629 48.753837585
0.998035967 -0.022310980 0.058535282 3.482451439 0.022811383 0.999708533 -0.007894487 -5.556036472 -0.058342092 0.009214252 0.998254120 50.011520386
0.997759938 -0.025659798 0.061778449 3.627525330 0.026437160 0.999580801 -0.011798592 -5.689329147 -0.061449803 0.013405411 0.998020113 51.244571686
0.997479379 -0.027148971 0.065558217 3.765160561 0.027974041 0.999540091 -0.011700178 -5.826802731 -0.065210424 0.013504613 0.997780144 52.474308014
0.997129261 -0.029622383 0.069684610 3.894538641 0.030340513 0.999496579 -0.009269455 -5.965981960 -0.069374941 0.011357110 0.997525990 53.694232941
0.996846855 -0.032368086 0.072447799 4.049588203 0.032883607 0.999441564 -0.005934127 -6.099689007 -0.072215289 0.008297762 0.997354507 54.903167725
0.996621072 -0.034798361 0.074401356 4.203019619 0.035191368 0.999372721 -0.003977541 -6.232724190 -0.074216276 0.006582387 0.997220397 56.113971710
0.996416092 -0.037998330 0.075572170 4.352951050 0.038194466 0.999269664 -0.001151213 -6.354630947 -0.075473227 0.004033525 0.997139692 57.333137512
0.996248066 -0.041005239 0.076213121 4.500730991 0.041082419 0.999155641 0.000555529 -6.485562801 -0.076171547 0.002577574 0.997091413 58.536685944
0.996212065 -0.042903207 0.075637929 4.652171612 0.043245599 0.999060273 -0.002893892 -6.606903076 -0.075442702 0.006153936 0.997131169 59.749908447
0.996208489 -0.044102985 0.074990898 4.798997879 0.044764206 0.998971939 -0.007158730 -6.735495090 -0.074598067 0.010488495 0.997158527 60.938880920
0.996227860 -0.045270875 0.074029975 4.929067135 0.046229511 0.998867095 -0.011286547 -6.863908768 -0.073435143 0.014666339 0.997192144 62.141803741
0.996290565 -0.046756599 0.072241314 5.079529285 0.047869582 0.998758912 -0.013751798 -6.995289803 -0.071508653 0.017158948 0.997292340 63.335670471
0.996443272 -0.047007903 0.069935508 5.211522102 0.048066836 0.998752356 -0.013535546 -7.132251740 -0.069211982 0.016848980 0.997459710 64.505561829
0.996629000 -0.046530552 0.067568943 5.341876507 0.047539305 0.998779535 -0.013397986 -7.268352509 -0.066863060 0.016565003 0.997624636 65.727409363
0.996829629 -0.045686007 0.065142073 5.456894875 0.046515431 0.998854041 -0.011272544 -7.401808262 -0.064552419 0.014266917 0.997812331 66.909103394
0.997267783 -0.041787874 0.060915262 5.580432415 0.042333119 0.999073923 -0.007687401 -7.535496235 -0.060537610 0.010245130 0.998113275 68.096420288
0.997547626 -0.039845239 0.057542369 5.699015141 0.040223788 0.999175906 -0.005435039 -7.661991596 -0.057278380 0.007736282 0.998328209 69.273323059
0.997742355 -0.038834386 0.054792002 5.802807808 0.039347548 0.999190927 -0.008317791 -7.799209118 -0.054424655 0.010454942 0.998463094 70.444503784
0.997924030 -0.039048169 0.051214419 5.915020943 0.039888740 0.999083996 -0.015494430 -7.929419518 -0.050562479 0.017505143 0.998567462 71.620010376
0.997933090 -0.042814039 0.047921788 6.021708012 0.043750670 0.998868048 -0.018669412 -8.064004898 -0.047068227 0.020727433 0.998676598 72.790596008
0.997964740 -0.046630897 0.043495927 6.131768227 0.047273088 0.998785913 -0.013854191 -8.199686050 -0.042797081 0.015882185 0.998957515 73.962028503
0.997967243 -0.050316855 0.039108649 6.237661362 0.050701104 0.998674214 -0.008895594 -8.326189995 -0.038609207 0.010860363 0.999195278 75.117622375
0.998002768 -0.052579921 0.035014864 6.327101707 0.052812528 0.998587906 -0.005751002 -8.459344864 -0.034663025 0.007588738 0.999370337 76.308837891
0.998179734 -0.051812813 0.030864805 6.417542458 0.051939942 0.998644650 -0.003330783 -8.584048271 -0.030650396 0.004927836 0.999517977 77.468284607
0.998288155 -0.051781140 0.027193451 6.498426437 0.051873457 0.998650014 -0.002700099 -8.709693909 -0.027016932 0.004106096 0.999626458 78.612319946
0.998463035 -0.049740918 0.024437713 6.566154480 0.049877152 0.998742819 -0.004996588 -8.832271576 -0.024158454 0.006207792 0.999688864 79.788818359
0.998646021 -0.047519535 0.021166250 6.642114162 0.047744427 0.998807013 -0.010249365 -8.958131790 -0.020653954 0.011246058 0.999723375 80.933074951
0.998550951 -0.050949007 0.017330950 6.726585388 0.051210623 0.998575151 -0.015001703 -9.096767426 -0.016541936 0.015867492 0.999737203 82.092323303
0.998414993 -0.054343168 0.014642520 6.789615154 0.054572482 0.998385608 -0.015744410 -9.228467941 -0.013763281 0.016518531 0.999768853 83.225852966
0.998463213 -0.054275200 0.011199032 6.847810268 0.054409634 0.998445749 -0.012070422 -9.365413666 -0.010526501 0.012661207 0.999864399 84.377700806
0.998461246 -0.054750927 0.008796787 6.907027245 0.054833502 0.998450935 -0.009437708 -9.492775917 -0.008266439 0.009905545 0.999916792 85.510307312
0.998595834 -0.052368414 0.007998268 6.962566853 0.052457925 0.998557746 -0.011424729 -9.619523048 -0.007388439 0.011828259 0.999902725 86.654548645
0.998795569 -0.048545852 0.007114948 7.014436722 0.048644666 0.998711824 -0.014444211 -9.750470161 -0.006404576 0.014772922 0.999870360 87.783103943
0.998859465 -0.047396861 0.005780097 7.069426060 0.047488321 0.998729348 -0.016872471 -9.881764412 -0.004973051 0.017127715 0.999840915 88.899742126
0.998817682 -0.048318785 0.005347974 7.114867687 0.048405159 0.998676121 -0.017409647 -10.015209198 -0.004499681 0.017647933 0.999834120 90.027252197
0.998784482 -0.049110774 0.004208967 7.168743134 0.049169682 0.998673618 -0.015272969 -10.147010803 -0.003453317 0.015461358 0.999874532 91.131248474
0.998695493 -0.050974086 0.002981834 7.228855133 0.051007211 0.998621881 -0.012355997 -10.273485184 -0.002347888 0.012491974 0.999919236 92.241569519
0.998707294 -0.050744966 0.002973049 7.281924248 0.050776683 0.998640358 -0.011790032 -10.399847984 -0.002370722 0.011925749 0.999926150 93.379898071
0.998695493 -0.050965548 0.003124448 7.320068359 0.051004399 0.998600781 -0.013965766 -10.533039093 -0.002408303 0.014106911 0.999897599 94.519256592
0.998693824 -0.051030371 0.002588054 7.378191471 0.051068034 0.998541057 -0.017546849 -10.660728455 -0.001688856 0.017656095 0.999842703 95.619270325
0.998646736 -0.051972128 0.001932289 7.436379433 0.051999342 0.998469710 -0.018815897 -10.791685104 -0.000951430 0.018890912 0.999821067 96.722930908
0.998638272 -0.052100308 0.002723209 7.479354382 0.052140087 0.998486757 -0.017480608 -10.925364494 -0.001808344 0.017598791 0.999843419 97.791267395
0.998652041 -0.051809870 0.003146975 7.533061028 0.051843476 0.998586059 -0.011751193 -11.046907425 -0.002533698 0.011898502 0.999925911 98.880981445
0.998745322 -0.049887624 0.004351255 7.586231709 0.049924146 0.998714745 -0.008733305 -11.165861130 -0.003909978 0.008939580 0.999952376 99.956649780
0.998820722 -0.048126228 0.006395252 7.640562057 0.048181817 0.998799384 -0.008842841 -11.278633118 -0.005962001 0.009140548 0.999940395 101.006187439
0.998893082 -0.046332218 0.008119428 7.697788239 0.046415068 0.998868942 -0.010331943 -11.406496048 -0.007631542 0.010697371 0.999913573 102.057075500
0.998860955 -0.046563178 0.010423413 7.756111622 0.046695903 0.998826206 -0.012874296 -11.522903442 -0.009811708 0.013346361 0.999862731 103.073585510
0.998762429 -0.048233464 0.012132218 7.818078041 0.048397757 0.998735011 -0.013634889 -11.638101578 -0.011459213 0.014205185 0.999833405 104.089477539
0.998661458 -0.049745746 0.014159050 7.880317211 0.049926225 0.998672247 -0.012691552 -11.766870499 -0.013508903 0.013381473 0.999819219 105.086479187
0.998639703 -0.049687989 0.015804650 7.944506645 0.049865793 0.998694599 -0.011061553 -11.881536484 -0.015234392 0.011834616 0.999813914 106.044723511
0.998568356 -0.050590072 0.017373707 8.003483772 0.050766163 0.998661995 -0.009847942 -11.988829613 -0.016852256 0.010715837 0.999800682 107.002479553
0.998496175 -0.051357690 0.019174632 8.064764023 0.051562775 0.998615980 -0.010358796 -12.093891144 -0.018616093 0.011331918 0.999762475 107.921005249
0.998481452 -0.050938603 0.020976596 8.125446320 0.051123254 0.998657346 -0.008362273 -12.196114540 -0.020522468 0.009421968 0.999745011 108.823760986
0.998479545 -0.050150935 0.022882251 8.185139656 0.050302416 0.998715460 -0.006092810 -12.294734001 -0.022547303 0.007234579 0.999719620 109.694892883
0.998452842 -0.050190620 0.023934849 8.249769211 0.050276149 0.998730898 -0.002984424 -12.396616936 -0.023754682 0.004183158 0.999709070 110.553764343
0.998408437 -0.050264239 0.025578754 8.309684753 0.050351903 0.998727620 -0.002794457 -12.488710403 -0.025405750 0.004077949 0.999668896 111.380424500
0.998429179 -0.049260326 0.026694642 8.364679337 0.049334511 0.998780012 -0.002126974 -12.578915596 -0.026557297 0.003440599 0.999641359 112.195335388
0.998533845 -0.046761021 0.027270339 8.419113159 0.046828050 0.998901367 -0.001823632 -12.658558846 -0.027155101 0.003097975 0.999626398 112.975723267
0.998667657 -0.044279527 0.026499916 8.467735291 0.044261161 0.999019206 0.001279635 -12.736406326 -0.026530584 -0.000105013 0.999647975 113.735450745
0.998734295 -0.044500738 0.023441406 8.514297485 0.044458169 0.999008536 0.002334272 -12.821688652 -0.023522042 -0.001289156 0.999722481 114.485389709
0.998870075 -0.044444725 0.016828738 8.553469658 0.044410571 0.999010503 0.002398447 -12.894545555 -0.016918685 -0.001648363 0.999855578 115.183357239
0.999066949 -0.042685904 0.006561844 8.580636978 0.042679239 0.999088168 0.001152310 -12.967746735 -0.006605050 -0.000871180 0.999977827 115.856773376
0.999167442 -0.040139757 -0.007295812 8.582952499 0.040130429 0.999193490 -0.001420520 -13.037873268 0.007346945 0.001126553 0.999972403 116.492645264
0.998910785 -0.038520362 -0.026333565 8.585357666 0.038425867 0.999253213 -0.004084941 -13.106505394 0.026471248 0.003068603 0.999644816 117.118545532
0.998132288 -0.036973007 -0.048631646 8.552027702 0.036707323 0.999305844 -0.006345333 -13.175745010 0.048832498 0.004548344 0.998796582 117.706108093
0.996458232 -0.035370849 -0.076287843 8.511461258 0.034832630 0.999358058 -0.008374648 -13.240944862 0.076535083 0.005687681 0.997050703 118.276634216
0.993583739 -0.033176053 -0.108123988 8.437958717 0.032251682 0.999426842 -0.010287229 -13.309226036 0.108403303 0.006734042 0.994084179 118.817817688
0.989211380 -0.028675977 -0.143661723 8.328523636 0.027295200 0.999560416 -0.011573396 -13.375475883 0.143930435 0.007527259 0.989559174 119.367614746
0.982967138 -0.022736579 -0.182370335 8.228384018 0.021073049 0.999716938 -0.011054588 -13.431511879 0.182570055 0.007023197 0.983167768 119.876167297
0.974476337 -0.017289264 -0.223823786 8.086826324 0.015637984 0.999835849 -0.009148180 -13.488559723 0.223945230 0.005414531 0.974586666 120.378555298
0.963173330 -0.012665783 -0.268583030 7.916145325 0.011029378 0.999910235 -0.007600804 -13.546093941 0.268655211 0.004358585 0.963226557 120.874877930
0.948949635 -0.006339810 -0.315364063 7.721515656 0.003966434 0.999958813 -0.008167087 -13.600876808 0.315402776 0.006499283 0.948935628 121.353767395
0.931578815 0.001233958 -0.363537252 7.494144440 -0.004789620 0.999948978 -0.008879460 -13.656888962 0.363507807 0.010013121 0.931537330 121.822654724
0.910518825 0.005939367 -0.413424939 7.240200043 -0.010880142 0.999894679 -0.009597463 -13.712138176 0.413324475 0.013236793 0.910487592 122.253540039
0.885471582 0.010193621 -0.464581937 6.973381042 -0.015853200 0.999839962 -0.008277474 -13.765442848 0.464423239 0.014694577 0.885491490 122.667350769
0.856623709 0.013370879 -0.515768349 6.684459686 -0.020627612 0.999752343 -0.008341985 -13.805855751 0.515529096 0.017785013 0.856687427 123.066360474
0.825085461 0.023076471 -0.564536512 6.361141205 -0.031167366 0.999503136 -0.004695413 -13.859107971 0.564147770 0.021469232 0.825394690 123.435928345
0.791027606 0.035614371 -0.610742927 6.008941650 -0.043718636 0.999042511 0.001633458 -13.898233414 0.610216379 0.025408741 0.791827261 123.798431396
0.755057693 0.044361360 -0.654155970 5.654193878 -0.054875944 0.998483717 0.004371420 -13.940104485 0.653357983 0.032596748 0.756347060 124.114028931
0.715396285 0.048143663 -0.697058320 5.282764435 -0.062119190 0.998055339 0.005179193 -13.983890533 0.695952058 0.039595522 0.716995716 124.412879944
0.672697186 0.049903050 -0.738233089 4.908554077 -0.064728752 0.997867048 0.008471242 -14.032875061 0.737081170 0.042086322 0.674492538 124.697982788
0.629162610 0.053733591 -0.775414109 4.493854523 -0.068020895 0.997586489 0.013937972 -14.071599007 0.774291635 0.043975107 0.631299198 124.964927673
0.584217727 0.062378611 -0.809196293 4.068820953 -0.079241671 0.996662378 0.019619497 -14.102949142 0.807719290 0.052660011 0.587210834 125.194633484
0.538615108 0.071193039 -0.839538693 3.623886108 -0.090876400 0.995519698 0.026117519 -14.125938416 0.837636769 0.062226973 0.542671740 125.407119751
0.491914839 0.076390408 -0.867285550 3.168273926 -0.096489906 0.994790256 0.032893006 -14.153426170 0.865280032 0.067503743 0.496722996 125.608322144
0.444533765 0.077643462 -0.892390788 2.705234528 -0.095780045 0.994644940 0.038828529 -14.178889275 0.890626788 0.068212621 0.449589938 125.789505005
0.397411734 0.078896500 -0.914242506 2.227661133 -0.092922777 0.994635820 0.045441642 -14.196330070 0.912923455 0.066894919 0.402611285 125.964492798
0.351511389 0.082378730 -0.932552278 1.729938507 -0.094973959 0.994119704 0.052018423 -14.224586487 0.931353688 0.070283100 0.357268274 126.113357544
0.308038712 0.085635632 -0.947511852 1.230587006 -0.100547425 0.993293345 0.057085086 -14.243552208 0.946045578 0.077685468 0.314583182 126.228294373
0.266428679 0.087153010 -0.959906340 0.708600998 -0.105235822 0.992580175 0.060910650 -14.260058403 0.958092511 0.084788181 0.273623407 126.331428528
0.226968229 0.083834574 -0.970287204 0.181591034 -0.105582029 0.992534220 0.061059155 -14.277056694 0.968162179 0.088586412 0.234125122 126.434944153
0.191925526 0.078250274 -0.978284895 -0.356679916 -0.100629739 0.993131459 0.059695683 -14.294591904 0.976236701 0.086987443 0.198481575 126.527122498
0.161364362 0.073000550 -0.984191239 -0.905265808 -0.097923040 0.993523538 0.057637654 -14.315193176 0.982024729 0.087074339 0.167467743 126.608261108
0.135381967 0.071429551 -0.988215387 -1.471889496 -0.098918937 0.993389070 0.058251970 -14.333115578 0.985843182 0.089866944 0.141552687 126.672065735
0.113361105 0.070808083 -0.991027474 -2.065737724 -0.099420361 0.993259430 0.059595119 -14.346460342 0.988567054 0.091772527 0.119636744 126.729263306
0.094340533 0.072265588 -0.992913544 -2.658584595 -0.101681389 0.992845535 0.062599480 -14.363949776 0.990333676 0.095055178 0.101013616 126.788619995
0.078330979 0.070544444 -0.994428456 -3.271341324 -0.102581903 0.992768824 0.062346354 -14.389094353 0.991635561 0.097126715 0.085001141 126.843955994
0.064043254 0.069456473 -0.995527148 -3.890305042 -0.101429805 0.992862165 0.062745452 -14.418365479 0.992779136 0.096957721 0.070631072 126.898185730
0.051991288 0.067091532 -0.996391356 -4.529577255 -0.097138971 0.993349254 0.061818026 -14.440675735 0.993911982 0.093574420 0.058162704 126.940170288
0.039942477 0.064831093 -0.997096479 -5.178741932 -0.094891667 0.993628979 0.060804378 -14.458838463 0.994685948 0.092187487 0.045839936 126.976905823
0.029593529 0.063349999 -0.997552514 -5.851917267 -0.094265178 0.993718684 0.060310043 -14.476450920 0.995107174 0.092249677 0.035379350 127.011215210
0.019941904 0.064963773 -0.997688353 -6.523065567 -0.097671881 0.993240297 0.062721856 -14.499058723 0.995018780 0.096195318 0.026152238 127.032897949
0.011444826 0.064979047 -0.997820973 -7.201331139 -0.100409001 0.992917359 0.063508034 -14.527685165 0.994880438 0.099463381 0.017888250 127.050178528
0.004890532 0.064172946 -0.997926831 -7.888692379 -0.102768265 0.992687225 0.063332357 -14.546686172 0.994693220 0.102245480 0.011449710 127.068534851
-0.000014958 0.064724267 -0.997903228 -8.587410927 -0.103584617 0.992534995 0.064377636 -14.561759949 0.994620562 0.103368387 0.006689592 127.082702637
-0.003709713 0.067377940 -0.997720599 -9.307044029 -0.105785713 0.992102563 0.067391887 -14.583282471 0.994382024 0.105794586 0.003447207 127.108779907
-0.004438207 0.071359225 -0.997440755 -10.044239998 -0.108101480 0.991571009 0.071420290 -14.607827187 0.994129956 0.108141802 0.003313239 127.109619141
-0.005740205 0.074256383 -0.997222662 -10.749299049 -0.110621318 0.991071284 0.074435093 -14.619855881 0.993845999 0.110741362 0.002525387 127.127128601
-0.006329292 0.079855733 -0.996786356 -11.487726212 -0.115431003 0.990084469 0.080051765 -14.628106117 0.993295372 0.115566693 0.002951293 127.136077881
-0.007595311 0.083573610 -0.996472657 -12.229515076 -0.118483759 0.989406407 0.083884075 -14.640837669 0.992926955 0.118702941 0.002387267 127.146530151
-0.008813662 0.084088638 -0.996419311 -12.981157303 -0.118614353 0.989334881 0.084539987 -14.658829689 0.992901266 0.118934713 0.001254458 127.163871765
-0.010263424 0.081166618 -0.996647716 -13.725873947 -0.116294205 0.989839792 0.081809767 -14.678473473 0.993161798 0.116743997 -0.000719939 127.185127258
-0.011788188 0.077403307 -0.996930182 -14.486776352 -0.119772837 0.989712059 0.078259125 -14.681670189 0.992731333 0.120327696 -0.002396100 127.197708130
-0.012938742 0.078846157 -0.996802807 -15.254049301 -0.124969915 0.988942385 0.079846539 -14.691782951 0.992076099 0.125603467 -0.002942273 127.199157715
-0.014202438 0.082355775 -0.996501923 -16.035440445 -0.121921651 0.989023268 0.083475381 -14.711300850 0.992438138 0.122680694 -0.004005590 127.212989807
-0.016331866 0.082446679 -0.996461570 -16.809089661 -0.120812811 0.989130139 0.083820187 -14.728027344 0.992540896 0.121754274 -0.006193727 127.230247498
-0.016955392 0.081883326 -0.996497631 -17.603410721 -0.124472849 0.988714993 0.083361730 -14.738660812 0.992078185 0.125450328 -0.006571797 127.225166321
-0.018547826 0.081389993 -0.996509731 -18.398437500 -0.128433973 0.988229930 0.083104260 -14.751534462 0.991544604 0.129527107 -0.007876275 127.245445251
-0.019760851 0.085762389 -0.996119678 -19.195413589 -0.130273789 0.987599373 0.087613188 -14.758092880 0.991281033 0.131499574 -0.008343214 127.254852295
-0.020690143 0.090499952 -0.995681584 -19.998403549 -0.129545093 0.987256467 0.092426136 -14.771737099 0.991357565 0.130897939 -0.008702656 127.272132874
-0.019472511 0.092944749 -0.995480835 -20.822357178 -0.129983321 0.986983955 0.094694033 -14.781122208 0.991324961 0.131239831 -0.007137788 127.281005859
-0.017563157 0.092128865 -0.995592177 -21.640865326 -0.129295945 0.987175584 0.093630932 -14.790850639 0.991450429 0.130370468 -0.005426030 127.292243958
-0.016439995 0.091805205 -0.995641232 -22.471939087 -0.129451916 0.987199366 0.093164332 -14.792694092 0.991449416 0.130419284 -0.004345188 127.305038452
-0.016549347 0.090679497 -0.995742500 -23.302167892 -0.127748445 0.987525344 0.092054360 -14.796194077 0.991668522 0.128728002 -0.004758735 127.332603455
-0.015512848 0.092611551 -0.995581448 -24.139764786 -0.128718898 0.987231135 0.093840450 -14.802944183 0.991559744 0.129605874 -0.003393911 127.350646973
-0.014948527 0.094835006 -0.995380759 -24.978153229 -0.130514070 0.986790001 0.095976561 -14.805814743 0.991333783 0.131345898 -0.002373758 127.366539001
-0.014977672 0.097216755 -0.995150626 -25.839513779 -0.133266494 0.986188591 0.098347008 -14.806132317 0.990967035 0.134093225 -0.001815073 127.382858276
-0.013336250 0.098383933 -0.995059073 -26.702205658 -0.135497823 0.985790670 0.099283539 -14.803782463 0.990687847 0.136152416 0.000184060 127.395591736
-0.011437642 0.101513207 -0.994768500 -27.573257446 -0.142162815 0.984562874 0.102106333 -14.804279327 0.989777267 0.142586946 0.003170327 127.409828186
-0.009404576 0.105295055 -0.994396508 -28.454278946 -0.146944851 0.983499110 0.105530858 -14.798851013 0.989099979 0.147113949 0.006223171 127.427291870
-0.007331141 0.107131876 -0.994217753 -29.329565048 -0.149486929 0.982954860 0.107020535 -14.793580055 0.988736510 0.149407148 0.008808635 127.458465576
-0.003272848 0.107961543 -0.994149685 -30.223159790 -0.148174182 0.983128250 0.107252471 -14.794065475 0.988955855 0.147658318 0.012779485 127.481147766
-0.000770616 0.107924066 -0.994158864 -31.112991333 -0.150847316 0.982770503 0.106804691 -14.788745880 0.988556802 0.150048479 0.015522714 127.513092041
0.001818733 0.111619331 -0.993749380 -32.016654968 -0.151165932 0.982361853 0.110063605 -14.779808044 0.988506734 0.150020853 0.018659692 127.543754578
0.004091010 0.113786794 -0.993496776 -32.931819916 -0.150182411 0.982306719 0.111886762 -14.779064178 0.988649845 0.148747995 0.021107405 127.588760376
0.005750975 0.115000091 -0.993348897 -33.824253082 -0.150787979 0.982106626 0.112825610 -14.775394440 0.988549352 0.149136215 0.022988699 127.632118225
0.008512467 0.113365628 -0.993516862 -34.729347229 -0.152321860 0.982105136 0.110758409 -14.769642830 0.988294244 0.150391519 0.025628204 127.661552429
0.008776865 0.114275247 -0.993410349 -35.638172150 -0.156344369 0.981387675 0.111510918 -14.758883476 0.987663746 0.154335409 0.026479796 127.705612183
0.009858868 0.114916429 -0.993326187 -36.531578064 -0.157104239 0.981215596 0.111956075 -14.754538536 0.987532854 0.154951975 0.027727528 127.744132996
0.010053323 0.111462966 -0.993717790 -37.429790497 -0.157540709 0.981533527 0.108502470 -14.752853394 0.987461329 0.155460149 0.027427623 127.781082153
0.011040690 0.107103825 -0.994186521 -38.342273712 -0.158631697 0.981843889 0.104012519 -14.751619339 0.987276077 0.156561092 0.027830295 127.827079773
0.011525447 0.106237985 -0.994273901 -39.240123749 -0.158232123 0.982005417 0.103092879 -14.746160507 0.987334609 0.156137899 0.028128311 127.869728088
0.011398501 0.110340722 -0.993828475 -40.144790649 -0.160743237 0.981169224 0.107091606 -14.741621971 0.986930430 0.158530504 0.028920384 127.909584045
0.011591003 0.116513073 -0.993121505 -41.082149506 -0.161534965 0.980361104 0.113130696 -14.728469849 0.986798942 0.159112558 0.030184301 127.953170776
0.011785439 0.115189217 -0.993273616 -41.976337433 -0.159230903 0.980883300 0.111863010 -14.729526520 0.987171054 0.156841502 0.029901827 127.999366760
0.012702873 0.104982391 -0.994392931 -42.867340088 -0.158694968 0.982080460 0.101655260 -14.736064911 0.987245917 0.156513810 0.029135421 128.043212891
0.013087265 0.094204150 -0.995466888 -43.792861938 -0.160375759 0.982861280 0.090902790 -14.738439560 0.986969233 0.158459097 0.027971027 128.085876465
0.012102843 0.091212250 -0.995757878 -44.694984436 -0.157230660 0.983616352 0.088189036 -14.747505188 0.987487793 0.155496344 0.026245918 128.132049561
0.011890332 0.101213619 -0.994793653 -45.612697601 -0.149834529 0.983811736 0.098305367 -14.750513077 0.988639712 0.147885546 0.026863141 128.185165405
0.011956810 0.114297681 -0.993374527 -46.561264038 -0.144989789 0.983144701 0.111375459 -14.749242783 0.989360929 0.142697483 0.028327275 128.243698120
0.012209593 0.123344555 -0.992288828 -47.483772278 -0.145124942 0.982074022 0.120289132 -14.741083145 0.989337981 0.142537162 0.029891092 128.290008545
0.011963566 0.117502637 -0.993000507 -48.398445129 -0.145110741 0.982762814 0.114542931 -14.737389565 0.989343107 0.142724663 0.028808240 128.332870483
0.012030873 0.104076147 -0.994496524 -49.319419861 -0.145306081 0.984193385 0.101240069 -14.737466812 0.989313602 0.143288359 0.026963605 128.376556396
0.012592032 0.095204160 -0.995378137 -50.235664368 -0.145768985 0.984997332 0.092367224 -14.738414764 0.989238501 0.143932194 0.026280930 128.422409058
0.013110312 0.095128022 -0.995378733 -51.171249390 -0.144504994 0.985194385 0.092251405 -14.744264603 0.989417195 0.142627761 0.026662681 128.466598511
0.012372255 0.096759014 -0.995230973 -52.097118378 -0.147560880 0.984586418 0.093889713 -14.763261795 0.988975525 0.145695537 0.026459403 128.509246826
0.013124080 0.096230976 -0.995272517 -53.057975769 -0.152874216 0.983849525 0.093110658 -14.768466949 0.988158464 0.150929496 0.027623359 128.546112061
0.013662513 0.095714092 -0.995315135 -53.989612579 -0.154379115 0.983674347 0.092475533 -14.770307541 0.987917244 0.152392387 0.028215719 128.589706421
0.014652696 0.103039786 -0.994569361 -54.935600281 -0.163686603 0.981504619 0.099274695 -14.767129898 0.986403584 0.161343023 0.031247919 128.624114990
0.016612925 0.112614341 -0.993499875 -55.878795624 -0.169497475 0.979572892 0.108201407 -14.763175011 0.985390544 0.166598201 0.035361420 128.657623291
0.017318962 0.120801792 -0.992525578 -56.843994141 -0.169568300 0.978649437 0.116154045 -14.762560844 0.985366225 0.166289255 0.037433349 128.716766357
0.018243166 0.121686906 -0.992400885 -57.786006927 -0.170892775 0.978339672 0.116821237 -14.755344391 0.985120773 0.167462960 0.038643420 128.764663696
0.019588910 0.111842573 -0.993532896 -58.723728180 -0.172480375 0.979202807 0.106828749 -14.750772476 0.984818220 0.169272259 0.038472164 128.818328857
0.020243229 0.107132778 -0.994038641 -59.662597656 -0.170923218 0.979976296 0.102136403 -14.751796722 0.985076368 0.167836726 0.038149361 128.882904053
0.022442251 0.105515979 -0.994164348 -60.623634338 -0.169414878 0.980434537 0.100234367 -14.765239716 0.985289276 0.166176751 0.039879121 128.941680908
0.026279287 0.111797877 -0.993383467 -61.578716278 -0.170658961 0.979640365 0.105736531 -14.762586594 0.984979689 0.166751087 0.044823553 128.991470337
0.029272215 0.114046119 -0.993044138 -62.545436859 -0.173641413 0.978945136 0.107308447 -14.768907547 0.984373808 0.169292405 0.048459016 129.058975220
0.033637453 0.108683780 -0.993507087 -63.493843079 -0.173262686 0.979651988 0.101301901 -14.767047882 0.984301090 0.168730184 0.051783834 129.116531372
0.036143664 0.103014730 -0.994022906 -64.462486267 -0.172871292 0.980322361 0.095309056 -14.778997421 0.984281063 0.168393195 0.053240720 129.195648193
0.039667670 0.102805980 -0.993910253 -65.414657593 -0.170352787 0.980826497 0.094653741 -14.783061981 0.984584451 0.165560693 0.056420393 129.267669678
0.042236302 0.107398316 -0.993318617 -66.370574951 -0.167781055 0.980849206 0.098916002 -14.795066833 0.984919012 0.162482187 0.059446856 129.348999023
0.045474265 0.114224739 -0.992413640 -67.347290039 -0.167541474 0.980241776 0.105146728 -14.798423767 0.984815717 0.161488965 0.063713156 129.433792114
0.048881248 0.117920175 -0.991819263 -68.300849915 -0.165380940 0.980254948 0.108394548 -14.797210693 0.985017717 0.158729523 0.067417830 129.510604858
0.050178848 0.119631425 -0.991549492 -69.264160156 -0.164822787 0.980179310 0.109918483 -14.800309181 0.985046029 0.157914415 0.068902254 129.603622437
0.052447155 0.116623998 -0.991790414 -70.222251892 -0.162980229 0.980840862 0.106717847 -14.794032097 0.985234439 0.156045184 0.070449725 129.684753418
0.053235993 0.115035437 -0.991933882 -71.180580139 -0.160818636 0.981363773 0.105178669 -14.798455238 0.985547185 0.153922155 0.070743702 129.768951416
0.053255938 0.111360706 -0.992352009 -72.120986938 -0.157686114 0.982231855 0.101762578 -14.807813644 0.986052155 0.151060656 0.069869712 129.864212036
0.053641129 0.111694016 -0.992293894 -73.091781616 -0.156755000 0.982345879 0.102100432 -14.807158470 0.986179709 0.150070205 0.070202738 129.940338135
0.052330803 0.115631707 -0.991912603 -74.038337708 -0.153116986 0.982457757 0.106451437 -14.805626869 0.986821473 0.146307975 0.069117986 130.047546387
0.052321877 0.117357381 -0.991710424 -75.012405396 -0.147666365 0.983062983 0.108543292 -14.809437752 0.987652302 0.140763089 0.068765439 130.132659912
0.051299188 0.113836870 -0.992174208 -75.961631775 -0.144598603 0.983860135 0.105406642 -14.809837341 0.988159716 0.138059720 0.066931874 130.219497681
0.050056484 0.110176355 -0.992650747 -76.910697937 -0.146228671 0.983994603 0.101841696 -14.812202454 0.987983584 0.140056148 0.065366238 130.301422119
0.048726320 0.106194384 -0.993150890 -77.892021179 -0.142722160 0.984868586 0.098306507 -14.809442520 0.988562644 0.136954531 0.063145332 130.378173828
0.047927253 0.107436575 -0.993056059 -78.847167969 -0.143642366 0.984606028 0.099589825 -14.812968254 0.988468409 0.137871876 0.062621899 130.441741943
0.046875030 0.108478740 -0.992992997 -79.796958923 -0.144167006 0.984412670 0.100735843 -14.812007904 0.988442421 0.138434842 0.061783422 130.521987915
0.046329468 0.110096350 -0.992840469 -80.765213013 -0.146833524 0.983862340 0.102248959 -14.823903084 0.988075614 0.141045153 0.061747652 130.584686279
0.044637039 0.109893203 -0.992940605 -81.720130920 -0.146666989 0.983882070 0.102297336 -14.815999031 0.988178313 0.141065344 0.060035273 130.659851074
0.042651944 0.110434063 -0.992967844 -82.673431396 -0.146871939 0.983767569 0.103102088 -14.817504883 0.988235593 0.141441584 0.058179252 130.730133057
0.040731069 0.113588974 -0.992692590 -83.618621826 -0.146866679 0.983406246 0.106500313 -14.819731712 0.988317370 0.141455561 0.056737624 130.804000854
0.039129023 0.117476426 -0.992304444 -84.582878113 -0.148576111 0.982709944 0.110481828 -14.811789513 0.988126457 0.143109694 0.055906676 130.856979370
0.036877844 0.122045986 -0.991839111 -85.530952454 -0.149563104 0.982009411 0.115275487 -14.798619270 0.988064229 0.144091427 0.054467969 130.924972534
0.035087675 0.122314036 -0.991870999 -86.479812622 -0.149884298 0.981900752 0.115782343 -14.797723770 0.988080680 0.144603357 0.052785575 130.988250732
0.033452511 0.116391309 -0.992639840 -87.423767090 -0.149668038 0.982579529 0.110167794 -14.790002823 0.988170147 0.144881114 0.050289813 131.055404663
0.031413682 0.111924902 -0.993220031 -88.362350464 -0.154509082 0.982309163 0.105808564 -14.782742500 0.987491846 0.150137648 0.048151363 131.116317749
0.031220291 0.109631538 -0.993481874 -89.338516235 -0.152947679 0.982784212 0.103644654 -14.774353981 0.987740993 0.148714900 0.047450691 131.162414551
0.030087603 0.110829212 -0.993383884 -90.287971497 -0.148858175 0.983247817 0.105189748 -14.780122757 0.988400698 0.144708455 0.046081413 131.227355957
0.029506601 0.112142943 -0.993254006 -91.238082886 -0.145329818 0.983608842 0.106736690 -14.777857780 0.988943160 0.141199961 0.045320675 131.292678833
0.028264377 0.112234399 -0.993279755 -92.183509827 -0.140508756 0.984256983 0.107216641 -14.780890465 0.989675939 0.136534080 0.043589324 131.361190796
0.027217308 0.109450459 -0.993619561 -93.132133484 -0.136351645 0.985103905 0.104777478 -14.782268524 0.990286529 0.132629931 0.041735623 131.423736572
0.026064709 0.106563501 -0.993964136 -94.104736328 -0.130788490 0.986118913 0.102292731 -14.792892456 0.991067588 0.127332881 0.039640184 131.484756470
0.025262050 0.108815506 -0.993740916 -95.063873291 -0.128859162 0.986119688 0.104705229 -14.792549133 0.991341054 0.125407562 0.038933285 131.540618896
0.023678362 0.111589141 -0.993472278 -96.010482788 -0.128327772 0.985868931 0.107676581 -14.794809341 0.991449118 0.124940500 0.037663750 131.604507446
0.022760062 0.108938016 -0.993787944 -96.966674805 -0.124035291 0.986672938 0.105317377 -14.784294128 0.992016733 0.120867744 0.035968889 131.652633667
0.019643789 0.106074035 -0.994164169 -97.927345276 -0.121807143 0.987202823 0.102924481 -14.785304070 0.992359400 0.119074449 0.032312971 131.715286255
0.016596243 0.103627913 -0.994477689 -98.877090454 -0.120634332 0.987556577 0.100893527 -14.787141800 0.992558241 0.118293680 0.028890811 131.771697998
0.014630788 0.102373682 -0.994638383 -99.838012695 -0.114314824 0.988393784 0.100049429 -14.793105125 0.993336737 0.112238117 0.026163807 131.816467285
0.011745554 0.102935418 -0.994618714 -100.786720276 -0.108263239 0.988970876 0.101072431 -14.796695709 0.994052827 0.106493503 0.022760130 131.877700806
0.009331547 0.110287510 -0.993855894 -101.786125183 -0.098421477 0.989174426 0.108843923 -14.788319588 0.995101035 0.096801087 0.020085191 131.933105469
0.006616360 0.118758142 -0.992901146 -102.744590759 -0.090487726 0.988920391 0.117679030 -14.786579132 0.995875657 0.089066744 0.017289208 131.991149902
0.002389415 0.117546819 -0.993064463 -103.700439453 -0.086193733 0.989395618 0.116905160 -14.775299072 0.996275485 0.085316613 0.012495879 132.050369263
0.000950036 0.107581332 -0.994195938 -104.656936646 -0.087433979 0.990397751 0.107086807 -14.774424553 0.996169865 0.086824760 0.010347180 132.074417114
-0.001148627 0.097874582 -0.995198071 -105.604339600 -0.089052550 0.991234839 0.097587571 -14.770294189 0.996026218 0.088737026 0.007577422 132.113021851
-0.001788993 0.099923149 -0.994993567 -106.556762695 -0.096674487 0.990317404 0.099627361 -14.778006554 0.995314479 0.096368723 0.007888347 132.139785767
-0.002057799 0.109168991 -0.994021058 -107.533050537 -0.099976860 0.989020407 0.108826756 -14.764506340 0.994987607 0.099603064 0.008879170 132.167266846
-0.003600291 0.120493561 -0.992707551 -108.496124268 -0.103908941 0.987295151 0.120213456 -14.752448082 0.994580328 0.103583999 0.008965811 132.198120117
-0.005348364 0.122177713 -0.992493808 -109.445526123 -0.110790566 0.986325383 0.122015387 -14.740746498 0.993829310 0.110611543 0.008260912 132.232177734
-0.004706002 0.119507603 -0.992822111 -110.428314209 -0.118444040 0.985777557 0.119221061 -14.726193428 0.992949605 0.118154936 0.009515893 132.248123169
-0.005036129 0.115275942 -0.993320704 -111.382545471 -0.126413256 0.985290885 0.114984982 -14.711731911 0.991964877 0.126147985 0.009610356 132.275161743
-0.002794831 0.117593862 -0.993057787 -112.346603394 -0.131250218 0.984427810 0.116941310 -14.694993973 0.991345286 0.130665898 0.012682908 132.300018311
-0.001191257 0.118857719 -0.992910564 -113.328865051 -0.139366686 0.983201563 0.117862694 -14.676937103 0.990240097 0.138519093 0.015393560 132.322540283
-0.000523205 0.121610418 -0.992577732 -114.293395996 -0.148568034 0.981553018 0.120337971 -14.659846306 0.988901913 0.147528291 0.017553870 132.343811035
-0.000608244 0.124159358 -0.992262065 -115.267768860 -0.154285371 0.980369627 0.122765839 -14.640470505 0.988026083 0.153166205 0.018559668 132.374542236
0.000072532 0.122777827 -0.992434144 -116.243408203 -0.158062264 0.979959846 0.121223018 -14.621982574 0.987429142 0.156857610 0.019477619 132.412673950
0.001521050 0.113321081 -0.993557274 -117.197463989 -0.157006517 0.981262922 0.111678466 -14.624867439 0.987596393 0.155825108 0.019284697 132.448257446
0.003010005 0.101827137 -0.994797468 -118.150573730 -0.160110757 0.982017159 0.100034460 -14.615906715 0.987094462 0.158976719 0.019259494 132.485595703
