1.000000000 0.000000000 0.000000000 0.000000000 0.000000000 1.000000000 0.000000000 0.000000000 0.000000000 0.000000000 1.000000000 0.000000000
0.999997735 -0.001580814 -0.001430546 0.051285982 0.001577705 0.999996424 -0.002171607 -0.132256612 0.001433974 0.002169346 0.999996603 1.296978593
0.999997616 0.000058987 -0.002176197 0.106727317 -0.000072776 0.999979913 -0.006336875 -0.267938197 0.002175780 0.006337018 0.999977529 2.605754137
0.999995887 0.002477915 -0.001449933 0.152031973 -0.002489188 0.999966264 -0.007824886 -0.406500638 0.001430495 0.007828463 0.999968350 3.910627365
0.999983370 0.005781592 0.000081535 0.197860122 -0.005780931 0.999961615 -0.006576766 -0.544978619 -0.000119557 0.006576185 0.999978364 5.223824978
0.999975502 0.006579510 0.002390107 0.244592845 -0.006571820 0.999973238 -0.003210430 -0.690202177 -0.002411166 0.003194644 0.999992013 6.540332317
0.999960899 0.006875916 0.005564354 0.302498937 -0.006866024 0.999974787 -0.001794716 -0.827968657 -0.005576555 0.001756441 0.999982893 7.844756603
0.999945223 0.005078070 0.009146928 0.357087672 -0.005062114 0.999985635 -0.001766545 -0.962249100 -0.009155764 0.001720146 0.999956608 9.150889397
0.999915659 0.003743164 0.012436621 0.436637104 -0.003722752 0.999991596 -0.001664060 -1.098946571 -0.012442746 0.001617621 0.999921262 10.450376511
0.999869764 0.002449289 0.015951697 0.497882068 -0.002410594 0.999994099 -0.002444537 -1.235030413 -0.015957592 0.002405765 0.999869704 11.762742996
0.999812484 0.001248817 0.019322002 0.575156569 -0.001186360 0.999994040 -0.003243569 -1.370149732 -0.019325936 0.003220038 0.999808013 13.054897308
0.999746561 0.001221369 0.022479396 0.646788955 -0.001149715 0.999994159 -0.003200179 -1.518416882 -0.022483177 0.003173524 0.999742150 14.386068344
0.999671161 0.001199765 0.025612667 0.737090111 -0.001089816 0.999990106 -0.004306288 -1.657017469 -0.025617579 0.004276959 0.999662697 15.681471825
0.999578476 0.002080735 0.028958458 0.816307902 -0.001956852 0.999988794 -0.004305636 -1.793188810 -0.028967094 0.004247154 0.999571323 16.984500885
0.999486268 0.001620001 0.032010455 0.908389151 -0.001498563 0.999991596 -0.003817353 -1.934073091 -0.032016367 0.003767422 0.999480247 18.269330978
0.999417424 0.000080678 0.034129720 1.009798408 0.000042475 0.999993503 -0.003607648 -2.076262236 -0.034129791 0.003606996 0.999410927 19.567621231
0.999363065 -0.002355298 0.035607141 1.105196714 0.002522899 0.999985933 -0.004662762 -2.217029572 -0.035595659 0.004749626 0.999355018 20.842363358
0.999309003 -0.002008830 0.037112955 1.201174259 0.002253433 0.999975979 -0.006550123 -2.358522654 -0.037098903 0.006629229 0.999289632 22.152797699
0.999260724 -0.001946683 0.038395762 1.283298969 0.002304579 0.999954343 -0.009279197 -2.502089500 -0.038375944 0.009360823 0.999219537 23.445352554
0.999227464 -0.001511110 0.039271284 1.388696790 0.001930149 0.999941528 -0.010634651 -2.644574404 -0.039252926 0.010702234 0.999171972 24.721467972
0.999190390 -0.000902818 0.040223110 1.490738034 0.001359853 0.999934793 -0.011336585 -2.790128946 -0.040210262 0.011382103 0.999126375 25.989366531
0.999161422 -0.002479170 0.040869802 1.584546924 0.002897920 0.999943852 -0.010189884 -2.937692165 -0.040842239 0.010299776 0.999112546 27.282915115
0.999158740 -0.005360774 0.040659457 1.689244986 0.005729477 0.999943495 -0.008956988 -3.084716558 -0.040609144 0.009182411 0.999132872 28.560785294
0.999175966 -0.007039524 0.039975718 1.783766747 0.007425403 0.999927163 -0.009512581 -3.230979919 -0.039905854 0.009801577 0.999155343 29.849121094
0.999183536 -0.008669323 0.039458346 1.881730318 0.009155411 0.999884188 -0.012155068 -3.373974800 -0.039348394 0.012506402 0.999147236 31.109607697
0.999220550 -0.008758436 0.038491916 1.992428899 0.009233187 0.999883294 -0.012173370 -3.522727489 -0.038380805 0.012519286 0.999184728 32.395774841
0.999243915 -0.009071235 0.037805222 2.090997458 0.009551071 0.999875844 -0.012531179 -3.667110920 -0.037686843 0.012882783 0.999206603 33.665809631
0.999253869 -0.009877162 0.037336677 2.187543869 0.010353973 0.999867022 -0.012598892 -3.810543060 -0.037207268 0.012976077 0.999223292 34.926914215
0.999265850 -0.010417201 0.036867339 2.278345346 0.010909422 0.999853611 -0.013175279 -3.954137325 -0.036724690 0.013567807 0.999233246 36.184185028
0.999309480 -0.011022376 0.035483100 2.396268368 0.011494412 0.999847710 -0.013126752 -4.116307259 -0.035333004 0.013525545 0.999284089 37.478382111
0.999301672 -0.010654612 0.035812460 2.480965137 0.011069871 0.999873519 -0.011417126 -4.261971474 -0.035686288 0.011805593 0.999293327 38.740978241
0.999276757 -0.010733755 0.036478788 2.591563225 0.011114842 0.999885559 -0.010260101 -4.403453350 -0.036364488 0.010658138 0.999281704 40.009532928
0.999204159 -0.012411183 0.037908640 2.709315300 0.012748151 0.999881208 -0.008660207 -4.543807983 -0.037796646 0.009136579 0.999243617 41.261672974
0.999084830 -0.013575191 0.040561285 2.798808336 0.013982093 0.999854565 -0.009764989 -4.689887047 -0.040422812 0.010323184 0.999129355 42.522201538
0.998946965 -0.014725335 0.043453123 2.886119604 0.015300777 0.999799132 -0.012940025 -4.838110447 -0.043253854 0.013591265 0.998971701 43.774341583
0.998856843 -0.015915001 0.045073848 2.996116877 0.016563879 0.999763966 -0.014059187 -4.982873440 -0.044839453 0.014789713 0.998884737 45.029842377
0.998722792 -0.016141647 0.047877617 3.110639095 0.016785948 0.999773502 -0.013085894 -5.116432667 -0.047655541 0.013872850 0.998767495 46.268890381
0.998531461 -0.017230390 0.051361598 3.223590612 0.017735582 0.999798536 -0.009396479 -5.272213459 -0.051189348 0.010293610 0.998635888 47.525634766
0.998251736 -0.020319803 0.055503115 3.339635372 0.020770082 0.999755740 -0.007547874 -5.408534050 -0.055336185 0.008687484 0.998430014 48.751888275
0.998031378 -0.022292066 0.058621407 3.478177786 0.022792568 0.999709070 -0.007883008 -5.547592163 -0.058428634 0.009203621 0.998249114 50.004646301
0.997741044 -0.025619691 0.062100623 3.617173910 0.026394255 0.999583244 -0.011684515 -5.681004524 -0.061775401 0.013297220 0.998001456 51.235176086
0.997464776 -0.027114315 0.065793522 3.749964237 0.027955085 0.999538362 -0.011891926 -5.814682484 -0.065440729 0.013701040 0.997762382 52.464801788
0.997127414 -0.029669710 0.069688611 3.885278463 0.030366270 0.999498606 -0.008957096 -5.960039139 -0.069387928 0.011047551 0.997528493 53.678443909
0.996836722 -0.032388616 0.072576910 4.037674904 0.032901127 0.999441326 -0.005877017 -6.089365482 -0.072346017 0.008246290 0.997345448 54.872425079
0.996578693 -0.034687810 0.075017758 4.179353714 0.035130344 0.999372184 -0.004587073 -6.218815327 -0.074811555 0.007206779 0.997171581 56.137680054
0.996415377 -0.037823226 0.075668089 4.343005657 0.038035754 0.999275386 -0.001369065 -6.340865135 -0.075561464 0.004242250 0.997132063 57.340980530
0.996224165 -0.040363248 0.076863877 4.475787640 0.040480942 0.999180317 0.000026841 -6.469415665 -0.076801933 0.003084782 0.997041583 58.558105469
0.996198356 -0.042225063 0.076195590 4.626605988 0.042637508 0.999083459 -0.003793676 -6.591420174 -0.075965546 0.007028044 0.997085631 59.757717133
0.996204793 -0.043543074 0.075365223 4.778673649 0.044230849 0.998993456 -0.007480253 -6.725165844 -0.074963629 0.010785334 0.997127950 60.955860138
0.996194243 -0.045053560 0.074613683 4.911533833 0.046028472 0.998875082 -0.011397578 -6.856204033 -0.074016258 0.014788555 0.997147381 62.138217926
0.996203601 -0.047064923 0.073234245 5.051329613 0.048202578 0.998741627 -0.013844327 -6.989623070 -0.072490513 0.017321847 0.997218668 63.358181000
0.996355593 -0.047101319 0.071111873 5.191063881 0.048195835 0.998743236 -0.013753876 -7.123136997 -0.070374683 0.017131045 0.997373521 64.534164429
0.996574104 -0.046464581 0.068418242 5.322019100 0.047455627 0.998789608 -0.012930719 -7.269930363 -0.067734621 0.016133251 0.997572839 65.739990234
0.996797383 -0.045745064 0.065591089 5.442742348 0.046563800 0.998854697 -0.011007708 -7.400299549 -0.065012418 0.014026625 0.997785866 66.918601990
0.997229993 -0.041771870 0.061541151 5.566069603 0.042299297 0.999078393 -0.007292059 -7.534997940 -0.061179832 0.009875007 0.998077869 68.109008789
0.997511268 -0.039993484 0.058066409 5.685508728 0.040357891 0.999172211 -0.005116157 -7.661260128 -0.057813738 0.007446864 0.998299658 69.283073425
0.997733474 -0.038795099 0.054981533 5.793180943 0.039304059 0.999193668 -0.008205635 -7.795501709 -0.054618850 0.010348033 0.998453736 70.458976746
0.997886479 -0.039078087 0.051917963 5.903437138 0.039909385 0.999089599 -0.015072323 -7.929853439 -0.051281702 0.017112479 0.998537719 71.639617920
0.997891665 -0.042996127 0.048616238 6.009678841 0.043928992 0.998867214 -0.018284976 -8.062721252 -0.047774993 0.020382088 0.998650134 72.811408997
0.997911036 -0.047102489 0.044214264 6.121325970 0.047721144 0.998775542 -0.013041828 -8.202298164 -0.043545824 0.015124539 0.998936951 73.977325439
0.997913182 -0.050924242 0.039698698 6.229520798 0.051285651 0.998650789 -0.008138282 -8.328256607 -0.039230704 0.010157273 0.999178469 75.134056091
0.997968912 -0.052919097 0.035460487 6.321141720 0.053134859 0.998573959 -0.005169435 -8.458104134 -0.035136349 0.007043124 0.999357641 76.320999146
0.998149812 -0.052156679 0.031248605 6.413708687 0.052273229 0.998628497 -0.002923722 -8.581224442 -0.031053251 0.004551779 0.999507308 77.481033325
0.998261034 -0.052109063 0.027557634 6.495144844 0.052197155 0.998633623 -0.002486396 -8.702671051 -0.027390417 0.003920502 0.999617100 78.621498108
0.998420179 -0.050476596 0.024683008 6.570608616 0.050600402 0.998709202 -0.004416648 -8.832297325 -0.024428211 0.005658641 0.999685585 79.802650452
0.998619795 -0.048087388 0.021120936 6.649707794 0.048301142 0.998785436 -0.009729031 -8.957059860 -0.020627439 0.010735767 0.999729633 80.945716858
0.998522222 -0.051507592 0.017332945 6.734168053 0.051756356 0.998558402 -0.014223451 -9.098417282 -0.016575340 0.015099522 0.999748588 82.106803894
0.998369515 -0.055073768 0.015000965 6.784480095 0.055299211 0.998356283 -0.015053165 -9.230108261 -0.014147276 0.015858166 0.999774158 83.247894287
0.998396456 -0.055532124 0.010986355 6.855460644 0.055658810 0.998382628 -0.011581698 -9.357704163 -0.010325432 0.012174613 0.999872625 84.385871887
0.998405397 -0.055838116 0.008293672 6.922864914 0.055913504 0.998393655 -0.009154721 -9.486743927 -0.007769166 0.009603850 0.999923587 85.517448425
0.998551667 -0.053263176 0.007583257 6.964415550 0.053342652 0.998519003 -0.010694794 -9.615073204 -0.007002388 0.011083815 0.999913990 86.663856506
0.998740077 -0.049709335 0.006866837 7.019409180 0.049803235 0.998657346 -0.014257240 -9.738286972 -0.006148899 0.014581269 0.999874771 87.784851074
0.998836994 -0.047844205 0.005957455 7.079449654 0.047938012 0.998709977 -0.016750362 -9.865263939 -0.005148361 0.017016470 0.999841928 88.880149841
0.998777151 -0.049135309 0.005474755 7.122306347 0.049222730 0.998640180 -0.017180167 -10.006567001 -0.004623157 0.017428644 0.999837339 90.035835266
0.998728991 -0.050245360 0.003978900 7.176757336 0.050297938 0.998629749 -0.014451697 -10.136413574 -0.003247317 0.014633459 0.999887645 91.149894714
0.998681366 -0.051220622 0.003463577 7.224723339 0.051257636 0.998617947 -0.011609656 -10.267489433 -0.002864137 0.011771880 0.999926567 92.266899109
0.998694837 -0.051016174 0.002453192 7.295645237 0.051040221 0.998635888 -0.011014335 -10.391017914 -0.001887937 0.011125169 0.999936342 93.412422180
0.998665929 -0.051584695 0.002295889 7.344850063 0.051610697 0.998579323 -0.013258618 -10.516533852 -0.001608685 0.013359422 0.999909461 94.521728516
0.998650551 -0.051898714 0.001921435 7.403363228 0.051923823 0.998508096 -0.016897619 -10.645615578 -0.001041604 0.016974583 0.999855399 95.626480103
0.998638511 -0.052126013 0.001993994 7.448136330 0.052153662 0.998474181 -0.018143836 -10.779428482 -0.001045187 0.018223120 0.999833524 96.731002808
0.998593688 -0.052992657 0.001554977 7.507924557 0.053010985 0.998461068 -0.016287763 -10.911203384 -0.000689452 0.016347285 0.999866188 97.816230774
0.998651266 -0.051845457 0.002773914 7.548218250 0.051873818 0.998588800 -0.011381984 -11.029061317 -0.002179895 0.011510526 0.999931395 98.893280029
0.998733342 -0.050149892 0.004077295 7.600250244 0.050181139 0.998708367 -0.007962562 -11.148077011 -0.003672708 0.008157079 0.999960005 99.960014343
0.998828650 -0.047985591 0.006225446 7.644176483 0.048034821 0.998813450 -0.008014017 -11.265943527 -0.005833503 0.008303666 0.999948502 101.025177002
0.998897195 -0.046234712 0.008169585 7.698419094 0.046314202 0.998878598 -0.009823949 -11.385665894 -0.007706217 0.010191482 0.999918401 102.064521790
0.998858213 -0.046456318 0.011137696 7.749154568 0.046589781 0.998841465 -0.012038942 -11.509084702 -0.010565508 0.012544100 0.999865532 103.084304810
0.998760343 -0.048055828 0.012977258 7.798191071 0.048225444 0.998750687 -0.013089642 -11.619401932 -0.012332012 0.013699248 0.999830127 104.089981079
0.998647809 -0.049816601 0.014862572 7.860909462 0.050002109 0.998672366 -0.012381950 -11.732389450 -0.014226012 0.013108367 0.999812901 105.072784424
0.998623133 -0.049825408 0.016407978 7.924448013 0.050009660 0.998687923 -0.011016712 -11.851411819 -0.015837535 0.011822098 0.999804735 106.045043945
0.998521447 -0.051514376 0.017351296 7.997917175 0.051679708 0.998621106 -0.009218556 -11.957302094 -0.016852478 0.010101635 0.999806941 106.982162476
0.998449504 -0.052095834 0.019613087 8.052407265 0.052290924 0.998586118 -0.009568715 -12.064360619 -0.019086862 0.010579466 0.999761820 107.899986267
0.998444736 -0.051722612 0.020804955 8.120338440 0.051897258 0.998620808 -0.007943560 -12.162600517 -0.020365395 0.009010927 0.999751985 108.802543640
0.998445630 -0.050856296 0.022801673 8.178538322 0.051000301 0.998681903 -0.005778912 -12.259443283 -0.022477726 0.006932821 0.999723256 109.671577454
0.998406410 -0.051201142 0.023729848 8.243936539 0.051274691 0.998681486 -0.002500939 -12.361423492 -0.023570510 0.003713695 0.999715209 110.525863647
0.998375118 -0.050990008 0.025439588 8.304264069 0.051072784 0.998691559 -0.002614141 -12.450943947 -0.025273006 0.003909164 0.999672890 111.350830078
0.998379350 -0.050153311 0.026893144 8.353381157 0.050213035 0.998737335 -0.001549713 -12.542844772 -0.026781464 0.002897588 0.999637067 112.156631470
0.998480737 -0.047964580 0.027122878 8.409992218 0.048017316 0.998845637 -0.001295725 -12.622315407 -0.027029423 0.002596124 0.999631226 112.935783386
0.998625457 -0.045219574 0.026502738 8.454174042 0.045184407 0.998976767 0.001924754 -12.700316429 -0.026562655 -0.000724598 0.999646902 113.689895630
0.998695314 -0.045234196 0.023702174 8.502210617 0.045177996 0.998974741 0.002901639 -12.784472466 -0.023809129 -0.001827036 0.999714851 114.435630798
0.998827159 -0.045148682 0.017489359 8.538825035 0.045106877 0.998978317 0.002777491 -12.856131554 -0.017596891 -0.001985343 0.999843180 115.133560181
0.999018669 -0.043747243 0.006913975 8.568389893 0.043736774 0.999041677 0.001657853 -12.930903435 -0.006979873 -0.001353831 0.999974728 115.803138733
0.999135196 -0.041036930 -0.006688572 8.565731049 0.041031159 0.999157310 -0.000997652 -13.001541138 0.006723881 0.000722349 0.999977171 116.443099976
0.998863041 -0.039685667 -0.026412392 8.579757690 0.039607134 0.999209225 -0.003490060 -13.067372322 0.026530011 0.002439973 0.999645054 117.072113037
0.998100281 -0.037909620 -0.048565678 8.543319702 0.037677873 0.999273837 -0.005678725 -13.138528824 0.048745692 0.003838086 0.998803854 117.658409119
0.996414065 -0.036390088 -0.076384284 8.504900932 0.035925727 0.999326766 -0.007444991 -13.204932213 0.076603785 0.004674133 0.997050703 118.229629517
0.993501842 -0.034162916 -0.108566888 8.436951637 0.033295400 0.999397457 -0.009793824 -13.268416405 0.108836070 0.006115404 0.994040847 118.770515442
0.989121497 -0.029607324 -0.144089550 8.328386307 0.028338484 0.999539435 -0.010850742 -13.337186813 0.144344479 0.006649423 0.989505172 119.319046021
0.982974827 -0.023742892 -0.182199508 8.216175079 0.022175860 0.999697506 -0.010633368 -13.392636299 0.182396874 0.006411903 0.983204007 119.823837280
0.974498093 -0.018228041 -0.223654330 8.075708389 0.016687382 0.999822199 -0.008776842 -13.448956490 0.223774552 0.004820810 0.974628985 120.328453064
0.963231504 -0.013707436 -0.268323064 7.901659012 0.012233648 0.999899507 -0.007163835 -13.507410049 0.268394321 0.003617861 0.963302314 120.822189331
0.949044287 -0.007417952 -0.315055013 7.712215424 0.005258548 0.999956489 -0.007703522 -13.563979149 0.315098464 0.005654252 0.949042141 121.286354065
0.931547821 0.000086547 -0.363618731 7.490119934 -0.003569701 0.999953866 -0.008907150 -13.614667892 0.363601208 0.009595444 0.931505263 121.758697510
0.910631359 0.005162363 -0.413187414 7.228527069 -0.009882744 0.999908030 -0.009287911 -13.673992157 0.413101465 0.012541290 0.910598636 122.201957703
0.885480464 0.009504127 -0.464579314 6.962696075 -0.014970300 0.999855220 -0.008078613 -13.726217270 0.464435279 0.014108343 0.885494649 122.617935181
0.856228113 0.012581516 -0.516444743 6.688987732 -0.019388743 0.999781728 -0.007788667 -13.771142006 0.516233921 0.016682088 0.856285155 123.019012451
0.825204551 0.022336429 -0.564392149 6.350601196 -0.030069184 0.999538124 -0.004406712 -13.822304726 0.564032972 0.020607250 0.825495005 123.383102417
0.791208267 0.035056971 -0.610541046 6.002624512 -0.042819206 0.999081075 0.001876764 -13.860675812 0.610045731 0.024657968 0.791982412 123.743675232
0.755114913 0.043889724 -0.654121518 5.648933411 -0.053987700 0.998530746 0.004675443 -13.903189659 0.653365493 0.031784020 0.756374955 124.061889648
0.715421140 0.047515687 -0.697075903 5.277706146 -0.061069179 0.998119175 0.005359712 -13.947118759 0.696019411 0.038735397 0.716977358 124.360610962
0.672886133 0.049237456 -0.738105655 4.903915405 -0.063843250 0.997924984 0.008367423 -13.992343903 0.736985922 0.041492745 0.674633205 124.642654419
0.629364133 0.052972026 -0.775303006 4.491035461 -0.067520790 0.997628450 0.013351234 -14.026724815 0.774171650 0.043946281 0.631448328 124.910873413
0.584460437 0.061632983 -0.809078038 4.065296173 -0.078780271 0.996710598 0.019017078 -14.057591438 0.807588756 0.052624650 0.587393463 125.140312195
0.538776457 0.070653901 -0.839480698 3.624847412 -0.090022393 0.995599747 0.026017357 -14.086549759 0.837625206 0.061554525 0.542766154 125.351699829
0.492184937 0.075592980 -0.867202222 3.167694092 -0.096143089 0.994848073 0.032153234 -14.108445168 0.865164995 0.067550167 0.496916920 125.551765442
0.444821894 0.076948345 -0.892307401 2.707763672 -0.095367759 0.994707465 0.038237307 -14.135610580 0.890527070 0.068088561 0.449806035 125.732635498
0.398038685 0.078637570 -0.913991988 2.235179901 -0.092587031 0.994675457 0.045258224 -14.156295776 0.912684441 0.066609293 0.403200120 125.903427124
0.351832509 0.081547767 -0.932504058 1.733493805 -0.094592266 0.994195879 0.051253192 -14.179828644 0.931271315 0.070175149 0.357504159 126.056289673
0.308397561 0.084757246 -0.947474122 1.233879089 -0.100285530 0.993369043 0.056220457 -14.198722839 0.945956588 0.077679701 0.314852506 126.170845032
0.267001092 0.086235613 -0.959830105 0.713399887 -0.104965538 0.992665052 0.059986841 -14.215364456 0.957962811 0.084732547 0.274094373 126.272369385
0.227397442 0.082893781 -0.970267534 0.186552048 -0.105133906 0.992636383 0.060165100 -14.232862473 0.968110263 0.088326618 0.234437883 126.377174377
0.191910192 0.077545725 -0.978344083 -0.347862244 -0.100235522 0.993209124 0.059061948 -14.253189087 0.976280332 0.086730249 0.198379815 126.474807739
0.161416650 0.072313547 -0.984233499 -0.896318436 -0.097636975 0.993589163 0.056988224 -14.273818970 0.982044637 0.086898714 0.167442292 126.555450439
0.135407776 0.070739530 -0.988261461 -1.463567734 -0.098881565 0.993432999 0.057561327 -14.292977333 0.985843360 0.089926600 0.141513392 126.619186401
0.113136351 0.069961488 -0.991113365 -2.057541847 -0.099221602 0.993327022 0.058791518 -14.306500435 0.988612771 0.091688395 0.119323097 126.678436279
0.094301663 0.071602315 -0.992965400 -2.650129318 -0.101490654 0.992905140 0.061959423 -14.323997498 0.990356922 0.094933838 0.100899592 126.737297058
0.078424975 0.069741897 -0.994477510 -3.259541512 -0.102327593 0.992844164 0.061557762 -14.347958565 0.991654575 0.096934818 0.085000291 126.793457031
0.064000651 0.068695508 -0.995582640 -3.878857136 -0.101241194 0.992927790 0.062004071 -14.378176689 0.992801130 0.096825674 0.070502840 126.848411560
0.051897317 0.066311732 -0.996448457 -4.517656326 -0.096950859 0.993414283 0.061060403 -14.401157379 0.993935227 0.093437642 0.057984520 126.891334534
0.040545832 0.063889526 -0.997133017 -5.171481133 -0.094792329 0.993698418 0.059814982 -14.418214798 0.994670928 0.092095301 0.046346582 126.920295715
0.029488942 0.062673435 -0.997598469 -5.836005688 -0.093790598 0.993802667 0.059662528 -14.438194275 0.995155156 0.091805950 0.035184372 126.965652466
0.019794144 0.064134657 -0.997744977 -6.507305622 -0.097057916 0.993350267 0.061926655 -14.460797310 0.995081842 0.095613278 0.025887301 126.987579346
0.011648817 0.064032592 -0.997879803 -7.183138847 -0.099968277 0.993022323 0.062553905 -14.488438606 0.994922400 0.099027656 0.017968766 127.001403809
0.004732604 0.063216649 -0.997988582 -7.881148338 -0.101961493 0.992828965 0.062406298 -14.508451462 0.994777083 0.101461045 0.011144330 127.026031494
-0.000395202 0.064189129 -0.997937620 -8.579383850 -0.102706194 0.992657781 0.063890181 -14.527226448 0.994711578 0.102519624 0.006200320 127.043098450
-0.004111471 0.066557877 -0.997774005 -9.302906990 -0.105157815 0.992221534 0.066620812 -14.547232628 0.994447052 0.105197646 0.002919590 127.067008972
-0.005041110 0.070391685 -0.997506678 -10.035113335 -0.107069746 0.991747022 0.070526332 -14.572220802 0.994238675 0.107158318 0.002537313 127.071624756
-0.005638330 0.073527053 -0.997277260 -10.758231163 -0.109587915 0.991240919 0.073701575 -14.584628105 0.993961096 0.109705091 0.002468731 127.076995850
-0.006246466 0.079076692 -0.996848941 -11.499578476 -0.114377111 0.990269661 0.079271488 -14.592995644 0.993417680 0.114511892 0.002858878 127.085479736
-0.007366152 0.082909696 -0.996529758 -12.244470596 -0.117428996 0.989589930 0.083200321 -14.607135773 0.993053913 0.117634371 0.002446534 127.095191956
-0.009007961 0.083279513 -0.996485531 -12.993993759 -0.117108501 0.989580572 0.083761074 -14.625621796 0.993078291 0.117451459 0.000838635 127.117530823
-0.010460398 0.080146976 -0.996728122 -13.738002777 -0.114703573 0.990106821 0.080818340 -14.644646645 0.993344665 0.115173668 -0.001163767 127.139236450
-0.011870771 0.076350413 -0.997010410 -14.497833252 -0.118161000 0.989987433 0.077219471 -14.648271561 0.992923558 0.118724398 -0.002730273 127.151535034
-0.012945377 0.078043148 -0.996865928 -15.259001732 -0.123321392 0.989213645 0.079045527 -14.661498070 0.992282331 0.123958163 -0.003181355 127.151161194
-0.014848148 0.081769958 -0.996540546 -16.027791977 -0.120381616 0.989254713 0.082965791 -14.677909851 0.992616594 0.121197067 -0.004844999 127.168731689
-0.016814284 0.081470490 -0.996533871 -16.801521301 -0.119567178 0.989358902 0.082901336 -14.695450783 0.992683649 0.120546684 -0.006894167 127.182975769
-0.018075295 0.080900379 -0.996558309 -17.592296600 -0.122549243 0.989026546 0.082511716 -14.709391594 0.992297769 0.123618916 -0.007962666 127.188796997
-0.018419383 0.080691777 -0.996568918 -18.380046844 -0.127259403 0.988442063 0.082385868 -14.716400146 0.991698384 0.128340244 -0.007937705 127.186538696
-0.019884465 0.085330442 -0.996154308 -19.183223724 -0.129116684 0.987788737 0.087191164 -14.726278305 0.991430163 0.130353883 -0.008624068 127.194656372
-0.020545477 0.089608178 -0.995765150 -19.998935699 -0.127617389 0.987593293 0.091505900 -14.737776756 0.991610646 0.128956988 -0.008855012 127.215126038
-0.018918060 0.092295066 -0.995551944 -20.813579559 -0.128574431 0.987237871 0.093967535 -14.749681473 0.991519392 0.129780203 -0.006809840 127.220634460
-0.018346541 0.090934351 -0.995687783 -21.638393402 -0.128221571 0.987418532 0.092541710 -14.758129120 0.991575778 0.129366487 -0.006455970 127.243301392
-0.017334860 0.090717979 -0.995725751 -22.465204239 -0.127997592 0.987479985 0.092195064 -14.761702538 0.991622984 0.129048675 -0.005506151 127.259696960
-0.016402965 0.089915052 -0.995814323 -23.298799515 -0.127350718 0.987649024 0.091275483 -14.767960548 0.991722167 0.128314823 -0.004749628 127.278457642
-0.015558615 0.092040032 -0.995633721 -24.130901337 -0.127743736 0.987411380 0.093276165 -14.776209831 0.991685152 0.128637210 -0.003605215 127.295547485
-0.015618977 0.094084583 -0.995441616 -24.982439041 -0.129756927 0.986953676 0.095318280 -14.781987190 0.991422832 0.130654216 -0.003207078 127.310562134
-0.014991321 0.096644893 -0.995205998 -25.836986542 -0.132464692 0.986352861 0.097780555 -14.781031609 0.991074383 0.133295506 -0.001984696 127.325195312
-0.013565003 0.097683325 -0.995125175 -26.709060669 -0.134238213 0.986029446 0.098620340 -14.776429176 0.990856230 0.134921595 -0.000262658 127.338020325
-0.012098088 0.100376993 -0.994876027 -27.574943542 -0.140388563 0.984923244 0.101080023 -14.777017593 0.990022540 0.140892088 0.002176093 127.359695435
-0.009848673 0.104004636 -0.994528055 -28.448423386 -0.145518914 0.983839452 0.104327895 -14.771305084 0.989306450 0.145750120 0.005445126 127.380592346
-0.006959246 0.106639370 -0.994273365 -29.334157944 -0.148913905 0.983100176 0.106483310 -14.771640778 0.988825619 0.148802161 0.009038452 127.401565552
-0.003974518 0.107170954 -0.994232774 -30.211456299 -0.147105739 0.983361065 0.106587157 -14.780141830 0.989112794 0.146680951 0.011857077 127.441078186
-0.001168102 0.106779769 -0.994281948 -31.102836609 -0.149417311 0.983102441 0.105754696 -14.772898674 0.988773465 0.148686484 0.014806380 127.469192505
0.001096512 0.111234017 -0.993793666 -32.004550934 -0.150420681 0.982505322 0.109804563 -14.769079208 0.988621533 0.149366722 0.017809225 127.501983643
0.003949831 0.112684131 -0.993623018 -32.908336639 -0.149034441 0.982599974 0.110841617 -14.759038925 0.988824129 0.147646219 0.020674925 127.539886475
0.005283493 0.114223890 -0.993440926 -33.800910950 -0.149951518 0.982312381 0.112146847 -14.759545326 0.988679230 0.148375422 0.022318084 127.585136414
0.007968339 0.112199500 -0.993653715 -34.706378937 -0.150898054 0.982441127 0.109723307 -14.751219749 0.988517165 0.149066076 0.024759108 127.615173340
0.008298160 0.113079183 -0.993551254 -35.617347717 -0.155164272 0.981696665 0.110434026 -14.739250183 0.987853765 0.153247282 0.025692130 127.658378601
0.009603806 0.113934226 -0.993441820 -36.512180328 -0.156116441 0.981475890 0.111052684 -14.736429214 0.987692058 0.154026106 0.027212908 127.693992615
0.009824684 0.110417299 -0.993836820 -37.407039642 -0.156707913 0.981774032 0.107527964 -14.735445023 0.987596095 0.154685646 0.026948886 127.730125427
0.010587207 0.106100239 -0.994299054 -38.315372467 -0.157657981 0.982094824 0.103119224 -14.737335205 0.987436950 0.155667439 0.027125191 127.778465271
0.011068955 0.105286412 -0.994380236 -39.211772919 -0.157310978 0.982241392 0.102250002 -14.733392715 0.987487078 0.155295148 0.027435090 127.821525574
0.011057196 0.109287061 -0.993948817 -40.117599487 -0.159538150 0.981469154 0.106140122 -14.728590965 0.987129748 0.157399118 0.028287753 127.859756470
0.011284689 0.115780391 -0.993210733 -41.044891357 -0.160397023 0.980621576 0.112490460 -14.720804214 0.986988187 0.158038616 0.029636843 127.899215698
0.011394812 0.114330374 -0.993377388 -41.938724518 -0.158086836 0.981153905 0.111110166 -14.721740723 0.987359464 0.155773833 0.029254196 127.945343018
0.012420114 0.104106918 -0.994488597 -42.829376221 -0.157531321 0.982348919 0.100868702 -14.727357864 0.987435818 0.155410275 0.028600987 127.986854553
0.012748179 0.093579136 -0.995530248 -43.752929688 -0.159377337 0.983073175 0.090367280 -14.734221458 0.987135410 0.157512918 0.027446788 128.027969360
0.011793210 0.090543918 -0.995822549 -44.653217316 -0.156293437 0.983818173 0.087601498 -14.744069099 0.987640142 0.154607430 0.025753798 128.074356079
0.011570849 0.100433655 -0.994876444 -45.575000763 -0.148789972 0.984039664 0.097609170 -14.747018814 0.988801122 0.146898225 0.026329692 128.125198364
0.011536662 0.113942005 -0.993420422 -46.523929596 -0.144172803 0.983295262 0.111106411 -14.746849060 0.989485264 0.141942382 0.027771285 128.184722900
0.012025267 0.122532569 -0.992391586 -47.445796967 -0.144693151 0.982231021 0.119524710 -14.737237930 0.989403427 0.142154962 0.029541217 128.228775024
0.011863870 0.117054351 -0.993054628 -48.361553192 -0.144872710 0.982847035 0.114120379 -14.736465454 0.989379168 0.142512619 0.028618356 128.270889282
0.011650890 0.103622280 -0.994548500 -49.280372620 -0.144670337 0.984325767 0.100862414 -14.736248970 0.989411294 0.142706528 0.026459349 128.313613892
0.012183996 0.094749309 -0.995426595 -50.194881439 -0.145118177 0.985128403 0.091992848 -14.737558365 0.989339292 0.143333659 0.025752651 128.357788086
0.012428395 0.094857983 -0.995413244 -51.124187469 -0.144006178 0.985282063 0.092094533 -14.746858597 0.989498734 0.142201036 0.025905613 128.404495239
0.012053739 0.096508704 -0.995259166 -52.067459106 -0.147326097 0.984640181 0.093694694 -14.765591621 0.989014506 0.145498276 0.026086846 128.446701050
0.012616509 0.095817812 -0.995319009 -52.995777130 -0.151863128 0.984034836 0.092806526 -14.767644882 0.988321006 0.149981365 0.026966274 128.480789185
0.013002457 0.095376529 -0.995356321 -53.935058594 -0.153552234 0.983823538 0.092265561 -14.772621155 0.988054991 0.151639521 0.027437402 128.523391724
0.014191413 0.103019439 -0.994578123 -54.906162262 -0.162732959 0.981654644 0.099358827 -14.774775505 0.986568034 0.160440609 0.030695725 128.557128906
0.015688568 0.112376973 -0.993541837 -55.846027374 -0.168214589 0.979797959 0.108166225 -14.767726898 0.985625625 0.165431231 0.034275066 128.596481323
0.016839361 0.120757878 -0.992539108 -56.802730560 -0.168711752 0.978789389 0.116222642 -14.764234543 0.985521555 0.165495917 0.036855455 128.641510010
0.017669473 0.121453211 -0.992439866 -57.754932404 -0.170274779 0.978460550 0.116710857 -14.757679939 0.985238254 0.166925266 0.037969299 128.693969727
0.019385288 0.111772463 -0.993544698 -58.701469421 -0.172097325 0.979272306 0.106809013 -14.757667542 0.984889209 0.168915823 0.038219221 128.735870361
0.020636555 0.106789082 -0.994067430 -59.638580322 -0.170567930 0.980078816 0.101745367 -14.753478050 0.985129774 0.167456359 0.038440250 128.791641235
0.022417841 0.105377905 -0.994179487 -60.610828400 -0.168888301 0.980536640 0.100123540 -14.755931854 0.985380232 0.165660739 0.039778616 128.849578857
0.025830962 0.111303970 -0.993450582 -61.574386597 -0.170648202 0.979686618 0.105324820 -14.755447388 0.984993398 0.166809916 0.044300076 128.908767700
0.029506808 0.113354027 -0.993116379 -62.542114258 -0.173085511 0.979119420 0.106613807 -14.757555008 0.984464645 0.168748274 0.048510630 128.964263916
0.033129245 0.108403198 -0.993554771 -63.497669220 -0.171979502 0.979890823 0.101177864 -14.760896683 0.984543324 0.167519107 0.051106170 129.028991699
0.036319785 0.102278925 -0.994092584 -64.450141907 -0.171957180 0.980551422 0.094603166 -14.764297485 0.984434664 0.167505398 0.053201012 129.097854614
0.040267676 0.102024615 -0.993966579 -65.416496277 -0.169855416 0.980993569 0.093811832 -14.763498306 0.984645903 0.165053025 0.056831770 129.160156250
0.041739121 0.106742717 -0.993410349 -66.362838745 -0.166626692 0.981095910 0.098418564 -14.783992767 0.985136211 0.161420748 0.058736287 129.258300781
0.045341551 0.113477498 -0.992505431 -67.322113037 -0.166147798 0.980545998 0.104519837 -14.785477638 0.985057890 0.160163522 0.063313514 129.335540771
0.048150472 0.117541544 -0.991899967 -68.286880493 -0.163902864 0.980520606 0.108236626 -14.791518211 0.985300541 0.157363623 0.066477917 129.416091919
0.050208464 0.119436830 -0.991571486 -69.270187378 -0.163553387 0.980403900 0.109810121 -14.794409752 0.985255897 0.156661496 0.068758875 129.498184204
0.052642282 0.116192028 -0.991830707 -70.201553345 -0.162146971 0.981022120 0.106319748 -14.790638924 0.985361397 0.155225426 0.070483439 129.575164795
0.053353477 0.114700072 -0.991966426 -71.147239685 -0.160150245 0.981505394 0.104876719 -14.794405937 0.985649705 0.153268158 0.070735976 129.662963867
0.054197926 0.111284316 -0.992309630 -72.091888428 -0.157148853 0.982336640 0.101582736 -14.804286957 0.986086607 0.150434747 0.070728801 129.751007080
0.053516541 0.110741809 -0.992407262 -73.078788757 -0.155388802 0.982648492 0.101273365 -14.796457291 0.986402690 0.148789182 0.069795989 129.840103149
0.053179029 0.115528472 -0.991879642 -74.033462524 -0.152155191 0.982624471 0.106292754 -14.799591064 0.986924887 0.145267114 0.069833279 129.927764893
0.052479204 0.117126465 -0.991729379 -74.993942261 -0.146301553 0.983284414 0.108387239 -14.806202888 0.987847030 0.139403477 0.068737760 130.029251099
0.052021962 0.112761021 -0.992259383 -75.950157166 -0.143434212 0.984146416 0.104319111 -14.794328690 0.988291562 0.136897087 0.067371033 130.108963013
0.050559182 0.108715944 -0.992786288 -76.908836365 -0.145462498 0.984258890 0.100374267 -14.795471191 0.988071084 0.139338344 0.065577425 130.181808472
0.049303640 0.106118277 -0.993130505 -77.856422424 -0.142025381 0.984980285 0.098196618 -14.800828934 0.988634467 0.136208281 0.063634589 130.266006470
0.047815263 0.107078038 -0.993100166 -78.822700500 -0.142157286 0.984846354 0.099343568 -14.806053162 0.988688648 0.136426270 0.062312610 130.338378906
0.046984855 0.107916981 -0.993049026 -79.778060913 -0.143357530 0.984584153 0.100214280 -14.806025505 0.988555014 0.137652546 0.061731249 130.417190552
0.045398202 0.108205914 -0.993091404 -80.730461121 -0.144890562 0.984317601 0.100626394 -14.809972763 0.988405585 0.139321327 0.060364265 130.494247437
0.044720583 0.109354883 -0.992996275 -81.683746338 -0.144722894 0.984214365 0.101870045 -14.813922882 0.988461137 0.139153615 0.059840798 130.555160522
0.042643823 0.109608352 -0.993059695 -82.647323608 -0.144907728 0.984132171 0.102400362 -14.817222595 0.988525808 0.139535293 0.057850253 130.626907349
0.040181439 0.111667499 -0.992932856 -83.592575073 -0.145349264 0.983818412 0.104760557 -14.810617447 0.988564134 0.140112624 0.055762038 130.709472656
0.038218044 0.115331635 -0.992591500 -84.545547485 -0.146553114 0.983223319 0.108600341 -14.803890228 0.988464296 0.141316876 0.054479081 130.773162842
0.036652401 0.120373249 -0.992051780 -85.495353699 -0.147843108 0.982448161 0.113745727 -14.795701027 0.988331437 0.142498970 0.053805441 130.834518433
0.034497414 0.120080255 -0.992164552 -86.446273804 -0.147585273 0.982483268 0.113777027 -14.793485641 0.988447547 0.142503887 0.051615212 130.899200439
0.033464707 0.115009844 -0.992800593 -87.391349792 -0.147631854 0.983028710 0.108901553 -14.790550232 0.988476157 0.142924637 0.049875878 130.960861206
0.030935381 0.109949186 -0.993455648 -88.338920593 -0.151735172 0.982928336 0.104059167 -14.779468536 0.987936974 0.147523046 0.047090419 131.022491455
0.029787801 0.107817598 -0.993724287 -89.282470703 -0.149679467 0.983436882 0.102214664 -14.778423309 0.988285780 0.145695388 0.045432504 131.087295532
0.029378129 0.109145164 -0.993591547 -90.249557495 -0.144930780 0.983981490 0.103804253 -14.781254768 0.989005506 0.140952423 0.044726033 131.139907837
0.028576653 0.110486090 -0.993466735 -91.197982788 -0.142014369 0.984239697 0.105374955 -14.781377792 0.989452004 0.138075292 0.043816894 131.203704834
0.027618179 0.110180445 -0.993527830 -92.151100159 -0.136632457 0.984994829 0.105436027 -14.783522606 0.990236700 0.132836223 0.042257991 131.270431519
0.026372006 0.107365221 -0.993869901 -93.092857361 -0.132603765 0.985805392 0.102975443 -14.787981033 0.990818202 0.129075259 0.040234696 131.335052490
0.025849493 0.104221433 -0.994218171 -94.037704468 -0.127516553 0.986769736 0.100125223 -14.793214798 0.991499603 0.124191113 0.038797446 131.396392822
0.023962690 0.106961749 -0.993974328 -95.016975403 -0.125663832 0.986695945 0.103149042 -14.798420906 0.991783440 0.122434922 0.037085112 131.451049805
0.022538008 0.109226614 -0.993761361 -95.963462830 -0.125016436 0.986519456 0.105595335 -14.797584534 0.991898656 0.121856578 0.035889298 131.510635376
0.021199200 0.107034288 -0.994029343 -96.923759460 -0.120852225 0.987236381 0.103725500 -14.795434952 0.992444098 0.117931746 0.033863958 131.560684204
0.019130353 0.104134336 -0.994379282 -97.871932983 -0.117999382 0.987845480 0.101180010 -14.797638893 0.992829502 0.115400508 0.031185620 131.610687256
0.015290247 0.101585045 -0.994709373 -98.842330933 -0.116608307 0.988218486 0.099129692 -14.798480034 0.993060291 0.114475667 0.026955768 131.664993286
0.012642486 0.100819476 -0.994824469 -99.796440125 -0.111106329 0.988884628 0.098805547 -14.810400009 0.993728161 0.109282136 0.023703644 131.714477539
0.010465930 0.100988194 -0.994832575 -100.755599976 -0.104379348 0.989562213 0.099355087 -14.807471275 0.994482458 0.102800146 0.020897768 131.756393433
0.007923859 0.109061740 -0.994003534 -101.716255188 -0.094807044 0.989638805 0.107827090 -14.813426971 0.995464087 0.093384109 0.018181579 131.818496704
0.005272644 0.117261343 -0.993087173 -102.673728943 -0.086797871 0.989406466 0.116365902 -14.810370445 0.996212065 0.085584290 0.015394824 131.874526978
0.002501216 0.116842374 -0.993147373 -103.626991272 -0.082420237 0.989795506 0.116240449 -14.805059433 0.996594489 0.081564717 0.012105869 131.919738770
-0.000362728 0.106892966 -0.994270444 -104.580169678 -0.083579421 0.990788400 0.106549136 -14.807979584 0.996501029 0.083139174 0.008574666 131.954315186
-0.002542296 0.097603813 -0.995222151 -105.527221680 -0.085345656 0.991572976 0.097463965 -14.807429314 0.996348083 0.085185662 0.005809190 131.992568970
-0.002592128 0.099275172 -0.995056689 -106.489791870 -0.092944294 0.990728736 0.099085510 -14.811586380 0.995667934 0.092741676 0.006658967 132.007690430
-0.003744597 0.108887278 -0.994046986 -107.451713562 -0.096506752 0.989374697 0.108739004 -14.802216530 0.995325267 0.096339434 0.006803546 132.045745850
-0.005183435 0.120166473 -0.992740273 -108.414909363 -0.100426801 0.987671912 0.120077349 -14.790213585 0.994930983 0.100320123 0.006948401 132.074066162
-0.006841476 0.122048080 -0.992500544 -109.358230591 -0.107498512 0.986682355 0.122073613 -14.781103134 0.994181693 0.107527517 0.006369623 132.106628418
-0.006488359 0.118126951 -0.992977262 -110.351844788 -0.114209317 0.986412942 0.118092299 -14.755352020 0.993435502 0.114173479 0.007090998 132.125045776
-0.006627228 0.114268929 -0.993427753 -111.306526184 -0.122477055 0.985877156 0.114217468 -14.744354248 0.992449164 0.122429051 0.007461689 132.148132324
-0.004240009 0.116210341 -0.993215621 -112.275421143 -0.126929998 0.985128343 0.115805961 -14.725258827 0.991902590 0.126559868 0.010573627 132.169647217
-0.002991220 0.117081538 -0.993117809 -113.255455017 -0.134779081 0.984013379 0.116414122 -14.705883980 0.990871131 0.134199753 0.012836743 132.196563721
-0.002516847 0.119747631 -0.992801189 -114.218688965 -0.143973678 0.982417226 0.118860170 -14.690212250 0.989578366 0.143236369 0.014767912 132.217895508
-0.002356413 0.121645585 -0.992570817 -115.192749023 -0.149222076 0.981417596 0.120632946 -14.668293953 0.988800883 0.148397759 0.015839584 132.245498657
-0.002123418 0.121282510 -0.992615759 -116.177345276 -0.153284758 0.980847895 0.120172553 -14.659543037 0.988179743 0.152408034 0.016508007 132.288360596
-0.000244211 0.111553587 -0.993758321 -117.133888245 -0.152158856 0.982183039 0.110291593 -14.660802841 0.988356054 0.151236042 0.016734004 132.318176270
0.000812946 0.100101881 -0.994976878 -118.080909729 -0.155332342 0.982913077 0.098761261 -14.655283928 0.987861931 0.154471770 0.016348114 132.358856201
