1.000000000 0.000000000 0.000000000 0.000000000 0.000000000 1.000000000 0.000000000 0.000000000 0.000000000 0.000000000 1.000000000 0.000000000
0.999997854 -0.001566791 -0.001340534 0.048970342 0.001563951 0.999996543 -0.002117063 -0.132977545 0.001343847 0.002114962 0.999996841 1.297909975
0.999997675 0.000040739 -0.002150229 0.103695527 -0.000054411 0.999979794 -0.006358693 -0.267313421 0.002149926 0.006358795 0.999977469 2.602187395
0.999996185 0.002454968 -0.001196471 0.145561367 -0.002464271 0.999966264 -0.007836330 -0.406324387 0.001177192 0.007839249 0.999968588 3.904518843
0.999983609 0.005707567 0.000287599 0.190738156 -0.005705568 0.999962389 -0.006532890 -0.544810593 -0.000324875 0.006531143 0.999978602 5.218439579
0.999974728 0.006638672 0.002545108 0.241291597 -0.006630197 0.999972522 -0.003323906 -0.687680423 -0.002567104 0.003306948 0.999991238 6.532890797
0.999958992 0.006841040 0.005926355 0.297248363 -0.006829472 0.999974787 -0.001969998 -0.825367928 -0.005939682 0.001929443 0.999980509 7.835724354
0.999943793 0.005315057 0.009174811 0.355821997 -0.005297547 0.999984205 -0.001931668 -0.958818138 -0.009184930 0.001882955 0.999956071 9.137695312
0.999914229 0.003977240 0.012477661 0.434656173 -0.003955002 0.999990463 -0.001806346 -1.096307516 -0.012484726 0.001756842 0.999920547 10.437535286
0.999871612 0.002629936 0.015804352 0.499187410 -0.002589724 0.999993384 -0.002564308 -1.232218027 -0.015810985 0.002523050 0.999871790 11.745020866
0.999814212 0.001523089 0.019219581 0.575173616 -0.001458461 0.999993205 -0.003376140 -1.368002295 -0.019224592 0.003347481 0.999809504 13.037989616
0.999744713 0.001367719 0.022554008 0.646582901 -0.001290230 0.999993205 -0.003449892 -1.514442563 -0.022558574 0.003419911 0.999739647 14.352707863
0.999665260 0.001297887 0.025841825 0.733439565 -0.001182827 0.999989331 -0.004467241 -1.653530121 -0.025847349 0.004435179 0.999656022 15.648696899
0.999583840 0.002121759 0.028769571 0.820697308 -0.001997451 0.999988556 -0.004348886 -1.792082906 -0.028778465 0.004289610 0.999576628 16.946109772
0.999488473 0.001644974 0.031940464 0.910006642 -0.001523067 0.999991357 -0.003840683 -1.932001591 -0.031946506 0.003790070 0.999482512 18.233518600
0.999414802 0.000335236 0.034208644 1.005035281 -0.000211294 0.999993384 -0.003626673 -2.074004650 -0.034209639 0.003617321 0.999408126 19.533155441
0.999360800 -0.002303754 0.035675824 1.103704333 0.002480508 0.999984920 -0.004910980 -2.214311361 -0.035663966 0.004996336 0.999351323 20.811880112
0.999317825 -0.001848534 0.036883727 1.202281594 0.002093910 0.999975920 -0.006615178 -2.356363773 -0.036870610 0.006687898 0.999297678 22.117420197
0.999275386 -0.001749140 0.038020283 1.286579847 0.002103976 0.999954581 -0.009294791 -2.500448942 -0.038002297 0.009368049 0.999233723 23.404417038
0.999233782 -0.001205338 0.039119929 1.387566566 0.001631994 0.999939620 -0.010876262 -2.641668320 -0.039104450 0.010931771 0.999175251 24.690605164
0.999200583 -0.000445058 0.039976254 1.489145875 0.000902747 0.999934256 -0.011431714 -2.789890528 -0.039968539 0.011458663 0.999135137 25.960796356
0.999173105 -0.002183771 0.040600412 1.583806157 0.002610524 0.999941826 -0.010461013 -2.934730291 -0.040575214 0.010558349 0.999120712 27.255134583
0.999169528 -0.005136255 0.040419765 1.689207792 0.005516246 0.999941707 -0.009295230 -3.081178427 -0.040369656 0.009510476 0.999139547 28.531991959
0.999187768 -0.006571422 0.039756972 1.782268167 0.006966993 0.999927521 -0.009819368 -3.225911379 -0.039689556 0.010088379 0.999161124 29.823926926
0.999196827 -0.008230465 0.039216675 1.881660104 0.008723387 0.999884903 -0.012414692 -3.370461226 -0.039109983 0.012746822 0.999153614 31.086290359
0.999236763 -0.008406171 0.038147401 1.996246934 0.008892197 0.999881208 -0.012589016 -3.519066811 -0.038037047 0.012918620 0.999192953 32.376712799
0.999254525 -0.009036332 0.037532397 2.096340179 0.009519536 0.999873877 -0.012715588 -3.665922642 -0.037412755 0.013063401 0.999214530 33.642185211
0.999267101 -0.009760493 0.037012793 2.188400269 0.010243127 0.999864638 -0.012872525 -3.810998678 -0.036882143 0.013242217 0.999231875 34.913543701
0.999276340 -0.010286160 0.036618356 2.280759335 0.010785676 0.999851108 -0.013469780 -3.955151796 -0.036474358 0.013854987 0.999238551 36.173614502
0.999315500 -0.010805057 0.035380732 2.391123295 0.011293627 0.999843240 -0.013638309 -4.112333298 -0.035227824 0.014028550 0.999280870 37.460002899
0.999314725 -0.010534721 0.035485640 2.487159729 0.010955951 0.999871552 -0.011696965 -4.258587360 -0.035357859 0.012077726 0.999301791 38.714981079
0.999279857 -0.010317330 0.036513884 2.585107803 0.010718654 0.999884069 -0.010812409 -4.398408413 -0.036398098 0.011196002 0.999274611 39.988414764
0.999202311 -0.012150297 0.038041472 2.699785233 0.012515912 0.999877572 -0.009387589 -4.539337635 -0.037922755 0.009856224 0.999232054 41.240890503
0.999094069 -0.013360357 0.040404689 2.793523788 0.013792682 0.999850392 -0.010440093 -4.686895847 -0.040259160 0.010987922 0.999128878 42.500793457
0.998969376 -0.014418211 0.043039110 2.885849476 0.015010261 0.999796629 -0.013464702 -4.838132858 -0.042836227 0.014096851 0.998982668 43.751777649
0.998866081 -0.015528910 0.045003712 2.988948107 0.016203361 0.999761224 -0.014660658 -4.981568813 -0.044765297 0.015373247 0.998879254 45.007045746
0.998743892 -0.015861483 0.047529723 3.113364458 0.016519917 0.999772489 -0.013492419 -5.115364075 -0.047304906 0.014260659 0.998778701 46.241088867
0.998541772 -0.016976111 0.051246218 3.219889879 0.017515164 0.999795675 -0.010088101 -5.270773411 -0.051064491 0.010970976 0.998635113 47.507091522
0.998270869 -0.019854516 0.055326417 3.334283829 0.020326713 0.999761462 -0.007985072 -5.410689831 -0.055154685 0.009095871 0.998436391 48.731277466
0.998039365 -0.021947781 0.058614828 3.467362881 0.022480832 0.999711573 -0.008450130 -5.551198959 -0.058412466 0.009751275 0.998244882 49.981376648
0.997774005 -0.025298791 0.061700135 3.614556789 0.026098954 0.999585032 -0.012197158 -5.687205791 -0.061365951 0.013780316 0.998020232 51.213977814
0.997478545 -0.026528439 0.065824293 3.743234396 0.027402651 0.999547362 -0.012413753 -5.822748184 -0.065465182 0.014186212 0.997754037 52.445716858
0.997121155 -0.029043386 0.070042230 3.871790171 0.029814916 0.999505401 -0.009994859 -5.962338448 -0.069717318 0.012054389 0.997493863 53.665283203
0.996848464 -0.031480201 0.072816096 4.026270390 0.032045525 0.999464571 -0.006608212 -6.097959518 -0.072569080 0.008920818 0.997323513 54.875976562
0.996622920 -0.034186929 0.074659705 4.179226875 0.034638572 0.999388576 -0.004762481 -6.229044914 -0.074451253 0.007332503 0.997197747 56.093441010
0.996413648 -0.037037328 0.076078288 4.327438354 0.037294839 0.999302387 -0.001966513 -6.353096008 -0.075952388 0.004796789 0.997099936 57.306621552
0.996239424 -0.040007092 0.076852314 4.476715088 0.040142320 0.999194026 -0.000214947 -6.484212875 -0.076781780 0.003299170 0.997042477 58.513805389
0.996210873 -0.042041764 0.076133974 4.628532410 0.042436190 0.999092817 -0.003569670 -6.609866142 -0.075914830 0.006786978 0.997091234 59.721183777
0.996213377 -0.043198261 0.075451888 4.774527550 0.043916699 0.999004006 -0.007887912 -6.738409519 -0.075035989 0.011171641 0.997118175 60.909313202
0.996234179 -0.044612940 0.074343257 4.910974026 0.045614969 0.998888910 -0.011834543 -6.869286537 -0.073732682 0.015181141 0.997162461 62.114170074
0.996289015 -0.046114858 0.072674595 5.059590816 0.047272403 0.998779774 -0.014288087 -7.002982616 -0.071927033 0.017670564 0.997253358 63.310279846
0.996414542 -0.046125993 0.070925653 5.188104630 0.047274590 0.998775184 -0.014600940 -7.135888100 -0.070165306 0.017901571 0.997374654 64.491256714
0.996632516 -0.045696236 0.068083994 5.321579933 0.046749797 0.998809040 -0.013961531 -7.272839546 -0.067364909 0.017097427 0.997581899 65.667457581
0.996866107 -0.044720810 0.065252773 5.437730312 0.045588728 0.998889744 -0.011872411 -7.415236950 -0.064649381 0.014809998 0.997798264 66.866645813
0.997252882 -0.040965401 0.061713833 5.555936337 0.041560519 0.999100745 -0.008389998 -7.544062138 -0.061314642 0.010931809 0.998058617 68.039764404
0.997473657 -0.039241090 0.059217170 5.666745186 0.039658189 0.999196053 -0.005884455 -7.672706127 -0.058938630 0.008218033 0.998227775 69.207595825
0.997773767 -0.037965160 0.054827891 5.800388813 0.038518071 0.999216795 -0.009062811 -7.812873363 -0.054440882 0.011154499 0.998454630 70.423179626
0.997947037 -0.038286932 0.051338941 5.908622265 0.039120432 0.999116957 -0.015329335 -7.946667671 -0.050706685 0.017306264 0.998563707 71.581726074
0.998016477 -0.041825548 0.047050022 6.019753456 0.042757444 0.998905182 -0.018977031 -8.079141617 -0.046204790 0.020951128 0.998712242 72.758537292
0.998041093 -0.045321036 0.043126199 6.136541367 0.045970730 0.998841882 -0.014194061 -8.220790863 -0.042432956 0.016148796 0.998968780 73.946624756
0.998032749 -0.049083784 0.039005134 6.239360332 0.049484450 0.998730898 -0.009373335 -8.347977638 -0.038495556 0.011285042 0.999194980 75.105232239
0.998083651 -0.051424552 0.034416810 6.334288597 0.051674709 0.998643279 -0.006418296 -8.479372978 -0.034040060 0.008184474 0.999386966 76.294311523
0.998261571 -0.050571553 0.030271545 6.422171593 0.050712205 0.998705566 -0.003896028 -8.605736732 -0.030035332 0.005424390 0.999534190 77.453468323
0.998398721 -0.050074674 0.026314555 6.514867306 0.050198864 0.998730838 -0.004079856 -8.722687721 -0.026076857 0.005394286 0.999645352 78.612472534
0.998522520 -0.048985902 0.023519821 6.582492352 0.049139060 0.998773992 -0.005978214 -8.851431847 -0.023198135 0.007125123 0.999705493 79.775138855
0.998705149 -0.046679083 0.020226341 6.657694817 0.046903998 0.998841107 -0.010791789 -8.982783318 -0.019699153 0.011726513 0.999737144 80.920410156
0.998619199 -0.049958494 0.016247043 6.742553711 0.050217543 0.998610973 -0.015947707 -9.119560242 -0.015427749 0.016741574 0.999740779 82.085052490
0.998467684 -0.053682361 0.013432519 6.801533699 0.053907759 0.998400748 -0.017021785 -9.249501228 -0.012497267 0.017719816 0.999764860 83.232353210
0.998497963 -0.053903364 0.009803492 6.866033077 0.054033890 0.998446822 -0.013576182 -9.379605293 -0.009056466 0.014085510 0.999859750 84.369598389
0.998499870 -0.054290555 0.007096665 6.932018757 0.054368004 0.998457968 -0.011219438 -9.509116173 -0.006476613 0.011588442 0.999911785 85.508033752
0.998636663 -0.051835943 0.006147744 6.976043224 0.051910989 0.998570323 -0.012749851 -9.640852928 -0.005478053 0.013051608 0.999899745 86.647926331
0.998827279 -0.048155550 0.005017130 7.032522202 0.048229322 0.998711288 -0.015799398 -9.769944191 -0.004249835 0.016022844 0.999862611 87.769943237
0.998894989 -0.046847802 0.003744946 7.096774101 0.046911314 0.998714566 -0.019196667 -9.894058228 -0.002840810 0.019351134 0.999808729 88.862693787
0.998832762 -0.048138458 0.003971390 7.130653858 0.048206683 0.998649180 -0.019384552 -10.038754463 -0.003032884 0.019553371 0.999804199 90.028160095
0.998779476 -0.049328286 0.002529007 7.182524681 0.049363788 0.998640776 -0.016723014 -10.170479774 -0.001700653 0.016827444 0.999856949 91.142997742
0.998725712 -0.050449379 0.001388823 7.234679699 0.050463893 0.998627841 -0.013990576 -10.303037643 -0.000681102 0.014042832 0.999901175 92.255851746
0.998747706 -0.050021380 0.000877924 7.297779083 0.050028663 0.998657584 -0.013420193 -10.428266525 -0.000205449 0.013447308 0.999909520 93.387756348
0.998720169 -0.050567415 0.000982658 7.342094898 0.050576586 0.998598635 -0.015575963 -10.557209969 -0.000193645 0.015605727 0.999878287 94.495697021
0.998702526 -0.050922655 -0.000120646 7.407645226 0.050910547 0.998511493 -0.019564273 -10.686597824 0.001116731 0.019532746 0.999808609 95.608467102
0.998681962 -0.051321320 0.000535989 7.444653511 0.051321507 0.998471141 -0.020530986 -10.825409889 0.000518508 0.020531438 0.999789059 96.714347839
0.998640120 -0.052132439 0.000201185 7.501278877 0.052127074 0.998464882 -0.018722452 -10.959859848 0.000775171 0.018707478 0.999824703 97.798599243
0.998691380 -0.051125828 0.001314698 7.541542053 0.051139146 0.998595715 -0.013833540 -11.080971718 -0.000605601 0.013882668 0.999903381 98.881568909
0.998775840 -0.049398795 0.002580937 7.590840816 0.049422950 0.998724520 -0.010329307 -11.202566147 -0.002067389 0.010444220 0.999943256 99.946937561
0.998875618 -0.047187034 0.004566614 7.636561394 0.047232356 0.998829901 -0.010384746 -11.325515747 -0.004071246 0.010588763 0.999935567 101.018066406
0.998943210 -0.045467328 0.006720600 7.684282303 0.045546539 0.998888433 -0.012144772 -11.447788239 -0.006160939 0.012438038 0.999903619 102.051986694
0.998904049 -0.045849890 0.009406416 7.737761497 0.045983206 0.998837233 -0.014483649 -11.570199966 -0.008731403 0.014900314 0.999850810 103.071418762
0.998820424 -0.047259036 0.011148060 7.790298939 0.047428254 0.998755336 -0.015437506 -11.688155174 -0.010404621 0.015948031 0.999818683 104.096801758
0.998712003 -0.048981991 0.013229556 7.848509312 0.049175918 0.998681128 -0.014754549 -11.802759171 -0.012489400 0.015386121 0.999803662 105.077636719
0.998678505 -0.049172781 0.014951574 7.908677578 0.049368311 0.998695970 -0.013002325 -11.925817490 -0.014292717 0.013723276 0.999803662 106.050895691
0.998604119 -0.050429814 0.015706079 7.982588291 0.050613102 0.998652101 -0.011498822 -12.037328720 -0.015105027 0.012277703 0.999810517 107.007156372
0.998540580 -0.051034678 0.017667331 8.039182663 0.051248495 0.998615384 -0.011868979 -12.145971298 -0.017037138 0.012757082 0.999773562 107.924728394
0.998520374 -0.050874021 0.019204242 8.103233337 0.051078264 0.998641551 -0.010298352 -12.246458054 -0.018654235 0.011264035 0.999762535 108.837745667
0.998530507 -0.049900725 0.021138618 8.161703110 0.050083540 0.998711348 -0.008208660 -12.345108986 -0.020701759 0.009255294 0.999742866 109.709671021
0.998496711 -0.050055336 0.022332355 8.221929550 0.050177868 0.998727977 -0.004959733 -12.450587273 -0.022055682 0.006072867 0.999738276 110.568290710
0.998448372 -0.050305139 0.023879537 8.283102036 0.050433304 0.998715878 -0.004794954 -12.543830872 -0.023607662 0.005991838 0.999703288 111.394630432
0.998466253 -0.049366061 0.025059745 8.333885193 0.049481928 0.998767018 -0.004024495 -12.636319160 -0.024830168 0.005258329 0.999677837 112.204833984
0.998562992 -0.047111083 0.025542760 8.386688232 0.047225453 0.998876631 -0.003892668 -12.716186523 -0.025330678 0.005093343 0.999666154 112.984848022
0.998703659 -0.044419833 0.024857445 8.432920456 0.044451259 0.999011278 -0.000712836 -12.796770096 -0.024801204 0.001816856 0.999690771 113.744796753
0.998771071 -0.044442505 0.021941986 8.479253769 0.044444475 0.999011755 0.000397858 -12.880949974 -0.021937987 0.000577831 0.999759138 114.495201111
0.998888075 -0.044533554 0.015466987 8.516500473 0.044530164 0.999007761 0.000564148 -12.956567764 -0.015476769 0.000125227 0.999880195 115.193954468
0.999067903 -0.042877115 0.004979655 8.545349121 0.042879950 0.999080062 -0.000463729 -13.033729553 -0.004955193 0.000676824 0.999987483 115.865539551
0.999157846 -0.040048491 -0.008925783 8.543159485 0.040019151 0.999192834 -0.003442090 -13.102540970 0.009056427 0.003081989 0.999954224 116.510070801
0.998868346 -0.038701884 -0.027640924 8.540584564 0.038548220 0.999238312 -0.006070844 -13.169282913 0.027854821 0.004998466 0.999599457 117.129066467
0.998056352 -0.037062220 -0.050099090 8.508182526 0.036692172 0.999292314 -0.008286278 -13.240469933 0.050370745 0.006431927 0.998709857 117.717124939
0.996333122 -0.035522226 -0.077836223 8.466299057 0.034832567 0.999341130 -0.010200696 -13.307332993 0.078147292 0.007452056 0.996913970 118.284584045
0.993356526 -0.033452887 -0.110106841 8.397696495 0.032314815 0.999404430 -0.012104861 -13.375384331 0.110446200 0.008466359 0.993845999 118.831954956
0.989003241 -0.028599899 -0.145100966 8.286867142 0.026930386 0.999546766 -0.013457445 -13.441532135 0.145420060 0.009401833 0.989325285 119.367553711
0.982748091 -0.022752527 -0.183543935 8.164367676 0.020724254 0.999701381 -0.012961491 -13.504074097 0.183783993 0.008934069 0.982926011 119.901214600
0.974096715 -0.017529776 -0.225451425 8.030879974 0.015505678 0.999822021 -0.010745650 -13.562594414 0.225599676 0.006971525 0.974195123 120.405418396
0.962714434 -0.012752105 -0.270218760 7.865179062 0.010718388 0.999902010 -0.009000524 -13.623947144 0.270307094 0.005768626 0.962756872 120.889938354
0.948219478 -0.006886845 -0.317541212 7.675888062 0.004051264 0.999945760 -0.009589249 -13.679980278 0.317590058 0.007806270 0.948195875 121.370094299
0.931025445 0.000905592 -0.364953220 7.444953918 -0.004949431 0.999936283 -0.010145166 -13.734690666 0.364920795 0.011251718 0.930970550 121.824211121
0.909862995 0.005301118 -0.414875060 7.191829681 -0.010843450 0.999880672 -0.011004680 -13.787547112 0.414767265 0.014511429 0.909811735 122.263442993
0.884677887 0.010048791 -0.466094494 6.916736603 -0.016454976 0.999817789 -0.009677000 -13.844823837 0.465912253 0.016230604 0.884682059 122.692253113
0.855665922 0.013134873 -0.517361701 6.629650116 -0.021159977 0.999729931 -0.009615225 -13.887497902 0.517095745 0.019174784 0.855712771 123.087615967
0.824012220 0.022869172 -0.566110253 6.303668976 -0.031931657 0.999471486 -0.006103038 -13.937179565 0.565671444 0.023105817 0.824306965 123.460525513
0.789852440 0.035798665 -0.612251163 5.957649231 -0.044962116 0.998988628 0.000406733 -13.981143951 0.611646473 0.027206849 0.790663302 123.818176270
0.753949940 0.044815097 -0.655401409 5.609809875 -0.056647196 0.998389482 0.003103083 -14.017447472 0.654484928 0.034787081 0.755274415 124.122741699
0.714472294 0.049001880 -0.697945833 5.230850220 -0.064130455 0.997931778 0.004414523 -14.070750237 0.696718514 0.041605521 0.716136992 124.420776367
0.671887457 0.050437689 -0.738933980 4.854156494 -0.066645779 0.997748494 0.007504961 -14.113577843 0.737648845 0.044204336 0.673736095 124.706123352
0.627788842 0.054055765 -0.776504576 4.449947357 -0.070237167 0.997450113 0.012651352 -14.145036697 0.775208473 0.046597093 0.629984617 124.973686218
0.582486153 0.063223749 -0.810378075 4.022018433 -0.081468895 0.996491313 0.019185364 -14.185029030 0.808747590 0.054845393 0.585593164 125.208007812
0.537448704 0.071726397 -0.840240598 3.565025330 -0.092952400 0.995343685 0.025510870 -14.205885887 0.838157952 0.064391591 0.541613281 125.415733337
0.490586340 0.076891258 -0.867993474 3.117698669 -0.098821424 0.994582355 0.032251682 -14.229619026 0.865770936 0.069954112 0.495527059 125.607864380
0.443104625 0.078288801 -0.893044889 2.655521393 -0.098075144 0.994433403 0.038514797 -14.256326675 0.891088903 0.070519418 0.448316246 125.789718628
0.395705253 0.080110110 -0.914876938 2.178768158 -0.095525369 0.994374871 0.045754340 -14.280538559 0.913396001 0.069288716 0.401131958 125.966148376
0.350589424 0.082735643 -0.932867527 1.687545776 -0.097195238 0.993925631 0.051623024 -14.299859047 0.931472003 0.072571807 0.356501400 126.101539612
0.306981117 0.086210698 -0.947802782 1.187919617 -0.102936447 0.993054211 0.056986891 -14.319889069 0.946132481 0.080069557 0.313723147 126.217529297
0.265320063 0.087543897 -0.960177720 0.668426514 -0.107321896 0.992362142 0.060822684 -14.335514069 0.958168626 0.086910620 0.272689015 126.320907593
0.225801736 0.083705574 -0.970570326 0.139526367 -0.107308783 0.992375851 0.060620930 -14.350301743 0.968245029 0.090462416 0.233062565 126.424758911
0.190828040 0.078951634 -0.978443325 -0.393087387 -0.102261536 0.992935717 0.060176753 -14.374178886 0.976282299 0.088573717 0.197553679 126.513076782
0.160430953 0.073819250 -0.984282851 -0.940568924 -0.099525481 0.993327081 0.058275614 -14.394663811 0.982016683 0.088612020 0.166707307 126.592323303
0.133749053 0.072330311 -0.988372207 -1.508323669 -0.100728855 0.993160009 0.059049796 -14.414383888 0.985882759 0.091659755 0.140119955 126.661170959
0.111805201 0.071372211 -0.991163850 -2.096347809 -0.101149514 0.993054271 0.060098514 -14.426182747 0.988568902 0.093536399 0.118247911 126.718940735
0.093734525 0.072816342 -0.992930830 -2.690780640 -0.103529125 0.992627919 0.063020781 -14.440219879 0.990199745 0.096890047 0.100582130 126.769531250
0.077317648 0.071044385 -0.994472086 -3.299670219 -0.104014270 0.992589712 0.062823065 -14.464510918 0.991565943 0.098581962 0.084134355 126.821723938
0.063166276 0.069871955 -0.995554090 -3.919044971 -0.102975428 0.992678106 0.063136496 -14.492739677 0.992676258 0.098529510 0.069898874 126.873817444
0.050850708 0.067616202 -0.996414721 -4.558919430 -0.098684646 0.993162930 0.062359314 -14.516067505 0.993818700 0.095159799 0.057175715 126.917312622
0.039236512 0.064981200 -0.997114897 -5.208167076 -0.096708924 0.993445575 0.060936593 -14.532658577 0.994539022 0.094038948 0.045263592 126.947357178
0.028493321 0.063918494 -0.997548282 -5.879569054 -0.095754042 0.993538618 0.060926531 -14.551425934 0.994997144 0.093783274 0.034429669 126.985038757
0.018856131 0.065365106 -0.997683287 -6.550828934 -0.099119544 0.993067205 0.063189328 -14.572462082 0.994896948 0.097698398 0.025204364 127.005668640
0.010684852 0.065178692 -0.997816324 -7.229900360 -0.101850539 0.992754519 0.063757397 -14.598914146 0.994742393 0.100946903 0.017245913 127.019203186
0.003743226 0.064601876 -0.997904062 -7.914397240 -0.103950344 0.992529929 0.063864037 -14.619988441 0.994575441 0.103493430 0.010430651 127.042480469
-0.001331574 0.065497585 -0.997851849 -8.611788750 -0.104749709 0.992354035 0.065276518 -14.637166023 0.994497716 0.104611605 0.005539462 127.058227539
-0.005015262 0.067971334 -0.997674644 -9.332813263 -0.107057713 0.991916716 0.068117231 -14.656770706 0.994240105 0.107150398 0.002302134 127.082412720
-0.005321596 0.071929917 -0.997395515 -10.071498871 -0.109214887 0.991401434 0.072080351 -14.680343628 0.994003952 0.109314010 0.002579980 127.078056335
-0.006765766 0.075044602 -0.997157156 -10.781731606 -0.111307971 0.990926743 0.075330921 -14.695137024 0.993762910 0.111501217 0.001648684 127.094131470
-0.007280628 0.080660857 -0.996714950 -11.522429466 -0.116207138 0.989919841 0.080959789 -14.702162743 0.993198276 0.116414823 0.002166128 127.100532532
-0.008602829 0.084408022 -0.996394157 -12.263422012 -0.119240627 0.989234686 0.084831037 -14.714806557 0.992828071 0.119540446 0.001554647 127.111763000
-0.009927013 0.084979013 -0.996333301 -13.013289452 -0.119242683 0.989172041 0.085556298 -14.732493401 0.992815435 0.119654782 0.000313600 127.130912781
-0.011437942 0.081947558 -0.996571004 -13.757395744 -0.116932184 0.989688754 0.082723692 -14.750648499 0.993074000 0.117477424 -0.001737694 127.151939392
-0.013109882 0.078289382 -0.996844530 -14.519323349 -0.120548330 0.989534974 0.079300702 -14.754681587 0.992620945 0.121207550 -0.003535032 127.164146423
-0.014143705 0.080217235 -0.996677041 -15.285645485 -0.125989869 0.988689482 0.081362247 -14.767072678 0.991930723 0.126721993 -0.003877171 127.163406372
-0.015777001 0.083175607 -0.996410012 -16.071544647 -0.122575618 0.988856554 0.084485918 -14.780989647 0.992333770 0.123468518 -0.005405890 127.181724548
-0.017964721 0.083186038 -0.996372163 -16.845733643 -0.121339649 0.988985777 0.084757142 -14.796445847 0.992448449 0.122422077 -0.007673090 127.198036194
-0.018377738 0.082814418 -0.996395469 -17.640851974 -0.125105053 0.988541245 0.084469087 -14.807008743 0.991973221 0.126206458 -0.007806649 127.189888000
-0.019999415 0.082192563 -0.996415794 -18.431430817 -0.129020885 0.988069773 0.084093720 -14.819128990 0.991440177 0.130240262 -0.009156267 127.211578369
-0.021235345 0.086431026 -0.996031523 -19.228273392 -0.130751982 0.987459421 0.088474803 -14.824109077 0.991187632 0.132111877 -0.009668013 127.220222473
-0.022041854 0.091473997 -0.995563567 -20.031951904 -0.130212605 0.987060487 0.093575627 -14.838024139 0.991241038 0.131697491 -0.009845579 127.234848022
-0.021122338 0.093685336 -0.995377719 -20.865358353 -0.130855933 0.986776233 0.095652550 -14.845353127 0.991176307 0.132271513 -0.008583741 127.248977661
-0.019141087 0.092471577 -0.995531321 -21.683740616 -0.130274862 0.986994445 0.094183400 -14.851024628 0.991293073 0.131495506 -0.006845427 127.258323669
-0.017938059 0.092345506 -0.995565414 -22.514917374 -0.130256101 0.987023890 0.093900174 -14.853864670 0.991318047 0.131362870 -0.005676726 127.268806458
-0.017907284 0.091507271 -0.995643377 -23.343709946 -0.128725067 0.987304568 0.093056083 -14.859180450 0.991518557 0.129830614 -0.005900663 127.293075562
-0.016863422 0.093267016 -0.995498240 -24.182384491 -0.129691079 0.987024724 0.094670050 -14.863563538 0.991411030 0.130703732 -0.004548716 127.308692932
-0.016775921 0.095530644 -0.995285153 -25.019283295 -0.131377801 0.986584067 0.096909910 -14.867231369 0.991190493 0.132384121 -0.004000252 127.330146790
-0.016507138 0.098134242 -0.995036244 -25.883720398 -0.134114757 0.985961437 0.099464171 -14.867317200 0.990828335 0.135090902 -0.003114149 127.341300964
-0.014902887 0.099223576 -0.994953513 -26.747142792 -0.136317581 0.985571623 0.100329787 -14.863496780 0.990553141 0.137124866 -0.001161942 127.352783203
-0.013122628 0.102417767 -0.994655013 -27.617998123 -0.143082678 0.984311342 0.103240430 -14.863166809 0.989623725 0.143672690 0.001737460 127.366996765
-0.010921077 0.106001467 -0.994306028 -28.498474121 -0.147563487 0.983307362 0.106449708 -14.856428146 0.988992274 0.147885799 0.004903168 127.382736206
-0.008841739 0.107918255 -0.994120538 -29.373172760 -0.150123239 0.982748687 0.108018965 -14.850828171 0.988627672 0.150195673 0.007511832 127.412765503
-0.004968475 0.108665049 -0.994066000 -30.268144608 -0.148834094 0.982925773 0.108191162 -14.850922585 0.988849699 0.148488447 0.011289421 127.435707092
-0.002643945 0.108563088 -0.994086027 -31.156412125 -0.151380673 0.982589662 0.107710198 -14.844630241 0.988471985 0.150770158 0.013836440 127.468513489
0.000103331 0.112296641 -0.993674695 -32.061138153 -0.151902094 0.982145429 0.110977896 -14.835154533 0.988395512 0.150929749 0.017159577 127.495269775
0.002260705 0.114480369 -0.993422925 -32.970485687 -0.150908008 0.982087553 0.112830698 -14.832632065 0.988545179 0.149660423 0.019496219 127.538841248
0.004128504 0.115575179 -0.993290126 -33.863548279 -0.151492044 0.981906474 0.113620974 -14.827368736 0.988449812 0.150006458 0.021562528 127.578453064
0.006683387 0.113702178 -0.993492365 -34.767345428 -0.152706131 0.981977701 0.111357085 -14.819063187 0.988249063 0.150968164 0.023925958 127.609603882
0.006988145 0.114926621 -0.993349314 -35.678955078 -0.157086432 0.981166303 0.112411998 -14.809892654 0.987560153 0.155256167 0.024909945 127.651519775
0.007953907 0.115506701 -0.993274748 -36.572715759 -0.157838047 0.980999470 0.112815276 -14.804564476 0.987433016 0.155879229 0.026034132 127.689239502
0.008524639 0.112279415 -0.993640125 -37.471607208 -0.158361778 0.981287837 0.109525017 -14.802487373 0.987344325 0.156420916 0.026145892 127.722488403
0.009251644 0.107839294 -0.994125307 -38.381347656 -0.159349486 0.981622636 0.105000064 -14.801233292 0.987178862 0.157441944 0.026265755 127.767120361
0.009817757 0.107006833 -0.994209766 -39.278732300 -0.159051210 0.981767058 0.104096994 -14.794603348 0.987221420 0.157108292 0.026658319 127.807670593
0.009655505 0.111237794 -0.993746996 -40.183269501 -0.161336303 0.980946124 0.108237311 -14.790143013 0.986852229 0.159282357 0.027418222 127.847900391
0.009885300 0.117356203 -0.993040681 -41.122390747 -0.161909968 0.980172515 0.114223711 -14.775896072 0.986756027 0.159654021 0.028690439 127.885192871
0.010042402 0.116123900 -0.993183911 -42.017391205 -0.159824297 0.980651617 0.113042586 -14.775819778 0.987094343 0.157599702 0.028407520 127.930366516
0.010892530 0.105720915 -0.994336188 -42.907947540 -0.158870906 0.981947184 0.102663323 -14.782516479 0.987239182 0.156852841 0.027491875 127.973396301
0.011278312 0.095266327 -0.995387912 -43.828830719 -0.160556495 0.982707798 0.092233539 -14.785453796 0.986962199 0.158775747 0.026378907 128.013290405
0.010294640 0.092153609 -0.995691597 -44.730560303 -0.157414421 0.983478189 0.089395680 -14.792434692 0.987478971 0.155815899 0.024630859 128.058410645
0.010005290 0.102037683 -0.994730234 -45.646793365 -0.149954081 0.983684003 0.099396311 -14.793787003 0.988642335 0.148169324 0.025143011 128.111022949
0.010058731 0.115390755 -0.993269265 -46.598239899 -0.145089611 0.982976079 0.112725675 -14.791294098 0.989367366 0.142979190 0.026629495 128.169372559
0.010326285 0.124524288 -0.992162883 -47.519775391 -0.145214856 0.981884003 0.121722840 -14.782672882 0.989346325 0.142819822 0.028221991 128.214355469
0.010109350 0.118626699 -0.992887557 -48.435146332 -0.145506620 0.982544184 0.115909383 -14.777678490 0.989305615 0.143299907 0.027193850 128.254409790
0.010099006 0.105284564 -0.994390845 -49.365573883 -0.145257264 0.984047830 0.102714233 -14.778019905 0.989342391 0.143405214 0.025231255 128.297653198
0.010700709 0.096316881 -0.995293260 -50.281433105 -0.145719454 0.984874845 0.093741991 -14.776582718 0.989268124 0.144030482 0.024574105 128.341400146
0.011203870 0.096226230 -0.995296419 -51.215156555 -0.144563302 0.985057712 0.093609035 -14.782060623 0.989432156 0.142834529 0.024947241 128.385177612
0.010757016 0.097772382 -0.995150685 -52.164363861 -0.148058206 0.984394193 0.095115148 -14.798757553 0.988920152 0.146317065 0.025065145 128.424942017
0.011407061 0.097293623 -0.995190382 -53.092975616 -0.152569041 0.983771265 0.094428480 -14.800746918 0.988227010 0.150758088 0.026065934 128.457672119
0.011723710 0.096790694 -0.995235741 -54.032215118 -0.154136553 0.983583093 0.093841739 -14.805011749 0.987980008 0.152302012 0.026450230 128.500793457
0.012811761 0.104211152 -0.994472682 -54.990066528 -0.162971511 0.981473386 0.100749388 -14.804443359 0.986547649 0.160779938 0.029557850 128.534500122
0.014465795 0.113729812 -0.993406415 -55.938850403 -0.169510111 0.979408622 0.109658904 -14.793334007 0.985422254 0.166806117 0.033446278 128.572723389
0.015895255 0.121922471 -0.992412388 -56.883598328 -0.169859707 0.978440106 0.117485292 -14.784816742 0.985339940 0.166703403 0.036262266 128.616424561
0.016616093 0.122754671 -0.992297888 -57.826141357 -0.171384782 0.978096664 0.118128002 -14.778131485 0.985064030 0.168101937 0.037290424 128.662399292
0.017994866 0.113293514 -0.993398607 -58.763248444 -0.172824547 0.978956521 0.108515859 -14.775424004 0.984788179 0.169730902 0.037196096 128.715209961
0.018857833 0.108071990 -0.993964195 -59.738212585 -0.171067789 0.979830086 0.103289656 -14.774093628 0.985078692 0.168087453 0.036965109 128.783523560
0.021131387 0.106495500 -0.994088650 -60.690429688 -0.169985786 0.980216205 0.101395972 -14.770256996 0.985219955 0.166838288 0.038816050 128.835449219
0.024682473 0.112260304 -0.993372202 -61.651023865 -0.170958027 0.979511440 0.106446080 -14.763250351 0.984969139 0.167197570 0.043368556 128.890258789
0.028043596 0.114831626 -0.992989004 -62.631938934 -0.173822060 0.978805780 0.108282432 -14.774295807 0.984377682 0.169566780 0.047409501 128.942092896
0.031512722 0.109479152 -0.993489444 -63.588054657 -0.173357397 0.979516804 0.102440648 -14.770957947 0.984354615 0.169000566 0.049846265 129.018554688
0.034765255 0.103779987 -0.993992507 -64.538825989 -0.173317939 0.980149150 0.096272804 -14.776670456 0.984252155 0.168929756 0.052062068 129.084442139
0.038151443 0.103717066 -0.993874848 -65.504158020 -0.170680657 0.980659544 0.095786124 -14.780542374 0.984587491 0.165980816 0.055116072 129.155670166
0.040815260 0.108045757 -0.993307710 -66.467475891 -0.168306664 0.980674088 0.099755786 -14.788536072 0.984889328 0.163108721 0.058211282 129.228240967
0.043888591 0.114691645 -0.992431104 -67.444198608 -0.167815000 0.980119586 0.105847500 -14.792210579 0.984841168 0.161899358 0.062263045 129.323776245
0.047507521 0.118382402 -0.991830945 -68.399688721 -0.165669322 0.980133414 0.109050833 -14.790295601 0.985036373 0.159135193 0.066176027 129.398071289
0.049324129 0.120234340 -0.991519451 -69.363784790 -0.165156811 0.980043232 0.110626817 -14.791968346 0.985033095 0.158299625 0.068197303 129.482070923
0.051268294 0.117707141 -0.991724074 -70.319473267 -0.163356632 0.980643630 0.107947111 -14.789752960 0.985234022 0.156470463 0.069504164 129.564422607
0.050953005 0.115727194 -0.991973281 -71.277778625 -0.160956383 0.981230497 0.106206313 -14.791164398 0.985645413 0.154252902 0.068623655 129.664611816
0.051239792 0.112080030 -0.992377222 -72.219177246 -0.157896861 0.982093513 0.102765843 -14.799280167 0.986125290 0.151427537 0.068019353 129.755340576
0.051658742 0.112339459 -0.992326140 -73.191177368 -0.156985760 0.982212842 0.103022136 -14.796463013 0.986248910 0.150459081 0.068375565 129.829574585
0.050905310 0.116392791 -0.991897821 -74.141792297 -0.153514892 0.982293785 0.107387260 -14.794069290 0.986834288 0.146804512 0.067871995 129.925903320
0.050336193 0.117522232 -0.991793752 -75.113967896 -0.147926569 0.982976735 0.108969808 -14.790564537 0.987716556 0.141227558 0.066863954 130.018051147
0.049279269 0.113884524 -0.992271125 -76.063293457 -0.144766748 0.983801365 0.105722882 -14.788739204 0.988237858 0.138437912 0.064967707 130.103591919
0.047913980 0.110447407 -0.992726386 -77.012710571 -0.146589488 0.983884156 0.102388516 -14.791952133 0.988036335 0.140617400 0.063332237 130.182968140
0.046780091 0.106357552 -0.993227005 -77.996109009 -0.142841414 0.984809160 0.098728448 -14.789577484 0.988639414 0.137255415 0.061261721 130.254455566
0.045777325 0.107905410 -0.993106663 -78.938636780 -0.143928230 0.984488428 0.100334629 -14.797627449 0.988528728 0.138343021 0.060597889 130.322021484
0.044579618 0.109093405 -0.993031323 -79.887641907 -0.144320339 0.984295666 0.101654805 -14.797377586 0.988526285 0.138782889 0.059623931 130.402267456
0.043627910 0.110150114 -0.992956877 -80.855552673 -0.146857858 0.983813524 0.102683254 -14.805116653 0.988194942 0.141343713 0.059098136 130.465927124
0.042237364 0.110282555 -0.993002355 -81.811889648 -0.146869361 0.983777463 0.103010945 -14.799473763 0.988253653 0.141490713 0.057749297 130.537567139
0.040304165 0.110943675 -0.993009090 -82.766304016 -0.146988869 0.983662546 0.103933468 -14.800542831 0.988316715 0.141772345 0.055953182 130.605255127
0.038134247 0.114000335 -0.992748618 -83.710166931 -0.146786034 0.983333468 0.107280709 -14.801972389 0.988432944 0.141630575 0.054232337 130.679733276
0.036419656 0.117584549 -0.992394805 -84.671829224 -0.148149177 0.982715964 0.111000821 -14.791383743 0.988294184 0.142979860 0.053210232 130.733963013
0.034078572 0.122289278 -0.991909266 -85.620773315 -0.149230853 0.981981933 0.115938306 -14.778824806 0.988214970 0.144072443 0.051713876 130.799804688
0.032406252 0.122475952 -0.991942286 -86.568588257 -0.149442807 0.981900513 0.116353877 -14.776702881 0.988239229 0.144468039 0.050122872 130.860351562
0.030929128 0.116468437 -0.992712677 -87.509536743 -0.149381176 0.982571840 0.110624537 -14.766757965 0.988295853 0.144871056 0.047788281 130.925384521
0.028787201 0.112119101 -0.993277669 -88.447784424 -0.154168397 0.982297659 0.106411599 -14.759868622 0.987625122 0.150068700 0.045562819 130.984527588
0.028521750 0.109613456 -0.993564963 -89.421051025 -0.152572170 0.982800305 0.104046009 -14.750890732 0.987880826 0.148622796 0.044755131 131.030502319
0.027598672 0.110536546 -0.993488848 -90.372116089 -0.148419186 0.983304560 0.105280414 -14.754413605 0.988539338 0.144547194 0.043543641 131.091278076
0.026779300 0.111872680 -0.993361652 -91.323883057 -0.145097092 0.983629346 0.106865078 -14.751631737 0.989054978 0.141272113 0.042573299 131.155807495
0.025576383 0.111911774 -0.993388951 -92.269401550 -0.140060648 0.984313548 0.107283302 -14.753796577 0.989812553 0.136390775 0.040849619 131.221694946
0.024603147 0.109081663 -0.993728280 -93.215293884 -0.136073008 0.985143185 0.104770355 -14.755591393 0.990393221 0.132641897 0.039080698 131.281555176
0.023470875 0.106192850 -0.994068503 -94.188865662 -0.130682692 0.986136377 0.102259934 -14.762986183 0.991146505 0.127507403 0.037023038 131.339218140
0.022507703 0.108564660 -0.993834555 -95.148757935 -0.128760874 0.986121833 0.104806058 -14.764142990 0.991420209 0.125608072 0.036174215 131.393798828
0.021180088 0.111204952 -0.993571818 -96.095993042 -0.128451630 0.985860765 0.107603692 -14.765951157 0.991489649 0.125346839 0.035165071 131.452301025
0.019965587 0.109120741 -0.993827939 -97.047935486 -0.123840429 0.986641049 0.105843738 -14.759512901 0.992101192 0.120962843 0.033212423 131.499206543
0.016825942 0.105922751 -0.994231999 -98.006591797 -0.121601760 0.987208128 0.103116512 -14.758635521 0.992436349 0.119165324 0.029491097 131.561157227
0.013859122 0.103505820 -0.994532347 -98.956626892 -0.120393716 0.987564504 0.101102918 -14.760128975 0.992629468 0.118334264 0.026148228 131.613632202
0.011579975 0.101942159 -0.994722903 -99.918769836 -0.114073895 0.988429725 0.099969238 -14.763915062 0.993404686 0.112314284 0.023074932 131.659301758
0.008458009 0.102104165 -0.994737804 -100.861633301 -0.108370632 0.989007890 0.100594565 -14.760179520 0.994074523 0.106949523 0.019430127 131.720535278
0.006264869 0.109391406 -0.993979037 -101.845756531 -0.098032713 0.989277601 0.108256117 -14.752895355 0.995163500 0.096764244 0.016921630 131.777526855
0.003734535 0.117968999 -0.993010283 -102.804573059 -0.090055078 0.989022017 0.117156506 -14.751986504 0.995929837 0.088988073 0.014317242 131.830841064
0.000106340 0.116807729 -0.993154585 -103.757316589 -0.086043864 0.989472330 0.116365440 -14.741597176 0.996291399 0.085442461 0.010155810 131.881561279
-0.002006070 0.106971957 -0.994260013 -104.717124939 -0.087012604 0.990472317 0.106739998 -14.741963387 0.996205211 0.086727276 0.007320952 131.908920288
-0.004286026 0.097389311 -0.995237112 -105.664825439 -0.088717371 0.991284668 0.097384602 -14.739558220 0.996047556 0.088712215 0.004391451 131.946105957
-0.004351951 0.099074483 -0.995070398 -106.624893188 -0.096210755 0.990422189 0.099032447 -14.742851257 0.995351493 0.096167445 0.005221761 131.960296631
-0.004966639 0.108589247 -0.994074404 -107.594589233 -0.099634275 0.989086270 0.108542182 -14.733483315 0.995011747 0.099582978 0.005906777 131.992324829
-0.006433378 0.119977504 -0.992755711 -108.557914734 -0.103650995 0.987348735 0.119995736 -14.722120285 0.994592905 0.103672110 0.006083799 132.019454956
-0.007865447 0.121570535 -0.992551625 -109.506164551 -0.110613503 0.986385226 0.121691816 -14.710406303 0.993832409 0.110746756 0.005688983 132.048934937
-0.007423774 0.118896492 -0.992878854 -110.496025085 -0.118013702 0.985863388 0.118938744 -14.697240829 0.992984235 0.118056290 0.006712588 132.062805176
-0.007731623 0.114780694 -0.993360817 -111.449623108 -0.126008555 0.985359967 0.114836991 -14.683648109 0.991999090 0.126059830 0.006844920 132.087249756
-0.005742294 0.116809256 -0.993137836 -112.415588379 -0.130661085 0.984551966 0.116554923 -14.665672302 0.991410434 0.130433753 0.009608838 132.112121582
-0.004136282 0.118356429 -0.992962539 -113.398262024 -0.138845906 0.983285010 0.117781289 -14.650438309 0.990305364 0.138355970 0.012366161 132.132522583
-0.003421749 0.121031664 -0.992642701 -114.363525391 -0.148114890 0.981638372 0.120200485 -14.633116722 0.988964200 0.147436485 0.014567673 132.150177002
-0.003442592 0.123376153 -0.992354035 -115.337226868 -0.153631747 0.980513334 0.122437015 -14.613100052 0.988122165 0.152878568 0.015578987 132.178329468
-0.003140163 0.122675590 -0.992441833 -116.310020447 -0.157245025 0.980039656 0.121640079 -14.603019714 0.987554550 0.156438529 0.016212640 132.216522217
-0.001486883 0.113308750 -0.993558705 -117.265411377 -0.156282321 0.981325030 0.112147473 -14.605384827 0.987711251 0.155442417 0.016249042 132.246902466
0.000016155 0.101725921 -0.994812489 -118.216323853 -0.159471929 0.982081532 0.100421511 -14.595848083 0.987202466 0.158643022 0.016238295 132.281616211
