1.000000000 0.000000000 0.000000000 0.000000000 0.000000000 1.000000000 0.000000000 0.000000000 0.000000000 0.000000000 1.000000000 0.000000000
0.999997616 -0.001694706 -0.001359659 0.049364958 0.001691676 0.999996066 -0.002226866 -0.132481873 0.001363428 0.002224560 0.999996603 1.298371315
0.999997675 0.000102251 -0.002148894 0.104747094 -0.000115744 0.999980271 -0.006279692 -0.268168658 0.002148209 0.006279928 0.999977946 2.599297523
0.999995947 0.002513568 -0.001347010 0.148984283 -0.002523858 0.999967158 -0.007692176 -0.407692939 0.001327631 0.007695544 0.999969423 3.901157379
0.999983251 0.005782189 0.000148706 0.193689317 -0.005781113 0.999962568 -0.006434220 -0.546234190 -0.000185904 0.006433254 0.999979258 5.215586185
0.999975443 0.006598563 0.002356904 0.243782118 -0.006591402 0.999973655 -0.003033551 -0.690850079 -0.002376859 0.003017941 0.999992609 6.534763336
0.999960184 0.006899360 0.005651092 0.299936026 -0.006889897 0.999974728 -0.001692142 -0.827713490 -0.005662625 0.001653140 0.999982595 7.838543415
0.999943674 0.005297604 0.009189291 0.355933249 -0.005282510 0.999984801 -0.001666036 -0.961640358 -0.009197976 0.001617400 0.999956310 9.145647049
0.999913931 0.003893286 0.012527171 0.434104264 -0.003874328 0.999991298 -0.001537211 -1.098694086 -0.012533048 0.001488545 0.999920368 10.445976257
0.999869943 0.002713069 0.015895853 0.501739740 -0.002678517 0.999993980 -0.002194514 -1.236470103 -0.015901709 0.002151651 0.999871254 11.751206398
0.999814332 0.001526788 0.019207019 0.577968299 -0.001469200 0.999994457 -0.003012038 -1.371293068 -0.019211510 0.002983260 0.999810994 13.044208527
0.999746144 0.001711195 0.022463180 0.651976943 -0.001649578 0.999994814 -0.002761267 -1.523708940 -0.022467786 0.002723511 0.999743879 14.372521400
0.999664068 0.001673531 0.025863199 0.735593557 -0.001575555 0.999991536 -0.003808135 -1.661319733 -0.025869349 0.003766106 0.999658287 15.670880318
0.999577403 0.002560114 0.028955797 0.818655252 -0.002449481 0.999989569 -0.003855580 -1.800780654 -0.028965367 0.003783023 0.999573171 16.968090057
0.999477208 0.002167768 0.032257482 0.907356918 -0.002057728 0.999991953 -0.003444085 -1.938952804 -0.032264691 0.003375908 0.999473631 18.254308701
0.999407709 0.000757243 0.034403715 1.004765272 -0.000653973 0.999995232 -0.003012868 -2.082841873 -0.034405824 0.002988585 0.999403477 19.553453445
0.999352098 -0.001760902 0.035947539 1.100993633 0.001914533 0.999989152 -0.004239791 -2.222840309 -0.035939679 0.004305866 0.999344707 20.833312988
0.999309421 -0.001461115 0.037127443 1.199661732 0.001679947 0.999981344 -0.005863562 -2.366646290 -0.037118182 0.005921885 0.999293268 22.134466171
0.999268413 -0.001400217 0.038217884 1.283230066 0.001735138 0.999960423 -0.008731696 -2.509050369 -0.038204141 0.008791621 0.999231279 23.424613953
0.999228001 -0.000807107 0.039278314 1.387840033 0.001194207 0.999950886 -0.009832854 -2.653532982 -0.039268453 0.009872168 0.999179900 24.705091476
0.999192357 -0.000084095 0.040182222 1.488762975 0.000508104 0.999944270 -0.010542051 -2.799030542 -0.040179100 0.010553954 0.999136746 25.974378586
0.999171138 -0.001702103 0.040670119 1.588210344 0.002086400 0.999953568 -0.009408537 -2.946327209 -0.040652219 0.009485593 0.999128342 27.262355804
0.999170661 -0.004814042 0.040430967 1.695169926 0.005149810 0.999953091 -0.008204686 -3.090156794 -0.040389571 0.008406093 0.999148667 28.539350510
0.999184608 -0.006130159 0.039906040 1.785093307 0.006476890 0.999942362 -0.008565238 -3.238571644 -0.039851233 0.008816723 0.999166727 29.825963974
0.999201238 -0.007772633 0.039196692 1.886953354 0.008210135 0.999905705 -0.011013115 -3.383781672 -0.039107390 0.011326130 0.999170840 31.089162827
0.999223471 -0.007894707 0.038601097 1.992745399 0.008325334 0.999904752 -0.011007789 -3.533046722 -0.038510520 0.011320609 0.999194026 32.366344452
0.999241769 -0.008495605 0.037995763 2.090047359 0.008929288 0.999896765 -0.011258913 -3.676527500 -0.037896190 0.011589651 0.999214470 33.635135651
0.999260247 -0.009087709 0.037365783 2.191362619 0.009513179 0.999891698 -0.011224628 -3.822712183 -0.037259731 0.011571794 0.999238551 34.887954712
0.999274731 -0.009333835 0.036915638 2.283612251 0.009787116 0.999878645 -0.012117268 -3.962652683 -0.036798052 0.012469779 0.999244928 36.146945953
0.999323249 -0.010283665 0.035316069 2.408633709 0.010713398 0.999870598 -0.012000627 -4.119639397 -0.035188086 0.012370861 0.999304116 37.431228638
0.999325395 -0.009849288 0.035380337 2.498036146 0.010213432 0.999896586 -0.010126329 -4.264621735 -0.035276942 0.010480853 0.999322593 38.686920166
0.999287844 -0.009741643 0.036453702 2.599294186 0.010079615 0.999907792 -0.009099011 -4.402590752 -0.036361706 0.009459970 0.999293864 39.958133698
0.999206901 -0.011587508 0.038097084 2.712177277 0.011883167 0.999900877 -0.007543348 -4.541818619 -0.038005900 0.007990078 0.999245584 41.209720612
0.999095201 -0.012536814 0.040639758 2.804924965 0.012887673 0.999881804 -0.008382916 -4.687262535 -0.040529866 0.008899084 0.999138653 42.468467712
0.998960435 -0.013829466 0.043438621 2.899417877 0.014348081 0.999829173 -0.011650016 -4.834311485 -0.043270089 0.012261165 0.998988152 43.713233948
0.998867750 -0.014949997 0.045161258 3.003697157 0.015538840 0.999798417 -0.012715888 -4.976540565 -0.044962056 0.013403247 0.998898804 44.969081879
0.998747230 -0.015260724 0.047654215 3.132838249 0.015825510 0.999808788 -0.011497013 -5.108952522 -0.047469646 0.012236765 0.998797774 46.205463409
0.998542428 -0.016171183 0.051495161 3.234931231 0.016605329 0.999829948 -0.008014046 -5.262758732 -0.051356819 0.008857456 0.998641074 47.442279816
0.998268425 -0.019350048 0.055548429 3.341843605 0.019700611 0.999789298 -0.005770307 -5.401562691 -0.055425067 0.006854654 0.998439252 48.660957336
0.998037636 -0.021483297 0.058815490 3.483683825 0.021891415 0.999740422 -0.006303387 -5.535322666 -0.058664806 0.007578573 0.998248994 49.911460876
0.997754812 -0.024653213 0.062270157 3.620522261 0.025325365 0.999628901 -0.010027883 -5.666405678 -0.061999839 0.011582383 0.998008966 51.134906769
0.997484744 -0.026119044 0.065893479 3.762132883 0.026848737 0.999587357 -0.010212568 -5.797671795 -0.065599538 0.011956038 0.997774422 52.360065460
0.997144520 -0.028868094 0.069780424 3.894087076 0.029461756 0.999537885 -0.007493292 -5.935799599 -0.069531843 0.009527752 0.997534156 53.572505951
0.996851981 -0.031466149 0.072773814 4.048120975 0.031872179 0.999482155 -0.004424495 -6.065693378 -0.072596893 0.006730027 0.997338772 54.767074585
0.996603072 -0.033870161 0.075067885 4.189899445 0.034198839 0.999410212 -0.003097013 -6.189850807 -0.074918725 0.005653728 0.997173548 55.997711182
0.996472061 -0.037135042 0.075263426 4.358444691 0.037225597 0.999306858 0.000199793 -6.311803818 -0.075218685 0.002602638 0.997163653 57.197387695
0.996272445 -0.039412424 0.076734029 4.492099285 0.039422568 0.999221623 0.001383174 -6.435775757 -0.076728828 0.001647035 0.997050643 58.413475037
0.996224940 -0.041380078 0.076311693 4.635636330 0.041632056 0.999131441 -0.001713435 -6.560691357 -0.076174527 0.004883980 0.997082531 59.604122162
0.996254921 -0.042560719 0.075264208 4.793825626 0.043137457 0.999050736 -0.006053166 -6.689741611 -0.074935138 0.009277203 0.997145236 60.803806305
0.996272206 -0.043853384 0.074286439 4.930807114 0.044725660 0.998948097 -0.010118743 -6.817023277 -0.073764548 0.013403534 0.997185588 61.985614777
0.996289849 -0.045979023 0.072748981 5.070181847 0.047012318 0.998815417 -0.012554646 -6.948711395 -0.072085559 0.015928166 0.997271180 63.196609497
0.996427536 -0.046108957 0.070753738 5.205757618 0.047096580 0.998813927 -0.012353534 -7.081559181 -0.070100211 0.015641659 0.997417212 64.373313904
0.996669531 -0.045204297 0.067870393 5.341470718 0.046114132 0.998865306 -0.011898403 -7.223677158 -0.067255534 0.014988562 0.997623146 65.589309692
0.996917784 -0.044671878 0.064493231 5.465495110 0.045409225 0.998918355 -0.010011973 -7.354129791 -0.063976228 0.012909703 0.997867942 66.766418457
0.997312307 -0.040447216 0.061093569 5.581375599 0.040910464 0.999142647 -0.006350281 -7.485469818 -0.060784347 0.008832579 0.998111844 67.965042114
0.997593105 -0.038770039 0.057487264 5.700160503 0.039067250 0.999228358 -0.004054809 -7.612062931 -0.057285711 0.006290920 0.998337924 69.136878967
0.997804582 -0.037735961 0.054423537 5.806996822 0.038195021 0.999242842 -0.007419379 -7.742695808 -0.054102343 0.009481800 0.998490453 70.307044983
0.997968137 -0.037737392 0.051335607 5.917675972 0.038513042 0.999157250 -0.014204850 -7.879595757 -0.050756283 0.016153082 0.998580396 71.499351501
0.997979939 -0.041745506 0.047888808 6.024993896 0.042596716 0.998949587 -0.016893549 -8.016622543 -0.047133271 0.018899331 0.998709857 72.672012329
0.998000145 -0.045743719 0.043625519 6.135045528 0.046314958 0.998852670 -0.012173931 -8.149129868 -0.043018587 0.014170100 0.998973727 73.835067749
0.998005390 -0.049698409 0.038926955 6.245192528 0.050035365 0.998717546 -0.007729403 -8.271358490 -0.038492892 0.009661713 0.999212146 74.990203857
0.998061836 -0.051428445 0.035037871 6.331154823 0.051616963 0.998656809 -0.004496912 -8.398921013 -0.034759544 0.006296744 0.999375820 76.173896790
0.998229980 -0.050805658 0.030913278 6.423979759 0.050893568 0.998701930 -0.002063169 -8.521961212 -0.030768327 0.003632804 0.999520004 77.336456299
0.998359919 -0.050676245 0.026631787 6.519444466 0.050749280 0.998709321 -0.002073797 -8.638090134 -0.026492314 0.003421940 0.999643147 78.494041443
0.998509407 -0.048983864 0.024072926 6.579085350 0.049084716 0.998788059 -0.003616143 -8.769665718 -0.023866620 0.004792366 0.999703586 79.645393372
0.998698354 -0.046609785 0.020709286 6.655982018 0.046806395 0.998862326 -0.009112606 -8.892980576 -0.020260986 0.010070072 0.999743938 80.790870667
0.998611391 -0.049960021 0.016712369 6.740514755 0.050187610 0.998648703 -0.013487624 -9.032844543 -0.016015947 0.014307650 0.999769330 81.953750610
0.998466074 -0.053551227 0.014064439 6.796478271 0.053755511 0.998447835 -0.014571289 -9.159896851 -0.013262299 0.015304976 0.999795020 83.086387634
0.998487711 -0.054033268 0.010136460 6.865422249 0.054147828 0.998467982 -0.011388209 -9.284677505 -0.009505589 0.011919855 0.999883711 84.223770142
0.998491168 -0.054388151 0.007574341 6.929813385 0.054453157 0.998478889 -0.008658689 -9.416018486 -0.007091887 0.009058070 0.999933779 85.359809875
0.998642683 -0.051649921 0.006715000 6.970333099 0.051715910 0.998611212 -0.010055790 -9.545805931 -0.006186293 0.010389411 0.999926865 86.502761841
0.998833597 -0.047913078 0.005991649 7.025051594 0.047989827 0.998758018 -0.013398187 -9.670436859 -0.005342259 0.013670096 0.999892294 87.621856689
0.998879671 -0.047003441 0.005472049 7.079279423 0.047086220 0.998760521 -0.016134271 -9.797207832 -0.004706901 0.016373852 0.999854803 88.730354309
0.998819232 -0.048367925 0.004536657 7.131796837 0.048436742 0.998689353 -0.016538277 -9.928594589 -0.003730788 0.016738491 0.999852955 89.843261719
0.998796761 -0.048880626 0.003955916 7.184605598 0.048931997 0.998702049 -0.014142089 -10.057839394 -0.003259508 0.014318643 0.999892175 90.944076538
0.998687387 -0.051159266 0.002544685 7.241897106 0.051184535 0.998627245 -0.011118012 -10.190204620 -0.001972402 0.011233665 0.999934971 92.114578247
0.998742163 -0.050105959 0.001856077 7.294987202 0.050122928 0.998686373 -0.010636812 -10.311361313 -0.001320671 0.010716464 0.999941707 93.223060608
0.998694956 -0.051045340 0.001652462 7.342904091 0.051061880 0.998619199 -0.012332605 -10.445929527 -0.001020659 0.012400888 0.999922633 94.347824097
0.998704851 -0.050850417 0.001693001 7.398675442 0.050871089 0.998575985 -0.016072867 -10.576512337 -0.000873278 0.016138174 0.999869406 95.465133667
0.998671591 -0.051508036 0.001377471 7.450939655 0.051524080 0.998525023 -0.017116314 -10.703426361 -0.000493811 0.017164551 0.999852538 96.557319641
0.998658240 -0.051762175 0.001536090 7.505294323 0.051780194 0.998529375 -0.016066400 -10.830155373 -0.000702199 0.016124384 0.999869764 97.656730652
0.998680472 -0.051323038 0.001808934 7.559884071 0.051339485 0.998624325 -0.010670716 -10.950728416 -0.001258792 0.010749506 0.999941468 98.743553162
0.998753905 -0.049809478 0.003107772 7.607218266 0.049831085 0.998730898 -0.007315001 -11.070770264 -0.002739471 0.007460750 0.999968410 99.808509827
0.998803616 -0.048677649 0.004669080 7.667317867 0.048710752 0.998786509 -0.007261039 -11.183595657 -0.004309963 0.007479787 0.999962747 100.861351013
0.998898447 -0.046420127 0.006861911 7.715915203 0.046479829 0.998880327 -0.008813135 -11.309672356 -0.006445121 0.009122367 0.999937534 101.906333923
0.998877943 -0.046361595 0.009672230 7.765268803 0.046472549 0.998852432 -0.011580857 -11.422624588 -0.009124226 0.012017354 0.999886096 102.915863037
0.998779118 -0.048098177 0.011258411 7.832001686 0.048233401 0.998763144 -0.012063867 -11.538847923 -0.010664236 0.012592169 0.999863803 103.921806335
0.998681009 -0.049749795 0.012694946 7.900612831 0.049891036 0.998693407 -0.011062616 -11.664036751 -0.012127997 0.011681389 0.999858141 104.927925110
0.998664856 -0.049625155 0.014344969 7.961125374 0.049765337 0.998714983 -0.009585625 -11.775878906 -0.013850847 0.010286710 0.999851167 105.885795593
0.998593450 -0.050548591 0.015998833 8.015842438 0.050684076 0.998681247 -0.008179069 -11.884559631 -0.015564296 0.008978453 0.999838471 106.843093872
0.998537421 -0.051058084 0.017775914 8.074513435 0.051220741 0.998648405 -0.008817880 -11.986756325 -0.017301662 0.009715480 0.999803066 107.759986877
0.998499453 -0.051174130 0.019494394 8.132634163 0.051314406 0.998659730 -0.006764527 -12.088164330 -0.019122096 0.007754721 0.999787092 108.668930054
0.998513639 -0.049917884 0.021876823 8.184860229 0.050028700 0.998737395 -0.004547220 -12.184926987 -0.021622214 0.005634930 0.999750316 109.538139343
0.998489141 -0.049959015 0.022880502 8.247712135 0.049998004 0.998748660 -0.001134358 -12.286104202 -0.022795198 0.002276623 0.999737561 110.400344849
0.998450339 -0.049905747 0.024625000 8.305303574 0.049950995 0.998750865 -0.001225141 -12.375353813 -0.024533102 0.002453285 0.999696016 111.227546692
0.998459458 -0.049001396 0.026031110 8.360434532 0.049025714 0.998797476 -0.000296613 -12.462996483 -0.025985269 0.001572350 0.999661148 112.034667969
0.998539805 -0.047075208 0.026499419 8.413277626 0.047089405 0.998890698 0.000088385 -12.544771194 -0.026474180 0.001159586 0.999648809 112.817192078
0.998672664 -0.044538379 0.025870627 8.461345673 0.044472650 0.999005795 0.003110640 -12.619639397 -0.025983445 -0.001955976 0.999660432 113.571548462
0.998747110 -0.044538151 0.022816094 8.511976242 0.044456009 0.999002993 0.004094938 -12.697930336 -0.022975722 -0.003075494 0.999731243 114.313667297
0.998870373 -0.044633403 0.016299142 8.547062874 0.044571232 0.998997569 0.004157744 -12.771645546 -0.016468378 -0.003426575 0.999858439 115.019691467
0.999059558 -0.042855710 0.006579367 8.570362091 0.042837948 0.999077976 0.002817381 -12.843281746 -0.006694041 -0.002532885 0.999974370 115.690811157
0.999134123 -0.040843312 -0.007926362 8.582488060 0.040850390 0.999164939 0.000732659 -12.917209625 0.007889818 -0.001055820 0.999968290 116.339195251
0.998885453 -0.039100084 -0.026439296 8.568296432 0.039052609 0.999234438 -0.002309491 -12.980880737 0.026509359 0.001274394 0.999647677 116.947273254
0.998099029 -0.037179001 -0.049153447 8.543764114 0.037013911 0.999305665 -0.004264764 -13.055203438 0.049277879 0.002437295 0.998782158 117.543357849
0.996419847 -0.035739202 -0.076617017 8.497855186 0.035377741 0.999355555 -0.006070353 -13.120992661 0.076784611 0.003338084 0.997042120 118.110374451
0.993561745 -0.033183463 -0.108323418 8.426700592 0.032492008 0.999438882 -0.008142536 -13.187040329 0.108532816 0.004570466 0.994082391 118.655227661
0.989057899 -0.028812537 -0.144687414 8.345258713 0.027688488 0.999568760 -0.009776932 -13.247721672 0.144906729 0.005663777 0.989429057 119.204017639
0.982890964 -0.023068994 -0.182738245 8.213256836 0.021822002 0.999722838 -0.008832042 -13.309984207 0.182891339 0.004693219 0.983121872 119.723709106
0.974392891 -0.018014181 -0.224129215 8.060232162 0.016786445 0.999831855 -0.007382186 -13.361080170 0.224224493 0.003430818 0.974531472 120.233970642
0.962980926 -0.013389593 -0.269236982 7.896841049 0.012287786 0.999907792 -0.005777269 -13.419546127 0.269289464 0.002255073 0.963056624 120.723190308
0.948644459 -0.007507734 -0.316254973 7.704463959 0.005783372 0.999962807 -0.006390693 -13.475332260 0.316291153 0.004233476 0.948652685 121.200790405
0.931417644 0.000430215 -0.363951981 7.470836639 -0.003135689 0.999971747 -0.006842741 -13.532559395 0.363938719 0.007514689 0.931392610 121.664657593
0.910226762 0.004856854 -0.414081931 7.228637695 -0.008930163 0.999928951 -0.007901732 -13.580727577 0.414014101 0.010890185 0.910205245 122.098358154
0.885053456 0.009425126 -0.465393901 6.950958252 -0.014076899 0.999879658 -0.006520959 -13.636907578 0.465276510 0.012322700 0.885079622 122.528549194
0.855946839 0.012384728 -0.516915381 6.669391632 -0.018229727 0.999814391 -0.006231671 -13.682348251 0.516742349 0.014757205 0.856013775 122.927268982
0.824182212 0.022214355 -0.565888941 6.343570709 -0.028997527 0.999575019 -0.002994102 -13.728898048 0.565581977 0.018877065 0.824476004 123.302932739
0.790097833 0.035354812 -0.611960173 5.996044159 -0.042021096 0.999110699 0.003468512 -13.772870064 0.611538589 0.022974774 0.790880919 123.660980225
0.754113674 0.044124853 -0.655260026 5.650463104 -0.053165250 0.998567343 0.006057151 -13.811106682 0.654588640 0.030269280 0.755379081 123.967361450
0.714178324 0.047905762 -0.698322535 5.285346985 -0.060444560 0.998149335 0.006657264 -13.853483200 0.697349191 0.037455324 0.715752184 124.263916016
0.671852171 0.049454398 -0.739032388 4.902790070 -0.062689833 0.997984946 0.009791782 -13.900527954 0.738027573 0.039751187 0.673598647 124.547332764
0.627716660 0.053019803 -0.776634097 4.496425629 -0.065536924 0.997735143 0.015143679 -13.938306808 0.775678158 0.041392274 0.629769862 124.816543579
0.582615614 0.061994698 -0.810379922 4.069442749 -0.076907948 0.996817768 0.020965042 -13.973611832 0.809100866 0.050110098 0.585529387 125.049819946
0.536982059 0.071208298 -0.840582907 3.629497528 -0.088266835 0.995704353 0.027962375 -14.000022888 0.838963151 0.059180297 0.540960670 125.255111694
0.490085661 0.076103166 -0.868345737 3.176239014 -0.094030641 0.994984031 0.034131996 -14.023838043 0.866587639 0.064923510 0.494783401 125.452339172
0.443111300 0.077364042 -0.893122137 2.710269928 -0.093740135 0.994806290 0.039664146 -14.044103622 0.891552091 0.066145763 0.448062032 125.632888794
0.396294266 0.078927986 -0.914724648 2.236927032 -0.091239706 0.994751871 0.046304625 -14.063697815 0.913578749 0.065108955 0.401415884 125.798316956
0.350276917 0.081629246 -0.933082342 1.747097015 -0.092689037 0.994326353 0.052191820 -14.085829735 0.932048678 0.068204917 0.355855703 125.944778442
0.306375802 0.085063241 -0.948102295 1.243503571 -0.098066621 0.993520319 0.057448242 -14.105003357 0.946845710 0.075376444 0.312732428 126.063102722
0.264896899 0.086546041 -0.960385025 0.730791092 -0.102708250 0.992830694 0.061140552 -14.121813774 0.958791196 0.082443520 0.271886736 126.163948059
0.225890607 0.082715519 -0.970634580 0.203578949 -0.103107683 0.992821813 0.060610566 -14.134851456 0.968680680 0.086388528 0.232797742 126.259536743
0.190992743 0.077826999 -0.978501201 -0.330778122 -0.097679742 0.993410826 0.059946835 -14.155941010 0.976719320 0.084130332 0.197336376 126.347564697
0.160580546 0.073520169 -0.984280765 -0.880043030 -0.095841169 0.993671060 0.058585554 -14.181966782 0.982358515 0.084926911 0.166610494 126.428634644
0.134059712 0.071891740 -0.988362074 -1.442951202 -0.096790537 0.993546188 0.059140321 -14.202285767 0.986235082 0.087735757 0.140152946 126.498069763
0.112209909 0.071207218 -0.991129935 -2.028285027 -0.097605512 0.993395567 0.060319666 -14.217093468 0.988879263 0.089971282 0.118419036 126.558570862
0.093774199 0.072389640 -0.992958248 -2.634190559 -0.099604972 0.993031323 0.062988363 -14.229062080 0.990598440 0.092996903 0.100331083 126.607948303
0.077920295 0.070939496 -0.994432509 -3.243765831 -0.100864090 0.992908120 0.062927380 -14.257044792 0.991844177 0.095399216 0.084522955 126.653068542
0.063811190 0.070285790 -0.995483756 -3.883277893 -0.099748462 0.992970586 0.063714400 -14.288634300 0.992964387 0.095232308 0.070373543 126.707481384
0.051380500 0.067700580 -0.996381700 -4.513540268 -0.095782228 0.993434370 0.062561102 -14.310553551 0.994075418 0.092221253 0.057527672 126.756614685
0.039159656 0.065343589 -0.997094095 -5.164233208 -0.093151972 0.993752778 0.061466191 -14.328104019 0.994881511 0.090474300 0.045001905 126.798217773
0.028865281 0.064799137 -0.997480690 -5.824635506 -0.093169123 0.993726790 0.061859131 -14.347744942 0.995231807 0.091148838 0.034721486 126.824798584
0.019210525 0.066806100 -0.997580945 -6.517405510 -0.097303197 0.993153691 0.064635828 -14.377763748 0.995069385 0.095826134 0.025579445 126.850524902
0.010760445 0.065719582 -0.997780025 -7.198197365 -0.099648267 0.992941320 0.064326219 -14.394947052 0.994964540 0.098734885 0.017233327 126.868560791
0.004307215 0.065250427 -0.997859538 -7.887195110 -0.102301784 0.992662132 0.064468972 -14.416909218 0.994744062 0.101805136 0.010950836 126.882492065
-0.001355683 0.066353433 -0.997795224 -8.588126183 -0.102653109 0.992515743 0.066141821 -14.436898232 0.994716287 0.102516443 0.005465850 126.905952454
-0.004767776 0.068902582 -0.997612000 -9.298048019 -0.104955919 0.992078781 0.069022022 -14.455722809 0.994465470 0.105034366 0.002501725 126.925704956
-0.005626213 0.072542667 -0.997349441 -10.029232979 -0.106890947 0.991607249 0.072728008 -14.476445198 0.994254887 0.107016802 0.002175161 126.935249329
-0.007062426 0.076094791 -0.997075558 -10.753790855 -0.108960427 0.991104960 0.076410905 -14.496326447 0.994020998 0.109181434 0.001291716 126.954399109
-0.007674017 0.081191182 -0.996668994 -11.491121292 -0.113857158 0.990145683 0.081536427 -14.500052452 0.993467450 0.114103615 0.001645801 126.962966919
-0.008561132 0.084779665 -0.996362865 -12.237126350 -0.116799653 0.989494383 0.085198805 -14.508827209 0.993118525 0.117104240 0.001431045 126.968193054
-0.010402513 0.085715994 -0.996265292 -12.985681534 -0.116513148 0.989428759 0.086344369 -14.530487061 0.993134677 0.116976202 -0.000305504 126.992462158
-0.012051188 0.082813762 -0.996492088 -13.728746414 -0.113967225 0.989956796 0.083648913 -14.548648834 0.993411422 0.114575535 -0.002492098 127.015281677
-0.013983513 0.079472870 -0.996738970 -14.490104675 -0.117616758 0.989785373 0.080568522 -14.554335594 0.992960632 0.118359841 -0.004493335 127.029685974
-0.014747133 0.080806911 -0.996620655 -15.265865326 -0.123001479 0.989012122 0.082010061 -14.562231064 0.992297053 0.123795219 -0.004645726 127.027290344
-0.016647164 0.084270738 -0.996303737 -16.033733368 -0.119911514 0.989081919 0.085663453 -14.575156212 0.992645025 0.120894372 -0.006360380 127.044921875
-0.019153796 0.084388129 -0.996248782 -16.806735992 -0.119053587 0.989149630 0.086075701 -14.592922211 0.992703080 0.120255679 -0.008899262 127.062812805
-0.019794950 0.083592340 -0.996303499 -17.601963043 -0.121723600 0.988884330 0.085388318 -14.602230072 0.992366552 0.122963883 -0.009399758 127.059989929
-0.020264374 0.083233878 -0.996323943 -18.388591766 -0.126421794 0.988316476 0.085136227 -14.606606483 0.991769493 0.127682284 -0.009505039 127.058746338
-0.020947639 0.087862462 -0.995912313 -19.194091797 -0.128421858 0.987642527 0.089834042 -14.613278389 0.991498351 0.129778728 -0.009405317 127.057754517
-0.021966780 0.092209555 -0.995497227 -20.005199432 -0.126982003 0.987415850 0.094262995 -14.620693207 0.991661727 0.128480881 -0.009981391 127.075721741
-0.021592932 0.094585828 -0.995282531 -20.835783005 -0.128786355 0.986957431 0.096588701 -14.633260727 0.991437256 0.130264446 -0.009129939 127.096740723
-0.020072782 0.093394376 -0.995426893 -21.654697418 -0.128183246 0.987170279 0.095204532 -14.638809204 0.991547346 0.129508048 -0.007843659 127.110374451
-0.018620800 0.093390279 -0.995455384 -22.484210968 -0.128307834 0.987172484 0.095013313 -14.641217232 0.991559565 0.129493982 -0.006399238 127.119194031
-0.018441640 0.092442982 -0.995547295 -23.317190170 -0.126963288 0.987439275 0.094042011 -14.647188187 0.991735935 0.128132224 -0.006473138 127.140052795
-0.017737927 0.094537392 -0.995363235 -24.156099319 -0.127870545 0.987130523 0.096034184 -14.653784752 0.991632223 0.128981099 -0.005421100 127.158805847
-0.017431479 0.096636638 -0.995167077 -24.992759705 -0.129499361 0.986716568 0.098084368 -14.653910637 0.991426289 0.130583271 -0.004685546 127.178558350
-0.017172066 0.099096142 -0.994929552 -25.867773056 -0.132519633 0.986072063 0.100501128 -14.653818130 0.991031528 0.133573532 -0.003800707 127.189224243
-0.015578175 0.100241736 -0.994841158 -26.732303619 -0.134774491 0.985671461 0.101428211 -14.649819374 0.990753889 0.135659233 -0.001844933 127.200286865
-0.014034104 0.103355430 -0.994545519 -27.600700378 -0.141500622 0.984428167 0.104300760 -14.648129463 0.989838660 0.142192543 0.000809288 127.216049194
-0.011662729 0.107156225 -0.994173765 -28.487827301 -0.146194369 0.983374953 0.107707307 -14.641826630 0.989187121 0.146598771 0.004196798 127.230316162
-0.009653140 0.109053589 -0.993988931 -29.363048553 -0.148635462 0.982836068 0.109273441 -14.634837151 0.988844991 0.148796842 0.006721778 127.260200500
-0.005948456 0.109935008 -0.993920922 -30.257320404 -0.147678241 0.982943535 0.109604642 -14.635425568 0.989017546 0.147432476 0.010388014 127.283843994
-0.003491006 0.110226877 -0.993900299 -31.148500443 -0.150573313 0.982516646 0.109493285 -14.630046844 0.988592565 0.150037110 0.013167260 127.313514709
-0.001022074 0.113932624 -0.993487954 -32.050331116 -0.150965706 0.982084453 0.112780191 -14.619979858 0.988538444 0.150097907 0.016196158 127.342323303
0.001347581 0.115953669 -0.993253708 -32.972537994 -0.149928212 0.982051134 0.114442453 -14.614719391 0.988695979 0.148762539 0.018708115 127.383819580
0.003012409 0.117274746 -0.993094981 -33.864940643 -0.150588676 0.981827676 0.115487404 -14.609840393 0.988591909 0.149200946 0.020617913 127.424201965
0.005620254 0.115426414 -0.993300080 -34.769054413 -0.151900440 0.981887341 0.113240696 -14.600333214 0.988379776 0.150246322 0.023051780 127.454147339
0.005577366 0.116692044 -0.993152499 -35.678077698 -0.156246305 0.981071293 0.114395075 -14.589488983 0.987702310 0.154538378 0.023704495 127.496932983
0.006527140 0.117368989 -0.993066907 -36.571231842 -0.157073945 0.980880499 0.114896290 -14.582798004 0.987565279 0.155235007 0.024837954 127.533599854
0.006974649 0.114214607 -0.993431628 -37.468643188 -0.157806352 0.981132925 0.111692704 -14.579726219 0.987445474 0.155990824 0.024866851 127.564712524
0.007810315 0.109855898 -0.993916810 -38.379032135 -0.158729091 0.981481612 0.107234120 -14.577659607 0.987291396 0.156926051 0.025103001 127.608772278
0.008378850 0.108946837 -0.994012237 -39.277427673 -0.158394098 0.981642067 0.106255859 -14.568611145 0.987340391 0.156555429 0.025481571 127.648300171
0.008094268 0.113093346 -0.993551493 -40.182571411 -0.160555393 0.980840147 0.110338442 -14.562882423 0.986993670 0.158626914 0.026096927 127.689498901
0.008503136 0.119515993 -0.992795885 -41.118598938 -0.161306113 0.979993045 0.116593197 -14.549825668 0.986867905 0.159152642 0.027611671 127.724578857
0.008638187 0.118237428 -0.992947757 -42.012527466 -0.159188867 0.980484009 0.115368426 -14.547300339 0.987210393 0.157069638 0.027291685 127.769363403
0.009660801 0.107650407 -0.994141877 -42.903900146 -0.158421695 0.981796801 0.104774117 -14.549472809 0.987324238 0.156481430 0.026539100 127.810012817
0.009768394 0.097404130 -0.995196998 -43.828567505 -0.160154596 0.982548952 0.094594195 -14.553815842 0.987043619 0.158461332 0.025197640 127.850692749
0.008603297 0.094454393 -0.995492041 -44.728610992 -0.156771779 0.983345449 0.091947049 -14.560147285 0.987597346 0.155274034 0.023267798 127.897308350
0.008532960 0.104282908 -0.994511127 -45.653354645 -0.149585977 0.983489573 0.101843767 -14.558824539 0.988711953 0.147895873 0.023991337 127.943649292
0.008601453 0.117661498 -0.993016481 -46.591587067 -0.144778207 0.982736349 0.115189366 -14.555479050 0.989426732 0.142776296 0.025487784 127.999275208
0.008853653 0.126424015 -0.991936803 -47.514156342 -0.145225108 0.981621146 0.123813055 -14.542647362 0.989359021 0.142957941 0.027050879 128.042572021
0.008670132 0.120892711 -0.992627680 -48.430538177 -0.145433396 0.982262731 0.118360065 -14.537799835 0.989330053 0.143335015 0.026098184 128.082061768
0.008909554 0.107573830 -0.994157195 -49.340858459 -0.145224139 0.983795285 0.105151124 -14.536629677 0.989358604 0.143438756 0.024387494 128.120529175
0.009356853 0.098765343 -0.995066762 -50.255783081 -0.145802513 0.984610140 0.096356452 -14.534302711 0.989269435 0.144181654 0.023613088 128.163253784
0.009805269 0.098781601 -0.995060921 -51.178623199 -0.145122528 0.984713674 0.096324399 -14.540649414 0.989365101 0.143461257 0.023990819 128.208084106
0.009076735 0.100543328 -0.994891286 -52.120616913 -0.148033693 0.984104633 0.098102666 -14.557664871 0.988940656 0.146386981 0.023816258 128.250244141
0.009772161 0.099899054 -0.994949579 -53.049224854 -0.152567938 0.983496487 0.097250611 -14.555953026 0.988244653 0.150847062 0.024852281 128.281433105
0.010137842 0.099264868 -0.995009422 -53.991153717 -0.154288188 0.983299613 0.096524663 -14.554563522 0.987973928 0.152539641 0.025283931 128.320281982
0.010649826 0.106892444 -0.994213521 -54.942745209 -0.162905946 0.981172085 0.103745267 -14.554124832 0.986584067 0.160858423 0.027862728 128.356399536
0.012604360 0.116320290 -0.993131876 -55.898017883 -0.169074297 0.979157388 0.112537734 -14.546686172 0.985522687 0.166494593 0.032008424 128.394515991
0.013846698 0.124453828 -0.992128849 -56.843170166 -0.169152498 0.978214741 0.120347627 -14.535068512 0.985492527 0.166154623 0.034596719 128.439376831
0.014779973 0.125188917 -0.992022872 -57.782909393 -0.170763388 0.977871597 0.120858923 -14.525307655 0.985201180 0.167614907 0.035830602 128.483428955
0.016271854 0.115592562 -0.993163407 -58.731216431 -0.172379613 0.978746176 0.111090317 -14.519378662 0.984896183 0.169393465 0.035851814 128.525177002
0.017219787 0.110545330 -0.993721843 -59.667507172 -0.170844376 0.979578316 0.106011435 -14.511778831 0.985147595 0.167946294 0.035754170 128.582260132
0.019561950 0.108821779 -0.993868768 -60.636329651 -0.169320017 0.980060935 0.103977256 -14.506767273 0.985367000 0.166247889 0.037597608 128.632431030
0.022759823 0.114451334 -0.993168056 -61.598106384 -0.170816377 0.979262531 0.108934365 -14.496746063 0.985040069 0.167170048 0.041837987 128.692062378
0.026259730 0.117308103 -0.992748320 -62.567241669 -0.173557609 0.978543878 0.111038759 -14.506266594 0.984473467 0.169383183 0.046056006 128.744140625
0.030026143 0.112194262 -0.993232548 -63.522174835 -0.172535390 0.979346812 0.105409876 -14.503273010 0.984545469 0.168202713 0.048763491 128.805541992
0.033517115 0.106067561 -0.993793845 -64.475990295 -0.172539696 0.980036914 0.098780148 -14.502066612 0.984432101 0.168158054 0.051148877 128.868881226
0.037144806 0.106623538 -0.993605375 -65.445579529 -0.170085177 0.980458498 0.098854288 -14.504886627 0.984728992 0.165325612 0.054554023 128.933654785
0.039042775 0.110788137 -0.993076980 -66.395767212 -0.167423353 0.980510473 0.102803998 -14.514776230 0.985111713 0.162250534 0.056830376 129.025833130
0.042368867 0.117231280 -0.992200434 -67.353317261 -0.166855529 0.979975462 0.108661823 -14.510704041 0.985070586 0.160950288 0.061081134 129.104019165
0.045233361 0.121369891 -0.991576195 -68.319854736 -0.164585412 0.979933441 0.112436831 -14.513121605 0.985325158 0.158113047 0.064301394 129.183898926
0.047070302 0.122936748 -0.991297543 -69.302146912 -0.164565951 0.979791462 0.113695636 -14.509442329 0.985242307 0.157782152 0.066350281 129.263977051
0.049765132 0.120291665 -0.991490483 -70.249633789 -0.163428277 0.980320990 0.110733673 -14.502666473 0.985299289 0.156526893 0.068444856 129.337463379
0.050397620 0.119030774 -0.991610706 -71.194427490 -0.161377788 0.980795622 0.109530702 -14.504295349 0.985605121 0.154503837 0.068638675 129.424942017
0.051119383 0.115337871 -0.992010117 -72.141227722 -0.158311188 0.981685221 0.105979465 -14.508299828 0.986065090 0.151628673 0.068442412 129.511779785
0.050903384 0.114702567 -0.992094815 -73.138969421 -0.156389177 0.982043147 0.105516240 -14.492541313 0.986382842 0.149781749 0.067927547 129.593704224
0.050668098 0.119430907 -0.991548836 -74.092788696 -0.153207302 0.982001960 0.110452116 -14.491135597 0.986894190 0.146316096 0.068053856 129.678787231
0.050173167 0.120964542 -0.991387963 -75.056159973 -0.147289425 0.982680738 0.112447925 -14.491765022 0.987820029 0.140379116 0.067121007 129.774688721
0.049694121 0.116548687 -0.991940975 -76.016700745 -0.144500643 0.983557582 0.108324483 -14.474780083 0.988256097 0.137953043 0.065718383 129.851409912
0.047971383 0.112546228 -0.992487848 -76.984222412 -0.146446347 0.983686626 0.104469791 -14.472908974 0.988054752 0.140334636 0.063670807 129.927566528
0.046791144 0.109831952 -0.992848158 -77.932113647 -0.142967477 0.984440327 0.102164045 -14.473276138 0.988620639 0.137164623 0.061765473 130.009277344
0.045337304 0.110532209 -0.992838025 -78.898033142 -0.143022269 0.984339535 0.103055060 -14.472496033 0.988680422 0.137325719 0.060435873 130.079605103
0.044558294 0.111566447 -0.992757499 -79.854072571 -0.144370884 0.984032154 0.104106009 -14.470330238 0.988519907 0.138686478 0.059953731 130.155899048
0.043150920 0.111706614 -0.992803872 -80.808532715 -0.145908445 0.983779371 0.104349494 -14.469608307 0.988356590 0.140355691 0.058749933 130.228607178
0.042076897 0.112712905 -0.992736280 -81.761123657 -0.145731911 0.983682036 0.105508089 -14.469061852 0.988428891 0.140233904 0.057816155 130.292755127
0.040201351 0.113270968 -0.992750466 -82.723533630 -0.145941481 0.983564258 0.106312960 -14.470229149 0.988476098 0.140609547 0.056071542 130.361129761
0.037847135 0.115256377 -0.992614508 -83.675109863 -0.145810917 0.983331621 0.108618915 -14.459692001 0.988588214 0.140623093 0.054021917 130.441909790
0.036193784 0.118944585 -0.992241025 -84.628463745 -0.147125497 0.982706726 0.112434991 -14.449474335 0.988455415 0.141914502 0.053067654 130.501449585
0.033558037 0.124084681 -0.991703987 -85.572853088 -0.148013607 0.981938004 0.117854148 -14.439756393 0.988415778 0.142830700 0.051318131 130.570709229
0.031830929 0.123687893 -0.991810501 -86.517219543 -0.147902861 0.981971562 0.117714114 -14.431525230 0.988489509 0.142944664 0.049550854 130.632675171
0.030417982 0.119093731 -0.992416918 -87.463142395 -0.148461103 0.982401609 0.113341466 -14.429134369 0.988450289 0.143887699 0.047563463 130.690948486
0.028579056 0.113682173 -0.993106067 -88.408592224 -0.152111456 0.982435942 0.108083345 -14.407977104 0.987950087 0.147973910 0.045369446 130.743270874
0.027372424 0.111656599 -0.993369758 -89.352012634 -0.150089443 0.982936084 0.106348082 -14.403913498 0.988293409 0.146183297 0.043663818 130.807464600
0.027204573 0.112688981 -0.993257821 -90.321304321 -0.145199895 0.983533084 0.107608758 -14.400604248 0.989028275 0.141293451 0.043119017 130.854263306
0.026612984 0.113951907 -0.993129849 -91.270126343 -0.142297566 0.983796537 0.109067857 -14.396595955 0.989466071 0.138417333 0.042396847 130.914764404
0.025708850 0.113973737 -0.993151069 -92.214996338 -0.136866882 0.984525323 0.109440893 -14.398514748 0.990255892 0.133115858 0.040910240 130.978195190
0.024328021 0.111156814 -0.993505120 -93.155586243 -0.132680595 0.985366642 0.106997281 -14.399453163 0.990860283 0.129215837 0.038720381 131.042877197
0.023707014 0.107839271 -0.993885696 -94.100326538 -0.127664819 0.986352086 0.103976689 -14.399615288 0.991533935 0.124419264 0.037150752 131.103866577
0.021974389 0.110661000 -0.993615270 -95.079048157 -0.125441760 0.986306131 0.107072733 -14.399657249 0.991857529 0.122288004 0.035554986 131.158676147
0.020714346 0.112892769 -0.993391216 -96.028091431 -0.124864899 0.986117005 0.109462395 -14.394385338 0.991957426 0.121772274 0.034523126 131.214309692
0.019183191 0.110963807 -0.993639350 -96.986404419 -0.120553754 0.986828029 0.107875764 -14.390299797 0.992521405 0.117717527 0.032307617 131.265945435
0.016604379 0.107796334 -0.994034290 -97.936714172 -0.117711626 0.987468541 0.105118059 -14.387007713 0.992908955 0.115263984 0.029085182 131.321411133
0.012886312 0.105813615 -0.994302392 -98.898880005 -0.116428904 0.987779915 0.103610560 -14.390759468 0.993115366 0.114430383 0.025048610 131.377166748
0.010247922 0.105107203 -0.994408071 -99.852859497 -0.110970177 0.988437176 0.103332467 -14.398812294 0.993770838 0.109290689 0.021793190 131.424514771
0.008156087 0.105150647 -0.994422913 -100.811676025 -0.104167715 0.989134908 0.103737116 -14.390073776 0.994526267 0.102740683 0.019020772 131.464828491
0.005343691 0.113688417 -0.993502021 -101.774871826 -0.094738007 0.989105105 0.112675697 -14.397765160 0.995487869 0.093520321 0.016056081 131.527587891
0.002622221 0.121980526 -0.992529094 -102.732810974 -0.086710021 0.988821864 0.121295817 -14.390578270 0.996230066 0.085744150 0.013169844 131.582168579
-0.001193503 0.120825902 -0.992672980 -103.687522888 -0.082239509 0.989299238 0.120514132 -14.375605583 0.996611834 0.081780776 0.008755933 131.635559082
-0.003136282 0.111681759 -0.993739069 -104.642807007 -0.083668977 0.990230143 0.111551471 -14.381131172 0.996488690 0.083495006 0.006238658 131.658172607
-0.005329580 0.102135338 -0.994756222 -105.590019226 -0.085342146 0.991094708 0.102216616 -14.373516083 0.996337414 0.085439399 0.003434331 131.694183350
-0.005386486 0.104122132 -0.994549930 -106.555610657 -0.093144126 0.990188301 0.104169972 -14.375929832 0.995638072 0.093197607 0.004364731 131.705490112
-0.006349970 0.112910412 -0.993584871 -107.520973206 -0.096040517 0.988942862 0.112996668 -14.354864120 0.995357156 0.096141934 0.004564216 131.741928101
-0.007982231 0.124071158 -0.992241263 -108.483917236 -0.099963546 0.987203240 0.124245375 -14.338082314 0.994959056 0.100179717 0.004522508 131.769790649
-0.009391983 0.125556618 -0.992041945 -109.433456421 -0.106875882 0.986276925 0.125838801 -14.321129799 0.994228005 0.107207239 0.004155880 131.796615601
-0.008893198 0.123088069 -0.992355883 -110.426742554 -0.114218794 0.985774934 0.123295411 -14.304673195 0.993415833 0.114442177 0.005292279 131.810134888
-0.009208364 0.119052708 -0.992845237 -111.381233215 -0.122291736 0.985300183 0.119282208 -14.287727356 0.992451549 0.122515149 0.005486159 131.832870483
-0.006735150 0.121049196 -0.992623627 -112.347663879 -0.127017155 0.984502375 0.120920651 -14.264154434 0.991877615 0.126894638 0.008744553 131.851608276
-0.005425864 0.122017205 -0.992513180 -113.330650330 -0.134930432 0.983361542 0.121629782 -14.241551399 0.990840137 0.134580165 0.011128250 131.874969482
-0.004815157 0.124632917 -0.992191255 -114.294906616 -0.144179836 0.981748879 0.124020942 -14.220448494 0.989539683 0.143651143 0.013242282 131.892608643
-0.004722642 0.127045944 -0.991885543 -115.268997192 -0.149939924 0.980593085 0.126313478 -14.197279930 0.988683879 0.149319783 0.014418270 131.918273926
-0.004379780 0.126606628 -0.991943300 -116.241325378 -0.153160885 0.980163872 0.125779435 -14.186306953 0.988191485 0.152477816 0.015098284 131.952468872
-0.002823360 0.117113717 -0.993114471 -117.196685791 -0.152061433 0.981519163 0.116178632 -14.184123993 0.988367021 0.151342407 0.015037294 131.983398438
-0.001491861 0.105434358 -0.994425058 -118.148765564 -0.155204639 0.982351720 0.104387105 -14.171098709 0.987881243 0.154495135 0.014898367 132.018936157
