1.000000000 0.000000000 0.000000000 0.000000000 0.000000000 1.000000000 0.000000000 0.000000000 0.000000000 0.000000000 1.000000000 0.000000000
0.999997795 -0.001594956 -0.001376502 0.049857270 0.001592017 0.999996483 -0.002133820 -0.132968396 0.001379900 0.002131624 0.999996781 1.297657728
0.999997616 0.000028747 -0.002161637 0.105384409 -0.000042354 0.999980211 -0.006294893 -0.267577320 0.002161414 0.006294970 0.999977767 2.603849649
0.999995887 0.002493353 -0.001419278 0.149592608 -0.002504297 0.999966741 -0.007762213 -0.407324493 0.001399877 0.007765735 0.999968827 3.907937288
0.999983728 0.005729849 0.000044155 0.195168585 -0.005729437 0.999962211 -0.006545430 -0.544786036 -0.000081658 0.006545069 0.999978602 5.221683025
0.999975264 0.006632051 0.002337782 0.242522210 -0.006624705 0.999973118 -0.003136276 -0.691258192 -0.002358519 0.003120712 0.999992311 6.538144112
0.999960184 0.006891033 0.005652643 0.299266338 -0.006881111 0.999974728 -0.001772617 -0.828678250 -0.005664716 0.001733651 0.999982476 7.841914654
0.999944389 0.005506009 0.008989862 0.356062114 -0.005490091 0.999983311 -0.001794268 -0.960948825 -0.008999590 0.001744813 0.999957979 9.148465157
0.999913871 0.004186912 0.012447773 0.430028230 -0.004166529 0.999989927 -0.001663054 -1.097870111 -0.012454610 0.001611047 0.999921083 10.444997787
0.999871850 0.002803687 0.015762091 0.498135686 -0.002766531 0.999993265 -0.002378622 -1.236258864 -0.015768657 0.002334711 0.999872863 11.757890701
0.999814987 0.001834612 0.019145146 0.574338078 -0.001771894 0.999993026 -0.003292365 -1.372508287 -0.019151051 0.003257833 0.999811232 13.052792549
0.999744952 0.001677694 0.022517655 0.642705560 -0.001605518 0.999993443 -0.003223031 -1.520008564 -0.022522915 0.003186056 0.999741197 14.377888680
0.999662876 0.001524790 0.025917854 0.728138268 -0.001415319 0.999989986 -0.004241606 -1.658232212 -0.025924057 0.004203495 0.999655068 15.674219131
0.999575913 0.002363217 0.029023729 0.810734153 -0.002239784 0.999988317 -0.004284558 -1.797330141 -0.029033514 0.004217735 0.999569476 16.984752655
0.999481022 0.002029137 0.032150600 0.901522875 -0.001908500 0.999991059 -0.003782481 -1.938197136 -0.032157991 0.003719159 0.999475956 18.271574020
0.999410808 0.000289596 0.034324206 1.000109553 -0.000166993 0.999993622 -0.003574735 -2.080340624 -0.034325019 0.003566896 0.999404371 19.575023651
0.999350190 -0.002220350 0.035974596 1.097471118 0.002397851 0.999985218 -0.004891674 -2.220042944 -0.035963196 0.004974758 0.999340713 20.849115372
0.999309242 -0.001889327 0.037114259 1.195969582 0.002136870 0.999975741 -0.006631207 -2.362210751 -0.037100837 0.006705935 0.999289036 22.161334991
0.999261677 -0.001877115 0.038372651 1.277446032 0.002236957 0.999953985 -0.009336781 -2.505594015 -0.038353350 0.009415725 0.999219954 23.450109482
0.999226153 -0.001369543 0.039312761 1.381720304 0.001794956 0.999940217 -0.010787996 -2.648004055 -0.039295632 0.010850212 0.999168694 24.738872528
0.999175549 -0.000770590 0.040590920 1.480992556 0.001233040 0.999934614 -0.011369134 -2.794560194 -0.040579509 0.011409813 0.999111116 26.007020950
0.999158621 -0.002345682 0.040944282 1.580297351 0.002773033 0.999942243 -0.010383729 -2.941315174 -0.040917564 0.010488533 0.999107480 27.296749115
0.999148607 -0.005354768 0.040908299 1.683586121 0.005733633 0.999941707 -0.009149618 -3.088725328 -0.040856928 0.009376383 0.999120951 28.575366974
0.999177694 -0.006763242 0.039976742 1.781925201 0.007159416 0.999926507 -0.009775249 -3.233289719 -0.039907690 0.010053420 0.999152720 29.866228104
0.999198496 -0.008456719 0.039126329 1.888182878 0.008946558 0.999883533 -0.012361301 -3.377653837 -0.039017241 0.012701439 0.999157786 31.133481979
0.999227881 -0.008670806 0.038319495 1.995889902 0.009149328 0.999882102 -0.012329996 -3.529980898 -0.038208071 0.012671074 0.999189436 32.423698425
0.999240875 -0.009355390 0.037816558 2.092198610 0.009840122 0.999871492 -0.012652194 -3.672981501 -0.037693337 0.013014711 0.999204576 33.687385559
0.999253511 -0.009759771 0.037379161 2.188030243 0.010244522 0.999865592 -0.012798923 -3.817644596 -0.037249230 0.013172301 0.999219179 34.955829620
0.999268353 -0.010254824 0.036845881 2.282889366 0.010748077 0.999854863 -0.013213878 -3.963590384 -0.036705032 0.013600233 0.999233603 36.216079712
0.999306679 -0.010786192 0.035634693 2.392627001 0.011270572 0.999846339 -0.013420091 -4.121888161 -0.035484467 0.013812409 0.999274790 37.507362366
0.999303520 -0.010506558 0.035807125 2.480939865 0.010929361 0.999872565 -0.011632572 -4.267934322 -0.035680342 0.012015820 0.999291062 38.771289825
0.999266446 -0.010606386 0.036797501 2.583378315 0.011000611 0.999884009 -0.010527462 -4.408524990 -0.036681570 0.010924531 0.999267280 40.031459808
0.999188840 -0.012281671 0.038349837 2.698394775 0.012630296 0.999880970 -0.008861623 -4.551788330 -0.038236447 0.009338805 0.999224961 41.282180786
0.999071240 -0.013400498 0.040951829 2.789635181 0.013820530 0.999854505 -0.009990910 -4.699835300 -0.040811986 0.010547607 0.999111116 42.552757263
0.998942316 -0.014655146 0.043581448 2.882159948 0.015242027 0.999797106 -0.013164660 -4.847055435 -0.043379672 0.013815007 0.998963118 43.803031921
0.998848498 -0.015728528 0.045323972 2.995731831 0.016397055 0.999761641 -0.014416117 -4.992588520 -0.045086429 0.015142698 0.998868227 45.077781677
0.998718023 -0.015984435 0.048027974 3.119203806 0.016640125 0.999773324 -0.013283572 -5.127352715 -0.047804758 0.014065735 0.998757660 46.313236237
0.998509526 -0.016915387 0.051890176 3.221179962 0.017449455 0.999799132 -0.009856530 -5.282627583 -0.051713035 0.010747294 0.998604178 47.585727692
0.998226285 -0.019900953 0.056109212 3.333862782 0.020382350 0.999760032 -0.008020412 -5.420780182 -0.055936143 0.009149823 0.998392463 48.817237854
0.998004436 -0.022113835 0.059145257 3.473086357 0.022635555 0.999710381 -0.008165557 -5.562762737 -0.058947556 0.009488045 0.998215973 50.068340302
0.997716308 -0.025398096 0.062587142 3.614013910 0.026191656 0.999586165 -0.011891394 -5.698599339 -0.062259223 0.013503499 0.997968614 51.301803589
0.997443259 -0.026480520 0.066375852 3.748588085 0.027353190 0.999550462 -0.012273103 -5.831010342 -0.066020995 0.014057317 0.997719228 52.533393860
0.997094929 -0.029028066 0.070420600 3.879905939 0.029779015 0.999510050 -0.009637256 -5.972236156 -0.070106357 0.011706315 0.997470915 53.753376007
0.996815324 -0.031719945 0.073165052 4.040830612 0.032268543 0.999459147 -0.006328027 -6.104723454 -0.072924741 0.008668805 0.997299790 54.946216583
0.996553063 -0.034083031 0.075633258 4.177780151 0.034547027 0.999391317 -0.004834551 -6.239501476 -0.075422451 0.007430789 0.997123957 56.198040009
0.996382952 -0.037213106 0.076395452 4.340021610 0.037428074 0.999298334 -0.001383531 -6.363052368 -0.076290362 0.004237860 0.997076631 57.400066376
0.996203005 -0.039716255 0.077473901 4.475522995 0.039863314 0.999205053 -0.000352017 -6.488863945 -0.077398330 0.003439047 0.996994317 58.630844116
0.996163547 -0.041527346 0.077031389 4.622943878 0.041943420 0.999112844 -0.003790621 -6.612434387 -0.076805636 0.007007039 0.997021437 59.824050903
0.996168077 -0.043038532 0.076136366 4.775907993 0.043754738 0.999012053 -0.007763193 -6.747927189 -0.075727046 0.011064772 0.997067213 61.037067413
0.996171892 -0.044420544 0.075288512 4.912729263 0.045431253 0.998898149 -0.011764537 -6.877786636 -0.074682973 0.015139951 0.997092366 62.217777252
0.996213913 -0.046779677 0.073278263 5.068624496 0.047936983 0.998750627 -0.014113924 -7.015597820 -0.072526492 0.017573224 0.997211635 63.437400818
0.996358395 -0.046754163 0.071302257 5.204645634 0.047875304 0.998753846 -0.014095658 -7.149598122 -0.070554368 0.017457942 0.997355103 64.613807678
0.996593416 -0.046011321 0.068442471 5.340382099 0.047035921 0.998802781 -0.013433875 -7.295319557 -0.067742430 0.016607370 0.997564554 65.832206726
0.996829450 -0.045345530 0.065381430 5.463343143 0.046191558 0.998866558 -0.011486134 -7.427012444 -0.064786486 0.014469792 0.997794151 67.007423401
0.997259140 -0.041360572 0.061347861 5.590641975 0.041906763 0.999092221 -0.007642766 -7.564487457 -0.060976066 0.010192707 0.998087168 68.204391479
0.997537732 -0.039237440 0.058127720 5.707689762 0.039612722 0.999200940 -0.005317536 -7.691805840 -0.057872619 0.007607042 0.998295009 69.388275146
0.997739434 -0.038359940 0.055177547 5.815198898 0.038879924 0.999208748 -0.008380996 -7.827355862 -0.054812390 0.010507350 0.998441398 70.553527832
0.997927248 -0.038660720 0.051447358 5.932155609 0.039503843 0.999099612 -0.015473121 -7.961154938 -0.050802834 0.017473415 0.998555839 71.736717224
0.997932494 -0.042560909 0.048158377 6.039863586 0.043484334 0.998886585 -0.018292045 -8.098208427 -0.047326226 0.020348361 0.998672187 72.904953003
0.997967720 -0.046430927 0.043641768 6.151478767 0.047063153 0.998799682 -0.013572053 -8.234531403 -0.042959224 0.015598390 0.998955071 74.081108093
0.997965574 -0.050220996 0.039275378 6.257233620 0.050602563 0.998680234 -0.008781597 -8.360049248 -0.038782522 0.010751169 0.999189913 75.237365723
0.998018205 -0.052165683 0.035190210 6.346729279 0.052398697 0.998609781 -0.005731486 -8.489751816 -0.034842294 0.007564049 0.999364197 76.430145264
0.998190582 -0.051437754 0.031137234 6.435721397 0.051566746 0.998663902 -0.003353552 -8.614295006 -0.030923132 0.004953131 0.999509454 77.589355469
0.998313963 -0.051178712 0.027382316 6.525764465 0.051281501 0.998679519 -0.003064489 -8.735326767 -0.027189322 0.004463529 0.999620318 78.745162964
0.998463094 -0.049653765 0.024614323 6.589591980 0.049790215 0.998747349 -0.004962047 -8.865996361 -0.024337105 0.006179974 0.999684632 79.925857544
0.998650253 -0.047349226 0.021345234 6.666070461 0.047576636 0.998814642 -0.010274779 -8.991375923 -0.020833425 0.011276444 0.999719381 81.070106506
0.998561740 -0.050671246 0.017519416 6.749886513 0.050942432 0.998582959 -0.015395654 -9.126358032 -0.016714472 0.016265996 0.999727905 82.235649109
0.998413920 -0.054228391 0.015130893 6.810446739 0.054469414 0.998387218 -0.015999677 -9.260478973 -0.014238852 0.016798472 0.999757469 83.365310669
0.998471856 -0.054027602 0.011610750 6.872101784 0.054169938 0.998455763 -0.012316394 -9.396867752 -0.010927398 0.012926529 0.999856710 84.527793884
0.998470187 -0.054534499 0.009118646 6.932556152 0.054622352 0.998460174 -0.009680405 -9.524624825 -0.008576689 0.010163677 0.999911547 85.660873413
0.998607576 -0.052067291 0.008474113 6.987228394 0.052162852 0.998572648 -0.011476228 -9.652462959 -0.007864481 0.011902284 0.999898195 86.804946899
0.998815775 -0.048093446 0.007341878 7.042907715 0.048198108 0.998727918 -0.014813953 -9.780772209 -0.006620086 0.015150276 0.999863327 87.931594849
0.998877227 -0.046997149 0.005959049 7.098126888 0.047093160 0.998743296 -0.017150914 -9.912617683 -0.005145517 0.017412292 0.999835134 89.049659729
0.998838544 -0.047878407 0.005385041 7.152699471 0.047966380 0.998693705 -0.017604932 -10.047477722 -0.004535111 0.017842788 0.999830484 90.165412903
0.998800099 -0.048768997 0.004470825 7.196252823 0.048833754 0.998682737 -0.015745375 -10.175057411 -0.003697050 0.015944809 0.999865949 91.283584595
0.998714864 -0.050579447 0.003229192 7.257072926 0.050616685 0.998636901 -0.012735806 -10.302764893 -0.002580620 0.012882886 0.999913633 92.392883301
0.998738825 -0.050099604 0.003275193 7.308481693 0.050136030 0.998667955 -0.012189942 -10.429423332 -0.002660119 0.012338774 0.999920309 93.531379700
0.998725832 -0.050359573 0.003252655 7.351460457 0.050401162 0.998626530 -0.014308122 -10.561347961 -0.002527638 0.014453828 0.999892294 94.661125183
0.998719752 -0.050508887 0.002773400 7.409240723 0.050550606 0.998560667 -0.017920157 -10.689608574 -0.001864281 0.018037412 0.999835551 95.761474609
0.998681486 -0.051294051 0.002044379 7.469616413 0.051323768 0.998499870 -0.019069716 -10.821022034 -0.001063149 0.019149499 0.999816060 96.867210388
0.998678982 -0.051302388 0.002868060 7.510790825 0.051345706 0.998520017 -0.017927622 -10.952282906 -0.001944086 0.018051205 0.999835134 97.938316345
0.998688877 -0.051081322 0.003363072 7.562467098 0.051119268 0.998615861 -0.012376666 -11.073707581 -0.002726201 0.012532357 0.999917746 99.026824951
0.998773873 -0.049288854 0.004619167 7.610920906 0.049329370 0.998741031 -0.009111468 -11.195302963 -0.004164258 0.009328159 0.999947846 100.097274780
0.998845994 -0.047554389 0.006724172 7.664462090 0.047615252 0.998823285 -0.009201262 -11.308703423 -0.006278700 0.009510818 0.999935091 101.146095276
0.998910606 -0.045926180 0.008269635 7.726454735 0.046014298 0.998882532 -0.010800390 -11.436370850 -0.007764372 0.011169144 0.999907494 102.202140808
0.998875678 -0.046231765 0.010491021 7.784654140 0.046370849 0.998834074 -0.013425552 -11.552318573 -0.009858103 0.013896933 0.999854803 103.217277527
0.998781800 -0.047780864 0.012329875 7.852430344 0.047951270 0.998752713 -0.013915915 -11.671486855 -0.011649581 0.014490193 0.999827147 104.230545044
0.998678148 -0.049320079 0.014473713 7.902322292 0.049511798 0.998686314 -0.013200602 -11.797043800 -0.013803644 0.013899770 0.999808133 105.229682922
0.998655140 -0.049256545 0.016174031 7.966003418 0.049447700 0.998708904 -0.011638858 -11.911577225 -0.015579859 0.012422972 0.999801517 106.189872742
0.998582304 -0.050286163 0.017456492 8.028252602 0.050470401 0.998672664 -0.010279119 -12.021743774 -0.016916420 0.011145584 0.999794781 107.148132324
0.998508334 -0.051025447 0.019435063 8.087990761 0.051243484 0.998626828 -0.010890707 -12.126570702 -0.018852675 0.011870383 0.999751806 108.067115784
0.998501539 -0.050492547 0.021100393 8.148522377 0.050689325 0.998674810 -0.008896784 -12.228693008 -0.020623213 0.009953017 0.999737740 108.971885681
0.998500347 -0.049664956 0.023031389 8.208630562 0.049832016 0.998735011 -0.006737303 -12.326604843 -0.022667643 0.007874902 0.999712050 109.844039917
0.998469591 -0.049811985 0.024026845 8.273907661 0.049910169 0.998747706 -0.003504222 -12.429736137 -0.023822201 0.004698043 0.999705195 110.699897766
0.998419046 -0.049991705 0.025697751 8.334218025 0.050096516 0.998738468 -0.003450641 -12.521387100 -0.025492825 0.004732553 0.999663830 111.525741577
0.998454034 -0.048731986 0.026734328 8.389407158 0.048820201 0.998804033 -0.002656898 -12.612105370 -0.026572876 0.003957966 0.999639034 112.341056824
0.998552561 -0.046430629 0.027148876 8.444915771 0.046513610 0.998914599 -0.002432717 -12.691738129 -0.027006457 0.003691988 0.999628425 113.122451782
0.998682857 -0.043869257 0.026611308 8.492134094 0.043865073 0.999037206 0.000741236 -12.771204948 -0.026618205 0.000427047 0.999645650 113.879692078
0.998757601 -0.044025935 0.023344934 8.540582657 0.043996468 0.999030113 0.001774526 -12.855503082 -0.023400415 -0.000745226 0.999725819 114.621177673
0.998884201 -0.044116970 0.016853120 8.578372002 0.044090278 0.999025643 0.001951540 -12.930162430 -0.016922791 -0.001206304 0.999856055 115.318511963
0.999076247 -0.042474475 0.006523969 8.606174469 0.042470265 0.999097407 0.000781148 -13.004790306 -0.006551258 -0.000503352 0.999978364 115.989860535
0.999188483 -0.039622080 -0.007256718 8.602846146 0.039608501 0.999213219 -0.002004958 -13.075124741 0.007330446 0.001715903 0.999971569 116.632858276
0.998934507 -0.038101915 -0.026040377 8.602722168 0.037996069 0.999267519 -0.004547551 -13.141183853 0.026194580 0.003553275 0.999650478 117.250114441
0.998154759 -0.036561478 -0.048479043 8.570987701 0.036279477 0.999319255 -0.006684348 -13.212397575 0.048690435 0.004913220 0.998801768 117.837097168
0.996474981 -0.035118017 -0.076187976 8.530206680 0.034566741 0.999365866 -0.008542847 -13.279066086 0.076439671 0.005879163 0.997056901 118.404319763
0.993578494 -0.032970715 -0.108234085 8.460684776 0.032027289 0.999432385 -0.010443775 -13.346251488 0.108516991 0.006910265 0.994070590 118.946395874
0.989149153 -0.028457170 -0.144132406 8.371452332 0.027080098 0.999566913 -0.011507418 -13.413916588 0.144397482 0.007479433 0.989491463 119.479858398
0.982983530 -0.022368284 -0.182326674 8.248826981 0.020654345 0.999722838 -0.011294065 -13.468461990 0.182528794 0.007336043 0.983173072 120.005096436
0.974470317 -0.017004017 -0.223871723 8.108938217 0.015310740 0.999839544 -0.009297411 -13.525667191 0.223993912 0.005632408 0.974574327 120.508728027
0.963214159 -0.012325705 -0.268452227 7.935125351 0.010663358 0.999913812 -0.007649574 -13.584256172 0.268523335 0.004505574 0.963262677 121.003402710
0.948963165 -0.006025883 -0.315329671 7.742568970 0.003611381 0.999959528 -0.008240816 -13.640422821 0.315366536 0.006681453 0.948946416 121.476097107
0.931533813 0.001489141 -0.363651454 7.515323639 -0.005117273 0.999946237 -0.009013718 -13.695631981 0.363618493 0.010257486 0.931491494 121.953781128
0.910497844 0.006183846 -0.413467586 7.266689301 -0.011231815 0.999889076 -0.009779196 -13.747509003 0.413361281 0.013547928 0.910466433 122.377441406
0.885425389 0.010498109 -0.464662790 6.999897003 -0.016263302 0.999832392 -0.008400914 -13.801042557 0.464496732 0.014995333 0.885447860 122.791793823
0.856387079 0.013807490 -0.516149640 6.718025208 -0.020821340 0.999752641 -0.007802097 -13.848460197 0.515914381 0.017428543 0.856462836 123.189300537
0.825009763 0.023348792 -0.564635992 6.386871338 -0.031687770 0.999485373 -0.004969466 -13.893200874 0.564229488 0.021991912 0.825325072 123.560081482
0.791073740 0.036291640 -0.610643268 6.039707184 -0.044479322 0.999008775 0.001751011 -13.936954498 0.610101581 0.025775818 0.791903794 123.914962769
0.755192578 0.044987768 -0.653957367 5.683647156 -0.055671334 0.998439491 0.004396291 -13.977199554 0.653134644 0.033086631 0.756518662 124.229751587
0.715625942 0.048853822 -0.696773171 5.311576843 -0.063011810 0.997999012 0.005257335 -14.020880699 0.695635736 0.040142655 0.717272282 124.527961731
0.672147572 0.050374795 -0.738701642 4.946735382 -0.065164618 0.997836113 0.008752594 -14.071135521 0.737544060 0.042254169 0.673975766 124.819030762
0.629163682 0.054198708 -0.775380850 4.525047302 -0.068666264 0.997541308 0.014010062 -14.106413841 0.774233818 0.044427894 0.631338298 125.086082458
0.584117413 0.062979057 -0.809222221 4.101356506 -0.079884209 0.996605515 0.019900005 -14.139156342 0.807728589 0.053020127 0.587165654 125.316009521
0.538406551 0.071885563 -0.839613438 3.657947540 -0.091425508 0.995456576 0.026601354 -14.163918495 0.837710977 0.062439747 0.542532563 125.528518677
0.491383046 0.076700225 -0.867559671 3.206615448 -0.096754104 0.994756281 0.033144359 -14.189887047 0.865552604 0.067653380 0.496227443 125.731491089
0.444370836 0.077691294 -0.892467737 2.732868195 -0.096349776 0.994598448 0.038608246 -14.209391594 0.890646577 0.068832688 0.449456066 125.912734985
0.397637516 0.079489700 -0.914092958 2.258899689 -0.093939878 0.994532049 0.045620132 -14.231045723 0.912721097 0.067729510 0.402930528 126.078498840
0.351365149 0.082269371 -0.932616949 1.767543793 -0.095510088 0.994084537 0.051708046 -14.253046036 0.931354165 0.070905909 0.357144147 126.229583740
0.307405800 0.085256338 -0.947751522 1.262393951 -0.100947499 0.993279874 0.056609295 -14.271341324 0.946208894 0.078271136 0.313946366 126.348854065
0.266385883 0.087236397 -0.959910512 0.741268158 -0.105819270 0.992522776 0.060834154 -14.290073395 0.958040059 0.085371688 0.273625344 126.447723389
0.227306396 0.083800949 -0.970210850 0.216764450 -0.106266625 0.992475450 0.060827281 -14.305932045 0.968007863 0.089274630 0.234501258 126.543945312
0.192962617 0.078811824 -0.978035808 -0.321651459 -0.101246834 0.993047595 0.060045891 -14.324412346 0.975968540 0.087436415 0.199600548 126.629859924
0.162183821 0.073616996 -0.984010577 -0.878803253 -0.098589309 0.993432283 0.058072437 -14.341638565 0.981823027 0.087594531 0.168376505 126.712036133
0.135290638 0.071965218 -0.988188982 -1.437282562 -0.098910943 0.993357480 0.058799975 -14.364062309 0.985856533 0.089787610 0.141510129 126.789962769
0.113254994 0.071233541 -0.991009116 -2.019069672 -0.099992573 0.993179739 0.059962161 -14.380032539 0.988521516 0.092302531 0.119605407 126.854438782
0.095071808 0.072600506 -0.992819548 -2.626235962 -0.102523655 0.992747605 0.062777646 -14.393280029 0.990176916 0.095819086 0.101825587 126.902107239
0.078748584 0.070884682 -0.994371176 -3.230061531 -0.103244931 0.992684960 0.062588044 -14.417210579 0.991533697 0.097735062 0.085491039 126.956016541
0.065166302 0.069920413 -0.995421708 -3.851009369 -0.102653854 0.992719471 0.063010260 -14.443193436 0.992580175 0.098077737 0.071869463 127.000831604
0.052596465 0.067185417 -0.996353149 -4.493968487 -0.097275212 0.993334055 0.061846785 -14.465807915 0.993866742 0.093667552 0.058781326 127.056884766
0.040420577 0.064584322 -0.997093260 -5.140953541 -0.094952665 0.993640900 0.060511474 -14.484015465 0.994660854 0.092230752 0.046295997 127.100929260
0.029666645 0.064228475 -0.997494221 -5.800343513 -0.094456635 0.993647814 0.061171561 -14.504997253 0.995086789 0.092405170 0.035545014 127.135574341
0.020744763 0.065690503 -0.997624397 -6.470699310 -0.097983867 0.993169069 0.063359641 -14.527549744 0.994971812 0.096436702 0.027039673 127.145324707
0.012164173 0.065085791 -0.997805476 -7.169751167 -0.100816041 0.992874324 0.063535087 -14.551178932 0.994830668 0.099821962 0.018639186 127.167457581
0.005652982 0.064566240 -0.997897506 -7.856988907 -0.103519894 0.992589474 0.063636392 -14.572779655 0.994611382 0.102942497 0.012294983 127.186790466
0.000276200 0.065946594 -0.997823119 -8.552003860 -0.104095452 0.992404163 0.065559648 -14.594367027 0.994567335 0.103850730 0.007138843 127.203689575
-0.003196428 0.067816250 -0.997692704 -9.274068832 -0.105744869 0.992081046 0.067773595 -14.609477997 0.994388163 0.105717532 0.004000105 127.226524353
-0.004074336 0.071372516 -0.997441351 -9.993228912 -0.108170167 0.991565466 0.071393915 -14.630371094 0.994124055 0.108184293 0.003680406 127.239692688
-0.004952284 0.074922621 -0.997177005 -10.725944519 -0.110856712 0.991001666 0.075009190 -14.646031380 0.993824005 0.110915236 0.003397954 127.249038696
-0.006706261 0.080747657 -0.996712029 -11.455019951 -0.115570322 0.989992678 0.080980889 -14.660607338 0.993276775 0.115733400 0.002692883 127.269058228
-0.007882122 0.084446102 -0.996396899 -12.193016052 -0.118526660 0.989324570 0.084784329 -14.674055099 0.992919624 0.118767887 0.002211138 127.286026001
-0.009597609 0.085060678 -0.996329606 -12.937873840 -0.117808044 0.989340246 0.085598804 -14.691156387 0.992990077 0.118197180 0.000525532 127.305191040
-0.010322835 0.081499472 -0.996619940 -13.708909988 -0.116211630 0.989821553 0.082147226 -14.706658363 0.993170857 0.116666831 -0.000746579 127.318305969
-0.012166881 0.078409195 -0.996847034 -14.459939003 -0.119963244 0.989605904 0.079303809 -14.714870453 0.992703855 0.120549880 -0.002634197 127.333290100
-0.013333188 0.080094181 -0.996698141 -15.233317375 -0.124731086 0.988867760 0.081133507 -14.724394798 0.992101014 0.125401005 -0.003194526 127.334098816
-0.014632384 0.083145015 -0.996430039 -16.009996414 -0.122126587 0.988926947 0.084312342 -14.739006996 0.992406666 0.122924291 -0.004316145 127.348251343
-0.017010579 0.083238520 -0.996384442 -16.783975601 -0.120827846 0.989054263 0.084688947 -14.754641533 0.992527723 0.121831596 -0.006766856 127.366409302
-0.017700795 0.082701549 -0.996417105 -17.574035645 -0.124125771 0.988682091 0.084264562 -14.765461922 0.992108643 0.125172600 -0.007235068 127.365158081
-0.018590108 0.082244545 -0.996438742 -18.368286133 -0.128167897 0.988192677 0.083955087 -14.776860237 0.991578162 0.129272208 -0.007829496 127.377044678
-0.019845041 0.086355396 -0.996066868 -19.165283203 -0.130039454 0.987577200 0.088210233 -14.781496048 0.991310239 0.131278530 -0.008368898 127.386779785
-0.020409090 0.091066353 -0.995635748 -19.971265793 -0.129124254 0.987262726 0.092947394 -14.793711662 0.991418362 0.130457714 -0.008390256 127.399467468
-0.019398918 0.093682803 -0.995413065 -20.794923782 -0.130349904 0.986865819 0.095418677 -14.800859451 0.991278231 0.131603017 -0.006932585 127.414306641
-0.017599070 0.092526250 -0.995554686 -21.613758087 -0.129823521 0.987068295 0.094032481 -14.807395935 0.991380930 0.130901277 -0.005359404 127.426986694
-0.016585518 0.092756987 -0.995550632 -22.445026398 -0.129739285 0.987070084 0.094128259 -14.813650131 0.991409481 0.130723193 -0.004336849 127.440650940
-0.016544029 0.091394857 -0.995677292 -23.276472092 -0.127885550 0.987441182 0.092763774 -14.814819336 0.991650939 0.128867403 -0.004648175 127.464065552
-0.015602091 0.093500137 -0.995497048 -24.113775253 -0.128838301 0.987130404 0.094733551 -14.821890831 0.991542876 0.129736170 -0.003354900 127.482978821
-0.014840234 0.095750257 -0.995294809 -24.950765610 -0.130567923 0.986695647 0.096869811 -14.823865891 0.991328299 0.131391138 -0.002140882 127.497421265
-0.015125745 0.097884640 -0.995082796 -25.827476501 -0.133326262 0.986112237 0.099028848 -14.820913315 0.990956783 0.134168550 -0.001865088 127.516433716
-0.013459234 0.099003732 -0.994996071 -26.690706253 -0.135591581 0.985713959 0.099914290 -14.818149567 0.990673363 0.136257842 0.000157114 127.529113770
-0.011583469 0.102126583 -0.994704008 -27.561540604 -0.142168298 0.984496772 0.102734186 -14.817035675 0.989774764 0.142605364 0.003115275 127.543380737
-0.009240857 0.106023490 -0.994320691 -28.442134857 -0.146934122 0.983425617 0.106227316 -14.812096596 0.989103138 0.147081256 0.006490772 127.559341431
-0.007166425 0.107818626 -0.994144738 -29.316631317 -0.149520621 0.982878268 0.107674576 -14.806301117 0.988732696 0.149416789 0.009077383 127.591117859
-0.003213698 0.108665489 -0.994073153 -30.212907791 -0.148230955 0.983044624 0.107939132 -14.806696892 0.988947511 0.147699282 0.012948381 127.613677979
-0.000541258 0.108503647 -0.994095802 -31.103559494 -0.150751904 0.982726336 0.107344769 -14.799377441 0.988571465 0.149919972 0.015825227 127.644386292
0.001928751 0.112366334 -0.993664920 -32.006694794 -0.151290625 0.982261717 0.110783175 -14.791234016 0.988487482 0.150118500 0.018894510 127.675544739
0.004144896 0.114335716 -0.993433535 -32.915966034 -0.150238410 0.982237279 0.112420261 -14.786838531 0.988641202 0.148785919 0.021248883 127.720016479
0.006008282 0.115610763 -0.993276417 -33.808975220 -0.150860146 0.982030571 0.113389283 -14.782965660 0.988536775 0.149164528 0.023341371 127.761390686
0.008463055 0.113740481 -0.993474483 -34.711666107 -0.152134091 0.982091069 0.111141235 -14.775320053 0.988323569 0.150200740 0.025615295 127.795066833
0.008818135 0.114823297 -0.993346930 -35.620750427 -0.156326056 0.981329501 0.112046488 -14.763911247 0.987666130 0.154297918 0.026603373 127.837989807
0.009929718 0.115470320 -0.993261337 -36.514762878 -0.157091886 0.981156170 0.112492613 -14.758964539 0.987533987 0.154916257 0.027882054 127.875923157
0.010274749 0.112071946 -0.993647039 -37.414073944 -0.157620355 0.981458068 0.109067343 -14.756435394 0.987446308 0.155498326 0.027749060 127.912040710
0.010967658 0.107784674 -0.994113743 -38.320350647 -0.158549055 0.981784284 0.104698695 -14.756635666 0.987290204 0.156467497 0.027857035 127.959396362
0.011602543 0.106948867 -0.994196773 -39.218074799 -0.158199385 0.981937766 0.103783891 -14.750146866 0.987339020 0.156077132 0.028312219 128.000747681
0.011400397 0.111069404 -0.993747175 -40.122459412 -0.160368517 0.981150508 0.107821703 -14.746112823 0.986991286 0.158136532 0.028997537 128.043411255
0.011631126 0.117410347 -0.993015289 -41.055816650 -0.161068559 0.980334222 0.114024401 -14.734869003 0.986874700 0.158617333 0.030313510 128.082138062
0.011858742 0.116106920 -0.993165851 -41.950569153 -0.158885524 0.980835736 0.112768300 -14.734410286 0.987225771 0.156462416 0.030079188 128.128555298
0.012703590 0.105751432 -0.994311452 -42.841285706 -0.158224121 0.982076168 0.102428615 -14.740085602 0.987321496 0.156022832 0.029208317 128.172409058
0.013003485 0.095252387 -0.995368183 -43.764354706 -0.159820035 0.982852757 0.091966830 -14.744663239 0.987060487 0.157883912 0.028003754 128.214965820
0.012083361 0.092149191 -0.995671928 -44.667022705 -0.156753406 0.983607769 0.089130320 -14.752267838 0.987563848 0.154997945 0.026329985 128.260559082
0.011735177 0.102250814 -0.994689465 -45.584106445 -0.149350271 0.983778775 0.099367231 -14.755865097 0.988714635 0.147391021 0.026816003 128.315017700
0.011809651 0.115422770 -0.993246257 -46.538417816 -0.144364282 0.983105481 0.112527855 -14.752309799 0.989454150 0.142060369 0.028273057 128.374465942
0.012205293 0.124476589 -0.992147505 -47.459568024 -0.144561142 0.982017040 0.121427238 -14.743242264 0.989420652 0.141943946 0.029980283 128.420150757
0.011973591 0.118639484 -0.992865205 -48.375793457 -0.144678757 0.982693374 0.115679257 -14.739309311 0.989406228 0.142261401 0.028930977 128.462341309
0.011990756 0.105162323 -0.994382799 -49.304821014 -0.144677565 0.984172404 0.102337904 -14.737847328 0.989406109 0.142637789 0.027015602 128.504409790
0.012569492 0.096282125 -0.995274782 -50.220497131 -0.145083919 0.984995842 0.093455471 -14.737012863 0.989339471 0.143223688 0.026349885 128.550155640
0.013059922 0.096308254 -0.995265901 -51.153579712 -0.143978074 0.985159516 0.093440995 -14.743850708 0.989494681 0.142076150 0.026732380 128.595947266
0.012603035 0.097727180 -0.995133460 -52.102764130 -0.147500530 0.984506786 0.094815522 -14.759936333 0.988981664 0.145587757 0.026822578 128.636734009
0.013206819 0.097292699 -0.995168149 -53.031452179 -0.152034938 0.983878672 0.094171308 -14.762369156 0.988286853 0.150056675 0.027785793 128.671508789
0.013465135 0.096735373 -0.995219111 -53.970687866 -0.153559729 0.983702183 0.093538299 -14.766353607 0.988047600 0.151566073 0.028100342 128.716369629
0.014286995 0.104596503 -0.994412065 -54.926746368 -0.162265643 0.981573284 0.100914732 -14.769659042 0.986643612 0.159917176 0.030996155 128.760070801
0.016118009 0.113826357 -0.993369877 -55.878326416 -0.168828636 0.979543746 0.109502725 -14.759016037 0.985513628 0.165944278 0.035005443 128.793441772
0.017536188 0.121970758 -0.992378771 -56.822917938 -0.169126540 0.978590786 0.117287502 -14.750389099 0.985438347 0.165780827 0.037789244 128.838867188
0.018327255 0.122862384 -0.992254436 -57.765525818 -0.170621917 0.978248298 0.117976651 -14.743525505 0.985166192 0.167138159 0.038891617 128.886352539
0.019829618 0.113212913 -0.993372798 -58.702018738 -0.172312900 0.979087770 0.108145162 -14.737668991 0.984842718 0.169026479 0.038922984 128.938644409
0.020691456 0.108147748 -0.993919611 -59.681152344 -0.170605212 0.979933441 0.103074282 -14.738181114 0.985122204 0.167435050 0.038726822 129.007904053
0.022948261 0.106509723 -0.994046807 -60.633800507 -0.169436812 0.980338752 0.101129368 -14.733664513 0.985273898 0.166107342 0.040543739 129.062454224
0.026489921 0.112265989 -0.993325114 -61.595741272 -0.170538202 0.979614675 0.106168531 -14.726976395 0.984994888 0.166587427 0.045095559 129.118408203
0.030057896 0.114855170 -0.992927492 -62.576831818 -0.173433006 0.978907824 0.107983328 -14.736825943 0.984386802 0.168960616 0.049343590 129.170349121
0.033665251 0.109656140 -0.993399262 -63.538089752 -0.173299938 0.979546547 0.102254026 -14.734178543 0.984293520 0.168713614 0.051980074 129.249298096
0.036893878 0.103840366 -0.993909419 -64.489006042 -0.173246607 0.980190992 0.095976174 -14.739501953 0.984187186 0.168650523 0.054153036 129.317779541
0.040252019 0.103777029 -0.993785679 -65.455879211 -0.170632258 0.980695963 0.095498867 -14.743257523 0.984512269 0.165727884 0.057182703 129.390945435
0.042863086 0.108220786 -0.993202388 -66.418823242 -0.168362945 0.980681121 0.099590518 -14.752314568 0.984792650 0.162949741 0.060255393 129.468643188
0.045921072 0.114948533 -0.992309451 -67.392166138 -0.167990550 0.980098963 0.105759986 -14.755749702 0.984718442 0.161842003 0.064317480 129.563430786
0.049311340 0.118665732 -0.991709054 -68.348503113 -0.165689126 0.980131209 0.109041691 -14.754577637 0.984944344 0.158938438 0.067993201 129.641784668
0.051198244 0.120349467 -0.991410434 -69.312492371 -0.165254980 0.980048299 0.110436119 -14.755627632 0.984921157 0.158181399 0.070065096 129.728073120
0.052890677 0.117648058 -0.991645813 -70.267654419 -0.163373902 0.980675340 0.107632771 -14.752930641 0.985145450 0.156316280 0.071089223 129.814208984
0.052966710 0.115951054 -0.991841614 -71.222129822 -0.161129519 0.981213093 0.106103815 -14.757594109 0.985510945 0.154194951 0.070654780 129.910034180
0.053216625 0.112186015 -0.992261171 -72.163833618 -0.158020198 0.982095122 0.102561720 -14.764854431 0.986000836 0.151339337 0.069991440 130.003524780
0.053265527 0.112589478 -0.992212951 -73.134887695 -0.157080263 0.982197821 0.103020400 -14.765025139 0.986148357 0.150369629 0.070002861 130.083389282
0.052437373 0.116798803 -0.991770327 -74.089965820 -0.153566495 0.982266903 0.107560143 -14.762281418 0.986746013 0.146662518 0.069443867 130.180114746
0.052042946 0.118331835 -0.991609275 -75.058982849 -0.148040161 0.982898235 0.109522678 -14.765852928 0.987611055 0.141098112 0.068670787 130.274597168
0.051218923 0.114289388 -0.992126286 -76.008262634 -0.144984707 0.983756721 0.105840348 -14.760141373 0.988107264 0.138422102 0.066957183 130.360137939
0.049719613 0.110930033 -0.992583632 -76.957794189 -0.146678448 0.983848214 0.102606483 -14.764590263 0.987933874 0.140489057 0.065187603 130.443206787
0.048718851 0.106766984 -0.993089676 -77.938369751 -0.142867580 0.984791517 0.098866060 -14.759314537 0.988541961 0.137063682 0.063231461 130.514526367
0.047787666 0.108555309 -0.992941141 -78.888107300 -0.143554479 0.984503329 0.100723937 -14.771109581 0.988487959 0.137727782 0.062630720 130.579437256
0.046461798 0.109897755 -0.992856324 -79.836463928 -0.144051909 0.984277785 0.102207139 -14.771910667 0.988478839 0.138274118 0.061562289 130.662765503
0.045921344 0.110856615 -0.992774904 -80.804069519 -0.146603569 0.983810484 0.103074387 -14.777873993 0.988128781 0.140811041 0.061429873 130.725494385
0.044404168 0.110877834 -0.992841542 -81.761901855 -0.146426186 0.983811021 0.103320532 -14.769011497 0.988224506 0.140790150 0.059920732 130.800384521
0.042399149 0.111330383 -0.992878556 -82.715324402 -0.146593302 0.983710170 0.104042329 -14.769002914 0.988287866 0.141138032 0.058028761 130.870895386
0.039987203 0.114475057 -0.992621005 -83.659362793 -0.146572992 0.983341277 0.107500263 -14.770728111 0.988391340 0.141192794 0.056100018 130.949005127
0.038445655 0.118296258 -0.992233813 -84.622177124 -0.147938684 0.982699394 0.111427404 -14.759283066 0.988248944 0.142505869 0.055281118 131.003051758
0.036108680 0.122987583 -0.991751134 -85.570327759 -0.148957819 0.981974483 0.116351761 -14.746212959 0.988184154 0.143527776 0.053777762 131.071548462
0.034281101 0.123003490 -0.991813958 -86.519241333 -0.149162844 0.981911600 0.116619714 -14.742834091 0.988218248 0.143943936 0.052008554 131.134796143
0.032871105 0.117172159 -0.992567420 -87.462539673 -0.149150774 0.982558727 0.111051157 -14.733149529 0.988267958 0.144391820 0.049774107 131.199325562
0.030649863 0.112848788 -0.993139327 -88.400520325 -0.154002249 0.982274890 0.106861532 -14.726141930 0.987595022 0.149670377 0.047485560 131.261184692
0.030647783 0.110331647 -0.993422151 -89.371665955 -0.152337179 0.982793570 0.104451522 -14.716649055 0.987853229 0.148133904 0.046928059 131.307357788
0.029810218 0.111489922 -0.993318439 -90.322570801 -0.148264095 0.983260274 0.105911471 -14.721083641 0.988498390 0.144116208 0.045841150 131.369262695
0.029009826 0.112826653 -0.993191063 -91.271842957 -0.144958749 0.983580410 0.107500829 -14.718148232 0.989012361 0.140853137 0.044888705 131.436523438
0.027849026 0.112927675 -0.993212819 -92.217468262 -0.140115157 0.984229922 0.107977591 -14.720325470 0.989743531 0.136157095 0.043232720 131.503875732
0.026586566 0.109983630 -0.993577778 -93.163223267 -0.136000171 0.985085726 0.105404466 -14.720909119 0.990352035 0.132324383 0.041147843 131.569686890
0.025904784 0.107304797 -0.993888617 -94.132835388 -0.130624309 0.986061335 0.103055120 -14.729946136 0.991093397 0.127156436 0.039560318 131.623779297
0.024945056 0.109541014 -0.993669152 -95.091255188 -0.128650308 0.986065149 0.105473109 -14.728877068 0.991376281 0.125204802 0.038689934 131.681457520
0.023517270 0.112060420 -0.993423104 -96.037376404 -0.128438905 0.985801637 0.108160175 -14.728433609 0.991438508 0.125050530 0.037576284 131.742370605
0.021869346 0.109603800 -0.993734658 -97.004554749 -0.123630732 0.986639798 0.106100500 -14.720205307 0.992087305 0.120535769 0.035127565 131.797378540
0.019068511 0.106599823 -0.994119108 -97.955932617 -0.121500701 0.987177849 0.103524946 -14.718014717 0.992408097 0.118812121 0.031775963 131.858001709
0.015986659 0.104248621 -0.994422793 -98.905303955 -0.120344147 0.987520456 0.101590343 -14.720317841 0.992603481 0.118048854 0.028332859 131.913726807
0.014007331 0.102926984 -0.994590342 -99.868553162 -0.114030369 0.988362968 0.100676589 -14.725783348 0.993378520 0.112003282 0.025581127 131.958633423
0.011161915 0.103029609 -0.994615734 -100.813003540 -0.108278401 0.988953352 0.101227924 -14.721141815 0.994057894 0.106565490 0.022194488 132.017837524
0.008815887 0.111076087 -0.993772805 -101.809097290 -0.098130926 0.989110529 0.109684452 -14.721524239 0.995134473 0.096552886 0.019619884 132.075286865
0.006166803 0.119226463 -0.992847919 -102.768043518 -0.090159968 0.988889337 0.118191063 -14.716822624 0.995908201 0.088786282 0.016847741 132.132354736
0.002598526 0.118504830 -0.992950022 -103.722320557 -0.085927345 0.989307404 0.117845200 -14.707710266 0.996297956 0.085015349 0.012753548 132.185760498
0.000524639 0.108507752 -0.994095445 -104.676902771 -0.086917348 0.990338445 0.108051792 -14.706436157 0.996215343 0.086347446 0.009950778 132.216430664
-0.001693632 0.099048875 -0.995081127 -105.623641968 -0.088768117 0.991139412 0.098807603 -14.703102112 0.996050775 0.088498823 0.007113757 132.255355835
-0.001939207 0.100585386 -0.994926512 -106.583786011 -0.096096568 0.990305066 0.100305483 -14.704659462 0.995370209 0.095803536 0.007745504 132.274063110
-0.002500559 0.110048637 -0.993923187 -107.551368713 -0.099532709 0.988963187 0.109749898 -14.692166328 0.995031059 0.099202298 0.008480480 132.308120728
-0.004060064 0.121334665 -0.992603362 -108.513984680 -0.103391007 0.987240911 0.121102065 -14.678806305 0.994632542 0.103117950 0.008536650 132.339187622
-0.005725068 0.122920126 -0.992400110 -109.456436157 -0.110335551 0.986279130 0.122798510 -14.667225838 0.993877888 0.110200047 0.007915947 132.373153687
-0.004916882 0.120070085 -0.992753208 -110.453987122 -0.117781959 0.985785365 0.119810700 -14.647300720 0.993027329 0.117517516 0.009295098 132.385055542
-0.005225067 0.115775026 -0.993261755 -111.407791138 -0.125647858 0.985327363 0.115511142 -14.631499290 0.992061138 0.125404775 0.009398483 132.411941528
-0.002993995 0.117807344 -0.993031979 -112.374130249 -0.130257845 0.984529853 0.117191426 -14.611975670 0.991475642 0.129701078 0.012397653 132.437088013
-0.001395432 0.119422577 -0.992842555 -113.359146118 -0.138553038 0.983244419 0.118462801 -14.595776558 0.990354002 0.137726694 0.015174309 132.459442139
-0.000774828 0.121999443 -0.992529929 -114.323394775 -0.147756457 0.981621981 0.120774023 -14.577156067 0.989023387 0.146746278 0.017265618 132.481216431
-0.000690924 0.124411419 -0.992230594 -115.298248291 -0.153330162 0.980484426 0.123045407 -14.556219101 0.988174736 0.152223870 0.018398585 132.510726929
-0.000164913 0.123521701 -0.992341876 -116.275390625 -0.157221138 0.979997337 0.122011229 -14.541878700 0.987563431 0.156037241 0.019258611 132.549865723
0.001211051 0.114087701 -0.993469894 -117.229133606 -0.156132326 0.981308460 0.112500742 -14.544033051 0.987735391 0.154976547 0.019001186 132.585815430
0.002912297 0.102640860 -0.994714141 -118.182464600 -0.159372598 0.982051969 0.100867704 -14.534648895 0.987214208 0.158236429 0.019218171 132.621597290
