1.000000000 0.000000000 0.000000000 0.000000000 0.000000000 1.000000000 0.000000000 0.000000000 0.000000000 0.000000000 1.000000000 0.000000000
0.999997854 -0.001580520 -0.001360137 0.049159087 0.001577574 0.999996424 -0.002164424 -0.132691264 0.001363553 0.002162274 0.999996722 1.298109055
0.999997616 0.000059737 -0.002188717 0.104781695 -0.000073796 0.999979377 -0.006424192 -0.266562879 0.002188288 0.006424339 0.999976993 2.603890657
0.999995828 0.002535513 -0.001362141 0.149533898 -0.002546342 0.999964714 -0.008008043 -0.405156225 0.001341788 0.008011478 0.999966979 3.908595562
0.999983609 0.005733571 0.000123486 0.195510238 -0.005732603 0.999960661 -0.006770565 -0.543591142 -0.000162300 0.006769745 0.999976993 5.224320412
0.999975622 0.006544850 0.002428292 0.242081240 -0.006536847 0.999973238 -0.003288636 -0.690634847 -0.002449751 0.003272682 0.999991596 6.540339470
0.999959886 0.006826521 0.005792069 0.298317283 -0.006814696 0.999974668 -0.002058787 -0.827509522 -0.005805976 0.002019234 0.999981105 7.842875957
0.999942660 0.005439400 0.009222086 0.354482621 -0.005421914 0.999983430 -0.001920102 -0.960607946 -0.009232379 0.001869990 0.999955654 9.149614334
0.999913573 0.004109029 0.012488743 0.434241116 -0.004087208 0.999990046 -0.001772175 -1.097943425 -0.012495905 0.001720978 0.999920487 10.449284554
0.999870479 0.002722176 0.015857710 0.499971896 -0.002683078 0.999993265 -0.002486335 -1.233117223 -0.015864370 0.002443467 0.999871135 11.755486488
0.999812305 0.001645110 0.019302098 0.574603081 -0.001582120 0.999993384 -0.003278190 -1.369327664 -0.019307364 0.003247036 0.999808311 13.049356461
0.999744356 0.001579485 0.022553638 0.644444406 -0.001508325 0.999993861 -0.003171793 -1.517980456 -0.022558512 0.003136964 0.999740541 14.377393723
0.999663830 0.001501592 0.025886551 0.732183874 -0.001390358 0.999989748 -0.004314400 -1.656757951 -0.025892764 0.004276958 0.999655604 15.671708107
0.999578178 0.002477477 0.028935533 0.813680947 -0.002356139 0.999988258 -0.004226709 -1.793604493 -0.028945668 0.004156751 0.999572337 16.974826813
0.999478221 0.001938299 0.032243349 0.902960181 -0.001817797 0.999991298 -0.003766168 -1.933023930 -0.032250367 0.003705591 0.999472916 18.260719299
0.999411464 0.000338634 0.034302447 1.001656175 -0.000222669 0.999994218 -0.003384448 -2.078572035 -0.034303397 0.003374818 0.999405742 19.567516327
0.999358058 -0.002085186 0.035764914 1.096911430 0.002244946 0.999987662 -0.004427344 -2.220868349 -0.035755243 0.004504791 0.999350488 20.847736359
0.999313951 -0.001950285 0.036984280 1.200883865 0.002194379 0.999976099 -0.006560500 -2.359883547 -0.036970600 0.006637156 0.999294341 22.153909683
0.999279559 -0.002002734 0.037898947 1.289424896 0.002358624 0.999953508 -0.009348131 -2.499886751 -0.037878457 0.009430784 0.999237895 23.437307358
0.999230862 -0.001435131 0.039187118 1.387735009 0.001853595 0.999941647 -0.010644377 -2.645757198 -0.039169554 0.010708825 0.999175191 24.720315933
0.999198318 -0.000694465 0.040027652 1.492440820 0.001140909 0.999937415 -0.011131621 -2.793400049 -0.040017419 0.011168364 0.999136567 25.986387253
0.999170721 -0.002417974 0.040644620 1.587571383 0.002836695 0.999943614 -0.010247492 -2.939466715 -0.040617544 0.010354294 0.999121130 27.281929016
0.999174654 -0.005379705 0.040262669 1.691548824 0.005749046 0.999942422 -0.009063112 -3.085866451 -0.040211596 0.009287107 0.999148011 28.564226151
0.999195516 -0.006842186 0.039516598 1.791181564 0.007220083 0.999929428 -0.009428192 -3.235421181 -0.039449297 0.009705920 0.999174356 29.850404739
0.999195576 -0.008488745 0.039193310 1.886255622 0.008966995 0.999887228 -0.012042728 -3.380939484 -0.039086659 0.012384486 0.999159038 31.108554840
0.999238968 -0.008644642 0.038034584 2.001416445 0.009111365 0.999885082 -0.012114819 -3.530163527 -0.037925474 0.012452149 0.999202967 32.403530121
0.999257863 -0.009218588 0.037398450 2.097222090 0.009693709 0.999874353 -0.012542944 -3.672178030 -0.037278116 0.012896165 0.999221742 33.671913147
0.999270916 -0.009859720 0.036884557 2.195925713 0.010325582 0.999869049 -0.012461159 -3.820396900 -0.036756866 0.012832928 0.999241769 34.937847137
0.999292672 -0.010429976 0.036131382 2.295995951 0.010904958 0.999856412 -0.012973886 -3.964041948 -0.035990868 0.013358719 0.999262810 36.186592102
0.999324501 -0.011020263 0.035057709 2.400385380 0.011485361 0.999848247 -0.013092953 -4.122708321 -0.034908101 0.013486762 0.999299467 37.483898163
0.999313712 -0.010636715 0.035481617 2.483376741 0.011039814 0.999876440 -0.011184199 -4.269188881 -0.035358269 0.011568235 0.999307692 38.747337341
0.999289155 -0.010768886 0.036123965 2.596248150 0.011148371 0.999884605 -0.010320183 -4.406851768 -0.036008656 0.010715569 0.999294043 40.016826630
0.999214411 -0.012532020 0.037595671 2.713362932 0.012861528 0.999880970 -0.008535547 -4.551687241 -0.037484217 0.009012379 0.999256670 41.269416809
0.999107599 -0.013676411 0.039962105 2.808150291 0.014077588 0.999853134 -0.009774816 -4.695568562 -0.039822560 0.010328662 0.999153376 42.528610229
0.998988688 -0.014868673 0.042433199 2.905705929 0.015435149 0.999795675 -0.013053525 -4.843172073 -0.042230438 0.013695287 0.999013960 43.768943787
0.998882532 -0.016065752 0.044445574 3.007017612 0.016698120 0.999764025 -0.013893453 -4.991068363 -0.044211872 0.014620084 0.998915195 45.034980774
0.998768389 -0.016378088 0.046835009 3.136624575 0.017003523 0.999771059 -0.012986923 -5.120594978 -0.046611577 0.013767285 0.998818278 46.272670746
0.998560667 -0.017410472 0.050728258 3.241058350 0.017905828 0.999796152 -0.009326835 -5.281488895 -0.050555527 0.010221741 0.998668909 47.540065765
0.998293817 -0.020443480 0.054693893 3.358242750 0.020886460 0.999753475 -0.007539852 -5.416882515 -0.054526266 0.008669350 0.998474658 48.770004272
0.998071551 -0.022533506 0.057839349 3.495273590 0.023005957 0.999707103 -0.007515354 -5.560755253 -0.057653058 0.008831510 0.998297632 50.018527985
0.997797072 -0.025825420 0.061106093 3.637366295 0.026577637 0.999580324 -0.011529324 -5.692315102 -0.060782701 0.013127983 0.998064697 51.251308441
0.997523010 -0.027411371 0.064779229 3.776382446 0.028210655 0.999536335 -0.011456138 -5.831139088 -0.064435162 0.013255228 0.997833848 52.482059479
0.997183621 -0.029795339 0.068825416 3.909206867 0.030452466 0.999499917 -0.008518125 -5.975548267 -0.068537205 0.010590040 0.997592390 53.691734314
0.996902406 -0.032496683 0.071620546 4.061721325 0.032953631 0.999443352 -0.005207567 -6.105904579 -0.071411461 0.007551594 0.997418344 54.890289307
0.996650994 -0.035239626 0.073790260 4.206816196 0.035628330 0.999357283 -0.003957623 -6.240925789 -0.073603392 0.006573393 0.997265875 56.144901276
0.996467650 -0.038145166 0.074814305 4.359164715 0.038310535 0.999265552 -0.000776092 -6.365404129 -0.074729748 0.003639527 0.997197151 57.348442078
0.996293128 -0.041026596 0.075611480 4.501482964 0.041092906 0.999155104 0.000679216 -6.491145134 -0.075575463 0.002430397 0.997137129 58.569774628
0.996242464 -0.042962648 0.075201124 4.648244381 0.043306425 0.999057472 -0.002946018 -6.611841202 -0.075003684 0.006191640 0.997164011 59.765338898
0.996260285 -0.044218291 0.074230857 4.799758434 0.044858690 0.998968959 -0.006981476 -6.742913723 -0.073845603 0.010285265 0.997216761 60.973411560
0.996261001 -0.045626607 0.073363781 4.934856892 0.046552096 0.998855829 -0.010954142 -6.871354580 -0.072780050 0.014328422 0.997245014 62.154335022
0.996306419 -0.047829919 0.071314596 5.088841915 0.048899006 0.998714924 -0.013320548 -7.007977009 -0.070585832 0.016758557 0.997364879 63.372646332
0.996432245 -0.047538523 0.069734082 5.218014240 0.048569195 0.998733222 -0.013158829 -7.141809464 -0.069020174 0.016498810 0.997478843 64.548721313
0.996674955 -0.046996154 0.066560097 5.354967594 0.047945779 0.998768687 -0.012741576 -7.282936096 -0.065879308 0.015890487 0.997701049 65.772079468
0.996912181 -0.046432707 0.063324422 5.478310585 0.047210600 0.998826087 -0.010842979 -7.413788795 -0.062746607 0.013799082 0.997934043 66.946372986
0.997326076 -0.042306818 0.059590634 5.597329617 0.042801950 0.999058664 -0.007056507 -7.546876907 -0.059236001 0.009588232 0.998197973 68.139343262
0.997606158 -0.040297870 0.056195691 5.711631775 0.040638253 0.999161780 -0.004927210 -7.673302650 -0.055950034 0.007199110 0.998407543 69.312309265
0.997816801 -0.039201345 0.053149913 5.816468239 0.039690923 0.999178529 -0.008187075 -7.806189537 -0.052785300 0.010278772 0.998552978 70.492195129
0.997970700 -0.039683815 0.049798440 5.930010319 0.040472757 0.999068975 -0.014935122 -7.943140984 -0.049159404 0.016920291 0.998647630 71.678314209
0.997947514 -0.043757182 0.046755575 6.031672001 0.044630475 0.998844981 -0.017799612 -8.078174591 -0.045922715 0.019849803 0.998747766 72.848930359
0.997999430 -0.047550187 0.041666884 6.150017738 0.048121396 0.998759270 -0.012814417 -8.216940880 -0.041005857 0.014793850 0.999049366 74.018348694
0.997990906 -0.051265299 0.037230212 6.254584312 0.051603727 0.998633981 -0.008186256 -8.340695381 -0.036759682 0.010091024 0.999273181 75.174346924
0.998018324 -0.053615943 0.032934889 6.346302032 0.053814676 0.998537540 -0.005177241 -8.468737602 -0.032609139 0.006939362 0.999444067 76.366867065
0.998180926 -0.052968699 0.028793124 6.434059143 0.053066052 0.998587549 -0.002627222 -8.594124794 -0.028613294 0.004150381 0.999581873 77.525680542
0.998307884 -0.052675012 0.024626931 6.529660702 0.052759100 0.998603404 -0.002776989 -8.707021713 -0.024446256 0.004071584 0.999692738 78.682876587
0.998443544 -0.051337406 0.021794582 6.592363834 0.051450565 0.998664677 -0.004663130 -8.839944839 -0.021526087 0.005777214 0.999751508 79.860313416
0.998633802 -0.048882347 0.018471614 6.667509079 0.049066294 0.998749018 -0.009639846 -8.968156815 -0.017977292 0.010533007 0.999782860 81.007324219
0.998533249 -0.052165657 0.014500059 6.749148846 0.052371684 0.998526514 -0.014211683 -9.108480453 -0.013737332 0.014950227 0.999793768 82.165657043
0.998373449 -0.055738892 0.011983639 6.804793358 0.055920262 0.998316765 -0.015372557 -9.238546371 -0.011106621 0.016017675 0.999809980 83.303985596
0.998392105 -0.056086116 0.008224759 6.869964600 0.056184039 0.998345792 -0.012200251 -9.364106178 -0.007526889 0.012642733 0.999891698 84.440109253
0.998394251 -0.056421798 0.005051694 6.936618328 0.056467157 0.998360813 -0.009338170 -9.496930122 -0.004516535 0.009608428 0.999943614 85.567810059
0.998529255 -0.054041799 0.004337724 6.974942207 0.054087438 0.998473287 -0.011201748 -9.622537613 -0.003725740 0.011419889 0.999927878 86.719856262
0.998721421 -0.050370872 0.004274609 7.021174908 0.050427187 0.998625457 -0.014288024 -9.749858856 -0.003549033 0.014485313 0.999888837 87.840835571
0.998795807 -0.048995133 0.002497239 7.088172913 0.049031187 0.998646557 -0.017351763 -9.873707771 -0.001643707 0.017453313 0.999846339 88.932258606
0.998721004 -0.050530270 0.001826962 7.130018234 0.050554626 0.998566508 -0.017583279 -10.014299393 -0.000935855 0.017653149 0.999843717 90.088409424
0.998674333 -0.051472627 0.000302741 7.180095196 0.051471416 0.998563409 -0.014895678 -10.144441605 0.000464414 0.014891517 0.999889016 91.203125000
0.998618603 -0.052543819 -0.000203975 7.226260662 0.052537490 0.998545408 -0.012119839 -10.274973869 0.000840501 0.012092376 0.999926507 92.320068359
0.998641670 -0.052088670 -0.001245015 7.288932323 0.052070115 0.998571873 -0.011957185 -10.392650604 0.001866071 0.011876117 0.999927700 93.455528259
0.998608053 -0.052731328 -0.001133951 7.331300259 0.052710351 0.998511732 -0.013997491 -10.519957542 0.001870370 0.013918236 0.999901414 94.563835144
0.998599648 -0.052880757 -0.001552721 7.384810925 0.052845322 0.998447359 -0.017611010 -10.651224136 0.002481594 0.017504295 0.999843657 95.664932251
0.998562574 -0.053549271 -0.002258586 7.440453053 0.053497586 0.998391151 -0.018786673 -10.788227081 0.003260965 0.018638842 0.999820948 96.781661987
0.998523295 -0.054269992 -0.002431165 7.492918015 0.054220621 0.998382092 -0.017124576 -10.918995857 0.003356583 0.016967464 0.999850333 97.864631653
0.998587191 -0.053121235 -0.001322816 7.530651093 0.053101387 0.998515606 -0.012113770 -11.039402962 0.001964351 0.012026414 0.999925673 98.947265625
0.998676240 -0.051435709 -0.000002607 7.578097820 0.051433731 0.998638391 -0.008715980 -11.158750534 0.000450916 0.008704307 0.999962032 100.014503479
0.998792708 -0.049071368 0.002233117 7.615775585 0.049088832 0.998757482 -0.008587955 -11.279479980 -0.001808920 0.008687211 0.999960601 101.076103210
0.998876452 -0.047186416 0.004375460 7.661928177 0.047229063 0.998831868 -0.010218274 -11.401426315 -0.003888184 0.010413445 0.999938190 102.112335205
0.998845160 -0.047500987 0.007200795 7.709048271 0.047588103 0.998789430 -0.012452988 -11.524053574 -0.006600549 0.012781279 0.999896467 103.134254456
0.998750865 -0.049165312 0.008917818 7.758463383 0.049286608 0.998687446 -0.013932794 -11.630363464 -0.008221103 0.014354920 0.999863148 104.148483276
0.998643517 -0.050955031 0.010715019 7.818106651 0.051094528 0.998606920 -0.013174402 -11.744535446 -0.010028789 0.013704011 0.999855757 105.132194519
0.998611510 -0.051149208 0.012601466 7.873158455 0.051295374 0.998616576 -0.011562383 -11.862661362 -0.011992624 0.012192726 0.999853671 106.104553223
0.998550594 -0.052094389 0.013523458 7.941625595 0.052233998 0.998582900 -0.010183447 -11.971042633 -0.012973796 0.010875070 0.999856710 107.045707703
0.998481691 -0.052800626 0.015699379 7.994621277 0.052972503 0.998538136 -0.010740702 -12.075983047 -0.015109311 0.011556027 0.999819100 107.962036133
0.998485565 -0.052252453 0.017208120 8.054406166 0.052411348 0.998585761 -0.008915716 -12.178254128 -0.016717914 0.009804117 0.999812186 108.866752625
0.998500705 -0.051343951 0.018974233 8.111186028 0.051481433 0.998650491 -0.006829625 -12.275794029 -0.018597970 0.007796207 0.999796629 109.738121033
0.998469174 -0.051574457 0.019983931 8.172920227 0.051655259 0.998658657 -0.003548351 -12.377997398 -0.019774126 0.004575194 0.999794006 110.589782715
0.998420835 -0.051814154 0.021704342 8.231121063 0.051899217 0.998646557 -0.003373685 -12.469784737 -0.021500165 0.004494795 0.999758780 111.415603638
0.998465657 -0.050502006 0.022713328 8.281908035 0.050574537 0.998716831 -0.002630047 -12.559356689 -0.022551356 0.003774728 0.999738574 112.226783752
0.998568773 -0.048245504 0.023082523 8.334027290 0.048319701 0.998828351 -0.002667105 -12.637191772 -0.022926802 0.003778629 0.999729991 113.006729126
0.998707175 -0.045641866 0.022377687 8.375252724 0.045636266 0.998957813 0.000761158 -12.717775345 -0.022389106 0.000261061 0.999749303 113.755119324
0.998766422 -0.045650534 0.019535152 8.421304703 0.045622759 0.998956978 0.001865337 -12.804779053 -0.019599928 -0.000971788 0.999807537 114.505950928
0.998867631 -0.045725085 0.013136391 8.456922531 0.045702040 0.998952985 0.002048643 -12.879579544 -0.013216307 -0.001445963 0.999911666 115.202125549
0.999009967 -0.044420496 0.002454638 8.484290123 0.044417966 0.999012411 0.001076997 -12.956174850 -0.002500061 -0.000966901 0.999996364 115.869132996
0.999079585 -0.041454956 -0.011018440 8.480087280 0.041434821 0.999139071 -0.002048686 -13.022521019 0.011093885 0.001590253 0.999937177 116.507057190
0.998732388 -0.040254008 -0.030220671 8.478034973 0.040137995 0.999184251 -0.004436392 -13.093773842 0.030374601 0.003217771 0.999533415 117.138946533
0.997886360 -0.038462237 -0.052377887 8.440050125 0.038154300 0.999248207 -0.006866780 -13.162139893 0.052602623 0.004853825 0.998603821 117.725120544
0.996095479 -0.036988936 -0.080160275 8.400182724 0.036421094 0.999300063 -0.008534830 -13.230173111 0.080419861 0.005581980 0.996745467 118.293540955
0.993084311 -0.034628026 -0.112180449 8.326325417 0.033647038 0.999377310 -0.010626803 -13.297547340 0.112478577 0.006778773 0.993631065 118.836593628
0.988620102 -0.030085824 -0.147394910 8.218246460 0.028587384 0.999516010 -0.012274522 -13.358864784 0.147692844 0.007921205 0.989001632 119.376708984
0.982202828 -0.024267418 -0.186249122 8.112173080 0.022536768 0.999681115 -0.011404086 -13.424947739 0.186466455 0.007003674 0.982436359 119.886009216
0.973530769 -0.018805282 -0.227781266 7.970220566 0.017030206 0.999807417 -0.009755992 -13.478904724 0.227920860 0.005618596 0.973663509 120.388885498
0.962131858 -0.014193677 -0.272214532 7.792366028 0.012456545 0.999889612 -0.008108565 -13.538662910 0.272299528 0.004410657 0.962202430 120.881896973
0.947817743 -0.007781755 -0.318717837 7.601638794 0.005317014 0.999948919 -0.008602594 -13.595133781 0.318768501 0.006459065 0.947810531 121.348136902
0.930209219 -0.000080844 -0.367029786 7.378231049 -0.003685247 0.999947548 -0.009560242 -13.649898529 0.367011249 0.010245620 0.930159986 121.814857483
0.908993959 0.004740165 -0.416782379 7.112068176 -0.009967001 0.999896586 -0.010365767 -13.706132889 0.416690171 0.013576491 0.908947170 122.258766174
0.883796930 0.008995516 -0.467784137 6.842792511 -0.015037794 0.999844670 -0.009184227 -13.758828163 0.467628956 0.015151434 0.883794963 122.670608521
0.854664385 0.012258641 -0.519036233 6.555339813 -0.019706715 0.999766648 -0.008837238 -13.804764748 0.518806815 0.017781373 0.854706526 123.070022583
0.823120117 0.022237713 -0.567431748 6.225864410 -0.030499531 0.999521852 -0.005071436 -13.860775948 0.567047715 0.021480806 0.823404729 123.435195923
0.788736880 0.034870692 -0.613741159 5.880847931 -0.043175966 0.999066651 0.001276875 -13.898266792 0.613213003 0.025491752 0.789506197 123.795288086
0.752753854 0.044162866 -0.656819105 5.531509399 -0.055031303 0.998476326 0.004065896 -13.944191933 0.655997872 0.033084996 0.754037261 124.102577209
0.712646067 0.047916517 -0.699885368 5.165447235 -0.062039364 0.998060405 0.005160074 -13.990335464 0.698775172 0.039743144 0.714236557 124.399673462
0.670329392 0.049695380 -0.740397811 4.782901764 -0.064772509 0.997865260 0.008333862 -14.037280083 0.739231288 0.042370990 0.672117293 124.681320190
0.626485467 0.053303525 -0.777608395 4.368503571 -0.068283737 0.997576416 0.013368635 -14.071677208 0.776436269 0.044722740 0.628606856 124.948493958
0.581011534 0.062252607 -0.811511099 3.955753326 -0.079347193 0.996653378 0.019645624 -14.107781410 0.810018241 0.052976787 0.584006786 125.174148560
0.535949171 0.070575349 -0.841295183 3.482685089 -0.091582023 0.995479584 0.025167137 -14.125300407 0.839268267 0.063559219 0.539989829 125.396408081
0.489197433 0.075575717 -0.868892431 3.033500671 -0.097322345 0.994747043 0.031728741 -14.147970200 0.866726041 0.069041029 0.493982971 125.586402893
0.442055702 0.076732792 -0.893699586 2.569820404 -0.096553199 0.994615972 0.037638783 -14.173259735 0.891775906 0.069651119 0.447084457 125.763320923
0.394082785 0.078546226 -0.915712357 2.095321655 -0.094313607 0.994537592 0.044719085 -14.197189331 0.914223015 0.068741128 0.399338126 125.943893433
0.349089861 0.081733391 -0.933517933 1.596343994 -0.096119307 0.994057715 0.051089998 -14.221479416 0.932146609 0.071894094 0.354871690 126.078742981
0.305624872 0.085231751 -0.948329628 1.096767426 -0.101805732 0.993200958 0.056454975 -14.242166519 0.946693718 0.079291336 0.312224030 126.192466736
0.264039278 0.086439908 -0.960630774 0.577274323 -0.106631234 0.992486835 0.059997700 -14.256762505 0.958599448 0.086591490 0.271272719 126.293487549
0.224246189 0.083364524 -0.970960319 0.050214767 -0.106857926 0.992430151 0.060528718 -14.278150558 0.968656242 0.090181477 0.231456891 126.397018433
0.189328417 0.078447670 -0.978775084 -0.485197067 -0.102067098 0.992975831 0.059842598 -14.301169395 0.976594627 0.088570833 0.196005523 126.483963013
0.158848614 0.073153012 -0.984589040 -1.033430099 -0.099335618 0.993375063 0.057779483 -14.320676804 0.982292950 0.088626586 0.165062949 126.562294006
0.132384539 0.071802661 -0.988594234 -1.599534988 -0.100477546 0.993207216 0.058682557 -14.341362000 0.986092508 0.091562860 0.138699844 126.629386902
0.110375188 0.070606858 -0.991378784 -2.192932129 -0.100838557 0.993121743 0.059504114 -14.351692200 0.988761246 0.093401417 0.116735913 126.684982300
0.091932528 0.072174564 -0.993146002 -2.785257339 -0.102504000 0.992757201 0.062657818 -14.366891861 0.990475237 0.096041150 0.098664857 126.736465454
0.075682178 0.070552520 -0.994632900 -3.391304970 -0.104132757 0.992598653 0.062484711 -14.394160271 0.991679668 0.098844871 0.082468852 126.794319153
0.061307702 0.069637135 -0.995686769 -4.010622501 -0.102996260 0.992679298 0.063084990 -14.424345970 0.992790639 0.098684400 0.068031237 126.847793579
0.048805363 0.067131884 -0.996549785 -4.648662567 -0.098602250 0.993188918 0.062076509 -14.446621895 0.993929386 0.095232390 0.055092290 126.892990112
0.037196487 0.064610578 -0.997217119 -5.295264721 -0.096565455 0.993470073 0.060765870 -14.463843346 0.994631350 0.094036438 0.043192744 126.927139282
0.026621627 0.063452743 -0.997629702 -5.964730263 -0.095611423 0.993569732 0.060643140 -14.482217789 0.995062709 0.093770377 0.032517258 126.961196899
0.016933842 0.064833388 -0.997752428 -6.635810852 -0.098946981 0.993105769 0.062852129 -14.503757477 0.994948566 0.097660251 0.023232166 126.981109619
0.008812597 0.064721942 -0.997864366 -7.311004162 -0.101845749 0.992771924 0.063492201 -14.530257225 0.994761169 0.101068713 0.015340554 126.991714478
0.001759418 0.064168096 -0.997937560 -8.006560326 -0.103544757 0.992586613 0.063641481 -14.552725792 0.994623363 0.103219219 0.008390645 127.016227722
-0.003395286 0.065204531 -0.997866094 -8.704834938 -0.104337908 0.992402315 0.065202504 -14.571170807 0.994536042 0.104336657 0.003433812 127.031768799
-0.006974831 0.067439854 -0.997699022 -9.428701401 -0.106753007 0.991971374 0.067798987 -14.589349747 0.994261146 0.106980234 0.000280575 127.052764893
-0.007926330 0.071600214 -0.997401953 -10.161525726 -0.108772621 0.991453052 0.072037578 -14.616076469 0.994034946 0.109061025 -0.000070440 127.054649353
-0.008534550 0.074506260 -0.997184038 -10.888486862 -0.111378871 0.990944386 0.074993327 -14.627658844 0.993741393 0.111705281 -0.000158840 127.056556702
-0.009227466 0.080119044 -0.996742606 -11.630450249 -0.116018623 0.989967346 0.080648512 -14.634991646 0.993204176 0.116384886 0.000160411 127.063774109
-0.010221937 0.083970852 -0.996415734 -12.374716759 -0.119171873 0.989263654 0.084590659 -14.649792671 0.992821038 0.119609430 -0.000105226 127.069183350
-0.012073605 0.084401406 -0.996358693 -13.111161232 -0.118967772 0.989232600 0.085239358 -14.666242599 0.992824733 0.119563729 -0.001902557 127.095802307
-0.013653499 0.081462167 -0.996582866 -13.854903221 -0.116636060 0.989742160 0.082500942 -14.685175896 0.993080914 0.117363937 -0.004012018 127.115776062
-0.015202734 0.078012846 -0.996836543 -14.616292000 -0.120155208 0.989584684 0.079277791 -14.690621376 0.992638767 0.120980330 -0.005670745 127.125793457
-0.016256696 0.079746515 -0.996682584 -15.384061813 -0.125158340 0.988811851 0.081158184 -14.701689720 0.992003620 0.126062497 -0.006093870 127.124320984
-0.017771892 0.082558654 -0.996427715 -16.167598724 -0.122347549 0.988916159 0.084118411 -14.715549469 0.992328107 0.123405442 -0.007474064 127.140228271
-0.020039091 0.082624435 -0.996379256 -16.941642761 -0.121133231 0.989037275 0.084451824 -14.731349945 0.992433906 0.122386985 -0.009810841 127.155654907
-0.020455286 0.082215607 -0.996404529 -17.734964371 -0.124958888 0.988588154 0.084135935 -14.742740631 0.991950989 0.126230642 -0.009948282 127.146591187
-0.022054905 0.081601560 -0.996420979 -18.524417877 -0.128910705 0.988111258 0.083774365 -14.753289223 0.991410911 0.130296960 -0.011273385 127.164054871
-0.023323854 0.085915640 -0.996029317 -19.321304321 -0.130718127 0.987484932 0.088239610 -14.759181976 0.991145194 0.132257178 -0.011801225 127.171203613
-0.024096170 0.090827718 -0.995575070 -20.124509811 -0.130002871 0.987123311 0.093203157 -14.772777557 0.991220772 0.131673455 -0.011978027 127.184631348
-0.022974107 0.092954479 -0.995405257 -20.945034027 -0.130575702 0.986859918 0.095170207 -14.778903008 0.991172075 0.132162184 -0.010534631 127.191619873
-0.020970959 0.091752015 -0.995561004 -21.763681412 -0.130036950 0.987070978 0.093708731 -14.785099030 0.991287351 0.131424859 -0.008768671 127.199195862
-0.019944541 0.091920719 -0.995566547 -22.594923019 -0.130043283 0.987066984 0.093741164 -14.790475845 0.991307676 0.131336361 -0.007732927 127.209503174
-0.019996895 0.090919532 -0.995657444 -23.423984528 -0.128175572 0.987405837 0.092740320 -14.796307564 0.991549850 0.129473478 -0.008091386 127.234001160
-0.019161416 0.092976943 -0.995483816 -24.261644363 -0.129108921 0.987100184 0.094679035 -14.802774429 0.991445303 0.130340055 -0.006910084 127.250457764
-0.018925156 0.094914719 -0.995305479 -25.100666046 -0.130747452 0.986700237 0.096580185 -14.803457260 0.991235137 0.131961465 -0.006263599 127.267143250
-0.018818470 0.097463101 -0.995061338 -25.975561142 -0.133720741 0.986050725 0.099109478 -14.805064201 0.990840375 0.134925410 -0.005523128 127.278968811
-0.017255535 0.098533049 -0.994984150 -26.838310242 -0.135806128 0.985679090 0.099966809 -14.801862717 0.990585208 0.136849910 -0.003627029 127.289520264
-0.015549812 0.101693965 -0.994694233 -27.707672119 -0.142570242 0.984424174 0.102872759 -14.801899910 0.989662528 0.143413454 -0.000809078 127.302291870
-0.013185676 0.105533324 -0.994328320 -28.589307785 -0.147287264 0.983362556 0.106322616 -14.797731400 0.989005864 0.147853836 0.002577411 127.315773010
-0.011158075 0.107336104 -0.994160116 -29.463777542 -0.149784476 0.982825100 0.107793421 -14.792156219 0.988655686 0.150112540 0.005110846 127.344665527
-0.007508921 0.108216912 -0.994098902 -30.360122681 -0.148763001 0.982943654 0.108126231 -14.793869019 0.988844335 0.148697048 0.008717826 127.367218018
-0.004915504 0.108151995 -0.994122148 -31.252124786 -0.151362628 0.982599318 0.107646823 -14.787361145 0.988466024 0.151002094 0.011540199 127.393707275
-0.002504537 0.111976013 -0.993707716 -32.151466370 -0.151919082 0.982134104 0.111054733 -14.779220581 0.988389671 0.151241332 0.014551505 127.423088074
0.000052607 0.114155173 -0.993462801 -33.065982819 -0.151062489 0.982063174 0.112837225 -14.774644852 0.988524199 0.150069073 0.017296225 127.460273743
0.001807029 0.115439631 -0.993312836 -33.959110260 -0.151677907 0.981853366 0.113831915 -14.770195007 0.988428295 0.150457934 0.019283876 127.499168396
0.004430786 0.113666102 -0.993509173 -34.864139557 -0.153014645 0.981895924 0.111655042 -14.763142586 0.988213897 0.151526719 0.021743149 127.526252747
0.004520094 0.114806257 -0.993377566 -35.769912720 -0.157176688 0.981121778 0.112674646 -14.754267693 0.987560153 0.155626506 0.022479629 127.568420410
0.005584599 0.115483537 -0.993293643 -36.663120270 -0.157957241 0.980940700 0.113159247 -14.749274254 0.987430155 0.156265974 0.023719616 127.603240967
0.005882030 0.112054184 -0.993684709 -37.559131622 -0.158463821 0.981250286 0.109713972 -14.746167183 0.987347186 0.156817734 0.023528278 127.635360718
0.006576045 0.107668340 -0.994165063 -38.468784332 -0.159427449 0.981582880 0.105251133 -14.746168137 0.987187743 0.157805040 0.023620222 127.680770874
0.007065965 0.106862940 -0.994248688 -39.366802216 -0.159032166 0.981739223 0.104388192 -14.739984512 0.987248123 0.157379910 0.023931578 127.719635010
0.006926009 0.110892408 -0.993808329 -40.271831512 -0.161487207 0.980911314 0.108327895 -14.734354019 0.986850500 0.159737021 0.024701506 127.755905151
0.007343723 0.117172517 -0.993084550 -41.200279236 -0.162488937 0.980052233 0.114433296 -14.721117973 0.986683011 0.160524890 0.026236476 127.792800903
0.007351352 0.115728296 -0.993253767 -42.093688965 -0.160157099 0.980594337 0.113067932 -14.720479965 0.987064123 0.158245444 0.025743403 127.836959839
0.008467851 0.105585545 -0.994374216 -42.986709595 -0.159686461 0.981791198 0.102889583 -14.725692749 0.987131417 0.157916844 0.025174243 127.875205994
0.008664699 0.095046937 -0.995435059 -43.910095215 -0.161166504 0.982590556 0.092417657 -14.730752945 0.986889303 0.159629986 0.023832234 127.913917542
0.007685309 0.092059568 -0.995723784 -44.813682556 -0.158119157 0.983337879 0.089694016 -14.738481522 0.987390101 0.156753719 0.022113640 127.956321716
0.007621807 0.102028556 -0.994752228 -45.735286713 -0.150661200 0.983542681 0.099724442 -14.738849640 0.988556087 0.149110496 0.022868114 128.002288818
0.007450881 0.115245976 -0.993309140 -46.675056458 -0.145738691 0.982855439 0.112939931 -14.738569260 0.989295065 0.143922061 0.024118939 128.061401367
0.007631015 0.124262862 -0.992219985 -47.596343994 -0.145889848 0.981770456 0.121832162 -14.728752136 0.989271343 0.143825129 0.025620593 128.104598999
0.007478968 0.118592486 -0.992914915 -48.513309479 -0.146090940 0.982418537 0.116238423 -14.725425720 0.989242852 0.144186512 0.024672765 128.142288208
0.007585087 0.105187535 -0.994423449 -49.435161591 -0.145975679 0.983915567 0.102962598 -14.724792480 0.989259064 0.144380674 0.022817912 128.180404663
0.008090589 0.096356571 -0.995313942 -50.350551605 -0.146530092 0.984716654 0.094139509 -14.724016190 0.989173174 0.145081833 0.022086073 128.221221924
0.008821182 0.096053280 -0.995337069 -51.278144836 -0.145846918 0.984855115 0.093749173 -14.729131699 0.989267945 0.144339874 0.022696665 128.262435913
0.008060974 0.097844787 -0.995168984 -52.214813232 -0.148845553 0.984232068 0.095563769 -14.748619080 0.988827586 0.147356167 0.022497626 128.301849365
0.008592116 0.097409815 -0.995207250 -53.142936707 -0.153456658 0.983583331 0.094947197 -14.750745773 0.988118052 0.151905388 0.023399249 128.332580566
0.009404333 0.096760243 -0.995263338 -54.083595276 -0.155256346 0.983378589 0.094137773 -14.752294540 0.987829447 0.153635651 0.024270665 128.367492676
0.010035804 0.104537882 -0.994470358 -55.038307190 -0.163629964 0.981286228 0.101500720 -14.757065773 0.986470699 0.161706492 0.026953530 128.402389526
0.011848856 0.113625959 -0.993452966 -55.986587524 -0.170289189 0.979238689 0.109969176 -14.742866516 0.985322893 0.167871267 0.030952131 128.439514160
0.013181408 0.121799402 -0.992467284 -56.932392120 -0.170573294 0.978278935 0.117792703 -14.733911514 0.985256851 0.167735726 0.033670820 128.481750488
0.014063081 0.122823447 -0.992328942 -57.873504639 -0.172226310 0.977892160 0.118595831 -14.728052139 0.984957039 0.169237316 0.034905609 128.524124146
0.015552782 0.112948351 -0.993479133 -58.819305420 -0.173886210 0.978764415 0.108553275 -14.721750259 0.984642863 0.171064004 0.034862671 128.570785522
0.016529651 0.107972845 -0.994016469 -59.756603241 -0.172235131 0.979598939 0.103542648 -14.716998100 0.984917104 0.169493034 0.034789145 128.626159668
0.018738126 0.106442191 -0.994142294 -60.726230621 -0.170755699 0.980049431 0.101714745 -14.717102051 0.985135198 0.167849541 0.036539897 128.677291870
0.021659335 0.112316668 -0.993436337 -61.685783386 -0.171819136 0.979303360 0.106972709 -14.714702606 0.984890342 0.168374419 0.040509205 128.744949341
0.025749533 0.114405759 -0.993100405 -62.646797180 -0.174885139 0.978625119 0.108203724 -14.712060928 0.984252036 0.170892313 0.045207012 128.793075562
0.029368456 0.109565563 -0.993545651 -63.594661713 -0.174334303 0.979301453 0.102841556 -14.716383934 0.984248459 0.170188800 0.047861610 128.855743408
0.032329474 0.104095109 -0.994041681 -64.562355042 -0.174149215 0.979934692 0.096953936 -14.726855278 0.984188437 0.169977158 0.049808852 128.922851562
0.035965666 0.103880949 -0.993939161 -65.513969421 -0.171639398 0.980445802 0.096259914 -14.728845596 0.984503210 0.167137071 0.053092442 128.989730835
0.038649291 0.108302310 -0.993366420 -66.472877502 -0.169058606 0.980487108 0.100320511 -14.738693237 0.984848022 0.164059833 0.056204572 129.070739746
0.041687679 0.114889905 -0.992503047 -67.458427429 -0.168654844 0.979921103 0.106349491 -14.737174988 0.984793127 0.162957013 0.060227383 129.147033691
0.045096342 0.118742190 -0.991900504 -68.412445068 -0.166405544 0.979931414 0.109743781 -14.736169815 0.985025525 0.160108685 0.063950688 129.221023560
0.046726808 0.120236747 -0.991644919 -69.377471924 -0.165995255 0.979861021 0.110986166 -14.735728264 0.985018909 0.159422323 0.065744504 129.307037354
0.048934318 0.117536008 -0.991862118 -70.333847046 -0.164295211 0.980472147 0.108080655 -14.730771065 0.985196710 0.157669321 0.067289330 129.382476807
0.049086783 0.115855150 -0.992052436 -71.297592163 -0.161968023 0.981026351 0.106553316 -14.732956886 0.985574365 0.155450389 0.066920243 129.469650269
0.049345706 0.112302266 -0.992448032 -72.238471985 -0.158873975 0.981889546 0.103208095 -14.741141319 0.986064911 0.152581304 0.066293947 129.559112549
0.049549133 0.112504758 -0.992415011 -73.212326050 -0.158087671 0.981993079 0.103430308 -14.738730431 0.986181140 0.151763707 0.066442519 129.633087158
0.048198000 0.116525412 -0.992017508 -74.158187866 -0.154508144 0.982087076 0.107852057 -14.736433029 0.986815155 0.148076534 0.065338768 129.733856201
0.048452254 0.118436053 -0.991778851 -75.127624512 -0.148704544 0.982734323 0.110091195 -14.738542557 0.987693906 0.142147854 0.065227680 129.815750122
0.047725309 0.114577144 -0.992267251 -76.078125000 -0.145727888 0.983568668 0.106563620 -14.733584404 0.988172948 0.139515236 0.063638203 129.895874023
0.046389636 0.111137450 -0.992721736 -77.026428223 -0.147373155 0.983678281 0.103238299 -14.736891747 0.987992525 0.141511351 0.062011149 129.974670410
0.045298282 0.107222036 -0.993202627 -78.007957458 -0.143653750 0.984588981 0.099740341 -14.732571602 0.988590896 0.138159230 0.060003042 130.043334961
0.044475358 0.108408414 -0.993111074 -78.954719543 -0.144174889 0.984384477 0.100999109 -14.740442276 0.988552272 0.138689712 0.059410624 130.096221924
0.042973023 0.109863959 -0.993017197 -79.903472900 -0.144570753 0.984157860 0.102627471 -14.742960930 0.988560915 0.139151052 0.058175359 130.178573608
0.042443015 0.111104004 -0.992902100 -80.871849060 -0.147284836 0.983635485 0.103771187 -14.750036240 0.988183081 0.141835093 0.058112390 130.236007690
0.040663939 0.110699311 -0.993021727 -81.819435120 -0.146991700 0.983693063 0.103640124 -14.739865303 0.988301516 0.141751558 0.056272719 130.311767578
0.038640078 0.111358963 -0.993028760 -82.772750854 -0.147180572 0.983566403 0.104570836 -14.740910530 0.988354623 0.142113909 0.054394946 130.379119873
0.036493178 0.114345923 -0.992770553 -83.718215942 -0.147170529 0.983215272 0.107835539 -14.740212440 0.988437772 0.142171293 0.052709006 130.451004028
0.035107933 0.118076742 -0.992383659 -84.679840088 -0.148551360 0.982581139 0.111655049 -14.729438782 0.988281310 0.143499941 0.052036859 130.500320435
0.032796353 0.122672848 -0.991905153 -85.629875183 -0.149665698 0.981851459 0.116480954 -14.715298653 0.988192618 0.144634008 0.050561067 130.564315796
0.030966455 0.123122081 -0.991908371 -86.575851440 -0.149807259 0.981746256 0.117183864 -14.714928627 0.988230169 0.144966304 0.048845779 130.625564575
0.029605055 0.117058627 -0.992683649 -87.519950867 -0.149828315 0.982418418 0.111379780 -14.703477859 0.988268673 0.145434722 0.046623256 130.689071655
0.027505372 0.112657823 -0.993253052 -88.458656311 -0.154614136 0.982150912 0.107116975 -14.695379257 0.987591922 0.150624648 0.044432919 130.746551514
0.027249442 0.110088751 -0.993548095 -89.429656982 -0.153110653 0.982648849 0.104681797 -14.685261726 0.987833261 0.149270266 0.043632384 130.791778564
0.026347896 0.111355402 -0.993431270 -90.381225586 -0.149065778 0.983103096 0.106244139 -14.689367294 0.988476157 0.145287320 0.042501979 130.850570679
0.025685798 0.112218641 -0.993351519 -91.335342407 -0.145601392 0.983503103 0.107341126 -14.682798386 0.989009857 0.141876236 0.041601241 130.914505005
0.024436519 0.112357937 -0.993367255 -92.280845642 -0.140710384 0.984158576 0.107854903 -14.685461044 0.989749134 0.137141511 0.039859328 130.979690552
0.023474233 0.109484024 -0.993711352 -93.226882935 -0.136569619 0.985018194 0.105300076 -14.686923981 0.990352213 0.133238986 0.038074739 131.038711548
0.022435766 0.106334627 -0.994077206 -94.193710327 -0.131151617 0.986047566 0.102515683 -14.693130493 0.991108537 0.128074795 0.036068682 131.094268799
0.021345273 0.108927153 -0.993820488 -95.153900146 -0.129211053 0.986010671 0.105295978 -14.696328163 0.991387367 0.126165017 0.035121258 131.149520874
0.019793995 0.111628637 -0.993552923 -96.099197388 -0.129065543 0.985717893 0.108177066 -14.698632240 0.991438568 0.126092166 0.033918712 131.209045410
0.018923922 0.109181508 -0.993841648 -97.053161621 -0.124510348 0.986539125 0.106008425 -14.691224098 0.992037833 0.121737458 0.032263413 131.251586914
0.015948612 0.106499039 -0.994184911 -98.018692017 -0.122806549 0.986991882 0.103758432 -14.696404457 0.992302477 0.120437607 0.028819922 131.305328369
0.012936688 0.104132257 -0.994479358 -98.967628479 -0.121707991 0.987331629 0.101800591 -14.698136330 0.992481589 0.119719103 0.025446525 131.357116699
0.010802923 0.102901749 -0.994632900 -99.930465698 -0.115452230 0.988166988 0.100978866 -14.704323769 0.993254244 0.113741703 0.022555329 131.400344849
0.007776401 0.102834024 -0.994668245 -100.874488831 -0.109662913 0.988786340 0.101368591 -14.698529243 0.993938386 0.108289920 0.018966282 131.459548950
0.004474014 0.111160070 -0.993792474 -101.869834900 -0.099489488 0.988921165 0.110167280 -14.704216003 0.995028555 0.098378994 0.015483704 131.521087646
0.001948016 0.119539738 -0.992827594 -102.829284668 -0.091533601 0.988682806 0.118861094 -14.700311661 0.995800018 0.090645529 0.012867873 131.573333740
-0.001995713 0.118950069 -0.992898226 -103.783462524 -0.087302417 0.989088416 0.118669122 -14.691375732 0.996179879 0.086919226 0.008410690 131.625350952
-0.003929282 0.109097511 -0.994023263 -104.737640381 -0.088863544 0.990060329 0.109013788 -14.693826675 0.996036053 0.088760786 0.005804563 131.647109985
-0.006071698 0.099765465 -0.994992435 -105.684829712 -0.090684533 0.990855932 0.099904083 -14.691174507 0.995861173 0.090837009 0.003031006 131.681335449
-0.007086378 0.101790972 -0.994780540 -106.630577087 -0.098486550 0.989897847 0.101992935 -14.699449539 0.995113134 0.098695256 0.003010251 131.709915161
-0.007147173 0.110874429 -0.993808746 -107.610458374 -0.101580374 0.988612473 0.111025266 -14.679512024 0.994801641 0.101744957 0.004196883 131.727264404
-0.008583687 0.122236773 -0.992463887 -108.573829651 -0.105489150 0.986851633 0.122457899 -14.665839195 0.994383395 0.105745301 0.004423829 131.752365112
-0.010204661 0.124121629 -0.992214561 -109.514068604 -0.112708203 0.985800207 0.124478392 -14.655686378 0.993575752 0.113100976 0.003929770 131.782211304
-0.010040808 0.120827354 -0.992622733 -110.509620667 -0.119991347 0.985354364 0.121156387 -14.633679390 0.992724180 0.120322645 0.004604485 131.794891357
-0.010226457 0.117077135 -0.993070185 -111.464706421 -0.128289133 0.984761298 0.117418677 -14.620827675 0.991684079 0.128600881 0.004949105 131.815170288
-0.008229461 0.118942536 -0.992866993 -112.428878784 -0.132775456 0.983979106 0.118978299 -14.599227905 0.991111934 0.132807478 0.007695027 131.837463379
-0.007073380 0.120270707 -0.992715955 -113.415870667 -0.140830457 0.982726514 0.120063916 -14.582167625 0.990008473 0.140653923 0.009986581 131.859252930
-0.006580276 0.123116530 -0.992370427 -114.379676819 -0.150113702 0.981024683 0.122704342 -14.564221382 0.988646805 0.149775818 0.012026062 131.876159668
-0.006331970 0.125718161 -0.992045760 -115.355224609 -0.155775711 0.979830444 0.125164464 -14.543425560 0.987772107 0.155329168 0.013379580 131.898162842
-0.006018809 0.124985076 -0.992140293 -116.338844299 -0.159194469 0.979385376 0.124344021 -14.533286095 0.987228870 0.158691689 0.014002197 131.934188843
-0.004633998 0.115415707 -0.993306398 -117.293205261 -0.158100754 0.980739355 0.114693061 -14.532628059 0.987412095 0.157573983 0.013702563 131.965179443
-0.003016538 0.103823282 -0.994591177 -118.246978760 -0.161270723 0.981526017 0.102948561 -14.521389961 0.986905575 0.160709023 0.013782846 131.996154785
