1.000000000 0.000000000 0.000000000 0.000000000 0.000000000 1.000000000 0.000000000 0.000000000 0.000000000 0.000000000 1.000000000 0.000000000
0.999997854 -0.001570066 -0.001361256 0.049927440 0.001567132 0.999996483 -0.002153246 -0.132540166 0.001364631 0.002151108 0.999996781 1.297581911
0.999997795 0.000001864 -0.002105351 0.102831095 -0.000015158 0.999980092 -0.006314235 -0.267189652 0.002105297 0.006314253 0.999977827 2.601628304
0.999996006 0.002494208 -0.001307479 0.146900445 -0.002504461 0.999965668 -0.007899531 -0.405296385 0.001287731 0.007902775 0.999967933 3.906243563
0.999983430 0.005752816 0.000225880 0.192116722 -0.005751173 0.999961019 -0.006701519 -0.542606771 -0.000264424 0.006700111 0.999977469 5.219322205
0.999974966 0.006626370 0.002490407 0.239466667 -0.006618234 0.999972761 -0.003261172 -0.689453661 -0.002511949 0.003244608 0.999991596 6.532022476
0.999960482 0.006787050 0.005744885 0.296972334 -0.006775317 0.999974906 -0.002059230 -0.825806201 -0.005758717 0.002020224 0.999981403 7.834551811
0.999943495 0.005404425 0.009153554 0.352697492 -0.005387298 0.999983668 -0.001894663 -0.958898365 -0.009163644 0.001845242 0.999956310 9.140461922
0.999913454 0.004115374 0.012496593 0.430377901 -0.004093159 0.999989867 -0.001802771 -1.095757127 -0.012503887 0.001751465 0.999920249 10.439970016
0.999868691 0.002910736 0.015937982 0.495512664 -0.002870948 0.999992728 -0.002518712 -1.234407425 -0.015945200 0.002472624 0.999869823 11.750008583
0.999811709 0.001933290 0.019310012 0.572488427 -0.001868285 0.999992549 -0.003383852 -1.370732307 -0.019316411 0.003347138 0.999807835 13.044472694
0.999743760 0.001764640 0.022567825 0.642804623 -0.001689927 0.999993145 -0.003329257 -1.519603133 -0.022573542 0.003290266 0.999739766 14.369094849
0.999659717 0.001657185 0.026033534 0.728347242 -0.001545106 0.999989510 -0.004324689 -1.658164144 -0.026040424 0.004282991 0.999651730 15.664055824
0.999570131 0.002551294 0.029207498 0.808093548 -0.002425811 0.999987662 -0.004330846 -1.795640349 -0.029218186 0.004258133 0.999563932 16.971548080
0.999474704 0.002096221 0.032340549 0.899944425 -0.001971662 0.999990523 -0.003882860 -1.935485005 -0.032348387 0.003817055 0.999469399 18.257081985
0.999409080 0.000436282 0.034369282 0.999749184 -0.000308620 0.999993026 -0.003719641 -2.077659369 -0.034370661 0.003706836 0.999402285 19.561132431
0.999347210 -0.002089008 0.036065068 1.094741821 0.002273011 0.999984562 -0.005061734 -2.217924595 -0.036053941 0.005140406 0.999336600 20.837789536
0.999309659 -0.001747055 0.037108582 1.196530461 0.001997543 0.999975443 -0.006714161 -2.361079454 -0.037095945 0.006783653 0.999288678 22.146600723
0.999261856 -0.001587295 0.038383894 1.278021336 0.001947994 0.999954224 -0.009361572 -2.504280806 -0.038367279 0.009429432 0.999219179 23.432899475
0.999225438 -0.001151351 0.039334461 1.381589890 0.001579213 0.999939919 -0.010848195 -2.647562742 -0.039319616 0.010901911 0.999167204 24.722461700
0.999177217 -0.000551531 0.040552538 1.480158091 0.001014154 0.999934614 -0.011388299 -2.794188976 -0.040543605 0.011420055 0.999112487 25.992992401
0.999162316 -0.002067485 0.040873945 1.582896233 0.002492069 0.999943435 -0.010339423 -2.941442013 -0.040850263 0.010432622 0.999110758 27.277158737
0.999155641 -0.005109250 0.040768009 1.686726332 0.005485128 0.999943495 -0.009113383 -3.088810444 -0.040719144 0.009329307 0.999127090 28.555025101
0.999183416 -0.006523713 0.039874699 1.785024166 0.006916374 0.999928892 -0.009717397 -3.233791828 -0.039808474 0.009985249 0.999157369 29.843563080
0.999200165 -0.008224668 0.039133396 1.889270663 0.008712436 0.999886274 -0.012310087 -3.378065109 -0.039027702 0.012641187 0.999158144 31.111524582
0.999222517 -0.008321614 0.038537715 1.992305160 0.008802571 0.999885261 -0.012327331 -3.530458689 -0.038430713 0.012656976 0.999181032 32.390594482
0.999241352 -0.008949781 0.037901904 2.089929342 0.009443197 0.999872684 -0.012859284 -3.672605038 -0.037781995 0.013207445 0.999198675 33.657463074
0.999249637 -0.009439451 0.037562534 2.184562445 0.009922930 0.999870062 -0.012705771 -3.819824219 -0.037437718 0.013068968 0.999213517 34.924869537
0.999266982 -0.009810923 0.037004285 2.278711319 0.010309257 0.999858439 -0.013300211 -3.963638783 -0.036868557 0.013671949 0.999226630 36.186008453
0.999307096 -0.010476970 0.035713062 2.392519474 0.010963779 0.999849200 -0.013462592 -4.121237278 -0.035566635 0.013844816 0.999271393 37.473129272
0.999311745 -0.010182038 0.035670243 2.489310741 0.010602179 0.999876380 -0.011609207 -4.267570496 -0.035547633 0.011979398 0.999296248 38.730327606
0.999267161 -0.010217091 0.036887225 2.582204819 0.010612170 0.999888182 -0.010530573 -4.407923222 -0.036775511 0.010914310 0.999263883 39.999263763
0.999189258 -0.011923901 0.038452037 2.694880962 0.012275188 0.999884844 -0.008912620 -4.548901558 -0.038341336 0.009377403 0.999220669 41.247142792
0.999068975 -0.013075070 0.041112114 2.784979820 0.013501409 0.999857724 -0.010109707 -4.694402695 -0.040974081 0.010655366 0.999103367 42.511684418
0.998936355 -0.014357641 0.043817345 2.877852678 0.014952647 0.999799967 -0.013281818 -4.843101501 -0.043617886 0.013922876 0.998951256 43.762493134
0.998850107 -0.015453894 0.045382719 2.992228270 0.016117465 0.999767959 -0.014292391 -4.993414402 -0.045151312 0.015007413 0.998867452 45.025733948
0.998732507 -0.015548847 0.047870521 3.121927261 0.016202569 0.999780297 -0.013298424 -5.125259876 -0.047653224 0.014057195 0.998765051 46.259803772
0.998515069 -0.016870003 0.051797200 3.218386650 0.017395016 0.999801576 -0.009701799 -5.281658649 -0.051623259 0.010588405 0.998610497 47.521125793
0.998234868 -0.019842720 0.055976037 3.323932886 0.020306230 0.999764025 -0.007723860 -5.420085430 -0.055809565 0.008846888 0.998402238 48.735084534
0.998008966 -0.022154525 0.059053659 3.467870712 0.022666147 0.999710977 -0.008007913 -5.560867786 -0.058859184 0.009330485 0.998222828 50.000648499
0.997742236 -0.025396546 0.062173005 3.612169266 0.026180468 0.999587297 -0.011826632 -5.693519592 -0.061846990 0.013427649 0.997995317 51.231979370
0.997425795 -0.026729695 0.066539630 3.736885309 0.027597081 0.999545276 -0.012150537 -5.825348854 -0.066184618 0.013955556 0.997709811 52.464466095
0.997075737 -0.029222000 0.070611760 3.869273663 0.029984612 0.999502659 -0.009764111 -5.963480473 -0.070291311 0.011852825 0.997456074 53.684501648
0.996804476 -0.031801134 0.073278226 4.029356003 0.032343965 0.999457300 -0.006232835 -6.099419594 -0.073040254 0.008583026 0.997292101 54.876583099
0.996495545 -0.034109533 0.076376542 4.148826122 0.034559630 0.999392152 -0.004578858 -6.242218494 -0.076173931 0.007202358 0.997068524 56.136985779
0.996332228 -0.037340336 0.076992005 4.316020966 0.037563708 0.999293149 -0.001454494 -6.364040852 -0.076883279 0.004341264 0.997030616 57.339786530
0.996146858 -0.039942957 0.078076944 4.451277733 0.040063281 0.999197066 0.000025280 -6.492997646 -0.078015283 0.003102836 0.996947348 58.561504364
0.996115685 -0.041737854 0.077533580 4.600614071 0.042107537 0.999108076 -0.003138626 -6.618235588 -0.077333450 0.006391183 0.996984720 59.754772186
0.996136487 -0.043064505 0.076533929 4.756987095 0.043765262 0.999013662 -0.007501917 -6.748333931 -0.076135382 0.010822459 0.997038782 60.962055206
0.996144652 -0.044512205 0.075594537 4.893592358 0.045501541 0.998899043 -0.011415077 -6.877867222 -0.075003192 0.014810735 0.997073293 62.141143799
0.996155024 -0.046632294 0.074165761 5.035305977 0.047782134 0.998762369 -0.013804636 -7.012639523 -0.073430233 0.017295355 0.997150362 63.361160278
0.996296704 -0.046620060 0.072246216 5.171901226 0.047739491 0.998763859 -0.013845097 -7.144976616 -0.071511455 0.017242823 0.997290671 64.535552979
0.996539891 -0.045828350 0.069341280 5.306349754 0.046853058 0.998814285 -0.013223437 -7.290847778 -0.068653062 0.016426528 0.997505367 65.754127502
0.996778071 -0.045041267 0.066368163 5.429080486 0.045888737 0.998882651 -0.011299787 -7.421459198 -0.065785050 0.014308929 0.997731268 66.930297852
0.997195601 -0.041291963 0.062415924 5.553640366 0.041833576 0.999097347 -0.007395151 -7.558325291 -0.062054213 0.009985496 0.998022854 68.113883972
0.997489989 -0.039315708 0.058889501 5.673774719 0.039684705 0.999199212 -0.005109153 -7.685157776 -0.058641478 0.007433340 0.998251498 69.295814514
0.997679889 -0.038275998 0.056300905 5.777395725 0.038797915 0.999213398 -0.008205991 -7.819882393 -0.055942524 0.010371311 0.998380184 70.466453552
0.997865379 -0.038458142 0.052779559 5.892624855 0.039314955 0.999109864 -0.015292348 -7.954010963 -0.052144468 0.017334735 0.998489082 71.648933411
0.997864664 -0.042514384 0.049585588 5.999902725 0.043462783 0.998889148 -0.018207196 -8.090136528 -0.048756443 0.020323446 0.998603880 72.819007874
0.997927547 -0.046252985 0.044734668 6.118084431 0.046890244 0.998811483 -0.013301872 -8.226632118 -0.044066243 0.015371921 0.998910367 73.986946106
0.997930050 -0.049953360 0.040499125 6.222800255 0.050334055 0.998696744 -0.008435174 -8.353667259 -0.040024981 0.010456198 0.999144018 75.147735596
0.997974634 -0.052329700 0.036169142 6.319880486 0.052572038 0.998600423 -0.005781138 -8.478930473 -0.035815995 0.007670915 0.999328911 76.330047607
0.998151898 -0.051585086 0.032121032 6.410298824 0.051714391 0.998656809 -0.003207308 -8.605206490 -0.031912435 0.004862500 0.999478817 77.488449097
0.998300552 -0.051069558 0.028067512 6.498027802 0.051172603 0.998685479 -0.002964654 -8.728631020 -0.027879205 0.004395903 0.999601662 78.636413574
0.998442709 -0.049703807 0.025332499 6.569475174 0.049847402 0.998744011 -0.005068381 -8.852247238 -0.025048759 0.006323248 0.999666214 79.801269531
0.998633027 -0.047356542 0.022127066 6.645344734 0.047591083 0.998814821 -0.010195512 -8.979465485 -0.021618016 0.011234625 0.999703169 80.945167542
0.998543859 -0.050808217 0.018133223 6.732974052 0.051081035 0.998583138 -0.014912469 -9.118019104 -0.017349854 0.015817015 0.999724388 82.106811523
0.998398781 -0.054284237 0.015908230 6.785313129 0.054536674 0.998385370 -0.015888140 -9.249084473 -0.015020068 0.016730281 0.999747217 83.240066528
0.998438954 -0.054504976 0.012192302 6.854503632 0.054656416 0.998427510 -0.012452684 -9.377674103 -0.011494396 0.013099630 0.999848187 84.377815247
0.998441577 -0.055017807 0.009353737 6.922301292 0.055108529 0.998433053 -0.009734718 -9.509948730 -0.008803496 0.010235020 0.999908864 85.509674072
0.998591900 -0.052359156 0.008524776 6.966710567 0.052456982 0.998554766 -0.011687823 -9.634446144 -0.007900493 0.012118553 0.999895275 86.658325195
0.998778462 -0.048726298 0.008202625 7.019903660 0.048844360 0.998695672 -0.014867081 -9.761898041 -0.007467508 0.015249575 0.999855876 87.777420044
0.998870313 -0.047017593 0.006874552 7.084165096 0.047133680 0.998729408 -0.017830838 -9.886451721 -0.006027453 0.018134719 0.999817312 88.875541687
0.998806477 -0.048368476 0.006790764 7.121741295 0.048485804 0.998655617 -0.018331207 -10.026729584 -0.005894983 0.018638579 0.999808908 90.033859253
0.998761475 -0.049469814 0.005316857 7.176841259 0.049547352 0.998649776 -0.015604712 -10.158108711 -0.004537717 0.015848821 0.999864042 91.148948669
0.998707712 -0.050611157 0.004618885 7.228840351 0.050666764 0.998632967 -0.012842804 -10.289705276 -0.003962582 0.013060233 0.999906838 92.263877869
0.998722255 -0.050378270 0.003987675 7.290845394 0.050424155 0.998650968 -0.012390559 -10.411032677 -0.003358081 0.012575805 0.999915302 93.391395569
0.998694181 -0.050931022 0.004020016 7.339993000 0.050984755 0.998592138 -0.014642669 -10.537561417 -0.003268590 0.014828509 0.999884725 94.499893188
0.998688221 -0.051109530 0.003112642 7.404399872 0.051158119 0.998522758 -0.018306823 -10.669298172 -0.002172390 0.018442046 0.999827623 95.611076355
0.998675823 -0.051315892 0.003647167 7.447746277 0.051377311 0.998490274 -0.019426905 -10.808928490 -0.002644752 0.019588560 0.999804616 96.729774475
0.998636007 -0.052096549 0.003460106 7.506174564 0.052149780 0.998482883 -0.017671704 -10.941898346 -0.002534222 0.017828044 0.999837935 97.814270020
0.998687804 -0.051024605 0.004372513 7.550787926 0.051076058 0.998615265 -0.012597271 -11.064828873 -0.003723688 0.012804071 0.999911070 98.901351929
0.998767257 -0.049300205 0.005788386 7.603176117 0.049351498 0.998740196 -0.009080093 -11.185912132 -0.005333445 0.009354567 0.999942005 99.970077515
0.998872221 -0.046849657 0.007710658 7.650084496 0.046918880 0.998857677 -0.009055791 -11.308138847 -0.007277590 0.009407354 0.999929249 101.037986755
0.998932958 -0.045102753 0.009943091 7.700547218 0.045209575 0.998919189 -0.010793629 -11.429342270 -0.009445524 0.011231633 0.999892235 102.071624756
0.998881161 -0.045568403 0.012652341 7.756536961 0.045731571 0.998870194 -0.012921505 -11.552089691 -0.012049235 0.013485657 0.999836445 103.091239929
0.998805165 -0.046772834 0.014155501 7.813702583 0.046971437 0.998797536 -0.014039692 -11.666866302 -0.013481802 0.014687825 0.999801219 104.111557007
0.998686373 -0.048647940 0.016085332 7.877153873 0.048862658 0.998717725 -0.013236987 -11.781290054 -0.015420757 0.014005573 0.999782979 105.093429565
0.998634458 -0.049053706 0.017965708 7.937645912 0.049265817 0.998718739 -0.011560195 -11.902178764 -0.017375620 0.012429504 0.999771714 106.068984985
0.998572230 -0.049975339 0.018874541 8.011338234 0.050173078 0.998688877 -0.010151345 -12.012909889 -0.018342482 0.011083841 0.999770463 107.021720886
0.998499572 -0.050613429 0.020903001 8.069995880 0.050842639 0.998650670 -0.010583234 -12.120199203 -0.020339137 0.011630117 0.999725521 107.939369202
0.998475850 -0.050369062 0.022560032 8.132981300 0.050577857 0.998681486 -0.008781516 -12.220826149 -0.022087969 0.009909171 0.999706864 108.848548889
0.998478770 -0.049356215 0.024578979 8.192119598 0.049534269 0.998749971 -0.006688584 -12.318255424 -0.024218136 0.007895909 0.999675572 109.719245911
0.998444557 -0.049461138 0.025727300 8.257653236 0.049566008 0.998764873 -0.003454317 -12.421687126 -0.025524668 0.004724145 0.999663055 110.580665588
0.998387814 -0.049743775 0.027334545 8.320722580 0.049848262 0.998751819 -0.003154041 -12.515215874 -0.027143534 0.004511536 0.999621332 111.406394958
0.998403132 -0.048788745 0.028474774 8.375253677 0.048882667 0.998801112 -0.002611523 -12.604041100 -0.028313223 0.003999276 0.999591112 112.221023560
0.998497367 -0.046479579 0.029027723 8.430067062 0.046569783 0.998912036 -0.002438877 -12.682793617 -0.028882785 0.003787027 0.999575675 113.001960754
0.998634219 -0.043794844 0.028490840 8.477474213 0.043793786 0.999040365 0.000661535 -12.761964798 -0.028492469 0.000587091 0.999593914 113.761299133
0.998714507 -0.043942239 0.025266143 8.529539108 0.043914795 0.999033928 0.001640379 -12.844908714 -0.025313813 -0.000528713 0.999679387 114.520149231
0.998852193 -0.044061217 0.018780543 8.567869186 0.044034276 0.999028265 0.001846126 -12.920014381 -0.018843638 -0.001017020 0.999821901 115.219017029
0.999072492 -0.042229056 0.008406695 8.596016884 0.042225886 0.999107897 0.000554795 -12.994309425 -0.008422626 -0.000199300 0.999964476 115.895828247
0.999208331 -0.039392866 -0.005555410 8.599054337 0.039381187 0.999221921 -0.002197039 -13.064846992 0.005637633 0.001976521 0.999982178 116.537048340
0.998973668 -0.038126353 -0.024453539 8.604879379 0.038028274 0.999266624 -0.004463999 -13.134257317 0.024605803 0.003529491 0.999691010 117.152267456
0.998235822 -0.036460273 -0.046860792 8.573549271 0.036187664 0.999322832 -0.006652977 -13.204774857 0.047071628 0.004945457 0.998879313 117.741119385
0.996605456 -0.034963291 -0.074531600 8.533984184 0.034411956 0.999370039 -0.008669209 -13.269266129 0.074787751 0.006075003 0.997180939 118.310256958
0.993787110 -0.032723069 -0.106379077 8.461924553 0.031784587 0.999439478 -0.010506062 -13.338391304 0.106663249 0.007059573 0.994270146 118.849563599
0.989532590 -0.028106924 -0.141545415 8.350749969 0.026703041 0.999573648 -0.011808269 -13.403811455 0.141816989 0.007904975 0.989861369 119.392913818
0.983366370 -0.022097178 -0.180283681 8.242603302 0.020403022 0.999728560 -0.011246364 -13.464303970 0.180483252 0.007380964 0.983550370 119.929290771
0.974883378 -0.017251313 -0.222046956 8.104177475 0.015595262 0.999835968 -0.009209405 -13.519501686 0.222169399 0.005515217 0.974992454 120.427597046
0.963626444 -0.012490642 -0.266960829 7.941444397 0.010890738 0.999912739 -0.007472822 -13.580308914 0.267030895 0.004293608 0.963678360 120.912673950
0.949342787 -0.006621061 -0.314172715 7.750106812 0.004282964 0.999957800 -0.008131770 -13.635004997 0.314213276 0.006374248 0.949330926 121.395339966
0.932185948 0.001330894 -0.361977220 7.516323090 -0.004874021 0.999948740 -0.008875340 -13.687196732 0.361946851 0.010037754 0.932144582 121.863876343
0.911158502 0.005457350 -0.412019879 7.272594452 -0.010369404 0.999899328 -0.009687319 -13.737732887 0.411925524 0.013099083 0.911123335 122.294906616
0.886242747 0.010546166 -0.463101089 6.996253967 -0.016086040 0.999838471 -0.008014823 -13.800931931 0.462941766 0.014552541 0.886269212 122.723411560
0.857301474 0.013765164 -0.514630675 6.713985443 -0.020631950 0.999758005 -0.007628710 -13.846519470 0.514401138 0.017157936 0.857378006 123.119537354
0.825746953 0.023472466 -0.563552022 6.387359619 -0.031468496 0.999494672 -0.004479463 -13.891376495 0.563162208 0.021433039 0.826068342 123.496231079
0.791809797 0.036427256 -0.609680474 6.040134430 -0.044345744 0.999013960 0.002096090 -13.935674667 0.609155715 0.025377030 0.792644501 123.854148865
0.756511509 0.045425970 -0.652400851 5.681835175 -0.055900000 0.998425186 0.004698723 -13.971204758 0.651586950 0.032914575 0.757859468 124.156150818
0.716527760 0.049443521 -0.695804000 5.317005157 -0.063225262 0.997982383 0.005807821 -14.021992683 0.694687366 0.039830934 0.718208075 124.464187622
0.674162507 0.050966952 -0.736822426 4.939361572 -0.065532044 0.997809350 0.009060612 -14.066469193 0.735670149 0.042177148 0.676025510 124.748504639
0.630118728 0.054456376 -0.774586916 4.536037445 -0.069146171 0.997510076 0.013878984 -14.095435143 0.773414016 0.044814315 0.632315099 125.020248413
0.584950089 0.063477859 -0.808581352 4.104991913 -0.080358349 0.996563375 0.020101981 -14.132362366 0.807078719 0.053217601 0.588040709 125.258842468
0.539900243 0.072356693 -0.838613272 3.649734497 -0.092117801 0.995393276 0.026578337 -14.154740334 0.836673200 0.062901564 0.544078410 125.468444824
0.493151248 0.077562764 -0.866478980 3.202724457 -0.097881623 0.994639874 0.033326335 -14.178741455 0.864419520 0.068377443 0.498099744 125.662086487
0.445968121 0.078808524 -0.891572535 2.740158081 -0.097031459 0.994502306 0.039371237 -14.203773499 0.889773726 0.068952270 0.451163203 125.843315125
0.398576111 0.080907904 -0.913559496 2.265155792 -0.094818294 0.994398654 0.046699084 -14.227447510 0.912220716 0.068009011 0.404015094 126.019279480
0.353560984 0.083476186 -0.931679308 1.771419525 -0.096201368 0.993973672 0.052550379 -14.247418404 0.930451453 0.071049072 0.359460831 126.157379150
0.310072631 0.086906418 -0.946732342 1.272701263 -0.101800643 0.993122816 0.057823259 -14.266698837 0.945246756 0.078448556 0.316787362 126.274040222
0.268429697 0.088396169 -0.959234834 0.752410889 -0.106456146 0.992403507 0.061662354 -14.282846451 0.957398772 0.085564427 0.275800914 126.378631592
0.229008734 0.084417060 -0.969756961 0.226186752 -0.106529802 0.992422223 0.061232984 -14.295289040 0.967577517 0.089285128 0.236266315 126.482589722
0.193912521 0.079764761 -0.977770686 -0.304096222 -0.101445541 0.992976248 0.060886405 -14.321498871 0.975759566 0.087383851 0.200642288 126.574340820
0.163650736 0.074698582 -0.983686209 -0.852134705 -0.098612301 0.993373692 0.059028614 -14.341384888 0.981577277 0.087343492 0.169932529 126.653724670
0.137004167 0.073106103 -0.987869084 -1.418624878 -0.099656329 0.993230343 0.059681870 -14.360534668 0.985544741 0.090270728 0.143362179 126.725975037
0.114848360 0.072251968 -0.990751922 -2.007927895 -0.100254714 0.993102252 0.060801797 -14.373230934 0.988311052 0.092344575 0.121299759 126.786262512
0.096973903 0.073704682 -0.992554128 -2.603005409 -0.102403335 0.992700517 0.063710615 -14.386627197 0.990004897 0.095462598 0.103813648 126.837203979
0.080343917 0.072019801 -0.994161963 -3.206305504 -0.103213109 0.992625952 0.063567273 -14.410535812 0.991409063 0.097503304 0.087184824 126.896560669
0.066132113 0.070914648 -0.995287716 -3.825483322 -0.102056652 0.992720962 0.063950576 -14.438658714 0.992577970 0.097346552 0.072888024 126.951370239
0.053924989 0.068507895 -0.996192098 -4.465242863 -0.097858414 0.993203998 0.063005216 -14.460624695 0.993738353 0.094088227 0.060262568 126.995681763
0.041856159 0.065880917 -0.996949255 -5.113248825 -0.095415257 0.993526757 0.061648816 -14.476095200 0.994557202 0.092543788 0.047871266 127.034065247
0.031429458 0.064894736 -0.997397006 -5.782102108 -0.094710551 0.993593395 0.061662782 -14.495521545 0.995008588 0.092526004 0.037374303 127.071662903
0.021766532 0.066259101 -0.997565031 -6.453571320 -0.097989656 0.993138552 0.063826993 -14.515689850 0.994949281 0.096361764 0.028109891 127.094772339
0.013466164 0.066217788 -0.997714341 -7.131142616 -0.100770265 0.992814660 0.064532503 -14.542527199 0.994818628 0.099670932 0.020042185 127.111877441
0.006668668 0.065603524 -0.997823477 -7.822006226 -0.102942653 0.992589235 0.064571418 -14.561919212 0.994664907 0.102288015 0.013372650 127.135650635
0.001539151 0.066432863 -0.997789621 -8.518828392 -0.103662729 0.992425859 0.065915830 -14.578399658 0.994611323 0.103332140 0.008414106 127.153259277
-0.002000204 0.068947211 -0.997618377 -9.238987923 -0.105919883 0.991993666 0.068770863 -14.597755432 0.994372666 0.105805159 0.005318693 127.178024292
-0.002608318 0.072951935 -0.997331977 -9.977161407 -0.108360201 0.991442144 0.072804496 -14.621556282 0.994108260 0.108260982 0.005319091 127.179573059
-0.003945505 0.076032571 -0.997097552 -10.687587738 -0.110807657 0.990931571 0.076000892 -14.635535240 0.993834019 0.110785909 0.004515267 127.198120117
-0.004535287 0.081578031 -0.996656656 -11.425941467 -0.115527496 0.989950538 0.081554845 -14.641517639 0.993293881 0.115511127 0.004934794 127.208496094
-0.005711530 0.085391171 -0.996331096 -12.168504715 -0.118720554 0.989242733 0.085464239 -14.653925896 0.992911220 0.118773110 0.004487598 127.219245911
-0.007080584 0.086280629 -0.996245623 -12.917997360 -0.118658394 0.989159346 0.086510248 -14.676382065 0.992909908 0.118825458 0.003234095 127.239784241
-0.008557850 0.083235182 -0.996493101 -13.662150383 -0.116268545 0.989687681 0.083665244 -14.693714142 0.993180931 0.116576806 0.001208035 127.262947083
-0.010069335 0.079466760 -0.996786594 -14.424930573 -0.119840838 0.989556491 0.080100961 -14.695479393 0.992742062 0.120262317 -0.000440812 127.275825500
-0.011084507 0.081191994 -0.996636808 -15.192111969 -0.125265658 0.988733590 0.081941336 -14.707121849 0.992061317 0.125752658 -0.000789057 127.277275085
-0.012990194 0.084712081 -0.996320844 -15.960172653 -0.122110285 0.988812625 0.085665807 -14.720489502 0.992431521 0.122773856 -0.002500650 127.297531128
-0.014633182 0.084683664 -0.996300519 -16.737594604 -0.121329442 0.988893926 0.085836165 -14.736029625 0.992504537 0.122136638 -0.004196044 127.309173584
-0.016244376 0.083868824 -0.996344388 -17.528547287 -0.124120079 0.988599241 0.085240498 -14.747492790 0.992134154 0.125051051 -0.005649372 127.318695068
-0.016784538 0.083653145 -0.996353507 -18.315767288 -0.128789350 0.988011837 0.085122362 -14.752462387 0.991529822 0.129748479 -0.005809686 127.319839478
-0.018024772 0.088131130 -0.995945811 -19.120096207 -0.130655125 0.987358332 0.089735843 -14.758867264 0.991263986 0.131742880 -0.006282127 127.327072144
-0.018593544 0.092455514 -0.995543182 -19.932062149 -0.129022911 0.987167895 0.094087437 -14.767379761 0.991467237 0.130197302 -0.006426072 127.343864441
-0.017589990 0.095045976 -0.995317459 -20.758161545 -0.131084263 0.986659884 0.096535847 -14.778893471 0.991215110 0.132168546 -0.004896306 127.359161377
-0.015661338 0.093628041 -0.995484054 -21.576593399 -0.130532250 0.986894250 0.094873749 -14.782095909 0.991320312 0.131428659 -0.003234602 127.371925354
-0.014372721 0.093558706 -0.995510042 -22.407646179 -0.130640060 0.986902833 0.094635926 -14.785078049 0.991325736 0.131413668 -0.001961964 127.384231567
-0.014637929 0.092933342 -0.995564699 -23.241106033 -0.129182979 0.987150908 0.094047330 -14.793386459 0.991512716 0.129986644 -0.002444437 127.412536621
-0.013730845 0.094849341 -0.995396972 -24.079822540 -0.130101621 0.986858785 0.095830418 -14.798045158 0.991405606 0.130818620 -0.001210350 127.432479858
-0.013398831 0.097032994 -0.995190978 -24.918010712 -0.131812721 0.986423254 0.097952783 -14.799666405 0.991184115 0.132491276 -0.000426734 127.454879761
-0.013111889 0.099395134 -0.994961679 -25.784519196 -0.134641066 0.985809624 0.100255206 -14.797383308 0.990807652 0.135277212 0.000456840 127.469894409
-0.011486349 0.100543849 -0.994866312 -26.648139954 -0.136774853 0.985422611 0.101168603 -14.793105125 0.990535557 0.137234762 0.002432965 127.484855652
-0.009854738 0.103544846 -0.994576037 -27.517610550 -0.143594176 0.984169126 0.103884183 -14.790416718 0.989587486 0.143839061 0.005169708 127.502807617
-0.007370217 0.107579298 -0.994169176 -28.401668549 -0.148321211 0.983081400 0.107479058 -14.785198212 0.988911748 0.148248494 0.008710769 127.520874023
-0.005344595 0.109461695 -0.993976593 -29.276874542 -0.150862873 0.982525706 0.109011844 -14.778875351 0.988540173 0.150536805 0.011262504 127.554389954
-0.001298190 0.110318467 -0.993895411 -30.177459717 -0.150008038 0.982628584 0.109263837 -14.778484344 0.988683939 0.149234176 0.015273021 127.577606201
0.001323481 0.110216551 -0.993906677 -31.070081711 -0.152689517 0.982275605 0.108723409 -14.770879745 0.988273382 0.151615247 0.018128933 127.608985901
0.003734702 0.113950655 -0.993479371 -31.970952988 -0.153128520 0.981834531 0.112039350 -14.760474205 0.988199234 0.151711628 0.021115957 127.644462585
0.006132310 0.115747288 -0.993259788 -32.884605408 -0.151979402 0.981847644 0.113479108 -14.751893044 0.988364637 0.150259137 0.023612205 127.689788818
0.007911908 0.117039435 -0.993095756 -33.777339935 -0.152562141 0.981641650 0.114474118 -14.747135162 0.988262177 0.150603116 0.025622448 127.734107971
0.010434035 0.115104623 -0.993298471 -34.680656433 -0.153896406 0.981702328 0.112144247 -14.737854004 0.988031864 0.151694983 0.027957305 127.768615723
0.010756587 0.116466396 -0.993136406 -35.587417603 -0.158241451 0.980876863 0.113314807 -14.728826523 0.987341821 0.155936480 0.028980706 127.811805725
0.011676187 0.117097862 -0.993051767 -36.480564117 -0.158981785 0.980704129 0.113772571 -14.723156929 0.987212479 0.156548724 0.030067312 127.853797913
0.012091682 0.113810837 -0.993428886 -37.376743317 -0.159640729 0.980977833 0.110441297 -14.719675064 0.987101138 0.157256275 0.030030519 127.889739990
0.013079645 0.109435551 -0.993907809 -38.283584595 -0.160724685 0.981298029 0.105932027 -14.717459679 0.986912549 0.158360004 0.030424023 127.937927246
0.013442662 0.108707078 -0.993982852 -39.178859711 -0.160262331 0.981455743 0.105169632 -14.712642670 0.986983001 0.157884240 0.030615022 127.984191895
0.013205828 0.112768523 -0.993533492 -40.080738068 -0.162799954 0.980604470 0.109137140 -14.704433441 0.986570656 0.160305962 0.031308401 128.028640747
0.013820804 0.119053192 -0.992791653 -41.022773743 -0.163610399 0.979773998 0.115214519 -14.690399170 0.986428201 0.160838664 0.033019599 128.067245483
0.014092429 0.117708877 -0.992948115 -41.917552948 -0.161386430 0.980294347 0.113918357 -14.688787460 0.986790657 0.158642963 0.032811344 128.115570068
0.014867271 0.107380144 -0.994106889 -42.807609558 -0.160485297 0.981583357 0.103627287 -14.694902420 0.986926198 0.157998890 0.031826403 128.162918091
0.015149515 0.096922554 -0.995176554 -43.729164124 -0.162515819 0.982295036 0.093194023 -14.696854591 0.986589611 0.160320073 0.030632742 128.207427979
0.014190523 0.093830958 -0.995487034 -44.631446838 -0.159368455 0.983072460 0.090389036 -14.703191757 0.987117231 0.157366529 0.028904010 128.255966187
0.013963797 0.103572823 -0.994523823 -45.552463531 -0.151823744 0.983308196 0.100273073 -14.702397346 0.988308966 0.149592131 0.029455530 128.309814453
0.014089505 0.116955929 -0.993037164 -46.501979828 -0.147007570 0.982585847 0.113639206 -14.701128006 0.989035010 0.144382849 0.031037552 128.373321533
0.014347961 0.126030818 -0.991922557 -47.424129486 -0.147198483 0.981482565 0.122575134 -14.691037178 0.989003003 0.144250780 0.032633815 128.421600342
0.014029874 0.120284222 -0.992640376 -48.339183807 -0.147199467 0.982170403 0.116934992 -14.686443329 0.989007354 0.144475549 0.031485498 128.467056274
0.014181416 0.106811814 -0.994178116 -49.264041901 -0.147324696 0.983649731 0.103579178 -14.684047699 0.988986492 0.144998088 0.029685566 128.511962891
0.014794343 0.097986929 -0.995077670 -50.179855347 -0.147871926 0.984458089 0.094742686 -14.683216095 0.988895833 0.145742401 0.029053923 128.559692383
0.015325284 0.098042756 -0.995064259 -51.114673615 -0.146651760 0.984639227 0.094756976 -14.688737869 0.989069521 0.144475713 0.029468017 128.606277466
0.014618438 0.099506721 -0.994929492 -52.045791626 -0.149749115 0.984031320 0.096216500 -14.703340530 0.988615930 0.147583261 0.029286042 128.649078369
0.015100944 0.098832212 -0.994989514 -53.001552582 -0.154757723 0.983342826 0.095326580 -14.704074860 0.987837017 0.152542770 0.030144453 128.690826416
0.015515627 0.098309167 -0.995034993 -53.932960510 -0.156381100 0.983146727 0.094696157 -14.704404831 0.987574875 0.154135391 0.030627834 128.737838745
0.016538501 0.105711997 -0.994259119 -54.879718781 -0.165587604 0.980953515 0.101542905 -14.699407578 0.986056387 0.162957594 0.033728089 128.773452759
0.018049628 0.115413308 -0.993153512 -55.828723907 -0.171234429 0.978996336 0.110656105 -14.695120811 0.985064924 0.168064773 0.037433252 128.813613892
0.019136306 0.123580411 -0.992150009 -56.784450531 -0.171253890 0.978071570 0.118523747 -14.688279152 0.985041082 0.167641446 0.039880309 128.857467651
0.020195853 0.124209873 -0.992050409 -57.748088837 -0.172836080 0.977747560 0.118900545 -14.683807373 0.984743536 0.169060782 0.041214403 128.921493530
0.021893492 0.115094803 -0.993113220 -58.679595947 -0.174507394 0.978541791 0.109559000 -14.682868958 0.984412432 0.170906976 0.041508596 128.970230103
0.023022544 0.109873712 -0.993678868 -59.632503510 -0.172619700 0.979450762 0.104301035 -14.677202225 0.984719396 0.169127256 0.041515820 129.031692505
0.024535758 0.108504795 -0.993793070 -60.579097748 -0.170974687 0.979901373 0.102766864 -14.681476593 0.984969854 0.167391986 0.042594194 129.100204468
0.028155632 0.113814473 -0.993102968 -61.558937073 -0.172573566 0.979132473 0.107320733 -14.670219421 0.984594166 0.168361649 0.047209475 129.153884888
0.031716514 0.115850642 -0.992760122 -62.518222809 -0.175405502 0.978490114 0.108581565 -14.668739319 0.983985364 0.170691743 0.051355146 129.213043213
0.035873592 0.110985480 -0.993174374 -63.464427948 -0.174777552 0.979194164 0.103110217 -14.670224190 0.983954191 0.169885665 0.054524984 129.277877808
0.038844008 0.105175689 -0.993694723 -64.423912048 -0.174770504 0.979831874 0.096876517 -14.674379349 0.983842731 0.169905469 0.056442205 129.349395752
0.041479725 0.105166174 -0.993589222 -65.392387390 -0.171928242 0.980362833 0.096588686 -14.683219910 0.984235823 0.166819602 0.058746211 129.443634033
0.044760682 0.109889224 -0.992935479 -66.348045349 -0.169367626 0.980377972 0.100864537 -14.689109802 0.984535992 0.163656339 0.062494066 129.521087646
0.048472766 0.116506323 -0.992006421 -67.323509216 -0.169212267 0.979775786 0.106801629 -14.687047958 0.984386861 0.162682697 0.067206740 129.595916748
0.050470427 0.120256223 -0.991459131 -68.295288086 -0.166861653 0.979786098 0.110346265 -14.690098763 0.984687686 0.159867287 0.069516383 129.692611694
0.052657086 0.121891975 -0.991145611 -69.258239746 -0.166375041 0.979721427 0.111647949 -14.693203926 0.984655559 0.159022838 0.071869075 129.776016235
0.054403841 0.119265176 -0.991370797 -70.207710266 -0.164560005 0.980336308 0.108907066 -14.689160347 0.984865546 0.157215044 0.072960339 129.865829468
0.055725109 0.117923923 -0.991457939 -71.163276672 -0.162747771 0.980793178 0.107508190 -14.690466881 0.985092878 0.155366644 0.073846638 129.945205688
0.056068871 0.114207096 -0.991873503 -72.120330811 -0.159544364 0.981695652 0.104016393 -14.697948456 0.985597193 0.152415782 0.073263675 130.036209106
0.055608109 0.113645941 -0.991963804 -73.088119507 -0.158218890 0.981950998 0.103629261 -14.689824104 0.985836923 0.151184782 0.072585367 130.136459351
0.055497080 0.118326657 -0.991422653 -74.044929504 -0.155006379 0.981935322 0.108517520 -14.688449860 0.986353397 0.147654414 0.072835937 130.223403931
0.054701567 0.120498747 -0.991205156 -75.004981995 -0.148742050 0.982598960 0.111243874 -14.698237419 0.987361908 0.141348675 0.071672931 130.324203491
0.053819839 0.116024293 -0.991787136 -75.970878601 -0.146023989 0.983463824 0.107126497 -14.684884071 0.987816036 0.139059186 0.069872186 130.411773682
0.053113740 0.111771777 -0.992313445 -76.931846619 -0.147529393 0.983689904 0.102903917 -14.680353165 0.987630606 0.140929773 0.068737067 130.488189697
0.051736083 0.109157450 -0.992677271 -77.880760193 -0.144068807 0.984426320 0.100741632 -14.683844566 0.988214195 0.137801841 0.066656567 130.576080322
0.050317820 0.109858572 -0.992672801 -78.847244263 -0.144266769 0.984307051 0.101619989 -14.683782578 0.988258600 0.138096407 0.065377146 130.650512695
0.048918400 0.110486135 -0.992672980 -79.802536011 -0.145359218 0.984069109 0.102365285 -14.681452751 0.988168836 0.139286667 0.064199261 130.738113403
0.047189489 0.110733837 -0.992729127 -80.755638123 -0.146943867 0.983793378 0.102752112 -14.683030128 0.988018513 0.141026631 0.062696368 130.818099976
0.046272367 0.112110026 -0.992617905 -81.708190918 -0.146811709 0.983655095 0.104253910 -14.686747551 0.988081574 0.140903845 0.061975125 130.884033203
0.043952357 0.112508476 -0.992678225 -82.674949646 -0.146765739 0.983584821 0.104979575 -14.688298225 0.988194346 0.141077071 0.059743263 130.958312988
0.042069685 0.114198618 -0.992566764 -83.622528076 -0.146294206 0.983442962 0.106948249 -14.676440239 0.988346159 0.140707493 0.058079716 131.041915894
0.040612910 0.117965326 -0.992186844 -84.576431274 -0.147643611 0.982813835 0.110807478 -14.668158531 0.988206327 0.141989842 0.057331756 131.103546143
0.037958235 0.123056650 -0.991673410 -85.520996094 -0.148611262 0.982048035 0.116173841 -14.659675598 0.988166928 0.142964125 0.055564418 131.176239014
0.036119059 0.122618891 -0.991796315 -86.464477539 -0.148512393 0.982082486 0.116009414 -14.652839661 0.988250673 0.143103927 0.053682312 131.242446899
0.034828540 0.118277207 -0.992369592 -87.410827637 -0.148996979 0.982489169 0.111870334 -14.653015137 0.988224030 0.143963814 0.051841617 131.303497314
0.033030316 0.112677343 -0.993082583 -88.357673645 -0.152620852 0.982540011 0.106404953 -14.632733345 0.987732708 0.148050547 0.049650528 131.361221313
0.031817369 0.110528231 -0.993363559 -89.300292969 -0.150591269 0.983051360 0.104557410 -14.629909515 0.988084018 0.146265134 0.047922701 131.429489136
0.031716999 0.111595295 -0.993247449 -90.268768311 -0.145711318 0.983646810 0.105863683 -14.627569199 0.988818586 0.141369686 0.047459021 131.481246948
0.031257503 0.112799630 -0.993125916 -91.217468262 -0.142845497 0.983916044 0.107257679 -14.624807358 0.989251256 0.138510987 0.046867684 131.544784546
0.030095229 0.112831280 -0.993158400 -92.162353516 -0.137339622 0.984651148 0.107703052 -14.628865242 0.990066707 0.133158579 0.045129512 131.614044189
0.028621787 0.109947547 -0.993525267 -93.102973938 -0.133174360 0.985491097 0.105221927 -14.631444931 0.990679264 0.129300445 0.042848717 131.683120728
0.028091593 0.106590308 -0.993906140 -94.048637390 -0.128120944 0.986481488 0.102172866 -14.632238388 0.991360724 0.124469995 0.041368291 131.747329712
0.026203332 0.109333441 -0.993659675 -95.031936646 -0.126276970 0.986400545 0.105204716 -14.635709763 0.991648853 0.122719631 0.039653283 131.806976318
0.024738489 0.111743033 -0.993429184 -95.978584290 -0.125602826 0.986206055 0.107802778 -14.633965492 0.991772175 0.122110642 0.038432490 131.869247437
0.023457801 0.109549716 -0.993704498 -96.938690186 -0.121390402 0.986935437 0.105937876 -14.629363060 0.992327690 0.118141115 0.036449622 131.921630859
0.021281650 0.106648378 -0.994069040 -97.888183594 -0.118582673 0.987544775 0.103409715 -14.630105019 0.992716134 0.115678638 0.033663236 131.975662231
0.017671295 0.104146101 -0.994405031 -98.849754333 -0.117356695 0.987901568 0.101379484 -14.629119873 0.992932618 0.114908576 0.029679744 132.034484863
0.014993001 0.103273459 -0.994539976 -99.803367615 -0.111880533 0.988578916 0.100967824 -14.637803078 0.993608534 0.109755866 0.026376056 132.086608887
0.012941305 0.103539832 -0.994541109 -100.762405396 -0.105115257 0.989254117 0.101621628 -14.633502007 0.994375765 0.103226341 0.023685854 132.130126953
0.010247868 0.111404054 -0.993722320 -101.725921631 -0.095581561 0.989333272 0.109926298 -14.636740685 0.995368838 0.093855008 0.020786729 132.196685791
0.007872999 0.119507015 -0.992802143 -102.682098389 -0.087565310 0.989101350 0.118367136 -14.631167412 0.996127725 0.086003132 0.018251861 132.252822876
0.004277904 0.119223639 -0.992858291 -103.637298584 -0.083317593 0.989457548 0.118456312 -14.625571251 0.996513844 0.082215823 0.014166230 132.307418823
0.002395261 0.109138511 -0.994023681 -104.592475891 -0.084494315 0.990493894 0.108547360 -14.625187874 0.996421099 0.083729349 0.011594075 132.334457397
0.000358328 0.099591918 -0.995028317 -105.539596558 -0.086256102 0.991322994 0.099189997 -14.620117188 0.996272862 0.085791722 0.008945629 132.374130249
0.000326169 0.101610981 -0.994824171 -106.507369995 -0.093895867 0.990432203 0.101131611 -14.625003815 0.995582044 0.093376897 0.009863899 132.389419556
-0.000629097 0.110235810 -0.993905365 -107.469238281 -0.096819833 0.989229262 0.109778501 -14.606446266 0.995301723 0.096298799 0.010050695 132.432357788
-0.002268344 0.121423490 -0.992598116 -108.431533813 -0.100755192 0.987521946 0.121032745 -14.592832565 0.994908631 0.100283973 0.009994008 132.465759277
-0.003698870 0.123279877 -0.992365062 -109.373001099 -0.107733183 0.986546934 0.122958675 -14.582180977 0.994172990 0.107365459 0.009632227 132.499145508
-0.003491254 0.120457001 -0.992712319 -110.360580444 -0.115015082 0.986082077 0.120056972 -14.564030647 0.993357539 0.114596039 0.010411710 132.520614624
-0.003845599 0.116190836 -0.993219435 -111.314155579 -0.123009093 0.985628784 0.115779109 -14.548347473 0.992398083 0.122620262 0.010502196 132.549102783
-0.001428919 0.118363619 -0.992969275 -112.282684326 -0.127615541 0.984829903 0.117577031 -14.529022217 0.991822660 0.126886323 0.013697795 132.573226929
0.000090988 0.119566597 -0.992826164 -113.259483337 -0.135680869 0.983646691 0.118448645 -14.509379387 0.990752518 0.134696767 0.016312400 132.599975586
0.000537848 0.122117184 -0.992515564 -114.222595215 -0.144801721 0.982064784 0.120752856 -14.490899086 0.989460588 0.143653020 0.018210977 132.624954224
0.000799053 0.124508828 -0.992218137 -115.197471619 -0.150320113 0.980959237 0.122974932 -14.469436646 0.988637030 0.149052083 0.019500021 132.654296875
0.001037056 0.123817615 -0.992304385 -116.169647217 -0.154147953 0.980464518 0.122179151 -14.458860397 0.988047361 0.152835011 0.020103026 132.699005127
0.002526507 0.114336058 -0.993438840 -117.124382019 -0.153106123 0.981773317 0.112604059 -14.460603714 0.988206565 0.151817039 0.019986005 132.735412598
0.003982890 0.102615550 -0.994713128 -118.075393677 -0.156132266 0.982585669 0.100739278 -14.449774742 0.987728059 0.154905573 0.019935127 132.774841309
