1.000000000 0.000000000 0.000000000 0.000000000 0.000000000 1.000000000 0.000000000 0.000000000 0.000000000 0.000000000 1.000000000 0.000000000
0.999997914 -0.001536565 -0.001363014 0.049664855 0.001533619 0.999996483 -0.002159966 -0.132103816 0.001366328 0.002157871 0.999996722 1.297808051
0.999997616 -0.000033134 -0.002171623 0.104407839 0.000019324 0.999979794 -0.006358810 -0.268266499 0.002171790 0.006358754 0.999977410 2.604810715
0.999996245 0.002404566 -0.001253135 0.146377385 -0.002414329 0.999966264 -0.007848809 -0.407134801 0.001234220 0.007851806 0.999968410 3.908761501
0.999983847 0.005676153 0.000315371 0.190755144 -0.005673968 0.999962449 -0.006545311 -0.546249390 -0.000352512 0.006543416 0.999978542 5.220860481
0.999975681 0.006518343 0.002470483 0.241015956 -0.006510445 0.999973714 -0.003192192 -0.690450311 -0.002491225 0.003176030 0.999991834 6.538136005
0.999960184 0.006805785 0.005770614 0.297966659 -0.006795062 0.999975085 -0.001876021 -0.826978922 -0.005783238 0.001836735 0.999981582 7.841186523
0.999942482 0.005302258 0.009323047 0.351592839 -0.005286356 0.999984503 -0.001729671 -0.962098598 -0.009332071 0.001680286 0.999955058 9.146183968
0.999911726 0.004013931 0.012664542 0.429455638 -0.003992429 0.999990523 -0.001722735 -1.098427415 -0.012671337 0.001672020 0.999918342 10.445780754
0.999868095 0.002689606 0.016015634 0.494522363 -0.002652071 0.999993622 -0.002364415 -1.236895204 -0.016021892 0.002321628 0.999868929 11.755082130
0.999810755 0.001743549 0.019369500 0.570167661 -0.001684485 0.999993920 -0.003065226 -1.376611471 -0.019374726 0.003032018 0.999807656 13.051241875
0.999747336 0.001365762 0.022437872 0.648251891 -0.001296339 0.999994338 -0.003108299 -1.520092130 -0.022441991 0.003078427 0.999743402 14.369807243
0.999668062 0.001218441 0.025736960 0.734683692 -0.001109267 0.999990344 -0.004255749 -1.656978369 -0.025741898 0.004225787 0.999659657 15.664986610
0.999579012 0.002129803 0.028933462 0.815894663 -0.002006832 0.999988854 -0.004278486 -1.795024872 -0.028942253 0.004218621 0.999572098 16.973890305
0.999475598 0.001831863 0.032330561 0.903339803 -0.001709665 0.999991357 -0.003806878 -1.934690595 -0.032337252 0.003749608 0.999469995 18.261920929
0.999407411 0.000234587 0.034420546 0.998916507 -0.000110225 0.999993443 -0.003614866 -2.075591803 -0.034421172 0.003608930 0.999400914 19.562986374
0.999349415 -0.002234355 0.035997394 1.097673178 0.002405825 0.999985993 -0.004720800 -2.217155218 -0.035986345 0.004804333 0.999340773 20.838821411
0.999305964 -0.002019438 0.037195001 1.195677519 0.002267454 0.999975383 -0.006626996 -2.357627869 -0.037180707 0.006706734 0.999286056 22.144617081
0.999256909 -0.001933659 0.038495570 1.276516080 0.002289269 0.999955118 -0.009195764 -2.502677202 -0.038476057 0.009277059 0.999216497 23.433452606
0.999216914 -0.001457322 0.039538916 1.379600525 0.001878452 0.999941826 -0.010615951 -2.645358086 -0.039521147 0.010681910 0.999161661 24.719446182
0.999172986 -0.000793381 0.040655997 1.480562925 0.001250567 0.999936223 -0.011221011 -2.791413307 -0.040644515 0.011262574 0.999110162 25.989025116
0.999158084 -0.002451480 0.040952034 1.581678987 0.002874075 0.999943197 -0.010263579 -2.937131643 -0.040924538 0.010372635 0.999108493 27.281721115
0.999151647 -0.005439832 0.040820178 1.685502291 0.005811823 0.999942601 -0.008999771 -3.084962606 -0.040768877 0.009229377 0.999125898 28.559209824
0.999177396 -0.006981723 0.039947420 1.783675671 0.007372811 0.999926269 -0.009651140 -3.229032278 -0.039877094 0.009937726 0.999155164 29.852071762
0.999191284 -0.008552421 0.039287578 1.886676073 0.009039304 0.999884367 -0.012231902 -3.372808218 -0.039178424 0.012577144 0.999153078 31.118349075
0.999228895 -0.008734790 0.038278781 1.998653889 0.009212859 0.999881506 -0.012330640 -3.525221825 -0.038166542 0.012673790 0.999191046 32.407939911
0.999236763 -0.009395424 0.037915174 2.093010902 0.009879262 0.999871850 -0.012593956 -3.670152903 -0.037791993 0.012958918 0.999201596 33.672286987
0.999255419 -0.009952191 0.037276156 2.190995455 0.010433893 0.999864280 -0.012750319 -3.813278675 -0.037144203 0.013129763 0.999223650 34.942134857
0.999271214 -0.010334197 0.036742982 2.284186840 0.010827534 0.999853551 -0.013253120 -3.957970142 -0.036600634 0.013641299 0.999236822 36.201278687
0.999307692 -0.011003288 0.035538808 2.394287109 0.011482861 0.999845326 -0.013318456 -4.118453503 -0.035386764 0.013717321 0.999279559 37.487754822
0.999302566 -0.010672486 0.035785627 2.484251022 0.011097909 0.999869883 -0.011710606 -4.261626244 -0.035655990 0.012099585 0.999290884 38.756374359
0.999272764 -0.010774530 0.036575899 2.588711262 0.011167428 0.999881923 -0.010554750 -4.403276443 -0.036457859 0.010955534 0.999275148 40.016277313
0.999193907 -0.012534346 0.038136531 2.703619957 0.012885128 0.999876797 -0.008966230 -4.544522762 -0.038019449 0.009450397 0.999232352 41.268314362
0.999080360 -0.013682253 0.040633582 2.794652224 0.014101873 0.999849975 -0.010058345 -4.691318512 -0.040489864 0.010622106 0.999123514 42.523094177
0.998962343 -0.014812170 0.043067709 2.890283585 0.015393878 0.999794245 -0.013206668 -4.840622902 -0.042863231 0.013855943 0.998984873 43.771789551
0.998864949 -0.016045373 0.044848029 3.003504276 0.016701145 0.999758482 -0.014285856 -4.985325813 -0.044607975 0.015018655 0.998891652 45.033946991
0.998737395 -0.016479414 0.047455709 3.127184629 0.017117785 0.999768019 -0.013077125 -5.119674683 -0.047229193 0.013872952 0.998787761 46.269145966
0.998545408 -0.017398138 0.051033150 3.238297939 0.017913770 0.999792814 -0.009663924 -5.272693157 -0.050854437 0.010564065 0.998650193 47.536949158
0.998274624 -0.020364337 0.055072490 3.352308750 0.020832650 0.999751389 -0.007942866 -5.409966469 -0.054897048 0.009076469 0.998450756 48.768524170
0.998043895 -0.022547880 0.058309667 3.492604017 0.023060607 0.999700963 -0.008135116 -5.549453735 -0.058108803 0.009463857 0.998265326 50.016071320
0.997767687 -0.025832482 0.061582584 3.635866165 0.026622001 0.999573171 -0.012034463 -5.685320377 -0.061245412 0.013647050 0.998029411 51.251628876
0.997480869 -0.027130203 0.065541789 3.764245749 0.027982648 0.999534905 -0.012123117 -5.819385052 -0.065182410 0.013926609 0.997776151 52.478122711
0.997128963 -0.029593658 0.069698617 3.893672466 0.030327030 0.999495029 -0.009487292 -5.958280087 -0.069382668 0.011573806 0.997522891 53.697814941
0.996854246 -0.032323796 0.072365396 4.051483631 0.032869384 0.999439418 -0.006360927 -6.091947079 -0.072119221 0.008719523 0.997357905 54.907630920
0.996629059 -0.034861874 0.074263953 4.203855991 0.035297047 0.999366462 -0.004555025 -6.223597050 -0.074058108 0.007160970 0.997228265 56.126251221
0.996420741 -0.038037181 0.075491302 4.357168198 0.038258623 0.999266744 -0.001488770 -6.347106934 -0.075379334 0.004371634 0.997145355 57.336727142
0.996268690 -0.040980995 0.075955734 4.512176037 0.041101102 0.999154985 -0.000018126 -6.473705292 -0.075890817 0.003139922 0.997111201 58.539882660
0.996218801 -0.043053739 0.075461946 4.657234192 0.043419529 0.999051690 -0.003212737 -6.600965977 -0.075252071 0.006477111 0.997143507 59.748477936
0.996222317 -0.044103906 0.074806511 4.802184582 0.044791900 0.998967826 -0.007543448 -6.728463173 -0.074396595 0.010865678 0.997169495 60.936229706
0.996232033 -0.045528315 0.073816977 4.934988022 0.046498187 0.998852611 -0.011473224 -6.855699539 -0.073209919 0.014862348 0.997205794 62.140174866
0.996272147 -0.047013182 0.072329693 5.079493046 0.048143867 0.998742640 -0.013968278 -6.988131046 -0.071582064 0.017398436 0.997282922 63.331356049
0.996387064 -0.047361244 0.070496440 5.210283279 0.048465159 0.998726308 -0.014030970 -7.124093056 -0.069742128 0.017396901 0.997413337 64.514152527
0.996610045 -0.046716977 0.067719720 5.344635963 0.047726855 0.998770893 -0.013371323 -7.260112762 -0.067011803 0.016558046 0.997614801 65.692916870
0.996859133 -0.045810912 0.064599127 5.463226318 0.046635933 0.998847723 -0.011321103 -7.402772427 -0.064006075 0.014298189 0.997847080 66.895912170
0.997252405 -0.042047508 0.060989439 5.584268570 0.042612310 0.999059737 -0.007989276 -7.530591011 -0.060596172 0.010566226 0.998106360 68.071578979
0.997473240 -0.040076353 0.058660634 5.691684723 0.040458657 0.999166906 -0.005343555 -7.658503056 -0.058397625 0.007703384 0.998263717 69.237899780
0.997761011 -0.039324436 0.054097887 5.827797890 0.039846439 0.999168694 -0.008604197 -7.801251888 -0.053714566 0.010740539 0.998498559 70.451446533
0.997931123 -0.039721478 0.050554611 5.936003685 0.040518589 0.999068558 -0.014840972 -7.934638977 -0.049918022 0.016858667 0.998611033 71.610397339
0.997983634 -0.043279190 0.046426922 6.051563263 0.044175267 0.998853385 -0.018451123 -8.069406509 -0.045575127 0.020464838 0.998751283 72.797798157
0.997997522 -0.046424925 0.042960770 6.151101112 0.047041427 0.998802304 -0.013451952 -8.205698967 -0.042284802 0.015445951 0.998986185 73.966011047
0.997979879 -0.050735492 0.038236652 6.259602547 0.051110856 0.998653293 -0.008903435 -8.332831383 -0.037733439 0.010839758 0.999229074 75.136886597
0.998051047 -0.052515641 0.033704933 6.355297089 0.052767597 0.998584807 -0.006629360 -8.450571060 -0.033309087 0.008394969 0.999409854 76.312271118
0.998234451 -0.051478684 0.029629515 6.439459801 0.051613767 0.998659790 -0.003812136 -8.584292412 -0.029393561 0.005334696 0.999553621 77.468750000
0.998352647 -0.051172845 0.025947921 6.526456833 0.051279943 0.998678327 -0.003478504 -8.704688072 -0.025735620 0.004803382 0.999657273 78.624114990
0.998511136 -0.049532700 0.022847224 6.603714943 0.049655508 0.998754740 -0.004839429 -8.839017868 -0.022579063 0.005966715 0.999727249 79.783515930
0.998667598 -0.047491312 0.020189997 6.664451122 0.047705695 0.998808622 -0.010272408 -8.968796730 -0.019678095 0.011221899 0.999743402 80.946067810
0.998567700 -0.050895557 0.016497696 6.746185303 0.051146843 0.998575628 -0.015184849 -9.099134445 -0.015701355 0.016006904 0.999748588 82.087532043
0.998405457 -0.054948691 0.012930635 6.812541962 0.055156853 0.998344064 -0.016333958 -9.231510162 -0.012011691 0.017021125 0.999783039 83.251174927
0.998454571 -0.054795656 0.009266413 6.874926090 0.054910932 0.998410702 -0.012679762 -9.366334915 -0.008556891 0.013168994 0.999876618 84.404418945
0.998440683 -0.055374660 0.007054966 6.930662632 0.055443868 0.998411417 -0.010022895 -9.494615555 -0.006488746 0.010398421 0.999924839 85.535804749
0.998602509 -0.052470353 0.006319733 6.979352951 0.052541755 0.998549998 -0.011719365 -9.624394417 -0.005695651 0.012035036 0.999911308 86.679313660
0.998786271 -0.048945367 0.005504993 7.033288956 0.049022634 0.998686373 -0.014905337 -9.755660057 -0.004768215 0.015157117 0.999873757 87.810386658
0.998856962 -0.047605094 0.004314551 7.085875511 0.047672920 0.998713374 -0.017283555 -9.888421059 -0.003486215 0.017469486 0.999841273 88.929023743
0.998803556 -0.048760366 0.003723453 7.135801315 0.048819229 0.998648643 -0.017818157 -10.023033142 -0.002849602 0.017978616 0.999834299 90.048622131
0.998766541 -0.049584374 0.002583161 7.185664177 0.049618661 0.998647094 -0.015555358 -10.154347420 -0.001808364 0.015664347 0.999875605 91.181755066
0.998673618 -0.051467244 0.001372276 7.244019032 0.051480368 0.998596311 -0.012456065 -10.282721519 -0.000729270 0.012510190 0.999921441 92.291763306
0.998701096 -0.050933197 0.001424364 7.292280674 0.050946731 0.998628139 -0.012093129 -10.407377243 -0.000806469 0.012149988 0.999925852 93.428848267
0.998680234 -0.051351596 0.000904895 7.340435028 0.051359277 0.998579085 -0.014220384 -10.539922714 -0.000173369 0.014248092 0.999898434 94.566757202
0.998670399 -0.051548772 0.000384642 7.396639347 0.051547471 0.998512626 -0.017755419 -10.668510437 0.000531201 0.017751638 0.999842286 95.666107178
0.998626351 -0.052396815 -0.000206370 7.450699806 0.052383792 0.998451769 -0.018707190 -10.802515030 0.001186248 0.018670682 0.999824941 96.771484375
0.998599946 -0.052897148 0.000283792 7.495441437 0.052893877 0.998443127 -0.017702447 -10.933715820 0.000653059 0.017692670 0.999843240 97.838211060
0.998617828 -0.052556496 0.000597167 7.547120094 0.052559871 0.998544753 -0.012076977 -11.054543495 0.000038425 0.012091670 0.999926865 98.927787781
0.998704255 -0.050860822 0.001724982 7.597905636 0.050874379 0.998664200 -0.009036437 -11.174101830 -0.001263077 0.009112487 0.999957681 99.986122131
0.998766661 -0.049525850 0.003531107 7.654284477 0.049556598 0.998728633 -0.009230386 -11.286466599 -0.003069474 0.009393991 0.999951124 101.038238525
0.998861194 -0.047396332 0.005485493 7.704123497 0.047452834 0.998816311 -0.010672974 -11.411220551 -0.004973140 0.010921121 0.999927998 102.086906433
0.998839378 -0.047457680 0.008219719 7.753432274 0.047564056 0.998779953 -0.013269039 -11.527273178 -0.007579973 0.013644604 0.999878168 103.095291138
0.998758018 -0.048921671 0.009438854 7.825467110 0.049048483 0.998702288 -0.013707138 -11.646932602 -0.008756028 0.014153077 0.999861538 104.102149963
0.998634577 -0.051006094 0.011284054 7.885400772 0.051151685 0.998605967 -0.013012933 -11.768311501 -0.010604585 0.013572361 0.999851644 105.108154297
0.998620927 -0.050862741 0.013003945 7.944100857 0.051011696 0.998633027 -0.011391818 -11.882671356 -0.012406751 0.012039463 0.999850512 106.065307617
0.998554826 -0.051758096 0.014459006 8.000888824 0.051908113 0.998599708 -0.010200868 -11.988806725 -0.013910779 0.010936666 0.999843359 107.023498535
0.998493373 -0.052381765 0.016342845 8.057167053 0.052560065 0.998560727 -0.010678337 -12.093986511 -0.015759973 0.011521231 0.999809384 107.939506531
0.998475969 -0.052097045 0.018212376 8.115440369 0.052260503 0.998596251 -0.008617277 -12.197690010 -0.017737880 0.009555931 0.999796987 108.846160889
0.998488247 -0.050973989 0.020566534 8.167005539 0.051123179 0.998669207 -0.006793913 -12.293090820 -0.020192850 0.007835068 0.999765396 109.715522766
0.998458982 -0.051253229 0.021277400 8.233878136 0.051335871 0.998675764 -0.003355513 -12.395829201 -0.021077240 0.004442635 0.999767959 110.575805664
0.998423934 -0.051160891 0.023070296 8.291061401 0.051254198 0.998679578 -0.003470588 -12.485779762 -0.022862278 0.004647566 0.999727786 111.400260925
0.998433769 -0.050467536 0.024147365 8.341854095 0.050542809 0.998718739 -0.002516664 -12.577436447 -0.023989415 0.003733197 0.999705195 112.214309692
0.998522401 -0.048292127 0.024919270 8.391344070 0.048358515 0.998827875 -0.002067748 -12.657984734 -0.024790207 0.003269751 0.999687314 112.991264343
0.998657346 -0.045627013 0.024529923 8.429512978 0.045622271 0.998958528 0.000753226 -12.735042572 -0.024538741 0.000366897 0.999698818 113.746978760
0.998750210 -0.045396969 0.020908216 8.484393120 0.045371704 0.998968780 0.001681534 -12.817047119 -0.020962991 -0.000730791 0.999779999 114.493766785
0.998854399 -0.045507595 0.014801973 8.517287254 0.045486208 0.998963356 0.001778771 -12.890968323 -0.014867578 -0.001103448 0.999888837 115.190711975
0.999028623 -0.043839797 0.004453750 8.542512894 0.043836962 0.999038398 0.000732045 -12.967490196 -0.004481561 -0.000536096 0.999989867 115.858314514
0.999113321 -0.041030362 -0.009422353 8.541069984 0.041012540 0.999156475 -0.002077309 -13.036499977 0.009499643 0.001689033 0.999953449 116.501457214
0.998805642 -0.039615098 -0.028604599 8.546005249 0.039497934 0.999208808 -0.004649847 -13.105278015 0.028766176 0.003514471 0.999579966 117.122848511
0.997970402 -0.038071454 -0.051045362 8.513060570 0.037776485 0.999263525 -0.006731384 -13.177330017 0.051264044 0.004789408 0.998673677 117.709892273
0.996239662 -0.036463212 -0.078593671 8.468933105 0.035893161 0.999318123 -0.008654125 -13.243756294 0.078855649 0.005800608 0.996869206 118.281303406
0.993234634 -0.034445994 -0.110898256 8.399464607 0.033464395 0.999382615 -0.010701103 -13.310327530 0.111198410 0.006917564 0.993774176 118.825218201
0.988819420 -0.029572962 -0.146156251 8.290939331 0.028102344 0.999531627 -0.012116940 -13.373659134 0.146446124 0.007874132 0.989187300 119.365280151
0.982510984 -0.023796022 -0.184678435 8.174709320 0.022015197 0.999689281 -0.011687679 -13.436361313 0.184899196 0.007417540 0.982729495 119.880531311
0.973971307 -0.018359128 -0.225926727 8.030414581 0.016620778 0.999815762 -0.009594209 -13.495057106 0.226061285 0.005589406 0.974097013 120.385360718
0.962530673 -0.013753391 -0.270823836 7.857824326 0.011992476 0.999894917 -0.008155927 -13.552504539 0.270907521 0.004602481 0.962594450 120.879142761
0.948275983 -0.007627473 -0.317355394 7.662979126 0.005092987 0.999948144 -0.008815111 -13.608201981 0.317406178 0.006742871 0.948265731 121.351226807
0.930707455 0.000352506 -0.365763962 7.435112000 -0.004125901 0.999946058 -0.009534891 -13.666112900 0.365740836 0.010383300 0.930658758 121.825637817
0.909696400 0.004902836 -0.415244997 7.175041199 -0.010171729 0.999893308 -0.010477842 -13.717753410 0.415149420 0.013755416 0.909649253 122.253921509
0.884522676 0.009161022 -0.466407239 6.907752991 -0.015183005 0.999842763 -0.009155368 -13.771883965 0.466250062 0.015179594 0.884522796 122.665237427
0.855383217 0.012307486 -0.517849326 6.621536255 -0.020019397 0.999756157 -0.009307288 -13.811741829 0.517608643 0.018328331 0.855421185 123.071273804
0.824221969 0.022174535 -0.565832555 6.286983490 -0.031007107 0.999501169 -0.005996942 -13.862514496 0.565417290 0.022487644 0.824498415 123.431442261
0.790344000 0.035132013 -0.611655235 5.935314178 -0.043833010 0.999038577 0.000744027 -13.907361031 0.611093342 0.026222650 0.791124105 123.785263062
0.754272223 0.044086497 -0.655079961 5.580642700 -0.055226065 0.998467326 0.003607859 -13.950164795 0.654235005 0.033456184 0.755550921 124.101303101
0.714496195 0.047699098 -0.698011398 5.209617615 -0.062095810 0.998059273 0.004640775 -13.997364044 0.696878195 0.040027775 0.716071546 124.401069641
0.671973825 0.049728781 -0.738903463 4.832473755 -0.064973421 0.997854412 0.008068248 -14.045897484 0.737719297 0.042587437 0.673762977 124.683143616
0.628351033 0.053144284 -0.776112497 4.421127319 -0.068604760 0.997562230 0.012764717 -14.078808784 0.774898946 0.045224294 0.630465150 124.949775696
0.583384871 0.061807770 -0.809840679 3.995239258 -0.079881847 0.996632218 0.018519398 -14.110773087 0.808257997 0.053887621 0.586357534 125.177894592
0.537763178 0.070708685 -0.840125740 3.551872253 -0.091434613 0.995490670 0.025257736 -14.136229515 0.838123262 0.063233890 0.541803420 125.388473511
0.490882576 0.075817734 -0.867920518 3.096469879 -0.097059295 0.994763851 0.032002952 -14.164382935 0.865802407 0.068530060 0.495671093 125.592292786
0.443447769 0.077098727 -0.892978132 2.635848999 -0.096444182 0.994613528 0.037980177 -14.190097809 0.891096354 0.069280311 0.448494911 125.772918701
0.396521449 0.078632534 -0.914651752 2.164138794 -0.093795761 0.994581163 0.044841550 -14.209643364 0.913221300 0.068009824 0.401748031 125.942832947
0.350504696 0.081787735 -0.932982981 1.657794952 -0.095682040 0.994094372 0.051198926 -14.235881805 0.931660593 0.071324266 0.356260359 126.095077515
0.306792170 0.085028410 -0.947970808 1.158134460 -0.101348713 0.993257165 0.056290850 -14.255322456 0.946365178 0.078806043 0.313341081 126.212409973
0.265417159 0.086649574 -0.960232139 0.636653900 -0.106088258 0.992530286 0.060240317 -14.272463799 0.958279312 0.085880540 0.272627056 126.311790466
0.225856096 0.083107196 -0.970609188 0.110321045 -0.106348984 0.992502749 0.060234897 -14.288585663 0.968338251 0.089618891 0.233001113 126.414810181
0.190627024 0.077684179 -0.978583932 -0.428701401 -0.101459168 0.993084371 0.059071165 -14.308060646 0.976405323 0.088025756 0.197190464 126.509307861
0.160111621 0.072429568 -0.984438002 -0.976573944 -0.098729715 0.993478417 0.057037048 -14.328491211 0.982149005 0.088060975 0.166218400 126.589828491
0.133882597 0.070925973 -0.988455832 -1.544853210 -0.099855639 0.993324578 0.057750255 -14.347730637 0.985953450 0.090971135 0.140071243 126.653717041
0.111830316 0.070294082 -0.991237938 -2.137182236 -0.100281209 0.993201196 0.059119694 -14.362070084 0.988654494 0.092791162 0.118119158 126.711746216
0.092782840 0.071958803 -0.993082643 -2.729804993 -0.102600276 0.992766678 0.062350046 -14.380166054 0.990386069 0.096105553 0.099494696 126.771522522
0.077064127 0.069915652 -0.994571686 -3.344126701 -0.103520833 0.992707908 0.061763331 -14.402594566 0.991637290 0.098199189 0.083739892 126.822975159
0.062492549 0.069014646 -0.995656431 -3.963548183 -0.102469116 0.992778122 0.062383633 -14.433697701 0.992771208 0.098125532 0.069113106 126.878211975
0.050585017 0.066416949 -0.996508896 -4.603184223 -0.098087057 0.993292809 0.061223477 -14.454979897 0.993891418 0.094647631 0.056760378 126.918525696
0.039068691 0.064116195 -0.997177362 -5.255064011 -0.095879793 0.993575215 0.060128078 -14.472938538 0.994625926 0.093260042 0.044965126 126.949363708
0.028117105 0.062783226 -0.997631013 -5.925657749 -0.094931066 0.993682504 0.059859216 -14.490969658 0.995086670 0.093023121 0.033899557 126.991233826
0.018313065 0.064378150 -0.997757494 -6.596997738 -0.098140754 0.993221581 0.062284175 -14.514698982 0.995004058 0.096780062 0.024507055 127.013587952
0.009800063 0.064555869 -0.997865975 -7.276080132 -0.101129591 0.992861271 0.063238904 -14.544160843 0.994825006 0.100294031 0.016258614 127.029457092
0.003568741 0.063723952 -0.997961164 -7.969919205 -0.103390440 0.992642641 0.063014627 -14.565069199 0.994634390 0.102954775 0.010130933 127.045555115
-0.001381780 0.064445317 -0.997920275 -8.668405533 -0.104143709 0.992485583 0.064238541 -14.581781387 0.994561315 0.104015872 0.005340177 127.060905457
-0.005117360 0.066649884 -0.997763216 -9.392996788 -0.106459975 0.992069483 0.066815563 -14.600406647 0.994303823 0.106563762 0.002018766 127.085113525
-0.006251050 0.070860900 -0.997466624 -10.121921539 -0.108505398 0.991548538 0.071120471 -14.628684044 0.994076252 0.108675078 0.001490569 127.091384888
-0.006667270 0.074123591 -0.997226715 -10.853571892 -0.111219630 0.991006613 0.074404836 -14.641116142 0.993773401 0.111407280 0.001636690 127.091346741
-0.007273612 0.079623073 -0.996798515 -11.594597816 -0.116035022 0.990023911 0.079928637 -14.648156166 0.993218422 0.116244912 0.002038016 127.098686218
-0.008492116 0.083710521 -0.996453881 -12.339996338 -0.119013816 0.989322245 0.084125675 -14.664612770 0.992856205 0.119306192 0.001561270 127.108161926
-0.009824614 0.083923027 -0.996423781 -13.092605591 -0.118815705 0.989314556 0.084495768 -14.680128098 0.992867827 0.119220920 0.000251738 127.126312256
-0.011389006 0.080902845 -0.996656835 -13.836152077 -0.116381936 0.989840209 0.081679419 -14.699189186 0.993139207 0.116923116 -0.001857669 127.147872925
-0.012668662 0.077102043 -0.996942759 -14.596638680 -0.120080344 0.989689946 0.078067057 -14.703695297 0.992683411 0.120702237 -0.003279608 127.158378601
-0.014160121 0.079128325 -0.996763885 -15.358430862 -0.125064895 0.988895237 0.080280334 -14.717871666 0.992047489 0.125796974 -0.004106703 127.162948608
-0.016043285 0.082661584 -0.996448576 -16.127090454 -0.121924743 0.988978028 0.084004916 -14.731888771 0.992409587 0.122839428 -0.005787964 127.179931641
-0.018016260 0.082771361 -0.996405780 -16.901376724 -0.121193185 0.989038467 0.084350720 -14.750736237 0.992465436 0.122277267 -0.007787451 127.193717957
-0.019067029 0.081752844 -0.996470213 -17.691930771 -0.124036327 0.988758683 0.083493568 -14.760693550 0.992094398 0.125190482 -0.008712371 127.194534302
-0.019586680 0.081557751 -0.996476054 -18.479515076 -0.128822252 0.988153815 0.083408721 -14.767454147 0.991474330 0.130001962 -0.008848196 127.193267822
-0.020499067 0.086041026 -0.996080637 -19.285030365 -0.130548373 0.987529755 0.087989062 -14.774647713 0.991230011 0.131840393 -0.009010921 127.195320129
-0.021109691 0.090255901 -0.995694757 -20.097185135 -0.129105598 0.987331986 0.092234999 -14.783027649 0.991406143 0.130496815 -0.009189730 127.209991455
-0.020728737 0.092600457 -0.995487571 -20.919292450 -0.130848929 0.986885786 0.094524950 -14.796845436 0.991185546 0.132217884 -0.008340225 127.230957031
-0.018921908 0.091404401 -0.995634079 -21.737411499 -0.130254462 0.987100244 0.093096428 -14.803738594 0.991299987 0.131447360 -0.006771988 127.242332458
-0.017686620 0.091347069 -0.995661974 -22.568733215 -0.130348012 0.987108469 0.092877783 -14.807226181 0.991310537 0.131425247 -0.005551702 127.252845764
-0.017248437 0.090477668 -0.995749116 -23.392827988 -0.128874019 0.987388790 0.091950372 -14.815603256 0.991510928 0.129912212 -0.005370692 127.274589539
-0.016687838 0.092549391 -0.995568275 -24.229990005 -0.129771188 0.987084329 0.093935966 -14.824087143 0.991403520 0.130763650 -0.004462061 127.296699524
-0.016090414 0.094540633 -0.995391011 -25.069202423 -0.131503090 0.986672163 0.095838279 -14.825121880 0.991185188 0.132439047 -0.003443577 127.313652039
-0.016142834 0.097156018 -0.995138228 -25.937442780 -0.134519890 0.986008406 0.098446794 -14.829722404 0.990779400 0.135455117 -0.002847553 127.329399109
-0.014611709 0.098296665 -0.995049834 -26.803333282 -0.136667699 0.985620201 0.099372029 -14.827116013 0.990509272 0.137443155 -0.000967616 127.341430664
-0.013065670 0.101508684 -0.994748890 -27.671636581 -0.143640429 0.984325051 0.102331653 -14.828419685 0.989543736 0.144223183 0.001719887 127.358467102
-0.010645692 0.105203412 -0.994393766 -28.550504684 -0.148264185 0.983291924 0.105616152 -14.823737144 0.988890588 0.148557320 0.005130077 127.372184753
-0.008658452 0.107041821 -0.994216919 -29.426048279 -0.150753453 0.982750595 0.107120194 -14.818286896 0.988533497 0.150809109 0.007627822 127.402778625
-0.004938850 0.107696854 -0.994171619 -30.321868896 -0.149322525 0.982957661 0.107223876 -14.819137573 0.988776207 0.148981795 0.011226883 127.425857544
-0.002443024 0.107795581 -0.994170010 -31.211996078 -0.152073219 0.982569873 0.106911495 -14.814531326 0.988366187 0.151447862 0.013992378 127.456459045
0.000205135 0.111487947 -0.993765712 -32.117126465 -0.152458593 0.982151926 0.110153563 -14.805916786 0.988309801 0.151485518 0.017198768 127.484504700
0.002514657 0.113944046 -0.993483901 -33.031299591 -0.151577696 0.982051015 0.112249106 -14.806087494 0.988442123 0.150307730 0.019740900 127.525619507
0.004038981 0.115291312 -0.993323445 -33.923530579 -0.152224034 0.981826007 0.113337867 -14.803160667 0.988337755 0.150749952 0.021515684 127.568229675
0.006498843 0.113425657 -0.993525207 -34.826915741 -0.153536960 0.981878281 0.111091673 -14.796173096 0.988121510 0.151820883 0.023796108 127.599174500
0.006466891 0.114906088 -0.993355274 -35.744178772 -0.158097908 0.980999768 0.112447634 -14.788176537 0.987402260 0.156320140 0.024510425 127.638130188
0.007193542 0.115500726 -0.993281364 -36.638393402 -0.158430859 0.980892658 0.112912744 -14.782129288 0.987343788 0.156554192 0.025354974 127.677925110
0.007779123 0.112150513 -0.993660867 -37.534049988 -0.159263521 0.981145620 0.109491147 -14.781717300 0.987205446 0.157402173 0.025493937 127.711250305
0.008775783 0.107766882 -0.994137466 -38.447761536 -0.160249025 0.981478214 0.104979999 -14.776362419 0.987037539 0.158388257 0.025882786 127.750595093
0.009312828 0.107195728 -0.994194329 -39.343727112 -0.159921259 0.981599927 0.104339756 -14.772489548 0.987085879 0.158021122 0.026284346 127.790939331
0.009106294 0.111116387 -0.993765712 -40.251037598 -0.162355572 0.980784595 0.108177200 -14.765632629 0.986690283 0.160358325 0.026971681 127.831283569
0.009460568 0.117305323 -0.993050814 -41.171863556 -0.163172185 0.979965329 0.114205092 -14.753378868 0.986552238 0.160957813 0.028411996 127.866699219
0.009658381 0.116092540 -0.993191481 -42.067188263 -0.161022872 0.980455935 0.113038048 -14.753831863 0.986903369 0.158834785 0.028163180 127.910278320
0.010402288 0.105785936 -0.994334519 -42.960872650 -0.159795180 0.981785119 0.102779098 -14.762948990 0.987095356 0.157820687 0.027116897 127.957664490
0.010706298 0.095605381 -0.995361745 -43.854026794 -0.161738858 0.982476830 0.092628077 -14.765834808 0.986775458 0.159996957 0.025981797 127.995613098
0.010249852 0.092403546 -0.995668888 -44.761520386 -0.158763841 0.983241141 0.089615799 -14.773631096 0.987263322 0.157157689 0.024748420 128.034332275
0.009790344 0.102510810 -0.994683623 -45.685787201 -0.151445940 0.983408511 0.099858180 -14.780603409 0.988417029 0.149663150 0.025152754 128.089477539
0.010064242 0.116207562 -0.993174016 -46.606746674 -0.146666571 0.982653856 0.113490433 -14.777858734 0.989134729 0.144523233 0.026933435 128.140762329
0.009802694 0.124919914 -0.992118359 -47.539253235 -0.146829858 0.981591463 0.122143686 -14.766059875 0.989113212 0.144475251 0.027964214 128.190002441
0.009721611 0.119351454 -0.992804468 -48.460716248 -0.147016257 0.982232749 0.116640948 -14.760156631 0.989086390 0.144824445 0.027095487 128.235031128
0.009826617 0.105352163 -0.994386375 -49.378658295 -0.146833971 0.983806849 0.102780260 -14.748599052 0.989112377 0.144999713 0.025136769 128.274581909
0.010642006 0.096927144 -0.995234609 -50.314582825 -0.147805467 0.984510362 0.094302200 -14.759523392 0.988959193 0.146097526 0.024803530 128.311172485
0.011058396 0.097170994 -0.995206237 -51.226879120 -0.146824002 0.984637499 0.094507605 -14.768848419 0.989100873 0.145075053 0.025155544 128.360885620
0.010733379 0.098218746 -0.995106995 -52.159870148 -0.149885356 0.984079063 0.095513575 -14.775345802 0.988645017 0.148126811 0.025284046 128.393020630
0.010644013 0.097988680 -0.995130599 -53.123474121 -0.154463157 0.983403027 0.095181733 -14.786867142 0.987941206 0.152697906 0.025602996 128.442092896
0.011096451 0.097358808 -0.995187461 -54.054409027 -0.155966416 0.983236194 0.094450578 -14.786384583 0.987699926 0.154167756 0.026095133 128.484588623
0.012352637 0.104918778 -0.994403958 -54.994689941 -0.165631562 0.980956495 0.101442426 -14.783979416 0.986110389 0.163451627 0.029495256 128.517395020
0.014018595 0.114044093 -0.993376732 -55.951927185 -0.171272919 0.979065418 0.109984063 -14.773651123 0.985123813 0.168596700 0.033257786 128.555511475
0.015463915 0.122033119 -0.992405593 -56.901054382 -0.171392053 0.978157699 0.117610432 -14.762290001 0.985081494 0.168271720 0.036041651 128.598770142
0.016049422 0.123195127 -0.992252707 -57.839332581 -0.172844023 0.977782309 0.118602835 -14.759147644 0.984818399 0.169601426 0.036986385 128.646438599
0.017883943 0.113245130 -0.993406057 -58.777175903 -0.174515158 0.978666902 0.108423181 -14.749670029 0.984492064 0.171425402 0.037265413 128.693466187
0.018476143 0.107913733 -0.993988574 -59.751861572 -0.172623172 0.979573011 0.103139989 -14.746725082 0.984814584 0.169679821 0.036727145 128.762756348
0.020679161 0.106363170 -0.994112253 -60.705776215 -0.171313480 0.979995966 0.101289220 -14.742822647 0.984999537 0.168210208 0.038486939 128.814849854
0.024380285 0.112219609 -0.993384361 -61.664527893 -0.172493353 0.979248226 0.106389269 -14.736945152 0.984708965 0.168758392 0.043231491 128.866455078
0.027921397 0.114197120 -0.993065655 -62.652286530 -0.174976423 0.978672802 0.107622333 -14.741104126 0.984176576 0.170758113 0.047307719 128.917602539
0.031157216 0.109783322 -0.993467093 -63.585857391 -0.174457416 0.979289532 0.102745280 -14.751995087 0.984171569 0.170116454 0.049664456 128.989685059
0.034456044 0.103731498 -0.994008303 -64.535507202 -0.174451917 0.979953349 0.096217610 -14.754959106 0.984062612 0.170091376 0.051861476 129.056243896
0.037926514 0.104326248 -0.993819773 -65.497398376 -0.171802729 0.980407119 0.096361876 -14.764665604 0.984400988 0.167086259 0.055106960 129.124435425
0.040363431 0.107860498 -0.993346334 -66.459106445 -0.169773087 0.980441034 0.099560700 -14.766551971 0.984656155 0.164624855 0.057885777 129.202957153
0.044049181 0.114466473 -0.992450058 -67.428054810 -0.169366688 0.979890049 0.105500624 -14.764425278 0.984568238 0.163440749 0.062550180 129.281005859
0.047563568 0.118200429 -0.991849959 -68.384552002 -0.167113885 0.979920089 0.108764872 -14.763054848 0.984789670 0.160578623 0.066361420 129.356460571
0.049465332 0.119743511 -0.991571784 -69.346252441 -0.166625395 0.979863405 0.110017329 -14.762685776 0.984778762 0.159778982 0.068421572 129.439315796
0.050887100 0.117451154 -0.991773963 -70.301353455 -0.164788738 0.980436385 0.107653320 -14.764502525 0.985015392 0.157954976 0.069246188 129.529571533
0.051523469 0.115794159 -0.991936028 -71.253051758 -0.162604913 0.980973542 0.106068358 -14.767825127 0.985345125 0.155828655 0.069371857 129.614456177
0.051728278 0.112047538 -0.992355585 -72.194343567 -0.159500614 0.981857121 0.102547921 -14.775648117 0.985841691 0.152976722 0.068661429 129.707412720
0.051615745 0.112555616 -0.992303967 -73.164482117 -0.158433437 0.981967688 0.103142112 -14.777593613 0.986019671 0.151890337 0.068517551 129.787048340
0.050127700 0.117039464 -0.991861463 -74.113464355 -0.155088678 0.981975496 0.108034924 -14.780084610 0.986627996 0.148410916 0.067375667 129.893753052
0.050678171 0.117887482 -0.991732955 -75.085350037 -0.149619728 0.982698500 0.109167874 -14.772515297 0.987443984 0.142850384 0.067439653 129.974456787
0.049600106 0.114136621 -0.992226124 -76.034820557 -0.146546051 0.983528614 0.105810478 -14.770131111 0.987959564 0.140158594 0.065509386 130.060394287
0.048457913 0.110657990 -0.992676616 -76.985290527 -0.148275316 0.983629227 0.102411315 -14.773446083 0.987758100 0.142226785 0.064072467 130.139633179
0.047062211 0.107018039 -0.993142605 -77.964607239 -0.144795269 0.984474123 0.099222511 -14.774295807 0.988341749 0.139132708 0.061827224 130.214721680
0.045977723 0.107846990 -0.993103743 -78.916587830 -0.145287871 0.984306037 0.100165203 -14.775888443 0.988320470 0.139680535 0.060925011 130.285476685
0.044827983 0.109366283 -0.992990136 -79.865570068 -0.145823926 0.984059095 0.101799496 -14.778239250 0.988294423 0.140238240 0.060061608 130.364440918
0.043913219 0.110517114 -0.992903650 -80.832557678 -0.148344845 0.983565867 0.102916911 -14.787188530 0.987960279 0.142772689 0.059586190 130.429580688
0.042751394 0.110447906 -0.992961943 -81.792625427 -0.148494616 0.983534098 0.103005864 -14.779000282 0.987988710 0.143045917 0.058448367 130.498275757
0.040692270 0.111028783 -0.992983699 -82.745918274 -0.148667321 0.983417332 0.103866771 -14.779756546 0.988049686 0.143397629 0.056523837 130.567199707
0.038897973 0.114374921 -0.992675781 -83.693641663 -0.148600087 0.983043313 0.107442185 -14.781649590 0.988132119 0.143332452 0.055234522 130.638061523
0.037093122 0.117602631 -0.992367744 -84.654342651 -0.149694666 0.982500076 0.110837899 -14.771303177 0.988036215 0.144440815 0.054048490 130.693832397
0.034750082 0.122054875 -0.991914809 -85.602897644 -0.150717080 0.981803000 0.115530483 -14.757423401 0.987965941 0.145483822 0.052513488 130.760620117
0.032932043 0.122179575 -0.991961479 -86.550666809 -0.150968850 0.981720090 0.115906134 -14.755742073 0.987989783 0.145938277 0.050775360 130.822570801
0.031630319 0.116511941 -0.992685497 -87.493560791 -0.150780767 0.982372344 0.110497095 -14.748585701 0.988061070 0.146182805 0.048640519 130.886398315
0.029378636 0.112091593 -0.993263483 -88.431785583 -0.155556813 0.982098401 0.106230535 -14.741626740 0.987389982 0.151388004 0.046289325 130.947219849
0.029298946 0.109703586 -0.993532360 -89.405776978 -0.154134929 0.982566714 0.103947386 -14.732589722 0.987615287 0.150092468 0.045697313 130.991577148
0.028380815 0.110912129 -0.993424892 -90.356155396 -0.150123671 0.983026326 0.105462313 -14.737875938 0.988259852 0.146143511 0.044549622 131.053176880
0.027906161 0.111944541 -0.993322551 -91.307922363 -0.146785483 0.983396471 0.106702149 -14.733084679 0.988774538 0.142827705 0.043874651 131.116607666
0.026541255 0.111994721 -0.993354261 -92.253219604 -0.141752675 0.984084547 0.107162148 -14.735795021 0.989546239 0.137966424 0.041994393 131.184707642
0.025595492 0.109134682 -0.993697405 -93.198852539 -0.137731731 0.984928370 0.104623921 -14.737810135 0.990138710 0.134185791 0.040241037 131.245483398
0.024960518 0.105590530 -0.994096398 -94.166900635 -0.132557765 0.985974908 0.101399526 -14.737881660 0.990860939 0.129244238 0.038607288 131.297943115
0.023788281 0.108226523 -0.993841588 -95.126983643 -0.130577624 0.985942781 0.104240894 -14.742691994 0.991152644 0.127293751 0.037585847 131.357315063
0.022387015 0.110682316 -0.993603647 -96.071601868 -0.130289987 0.985699713 0.106866293 -14.742780685 0.991223097 0.127064183 0.036487676 131.418289185
0.021297928 0.108753055 -0.993840635 -97.028717041 -0.125853658 0.986450136 0.105247304 -14.741908073 0.991820157 0.122836940 0.034696307 131.463027954
0.017913114 0.106076248 -0.994196653 -97.982192993 -0.124149077 0.986897051 0.103060521 -14.751100540 0.992101789 0.121582471 0.030847665 131.525985718
0.015031764 0.103713654 -0.994493663 -98.932159424 -0.123071231 0.987235010 0.101096459 -14.752950668 0.992283881 0.120873891 0.027604057 131.578369141
0.012790442 0.102341861 -0.994667053 -99.892776489 -0.116696551 0.988103509 0.100165933 -14.758629799 0.993085206 0.114793032 0.024581224 131.625457764
0.009696011 0.102534026 -0.994682193 -100.838241577 -0.110879697 0.988704979 0.100837044 -14.756170273 0.993786454 0.109312348 0.020955436 131.685531616
0.007066440 0.110437617 -0.993857861 -101.823234558 -0.100912385 0.988887787 0.109167837 -14.757430077 0.994870245 0.099521160 0.018132439 131.745025635
0.004352844 0.118450686 -0.992950380 -102.781776428 -0.093064740 0.988698244 0.117535479 -14.752119064 0.995650589 0.091897056 0.015327231 131.801513672
0.000788492 0.117269650 -0.993099749 -103.734077454 -0.088941492 0.989172459 0.116735280 -14.741012573 0.996036589 0.088235728 0.011210091 131.852554321
-0.001275520 0.108290561 -0.994118571 -104.692810059 -0.089986607 0.990073681 0.107965417 -14.748338699 0.995942116 0.089595057 0.008481842 131.879196167
-0.003507679 0.098734304 -0.995107770 -105.639793396 -0.091703683 0.990888834 0.098638982 -14.745053291 0.995780170 0.091601022 0.005578580 131.917022705
-0.004192290 0.100442350 -0.994934022 -106.590980530 -0.099168114 0.989996552 0.100361757 -14.749060631 0.995061815 0.099086478 0.005810325 131.943176270
-0.004585580 0.109403335 -0.993986845 -107.568832397 -0.102191105 0.988742173 0.109297529 -14.730484009 0.994754195 0.102077812 0.006646094 131.969787598
-0.006168540 0.120689452 -0.992671072 -108.531730652 -0.106013060 0.987016976 0.120660760 -14.717661858 0.994345605 0.105980419 0.006706206 131.998916626
-0.007835692 0.122624546 -0.992422223 -109.483795166 -0.113088943 0.985976934 0.122721061 -14.707615852 0.993553996 0.113193579 0.006141671 132.029174805
-0.007302721 0.119647898 -0.992789507 -110.472785950 -0.120545514 0.985470474 0.119652547 -14.689199448 0.992680967 0.120550111 0.007226401 132.043594360
-0.007545977 0.115564048 -0.993271351 -111.426971436 -0.128522649 0.984949231 0.115572199 -14.675029755 0.991677880 0.128529981 0.007420195 132.067596436
-0.005458651 0.117442884 -0.993064642 -112.393684387 -0.133190811 0.984145880 0.117120251 -14.655282021 0.991075337 0.132906377 0.010270204 132.091033936
-0.004211622 0.118759394 -0.992914140 -113.377769470 -0.141235158 0.982899070 0.118160613 -14.637621880 0.989967108 0.140732005 0.012633402 132.117095947
-0.003614424 0.121351972 -0.992602944 -114.341972351 -0.150428846 0.981248200 0.120511569 -14.619771957 0.988614202 0.149751678 0.014708190 132.136077881
-0.003635284 0.123895444 -0.992288589 -115.315681458 -0.155989051 0.980077922 0.122942306 -14.600979805 0.987752080 0.155233040 0.015763469 132.163208008
-0.003111382 0.122696377 -0.992439508 -116.298622131 -0.159906074 0.979612410 0.121611901 -14.583763123 0.987127304 0.159075454 0.016571950 132.203536987
-0.001582462 0.113319933 -0.993557334 -117.253471375 -0.158981621 0.980893433 0.112128779 -14.586344719 0.987280250 0.158134803 0.016463561 132.235427856
-0.000176437 0.101634838 -0.994821906 -118.205017090 -0.162022144 0.981674433 0.100320406 -14.577292442 0.986787081 0.161200896 0.016293889 132.271301270
