1.000000000 0.000000000 0.000000000 0.000000000 0.000000000 1.000000000 0.000000000 0.000000000 0.000000000 0.000000000 1.000000000 0.000000000
0.999997854 -0.001544377 -0.001360939 0.048872985 0.001541463 0.999996543 -0.002139194 -0.132524475 0.001364238 0.002137092 0.999996781 1.298506379
0.999997735 0.000059504 -0.002114548 0.104297526 -0.000072952 0.999979794 -0.006360073 -0.266979933 0.002114127 0.006360211 0.999977529 2.602975845
0.999996066 0.002454003 -0.001347097 0.147807062 -0.002464538 0.999965966 -0.007874778 -0.406136334 0.001327726 0.007878068 0.999968112 3.906654835
0.999983609 0.005714905 0.000199816 0.193001941 -0.005713470 0.999962211 -0.006561551 -0.544818819 -0.000237308 0.006560303 0.999978423 5.219484806
0.999975145 0.006626970 0.002457782 0.239564687 -0.006618933 0.999972701 -0.003263786 -0.691463888 -0.002479344 0.003247436 0.999991655 6.534556866
0.999960005 0.006836555 0.005764971 0.296545774 -0.006825197 0.999974728 -0.001987511 -0.828345895 -0.005778415 0.001948084 0.999981403 7.836954117
0.999943733 0.005426426 0.009117058 0.353035718 -0.005409940 0.999983668 -0.001831955 -0.961537778 -0.009126850 0.001782529 0.999956787 9.143573761
0.999913931 0.004078406 0.012472132 0.431206346 -0.004057494 0.999990225 -0.001701442 -1.098404288 -0.012478950 0.001650690 0.999920845 10.443774223
0.999871552 0.002732766 0.015794402 0.498055220 -0.002694526 0.999993324 -0.002441843 -1.234992623 -0.015800975 0.002398970 0.999872267 11.751044273
0.999815106 0.001850553 0.019141924 0.574525833 -0.001788442 0.999993026 -0.003261420 -1.371582866 -0.019147828 0.003226583 0.999811411 13.045515060
0.999748528 0.001702370 0.022359556 0.649662852 -0.001629478 0.999993265 -0.003277762 -1.517867804 -0.022364980 0.003240504 0.999744594 14.362358093
0.999663293 0.001585229 0.025898756 0.733554423 -0.001473256 0.999989510 -0.004341998 -1.655924082 -0.025905371 0.004302381 0.999655128 15.657721519
0.999581277 0.002455766 0.028831901 0.820048869 -0.002330594 0.999987721 -0.004374259 -1.792788863 -0.028842289 0.004305231 0.999574721 16.959871292
0.999486327 0.001966469 0.031989738 0.910510063 -0.001842626 0.999990702 -0.003900373 -1.932025671 -0.031997111 0.003839424 0.999480665 18.245977402
0.999412656 0.000479865 0.034265231 1.003865719 -0.000356724 0.999993443 -0.003599771 -2.076731205 -0.034266733 0.003585434 0.999406278 19.551887512
0.999355853 -0.002050137 0.035829354 1.099876165 0.002230350 0.999985039 -0.004990522 -2.215703249 -0.035818577 0.005067219 0.999345422 20.829652786
0.999311328 -0.001645832 0.037069615 1.198488235 0.001894954 0.999975801 -0.006686250 -2.358425379 -0.037057720 0.006751891 0.999290287 22.137969971
0.999266207 -0.001662095 0.038268641 1.283232450 0.002025509 0.999953210 -0.009459568 -2.502058268 -0.038251124 0.009530138 0.999222696 23.426784515
0.999223590 -0.001114713 0.039382987 1.383727312 0.001540637 0.999940634 -0.010786223 -2.645696163 -0.039368618 0.010838525 0.999165952 24.715015411
0.999176204 -0.000428902 0.040581312 1.483321190 0.000890356 0.999935091 -0.011353712 -2.792366266 -0.040573817 0.011380489 0.999111712 25.985187531
0.999161661 -0.002162928 0.040880822 1.583115578 0.002583747 0.999944210 -0.010243775 -2.940345049 -0.040856391 0.010340812 0.999111533 27.275262833
0.999155045 -0.005168316 0.040773403 1.687463045 0.005544051 0.999943137 -0.009107525 -3.086100578 -0.040724006 0.009325879 0.999126911 28.552268982
0.999178886 -0.006480716 0.039994579 1.782616258 0.006873486 0.999929428 -0.009690891 -3.230616331 -0.039928939 0.009957835 0.999152839 29.844453812
0.999197423 -0.008179627 0.039211426 1.887504339 0.008666644 0.999887228 -0.012266455 -3.375346661 -0.039106667 0.012596443 0.999155641 31.110544205
0.999225676 -0.008278851 0.038462590 1.993185520 0.008755144 0.999886870 -0.012231377 -3.528246164 -0.038356964 0.012558652 0.999185205 32.399177551
0.999249756 -0.009104234 0.037642628 2.096376419 0.009584904 0.999874592 -0.012608561 -3.670879602 -0.037523109 0.012959900 0.999211729 33.669528961
0.999255478 -0.009413934 0.037414595 2.184757710 0.009891880 0.999871552 -0.012609731 -3.817941904 -0.037291083 0.012970442 0.999220252 34.932731628
0.999273956 -0.009885498 0.036793817 2.278323174 0.010380819 0.999857664 -0.013295422 -3.959806204 -0.036657151 0.013667718 0.999234378 36.190132141
0.999310732 -0.010457330 0.035618242 2.393189669 0.010938941 0.999850988 -0.013353530 -4.119661808 -0.035473295 0.013733953 0.999276161 37.479938507
0.999307692 -0.010129789 0.035797607 2.480528355 0.010550894 0.999877095 -0.011594273 -4.264728546 -0.035675760 0.011963943 0.999291778 38.741233826
0.999269426 -0.010113706 0.036855131 2.584053993 0.010507791 0.999889493 -0.010514858 -4.405778885 -0.036744721 0.010894443 0.999265313 40.007099152
0.999197185 -0.011799455 0.038283948 2.697375298 0.012147368 0.999886811 -0.008867815 -4.547776699 -0.038174976 0.009325747 0.999227583 41.254283905
0.999084890 -0.012959649 0.040759202 2.791683674 0.013373009 0.999861658 -0.009885207 -4.695265293 -0.040625449 0.010421233 0.999120235 42.521923065
0.998961747 -0.014145834 0.043304417 2.886214018 0.014722206 0.999806821 -0.013019862 -4.844527721 -0.043111876 0.013643880 0.998977125 43.772552490
0.998861015 -0.015351232 0.045177151 2.992317677 0.016001489 0.999773026 -0.014067233 -4.991306305 -0.044950947 0.014774112 0.998879969 45.028011322
0.998726487 -0.015503386 0.048011467 3.112461567 0.016135318 0.999787927 -0.012802660 -5.125337124 -0.047802798 0.013561036 0.998764753 46.260711670
0.998530269 -0.016853062 0.051510442 3.218677759 0.017366456 0.999803722 -0.009535504 -5.280546188 -0.051339630 0.010416043 0.998626947 47.531032562
0.998244405 -0.019747324 0.055842098 3.323689461 0.020198395 0.999767721 -0.007524702 -5.419464588 -0.055680532 0.008639412 0.998411238 48.743354797
0.998009205 -0.021901160 0.059142362 3.460511684 0.022405177 0.999717951 -0.007872410 -5.560288906 -0.058953270 0.009181834 0.998218536 50.004795074
0.997738004 -0.025141340 0.062342849 3.602169752 0.025923528 0.999594629 -0.011769530 -5.693831921 -0.062021669 0.013359055 0.997985363 51.236270905
0.997435689 -0.026394274 0.066524029 3.730509281 0.027223544 0.999562204 -0.011590048 -5.833813190 -0.066188999 0.013371348 0.997717440 52.470188141
0.997062445 -0.028895812 0.070934497 3.853380919 0.029617976 0.999519467 -0.009149848 -5.971951008 -0.070636027 0.011223905 0.997439027 53.689083099
0.996786654 -0.031707574 0.073558711 4.013633728 0.032210987 0.999465048 -0.005667266 -6.107888222 -0.073339656 0.008018455 0.997274756 54.901943207
0.996569335 -0.034257427 0.075338505 4.170096397 0.034645990 0.999392211 -0.003856320 -6.239718914 -0.075160608 0.006453267 0.997150540 56.117378235
0.996349812 -0.037419584 0.076725408 4.319375515 0.037601739 0.999292374 -0.000930412 -6.360360622 -0.076636299 0.003812025 0.997051835 57.330757141
0.996207118 -0.040512450 0.077006795 4.473939419 0.040591337 0.999175727 0.000541165 -6.488399982 -0.076965243 0.002586697 0.997030437 58.532951355
0.996143341 -0.042494178 0.076762706 4.620026588 0.042823404 0.999079168 -0.002647127 -6.610743523 -0.076579541 0.005924159 0.997045815 59.740867615
0.996150017 -0.043688312 0.076003321 4.767998695 0.044330731 0.998993814 -0.006785202 -6.740049362 -0.075630419 0.010128362 0.997084439 60.927181244
0.996175110 -0.044727504 0.075063720 4.899699688 0.045679927 0.998895347 -0.011018802 -6.865365982 -0.074487939 0.014405563 0.997117877 62.131610870
0.996222317 -0.046319231 0.073453747 5.049965858 0.047428317 0.998784423 -0.013426512 -6.997277260 -0.072742537 0.016859580 0.997208297 63.325302124
0.996349514 -0.046772737 0.071415737 5.178534031 0.047855847 0.998762667 -0.013530397 -7.133717537 -0.070694499 0.016898664 0.997354925 64.496856689
0.996578097 -0.046357855 0.068432704 5.319843292 0.047364954 0.998790860 -0.013167424 -7.270099163 -0.067739531 0.016363679 0.997568846 65.723625183
0.996797025 -0.045449734 0.065803416 5.437106133 0.046287544 0.998864710 -0.011263201 -7.401108742 -0.065216787 0.014273003 0.997768998 66.903808594
0.997234404 -0.041768175 0.061473295 5.567577362 0.042303324 0.999077141 -0.007429142 -7.534184456 -0.061106265 0.010009122 0.998081088 68.091003418
0.997524381 -0.039816305 0.057963237 5.687174797 0.040191852 0.999177754 -0.005327294 -7.659358025 -0.057703465 0.007643755 0.998304486 69.272293091
0.997717977 -0.038711958 0.055318106 5.788888931 0.039233938 0.999194920 -0.008381020 -7.795155525 -0.054949120 0.010532243 0.998433650 70.438789368
0.997913063 -0.038694181 0.051696744 5.907362938 0.039538484 0.999099195 -0.015409927 -7.926796913 -0.051053911 0.017421778 0.998543859 71.623779297
0.997907281 -0.042818181 0.048453819 6.013498306 0.043753341 0.998872757 -0.018406397 -8.062281609 -0.047611069 0.020487893 0.998655736 72.794303894
0.997961879 -0.046309676 0.043903880 6.126097679 0.046951838 0.998803079 -0.013709530 -8.196907043 -0.043216441 0.015742954 0.998941600 73.963172913
0.997963071 -0.050088510 0.039511617 6.232586861 0.050476961 0.998685598 -0.008895142 -8.323401451 -0.039014142 0.010871449 0.999179363 75.119857788
0.998022437 -0.052127123 0.035128620 6.325780869 0.052370310 0.998609424 -0.006037974 -8.449993134 -0.034765020 0.007865730 0.999364555 76.308227539
0.998189628 -0.051443461 0.031159716 6.413059235 0.051577751 0.998662829 -0.003520887 -8.576317787 -0.030936919 0.005121662 0.999508202 77.466468811
0.998321772 -0.051004786 0.027428310 6.503697395 0.051129866 0.998684466 -0.003877984 -8.689400673 -0.027194431 0.005273881 0.999616206 78.620971680
0.998471439 -0.049577437 0.024430631 6.568549156 0.049722005 0.998748779 -0.005345613 -8.826582909 -0.024135038 0.006552181 0.999687254 79.787185669
0.998656034 -0.047314059 0.021155611 6.644593239 0.047541603 0.998815298 -0.010385206 -8.954929352 -0.020639185 0.011377020 0.999722183 80.931739807
0.998570800 -0.050649032 0.017060062 6.732006073 0.050908059 0.998589098 -0.015107676 -9.093679428 -0.016270805 0.015954576 0.999740243 82.092247009
0.998443902 -0.053806711 0.014648829 6.790215969 0.054037467 0.998413265 -0.015840638 -9.226245880 -0.013773255 0.016607571 0.999767244 83.222854614
0.998493135 -0.053768974 0.010970538 6.854021072 0.053906143 0.998466432 -0.012615974 -9.357975960 -0.010275365 0.013188344 0.999860168 84.369865417
0.998492360 -0.054235831 0.008463647 6.913742542 0.054321490 0.998470962 -0.010240564 -9.483954430 -0.007895299 0.010684883 0.999911726 85.503303528
0.998625875 -0.051858529 0.007549968 6.969135284 0.051947113 0.998577118 -0.012051613 -9.612151146 -0.006914245 0.012427253 0.999898851 86.645202637
0.998821676 -0.048046820 0.006836194 7.020854473 0.048144508 0.998728871 -0.014925426 -9.745707512 -0.006110385 0.015236964 0.999865234 87.772186279
0.998882473 -0.046940789 0.005508858 7.075766563 0.047029905 0.998742700 -0.017349493 -9.877514839 -0.004687533 0.017589185 0.999834299 88.889472961
0.998824656 -0.048197635 0.005130811 7.118493080 0.048282176 0.998673797 -0.017875392 -10.011587143 -0.004262454 0.018102109 0.999827087 90.022178650
0.998824358 -0.048310567 0.003983137 7.175391197 0.048367970 0.998703659 -0.015860375 -10.142348289 -0.003211749 0.016034381 0.999866307 91.126487732
0.998733461 -0.050237946 0.002736274 7.235898018 0.050269261 0.998652101 -0.012929117 -10.269876480 -0.002083052 0.013050288 0.999912679 92.236854553
0.998746753 -0.049968343 0.002851707 7.286097527 0.049999755 0.998673737 -0.012283510 -10.397284508 -0.002234138 0.012410700 0.999920487 93.372924805
0.998734534 -0.050223883 0.002595158 7.330279350 0.050256934 0.998626590 -0.014805911 -10.527937889 -0.001847983 0.014917601 0.999886990 94.516906738
0.998736918 -0.050197430 0.002145846 7.386541367 0.050228428 0.998569012 -0.018355640 -10.656420708 -0.001221369 0.018440235 0.999829233 95.616661072
0.998685896 -0.051230013 0.001389100 7.446371555 0.051247388 0.998494625 -0.019547872 -10.788356781 -0.000385571 0.019593371 0.999807894 96.720825195
0.998680890 -0.051303465 0.002111767 7.491287708 0.051333528 0.998514771 -0.018250968 -10.922504425 -0.001172293 0.018335300 0.999831140 97.796318054
0.998691797 -0.051070731 0.002544663 7.543765545 0.051098596 0.998615921 -0.012452642 -11.045835495 -0.001905175 0.012566378 0.999919116 98.885681152
0.998788416 -0.049045771 0.004028515 7.592569351 0.049082443 0.998748899 -0.009571019 -11.164619446 -0.003554058 0.009757152 0.999946058 99.961761475
0.998861969 -0.047307085 0.006062846 7.646968842 0.047364008 0.998831451 -0.009617354 -11.278852463 -0.005600792 0.009893570 0.999935329 101.011695862
0.998922229 -0.045768622 0.007724416 7.703694820 0.045853019 0.998886228 -0.011125956 -11.406648636 -0.007206593 0.011468153 0.999908268 102.058601379
0.998890638 -0.046018764 0.009991207 7.759758472 0.046154227 0.998839259 -0.013779839 -11.522763252 -0.009345479 0.014225686 0.999855161 103.072219849
0.998803020 -0.047511298 0.011633171 7.829303265 0.047674514 0.998762250 -0.014179381 -11.643785477 -0.010945090 0.014717011 0.999831736 104.085304260
0.998699903 -0.049130019 0.013588567 7.889853001 0.049313571 0.998691797 -0.013519779 -11.766494751 -0.012906563 0.014172305 0.999816179 105.086044312
0.998680174 -0.049065288 0.015190566 7.954889774 0.049249023 0.998714924 -0.011966906 -11.881301880 -0.014583885 0.012699232 0.999812961 106.046409607
0.998615801 -0.049887594 0.016662972 8.012949944 0.050068222 0.998689532 -0.010604012 -11.991328239 -0.016112125 0.011423619 0.999805033 107.002906799
0.998544455 -0.050703425 0.018385299 8.074518204 0.050915111 0.998639762 -0.011234196 -12.096170425 -0.017790681 0.012153935 0.999767840 107.921875000
0.998534143 -0.050164834 0.020329595 8.132149696 0.050361916 0.998687744 -0.009300602 -12.198443413 -0.019836355 0.010310803 0.999750078 108.823905945
0.998534918 -0.049344469 0.022208851 8.191633224 0.049512915 0.998748362 -0.007099264 -12.296789169 -0.021830741 0.008188490 0.999728143 109.694969177
0.998500228 -0.049476422 0.023435790 8.254018784 0.049578149 0.998763084 -0.003779524 -12.400151253 -0.023219803 0.004935760 0.999718189 110.548667908
0.998453975 -0.049587391 0.025116144 8.313832283 0.049693577 0.998757899 -0.003620760 -12.492544174 -0.024905406 0.004863272 0.999677896 111.374534607
0.998479068 -0.048498154 0.026219686 8.368551254 0.048593603 0.998814046 -0.003015279 -12.581069946 -0.026042357 0.004284802 0.999651670 112.189506531
0.998577416 -0.046163950 0.026683930 8.422178268 0.046253350 0.998926044 -0.002742476 -12.661302567 -0.026528673 0.003972795 0.999640167 112.971542358
0.998713136 -0.043649338 0.025823262 8.471092224 0.043657739 0.999046504 0.000238776 -12.737444878 -0.025809063 0.000888917 0.999666512 113.724884033
0.998771846 -0.043866377 0.023030560 8.515379906 0.043845069 0.999037325 0.001429491 -12.826484680 -0.023071101 -0.000417959 0.999733746 114.476799011
0.998903155 -0.043786246 0.016585823 8.551994324 0.043766435 0.999040604 0.001555867 -12.900561333 -0.016638033 -0.000828258 0.999861240 115.174255371
0.999098659 -0.041978288 0.006305994 8.580058098 0.041977845 0.999118567 0.000201992 -12.973979950 -0.006308913 0.000062902 0.999980092 115.844879150
0.999192834 -0.039460044 -0.007525658 8.580845833 0.039442457 0.999218822 -0.002471237 -13.043505669 0.007617291 0.002172411 0.999968588 116.479728699
0.998929083 -0.037843835 -0.026616013 8.582977295 0.037727293 0.999276161 -0.004867411 -13.114854813 0.026780950 0.003858049 0.999633849 117.109382629
0.998134315 -0.036210515 -0.049160421 8.551872253 0.035905227 0.999330103 -0.007079206 -13.184823036 0.049383834 0.005300882 0.998765826 117.698265076
0.996446848 -0.034704458 -0.076742180 8.510195732 0.034112580 0.999377489 -0.009010415 -13.251114845 0.077007115 0.006360526 0.997010231 118.268135071
0.993502855 -0.032759108 -0.108990878 8.440120697 0.031773806 0.999437153 -0.010765126 -13.320091248 0.109282181 0.007232130 0.993984461 118.812881470
0.989137888 -0.028085291 -0.144282192 8.331630707 0.026596155 0.999571323 -0.012239772 -13.384932518 0.144564092 0.008269470 0.989460945 119.358734131
0.982911289 -0.021969300 -0.182764679 8.221668243 0.020168595 0.999728024 -0.011705732 -13.444072723 0.182972163 0.007819586 0.983087003 119.868629456
0.974373758 -0.016583709 -0.224322617 8.081502914 0.014767961 0.999843240 -0.009769826 -13.500243187 0.224449456 0.006206674 0.974465966 120.372863770
0.963055849 -0.011923194 -0.269037664 7.908994675 0.010159902 0.999916852 -0.007945540 -13.560534477 0.269110024 0.004918603 0.963096917 120.868087769
0.948865652 -0.005562987 -0.315630853 7.712680817 0.003046662 0.999959588 -0.008465229 -13.615713120 0.315665126 0.007070743 0.948844254 121.344268799
0.931401670 0.002152049 -0.363986492 7.487476349 -0.005918952 0.999939919 -0.009233865 -13.671741486 0.363944679 0.010754855 0.931358516 121.817276001
0.910408378 0.006571429 -0.413658381 7.228847504 -0.011769280 0.999880493 -0.010018431 -13.724725723 0.413543075 0.013989326 0.910376966 122.246467590
0.885333478 0.010855204 -0.464829743 6.962123871 -0.016794151 0.999821663 -0.008637905 -13.778163910 0.464653134 0.015453850 0.885357916 122.659805298
0.856303215 0.014121461 -0.516280115 6.681266785 -0.021583967 0.999731302 -0.008454236 -13.819560051 0.516022027 0.018382763 0.856378078 123.057418823
0.824789703 0.023815487 -0.564937830 6.349849701 -0.032241005 0.999467969 -0.004937239 -13.872104645 0.564519644 0.022286348 0.825118721 123.431579590
0.790824592 0.036414694 -0.610958576 5.997772217 -0.044982020 0.998986900 0.001317462 -13.910253525 0.610387623 0.026440270 0.791661441 123.789916992
0.754987240 0.045153342 -0.654183030 5.641769409 -0.056203224 0.998411119 0.004049139 -13.951049805 0.653326511 0.033710152 0.756325424 124.104606628
0.715147495 0.049213663 -0.697238803 5.273555756 -0.063355252 0.997976065 0.005458245 -14.000246048 0.696096361 0.040270291 0.716818094 124.402297974
0.672597468 0.050760567 -0.738265514 4.896617889 -0.065852091 0.997792304 0.008610100 -14.047595024 0.737072647 0.042825203 0.674455225 124.685729980
0.628834128 0.054350980 -0.775637388 4.490112305 -0.069133960 0.997511208 0.013849132 -14.082228661 0.774459898 0.044914093 0.631026685 124.954132080
0.583819270 0.063137919 -0.809424818 4.064361572 -0.080450773 0.996563733 0.019708123 -14.114372253 0.807887673 0.053612869 0.586892724 125.184211731
0.538201809 0.072007842 -0.839734375 3.621639252 -0.091905899 0.995416224 0.026453443 -14.139363289 0.837790072 0.062939256 0.542352736 125.394851685
0.491427779 0.076957352 -0.867511570 3.167312622 -0.097520985 0.994686365 0.032995418 -14.164182663 0.865441144 0.068385713 0.496321529 125.597564697
0.443908542 0.078189194 -0.892654300 2.704654694 -0.096774608 0.994542360 0.038988657 -14.188883781 0.890831053 0.069078870 0.449052572 125.779708862
0.397044331 0.079589620 -0.914342105 2.227195740 -0.093993172 0.994520962 0.045753229 -14.208098412 0.912973762 0.067775838 0.402349800 125.952140808
0.351078302 0.083058611 -0.932654977 1.732383728 -0.095907822 0.994008958 0.052420083 -14.235165596 0.931421280 0.071045369 0.356940836 126.100616455
0.307770163 0.086350806 -0.947534263 1.232849121 -0.101523608 0.993168116 0.057533465 -14.253576279 0.946028829 0.078490019 0.314434111 126.212936401
0.266154438 0.087708160 -0.959931791 0.711429596 -0.106209978 0.992456615 0.061231725 -14.268596649 0.958061159 0.085657232 0.273462206 126.316116333
0.226643443 0.084537528 -0.970302045 0.183345795 -0.106229849 0.992428422 0.061652090 -14.286734581 0.968167305 0.089102000 0.233907759 126.419998169
0.191256478 0.079061270 -0.978350818 -0.348413467 -0.101613507 0.992989898 0.060379978 -14.305295944 0.976266205 0.087865591 0.197949454 126.517265320
0.160790011 0.073738493 -0.984230340 -0.896152496 -0.098913863 0.993388772 0.058265466 -14.324121475 0.982019603 0.087985501 0.167020828 126.597816467
0.134525567 0.072169960 -0.988278508 -1.463983536 -0.099898465 0.993250728 0.058934782 -14.343356133 0.985861659 0.090799265 0.140827313 126.663597107
0.112583593 0.071496740 -0.991066754 -2.059954643 -0.100439489 0.993118167 0.060234964 -14.356039047 0.988552928 0.092760772 0.118989930 126.718872070
0.093679152 0.072838180 -0.992934465 -2.650622368 -0.102591589 0.992717385 0.063143179 -14.371208191 0.990302563 0.095951527 0.100469522 126.780342102
0.077644795 0.071112134 -0.994441688 -3.264197350 -0.103119887 0.992675960 0.062934384 -14.394843102 0.991633773 0.097660191 0.084409192 126.830711365
0.063409798 0.069991335 -0.995530248 -3.883967400 -0.101945721 0.992773771 0.063304164 -14.423525810 0.992766917 0.097475961 0.070086896 126.883834839
0.051248237 0.067746162 -0.996385515 -4.523353577 -0.097671434 0.993253648 0.062509574 -14.446169853 0.993898273 0.094114900 0.057519354 126.926315308
0.039093792 0.065169051 -0.997108161 -5.173721790 -0.095305584 0.993565023 0.061200816 -14.462157249 0.994680107 0.092637405 0.045053195 126.963241577
0.028769867 0.064121246 -0.997527242 -5.840276718 -0.094688877 0.993627667 0.061139636 -14.481941223 0.995091200 0.092695750 0.034658097 126.997840881
0.019148976 0.065670758 -0.997657597 -6.511307716 -0.098024085 0.993156552 0.063493006 -14.503957748 0.994999766 0.096578643 0.025455248 127.018692017
0.010504127 0.065632991 -0.997788548 -7.189404964 -0.100842066 0.992825985 0.064244956 -14.531748772 0.994847000 0.099944212 0.017047331 127.036788940
0.004155067 0.064869359 -0.997885108 -7.879502773 -0.102978148 0.992616236 0.064098060 -14.550634384 0.994674861 0.102494024 0.010804514 127.053359985
-0.000748590 0.065483585 -0.997853398 -8.578208923 -0.103806689 0.992457628 0.065207377 -14.565790176 0.994597197 0.103632674 0.006054691 127.067260742
-0.004576698 0.068144165 -0.997664988 -9.297850609 -0.105998449 0.992021620 0.068244971 -14.586305618 0.994355798 0.106063269 0.002682992 127.093475342
-0.005250040 0.072157644 -0.997379422 -10.032428741 -0.108619705 0.991450667 0.072300471 -14.611209869 0.994069576 0.108714625 0.002632586 127.094055176
-0.006485002 0.075148672 -0.997151256 -10.744224548 -0.110831559 0.990974545 0.075403988 -14.624381065 0.993817985 0.111004815 0.001902374 127.108085632
-0.007248635 0.080597930 -0.996720374 -11.482246399 -0.115472756 0.990011096 0.080895185 -14.630653381 0.993284166 0.115680411 0.002130638 127.118225098
-0.008317135 0.084415302 -0.996396005 -12.225773811 -0.118666641 0.989305913 0.084805176 -14.643079758 0.992899239 0.118944287 0.001789089 127.125106812
-0.009629041 0.084894523 -0.996343434 -12.971758842 -0.118832581 0.989231706 0.085437000 -14.661378860 0.992867529 0.119220741 0.000562882 127.143409729
-0.011037327 0.081811905 -0.996586680 -13.715935707 -0.116550885 0.989748895 0.082541376 -14.679174423 0.993123353 0.117064103 -0.001388934 127.163604736
-0.012548520 0.078056991 -0.996869922 -14.476749420 -0.120125063 0.989610493 0.079000667 -14.682266235 0.992679477 0.120740399 -0.003041546 127.175949097
-0.013898163 0.079750173 -0.996717989 -15.241821289 -0.125222564 0.988827705 0.080864921 -14.693541527 0.992031336 0.125935435 -0.003756369 127.179779053
-0.015222345 0.083358519 -0.996403337 -16.021692276 -0.122398347 0.988868892 0.084598117 -14.714838982 0.992364287 0.123245895 -0.004849959 127.192611694
-0.017410671 0.083390050 -0.996364832 -16.796005249 -0.121348269 0.988973200 0.084891871 -14.730515480 0.992457211 0.122385181 -0.007099449 127.209014893
-0.018125722 0.082957700 -0.996388257 -17.589069366 -0.124842241 0.988565207 0.084577426 -14.740689278 0.992010951 0.125924364 -0.007561835 127.204719543
-0.019433307 0.082219519 -0.996424735 -18.382652283 -0.128898054 0.988089979 0.084045678 -14.750041008 0.991467416 0.130070478 -0.008603916 127.222450256
-0.020653967 0.086442947 -0.996042728 -19.179487228 -0.130627289 0.987481773 0.088408686 -14.755039215 0.991216362 0.131936356 -0.009103609 127.231445312
-0.021365505 0.091399841 -0.995585024 -19.983430862 -0.130093589 0.987091541 0.093411945 -14.768255234 0.991271436 0.131515026 -0.009199173 127.245567322
-0.020492883 0.093710981 -0.995388508 -20.815444946 -0.130834833 0.986784637 0.095594555 -14.776153564 0.991192341 0.132190526 -0.007961405 127.259483337
-0.018534647 0.092891917 -0.995503664 -21.633655548 -0.130164400 0.986976802 0.094519719 -14.784945488 0.991319120 0.131331041 -0.006202047 127.269081116
-0.017297439 0.092370994 -0.995574355 -22.465473175 -0.130240902 0.987031519 0.093841210 -14.785165787 0.991331458 0.131287724 -0.005042641 127.280570984
-0.017350063 0.091744907 -0.995631397 -23.289838791 -0.128985956 0.987254977 0.093220785 -14.793457985 0.991494656 0.130039871 -0.005295133 127.305152893
-0.016436780 0.093392722 -0.995493650 -24.128915787 -0.129967257 0.986981630 0.094740078 -14.797055244 0.991382003 0.130938783 -0.004084804 127.322875977
-0.015912579 0.095830016 -0.995270491 -24.966648102 -0.131566778 0.986540914 0.097092979 -14.800638199 0.991179645 0.132489532 -0.003090368 127.340370178
-0.015957803 0.098321155 -0.995026767 -25.831447601 -0.134417117 0.985908985 0.099575944 -14.801502228 0.990796328 0.135337621 -0.002516895 127.355339050
-0.014292728 0.099428862 -0.994941950 -26.695560455 -0.136599615 0.985520422 0.100449614 -14.797801971 0.990523160 0.137344420 -0.000503832 127.366958618
-0.012280993 0.102414668 -0.994665980 -27.568939209 -0.143297181 0.984293103 0.103115916 -14.796064377 0.989603460 0.143799171 0.002587635 127.379264832
-0.010407197 0.106222220 -0.994287968 -28.444316864 -0.147938177 0.983235836 0.106589980 -14.790224075 0.988941848 0.148202434 0.005481598 127.399330139
-0.008291936 0.107976280 -0.994118869 -29.318874359 -0.150364503 0.982714713 0.107991800 -14.783896446 0.988595903 0.150375649 0.008087192 127.429893494
-0.004255120 0.109217212 -0.994008780 -30.219861984 -0.149661362 0.982752740 0.108621128 -14.787105560 0.988728166 0.149226874 0.012163865 127.448860168
-0.001535538 0.108981766 -0.994042516 -31.111646652 -0.152108952 0.982451260 0.107945934 -14.778341293 0.988362551 0.151368514 0.015068514 127.477539062
0.000875066 0.112927489 -0.993602812 -32.013694763 -0.152674705 0.981969833 0.111470886 -14.770738602 0.988276064 0.151600510 0.018100463 127.508834839
0.003420144 0.114922956 -0.993368506 -32.927150726 -0.151775256 0.981925547 0.113076575 -14.764137268 0.988409102 0.150382042 0.020800790 127.546958923
0.005158062 0.116140559 -0.993219316 -33.819252014 -0.152315468 0.981734455 0.114006564 -14.759368896 0.988318443 0.150694624 0.022753850 127.589309692
0.007813965 0.114108905 -0.993437529 -34.723518372 -0.153546944 0.981822848 0.111567073 -14.750057220 0.988110483 0.151667535 0.025193000 127.619995117
0.008000857 0.115424804 -0.993283987 -35.632106781 -0.157945916 0.980992496 0.112724237 -14.740612030 0.987415314 0.155983239 0.026079664 127.663520813
0.009150915 0.116168238 -0.993187428 -36.526535034 -0.158876970 0.980781198 0.113253310 -14.735691071 0.987255991 0.156758204 0.027431499 127.700134277
0.009304296 0.112578578 -0.993599355 -37.420997620 -0.159105316 0.981150448 0.109678179 -14.731832504 0.987217844 0.157066435 0.027040761 127.737991333
0.010251203 0.108398169 -0.994054675 -38.327442169 -0.160292834 0.981429398 0.105368391 -14.732584953 0.987016380 0.158259675 0.027436273 127.782974243
0.010849581 0.107652314 -0.994129360 -39.224468231 -0.160046220 0.981557786 0.104544260 -14.726750374 0.987049818 0.157972410 0.027878836 127.824897766
0.010477358 0.111694679 -0.993687272 -40.123062134 -0.162437230 0.980732501 0.108525775 -14.720622063 0.986663222 0.160274744 0.028418858 127.869026184
0.010871199 0.117821522 -0.992975295 -41.061847687 -0.162941620 0.979969919 0.114494473 -14.707456589 0.986575842 0.160552278 0.029851478 127.907051086
0.011218644 0.116562225 -0.993120015 -41.957275391 -0.160748094 0.980475247 0.113262236 -14.706727982 0.986931682 0.158371523 0.029736755 127.951835632
0.012119207 0.106321461 -0.994257987 -42.851982117 -0.159965813 0.981730819 0.103032023 -14.713424683 0.987048149 0.157798603 0.028905595 127.994750977
0.012315214 0.095737018 -0.995330572 -43.772190094 -0.161582276 0.982514143 0.092505030 -14.716756821 0.986782372 0.159688547 0.027569281 128.037780762
0.011318890 0.092640236 -0.995635211 -44.673885345 -0.158437327 0.983287096 0.089690052 -14.723585129 0.987304151 0.156730607 0.025807386 128.083557129
0.011114098 0.102571279 -0.994663537 -45.595954895 -0.151026145 0.983485997 0.099731117 -14.725534439 0.988467216 0.149111792 0.026421506 128.134002686
0.011038275 0.115887277 -0.993201017 -46.546722412 -0.146026701 0.982799888 0.113050751 -14.722177505 0.989219069 0.143785939 0.027771050 128.197326660
0.011235928 0.125158116 -0.992073178 -47.467849731 -0.146123454 0.981690764 0.122193359 -14.713840485 0.989202559 0.143592194 0.029318744 128.243896484
0.011174434 0.119158782 -0.992812335 -48.384155273 -0.146478862 0.982358754 0.116255462 -14.708333969 0.989150643 0.144126907 0.028431548 128.284301758
0.011137077 0.105683781 -0.994337559 -49.314411163 -0.146216333 0.983882666 0.102934889 -14.706129074 0.989189863 0.144242004 0.026410278 128.327499390
0.011760514 0.096885748 -0.995226026 -50.230133057 -0.146667928 0.984697282 0.094127581 -14.705640793 0.989115775 0.144860774 0.025790576 128.371429443
0.012364282 0.096796937 -0.995227337 -51.168399811 -0.145477623 0.984887540 0.093983896 -14.709543228 0.989284277 0.143621296 0.026259210 128.414169312
0.011955427 0.098119654 -0.995102823 -52.124427795 -0.149029166 0.984233797 0.095257461 -14.722452164 0.988760471 0.147160500 0.026389629 128.450790405
0.012718070 0.097703680 -0.995134294 -53.054103851 -0.153555617 0.983600497 0.094608784 -14.724268913 0.988058150 0.151605234 0.027512448 128.483291626
0.013021551 0.097297266 -0.995170176 -53.991962433 -0.155193210 0.983390749 0.094114929 -14.728017807 0.987798333 0.153218135 0.027905148 128.527786255
0.013783012 0.104514509 -0.994427919 -54.946750641 -0.163883030 0.981309652 0.100864328 -14.725720406 0.986383498 0.161579654 0.030653559 128.569320679
0.015634023 0.113984711 -0.993359506 -55.897769928 -0.170200020 0.979285300 0.109691061 -14.716506004 0.985285521 0.167354882 0.034710370 128.601150513
0.016970614 0.122216187 -0.992358446 -56.842216492 -0.170543104 0.978311002 0.117569648 -14.708749771 0.985204041 0.167244628 0.037445668 128.647232056
0.017850969 0.123180456 -0.992223740 -57.783760071 -0.172033027 0.977960229 0.118314698 -14.702314377 0.984929383 0.168583229 0.038648643 128.693237305
0.019326370 0.113538913 -0.993345499 -58.720779419 -0.173627198 0.978816271 0.108500168 -14.696511269 0.984621763 0.170374915 0.038630407 128.744857788
0.019917261 0.108577296 -0.993888438 -59.694984436 -0.171796650 0.979671717 0.103581429 -14.699636459 0.984931052 0.168683633 0.038165595 128.814895630
0.022161679 0.106981404 -0.994013906 -60.647834778 -0.170659125 0.980070174 0.101675816 -14.694923401 0.985080898 0.167384267 0.039977349 128.868835449
0.025851350 0.112808183 -0.993280470 -61.609687805 -0.171948940 0.979305267 0.106745839 -14.688546181 0.984766603 0.168033957 0.044713616 128.922576904
0.029369906 0.115270555 -0.992899776 -62.592224121 -0.174758896 0.978621125 0.108443506 -14.697705269 0.984173059 0.170333073 0.048886567 128.974288940
0.032884102 0.110053018 -0.993381560 -63.535530090 -0.174371630 0.979307234 0.102721535 -14.694405556 0.984130681 0.169839665 0.051393766 129.049865723
0.036109105 0.104448222 -0.993874550 -64.485710144 -0.174315512 0.979935169 0.096650116 -14.701045990 0.984027565 0.169757843 0.053591520 129.118072510
0.039690990 0.104291901 -0.993754387 -65.447509766 -0.171741635 0.980449915 0.096036181 -14.703895569 0.984342098 0.166857243 0.056826282 129.188278198
0.042222507 0.108332328 -0.993217647 -66.414657593 -0.169413328 0.980484962 0.099741645 -14.708656311 0.984640241 0.164052978 0.059751466 129.266021729
0.045448501 0.115195215 -0.992302597 -67.388664246 -0.168981194 0.979900956 0.106016032 -14.711016655 0.984570861 0.162862197 0.064000860 129.354446411
0.049099438 0.118969440 -0.991683185 -68.344833374 -0.166829839 0.979909241 0.109296992 -14.709297180 0.984762430 0.160075903 0.067960642 129.429214478
0.050932035 0.120646343 -0.991388083 -69.308609009 -0.166318491 0.979839027 0.110696346 -14.710162163 0.984755874 0.159248203 0.069970928 129.514984131
0.052736845 0.118061662 -0.991604865 -70.264862061 -0.164464086 0.980454147 0.107987270 -14.707964897 0.984972298 0.157388493 0.071122967 129.601257324
0.052500945 0.115984544 -0.991862535 -71.219444275 -0.161921680 0.981077492 0.106152602 -14.708363533 0.985406041 0.155030966 0.070287906 129.703002930
0.052809909 0.112336725 -0.992265880 -72.161056519 -0.158793852 0.981954038 0.102718040 -14.716267586 0.985898376 0.152141169 0.069695279 129.795394897
0.052882366 0.112897195 -0.992198467 -73.131195068 -0.157874137 0.982038379 0.103326745 -14.718254089 0.986042202 0.151178315 0.069756046 129.873382568
0.051008102 0.117104650 -0.991808832 -74.081138611 -0.154325888 0.982097208 0.108021110 -14.718968391 0.986702442 0.147551835 0.068167187 129.985443115
0.051402297 0.117894061 -0.991694868 -75.050956726 -0.148734719 0.982836962 0.109131657 -14.711375237 0.987540245 0.141889870 0.068055004 130.072418213
0.050434913 0.114180058 -0.992179036 -76.001052856 -0.145710960 0.983654559 0.105792217 -14.708989143 0.988040745 0.139235750 0.066247828 130.157562256
0.049138866 0.110915706 -0.992614269 -76.951179504 -0.147298396 0.983752847 0.102633566 -14.714206696 0.987870693 0.141167179 0.064678200 130.238281250
0.048082411 0.106544361 -0.993144691 -77.932174683 -0.143683121 0.984691441 0.098681182 -14.708211899 0.988454938 0.137953311 0.062654957 130.310684204
0.046841975 0.107383467 -0.993113577 -78.875892639 -0.144271106 0.984508038 0.099648170 -14.710034370 0.988428831 0.138609871 0.061608635 130.381210327
0.045654517 0.108805031 -0.993014097 -79.823989868 -0.144692987 0.984288156 0.101196557 -14.712048531 0.988422811 0.139062107 0.060680520 130.461959839
0.045144305 0.110430829 -0.992858052 -80.793296814 -0.147456691 0.983721197 0.102709852 -14.724408150 0.988037705 0.141766816 0.060693167 130.522644043
0.043434892 0.110226825 -0.992956877 -81.746902466 -0.147341996 0.983733296 0.102757752 -14.716185570 0.988131464 0.141840994 0.058969378 130.597564697
0.041429847 0.111120455 -0.992942989 -82.700981140 -0.147574991 0.983576834 0.103914820 -14.719422340 0.988182783 0.142228395 0.057148039 130.666534424
0.039209101 0.114101492 -0.992695034 -83.646034241 -0.147508085 0.983235478 0.107187986 -14.719572067 0.988283336 0.142227769 0.055382662 130.741714478
0.037432127 0.117525116 -0.992364168 -84.607826233 -0.148393333 0.982703626 0.110783599 -14.709065437 0.988219738 0.143113330 0.054224622 130.797363281
0.035252701 0.122109868 -0.991890371 -85.557830811 -0.149444327 0.981991589 0.115579888 -14.695709229 0.988141537 0.144157872 0.052866485 130.862457275
0.033348672 0.122431032 -0.991916597 -86.504203796 -0.149651557 0.981891453 0.116162293 -14.694849968 0.988176286 0.144567966 0.051066767 130.926116943
0.032067433 0.116537511 -0.992668450 -87.449188232 -0.149693087 0.982537031 0.110512368 -14.686879158 0.988212287 0.145051777 0.048952308 130.989761353
0.029922098 0.112150706 -0.993240535 -88.387886047 -0.154487714 0.982264221 0.106257260 -14.679780960 0.987541556 0.150264040 0.046717320 131.050354004
0.029778913 0.109513149 -0.993539155 -89.360404968 -0.152939573 0.982775152 0.103742689 -14.669190407 0.987786770 0.148862123 0.046014868 131.096191406
0.028801639 0.110829070 -0.993421972 -90.311874390 -0.148923844 0.983218312 0.105373070 -14.674829483 0.988429129 0.144909307 0.044823390 131.157684326
0.028047867 0.111829028 -0.993331492 -91.262817383 -0.145521715 0.983592749 0.106623672 -14.670201302 0.988957405 0.141560733 0.043861229 131.225875854
0.026901258 0.111993559 -0.993344724 -92.208518982 -0.140756547 0.984228432 0.107153885 -14.673456192 0.989678681 0.136937201 0.042240810 131.291931152
0.025745722 0.109030716 -0.993704915 -93.154815674 -0.136529237 0.985103667 0.104549661 -14.674684525 0.990301371 0.132978067 0.040248081 131.355758667
0.024817441 0.105977543 -0.994058728 -94.122665405 -0.130920425 0.986145616 0.101865388 -14.681814194 0.991082191 0.127614588 0.038348243 131.410980225
0.023810847 0.108532876 -0.993807614 -95.081230164 -0.128920466 0.986122370 0.104604736 -14.684829712 0.991369009 0.125631422 0.037472516 131.467651367
0.022289610 0.110935375 -0.993577600 -96.028274536 -0.128571242 0.985889971 0.107192710 -14.683771133 0.991449773 0.125356257 0.036238205 131.530273438
0.021200746 0.108482495 -0.993872225 -96.985961914 -0.124211527 0.986679494 0.105047785 -14.675883293 0.992029250 0.121223316 0.034393121 131.578536987
0.017621072 0.105569884 -0.994255662 -97.938171387 -0.121575840 0.987257659 0.102672167 -14.676887512 0.992425740 0.119068295 0.030231291 131.644439697
0.014657840 0.103195496 -0.994553030 -98.888412476 -0.120396674 0.987605214 0.100700162 -14.679410934 0.992617726 0.118264824 0.026900552 131.697738647
0.012511453 0.101605490 -0.994746029 -99.849395752 -0.114213727 0.988458216 0.099526703 -14.683778763 0.993377447 0.112368442 0.023971789 131.742507935
0.009553033 0.101979941 -0.994740605 -100.797065735 -0.108119503 0.989059210 0.100359172 -14.681979179 0.994092047 0.106592126 0.020474534 131.803848267
0.007010770 0.108746275 -0.994044840 -101.783386230 -0.097802676 0.989377856 0.107545927 -14.670949936 0.995181084 0.096466266 0.017571980 131.865264893
0.004469181 0.117197677 -0.993098438 -102.742988586 -0.089917265 0.989132702 0.116324998 -14.670011520 0.995939255 0.088776834 0.014958706 131.919296265
0.001045829 0.116176873 -0.993227959 -103.694931030 -0.085938074 0.989564478 0.115657859 -14.661327362 0.996299922 0.085235126 0.011018931 131.968673706
-0.000923713 0.106697075 -0.994291067 -104.657150269 -0.086985350 0.990514159 0.106372580 -14.665424347 0.996209145 0.086587012 0.008366130 131.994781494
-0.003138984 0.097230107 -0.995256960 -105.604705811 -0.088741213 0.991308212 0.097124189 -14.664299965 0.996049702 0.088625185 0.005516614 132.032440186
-0.003205012 0.098880231 -0.995094180 -106.564521790 -0.096247055 0.990448952 0.098728634 -14.667602539 0.995352328 0.096091315 0.006342528 132.047958374
-0.004088243 0.108096652 -0.994131923 -107.531929016 -0.099358775 0.989176989 0.107966475 -14.656471252 0.995043278 0.099217132 0.006696356 132.083496094
-0.005584029 0.119372599 -0.992833912 -108.495231628 -0.103287615 0.987470031 0.119308613 -14.644906998 0.994635820 0.103213660 0.006815651 132.112106323
-0.007265839 0.121142685 -0.992608547 -109.437339783 -0.110248566 0.986486256 0.121202499 -14.636271477 0.993877470 0.110314302 0.006188157 132.144912720
-0.006607877 0.118125364 -0.992976725 -110.426300049 -0.117581502 0.986018121 0.118080027 -14.618206024 0.993041277 0.117535934 0.007373872 132.158645630
-0.006899904 0.114119396 -0.993443191 -111.380493164 -0.125732005 0.985483408 0.114078321 -14.606328964 0.992040217 0.125694737 0.007548720 132.183197021
-0.004840505 0.116230629 -0.993210554 -112.347518921 -0.130217895 0.984691739 0.115868360 -14.589228630 0.991473675 0.129894644 0.010368904 132.207916260
-0.003089065 0.117565066 -0.993060350 -113.331588745 -0.138257861 0.983477831 0.116860658 -14.573493004 0.990391374 0.137659371 0.013216264 132.228622437
-0.002541272 0.120242603 -0.992741287 -114.295471191 -0.147491291 0.981842041 0.119300023 -14.557380676 0.989060044 0.146723866 0.015239609 132.248992920
-0.002265985 0.122683242 -0.992443264 -115.270835876 -0.153194010 0.980688512 0.121579923 -14.538469315 0.988193512 0.152311891 0.016572114 132.275070190
-0.002027160 0.121993460 -0.992528856 -116.245323181 -0.156730577 0.980225742 0.120801397 -14.529539108 0.987639308 0.155804485 0.017133029 132.313705444
-0.000440225 0.112726912 -0.993625998 -117.200721741 -0.155806154 0.981483698 0.111418419 -14.533363342 0.987787545 0.154862106 0.017131472 132.345718384
0.000965222 0.100897819 -0.994896293 -118.152046204 -0.158812374 0.982285917 0.099464834 -14.524115562 0.987308264 0.157905877 0.016971940 132.382598877
