1.000000000 0.000000000 0.000000000 0.000000000 0.000000000 1.000000000 0.000000000 0.000000000 0.000000000 0.000000000 1.000000000 0.000000000
0.999997675 -0.001676209 -0.001336915 0.048783928 0.001673261 0.999996185 -0.002203530 -0.132473543 0.001340604 0.002201288 0.999996662 1.298378825
0.999997377 -0.000010546 -0.002257933 0.107090734 -0.000003679 0.999980152 -0.006299971 -0.269514769 0.002257955 0.006299963 0.999977529 2.606393099
0.999995828 0.002452389 -0.001517288 0.152314723 -0.002464073 0.999966979 -0.007747066 -0.408609062 0.001498239 0.007750774 0.999968767 3.910458088
0.999983490 0.005749335 0.000025319 0.196538642 -0.005749055 0.999962986 -0.006411002 -0.548141420 -0.000062177 0.006410750 0.999979436 5.224608898
0.999975085 0.006649494 0.002371156 0.242581874 -0.006641829 0.999972761 -0.003226211 -0.690457106 -0.002392544 0.003210382 0.999992013 6.541511536
0.999960244 0.006895354 0.005663761 0.298473954 -0.006885094 0.999974668 -0.001828902 -0.828215301 -0.005676229 0.001789834 0.999982297 7.845343590
0.999943852 0.005308911 0.009173887 0.352917433 -0.005293195 0.999984503 -0.001736545 -0.962240934 -0.009182964 0.001687888 0.999956429 9.150932312
0.999913037 0.004117112 0.012525598 0.430826873 -0.004096258 0.999990225 -0.001690143 -1.098523855 -0.012532431 0.001638688 0.999920130 10.450956345
0.999869764 0.002703675 0.015912101 0.495238602 -0.002665956 0.999993563 -0.002391223 -1.236179113 -0.015918467 0.002348491 0.999870479 11.758730888
0.999810815 0.001776904 0.019366337 0.571095943 -0.001714718 0.999993384 -0.003227141 -1.373055816 -0.019371942 0.003193324 0.999807239 13.052598000
0.999746084 0.001504467 0.022481538 0.643189192 -0.001430341 0.999993503 -0.003312932 -1.518785954 -0.022486374 0.003279935 0.999741793 14.375739098
0.999665022 0.001502149 0.025837012 0.728883505 -0.001388261 0.999989212 -0.004425343 -1.656012058 -0.025843382 0.004387992 0.999656439 15.670341492
0.999574006 0.002280808 0.029095363 0.808671892 -0.002156227 0.999988377 -0.004312485 -1.794453740 -0.029104859 0.004247913 0.999567330 16.970783234
0.999476850 0.001852144 0.032289799 0.899256647 -0.001727193 0.999990880 -0.003897123 -1.933811545 -0.032296721 0.003839313 0.999470949 18.256231308
0.999409795 0.000242169 0.034351371 0.999699473 -0.000117891 0.999993443 -0.003619848 -2.076192141 -0.034352027 0.003613662 0.999403179 19.553022385
0.999351323 -0.002223301 0.035944097 1.098006368 0.002397523 0.999985635 -0.004804651 -2.217355013 -0.035932899 0.004887711 0.999342263 20.827335358
0.999307454 -0.001906736 0.037161868 1.195128202 0.002156403 0.999975502 -0.006679454 -2.358278990 -0.037148215 0.006754965 0.999286950 22.134923935
0.999252856 -0.001899355 0.038601313 1.274706006 0.002264287 0.999953151 -0.009412352 -2.502417803 -0.038581628 0.009492725 0.999210298 23.425300598
0.999220431 -0.001361051 0.039455049 1.379992962 0.001789626 0.999939740 -0.010829069 -2.644042492 -0.039437927 0.010891235 0.999162614 24.707304001
0.999183059 -0.000613223 0.040409423 1.480493069 0.001072148 0.999935150 -0.011336189 -2.792977810 -0.040399849 0.011370252 0.999118865 25.976739883
0.999163568 -0.002358945 0.040824648 1.580864310 0.002779438 0.999943614 -0.010246302 -2.940572739 -0.040798180 0.010351200 0.999113798 27.268320084
0.999164522 -0.005422545 0.040507983 1.686979890 0.005804180 0.999939799 -0.009309581 -3.084136963 -0.040455062 0.009536916 0.999135911 28.545881271
0.999181390 -0.006864578 0.039867692 1.783043861 0.007249234 0.999928474 -0.009511764 -3.235271215 -0.039799552 0.009792989 0.999159634 29.836883545
0.999200046 -0.008451443 0.039087530 1.888113499 0.008927706 0.999887884 -0.012026058 -3.380438566 -0.038981508 0.012365399 0.999163389 31.101503372
0.999228776 -0.008727213 0.038284354 1.995663643 0.009200932 0.999883056 -0.012214999 -3.526818514 -0.038173273 0.012557829 0.999192178 32.383522034
0.999236465 -0.009222696 0.037966192 2.088022709 0.009710030 0.999872565 -0.012671699 -3.669028044 -0.037844487 0.013030675 0.999198675 33.651203156
0.999260843 -0.009912101 0.037141137 2.191223621 0.010392511 0.999864519 -0.012764074 -3.813593864 -0.037009586 0.013140630 0.999228537 34.919044495
0.999267042 -0.010428765 0.036831971 2.279010296 0.010928789 0.999850452 -0.013400626 -3.957018375 -0.036686704 0.013793334 0.999231696 36.177139282
0.999313533 -0.011084958 0.035349842 2.400057793 0.011567129 0.999842405 -0.013464767 -4.115401745 -0.035195015 0.013864419 0.999284267 37.465145111
0.999308705 -0.010630078 0.035625093 2.486499786 0.011055234 0.999869764 -0.011758501 -4.260597229 -0.035495453 0.012144216 0.999295950 38.731533051
0.999273777 -0.010731463 0.036562078 2.590196609 0.011123304 0.999882698 -0.010530637 -4.403126240 -0.036444783 0.010929680 0.999275863 39.991977692
0.999199986 -0.012452268 0.038003430 2.704911232 0.012802502 0.999877691 -0.008986439 -4.545166492 -0.037886880 0.009465788 0.999237180 41.242816925
0.999094963 -0.013643900 0.040288303 2.803983212 0.014061774 0.999850035 -0.010107005 -4.691122055 -0.040144362 0.010664381 0.999136984 42.499736786
0.998962462 -0.014848541 0.043052606 2.894701004 0.015425164 0.999795258 -0.013092276 -4.841453075 -0.042849384 0.013742786 0.998987019 43.751457214
0.998882234 -0.015973447 0.044487555 3.008949757 0.016633337 0.999756455 -0.014502703 -4.981001854 -0.044245061 0.015226468 0.998904645 44.999492645
0.998745918 -0.016050709 0.047422644 3.124921799 0.016695263 0.999773145 -0.013226983 -5.116275311 -0.047199588 0.014002129 0.998787224 46.233551025
0.998550057 -0.017336456 0.050961290 3.235650778 0.017855542 0.999793053 -0.009748397 -5.273147106 -0.050781731 0.010644206 0.998653054 47.498096466
0.998271525 -0.020336723 0.055137537 3.341757059 0.020790378 0.999754488 -0.007666592 -5.412934303 -0.054968081 0.008799672 0.998449326 48.709800720
0.998055995 -0.022423787 0.058150169 3.488480806 0.022931481 0.999704421 -0.008078101 -5.552551746 -0.057951830 0.009395867 0.998275161 49.973545074
0.997771382 -0.025671089 0.061590623 3.628768444 0.026456419 0.999578357 -0.011969262 -5.685377598 -0.061257385 0.013572054 0.998029709 51.204345703
0.997510314 -0.027475869 0.064948037 3.772174597 0.028308315 0.999527991 -0.011931466 -5.823532104 -0.064589575 0.013740327 0.997817338 52.427471161
0.997162580 -0.029980505 0.069049358 3.904272079 0.030707795 0.999483287 -0.009495352 -5.961134911 -0.068729021 0.011588765 0.997568011 53.643409729
0.996883869 -0.032655407 0.071804777 4.058009624 0.033186447 0.999429882 -0.006214692 -6.095677853 -0.071560904 0.008578273 0.997399330 54.859630585
0.996648669 -0.035170745 0.073853321 4.210917473 0.035601441 0.999355912 -0.004522994 -6.224488258 -0.073646687 0.007137121 0.997258842 56.069099426
0.996457815 -0.038399726 0.074815162 4.361886024 0.038615856 0.999253094 -0.001443884 -6.350619316 -0.074703842 0.004327821 0.997196317 57.289787292
0.996291339 -0.041275121 0.075497739 4.508296490 0.041372702 0.999143779 0.000271743 -6.480603218 -0.075444318 0.002852811 0.997145951 58.494201660
0.996240795 -0.043434456 0.074951656 4.656754017 0.043796994 0.999035358 -0.003199303 -6.601980209 -0.074740402 0.006469934 0.997181952 59.700489044
0.996239126 -0.044547223 0.074317321 4.801485062 0.045225579 0.998948872 -0.007469278 -6.731205463 -0.073906466 0.010802232 0.997206628 60.887985229
0.996257961 -0.046044812 0.073142946 4.934463501 0.047007777 0.998828351 -0.011498150 -6.858251572 -0.072527811 0.014893412 0.997255206 62.091716766
0.996318042 -0.047471892 0.071391568 5.083298206 0.048579466 0.998723209 -0.013857614 -6.991606712 -0.070642561 0.017274756 0.997352123 63.284660339
0.996419013 -0.047771767 0.069764331 5.207421780 0.048869200 0.998705506 -0.014108568 -7.125944138 -0.069000028 0.017467374 0.997463703 64.461326599
0.996652603 -0.047199767 0.066751048 5.341121674 0.048213840 0.998743594 -0.013662412 -7.260296822 -0.066022329 0.016835000 0.997676075 65.636375427
0.996889949 -0.046174191 0.063862383 5.456045151 0.047001455 0.998828590 -0.011511869 -7.402636051 -0.063256025 0.014477693 0.997892261 66.824897766
0.997274041 -0.042373598 0.060406990 5.572028160 0.042928759 0.999046624 -0.007921911 -7.533051968 -0.060013730 0.010493516 0.998142362 68.001457214
0.997532785 -0.040808212 0.057124086 5.688270092 0.041195732 0.999135256 -0.005622217 -7.657829285 -0.056845263 0.007961613 0.998351276 69.166854858
0.997779310 -0.039168712 0.053872250 5.802736759 0.039669652 0.999178708 -0.008260411 -7.808261395 -0.053504448 0.010379159 0.998513699 70.360824585
0.997955382 -0.039611511 0.050159503 5.912374496 0.040392920 0.999076247 -0.014661293 -7.939990997 -0.049532410 0.016657405 0.998633623 71.520561218
0.997999668 -0.043225855 0.046131883 6.020514488 0.044113301 0.998857200 -0.018395193 -8.071317673 -0.045284010 0.020393427 0.998766065 72.696861267
0.997999966 -0.047067918 0.042196713 6.135813713 0.047678236 0.998770475 -0.013575526 -8.206215858 -0.041505858 0.015560240 0.999017060 73.873382568
0.998006284 -0.050641734 0.037666820 6.241254807 0.051010061 0.998658538 -0.008882074 -8.330664635 -0.037166495 0.010785751 0.999250829 75.030342102
0.998023987 -0.053270645 0.033321809 6.331721306 0.053491786 0.998551548 -0.005779992 -8.462477684 -0.032965634 0.007551014 0.999427974 76.213722229
0.998197794 -0.052390613 0.029262181 6.417770386 0.052511275 0.998614669 -0.003370021 -8.587182045 -0.029045088 0.004900542 0.999566078 77.373199463
0.998333693 -0.051952865 0.025113162 6.511765957 0.052064627 0.998636365 -0.003816797 -8.697711945 -0.024880625 0.005117944 0.999677300 78.530975342
0.998460829 -0.050733477 0.022406979 6.575412750 0.050861575 0.998692274 -0.005184000 -8.834348679 -0.022114674 0.006315675 0.999735475 79.694465637
0.998641789 -0.048431948 0.019209413 6.648161888 0.048635039 0.998763978 -0.010249732 -8.963344574 -0.018689256 0.011170060 0.999762952 80.839080811
0.998551667 -0.051647484 0.015071608 6.733941078 0.051875539 0.998538554 -0.015153828 -9.102210045 -0.014266922 0.015913729 0.999771535 82.006721497
0.998397589 -0.055239711 0.012290490 6.786984444 0.055437781 0.998327315 -0.016404945 -9.228513718 -0.011363730 0.017060013 0.999789834 83.150634766
0.998415828 -0.055556234 0.008899976 6.848323822 0.055668309 0.998366177 -0.012883469 -9.358674049 -0.008169679 0.013358508 0.999877393 84.287834167
0.998418808 -0.055898279 0.005925111 6.914029598 0.055958219 0.998378098 -0.010486015 -9.487789154 -0.005329350 0.010800995 0.999927402 85.427101135
0.998560250 -0.053394351 0.005141122 6.954655647 0.053453695 0.998495877 -0.012195265 -9.617633820 -0.004482231 0.012452519 0.999912441 86.571403503
0.998752296 -0.049733959 0.004511245 7.006542206 0.049797285 0.998643398 -0.015221543 -9.746646881 -0.003748097 0.015427200 0.999873996 87.691612244
0.998829901 -0.048252013 0.003248436 7.068450451 0.048303213 0.998667836 -0.018153874 -9.873710632 -0.002368148 0.018289544 0.999829888 88.789619446
0.998781800 -0.049251243 0.003033117 7.105876923 0.049299143 0.998612046 -0.018535450 -10.015583992 -0.002116013 0.018662404 0.999823630 89.945465088
0.998725116 -0.050455481 0.001544479 7.157567501 0.050473601 0.998600721 -0.015782308 -10.146845818 -0.000746014 0.015840143 0.999874234 91.059745789
0.998674750 -0.051459834 0.000789847 7.204291821 0.051465765 0.998588383 -0.013125116 -10.278386116 -0.000113316 0.013148372 0.999913573 92.176315308
0.998687327 -0.051221564 0.000015726 7.267731190 0.051217828 0.998610616 -0.012390502 -10.404346466 0.000618957 0.012375043 0.999923170 93.317886353
0.998654902 -0.051848952 -0.000089101 7.313485622 0.051842194 0.998549640 -0.014520364 -10.532045364 0.000841837 0.014496214 0.999894500 94.426803589
0.998639345 -0.052141566 -0.000918285 7.375430584 0.052116018 0.998472869 -0.018327067 -10.661581993 0.001872484 0.018254275 0.999831557 95.532989502
0.998608053 -0.052740797 -0.000608227 7.415262222 0.052719276 0.998423040 -0.019289371 -10.799854279 0.001624605 0.019230459 0.999813735 96.638832092
0.998567462 -0.053497232 -0.001090325 7.472940922 0.053469639 0.998412907 -0.017684139 -10.930845261 0.002034647 0.017600507 0.999843061 97.722862244
0.998618960 -0.052539393 -0.000064646 7.513324738 0.052534465 0.998540461 -0.012532800 -11.052149773 0.000723017 0.012512097 0.999921441 98.804229736
0.998712540 -0.050713420 0.001243063 7.561600685 0.050722621 0.998671651 -0.009064854 -11.172924042 -0.000781702 0.009116236 0.999958098 99.869468689
0.998810887 -0.048643105 0.003259725 7.607938290 0.048671212 0.998772681 -0.009180068 -11.291258812 -0.002809177 0.009327807 0.999952555 100.936790466
0.998896301 -0.046645373 0.005490193 7.654550076 0.046704050 0.998847187 -0.011093559 -11.411268234 -0.004966401 0.011337728 0.999923408 101.971473694
0.998852313 -0.047217716 0.008026399 7.710129738 0.047320824 0.998792768 -0.013182949 -11.535687447 -0.007394239 0.013547636 0.999880850 102.993110657
0.998767674 -0.048551597 0.010300782 7.742279053 0.048695482 0.998712599 -0.014210291 -11.643936157 -0.009597588 0.014694380 0.999845982 103.982322693
0.998654246 -0.050371438 0.012340100 7.801525116 0.050535243 0.998633206 -0.013342404 -11.758741379 -0.011651156 0.013948059 0.999834776 104.964118958
0.998622179 -0.050546318 0.014098277 7.855418682 0.050714321 0.998643219 -0.011824036 -11.878452301 -0.013481486 0.012522729 0.999830723 105.944236755
0.998547733 -0.051842399 0.014651416 7.932580948 0.051995244 0.998594701 -0.010250716 -11.983807564 -0.014099404 0.010997634 0.999840081 106.864318848
0.998477578 -0.052429136 0.017138377 7.981839180 0.052617386 0.998557210 -0.010723889 -12.091165543 -0.016551405 0.011609338 0.999795616 107.781799316
0.998468041 -0.052190047 0.018379223 8.043102264 0.052361373 0.998587966 -0.008966955 -12.190628052 -0.017885281 0.009915579 0.999790907 108.679908752
0.998480439 -0.051304940 0.020119226 8.100879669 0.051453292 0.998651385 -0.006925980 -12.288043022 -0.019736752 0.007950652 0.999773622 109.549217224
0.998450637 -0.051383309 0.021356648 8.159204483 0.051469855 0.998668313 -0.003522735 -12.391251564 -0.021147195 0.004616500 0.999765694 110.398628235
0.998414099 -0.051438589 0.022880292 8.218553543 0.051534723 0.998664558 -0.003631463 -12.481466293 -0.022662941 0.004804833 0.999731600 111.223419189
0.998428226 -0.050552089 0.024197971 8.270055771 0.050634477 0.998713315 -0.002804153 -12.569626808 -0.024025079 0.004024997 0.999703169 112.028961182
0.998535991 -0.048272811 0.024404546 8.323421478 0.048349835 0.998827040 -0.002575508 -12.649833679 -0.024251595 0.003751693 0.999698877 112.808006287
0.998653650 -0.045979284 0.024013709 8.363448143 0.045975138 0.998942435 0.000724779 -12.730069160 -0.024021631 0.000380231 0.999711335 113.561676025
0.998733222 -0.045727309 0.020998860 8.408839226 0.045698110 0.998953462 0.001869018 -12.810565948 -0.021062352 -0.000907042 0.999777794 114.287559509
0.998838246 -0.045803342 0.014972204 8.438768387 0.045776993 0.998949468 0.002098038 -12.887477875 -0.015052568 -0.001410218 0.999885798 114.986106873
0.999001205 -0.044466369 0.004385203 8.468338013 0.044463862 0.999010742 0.000666942 -12.958241463 -0.004410522 -0.000471293 0.999990165 115.669189453
0.999080479 -0.041830704 -0.009400452 8.450602531 0.041814137 0.999123514 -0.001952923 -13.033498764 0.009473903 0.001558055 0.999953926 116.287979126
0.998790443 -0.040369052 -0.028070886 8.444768906 0.040261976 0.999179661 -0.004369560 -13.101609230 0.028224252 0.003234086 0.999596357 116.900909424
0.998006046 -0.038269326 -0.050193265 8.412587166 0.037975743 0.999255598 -0.006790090 -13.167356491 0.050415751 0.004870424 0.998716474 117.483818054
0.996275842 -0.036611829 -0.078064196 8.373967171 0.036048125 0.999312878 -0.008618434 -13.234597206 0.078326084 0.005772269 0.996911049 118.049720764
0.993312478 -0.034679517 -0.110125594 8.298280716 0.033709791 0.999374866 -0.010655896 -13.312364578 0.110426299 0.006872323 0.993860543 118.617988586
0.988892019 -0.030449452 -0.145483345 8.193998337 0.028964275 0.999504566 -0.012316332 -13.361534119 0.145786330 0.007965703 0.989284039 119.131141663
0.982701302 -0.024422430 -0.183580428 8.073133469 0.022640545 0.999674082 -0.011796331 -13.421929359 0.183808684 0.007435910 0.982933879 119.647750854
0.974017084 -0.019450992 -0.225637808 7.938280106 0.017687073 0.999795198 -0.009836560 -13.478812218 0.225782916 0.005590106 0.974161685 120.146179199
0.962726891 -0.014410624 -0.270091116 7.766046524 0.012679974 0.999886394 -0.008151446 -13.543572426 0.270177901 0.004422869 0.962800264 120.644790649
0.948361278 -0.008358962 -0.317082226 7.579292297 0.005872457 0.999944031 -0.008796728 -13.596686363 0.317138046 0.006480426 0.948357224 121.121719360
0.930961251 -0.000689326 -0.365117311 7.346267700 -0.003008928 0.999949694 -0.009559923 -13.655565262 0.365105569 0.009998532 0.930912435 121.584922791
0.909778118 0.004142914 -0.415074229 7.095928192 -0.009247211 0.999904215 -0.010288259 -13.708203316 0.414991915 0.013198312 0.909729362 122.017074585
0.884556353 0.008415415 -0.466357470 6.830539703 -0.014460324 0.999851406 -0.009385089 -13.758672714 0.466209233 0.015045320 0.884546578 122.429527283
0.855360508 0.011973388 -0.517894745 6.547946930 -0.019282021 0.999775946 -0.008732227 -13.806813240 0.517674267 0.017455263 0.855399728 122.830261230
0.823478460 0.021159928 -0.566952944 6.220745087 -0.029633204 0.999544382 -0.005735954 -13.856311798 0.566573203 0.021524066 0.823730290 123.209991455
0.789717853 0.034748361 -0.612485290 5.876304626 -0.043284785 0.999062419 0.000870246 -13.898362160 0.611941218 0.025824042 0.790481508 123.558441162
0.753674984 0.043346498 -0.655816376 5.520595551 -0.054101143 0.998528063 0.003824268 -13.945601463 0.655016840 0.032598164 0.754910767 123.872421265
0.714035392 0.047127943 -0.698521614 5.151710510 -0.061364241 0.998104811 0.004613140 -13.989229202 0.697415054 0.039570305 0.715574086 124.164916992
0.671104729 0.048640884 -0.739765048 4.777244568 -0.063729405 0.997936666 0.007801677 -14.037749290 0.738618195 0.041909050 0.672819912 124.453590393
0.627617419 0.052077662 -0.776778162 4.361000061 -0.067282356 0.997655392 0.012523494 -14.069186211 0.775609016 0.044403497 0.629649878 124.717544556
0.582643032 0.060999140 -0.810435832 3.937698364 -0.078232713 0.996758223 0.018779585 -14.108052254 0.808954120 0.052460801 0.585526347 124.945999146
0.537107110 0.070086442 -0.840597332 3.497886658 -0.090176828 0.995602131 0.025390973 -14.132719994 0.838679910 0.062164724 0.541065097 125.148788452
0.490265489 0.075230554 -0.868320286 3.047008514 -0.095567457 0.994900763 0.032238696 -14.161427498 0.866317749 0.067177624 0.494955063 125.345703125
0.443313718 0.076766051 -0.893073320 2.591720581 -0.094870508 0.994748235 0.038412832 -14.185935974 0.891331792 0.067697391 0.448268473 125.519271851
0.395528316 0.077775694 -0.915154815 2.103446960 -0.091817573 0.994764924 0.044858087 -14.208113670 0.913852811 0.066284657 0.400598794 125.706947327
0.349678814 0.080406159 -0.933412969 1.615756989 -0.093623169 0.994322062 0.050579537 -14.228229523 0.932179928 0.069702484 0.355221212 125.849739075
0.306130528 0.083583355 -0.948313236 1.113151550 -0.099538639 0.993488371 0.055432420 -14.244705200 0.946771502 0.077424251 0.312456846 125.962776184
0.264424622 0.085263848 -0.960629821 0.585680008 -0.103948839 0.992800891 0.059506163 -14.265872002 0.958787918 0.084121458 0.271384031 126.072341919
0.225330457 0.082259923 -0.970803678 0.050632477 -0.104331873 0.992736936 0.059902269 -14.285639763 0.968680084 0.087787934 0.232276157 126.164428711
0.190639272 0.077048406 -0.978631854 -0.483804703 -0.099326290 0.993312836 0.058855314 -14.304622650 0.976622283 0.085983723 0.197017327 126.254203796
0.159890264 0.072003774 -0.984505296 -1.032472610 -0.096924126 0.993662119 0.056932371 -14.327318192 0.982364953 0.086319372 0.165855795 126.334022522
0.133582935 0.070437081 -0.988531351 -1.602096558 -0.097955965 0.993525028 0.057555854 -14.346920013 0.986184716 0.089144051 0.139617696 126.400154114
0.111578174 0.069524646 -0.991320610 -2.185688972 -0.098827757 0.993380845 0.058545567 -14.361213684 0.988829255 0.091437578 0.117710583 126.460662842
0.092555061 0.071243346 -0.993155479 -2.773093224 -0.100851141 0.992978275 0.061832014 -14.381208420 0.990586936 0.094437994 0.099090137 126.525505066
0.076704815 0.069473557 -0.994630516 -3.382181168 -0.101749070 0.992906868 0.061506391 -14.404245377 0.991848588 0.096484870 0.083229609 126.570838928
0.062528789 0.068418443 -0.995695233 -4.001364231 -0.100229211 0.993034482 0.061941288 -14.433747292 0.992997646 0.095924638 0.068950757 126.621986389
0.050797626 0.065801375 -0.996538758 -4.638595104 -0.096161030 0.993513227 0.060699869 -14.455063820 0.994068623 0.092744790 0.056795649 126.659439087
0.038508236 0.063235782 -0.997255385 -5.292286396 -0.093909457 0.993807733 0.059390925 -14.474196434 0.994835734 0.091364659 0.044208225 126.698822021
0.027615536 0.061990485 -0.997694552 -5.969848156 -0.093122855 0.993894458 0.059176780 -14.491018295 0.995271564 0.091273971 0.033219665 126.736885071
0.017825156 0.063436881 -0.997826695 -6.640579224 -0.096496224 0.993435621 0.061433911 -14.513452530 0.995173693 0.095191427 0.023829570 126.757347107
0.009692514 0.063346893 -0.997944534 -7.316253662 -0.099429771 0.993106544 0.062074080 -14.540122986 0.994997382 0.098623745 0.015924269 126.769561768
0.002783439 0.062619396 -0.998033524 -8.017580986 -0.101423040 0.992908597 0.062014978 -14.563284874 0.994839430 0.101051010 0.009114751 126.794319153
-0.002372360 0.063600838 -0.997972548 -8.715261459 -0.102174878 0.992736995 0.063510060 -14.582427025 0.994763613 0.102118403 0.004143278 126.809738159
-0.005877094 0.065948457 -0.997805655 -9.437718391 -0.104682416 0.992299855 0.066201143 -14.602387428 0.994488299 0.104841784 0.001071805 126.830833435
-0.006339879 0.069951214 -0.997530282 -10.171942711 -0.106646173 0.991813779 0.070228137 -14.628290176 0.994276881 0.106828026 0.001172048 126.828292847
-0.007727624 0.072999202 -0.997302055 -10.884485245 -0.109117486 0.991314709 0.073406450 -14.641298294 0.993998826 0.109390333 0.000304982 126.846549988
-0.008254855 0.078457870 -0.996883273 -11.624806404 -0.113843143 0.990361869 0.078887291 -14.649430275 0.993464410 0.114139520 0.000756595 126.852737427
-0.009136932 0.082212970 -0.996572971 -12.371162415 -0.116289146 0.989764988 0.082717523 -14.660825729 0.993173361 0.116646387 0.000517061 126.857109070
-0.010866907 0.082718663 -0.996513605 -13.111079216 -0.116666660 0.989661336 0.083422109 -14.682978630 0.993111670 0.117166445 -0.001104049 126.880386353
-0.012492926 0.079702117 -0.996740401 -13.855239868 -0.114411160 0.990157604 0.080609754 -14.703011513 0.993354917 0.115045279 -0.003251154 126.900733948
-0.014109525 0.076131180 -0.996997952 -14.613458633 -0.118034959 0.989998758 0.077267148 -14.709365845 0.992909253 0.118770801 -0.004982273 126.914230347
-0.015330465 0.077747047 -0.996855199 -15.383938789 -0.122980013 0.989256144 0.079045653 -14.720556259 0.992290735 0.123805098 -0.005604424 126.914283752
-0.017164776 0.081392109 -0.996534348 -16.152061462 -0.120080315 0.989299417 0.082869522 -14.736988068 0.992615879 0.121086597 -0.007207511 126.930305481
-0.019264145 0.081492275 -0.996487737 -16.926542282 -0.119104758 0.989388347 0.083214223 -14.755933762 0.992694855 0.120289490 -0.009353603 126.943595886
-0.020304304 0.080382444 -0.996557295 -17.721899033 -0.121957265 0.989120007 0.082267374 -14.766468048 0.992327571 0.123207770 -0.010280168 126.942604065
-0.020618733 0.080190048 -0.996566355 -18.509376526 -0.126664609 0.988536835 0.082164593 -14.773792267 0.991731286 0.127923802 -0.010225134 126.938674927
-0.021510560 0.084641665 -0.996179283 -19.313640594 -0.128631011 0.987893939 0.086715229 -14.782307625 0.991459191 0.130004838 -0.010362611 126.940414429
-0.022400821 0.089108326 -0.995769978 -20.127664566 -0.127103075 0.987683833 0.091244027 -14.793096542 0.991636574 0.128609374 -0.010798981 126.955062866
-0.021795701 0.091548271 -0.995562017 -20.953636169 -0.129125908 0.987200260 0.093606263 -14.806438446 0.991388559 0.130593032 -0.009695470 126.971015930
-0.019975260 0.090114661 -0.995731115 -21.772262573 -0.128594011 0.987425864 0.091942765 -14.812059402 0.991496086 0.129881620 -0.008135884 126.981445312
-0.018603727 0.090118997 -0.995757222 -22.603132248 -0.128709182 0.987427056 0.091769762 -14.817272186 0.991507888 0.129870370 -0.006770682 126.989013672
-0.018665109 0.089493528 -0.995812476 -23.438144684 -0.127144426 0.987687528 0.091146469 -14.827980042 0.991708517 0.128313288 -0.007056691 127.013717651
-0.017826278 0.091419131 -0.995652914 -24.276750565 -0.128059521 0.987400830 0.092954226 -14.834579468 0.991606236 0.129159883 -0.005894589 127.030479431
-0.017515201 0.093563825 -0.995459199 -25.116138458 -0.129659742 0.986992419 0.095049404 -14.837958336 0.991403818 0.130735800 -0.005155907 127.049163818
-0.017271210 0.096075572 -0.995224178 -25.991724014 -0.132965550 0.986311078 0.097522609 -14.843729019 0.990970135 0.134014875 -0.004260045 127.060134888
-0.015648387 0.097194828 -0.995142281 -26.855508804 -0.135151759 0.985924780 0.098419771 -14.841912270 0.990701318 0.136035353 -0.002292080 127.070739746
-0.013966311 0.100472569 -0.994841814 -27.723194122 -0.142215505 0.984624386 0.101437211 -14.844350815 0.989737034 0.142898619 0.000537188 127.084907532
-0.011541397 0.104308605 -0.994477987 -28.605062485 -0.146883145 0.983578920 0.104870073 -14.841726303 0.989086628 0.147282407 0.003969298 127.097412109
-0.009471505 0.106135085 -0.994306564 -29.480049133 -0.149492860 0.983026206 0.106355011 -14.837216377 0.988717437 0.149649084 0.006555700 127.127090454
-0.005756882 0.107053906 -0.994236529 -30.375747681 -0.148405790 0.983151376 0.106719628 -14.840007782 0.988909900 0.148164853 0.010227536 127.149520874
-0.003214234 0.107291378 -0.994222343 -31.267066956 -0.151220277 0.982741773 0.106541328 -14.837097168 0.988494933 0.150689021 0.013065868 127.178672791
-0.000664260 0.110921711 -0.993828952 -32.168529510 -0.151652053 0.982323349 0.109738924 -14.828632355 0.988433719 0.150789082 0.016168986 127.207748413
0.001653248 0.113249645 -0.993565142 -33.086399078 -0.151143968 0.982180476 0.111700475 -14.825649261 0.988510311 0.149986729 0.018740788 127.244995117
0.003460247 0.114705689 -0.993393540 -33.979446411 -0.151908249 0.981930792 0.112852968 -14.823756218 0.988388479 0.150514171 0.020822462 127.284408569
0.005879739 0.112946719 -0.993583620 -34.882091522 -0.153267056 0.981962562 0.110718690 -14.818042755 0.988167346 0.151632652 0.023084693 127.315574646
0.005962963 0.114065826 -0.993455231 -35.788787842 -0.157496691 0.981180727 0.111711130 -14.810327530 0.987501502 0.155799821 0.023815734 127.358299255
0.007127232 0.114763647 -0.993367195 -36.683605194 -0.158319697 0.980992556 0.112198085 -14.806151390 0.987362206 0.156469986 0.025161108 127.393409729
0.007350557 0.111070588 -0.993785381 -37.579681396 -0.158699408 0.981346428 0.108506538 -14.802280426 0.987299562 0.156915531 0.024840282 127.427040100
0.008255702 0.107097521 -0.994214237 -38.486785889 -0.159930691 0.981590927 0.104409710 -14.805454254 0.987093747 0.158143401 0.025231907 127.469680786
0.008714954 0.106253751 -0.994300783 -39.382709503 -0.159538746 0.981749594 0.103514135 -14.800045967 0.987153292 0.157727391 0.025507489 127.510848999
0.008427536 0.110553533 -0.993834555 -40.283805847 -0.161824107 0.980919898 0.107744701 -14.798074722 0.986783683 0.159918368 0.026156966 127.552963257
0.009011532 0.116725907 -0.993123293 -41.215969086 -0.162653059 0.980108023 0.113720275 -14.784408569 0.986642182 0.160509706 0.027818101 127.582473755
0.009119594 0.115418255 -0.993275106 -42.110466003 -0.160522535 0.980603218 0.112471960 -14.784421921 0.986990094 0.158417314 0.027469931 127.627441406
0.010023152 0.105038688 -0.994417667 -43.001411438 -0.159646764 0.981879592 0.102105163 -14.791931152 0.987123370 0.157732114 0.026610615 127.669227600
0.010283479 0.094508886 -0.995470881 -43.932189941 -0.161120087 0.982672036 0.091629349 -14.795768738 0.986881256 0.159448072 0.025332561 127.706527710
0.009245117 0.091537729 -0.995758593 -44.831981659 -0.157745600 0.983466029 0.088943101 -14.804471970 0.987436593 0.156254247 0.023531931 127.752563477
0.009140966 0.101652168 -0.994777918 -45.754360199 -0.150544897 0.983620644 0.099128701 -14.808114052 0.988560915 0.148852631 0.024294458 127.799682617
0.009206764 0.114670694 -0.993360817 -46.692699432 -0.145540386 0.982978284 0.112123251 -14.803399086 0.989309490 0.143541828 0.025739262 127.856048584
0.009417091 0.123450331 -0.992306054 -47.613796234 -0.145837143 0.981909037 0.120772853 -14.793649673 0.989263773 0.143577754 0.027250370 127.900787354
0.009305532 0.117749780 -0.992999732 -48.531387329 -0.146287888 0.982518971 0.115136087 -14.791325569 0.989198267 0.144192442 0.026368227 127.938842773
0.009415670 0.104356818 -0.994495273 -49.454734802 -0.145620883 0.984080255 0.101885207 -14.788507462 0.989295661 0.143859997 0.024462305 127.980819702
0.009970221 0.095591918 -0.995370626 -50.369789124 -0.146167308 0.984867454 0.093119122 -14.789516449 0.989209652 0.144562230 0.023791758 128.022918701
0.010463327 0.095532678 -0.995371342 -51.301986694 -0.145221621 0.985017538 0.093012370 -14.796012878 0.989343882 0.143576190 0.024179967 128.064605713
0.009881955 0.097085811 -0.995226979 -52.240520477 -0.148386881 0.984398544 0.094556101 -14.814514160 0.988880038 0.146744192 0.024134044 128.106307983
0.010525987 0.096552469 -0.995272279 -53.168350220 -0.153100714 0.983747303 0.093815245 -14.817167282 0.988154531 0.151389390 0.025137162 128.137802124
0.011154261 0.095832661 -0.995334923 -54.108470917 -0.154677689 0.983581007 0.092967592 -14.818647385 0.987902045 0.152919099 0.025794297 128.176651001
0.011781935 0.103737757 -0.994534969 -55.060550690 -0.163254380 0.981457949 0.100439735 -14.825557709 0.986513674 0.161178783 0.028499119 128.211715698
0.013508408 0.112865120 -0.993518472 -56.034107208 -0.169752613 0.979444742 0.108958289 -14.811585426 0.985394120 0.167180493 0.032389890 128.255523682
0.014548899 0.120962657 -0.992550433 -56.979717255 -0.170027524 0.978497922 0.116757795 -14.803232193 0.985331893 0.167062208 0.034803044 128.301696777
0.015561837 0.121954888 -0.992413580 -57.919292450 -0.171696827 0.978116870 0.117505640 -14.798154831 0.985026956 0.168565691 0.036160558 128.344726562
0.016940128 0.112205632 -0.993540525 -58.871353149 -0.172897667 0.979042530 0.107620336 -14.794437408 0.984794021 0.169957727 0.035985198 128.393203735
0.018015437 0.107012257 -0.994094431 -59.805652618 -0.171313450 0.979882836 0.102377802 -14.788846970 0.985051870 0.168457359 0.035985656 128.448684692
0.020151675 0.105322473 -0.994233906 -60.775936127 -0.169893071 0.980333984 0.100406542 -14.787937164 0.985256374 0.166890085 0.037648927 128.501342773
0.023205267 0.111350507 -0.993510187 -61.741386414 -0.170883432 0.979594409 0.105799541 -14.785930634 0.985017955 0.167319342 0.041759703 128.566284180
0.027185099 0.113290921 -0.993189871 -62.701881409 -0.173982903 0.978929043 0.106902041 -14.783562660 0.984373331 0.169891924 0.046322968 128.616561890
0.030955153 0.108666994 -0.993596137 -63.650638580 -0.173351645 0.979591370 0.101734616 -14.789595604 0.984373450 0.169092298 0.049161002 128.680175781
0.033683259 0.102717713 -0.994140089 -64.611488342 -0.173269242 0.980242074 0.095411047 -14.796163559 0.984298289 0.169040158 0.050815571 128.749740601
0.037320182 0.102475516 -0.994035125 -65.561180115 -0.170720324 0.980758429 0.094697244 -14.799348831 0.984612525 0.166167870 0.054096736 128.818084717
0.039790154 0.106843427 -0.993479371 -66.515808105 -0.168220878 0.980791509 0.098741442 -14.809978485 0.984945953 0.163195029 0.056999139 128.899337769
0.042858925 0.113756575 -0.992583692 -67.493263245 -0.167238727 0.980295539 0.105127059 -14.814405441 0.984984398 0.161492825 0.061038923 128.980438232
0.046296973 0.117387615 -0.992006421 -68.448562622 -0.165095195 0.980313659 0.108298965 -14.813289642 0.985190392 0.158761546 0.064765692 129.055786133
0.047521435 0.118664831 -0.991796494 -69.412277222 -0.164517194 0.980288029 0.109405115 -14.812467575 0.985228777 0.157968476 0.066107094 129.146743774
0.049680419 0.115498707 -0.992064536 -70.368148804 -0.162736163 0.980953097 0.106055640 -14.805958748 0.985417962 0.156175882 0.067529991 129.224426270
0.050450616 0.114728607 -0.992114961 -71.327629089 -0.161022037 0.981318176 0.105291851 -14.814497948 0.985660493 0.154440284 0.067981943 129.304946899
0.050755437 0.111059688 -0.992516816 -72.268768311 -0.157996342 0.982175708 0.101822935 -14.822952271 0.986134291 0.151645973 0.067397803 129.394744873
0.050643053 0.111475535 -0.992475927 -73.238891602 -0.156859174 0.982305408 0.102329113 -14.824621201 0.986321568 0.150496691 0.067232907 129.473007202
0.049225133 0.115615219 -0.992073596 -74.181999207 -0.153411239 0.982366204 0.106871910 -14.824656487 0.986935616 0.146934479 0.066093795 129.577926636
0.049625520 0.117241107 -0.991862833 -75.153541565 -0.147817180 0.983012259 0.108799219 -14.825016022 0.987768829 0.141215146 0.066112734 129.657394409
0.048750490 0.113463141 -0.992345452 -76.102432251 -0.144780874 0.983836353 0.105377659 -14.822603226 0.988261998 0.138535440 0.064389810 129.739776611
0.047434378 0.109961897 -0.992803335 -77.052452087 -0.146496385 0.983940542 0.101980925 -14.825099945 0.988073289 0.140604690 0.062781624 129.819396973
0.046299048 0.105990656 -0.993288577 -78.032325745 -0.142624512 0.984869003 0.098444238 -14.823026657 0.988693357 0.137109429 0.060715359 129.890060425
0.045630649 0.107534043 -0.993153691 -78.986320496 -0.143613741 0.984567881 0.100006044 -14.832255363 0.988581300 0.138067216 0.060369838 129.941284180
0.044392787 0.108965404 -0.993053794 -79.936096191 -0.144132271 0.984332442 0.101565257 -14.834328651 0.988562167 0.138622329 0.059402693 130.021179199
0.043764453 0.109712437 -0.992999375 -80.903053284 -0.146636888 0.983892322 0.102243491 -14.840350151 0.988221884 0.141135737 0.059147388 130.083267212
0.041922458 0.109776393 -0.993071795 -81.852859497 -0.146697477 0.983849823 0.102564134 -14.833521843 0.988292575 0.141381383 0.057349321 130.156311035
0.040279754 0.110352919 -0.993075967 -82.806938171 -0.147005498 0.983721495 0.103350781 -14.834952354 0.988315165 0.141824648 0.055846542 130.221038818
0.038180478 0.113698289 -0.992781520 -83.754409790 -0.146857157 0.983356595 0.106971063 -14.837740898 0.988420546 0.141712859 0.054242425 130.293899536
0.036611561 0.117198333 -0.992433429 -84.712844849 -0.147886798 0.982800066 0.110605061 -14.825089455 0.988326430 0.142718375 0.053313937 130.346786499
0.034490995 0.121771492 -0.991958737 -85.663795471 -0.148971170 0.982086957 0.115379848 -14.811578751 0.988239884 0.143793672 0.052013595 130.410293579
0.032625213 0.122166112 -0.991973281 -86.610076904 -0.149066448 0.981995463 0.116034627 -14.811670303 0.988288820 0.144084275 0.050248679 130.473510742
0.031142663 0.116024293 -0.992758036 -87.553428650 -0.149271354 0.982640922 0.110159256 -14.801288605 0.988305748 0.144759685 0.047921155 130.538314819
0.029046236 0.111561283 -0.993332863 -88.491767883 -0.154074430 0.982375681 0.105825357 -14.794392586 0.987632275 0.149973378 0.045723058 130.597518921
0.028964253 0.109006725 -0.993618965 -89.468147278 -0.152662277 0.982856870 0.103375904 -14.783670425 0.987853885 0.148693919 0.045108929 130.640655518
0.027946221 0.110344745 -0.993500412 -90.419212341 -0.148606673 0.983302832 0.105031967 -14.789822578 0.988501489 0.144705534 0.043877561 130.701828003
0.027273623 0.111231044 -0.993420243 -91.373237610 -0.145032063 0.983714938 0.106162615 -14.784937859 0.989050984 0.141182333 0.042961542 130.767898560
0.026047507 0.111411609 -0.993432879 -92.318809509 -0.140172631 0.984359026 0.106718704 -14.788937569 0.989784360 0.136472359 0.041256957 130.834136963
0.024933223 0.108333588 -0.993801892 -93.264236450 -0.136024505 0.985233009 0.103986822 -14.790101051 0.990391731 0.132588685 0.039301060 130.896087646
0.023991430 0.105316736 -0.994149268 -94.228279114 -0.130375579 0.986272395 0.101335980 -14.797711372 0.991174281 0.127181575 0.037392817 130.952667236
0.022975083 0.107758306 -0.993911684 -95.188575745 -0.128494561 0.986246467 0.103957035 -14.800520897 0.991443992 0.125323817 0.036505450 131.008956909
0.021754276 0.110392869 -0.993649960 -96.132522583 -0.128263950 0.985979855 0.106732622 -14.801797867 0.991501451 0.125127569 0.035608701 131.066925049
0.020640578 0.107983835 -0.993938327 -97.091835022 -0.123984672 0.986752570 0.104628429 -14.796261787 0.992069423 0.121073522 0.033755481 131.113922119
0.017599672 0.105340630 -0.994280398 -98.051940918 -0.121711582 0.987264752 0.102442935 -14.801685333 0.992409408 0.119212478 0.030196711 131.169235229
0.014556864 0.102821261 -0.994593322 -99.001480103 -0.120605499 0.987616897 0.100334883 -14.803151131 0.992593825 0.118492872 0.026777418 131.223098755
0.012410386 0.101761110 -0.994731426 -99.963813782 -0.114292212 0.988432586 0.099690825 -14.812294006 0.993369639 0.112452872 0.023897335 131.267532349
0.009325022 0.101581335 -0.994783461 -100.907707214 -0.108431220 0.989063501 0.099980809 -14.806135178 0.994060278 0.106933251 0.020237625 131.329589844
0.005925959 0.110023372 -0.993911326 -101.901931763 -0.098530881 0.989156425 0.108909540 -14.814424515 0.995116353 0.097285554 0.016702401 131.396286011
0.003344792 0.118404970 -0.992959678 -102.860870361 -0.090606831 0.988916814 0.117617667 -14.811757088 0.995881081 0.089575514 0.014036022 131.449905396
-0.000530833 0.117784925 -0.993038952 -103.815292358 -0.086290099 0.989329755 0.117391087 -14.803904533 0.996269882 0.085751750 0.009638504 131.502777100
-0.002354041 0.107953928 -0.994153023 -104.767189026 -0.087967232 0.990279496 0.107741602 -14.807128906 0.996120691 0.087706529 0.007165250 131.525894165
-0.004495661 0.098537281 -0.995123148 -105.714195251 -0.089757852 0.991076648 0.098542094 -14.805004120 0.995953441 0.089763112 0.004388950 131.561538696
-0.005267169 0.100578293 -0.994915187 -106.665565491 -0.097519025 0.990135014 0.100611329 -14.813429832 0.995219707 0.097553089 0.004593087 131.587249756
-0.005849437 0.109970309 -0.993917584 -107.639129639 -0.100747712 0.988812506 0.109998375 -14.797023773 0.994894803 0.100778349 0.005295258 131.613342285
-0.007295956 0.121315293 -0.992587268 -108.602233887 -0.104544260 0.987081587 0.121410832 -14.783791542 0.994493425 0.104655102 0.005481114 131.639984131
-0.009293189 0.123202451 -0.992338002 -109.550186157 -0.111498967 0.986064792 0.123467788 -14.773071289 0.993721128 0.111792058 0.004573259 131.670867920
-0.008531888 0.119608007 -0.992784560 -110.542304993 -0.118873261 0.985659122 0.119771160 -14.748690605 0.992872715 0.119037405 0.005808661 131.682266235
-0.008808545 0.115762450 -0.993237913 -111.496330261 -0.126945645 0.985110462 0.115941018 -14.736041069 0.991870463 0.127108499 0.006018155 131.705154419
-0.006884688 0.117824189 -0.993010581 -112.460159302 -0.131684408 0.984279215 0.117701180 -14.717732430 0.991267741 0.131574348 0.008739155 131.729598999
-0.005501681 0.118866026 -0.992895007 -113.445846558 -0.139547274 0.983103335 0.118467025 -14.696713448 0.990200102 0.139207572 0.011178711 131.750259399
-0.004892385 0.121429197 -0.992587984 -114.409973145 -0.148782134 0.981463671 0.120801620 -14.678539276 0.988857925 0.148270354 0.013264798 131.767791748
-0.004895423 0.123665832 -0.992311835 -115.383361816 -0.154256493 0.980352819 0.122936450 -14.658711433 0.988018692 0.153672382 0.014277017 131.794525146
-0.004032820 0.123029590 -0.992394924 -116.364830017 -0.158426136 0.979790866 0.122110836 -14.642316818 0.987362623 0.157713696 0.015539783 131.824157715
-0.002293298 0.113724455 -0.993509710 -117.320907593 -0.157496646 0.981071651 0.112664260 -14.644244194 0.987516820 0.156732813 0.015661331 131.852981567
-0.001022982 0.101842508 -0.994800031 -118.271308899 -0.160587922 0.981872797 0.100684240 -14.632629395 0.987021029 0.159855828 0.015350240 131.889495850
