1.000000000 0.000000000 0.000000000 0.000000000 0.000000000 1.000000000 0.000000000 0.000000000 0.000000000 0.000000000 1.000000000 0.000000000
0.999997854 -0.001575655 -0.001364287 0.049881604 0.001572799 0.999996603 -0.002091984 -0.133163691 0.001367579 0.002089834 0.999996901 1.297563553
0.999997616 -0.000043738 -0.002181244 0.105717801 0.000029762 0.999979496 -0.006406780 -0.266997844 0.002181480 0.006406699 0.999977112 2.604486942
0.999996006 0.002456498 -0.001380702 0.149818808 -0.002467308 0.999966025 -0.007883440 -0.406443119 0.001361290 0.007886817 0.999967933 3.908156395
0.999983430 0.005740092 0.000196969 0.193817660 -0.005738677 0.999962032 -0.006553385 -0.545948207 -0.000234578 0.006552146 0.999978483 5.220494270
0.999975443 0.006633597 0.002255464 0.245556489 -0.006626142 0.999972582 -0.003297012 -0.689227998 -0.002277274 0.003281986 0.999991953 6.543648720
0.999959886 0.006996278 0.005590954 0.301177859 -0.006985669 0.999973714 -0.001914935 -0.827044904 -0.005604205 0.001875801 0.999982536 7.846982002
0.999945879 0.005310770 0.008945132 0.357272267 -0.005293631 0.999984026 -0.001938718 -0.959942162 -0.008955283 0.001891261 0.999958098 9.153601646
0.999914289 0.004053050 0.012445582 0.430729866 -0.004030330 0.999990106 -0.001850076 -1.096904159 -0.012452958 0.001799758 0.999920905 10.450137138
0.999874055 0.002661984 0.015643638 0.499922395 -0.002622761 0.999993384 -0.002527236 -1.235999823 -0.015650259 0.002485889 0.999874413 11.763625145
0.999816835 0.001614659 0.019070387 0.575239539 -0.001551208 0.999993205 -0.003341507 -1.372319579 -0.019075651 0.003311313 0.999812543 13.057899475
0.999749482 0.001458619 0.022338932 0.645138502 -0.001385196 0.999993563 -0.003301863 -1.520688295 -0.022343609 0.003270092 0.999745011 14.376112938
0.999669075 0.001358396 0.025685282 0.729555547 -0.001246093 0.999989569 -0.004387763 -1.658258915 -0.025690973 0.004354306 0.999660373 15.673520088
0.999583602 0.002178067 0.028772103 0.812461734 -0.002056000 0.999988675 -0.004271443 -1.797476292 -0.028781086 0.004210509 0.999576867 16.977193832
0.999487102 0.001885012 0.031967167 0.902571917 -0.001765296 0.999991298 -0.003772768 -1.938279510 -0.031974003 0.003714402 0.999481857 18.264318466
0.999418318 0.000154294 0.034102369 1.000497818 -0.000031284 0.999993503 -0.003607580 -2.078662872 -0.034102712 0.003604415 0.999411821 19.562398911
0.999350786 -0.002311101 0.035951119 1.093800426 0.002488401 0.999984980 -0.004887707 -2.218755245 -0.035939280 0.004973995 0.999341547 20.836153030
0.999311507 -0.002129643 0.037039690 1.192388177 0.002376347 0.999975204 -0.006617775 -2.361557722 -0.037024684 0.006701238 0.999291837 22.144865036
0.999267519 -0.002016283 0.038214747 1.276371241 0.002374787 0.999953508 -0.009338232 -2.504969835 -0.038194142 0.009422146 0.999225974 23.434757233
0.999234200 -0.001582506 0.039094597 1.382524014 0.002000772 0.999941111 -0.010662022 -2.648305416 -0.039075416 0.010732074 0.999178648 24.717147827
0.999188423 -0.000959879 0.040267680 1.482478857 0.001413769 0.999935746 -0.011244852 -2.796044588 -0.040254302 0.011292655 0.999125719 25.986528397
0.999169528 -0.002498589 0.040669721 1.582222342 0.002920032 0.999942601 -0.010306454 -2.940361261 -0.040641639 0.010416651 0.999119580 27.275630951
0.999165893 -0.005441295 0.040470384 1.688110113 0.005816576 0.999941111 -0.009161040 -3.085270405 -0.040418163 0.009388798 0.999138653 28.552618027
0.999186099 -0.006814457 0.039757829 1.781047106 0.007199787 0.999928415 -0.009556786 -3.234962463 -0.039689858 0.009835256 0.999163628 29.844860077
0.999200344 -0.008418580 0.039086897 1.883988619 0.008902027 0.999885798 -0.012211017 -3.380329847 -0.038979635 0.012549207 0.999161184 31.110748291
0.999229610 -0.008696550 0.038269665 1.991527319 0.009169726 0.999883473 -0.012206150 -3.530356646 -0.038159046 0.012547667 0.999192894 32.398239136
0.999259412 -0.009365651 0.037324164 2.097629547 0.009846567 0.999870598 -0.012721927 -3.671404600 -0.037200183 0.013080019 0.999222159 33.673213959
0.999261022 -0.009900083 0.037140291 2.184520960 0.010374404 0.999866784 -0.012600163 -3.819547653 -0.037010599 0.012976161 0.999230564 34.931247711
0.999270916 -0.010334654 0.036753252 2.277595520 0.010825566 0.999854565 -0.013183139 -3.962675571 -0.036611654 0.013571404 0.999237359 36.179100037
0.999316216 -0.011057299 0.035281714 2.391267061 0.011530802 0.999845803 -0.013245455 -4.122608662 -0.035129819 0.013643227 0.999289632 37.476367950
0.999313533 -0.010701659 0.035468530 2.480578899 0.011117580 0.999871433 -0.011550099 -4.267108917 -0.035340369 0.011936492 0.999304056 38.739421844
0.999277115 -0.010642885 0.036495239 2.580745459 0.011035011 0.999883294 -0.010559973 -4.404557228 -0.036378600 0.010955065 0.999277949 40.005825043
0.999204338 -0.012530742 0.037863020 2.695023060 0.012878624 0.999876916 -0.008958018 -4.546297550 -0.037746113 0.009438514 0.999242783 41.252674103
0.999082506 -0.013485916 0.040647864 2.782167912 0.013905035 0.999852836 -0.010045926 -4.693974018 -0.040506415 0.010601919 0.999123037 42.521141052
0.998957217 -0.014805509 0.043186035 2.877921581 0.015387347 0.999794900 -0.013171694 -4.842655659 -0.042982161 0.013822480 0.998980165 43.770763397
0.998866677 -0.015969729 0.044835154 2.992344856 0.016619625 0.999761581 -0.014160113 -4.990209579 -0.044598334 0.014889210 0.998893976 45.032733917
0.998740911 -0.016273834 0.047451541 3.118226290 0.016905174 0.999773443 -0.012934063 -5.125235081 -0.047230300 0.013719953 0.998789787 46.271522522
0.998530686 -0.017382428 0.051325064 3.215244770 0.017897369 0.999793828 -0.009590405 -5.279170036 -0.051147778 0.010494898 0.998635948 47.531696320
0.998263121 -0.020370184 0.055277623 3.331480980 0.020821800 0.999754250 -0.007606326 -5.418313980 -0.055109095 0.008744096 0.998442054 48.768447876
0.998025537 -0.022377761 0.058688056 3.464230061 0.022879058 0.999707103 -0.007883617 -5.557235718 -0.058494452 0.009210778 0.998245180 50.015651703
0.997737169 -0.025867218 0.062059890 3.603492022 0.026635878 0.999577999 -0.011590405 -5.693589687 -0.061733890 0.013217198 0.998005033 51.247520447
0.997454166 -0.027045999 0.065981902 3.733632803 0.027883705 0.999541342 -0.011808048 -5.826492310 -0.065632291 0.013617807 0.997750938 52.478858948
0.997112513 -0.029580856 0.069940120 3.866506577 0.030313753 0.999495864 -0.009440614 -5.964015007 -0.069625601 0.011533502 0.997506499 53.702190399
0.996834934 -0.032352749 0.072619423 4.032256126 0.032859180 0.999443173 -0.005789642 -6.100742817 -0.072391652 0.008157532 0.997342944 54.894523621
0.996571839 -0.034641553 0.075129896 4.166409969 0.035073880 0.999374986 -0.004442319 -6.232104301 -0.074929044 0.007062188 0.997163832 56.159805298
0.996383846 -0.037690368 0.076149896 4.320499897 0.037864592 0.999282539 -0.000844805 -6.360695839 -0.076063424 0.003725135 0.997096002 57.362758636
0.996212542 -0.040240534 0.077079587 4.462575912 0.040341478 0.999185860 0.000247681 -6.486166954 -0.077026792 0.002862761 0.997024834 58.593898773
0.996154010 -0.042338502 0.076711327 4.610002518 0.042688698 0.999084055 -0.002930379 -6.609816074 -0.076516993 0.006193815 0.997048974 59.787174225
0.996175051 -0.043417212 0.075828895 4.758402824 0.044087484 0.999001801 -0.007187059 -6.741665840 -0.075441159 0.010502675 0.997094929 60.986877441
0.996179760 -0.044778142 0.074972600 4.896307945 0.045736868 0.998891652 -0.011119178 -6.871785164 -0.074391611 0.014505711 0.997123599 62.170837402
0.996201634 -0.046995491 0.073305666 5.042891026 0.048099030 0.998753190 -0.013361012 -7.009109497 -0.072586343 0.016836192 0.997220039 63.387210846
0.996337414 -0.047115885 0.071357712 5.179508209 0.048183240 0.998749793 -0.013310115 -7.143884659 -0.070641391 0.016699608 0.997362018 64.563049316
0.996577621 -0.046073917 0.068630837 5.311115265 0.047064275 0.998808801 -0.012883007 -7.284610271 -0.067955516 0.016068978 0.997558892 65.779899597
0.996811926 -0.045408845 0.065604128 5.432741165 0.046228688 0.998869956 -0.011032509 -7.414089680 -0.065029010 0.014030130 0.997784734 66.954582214
0.997227490 -0.041395102 0.061836336 5.554623604 0.041921683 0.999094665 -0.007242213 -7.550588131 -0.061480559 0.009814417 0.998060048 68.149627686
0.997501135 -0.039754007 0.058404945 5.673523426 0.040099408 0.999184430 -0.004753318 -7.679052353 -0.058168344 0.007083442 0.998281717 69.323898315
0.997720897 -0.038529705 0.055391777 5.782943249 0.039029181 0.999206305 -0.007963520 -7.812222004 -0.055040985 0.010107268 0.998433053 70.493431091
0.997896671 -0.038737908 0.051979456 5.895483017 0.039568990 0.999103427 -0.015055642 -7.946645737 -0.051349632 0.017080743 0.998534679 71.686180115
0.997900844 -0.042686481 0.048702307 6.002459526 0.043608535 0.998886049 -0.018029163 -8.081537247 -0.047878452 0.020115150 0.998650491 72.857536316
0.997941673 -0.046560928 0.044094626 6.115846634 0.047176562 0.998801768 -0.013025313 -8.219724655 -0.043435305 0.015078736 0.998942435 74.023048401
0.997934461 -0.050366804 0.039873261 6.218700886 0.050732337 0.998678565 -0.008208487 -8.345280647 -0.039407130 0.010214398 0.999170959 75.182899475
0.997994423 -0.052336935 0.035608478 6.312360764 0.052564114 0.998602569 -0.005473284 -8.470576286 -0.035272263 0.007334035 0.999350846 76.368789673
0.998166203 -0.051665641 0.031540561 6.402003288 0.051785920 0.998653710 -0.003008178 -8.595720291 -0.031342681 0.004636020 0.999497890 77.528076172
0.998299301 -0.051272117 0.027742075 6.492877960 0.051365916 0.998676240 -0.002678666 -8.715932846 -0.027568016 0.004099108 0.999611497 78.683349609
0.998444080 -0.049834024 0.025018619 6.555508614 0.049968213 0.998739362 -0.004767012 -8.844266891 -0.024749521 0.006009731 0.999675572 79.852607727
0.998632848 -0.047564376 0.021680068 6.633479118 0.047784507 0.998810053 -0.009750975 -8.972106934 -0.021190470 0.010773617 0.999717474 80.997489929
0.998536348 -0.050964046 0.018106047 6.716099739 0.051227566 0.998583257 -0.014401204 -9.111102104 -0.017346449 0.015307654 0.999732316 82.156326294
0.998402834 -0.054273359 0.015689075 6.771959305 0.054517388 0.998391449 -0.015568520 -9.240475655 -0.014818882 0.016398985 0.999755681 83.293449402
0.998436809 -0.054570932 0.012082405 6.839967728 0.054717466 0.998427987 -0.012148209 -9.368761063 -0.011400473 0.012790335 0.999853194 84.431686401
0.998434603 -0.055253502 0.008679094 6.913895607 0.055336233 0.998421669 -0.009599474 -9.499545097 -0.008134990 0.010064714 0.999916255 85.559135437
0.998582304 -0.052597612 0.008176502 6.953917027 0.052689195 0.998545647 -0.011420717 -9.624836922 -0.007563909 0.011835341 0.999901295 86.709632874
0.998772860 -0.048919488 0.007712683 7.007508755 0.049027607 0.998691916 -0.014515288 -9.752478600 -0.006992514 0.014875611 0.999864936 87.830627441
0.998856306 -0.047316797 0.006878549 7.064941883 0.047430534 0.998722374 -0.017437765 -9.877832413 -0.006044662 0.017744076 0.999824286 88.932670593
0.998764992 -0.049285185 0.006277550 7.106245041 0.049391072 0.998617172 -0.018008946 -10.015451431 -0.005381294 0.018296758 0.999818265 90.075790405
0.998717010 -0.050409820 0.004809475 7.161142349 0.050477844 0.998608530 -0.015263117 -10.146143913 -0.004033372 0.015486307 0.999871910 91.189895630
0.998668849 -0.051396761 0.004331566 7.210939407 0.051447034 0.998598397 -0.012428687 -10.277677536 -0.003686700 0.012634990 0.999913335 92.305870056
0.998688698 -0.051069453 0.003615243 7.274398327 0.051109578 0.998620450 -0.012044385 -10.399810791 -0.002995156 0.012213363 0.999920905 93.433654785
0.998659432 -0.051633786 0.003651118 7.322700977 0.051680557 0.998563468 -0.014148184 -10.526922226 -0.002915348 0.014317911 0.999893248 94.541366577
0.998655856 -0.051761869 0.002677394 7.386829853 0.051801700 0.998496234 -0.017942827 -10.657116890 -0.001744614 0.018057404 0.999835372 95.650695801
0.998637140 -0.052091777 0.003247932 7.429283619 0.052144721 0.998455048 -0.019193750 -10.793664932 -0.002243078 0.019336952 0.999810517 96.767257690
0.998594105 -0.052918561 0.003077623 7.487336636 0.052963998 0.998447061 -0.017273229 -10.927339554 -0.002158769 0.017411949 0.999846101 97.850250244
0.998640776 -0.051968906 0.003975312 7.532509327 0.052014302 0.998570263 -0.012326224 -11.048394203 -0.003329048 0.012516243 0.999916136 98.941543579
0.998718858 -0.050334152 0.005205720 7.584829330 0.050378650 0.998691320 -0.008801762 -11.168776512 -0.004755878 0.009052742 0.999947667 100.005516052
0.998824477 -0.047935050 0.007207775 7.631772518 0.047997545 0.998809040 -0.008763161 -11.291141510 -0.006779127 0.009098815 0.999935567 101.075340271
0.998889804 -0.046150543 0.009448118 7.682526588 0.046249617 0.998874247 -0.010550906 -11.411506653 -0.008950551 0.010976165 0.999899685 102.110702515
0.998839259 -0.046617363 0.012124221 7.735571384 0.046771985 0.998823583 -0.012798793 -11.534431458 -0.011513311 0.013351012 0.999844551 103.130950928
0.998748243 -0.048044235 0.013918382 7.787007332 0.048237123 0.998739600 -0.013871103 -11.650103569 -0.013234415 0.014525120 0.999806941 104.153465271
0.998627365 -0.049958620 0.015733555 7.851190090 0.050165329 0.998655915 -0.013029399 -11.765052795 -0.015061476 0.013800792 0.999791384 105.135307312
0.998588026 -0.050086893 0.017698020 7.907749653 0.050298303 0.998665631 -0.011708823 -11.882566452 -0.017087946 0.012582472 0.999774814 106.114356995
0.998528838 -0.050999306 0.018418286 7.988615513 0.051188856 0.998639166 -0.009970878 -11.995922089 -0.017884713 0.010899020 0.999780774 107.065666199
0.998454571 -0.051653795 0.020498995 8.046835899 0.051875517 0.998598993 -0.010435736 -12.102311134 -0.019931229 0.011483004 0.999735415 107.982978821
0.998441041 -0.051262911 0.022080693 8.112785339 0.051465973 0.998636603 -0.008727602 -12.202249527 -0.021603188 0.009850398 0.999718070 108.891731262
0.998443067 -0.050274014 0.024164738 8.171035767 0.050449356 0.998704195 -0.006701993 -12.299043655 -0.023796488 0.007910654 0.999685466 109.761329651
0.998404801 -0.050476816 0.025296427 8.234915733 0.050578378 0.998714328 -0.003390812 -12.402122498 -0.025092747 0.004664855 0.999674261 110.618377686
0.998366475 -0.050422013 0.026869288 8.296542168 0.050526310 0.998717546 -0.003216547 -12.494067192 -0.026672646 0.004568899 0.999633789 111.446327209
0.998387992 -0.049478784 0.027808378 8.354811668 0.049566738 0.998767674 -0.002482463 -12.584250450 -0.027651275 0.003856832 0.999610126 112.259803772
0.998476803 -0.047223434 0.028528379 8.408445358 0.047310922 0.998877347 -0.002399215 -12.662933350 -0.028383054 0.003745264 0.999590099 113.037025452
0.998609543 -0.044724457 0.027904069 8.458320618 0.044722755 0.998999238 0.000685296 -12.739486694 -0.027906796 0.000563604 0.999610364 113.791503906
0.998702705 -0.044419669 0.024895379 8.503811836 0.044388361 0.999012649 0.001809163 -12.826844215 -0.024951164 -0.000701751 0.999688566 114.545211792
0.998843491 -0.044368178 0.018521491 8.541278839 0.044340450 0.999014616 0.001905560 -12.900897980 -0.018587790 -0.001082106 0.999826670 115.243774414
0.999050796 -0.042837195 0.007900203 8.572616577 0.042832371 0.999081910 0.000778765 -12.976600647 -0.007926308 -0.000439642 0.999968529 115.917648315
0.999169767 -0.040259976 -0.006234333 8.573755264 0.040247645 0.999187529 -0.002090859 -13.044193268 0.006313445 0.001838206 0.999978423 116.565383911
0.998934746 -0.038808186 -0.024969757 8.576156616 0.038711216 0.999240875 -0.004355635 -13.117358208 0.025119841 0.003384385 0.999678731 117.189376831
0.998186588 -0.037226733 -0.047303915 8.544031143 0.036959767 0.999295533 -0.006506071 -13.187919617 0.047512785 0.004745931 0.998859346 117.777389526
0.996555567 -0.035686951 -0.074855715 8.501640320 0.035143677 0.999345601 -0.008562733 -13.252730370 0.075112306 0.005902535 0.997157633 118.347290039
0.993697941 -0.033339672 -0.107017972 8.433568001 0.032370526 0.999417841 -0.010780707 -13.317664146 0.107315078 0.007248539 0.994198620 118.895515442
0.989343584 -0.028949732 -0.142693043 8.331596375 0.027533704 0.999550223 -0.011888601 -13.386586189 0.142973021 0.007833043 0.989695609 119.443153381
0.983135819 -0.022922212 -0.181434825 8.222791672 0.021177344 0.999709189 -0.011548702 -13.443755150 0.181646764 0.007511634 0.983335197 119.975799561
0.974746227 -0.017900011 -0.222596899 8.071186066 0.016211797 0.999824286 -0.009409282 -13.501943588 0.222726241 0.005562967 0.974865139 120.473892212
0.963534057 -0.013019671 -0.267268479 7.904483795 0.011321164 0.999904752 -0.007895059 -13.560231209 0.267345816 0.004581370 0.963589728 120.958084106
0.949252248 -0.007232124 -0.314432710 7.713848114 0.004824359 0.999952734 -0.008435021 -13.616835594 0.314478815 0.006490028 0.949242294 121.438545227
0.932035148 0.000595864 -0.362367332 7.490379333 -0.004170935 0.999950051 -0.009083668 -13.669240952 0.362343788 0.009977709 0.931991100 121.896148682
0.911110342 0.005189621 -0.412129790 7.237655640 -0.010251940 0.999896705 -0.010073436 -13.722684860 0.412034929 0.013403143 0.911069334 122.336776733
0.886042178 0.009681524 -0.463503510 6.958290100 -0.015440783 0.999843538 -0.008632463 -13.781607628 0.463347465 0.014805584 0.886053026 122.772659302
0.857004046 0.012719932 -0.515152574 6.676105499 -0.019919189 0.999765933 -0.008451617 -13.825511932 0.514924467 0.017504491 0.857056856 123.170867920
0.825533688 0.022384534 -0.563908815 6.349723816 -0.030775005 0.999511838 -0.005377104 -13.870683670 0.563513160 0.021793276 0.825819612 123.543533325
0.791753948 0.035317767 -0.609818280 5.998687744 -0.043652941 0.999046147 0.001183442 -13.914357185 0.609278321 0.025683368 0.792540431 123.900711060
0.756098330 0.044610955 -0.652935982 5.646884918 -0.055225104 0.998464823 0.004268206 -13.959454536 0.652123868 0.032831274 0.757401049 124.208694458
0.716377795 0.048438933 -0.696029127 5.281436920 -0.062580772 0.998027265 0.005045603 -14.003255844 0.694900334 0.039943486 0.717995822 124.506408691
0.673963487 0.050114688 -0.737062991 4.902244568 -0.064855121 0.997858107 0.008543884 -14.052927971 0.735912442 0.042044036 0.675770044 124.793289185
0.630336702 0.053634971 -0.774466872 4.486526489 -0.068463318 0.997564197 0.013363226 -14.083609581 0.773297012 0.044599239 0.632473350 125.065742493
0.585305333 0.062444683 -0.808404803 4.057464600 -0.079438858 0.996649563 0.019469801 -14.119953156 0.806912065 0.052822974 0.588304698 125.301925659
0.539702654 0.071517520 -0.838812351 3.619731903 -0.091161713 0.995490789 0.026221370 -14.144723892 0.836905420 0.062315837 0.543788731 125.508399963
0.492980570 0.076560743 -0.866665244 3.167510986 -0.096571170 0.994780660 0.032946337 -14.171569824 0.864664197 0.067452975 0.497801036 125.706298828
0.445858419 0.078390911 -0.891664267 2.707462311 -0.096142277 0.994588852 0.039365582 -14.197446823 0.889925241 0.068175152 0.450982511 125.885292053
0.398413539 0.079530075 -0.913751423 2.227100372 -0.093065247 0.994597375 0.045988385 -14.221035957 0.912472129 0.066716120 0.403662533 126.068466187
0.352843493 0.082175195 -0.932066917 1.739143372 -0.094755486 0.994153142 0.051778328 -14.240151405 0.930872083 0.070048817 0.358567089 126.210632324
0.308926731 0.085538998 -0.947231472 1.238113403 -0.100686952 0.993292034 0.056860786 -14.257225990 0.945741177 0.077808045 0.315467119 126.328903198
0.267426133 0.086957321 -0.959646642 0.712461472 -0.105264947 0.992595553 0.060608618 -14.274673462 0.957811356 0.084808826 0.274599552 126.438903809
0.228236943 0.084017724 -0.969973683 0.183458328 -0.106156692 0.992477298 0.060988046 -14.299486160 0.967800915 0.089049481 0.235439062 126.534278870
0.193504781 0.078814596 -0.977928460 -0.350503922 -0.100995354 0.993072867 0.060050961 -14.317989349 0.975887239 0.087146074 0.200124249 126.626655579
0.162720099 0.073825657 -0.983906448 -0.898696899 -0.098395623 0.993440032 0.058268163 -14.340270996 0.981753707 0.087330692 0.168916762 126.708450317
0.136666656 0.072115004 -0.987988710 -1.465093613 -0.099381626 0.993313074 0.058756366 -14.357716560 0.985619307 0.090157889 0.142919719 126.775352478
0.114335448 0.071307205 -0.990879774 -2.046338081 -0.100172669 0.993164480 0.059912935 -14.372576714 0.988378882 0.092408881 0.120696940 126.842681885
0.095559999 0.072748773 -0.992761731 -2.642186165 -0.102278106 0.992764890 0.062904060 -14.388476372 0.990155280 0.095526673 0.102309227 126.903160095
0.079681322 0.070977867 -0.994290173 -3.251168251 -0.103128381 0.992696166 0.062599495 -14.410669327 0.991471231 0.097551525 0.086419187 126.950340271
0.065557048 0.069928832 -0.995395541 -3.869781494 -0.101546966 0.992830038 0.063060693 -14.439416885 0.992668331 0.096945338 0.072188079 127.003654480
0.053785741 0.067492098 -0.996269047 -4.508362770 -0.097787805 0.993273497 0.062009893 -14.461235046 0.993752837 0.094087712 0.060023859 127.041801453
0.041342996 0.064628929 -0.997052610 -5.157482147 -0.095284104 0.993612647 0.060454972 -14.478094101 0.994591177 0.092503875 0.047237042 127.087783813
0.030450296 0.063649453 -0.997507632 -5.836093903 -0.094703428 0.993664622 0.060513269 -14.498913765 0.995039701 0.092624746 0.036285210 127.127975464
0.020729307 0.065217681 -0.997655749 -6.507923603 -0.098029107 0.993194580 0.062889189 -14.521256447 0.994967639 0.096495651 0.026981466 127.150779724
0.012447806 0.065156966 -0.997797370 -7.182250977 -0.100994438 0.992853701 0.063574187 -14.548011780 0.994809091 0.099980630 0.018939342 127.166442871
0.005913560 0.064152710 -0.997922599 -7.882901669 -0.103275739 0.992642820 0.063201293 -14.567255020 0.994635165 0.102687433 0.012495471 127.186706543
0.000623508 0.065047987 -0.997881949 -8.580610275 -0.104006507 0.992474437 0.064630516 -14.585433960 0.994576395 0.103745908 0.007384230 127.205688477
-0.002913247 0.067645013 -0.997705281 -9.301415443 -0.106298871 0.992035747 0.067570992 -14.605937958 0.994329989 0.106251784 0.004300543 127.228828430
-0.003667110 0.071377054 -0.997442722 -10.036258698 -0.108574077 0.991524339 0.071352713 -14.629624367 0.994081616 0.108558074 0.004113670 127.232261658
-0.004729106 0.074787162 -0.997188330 -10.752794266 -0.110949509 0.991003394 0.074849479 -14.644541740 0.993814766 0.110991538 0.003611039 127.246765137
-0.005354760 0.080379695 -0.996749997 -11.493260384 -0.115708046 0.990019262 0.080458537 -14.652050018 0.993268847 0.115762830 0.003999264 127.255714417
-0.006523605 0.083996683 -0.996444583 -12.234910011 -0.118611246 0.989366293 0.084176533 -14.663731575 0.992919207 0.118738696 0.003508716 127.267013550
-0.008241066 0.084673889 -0.996374547 -12.982414246 -0.118488774 0.989305973 0.085053220 -14.684706688 0.992921174 0.118760154 0.001879970 127.292320251
-0.009709846 0.081585027 -0.996619105 -13.726784706 -0.116078347 0.989836097 0.082160689 -14.703096390 0.993192613 0.116483666 -0.000140900 127.314353943
-0.011257366 0.078042306 -0.996886432 -14.489208221 -0.119780540 0.989665866 0.078829654 -14.707179070 0.992736578 0.120295011 -0.001793082 127.326431274
-0.012271357 0.079597682 -0.996751487 -15.256506920 -0.125170857 0.988863289 0.080508746 -14.718111992 0.992059231 0.125752211 -0.002171387 127.327369690
-0.014159169 0.083134465 -0.996437728 -16.024282455 -0.122041516 0.988943398 0.084243372 -14.732766151 0.992423892 0.122799590 -0.003856760 127.346633911
-0.015775535 0.083175518 -0.996410072 -16.800298691 -0.121217206 0.989024639 0.084478177 -14.749971390 0.992500603 0.122114711 -0.005520088 127.358688354
-0.017247265 0.082229979 -0.996464133 -17.593561172 -0.124005847 0.988741696 0.083739057 -14.761111259 0.992131531 0.125011638 -0.006856094 127.363471985
-0.017794034 0.081970423 -0.996475875 -18.380771637 -0.128646463 0.988161743 0.083583735 -14.766999245 0.991530895 0.129680365 -0.007038179 127.363838196
-0.018837003 0.086540252 -0.996070206 -19.183727264 -0.130515456 0.987509489 0.088264689 -14.775060654 0.991267323 0.131665215 -0.007306880 127.368446350
-0.019494981 0.090724878 -0.995685101 -19.997287750 -0.128999397 0.987322152 0.092488587 -14.783212662 0.991453052 0.130245864 -0.007544372 127.385032654
-0.018994587 0.093463600 -0.995441496 -20.823038101 -0.130866408 0.986823201 0.095151581 -14.798913956 0.991218030 0.132077247 -0.006513054 127.403221130
-0.016844414 0.092546768 -0.995565832 -21.641290665 -0.130219489 0.987023354 0.093955897 -14.806801796 0.991342068 0.131224707 -0.004574441 127.411941528
-0.015624065 0.092182487 -0.995619535 -22.472660065 -0.130372673 0.987052619 0.093435198 -14.808567047 0.991341949 0.131261453 -0.003403699 127.424392700
-0.015855892 0.091305688 -0.995696664 -23.307308197 -0.128863052 0.987330377 0.092590570 -14.815993309 0.991535604 0.129776612 -0.003889074 127.451690674
-0.015024411 0.093145095 -0.995539129 -24.146257401 -0.129752949 0.987051070 0.094309136 -14.821470261 0.991432428 0.130591094 -0.002744013 127.471343994
-0.014645621 0.095446274 -0.995326817 -24.984607697 -0.131431371 0.986612916 0.096544586 -14.824460983 0.991217077 0.132231101 -0.001904927 127.491592407
-0.014171755 0.097552881 -0.995129347 -25.850915909 -0.134093657 0.986053884 0.098572843 -14.820793152 0.990867436 0.134837478 -0.000892891 127.503005981
-0.012599850 0.098626435 -0.995044768 -26.713727951 -0.136291072 0.985667169 0.099422753 -14.817648888 0.990588725 0.136868417 0.001022644 127.516914368
-0.010918672 0.101824716 -0.994742453 -27.583431244 -0.143070817 0.984407365 0.102337189 -14.818416595 0.989652157 0.143436030 0.003819725 127.533493042
-0.008582953 0.105714142 -0.994359434 -28.466691971 -0.147827059 0.983335972 0.105818167 -14.813705444 0.988976121 0.147901490 0.007187483 127.550399780
-0.006462265 0.107419208 -0.994192779 -29.342136383 -0.150228441 0.982825816 0.107167527 -14.807619095 0.988630235 0.150048584 0.009786140 127.582054138
-0.002381112 0.108371533 -0.994107604 -30.244401932 -0.149319202 0.982926905 0.107510336 -14.808858871 0.988786161 0.148695379 0.013841491 127.602409363
0.000222852 0.108387314 -0.994108737 -31.134729385 -0.151984394 0.982563734 0.107094504 -14.803400040 0.988382816 0.151065126 0.016692149 127.634254456
0.002638693 0.111991867 -0.993705571 -32.037235260 -0.152351841 0.982153833 0.110285401 -14.793834686 0.988322794 0.151101857 0.019653769 127.667320251
0.005056535 0.113963872 -0.993472040 -32.949855804 -0.151370376 0.982123852 0.111891665 -14.788233757 0.988464177 0.149816453 0.022216901 127.708061218
0.006883620 0.115235813 -0.993314266 -33.841716766 -0.152004570 0.981914997 0.112859987 -14.784650803 0.988355756 0.150211409 0.024275502 127.750732422
0.009430340 0.113613836 -0.993480265 -34.745506287 -0.153525501 0.981909335 0.110833295 -14.779314995 0.988099635 0.151479393 0.026702361 127.783523560
0.009643188 0.114672147 -0.993356526 -35.653438568 -0.157743394 0.981138825 0.111730404 -14.767798424 0.987433016 0.155617982 0.027550079 127.828163147
0.010696086 0.115214765 -0.993283033 -36.546188354 -0.158468604 0.980981886 0.112081461 -14.762906075 0.987306118 0.156205341 0.028750593 127.867553711
0.010846553 0.111677803 -0.993685246 -37.442977905 -0.158755004 0.981332004 0.108556546 -14.760900497 0.987258434 0.156575054 0.028373480 127.906707764
0.011927811 0.107508011 -0.994132578 -38.354553223 -0.160037562 0.981592596 0.104231693 -14.760505676 0.987038851 0.157855272 0.028913561 127.951950073
0.012491487 0.106686987 -0.994214177 -39.252799988 -0.159685060 0.981743932 0.103342503 -14.754796982 0.987088919 0.157470256 0.029299760 127.994873047
0.012317806 0.110793136 -0.993767142 -40.157215118 -0.162116930 0.980914831 0.107350804 -14.750102997 0.986694694 0.159784168 0.030044159 128.036148071
0.012558221 0.117178492 -0.993031442 -41.092967987 -0.162814170 0.980095983 0.113593094 -14.739860535 0.986576855 0.160253063 0.031386580 128.080276489
0.012681485 0.115970075 -0.993171692 -41.987422943 -0.160636678 0.980587006 0.112449490 -14.740961075 0.986932218 0.158113793 0.031064352 128.128295898
0.013573498 0.105621681 -0.994313776 -42.877231598 -0.159820944 0.981850028 0.102116004 -14.748336792 0.987052679 0.157526106 0.030207699 128.173538208
0.013908129 0.094889030 -0.995390713 -43.801063538 -0.161360458 0.982652068 0.091420062 -14.750686646 0.986797512 0.159345165 0.028978189 128.218261719
0.012915487 0.091895021 -0.995684981 -44.701374054 -0.158195898 0.983414710 0.088710539 -14.759407043 0.987323165 0.156367540 0.027238699 128.266128540
0.012829378 0.101675935 -0.994734883 -45.620590210 -0.150759235 0.983641267 0.098597638 -14.760515213 0.988487184 0.148700535 0.027948095 128.318511963
0.012751373 0.115149990 -0.993266225 -46.569835663 -0.145859525 0.982935965 0.112079874 -14.761199951 0.989223123 0.143448174 0.029329503 128.379302979
0.013040999 0.124148741 -0.992177963 -47.491153717 -0.146052137 0.981856883 0.120937608 -14.752264023 0.989190876 0.143332571 0.030936580 128.426544189
0.013043388 0.118276052 -0.992895067 -48.403560638 -0.146372184 0.982508719 0.115115948 -14.748083115 0.989143610 0.143830732 0.030127566 128.467239380
0.012924002 0.104883514 -0.994400561 -49.330684662 -0.146201074 0.983994186 0.101885751 -14.747320175 0.989170432 0.144065678 0.028051231 128.512649536
0.013480064 0.095908657 -0.995298922 -50.244083405 -0.146898851 0.984778821 0.092905365 -14.746902466 0.989059687 0.144955918 0.027363757 128.557571411
0.013934853 0.095834136 -0.995299757 -51.175220490 -0.145611137 0.984979808 0.092801802 -14.753890991 0.989243805 0.143633515 0.027680062 128.607238770
0.013634143 0.097384118 -0.995153487 -52.128890991 -0.149149910 0.984309673 0.094279543 -14.769355774 0.988720596 0.147141621 0.027945051 128.645202637
0.014160524 0.096930481 -0.995190382 -53.056831360 -0.153679192 0.983675599 0.093622252 -14.772445679 0.988019347 0.151614338 0.028825555 128.681594849
0.014503075 0.096439719 -0.995233238 -53.997791290 -0.155284911 0.983478844 0.093037814 -14.777515411 0.987763345 0.153195381 0.029239103 128.726409912
0.015408434 0.103962801 -0.994461775 -54.952911377 -0.164013833 0.981370926 0.100052997 -14.778255463 0.986337721 0.161563903 0.032172728 128.768173218
0.017181730 0.113479123 -0.993391812 -55.908996582 -0.170548379 0.979310691 0.108920768 -14.770425797 0.985199511 0.167549923 0.036179926 128.806610107
0.018599924 0.121724740 -0.992389619 -56.853279114 -0.170883060 0.978343904 0.116799161 -14.763143539 0.985115826 0.167410105 0.038997822 128.853027344
0.019292098 0.122633919 -0.992264509 -57.794738770 -0.172401428 0.977991462 0.117518008 -14.757326126 0.984837830 0.168800637 0.040009771 128.902267456
0.020714074 0.113001414 -0.993378878 -58.733211517 -0.174056083 0.978826642 0.107716590 -14.751996994 0.984517872 0.170672357 0.039944071 128.957427979
0.021393605 0.107983597 -0.993922472 -59.705848694 -0.172188625 0.979692459 0.102731317 -14.756547928 0.984831631 0.168944374 0.039552700 129.029281616
0.023554917 0.106403485 -0.994044065 -60.657230377 -0.171049550 0.980086803 0.100856289 -14.753230095 0.984980822 0.167655110 0.041286126 129.085830688
0.027119359 0.112476915 -0.993284225 -61.619739532 -0.172192499 0.979322493 0.106194578 -14.749994278 0.984689891 0.168156132 0.045926273 129.141830444
0.030469321 0.114754997 -0.992926478 -62.605587006 -0.175029144 0.978651166 0.107734159 -14.759820938 0.984091699 0.170508444 0.049904309 129.198226929
0.034138877 0.109444581 -0.993406594 -63.556037903 -0.174573123 0.979357481 0.101897523 -14.755554199 0.984052241 0.169943377 0.052540258 129.273284912
0.037480131 0.103889495 -0.993882358 -64.506362915 -0.174504071 0.979979575 0.095855549 -14.763345718 0.983942807 0.169843853 0.054858908 129.340927124
0.040881094 0.103695147 -0.993768573 -65.473724365 -0.171771482 0.980521619 0.095246643 -14.766439438 0.984288275 0.166807294 0.057896655 129.413726807
0.043484796 0.107839629 -0.993216872 -66.440216064 -0.169574007 0.980528474 0.099037729 -14.773719788 0.984557629 0.164117143 0.060924888 129.494445801
0.046417650 0.114902750 -0.992291570 -67.415550232 -0.169230610 0.979907990 0.105552457 -14.781394958 0.984482825 0.163026631 0.064930081 129.587799072
0.049824972 0.118723296 -0.991676569 -68.371841431 -0.167012751 0.979919553 0.108924501 -14.781164169 0.984695017 0.160195485 0.068652764 129.666091919
0.051410303 0.120400116 -0.991393328 -69.334991455 -0.166439191 0.979855537 0.110367924 -14.783201218 0.984710634 0.159332648 0.070413962 129.756118774
0.053605724 0.117691860 -0.991602242 -70.293251038 -0.164681748 0.980474591 0.107468501 -14.778713226 0.984889030 0.157537863 0.071940750 129.838623047
0.054026913 0.116334498 -0.991739631 -71.249320984 -0.162638724 0.980952799 0.106209107 -14.783803940 0.985205412 0.155557126 0.071918331 129.926040649
0.053692736 0.111958966 -0.992261112 -72.218986511 -0.158926666 0.981986523 0.102199867 -14.790823936 0.985829234 0.152209386 0.070518807 130.037368774
0.053500701 0.111925229 -0.992275357 -73.171134949 -0.157673821 0.982179642 0.102285132 -14.785905838 0.986040890 0.150983557 0.070194975 130.125579834
0.052931830 0.117089346 -0.991709828 -74.121688843 -0.154493719 0.982105017 0.107709356 -14.793271065 0.986574829 0.147511691 0.070074193 130.217224121
0.052947454 0.117974021 -0.991604149 -75.098129272 -0.148935378 0.982823610 0.108976863 -14.785015106 0.987428367 0.141914904 0.069608524 130.301818848
0.052582588 0.113828942 -0.992107868 -76.068954468 -0.146013916 0.983681321 0.105123259 -14.786929131 0.987884045 0.139333874 0.068345107 130.384796143
0.051554788 0.110845141 -0.992499590 -77.020431519 -0.148020983 0.983692229 0.102172673 -14.792521477 0.987639606 0.141643286 0.067121446 130.461807251
0.050164383 0.108037531 -0.992880404 -77.987953186 -0.144594893 0.984443724 0.099813998 -14.794530869 0.988218486 0.138558298 0.065005682 130.542602539
0.048583597 0.107815713 -0.992983103 -78.949417114 -0.144647509 0.984436333 0.099810570 -14.794417381 0.988289773 0.138783380 0.063422747 130.625274658
0.047694143 0.109492905 -0.992842674 -79.899826050 -0.145265892 0.984166563 0.101557814 -14.798088074 0.988242388 0.139382467 0.062844560 130.704559326
0.046698514 0.110426635 -0.992786646 -80.867958069 -0.147739932 0.983703911 0.102467015 -14.806117058 0.987923086 0.141889185 0.062251933 130.770980835
0.045564000 0.110714361 -0.992807269 -81.820533752 -0.147775635 0.983652174 0.102911375 -14.802039146 0.987970889 0.142023653 0.061179999 130.842666626
0.043644931 0.110948525 -0.992867291 -82.773399353 -0.147871703 0.983585298 0.103411078 -14.800799370 0.988043010 0.142303586 0.059334666 130.914260864
0.041226342 0.114107870 -0.992612600 -83.716606140 -0.147850871 0.983216882 0.106887043 -14.802541733 0.988150001 0.142352045 0.057405386 130.993484497
0.039650757 0.118048921 -0.992215753 -84.672676086 -0.149101138 0.982578397 0.110943943 -14.794069290 0.988026679 0.143541530 0.056561213 131.050064087
0.037435252 0.122725151 -0.991734385 -85.621246338 -0.150191575 0.981847882 0.115832411 -14.781112671 0.987947941 0.144613937 0.055188015 131.118698120
0.035605468 0.122936122 -0.991775692 -86.569847107 -0.150397584 0.981761694 0.116295449 -14.779310226 0.987984240 0.145019904 0.053445384 131.183364868
0.034088623 0.117114916 -0.992533147 -87.512115479 -0.150754228 0.982349753 0.110735618 -14.770646095 0.987983346 0.145853758 0.051142510 131.252655029
0.032021768 0.112722255 -0.993110299 -88.450279236 -0.155462772 0.982088566 0.106458485 -14.762938499 0.987322628 0.150982723 0.048972327 131.314361572
0.031893000 0.110427298 -0.993372381 -89.422195435 -0.154193729 0.982523143 0.104270764 -14.756265640 0.987525761 0.149846271 0.048362803 131.362060547
0.030889532 0.111724094 -0.993259072 -90.373954773 -0.150132805 0.982977986 0.105898641 -14.761157036 0.988183141 0.145849630 0.047137178 131.426116943
0.030124985 0.112976931 -0.993140817 -91.326972961 -0.146602988 0.983346045 0.107415788 -14.758338928 0.988736570 0.142361537 0.046186041 131.495040894
0.028913442 0.113038637 -0.993169844 -92.272277832 -0.141713798 0.984012783 0.107870825 -14.760698318 0.989485264 0.137626961 0.044470336 131.564254761
0.027855784 0.110269606 -0.993511260 -93.217803955 -0.137547538 0.984865606 0.105453499 -14.763119698 0.990103364 0.133717522 0.042601515 131.628417969
0.027153296 0.107230619 -0.993863344 -94.174140930 -0.132025748 0.985904932 0.102764882 -14.771006584 0.990874290 0.128425181 0.040927779 131.684066772
0.026209850 0.109720640 -0.993616819 -95.134284973 -0.130139932 0.985873938 0.105432764 -14.772386551 0.991149127 0.126545876 0.040118653 131.742172241
0.024680018 0.112177603 -0.993381739 -96.080032349 -0.129795924 0.985632896 0.108077854 -14.771656990 0.991233528 0.126269549 0.038885634 131.806991577
0.023453424 0.109843209 -0.993672252 -97.040870667 -0.125217035 0.986441016 0.106088385 -14.764172554 0.991852105 0.121936530 0.036889661 131.859634399
0.020061010 0.107724398 -0.993978322 -97.991180420 -0.124205284 0.986745596 0.104433730 -14.778713226 0.992053747 0.121362336 0.033175047 131.920394897
0.017047524 0.105304480 -0.994293928 -98.941062927 -0.123024844 0.987102985 0.102433592 -14.779245377 0.992257297 0.120576605 0.029782724 131.976867676
0.014927114 0.104037769 -0.994461298 -99.903778076 -0.116694033 0.987956941 0.101605684 -14.784863472 0.993055820 0.114531025 0.026887935 132.024246216
0.011994390 0.104481645 -0.994454503 -100.847984314 -0.110816792 0.988538563 0.102523513 -14.781568527 0.993768573 0.108972542 0.023435237 132.086471558
0.009523110 0.111965887 -0.993666530 -101.850196838 -0.100960851 0.988741159 0.110443354 -14.776254654 0.994844794 0.099269651 0.020720065 132.145614624
0.006876668 0.120362088 -0.992706299 -102.809204102 -0.092992850 0.988504827 0.119208507 -14.772375107 0.995643079 0.091494814 0.017990433 132.204223633
0.002743661 0.119465217 -0.992834628 -103.763694763 -0.088792168 0.988945961 0.118751921 -14.762353897 0.996046424 0.087830104 0.013320907 132.262390137
0.001144806 0.109013729 -0.994039595 -104.717956543 -0.089694530 0.990044713 0.108472332 -14.756217957 0.995968640 0.089035727 0.010911345 132.288894653
-0.000942771 0.099348351 -0.995052338 -105.665763855 -0.091335878 0.990884960 0.099018820 -14.751170158 0.995819688 0.090977319 0.008139892 132.327941895
-0.001693088 0.101285540 -0.994855821 -106.616844177 -0.098858953 0.989967048 0.100956015 -14.756582260 0.995100021 0.098521352 0.008336877 132.356567383
-0.002157549 0.110643998 -0.993857861 -107.590072632 -0.102153607 0.988636434 0.110284500 -14.743433952 0.994766295 0.101764105 0.009169655 132.385726929
-0.003759655 0.121978305 -0.992525578 -108.552909851 -0.106083512 0.986883283 0.121686727 -14.730070114 0.994350135 0.105748102 0.009229546 132.417373657
-0.005315616 0.123656519 -0.992310762 -109.495697021 -0.112987459 0.985895932 0.123462394 -14.718060493 0.993582189 0.112774961 0.008730993 132.450637817
-0.004657447 0.121205412 -0.992616534 -110.484817505 -0.120765954 0.985293925 0.120877914 -14.703192711 0.992670059 0.120437250 0.010048534 132.465423584
-0.004924362 0.116939813 -0.993126810 -111.439018250 -0.128789127 0.984793603 0.116597176 -14.686882973 0.991659760 0.128478110 0.010211098 132.492126465
-0.002899502 0.119152315 -0.992871761 -112.405746460 -0.133369997 0.983959675 0.118472286 -14.667602539 0.991062045 0.132762805 0.013038349 132.519195557
-0.001207992 0.120561995 -0.992705047 -113.384162903 -0.141734377 0.982663512 0.119514935 -14.649105072 0.989903986 0.140844807 0.015900729 132.541656494
-0.000680197 0.123367198 -0.992360890 -114.347930908 -0.150964320 0.980975211 0.122055255 -14.630798340 0.988538921 0.149894133 0.017956790 132.564498901
-0.000542549 0.125410646 -0.992104769 -115.322731018 -0.156316549 0.979898334 0.123953134 -14.607083321 0.987706780 0.155149624 0.019072114 132.594543457
-0.000136659 0.124543428 -0.992214143 -116.298454285 -0.160371885 0.979368865 0.122953169 -14.590749741 0.987056673 0.159140095 0.019839425 132.634979248
0.001137768 0.115263201 -0.993334413 -117.251770020 -0.159374237 0.980659306 0.113609880 -14.593023300 0.987217546 0.158182666 0.019485749 132.672088623
0.002805979 0.103514060 -0.994624019 -118.204307556 -0.162450790 0.981463015 0.101686038 -14.581207275 0.986712635 0.161292136 0.019569907 132.708557129
