1.000000000 0.000000000 0.000000000 0.000000000 0.000000000 1.000000000 0.000000000 0.000000000 0.000000000 0.000000000 1.000000000 0.000000000
0.999997735 -0.001625441 -0.001383696 0.049980972 0.001622460 0.999996364 -0.002153302 -0.132931709 0.001387191 0.002151052 0.999996722 1.297335505
0.999997675 0.000034257 -0.002142690 0.105297729 -0.000047695 0.999980271 -0.006271740 -0.268611312 0.002142433 0.006271827 0.999978065 2.602359772
0.999996066 0.002463147 -0.001330646 0.148801595 -0.002473464 0.999966383 -0.007808295 -0.406875461 0.001311368 0.007811556 0.999968648 3.905560970
0.999983251 0.005783916 0.000234014 0.193001494 -0.005782255 0.999961734 -0.006568369 -0.545149922 -0.000271996 0.006566905 0.999978364 5.217481613
0.999975204 0.006570312 0.002530232 0.240517974 -0.006562231 0.999973357 -0.003188994 -0.688504517 -0.002551117 0.003172312 0.999991715 6.531261444
0.999960124 0.006800258 0.005785304 0.297689885 -0.006789778 0.999975204 -0.001829272 -0.826200783 -0.005797601 0.001789919 0.999981582 7.834013462
0.999943793 0.005206163 0.009226874 0.353731126 -0.005189256 0.999984741 -0.001855372 -0.959164321 -0.009236393 0.001807387 0.999955714 9.138515472
0.999913692 0.003867087 0.012552726 0.432082891 -0.003845467 0.999991059 -0.001746004 -1.095779538 -0.012559366 0.001697582 0.999919713 10.438577652
0.999870539 0.002560304 0.015881542 0.498323977 -0.002520935 0.999993682 -0.002498482 -1.231955409 -0.015887842 0.002458122 0.999870777 11.740054131
0.999810636 0.001597123 0.019392313 0.571975708 -0.001535873 0.999993742 -0.003172930 -1.371318102 -0.019397261 0.003142545 0.999806881 13.034170151
0.999744773 0.001369394 0.022550596 0.647040606 -0.001294618 0.999993622 -0.003330190 -1.513638258 -0.022555010 0.003300145 0.999740183 14.346591949
0.999664962 0.001287288 0.025848774 0.733589172 -0.001175444 0.999989808 -0.004341577 -1.652238488 -0.025854103 0.004309739 0.999656439 15.641510963
0.999576449 0.002163418 0.029021865 0.818328381 -0.002040309 0.999988794 -0.004270878 -1.789981246 -0.029030783 0.004209856 0.999569654 16.939727783
0.999477804 0.001764692 0.032263190 0.907614589 -0.001643914 0.999991477 -0.003769661 -1.929888844 -0.032269567 0.003714655 0.999472320 18.226152420
0.999413252 0.000172706 0.034250040 1.009655595 -0.000048923 0.999993443 -0.003614898 -2.070314646 -0.034250434 0.003611100 0.999406755 19.524858475
0.999348760 -0.002396284 0.036002569 1.105732679 0.002572975 0.999984860 -0.004862224 -2.211271048 -0.035990372 0.004951691 0.999339879 20.800527573
0.999306738 -0.002012776 0.037175436 1.205401659 0.002258701 0.999975860 -0.006574445 -2.355503082 -0.037161306 0.006653857 0.999287069 22.112133026
0.999262691 -0.001896523 0.038347632 1.288598299 0.002252653 0.999954760 -0.009245802 -2.498959064 -0.038328357 0.009325368 0.999221683 23.397895813
0.999229729 -0.001471524 0.039214697 1.393617630 0.001892245 0.999941051 -0.010693712 -2.641973495 -0.039196651 0.010759681 0.999173522 24.684423447
0.999186337 -0.000788562 0.040323529 1.493837714 0.001243630 0.999935925 -0.011261593 -2.788812637 -0.040312055 0.011302578 0.999123216 25.954092026
0.999162376 -0.002466983 0.040845245 1.590807915 0.002890813 0.999942541 -0.010320701 -2.935192585 -0.040817440 0.010430132 0.999112189 27.244438171
0.999159276 -0.005396972 0.040640809 1.696014166 0.005769239 0.999942422 -0.009048254 -3.083389521 -0.040589631 0.009275113 0.999132872 28.522573471
0.999181688 -0.006856970 0.039860241 1.790236115 0.007246314 0.999927342 -0.009631474 -3.228010654 -0.039791301 0.009912430 0.999158859 29.813020706
0.999200821 -0.008433528 0.039071582 1.894948125 0.008915165 0.999886155 -0.012169220 -3.374336481 -0.038964510 0.012507825 0.999162257 31.079662323
0.999230087 -0.008738683 0.038251188 2.003024340 0.009211836 0.999882936 -0.012210921 -3.522975206 -0.038140010 0.012553881 0.999193549 32.361217499
0.999246240 -0.009288849 0.037694596 2.101203442 0.009770653 0.999872625 -0.012617661 -3.666390896 -0.037572596 0.012976449 0.999209583 33.633178711
0.999258757 -0.009785300 0.037231941 2.194382429 0.010265015 0.999866486 -0.012715175 -3.811578751 -0.037102554 0.013087936 0.999225736 34.896751404
0.999260843 -0.010259445 0.037047550 2.281834126 0.010765296 0.999851167 -0.013480519 -3.953704834 -0.036903739 0.013869381 0.999222577 36.156223297
0.999308944 -0.010957211 0.035519347 2.397247314 0.011439388 0.999844790 -0.013400404 -4.112380028 -0.035367001 0.013797461 0.999279141 37.443168640
0.999301076 -0.010602354 0.035846058 2.481402874 0.011026812 0.999871254 -0.011664229 -4.257533073 -0.035717763 0.012051345 0.999289274 38.706737518
0.999273956 -0.010690153 0.036567722 2.589035034 0.011086459 0.999881744 -0.010652064 -4.396004200 -0.036449514 0.011049736 0.999274433 39.968223572
0.999193072 -0.012375396 0.038209084 2.698501587 0.012724574 0.999879360 -0.008909056 -4.540489674 -0.038094223 0.009388062 0.999230027 41.215965271
0.999080300 -0.013661360 0.040646344 2.795249462 0.014088651 0.999848187 -0.010244546 -4.684444904 -0.040500231 0.010807774 0.999121189 42.481563568
0.998951316 -0.014892097 0.043296184 2.887306690 0.015484640 0.999790490 -0.013382757 -4.834333420 -0.043087821 0.014039148 0.998972654 43.734897614
0.998861492 -0.015949132 0.044959340 3.002403736 0.016612342 0.999758065 -0.014416457 -4.981254101 -0.044718537 0.015146925 0.998884737 44.998455048
0.998741150 -0.016163323 0.047485281 3.126853466 0.016810037 0.999770880 -0.013251599 -5.114978790 -0.047260210 0.014033146 0.998784006 46.230220795
0.998526037 -0.017546657 0.051360708 3.228482723 0.018068342 0.999789715 -0.009710691 -5.270130157 -0.051179517 0.010624380 0.998632967 47.494434357
0.998257816 -0.020522131 0.055320114 3.339950323 0.020974711 0.999751031 -0.007612815 -5.410021305 -0.055150114 0.008759875 0.998439610 48.721393585
0.998019874 -0.022561936 0.058714040 3.475159168 0.023077141 0.999700785 -0.008111602 -5.549158573 -0.058513466 0.009450492 0.998241901 49.974304199
0.997732401 -0.025938643 0.062107325 3.613238811 0.026722889 0.999572873 -0.011830011 -5.684878349 -0.061773941 0.013462871 0.997999370 51.205265045
0.997450173 -0.027071446 0.066032209 3.747530937 0.027915919 0.999539435 -0.011899585 -5.820721149 -0.065679654 0.013712594 0.997746527 52.442592621
0.997100294 -0.029684482 0.070069157 3.878634691 0.030410236 0.999494195 -0.009313511 -5.961541176 -0.069757253 0.011417326 0.997498572 53.661716461
0.996819794 -0.032293163 0.072852567 4.034697056 0.032834239 0.999441326 -0.006241205 -6.093565464 -0.072610319 0.008613415 0.997323215 54.879940033
0.996588945 -0.034836289 0.074812375 4.188067913 0.035276197 0.999367177 -0.004566414 -6.225358963 -0.074605957 0.007189935 0.997187197 56.099250793
0.996371269 -0.037940722 0.076188266 4.336423874 0.038155254 0.999270916 -0.001361631 -6.349645615 -0.076081067 0.004263672 0.997092545 57.308654785
0.996207476 -0.040968880 0.076760516 4.487312317 0.041088440 0.999155521 0.000021686 -6.475478649 -0.076696590 0.003132367 0.997049510 58.510398865
0.996155202 -0.043176938 0.076225907 4.636330605 0.043539464 0.999046922 -0.003099716 -6.602244854 -0.076019421 0.006406633 0.997085750 59.725551605
0.996158242 -0.044330899 0.075521499 4.783657074 0.045018144 0.998958647 -0.007421275 -6.730717182 -0.075113855 0.010792602 0.997116506 60.912296295
0.996168792 -0.045556445 0.074648060 4.913635254 0.046529640 0.998852432 -0.011349415 -6.860235691 -0.074045345 0.014779282 0.997145355 62.120220184
0.996206462 -0.046972055 0.073254079 5.056430340 0.048107553 0.998746634 -0.013813301 -6.991720200 -0.072513424 0.017284974 0.997217596 63.311172485
0.996341884 -0.047424998 0.071088143 5.190727234 0.048539795 0.998722613 -0.014036357 -7.127426624 -0.070331655 0.017435616 0.997371197 64.485359192
0.996556163 -0.047157332 0.068205863 5.326104164 0.048163768 0.998752356 -0.013186488 -7.270693302 -0.067498937 0.016426127 0.997584045 65.704559326
0.996771872 -0.046316266 0.065578490 5.443869114 0.047143284 0.998826206 -0.011119578 -7.403402805 -0.064986505 0.014175268 0.997785389 66.886009216
0.997184932 -0.042621106 0.061688893 5.562444210 0.043158446 0.999040723 -0.007403803 -7.538122177 -0.061314158 0.010045357 0.998067975 68.065544128
0.997471154 -0.040671933 0.058283035 5.680801868 0.041030802 0.999145448 -0.004973503 -7.665630817 -0.058030952 0.007352327 0.998287737 69.240913391
0.997651696 -0.039425571 0.056007102 5.781255245 0.039962426 0.999164939 -0.008497734 -7.795958996 -0.055625308 0.010715956 0.998394251 70.416534424
0.997850358 -0.039796814 0.052065689 5.897163391 0.040641382 0.999057174 -0.015263882 -7.932502747 -0.051409155 0.017347088 0.998526990 71.589660645
0.997863710 -0.043875586 0.048403002 6.007867813 0.044814497 0.998824298 -0.018485621 -8.065366745 -0.047535025 0.020615287 0.998656809 72.758026123
0.997901201 -0.047435261 0.044080656 6.119935036 0.048070233 0.998753428 -0.013457622 -8.203700066 -0.043387335 0.015548350 0.998937309 73.930725098
0.997888863 -0.051207561 0.039945152 6.224436760 0.051584125 0.998632908 -0.008453370 -8.331626892 -0.039457664 0.010496063 0.999166071 75.089675903
0.997946382 -0.053455409 0.035295825 6.321730614 0.053691026 0.998540998 -0.005760859 -8.458907127 -0.034936383 0.007644096 0.999360323 76.280700684
0.998122871 -0.052679438 0.031231795 6.409431934 0.052810267 0.998598874 -0.003378205 -8.584074974 -0.031010073 0.005021222 0.999506474 77.438346863
0.998252571 -0.052377287 0.027357209 6.501416206 0.052493732 0.998614907 -0.003554989 -8.696009636 -0.027133120 0.004984859 0.999619424 78.591651917
0.998398542 -0.050932582 0.024621377 6.564592361 0.051075656 0.998681188 -0.005216994 -8.831737518 -0.024323190 0.006466191 0.999683380 79.765571594
0.998581827 -0.048742946 0.021412287 6.639701366 0.048970945 0.998747528 -0.010255354 -8.960462570 -0.020885596 0.011289391 0.999718189 80.910224915
0.998499990 -0.051949807 0.017295770 6.725301266 0.052209202 0.998524964 -0.014899381 -9.100503922 -0.016496237 0.015780028 0.999739349 82.063896179
0.998378515 -0.054904401 0.015029937 6.782464981 0.055143401 0.998350620 -0.015977226 -9.227290154 -0.014127926 0.016780121 0.999759436 83.199417114
0.998428345 -0.054947224 0.011031481 6.856123924 0.055084769 0.998402417 -0.012577371 -9.358027458 -0.010322765 0.013165265 0.999859989 84.351745605
0.998422325 -0.055500209 0.008516438 6.916188240 0.055586040 0.998401880 -0.010196827 -9.484342575 -0.007936902 0.010654136 0.999911726 85.484237671
0.998565257 -0.053004306 0.007611363 6.971665859 0.053092998 0.998517811 -0.011967026 -9.612598419 -0.006965779 0.012353965 0.999899387 86.624511719
0.998762310 -0.049280714 0.006728708 7.026854038 0.049376674 0.998668671 -0.014928146 -9.745315552 -0.005984080 0.015241913 0.999865949 87.756370544
0.998822927 -0.048220966 0.005238383 7.082741737 0.048304867 0.998683035 -0.017283887 -9.876976967 -0.004398039 0.017516579 0.999836862 88.874549866
0.998772383 -0.049324602 0.004570466 7.137382030 0.049398750 0.998619616 -0.017850548 -10.011224747 -0.003683687 0.018054411 0.999830246 89.991546631
0.998741627 -0.049981736 0.004128517 7.175356388 0.050040077 0.998626769 -0.015502227 -10.145647049 -0.003348020 0.015689310 0.999871254 91.114944458
0.998651445 -0.051834997 0.002907271 7.235784054 0.051867932 0.998573065 -0.012708544 -10.271508217 -0.002244376 0.012842201 0.999915004 92.224739075
0.998663783 -0.051594891 0.002950963 7.285008430 0.051627561 0.998590112 -0.012344731 -10.396210670 -0.002309878 0.012480587 0.999919415 93.365325928
0.998657823 -0.051694967 0.003172369 7.326371193 0.051735412 0.998557448 -0.014368205 -10.529010773 -0.002425029 0.014513046 0.999891698 94.489173889
0.998655498 -0.051777709 0.002498200 7.387030125 0.051814042 0.998498380 -0.017782114 -10.658920288 -0.001573731 0.017887648 0.999838769 95.588363647
0.998599350 -0.052867640 0.002090870 7.441655159 0.052897669 0.998422742 -0.018811587 -10.791132927 -0.001093048 0.018895842 0.999820888 96.692886353
0.998606622 -0.052703008 0.002727651 7.484913826 0.052743305 0.998449862 -0.017777292 -10.923418045 -0.001786506 0.017896388 0.999838233 97.764190674
0.998623669 -0.052349873 0.003191660 7.537914753 0.052385062 0.998552740 -0.012174062 -11.044476509 -0.002549731 0.012324499 0.999920726 98.854011536
0.998706102 -0.050678723 0.004214823 7.591449738 0.050715011 0.998672605 -0.009001778 -11.165408134 -0.003753029 0.009203888 0.999950588 99.914268494
0.998777211 -0.049053077 0.006148590 7.648352146 0.049110152 0.998748124 -0.009502887 -11.276117325 -0.005674747 0.009793226 0.999935925 100.967285156
0.998870015 -0.046833728 0.008080159 7.700160980 0.046917625 0.998843312 -0.010525311 -11.408583641 -0.007577875 0.010892522 0.999911964 102.011169434
0.998837709 -0.046992511 0.010713750 7.754672050 0.047130253 0.998804331 -0.012989355 -11.527223587 -0.010090536 0.013479201 0.999858260 103.022933960
0.998745859 -0.048533726 0.012301107 7.821186066 0.048701730 0.998718798 -0.013746094 -11.640065193 -0.011618199 0.014327940 0.999829829 104.027496338
0.998630226 -0.050336733 0.014276195 7.876262665 0.050518639 0.998642564 -0.012681373 -11.769804001 -0.013618479 0.013385216 0.999817610 105.030532837
0.998618066 -0.050166141 0.015666597 7.942122936 0.050346155 0.998667717 -0.011315160 -11.882150650 -0.015078087 0.012088276 0.999813259 105.989456177
0.998542905 -0.051157355 0.017171863 8.003603935 0.051333901 0.998631477 -0.010002282 -11.988303185 -0.016636670 0.010869209 0.999802649 106.944465637
0.998468161 -0.051855780 0.019295603 8.060479164 0.052061286 0.998590708 -0.010304320 -12.095693588 -0.018734071 0.011293089 0.999760747 107.861412048
0.998440564 -0.051795572 0.020820351 8.125135422 0.051983394 0.998611152 -0.008583309 -12.195446014 -0.020346859 0.009652237 0.999746323 108.766868591
0.998447359 -0.050790913 0.022870947 8.182283401 0.050952774 0.998679519 -0.006550861 -12.292833328 -0.022508023 0.007706028 0.999716938 109.636497498
0.998416185 -0.050996736 0.023758279 8.250759125 0.051085308 0.998689353 -0.003135772 -12.395040512 -0.023567228 0.004344504 0.999712825 110.495574951
0.998366237 -0.051120751 0.025524266 8.309649467 0.051212467 0.998683393 -0.002952234 -12.487872124 -0.025339747 0.004254572 0.999669909 111.319450378
0.998382330 -0.050185155 0.026722737 8.361759186 0.050261959 0.998733640 -0.002209992 -12.577315331 -0.026577987 0.003549555 0.999640405 112.133255005
0.998480618 -0.047947537 0.027155265 8.415604591 0.048016228 0.998844802 -0.001882894 -12.657382965 -0.027033620 0.003183926 0.999629438 112.913307190
0.998620212 -0.045333385 0.026505278 8.460321426 0.045318663 0.998971939 0.001156019 -12.734912872 -0.026530433 0.000046761 0.999647975 113.663581848
0.998707294 -0.045215704 0.023228483 8.510257721 0.045178209 0.998976648 0.002136600 -12.818637848 -0.023301318 -0.001084417 0.999727905 114.418457031
0.998831809 -0.045184970 0.017129332 8.544822693 0.045154050 0.998977542 0.002188064 -12.891816139 -0.017210687 -0.001412049 0.999850929 115.113700867
0.999030113 -0.043498769 0.006831083 8.570691109 0.043491967 0.999053121 0.001142499 -12.967454910 -0.006874310 -0.000844294 0.999975979 115.781074524
0.999149382 -0.040690996 -0.006696880 8.569038391 0.040678099 0.999170125 -0.002051554 -13.033600807 0.006774800 0.001777392 0.999975443 116.420166016
0.998868108 -0.039667785 -0.026247513 8.577877045 0.039572373 0.999208093 -0.004144831 -13.106337547 0.026391143 0.003101463 0.999646902 117.044570923
0.998110592 -0.038018331 -0.048268043 8.541456223 0.037749123 0.999266207 -0.006477101 -13.175274849 0.048478875 0.004642787 0.998813331 117.631065369
0.996414721 -0.036523044 -0.076312974 8.505039215 0.036004893 0.999318361 -0.008155070 -13.243961334 0.076558813 0.005378191 0.997050524 118.201225281
0.993520141 -0.034293275 -0.108358756 8.432702065 0.033345804 0.999388218 -0.010544253 -13.307674408 0.108654059 0.006862617 0.994055927 118.747062683
0.989270329 -0.029415110 -0.143104762 8.318092346 0.028022557 0.999538422 -0.011737215 -13.375037193 0.143383950 0.007601118 0.989637971 119.297378540
0.982971549 -0.023537232 -0.182244211 8.218399048 0.021887902 0.999699295 -0.011056422 -13.438796043 0.182449639 0.006879204 0.983191252 119.798614502
0.974504888 -0.018224448 -0.223624572 8.077287674 0.016585261 0.999820054 -0.009206265 -13.494688034 0.223752096 0.005262678 0.974631906 120.301612854
0.963195622 -0.013579868 -0.268458039 7.905319214 0.011968894 0.999899268 -0.007636613 -13.553020477 0.268534660 0.004142406 0.963261127 120.796989441
0.949043810 -0.007439123 -0.315056413 7.713867188 0.005167378 0.999954283 -0.008045278 -13.610359192 0.315101832 0.006007306 0.949038863 121.260429382
0.931687474 0.000498008 -0.363260537 7.481536865 -0.003932660 0.999954224 -0.008715577 -13.669452667 0.363239616 0.009548774 0.931646764 121.739646912
0.910636663 0.005015714 -0.413177550 7.230861664 -0.009987841 0.999901235 -0.009874871 -13.717057228 0.413087279 0.013119170 0.910596967 122.172424316
0.885576785 0.009324326 -0.464399397 6.964725494 -0.014993329 0.999851346 -0.008515955 -13.771712303 0.464250892 0.014504425 0.885584891 122.584365845
0.856473207 0.012573401 -0.516038358 6.681549072 -0.019851238 0.999765933 -0.008587718 -13.811846733 0.515809655 0.017599151 0.856522381 122.990097046
0.825309753 0.022476040 -0.564232707 6.348991394 -0.030569205 0.999520600 -0.004898333 -13.867238998 0.563852191 0.021290790 0.825601161 123.354194641
0.791745603 0.035806049 -0.609800518 5.999908447 -0.043833401 0.999037325 0.001749204 -13.910823822 0.609276235 0.025344709 0.792553008 123.701103210
0.755766749 0.044532876 -0.653324842 5.643886566 -0.055037782 0.998474598 0.004391714 -13.950899124 0.652523875 0.032638442 0.757064939 124.020751953
0.715910673 0.048440270 -0.696509480 5.277748108 -0.062038325 0.998057783 0.005645706 -13.999959946 0.695430279 0.039168462 0.717525363 124.319488525
0.673368216 0.050072841 -0.737609625 4.901874542 -0.064673044 0.997868598 0.008700183 -14.045044899 0.736473083 0.041845031 0.675171435 124.604003906
0.629424036 0.053634543 -0.775208831 4.490695953 -0.068047203 0.997587085 0.013769944 -14.082112312 0.774076819 0.044083655 0.631554961 124.881225586
0.584680855 0.062206116 -0.808874965 4.063949585 -0.079378776 0.996658266 0.019269953 -14.111612320 0.807370543 0.052940723 0.587664902 125.108856201
0.538969994 0.071088672 -0.839319825 3.622432709 -0.090884164 0.995523095 0.025957426 -14.136628151 0.837407470 0.062290605 0.543017924 125.320648193
0.491584420 0.076163478 -0.867492974 3.171634674 -0.096000172 0.994836032 0.032943189 -14.168251991 0.865522265 0.067085110 0.496357530 125.529754639
0.444870651 0.077136278 -0.892266810 2.700939178 -0.095434800 0.994694412 0.038408767 -14.186777115 0.890495539 0.068066373 0.449871838 125.705749512
0.398094833 0.078936264 -0.913941741 2.227191925 -0.093171686 0.994617999 0.045320474 -14.208732605 0.912600398 0.067111649 0.403306991 125.872573853
0.351895630 0.081844598 -0.932454228 1.735733032 -0.094583057 0.994180441 0.051568136 -14.231859207 0.931248367 0.070047766 0.357588947 126.023002625
0.308212787 0.084869191 -0.947524190 1.231376648 -0.100092091 0.993377388 0.056418046 -14.250745773 0.946037233 0.077450916 0.314666390 126.138748169
0.267026365 0.086715445 -0.959779859 0.710016251 -0.105085202 0.992624402 0.060446501 -14.269382477 0.957942605 0.084717870 0.274169415 126.240783691
0.228104532 0.083222814 -0.970073402 0.183341980 -0.105597980 0.992577672 0.060322989 -14.285210609 0.967893243 0.088677838 0.235199660 126.334938049
0.193362981 0.078551799 -0.977977753 -0.354188919 -0.100417309 0.993139684 0.059915401 -14.306707382 0.975974977 0.086620465 0.199924409 126.425354004
0.162911460 0.073097929 -0.983929217 -0.907850266 -0.097840704 0.993533134 0.057611704 -14.322690010 0.981777549 0.086882725 0.169009909 126.505561829
0.135677382 0.071549572 -0.988166153 -1.468942642 -0.098113984 0.993456542 0.058461361 -14.346170425 0.985882938 0.089021027 0.141809613 126.586349487
0.113705918 0.070748195 -0.990992367 -2.050529480 -0.099268086 0.993278861 0.059521485 -14.361473083 0.988542795 0.091605954 0.119964734 126.650764465
0.095507637 0.071952075 -0.992824912 -2.657460213 -0.101556703 0.992884159 0.062186841 -14.373465538 0.990234554 0.094888702 0.102135241 126.698425293
0.079030052 0.070410721 -0.994382560 -3.259776115 -0.102345265 0.992804587 0.062164940 -14.399934769 0.991604626 0.096857443 0.085667588 126.754516602
0.065403573 0.069337010 -0.995447040 -3.878535271 -0.101596735 0.992861569 0.062481746 -14.424625397 0.992673397 0.097047649 0.071981125 126.799819946
0.052963581 0.066774674 -0.996361375 -4.524985790 -0.096601635 0.993424773 0.061442818 -14.448392868 0.993912876 0.092995904 0.059065893 126.854782104
0.040686011 0.064206727 -0.997106910 -5.171790600 -0.094277218 0.993727684 0.060142241 -14.467226982 0.994714260 0.091557525 0.046484053 126.900009155
0.029973498 0.063875750 -0.997507632 -5.830771446 -0.093769476 0.993734717 0.060816508 -14.488126755 0.995142639 0.091712885 0.035775289 126.934898376
0.021142524 0.065281451 -0.997642934 -6.501176834 -0.097320721 0.993261397 0.062932283 -14.510888100 0.995028436 0.095760785 0.027353294 126.944122314
0.012697295 0.064585261 -0.997831404 -7.200359821 -0.100158736 0.992975175 0.062996432 -14.534784317 0.994890392 0.099141672 0.019076878 126.964241028
0.006202158 0.064134695 -0.997921944 -7.887350082 -0.102866933 0.992688000 0.063158989 -14.557236671 0.994675815 0.102261461 0.012754146 126.983657837
0.000740698 0.065573089 -0.997847497 -8.582556725 -0.103480019 0.992495835 0.065144606 -14.579779625 0.994631290 0.103209034 0.007520647 127.001182556
-0.002792868 0.067436785 -0.997719765 -9.302041054 -0.105102636 0.992177784 0.067356423 -14.595659256 0.994457483 0.105051093 0.004316763 127.026412964
-0.003769489 0.070866317 -0.997478724 -10.019816399 -0.107418649 0.991685450 0.070860654 -14.616281509 0.994206786 0.107414916 0.003874217 127.043106079
-0.004798137 0.074251875 -0.997228026 -10.753436089 -0.110275134 0.991117954 0.074327521 -14.630569458 0.993889451 0.110326082 0.003432616 127.056213379
-0.006072992 0.080209740 -0.996759534 -11.484552383 -0.115248509 0.990079641 0.080374390 -14.646771431 0.993318141 0.115363158 0.003231307 127.066444397
-0.007337940 0.083641917 -0.996468902 -12.222255707 -0.118175641 0.989440024 0.083922178 -14.658818245 0.992965639 0.118374154 0.002623986 127.084564209
-0.008776065 0.084349327 -0.996397614 -12.966622353 -0.117526241 0.989442885 0.084795736 -14.676553726 0.993031085 0.117847033 0.001229844 127.101684570
-0.009832897 0.080926493 -0.996671677 -13.739323616 -0.115748465 0.989927590 0.081520870 -14.693891525 0.993229866 0.116164774 -0.000366735 127.118713379
-0.011477795 0.077617966 -0.996917069 -14.491878510 -0.119459644 0.989736021 0.078434236 -14.700347900 0.992772758 0.119991608 -0.002087774 127.131721497
-0.012590791 0.079470187 -0.996757686 -15.265277863 -0.124394186 0.988968492 0.080420487 -14.711609840 0.992152929 0.125003412 -0.002566265 127.132575989
-0.014018905 0.082323365 -0.996507049 -16.037637711 -0.121502630 0.989079535 0.083419055 -14.724477768 0.992492080 0.122247688 -0.003863308 127.149665833
-0.016269807 0.082478449 -0.996460080 -16.811614990 -0.120315634 0.989188910 0.083841093 -14.740988731 0.992602348 0.121253796 -0.006170466 127.167457581
-0.016980441 0.081686705 -0.996513426 -17.600151062 -0.123725958 0.988825381 0.083164766 -14.751276970 0.992171168 0.124706753 -0.006683925 127.167518616
-0.018136814 0.081474312 -0.996510386 -18.396461487 -0.127545685 0.988342941 0.083127923 -14.766298294 0.991666853 0.128608271 -0.007533695 127.181335449
-0.019395849 0.085636340 -0.996137679 -19.193471909 -0.129395187 0.987730920 0.087433085 -14.771774292 0.991403401 0.130591244 -0.008076948 127.191246033
-0.020273656 0.090469308 -0.995692849 -19.996456146 -0.128758058 0.987368047 0.092334598 -14.785458565 0.991468787 0.130075455 -0.008368905 127.208648682
-0.018723369 0.092788957 -0.995509624 -20.822866440 -0.130085826 0.986994624 0.094441921 -14.790188789 0.991325855 0.131269991 -0.006409333 127.214782715
-0.016874535 0.091691285 -0.995644510 -21.641405106 -0.129535064 0.987193763 0.093108445 -14.798421860 0.991431117 0.130542040 -0.004781198 127.227569580
-0.015670950 0.091729902 -0.995660603 -22.472978592 -0.129428625 0.987218916 0.092989281 -14.803137779 0.991464853 0.130324230 -0.003598184 127.240119934
-0.015550048 0.090799890 -0.995747745 -23.301088333 -0.127782330 0.987521768 0.092045292 -14.810522079 0.991680324 0.128670260 -0.003753392 127.263526917
-0.014598600 0.092817679 -0.995576084 -24.138902664 -0.128653094 0.987231553 0.093926214 -14.816981316 0.991582155 0.129455134 -0.002470918 127.282798767
-0.014283464 0.094830349 -0.995391011 -24.977884293 -0.130242273 0.986835003 0.095884137 -14.818446159 0.991379321 0.131011561 -0.001744503 127.304077148
-0.014112294 0.097286664 -0.995156467 -25.853071213 -0.133261278 0.986193955 0.098300271 -14.818269730 0.990980446 0.134003058 -0.000952912 127.315650940
-0.012527480 0.098421015 -0.995065987 -26.716028214 -0.135428026 0.985807598 0.099210247 -14.816303253 0.990707994 0.136002705 0.000979280 127.329811096
-0.010861438 0.101681143 -0.994757771 -27.585590363 -0.142114833 0.984561145 0.102190584 -14.817133904 0.989790618 0.142479748 0.003756649 127.346939087
-0.008539204 0.105413340 -0.994391859 -28.469978333 -0.146816969 0.983519197 0.105521508 -14.811237335 0.989126801 0.146894693 0.007077993 127.364501953
-0.006538408 0.107232898 -0.994212389 -29.344223022 -0.149314627 0.982982934 0.107003666 -14.806208611 0.988768101 0.149150088 0.009584294 127.397659302
-0.002667905 0.108180143 -0.994127750 -30.242294312 -0.148273408 0.983099580 0.107378013 -14.808279037 0.988942742 0.147689208 0.013417422 127.421424866
0.000016822 0.108224481 -0.994126499 -31.134992599 -0.150997669 0.982728183 0.106981054 -14.803516388 0.988534033 0.150108993 0.016358174 127.451789856
0.002114074 0.112178735 -0.993685782 -32.032909393 -0.151663125 0.982229114 0.110562712 -14.797956467 0.988429904 0.150471762 0.019089885 127.488235474
0.004568354 0.113877848 -0.993484259 -32.947586060 -0.150489703 0.982258320 0.111899078 -14.788482666 0.988601029 0.148997962 0.021624748 127.529754639
0.006470618 0.115126237 -0.993329763 -33.842407227 -0.151153818 0.982049346 0.112834215 -14.784688950 0.988489091 0.149415508 0.023756238 127.570243835
0.009125549 0.113317072 -0.993516922 -34.750160217 -0.152566880 0.982083619 0.110611692 -14.777128220 0.988250971 0.150568411 0.026250491 127.599906921
0.009509019 0.114510208 -0.993376553 -35.666900635 -0.156935528 0.981281638 0.111613721 -14.766078949 0.987563074 0.154834777 0.027301745 127.642776489
0.010795004 0.115224220 -0.993280768 -36.563247681 -0.157675967 0.981107712 0.112098433 -14.761276245 0.987431824 0.155406430 0.028759150 127.679168701
0.011228800 0.111620978 -0.993687451 -37.457916260 -0.158370420 0.981405616 0.108451754 -14.758684158 0.987315953 0.156152919 0.028697470 127.714851379
0.011476730 0.107511148 -0.994137645 -38.361476898 -0.159171745 0.981722653 0.104330987 -14.760931969 0.987184227 0.157041252 0.028379707 127.767982483
0.011872198 0.106816866 -0.994207799 -39.258960724 -0.158895314 0.981845737 0.103591263 -14.756494522 0.987224102 0.156745106 0.028629363 127.811721802
0.011791646 0.110733613 -0.993780255 -40.163898468 -0.161180735 0.981063366 0.107404120 -14.750555038 0.986854494 0.158911750 0.029416472 127.852485657
0.012311327 0.117101617 -0.993043602 -41.094753265 -0.162083507 0.980218649 0.113579810 -14.738034248 0.986700237 0.159557670 0.031048030 127.887863159
0.012410286 0.115744613 -0.993201435 -41.988716125 -0.159838602 0.980735242 0.112294607 -14.738451004 0.987065315 0.157358304 0.030671656 127.935134888
0.013371646 0.105379127 -0.994342268 -42.880916595 -0.159202099 0.981970251 0.101927057 -14.743749619 0.987155437 0.156938419 0.029907137 127.979331970
0.013837274 0.095005505 -0.995380461 -43.813354492 -0.161027059 0.982694149 0.091556102 -14.747995377 0.986853004 0.159016311 0.028896268 128.018600464
0.012743057 0.092076845 -0.995670378 -44.716495514 -0.157967761 0.983432233 0.088923343 -14.757242203 0.987362027 0.156150654 0.027077107 128.066101074
0.012569847 0.101927802 -0.994712353 -45.635898590 -0.150575936 0.983640015 0.098890431 -14.759451866 0.988518536 0.148536712 0.027712079 128.117797852
0.012500682 0.115175873 -0.993266404 -46.581649780 -0.145395741 0.982996106 0.112155080 -14.756895065 0.989294708 0.143014684 0.029034201 128.180770874
0.012850432 0.124169707 -0.992177844 -47.502658844 -0.145534426 0.981925845 0.121001765 -14.747879028 0.989269733 0.142841101 0.030689135 128.227890015
0.012511273 0.118563019 -0.992867708 -48.419952393 -0.145820469 0.982546628 0.115493014 -14.745883942 0.989231944 0.143335506 0.029581822 128.270645142
0.012693526 0.105080247 -0.994382679 -49.340957642 -0.145970106 0.984004080 0.102120161 -14.745963097 0.989207506 0.143853888 0.027829058 128.313583374
0.013151153 0.096187510 -0.995276451 -50.255901337 -0.146528438 0.984802425 0.093239121 -14.746255875 0.989119053 0.144610077 0.027045500 128.359817505
0.013637622 0.096305475 -0.995258391 -51.178794861 -0.145907015 0.984888613 0.093302757 -14.756707191 0.989204347 0.143942758 0.027483182 128.406829834
0.012954439 0.097866915 -0.995115161 -52.125049591 -0.148581922 0.984338582 0.094872832 -14.772181511 0.988815248 0.146627083 0.027292809 128.452438354
0.013686213 0.097395509 -0.995151639 -53.053001404 -0.153258115 0.983689368 0.094165958 -14.774805069 0.988091350 0.151226282 0.028389636 128.486541748
0.014112134 0.096656099 -0.995217800 -53.996425629 -0.154834285 0.983522594 0.093324721 -14.775135040 0.987839699 0.152776808 0.028845280 128.529129028
0.014739837 0.104441620 -0.994421780 -54.958938599 -0.163666844 0.981368244 0.100644708 -14.779354095 0.986405492 0.161270410 0.031558841 128.574172974
0.016142869 0.113873236 -0.993364155 -55.898933411 -0.169049829 0.979501665 0.109536983 -14.772064209 0.985475302 0.166159764 0.035062235 128.614639282
0.017582206 0.122054204 -0.992367685 -56.858963013 -0.169532284 0.978513479 0.117346570 -14.763732910 0.985367894 0.166175112 0.037896559 128.657455444
0.018367898 0.122689486 -0.992275119 -57.811714172 -0.171406701 0.978136122 0.117768407 -14.755649567 0.985029161 0.167919457 0.038996108 128.709823608
0.020122837 0.113224186 -0.993365645 -58.755954742 -0.173403919 0.978904188 0.108063199 -14.754332542 0.984645188 0.170078933 0.039331850 128.754089355
0.021386569 0.108242765 -0.993894279 -59.693153381 -0.171914086 0.979712546 0.102999002 -14.748977661 0.984879792 0.168661639 0.039561138 128.810607910
0.023179606 0.106702760 -0.994020641 -60.664344788 -0.170037448 0.980221570 0.101256393 -14.749439240 0.985164940 0.166673660 0.040864613 128.870193481
0.026514135 0.112584636 -0.993288219 -61.624778748 -0.171887487 0.979351938 0.106416769 -14.748294830 0.984759748 0.167912304 0.045318551 128.931594849
0.030067135 0.114902318 -0.992921650 -62.598060608 -0.174690381 0.978686273 0.107965112 -14.750414848 0.984164238 0.170207664 0.049498621 128.987487793
0.033915792 0.109783925 -0.993376672 -63.554130554 -0.173740417 0.979462147 0.102314323 -14.749893188 0.984207332 0.169119596 0.052293137 129.050857544
0.037228629 0.103935391 -0.993887007 -64.510192871 -0.173677608 0.980113328 0.095989451 -14.753586769 0.984098673 0.169042364 0.054539524 129.117492676
0.040924344 0.103741929 -0.993762016 -65.467819214 -0.171448827 0.980572462 0.095304564 -14.753597260 0.984342635 0.166479066 0.057915721 129.188629150
0.043142747 0.108154193 -0.993197680 -66.427474976 -0.168829963 0.980615139 0.099450387 -14.769494057 0.984700561 0.163390964 0.060566109 129.275054932
0.046541072 0.115001224 -0.992274404 -67.385574341 -0.168235123 0.980063975 0.105695263 -14.771049500 0.984647632 0.162016213 0.064960465 129.355941772
0.048974190 0.118858270 -0.991702735 -68.352294922 -0.165955245 0.980060935 0.109267466 -14.774644852 0.984916449 0.159226969 0.067722842 129.444473267
0.051201075 0.120139852 -0.991435826 -69.331962585 -0.165629461 0.980011404 0.110201828 -14.770772934 0.984858096 0.158568501 0.070076346 129.524703979
0.053467270 0.117621772 -0.991618037 -70.270988464 -0.164361775 0.980530858 0.107444398 -14.773408890 0.984949887 0.157239348 0.071758837 129.606201172
0.054071426 0.116410345 -0.991728187 -71.215400696 -0.162363306 0.980988801 0.106297299 -14.778427124 0.985248446 0.155272603 0.071944222 129.696594238
0.054813650 0.112946466 -0.992087901 -72.161491394 -0.159373596 0.981833220 0.102973476 -14.787037849 0.985695362 0.152468279 0.071818545 129.786331177
0.054424211 0.112165384 -0.992198050 -73.146125793 -0.157599479 0.982180893 0.102388270 -14.776452065 0.986002147 0.150797486 0.071131617 129.873382568
0.054026656 0.117033146 -0.991657376 -74.099067688 -0.154278085 0.982161105 0.107507154 -14.780323982 0.986549199 0.147182748 0.071118541 129.963073730
0.053343151 0.118966401 -0.991464376 -75.058044434 -0.148254514 0.982817888 0.109952465 -14.786409378 0.987509549 0.141123831 0.070063904 130.063568115
0.052960038 0.113925591 -0.992076695 -76.015342712 -0.145537883 0.983743787 0.105199419 -14.769493103 0.987934113 0.138813332 0.068679594 130.145263672
0.051383857 0.110092767 -0.992592156 -76.985130310 -0.147466987 0.983846307 0.101488747 -14.770979881 0.987731338 0.141159698 0.066788875 130.223495483
0.050056454 0.107439369 -0.992950797 -77.933433533 -0.144016385 0.984583199 0.099273860 -14.774900436 0.988308430 0.138031870 0.064757772 130.309005737
0.048907213 0.108078770 -0.992938697 -78.897041321 -0.144081265 0.984493852 0.100062855 -14.776041031 0.988356471 0.138170093 0.063720986 130.379760742
0.047940604 0.109056950 -0.992878795 -79.851989746 -0.145415351 0.984193504 0.101081647 -14.776826859 0.988208532 0.139533937 0.063041374 130.457839966
0.046468344 0.109403886 -0.992910564 -80.806549072 -0.146937981 0.983920574 0.101536579 -14.780729294 0.988053620 0.141178042 0.061796740 130.534362793
0.045593370 0.110482365 -0.992831707 -81.756317139 -0.146771982 0.983820319 0.102739438 -14.784027100 0.988119066 0.141035676 0.061071403 130.599212646
0.043476351 0.110673882 -0.992905378 -82.720329285 -0.146848187 0.983758330 0.103224240 -14.785083771 0.988203108 0.141318560 0.059022479 130.672546387
0.041293629 0.112919442 -0.992745697 -83.668830872 -0.146243289 0.983575463 0.105793320 -14.777744293 0.988386452 0.140813768 0.057129107 130.754272461
0.039766178 0.116738476 -0.992366195 -84.622627258 -0.147663161 0.982933819 0.109711699 -14.771128654 0.988237977 0.142173141 0.056325495 130.815521240
0.037162695 0.121843450 -0.991853356 -85.568199158 -0.148576304 0.982181072 0.115088433 -14.763970375 0.988202393 0.143088907 0.054603558 130.887222290
0.035305791 0.121498071 -0.991963565 -86.512336731 -0.148470923 0.982205272 0.115018502 -14.758864403 0.988286316 0.143216938 0.052716468 130.952819824
0.034096390 0.117141709 -0.992529750 -87.458328247 -0.149128228 0.982585490 0.110845052 -14.760428429 0.988229811 0.144234791 0.050971754 131.013168335
0.032404389 0.111534201 -0.993232250 -88.406639099 -0.152865395 0.982615292 0.105354711 -14.739954948 0.987715542 0.148416862 0.048890766 131.066070557
0.031107256 0.109527275 -0.993496835 -89.348625183 -0.150825739 0.983110487 0.103659749 -14.738837242 0.988070846 0.146620333 0.047101405 131.134292603
0.031112948 0.110511266 -0.993387759 -90.319854736 -0.145943254 0.983719468 0.104864746 -14.737574577 0.988803566 0.141715601 0.046734788 131.182647705
0.030364310 0.111841917 -0.993261933 -91.268547058 -0.143091351 0.983971179 0.106421418 -14.736789703 0.989243627 0.138895780 0.045881219 131.247543335
0.029159244 0.111838698 -0.993298411 -92.212852478 -0.137406573 0.984735727 0.106840886 -14.741795540 0.990085423 0.133370340 0.044081528 131.317749023
0.027720898 0.108979762 -0.993657470 -93.152954102 -0.133270845 0.985568225 0.104374617 -14.745288849 0.990691841 0.129532203 0.041844666 131.385894775
0.027130827 0.105575889 -0.994041145 -94.097908020 -0.128257960 0.986555755 0.101280272 -14.747401237 0.991369605 0.124745853 0.040307023 131.449829102
0.025542593 0.108633578 -0.993753612 -95.082214355 -0.126227126 0.986472011 0.104593128 -14.753302574 0.991672456 0.122767091 0.038909551 131.503982544
0.024175797 0.111024603 -0.993523598 -96.029350281 -0.125590518 0.986277878 0.107158855 -14.751801491 0.991787553 0.122186497 0.037787691 131.563980103
0.022779066 0.108719222 -0.993811488 -96.989120483 -0.121376738 0.987016737 0.105193838 -14.746945381 0.992345095 0.118229374 0.035679303 131.617340088
0.020933770 0.106214225 -0.994122863 -97.938804626 -0.118498765 0.987595439 0.103021510 -14.751353264 0.992733538 0.115645707 0.033260345 131.666336060
0.016445940 0.104096979 -0.994431198 -98.909187317 -0.117495872 0.987875998 0.101467639 -14.759035110 0.992937207 0.115172826 0.028477514 131.730529785
0.013753289 0.103267267 -0.994558692 -99.862998962 -0.112006374 0.988551676 0.101094693 -14.768020630 0.993612349 0.110006504 0.025162432 131.781845093
0.011727501 0.103584386 -0.994551599 -100.821273804 -0.105245471 0.989223182 0.101788409 -14.763678551 0.994377136 0.103478320 0.022502905 131.823989868
0.008358902 0.112046391 -0.993667841 -101.784599304 -0.096117824 0.989191353 0.110733062 -14.775353432 0.995334864 0.094583578 0.019038210 131.895782471
0.005650898 0.120333493 -0.992717385 -102.742134094 -0.088127404 0.988930523 0.119372815 -14.770326614 0.996093214 0.086811036 0.016193021 131.953079224
0.002446840 0.120436743 -0.992718041 -103.696121216 -0.083723679 0.989260197 0.119810887 -14.766026497 0.996485949 0.082820840 0.012503969 132.002243042
0.000122134 0.110100850 -0.993920386 -104.649642944 -0.084893890 0.990333498 0.109693065 -14.764229774 0.996390104 0.084364377 0.009467842 132.031677246
-0.001974893 0.100493722 -0.994935632 -105.597496033 -0.086581521 0.991184235 0.100286663 -14.758011818 0.996242762 0.086341098 0.006743417 132.069824219
-0.002051878 0.102626972 -0.994717777 -106.561134338 -0.094366707 0.990261078 0.102361813 -14.763145447 0.995535374 0.094078258 0.007652673 132.084732056
-0.003013822 0.111224316 -0.993790746 -107.524177551 -0.097290285 0.989048243 0.110988572 -14.742809296 0.995251477 0.097020701 0.007840231 132.123397827
-0.004638154 0.122463346 -0.992462218 -108.486618042 -0.101240829 0.987315893 0.122301474 -14.728522301 0.994851112 0.101044953 0.007818969 132.154556274
-0.006123361 0.124150790 -0.992244363 -109.438110352 -0.108147405 0.986360908 0.124082021 -14.714399338 0.994115949 0.108068474 0.007386743 132.184860229
-0.005777702 0.121117458 -0.992621362 -110.422119141 -0.115473330 0.985916853 0.120971486 -14.693674088 0.993293762 0.115320250 0.008289503 132.202072144
-0.006167815 0.116958745 -0.993117571 -111.375236511 -0.123411641 0.985455215 0.116822809 -14.677788734 0.992336452 0.123282813 0.008355965 132.229064941
-0.003640882 0.119301960 -0.992851317 -112.342758179 -0.128231123 0.984605432 0.118781343 -14.659109116 0.991737723 0.127746940 0.011713391 132.250167847
-0.002259929 0.120446973 -0.992717147 -113.326698303 -0.136131749 0.983441234 0.119631402 -14.638072968 0.990688145 0.135410696 0.014174148 132.274780273
-0.001739157 0.123265892 -0.992372215 -114.290405273 -0.145425364 0.981792688 0.122206643 -14.619979858 0.989367664 0.144528612 0.016218496 132.296279907
-0.001512325 0.125537828 -0.992087722 -115.265853882 -0.150994524 0.980685413 0.124325171 -14.596791267 0.988533378 0.149987832 0.017472411 132.323577881
-0.001240046 0.124603361 -0.992205858 -116.242980957 -0.154650360 0.980245709 0.123294644 -14.584383011 0.987968504 0.153597891 0.018054402 132.365890503
0.000486015 0.115113087 -0.993352234 -117.199340820 -0.153605446 0.981572092 0.113672808 -14.584462166 0.988132179 0.152529076 0.018159056 132.397994995
0.001609067 0.103320606 -0.994646788 -118.146011353 -0.156712353 0.982384443 0.101793349 -14.573642731 0.987643003 0.155709639 0.017772341 132.439636230
