1.000000000 0.000000000 0.000000000 0.000000000 0.000000000 1.000000000 0.000000000 0.000000000 0.000000000 0.000000000 1.000000000 0.000000000
0.999997854 -0.001566387 -0.001339896 0.048787989 0.001563550 0.999996543 -0.002116279 -0.132964194 0.001343206 0.002114180 0.999996841 1.297806382
0.999997735 -0.000018508 -0.002139065 0.103505790 0.000004764 0.999979377 -0.006425216 -0.267914087 0.002139140 0.006425191 0.999977052 2.606578350
0.999996066 0.002506452 -0.001276000 0.147060350 -0.002516660 0.999964356 -0.008062533 -0.405019760 0.001255746 0.008065712 0.999966681 3.911202669
0.999983013 0.005837969 0.000300493 0.191625118 -0.005835810 0.999960124 -0.006749501 -0.543709576 -0.000339884 0.006747632 0.999977112 5.226269722
0.999975443 0.006586168 0.002396942 0.243555278 -0.006578031 0.999972582 -0.003387518 -0.689304352 -0.002419188 0.003371667 0.999991417 6.543321609
0.999960601 0.006844828 0.005668313 0.300274760 -0.006833195 0.999974549 -0.002069101 -0.826656163 -0.005682331 0.002030287 0.999981761 7.846203804
0.999943972 0.005277149 0.009173177 0.353010058 -0.005259891 0.999984264 -0.001904380 -0.961247802 -0.009183084 0.001856024 0.999956131 9.149835587
0.999911308 0.004073410 0.012670903 0.426533818 -0.004051372 0.999990284 -0.001764326 -1.098206520 -0.012677968 0.001712835 0.999918163 10.446379662
0.999868393 0.002911327 0.015954774 0.494862676 -0.002871347 0.999992669 -0.002528226 -1.236838341 -0.015962016 0.002482082 0.999869466 11.757479668
0.999809325 0.001963042 0.019426383 0.569241107 -0.001901860 0.999993086 -0.003167405 -1.378104806 -0.019432470 0.003129855 0.999806225 13.051440239
0.999739408 0.001927350 0.022743326 0.639725924 -0.001853494 0.999992907 -0.003268015 -1.521161914 -0.022749467 0.003225008 0.999735951 14.371424675
0.999660134 0.001778444 0.026007302 0.726525605 -0.001666836 0.999989331 -0.004312464 -1.659004092 -0.026014691 0.004267649 0.999652445 15.667829514
0.999569833 0.002532610 0.029219376 0.808635652 -0.002406703 0.999987602 -0.004343412 -1.797135592 -0.029230023 0.004271221 0.999563515 16.972463608
0.999473512 0.002145113 0.032376017 0.898955703 -0.002021350 0.999990463 -0.003854930 -1.937462807 -0.032383978 0.003787457 0.999468327 18.260030746
0.999402285 0.000769480 0.034561835 0.996442020 -0.000643027 0.999993205 -0.003669704 -2.079451323 -0.034564413 0.003645286 0.999395847 19.560054779
0.999339938 -0.001794968 0.036282979 1.093728065 0.001978782 0.999985397 -0.005030824 -2.219156504 -0.036273412 0.005099299 0.999328911 20.834375381
0.999303341 -0.001452509 0.037292738 1.193155885 0.001699849 0.999976695 -0.006601539 -2.363380909 -0.037282284 0.006660333 0.999282598 22.141574860
0.999260604 -0.001404897 0.038424190 1.277313113 0.001760558 0.999955893 -0.009223914 -2.507555485 -0.038409546 0.009284741 0.999219000 23.426715851
0.999219418 -0.000898540 0.039493993 1.379812121 0.001324071 0.999941349 -0.010749740 -2.649595737 -0.039482024 0.010793641 0.999161959 24.714204788
0.999172688 -0.000257202 0.040667262 1.478846788 0.000719204 0.999935448 -0.011346332 -2.796129704 -0.040661708 0.011366193 0.999108255 25.984867096
0.999155581 -0.002008253 0.041037578 1.579540491 0.002436809 0.999943018 -0.010395652 -2.941864729 -0.041014366 0.010486875 0.999103487 27.272415161
0.999151111 -0.005081913 0.040881079 1.684119463 0.005468982 0.999941170 -0.009361922 -3.086182833 -0.040831089 0.009577553 0.999120176 28.549156189
0.999173939 -0.006597748 0.040098693 1.781170845 0.006991157 0.999928713 -0.009678738 -3.237300634 -0.040031988 0.009951078 0.999148786 29.840925217
0.999190867 -0.008342803 0.039344925 1.886375427 0.008833125 0.999885321 -0.012304838 -3.380627632 -0.039237760 0.012642420 0.999149859 31.106595993
0.999222219 -0.008260629 0.038557302 1.993350029 0.008742643 0.999885499 -0.012349402 -3.531215668 -0.038450867 0.012676891 0.999180079 32.390605927
0.999232829 -0.008951261 0.038126811 2.090327740 0.009438256 0.999875903 -0.012612301 -3.675094366 -0.038009178 0.012962474 0.999193311 33.654956818
0.999254763 -0.009411714 0.037433710 2.188012362 0.009896442 0.999869287 -0.012784813 -3.819405794 -0.037308481 0.013145748 0.999217331 34.926170349
0.999262154 -0.009911830 0.037105743 2.281026125 0.010415803 0.999855757 -0.013413504 -3.962194920 -0.036967434 0.013790093 0.999221385 36.189224243
0.999308228 -0.010550789 0.035661742 2.397684574 0.011035357 0.999849021 -0.013418410 -4.123541832 -0.035514787 0.013802666 0.999273837 37.475036621
0.999307215 -0.010181903 0.035793595 2.490008116 0.010605330 0.999875784 -0.011659736 -4.269102097 -0.035670433 0.012031260 0.999291122 38.734786987
0.999265850 -0.010286804 0.036902674 2.588596821 0.010686371 0.999886215 -0.010646726 -4.408171654 -0.036788959 0.011033265 0.999262094 40.004177094
0.999192476 -0.011951438 0.038359974 2.703530550 0.012308678 0.999882996 -0.009090208 -4.548445702 -0.038246840 0.009555028 0.999222577 41.252655029
0.999070644 -0.013295055 0.041000858 2.792041779 0.013725853 0.999853313 -0.010243487 -4.695016861 -0.040858656 0.010796736 0.999106586 42.522937775
0.998944819 -0.014345551 0.043628752 2.884645462 0.014943304 0.999798417 -0.013405727 -4.844628334 -0.043427642 0.014043537 0.998957872 43.773178101
0.998846471 -0.015665388 0.045389682 2.994811535 0.016331745 0.999763668 -0.014347302 -4.992472172 -0.045154199 0.015072046 0.998866260 45.030319214
0.998728871 -0.015783321 0.047867857 3.124297619 0.016437296 0.999776363 -0.013299380 -5.123517990 -0.047647245 0.014069295 0.998765051 46.267852783
0.998515666 -0.017089508 0.051716853 3.224465370 0.017616261 0.999797344 -0.009746548 -5.285531998 -0.051539816 0.010643137 0.998614252 47.540340424
0.998225093 -0.020137910 0.056046404 3.337285995 0.020606374 0.999757349 -0.007793079 -5.422894478 -0.055875868 0.008934160 0.998397827 48.768333435
0.997997344 -0.022311848 0.059190471 3.470180511 0.022832187 0.999706268 -0.008129153 -5.560871124 -0.058991715 0.009464323 0.998213589 50.015811920
0.997724235 -0.025531156 0.062407047 3.613103151 0.026331436 0.999580860 -0.012034804 -5.694251060 -0.062073626 0.013650682 0.997978210 51.250263214
0.997416914 -0.027174719 0.066492632 3.743229389 0.028046524 0.999531865 -0.012212997 -5.828047276 -0.066129617 0.014046336 0.997712195 52.484397888
0.997077107 -0.029573007 0.070446648 3.877045155 0.030301511 0.999497533 -0.009294922 -5.974528790 -0.070136361 0.011402395 0.997472227 53.703178406
0.996797860 -0.032116048 0.073229663 4.035634995 0.032654583 0.999447644 -0.006168406 -6.102590561 -0.072991118 0.008539938 0.997296035 54.893356323
0.996505141 -0.034712523 0.075977415 4.158047199 0.035167269 0.999370515 -0.004655233 -6.235552788 -0.075768016 0.007310880 0.997098684 56.147724152
0.996358991 -0.037782215 0.076428726 4.323531151 0.037984077 0.999277592 -0.001188778 -6.363230705 -0.076328605 0.004087524 0.997074366 57.347351074
0.996133268 -0.040439926 0.077993475 4.450397015 0.040565755 0.999176860 -0.000028955 -6.487817287 -0.077928104 0.003192707 0.996953845 58.569320679
0.996100128 -0.042295001 0.077431016 4.599831104 0.042691324 0.999082208 -0.003469537 -6.610810757 -0.077213220 0.006761638 0.996991634 59.761657715
0.996095836 -0.043564182 0.076780096 4.749988079 0.044279754 0.998989820 -0.007641246 -6.742278576 -0.076369658 0.011011218 0.997018695 60.967632294
0.996105790 -0.044888902 0.075882755 4.888645649 0.045883287 0.998881519 -0.011411202 -6.873480797 -0.075285651 0.014848514 0.997051418 62.148864746
0.996102095 -0.047452435 0.074356087 5.028155327 0.048607606 0.998722494 -0.013802653 -7.010869503 -0.073606141 0.017363122 0.997136176 63.364131927
0.996262729 -0.047159702 0.072363682 5.168254375 0.048276521 0.998739123 -0.013761738 -7.143640518 -0.071623452 0.017203774 0.997283340 64.538734436
0.996487021 -0.046383921 0.069728337 5.298356056 0.047430687 0.998784244 -0.013431261 -7.285222530 -0.069020577 0.016691342 0.997475564 65.753738403
0.996734977 -0.045578659 0.066647641 5.423301697 0.046434633 0.998856962 -0.011350309 -7.418052673 -0.066054121 0.014408008 0.997711957 66.929229736
0.997140408 -0.041648537 0.063058451 5.541885376 0.042208377 0.999080122 -0.007571455 -7.555266857 -0.062685125 0.010211396 0.997981131 68.126708984
0.997424245 -0.039726015 0.059721675 5.660742283 0.040114243 0.999180913 -0.005315244 -7.682113647 -0.059461620 0.007697242 0.998200953 69.299896240
0.997617543 -0.038347796 0.057348672 5.765121460 0.038895842 0.999207318 -0.008470370 -7.815837860 -0.056978405 0.010680814 0.998318315 70.482376099
0.997814119 -0.038947918 0.053385615 5.881410599 0.039812967 0.999090910 -0.015236775 -7.955592155 -0.052743647 0.017328905 0.998457730 71.664443970
0.997827947 -0.042889450 0.049998544 5.991023540 0.043835267 0.998876929 -0.017976075 -8.092666626 -0.049171414 0.020128729 0.998587489 72.837692261
0.997863293 -0.046818383 0.045573156 6.103160858 0.047471199 0.998783350 -0.013348607 -8.227044106 -0.044892754 0.015483498 0.998871803 74.005538940
0.997871637 -0.050749876 0.040947225 6.213829041 0.051148467 0.998652756 -0.008745446 -8.351574898 -0.040448230 0.010821220 0.999123037 75.160873413
0.997940302 -0.052514054 0.036842126 6.304725647 0.052757163 0.998591363 -0.005657297 -8.480568886 -0.036493137 0.007589329 0.999305069 76.345954895
0.998120010 -0.051724151 0.032878470 6.394645214 0.051859148 0.998649001 -0.003265923 -8.605238914 -0.032665126 0.004964832 0.999454021 77.505249023
0.998249471 -0.051561747 0.028971646 6.489527702 0.051669180 0.998659849 -0.002971468 -8.726605415 -0.028779602 0.004463209 0.999575734 78.660232544
0.998404145 -0.050150521 0.025968591 6.559243202 0.050293613 0.998722672 -0.004885887 -8.857570648 -0.025690388 0.006184143 0.999650776 79.830123901
0.998594165 -0.047851536 0.022802167 6.635636330 0.048088465 0.998793483 -0.009957386 -8.985122681 -0.022298180 0.011039910 0.999690473 80.974067688
0.998518467 -0.051076859 0.018761355 6.724090576 0.051355984 0.998572171 -0.014709677 -9.123022079 -0.017983241 0.015651392 0.999715805 82.132278442
0.998372793 -0.054660134 0.016250171 6.782218933 0.054915585 0.998367369 -0.015712155 -9.254528046 -0.015364811 0.016578974 0.999744415 83.268753052
0.998409748 -0.054950960 0.012586152 6.850860596 0.055108178 0.998402059 -0.012505433 -9.380607605 -0.011878856 0.013179146 0.999842584 84.404571533
0.998417795 -0.055401463 0.009634051 6.921776772 0.055496778 0.998409569 -0.009924639 -9.511691093 -0.009068891 0.010443594 0.999904215 85.540298462
0.998570144 -0.052714091 0.008877123 6.964862347 0.052815594 0.998536706 -0.011617852 -9.639436722 -0.008251708 0.012070091 0.999893129 86.684394836
0.998761237 -0.049079541 0.008190601 7.021721363 0.049196802 0.998679638 -0.014788492 -9.766989708 -0.007453975 0.015173124 0.999857068 87.803977966
0.998824179 -0.047963455 0.007061506 7.086710930 0.048081320 0.998688579 -0.017592255 -9.893050194 -0.006208458 0.017911099 0.999820292 88.905204773
0.998766899 -0.049179353 0.006787251 7.126749039 0.049294487 0.998622179 -0.017991234 -10.036201477 -0.005893102 0.018303622 0.999815106 90.051666260
0.998721123 -0.050273325 0.005354180 7.181921959 0.050350092 0.998614073 -0.015325425 -10.166385651 -0.004576300 0.015575410 0.999868214 91.165718079
0.998657227 -0.051615637 0.004422739 7.235795975 0.051668778 0.998581111 -0.012888838 -10.295432091 -0.003751198 0.013100049 0.999907196 92.281738281
0.998675168 -0.051311374 0.003881512 7.295359612 0.051354725 0.998607814 -0.012041103 -10.422019958 -0.003258263 0.012224481 0.999919951 93.414154053
0.998645663 -0.051871385 0.004041185 7.343086243 0.051924564 0.998547077 -0.014407298 -10.547024727 -0.003287986 0.014597622 0.999888003 94.523002625
0.998639762 -0.052016590 0.003592327 7.403178215 0.052073851 0.998475611 -0.018294506 -10.676348686 -0.002635233 0.018456686 0.999826133 95.628501892
0.998615563 -0.052478746 0.003590307 7.453333378 0.052538387 0.998433232 -0.019254403 -10.815496445 -0.002574235 0.019416375 0.999808192 96.742141724
0.998575151 -0.053251892 0.003442281 7.511733532 0.053304285 0.998424530 -0.017527742 -10.947360039 -0.002503472 0.017686255 0.999840498 97.825157166
0.998628736 -0.052170146 0.004349135 7.556940556 0.052220620 0.998558104 -0.012438358 -11.069679260 -0.003693952 0.012648417 0.999913096 98.912361145
0.998707175 -0.050522685 0.005607459 7.609781742 0.050572149 0.998679280 -0.009058380 -11.189141273 -0.005142400 0.009330250 0.999943256 99.977447510
0.998816431 -0.048040010 0.007605135 7.657249928 0.048107862 0.998801470 -0.009005016 -11.311335564 -0.007163421 0.009360224 0.999930561 101.049331665
0.998885453 -0.046133071 0.009971909 7.705883980 0.046240475 0.998871684 -0.010822371 -11.431963921 -0.009461389 0.011271415 0.999891698 102.083541870
0.998833835 -0.046592362 0.012649437 7.759867668 0.046758194 0.998819709 -0.013146663 -11.553922653 -0.012021974 0.013722798 0.999833643 103.103240967
0.998738527 -0.048118476 0.014353273 7.814746380 0.048321839 0.998731196 -0.014174902 -11.668128967 -0.013652987 0.014850596 0.999796510 104.119354248
0.998616695 -0.050018713 0.016210048 7.879490852 0.050236061 0.998649001 -0.013290551 -11.783316612 -0.015523369 0.014086495 0.999780297 105.101478577
0.998579264 -0.050131399 0.018064089 7.939119816 0.050350543 0.998660803 -0.011888126 -11.901453972 -0.017443929 0.012780771 0.999766171 106.075897217
0.998515069 -0.051019546 0.019100863 8.010497093 0.051219516 0.998636007 -0.010130396 -12.015583992 -0.018557964 0.011093690 0.999766231 107.028823853
0.998440921 -0.051663771 0.021132495 8.069999695 0.051894989 0.998596907 -0.010542947 -12.122702599 -0.020558154 0.011623180 0.999721110 107.946372986
0.998412013 -0.051596843 0.022611026 8.136680603 0.051805712 0.998618782 -0.008750964 -12.223293304 -0.022128277 0.009908450 0.999706030 108.857337952
0.998412848 -0.050647773 0.024628686 8.196395874 0.050826311 0.998685241 -0.006677945 -12.320701599 -0.024258083 0.007919129 0.999674380 109.727172852
0.998386621 -0.050582938 0.025796995 8.260881424 0.050686080 0.998708904 -0.003359605 -12.423744202 -0.025593756 0.004661734 0.999661565 110.587142944
0.998337507 -0.050721750 0.027377408 8.323164940 0.050826229 0.998702586 -0.003133533 -12.515985489 -0.027182950 0.004519814 0.999620259 111.413452148
0.998354018 -0.049695335 0.028627560 8.377164841 0.049784560 0.998757064 -0.002411902 -12.606834412 -0.028472116 0.003833143 0.999587238 112.228164673
0.998453140 -0.047327906 0.029180540 8.431670189 0.047410827 0.998873115 -0.002155925 -12.686638832 -0.029045625 0.003536063 0.999571860 113.008811951
0.998591363 -0.044669293 0.028633120 8.481821060 0.044661656 0.999001741 0.000906521 -12.763367653 -0.028645033 0.000373558 0.999589562 113.763923645
0.998663247 -0.044894759 0.025616135 8.529182434 0.044858146 0.998991370 0.002002398 -12.850560188 -0.025680196 -0.000850629 0.999669850 114.521987915
0.998809099 -0.044879392 0.019135460 8.568603516 0.044847537 0.998991728 0.002090727 -12.924222946 -0.019209998 -0.001230059 0.999814749 115.220283508
0.999027550 -0.043249629 0.008573268 8.600796700 0.043242905 0.999064147 0.000968307 -12.998619080 -0.008607123 -0.000596633 0.999962807 115.895088196
0.999158919 -0.040661119 -0.005302075 8.603384018 0.040652797 0.999171913 -0.001667555 -13.070155144 0.005365491 0.001450608 0.999984622 116.532913208
0.998939514 -0.039098717 -0.024319107 8.604098320 0.039005119 0.999229729 -0.004311344 -13.139324188 0.024468943 0.003358202 0.999694884 117.163558960
0.998202980 -0.037499845 -0.046741877 8.573465347 0.037231717 0.999284923 -0.006594073 -13.208349228 0.046955727 0.004841942 0.998885274 117.751373291
0.996582389 -0.035940345 -0.074377291 8.533479691 0.035396170 0.999336183 -0.008622058 -13.273308754 0.074637793 0.005959919 0.997192919 118.320884705
0.993759096 -0.033639964 -0.106354184 8.462921143 0.032694474 0.999408960 -0.010621598 -13.341546059 0.106648639 0.007078117 0.994271636 118.864181519
0.989554107 -0.029052611 -0.141204685 8.348760605 0.027605291 0.999544501 -0.012198286 -13.404569626 0.141494751 0.008172867 0.989905298 119.404113770
0.983369708 -0.023107801 -0.180138573 8.241525650 0.021391364 0.999705434 -0.011465457 -13.466440201 0.180350468 0.007421374 0.983574510 119.932640076
0.974878907 -0.018135576 -0.221995905 8.104650497 0.016477460 0.999820828 -0.009319081 -13.525720596 0.222125143 0.005427048 0.975003004 120.438308716
0.963648677 -0.013319354 -0.266840190 7.940809250 0.011654153 0.999901414 -0.007823163 -13.584282875 0.266918063 0.004428984 0.963708937 120.925102234
0.949455798 -0.007455530 -0.313812137 7.747821808 0.005087528 0.999952078 -0.008364202 -13.640141487 0.313859463 0.006344913 0.949448228 121.404739380
0.932301283 0.000665702 -0.361682087 7.515506744 -0.004212625 0.999950469 -0.009018333 -13.695120811 0.361658156 0.009931436 0.932257891 121.873321533
0.911366105 0.004919467 -0.411567032 7.263328552 -0.010022424 0.999897361 -0.010241683 -13.742717743 0.411474407 0.013458822 0.911321878 122.311538696
0.886410415 0.009909971 -0.462794065 6.993743896 -0.015623795 0.999841690 -0.008515007 -13.804632187 0.462636411 0.014778389 0.886424899 122.731430054
0.857491374 0.013014989 -0.514333785 6.711647034 -0.020146575 0.999762714 -0.008289588 -13.848685265 0.514103830 0.017470313 0.857549965 123.128639221
0.826000273 0.022747267 -0.563210547 6.385356903 -0.030968031 0.999507546 -0.005048791 -13.896516800 0.562818408 0.021611825 0.826297998 123.503555298
0.792033315 0.035642084 -0.609436452 6.038230896 -0.043869916 0.999036252 0.001413265 -13.939420700 0.608899415 0.025616571 0.792833626 123.864189148
0.756494105 0.044876937 -0.652458966 5.687183380 -0.055452269 0.998451710 0.004380570 -13.982546806 0.651645362 0.032866456 0.757811427 124.167503357
0.716728568 0.048640307 -0.695653737 5.322479248 -0.062633559 0.998022735 0.005250985 -14.027085304 0.694533765 0.039807744 0.718358040 124.466613770
0.674520969 0.050375447 -0.736534953 4.941967010 -0.065044284 0.997844636 0.008680002 -14.075677872 0.735384703 0.042052563 0.676343799 124.751785278
0.631002307 0.053959377 -0.773902059 4.526897430 -0.068566449 0.997553229 0.013647409 -14.107881546 0.772744894 0.044452179 0.633158147 125.022354126
0.585445702 0.062444273 -0.808303118 4.106273651 -0.079459473 0.996648431 0.019442923 -14.140854836 0.806808114 0.052844569 0.588445425 125.262466431
0.540001392 0.071414575 -0.838628948 3.667442322 -0.091228925 0.995489776 0.026029078 -14.164555550 0.836705327 0.062451471 0.544080913 125.467498779
0.493136197 0.076586954 -0.866574407 3.215988159 -0.096655764 0.994773567 0.032913752 -14.192619324 0.864566028 0.067528449 0.497961402 125.666946411
0.445862651 0.078435935 -0.891658187 2.757263184 -0.096313983 0.994573712 0.039328437 -14.219690323 0.889904559 0.068344064 0.450997710 125.846687317
0.398613274 0.079381205 -0.913677216 2.280906677 -0.092964955 0.994612932 0.045854818 -14.240470886 0.912395179 0.066661619 0.403845578 126.026329041
0.352966547 0.081966996 -0.932038665 1.793121338 -0.094626546 0.994174838 0.051596083 -14.259340286 0.930838525 0.069983885 0.358666778 126.169540405
0.309317082 0.085351996 -0.947120905 1.290817261 -0.100592099 0.993312955 0.056662649 -14.277148247 0.945623636 0.077746145 0.315834433 126.285400391
0.268180192 0.086725362 -0.959457159 0.760541916 -0.105193935 0.992620647 0.060319986 -14.293153763 0.957608283 0.084752448 0.275324196 126.391128540
0.228059202 0.083415911 -0.970067382 0.242771149 -0.104731441 0.992644191 0.060735334 -14.313508987 0.967998028 0.087745294 0.235117927 126.498649597
0.193396956 0.078324802 -0.977989018 -0.291479111 -0.099758290 0.993212044 0.059816819 -14.332381248 0.976035833 0.085994117 0.199897721 126.589515686
0.162662536 0.073397592 -0.983947992 -0.840183258 -0.097073853 0.993581653 0.058068350 -14.355487823 0.981894851 0.086070068 0.168743551 126.671638489
0.136813223 0.071943335 -0.987980902 -1.412315369 -0.098334350 0.993419349 0.058722250 -14.374179840 0.985704124 0.089118481 0.142987370 126.731422424
0.114275292 0.070817754 -0.990921736 -1.987937927 -0.098964468 0.993305981 0.059575353 -14.387853622 0.988507509 0.091258056 0.120518759 126.802566528
0.095655240 0.072359115 -0.992781043 -2.581303596 -0.100884229 0.992923617 0.062649243 -14.404898643 0.990289032 0.094163224 0.102278255 126.864463806
0.079749867 0.070515834 -0.994317591 -3.189707756 -0.101839937 0.992851615 0.062243726 -14.427243233 0.991599083 0.096297309 0.086361118 126.912109375
0.065796256 0.069562733 -0.995405436 -3.809701920 -0.100154735 0.992989719 0.062773697 -14.456112862 0.992794037 0.095564283 0.072302058 126.963272095
0.053867407 0.066878073 -0.996306002 -4.447309971 -0.096311972 0.993450701 0.061479092 -14.477255821 0.993892491 0.092644475 0.059955765 127.003700256
0.041465990 0.064132273 -0.997079551 -5.102603436 -0.093716189 0.993787944 0.060023144 -14.494346619 0.994735122 0.090953566 0.047218617 127.045944214
0.030417467 0.063285619 -0.997531831 -5.775361061 -0.093125008 0.993832290 0.060211264 -14.514925003 0.995189667 0.091063693 0.036123320 127.093643188
0.020882152 0.064895608 -0.997673571 -6.448452950 -0.096477196 0.993364990 0.062595993 -14.537506104 0.995116115 0.094945602 0.027004544 127.114440918
0.012428299 0.064718269 -0.997826219 -7.122614861 -0.099465504 0.993033886 0.063168570 -14.563972473 0.994963408 0.098464198 0.018778959 127.131904602
0.005744818 0.063894019 -0.997940183 -7.816292286 -0.101675749 0.992821932 0.062981002 -14.585771561 0.994800985 0.101104483 0.012200054 127.155174255
0.000541482 0.064792648 -0.997898579 -8.513846397 -0.102429174 0.992653608 0.064396530 -14.603979111 0.994740069 0.102179080 0.007174164 127.173210144
-0.003075951 0.067316003 -0.997726917 -9.234660149 -0.104664706 0.992229879 0.067267790 -14.623672485 0.994502723 0.104633719 0.003993560 127.196990967
-0.003465777 0.071356215 -0.997444928 -9.970320702 -0.107153185 0.991681516 0.071316220 -14.649231911 0.994236469 0.107126564 0.004209099 127.196662903
-0.004763039 0.074470200 -0.997211874 -10.686751366 -0.109301344 0.991209567 0.074544020 -14.664607048 0.993997276 0.109351657 0.003418523 127.211807251
-0.005286320 0.080025576 -0.996778786 -11.425290108 -0.113991290 0.990246952 0.080105722 -14.672263145 0.993467689 0.114047572 0.003887458 127.220878601
-0.006643785 0.083640069 -0.996473908 -12.167617798 -0.116962440 0.989590943 0.083842173 -14.683876038 0.993114114 0.117107071 0.003208118 127.233268738
-0.007940254 0.084273413 -0.996411026 -12.917515755 -0.117184289 0.989498258 0.084622584 -14.704004288 0.993078589 0.117435619 0.002018650 127.250892639
-0.009436311 0.081330642 -0.996642470 -13.661321640 -0.114842303 0.990003824 0.081876241 -14.723237038 0.993338883 0.115229331 -0.000001787 127.273620605
-0.011030577 0.077864110 -0.996902883 -14.424106598 -0.118433841 0.989844441 0.078623228 -14.728597641 0.992900729 0.118934304 -0.001696812 127.286132812
-0.012042349 0.079403318 -0.996769845 -15.191405296 -0.123882204 0.989043713 0.080284528 -14.740157127 0.992223859 0.124448881 -0.002073753 127.287002563
-0.013873964 0.082921952 -0.996459424 -15.959349632 -0.120699212 0.989129484 0.083992481 -14.754649162 0.992592216 0.121437177 -0.003714531 127.306068420
-0.015694611 0.082874589 -0.996436477 -16.735734940 -0.119677775 0.989239216 0.084161013 -14.771000862 0.992688775 0.120572172 -0.005607477 127.319030762
-0.017032690 0.081974134 -0.996488929 -17.527748108 -0.122481242 0.988956392 0.083448045 -14.782784462 0.992324591 0.123472534 -0.006804295 127.323715210
-0.017606521 0.081672244 -0.996503711 -18.314598083 -0.127143875 0.988384247 0.083253190 -14.788781166 0.991728008 0.128165141 -0.007017885 127.324577332
-0.018576641 0.086146623 -0.996109307 -19.119760513 -0.128848389 0.987767398 0.087828107 -14.796265602 0.991490245 0.129978612 -0.007249547 127.328948975
-0.019277066 0.090371884 -0.995721519 -19.931644440 -0.127537251 0.987548530 0.092099197 -14.805190086 0.991646349 0.128766984 -0.007511258 127.345649719
-0.018728074 0.092972599 -0.995492518 -20.760700226 -0.129252836 0.987087071 0.094619185 -14.818791389 0.991434813 0.130442262 -0.006469266 127.365928650
-0.016834086 0.091696300 -0.995644748 -21.578565598 -0.128689259 0.987304747 0.093104050 -14.824544907 0.991542041 0.129696101 -0.004820047 127.377761841
-0.015581846 0.091686055 -0.995666027 -22.410377502 -0.128783599 0.987308681 0.092931889 -14.829513550 0.991550326 0.129673496 -0.003576431 127.389724731
-0.015721193 0.090842597 -0.995741189 -23.245307922 -0.127135113 0.987599611 0.092107080 -14.836468697 0.991760731 0.128041744 -0.003976958 127.416229248
-0.014799576 0.092798352 -0.995574892 -24.083189011 -0.128130019 0.987299085 0.093931675 -14.843631744 0.991646945 0.128953204 -0.002721351 127.435440063
-0.013930014 0.095228724 -0.995357990 -24.919923782 -0.129798144 0.986859560 0.096232183 -14.846824646 0.991442502 0.130536124 -0.001386456 127.449317932
-0.014109066 0.097236931 -0.995161355 -25.792848587 -0.132438153 0.986309767 0.098249719 -14.844966888 0.991090834 0.133183539 -0.001038032 127.467834473
-0.012451794 0.098297976 -0.995079100 -26.656938553 -0.134598359 0.985934377 0.099078894 -14.842056274 0.990822017 0.135169700 0.000954094 127.480964661
-0.010857332 0.101414077 -0.994784951 -27.525949478 -0.141313776 0.984703422 0.101928636 -14.841360092 0.989905357 0.141683489 0.003639955 127.499076843
-0.008301985 0.105349936 -0.994400561 -28.406551361 -0.146138236 0.983630300 0.105428956 -14.837182999 0.989229321 0.146195233 0.007229572 127.513259888
-0.006204306 0.107277803 -0.994209766 -29.281484604 -0.148771003 0.983065307 0.107003681 -14.832663536 0.988852203 0.148573473 0.009860587 127.545257568
-0.002412393 0.107895136 -0.994159341 -30.177356720 -0.147397026 0.983264923 0.107070453 -14.832422256 0.989074469 0.146794379 0.013531397 127.570960999
0.000192682 0.108030111 -0.994147539 -31.069704056 -0.150190786 0.982874095 0.106775954 -14.828125000 0.988656938 0.149291232 0.016414504 127.601203918
0.002577386 0.111731850 -0.993735015 -31.971015930 -0.150559261 0.982454002 0.110072955 -14.819393158 0.988597631 0.149332330 0.019354429 127.635238647
0.005051677 0.113655142 -0.993507445 -32.885841370 -0.149470210 0.982444644 0.111629575 -14.814463615 0.988753319 0.147935852 0.021951051 127.679313660
0.006850938 0.115041457 -0.993337095 -33.778892517 -0.150135815 0.982218802 0.112718359 -14.811958313 0.988641679 0.148363248 0.024000961 127.722030640
0.009393265 0.113170698 -0.993531168 -34.683090210 -0.151537150 0.982260764 0.110454232 -14.804612160 0.988407016 0.149519324 0.026376195 127.754379272
0.009564924 0.114302769 -0.993399918 -35.588935852 -0.155707195 0.981497705 0.111434050 -14.796586990 0.987756968 0.153613657 0.027185714 127.799560547
0.010677248 0.114893235 -0.993320465 -36.482357025 -0.156481624 0.981330097 0.111824341 -14.792118073 0.987623274 0.154242426 0.028456584 127.838592529
0.011026841 0.111523479 -0.993700624 -37.380794525 -0.156809643 0.981658518 0.108431891 -14.790856361 0.987567246 0.154626206 0.028312549 127.874122620
0.011779820 0.107330322 -0.994153619 -38.287590027 -0.157970518 0.981936932 0.104139596 -14.791477203 0.987373590 0.155820206 0.028522069 127.923164368
0.012283030 0.106384754 -0.994249225 -39.185317993 -0.157491520 0.982119441 0.103141204 -14.784933090 0.987443984 0.155318916 0.028818101 127.966300964
0.012067999 0.110565558 -0.993795574 -40.088966370 -0.159877539 0.981295168 0.107233360 -14.782445908 0.987063110 0.157591477 0.029519217 128.009704590
0.012449277 0.116861187 -0.993070245 -41.023056030 -0.160322830 0.980531752 0.113375850 -14.773035049 0.986986101 0.157800376 0.030942423 128.048767090
0.012751143 0.115664169 -0.993206501 -41.917388916 -0.158151418 0.981017888 0.112214342 -14.774112701 0.987332463 0.155646175 0.030801555 128.094879150
0.013532574 0.105187505 -0.994360387 -42.807388306 -0.157401457 0.982277095 0.101767160 -14.779001236 0.987441897 0.155136600 0.029849403 128.141098022
0.013669645 0.094686791 -0.995413244 -43.731418610 -0.158964500 0.983051240 0.091327868 -14.785507202 0.987189651 0.156986937 0.028489795 128.184661865
0.012595342 0.091635935 -0.995712876 -44.631553650 -0.155801177 0.983809650 0.088569671 -14.794426918 0.987708151 0.154017612 0.026668403 128.233230591
0.012557368 0.101657726 -0.994740188 -45.553112030 -0.148402497 0.983990788 0.098685808 -14.796793938 0.988847315 0.146382675 0.027442595 128.283615112
0.012484254 0.114830703 -0.993306577 -46.505519867 -0.143368110 0.983325779 0.111874968 -14.795309067 0.989590704 0.141011819 0.028739154 128.344406128
0.012699264 0.123948082 -0.992207408 -47.428035736 -0.143550470 0.982234597 0.120864958 -14.787071228 0.989561558 0.140896946 0.030266462 128.390991211
0.012615114 0.118139587 -0.992916882 -48.344001770 -0.143701598 0.982902288 0.115122266 -14.783884048 0.989540696 0.141231462 0.029376268 128.433074951
0.012806715 0.104633860 -0.994428337 -49.279949188 -0.143612340 0.984391570 0.101728298 -14.782257080 0.989551067 0.141509384 0.027633540 128.474029541
0.013393984 0.095817156 -0.995308816 -50.196186066 -0.144029945 0.985202491 0.092905998 -14.782608986 0.989482701 0.142109871 0.026996326 128.520416260
0.013909865 0.095852390 -0.995298445 -51.130470276 -0.142930612 0.985363245 0.092898071 -14.790819168 0.989634931 0.140966415 0.027406510 128.566177368
0.013522505 0.097237296 -0.995169342 -52.081787109 -0.146519139 0.984710038 0.094224393 -14.804796219 0.989115417 0.144537196 0.027562864 128.605316162
0.014152271 0.096740842 -0.995208979 -53.010913849 -0.151095584 0.984086215 0.093511030 -14.807607651 0.988417804 0.149048284 0.028544169 128.640441895
0.014497838 0.096380815 -0.995238841 -53.949520111 -0.152863920 0.983856738 0.093051746 -14.812730789 0.988140881 0.150787041 0.028996943 128.685714722
0.015129765 0.103977486 -0.994464517 -54.906032562 -0.161429003 0.981784880 0.100195780 -14.815290451 0.986768365 0.159019485 0.031639155 128.729476929
0.017010497 0.113269269 -0.993418694 -55.855186462 -0.167733580 0.979805171 0.108844928 -14.806829453 0.985685587 0.164778158 0.035666041 128.766189575
0.018350076 0.121478818 -0.992424369 -56.798606873 -0.168007225 0.978852451 0.116711035 -14.799634933 0.985614955 0.164592788 0.038371332 128.813583374
0.019136930 0.122457467 -0.992289186 -57.740318298 -0.169599578 0.978485346 0.117483117 -14.794238091 0.985327244 0.166043520 0.039493941 128.861450195
0.020839196 0.112694494 -0.993411124 -58.679336548 -0.171246469 0.979345143 0.107506528 -14.786457062 0.985007823 0.167877749 0.039707296 128.912445068
0.021353597 0.107726231 -0.993951261 -59.651203156 -0.169463694 0.980181932 0.102593213 -14.791995049 0.985305071 0.166247874 0.039186090 128.985031128
0.023478379 0.106069021 -0.994081557 -60.601913452 -0.168285117 0.980586052 0.100654446 -14.788211823 0.985458732 0.164925933 0.040872406 129.041900635
0.027135802 0.111957066 -0.993342519 -61.564292908 -0.169507653 0.979833007 0.105803885 -14.783233643 0.985155225 0.165508032 0.045566130 129.096649170
0.030785508 0.114446893 -0.992952287 -62.547615051 -0.172518209 0.979122281 0.107504092 -14.792392731 0.984525144 0.167992786 0.049886949 129.147003174
0.034483287 0.109462030 -0.993392646 -63.489177704 -0.172093749 0.979786694 0.101988956 -14.793802261 0.984476864 0.167439759 0.052623998 129.218353271
0.037645008 0.103758246 -0.993889868 -64.438591003 -0.172052398 0.980415106 0.095834792 -14.801239014 0.984368324 0.167393461 0.054759588 129.288940430
0.041264195 0.103685953 -0.993753672 -65.398925781 -0.169392318 0.980928838 0.095314063 -14.804292679 0.984684587 0.164401188 0.058040842 129.360321045
0.043608826 0.107974350 -0.993196785 -66.369277954 -0.166980788 0.980945885 0.099310793 -14.812885284 0.984995306 0.161513999 0.060807545 129.441528320
0.046776008 0.114928603 -0.992271781 -67.336547852 -0.166644558 0.980336189 0.105690494 -14.818881989 0.984906912 0.160412908 0.065008439 129.530227661
0.050205916 0.118779108 -0.991650581 -68.292869568 -0.164557993 0.980316222 0.109090149 -14.818353653 0.985088885 0.157707065 0.068763733 129.608764648
0.052048367 0.120380521 -0.991362512 -69.255081177 -0.163910344 0.980274916 0.110428579 -14.819162369 0.985101104 0.156746939 0.070753336 129.695709229
0.053927746 0.117739789 -0.991579115 -70.213088989 -0.162093654 0.980885386 0.107654445 -14.815767288 0.985300720 0.154923126 0.071981825 129.782165527
0.054126836 0.116004735 -0.991772711 -71.170036316 -0.159761384 0.981439710 0.106077000 -14.821302414 0.985670626 0.152705371 0.071655303 129.876663208
0.054434638 0.112165101 -0.992197573 -72.111679077 -0.156695515 0.982318819 0.102451600 -14.828221321 0.986145735 0.149895966 0.071047939 129.970443726
0.054458991 0.112877332 -0.992115498 -73.080528259 -0.155656412 0.982402682 0.103228025 -14.830703735 0.986308932 0.148807421 0.071070738 130.050628662
0.053174239 0.117032550 -0.991703510 -74.028022766 -0.152056932 0.982476354 0.107790478 -14.830285072 0.986940324 0.145063743 0.070038043 130.157257080
0.053232942 0.118486822 -0.991527677 -75.007438660 -0.146542013 0.983112693 0.109613702 -14.832176208 0.987771094 0.139465377 0.069697268 130.244094849
0.052278727 0.114496492 -0.992047071 -75.956886292 -0.143501401 0.983956933 0.106000558 -14.826825142 0.988268375 0.136818588 0.067870431 130.331481934
0.050876532 0.111073054 -0.992509007 -76.904922485 -0.145090252 0.984074771 0.102691747 -14.830744743 0.988109589 0.138778791 0.066181928 130.415039062
0.049980473 0.107041910 -0.992997408 -77.887222290 -0.141502425 0.984969735 0.099054314 -14.826724052 0.988675475 0.135560796 0.064375944 130.485610962
0.048498608 0.108537160 -0.992908657 -78.833221436 -0.142380252 0.984678030 0.100682877 -14.835812569 0.988623142 0.136487603 0.063209049 130.561904907
0.047400109 0.109701023 -0.992833793 -79.782569885 -0.142869145 0.984476089 0.101956666 -14.834468842 0.988605917 0.137012526 0.062337164 130.642990112
0.046588752 0.110943221 -0.992734134 -80.751373291 -0.145478651 0.983970881 0.103136607 -14.843373299 0.988263845 0.139616609 0.061981846 130.708908081
0.045393009 0.110992432 -0.992784023 -81.707038879 -0.145467222 0.983949840 0.103353582 -14.835034370 0.988321126 0.139725983 0.060810208 130.781463623
0.043325637 0.111518353 -0.992817402 -82.660110474 -0.145643637 0.983839393 0.104154117 -14.835381508 0.988388002 0.140085012 0.058867399 130.853103638
0.041716043 0.114935882 -0.992496610 -83.609565735 -0.145698369 0.983442426 0.107763454 -14.837438583 0.988449156 0.140109658 0.057771299 130.923904419
0.040134564 0.118499242 -0.992142677 -84.574234009 -0.147075251 0.982827842 0.111437149 -14.825857162 0.988310695 0.141447142 0.056873683 130.980224609
0.037883583 0.123000823 -0.991683245 -85.522827148 -0.148140252 0.982121408 0.116155691 -14.811662674 0.988240600 0.142507792 0.055427656 131.049377441
0.036006652 0.122784607 -0.991779923 -86.470291138 -0.148373127 0.982081294 0.116197206 -14.806786537 0.988275766 0.142969579 0.053579394 131.115249634
0.034678705 0.117332123 -0.992487073 -87.415313721 -0.148636207 0.982645273 0.110975087 -14.799755096 0.988283694 0.143671051 0.051516674 131.181152344
0.032386649 0.112875529 -0.993081212 -88.353355408 -0.153281793 0.982409000 0.106663644 -14.791658401 0.987651646 0.148766771 0.049118698 131.244934082
0.032077901 0.110736229 -0.993331969 -89.322982788 -0.151663914 0.982874215 0.104672670 -14.785467148 0.987911463 0.147294939 0.048323225 131.296066284
0.031169677 0.111767508 -0.993245423 -90.274368286 -0.147576287 0.983351648 0.106022991 -14.788807869 0.988559484 0.143274754 0.047144987 131.360061646
0.030620476 0.113037489 -0.993118763 -91.226570129 -0.144255653 0.983682215 0.107515611 -14.783950806 0.989066601 0.139970809 0.046427112 131.427078247
0.029386532 0.113031447 -0.993156731 -92.171737671 -0.139397591 0.984340012 0.107903354 -14.785836220 0.989800394 0.135272741 0.044682644 131.496780396
0.028282236 0.110119723 -0.993515909 -93.117813110 -0.135226458 0.985198259 0.105348334 -14.786700249 0.990411103 0.131370142 0.042754710 131.562286377
0.027465988 0.106882617 -0.993892133 -94.082511902 -0.129974186 0.986208677 0.102464534 -14.791227341 0.991136849 0.126366064 0.040979180 131.618972778
0.026494078 0.109246641 -0.993661523 -95.041564941 -0.128020063 0.986196339 0.105012476 -14.791775703 0.991417646 0.124426387 0.040114120 131.678451538
0.024999177 0.111791670 -0.993417144 -95.986930847 -0.127937973 0.985914111 0.107727788 -14.792619705 0.991467059 0.124402680 0.038949441 131.741699219
0.024006503 0.109841943 -0.993659139 -96.940399170 -0.123087600 0.986707687 0.106099769 -14.789606094 0.992105365 0.119759999 0.037207581 131.788589478
0.020621918 0.106536649 -0.994094908 -97.899787903 -0.120906696 0.987274647 0.103297584 -14.787839890 0.992449582 0.118062541 0.033240486 131.853790283
0.017717745 0.104210146 -0.994397521 -98.849777222 -0.119758107 0.987614930 0.101365536 -14.789646149 0.992645025 0.117291182 0.029978318 131.908828735
0.015284467 0.102712862 -0.994593620 -99.809684753 -0.113375865 0.988472641 0.100338429 -14.793586731 0.993434608 0.111229278 0.026753439 131.960784912
0.012572842 0.103326060 -0.994568110 -100.758117676 -0.107480071 0.989023805 0.101391338 -14.797327042 0.994127750 0.105621479 0.023540329 132.017028809
0.010112443 0.110465549 -0.993828535 -101.754829407 -0.097717501 0.989231467 0.108960286 -14.789333344 0.995162845 0.096012563 0.020797968 132.078338623
0.007539482 0.118736155 -0.992897213 -102.714111328 -0.089798972 0.988994062 0.117587529 -14.785960197 0.995931387 0.088274606 0.018118888 132.136260986
0.003479430 0.117900394 -0.993019342 -103.668090820 -0.085503198 0.989423811 0.117173903 -14.777002335 0.996331871 0.084498629 0.013523491 132.194671631
0.001984444 0.108052351 -0.994143248 -104.622787476 -0.086582772 0.990430474 0.107475959 -14.779561996 0.996242702 0.085862406 0.011320924 132.219085693
-0.000150634 0.098730922 -0.995114148 -105.570182800 -0.088429719 0.991214395 0.098357394 -14.777846336 0.996082425 0.088012494 0.008581436 132.258560181
-0.000951678 0.100349747 -0.994951844 -106.522430420 -0.095722243 0.990374327 0.099979639 -14.781884193 0.995407701 0.095334165 0.008663186 132.289001465
-0.001555554 0.109854050 -0.993946493 -107.494117737 -0.099185750 0.989029527 0.109465837 -14.770693779 0.995067656 0.098755620 0.009357468 132.320388794
-0.002973610 0.121352695 -0.992604971 -108.457450867 -0.103185363 0.987273693 0.121010035 -14.759238243 0.994657755 0.102782145 0.009586055 132.350418091
-0.004551002 0.122949906 -0.992402375 -109.401222229 -0.110125452 0.986314774 0.122700728 -14.746927261 0.993907273 0.109847173 0.009051194 132.384582520
-0.004053946 0.120058782 -0.992758632 -110.385330200 -0.117606141 0.985819757 0.119699925 -14.729277611 0.993052065 0.117239758 0.010123191 132.402221680
-0.004253577 0.116203904 -0.993216276 -111.340057373 -0.125712499 0.985283434 0.115814157 -14.716531754 0.992057681 0.125352323 0.010417304 132.428482056
-0.002252195 0.118073076 -0.993002355 -112.303298950 -0.130406499 0.984490454 0.117356762 -14.696655273 0.991458118 0.129758269 0.013180234 132.456817627
-0.000746681 0.119227774 -0.992866576 -113.284996033 -0.138279170 0.983316422 0.118184932 -14.677700043 0.990393102 0.137381002 0.015752494 132.482421875
-0.000121804 0.122044906 -0.992524505 -114.249320984 -0.147550881 0.981658697 0.120726898 -14.660913467 0.989054441 0.146462575 0.017888263 132.504226685
0.000155109 0.124625430 -0.992203772 -115.225379944 -0.153263032 0.980484366 0.123129465 -14.641242027 0.988185406 0.152049080 0.019252557 132.532302856
0.000508209 0.123810038 -0.992305815 -116.194938660 -0.156709999 0.980055511 0.122201294 -14.630902290 0.987644494 0.155442148 0.019900346 132.573074341
0.001662883 0.114326797 -0.993441820 -117.148162842 -0.155595750 0.981373429 0.112677492 -14.633097649 0.987819433 0.154387966 0.019420676 132.611846924
0.003228923 0.102583021 -0.994719207 -118.098793030 -0.158695370 0.982171297 0.100773863 -14.621990204 0.987322330 0.157531962 0.019450810 132.650024414
