1.000000000 0.000000000 0.000000000 0.000000000 0.000000000 1.000000000 0.000000000 0.000000000 0.000000000 0.000000000 1.000000000 0.000000000
0.999997914 -0.001566014 -0.001315849 0.048525378 0.001563204 0.999996483 -0.002133702 -0.132532597 0.001319186 0.002131641 0.999996841 1.298108816
0.999997675 0.000000420 -0.002168896 0.104550861 -0.000014151 0.999979913 -0.006330762 -0.267997563 0.002168850 0.006330776 0.999977589 2.607510328
0.999996126 0.002435640 -0.001357685 0.149189249 -0.002446250 0.999966025 -0.007868754 -0.406309277 0.001338473 0.007872045 0.999968112 3.912861347
0.999984086 0.005651538 0.000141018 0.195145369 -0.005650486 0.999962270 -0.006586793 -0.545690477 -0.000178238 0.006585892 0.999978244 5.227958202
0.999975562 0.006588963 0.002346087 0.243937805 -0.006581384 0.999973059 -0.003223560 -0.691286504 -0.002367265 0.003208040 0.999992013 6.542376995
0.999961257 0.006793096 0.005603800 0.300789893 -0.006782242 0.999975026 -0.001953648 -0.828406632 -0.005616931 0.001915566 0.999982357 7.845161438
0.999944806 0.005354413 0.009041988 0.356230140 -0.005338269 0.999984145 -0.001808714 -0.961925030 -0.009051531 0.001760346 0.999957442 9.150424004
0.999914944 0.004073985 0.012392623 0.434034914 -0.004052816 0.999990344 -0.001732906 -1.098488808 -0.012399563 0.001682533 0.999921739 10.450471878
0.999872267 0.002790845 0.015738698 0.498883396 -0.002753688 0.999993324 -0.002382092 -1.238714099 -0.015745237 0.002338449 0.999873281 11.758052826
0.999814868 0.001583136 0.019176822 0.575228214 -0.001520311 0.999993384 -0.003290251 -1.374244690 -0.019181905 0.003260487 0.999810696 13.051540375
0.999746740 0.001732602 0.022437710 0.645413041 -0.001661554 0.999993503 -0.003184721 -1.523037791 -0.022443082 0.003146632 0.999743164 14.374874115
0.999662995 0.001624041 0.025907639 0.729434252 -0.001515630 0.999990106 -0.004203610 -1.661150575 -0.025914207 0.004162927 0.999655426 15.671841621
0.999574959 0.002447653 0.029049961 0.811348200 -0.002327584 0.999988616 -0.004166304 -1.799314380 -0.029059824 0.004096916 0.999569297 16.966693878
0.999483645 0.002021339 0.032069758 0.905526102 -0.001905879 0.999991596 -0.003630435 -1.939696789 -0.032076828 0.003567439 0.999479115 18.250644684
0.999405682 0.000423798 0.034467649 0.998591542 -0.000301707 0.999993682 -0.003547331 -2.079695940 -0.034468934 0.003534824 0.999399662 19.550477982
0.999346554 -0.002128952 0.036085259 1.095226765 0.002309683 0.999984980 -0.004967469 -2.219331264 -0.036074143 0.005047568 0.999336362 20.827611923
0.999309838 -0.001738603 0.037105359 1.195983052 0.001984780 0.999976277 -0.006598739 -2.359385729 -0.037092999 0.006667832 0.999289572 22.127378464
0.999267399 -0.001671870 0.038235139 1.280146122 0.002026136 0.999955356 -0.009228580 -2.504147768 -0.038218006 0.009299288 0.999226153 23.413915634
0.999221861 -0.001019255 0.039427917 1.380772352 0.001446921 0.999940515 -0.010819769 -2.643620253 -0.039414544 0.010868400 0.999163806 24.700008392
0.999172568 -0.000465761 0.040672056 1.478607655 0.000932365 0.999934018 -0.011454133 -2.790244818 -0.040664036 0.011482577 0.999106824 25.971300125
0.999164522 -0.002118055 0.040813483 1.583915949 0.002542952 0.999943078 -0.010361617 -2.937799215 -0.040789206 0.010456747 0.999113083 27.259624481
0.999160051 -0.005159658 0.040651541 1.689248443 0.005538288 0.999942243 -0.009206941 -3.083920240 -0.040601689 0.009424349 0.999130964 28.537265778
0.999179542 -0.006611093 0.039957132 1.783509254 0.006999813 0.999929368 -0.009596372 -3.232546329 -0.039890878 0.009868192 0.999155283 29.827409744
0.999202371 -0.008364904 0.039046854 1.890802383 0.008846018 0.999886811 -0.012164939 -3.377097368 -0.038940672 0.012500644 0.999163330 31.095670700
0.999232113 -0.008488214 0.038254157 1.998908281 0.008959197 0.999885976 -0.012157356 -3.529076576 -0.038146596 0.012490747 0.999194086 32.382984161
0.999254704 -0.009195675 0.037489947 2.100500107 0.009671039 0.999874949 -0.012518204 -3.671325445 -0.037370142 0.012871442 0.999218583 33.653026581
0.999256134 -0.009571173 0.037357174 2.187728167 0.010048477 0.999870002 -0.012609974 -3.818486691 -0.037231632 0.012975975 0.999222398 34.920005798
0.999266386 -0.010138421 0.036929548 2.282249928 0.010628346 0.999857724 -0.013094381 -3.963875294 -0.036791533 0.013477274 0.999232054 36.180427551
0.999310791 -0.010768927 0.035524532 2.392851353 0.011246380 0.999848843 -0.013267789 -4.121358871 -0.035376281 0.013658171 0.999280751 37.466289520
0.999303401 -0.010407066 0.035837285 2.479639530 0.010822474 0.999876261 -0.011417114 -4.268558502 -0.035714027 0.011797011 0.999292493 38.732879639
0.999270678 -0.010363095 0.036755405 2.579765797 0.010749800 0.999888718 -0.010339028 -4.408780575 -0.036644176 0.010726601 0.999270797 39.996955872
0.999199510 -0.012071893 0.038139660 2.698097706 0.012424453 0.999882102 -0.009020459 -4.547255993 -0.038026266 0.009487103 0.999231696 41.249961853
0.999068201 -0.013104572 0.041122418 2.780250072 0.013517675 0.999860764 -0.009783787 -4.698621273 -0.040988475 0.010330548 0.999106348 42.512241364
0.998942554 -0.014502467 0.043630570 2.876077175 0.015083323 0.999801576 -0.013013417 -4.844430923 -0.043433178 0.013657749 0.998962998 43.763229370
0.998846292 -0.015577527 0.045425426 2.985384941 0.016234575 0.999768317 -0.014131438 -4.990079403 -0.045194771 0.014852598 0.998867750 45.025718689
0.998720050 -0.015805900 0.048046850 3.114480972 0.016449234 0.999779820 -0.013023878 -5.122145653 -0.047830418 0.013797540 0.998760164 46.265331268
0.998522699 -0.017026335 0.051600046 3.218657017 0.017535508 0.999801755 -0.009431056 -5.281957150 -0.051429231 0.010321955 0.998623312 47.522335052
0.998245478 -0.020067008 0.055706512 3.334601879 0.020515665 0.999761403 -0.007493705 -5.419111252 -0.055542845 0.008623412 0.998419106 48.751743317
0.998006999 -0.021794409 0.059220307 3.466963053 0.022300554 0.999720097 -0.007899408 -5.560531616 -0.059031565 0.009204312 0.998213708 50.008346558
0.997720838 -0.025277548 0.062563859 3.608326912 0.026056329 0.999592483 -0.011663248 -5.696270943 -0.062243536 0.013266850 0.997972906 51.244651794
0.997441411 -0.026536239 0.066382639 3.742395401 0.027362308 0.999558687 -0.011565740 -5.834642887 -0.066046432 0.013352530 0.997727156 52.472507477
0.997085214 -0.029070774 0.070541479 3.870702028 0.029779913 0.999515653 -0.009021782 -5.973653793 -0.070245042 0.011096202 0.997468054 53.692165375
0.996804357 -0.031668156 0.073336542 4.026413918 0.032167424 0.999466598 -0.005636430 -6.109498024 -0.073118940 0.007977466 0.997291267 54.904567719
0.996552348 -0.034135241 0.075618818 4.175930500 0.034541268 0.999394953 -0.004067745 -6.238439083 -0.075434238 0.006665691 0.997128487 56.118473053
0.996348619 -0.037491348 0.076704934 4.327981472 0.037688982 0.999288797 -0.001129937 -6.360397339 -0.076608047 0.004016742 0.997053206 57.333885193
0.996209145 -0.040552065 0.076959409 4.486920357 0.040641867 0.999173701 0.000399575 -6.487570286 -0.076912016 0.002729713 0.997034252 58.536682129
0.996146083 -0.042628031 0.076654144 4.630125046 0.042963531 0.999072909 -0.002732317 -6.613745213 -0.076466620 0.006015119 0.997053981 59.737880707
0.996163130 -0.043896504 0.075711310 4.782886505 0.044561122 0.998981416 -0.007110793 -6.741281033 -0.075322047 0.010457290 0.997104406 60.927551270
0.996156633 -0.045107808 0.075081758 4.907374859 0.046056412 0.998878777 -0.010950216 -6.871557236 -0.074503653 0.014366127 0.997117281 62.132278442
0.996211767 -0.046458770 0.073510557 5.051713943 0.047564015 0.998778880 -0.013355698 -7.003979683 -0.072800301 0.016801560 0.997205019 63.322891235
0.996328592 -0.047286708 0.071366496 5.190908909 0.048373777 0.998736978 -0.013580616 -7.139901638 -0.070634186 0.016983025 0.997357726 64.513732910
0.996551454 -0.046628661 0.068636261 5.325031757 0.047614671 0.998783767 -0.012799642 -7.275079727 -0.067955956 0.016023595 0.997559667 65.690467834
0.996812224 -0.045335408 0.065650962 5.442737579 0.046152648 0.998874009 -0.010984846 -7.415109158 -0.065079018 0.013979795 0.997782171 66.892234802
0.997196853 -0.041562669 0.062217604 5.561112404 0.042111669 0.999084473 -0.007538230 -7.543301582 -0.061847337 0.010137189 0.998034120 68.066497803
0.997451544 -0.040028922 0.059060566 5.681144714 0.040393185 0.999171436 -0.004986207 -7.672741890 -0.058812037 0.007359144 0.998241961 69.252388000
0.997681916 -0.039190263 0.055633109 5.796571255 0.039684616 0.999181747 -0.007808767 -7.809627533 -0.055281557 0.009998444 0.998420775 70.416046143
0.997867644 -0.039275743 0.052129645 5.911106110 0.040109683 0.999081969 -0.015048409 -7.935515404 -0.051490746 0.017107226 0.998526990 71.587158203
0.997907341 -0.042948347 0.048336402 6.019844532 0.043870352 0.998871863 -0.018177714 -8.079346657 -0.047501177 0.020260209 0.998665690 72.777259827
0.997942805 -0.046089165 0.044564009 6.123119354 0.046718795 0.998820901 -0.013191381 -8.216372490 -0.043903489 0.015246220 0.998919368 73.943084717
0.997934699 -0.050294749 0.039959535 6.234111786 0.050680839 0.998676956 -0.008708011 -8.339019775 -0.039468694 0.010715211 0.999163270 75.116531372
0.997999787 -0.052165978 0.035707749 6.330249310 0.052410934 0.998607755 -0.005958262 -8.459766388 -0.035347220 0.007817822 0.999344409 76.286773682
0.998200595 -0.051089179 0.031389993 6.419301033 0.051230296 0.998679996 -0.003707239 -8.587801933 -0.031159153 0.005308687 0.999500453 77.450241089
0.998322904 -0.050791685 0.027778912 6.504539013 0.050903119 0.998698175 -0.003318828 -8.710086823 -0.027574176 0.004727295 0.999608636 78.602409363
0.998516262 -0.048865288 0.024032736 6.589074135 0.048998583 0.998786449 -0.004988782 -8.840849876 -0.023759784 0.006158949 0.999698699 79.766014099
0.998625219 -0.047621269 0.021911031 6.645218372 0.047853634 0.998802245 -0.010204941 -8.966239929 -0.021398814 0.011239433 0.999707818 80.921577454
0.998538613 -0.050917827 0.018110145 6.728441238 0.051200703 0.998567820 -0.015514215 -9.095471382 -0.017294256 0.016418794 0.999715567 82.070014954
0.998388171 -0.054927748 0.014278425 6.801000595 0.055159152 0.998343766 -0.016351821 -9.228313446 -0.013356605 0.017113049 0.999764264 83.227622986
0.998423874 -0.054963484 0.011345870 6.857517242 0.055106785 0.998399317 -0.012729283 -9.363692284 -0.010628062 0.013334457 0.999854565 84.380073547
0.998418093 -0.055500355 0.008991091 6.916909695 0.055591252 0.998401582 -0.010196414 -9.491255760 -0.008410815 0.010680113 0.999907553 85.512474060
0.998574495 -0.052677367 0.008600465 6.964484692 0.052777655 0.998535573 -0.011882487 -9.620365143 -0.007961934 0.012319463 0.999892414 86.654273987
0.998760581 -0.049213972 0.007432454 7.023942947 0.049320377 0.998672068 -0.014883202 -9.753838539 -0.006690123 0.015231325 0.999861538 87.785430908
0.998830736 -0.047954988 0.006116868 7.079567909 0.048053972 0.998696268 -0.017218335 -9.886281967 -0.005283189 0.017492143 0.999832988 88.903938293
0.998763382 -0.049413927 0.005462258 7.136370182 0.049503956 0.998615265 -0.017802186 -10.019036293 -0.004575019 0.018050576 0.999826550 90.017051697
0.998760700 -0.049498681 0.005190681 7.172646046 0.049573217 0.998652101 -0.015376693 -10.156170845 -0.004422558 0.015614955 0.999868274 91.153839111
0.998673081 -0.051327970 0.004210874 7.232130527 0.051376570 0.998602569 -0.012383107 -10.283135414 -0.003569391 0.012583015 0.999914467 92.263748169
0.998683572 -0.051130336 0.004102786 7.284481525 0.051176459 0.998616874 -0.012057226 -10.407814980 -0.003480621 0.012251318 0.999918878 93.401931763
0.998683035 -0.051162705 0.003812064 7.333390236 0.051212512 0.998584390 -0.014371739 -10.538492203 -0.003071371 0.014548037 0.999889433 94.538337708
0.998680651 -0.051241480 0.003347746 7.392015934 0.051293120 0.998525321 -0.017784270 -10.667840958 -0.002431516 0.017932523 0.999836206 95.637168884
0.998632193 -0.052215192 0.002703812 7.450602531 0.052257396 0.998451352 -0.019082520 -10.798001289 -0.001703227 0.019197712 0.999814212 96.741691589
0.998623073 -0.052345376 0.003430545 7.495138645 0.052398317 0.998467982 -0.017780168 -10.933526993 -0.002494579 0.017935446 0.999836028 97.811019897
0.998639226 -0.052010659 0.003817242 7.549936771 0.052053779 0.998569369 -0.012234267 -11.054428101 -0.003175468 0.012416320 0.999917805 98.900817871
0.998724997 -0.050241247 0.004906580 7.603554726 0.050284006 0.998694181 -0.009019453 -11.175319672 -0.004447025 0.009254677 0.999947309 99.969589233
0.998801947 -0.048438869 0.006946183 7.658657074 0.048501134 0.998781800 -0.009095549 -11.288653374 -0.006497142 0.009421549 0.999934554 101.018966675
0.998866737 -0.046759117 0.008869230 7.713891983 0.046851378 0.998846650 -0.010496494 -11.416969299 -0.008368197 0.010900137 0.999905586 102.064697266
0.998829663 -0.046999481 0.011417668 7.769932747 0.047148313 0.998801470 -0.013135489 -11.532463074 -0.010786625 0.013658442 0.999848485 103.077529907
0.998745322 -0.048321802 0.013140595 7.836043358 0.048497047 0.998733878 -0.013361907 -11.653551102 -0.012478286 0.013982423 0.999824405 104.081420898
0.998648763 -0.049733721 0.015073272 7.896762371 0.049928527 0.998670340 -0.012834801 -11.774588585 -0.014414907 0.013570045 0.999804020 105.085266113
0.998622656 -0.049684789 0.016859295 7.959291935 0.049877774 0.998692274 -0.011225836 -11.888737679 -0.016279493 0.012051279 0.999794900 106.043701172
0.998556018 -0.050599996 0.018040081 8.021085739 0.050785422 0.998659909 -0.009973116 -11.996680260 -0.017511263 0.010874890 0.999787509 106.995986938
0.998481333 -0.051285781 0.020120459 8.078603745 0.051501606 0.998619199 -0.010358872 -12.102430344 -0.019561414 0.011379376 0.999743879 107.910537720
0.998464227 -0.050981410 0.021679768 8.143995285 0.051177859 0.998652399 -0.008604846 -12.203482628 -0.021211866 0.009701156 0.999727905 108.813377380
0.998457789 -0.050133597 0.023843141 8.200841904 0.050302614 0.998712480 -0.006542041 -12.300766945 -0.023484467 0.007731323 0.999694347 109.683982849
0.998428464 -0.050383501 0.024543284 8.269735336 0.050470658 0.998721182 -0.002943977 -12.406612396 -0.024363574 0.004178066 0.999694407 110.543251038
0.998374879 -0.050458938 0.026484441 8.327636719 0.050557185 0.998716533 -0.003052869 -12.497009277 -0.026296407 0.004386887 0.999644518 111.366226196
0.998395860 -0.049249060 0.027933624 8.378688812 0.049331233 0.998779833 -0.002260023 -12.585881233 -0.027788239 0.003634398 0.999607205 112.185600281
0.998484850 -0.047066588 0.028508952 8.432122231 0.047137685 0.998886645 -0.001826878 -12.666631699 -0.028391229 0.003167957 0.999591827 112.965576172
0.998618305 -0.044565946 0.027845399 8.478227615 0.044553600 0.999006331 0.001063976 -12.743083954 -0.027865151 0.000178108 0.999611676 113.720413208
0.998697817 -0.044578847 0.024808241 8.526630402 0.044530630 0.999004841 0.002493076 -12.833387375 -0.024894694 -0.001385103 0.999689102 114.472129822
0.998837769 -0.044481430 0.018561797 8.563734055 0.044441350 0.999008656 0.002566752 -12.906632423 -0.018657573 -0.001738857 0.999824405 115.168388367
0.999033332 -0.043157630 0.008357920 8.590420723 0.043144140 0.999067247 0.001787793 -12.984477043 -0.008427285 -0.001425469 0.999963462 115.836410522
0.999171972 -0.040380355 -0.004980080 8.586848259 0.040375084 0.999183893 -0.001153772 -13.051132202 0.005022608 0.000951745 0.999986887 116.472404480
0.998938978 -0.038963906 -0.024550986 8.595080376 0.038887899 0.999237239 -0.003565695 -13.122573853 0.024671193 0.002607175 0.999692202 117.108558655
0.998212755 -0.037203547 -0.046767093 8.561330795 0.036967579 0.999299109 -0.005900781 -13.191364288 0.046953846 0.004161369 0.998888314 117.694755554
0.996569037 -0.035714850 -0.074662998 8.524825096 0.035248432 0.999350071 -0.007555773 -13.259298325 0.074884325 0.004898096 0.997180223 118.264526367
0.993701458 -0.033564243 -0.106915295 8.455515862 0.032719184 0.999418020 -0.009648870 -13.324737549 0.107176945 0.006089916 0.994221330 118.808357239
0.989409924 -0.029052213 -0.142210782 8.352458954 0.027709402 0.999550939 -0.011414072 -13.384193420 0.142478526 0.007352620 0.989770532 119.346916199
0.983199179 -0.023356689 -0.181035519 8.245275497 0.021764515 0.999705017 -0.010776598 -13.445326805 0.181233793 0.006655391 0.983417511 119.874961853
0.974787652 -0.017771082 -0.222426042 8.103179932 0.016185999 0.999828994 -0.008947380 -13.501012802 0.222547039 0.005121608 0.974908412 120.378723145
0.963557184 -0.013263802 -0.267173409 7.931442261 0.011725447 0.999904096 -0.007352510 -13.558707237 0.267245352 0.003951836 0.963620424 120.874641418
0.949401319 -0.007308811 -0.313980252 7.741691589 0.005062900 0.999955416 -0.007967895 -13.613506317 0.314024568 0.005975081 0.949396074 121.351112366
0.932069778 0.000788412 -0.362277955 7.514373779 -0.004276851 0.999951839 -0.008827345 -13.670605659 0.362253547 0.009777112 0.932028294 121.824920654
0.911047876 0.005057672 -0.412269592 7.268424988 -0.009837233 0.999906778 -0.009471931 -13.723412514 0.412183166 0.012684973 0.911012650 122.243553162
0.885956585 0.009345734 -0.463673890 7.004173279 -0.014816379 0.999856889 -0.008157182 -13.777464867 0.463531286 0.014096877 0.885968447 122.658508301
0.856927097 0.012428840 -0.515287817 6.720588684 -0.019556416 0.999773383 -0.008407723 -13.815624237 0.515066504 0.017281985 0.856975973 123.062179565
0.825568378 0.022243308 -0.563863456 6.394088745 -0.030262960 0.999530017 -0.004879354 -13.869635582 0.563489914 0.021092419 0.825853646 123.430160522
0.791412175 0.035200592 -0.610268652 6.047847748 -0.042917661 0.999076724 0.001970494 -13.912585258 0.609774351 0.024631824 0.792192161 123.795127869
0.755905986 0.044636279 -0.653156757 5.696773529 -0.054929290 0.998479307 0.004665080 -13.958105087 0.652371764 0.032351069 0.757208347 124.098396301
0.716244340 0.048490483 -0.696162939 5.330333710 -0.061997920 0.998059928 0.005732489 -14.003003120 0.695090234 0.039054789 0.717860878 124.395164490
0.673656523 0.050121967 -0.737342954 4.954025269 -0.064627916 0.997870803 0.008785903 -14.049042702 0.736213386 0.041734252 0.675461352 124.683021545
0.630114913 0.053589836 -0.774650574 4.537689209 -0.068029255 0.997589648 0.013676390 -14.081695557 0.773516178 0.044081192 0.632241666 124.951034546
0.584218264 0.062489662 -0.809187293 4.131977081 -0.078249313 0.996723533 0.020477626 -14.124320984 0.807815671 0.051354937 0.587193847 125.183593750
0.539944589 0.071258202 -0.838678658 3.649784088 -0.091207460 0.995496035 0.025862429 -14.139085770 0.836744189 0.062529482 0.544012010 125.405403137
0.493188500 0.076159596 -0.866582215 3.201622009 -0.097042955 0.994759381 0.032195438 -14.160402298 0.864492714 0.068217263 0.497994721 125.599296570
0.445811749 0.077782981 -0.891740739 2.738689423 -0.096139669 0.994615614 0.038692798 -14.189393997 0.889948785 0.068481952 0.450889409 125.781280518
0.398275912 0.079247780 -0.913835824 2.265316010 -0.093672521 0.994566321 0.045423545 -14.210478783 0.912470102 0.067510203 0.403535128 125.960777283
0.353542060 0.082273699 -0.931793451 1.759468079 -0.095407069 0.994101346 0.051575784 -14.233440399 0.930540442 0.070665471 0.359306186 126.099876404
0.310122579 0.085856415 -0.946811914 1.260974884 -0.101103306 0.993244529 0.056951124 -14.254305840 0.945305347 0.078063987 0.316707939 126.216201782
0.268728316 0.087009437 -0.959278166 0.741130829 -0.105867691 0.992546082 0.060369588 -14.267699242 0.957380474 0.085333541 0.275936723 126.318756104
0.229004458 0.083663858 -0.969823301 0.216440201 -0.105864063 0.992530823 0.060625076 -14.285352707 0.967651725 0.088786036 0.236150980 126.424079895
0.194089368 0.078918308 -0.977804244 -0.321825027 -0.101278409 0.993044436 0.060045067 -14.311206818 0.975741744 0.087376349 0.200732112 126.515014648
0.163508981 0.073653094 -0.983788610 -0.868789673 -0.098425724 0.993451715 0.058017846 -14.331498146 0.981619596 0.087343670 0.169687644 126.597946167
0.136889368 0.072170630 -0.987953782 -1.436382294 -0.099525452 0.993297815 0.058770921 -14.351225853 0.985573828 0.090281442 0.143154740 126.668891907
0.115108632 0.071362808 -0.990786254 -2.025660515 -0.100003310 0.993181407 0.059917036 -14.363718987 0.988306224 0.092184938 0.121460296 126.726425171
0.096665576 0.072784446 -0.992652118 -2.622160912 -0.101877712 0.992808044 0.062874913 -14.377170563 0.990089118 0.095051289 0.103385508 126.783264160
0.080444701 0.070979849 -0.994228721 -3.228398323 -0.103066102 0.992706954 0.062531956 -14.402739525 0.991416156 0.097440913 0.087173633 126.838577271
0.066240668 0.070063144 -0.995340765 -3.847846985 -0.102020793 0.992779434 0.063093282 -14.433121681 0.992574394 0.097366124 0.072910249 126.893531799
0.053831384 0.067649104 -0.996255934 -4.486452579 -0.097638220 0.993278146 0.062171143 -14.455689430 0.993765056 0.093925886 0.060074676 126.939781189
0.042046264 0.064977400 -0.997000515 -5.133752823 -0.095615432 0.993564546 0.060721096 -14.472360611 0.994529903 0.092775539 0.047988519 126.978591919
0.031599522 0.063880764 -0.997457147 -5.800955772 -0.094763383 0.993651509 0.060634930 -14.489259720 0.994998157 0.092606381 0.037452463 127.014862061
0.021753961 0.065391496 -0.997622550 -6.472645760 -0.098218620 0.993171394 0.062958010 -14.511304855 0.994927049 0.096615523 0.028028075 127.039520264
0.013694229 0.065109357 -0.997784138 -7.150080681 -0.100805968 0.992883623 0.063406043 -14.537166595 0.994811833 0.099714316 0.020160187 127.055061340
0.006765550 0.064576723 -0.997889936 -7.846151352 -0.103189848 0.992630303 0.063536741 -14.559069633 0.994638681 0.102542244 0.013379352 127.079650879
0.001628804 0.065559477 -0.997847259 -8.545058250 -0.104019009 0.992446780 0.065034859 -14.577315331 0.994573951 0.103689179 0.008435933 127.097389221
-0.002064990 0.067897491 -0.997690201 -9.266966820 -0.106324837 0.992021918 0.067731820 -14.595971107 0.994329274 0.106219120 0.005170678 127.123771667
-0.002808512 0.071984299 -0.997401774 -10.003103256 -0.108495846 0.991496027 0.071863569 -14.621988297 0.994092941 0.108415790 0.005025368 127.126296997
-0.003654582 0.075173572 -0.997163713 -10.718572617 -0.111059971 0.990971029 0.075113758 -14.635124207 0.993806899 0.111019500 0.004727192 127.138420105
-0.004363819 0.080602452 -0.996736765 -11.459260941 -0.115811795 0.989998460 0.080564588 -14.641552925 0.993261516 0.115785472 0.005014542 127.149154663
-0.005167343 0.084408045 -0.996417820 -12.206623077 -0.118996464 0.989299119 0.084422112 -14.655303955 0.992881179 0.119006447 0.004932212 127.155662537
-0.006916692 0.085248433 -0.996335745 -12.948380470 -0.118746914 0.989239514 0.085465625 -14.675014496 0.992900491 0.118902951 0.003280723 127.182754517
-0.008564710 0.082155131 -0.996582687 -13.690407753 -0.116383880 0.989764214 0.082593247 -14.693140030 0.993167400 0.116693556 0.001084492 127.208366394
-0.009896504 0.078643948 -0.996853650 -14.454703331 -0.120041370 0.989599645 0.079263404 -14.697517395 0.992719591 0.120448120 -0.000353049 127.219924927
-0.011197587 0.080072932 -0.996726096 -15.218320847 -0.125044778 0.988851786 0.080845140 -14.706926346 0.992087901 0.125540704 -0.001060052 127.226837158
-0.013076524 0.083696045 -0.996405482 -15.986535072 -0.121960513 0.988917112 0.084667593 -14.721413612 0.992448807 0.122629307 -0.002723987 127.246467590
-0.014922041 0.083732352 -0.996376514 -16.762310028 -0.121244542 0.988982856 0.084926814 -14.738765717 0.992510557 0.122072518 -0.004605553 127.260200500
-0.016264431 0.082941517 -0.996421814 -17.552759171 -0.123981699 0.988695264 0.084322102 -14.749352455 0.992151201 0.124909505 -0.005797339 127.267982483
-0.016820569 0.082733929 -0.996429741 -18.339891434 -0.128734276 0.988096714 0.084215209 -14.755303383 0.991536498 0.129691184 -0.005969656 127.269317627
-0.017862741 0.087345682 -0.996017873 -19.142805099 -0.130608648 0.987437069 0.088935547 -14.763218880 0.991273046 0.131677195 -0.006230230 127.274772644
-0.018559860 0.091811299 -0.995603442 -19.956705093 -0.129005805 0.987231314 0.093444161 -14.772321701 0.991470158 0.130172908 -0.006478684 127.292205811
-0.017901795 0.093941890 -0.995416701 -20.770267487 -0.131150290 0.986753583 0.095482945 -14.782680511 0.991200864 0.132258505 -0.005344151 127.310577393
-0.015890868 0.092659593 -0.995571017 -21.588085175 -0.130551100 0.986980677 0.093943864 -14.787672997 0.991314113 0.131465733 -0.003587170 127.322395325
-0.014554379 0.092559427 -0.995600760 -22.419937134 -0.130670428 0.986991107 0.093669206 -14.790690422 0.991319060 0.131458879 -0.002270262 127.333702087
-0.014823809 0.092021190 -0.995646715 -23.249000549 -0.129064217 0.987250030 0.093166739 -14.801049232 0.991525412 0.129883453 -0.002758160 127.363792419
-0.014114989 0.094091900 -0.995463431 -24.088113785 -0.129989862 0.986941278 0.095129550 -14.807311058 0.991414905 0.130742893 -0.001699669 127.384910583
-0.013722237 0.095918387 -0.995294631 -24.925634384 -0.131660700 0.986548364 0.096890703 -14.806426048 0.991199911 0.132370755 -0.000908969 127.406196594
-0.013514394 0.098433234 -0.995051980 -25.799011230 -0.134523109 0.985916734 0.099356607 -14.807785034 0.990818262 0.135200232 -0.000082521 127.421745300
-0.011941792 0.099645376 -0.994951308 -26.662788391 -0.136743903 0.985511363 0.100341193 -14.805213928 0.990534484 0.137251779 0.001857126 127.436332703
-0.010140516 0.102673948 -0.994663298 -27.532571793 -0.143526241 0.984265149 0.103063829 -14.803095818 0.989594638 0.143805429 0.004755450 127.452171326
-0.008047228 0.106685497 -0.994260252 -28.407781601 -0.148184538 0.983187258 0.106696703 -14.800197601 0.988927126 0.148192599 0.007897208 127.473518372
-0.006055241 0.108641073 -0.994062543 -29.282173157 -0.150835320 0.982607901 0.108307958 -14.795163155 0.988540411 0.150595605 0.010436981 127.506752014
-0.002453777 0.109489739 -0.993984878 -30.181056976 -0.149780184 0.982734740 0.108620256 -14.797129631 0.988716304 0.149145737 0.013987981 127.532470703
0.000213661 0.109474830 -0.993989527 -31.073608398 -0.152428895 0.982377827 0.108163178 -14.790662766 0.988314390 0.151489630 0.016897023 127.563568115
0.002871035 0.113541678 -0.993529081 -31.975494385 -0.153064296 0.981875420 0.111767553 -14.783855438 0.988212168 0.151752919 0.020198176 127.594009399
0.004927131 0.115368851 -0.993310511 -32.891307831 -0.152162567 0.981841981 0.113282062 -14.775585175 0.988343179 0.150586560 0.022392485 127.637573242
0.006927900 0.116711721 -0.993141592 -33.784557343 -0.152870491 0.981615067 0.114290766 -14.771090508 0.988221884 0.151030257 0.024642307 127.678855896
0.009276884 0.114974402 -0.993325174 -34.687347412 -0.154111207 0.981663883 0.112185381 -14.764062881 0.988009870 0.152041793 0.026825625 127.713844299
0.009438547 0.115889773 -0.993217230 -35.602317810 -0.158326477 0.980905354 0.112948634 -14.751008034 0.987341702 0.156186521 0.027606744 127.757637024
0.010281119 0.116806626 -0.993101478 -36.496440887 -0.159175068 0.980681419 0.113697946 -14.747022629 0.987196803 0.156908080 0.028675210 127.798080444
0.010865436 0.113198616 -0.993512988 -37.392349243 -0.159738019 0.981008649 0.110026933 -14.742437363 0.987099648 0.157506317 0.028741211 127.832817078
0.011697837 0.108938470 -0.993979633 -38.301574707 -0.160752177 0.981323004 0.105659492 -14.740322113 0.986925483 0.158548445 0.028991457 127.879562378
0.012061773 0.108310439 -0.994043946 -39.196014404 -0.160285845 0.981470466 0.104995519 -14.736373901 0.986996949 0.158064723 0.029198900 127.924499512
0.011849849 0.112584539 -0.993571520 -40.096565247 -0.162760690 0.980607033 0.109174304 -14.731832504 0.986594439 0.160420656 0.029944379 127.969833374
0.012548853 0.118678354 -0.992853403 -41.027267456 -0.163899988 0.979746163 0.115040034 -14.715940475 0.986397147 0.161285043 0.031746067 128.001174927
0.012736565 0.117309920 -0.993013740 -41.921436310 -0.161640838 0.980274081 0.113731690 -14.714860916 0.986767411 0.159063011 0.031447403 128.048355103
0.013535886 0.106966034 -0.994170547 -42.811233521 -0.160874009 0.981541872 0.103416935 -14.719182014 0.986882150 0.158536330 0.030494090 128.094909668
0.013838722 0.096720882 -0.995215297 -43.735908508 -0.162502095 0.982296169 0.093205690 -14.727273941 0.986611128 0.160434753 0.029311070 128.136566162
0.012805066 0.093593411 -0.995528162 -44.635879517 -0.159303188 0.983084381 0.090374462 -14.733691216 0.987146616 0.157433540 0.027498189 128.185241699
0.012957522 0.103321880 -0.994563639 -45.558078766 -0.151814640 0.983319461 0.100175865 -14.733624458 0.988323987 0.149691284 0.028427156 128.235397339
0.012739273 0.116866224 -0.993065953 -46.503128052 -0.146980852 0.982577443 0.113746405 -14.732576370 0.989057243 0.144512653 0.029694423 128.298004150
0.012945151 0.125649333 -0.991990387 -47.424980164 -0.147301748 0.981489241 0.122396998 -14.721261978 0.989006877 0.144537449 0.031213896 128.345367432
0.012733710 0.119989417 -0.992693543 -48.341613770 -0.147519201 0.982135892 0.116820998 -14.717041016 0.988977253 0.144953802 0.030206982 128.389389038
0.012955090 0.106580973 -0.994219601 -49.258499146 -0.147345185 0.983652055 0.103528157 -14.715778351 0.989000261 0.145152226 0.028447496 128.433181763
0.013483931 0.097810172 -0.995113730 -50.172660828 -0.147876546 0.984455884 0.094758861 -14.714845657 0.988913953 0.145876244 0.027738167 128.478790283
0.014212220 0.097621024 -0.995122135 -51.101654053 -0.147241876 0.984577477 0.094483696 -14.720388412 0.988998473 0.145180836 0.028366935 128.525192261
0.013312647 0.099388331 -0.994959652 -52.038417816 -0.150108725 0.983970106 0.096282095 -14.737771988 0.988579869 0.148070350 0.028018309 128.570129395
0.014154905 0.098896042 -0.994997144 -52.966308594 -0.154772446 0.983320296 0.095533654 -14.738561630 0.987848699 0.152645856 0.029225189 128.604080200
0.014526678 0.098125786 -0.995067954 -53.904895782 -0.156549573 0.983123183 0.094662473 -14.738650322 0.987563252 0.154402301 0.029643070 128.646835327
0.015100438 0.106031679 -0.994248033 -54.870342255 -0.165344477 0.980936527 0.102100864 -14.741018295 0.986120284 0.162851647 0.032344315 128.690505981
0.016544558 0.115532137 -0.993165970 -55.810741425 -0.170618787 0.979059458 0.111048922 -14.732445717 0.985198140 0.167615503 0.035910055 128.731536865
0.017670695 0.123762384 -0.992154598 -56.768558502 -0.171156213 0.978036642 0.118952960 -14.724363327 0.985085428 0.167711407 0.038465291 128.776367188
0.018794898 0.124270022 -0.992070377 -57.723930359 -0.172809035 0.977716148 0.119198069 -14.712693214 0.984776020 0.169198439 0.039851062 128.826553345
0.020417422 0.114702575 -0.993190050 -58.665199280 -0.174548134 0.978549659 0.109423511 -14.710597992 0.984436929 0.171125323 0.040000577 128.872985840
0.021661939 0.109748758 -0.993723273 -59.603042603 -0.172935411 0.979385018 0.104395434 -14.703930855 0.984694958 0.169588521 0.040194824 128.930282593
0.023514807 0.107996002 -0.993873179 -60.575229645 -0.171415776 0.979860723 0.102417745 -14.700893402 0.984918177 0.167957172 0.041553464 128.988815308
0.026767271 0.113916919 -0.993129611 -61.531360626 -0.172935739 0.979033828 0.107639000 -14.697946548 0.984569371 0.168866396 0.045906369 129.053192139
0.030528210 0.116310932 -0.992743552 -62.512298584 -0.175951511 0.978322089 0.109210551 -14.701232910 0.983925283 0.171340734 0.050331503 129.107955933
0.034540322 0.111226894 -0.993194520 -63.471099854 -0.175037146 0.979100049 0.103561208 -14.699231148 0.983955741 0.170268893 0.053287271 129.169937134
0.037736431 0.105356172 -0.993718207 -64.424591064 -0.174838245 0.979783773 0.097239316 -14.702489853 0.983873785 0.170070469 0.055393826 129.238601685
0.041695289 0.105167538 -0.993579984 -65.384033203 -0.172729254 0.980230212 0.096505970 -14.700641632 0.984086454 0.167596430 0.059036486 129.308212280
0.043178037 0.109687619 -0.993027806 -66.346305847 -0.169812307 0.980297625 0.100897819 -14.719406128 0.984530032 0.164271787 0.060953632 129.407302856
0.046544511 0.116379745 -0.992113590 -67.304077148 -0.169154197 0.979764760 0.106995367 -14.718545914 0.984490037 0.162840128 0.065288790 129.489227295
0.049066942 0.120049529 -0.991554618 -68.269287109 -0.167031467 0.979756117 0.110355534 -14.718907356 0.984729886 0.160206050 0.068125702 129.575134277
0.051054690 0.122044824 -0.991210639 -69.249214172 -0.166672841 0.979626775 0.112033650 -14.721021652 0.984689474 0.159488052 0.070356108 129.658523560
0.053841930 0.119137220 -0.991416812 -70.193145752 -0.165493742 0.980190933 0.108800553 -14.715620041 0.984740019 0.158215255 0.072491847 129.729904175
0.054560587 0.117781289 -0.991539657 -71.138442993 -0.163465872 0.980675042 0.107495859 -14.717970848 0.985039175 0.156217843 0.072759442 129.819458008
0.055349711 0.114208579 -0.991913795 -72.083625793 -0.160426393 0.981546760 0.104063004 -14.724552155 0.985494733 0.153369278 0.072650418 129.909484863
0.054601315 0.113757193 -0.992007077 -73.077476501 -0.158768192 0.981838763 0.103852369 -14.715641975 0.985804915 0.151828691 0.071670711 130.001480103
0.054255534 0.118546389 -0.991465151 -74.030044556 -0.155504853 0.981815994 0.108883053 -14.717056274 0.986344039 0.148270115 0.071703494 130.090972900
0.053793393 0.120067924 -0.991307199 -74.991004944 -0.149449453 0.982530951 0.110895045 -14.717665672 0.987304986 0.142184928 0.070797756 130.190017700
0.053016115 0.115537912 -0.991887152 -75.951576233 -0.146709487 0.983407199 0.106708534 -14.704304695 0.987757862 0.139861971 0.069086932 130.275848389
0.051725384 0.111826316 -0.992380679 -76.914642334 -0.148981839 0.983455181 0.103055239 -14.705815315 0.987486124 0.142516091 0.067529693 130.349578857
0.050422743 0.109222971 -0.992737591 -77.863410950 -0.145470396 0.984204471 0.100895472 -14.708590508 0.988076866 0.139326483 0.065514997 130.435333252
0.049155772 0.109928302 -0.992723167 -78.827491760 -0.145607904 0.984094858 0.101762906 -14.708903313 0.988120437 0.139546096 0.064380370 130.507537842
0.048039138 0.110954352 -0.992663801 -79.775955200 -0.146899685 0.983789384 0.102853343 -14.709249496 0.987984180 0.140881017 0.063559555 130.587463379
0.046845201 0.111466981 -0.992663503 -80.732437134 -0.148498163 0.983489096 0.103428945 -14.711890221 0.987802565 0.142563537 0.062624380 130.661010742
0.045231141 0.112096786 -0.992667377 -81.680168152 -0.148273721 0.983431220 0.104297653 -14.711795807 0.987911463 0.142468959 0.061102711 130.734802246
0.043394204 0.112634890 -0.992688417 -82.649017334 -0.148391321 0.983329594 0.105086192 -14.712985039 0.987976193 0.142746195 0.059384830 130.803680420
0.041763462 0.114445321 -0.992551327 -83.597938538 -0.148175061 0.983141959 0.107125640 -14.700448990 0.988078952 0.142597392 0.058017362 130.883483887
0.040190920 0.118056536 -0.992193162 -84.551406860 -0.149481401 0.982531011 0.110851787 -14.691235542 0.987947404 0.143859223 0.057136077 130.945953369
0.037467852 0.123285465 -0.991663635 -85.495185852 -0.150494158 0.981738508 0.116365463 -14.682752609 0.987900615 0.144879609 0.055337366 131.019058228
0.035395943 0.122974604 -0.991778433 -86.438278198 -0.150353715 0.981760085 0.116366342 -14.676846504 0.987998426 0.144998685 0.053240016 131.086563110
0.034166120 0.118533686 -0.992362082 -87.385520935 -0.151201218 0.982125580 0.112105258 -14.676480293 0.987912297 0.146216154 0.051477857 131.147109985
0.032489095 0.112919778 -0.993072748 -88.337348938 -0.154792264 0.982177258 0.106616728 -14.655955315 0.987412632 0.150256127 0.049389161 131.201416016
0.031075645 0.110926233 -0.993342638 -89.279060364 -0.152746961 0.982676089 0.104956590 -14.653820038 0.987776697 0.148468494 0.047480948 131.271072388
0.031331744 0.111666873 -0.993251622 -90.248214722 -0.147968128 0.983307958 0.105881341 -14.648592949 0.988495708 0.143652141 0.047331896 131.317398071
0.030722760 0.112917989 -0.993129134 -91.196624756 -0.145035312 0.983586073 0.107346229 -14.646332741 0.988949358 0.140740871 0.046595570 131.381774902
0.029533848 0.113029189 -0.993152618 -92.141342163 -0.139590427 0.984315991 0.107872434 -14.651385307 0.989768803 0.135448694 0.044848431 131.450500488
0.028144622 0.110242777 -0.993506134 -93.082199097 -0.135452121 0.985153317 0.105478734 -14.654040337 0.990384161 0.131603867 0.042659376 131.518417358
0.027350526 0.107027441 -0.993879795 -94.027153015 -0.130309373 0.986149490 0.102609009 -14.656568527 0.991096139 0.126705423 0.040918387 131.584518433
0.025256915 0.109566808 -0.993658423 -95.015487671 -0.128432751 0.986094058 0.105468184 -14.659116745 0.991396546 0.124954484 0.038977657 131.646789551
0.024171358 0.111981660 -0.993416250 -95.962959290 -0.127856523 0.985892296 0.108022593 -14.656945229 0.991498053 0.124403708 0.038147949 131.702789307
0.022673840 0.109802842 -0.993694782 -96.922149658 -0.123520218 0.986642420 0.106205121 -14.652384758 0.992083073 0.120333321 0.035933841 131.757766724
0.020791855 0.107298017 -0.994009554 -97.871925354 -0.120677322 0.987224579 0.104041412 -14.656080246 0.992474079 0.117791198 0.033474673 131.807220459
0.016871329 0.103760689 -0.994459212 -98.841499329 -0.119506545 0.987680197 0.101025879 -14.644479752 0.992690027 0.117139958 0.029063556 131.866851807
0.014158799 0.102929920 -0.994587839 -99.795654297 -0.114029981 0.988364398 0.100662522 -14.654212952 0.993376374 0.111987568 0.025731150 131.918426514
0.012091316 0.103375748 -0.994568944 -100.753791809 -0.107334957 0.989028811 0.101494990 -14.651958466 0.994149387 0.105524793 0.023054492 131.961654663
0.009680352 0.109803736 -0.993906140 -101.735557556 -0.096934453 0.989374459 0.108358979 -14.635996819 0.995243669 0.095294803 0.020221259 132.019790649
0.007347174 0.118494138 -0.992927492 -102.673095703 -0.088265747 0.989155471 0.117390856 -14.632431030 0.996069849 0.086778998 0.017726468 132.079238892
0.003411517 0.117638201 -0.993050575 -103.620597839 -0.083604172 0.989613354 0.116943814 -14.622558594 0.996493220 0.082624219 0.013211126 132.142639160
0.000995887 0.110013239 -0.993929505 -104.574348450 -0.085504420 0.990299463 0.109525762 -14.643363953 0.996337295 0.084876299 0.010392845 132.169006348
-0.000075502 0.098466054 -0.995140433 -105.536178589 -0.087145835 0.991353810 0.098097995 -14.625141144 0.996195555 0.086729750 0.008506058 132.202163696
-0.000985115 0.099494927 -0.995037556 -106.494125366 -0.093808018 0.990640998 0.099148177 -14.617824554 0.995589733 0.093440175 0.008357526 132.227416992
-0.001552439 0.110678621 -0.993855000 -107.451614380 -0.098043948 0.989051104 0.110296771 -14.622281075 0.995180905 0.097612701 0.009315927 132.261932373
-0.002951129 0.120699413 -0.992684722 -108.434570312 -0.101945698 0.987480760 0.120369725 -14.597231865 0.994785607 0.101555161 0.009390601 132.295120239
-0.004161516 0.122337244 -0.992479861 -109.390304565 -0.109103836 0.986508012 0.122058608 -14.581341743 0.994021595 0.108791307 0.009242096 132.321151733
-0.004701723 0.119986393 -0.992764413 -110.351837158 -0.116473831 0.985952437 0.119714722 -14.568891525 0.993182659 0.116193935 0.009339602 132.348175049
-0.004763786 0.115611225 -0.993283212 -111.306526184 -0.124299429 0.985522568 0.115304068 -14.552221298 0.992233336 0.124013811 0.009675590 132.375915527
-0.001719002 0.117321052 -0.993092537 -112.273246765 -0.128798068 0.984796405 0.116563916 -14.532227516 0.991669476 0.128108755 0.013417857 132.396026611
-0.001152091 0.119011194 -0.992892265 -113.236763000 -0.136810258 0.983538210 0.118048757 -14.518164635 0.990596592 0.135973856 0.015148829 132.424530029
-0.000685235 0.121602356 -0.992578626 -114.194526672 -0.145726904 0.981970847 0.120403387 -14.501767159 0.989324629 0.144727901 0.017047852 132.451477051
-0.000398859 0.123503789 -0.992344022 -115.177513123 -0.151844501 0.980829775 0.122131780 -14.477052689 0.988404334 0.150730684 0.018362153 132.479461670
-0.000045298 0.122925669 -0.992415965 -116.137130737 -0.155389994 0.980360329 0.121439502 -14.462458611 0.987853169 0.154216960 0.019057006 132.510757446
0.001578942 0.113454923 -0.993541837 -117.092567444 -0.153886452 0.981736064 0.111862250 -14.468225479 0.988087237 0.152716011 0.019009283 132.543960571
0.002730150 0.102171965 -0.994762957 -118.044403076 -0.157126844 0.982453823 0.100476459 -14.462249756 0.987574697 0.156029642 0.018736202 132.580139160
