1.000000000 0.000000000 0.000000000 0.000000000 0.000000000 1.000000000 0.000000000 0.000000000 0.000000000 0.000000000 1.000000000 0.000000000
0.999997854 -0.001610181 -0.001325723 0.048344880 0.001607324 0.999996364 -0.002153078 -0.132545277 0.001329185 0.002150943 0.999996781 1.298334002
0.999997735 0.000062178 -0.002109920 0.103590712 -0.000075611 0.999979675 -0.006367304 -0.267551661 0.002109481 0.006367450 0.999977529 2.603829384
0.999995947 0.002502197 -0.001369743 0.149490595 -0.002512856 0.999966145 -0.007836754 -0.407089800 0.001350088 0.007840165 0.999968350 3.908130646
0.999983370 0.005768306 0.000239288 0.192439765 -0.005766608 0.999961734 -0.006575956 -0.545386732 -0.000277211 0.006574468 0.999978364 5.220659733
0.999974430 0.006729682 0.002420979 0.241598785 -0.006721785 0.999972105 -0.003255260 -0.691247046 -0.002442819 0.003238904 0.999991715 6.538960457
0.999959111 0.006990456 0.005741321 0.298500240 -0.006979136 0.999973655 -0.001989344 -0.828728497 -0.005755077 0.001949193 0.999981523 7.841920376
0.999942303 0.005599400 0.009167843 0.353170961 -0.005582718 0.999982655 -0.001844451 -0.961566567 -0.009178014 0.001793163 0.999956191 9.147404671
0.999913573 0.004300595 0.012422264 0.432548285 -0.004278488 0.999989271 -0.001805552 -1.098365307 -0.012429893 0.001752247 0.999921203 10.446647644
0.999869525 0.002843795 0.015902031 0.494800091 -0.002805557 0.999993086 -0.002426377 -1.236505389 -0.015908822 0.002381446 0.999870598 11.758730888
0.999812841 0.001808030 0.019262055 0.571415901 -0.001744544 0.999993026 -0.003312242 -1.372097135 -0.019267909 0.003278019 0.999808967 13.053987503
0.999742448 0.001796285 0.022624271 0.641804934 -0.001724756 0.999993443 -0.003180746 -1.521993518 -0.022629838 0.003140905 0.999738932 14.375221252
0.999661088 0.001628786 0.025979452 0.727590621 -0.001518764 0.999989808 -0.004254145 -1.659451485 -0.025986116 0.004213247 0.999653459 15.671096802
0.999565482 0.002686719 0.029353820 0.807640076 -0.002567423 0.999988437 -0.004100980 -1.798894882 -0.029364491 0.004023834 0.999560654 16.978889465
0.999469280 0.002382970 0.032487225 0.898563743 -0.002263705 0.999990642 -0.003707423 -1.937997341 -0.032495752 0.003631914 0.999465227 18.265478134
0.999406815 0.000540139 0.034433845 1.001773357 -0.000417682 0.999993563 -0.003563388 -2.079669952 -0.034435555 0.003546893 0.999400616 19.563596725
0.999342620 -0.001912734 0.036201183 1.095865726 0.002091698 0.999985814 -0.004906367 -2.219142199 -0.036191281 0.004978864 0.999332488 20.841047287
0.999300003 -0.001638859 0.037373129 1.196784377 0.001886593 0.999976456 -0.006594366 -2.362309933 -0.037361436 0.006660258 0.999279618 22.151197433
0.999253988 -0.001599892 0.038586602 1.280823946 0.001958659 0.999955177 -0.009261712 -2.505834818 -0.038570050 0.009330381 0.999212265 23.436765671
0.999219716 -0.001238256 0.039479833 1.388256192 0.001662457 0.999941230 -0.010713734 -2.648927927 -0.039464254 0.010771009 0.999162853 24.725734711
0.999177456 -0.000525677 0.040548615 1.488212824 0.000984617 0.999935687 -0.011299118 -2.795424461 -0.040540069 0.011329749 0.999113619 25.996515274
0.999157131 -0.002172894 0.040989675 1.589093685 0.002596045 0.999943852 -0.010272952 -2.942954063 -0.040965050 0.010370704 0.999106765 27.294309616
0.999152184 -0.005139815 0.040845904 1.692819834 0.005521035 0.999942243 -0.009225828 -3.089091301 -0.040796127 0.009443517 0.999122977 28.572643280
0.999176443 -0.006772229 0.040009487 1.790509582 0.007154956 0.999929905 -0.009430415 -3.239369631 -0.039942827 0.009708916 0.999154747 29.869987488
0.999196351 -0.008463368 0.039180152 1.895575047 0.008936428 0.999889016 -0.011914609 -3.386386871 -0.039074961 0.012255163 0.999161184 31.137569427
0.999222875 -0.008491350 0.038488537 2.003479004 0.008964137 0.999886274 -0.012127984 -3.534101963 -0.038381182 0.012463577 0.999185443 32.426849365
0.999234140 -0.009298639 0.038006090 2.099949360 0.009790474 0.999870479 -0.012775373 -3.673477411 -0.037882369 0.013137687 0.999195874 33.694229126
0.999249637 -0.009522409 0.037543021 2.196042061 0.010004486 0.999869585 -0.012673681 -3.821709871 -0.037417449 0.013039769 0.999214649 34.968151093
0.999258280 -0.009950636 0.037200112 2.285274506 0.010451789 0.999856889 -0.013301698 -3.964768887 -0.037062433 0.013680639 0.999219358 36.226047516
0.999301076 -0.010582528 0.035850767 2.398123980 0.011064727 0.999850631 -0.013278532 -4.125757217 -0.035704892 0.013665929 0.999268949 37.517852783
0.999296904 -0.010162454 0.036089357 2.484564066 0.010579853 0.999879181 -0.011393603 -4.272517681 -0.035969209 0.011767413 0.999283671 38.780830383
0.999267399 -0.010217283 0.036881685 2.591700554 0.010604467 0.999890566 -0.010317703 -4.411316395 -0.036772229 0.010701253 0.999266386 40.043533325
0.999184847 -0.011996615 0.038542811 2.702224731 0.012334784 0.999887407 -0.008548109 -4.555047989 -0.038435921 0.009016559 0.999220371 41.290946960
0.999074876 -0.012968391 0.041002337 2.796621323 0.013385632 0.999861240 -0.009917910 -4.697325230 -0.040868029 0.010457575 0.999109805 42.553867340
0.998944044 -0.014386948 0.043631874 2.890462875 0.014967074 0.999803424 -0.012998493 -4.846724987 -0.043436296 0.013637808 0.998963058 43.802902222
0.998857975 -0.015475174 0.045204945 3.005194426 0.016121902 0.999772310 -0.013977115 -4.996192932 -0.044978362 0.014689941 0.998879969 45.068027496
0.998740971 -0.015758421 0.047626708 3.135542393 0.016397456 0.999780297 -0.013056699 -5.126710892 -0.047410492 0.013821217 0.998779833 46.305469513
0.998521626 -0.016787177 0.051698238 3.229847431 0.017294470 0.999806404 -0.009380893 -5.284912109 -0.051530760 0.010261120 0.998618662 47.571273804
0.998257220 -0.019643180 0.055644743 3.346861601 0.020096779 0.999769151 -0.007603913 -5.419613361 -0.055482540 0.008708943 0.998421669 48.794231415
0.998014927 -0.021603122 0.059156749 3.476840496 0.022109110 0.999724209 -0.007912103 -5.560953617 -0.058969516 0.009204301 0.998217344 50.056461334
0.997738898 -0.024894942 0.062429100 3.617198229 0.025674516 0.999601781 -0.011716332 -5.695294857 -0.062112559 0.013292679 0.997980595 51.285373688
0.997435987 -0.026162563 0.066610955 3.745190859 0.027017817 0.999563217 -0.011971036 -5.828265190 -0.066268675 0.013740025 0.997707188 52.521713257
0.997102618 -0.028822988 0.070396289 3.883780241 0.029550232 0.999519944 -0.009311010 -5.970849991 -0.070094123 0.011364259 0.997475624 53.741714478
0.996797323 -0.031507544 0.073499620 4.032941341 0.032037176 0.999468446 -0.006037857 -6.103564739 -0.073270306 0.008373239 0.997276962 54.954448700
0.996569872 -0.034060337 0.075421631 4.186280251 0.034476876 0.999396563 -0.004227319 -6.236090183 -0.075232141 0.006813121 0.997142732 56.169673920
0.996370137 -0.037325181 0.076507129 4.341751099 0.037545491 0.999293864 -0.001442775 -6.355992794 -0.076399244 0.004310036 0.997067988 57.381721497
0.996181846 -0.040228602 0.077480890 4.486618996 0.040321153 0.999186695 0.000370109 -6.487266064 -0.077432767 0.002755423 0.996993721 58.584762573
0.996165216 -0.042120241 0.076687723 4.645195961 0.042474613 0.999093056 -0.002995023 -6.613570690 -0.076492026 0.006240818 0.997050643 59.795394897
0.996159792 -0.043292556 0.076101258 4.791635513 0.043975648 0.999005735 -0.007322595 -6.740588188 -0.075708568 0.010641076 0.997073233 60.980388641
0.996187687 -0.044687524 0.074922115 4.927028179 0.045653962 0.998894095 -0.011235750 -6.871412754 -0.074337170 0.014613406 0.997126102 62.187122345
0.996255398 -0.046270594 0.073034987 5.078359604 0.047381353 0.998784959 -0.013549145 -7.005743027 -0.072319314 0.016958907 0.997237325 63.382823944
0.996344745 -0.046583362 0.071603961 5.199370861 0.047700796 0.998763859 -0.013974907 -7.136749268 -0.070864446 0.017339390 0.997335196 64.572158813
0.996569574 -0.045990642 0.068802491 5.334442616 0.047020976 0.998803556 -0.013430594 -7.271467209 -0.068102486 0.016619686 0.997539818 65.748962402
0.996807575 -0.044843808 0.066059910 5.449398994 0.045686893 0.998891830 -0.011306711 -7.413476944 -0.065479673 0.014288684 0.997751594 66.941459656
0.997206032 -0.041134771 0.062353916 5.570587158 0.041708738 0.999098301 -0.007930879 -7.541050911 -0.061971463 0.010509422 0.998022497 68.116539001
0.997403979 -0.039525837 0.060192879 5.677950859 0.039919756 0.999188602 -0.005355453 -7.669132233 -0.059932362 0.007744434 0.998172402 69.286445618
0.997711122 -0.038407493 0.055653658 5.811403275 0.038935319 0.999206305 -0.008430770 -7.811079025 -0.055285666 0.010578366 0.998414516 70.498931885
0.997898757 -0.038696487 0.051967181 5.922939301 0.039508969 0.999111056 -0.014698999 -7.944365501 -0.051352192 0.016721282 0.998540580 71.657012939
0.997949839 -0.042214610 0.048104487 6.031414509 0.043135069 0.998902380 -0.018259529 -8.077308655 -0.047280870 0.020297084 0.998675287 72.831756592
0.997994065 -0.045619946 0.043893240 6.155602932 0.046274692 0.998830318 -0.014017521 -8.211199760 -0.043202423 0.016020548 0.998937905 74.021987915
0.998000085 -0.049339719 0.039514087 6.262094498 0.049737200 0.998720467 -0.009139515 -8.337512016 -0.039012589 0.011086559 0.999177217 75.178428650
0.998028159 -0.052129831 0.034960929 6.357460499 0.052368656 0.998610079 -0.005950064 -8.472187042 -0.034602161 0.007769189 0.999370992 76.363639832
0.998211741 -0.051264465 0.030743970 6.448822975 0.051395275 0.998672366 -0.003479489 -8.596512794 -0.030524775 0.005053362 0.999521255 77.523422241
0.998368502 -0.050668661 0.026320953 6.549654007 0.050795849 0.998700321 -0.004186291 -8.706207275 -0.026074627 0.005516458 0.999644756 78.688056946
0.998497367 -0.049375694 0.023769705 6.609951973 0.049515393 0.998759091 -0.005324431 -8.846940994 -0.023477312 0.006493396 0.999703288 79.863166809
0.998683214 -0.047005769 0.020547301 6.684668541 0.047224231 0.998831332 -0.010279730 -8.975380898 -0.020040082 0.011236524 0.999736011 81.007270813
0.998597562 -0.050328858 0.016429532 6.771693707 0.050581403 0.998602152 -0.015335627 -9.111879349 -0.015634745 0.016145147 0.999747455 82.168663025
0.998455465 -0.053835366 0.013725793 6.831779003 0.054054629 0.998407483 -0.016137525 -9.245163918 -0.012835165 0.016854541 0.999775589 83.316703796
0.998488486 -0.054066993 0.009871941 6.898705006 0.054190077 0.998450279 -0.012657723 -9.374825478 -0.009172277 0.013173551 0.999871135 84.453773499
0.998484373 -0.054589394 0.007004829 6.966475964 0.054659430 0.998452604 -0.010228661 -9.504301071 -0.006435614 0.010596039 0.999923110 85.591323853
0.998626947 -0.052037880 0.006019922 7.010174274 0.052107096 0.998569667 -0.011978855 -9.633111000 -0.005387958 0.012276089 0.999910116 86.732734680
0.998813689 -0.048368275 0.005615068 7.061413288 0.048447561 0.998713553 -0.014966957 -9.762348175 -0.004883919 0.015221241 0.999872208 87.853775024
0.998893976 -0.046845544 0.004025863 7.124475002 0.046910319 0.998739183 -0.017873440 -9.889541626 -0.003183496 0.018042523 0.999832153 88.953536987
0.998837113 -0.048051745 0.003926304 7.161357403 0.048115607 0.998675466 -0.018225038 -10.033252716 -0.003045358 0.018392764 0.999826133 90.105529785
0.998782754 -0.049265821 0.002430493 7.213660240 0.049297772 0.998662949 -0.015556507 -10.163573265 -0.001660839 0.015657393 0.999875963 91.219947815
0.998730898 -0.050340962 0.001529565 7.262920380 0.050356627 0.998646677 -0.012996203 -10.293754578 -0.000873254 0.013056734 0.999914348 92.335914612
0.998738945 -0.050195977 0.000838235 7.326142311 0.050202519 0.998661339 -0.012458149 -10.416988373 -0.000211764 0.012484520 0.999921978 93.463348389
0.998713195 -0.050705709 0.000970999 7.370032787 0.050714482 0.998606682 -0.014581697 -10.544933319 -0.000230271 0.014612175 0.999893129 94.571228027
0.998698056 -0.051011927 0.000012192 7.433397293 0.051003411 0.998526931 -0.018506579 -10.673266411 0.000931882 0.018483108 0.999828696 95.680038452
0.998670816 -0.051540967 0.000352285 7.475669384 0.051537912 0.998477340 -0.019669149 -10.810117722 0.000662018 0.019661162 0.999806583 96.797386169
0.998629749 -0.052329481 0.000014997 7.532536030 0.052321330 0.998469174 -0.017939666 -10.942750931 0.000923799 0.017915864 0.999839067 97.882385254
0.998680949 -0.051332027 0.001167751 7.572193146 0.051342726 0.998600662 -0.012684809 -11.067315102 -0.000514980 0.012728032 0.999918818 98.968139648
0.998765171 -0.049611762 0.002595337 7.618599415 0.049633559 0.998725593 -0.009148568 -11.188090324 -0.002138152 0.009266086 0.999954820 100.029434204
0.998863518 -0.047446892 0.004512197 7.664080620 0.047486700 0.998829782 -0.009168741 -11.310807228 -0.004071888 0.009372593 0.999947786 101.103767395
0.998935103 -0.045636751 0.006776691 7.710319996 0.045708857 0.998895288 -0.010897351 -11.432197571 -0.006271886 0.011195503 0.999917686 102.138336182
0.998893917 -0.046066269 0.009426009 7.761151791 0.046187460 0.998847306 -0.013070895 -11.557006836 -0.008813018 0.013491802 0.999870181 103.159057617
0.998806655 -0.047508985 0.011313424 7.811253071 0.047667999 0.998761833 -0.014227723 -11.669823647 -0.010623470 0.014750035 0.999834776 104.178657532
0.998698354 -0.049246326 0.013285855 7.871241570 0.049426127 0.998685718 -0.013562151 -11.783661842 -0.012600506 0.014201169 0.999819756 105.161079407
0.998661339 -0.049496360 0.015014585 7.927155495 0.049679860 0.998691797 -0.012105390 -11.903292656 -0.014395770 0.012835110 0.999813974 106.139862061
0.998597562 -0.050571945 0.015664414 8.009151459 0.050738733 0.998657405 -0.010439535 -12.013889313 -0.015115434 0.011219686 0.999822795 107.084815979
0.998529792 -0.051188700 0.017831430 8.062963486 0.051388901 0.998618543 -0.010956267 -12.120995522 -0.017245963 0.011856494 0.999780953 108.002616882
0.998513639 -0.050981544 0.019272719 8.129064560 0.051166244 0.998647630 -0.009214800 -12.220741272 -0.018776869 0.010187215 0.999771774 108.911689758
0.998522520 -0.050031967 0.021204380 8.186666489 0.050193947 0.998713672 -0.007176424 -12.317737579 -0.020818055 0.008230152 0.999749422 109.780662537
0.998490632 -0.050252646 0.022158671 8.251810074 0.050352298 0.998723686 -0.003962299 -12.420808792 -0.021931272 0.005072059 0.999746621 110.638534546
0.998445988 -0.050397720 0.023787869 8.311561584 0.050498977 0.998717427 -0.003675292 -12.514113426 -0.023572136 0.004870844 0.999710202 111.466484070
0.998472035 -0.049379136 0.024804141 8.365539551 0.049467806 0.998771310 -0.002973629 -12.604828835 -0.024626831 0.004196091 0.999687910 112.277885437
0.998571277 -0.047114328 0.025212912 8.419187546 0.047197949 0.998881876 -0.002731612 -12.684474945 -0.025056025 0.003917707 0.999678373 113.059799194
0.998699546 -0.044559233 0.024769729 8.464137077 0.044565495 0.999006391 0.000299594 -12.763129234 -0.024758464 0.000804670 0.999693155 113.816810608
0.998773158 -0.044596314 0.021523850 8.513873100 0.044574879 0.999004960 0.001474646 -12.848812103 -0.021568198 -0.000513414 0.999767244 114.569076538
0.998886526 -0.044666708 0.015184520 8.549028397 0.044647899 0.999001503 0.001575969 -12.922283173 -0.015239750 -0.000896258 0.999883473 115.267181396
0.999056101 -0.043180943 0.004723165 8.577106476 0.043179546 0.999067247 0.000397477 -12.997908592 -0.004735921 -0.000193158 0.999988794 115.939979553
0.999130905 -0.040489629 -0.009895341 8.584706306 0.040465556 0.999177456 -0.002620780 -13.064700127 0.009993317 0.002218082 0.999947608 116.584098816
0.998853207 -0.038741760 -0.028131505 8.574939728 0.038620114 0.999242127 -0.004855333 -13.137046814 0.028298294 0.003763323 0.999592423 117.198493958
0.998026252 -0.037102059 -0.050666351 8.543004990 0.036786549 0.999297559 -0.007145938 -13.206206322 0.050895892 0.005267994 0.998690009 117.788139343
0.996290684 -0.035639394 -0.078324959 8.500815392 0.035034750 0.999344885 -0.009080790 -13.272724152 0.078597270 0.006303011 0.996886492 118.354400635
0.993338764 -0.033416234 -0.110278979 8.427299500 0.032405421 0.999414861 -0.010946121 -13.341185570 0.110580236 0.007299570 0.993840337 118.896766663
0.988940597 -0.028948516 -0.145459577 8.312994003 0.027439941 0.999547005 -0.012367219 -13.406461716 0.145751700 0.008239042 0.989286900 119.442680359
0.982646883 -0.022768566 -0.184083551 8.200813293 0.020940786 0.999710381 -0.011867290 -13.468317986 0.184300408 0.007806502 0.982838929 119.967414856
0.974056840 -0.017739968 -0.225607187 8.056718826 0.015918663 0.999824405 -0.009889641 -13.521332741 0.225742981 0.006041707 0.974168181 120.470298767
0.962665081 -0.012981857 -0.270383954 7.890913010 0.011139496 0.999903083 -0.008347375 -13.580564499 0.270466149 0.005023784 0.962716401 120.955322266
0.948232710 -0.007083080 -0.317497432 7.698551178 0.004530967 0.999951243 -0.008775878 -13.637423515 0.317544132 0.006883003 0.948218465 121.435050964
0.930887282 0.000656429 -0.365306050 7.470333099 -0.004447783 0.999944687 -0.009537180 -13.689895630 0.365279615 0.010502839 0.930838585 121.893829346
0.909732580 0.005056753 -0.415163875 7.221717834 -0.010343611 0.999891520 -0.010486738 -13.741497040 0.415065825 0.013834421 0.909686208 122.328674316
0.884773076 0.010028232 -0.465914160 6.940612793 -0.016093716 0.999829531 -0.009041927 -13.800465584 0.465744108 0.015498344 0.884783626 122.749755859
0.855674803 0.013199088 -0.517345607 6.655925751 -0.020626107 0.999750197 -0.008608258 -13.847015381 0.517102778 0.018036695 0.855733156 123.145690918
0.823916852 0.022979049 -0.566244721 6.330207825 -0.031576853 0.999486744 -0.005385375 -13.893260956 0.565830410 0.022317329 0.824219465 123.521331787
0.789955199 0.035901554 -0.612112522 5.979831696 -0.044546306 0.999006689 0.001104870 -13.937324524 0.611544132 0.026394553 0.790769935 123.877189636
0.754228771 0.044650339 -0.655091822 5.624015808 -0.055813037 0.998434067 0.003792788 -13.973573685 0.654235303 0.033702031 0.755539775 124.181549072
0.714229465 0.049057882 -0.698190212 5.264011383 -0.063438579 0.997972012 0.005225925 -14.027663231 0.697030723 0.040559676 0.715893209 124.479736328
0.671740830 0.050556004 -0.739059031 4.886886597 -0.065859392 0.997793615 0.008394467 -14.071414948 0.737852812 0.043035071 0.673588276 124.762069702
0.627610683 0.054016273 -0.776651025 4.481163025 -0.069480531 0.997495592 0.013228927 -14.101213455 0.775420725 0.045659527 0.629791975 125.032302856
0.582545221 0.063265167 -0.810332298 4.052883148 -0.080786891 0.996536255 0.019725243 -14.139612198 0.808773518 0.053973392 0.585638404 125.262725830
0.537237704 0.071771957 -0.840371609 3.598491669 -0.092222534 0.995397389 0.026055390 -14.161652565 0.838373780 0.063503250 0.541384041 125.474578857
0.490374714 0.076998003 -0.868103623 3.150623322 -0.098026559 0.994641483 0.032848235 -14.185835838 0.865981102 0.068989247 0.495294929 125.666900635
0.442932963 0.078332946 -0.893126130 2.687973022 -0.097307637 0.994491339 0.038965013 -14.211682320 0.891258419 0.069649115 0.448115408 125.848274231
0.395525932 0.080107622 -0.914954603 2.211017609 -0.094754882 0.994432449 0.046104588 -14.235160828 0.913553894 0.068460844 0.400914431 126.024124146
0.350568950 0.082962662 -0.932855070 1.720722198 -0.096566372 0.993961751 0.052107263 -14.256039619 0.931545138 0.071815260 0.356463492 126.157897949
0.306973040 0.086482570 -0.947780728 1.221656799 -0.102175988 0.993101656 0.057524603 -14.276169777 0.946217477 0.079181917 0.313691914 126.274047852
0.265242994 0.087846674 -0.960171402 0.701028824 -0.106766231 0.992392659 0.061300926 -14.292302132 0.958252072 0.086254239 0.272604227 126.377655029
0.225824326 0.083961673 -0.970543027 0.175354004 -0.106899098 0.992398143 0.060979255 -14.305715561 0.968284965 0.089979567 0.233083114 126.479301453
0.190532789 0.079171494 -0.978483081 -0.355508804 -0.101814479 0.992960930 0.060517348 -14.330083847 0.976386726 0.088093206 0.197252452 126.573295593
0.160163790 0.073953599 -0.984316230 -0.903421402 -0.098957166 0.993368804 0.058531824 -14.349545479 0.982117593 0.088030472 0.166419983 126.652183533
0.133585453 0.072483018 -0.988383234 -1.471309662 -0.100118048 0.993206620 0.059305228 -14.369354248 0.985967100 0.091032684 0.139934808 126.720268250
0.111646548 0.071553521 -0.991168618 -2.061761856 -0.100432321 0.993110001 0.060380846 -14.380944252 0.988659918 0.092804059 0.118063614 126.776916504
0.093557738 0.073122747 -0.992925048 -2.648339272 -0.102903470 0.992668211 0.063407831 -14.396433830 0.990281641 0.096243128 0.100396395 126.827606201
0.076956302 0.071350195 -0.994478285 -3.263138771 -0.103603333 0.992608786 0.063198894 -14.419864655 0.991636992 0.098167695 0.083779626 126.883300781
0.062779605 0.070241511 -0.995552540 -3.882824421 -0.102490999 0.992700100 0.063577153 -14.448276520 0.992750943 0.098043822 0.069520436 126.935676575
0.050512876 0.067902781 -0.996412396 -4.522491455 -0.098298617 0.993179798 0.062699243 -14.470907211 0.993874073 0.094778851 0.056843117 126.978271484
0.038813792 0.065297432 -0.997110605 -5.173162460 -0.096046656 0.993486166 0.061321322 -14.486579895 0.994619846 0.093389034 0.044832569 127.010429382
0.028160704 0.064188145 -0.997540414 -5.840760231 -0.095225587 0.993569911 0.061244428 -14.504677773 0.995057344 0.093266688 0.034091990 127.046813965
0.018461600 0.065653004 -0.997671664 -6.511775494 -0.098580331 0.993099272 0.063527904 -14.525485992 0.994957805 0.097177982 0.024806300 127.067535400
0.010265619 0.065586470 -0.997794092 -7.190015316 -0.101333186 0.992778003 0.064214200 -14.552796364 0.994799614 0.100450449 0.016837569 127.081871033
0.003352230 0.064812928 -0.997891724 -7.880738735 -0.103566028 0.992553711 0.064118318 -14.571957588 0.994616926 0.103132732 0.010039686 127.104637146
-0.001929120 0.065709762 -0.997836828 -8.577627182 -0.104268849 0.992386401 0.065552421 -14.589410782 0.994547188 0.104169749 0.004937048 127.121040344
-0.005481861 0.068122499 -0.997661948 -9.299901009 -0.106362611 0.991977513 0.068318799 -14.608149529 0.994312286 0.106488422 0.001807802 127.142807007
-0.006295352 0.072185278 -0.997371316 -10.034152985 -0.108981326 0.991400778 0.072441027 -14.633257866 0.994023860 0.109150894 0.001625628 127.145439148
-0.007169628 0.075394474 -0.997127950 -10.747751236 -0.111012571 0.990929842 0.075724050 -14.648941994 0.993793070 0.111236654 0.001265138 127.153572083
-0.007744321 0.080924802 -0.996690094 -11.488086700 -0.115955703 0.989923477 0.081276372 -14.655176163 0.993224204 0.116201334 0.001717408 127.160270691
-0.009016281 0.084732734 -0.996362925 -12.229482651 -0.118867904 0.989247620 0.085203290 -14.667605400 0.992869079 0.119203784 0.001152668 127.170745850
-0.010196396 0.085461348 -0.996289313 -12.978360176 -0.119004384 0.989156365 0.086067423 -14.687969208 0.992841303 0.119440377 0.000084443 127.187026978
-0.011646347 0.082449064 -0.996527255 -13.721821785 -0.116573617 0.989687204 0.083245538 -14.705689430 0.993113697 0.117138296 -0.001914855 127.207923889
-0.013275693 0.078811601 -0.996801138 -14.485116959 -0.120216727 0.989532113 0.079837956 -14.709125519 0.992658973 0.120892070 -0.003662251 127.219062805
-0.014218723 0.080546327 -0.996649444 -15.250920296 -0.125619277 0.988709092 0.081696741 -14.721048355 0.991976559 0.126360044 -0.003940008 127.217010498
-0.015897382 0.084024727 -0.996336818 -16.019775391 -0.122531451 0.988788426 0.085343227 -14.734062195 0.992337286 0.123439364 -0.005423477 127.232666016
-0.017883975 0.084022842 -0.996303380 -16.795917511 -0.121625252 0.988879859 0.085579999 -14.750394821 0.992415011 0.122706160 -0.007465804 127.245819092
-0.019320225 0.083341770 -0.996333718 -17.586183548 -0.124514557 0.988561034 0.085106097 -14.762241364 0.992029667 0.125702307 -0.008721960 127.250053406
-0.019899305 0.083041757 -0.996347368 -18.373268127 -0.129180893 0.987977803 0.084924214 -14.767045021 0.991421402 0.130398974 -0.008932665 127.249244690
-0.020910267 0.087522641 -0.995943069 -19.177793503 -0.131121725 0.987316370 0.089517504 -14.773570061 0.991145730 0.132461607 -0.009168926 127.252349854
-0.021240430 0.091717638 -0.995558441 -19.991506577 -0.129632592 0.987124383 0.093706354 -14.779598236 0.991334558 0.131047234 -0.009077350 127.263671875
-0.020860257 0.094221644 -0.995332658 -20.816909790 -0.131541774 0.986636162 0.096155249 -14.792320251 0.991091132 0.132933646 -0.008187404 127.282676697
-0.018907316 0.092844106 -0.995501041 -21.634872437 -0.130991668 0.986866653 0.094526730 -14.796024323 0.991203129 0.132189602 -0.006497198 127.291847229
-0.017667133 0.092733078 -0.995534241 -22.466493607 -0.131116152 0.986876309 0.094253428 -14.799040794 0.991209626 0.132195801 -0.005276476 127.302291870
-0.017695697 0.092189111 -0.995584249 -23.298774719 -0.129769534 0.987105906 0.093710609 -14.808055878 0.991386235 0.130854771 -0.005504187 127.325378418
-0.016807148 0.094049826 -0.995425582 -24.136775970 -0.130748764 0.986810625 0.095443495 -14.813144684 0.991273105 0.131754801 -0.004288576 127.343818665
-0.016431781 0.096167311 -0.995229542 -24.974525452 -0.132395983 0.986389935 0.097499102 -14.814029694 0.991060734 0.133366466 -0.003475978 127.361625671
-0.016251994 0.098591857 -0.994995236 -25.843336105 -0.135193110 0.985771596 0.099886112 -14.812545776 0.990685940 0.136139840 -0.002691813 127.374618530
-0.014645314 0.099727057 -0.994906902 -26.707553864 -0.137344435 0.985381722 0.100793995 -14.808891296 0.990415096 0.138121143 -0.000734265 127.386535645
-0.013054553 0.102834210 -0.994612873 -27.576618195 -0.144158781 0.984112322 0.103640653 -14.807606697 0.989468455 0.144735157 0.001977309 127.402099609
-0.010414605 0.106764331 -0.994229794 -28.463165283 -0.149148107 0.982995450 0.107120275 -14.801438332 0.988759935 0.149403095 0.005686190 127.414413452
-0.008455722 0.108582415 -0.994051397 -29.337392807 -0.151679441 0.982445002 0.108604871 -14.795120239 0.988393545 0.151695505 0.008162439 127.446342468
-0.004384322 0.109459065 -0.993981659 -30.237184525 -0.150683492 0.982569337 0.108866982 -14.795100212 0.988572478 0.150253937 0.012185776 127.465415955
-0.001690972 0.109264895 -0.994011223 -31.129468918 -0.153239772 0.982244074 0.108232103 -14.786621094 0.988187611 0.152505055 0.015082782 127.493812561
0.000807367 0.113008671 -0.993593693 -32.031513214 -0.153629795 0.981812537 0.111543879 -14.777074814 0.988128066 0.152555496 0.018154180 127.524971008
0.003206185 0.115115672 -0.993346930 -32.947799683 -0.152756110 0.981750369 0.113278724 -14.772094727 0.988258660 0.151376650 0.020732297 127.564323425
0.004970289 0.116346173 -0.993196249 -33.840026855 -0.153316423 0.981554389 0.114215165 -14.767442703 0.988164663 0.151705608 0.022716388 127.605979919
0.007549150 0.114412338 -0.993404627 -34.743934631 -0.154623464 0.981618285 0.111879863 -14.758565903 0.987944603 0.152759060 0.025101215 127.637588501
0.007851968 0.115672015 -0.993256390 -35.654640198 -0.158933625 0.980805218 0.112965561 -14.747819901 0.987258077 0.156974837 0.026085421 127.679733276
0.008862386 0.116132855 -0.993194163 -36.547241211 -0.159595981 0.980665565 0.113243818 -14.741482735 0.987142622 0.157506168 0.027225377 127.718162537
0.009196527 0.112690628 -0.993587673 -37.443733215 -0.160060048 0.980983853 0.109779648 -14.738124847 0.987064481 0.158024102 0.027058912 127.752967834
0.010061683 0.108667754 -0.994027197 -38.351993561 -0.161349863 0.981227398 0.105635285 -14.739131927 0.986845911 0.159323305 0.027406327 127.799255371
0.010596523 0.107908078 -0.994104445 -39.249057770 -0.160965472 0.981379032 0.104810968 -14.732831955 0.986903191 0.158905819 0.027768681 127.841728210
0.010589845 0.111872040 -0.993666232 -40.153602600 -0.163599193 0.980525672 0.108649075 -14.724608421 0.986470103 0.161412418 0.028685791 127.879203796
0.010632957 0.118249327 -0.992927015 -41.084632874 -0.163989440 0.979744911 0.114923336 -14.715269089 0.986404777 0.161607578 0.029809227 127.923675537
0.010818058 0.116925508 -0.993081748 -41.979827881 -0.161772236 0.980261445 0.113653786 -14.714448929 0.986768901 0.159423545 0.029519826 127.970062256
0.011728559 0.106436245 -0.994250357 -42.869380951 -0.160988539 0.981548369 0.103177376 -14.718046188 0.986886561 0.158852860 0.028647166 128.012908936
0.012016022 0.096165463 -0.995292842 -43.790973663 -0.162842274 0.982264936 0.092940718 -14.723030090 0.986578941 0.160959005 0.027462723 128.053665161
0.011212057 0.093075253 -0.995595813 -44.694110870 -0.159797683 0.983029246 0.090100832 -14.729590416 0.987086117 0.158083722 0.025894986 128.097351074
0.010926638 0.102981903 -0.994623184 -45.615783691 -0.152256653 0.983255506 0.100132272 -14.729847908 0.988280594 0.150343865 0.026423356 128.149047852
0.010675174 0.116260022 -0.993161440 -46.562191010 -0.147168502 0.982584774 0.113440037 -14.728751183 0.989053786 0.144951075 0.027599080 128.213485718
0.010867835 0.125242248 -0.992066562 -47.484310150 -0.147394851 0.981488347 0.122292116 -14.718517303 0.989018083 0.144896448 0.029126711 128.259124756
0.010826633 0.119465940 -0.992779255 -48.399810791 -0.147494584 0.982168257 0.116580576 -14.714021683 0.989003658 0.145167381 0.028254155 128.299850464
0.010844869 0.106082588 -0.994298160 -49.320590973 -0.147480443 0.983651876 0.103338122 -14.713685989 0.989005446 0.145518884 0.026312687 128.343002319
0.011526855 0.097248822 -0.995193303 -50.235454559 -0.147992536 0.984464645 0.094486296 -14.712601662 0.988921285 0.146192059 0.025739878 128.386062622
0.012003818 0.097178951 -0.995194554 -51.170524597 -0.146814883 0.984651268 0.094378583 -14.717197418 0.989091158 0.144976482 0.026086891 128.431274414
0.011383574 0.098812222 -0.995041013 -52.107658386 -0.149930924 0.984024465 0.096002989 -14.731204987 0.988630950 0.148094580 0.026016725 128.470611572
0.011884637 0.098218672 -0.995093882 -53.058185577 -0.155034557 0.983310997 0.095204033 -14.737405777 0.987837553 0.153142482 0.026913583 128.509216309
0.012315131 0.097638302 -0.995145679 -53.990238190 -0.156537905 0.983138382 0.094523020 -14.736962318 0.987595081 0.154614002 0.027391577 128.552612305
0.013346720 0.105062425 -0.994376063 -54.935897827 -0.165878281 0.980917811 0.101413995 -14.732715607 0.986055911 0.163591862 0.030519608 128.585586548
0.014839462 0.114591591 -0.993301868 -55.884372711 -0.171486691 0.978983700 0.110377856 -14.727323532 0.985074639 0.168700084 0.034178521 128.624771118
0.015813174 0.122556657 -0.992335558 -56.855697632 -0.171493262 0.978085458 0.118063897 -14.723377228 0.985058367 0.168311909 0.036484271 128.684432983
0.016793830 0.123560473 -0.992194831 -57.799030304 -0.172874197 0.977748692 0.118835405 -14.715049744 0.984800696 0.169529185 0.037780568 128.729827881
0.018105976 0.113744192 -0.993345082 -58.737667084 -0.174554870 0.978609622 0.108875223 -14.708875656 0.984480977 0.171421960 0.037573282 128.783981323
0.019333493 0.108978219 -0.993856192 -59.686092377 -0.172992557 0.979413867 0.104029365 -14.707794189 0.984733343 0.169918433 0.037787911 128.837158203
0.021256080 0.107457064 -0.993982494 -60.629959106 -0.171609774 0.979843497 0.102258690 -14.711133957 0.984935701 0.168403476 0.039268304 128.896194458
0.024784140 0.113202699 -0.993262708 -61.610881805 -0.173802435 0.978924870 0.107231848 -14.703413010 0.984468639 0.169973850 0.043936715 128.953109741
0.028345052 0.115280621 -0.992928505 -62.571029663 -0.176593423 0.978281260 0.108538851 -14.702109337 0.983875751 0.172268093 0.048087236 129.009201050
0.032644454 0.110175155 -0.993375957 -63.519535065 -0.176101521 0.978990316 0.102792561 -14.702625275 0.983830571 0.171579435 0.051360618 129.068954468
0.035355855 0.104758248 -0.993869007 -64.477951050 -0.175945297 0.979609609 0.096996173 -14.711303711 0.983764887 0.171437219 0.053066660 129.138153076
0.038711097 0.104383275 -0.993783474 -65.443214417 -0.173341751 0.980152190 0.096199274 -14.709744453 0.984100699 0.168540210 0.056036752 129.211669922
0.041008923 0.108938910 -0.993202329 -66.417060852 -0.170973524 0.980142057 0.100446999 -14.724875450 0.984421730 0.165692076 0.058820251 129.301361084
0.044258501 0.115817137 -0.992284060 -67.374565125 -0.170280755 0.979597211 0.106741384 -14.726299286 0.984401107 0.164242685 0.063076943 129.382858276
0.046909861 0.119716384 -0.991699338 -68.341133118 -0.168182060 0.979565978 0.110296220 -14.729167938 0.984639227 0.161612064 0.066085450 129.466415405
0.049367890 0.121683702 -0.991340458 -69.324699402 -0.167805552 0.979452312 0.111867897 -14.729826927 0.984583139 0.160829753 0.068772689 129.543548584
0.051429227 0.118628681 -0.991605878 -70.273750305 -0.166289508 0.980075717 0.108624756 -14.726840019 0.984734833 0.159307197 0.070131250 129.624893188
0.052045334 0.117049567 -0.991761267 -71.218643188 -0.164271340 0.980582654 0.107109651 -14.728327751 0.985041142 0.157343462 0.070262641 129.713134766
0.052620329 0.113475531 -0.992146313 -72.166160583 -0.161098361 0.981474102 0.103710741 -14.734025002 0.985534549 0.154375881 0.069926210 129.802703857
0.052409735 0.113201849 -0.992188752 -73.156303406 -0.159615874 0.981730342 0.103577331 -14.725738525 0.985786974 0.152940616 0.069521040 129.885162354
0.052170463 0.117865220 -0.991658270 -74.109527588 -0.156372994 0.981725097 0.108457945 -14.725721359 0.986319304 0.149410233 0.069647975 129.970748901
0.051349457 0.119464777 -0.991509616 -75.074745178 -0.150292382 0.982436955 0.110588118 -14.727750778 0.987307191 0.143337727 0.068402253 130.072540283
0.050702922 0.114885472 -0.992083848 -76.034744263 -0.147565752 0.983320177 0.106328882 -14.713347435 0.987751782 0.141006410 0.066810362 130.153121948
0.049692165 0.111270405 -0.992547154 -76.977272034 -0.149475306 0.983410835 0.102762684 -14.715009689 0.987515926 0.143254757 0.065499991 130.227645874
0.048482392 0.108721748 -0.992889285 -77.926162720 -0.145919129 0.984164059 0.100641176 -14.718757629 0.988107860 0.140002191 0.063579209 130.310668945
0.047017306 0.109515399 -0.992872477 -78.890258789 -0.146112338 0.984034657 0.101621464 -14.719933510 0.988150120 0.140292943 0.062268209 130.383239746
0.046060286 0.110108159 -0.992851794 -79.841430664 -0.147111252 0.983817458 0.102281474 -14.717502594 0.988046944 0.141348585 0.061513063 130.459213257
0.044813026 0.110618047 -0.992852271 -80.797920227 -0.148783907 0.983505428 0.102861233 -14.720918655 0.987853765 0.143110931 0.060532033 130.531326294
0.043244228 0.111223020 -0.992854178 -81.744796753 -0.148497671 0.983460307 0.103702806 -14.720723152 0.987966776 0.142951980 0.059045345 130.602172852
0.041177463 0.111643851 -0.992894828 -82.710037231 -0.148458496 0.983390629 0.104418270 -14.722526550 0.988061070 0.143104002 0.057068005 130.673385620
0.039337706 0.113662399 -0.992740273 -83.662300110 -0.148502231 0.983141243 0.106678903 -14.711641312 0.988129377 0.143227652 0.055553634 130.748916626
0.038022991 0.117481120 -0.992346942 -84.616729736 -0.149854645 0.982505381 0.110574141 -14.703632355 0.987976611 0.144503400 0.054962885 130.806579590
0.035193093 0.122500859 -0.991844237 -85.562759399 -0.150831997 0.981741726 0.115901202 -14.695583344 0.987932742 0.145522937 0.053027567 130.878845215
0.033267394 0.122142583 -0.991954803 -86.506095886 -0.150687233 0.981771648 0.115835063 -14.689703941 0.988021553 0.145621389 0.051066313 130.943099976
0.032006219 0.117721759 -0.992530644 -87.452812195 -0.151272267 0.982170463 0.111614875 -14.689604759 0.987973869 0.146569997 0.049243607 131.001342773
0.030379875 0.112121925 -0.993230045 -88.402984619 -0.155206397 0.982165098 0.106125586 -14.668566704 0.987414837 0.150931567 0.047240108 131.054260254
0.029346261 0.110099450 -0.993487179 -89.345664978 -0.153156579 0.982674062 0.104377083 -14.666207314 0.987766087 0.149096027 0.045700271 131.119033813
0.028886151 0.110971726 -0.993403792 -90.313163757 -0.148435161 0.983275890 0.105524190 -14.662054062 0.988500178 0.144407839 0.044875167 131.170059204
0.028473150 0.112337843 -0.993261993 -91.262115479 -0.145630494 0.983528972 0.107062347 -14.660384178 0.988929212 0.141600847 0.044363979 131.230468750
0.027286744 0.112205602 -0.993310273 -92.207183838 -0.140182212 0.984290600 0.107335858 -14.663917542 0.989749610 0.136315614 0.042587321 131.297286987
0.025799088 0.109356448 -0.993667781 -93.147811890 -0.136003107 0.985140502 0.104886882 -14.667108536 0.990372419 0.132435918 0.040288553 131.363876343
0.025065036 0.106233485 -0.994025171 -94.093475342 -0.131089285 0.986100912 0.102081090 -14.671363831 0.991053700 0.127747416 0.038642734 131.427505493
0.023381455 0.108808786 -0.993787646 -95.077522278 -0.129209653 0.986050844 0.104921684 -14.672098160 0.991341591 0.125953734 0.037114445 131.481765747
0.021993464 0.111302912 -0.993543088 -96.024169922 -0.128548533 0.985849082 0.107595369 -14.671704292 0.991459310 0.125352100 0.035990063 131.539962769
0.020657668 0.109061748 -0.993820369 -96.983489990 -0.124274798 0.986603320 0.105686568 -14.667303085 0.992032707 0.121323586 0.033934556 131.589019775
0.018261846 0.106346071 -0.994161487 -97.933738708 -0.121530429 0.987190604 0.103367999 -14.669457436 0.992419660 0.118933164 0.030952208 131.644195557
0.014832512 0.103467681 -0.994522214 -98.904251099 -0.120336667 0.987586915 0.100951418 -14.664242744 0.992622256 0.118180119 0.027099352 131.695098877
0.011862788 0.102747619 -0.994636774 -99.859230042 -0.114824742 0.988266528 0.100720108 -14.675250053 0.993314862 0.113014087 0.023521569 131.747726440
0.010020647 0.102769569 -0.994654715 -100.817047119 -0.108000182 0.988997161 0.101096958 -14.668169975 0.994100392 0.106409840 0.021009520 131.786224365
0.007298485 0.110139892 -0.993889272 -101.782188416 -0.098246694 0.989185989 0.108897239 -14.665028572 0.995135307 0.096851565 0.018040445 131.854736328
0.004853383 0.118395470 -0.992954612 -102.739501953 -0.090197571 0.988970578 0.117479563 -14.661927223 0.995912015 0.088991910 0.015478836 131.908157349
0.000495558 0.117902026 -0.993025184 -103.700805664 -0.085859962 0.989363134 0.117424406 -14.655545235 0.996306956 0.085202903 0.010613352 131.965194702
-0.000991364 0.107569113 -0.994197130 -104.647903442 -0.086719319 0.990442932 0.107249394 -14.653030396 0.996232212 0.086322419 0.008346430 131.989852905
-0.003147378 0.098037034 -0.995177805 -105.595710754 -0.088566951 0.991244555 0.097929671 -14.649624825 0.996065140 0.088448063 0.005563020 132.026641846
-0.003250870 0.099647939 -0.995017469 -106.558006287 -0.096153431 0.990381181 0.099497765 -14.653725624 0.995361209 0.095997788 0.006361890 132.041748047
-0.004449049 0.109192379 -0.994010627 -107.514083862 -0.099330097 0.989056289 0.109092727 -14.643495560 0.995044589 0.099220537 0.006445731 132.082717896
-0.005957932 0.120305307 -0.992719114 -108.477195740 -0.103228733 0.987358928 0.120275266 -14.629955292 0.994639814 0.103193715 0.006536349 132.111343384
-0.007370244 0.121789232 -0.992528558 -109.425804138 -0.109987788 0.986434639 0.121858202 -14.616497993 0.993905604 0.110064156 0.006125065 132.140014648
-0.006887010 0.119265944 -0.992838383 -110.412780762 -0.117576562 0.985878348 0.119245455 -14.601482391 0.993039906 0.117555775 0.007233126 132.155899048
-0.007074637 0.115157083 -0.993322074 -111.367973328 -0.125610948 0.985376477 0.115130588 -14.587646484 0.992054343 0.125586659 0.007493812 132.179519653
-0.004461909 0.117137492 -0.993105650 -112.336349487 -0.130378291 0.984570384 0.116716526 -14.567941666 0.991454363 0.130000189 0.010879125 132.198211670
-0.003371964 0.118110135 -0.992994785 -113.314468384 -0.138248011 0.983410120 0.117439568 -14.548906326 0.990391910 0.137675524 0.013012467 132.226684570
-0.002837879 0.120971516 -0.992651939 -114.278526306 -0.147574633 0.981736541 0.120063186 -14.533371925 0.989046812 0.146830946 0.015066275 132.246490479
-0.002652307 0.123315476 -0.992364049 -115.253341675 -0.153294802 0.980587959 0.122261845 -14.513961792 0.988176942 0.152448520 0.016302802 132.273483276
-0.002356623 0.122707710 -0.992439985 -116.222183228 -0.156616688 0.980150163 0.121560059 -14.504615784 0.987656593 0.155719161 0.016908230 132.311920166
-0.000891443 0.113129593 -0.993579865 -117.176635742 -0.155480176 0.981481612 0.111891590 -14.506389618 0.987838626 0.154581740 0.016714476 132.345306396
0.000634979 0.101551108 -0.994830072 -118.128364563 -0.158427536 0.982276440 0.100168526 -14.498150826 0.987370431 0.157544822 0.016712217 132.380722046
