1.000000000 0.000000000 0.000000000 0.000000000 0.000000000 1.000000000 0.000000000 0.000000000 0.000000000 0.000000000 1.000000000 0.000000000
0.999997914 -0.001553627 -0.001334529 0.048377670 0.001550781 0.999996543 -0.002130537 -0.132576033 0.001337834 0.002128463 0.999996841 1.298510194
0.999997616 0.000012185 -0.002149024 0.105597362 -0.000025787 0.999979973 -0.006329602 -0.268909216 0.002148904 0.006329643 0.999977648 2.606536388
0.999995828 0.002518572 -0.001351236 0.150539100 -0.002529127 0.999965787 -0.007867022 -0.407385319 0.001331376 0.007870407 0.999968171 3.910101175
0.999982953 0.005831622 0.000273158 0.193726853 -0.005829685 0.999961019 -0.006623697 -0.545934558 -0.000311774 0.006621993 0.999978065 5.222844124
0.999974668 0.006701906 0.002454835 0.244293898 -0.006693884 0.999972284 -0.003262333 -0.690410435 -0.002476631 0.003245817 0.999991655 6.542104721
0.999958992 0.006927310 0.005844205 0.299800217 -0.006916324 0.999974251 -0.001898254 -0.828071296 -0.005857204 0.001857756 0.999981105 7.845494747
0.999944270 0.005241653 0.009157951 0.358410686 -0.005225858 0.999984801 -0.001747728 -0.962990046 -0.009166971 0.001699772 0.999956489 9.153121948
0.999914706 0.003807571 0.012489461 0.436494946 -0.003787353 0.999991477 -0.001642016 -1.099717975 -0.012495605 0.001594574 0.999920607 10.453497887
0.999871492 0.002824901 0.015779469 0.503736854 -0.002785571 0.999992967 -0.002513911 -1.235299706 -0.015786458 0.002469633 0.999872267 11.766469955
0.999812961 0.001809260 0.019255737 0.578371704 -0.001748852 0.999993443 -0.003153475 -1.374503136 -0.019261315 0.003119210 0.999809623 13.059007645
0.999744475 0.001927394 0.022526756 0.648834527 -0.001852431 0.999992669 -0.003348153 -1.518790722 -0.022533046 0.003305568 0.999740660 14.384282112
0.999660969 0.001858335 0.025969999 0.732371867 -0.001745482 0.999988914 -0.004367520 -1.656793714 -0.025977824 0.004320709 0.999653220 15.682126045
0.999581277 0.002557642 0.028822102 0.823273480 -0.002441083 0.999988616 -0.004078513 -1.800185442 -0.028832207 0.004006448 0.999576151 16.988510132
0.999482334 0.002161661 0.032098304 0.911322832 -0.002043525 0.999990940 -0.003712792 -1.938556433 -0.032106038 0.003645276 0.999477804 18.276285172
0.999420702 0.000525587 0.034029294 1.015057802 -0.000409390 0.999993980 -0.003421523 -2.082183838 -0.034030892 0.003405609 0.999414980 19.572040558
0.999364793 -0.001915417 0.035584699 1.112038612 0.002082501 0.999986947 -0.004658888 -2.221736908 -0.035575315 0.004730035 0.999355793 20.849584579
0.999320686 -0.001713713 0.036814176 1.208985448 0.001957058 0.999976456 -0.006575059 -2.362608194 -0.036802046 0.006642640 0.999300420 22.155538559
0.999264538 -0.001584637 0.038313080 1.286128879 0.001936325 0.999956310 -0.009143975 -2.507594347 -0.038296919 0.009211435 0.999223888 23.447887421
0.999239981 -0.001039854 0.038965650 1.398033977 0.001452750 0.999943078 -0.010569578 -2.651015520 -0.038952444 0.010618151 0.999184608 24.730131149
0.999202967 -0.000412618 0.039914548 1.497993231 0.000859247 0.999937296 -0.011173136 -2.799237490 -0.039907422 0.011198528 0.999140620 26.000370026
0.999171972 -0.001866698 0.040643375 1.591664433 0.002278336 0.999946535 -0.010084099 -2.945932865 -0.040622380 0.010168349 0.999122858 27.295387268
0.999171138 -0.004910018 0.040408708 1.698598623 0.005274026 0.999946356 -0.008906472 -3.091244698 -0.040362820 0.009112208 0.999143600 28.573833466
0.999190152 -0.006360871 0.039731942 1.789884567 0.006740221 0.999932826 -0.009421107 -3.238999844 -0.039669350 0.009681279 0.999165952 29.867609024
0.999201775 -0.007947326 0.039149601 1.891242266 0.008426190 0.999891460 -0.012081882 -3.383120060 -0.039049331 0.012402121 0.999160290 31.133108139
0.999238014 -0.008243036 0.038150251 2.003321648 0.008702946 0.999891281 -0.011904903 -3.534488440 -0.038047977 0.012227854 0.999201059 32.419055939
0.999248743 -0.008803091 0.037741687 2.097560883 0.009280032 0.999879003 -0.012480479 -3.676235914 -0.037627254 0.012821347 0.999209583 33.687599182
0.999268591 -0.009305684 0.037090696 2.195022106 0.009772431 0.999875069 -0.012422522 -3.823825836 -0.036970463 0.012775902 0.999234676 34.958141327
0.999283433 -0.009687612 0.036591575 2.285020828 0.010172262 0.999862611 -0.013081929 -3.966121674 -0.036459822 0.013444771 0.999244630 36.214847565
0.999315560 -0.010443279 0.035490979 2.394191504 0.010910655 0.999855876 -0.013000812 -4.127806664 -0.035350099 0.013379144 0.999285400 37.507068634
0.999315560 -0.010001058 0.035614803 2.483193636 0.010403003 0.999884009 -0.011118489 -4.273579597 -0.035499483 0.011481380 0.999303699 38.772964478
0.999277472 -0.010045227 0.036656149 2.584557295 0.010421037 0.999894917 -0.010075652 -4.412415504 -0.036551081 0.010450369 0.999277115 40.037788391
0.999207020 -0.011667508 0.038071051 2.699114799 0.011996971 0.999892473 -0.008436998 -4.554448605 -0.037968524 0.008887047 0.999239326 41.286182404
0.999084473 -0.012833231 0.040811218 2.788501263 0.013230637 0.999867499 -0.009482467 -4.702663898 -0.040684123 0.010013742 0.999121845 42.552654266
0.998959005 -0.014063070 0.043394029 2.882707119 0.014619756 0.999814510 -0.012538076 -4.851746559 -0.043209657 0.013159433 0.998979330 43.803783417
0.998862565 -0.015131408 0.045217648 2.992728710 0.015767327 0.999781251 -0.013740117 -4.997107506 -0.044999849 0.014437451 0.998882651 45.072032928
0.998734713 -0.015345544 0.047890428 3.115002632 0.015966665 0.999792933 -0.012614150 -5.129143715 -0.047686938 0.013362841 0.998772979 46.307720184
0.998536766 -0.016542733 0.051484700 3.224749088 0.017034927 0.999813139 -0.009136003 -5.286990643 -0.051323943 0.009999672 0.998631954 47.575542450
0.998274088 -0.019468058 0.055406738 3.344778061 0.019896811 0.999776125 -0.007197206 -5.423755646 -0.055254210 0.008287203 0.998437881 48.804378510
0.998046517 -0.021740396 0.058570419 3.480178356 0.022211596 0.999725878 -0.007405992 -5.565711975 -0.058393344 0.008692467 0.998255789 50.064678192
0.997756362 -0.025083737 0.062072005 3.617551804 0.025824301 0.999604285 -0.011157253 -5.701618195 -0.061767567 0.012735187 0.998009264 51.296779633
0.997491837 -0.026433347 0.065659322 3.757451057 0.027229123 0.999565840 -0.011254411 -5.837115765 -0.065333322 0.013014028 0.997778654 52.536544800
0.997151792 -0.028981593 0.069629312 3.890167236 0.029663397 0.999521375 -0.008777763 -5.976167202 -0.069341592 0.010818203 0.997534335 53.756160736
0.996872783 -0.031602938 0.072427943 4.048909187 0.032076575 0.999470890 -0.005385317 -6.107442379 -0.072219431 0.007691715 0.997359097 54.952514648
0.996621609 -0.034099303 0.074716642 4.188772678 0.034480080 0.999398112 -0.003811996 -6.242784977 -0.074541695 0.006375354 0.997197449 56.211071014
0.996421337 -0.037118796 0.075938284 4.340599060 0.037227154 0.999306858 -0.000011413 -6.373779297 -0.075885214 0.002838338 0.997112453 57.415977478
0.996252418 -0.039681565 0.076853789 4.480854511 0.039744597 0.999209642 0.000709908 -6.493157387 -0.076821215 0.002347275 0.997042120 58.648418427
0.996215522 -0.041530691 0.076353483 4.628751278 0.041848950 0.999120712 -0.002572218 -6.616396427 -0.076179504 0.005757797 0.997077465 59.841232300
0.996226728 -0.043146979 0.075303204 4.782083988 0.043788619 0.999017060 -0.006889805 -6.745319843 -0.074931912 0.010161230 0.997137010 61.052513123
0.996236205 -0.044715736 0.074255444 4.921822071 0.045654204 0.998896837 -0.010988593 -6.872650146 -0.073682167 0.014337307 0.997178793 62.234317780
0.996281564 -0.046860345 0.072299138 5.074773788 0.047928441 0.998764753 -0.013109007 -7.011239529 -0.071595535 0.016525446 0.997296989 63.452919006
0.996427774 -0.046588827 0.070436671 5.209362507 0.047631182 0.998777926 -0.013191079 -7.143513680 -0.069736034 0.016498936 0.997429073 64.630531311
0.996654749 -0.046022687 0.067538500 5.340765476 0.046961077 0.998820245 -0.012371988 -7.289608002 -0.066889428 0.015502281 0.997639954 65.848167419
0.996884048 -0.045396082 0.064508475 5.462128639 0.046164211 0.998879015 -0.010466453 -7.418745995 -0.063961022 0.013411826 0.997862220 67.024375916
0.997277677 -0.041469816 0.060970876 5.578966141 0.041940216 0.999099255 -0.006455305 -7.557278156 -0.060648274 0.008994863 0.998118699 68.215652466
0.997574210 -0.039461732 0.057344165 5.699271202 0.039781433 0.999198437 -0.004443889 -7.679988384 -0.057122838 0.006714341 0.998344660 69.397514343
0.997759640 -0.038547382 0.054679472 5.801099777 0.038998161 0.999213278 -0.007200833 -7.818573952 -0.054358881 0.009317099 0.998478055 70.564140320
0.997964859 -0.038396072 0.050910253 5.920880318 0.039187074 0.999124765 -0.014630777 -7.946808338 -0.050303932 0.016596021 0.998596072 71.754577637
0.997961462 -0.042387992 0.047710028 6.025344849 0.043257892 0.998913229 -0.017350163 -8.083586693 -0.046922747 0.019378625 0.998710513 72.926376343
0.998000801 -0.046139166 0.043192599 6.139399529 0.046728492 0.998826444 -0.012735207 -8.217356682 -0.042554311 0.014728070 0.998985529 74.096862793
0.997999489 -0.049841039 0.038895965 6.242095947 0.050183572 0.998708904 -0.007879832 -8.343964577 -0.038453002 0.009816008 0.999212146 75.258621216
0.998048723 -0.052098539 0.034415361 6.337392807 0.052303609 0.998618305 -0.005084997 -8.469926834 -0.034102891 0.006875123 0.999394655 76.442092896
0.998216212 -0.051438749 0.030305039 6.426107407 0.051537771 0.998668015 -0.002495053 -8.595455170 -0.030136328 0.004052456 0.999537647 77.600990295
0.998359799 -0.050828788 0.026347874 6.519601822 0.050910406 0.998700261 -0.002435856 -8.713925362 -0.026189815 0.003773241 0.999649823 78.760932922
0.998502970 -0.049453050 0.023370443 6.584858418 0.049570870 0.998760521 -0.004489155 -8.841064453 -0.023119472 0.005640929 0.999716759 79.930725098
0.998680294 -0.047238577 0.020151284 6.659570217 0.047434788 0.998830378 -0.009372480 -8.969597816 -0.019684969 0.010315985 0.999753058 81.074615479
0.998593986 -0.050486669 0.016160514 6.743343830 0.050717134 0.998612285 -0.014183251 -9.107428551 -0.015422021 0.014982924 0.999768853 82.233871460
0.998437524 -0.054132037 0.013868934 6.801274300 0.054338284 0.998410642 -0.014952616 -9.238945961 -0.013037474 0.015682865 0.999792039 83.357513428
0.998488605 -0.054150131 0.009389177 6.876112938 0.054256655 0.998460948 -0.011487990 -9.372807503 -0.008752650 0.011980052 0.999889851 84.528556824
0.998478353 -0.054687899 0.007080810 6.932383537 0.054752141 0.998457432 -0.009222307 -9.496353149 -0.006565539 0.009595964 0.999932349 85.659538269
0.998620689 -0.052167833 0.005943571 6.986941814 0.052229315 0.998577774 -0.010708085 -9.625374794 -0.005376500 0.011003744 0.999924958 86.802955627
0.998806179 -0.048593145 0.004977702 7.040642262 0.048658568 0.998717427 -0.013993772 -9.755699158 -0.004291316 0.014219276 0.999889612 87.932937622
0.998867393 -0.047437638 0.003682291 7.092909813 0.047491908 0.998736978 -0.016402334 -9.886454582 -0.002899552 0.016558636 0.999858618 89.050323486
0.998820186 -0.048467200 0.003011792 7.144399166 0.048511352 0.998679578 -0.016905157 -10.019153595 -0.002188469 0.017031318 0.999852538 90.168022156
0.998773873 -0.049446434 0.002448444 7.184851646 0.049476568 0.998672366 -0.014337027 -10.157115936 -0.001736279 0.014440590 0.999894202 91.284255981
0.998684883 -0.051255558 0.001091016 7.244492054 0.051264673 0.998620033 -0.011391047 -10.282531738 -0.000505656 0.011431999 0.999934494 92.393791199
0.998698115 -0.050993845 0.001196161 7.292552471 0.051003914 0.998638153 -0.010971263 -10.406253815 -0.000635064 0.011017990 0.999939024 93.533287048
0.998675406 -0.051445801 0.000795156 7.338464260 0.051451802 0.998589635 -0.013087722 -10.539000511 -0.000120726 0.013111299 0.999913990 94.679306030
0.998669267 -0.051569417 0.000393881 7.392568111 0.051568892 0.998533428 -0.016481236 -10.667849541 0.000456624 0.016479619 0.999864101 95.779502869
0.998619318 -0.052529961 -0.000129224 7.447135925 0.052519523 0.998464227 -0.017625947 -10.797773361 0.001054916 0.017594825 0.999844670 96.882369995
0.998612463 -0.052657526 0.000559228 7.492867470 0.052659586 0.998476923 -0.016455732 -10.928975105 0.000308142 0.016462352 0.999864459 97.959526062
0.998630106 -0.052314833 0.001010951 7.542527676 0.052322686 0.998572409 -0.010740329 -11.049588203 -0.000447629 0.010778511 0.999941826 99.047653198
0.998717546 -0.050583400 0.002148040 7.594709396 0.050598565 0.998689234 -0.007720667 -11.166906357 -0.001754687 0.007819451 0.999967813 100.121986389
0.998796284 -0.048869066 0.004236031 7.646625519 0.048901238 0.998772681 -0.007854523 -11.278711319 -0.003846989 0.008052214 0.999960124 101.171318054
0.998858511 -0.047405079 0.005872508 7.702085495 0.047459308 0.998828232 -0.009467231 -11.400948524 -0.005416831 0.009735131 0.999937952 102.218872070
0.998838246 -0.047492158 0.008161953 7.756830692 0.047589336 0.998792887 -0.012155797 -11.514780045 -0.007574794 0.012530100 0.999892831 103.229637146
0.998750985 -0.049035951 0.009582976 7.824809551 0.049157169 0.998708308 -0.012851890 -11.629254341 -0.008940394 0.013306910 0.999871552 104.231674194
0.998614728 -0.051339246 0.011528506 7.880511284 0.051472511 0.998607337 -0.011576411 -11.760646820 -0.010918126 0.012153774 0.999866486 105.241958618
0.998604357 -0.051138427 0.013191435 7.941780567 0.051269911 0.998636425 -0.009828974 -11.874475479 -0.012670808 0.010491579 0.999864697 106.202026367
0.998541713 -0.051907856 0.014832966 7.994972229 0.052040666 0.998606980 -0.008712426 -11.980784416 -0.014360060 0.009471638 0.999852002 107.158409119
0.998474777 -0.052617967 0.016718088 8.052932739 0.052777976 0.998563170 -0.009277696 -12.084532738 -0.016205896 0.010145893 0.999817133 108.076492310
0.998455584 -0.052424341 0.018388314 8.110996246 0.052560288 0.998593271 -0.006989615 -12.186524391 -0.017996019 0.007945314 0.999806583 108.975044250
0.998460174 -0.051640511 0.020259798 8.169149399 0.051747315 0.998648763 -0.004783489 -12.283802986 -0.019985398 0.005824515 0.999783278 109.846939087
0.998440266 -0.051655181 0.021185134 8.233116150 0.051700465 0.998661339 -0.001594775 -12.383287430 -0.021074396 0.002687568 0.999774277 110.701599121
0.998394489 -0.051890749 0.022713058 8.293836594 0.051935673 0.998649418 -0.001391983 -12.473923683 -0.022610154 0.002569366 0.999741018 111.527297974
0.998433352 -0.050737478 0.023590997 8.351007462 0.050772902 0.998709798 -0.000904553 -12.559419632 -0.023514662 0.002100920 0.999721289 112.335853577
0.998531878 -0.048396558 0.024325697 8.400272369 0.048427537 0.998826504 -0.000685806 -12.637788773 -0.024263959 0.001862833 0.999703825 113.114379883
0.998667836 -0.045883156 0.023604704 8.444028854 0.045839731 0.998945951 0.002377773 -12.714168549 -0.023688924 -0.001292573 0.999718487 113.869514465
0.998740673 -0.045939825 0.020164838 8.496711731 0.045880940 0.998941183 0.003373399 -12.793361664 -0.020298457 -0.002443969 0.999790967 114.615470886
0.998845339 -0.045918178 0.014124699 8.529026985 0.045874886 0.998941541 0.003374127 -12.865317345 -0.014264680 -0.002722263 0.999894500 115.311912537
0.999007702 -0.044390697 0.003615668 8.554700851 0.044382434 0.999011874 0.002334205 -12.941061020 -0.003715714 -0.002171417 0.999990702 115.979370117
0.999087095 -0.041476715 -0.010231053 8.550825119 0.041472685 0.999139428 -0.000606221 -13.007878304 0.010247392 0.000181359 0.999947429 116.624961853
0.998782873 -0.040024787 -0.028823499 8.543521881 0.039954301 0.999196947 -0.003017436 -13.074880600 0.028921124 0.001862141 0.999579966 117.236488342
0.997958958 -0.038215980 -0.051162414 8.511949539 0.037994877 0.999264002 -0.005287620 -13.143902779 0.051326834 0.003332918 0.998676419 117.817115784
0.996159792 -0.036882736 -0.079406142 8.479045868 0.036430273 0.999310553 -0.007139808 -13.207087517 0.079614744 0.004219602 0.996816814 118.381721497
0.993255138 -0.034635987 -0.110654965 8.392117500 0.033830598 0.999385715 -0.009148191 -13.280293465 0.110903852 0.005342965 0.993816733 118.924705505
0.988834620 -0.029914347 -0.145983234 8.295181274 0.028659433 0.999532104 -0.010692367 -13.339450836 0.146234766 0.006389186 0.989229262 119.454025269
0.982463956 -0.024241580 -0.184869885 8.185968399 0.022754561 0.999689400 -0.010161258 -13.398559570 0.185058787 0.005776436 0.982710540 119.983505249
0.973860860 -0.018592307 -0.226383179 8.043794632 0.017126078 0.999817729 -0.008439246 -13.455016136 0.226498842 0.004341594 0.974001765 120.486083984
0.962389410 -0.014241880 -0.271299869 7.869398117 0.012780591 0.999892712 -0.007152395 -13.509566307 0.271372646 0.003416016 0.962468326 120.982803345
0.948026180 -0.008037244 -0.318090737 7.678810120 0.006009654 0.999954879 -0.007355044 -13.572509766 0.318135560 0.005061159 0.948031723 121.441017151
0.930556059 -0.000278804 -0.366149217 7.454357147 -0.002853943 0.999963760 -0.008014618 -13.627924919 0.366138279 0.008503023 0.930521607 121.898056030
0.909385145 0.004346850 -0.415932208 7.209018707 -0.008872007 0.999920607 -0.008947534 -13.680280685 0.415860355 0.011826910 0.909351528 122.326454163
0.884101331 0.008771154 -0.467212796 6.940395355 -0.014006903 0.999871850 -0.007734140 -13.734420776 0.467085183 0.013381969 0.884110987 122.741439819
0.854916573 0.011233104 -0.518643856 6.643108368 -0.018047461 0.999804378 -0.008094501 -13.773953438 0.518451512 0.016280329 0.854951918 123.160392761
0.823301136 0.021741742 -0.567188144 6.313224792 -0.029478600 0.999555409 -0.004474160 -13.827387810 0.566838801 0.020403497 0.823575974 123.529075623
0.789496660 0.035021931 -0.612754822 5.970222473 -0.042736426 0.999084294 0.002039307 -13.870760918 0.612265229 0.024576928 0.790270388 123.870697021
0.752897680 0.043673906 -0.656686842 5.617218018 -0.054154988 0.998523176 0.004319018 -13.906729698 0.655905664 0.032311089 0.754151046 124.196670532
0.713116765 0.047707994 -0.699420094 5.245540619 -0.061291691 0.998104215 0.005589513 -13.958101273 0.698360920 0.038882669 0.714688897 124.494979858
0.670798182 0.048881076 -0.740027249 4.868728638 -0.063107617 0.997968614 0.008714964 -14.005698204 0.738950074 0.040855370 0.672520280 124.773414612
0.626728833 0.053051554 -0.777429461 4.469371796 -0.066922471 0.997658134 0.014129989 -14.041069031 0.776358426 0.043171830 0.628811300 125.034957886
0.581134975 0.061527215 -0.811477900 4.051158905 -0.077819332 0.996769965 0.019846421 -14.073849678 0.810077906 0.051615227 0.584045827 125.269218445
0.535111547 0.070446894 -0.841838956 3.607730865 -0.089712687 0.995620668 0.026290160 -14.097950935 0.840004265 0.061455466 0.539088070 125.480606079
0.489636302 0.075845458 -0.868621767 3.146675110 -0.095402680 0.994888663 0.033092827 -14.126543045 0.866691768 0.066665389 0.494369447 125.664001465
0.442160040 0.077069342 -0.893619001 2.685394287 -0.094696127 0.994744658 0.038935471 -14.151255608 0.891923368 0.067406543 0.447134376 125.843566895
0.394827485 0.078690387 -0.915379286 2.207687378 -0.091884598 0.994712293 0.045877960 -14.173148155 0.914149106 0.065995380 0.399970084 126.017837524
0.349291891 0.081581853 -0.933455825 1.713642120 -0.093575858 0.994259477 0.051880591 -14.194272995 0.932329655 0.069227450 0.354920954 126.160278320
0.305798084 0.085051209 -0.948289990 1.214076996 -0.099228203 0.993424952 0.057100892 -14.214796066 0.946911514 0.076635756 0.312226951 126.273704529
0.264038324 0.086532943 -0.960622549 0.691492081 -0.103897870 0.992723703 0.060867049 -14.231721878 0.958899856 0.083735414 0.271107763 126.376686096
0.224497557 0.083037280 -0.970930278 0.163814545 -0.104269415 0.992689490 0.060789149 -14.247850418 0.968880177 0.087591283 0.231514677 126.480262756
0.190104827 0.077587523 -0.978693187 -0.379394531 -0.099526867 0.993259668 0.059409872 -14.264637947 0.976706088 0.086112142 0.196545452 126.561546326
0.159715042 0.072385453 -0.984505713 -0.927858353 -0.096802518 0.993649781 0.057353631 -14.285311699 0.982405365 0.086142384 0.165707931 126.640052795
0.133677855 0.070979193 -0.988479733 -1.496593475 -0.098419420 0.993451834 0.058026399 -14.305959702 0.986125648 0.089528747 0.139788255 126.701507568
0.111791156 0.070230491 -0.991246998 -2.085020065 -0.098556831 0.993365049 0.059265487 -14.319064140 0.988832235 0.091068804 0.117971152 126.758407593
0.092989311 0.071377121 -0.993105412 -2.682261467 -0.100660309 0.992990673 0.061943561 -14.332718849 0.990565717 0.094206207 0.099522367 126.814674377
0.077051193 0.069958255 -0.994569719 -3.300153732 -0.101841398 0.992869854 0.061948854 -14.359736443 0.991812229 0.096515156 0.083626457 126.864753723
0.062688194 0.068896048 -0.995652318 -3.919759274 -0.100843094 0.992945969 0.062359527 -14.389667511 0.992925465 0.096495450 0.069193691 126.918395996
0.050619371 0.066352263 -0.996511340 -4.559708595 -0.096569784 0.993440270 0.061242357 -14.411496162 0.994038224 0.093132824 0.056694951 126.959472656
0.039341114 0.064002916 -0.997173965 -5.209392071 -0.094447345 0.993716836 0.060054827 -14.428738594 0.994752228 0.091817826 0.045138828 126.986183167
0.028211962 0.062787458 -0.997628093 -5.877223015 -0.093663841 0.993800581 0.059897836 -14.447559357 0.995204031 0.091751844 0.033917975 127.030822754
0.018643420 0.064277694 -0.997757912 -6.548520088 -0.097015835 0.993338585 0.062180229 -14.469912529 0.995108247 0.095639050 0.024755176 127.051132202
0.010230394 0.064518526 -0.997864008 -7.224790573 -0.099956848 0.992983997 0.063178211 -14.499576569 0.994939268 0.099097013 0.016607685 127.064376831
0.003581791 0.063726634 -0.997960925 -7.921832561 -0.102104895 0.992774725 0.063029006 -14.521902084 0.994767129 0.101670921 0.010062712 127.086235046
-0.001501174 0.064450949 -0.997919679 -8.618749619 -0.102812275 0.992622614 0.064263515 -14.538700104 0.994699657 0.102694876 0.005136250 127.102386475
-0.005248148 0.066825621 -0.997750819 -9.340306282 -0.105087154 0.992202938 0.067006804 -14.557569504 0.994449139 0.105202466 0.001815288 127.125907898
-0.005797759 0.071018048 -0.997458160 -10.077421188 -0.107311085 0.991670549 0.071229748 -14.585045815 0.994208515 0.107451305 0.001871558 127.124588013
-0.007055208 0.074315444 -0.997209787 -10.791277885 -0.109781682 0.991149247 0.074640512 -14.602433205 0.993930697 0.110001974 0.001165713 127.138847351
-0.007671580 0.079782486 -0.996782839 -11.529798508 -0.114503734 0.990185499 0.080135703 -14.609560013 0.993393183 0.114750125 0.001539108 127.147644043
-0.008741275 0.083727062 -0.996450365 -12.276520729 -0.117759943 0.989468396 0.084173426 -14.624890327 0.993003607 0.118077718 0.001210481 127.153900146
-0.010398832 0.084142946 -0.996399462 -13.018535614 -0.117284544 0.989472747 0.084782042 -14.641262054 0.993043840 0.117743894 -0.000420693 127.175819397
-0.011956869 0.081147015 -0.996630430 -13.761746407 -0.114920340 0.989985704 0.081984729 -14.660596848 0.993302703 0.115513384 -0.002511687 127.197593689
-0.013320055 0.077493779 -0.996903956 -14.521315575 -0.118582264 0.989834011 0.078528650 -14.665283203 0.992854893 0.119261108 -0.003995254 127.209678650
-0.014506559 0.079131126 -0.996758640 -15.292440414 -0.123495936 0.989089191 0.080319583 -14.675805092 0.992239058 0.124260798 -0.004575910 127.209106445
-0.016438818 0.082617044 -0.996445775 -16.059734344 -0.120392956 0.989166141 0.083999664 -14.690325737 0.992590308 0.121345915 -0.006314212 127.227233887
-0.018289091 0.082597360 -0.996415138 -16.834774017 -0.119786114 0.989222705 0.084199823 -14.707651138 0.992631257 0.120896660 -0.008197967 127.238883972
-0.019723391 0.081897460 -0.996445537 -17.630903244 -0.122662470 0.988912046 0.083706237 -14.721437454 0.992252409 0.123877428 -0.009458955 127.242912292
-0.020255493 0.081653208 -0.996454895 -18.418022156 -0.127391309 0.988325059 0.083576560 -14.727626801 0.991645753 0.128632575 -0.009617103 127.241683960
-0.021395633 0.086088218 -0.996057749 -19.222146988 -0.129229784 0.987689674 0.088140875 -14.734990120 0.991383851 0.130606160 -0.010007085 127.245178223
-0.021754472 0.090516470 -0.995657265 -20.036460876 -0.127601713 0.987496793 0.092562601 -14.744653702 0.991586864 0.129061222 -0.009932417 127.256813049
-0.020931942 0.092812881 -0.995463550 -20.853450775 -0.129479080 0.987044752 0.094750561 -14.755259514 0.991361201 0.130874991 -0.008643440 127.270271301
-0.018916475 0.091533870 -0.995622277 -21.672372818 -0.128895745 0.987267375 0.093214713 -14.760701180 0.991477668 0.130094782 -0.006877294 127.279708862
-0.017706323 0.091761805 -0.995623529 -22.503660202 -0.128971115 0.987251043 0.093283780 -14.766496658 0.991490304 0.130058393 -0.005645967 127.289085388
-0.017858505 0.090730943 -0.995715320 -23.332859039 -0.127363965 0.987554729 0.092271663 -14.773105621 0.991695225 0.128466100 -0.006080398 127.315856934
-0.017087651 0.092873290 -0.995531261 -24.170185089 -0.128269017 0.987245798 0.094301969 -14.781309128 0.991592228 0.129307240 -0.004956946 127.334899902
-0.016656768 0.094939880 -0.995343685 -25.009899139 -0.129984111 0.986828208 0.096302882 -14.782197952 0.991376221 0.130982950 -0.004096693 127.353271484
-0.016475668 0.097189300 -0.995129526 -25.884756088 -0.132774234 0.986237824 0.098519139 -14.782302856 0.991009355 0.133750692 -0.003344691 127.363899231
-0.014916589 0.098405905 -0.995034575 -26.748418808 -0.134911463 0.985847235 0.099519752 -14.780315399 0.990745366 0.135726035 -0.001429396 127.375854492
-0.013204925 0.101446509 -0.994753301 -27.618646622 -0.141682610 0.984612763 0.102293126 -14.779344559 0.989824057 0.142289981 0.001371470 127.390632629
-0.010798910 0.105271854 -0.994384825 -28.498861313 -0.146418184 0.983557761 0.105715714 -14.775275230 0.989163816 0.146737665 0.004792365 127.405670166
-0.008655111 0.107166126 -0.994203389 -29.373678207 -0.149000555 0.983002961 0.107255965 -14.770609856 0.988799274 0.149065197 0.007459815 127.435653687
-0.005092479 0.108144142 -0.994122207 -30.272012711 -0.148051590 0.983097434 0.107703239 -14.774303436 0.988966525 0.147729829 0.011004505 127.459213257
-0.002553536 0.108125947 -0.994133890 -31.163059235 -0.150706157 0.982740998 0.107273914 -14.768560410 0.988575220 0.150096029 0.013785781 127.488800049
-0.000143030 0.111914866 -0.993717790 -32.064239502 -0.151267350 0.982280552 0.110648543 -14.760928154 0.988492906 0.150332868 0.016788566 127.519966125
0.002380092 0.113960631 -0.993482411 -32.982894897 -0.150520205 0.982207060 0.112306669 -14.754008293 0.988604009 0.149271846 0.019491119 127.559242249
0.003992192 0.115308158 -0.993321657 -33.875354767 -0.151114583 0.981991887 0.113385610 -14.751168251 0.988508165 0.149652749 0.021345044 127.601097107
0.006257960 0.113585345 -0.993508518 -34.779224396 -0.152565539 0.982005000 0.111309215 -14.744796753 0.988273561 0.150878608 0.023474559 127.633827209
0.006826790 0.114638999 -0.993383765 -35.689628601 -0.156917185 0.981222510 0.112157218 -14.733532906 0.987588286 0.155113265 0.024687432 127.671951294
0.007958197 0.115526773 -0.993272543 -36.584075928 -0.157939240 0.980981231 0.112831764 -14.729832649 0.987416685 0.155978754 0.026053056 127.707588196
0.008262563 0.111867666 -0.993688822 -37.481075287 -0.158446103 0.981315255 0.109157182 -14.725669861 0.987333000 0.156544209 0.025833175 127.741127014
0.009033541 0.107546568 -0.994158983 -38.389995575 -0.159014732 0.981703043 0.104754180 -14.726470947 0.987234890 0.157139629 0.025969746 127.787277222
0.009533317 0.106790073 -0.994235814 -39.287174225 -0.158682659 0.981843531 0.103937477 -14.721225739 0.987283587 0.156777158 0.026305959 127.828742981
0.009407127 0.110742666 -0.993804574 -40.190624237 -0.161141098 0.981027007 0.107793503 -14.713773727 0.986886561 0.159128740 0.027073840 127.866737366
0.009864769 0.117161267 -0.993063927 -41.120742798 -0.161704734 0.980227709 0.114040531 -14.704273224 0.986789882 0.159458145 0.028615247 127.900856018
0.010012693 0.115819305 -0.993219852 -42.015827179 -0.159538642 0.980731249 0.112754680 -14.703884125 0.987140894 0.157327935 0.028297413 127.945960999
0.010953652 0.105416372 -0.994367838 -42.905792236 -0.158829704 0.981986105 0.102354124 -14.708877563 0.987245202 0.156813994 0.027499584 127.988258362
0.011276158 0.094965190 -0.995416820 -43.834255219 -0.160651311 0.982720375 0.091934048 -14.712628365 0.986946821 0.158878312 0.026337592 128.027114868
0.010159135 0.092036568 -0.995703757 -44.737648010 -0.157516226 0.983470619 0.089298673 -14.721424103 0.987464190 0.155932307 0.024488464 128.072937012
0.010196515 0.101817563 -0.994750857 -45.658809662 -0.150219843 0.983668983 0.099143468 -14.721916199 0.988600016 0.148420408 0.025325011 128.119644165
0.010226104 0.115151361 -0.993295312 -46.601692200 -0.145356044 0.982967377 0.112457603 -14.721012115 0.989326477 0.143231452 0.026789876 128.177047729
0.010494952 0.124215260 -0.992199779 -47.522636414 -0.145507947 0.981882453 0.121384524 -14.712060928 0.989301443 0.143099025 0.028379118 128.222763062
0.010143690 0.118488349 -0.992903709 -48.440132141 -0.145772174 0.982522309 0.115760267 -14.709514618 0.989266157 0.143563479 0.027238704 128.262954712
0.010416488 0.105200365 -0.994396627 -49.358520508 -0.145784184 0.983984709 0.102571763 -14.710208893 0.989261568 0.143898800 0.025586216 128.299896240
0.010905524 0.096251674 -0.995297313 -50.272930145 -0.146322384 0.984795809 0.093632847 -14.709142685 0.989176869 0.144613162 0.024823491 128.343460083
0.011383926 0.096362524 -0.995281279 -51.198982239 -0.145478904 0.984914839 0.093694888 -14.718535423 0.989295840 0.143725798 0.025230911 128.389022827
0.010775875 0.097903170 -0.995137572 -52.143295288 -0.148562223 0.984307170 0.095228948 -14.733778954 0.988844335 0.146813691 0.025151482 128.432006836
0.011365324 0.097400598 -0.995180368 -53.070938110 -0.153198689 0.983664334 0.094523884 -14.736125946 0.988130093 0.151386037 0.026101306 128.464935303
0.011902799 0.096744478 -0.995238185 -54.013919830 -0.154849499 0.983479857 0.093749538 -14.736724854 0.987866402 0.152996227 0.026686996 128.504547119
0.012586460 0.104490541 -0.994446158 -54.978797913 -0.163695037 0.981323004 0.101039782 -14.741155624 0.986430705 0.161514163 0.029455969 128.546386719
0.014060682 0.113838196 -0.993399739 -55.918575287 -0.169066325 0.979464114 0.109848276 -14.732746124 0.985504389 0.166405886 0.033018138 128.584686279
0.015331509 0.121971093 -0.992415190 -56.873493195 -0.169609442 0.978465319 0.117636368 -14.724950790 0.985392094 0.166519463 0.035688795 128.627655029
0.016306113 0.122522488 -0.992331684 -57.830505371 -0.171538368 0.978091836 0.117945537 -14.714323044 0.985042453 0.168299749 0.036966182 128.676086426
0.017611984 0.113222249 -0.993413568 -58.778526306 -0.172891960 0.978945553 0.108508125 -14.716384888 0.984783292 0.169842198 0.036816388 128.723388672
0.018866669 0.108159609 -0.993954480 -59.716037750 -0.171298683 0.979781747 0.103365883 -14.709502220 0.985038519 0.168312922 0.037012815 128.777786255
0.020755533 0.106829107 -0.994060755 -60.688819885 -0.169862971 0.980196357 0.101792477 -14.710442543 0.985249102 0.166741371 0.038490810 128.832626343
0.024017842 0.112523586 -0.993358731 -61.648754120 -0.171498761 0.979379117 0.106793448 -14.707591057 0.984891474 0.167794853 0.042820223 128.892944336
0.027839687 0.114729211 -0.993006647 -62.632720947 -0.174172968 0.978752613 0.108199276 -14.706985474 0.984321475 0.169942647 0.047230892 128.942504883
0.031727470 0.109681562 -0.993460298 -63.587299347 -0.173215941 0.979524016 0.102611050 -14.706995010 0.984372735 0.168827593 0.050076410 129.003189087
0.034712583 0.104128137 -0.993957937 -64.540557861 -0.173017949 0.980165958 0.096640877 -14.714153290 0.984306753 0.168617919 0.052040130 129.072525024
0.038576897 0.103392549 -0.993892312 -65.500961304 -0.171056211 0.980634212 0.095373996 -14.705911636 0.984505713 0.166332200 0.055515766 129.132476807
0.040830936 0.107789300 -0.993334949 -66.467330933 -0.167988434 0.980752707 0.099518806 -14.721036911 0.984943032 0.162805304 0.058152404 129.221313477
0.044503178 0.114475794 -0.992428660 -67.426765442 -0.167449281 0.980213404 0.105557889 -14.720914841 0.984875858 0.161483780 0.062791497 129.297515869
0.046885304 0.118484549 -0.991848350 -68.390815735 -0.165210098 0.980185330 0.109281704 -14.725915909 0.985143423 0.158739641 0.065531120 129.383789062
0.049311563 0.120320745 -0.991509616 -69.374206543 -0.164878085 0.980078220 0.110733502 -14.726393700 0.985080481 0.158017769 0.068167441 129.459808350
0.051641155 0.117644064 -0.991712213 -70.305114746 -0.163745567 0.980595171 0.107798591 -14.726507187 0.985150039 0.156821623 0.069902763 129.532546997
0.052255530 0.116398796 -0.991826952 -71.250442505 -0.161698535 0.981064022 0.106616400 -14.730648041 0.985455751 0.154805645 0.070087530 129.620956421
0.052937787 0.112998620 -0.992183805 -72.193794250 -0.158629522 0.981912673 0.103365183 -14.740343094 0.985918045 0.151917726 0.069905192 129.708343506
0.052246321 0.112215981 -0.992309391 -73.179801941 -0.157088935 0.982219219 0.102803983 -14.730086327 0.986201465 0.150509700 0.068945214 129.798904419
0.052026328 0.116751343 -0.991797566 -74.132888794 -0.153725758 0.982241631 0.107562527 -14.730073929 0.986743033 0.146868736 0.069050111 129.884765625
0.051592894 0.118548632 -0.991606951 -75.093559265 -0.147726119 0.982911825 0.109822996 -14.734173775 0.987681746 0.140820146 0.068223998 129.981246948
0.050653271 0.113727383 -0.992219925 -76.050758362 -0.144945562 0.983813524 0.105364323 -14.719923019 0.988142252 0.138480827 0.066317663 130.066909790
0.049534064 0.109865189 -0.992711425 -77.017837524 -0.147127807 0.983891010 0.101547666 -14.719805717 0.987876415 0.141025349 0.064900354 130.138519287
0.048325360 0.107081778 -0.993075132 -77.967453003 -0.143584564 0.984655023 0.099186704 -14.722487450 0.988457441 0.137796983 0.062959090 130.221054077
0.047117729 0.107957169 -0.993038297 -78.932601929 -0.143943191 0.984500110 0.100199126 -14.723566055 0.988463581 0.138219953 0.061927103 130.290283203
0.046192519 0.109167427 -0.992949486 -79.883453369 -0.145147383 0.984194875 0.101452604 -14.728611946 0.988331258 0.139437631 0.061307807 130.367034912
0.044775344 0.109407626 -0.992987990 -80.838020325 -0.146619827 0.983940780 0.101799496 -14.730779648 0.988179028 0.141033590 0.060097616 130.441345215
0.043549765 0.110570788 -0.992913604 -81.790237427 -0.146594867 0.983806312 0.103126869 -14.735016823 0.988237500 0.141064882 0.059053637 130.508087158
0.041605942 0.110774986 -0.992974222 -82.751693726 -0.146536455 0.983764470 0.103607632 -14.735702515 0.988329887 0.141196206 0.057163015 130.578430176
0.039420694 0.112626642 -0.992855072 -83.699569702 -0.146262452 0.983575463 0.105766736 -14.724825859 0.988460004 0.141048059 0.055246282 130.659011841
0.037941109 0.116380356 -0.992479742 -84.653587341 -0.147666007 0.982943833 0.109617114 -14.717777252 0.988309264 0.142396525 0.054479405 130.718032837
0.035027288 0.121424593 -0.991982460 -85.598243713 -0.148544818 0.982198358 0.114981800 -14.710583687 0.988285124 0.143326372 0.052440748 130.790405273
0.033219013 0.120934196 -0.992104590 -86.542457581 -0.148401424 0.982245564 0.114763439 -14.704777718 0.988369048 0.143417433 0.050576039 130.853897095
0.032117791 0.116637431 -0.992655158 -87.488548279 -0.149034902 0.982623100 0.110636570 -14.706368446 0.988310218 0.144386828 0.048942722 130.911163330
0.030292282 0.110984787 -0.993360281 -88.438949585 -0.152645528 0.982672811 0.105135828 -14.686124802 0.987816632 0.148447216 0.046708722 130.964584351
0.028818719 0.108844876 -0.993640840 -89.380989075 -0.150570393 0.983184099 0.103332393 -14.684883118 0.988179088 0.146634996 0.044722918 131.032211304
0.028621592 0.109846897 -0.993536353 -90.347663879 -0.145748928 0.983779669 0.104569480 -14.684623718 0.988907516 0.141813919 0.044167407 131.082214355
0.027951382 0.111178719 -0.993407249 -91.296348572 -0.142717302 0.984058321 0.106116802 -14.683629036 0.989368737 0.138810262 0.043372910 131.144210815
0.026988700 0.111232944 -0.993427753 -92.243041992 -0.137376890 0.984773338 0.106531754 -14.688792229 0.990151048 0.133598864 0.041858591 131.208084106
0.025581546 0.108358063 -0.993782759 -93.184822083 -0.133391365 0.985588253 0.104030877 -14.692494392 0.990733266 0.129900753 0.039666906 131.273468018
0.025009247 0.105098955 -0.994147182 -94.130325317 -0.128402755 0.986558795 0.101066560 -14.695802689 0.991406679 0.125123665 0.038168088 131.334442139
0.023433624 0.108280584 -0.993844151 -95.107826233 -0.126448691 0.986454070 0.104493916 -14.705436707 0.991696298 0.123221606 0.036808133 131.388366699
0.022077225 0.110676184 -0.993611276 -96.056617737 -0.125740260 0.986268997 0.107064486 -14.704122543 0.991817474 0.122573249 0.035690531 131.446075439
0.020681756 0.108604021 -0.993869960 -97.015388489 -0.121531449 0.986983895 0.105322562 -14.701912880 0.992372096 0.118608184 0.033611365 131.496505737
0.018324377 0.105585493 -0.994241416 -97.965156555 -0.118619412 0.987614870 0.102695547 -14.701567650 0.992770612 0.116054505 0.030621912 131.550338745
0.014273825 0.103690132 -0.994507194 -98.929031372 -0.117661625 0.987872660 0.101309612 -14.709961891 0.992951155 0.115569293 0.026301071 131.613632202
0.011567708 0.102690302 -0.994646132 -99.883956909 -0.112133138 0.988571644 0.100759044 -14.717699051 0.993625820 0.110367253 0.022950493 131.663101196
0.009567402 0.102900691 -0.994645596 -100.843246460 -0.105292670 0.989265084 0.101331256 -14.712790489 0.994395196 0.103759430 0.020299384 131.703323364
0.006630198 0.110972680 -0.993801296 -101.809555054 -0.095511645 0.989349842 0.109838381 -14.714881897 0.995406210 0.094191365 0.017158767 131.769348145
0.004040192 0.119116731 -0.992872000 -102.767196655 -0.087461896 0.989117384 0.118310377 -14.710041046 0.996159613 0.086360469 0.014414400 131.823501587
0.000149089 0.118628442 -0.992938697 -103.724845886 -0.083002113 0.989513993 0.118206806 -14.702290535 0.996549249 0.082398392 0.009993939 131.878250122
-0.001670825 0.108846553 -0.994057178 -104.671646118 -0.084315024 0.990503490 0.108599156 -14.706040382 0.996437669 0.083995402 0.007522442 131.903030396
-0.003738530 0.099646859 -0.995015800 -105.618843079 -0.086274065 0.991280496 0.099596947 -14.704087257 0.996264398 0.086216427 0.004891007 131.938827515
-0.004506213 0.101427741 -0.994832695 -106.570907593 -0.093946256 0.990399718 0.101401329 -14.710421562 0.995567143 0.093917757 0.005065804 131.964859009
-0.004976849 0.110267751 -0.993889451 -107.543479919 -0.096664719 0.989194155 0.110230856 -14.689802170 0.995304525 0.096622653 0.005735930 131.992767334
-0.006625501 0.121473789 -0.992572546 -108.506439209 -0.100459784 0.987491846 0.121522568 -14.675619125 0.994919002 0.100518778 0.005660602 132.021926880
-0.008391720 0.123112828 -0.992357194 -109.452598572 -0.107327498 0.986548543 0.123299800 -14.662766457 0.994188368 0.107541911 0.004934553 132.052856445
-0.007921061 0.120000534 -0.992742181 -110.443885803 -0.114676744 0.986114502 0.120114386 -14.640723228 0.993371248 0.114795871 0.005950198 132.068969727
-0.008185589 0.115978487 -0.993218005 -111.397872925 -0.122661397 0.985633850 0.116103798 -14.626496315 0.992414951 0.122779883 0.006158090 132.092376709
-0.005710525 0.117985040 -0.992998958 -112.366317749 -0.127244100 0.984857261 0.117749453 -14.606100082 0.991855085 0.127025664 0.009388848 132.111618042
-0.004361414 0.119061165 -0.992877305 -113.352546692 -0.135158181 0.983705640 0.118555062 -14.585228920 0.990814447 0.134712577 0.011801739 132.136489868
-0.003840568 0.121567145 -0.992575824 -114.316223145 -0.144357428 0.982118785 0.120844983 -14.566609383 0.989518225 0.143749788 0.013777222 132.156066895
-0.003591062 0.123884916 -0.992290139 -115.291450500 -0.149887234 0.981019795 0.123020299 -14.545076370 0.988696635 0.149173394 0.015045865 132.181045532
-0.003837584 0.123770304 -0.992303491 -116.268066406 -0.153880522 0.980418563 0.122883007 -14.538406372 0.988081992 0.153167740 0.015283400 132.226425171
-0.002200663 0.114234865 -0.993451357 -117.223426819 -0.152817249 0.981746614 0.113227479 -14.538834572 0.988251984 0.152065694 0.015296567 132.257217407
-0.000795620 0.102299921 -0.994753301 -118.177322388 -0.156001136 0.982562125 0.101170920 -14.525773048 0.987756550 0.155263111 0.015177153 132.293258667
