1.000000000 0.000000000 0.000000000 0.000000000 0.000000000 1.000000000 0.000000000 0.000000000 0.000000000 0.000000000 1.000000000 0.000000000
0.999997795 -0.001588191 -0.001353233 0.049199004 0.001585272 0.999996424 -0.002155016 -0.132725701 0.001356651 0.002152866 0.999996781 1.298316360
0.999998033 0.000020057 -0.001960244 0.103234112 -0.000032215 0.999980748 -0.006202842 -0.268237740 0.001960082 0.006202892 0.999978840 2.602693796
0.999996066 0.002518411 -0.001244113 0.148546025 -0.002527989 0.999966681 -0.007758849 -0.406464785 0.001224531 0.007761965 0.999969125 3.906145334
0.999983430 0.005768833 0.000233748 0.194505319 -0.005767190 0.999962151 -0.006508585 -0.544746101 -0.000271286 0.006507129 0.999978781 5.220001221
0.999974787 0.006627621 0.002536152 0.242149591 -0.006619406 0.999972880 -0.003234065 -0.690259278 -0.002557518 0.003217197 0.999991536 6.539098740
0.999960899 0.006749098 0.005721603 0.300367624 -0.006738604 0.999975562 -0.001851278 -0.828703701 -0.005733957 0.001812650 0.999981880 7.842502594
0.999942660 0.005429499 0.009227846 0.356714785 -0.005412884 0.999983668 -0.001824765 -0.961190879 -0.009237602 0.001774711 0.999955773 9.151726723
0.999913812 0.004085060 0.012477653 0.436035126 -0.004063936 0.999990225 -0.001717904 -1.097779274 -0.012484550 0.001667048 0.999920666 10.450987816
0.999868572 0.002732445 0.015974974 0.499672323 -0.002694239 0.999993443 -0.002412614 -1.235966086 -0.015981460 0.002369256 0.999869466 11.761580467
0.999809265 0.001687033 0.019454151 0.574568927 -0.001625186 0.999993563 -0.003194487 -1.371931672 -0.019459417 0.003162261 0.999805629 13.052657127
0.999745727 0.001544748 0.022495177 0.649583936 -0.001472493 0.999993682 -0.003228205 -1.519964695 -0.022500023 0.003194261 0.999741673 14.381428719
0.999664605 0.001386759 0.025859140 0.733592153 -0.001276915 0.999990046 -0.004263819 -1.658663630 -0.025864795 0.004229370 0.999656498 15.678789139
0.999580860 0.002220177 0.028865168 0.818602443 -0.002092815 0.999987960 -0.004441776 -1.794349909 -0.028874680 0.004379505 0.999573469 16.983272552
0.999484360 0.001807466 0.032061160 0.908847570 -0.001679981 0.999990582 -0.004002808 -1.933993340 -0.032068096 0.003946881 0.999477923 18.269428253
0.999412894 0.000330136 0.034260139 1.004717827 -0.000202336 0.999993026 -0.003733668 -2.076495171 -0.034261122 0.003724544 0.999405980 19.578777313
0.999365568 -0.002165772 0.035550103 1.106272340 0.002345213 0.999984741 -0.005006648 -2.216326237 -0.035538714 0.005086845 0.999355316 20.853452682
0.999311566 -0.001788480 0.037056413 1.201619506 0.002040640 0.999975026 -0.006768045 -2.359265327 -0.037043381 0.006839004 0.999290228 22.166223526
0.999268949 -0.001897846 0.038182609 1.287841678 0.002259118 0.999953032 -0.009420769 -2.502131939 -0.038162936 0.009500142 0.999226332 23.448110580
0.999235809 -0.001343471 0.039063953 1.392978072 0.001768666 0.999939561 -0.010852063 -2.645389080 -0.039047014 0.010912861 0.999177694 24.740375519
0.999192238 -0.000619710 0.040182002 1.492148399 0.001088163 0.999931693 -0.011637457 -2.790103912 -0.040172037 0.011671780 0.999124587 26.010555267
0.999179125 -0.002410676 0.040438939 1.595669508 0.002839166 0.999940336 -0.010541865 -2.938296795 -0.040411118 0.010648023 0.999126315 27.304307938
0.999169409 -0.005497679 0.040376689 1.698220968 0.005882225 0.999938369 -0.009411336 -3.084222078 -0.040322464 0.009641023 0.999140143 28.581373215
0.999200463 -0.007000332 0.039361216 1.797966003 0.007394627 0.999923825 -0.009880716 -3.232014656 -0.039289046 0.010163878 0.999176204 29.874202728
0.999202073 -0.008532308 0.039017729 1.893759727 0.009028301 0.999880433 -0.012553491 -3.377230883 -0.038905952 0.012895741 0.999159575 31.136280060
0.999240041 -0.008843536 0.037962925 2.006501675 0.009325642 0.999877870 -0.012541167 -3.526650429 -0.037847389 0.012885666 0.999200463 32.419528961
0.999257386 -0.009407758 0.037366491 2.101767540 0.009898159 0.999867022 -0.012960843 -3.669928551 -0.037239589 0.013321078 0.999217570 33.688213348
0.999269068 -0.010001181 0.036895409 2.199376583 0.010482123 0.999862313 -0.012864921 -3.817381382 -0.036761664 0.013242258 0.999236345 34.956851959
0.999282837 -0.010598435 0.036352407 2.297537804 0.011087738 0.999850273 -0.013284857 -3.961509466 -0.036206163 0.013678395 0.999250770 36.206390381
0.999320447 -0.011159505 0.035130188 2.404120445 0.011642379 0.999840021 -0.013570868 -4.119577408 -0.034973130 0.013970643 0.999290586 37.508674622
0.999311626 -0.010836659 0.035478942 2.488322258 0.011261216 0.999867082 -0.011788603 -4.265432358 -0.035346471 0.012180023 0.999300897 38.771511078
0.999289989 -0.010967660 0.036043424 2.603216171 0.011362097 0.999877572 -0.010756899 -4.405241489 -0.035921037 0.011158790 0.999292314 40.038085938
0.999215543 -0.012825352 0.037468903 2.717918396 0.013174586 0.999871910 -0.009088639 -4.548367023 -0.037347544 0.009575146 0.999256492 41.289554596
0.999107361 -0.013896591 0.039891906 2.814170837 0.014316272 0.999844849 -0.010254091 -4.695977211 -0.039743230 0.010816040 0.999151409 42.549526215
0.998984516 -0.015095338 0.042450879 2.907295704 0.015677165 0.999787092 -0.013406494 -4.845260143 -0.042239480 0.014058388 0.999008656 43.798091888
0.998888552 -0.016284773 0.044231102 3.019898415 0.016936779 0.999752760 -0.014406433 -4.990422249 -0.043985564 0.015139556 0.998917460 45.060600281
0.998772860 -0.016571127 0.046670355 3.148193359 0.017213276 0.999762118 -0.013391047 -5.122659206 -0.046437349 0.014177964 0.998820543 46.300762177
0.998572528 -0.017720526 0.050387442 3.252629995 0.018232502 0.999786556 -0.009719267 -5.282798767 -0.050204463 0.010624082 0.998682439 47.561115265
0.998313963 -0.020574743 0.054275185 3.367744923 0.021025419 0.999749005 -0.007745594 -5.419650555 -0.054102197 0.008873695 0.998495936 48.786579132
0.998084247 -0.022691317 0.057560485 3.508927345 0.023199359 0.999697387 -0.008173281 -5.560780048 -0.057357609 0.009492986 0.998308659 50.046581268
0.997808397 -0.026050858 0.060825087 3.650055885 0.026830731 0.999567449 -0.012040092 -5.695014954 -0.060485125 0.013645687 0.998075783 51.279911041
0.997532129 -0.027640494 0.064541772 3.785217524 0.028463330 0.999524415 -0.011864233 -5.835026264 -0.064183138 0.013672029 0.997844577 52.501815796
0.997165799 -0.030038681 0.068978988 3.908903837 0.030739756 0.999485731 -0.009124481 -5.976768494 -0.068669416 0.011219019 0.997576296 53.722534180
0.996905684 -0.032857999 0.071411766 4.068711758 0.033373117 0.999424696 -0.006031813 -6.108809948 -0.071172506 0.008396381 0.997428775 54.932773590
0.996676922 -0.035499260 0.073314197 4.220792770 0.035914887 0.999345243 -0.004358186 -6.238261700 -0.073111497 0.006976776 0.997299314 56.150859833
0.996464193 -0.038601596 0.074626245 4.368407726 0.038795669 0.999246478 -0.001152272 -6.366146564 -0.074525543 0.004043373 0.997210860 57.365001678
0.996280372 -0.041607801 0.075460516 4.510181904 0.041695781 0.999130249 0.000409881 -6.495000362 -0.075411938 0.002738029 0.997148693 58.566722870
0.996266365 -0.043609761 0.074508391 4.667860508 0.043955289 0.999028981 -0.003003088 -6.616879463 -0.074305095 0.006266914 0.997215867 59.774871826
0.996269226 -0.044963080 0.073660783 4.816517830 0.045617465 0.998932838 -0.007224818 -6.745778084 -0.073257342 0.010558082 0.997257113 60.964965820
0.996288598 -0.046102140 0.072688848 4.947104454 0.047052328 0.998827219 -0.011413216 -6.871395111 -0.072077431 0.014791034 0.997289360 62.170917511
0.996334851 -0.047655445 0.071033724 5.093184471 0.048764478 0.998712778 -0.013960261 -7.004516125 -0.070276998 0.017373020 0.997376204 63.365947723
0.996425271 -0.048297904 0.069310606 5.219303608 0.049384993 0.998680830 -0.014056525 -7.138258457 -0.068540290 0.017429180 0.997496009 64.555000305
0.996645629 -0.047599230 0.066570923 5.350213528 0.048594672 0.998728573 -0.013413809 -7.273723125 -0.065847784 0.016603809 0.997691453 65.730072021
0.996914446 -0.046406209 0.063311309 5.471478462 0.047221091 0.998819113 -0.011435232 -7.415049553 -0.062705889 0.014389577 0.997928321 66.935104370
0.997305632 -0.042661086 0.059678774 5.588866711 0.043213125 0.999033928 -0.007989680 -7.543645382 -0.059280261 0.010547060 0.998185694 68.109382629
0.997559965 -0.040925678 0.056561001 5.707120419 0.041294161 0.999132633 -0.005361101 -7.674059391 -0.056292545 0.007683660 0.998384774 69.297073364
0.997779310 -0.040127840 0.053160474 5.818768501 0.040634405 0.999138057 -0.008482095 -7.809249878 -0.052774284 0.010623403 0.998549998 70.460891724
0.997952700 -0.040398203 0.049580649 5.932758331 0.041204896 0.999032736 -0.015357060 -7.939001560 -0.048912287 0.017368589 0.998652041 71.633323669
0.997981787 -0.043976121 0.045809213 6.041056633 0.044865172 0.998820543 -0.018563446 -8.082147598 -0.044938836 0.020581223 0.998777688 72.824996948
0.997983992 -0.047384448 0.042222701 6.139925957 0.047982890 0.998759806 -0.013274066 -8.220914841 -0.041541357 0.015273271 0.999019980 73.990478516
0.997975171 -0.051527180 0.037289731 6.251410484 0.051900767 0.998610616 -0.009120164 -8.343011856 -0.036767982 0.011037063 0.999262869 75.167282104
0.998031020 -0.053483043 0.032767296 6.345736504 0.053724922 0.998534381 -0.006545676 -8.461196899 -0.032369182 0.008293208 0.999441504 76.336051941
0.998225868 -0.052192204 0.028655635 6.429971695 0.052328669 0.998621881 -0.004033136 -8.591747284 -0.028405638 0.005525493 0.999581218 77.495780945
0.998338699 -0.051864155 0.025099091 6.512304306 0.051973570 0.998641491 -0.003726366 -8.713206291 -0.024871731 0.005024666 0.999678016 78.648300171
0.998515368 -0.050038438 0.021525934 6.591514111 0.050166111 0.998726189 -0.005432179 -8.845383644 -0.021226695 0.006503987 0.999753535 79.814529419
0.998625159 -0.048913151 0.018849142 6.652707577 0.049120933 0.998735309 -0.010722355 -8.969055176 -0.018300839 0.011633500 0.999764860 80.964569092
0.998523533 -0.052249730 0.014855308 6.734575748 0.052485723 0.998494089 -0.015966387 -9.099029541 -0.013998700 0.016722506 0.999762177 82.108169556
0.998353899 -0.056216106 0.011366648 6.802616596 0.056401342 0.998268664 -0.016690873 -9.230884552 -0.010408673 0.017304489 0.999796033 83.256355286
0.998379052 -0.056331705 0.008127254 6.857007504 0.056439325 0.998312235 -0.013683145 -9.362606049 -0.007342743 0.014119661 0.999873340 84.415336609
0.998364151 -0.056905784 0.005550650 6.914435387 0.056964800 0.998314202 -0.011126169 -9.491465569 -0.004908150 0.011424159 0.999922693 85.547241211
0.998512685 -0.054286283 0.005041480 6.959113598 0.054346226 0.998442233 -0.012630454 -9.622021675 -0.004347966 0.012885653 0.999907494 86.682785034
0.998693943 -0.050936602 0.003980287 7.015566349 0.050993975 0.998571336 -0.015962927 -9.752677917 -0.003161505 0.016145051 0.999864578 87.818038940
0.998752952 -0.049844954 0.002826904 7.066514492 0.049888786 0.998584151 -0.018464975 -9.885084152 -0.001902516 0.018582985 0.999825537 88.935462952
0.998695314 -0.051036339 0.001683343 7.122750759 0.051059254 0.998511732 -0.019169675 -10.018333435 -0.000702488 0.019230621 0.999814749 90.048316956
0.998678029 -0.051387794 0.001213689 7.158560753 0.051400892 0.998538792 -0.016675591 -10.155119896 -0.000354994 0.016715929 0.999860227 91.171875000
0.998579681 -0.053279795 -0.000110147 7.216623783 0.053273339 0.998486876 -0.013633782 -10.283990860 0.000836385 0.013608551 0.999907017 92.281776428
0.998611391 -0.052678350 -0.000537329 7.268533230 0.052666251 0.998520255 -0.013550060 -10.407920837 0.001250329 0.013502945 0.999908030 93.419906616
0.998561382 -0.053620234 -0.000495047 7.308676243 0.053605802 0.998437643 -0.015765870 -10.542718887 0.001339643 0.015716650 0.999875546 94.557739258
0.998561859 -0.053604215 -0.000932864 7.362958908 0.053576127 0.998375654 -0.019378945 -10.671891212 0.001970143 0.019301098 0.999811769 95.657592773
0.998502493 -0.054687090 -0.001406895 7.416111469 0.054646812 0.998294830 -0.020517994 -10.804061890 0.002526565 0.020410385 0.999788463 96.761993408
0.998509049 -0.054582361 -0.000532127 7.451972008 0.054562114 0.998325825 -0.019194594 -10.939982414 0.001578923 0.019136943 0.999815762 97.834037781
0.998530984 -0.054182295 -0.000099864 7.501718044 0.054175925 0.998438776 -0.013599895 -11.062317848 0.000836582 0.013574505 0.999907553 98.923820496
0.998630583 -0.052308429 0.000987344 7.551588535 0.052315906 0.998575985 -0.010442550 -11.183869362 -0.000439704 0.010479903 0.999944985 99.999176025
0.998715639 -0.050570060 0.003103171 7.601977825 0.050600294 0.998662889 -0.010594229 -11.297592163 -0.002563271 0.010737645 0.999939084 101.049278259
0.998790383 -0.048941653 0.004769715 7.656827927 0.048995923 0.998726726 -0.012014576 -11.428863525 -0.004175629 0.012233738 0.999916434 102.101722717
0.998764932 -0.049155716 0.007225424 7.710710526 0.049257282 0.998679042 -0.014624603 -11.546459198 -0.006496998 0.014962447 0.999866903 103.117256165
0.998667300 -0.050885163 0.008619136 7.772303581 0.051011957 0.998582482 -0.015193159 -11.664695740 -0.007833812 0.015612591 0.999847412 104.129333496
0.998558760 -0.052620132 0.010561154 7.833618641 0.052766837 0.998506904 -0.014128688 -11.797306061 -0.009801934 0.014665604 0.999844432 105.135047913
0.998548508 -0.052503161 0.012007277 7.896258354 0.052653886 0.998533309 -0.012602296 -11.912340164 -0.011328007 0.013216233 0.999848485 106.093498230
0.998480558 -0.053436775 0.013455218 7.955013752 0.053588957 0.998500109 -0.011215617 -12.020579338 -0.012835710 0.011919628 0.999846518 107.053405762
0.998411536 -0.054230697 0.015277403 8.013276100 0.054411009 0.998450696 -0.011644386 -12.127307892 -0.014622252 0.012457148 0.999815464 107.972572327
0.998399019 -0.053919613 0.017088989 8.070565224 0.054091297 0.998488367 -0.009748576 -12.230270386 -0.016537517 0.010657334 0.999806464 108.876136780
0.998403430 -0.053181000 0.019034499 8.126630783 0.053331081 0.998549044 -0.007465493 -12.330004692 -0.018609855 0.008468703 0.999791026 109.745292664
0.998383164 -0.053164303 0.020116406 8.187053680 0.053262547 0.998570919 -0.004379499 -12.432175636 -0.019854829 0.005443870 0.999788046 110.601142883
0.998342633 -0.053294338 0.021716762 8.246019363 0.053397719 0.998564363 -0.004207976 -12.524707794 -0.021461323 0.005360626 0.999755263 111.427986145
0.998370588 -0.052308373 0.022809584 8.296092033 0.052401021 0.998620033 -0.003483082 -12.615303993 -0.022595914 0.004672652 0.999733746 112.240470886
0.998474240 -0.050058991 0.023311593 8.346924782 0.050148308 0.998736441 -0.003262543 -12.695465088 -0.023118816 0.004426601 0.999722898 113.022155762
0.998619854 -0.047396928 0.022624005 8.391338348 0.047417060 0.998875141 -0.000354279 -12.772175789 -0.022581760 0.001426554 0.999743938 113.777015686
0.998685181 -0.047394015 0.019544072 8.437853813 0.047386061 0.998876274 0.000871011 -12.858569145 -0.019563392 0.000056250 0.999808609 114.521148682
0.998790145 -0.047430236 0.012984083 8.473604202 0.047421474 0.998874485 0.000982276 -12.933085442 -0.013016058 -0.000365363 0.999915242 115.220367432
0.998954892 -0.045629166 0.002674436 8.497960091 0.045630168 0.998958349 -0.000316959 -13.007684708 -0.002657186 0.000438663 0.999996364 115.890754700
0.999021053 -0.042803623 -0.011179784 8.496786118 0.042769771 0.999079645 -0.003250190 -13.076654434 0.011308614 0.002768851 0.999932230 116.533889771
0.998693228 -0.041437108 -0.029913737 8.495068550 0.041283254 0.999130905 -0.005743247 -13.147351265 0.030125722 0.004500805 0.999535918 117.146621704
0.997834206 -0.039848328 -0.052335657 8.461372375 0.039483294 0.999188304 -0.007990713 -13.218738556 0.052611582 0.005907024 0.998597503 117.735588074
0.996051550 -0.038297836 -0.080091387 8.420196533 0.037606515 0.999241352 -0.010122888 -13.283725739 0.080418319 0.007070961 0.996736109 118.301864624
0.993042052 -0.036066342 -0.112100691 8.348272324 0.034928847 0.999316514 -0.012095187 -13.353343964 0.112460308 0.008095482 0.993623257 118.843627930
0.988567233 -0.031596702 -0.147432461 8.236471176 0.029926660 0.999460459 -0.013532545 -13.419116974 0.147780523 0.008965671 0.988979518 119.382026672
0.982214034 -0.025494089 -0.186025605 8.132738113 0.023494562 0.999640107 -0.012945668 -13.479389191 0.186288700 0.008344828 0.982459545 119.895561218
0.973535359 -0.020084897 -0.227652207 7.991283417 0.018016979 0.999775350 -0.011158349 -13.537720680 0.227825224 0.006761440 0.973678529 120.398910522
0.962150097 -0.015405550 -0.272084415 7.815406799 0.013305973 0.999865770 -0.009560054 -13.596749306 0.272195160 0.005577859 0.962225974 120.892944336
0.947829783 -0.009153927 -0.318645567 7.622550964 0.006225577 0.999928534 -0.010207228 -13.653604507 0.318716228 0.007690963 0.947818995 121.351669312
0.930178761 -0.001613865 -0.367103398 7.399475098 -0.002795556 0.999930143 -0.011479382 -13.706321716 0.367096275 0.011704134 0.930109262 121.833656311
0.909058392 0.003445485 -0.416654527 7.137252808 -0.009290872 0.999884725 -0.012002408 -13.767677307 0.416565120 0.014781972 0.908985674 122.263092041
0.883750260 0.007703131 -0.467895508 6.870506287 -0.014465359 0.999836385 -0.010861170 -13.820629120 0.467735320 0.016366838 0.883717060 122.676940918
0.854663074 0.010885559 -0.519068897 6.587543488 -0.019251460 0.999757111 -0.010731909 -13.865795135 0.518826067 0.019165004 0.854664981 123.072891235
0.822937727 0.020520667 -0.567760885 6.257507324 -0.029901195 0.999526799 -0.007214064 -13.920028687 0.567344189 0.022913456 0.823161960 123.443954468
0.788702965 0.033106685 -0.613882363 5.907196045 -0.042625859 0.999090731 -0.000883818 -13.961827278 0.613294899 0.026864327 0.789397061 123.801559448
0.752597153 0.041811451 -0.657152414 5.549133301 -0.053943083 0.998542547 0.001754689 -14.004367828 0.656267822 0.034128256 0.753755748 124.117752075
0.712623596 0.045524728 -0.700067997 5.181018829 -0.061278746 0.998117507 0.002528827 -14.049921036 0.698865175 0.041097187 0.714071751 124.415184021
0.669971406 0.047047086 -0.740894616 4.804103851 -0.063996501 0.997934937 0.005498899 -14.096550941 0.739623308 0.043730553 0.671598911 124.695144653
0.626438439 0.050953418 -0.777803719 4.392295837 -0.067545287 0.997656047 0.010955237 -14.136778831 0.776538789 0.045674194 0.628411770 124.956024170
0.581297934 0.059517909 -0.811511159 3.969329834 -0.078980327 0.996739149 0.016528092 -14.168241501 0.809848547 0.054485664 0.584103167 125.183746338
0.535662889 0.068339013 -0.841661990 3.524162292 -0.090572514 0.995619655 0.023196135 -14.194892883 0.839560449 0.063806139 0.539506197 125.392532349
0.489018083 0.073551849 -0.869167089 3.068183899 -0.096654773 0.994871497 0.029808661 -14.221199989 0.866902053 0.069432192 0.493619233 125.589912415
0.441467226 0.074848965 -0.894150019 2.605239868 -0.096073113 0.994729042 0.035834398 -14.248621941 0.892119229 0.070084058 0.446331173 125.769744873
0.394565493 0.076075718 -0.915713191 2.124614716 -0.093470722 0.994720340 0.042364500 -14.267126083 0.914101362 0.068876810 0.399593174 125.940864563
0.348278582 0.079441354 -0.934018791 1.629673004 -0.095417440 0.994231462 0.048983198 -14.296865463 0.932522118 0.072061881 0.353849590 126.089614868
0.304796100 0.082699180 -0.948820353 1.129272461 -0.101098590 0.993403912 0.054108486 -14.317815781 0.947036564 0.079432361 0.311146408 126.202880859
0.263446212 0.084204666 -0.960992038 0.608512878 -0.105940931 0.992683053 0.057938885 -14.335249901 0.958839178 0.086544611 0.270439297 126.300224304
0.223804742 0.080728233 -0.971284926 0.082487106 -0.106308289 0.992639661 0.058007434 -14.354264259 0.968818784 0.090273298 0.230739579 126.404426575
0.188782468 0.075527973 -0.979110181 -0.459325790 -0.101933368 0.993159235 0.056957908 -14.374825478 0.976714253 0.089051351 0.195189878 126.490966797
0.158220202 0.070218638 -0.984903932 -1.008672714 -0.099282384 0.993544519 0.054885417 -14.395960808 0.982399762 0.089099616 0.164170295 126.569686890
0.132268310 0.068512782 -0.988843262 -1.575853348 -0.100581490 0.993386626 0.055373732 -14.415478706 0.986097515 0.092135139 0.138284683 126.631034851
0.110122278 0.067912176 -0.991595268 -2.169819832 -0.100866042 0.993275881 0.056825522 -14.431013107 0.988786697 0.093760520 0.116231851 126.687400818
0.091279186 0.069386452 -0.993405044 -2.764198303 -0.103045769 0.992872536 0.059880879 -14.449694633 0.990479529 0.096900314 0.097778544 126.744522095
0.075097591 0.067621469 -0.994880676 -3.369331360 -0.104084767 0.992779732 0.059621926 -14.474631310 0.991729081 0.099074446 0.081593730 126.798889160
0.060793135 0.066608764 -0.995925426 -3.988646984 -0.102881573 0.992874861 0.060124651 -14.505901337 0.992834151 0.098807208 0.067212775 126.850830078
0.048769630 0.064227387 -0.996742845 -4.628674984 -0.098891996 0.993337512 0.059169263 -14.529937744 0.993902385 0.095684223 0.054796293 126.889320374
0.036762957 0.061654128 -0.997420251 -5.276580334 -0.096405894 0.993658483 0.057868268 -14.547807693 0.994662941 0.094029799 0.042473648 126.923812866
0.026208922 0.060555920 -0.997820795 -5.950313568 -0.096070409 0.993695974 0.057782214 -14.570163727 0.995029449 0.094346620 0.031861335 126.957061768
0.016566068 0.061964937 -0.997940838 -6.622069836 -0.099426121 0.993232965 0.060022116 -14.593208313 0.994907081 0.098227061 0.022614893 126.976379395
0.008423604 0.061913155 -0.998046041 -7.299696922 -0.102266148 0.992901444 0.060730889 -14.622787476 0.994721472 0.101554736 0.014695426 126.988517761
0.001572370 0.061141107 -0.998127818 -7.992511749 -0.104431801 0.992681384 0.060642973 -14.644304276 0.994530797 0.104140937 0.007945939 127.008140564
-0.003519343 0.061915755 -0.998075128 -8.690182686 -0.105209902 0.992519081 0.061942060 -14.662960052 0.994443774 0.105225399 0.003021135 127.021942139
-0.007067908 0.064517200 -0.997891545 -9.410608292 -0.107530490 0.992081106 0.064903148 -14.686051369 0.994176626 0.107762516 -0.000074373 127.042320251
-0.007713774 0.068315886 -0.997633874 -10.147756577 -0.109850027 0.991567612 0.068749852 -14.711177826 0.993918240 0.110120431 -0.000144226 127.040397644
-0.008914148 0.071416482 -0.997406662 -10.863212585 -0.112153046 0.991081536 0.071965925 -14.726554871 0.993650973 0.112503730 -0.000825073 127.051483154
-0.009573543 0.076922521 -0.996991098 -11.603601456 -0.116983972 0.990104139 0.077514499 -14.735708237 0.993087590 0.117374063 -0.000480101 127.057441711
-0.010617186 0.080643237 -0.996686518 -12.344917297 -0.120090686 0.989425540 0.081335023 -14.750311852 0.992706120 0.120556302 -0.000820412 127.063339233
-0.011996449 0.081320241 -0.996615827 -13.090245247 -0.119892433 0.989380240 0.082173027 -14.773366928 0.992714405 0.120472476 -0.002119368 127.079292297
-0.013448534 0.078316443 -0.996837795 -13.834354401 -0.117605798 0.989884496 0.079356804 -14.794157028 0.992969215 0.118301138 -0.004102027 127.097740173
-0.015193915 0.074612968 -0.997096837 -14.597030640 -0.120943598 0.989752889 0.075906366 -14.799218178 0.992543161 0.121745802 -0.006014263 127.108985901
-0.016026303 0.076201849 -0.996963620 -15.368167877 -0.126479790 0.988927662 0.077620804 -14.814405441 0.991839707 0.127339721 -0.006210860 127.104797363
-0.017932568 0.079731129 -0.996655047 -16.135498047 -0.123430155 0.989013970 0.081340693 -14.831443787 0.992191195 0.124475934 -0.007894334 127.121124268
-0.019425265 0.079493448 -0.996646166 -16.912477493 -0.122681141 0.989111900 0.081283644 -14.849210739 0.992255986 0.123848617 -0.009461412 127.127815247
-0.021231327 0.078883968 -0.996657610 -17.705812454 -0.125238344 0.988820255 0.080931537 -14.864580154 0.991899490 0.126538068 -0.011114668 127.133560181
-0.021710312 0.078683399 -0.996663213 -18.493091583 -0.129920259 0.988222897 0.080847107 -14.872972488 0.991286755 0.131241962 -0.011232060 127.130043030
-0.022705713 0.083012290 -0.996289849 -19.297512054 -0.131715059 0.987611651 0.085291021 -14.882271767 0.991027534 0.133162990 -0.011490458 127.131210327
-0.023155214 0.087369278 -0.995906830 -20.110958099 -0.130208939 0.987425029 0.089652590 -14.893245697 0.991216183 0.131751895 -0.011487773 127.141571045
-0.022662686 0.089998409 -0.995684028 -20.935335159 -0.132040545 0.986945748 0.092213929 -14.911496162 0.990985155 0.133560494 -0.010483398 127.155860901
-0.020705963 0.088453747 -0.995865107 -21.753795624 -0.131555885 0.987176657 0.090417333 -14.917369843 0.991092503 0.132884085 -0.008803834 127.163452148
-0.019478317 0.088460729 -0.995889127 -22.584880829 -0.131588399 0.987186551 0.090261407 -14.924562454 0.991113126 0.132805631 -0.007588328 127.172584534
-0.019370496 0.087872602 -0.995943308 -23.417701721 -0.130318761 0.987410307 0.089654356 -14.936079025 0.991282821 0.131526738 -0.007675178 127.191421509
-0.018568832 0.089910552 -0.995776713 -24.255172729 -0.131220207 0.987114608 0.091575369 -14.945678711 0.991179347 0.132366478 -0.006531483 127.208984375
-0.018139265 0.092141017 -0.995580733 -25.094144821 -0.132845610 0.986694038 0.093738958 -14.950155258 0.990970731 0.133958906 -0.005657379 127.223823547
-0.017944688 0.094359890 -0.995376408 -25.971418381 -0.135668546 0.986099482 0.095926292 -14.952344894 0.990591764 0.136762664 -0.004893577 127.234130859
-0.016356008 0.095498204 -0.995295167 -26.835117340 -0.137861207 0.985705614 0.096843608 -14.952338219 0.990316510 0.138796568 -0.002956714 127.244529724
-0.014647629 0.098394133 -0.995039761 -27.705488205 -0.144637033 0.984471500 0.099478267 -14.952644348 0.989376307 0.145376697 -0.000188740 127.256973267
-0.012179497 0.102454819 -0.994663119 -28.586791992 -0.149428219 0.983380377 0.103122376 -14.951679230 0.988697469 0.149886727 0.003332563 127.270744324
-0.010139020 0.104434505 -0.994480133 -29.461975098 -0.152064249 0.982803166 0.104758605 -14.949941635 0.988318563 0.152287021 0.005916093 127.299606323
-0.006069333 0.105157934 -0.994436979 -30.363508224 -0.151046678 0.982948840 0.104864947 -14.953024864 0.988507986 0.150842890 0.009917913 127.316322327
-0.003516861 0.105008632 -0.994465053 -31.253461838 -0.153564900 0.982618451 0.104300782 -14.949001312 0.988132298 0.153081760 0.012669908 127.345252991
-0.000935320 0.108774364 -0.994065940 -32.157218933 -0.154039353 0.982186258 0.107619390 -14.942815781 0.988064229 0.153225958 0.015836876 127.372688293
0.001471175 0.110827401 -0.993838549 -33.071361542 -0.153137073 0.982142210 0.109296389 -14.941153526 0.988203824 0.152032733 0.018416688 127.410728455
0.003265598 0.112108722 -0.993690550 -33.963741302 -0.153717399 0.981941760 0.110278048 -14.940181732 0.988109469 0.152387410 0.020439692 127.450340271
0.005883756 0.110055126 -0.993908048 -34.867401123 -0.154938564 0.982022583 0.107821859 -14.934238434 0.987906575 0.153360322 0.022829767 127.479583740
0.005916062 0.111218393 -0.993778408 -35.774963379 -0.159022570 0.981253862 0.108870037 -14.927524567 0.987257242 0.157389119 0.023491394 127.523429871
0.007084433 0.111888222 -0.993695557 -36.669769287 -0.159808204 0.981075287 0.109327868 -14.925538063 0.987122655 0.158026174 0.024831019 127.557968140
0.007412207 0.108525656 -0.994066060 -37.565441132 -0.160450920 0.981342018 0.105940126 -14.926192284 0.987015963 0.158713579 0.024686951 127.590538025
0.008225807 0.104250334 -0.994517088 -38.471229553 -0.161317006 0.981662154 0.101568528 -14.930190086 0.986868382 0.159597024 0.024892313 127.634605408
0.008765255 0.103465416 -0.994594455 -39.368621826 -0.160985157 0.981804490 0.100716144 -14.927604675 0.986917973 0.159232125 0.025262158 127.674575806
0.008723848 0.107399985 -0.994177639 -40.272193909 -0.163470805 0.980993629 0.104541264 -14.922647476 0.986509621 0.161607042 0.026114801 127.710891724
0.008842895 0.113855191 -0.993457973 -41.207668304 -0.163818374 0.980239093 0.110882074 -14.917465210 0.986450911 0.161766127 0.027319729 127.749946594
0.009036523 0.112507693 -0.993609726 -42.102241516 -0.161595061 0.980754137 0.109582409 -14.919868469 0.986815810 0.159572169 0.027043300 127.793907166
0.009929680 0.102175422 -0.994716883 -42.993579865 -0.160771400 0.981987417 0.099263012 -14.929414749 0.986941755 0.158936366 0.026177710 127.834449768
0.010320327 0.091557004 -0.995746374 -43.917591095 -0.162558794 0.982706249 0.088673182 -14.934755325 0.986644983 0.160952196 0.025025250 127.872573853
0.009275373 0.088502720 -0.996032774 -44.819278717 -0.159282327 0.983488500 0.085904822 -14.945322990 0.987189472 0.157853633 0.023219142 127.916511536
0.009068118 0.098509803 -0.995094717 -45.739311218 -0.151882306 0.983725429 0.096000217 -14.951148987 0.988356948 0.150266767 0.023882436 127.965476990
0.009100377 0.111707628 -0.993699372 -46.691326141 -0.146901920 0.983108044 0.109171636 -14.950199127 0.989109218 0.144982889 0.025356717 128.021240234
0.009269382 0.120988563 -0.992610633 -47.612445831 -0.146978050 0.982036769 0.118327171 -14.945514679 0.989096344 0.144795150 0.026885536 128.065780640
0.009057280 0.115141064 -0.993307829 -48.529403687 -0.147296801 0.982666254 0.112564415 -14.944261551 0.989050806 0.145291552 0.025860190 128.105010986
0.009248992 0.101558663 -0.994786501 -49.456790924 -0.147198051 0.984129846 0.099102147 -14.946474075 0.989063799 0.145514056 0.024051446 128.142486572
0.009835316 0.092733011 -0.995642424 -50.372859955 -0.147601917 0.984918237 0.090276100 -14.949290276 0.988997996 0.146070838 0.023374552 128.185409546
0.010362078 0.092648469 -0.995644987 -51.308841705 -0.146401435 0.985109448 0.090144426 -14.957480431 0.989170969 0.144829780 0.023771647 128.226226807
0.010025062 0.093915299 -0.995529711 -52.262714386 -0.150055513 0.984447539 0.091358766 -14.974225044 0.988626719 0.148468867 0.023961658 128.259811401
0.010747427 0.093461178 -0.995564997 -53.191181183 -0.154545024 0.983814716 0.090689726 -14.979627609 0.987927258 0.152884930 0.025017433 128.291244507
0.011295723 0.092928164 -0.995608747 -54.129920959 -0.156349510 0.983589828 0.090032481 -14.986225128 0.987637162 0.154645935 0.025639629 128.330917358
0.012001541 0.100308664 -0.994883955 -55.087890625 -0.164995596 0.981515706 0.096970432 -14.988122940 0.986221194 0.162987679 0.028330188 128.370605469
0.013810146 0.109899402 -0.993846774 -56.038490295 -0.171403438 0.979489446 0.105930023 -14.985855103 0.985104144 0.168885827 0.032364029 128.403350830
0.015197246 0.118141137 -0.992880583 -56.983280182 -0.171704262 0.978552639 0.113808140 -14.981467247 0.985031307 0.168752268 0.035156649 128.446456909
0.016043147 0.119036883 -0.992760301 -57.924541473 -0.173228145 0.978204250 0.114492156 -14.978206635 0.984751046 0.170137182 0.036314018 128.490722656
0.017549995 0.109621011 -0.993818521 -58.862548828 -0.174756095 0.979007781 0.104901284 -14.978538513 0.984455287 0.171834826 0.036338523 128.538864136
0.018111799 0.104534864 -0.994356215 -59.832340240 -0.173126116 0.979824781 0.099853739 -14.983824730 0.984733105 0.170340508 0.035844103 128.608413696
0.020197235 0.103059366 -0.994470119 -60.784564972 -0.171952561 0.980209708 0.098089233 -14.984535217 0.984898210 0.169020548 0.037518848 128.661499023
0.024007127 0.108657412 -0.993789315 -61.748416901 -0.173046812 0.979521751 0.102917150 -14.979345322 0.984620929 0.169501305 0.042318325 128.711486816
0.027522555 0.111244164 -0.993411958 -62.730049133 -0.175847962 0.978829503 0.104739331 -14.991945267 0.984032571 0.171806768 0.046501949 128.761764526
0.031014485 0.105861701 -0.993897080 -63.676849365 -0.175500974 0.979503810 0.098852150 -14.992311478 0.983990610 0.171364054 0.048957631 128.835311890
0.034300685 0.100259706 -0.994369924 -64.627021790 -0.175437286 0.980109990 0.092770219 -15.002408981 0.983892858 0.171267450 0.051207732 128.900070190
0.037883736 0.100137822 -0.994252026 -65.588462830 -0.172863781 0.980622888 0.092178553 -15.009233475 0.984216928 0.168378085 0.054459862 128.968399048
0.040338419 0.104314290 -0.993725955 -66.557495117 -0.170482695 0.980670691 0.096023433 -15.018760681 0.984534681 0.165539607 0.057342492 129.043319702
0.043562684 0.111009568 -0.992864132 -67.534225464 -0.170011386 0.980135798 0.102127060 -15.024787903 0.984478712 0.164349303 0.061570249 129.131027222
0.046878908 0.114754163 -0.992287159 -68.487915039 -0.167845517 0.980160236 0.105422162 -15.027782440 0.984697998 0.161608905 0.065209821 129.206710815
0.048912231 0.116671175 -0.991965473 -69.454940796 -0.167228907 0.980091512 0.107028812 -15.033450127 0.984704077 0.160650268 0.067449257 129.287887573
0.051103055 0.113869138 -0.992180586 -70.411254883 -0.165591910 0.980692983 0.104021803 -15.032626152 0.984869480 0.158981234 0.068972208 129.365676880
0.050357532 0.111841567 -0.992449284 -71.365272522 -0.163057104 0.981297493 0.102311201 -15.037275314 0.985330641 0.156673789 0.067652278 129.470504761
0.050647084 0.108226560 -0.992835343 -72.307167053 -0.159962326 0.982155919 0.098902345 -15.049060822 0.985823035 0.153807119 0.067055501 129.559768677
0.050901126 0.108627059 -0.992778540 -73.277305603 -0.158924699 0.982281208 0.099330187 -15.053628922 0.985977709 0.152721003 0.067262739 129.633575439
0.049994197 0.112578653 -0.992384315 -74.225921631 -0.155717045 0.982354403 0.103596114 -15.053151131 0.986535788 0.149351940 0.066642433 129.730926514
0.049620003 0.113722786 -0.992272615 -75.199417114 -0.150227711 0.983043492 0.105152719 -15.053625107 0.987405360 0.143849209 0.065862946 129.821426392
0.048655372 0.110107474 -0.992728114 -76.150238037 -0.147198111 0.983843267 0.101907596 -15.055671692 0.987909615 0.141169339 0.064076871 129.904235840
0.047564682 0.106574856 -0.993166327 -77.101203918 -0.148980066 0.983927190 0.098448485 -15.063390732 0.987695634 0.143279299 0.062677711 129.978729248
0.046264615 0.101935863 -0.993714571 -78.080421448 -0.145142660 0.984909058 0.094275154 -15.057966232 0.988328516 0.139868766 0.060361691 130.053466797
0.044846106 0.103594661 -0.993607998 -79.024490356 -0.145865664 0.984628260 0.096074827 -15.072219849 0.988287449 0.140624717 0.059267644 130.122207642
0.043690372 0.105123475 -0.993498981 -79.973281860 -0.146301344 0.984400988 0.097727023 -15.078402519 0.988274813 0.141080514 0.058388557 130.200149536
0.042984907 0.106340110 -0.993400216 -80.940597534 -0.148949385 0.983888984 0.098876849 -15.090735435 0.987910092 0.143716127 0.058131669 130.260284424
0.041423861 0.106104746 -0.993491769 -81.898109436 -0.148925409 0.983893216 0.098870166 -15.085789680 0.987980425 0.143860608 0.056558352 130.331665039
0.039341129 0.106788091 -0.993503153 -82.850265503 -0.149082050 0.983771622 0.099838667 -15.091596603 0.988041878 0.144185722 0.054622866 130.400375366
0.036816992 0.109624341 -0.993291020 -83.790550232 -0.148973510 0.983460367 0.103017583 -15.095482826 0.988155544 0.144181237 0.052539174 130.478622437
0.035376448 0.113328375 -0.992927611 -84.751983643 -0.149617389 0.982952476 0.106859259 -15.088489532 0.988110900 0.144778937 0.051729277 130.528839111
0.033209417 0.118124656 -0.992443383 -85.701309204 -0.150820836 0.982211947 0.111860074 -15.080177307 0.988003135 0.145966291 0.050434351 130.591705322
0.031475324 0.118413009 -0.992465496 -86.650009155 -0.150923610 0.982135177 0.112394057 -15.083131790 0.988044262 0.146248817 0.048784342 130.650894165
0.029993577 0.112309210 -0.993220508 -87.593025208 -0.151089475 0.982759595 0.106563665 -15.076290131 0.988064945 0.146868959 0.046445210 130.716110229
0.027878137 0.107930698 -0.993767381 -88.531547546 -0.155925050 0.982454300 0.102327831 -15.073435783 0.987375438 0.152100533 0.044218093 130.773834229
0.027750172 0.105260253 -0.994057417 -89.505096436 -0.154417396 0.982954979 0.099773891 -15.066568375 0.987615943 0.150731027 0.043531191 130.817184448
0.026760735 0.106433302 -0.993959665 -90.456390381 -0.150360882 0.983431995 0.101257779 -15.075429916 0.988268971 0.146742925 0.042320766 130.876464844
0.025988638 0.107605487 -0.993854046 -91.409706116 -0.147002444 0.983792901 0.102672167 -15.075002670 0.988794684 0.143430635 0.041385710 130.940780640
0.024804205 0.107723005 -0.993871391 -92.355552673 -0.142139599 0.984456897 0.103155188 -15.081884384 0.989535809 0.138709754 0.039730374 131.004776001
0.023671435 0.104802266 -0.994211316 -93.301200867 -0.137982935 0.985314429 0.100579150 -15.087291718 0.990151763 0.134803370 0.037784729 131.064590454
0.022900889 0.101930797 -0.994527876 -94.275939941 -0.132671565 0.986299992 0.098032489 -15.097883224 0.990895450 0.129700556 0.036110476 131.117248535
0.021865392 0.104373135 -0.994297862 -95.235244751 -0.130742386 0.986293256 0.100657761 -15.103704453 0.991175234 0.127795964 0.035211682 131.171371460
0.020446183 0.107072607 -0.994040966 -96.183631897 -0.130443335 0.986035883 0.103527263 -15.110652924 0.991244853 0.127549320 0.034127571 131.229995728
0.019118369 0.104882136 -0.994300842 -97.137611389 -0.125598118 0.986856580 0.101681888 -15.107569695 0.991896987 0.122938320 0.032040089 131.276824951
0.015975630 0.101474382 -0.994709790 -98.095550537 -0.123198889 0.987455964 0.098755740 -15.108942986 0.992253423 0.120969467 0.028276764 131.337127686
0.012956039 0.098996885 -0.995003343 -99.046295166 -0.122037180 0.987804532 0.096691549 -15.113928795 0.992440999 0.120174661 0.024879331 131.389251709
0.010806525 0.097695433 -0.995157659 -100.008651733 -0.115751304 0.988647640 0.095799372 -15.124002457 0.993219435 0.114155538 0.021992221 131.431427002
0.007803070 0.098085500 -0.995147288 -100.951065063 -0.110065937 0.989215136 0.096637756 -15.125887871 0.993893683 0.108777754 0.018514788 131.487594604
0.005806506 0.105191514 -0.994434953 -101.954147339 -0.099866971 0.989541173 0.104090706 -15.120821953 0.994983852 0.098706812 0.016250933 131.541091919
0.003189836 0.113366254 -0.993548095 -102.913475037 -0.091948338 0.989377558 0.112595133 -15.121382713 0.995758593 0.090995930 0.013579788 131.594360352
-0.000917691 0.112481043 -0.993653536 -103.867973328 -0.087730557 0.989813507 0.112127379 -15.117063522 0.996143758 0.087276682 0.008959682 131.648498535
-0.002358749 0.102402374 -0.994740248 -104.824455261 -0.088427655 0.990824759 0.102208979 -15.117796898 0.996079803 0.088203631 0.006718094 131.668579102
-0.004469086 0.092898242 -0.995665550 -105.771270752 -0.090244405 0.991575241 0.092921674 -15.120223045 0.995909631 0.090268515 0.003952111 131.703735352
-0.005337558 0.094965510 -0.995466352 -106.719779968 -0.097984016 0.990640461 0.095030509 -15.135228157 0.995173693 0.098046996 0.004017501 131.731872559
-0.005735165 0.104140364 -0.994546056 -107.692642212 -0.100940689 0.989422202 0.104185924 -15.124476433 0.994875848 0.100987680 0.004837503 131.755752563
-0.007180300 0.115371771 -0.993296385 -108.655914307 -0.104752451 0.987770081 0.115487114 -15.116218567 0.994472444 0.104879476 0.004992991 131.782135010
-0.008826543 0.117073745 -0.993083954 -109.598304749 -0.111799151 0.986780584 0.117324322 -15.110707283 0.993691564 0.112061538 0.004378886 131.812881470
-0.008216617 0.114503697 -0.993388832 -110.589576721 -0.119121164 0.986236334 0.114664540 -15.100359917 0.992845714 0.119275771 0.005536288 131.823669434
-0.008427989 0.110377386 -0.993853986 -111.543922424 -0.127092868 0.985710859 0.110550761 -15.090729713 0.991854966 0.127243489 0.005720616 131.846130371
-0.006422837 0.112425990 -0.993639350 -112.509811401 -0.131791547 0.984897017 0.112288721 -15.077109337 0.991256654 0.131674439 0.008490957 131.869827271
-0.004493388 0.113595381 -0.993516862 -113.493782043 -0.139768839 0.983703256 0.113105431 -15.062916756 0.990173936 0.139370948 0.011456934 131.886871338
-0.003807199 0.116201162 -0.993218422 -114.457946777 -0.148938194 0.982081592 0.115469143 -15.049880981 0.988839090 0.148367763 0.013567811 131.904739380
-0.003845907 0.118310131 -0.992969275 -115.432739258 -0.154347330 0.981006920 0.117482685 -15.033041954 0.988009095 0.153713971 0.014487991 131.932266235
-0.003083702 0.117831714 -0.993028820 -116.409667969 -0.158201396 0.980470479 0.116832830 -15.027354240 0.987401962 0.157458827 0.015617663 131.963882446
-0.001666669 0.108512186 -0.994093776 -117.363685608 -0.157171324 0.981711388 0.107424073 -15.035099983 0.987569988 0.156422064 0.015418817 131.995666504
-0.000186551 0.096722990 -0.995311320 -118.315895081 -0.160218030 0.982450664 0.095503233 -15.029591560 0.987081647 0.159484640 0.015313490 132.030853271
