1.000000000 0.000000000 0.000000000 0.000000000 0.000000000 1.000000000 0.000000000 0.000000000 0.000000000 0.000000000 1.000000000 0.000000000
0.999997616 -0.001694530 -0.001384007 0.050177593 0.001691488 0.999996185 -0.002195897 -0.132481009 0.001387722 0.002193551 0.999996603 1.297735691
0.999997675 0.000055349 -0.002159464 0.105302863 -0.000069113 0.999979675 -0.006374612 -0.266724944 0.002159067 0.006374748 0.999977350 2.604867458
0.999996126 0.002472408 -0.001348238 0.148691759 -0.002482917 0.999966085 -0.007849499 -0.406068087 0.001328785 0.007852816 0.999968231 3.908983231
0.999983728 0.005694936 0.000147795 0.193832576 -0.005693842 0.999962151 -0.006575180 -0.544086814 -0.000185235 0.006574232 0.999978364 5.223564148
0.999975204 0.006594949 0.002459479 0.242057160 -0.006587120 0.999973238 -0.003177056 -0.691465616 -0.002480366 0.003160777 0.999991953 6.540073872
0.999961078 0.006742281 0.005693775 0.299937934 -0.006731153 0.999975324 -0.001971445 -0.827914000 -0.005706927 0.001933042 0.999981880 7.843042850
0.999942303 0.005484473 0.009238050 0.354819477 -0.005466829 0.999983191 -0.001934161 -0.960309207 -0.009248505 0.001883546 0.999955475 9.151169777
0.999911547 0.004200766 0.012617513 0.432238042 -0.004178637 0.999989688 -0.001779748 -1.097598195 -0.012624860 0.001726867 0.999918818 10.450571060
0.999867916 0.002933298 0.015981149 0.496992499 -0.002893885 0.999992728 -0.002488779 -1.236467361 -0.015988329 0.002442203 0.999869108 11.762047768
0.999813080 0.001786136 0.019249590 0.574409604 -0.001723560 0.999993205 -0.003266889 -1.373161912 -0.019255294 0.003233101 0.999809325 13.055796623
0.999746263 0.001666244 0.022464102 0.645956635 -0.001590934 0.999993086 -0.003369923 -1.518344283 -0.022469563 0.003333328 0.999741912 14.384591103
0.999662876 0.001571176 0.025912132 0.730170250 -0.001454917 0.999988854 -0.004504904 -1.656052589 -0.025918916 0.004465686 0.999653995 15.679131508
0.999568284 0.002766290 0.029249828 0.805420876 -0.002635743 0.999986351 -0.004500764 -1.793144464 -0.029261885 0.004421726 0.999562025 16.984395981
0.999470294 0.002314457 0.032460321 0.896462917 -0.002181063 0.999989033 -0.004144252 -1.931842804 -0.032469559 0.004071259 0.999464452 18.269735336
0.999405026 0.000708184 0.034483649 0.995850205 -0.000574631 0.999992311 -0.003882671 -2.074533939 -0.034486134 0.003860546 0.999397695 19.573871613
0.999347746 -0.001775442 0.036068358 1.094447851 0.001967235 0.999984086 -0.005282690 -2.214204788 -0.036058404 0.005350199 0.999335349 20.848344803
0.999301732 -0.001425335 0.037336942 1.192020416 0.001681770 0.999975204 -0.006837638 -2.359506845 -0.037326265 0.006895656 0.999279261 22.158561707
0.999251842 -0.001207905 0.038655471 1.273588300 0.001570761 0.999954998 -0.009357935 -2.504260778 -0.038642425 0.009411654 0.999208748 23.444875717
0.999221981 -0.000834743 0.039430827 1.378790379 0.001266102 0.999939561 -0.010915936 -2.646094799 -0.039419334 0.010957366 0.999162674 24.729072571
0.999173999 -0.000232842 0.040635765 1.477469802 0.000705317 0.999932289 -0.011613125 -2.791918039 -0.040630314 0.011632195 0.999106526 26.000207901
0.999159634 -0.001831405 0.040945806 1.579011917 0.002264369 0.999942005 -0.010530188 -2.940325022 -0.040924143 0.010614058 0.999105871 27.287311554
0.999157071 -0.004883765 0.040757217 1.684577942 0.005274027 0.999941289 -0.009473288 -3.085983753 -0.040708560 0.009680259 0.999124169 28.565238953
0.999178827 -0.006232146 0.040035680 1.780008554 0.006630508 0.999929667 -0.009825127 -3.234478235 -0.039971635 0.010082516 0.999150038 29.850786209
0.999197841 -0.007824144 0.039271995 1.884587049 0.008315681 0.999888837 -0.012368498 -3.379569054 -0.039170861 0.012685151 0.999152005 31.116846085
0.999225318 -0.007959401 0.038543817 1.992107749 0.008446308 0.999886334 -0.012486178 -3.530337095 -0.038440060 0.012802056 0.999178886 32.398677826
0.999242425 -0.008643592 0.037945285 2.089606762 0.009133221 0.999877095 -0.012749202 -3.675119638 -0.037830424 0.013086108 0.999198496 33.664985657
0.999255002 -0.009074545 0.037511300 2.183043003 0.009563401 0.999871314 -0.012873396 -3.820119619 -0.037389658 0.013222543 0.999213278 34.932529449
0.999267757 -0.009539532 0.037054285 2.277096748 0.010044578 0.999858797 -0.013467725 -3.963867426 -0.036920577 0.013830057 0.999222457 36.193065643
0.999308944 -0.010218563 0.035737596 2.390868187 0.010709308 0.999850631 -0.013567596 -4.121140480 -0.035593614 0.013940945 0.999269247 37.473968506
0.999312580 -0.009885069 0.035731379 2.482672215 0.010317639 0.999875426 -0.011942087 -4.265723705 -0.035608884 0.012302541 0.999290109 38.731369019
0.999265790 -0.010012094 0.036980622 2.579163074 0.010417435 0.999887586 -0.010784552 -4.407285690 -0.036868490 0.011161878 0.999257803 39.999805450
0.999197543 -0.011766533 0.038285546 2.697383165 0.012128426 0.999883890 -0.009233982 -4.549747467 -0.038172439 0.009690916 0.999224186 41.250007629
0.999076724 -0.012856696 0.040993258 2.786772490 0.013287285 0.999859154 -0.010248776 -4.694849968 -0.040855721 0.010784003 0.999106884 42.516048431
0.998947263 -0.014211943 0.043615934 2.880763769 0.014815079 0.999798596 -0.013536378 -4.840897560 -0.043414768 0.014168301 0.998956740 43.765251160
0.998853683 -0.015144181 0.045411538 2.986975670 0.015822105 0.999768078 -0.014606267 -4.986407757 -0.045179818 0.015308026 0.998861492 45.020973206
0.998732746 -0.015235411 0.047967557 3.115071297 0.015902337 0.999781668 -0.013552859 -5.118804455 -0.047750607 0.014298480 0.998756945 46.258022308
0.998520434 -0.016507788 0.051810700 3.212308884 0.017045848 0.999805093 -0.009960492 -5.276460171 -0.051636171 0.010828915 0.998607278 47.511981964
0.998239934 -0.019375665 0.056049466 3.323580980 0.019861419 0.999769747 -0.008122413 -5.414255142 -0.055879179 0.009221340 0.998394907 48.743389130
0.998003542 -0.021622896 0.059341155 3.454746962 0.022150379 0.999720633 -0.008245549 -5.558307648 -0.059146285 0.009543517 0.998203695 49.985408783
0.997740209 -0.024896173 0.062406767 3.602897644 0.025702044 0.999595881 -0.012143767 -5.693020821 -0.062079217 0.013720306 0.997976840 51.214328766
0.997440577 -0.026252199 0.066506445 3.732827187 0.027119564 0.999558032 -0.012172637 -5.828600407 -0.066157512 0.013945106 0.997711718 52.449993134
0.997079849 -0.028744902 0.070750058 3.860980511 0.029508140 0.999516845 -0.009766182 -5.968874454 -0.070435151 0.011825364 0.997446179 53.668384552
0.996817529 -0.031693272 0.073146299 4.031267643 0.032238252 0.999460518 -0.006281720 -6.101233482 -0.072907746 0.008619837 0.997301519 54.867694855
0.996538401 -0.033895638 0.075910039 4.153283119 0.034353159 0.999398530 -0.004729139 -6.236610413 -0.075704083 0.007320517 0.997103453 56.112049103
0.996354520 -0.036795568 0.076965518 4.309575558 0.037006326 0.999314189 -0.001313474 -6.363964558 -0.076864406 0.004156898 0.997032821 57.319019318
0.996194363 -0.039441694 0.077724211 4.452869415 0.039591506 0.999215901 -0.000386973 -6.486960888 -0.077647991 0.003462719 0.996974826 58.546211243
0.996139228 -0.041397590 0.077412166 4.598456860 0.041798308 0.999119699 -0.003562692 -6.611240864 -0.077196524 0.006784636 0.996992767 59.737197876
0.996165991 -0.042646360 0.076384760 4.750898361 0.043359831 0.999029756 -0.007705938 -6.746276379 -0.075982042 0.010988424 0.997048616 60.946865082
0.996178210 -0.044062469 0.075415500 4.890114307 0.045082610 0.998912692 -0.011877691 -6.875740051 -0.074810140 0.015232225 0.997081399 62.128322601
0.996213794 -0.046505280 0.073453195 5.043199539 0.047633886 0.998771012 -0.013687627 -7.017997265 -0.072726384 0.017134663 0.997204721 63.343826294
0.996350467 -0.046469118 0.071598575 5.177469254 0.047568116 0.998773694 -0.013720621 -7.151046276 -0.070873186 0.017076354 0.997339129 64.521209717
0.996592641 -0.045666412 0.068685450 5.314384937 0.046678737 0.998822570 -0.013205744 -7.293084145 -0.068001524 0.016366895 0.997550964 65.739654541
0.996829450 -0.044995993 0.065623298 5.437031746 0.045830503 0.998885691 -0.011266415 -7.423517227 -0.065043233 0.014238242 0.997780919 66.913108826
0.997247398 -0.041273646 0.061596740 5.562479973 0.041810207 0.999097764 -0.007446907 -7.559210300 -0.061233811 0.010001780 0.998073280 68.112068176
0.997534335 -0.039303340 0.058143344 5.680697918 0.039678778 0.999198318 -0.005316252 -7.683885098 -0.057887785 0.007610200 0.998294115 69.292938232
0.997745454 -0.038355906 0.055071481 5.788213253 0.038863309 0.999211133 -0.008171939 -7.822523117 -0.054714587 0.010293773 0.998449028 70.462463379
0.997914016 -0.038318213 0.051957656 5.898543835 0.039163996 0.999114752 -0.015358665 -7.954167366 -0.051323149 0.017361494 0.998531163 71.648178101
0.997911513 -0.042228132 0.048881732 6.004425049 0.043165963 0.998900414 -0.018291228 -8.089816093 -0.048055582 0.020363050 0.998637080 72.816612244
0.997970641 -0.046128638 0.043893352 6.121523857 0.046753883 0.998817503 -0.013325555 -8.227567673 -0.043226767 0.015350698 0.998947263 73.985717773
0.997968316 -0.050112132 0.039344866 6.230145454 0.050485112 0.998688221 -0.008543558 -8.352337837 -0.038865119 0.010512531 0.999189138 75.141403198
0.998019576 -0.052112490 0.035231158 6.323297501 0.052348252 0.998612046 -0.005802059 -8.480474472 -0.034879889 0.007634858 0.999362350 76.337173462
0.998198092 -0.051350445 0.031044003 6.413396835 0.051480778 0.998668134 -0.003412912 -8.605458260 -0.030827397 0.005004932 0.999512136 77.496742249
0.998324931 -0.051236689 0.026873015 6.511159897 0.051347494 0.998674929 -0.003448971 -8.721043587 -0.026660692 0.004823056 0.999632895 78.652656555
0.998471618 -0.049731109 0.024108239 6.578299522 0.049868003 0.998742700 -0.005110235 -8.856406212 -0.023823790 0.006304653 0.999696314 79.823860168
0.998657405 -0.047404692 0.020881947 6.653189182 0.047619402 0.998816431 -0.009907413 -8.986524582 -0.020387575 0.010888498 0.999732852 80.968612671
0.998571157 -0.050724156 0.016813615 6.739565849 0.050972357 0.998592198 -0.014677318 -9.125546455 -0.016045449 0.015513374 0.999750912 82.126342773
0.998430133 -0.054091305 0.014538541 6.794101715 0.054319266 0.998399079 -0.015770832 -9.255164146 -0.013662201 0.016535800 0.999769926 83.260696411
0.998460710 -0.054426458 0.010672426 6.863378048 0.054555390 0.998436391 -0.012185650 -9.385006905 -0.009992516 0.012749130 0.999868870 84.398422241
0.998463213 -0.054904573 0.007528516 6.932383537 0.054975849 0.998441458 -0.009613646 -9.516095161 -0.006988947 0.010012755 0.999925435 85.525573730
0.998605251 -0.052340582 0.006932266 6.974984169 0.052417506 0.998560071 -0.011422968 -9.641679764 -0.006324397 0.011770409 0.999910653 86.681762695
0.998790562 -0.048722554 0.006591792 7.026791573 0.048815411 0.998698890 -0.014746118 -9.768193245 -0.005864747 0.015050065 0.999869525 87.801330566
0.998860419 -0.047426965 0.005344089 7.088004589 0.047513828 0.998717189 -0.017506113 -9.895767212 -0.004506971 0.017740080 0.999832451 88.901039124
0.998803854 -0.048676319 0.004634192 7.134706497 0.048753213 0.998644054 -0.018250134 -10.030467987 -0.003739558 0.018454235 0.999822736 90.054077148
0.998758674 -0.049706675 0.003211281 7.186444283 0.049750332 0.998643577 -0.015360136 -10.162619591 -0.002443424 0.015500832 0.999876857 91.169670105
0.998713434 -0.050618235 0.003053490 7.231115818 0.050653409 0.998633981 -0.012819925 -10.292434692 -0.002400397 0.012958104 0.999913156 92.283355713
0.998734772 -0.050248273 0.001957871 7.299937248 0.050268557 0.998660564 -0.012254042 -10.414218903 -0.001339504 0.012336961 0.999922991 93.426101685
0.998704553 -0.050847478 0.001961952 7.346708775 0.050870650 0.998599887 -0.014507723 -10.540434837 -0.001221524 0.014588734 0.999892771 94.533592224
0.998697162 -0.051003955 0.001612349 7.403014660 0.051024772 0.998534679 -0.018024452 -10.673183441 -0.000690668 0.018083237 0.999836206 95.634506226
0.998670638 -0.051530369 0.001274534 7.455763340 0.051545396 0.998483241 -0.019342747 -10.807512283 -0.000275861 0.019382728 0.999812126 96.739730835
0.998634636 -0.052229978 0.000991530 7.512943268 0.052239344 0.998479962 -0.017574960 -10.940776825 -0.000072083 0.017602760 0.999845147 97.824287415
0.998692989 -0.051071271 0.001972068 7.556206226 0.051091962 0.998616099 -0.012471020 -11.061988831 -0.001332428 0.012555478 0.999920309 98.903457642
0.998772740 -0.049413174 0.003361374 7.605927944 0.049441572 0.998736799 -0.008965176 -11.182695389 -0.002914130 0.009120367 0.999954164 99.972412109
0.998871982 -0.047178693 0.005380671 7.652702332 0.047225866 0.998843610 -0.009005125 -11.301584244 -0.004949598 0.009249073 0.999944925 101.036575317
0.998948514 -0.045188993 0.007735228 7.699723244 0.045270674 0.998917103 -0.010731855 -11.423727036 -0.007241890 0.011070751 0.999912500 102.073463440
0.998911560 -0.045464315 0.010419428 7.753003597 0.045599271 0.998873889 -0.013102173 -11.544898033 -0.009812012 0.013563031 0.999859869 103.096847534
0.998815000 -0.047227733 0.011749944 7.808741570 0.047395304 0.998772085 -0.014416827 -11.652245522 -0.011054642 0.014956634 0.999827027 104.109146118
0.998705685 -0.048959829 0.013780268 7.868539333 0.049146540 0.998699605 -0.013552863 -11.767510414 -0.013098802 0.014212573 0.999813199 105.092727661
0.998668194 -0.049230151 0.015437539 7.927940845 0.049416330 0.998707056 -0.011920052 -11.887007713 -0.014830759 0.012667042 0.999809802 106.065101624
0.998598337 -0.050422315 0.016093092 8.000913620 0.050596286 0.998663008 -0.010592515 -11.991840363 -0.015537476 0.011391918 0.999814391 107.007461548
0.998529017 -0.050990690 0.018429067 8.053454399 0.051199723 0.998627305 -0.011054490 -12.099542618 -0.017840093 0.011981791 0.999769092 107.925071716
0.998516202 -0.050810624 0.019585108 8.119148254 0.051000319 0.998655140 -0.009311309 -12.197811127 -0.019085655 0.010296341 0.999764860 108.827072144
0.998527110 -0.049909241 0.021275938 8.179074287 0.050072040 0.998719692 -0.007188624 -12.295431137 -0.020889917 0.008243366 0.999747753 109.698455811
0.998493612 -0.050086640 0.022400534 8.243608475 0.050190162 0.998731315 -0.004082836 -12.396484375 -0.022167617 0.005200972 0.999740660 110.550056458
0.998444915 -0.050243419 0.024151471 8.303297997 0.050355446 0.998723149 -0.004052445 -12.489140511 -0.023917025 0.005262301 0.999700069 111.374511719
0.998480737 -0.049092595 0.025019422 8.356269836 0.049188599 0.998784184 -0.003235762 -12.577609062 -0.024830151 0.004461515 0.999681711 112.181335449
0.998584509 -0.046752177 0.025360323 8.408930779 0.046843156 0.998897791 -0.003005454 -12.657952309 -0.025191858 0.004189158 0.999673843 112.959991455
0.998706043 -0.044353046 0.024881124 8.451560974 0.044362210 0.999015510 0.000183886 -12.737548828 -0.024864784 0.000920133 0.999690413 113.714630127
0.998789847 -0.044070870 0.021831013 8.500702858 0.044056453 0.999028385 0.001141039 -12.819230080 -0.021860093 -0.000177861 0.999761045 114.458969116
0.998907685 -0.044049591 0.015594088 8.536600113 0.044038150 0.999029279 0.001076435 -12.892185211 -0.015626371 -0.000388524 0.999877870 115.155235291
0.999080300 -0.042601235 0.004862322 8.567430496 0.042601746 0.999092162 -0.000003196 -12.968440056 -0.004857769 0.000210337 0.999988198 115.825195312
0.999162793 -0.039972212 -0.008721709 8.566455841 0.039948408 0.999197662 -0.002885436 -13.034723282 0.008830046 0.002534602 0.999957860 116.455703735
0.998869777 -0.038435351 -0.027962448 8.566640854 0.038303185 0.999252319 -0.005247048 -13.103638649 0.028143216 0.004170066 0.999595225 117.072807312
0.998060524 -0.036767848 -0.050232835 8.531166077 0.036436658 0.999307752 -0.007493258 -13.174034119 0.050473578 0.005648409 0.998709500 117.659011841
0.996326804 -0.035202321 -0.078062646 8.493031502 0.034585498 0.999358952 -0.009240094 -13.241413116 0.078337878 0.006506318 0.996905684 118.229507446
0.993316114 -0.033243895 -0.110534348 8.423570633 0.032194559 0.999418080 -0.011265147 -13.309357643 0.110844538 0.007631249 0.993808448 118.774093628
0.988971114 -0.028179875 -0.145402834 8.310552597 0.026615489 0.999565125 -0.012693495 -13.375017166 0.145697311 0.008683532 0.989291131 119.314498901
0.982645035 -0.022686763 -0.184103400 8.203844070 0.020785831 0.999708891 -0.012248894 -13.429844856 0.184327647 0.008209571 0.982830703 119.823776245
0.974075615 -0.017223338 -0.225565836 8.061704636 0.015293907 0.999830008 -0.010298496 -13.486878395 0.225704879 0.006581732 0.974173486 120.326278687
0.962700069 -0.012648659 -0.270274997 7.888446808 0.010719071 0.999905407 -0.008614250 -13.546535492 0.270358384 0.005395844 0.962744653 120.822250366
0.948404551 -0.006465149 -0.316996753 7.700431824 0.003790190 0.999951839 -0.009054372 -13.602993965 0.317040026 0.007385732 0.948383391 121.286125183
0.930982471 0.001398774 -0.365061224 7.466514587 -0.005433124 0.999934971 -0.010024234 -13.657886505 0.365023464 0.011315809 0.930929542 121.752540588
0.909632266 0.006040144 -0.415370464 7.222656250 -0.011573706 0.999874651 -0.010805848 -13.712123871 0.415253162 0.014636723 0.909588158 122.186904907
0.884452045 0.010221800 -0.466518968 6.956165314 -0.016480796 0.999820530 -0.009338333 -13.765756607 0.466339797 0.015947916 0.884461880 122.594894409
0.855573535 0.013361575 -0.517508626 6.662296295 -0.021232767 0.999731362 -0.009291070 -13.810793877 0.517245531 0.018937334 0.855627477 122.997970581
0.824365377 0.023138827 -0.565584779 6.324188232 -0.031782985 0.999479949 -0.005435089 -13.863683701 0.565164864 0.022456478 0.824672222 123.363311768
0.790533423 0.036609571 -0.611323655 5.980777740 -0.045306429 0.998972356 0.001236172 -13.906949997 0.610740602 0.026719650 0.791379690 123.710021973
0.754470229 0.045399737 -0.654762268 5.622287750 -0.056680877 0.998384655 0.003913428 -13.946247101 0.653882265 0.034159936 0.755824745 124.029312134
0.714390099 0.049051162 -0.698026299 5.259559631 -0.063537285 0.997966349 0.005101550 -13.994154930 0.696856976 0.040706202 0.716053843 124.332199097
0.672254980 0.050620541 -0.738587022 4.877445221 -0.065866865 0.997792780 0.008434330 -14.043747902 0.737383783 0.042978387 0.674105346 124.610778809
0.628058434 0.054460529 -0.776258051 4.480056763 -0.069673382 0.997476995 0.013609099 -14.075642586 0.775040686 0.045537211 0.630268455 124.876022339
0.582654595 0.063009843 -0.810273767 4.061264038 -0.080774702 0.996543348 0.019411106 -14.107543945 0.808695972 0.054139636 0.585730195 125.108245850
0.536676288 0.072076529 -0.840704203 3.621837616 -0.092538483 0.995362759 0.026262615 -14.133008957 0.838698506 0.063702978 0.540857315 125.321243286
0.491706729 0.077735670 -0.867284060 3.153736115 -0.098718435 0.994562209 0.033175349 -14.161686897 0.865146875 0.069304377 0.496706903 125.499740601
0.444106668 0.079040073 -0.892480850 2.694492340 -0.097962208 0.994413018 0.039320525 -14.187032700 0.890602410 0.069966890 0.449368417 125.682464600
0.397154927 0.080513716 -0.914213121 2.216499329 -0.095034406 0.994397163 0.046290331 -14.207629204 0.912817776 0.068497255 0.402581334 125.855064392
0.351445109 0.083511658 -0.932476342 1.718421936 -0.096598603 0.993932068 0.052608117 -14.231251717 0.931211531 0.071587041 0.357379675 126.002082825
0.307522267 0.086734280 -0.947579682 1.210651398 -0.101794913 0.993120968 0.057866827 -14.252487183 0.946080267 0.078663446 0.314235896 126.121589661
0.265755504 0.088282973 -0.959989607 0.697229385 -0.106433600 0.992397547 0.061799083 -14.269222260 0.958147168 0.085751705 0.273131341 126.227439880
0.226756811 0.084778190 -0.970254600 0.169601440 -0.106986947 0.992343903 0.061704528 -14.282605171 0.968057394 0.089812659 0.234090835 126.321945190
0.191839203 0.079704151 -0.978184581 -0.368150711 -0.101450011 0.992967963 0.061012603 -14.302298546 0.976168871 0.087532230 0.198576123 126.412834167
0.161272153 0.075077035 -0.984050155 -0.914726257 -0.099130064 0.993291855 0.059536073 -14.329301834 0.981918752 0.087947451 0.167632729 126.496414185
0.134581119 0.073530428 -0.988170624 -1.477285385 -0.100154385 0.993145466 0.060260363 -14.349843979 0.985828161 0.090859711 0.141023025 126.567871094
0.112766549 0.072626352 -0.990963757 -2.063420296 -0.100983679 0.992998838 0.061284073 -14.362416267 0.988476634 0.093160376 0.119311146 126.627243042
0.094597064 0.073890470 -0.992769659 -2.670916557 -0.103178553 0.992598772 0.064046264 -14.374209404 0.990154326 0.096373960 0.101520836 126.674926758
0.078659378 0.072235093 -0.994281054 -3.276300430 -0.104214132 0.992502511 0.063861296 -14.399460793 0.991439521 0.098594844 0.085597560 126.723510742
0.064467676 0.071558811 -0.995350778 -3.921664238 -0.102517657 0.992623329 0.064722754 -14.428008080 0.992639959 0.097868502 0.071328171 126.780372620
0.052011978 0.069006696 -0.996259451 -4.552231789 -0.098571606 0.993092835 0.063641205 -14.449714661 0.993769825 0.094892778 0.058454819 126.829406738
0.040144138 0.066430680 -0.996983171 -5.203146458 -0.096041575 0.993424058 0.062326357 -14.466070175 0.994567454 0.093249775 0.046260256 126.868728638
0.029818643 0.066034362 -0.997371674 -5.864706039 -0.096095510 0.993382871 0.062897280 -14.485259056 0.994925380 0.093967408 0.035966940 126.895072937
0.020024093 0.067933954 -0.997488797 -6.547285080 -0.100101396 0.992811918 0.065605946 -14.513206482 0.994775712 0.098536320 0.026680438 126.918983459
0.011603139 0.066842347 -0.997696042 -7.229550362 -0.102450177 0.992592037 0.065308899 -14.529605865 0.994670451 0.101456359 0.018365193 126.937934875
0.005118718 0.066210553 -0.997792602 -7.915508270 -0.104966447 0.992328942 0.065309517 -14.550329208 0.994462609 0.104400434 0.012029339 126.953018188
-0.000410518 0.067592375 -0.997712910 -8.621368408 -0.105282523 0.992165089 0.067259870 -14.569787025 0.994442284 0.105069354 0.006708994 126.975021362
-0.003965117 0.070043333 -0.997536123 -9.331341743 -0.107562028 0.991726577 0.070062965 -14.587872505 0.994190454 0.107574821 0.003601691 126.996574402
-0.004810744 0.073634401 -0.997273684 -10.047015190 -0.109458990 0.991253972 0.073717959 -14.609240532 0.993979633 0.109515205 0.003291281 127.007408142
-0.005857527 0.077342749 -0.996987462 -10.784702301 -0.111835875 0.990699172 0.077511989 -14.628153801 0.993709445 0.111952983 0.002846647 127.021347046
-0.006489597 0.082830317 -0.996542513 -11.526789665 -0.116745792 0.989685774 0.083020672 -14.633356094 0.993140638 0.116880916 0.003247430 127.029983521
-0.007950086 0.086361431 -0.996232212 -12.264469147 -0.119544953 0.989036679 0.086691655 -14.642626762 0.992796898 0.119783744 0.002461148 127.044395447
-0.009354714 0.087089248 -0.996156573 -13.018371582 -0.119472913 0.988966882 0.087582625 -14.663120270 0.992793381 0.119833037 0.001153304 127.063179016
-0.011206480 0.084042095 -0.996399164 -13.760345459 -0.116977133 0.989509642 0.084776618 -14.680364609 0.993071377 0.117505960 -0.001257918 127.088607788
-0.012645761 0.080281094 -0.996692002 -14.521002769 -0.120582454 0.989374936 0.081221648 -14.681228638 0.992622852 0.121210672 -0.002830906 127.100631714
-0.013689103 0.082212247 -0.996520758 -15.290637016 -0.125940606 0.988535643 0.083283514 -14.692541122 0.991943479 0.126642495 -0.003178306 127.101226807
-0.015662342 0.085700616 -0.996197701 -16.058195114 -0.122841619 0.988607466 0.086978950 -14.705153465 0.992302656 0.123736851 -0.004956305 127.120552063
-0.017155897 0.085778609 -0.996166527 -16.835203171 -0.122094542 0.988677204 0.087236412 -14.720236778 0.992370188 0.123123117 -0.006488546 127.129989624
-0.018509394 0.084956773 -0.996212661 -17.629383087 -0.124552518 0.988425910 0.086606860 -14.729532242 0.992040336 0.125683829 -0.007713586 127.133972168
-0.018872408 0.084807374 -0.996218622 -18.417890549 -0.129363656 0.987813354 0.086542524 -14.733745575 0.991417587 0.130507767 -0.007671426 127.131347656
-0.019826425 0.089221485 -0.995814502 -19.222324371 -0.131249815 0.987158358 0.091059096 -14.739064217 0.991151035 0.132505834 -0.007861516 127.135475159
-0.020421669 0.093193211 -0.995438635 -20.036258698 -0.129888818 0.986960828 0.095064223 -14.741866112 0.991318226 0.131237715 -0.008050632 127.150947571
-0.020421594 0.095607817 -0.995209515 -20.871074677 -0.131616950 0.986496985 0.097471572 -14.754034996 0.991090298 0.132976994 -0.007562232 127.176231384
-0.018637508 0.094306111 -0.995368719 -21.689239502 -0.131102577 0.986715436 0.095941044 -14.757090569 0.991193593 0.132283464 -0.006026146 127.188636780
-0.017353587 0.094550058 -0.995368779 -22.519098282 -0.131062597 0.986713827 0.096012898 -14.761063576 0.991222262 0.132121772 -0.004731050 127.199554443
-0.017296476 0.093539909 -0.995465279 -23.354606628 -0.129669219 0.986996174 0.094997138 -14.766694069 0.991406381 0.130724296 -0.004942309 127.222305298
-0.016612925 0.095500901 -0.995290756 -24.192388535 -0.130620614 0.986689985 0.096855901 -14.771636009 0.991293252 0.131614536 -0.003917422 127.243331909
-0.016153296 0.097684190 -0.995086372 -25.031234741 -0.132160246 0.986275673 0.098964632 -14.771375656 0.991096735 0.133109465 -0.003021638 127.262435913
-0.015915401 0.100163013 -0.994843662 -25.903287888 -0.135131821 0.985625744 0.101396754 -14.769966125 0.990699828 0.136048794 -0.002151419 127.273582458
-0.014346525 0.101410620 -0.994741082 -26.766767502 -0.137320936 0.985217333 0.102420166 -14.765687943 0.990422726 0.138068199 -0.000208644 127.286308289
-0.012696052 0.104434833 -0.994450688 -27.636966705 -0.144155696 0.983950198 0.105172522 -14.762593269 0.989473581 0.144691020 0.002562594 127.301773071
-0.010185994 0.108330339 -0.994062722 -28.519693375 -0.149095148 0.982837379 0.108634748 -14.756021500 0.988770366 0.149316505 0.006140352 127.317047119
-0.008211907 0.110213026 -0.993874013 -29.394325256 -0.151598558 0.982282102 0.110180162 -14.748914719 0.988407969 0.151574671 0.008641728 127.349067688
-0.004652118 0.111164764 -0.993791103 -30.287805557 -0.150901526 0.982343316 0.110590637 -14.750072479 0.988537848 0.150479048 0.012204955 127.375358582
-0.002162732 0.111403771 -0.993772864 -31.179214478 -0.153776690 0.981917679 0.110409461 -14.744242668 0.988103211 0.153057858 0.015007676 127.406166077
0.000175137 0.115125328 -0.993350923 -32.078910828 -0.154271290 0.981462300 0.113720268 -14.733165741 0.988028526 0.153225601 0.017932421 127.439125061
0.002535317 0.116891995 -0.993141413 -32.991172791 -0.152963340 0.981502295 0.115131624 -14.722897530 0.988228619 0.151622355 0.020368611 127.480751038
0.004215466 0.118420966 -0.992954552 -33.884555817 -0.153715044 0.981238723 0.116371155 -14.718223572 0.988106251 0.152141511 0.022339463 127.521629333
0.006989055 0.116684042 -0.993144572 -34.794792175 -0.155202284 0.981260180 0.114195563 -14.708635330 0.987857997 0.153340176 0.024967711 127.548713684
0.007170382 0.117512010 -0.993045568 -35.702465057 -0.159189746 0.980540931 0.114882819 -14.695025444 0.987221956 0.157258928 0.025737563 127.592712402
0.008458523 0.118075088 -0.992968559 -36.598190308 -0.159796506 0.980402708 0.115219653 -14.686954498 0.987113714 0.157698318 0.027160745 127.628753662
0.008858995 0.114727534 -0.993357480 -37.494586945 -0.160479203 0.980683386 0.111832552 -14.683333397 0.986999393 0.158422515 0.027099252 127.662384033
0.009387800 0.110549673 -0.993826270 -38.409435272 -0.161447257 0.980998158 0.107597686 -14.680580139 0.986836672 0.159440428 0.027057353 127.711303711
0.009809175 0.109746933 -0.993911207 -39.306816101 -0.161153644 0.981139541 0.106746241 -14.672537804 0.986880600 0.159125298 0.027310289 127.753837585
0.009823035 0.113699093 -0.993466735 -40.212120056 -0.163579613 0.980313599 0.110576317 -14.663604736 0.986481309 0.161424682 0.028228505 127.791648865
0.009943934 0.120230049 -0.992696226 -41.148147583 -0.164175570 0.979469776 0.116983600 -14.652196884 0.986380935 0.161813200 0.029478626 127.831909180
0.009955790 0.118913300 -0.992854655 -42.042449951 -0.161976814 0.979982674 0.115747415 -14.649727821 0.986744344 0.159667104 0.029017704 127.878784180
0.010948336 0.108752467 -0.994008541 -42.933822632 -0.161129579 0.981269240 0.105583951 -14.655132294 0.986872494 0.159008235 0.028266504 127.921195984
0.011319100 0.098006368 -0.995121419 -43.866207123 -0.162803695 0.982086778 0.094870806 -14.652311325 0.986593485 0.160935596 0.027072141 127.960227966
0.010108419 0.094969437 -0.995428860 -44.766357422 -0.159512356 0.982885242 0.092152908 -14.658121109 0.987144172 0.157851636 0.025084222 128.008804321
0.009930341 0.104820520 -0.994441569 -45.688499451 -0.152333125 0.983041465 0.102097712 -14.657154083 0.988279343 0.150472537 0.025729574 128.057495117
0.010128498 0.118230082 -0.992934585 -46.633365631 -0.147408664 0.982313216 0.115461729 -14.653558731 0.989023805 0.145197734 0.027377499 128.114501953
0.010288702 0.127072528 -0.991840005 -47.555889130 -0.147802651 0.981190562 0.124174938 -14.641126633 0.988963366 0.145319000 0.028876834 128.159851074
0.010181140 0.121575885 -0.992529988 -48.472286224 -0.147803664 0.981861413 0.118752949 -14.636093140 0.988964319 0.145490512 0.027965833 128.199737549
0.010473427 0.108076550 -0.994087398 -49.386360168 -0.147776142 0.983393133 0.105356932 -14.633835793 0.988965511 0.145798922 0.026270628 128.239288330
0.011034479 0.099314801 -0.994994879 -50.300872803 -0.148308665 0.984212518 0.096593820 -14.631689072 0.988879561 0.146500498 0.025589520 128.283126831
0.011551272 0.099302597 -0.994990170 -51.233776093 -0.147460878 0.984346271 0.096528359 -14.635783195 0.989000499 0.145607114 0.026013698 128.326705933
0.010810412 0.100997075 -0.994827986 -52.174343109 -0.150567919 0.983707190 0.098231904 -14.651926994 0.988540590 0.148727223 0.025841195 128.370269775
0.011724147 0.100335293 -0.994884551 -53.103672028 -0.155127317 0.983089328 0.097317651 -14.649374008 0.987824917 0.153192788 0.027090626 128.401031494
0.011826888 0.099824905 -0.994934678 -54.042224884 -0.156795576 0.982880533 0.096751638 -14.649762154 0.987560272 0.154857114 0.027276522 128.444137573
0.012142180 0.107495084 -0.994131446 -55.000030518 -0.165351048 0.980733156 0.104026750 -14.649822235 0.986160040 0.163117588 0.029682662 128.484069824
0.014453807 0.116795942 -0.993050754 -55.955158234 -0.171646148 0.978701472 0.112609975 -14.639128685 0.985052645 0.168825686 0.034193534 128.519348145
0.015371805 0.125013977 -0.992035925 -56.902008057 -0.171879455 0.977714777 0.120545954 -14.628265381 0.984998047 0.168657571 0.036516570 128.568237305
0.016332140 0.125780374 -0.991923690 -57.842967987 -0.173369408 0.977385283 0.121082313 -14.618845940 0.984721482 0.169991672 0.037769269 128.614791870
0.017982764 0.116132736 -0.993070900 -58.796112061 -0.174861431 0.978289247 0.111237660 -14.610653877 0.984428763 0.171649441 0.037899479 128.657653809
0.018903354 0.110969834 -0.993643939 -59.732315063 -0.173263952 0.979148567 0.106054768 -14.601760864 0.984693885 0.170157939 0.037736267 128.716583252
0.020974630 0.109519243 -0.993763328 -60.702957153 -0.171751887 0.979599833 0.104333282 -14.599555016 0.984916866 0.168492392 0.039356880 128.772155762
0.023992650 0.115143828 -0.993059039 -61.660243988 -0.173297957 0.978785396 0.109301873 -14.590953827 0.984577119 0.169472665 0.043437850 128.832763672
0.027568309 0.117865220 -0.992646813 -62.624668121 -0.175877184 0.978105128 0.111254014 -14.598674774 0.984026015 0.171516865 0.047694508 128.888504028
0.031411037 0.112842858 -0.993116200 -63.578712463 -0.174892709 0.978897870 0.105695650 -14.596139908 0.984086335 0.170368776 0.050483584 128.950805664
0.034578517 0.107035600 -0.993653774 -64.533592224 -0.174813986 0.979567647 0.099434860 -14.598728180 0.983994067 0.170266271 0.052583318 129.018264771
0.037996367 0.107181266 -0.993513167 -65.498634338 -0.172208577 0.980058491 0.099143758 -14.599327087 0.984327435 0.167324394 0.055696208 129.093475342
0.040414274 0.111402348 -0.992953300 -66.448982239 -0.169238314 0.980169773 0.103079945 -14.609384537 0.984746218 0.163879812 0.058466401 129.173706055
0.043996416 0.117898889 -0.992050409 -67.408706665 -0.168767467 0.979617417 0.108936638 -14.604810715 0.984673500 0.162632987 0.062997147 129.250228882
0.046462175 0.121803217 -0.991466224 -68.375175476 -0.166454062 0.979605317 0.112545691 -14.605539322 0.984954000 0.159804434 0.065789238 129.336502075
0.048406549 0.123877928 -0.991116107 -69.354225159 -0.166448519 0.979404747 0.114284754 -14.605579376 0.984861255 0.159437627 0.068028904 129.415725708
0.050913047 0.120842457 -0.991365194 -70.302688599 -0.165164635 0.980002642 0.110975161 -14.597764015 0.984951138 0.158088416 0.069853798 129.495269775
0.051499113 0.119409569 -0.991508543 -71.248733521 -0.163092852 0.980502844 0.109613046 -14.597883224 0.985265732 0.156062976 0.069969878 129.584396362
0.052008107 0.115971051 -0.991890073 -72.196174622 -0.159997940 0.981371522 0.106352009 -14.602778435 0.985746384 0.153169185 0.069594391 129.674011230
0.052027877 0.115164831 -0.991982877 -73.186897278 -0.158324018 0.981716633 0.105669126 -14.586538315 0.986015499 0.151556954 0.069309995 129.754898071
0.051828828 0.119738892 -0.991451621 -74.141830444 -0.155155256 0.981696308 0.110449873 -14.583120346 0.986529529 0.148104444 0.069458291 129.840438843
0.051068626 0.121338584 -0.991296589 -75.105438232 -0.149154305 0.982386053 0.112563923 -14.584989548 0.987494290 0.142107666 0.068267286 129.941970825
0.050888479 0.116967194 -0.991831124 -76.066665649 -0.146401510 0.983263075 0.108445242 -14.567730904 0.987915456 0.139686972 0.067160934 130.015838623
0.049058232 0.113233790 -0.992356420 -77.025184631 -0.148306265 0.983364761 0.104876108 -14.567779541 0.987723947 0.142027646 0.065035410 130.092193604
0.047814116 0.110570319 -0.992717505 -77.973709106 -0.144768983 0.984127522 0.102640763 -14.568922997 0.988309562 0.138806999 0.063062325 130.176010132
0.046343058 0.111304455 -0.992705226 -78.937683105 -0.144836023 0.984020352 0.103569202 -14.567730904 0.988369823 0.138979748 0.061723396 130.248275757
0.045807965 0.112216599 -0.992627382 -79.897026062 -0.146067336 0.983742893 0.104471460 -14.562407494 0.988213539 0.140204817 0.061454445 130.319351196
0.044415787 0.112381443 -0.992672026 -80.852119446 -0.147602603 0.983485401 0.104737148 -14.561043739 0.988048971 0.141868994 0.060270071 130.392761230
0.043138463 0.113488957 -0.992602289 -81.800689697 -0.147304669 0.983391166 0.106033944 -14.561567307 0.988150060 0.141640842 0.059139427 130.459930420
0.040921964 0.113962285 -0.992641985 -82.766761780 -0.147478968 0.983281255 0.106807739 -14.561837196 0.988218307 0.142023042 0.057044838 130.533508301
0.039337724 0.115710013 -0.992503762 -83.722213745 -0.147078961 0.983124197 0.108787037 -14.546321869 0.988342226 0.141696960 0.055692371 130.607330322
0.037796263 0.119319715 -0.992136180 -84.675834656 -0.148414627 0.982504606 0.112507388 -14.535571098 0.988202572 0.142995194 0.054843795 130.667297363
0.035594836 0.124401957 -0.991593182 -85.626068115 -0.149657711 0.981696904 0.117788166 -14.524520874 0.988096952 0.144206941 0.053561039 130.733108521
0.033619955 0.124159142 -0.991692603 -86.574790955 -0.149410933 0.981727362 0.117846243 -14.516655922 0.988203466 0.144207701 0.051556360 130.794921875
0.032582656 0.119000815 -0.992359400 -87.519523621 -0.149560511 0.982287765 0.112882458 -14.509478569 0.988215506 0.144739747 0.049803369 130.856216431
0.029943949 0.114276528 -0.992997587 -88.466651917 -0.153774485 0.982143044 0.108390272 -14.497013092 0.987652063 0.149452105 0.046982057 130.918487549
0.028786914 0.112132952 -0.993276119 -89.409690857 -0.151638046 0.982677341 0.106541701 -14.491858482 0.988016784 0.147551417 0.045291871 130.983337402
0.028219910 0.113348603 -0.993154407 -90.372871399 -0.147081897 0.983206689 0.108034037 -14.490538597 0.988721669 0.143026307 0.044417534 131.038360596
0.028124532 0.114771195 -0.992993712 -91.322715759 -0.144169539 0.983466327 0.109586693 -14.486023903 0.989153147 0.140077382 0.044206038 131.096176147
0.026483847 0.114462972 -0.993074536 -92.272735596 -0.138740361 0.984229326 0.109743483 -14.484700203 0.989974618 0.134873092 0.041946810 131.167373657
0.025252514 0.111598700 -0.993432462 -93.215034485 -0.134857729 0.985045910 0.107228585 -14.485307693 0.990543187 0.131264269 0.039924834 131.231201172
0.024793254 0.108558819 -0.993780792 -94.159591675 -0.129693881 0.986034572 0.104476959 -14.486696243 0.991244137 0.126296952 0.038526412 131.290771484
0.023177028 0.111117572 -0.993536949 -95.139472961 -0.127646774 0.985998809 0.107296787 -14.485595703 0.991548836 0.124334984 0.037036322 131.342468262
0.021829195 0.113453254 -0.993303418 -96.088157654 -0.127046302 0.985800385 0.109804235 -14.481271744 0.991656601 0.123798609 0.035933044 131.399963379
0.020378428 0.111332998 -0.993574142 -97.046707153 -0.122772977 0.986537874 0.108026445 -14.475748062 0.992225528 0.119782656 0.033772770 131.451950073
0.018354181 0.108302422 -0.993948519 -97.995101929 -0.119954124 0.987174034 0.105349191 -14.472629547 0.992609739 0.117294639 0.031110093 131.501968384
0.014324788 0.105369493 -0.994329989 -98.962860107 -0.118362918 0.987618804 0.102953129 -14.463679314 0.992867053 0.116217017 0.026619267 131.561767578
0.011739992 0.104601957 -0.994444847 -99.918197632 -0.112843886 0.988299012 0.102623291 -14.471529961 0.993543327 0.111012228 0.023406310 131.609664917
0.009555046 0.104882918 -0.994438767 -100.876159668 -0.106177270 0.988968492 0.103285760 -14.466403961 0.994301200 0.104599893 0.020585820 131.652389526
0.007100333 0.112484321 -0.993628144 -101.843704224 -0.096106164 0.989130199 0.111288361 -14.460787773 0.995345771 0.094703600 0.017833585 131.713317871
0.004482678 0.120596766 -0.992691457 -102.801933289 -0.088047892 0.988893509 0.119737782 -14.454216957 0.996106207 0.086867630 0.015051180 131.768478394
0.001756855 0.120050818 -0.992766321 -103.755683899 -0.083801813 0.989293337 0.119482547 -14.444707870 0.996480882 0.082985707 0.011798520 131.813125610
-0.001233970 0.110199288 -0.993908882 -104.703720093 -0.084905788 0.990308940 0.109905571 -14.445343971 0.996388197 0.084524229 0.008134544 131.848587036
-0.003386291 0.100742109 -0.994906843 -105.651672363 -0.086687133 0.991137743 0.100655504 -14.439879417 0.996229827 0.086586446 0.005376762 131.885604858
-0.003627878 0.102115408 -0.994765878 -106.613098145 -0.093982965 0.990334570 0.102003276 -14.438164711 0.995567143 0.093861103 0.006004296 131.902038574
-0.004591330 0.112093225 -0.993687034 -107.571304321 -0.097663254 0.988896847 0.112004124 -14.429688454 0.995208919 0.097560942 0.006407039 131.938842773
-0.006042851 0.123487949 -0.992327690 -108.534652710 -0.101684488 0.987126112 0.123459868 -14.414944649 0.994798303 0.101650372 0.006591753 131.966644287
-0.007882840 0.125216782 -0.992098093 -109.484268188 -0.108548716 0.986159086 0.125329673 -14.400944710 0.994059861 0.108678930 0.005818386 131.997665405
-0.007412346 0.121618636 -0.992549241 -110.468086243 -0.115530111 0.985825598 0.121657565 -14.375849724 0.993276298 0.115571082 0.006743333 132.015609741
-0.007678287 0.117714837 -0.993017733 -111.422294617 -0.123547234 0.985326827 0.117758431 -14.360795975 0.992308974 0.123588778 0.006977721 132.038894653
-0.004955865 0.119627498 -0.992806435 -112.389389038 -0.128356218 0.984529853 0.119270936 -14.338504791 0.991715670 0.128023982 0.010475735 132.057235718
-0.004180779 0.120857060 -0.992661119 -113.374305725 -0.136054352 0.983370543 0.120298915 -14.318715096 0.990692556 0.135558829 0.012331875 132.088317871
-0.003661763 0.123482779 -0.992339909 -114.338272095 -0.145275414 0.981753170 0.122701481 -14.298871040 0.989384472 0.144611895 0.014344066 132.108169556
-0.003454255 0.125367433 -0.992104352 -115.313682556 -0.150554270 0.980736613 0.124455139 -14.273137093 0.988595724 0.149795458 0.015486889 132.134246826
-0.003457375 0.125471115 -0.992091179 -116.290603638 -0.154869616 0.980060101 0.124489196 -14.265050888 0.987928808 0.154075220 0.016043223 132.177978516
-0.002088151 0.115955241 -0.993252277 -117.244819641 -0.153813586 0.981397271 0.114894614 -14.264451027 0.988097668 0.153015569 0.015786182 132.211013794
-0.000816766 0.104473457 -0.994527340 -118.195663452 -0.156902373 0.982196152 0.103306942 -14.253347397 0.987613797 0.156128064 0.015589907 132.248382568
