1.000000000 0.000000000 0.000000000 0.000000000 0.000000000 1.000000000 0.000000000 0.000000000 0.000000000 0.000000000 1.000000000 0.000000000
0.999997735 -0.001625835 -0.001373092 0.052287385 0.001622926 0.999996424 -0.002116914 -0.132075682 0.001376529 0.002114681 0.999996841 1.294245601
0.999997616 0.000072568 -0.002191326 0.104592808 -0.000086512 0.999979734 -0.006364074 -0.267228007 0.002190820 0.006364247 0.999977350 2.602616072
0.999995828 0.002518040 -0.001411470 0.149001956 -0.002529074 0.999965787 -0.007870154 -0.405964851 0.001391604 0.007873692 0.999968052 3.905011415
0.999982715 0.005874389 0.000197406 0.192946807 -0.005872961 0.999961078 -0.006584793 -0.544155240 -0.000236080 0.006583519 0.999978364 5.218393803
0.999975622 0.006560600 0.002383336 0.241251618 -0.006553004 0.999973476 -0.003181174 -0.690696657 -0.002404144 0.003165478 0.999992073 6.535822868
0.999960124 0.006847443 0.005727126 0.297725022 -0.006836469 0.999974787 -0.001933416 -0.827998400 -0.005740221 0.001894186 0.999981761 7.838506222
0.999943256 0.005399473 0.009194082 0.351560831 -0.005382300 0.999983728 -0.001891498 -0.959804893 -0.009204145 0.001841905 0.999955893 9.143563271
0.999912918 0.004103715 0.012539480 0.429317623 -0.004080945 0.999989986 -0.001840963 -1.096422672 -0.012546909 0.001789630 0.999919713 10.443213463
0.999869764 0.002943926 0.015867824 0.495688170 -0.002906239 0.999993026 -0.002397601 -1.236847997 -0.015874768 0.002351173 0.999871135 11.749885559
0.999815881 0.001775087 0.019104574 0.575158417 -0.001713207 0.999993265 -0.003254892 -1.372880220 -0.019110223 0.003221563 0.999812126 13.043107033
0.999744296 0.001844503 0.022537753 0.642760873 -0.001771952 0.999993145 -0.003238635 -1.520827413 -0.022543579 0.003197871 0.999740660 14.373975754
0.999662220 0.001774378 0.025928168 0.726930976 -0.001666465 0.999989867 -0.004183008 -1.659996033 -0.025935328 0.004138386 0.999655008 15.667515755
0.999576807 0.002447579 0.028987432 0.810936809 -0.002323799 0.999988019 -0.004303065 -1.797031045 -0.028997619 0.004233882 0.999570489 16.972970963
0.999477923 0.001999397 0.032248754 0.900906086 -0.001877258 0.999990940 -0.003817246 -1.936761141 -0.032256097 0.003754713 0.999472558 18.258951187
0.999405682 0.000438274 0.034469526 0.996217132 -0.000310683 0.999993026 -0.003706831 -2.077514887 -0.034470908 0.003693918 0.999398887 19.565443039
0.999346375 -0.002131083 0.036088210 1.094192505 0.002305636 0.999985874 -0.004795910 -2.219636917 -0.036077484 0.004875981 0.999337196 20.840005875
0.999310136 -0.001821552 0.037093904 1.195589304 0.002065277 0.999976516 -0.006533231 -2.360689640 -0.037081137 0.006605334 0.999290347 22.147846222
0.999265611 -0.001704244 0.038279995 1.278599977 0.002062490 0.999954402 -0.009321047 -2.502783537 -0.038262371 0.009393154 0.999223471 23.433897018
0.999223709 -0.001270648 0.039374843 1.383132458 0.001695535 0.999940693 -0.010759299 -2.645774364 -0.039358828 0.010817709 0.999166608 24.722299576
0.999179125 -0.000523113 0.040505964 1.481503129 0.000987497 0.999934018 -0.011445411 -2.792042494 -0.040497307 0.011476017 0.999113739 25.992479324
0.999163866 -0.002507211 0.040805709 1.584096670 0.002932737 0.999941826 -0.010371579 -2.938191414 -0.040777333 0.010482579 0.999113262 27.287857056
0.999156356 -0.005416709 0.040707905 1.685756207 0.005796644 0.999940634 -0.009220936 -3.085974216 -0.040655542 0.009449126 0.999128520 28.568592072
0.999182642 -0.007114209 0.039790310 1.786427021 0.007507082 0.999924481 -0.009732920 -3.230045319 -0.039718051 0.010023674 0.999160647 29.855981827
0.999188364 -0.008695595 0.039332632 1.883892059 0.009184977 0.999882460 -0.012278556 -3.374683857 -0.039221238 0.012629859 0.999150753 31.116653442
0.999227107 -0.009023719 0.038256995 1.999482512 0.009505764 0.999877393 -0.012437009 -3.522389174 -0.038140081 0.012791059 0.999190450 32.400341034
0.999253631 -0.009607774 0.037413143 2.097245216 0.010094481 0.999866545 -0.012841824 -3.665744066 -0.037284777 0.013209906 0.999217391 33.670204163
0.999261916 -0.010166599 0.037044499 2.194774866 0.010652596 0.999859452 -0.012945591 -3.810011864 -0.036907680 0.013330655 0.999229789 34.933101654
0.999272764 -0.010599060 0.036629479 2.289446354 0.011100493 0.999847054 -0.013513194 -3.953175783 -0.036480647 0.013909969 0.999237597 36.180210114
0.999312103 -0.011305916 0.035317924 2.398396492 0.011792567 0.999837875 -0.013601294 -4.111518860 -0.035158422 0.014008426 0.999283552 37.477169037
0.999309719 -0.010936141 0.035502020 2.487342358 0.011366280 0.999864101 -0.011936733 -4.256238937 -0.035366662 0.012332018 0.999298334 38.741210938
0.999279499 -0.011113395 0.036288008 2.594196320 0.011509712 0.999876201 -0.010730918 -4.398494244 -0.036164246 0.011140851 0.999283731 40.007518768
0.999201298 -0.012846439 0.037835114 2.708532333 0.013192547 0.999873340 -0.008912392 -4.543435097 -0.037715826 0.009404413 0.999244273 41.258800507
0.999089897 -0.014003764 0.040288821 2.800939083 0.014422634 0.999844849 -0.010124954 -4.690086365 -0.040140770 0.010696809 0.999136865 42.517009735
0.998969495 -0.015144788 0.042786200 2.894991636 0.015729595 0.999786973 -0.013364673 -4.837985039 -0.042574685 0.014023908 0.998994827 43.766429901
0.998866320 -0.016351277 0.044707257 3.001484871 0.017007900 0.999752402 -0.014346444 -4.983018875 -0.044461608 0.015090554 0.998897254 45.026062012
0.998751521 -0.016574876 0.047124289 3.131840706 0.017220832 0.999762774 -0.013334755 -5.114598274 -0.046892088 0.014129627 0.998800099 46.265319824
0.998543024 -0.017902045 0.050904728 3.233008862 0.018421566 0.999782681 -0.009754909 -5.273738861 -0.050719038 0.010678443 0.998655856 47.521881104
0.998264909 -0.020787299 0.055091210 3.340373993 0.021255556 0.999742568 -0.007927417 -5.410486221 -0.054912243 0.009084657 0.998449862 48.738819122
0.998039961 -0.023125710 0.058150358 3.481375456 0.023630947 0.999688625 -0.008015770 -5.552745342 -0.057946879 0.009374208 0.998275638 49.993766785
0.997755826 -0.026449794 0.061511405 3.622838259 0.027234249 0.999557674 -0.011949649 -5.685384750 -0.061168119 0.013598049 0.998034835 51.225410461
0.997480869 -0.027600041 0.065347806 3.755294800 0.028442338 0.999523461 -0.011994229 -5.822397709 -0.064985625 0.013822654 0.997790575 52.456825256
0.997125089 -0.030172938 0.069507010 3.884177208 0.030910725 0.999476373 -0.009563345 -5.962388515 -0.069182068 0.011684364 0.997535586 53.676044464
0.996874094 -0.032918282 0.071820140 4.050556183 0.033449918 0.999421000 -0.006211846 -6.093122959 -0.071574077 0.008594806 0.997398198 54.871082306
0.996599257 -0.035199914 0.074503496 4.182590961 0.035621990 0.999355912 -0.004343494 -6.230209827 -0.074302621 0.006982687 0.997211218 56.114356995
0.996413708 -0.038551889 0.075322263 4.342588902 0.038763337 0.999247551 -0.001346748 -6.349761009 -0.075213671 0.004261660 0.997158289 57.311706543
0.996235728 -0.040859710 0.076451398 4.476385593 0.040977921 0.999160171 0.000022467 -6.477376461 -0.076388098 0.003110438 0.997073293 58.542339325
0.996201575 -0.042771108 0.075849049 4.624052525 0.043133356 0.999064386 -0.003143400 -6.602078915 -0.075643636 0.006403083 0.997114360 59.730464935
0.996204197 -0.044058979 0.075072981 4.775134563 0.044736173 0.998971701 -0.007362155 -6.735855103 -0.074671395 0.010692689 0.997150958 60.939117432
0.996226728 -0.045418538 0.073954985 4.914193630 0.046388365 0.998857796 -0.011448383 -6.863990784 -0.073350556 0.014835837 0.997195840 62.120815277
0.996209145 -0.047885824 0.072623774 5.050909042 0.049009115 0.998703480 -0.013764039 -7.000566483 -0.071870506 0.017271092 0.997264445 63.335399628
0.996378005 -0.047901008 0.070258491 5.192115307 0.048978180 0.998705983 -0.013688964 -7.133371353 -0.069511846 0.017080517 0.997434914 64.510200500
0.996581733 -0.047007456 0.067934811 5.317791939 0.048004232 0.998761058 -0.013114435 -7.278441429 -0.067234166 0.016330767 0.997603536 65.727378845
0.996837914 -0.046163619 0.064677186 5.442673206 0.046988212 0.998831749 -0.011285927 -7.408977509 -0.064080633 0.014289305 0.997842371 66.903251648
0.997229934 -0.042338144 0.061155219 5.561815262 0.042856310 0.999055326 -0.007185746 -7.549628258 -0.060793221 0.009786730 0.998102427 68.090827942
0.997500837 -0.040457372 0.057924364 5.676579952 0.040813785 0.999154270 -0.004982796 -7.676058292 -0.057673786 0.007334457 0.998308539 69.266029358
0.997702062 -0.039484955 0.055059478 5.786434174 0.039975576 0.999169886 -0.007837552 -7.811376095 -0.054704309 0.010020577 0.998452306 70.437072754
0.997892439 -0.039739564 0.051296923 5.901814938 0.040553547 0.999065876 -0.014925657 -7.945757866 -0.050655860 0.016974473 0.998571932 71.627166748
0.997889161 -0.043628559 0.048103735 6.007270813 0.044537198 0.998845816 -0.017981349 -8.080149651 -0.047263715 0.020085795 0.998680472 72.797279358
0.997923255 -0.047549278 0.043454245 6.121545792 0.048152246 0.998756230 -0.012935424 -8.218245506 -0.042785127 0.015000980 0.998971701 73.972198486
0.997922182 -0.051252540 0.039043877 6.226912498 0.051603116 0.998635352 -0.008024185 -8.344487190 -0.038579337 0.010022298 0.999205232 75.130119324
0.997968733 -0.053352889 0.034811627 6.319776535 0.053575616 0.998548687 -0.005496313 -8.468758583 -0.034467861 0.007350203 0.999378800 76.317733765
0.998142719 -0.052578118 0.030766707 6.409050465 0.052692357 0.998606503 -0.002913642 -8.594441414 -0.030570647 0.004529400 0.999522328 77.477645874
0.998278022 -0.052113645 0.026925240 6.493293285 0.052207865 0.998632371 -0.002807901 -8.716941833 -0.026742082 0.004208774 0.999633551 78.623374939
0.998417079 -0.050978016 0.023760322 6.567868233 0.051102005 0.998682678 -0.004640053 -8.843560219 -0.023492482 0.005846908 0.999707043 79.793586731
0.998608351 -0.048613012 0.020449065 6.643910885 0.048817784 0.998761237 -0.009636834 -8.970804214 -0.019955257 0.010621702 0.999744415 80.938461304
0.998506606 -0.051957328 0.016881414 6.725492001 0.052201074 0.998533785 -0.014334221 -9.109786034 -0.016111899 0.015194043 0.999754667 82.096412659
0.998358190 -0.055420771 0.014471232 6.777470589 0.055641379 0.998333454 -0.015314780 -9.241766930 -0.013598355 0.016094834 0.999777973 83.226287842
0.998394012 -0.055622391 0.010753311 6.845120430 0.055752661 0.998369813 -0.012219809 -9.366481781 -0.010056089 0.012799709 0.999867499 84.362983704
0.998388946 -0.056268059 0.007303651 6.917590141 0.056336243 0.998366773 -0.009491939 -9.497290611 -0.006757631 0.009888109 0.999928236 85.492904663
0.998535991 -0.053654578 0.006847280 6.957395077 0.053728577 0.998493552 -0.011123016 -9.625676155 -0.006240164 0.011474629 0.999914706 86.639717102
0.998728573 -0.050014932 0.006317064 7.010658264 0.050100580 0.998642981 -0.014219197 -9.752873421 -0.005597320 0.014517607 0.999879003 87.760070801
0.998791933 -0.048892017 0.004920718 7.074974060 0.048969537 0.998653710 -0.017108940 -9.878547668 -0.004077603 0.017329238 0.999841571 88.858192444
0.998713851 -0.050473295 0.004807557 7.109764576 0.050551333 0.998562932 -0.017794032 -10.015418053 -0.003902524 0.018014176 0.999830067 90.012054443
0.998662531 -0.051596090 0.003313548 7.163602829 0.051640719 0.998549938 -0.015205050 -10.144956589 -0.002524222 0.015355828 0.999878943 91.126113892
0.998608470 -0.052670557 0.002622186 7.213209629 0.052699056 0.998534024 -0.012349631 -10.276067734 -0.001967880 0.012470633 0.999920309 92.240829468
0.998611569 -0.052648678 0.001759888 7.276289463 0.052665796 0.998542905 -0.011761961 -10.399066925 -0.001138072 0.011838315 0.999929249 93.369377136
0.998581529 -0.053213276 0.001853393 7.322792053 0.053234022 0.998484433 -0.013966308 -10.525311470 -0.001107391 0.014045158 0.999900699 94.478393555
0.998573840 -0.053369317 0.001400634 7.380093575 0.053385820 0.998414636 -0.017835511 -10.654151917 -0.000446545 0.017884847 0.999839902 95.584663391
0.998570740 -0.053427357 0.001372492 7.427172184 0.053443789 0.998390675 -0.018968010 -10.792827606 -0.000356873 0.019014249 0.999819160 96.703819275
0.998531520 -0.054160491 0.001186330 7.483101845 0.054172885 0.998384118 -0.017156031 -10.925592422 -0.000255233 0.017195106 0.999852061 97.788291931
0.998579323 -0.053238038 0.002245868 7.524266243 0.053261138 0.998509347 -0.011929774 -11.048802376 -0.001607402 0.012032446 0.999926329 98.872909546
0.998665094 -0.051528450 0.003582891 7.574015141 0.051557135 0.998634338 -0.008436525 -11.168318748 -0.003143277 0.008609988 0.999957979 99.937995911
0.998776436 -0.049140912 0.005546999 7.619813442 0.049187686 0.998752296 -0.008638782 -11.288446426 -0.005115559 0.008901058 0.999947309 101.008453369
0.998849452 -0.047299501 0.007898507 7.669371128 0.047380041 0.998823345 -0.010342316 -11.410324097 -0.007400027 0.010704651 0.999915361 102.044944763
0.998796701 -0.047815096 0.010896394 7.718152046 0.047950190 0.998771548 -0.012494178 -11.532775879 -0.010285597 0.013001630 0.999862552 103.065071106
0.998710394 -0.049250819 0.012323395 7.770001888 0.049417019 0.998686075 -0.013566547 -11.646333694 -0.011639040 0.014158037 0.999832034 104.082298279
0.998594820 -0.051047716 0.014226795 7.832478523 0.051230542 0.998604834 -0.012797332 -11.759660721 -0.013553672 0.013508195 0.999816775 105.064582825
0.998557627 -0.051263690 0.015957857 7.889554501 0.051449213 0.998610079 -0.011440675 -11.877930641 -0.015349184 0.012245190 0.999807179 106.044631958
0.998491406 -0.052280154 0.016783079 7.967860699 0.052449234 0.998575628 -0.009797866 -11.988701820 -0.016246939 0.010663344 0.999811172 106.992683411
0.998420298 -0.052862428 0.019038584 8.022079468 0.053066183 0.998537242 -0.010360876 -12.094730377 -0.018463036 0.011354814 0.999765158 107.910278320
0.998408198 -0.052559614 0.020458626 8.088298798 0.052743640 0.998571396 -0.008561480 -12.194644928 -0.019979410 0.009626916 0.999754071 108.820518494
0.998414814 -0.051642906 0.022376603 8.147113800 0.051797770 0.998637140 -0.006396878 -12.292041779 -0.022015754 0.007545795 0.999729156 109.689270020
0.998382986 -0.051764697 0.023488002 8.209537506 0.051854409 0.998649359 -0.003226344 -12.394561768 -0.023289273 0.004439083 0.999718845 110.548042297
0.998334646 -0.051942378 0.025095250 8.270333290 0.052031893 0.998641133 -0.002927041 -12.487459183 -0.024909111 0.004227920 0.999680758 111.375831604
0.998356998 -0.050986174 0.026148437 8.324735641 0.051061254 0.998693049 -0.002211192 -12.578467369 -0.026001520 0.003542731 0.999655545 112.189987183
0.998459876 -0.048629697 0.026704228 8.378112793 0.048702933 0.998811007 -0.002098505 -12.657030106 -0.026570430 0.003395846 0.999641120 112.968528748
0.998588562 -0.046211068 0.026183847 8.423439026 0.046199564 0.998931646 0.001044326 -12.736636162 -0.026204135 0.000166830 0.999656558 113.728210449
0.998672903 -0.046059880 0.023042401 8.473423958 0.046026722 0.998938262 0.001967345 -12.818772316 -0.023108551 -0.000904168 0.999732554 114.486297607
0.998799801 -0.046131939 0.016453844 8.512178421 0.046103988 0.998934448 0.002074492 -12.892633438 -0.016532011 -0.001313415 0.999862432 115.184570312
0.998998821 -0.044329498 0.006017989 8.541447639 0.044324774 0.999016821 0.000915289 -12.966959953 -0.006052645 -0.000647626 0.999981523 115.858879089
0.999102235 -0.041584685 -0.008089425 8.545221329 0.041570012 0.999133646 -0.001974075 -13.035538673 0.008164506 0.001636025 0.999965310 116.498001099
0.998842716 -0.040144928 -0.026487509 8.536722183 0.040046111 0.999188781 -0.004251212 -13.108548164 0.026636682 0.003185571 0.999640107 117.118408203
0.998059928 -0.038475242 -0.048948649 8.505064011 0.038197026 0.999248385 -0.006607072 -13.177343369 0.049166068 0.004724562 0.998779535 117.706695557
0.996380091 -0.037060466 -0.076506533 8.463164330 0.036522795 0.999297380 -0.008415546 -13.244958878 0.076764658 0.005590850 0.997033656 118.273986816
0.993474305 -0.034915976 -0.108580627 8.392689705 0.033977009 0.999367535 -0.010486254 -13.312168121 0.108878121 0.006728578 0.994032443 118.814270020
0.989176154 -0.030384690 -0.143552035 8.277532578 0.028964536 0.999508739 -0.011972904 -13.377566338 0.143845305 0.007685395 0.989570379 119.356307983
0.982894719 -0.024387253 -0.182546407 8.168432236 0.022690339 0.999677718 -0.011378933 -13.437579155 0.182765082 0.007042254 0.983131409 119.883926392
0.974430680 -0.019201225 -0.223866463 8.024309158 0.017529842 0.999801815 -0.009451168 -13.494522095 0.224003568 0.005285164 0.974573970 120.384765625
0.963109493 -0.014467842 -0.268720478 7.859251022 0.012789384 0.999886334 -0.007995741 -13.553593636 0.268805534 0.004264005 0.963184953 120.871200562
0.948723555 -0.008554138 -0.315991402 7.670265198 0.006184701 0.999944746 -0.008500537 -13.610672951 0.316046655 0.006110346 0.948723912 121.349624634
0.931552529 -0.000782568 -0.363606095 7.435165405 -0.002835694 0.999951661 -0.009417146 -13.662869453 0.363595903 0.009803642 0.931505203 121.817581177
0.910398602 0.003567197 -0.413716733 7.192787170 -0.008675144 0.999907613 -0.010468457 -13.714457512 0.413641155 0.013119522 0.910345435 122.249946594
0.885325015 0.008337628 -0.464897990 6.918560028 -0.014184621 0.999858141 -0.009080604 -13.771303177 0.464756280 0.014633687 0.885317683 122.672058105
0.856307745 0.011415086 -0.516339898 6.634716034 -0.018690709 0.999785841 -0.008894061 -13.816679955 0.516127646 0.017266812 0.856337547 123.069496155
0.824791551 0.021146351 -0.565041423 6.307312012 -0.029538777 0.999547303 -0.005710299 -13.864111900 0.564664841 0.021400437 0.825042844 123.442260742
0.790737391 0.033971000 -0.611212194 5.961154938 -0.042250887 0.999106705 0.000869252 -13.910382271 0.610695660 0.025136905 0.791466296 123.799819946
0.754954338 0.042777084 -0.654380679 5.608219147 -0.053854525 0.998543859 0.003143568 -13.944637299 0.653562367 0.032868110 0.756158710 124.104675293
0.715123236 0.047254324 -0.697399318 5.242702484 -0.061427154 0.998100698 0.004640950 -14.001254082 0.696294069 0.039520398 0.716667771 124.405548096
0.672625363 0.048806634 -0.738371849 4.865177155 -0.063926488 0.997924566 0.007728856 -14.045665741 0.737216771 0.042002894 0.674349427 124.690071106
0.628461659 0.052240185 -0.776084304 4.462497711 -0.067356236 0.997649372 0.012610182 -14.077148438 0.774918735 0.044349108 0.630502999 124.960159302
0.583272755 0.061465040 -0.809947550 4.034866333 -0.078757703 0.996714115 0.018922029 -14.116277695 0.808449268 0.052752897 0.586197078 125.192886353
0.538376033 0.070024371 -0.839790463 3.581947327 -0.090526737 0.995580733 0.024979459 -14.137025833 0.837828219 0.062575139 0.542335749 125.401458740
0.491493285 0.075135522 -0.867634118 3.134403229 -0.096412167 0.994841814 0.031536348 -14.160781860 0.865528107 0.068150602 0.496202081 125.594947815
0.444096625 0.076478519 -0.892708957 2.673183441 -0.095547155 0.994711280 0.037685148 -14.188374519 0.890869737 0.068559960 0.449055314 125.776420593
0.396535218 0.078493416 -0.914657652 2.197292328 -0.093389936 0.994618177 0.044867694 -14.212286949 0.913256884 0.067628227 0.401731551 125.953048706
0.351807803 0.081105791 -0.932551920 1.703018188 -0.094813198 0.994203210 0.050699182 -14.234203339 0.931258142 0.070581846 0.357458353 126.086784363
0.308213592 0.084634349 -0.947544932 1.203914642 -0.100585982 0.993350625 0.056007501 -14.255331039 0.945984602 0.078047462 0.314677238 126.203430176
0.266640425 0.085946947 -0.959956229 0.687110901 -0.105061233 0.992672563 0.059693966 -14.271945000 0.958052754 0.084937371 0.273716331 126.306533813
0.227059484 0.082357064 -0.970392346 0.156452179 -0.105281316 0.992654145 0.059611935 -14.288547516 0.968173504 0.088628732 0.234062195 126.411277771
0.192064062 0.077421673 -0.978323638 -0.379100800 -0.100193530 0.993221223 0.058930665 -14.311717987 0.976254404 0.086703241 0.198519275 126.500152588
0.161761478 0.072320521 -0.984176219 -0.927114487 -0.097398691 0.993611515 0.057005178 -14.332898140 0.982011437 0.086636238 0.167772010 126.579017639
0.135274410 0.070920438 -0.988266766 -1.493665695 -0.098657228 0.993442178 0.057787601 -14.354171753 0.985884070 0.089682467 0.141384110 126.647491455
0.113300703 0.069923677 -0.991097212 -2.084073067 -0.099010646 0.993349671 0.058763869 -14.364739418 0.988615096 0.091471188 0.119470432 126.704566956
0.094772138 0.071341589 -0.992939472 -2.677261353 -0.100918904 0.992978811 0.061712112 -14.381328583 0.990370393 0.094357766 0.101306461 126.760025024
0.078432165 0.069728479 -0.994477928 -3.289045334 -0.102218501 0.992855787 0.061553001 -14.407052994 0.991665125 0.096826307 0.084999375 126.814735413
0.064287275 0.068713285 -0.995563030 -3.908316612 -0.101187602 0.992933691 0.061997741 -14.437111855 0.992788136 0.096752957 0.070785955 126.867347717
0.052022181 0.066211917 -0.996448636 -4.547543526 -0.096863434 0.993429422 0.060954288 -14.459351540 0.993937254 0.093348451 0.058093891 126.911026001
0.039945964 0.063636407 -0.997173369 -5.192047119 -0.094427787 0.993744016 0.059634835 -14.476785660 0.994729936 0.091778718 0.045705114 126.951446533
0.029396055 0.062599763 -0.997605681 -5.864566803 -0.093836352 0.993802249 0.059596073 -14.497911453 0.995153666 0.091859773 0.035087999 126.984947205
0.019693254 0.064061075 -0.997751534 -6.536226273 -0.097191364 0.993341506 0.061859585 -14.520423889 0.995070875 0.095754646 0.025788303 127.006713867
0.011522789 0.063847259 -0.997893155 -7.213828564 -0.099943243 0.993035674 0.062382411 -14.547056198 0.994926333 0.099013858 0.017823646 127.021232605
0.004656172 0.063411102 -0.997976601 -7.902149677 -0.101861842 0.992826402 0.062608615 -14.570122719 0.994787633 0.101364218 0.011081945 127.043334961
-0.000335063 0.064200304 -0.997936845 -8.599534988 -0.102675900 0.992660642 0.063895315 -14.587409019 0.994714797 0.102485463 0.006259218 127.058876038
-0.004006278 0.066732824 -0.997762799 -9.319757462 -0.104923204 0.992235303 0.066784419 -14.608001709 0.994472265 0.104956031 0.003026650 127.083297729
-0.004480371 0.070879877 -0.997474790 -10.057690620 -0.107404232 0.991680622 0.070950568 -14.634458542 0.994205415 0.107450895 0.003169701 127.081169128
-0.006061630 0.073690444 -0.997262716 -10.768281937 -0.109804153 0.991201460 0.073909976 -14.649697304 0.993934691 0.109951600 0.002083220 127.102508545
-0.006656497 0.079321332 -0.996826887 -11.506666183 -0.114574634 0.990223587 0.079560980 -14.658344269 0.993392289 0.114740662 0.002496792 127.111099243
-0.007921732 0.083228126 -0.996499002 -12.249337196 -0.117626406 0.989534318 0.083581492 -14.672521591 0.993026257 0.117876716 0.001950998 127.120895386
-0.009229649 0.083821192 -0.996438086 -12.999526024 -0.117641613 0.989469469 0.084324665 -14.692668915 0.993013144 0.118000880 0.000728403 127.140083313
-0.010732972 0.080684491 -0.996681929 -13.744235992 -0.115240961 0.989998043 0.081384413 -14.711305618 0.993279517 0.115732081 -0.001327462 127.161964417
-0.012372399 0.076940298 -0.996959031 -14.505946159 -0.118717462 0.989870131 0.077866547 -14.714447021 0.992850959 0.119319826 -0.003112911 127.173881531
-0.013366234 0.078737065 -0.996805847 -15.268620491 -0.124057993 0.989061832 0.079788879 -14.727676392 0.992184937 0.124728210 -0.003452071 127.176406860
-0.014824767 0.082028963 -0.996519625 -16.059820175 -0.120765649 0.989186406 0.083221905 -14.744463921 0.992570341 0.121579088 -0.004758177 127.189018250
-0.017026447 0.081967182 -0.996489584 -16.833580017 -0.119502276 0.989323199 0.083419576 -14.760353088 0.992688000 0.120503113 -0.007049393 127.206474304
-0.017547399 0.081615455 -0.996509433 -17.628528595 -0.123278126 0.988881648 0.083161503 -14.772369385 0.992217004 0.124307089 -0.007290899 127.199821472
-0.019006144 0.080947295 -0.996537149 -18.421548843 -0.127152190 0.988428414 0.082713708 -14.783406258 0.991701126 0.128283948 -0.008493587 127.219825745
-0.020196389 0.085284993 -0.996151865 -19.218805313 -0.129035085 0.987799764 0.087186053 -14.790122032 0.991434336 0.130299345 -0.008945234 127.228408813
-0.021257726 0.090045094 -0.995710850 -20.021287918 -0.128251746 0.987461627 0.092037208 -14.804292679 0.991513789 0.129658118 -0.009442749 127.246772766
-0.020172400 0.092489183 -0.995509326 -20.850589752 -0.129015923 0.987145960 0.094326489 -14.813497543 0.991437316 0.130339339 -0.007980532 127.258186340
-0.018189721 0.091296129 -0.995657623 -21.668369293 -0.128393129 0.987364233 0.092881292 -14.820493698 0.991556466 0.129525095 -0.006238084 127.268486023
-0.017074591 0.091278613 -0.995678961 -22.500802994 -0.128470317 0.987369418 0.092719920 -14.825184822 0.991566300 0.129498377 -0.005132338 127.280364990
-0.017001545 0.090285018 -0.995770812 -23.325592041 -0.126868963 0.987670124 0.091716677 -14.830792427 0.991773784 0.127891764 -0.005337551 127.304801941
-0.015933128 0.092221335 -0.995611012 -24.163824081 -0.127802745 0.987382054 0.093504377 -14.837388039 0.991671681 0.128731638 -0.003945945 127.320831299
-0.015634026 0.094179787 -0.995432436 -25.002693176 -0.129505128 0.986977518 0.095413841 -14.838961601 0.991455495 0.130405337 -0.003233667 127.341773987
-0.015683429 0.096682005 -0.995191753 -25.875917435 -0.132495224 0.986335993 0.097909696 -14.840999603 0.991059542 0.133393705 -0.002659227 127.354904175
-0.014159758 0.097700536 -0.995115161 -26.739192963 -0.134637296 0.985965371 0.098717988 -14.838310242 0.990793765 0.135377452 -0.000806896 127.367897034
-0.012410160 0.100890227 -0.994820118 -27.608638763 -0.141295135 0.984737039 0.101630248 -14.838937759 0.989889741 0.141824484 0.002034550 127.383094788
-0.009968175 0.104686573 -0.994455218 -28.490623474 -0.146127656 0.983675897 0.105016574 -14.835017204 0.989215493 0.146364212 0.005492153 127.398574829
-0.007973113 0.106519841 -0.994278550 -29.365200043 -0.148602694 0.983143449 0.106518544 -14.830709457 0.988864839 0.148601755 0.007990423 127.430503845
-0.003918001 0.107473433 -0.994200230 -30.266057968 -0.147698700 0.983241379 0.106870852 -14.832833290 0.989024639 0.147260815 0.012021345 127.450157166
-0.001396508 0.107309982 -0.994224608 -31.157262802 -0.150229543 0.982919753 0.106300823 -14.827028275 0.988650084 0.149510354 0.014748475 127.480575562
0.001062086 0.111011893 -0.993818581 -32.058357239 -0.150625676 0.982498288 0.109586418 -14.818700790 0.988590240 0.149578184 0.017764742 127.512649536
0.003613792 0.113227464 -0.993562520 -32.974819183 -0.149909168 0.982402623 0.111410417 -14.814579010 0.988693118 0.148541540 0.020524036 127.551277161
0.005444106 0.114293985 -0.993431985 -33.867443085 -0.150395170 0.982240498 0.112182207 -14.810276985 0.988610983 0.148796633 0.022536682 127.592605591
0.008044370 0.112413578 -0.993628919 -34.772068024 -0.151637629 0.982306838 0.109905019 -14.803151131 0.988403440 0.149787441 0.024948172 127.623771667
0.008305131 0.113728471 -0.993477166 -35.684356689 -0.156191975 0.981464446 0.111047603 -14.795794487 0.987691820 0.154250890 0.025914662 127.665946960
0.009358237 0.114443220 -0.993385673 -36.578552246 -0.157016054 0.981273890 0.111568697 -14.792176247 0.987551689 0.154933423 0.027152415 127.703765869
0.009666082 0.110725902 -0.993804038 -37.474098206 -0.157274723 0.981649041 0.107841939 -14.788854599 0.987507522 0.155257851 0.026903082 127.739768982
0.010630493 0.106739148 -0.994230211 -38.381645203 -0.158643603 0.981873274 0.103716262 -14.792201996 0.987278700 0.156625718 0.027371284 127.784400940
0.011192624 0.105911061 -0.994312644 -39.277351379 -0.158174664 0.982042789 0.102823608 -14.788366318 0.987347722 0.156124204 0.027744086 127.826644897
0.010827370 0.110027060 -0.993869603 -40.176898956 -0.160747990 0.981192231 0.106872387 -14.783485413 0.986936152 0.158605382 0.028310357 127.871009827
0.011168168 0.116171598 -0.993166387 -41.115066528 -0.161076844 0.980466008 0.112874709 -14.772857666 0.986878693 0.158715501 0.029662566 127.908828735
0.011416060 0.114804834 -0.993322492 -42.009895325 -0.158821732 0.980984926 0.111553587 -14.773237228 0.987241328 0.156487688 0.029432485 127.954673767
0.012394663 0.104565039 -0.994440854 -42.902126312 -0.158035010 0.982222676 0.101310551 -14.781197548 0.987355769 0.155900747 0.028699253 127.996429443
0.012575888 0.094005555 -0.995492220 -43.818988800 -0.159897670 0.982948542 0.090801083 -14.785669327 0.987053454 0.158035025 0.027392721 128.037780762
0.011538049 0.090974927 -0.995786369 -44.720664978 -0.156655207 0.983720005 0.088057406 -14.794359207 0.987585902 0.154979140 0.025601909 128.084045410
0.011198222 0.100996166 -0.994823813 -45.642498016 -0.149146840 0.983925760 0.098210916 -14.797910690 0.988751590 0.147275060 0.026081480 128.136245728
0.011329135 0.114004135 -0.993415654 -46.587787628 -0.144230351 0.983276665 0.111195765 -14.794902802 0.989479303 0.142020926 0.027582528 128.192749023
0.011413760 0.123210259 -0.992314935 -47.509178162 -0.144357622 0.982186675 0.120292276 -14.788125038 0.989459753 0.141875252 0.028996784 128.239700317
0.011424564 0.117208540 -0.993041635 -48.426635742 -0.144595906 0.982861936 0.114343524 -14.783485413 0.989424825 0.142283440 0.028176643 128.279418945
0.011595478 0.103688531 -0.994542181 -49.360191345 -0.144490302 0.984344184 0.100940675 -14.782997131 0.989438295 0.142531261 0.026395932 128.318237305
0.012271386 0.094837978 -0.995417118 -50.275386810 -0.144941345 0.985146940 0.092072681 -14.783693314 0.989364207 0.143147230 0.025835061 128.361938477
0.012727083 0.094920069 -0.995403647 -51.210014343 -0.143909588 0.985294163 0.092116058 -14.792680740 0.989508986 0.142075762 0.026199829 128.407760620
0.012107165 0.096509889 -0.995258331 -52.150096893 -0.146998838 0.984688818 0.093696758 -14.807564735 0.989062607 0.145167455 0.026108632 128.444824219
0.012571994 0.095771328 -0.995323956 -53.099060059 -0.151884407 0.984035313 0.092766657 -14.810441017 0.988318324 0.150007918 0.026917456 128.484008789
0.013087353 0.095296502 -0.995362878 -54.030403137 -0.153551668 0.983832181 0.092173599 -14.813539505 0.988053918 0.151633292 0.027508695 128.526840210
0.014034720 0.102558769 -0.994627893 -54.976390839 -0.162817717 0.981684148 0.098926671 -14.810196877 0.986556411 0.160554618 0.030476043 128.560714722
0.015549487 0.112231620 -0.993560314 -55.926902771 -0.168351278 0.979788244 0.108041160 -14.807712555 0.985604346 0.165587172 0.034129538 128.599365234
0.016217723 0.120441318 -0.992588043 -56.888664246 -0.168204173 0.978899360 0.116032064 -14.804142952 0.985618711 0.165075645 0.036134250 128.652679443
0.017940409 0.121062167 -0.992482781 -57.852622986 -0.170061082 0.978548050 0.116288342 -14.798812866 0.985270143 0.166696429 0.038143519 128.693862915
0.019765709 0.111866251 -0.993526697 -58.785453796 -0.172001809 0.979285657 0.106840886 -14.799133301 0.984898269 0.168776616 0.038597476 128.738540649
0.020629290 0.106756337 -0.994071245 -59.737274170 -0.169902921 0.980194807 0.101740241 -14.797281265 0.985244870 0.166796759 0.038358934 128.799407959
0.022204315 0.105146483 -0.994208753 -60.688026428 -0.168172121 0.980676413 0.099959403 -14.800024033 0.985507548 0.164978668 0.039457954 128.864395142
0.025822712 0.110682949 -0.993520260 -61.662452698 -0.170066297 0.979850650 0.104739845 -14.793969154 0.985094249 0.166259676 0.044125840 128.916641235
0.029430356 0.112737320 -0.993188858 -62.624355316 -0.172890007 0.979217589 0.106028318 -14.794591904 0.984501362 0.168591976 0.048309878 128.972381592
0.033515431 0.107787967 -0.993608832 -63.567169189 -0.172302395 0.979905009 0.100489423 -14.799274445 0.984473765 0.167833224 0.051414065 129.036056519
0.036438480 0.102066047 -0.994110048 -64.526298523 -0.172149807 0.980540752 0.094362840 -14.806066513 0.984396636 0.167697415 0.053300068 129.105834961
0.039041113 0.101726204 -0.994045973 -65.498306274 -0.169310346 0.981093764 0.093751051 -14.810329437 0.984789193 0.164642125 0.055526290 129.194869995
0.042404540 0.106274910 -0.993432224 -66.454849243 -0.166755080 0.981131911 0.097841129 -14.817567825 0.985086083 0.161510974 0.059326328 129.268692017
0.045978628 0.113049813 -0.992524862 -67.427772522 -0.166490272 0.980546057 0.103972770 -14.820697784 0.984970510 0.160465211 0.063905865 129.342041016
0.047862239 0.116301194 -0.992060065 -68.400283813 -0.164030269 0.980629921 0.107047521 -14.821972847 0.985293567 0.157604367 0.066012055 129.437835693
0.049811054 0.118181624 -0.991741896 -69.360122681 -0.163808823 0.980494618 0.108613901 -14.830023766 0.985233724 0.157045901 0.068198666 129.524505615
0.051717017 0.115594231 -0.991949260 -70.313354492 -0.162008390 0.981092393 0.105882443 -14.828324318 0.985433221 0.155228168 0.069466412 129.607910156
0.052851632 0.114244275 -0.992045820 -71.265403748 -0.160204336 0.981536925 0.104499079 -14.833423615 0.985667944 0.153407127 0.070178255 129.686874390
0.053026453 0.110550486 -0.992454946 -72.218360901 -0.156721130 0.982458472 0.101063423 -14.843876839 0.986218393 0.150179610 0.069421895 129.776748657
0.052573189 0.110062927 -0.992533207 -73.191650391 -0.155633628 0.982666075 0.100725040 -14.838289261 0.986414850 0.149176136 0.068791382 129.872100830
0.052488104 0.114765003 -0.992005050 -74.149169922 -0.152410984 0.982657373 0.105619311 -14.839737892 0.986922443 0.145648718 0.069069259 129.955551147
0.051719178 0.117114604 -0.991770804 -75.111488342 -0.146119833 0.983299494 0.108494364 -14.853616714 0.987914085 0.139306113 0.067968205 130.053375244
0.051035330 0.112394907 -0.992352128 -76.076110840 -0.143552706 0.984154105 0.104083650 -14.841790199 0.988325775 0.137142897 0.066361226 130.136535645
0.049893152 0.108016565 -0.992896318 -77.037841797 -0.145407155 0.984327793 0.099777676 -14.838644981 0.988112986 0.139396012 0.064817585 130.212051392
0.048610352 0.105339617 -0.993247569 -77.987586975 -0.141938925 0.985059619 0.097524635 -14.843760490 0.988681018 0.136239797 0.062835880 130.294723511
0.047539867 0.106087252 -0.993219793 -78.955566406 -0.142205492 0.984934568 0.098395728 -14.846251488 0.988694847 0.136563554 0.061909840 130.362899780
0.045917802 0.107021354 -0.993195832 -79.901565552 -0.142811224 0.984735131 0.099507175 -14.851881981 0.988684177 0.137270406 0.060500722 130.448684692
0.044523437 0.107126847 -0.993247986 -80.855422974 -0.144400030 0.984483004 0.099708617 -14.855185509 0.988517225 0.138985649 0.059301689 130.522262573
0.043249398 0.108516909 -0.993153274 -81.806571960 -0.144315511 0.984336197 0.101268910 -14.862291336 0.988586128 0.138947606 0.058232609 130.588607788
0.040756945 0.108745977 -0.993233800 -82.767601013 -0.144129202 0.984303117 0.101853915 -14.865983009 0.988719225 0.139002711 0.055790659 130.664627075
0.039359313 0.110525213 -0.993093669 -83.724319458 -0.144182235 0.984090984 0.103808902 -14.856719017 0.988768041 0.139100626 0.054668933 130.734283447
0.037835971 0.114326537 -0.992722452 -84.678184509 -0.145572394 0.983466625 0.107712351 -14.851757050 0.988623857 0.140437633 0.053853214 130.793426514
0.036045782 0.119437017 -0.992187202 -85.628257751 -0.146836996 0.982689798 0.112959184 -14.844922066 0.988503754 0.141618118 0.052959602 130.855392456
0.033429559 0.119109713 -0.992318153 -86.576828003 -0.146569997 0.982722521 0.113020249 -14.841995239 0.988635242 0.141665861 0.050309885 130.921096802
0.032457840 0.113939635 -0.992957294 -87.521797180 -0.146684051 0.983266294 0.108032800 -14.839258194 0.988650799 0.142144501 0.048627831 130.980941772
0.029808946 0.109146304 -0.993578613 -88.467964172 -0.151039854 0.983098269 0.103463575 -14.830430984 0.988078117 0.146985829 0.045790572 131.042068481
0.028614188 0.106996022 -0.993847489 -89.410736084 -0.148906559 0.983617187 0.101607405 -14.829965591 0.988437176 0.145083010 0.044077810 131.106353760
0.028238025 0.108404726 -0.993705630 -90.377281189 -0.144196272 0.984146297 0.103264250 -14.833912849 0.989146113 0.140372679 0.043421909 131.157470703
0.027690852 0.109622724 -0.993587434 -91.325729370 -0.141141176 0.984439492 0.104679890 -14.833502769 0.989602089 0.137337446 0.042732257 131.218658447
0.026438860 0.109490342 -0.993636191 -92.278854370 -0.135910273 0.985147834 0.104938678 -14.836867332 0.990368307 0.132270887 0.040927049 131.284164429
0.025179598 0.106608704 -0.993982255 -93.221176147 -0.131961197 0.985951066 0.102404498 -14.841818810 0.990935087 0.128588542 0.038894061 131.347595215
0.024462936 0.103446461 -0.994334161 -94.164474487 -0.126815423 0.986917734 0.099554941 -14.847980499 0.991624653 0.123661488 0.037261508 131.410491943
0.022440143 0.106101230 -0.994102061 -95.151268005 -0.125124827 0.986831903 0.102500804 -14.852978706 0.991887152 0.122086726 0.035420556 131.468750000
0.020968275 0.108506851 -0.993874550 -96.098083496 -0.124449007 0.986644864 0.105091982 -14.853378296 0.992004335 0.121483102 0.034191817 131.526763916
0.019888243 0.106457159 -0.994118392 -97.056861877 -0.120443746 0.987328827 0.103320502 -14.852188110 0.992520928 0.117680460 0.032458339 131.571868896
0.017895872 0.103304550 -0.994488776 -98.007781982 -0.117496103 0.987973452 0.100513436 -14.854348183 0.992912054 0.115049787 0.029818535 131.619964600
0.014055302 0.100420304 -0.994845808 -98.969596863 -0.116301805 0.988355100 0.098122016 -14.849056244 0.993114471 0.114323221 0.025570698 131.678222656
0.011137966 0.099378772 -0.994987369 -99.925888062 -0.110768579 0.989047647 0.097545564 -14.859443665 0.993783772 0.109126858 0.022024026 131.728729248
0.009040151 0.099431351 -0.995003283 -100.884643555 -0.103876941 0.989753902 0.097962990 -14.856478691 0.994548976 0.102472320 0.019276151 131.769515991
0.006446002 0.107361957 -0.994199097 -101.847885132 -0.094059199 0.989876926 0.106285349 -14.858763695 0.995545745 0.092828467 0.016479127 131.831832886
0.003658526 0.115338020 -0.993319571 -102.806030273 -0.086009949 0.989681482 0.114598803 -14.855986595 0.996287525 0.085016094 0.013540994 131.886901855
0.000998484 0.114637509 -0.993406951 -103.758819580 -0.081853442 0.990083277 0.114171699 -14.850055695 0.996643901 0.081199773 0.010372059 131.929473877
-0.001995847 0.104386955 -0.994534731 -104.710250854 -0.082331136 0.991143167 0.104196198 -14.849667549 0.996603012 0.082089134 0.006616127 131.965667725
-0.004105396 0.094865896 -0.995481551 -105.657882690 -0.084188111 0.991922975 0.094873972 -14.849328041 0.996441424 0.084197201 0.003914344 132.001037598
-0.004233562 0.096215092 -0.995351493 -106.619483948 -0.091378741 0.991158843 0.096198454 -14.852346420 0.995807171 0.091361240 0.004595880 132.016067505
-0.005079827 0.105774783 -0.994377077 -107.579902649 -0.094758287 0.989864469 0.105778821 -14.846500397 0.995487273 0.094762817 0.004994696 132.052017212
-0.006518413 0.117120154 -0.993096352 -108.543663025 -0.098795369 0.988183200 0.117189214 -14.837332726 0.995086372 0.098877206 0.005129543 132.078720093
-0.008184306 0.118639700 -0.992903650 -109.493202209 -0.105515234 0.987291157 0.118838839 -14.827441216 0.994383991 0.105739072 0.004438004 132.108062744
-0.007457130 0.116126247 -0.993206441 -110.475769043 -0.112932272 0.986782014 0.116222993 -14.816968918 0.993574679 0.113031782 0.005755841 132.121505737
-0.007455433 0.112170689 -0.993660986 -111.431221008 -0.120991804 0.986286879 0.112246066 -14.806568146 0.992625535 0.121061690 0.006218539 132.142364502
-0.005314329 0.114179693 -0.993445933 -112.398628235 -0.125679255 0.985506177 0.113939479 -14.790609360 0.992056608 0.125461057 0.009112715 132.165100098
-0.003895417 0.115333200 -0.993319333 -113.377304077 -0.133783713 0.984337032 0.114814945 -14.774990082 0.991002917 0.133337140 0.011595298 132.189178467
-0.003444217 0.118087105 -0.992997289 -114.340515137 -0.143016592 0.982737124 0.117362998 -14.761292458 0.989714324 0.142419323 0.013503655 132.209762573
-0.003148858 0.120252103 -0.992738485 -115.316040039 -0.148439407 0.981688917 0.119384483 -14.742406845 0.988916636 0.147737414 0.014758946 132.234863281
-0.002912221 0.119711109 -0.992804468 -116.289970398 -0.152658939 0.981118560 0.118749835 -14.734492302 0.988274634 0.151906312 0.015417739 132.277328491
-0.001377381 0.110212982 -0.993907034 -117.245109558 -0.151644528 0.982390523 0.109146088 -14.739278793 0.988434196 0.150870875 0.015360067 132.308944702
0.000132762 0.098598450 -0.995127320 -118.196968079 -0.154870152 0.983122945 0.097388387 -14.731813431 0.987934828 0.154102579 0.015400479 132.343811035
