1.000000000 0.000000000 0.000000000 0.000000000 0.000000000 1.000000000 0.000000000 0.000000000 0.000000000 0.000000000 1.000000000 0.000000000
0.999997795 -0.001586047 -0.001375888 0.049918976 0.001583091 0.999996424 -0.002146790 -0.132447645 0.001379288 0.002144607 0.999996722 1.297746658
0.999997437 0.000045048 -0.002274036 0.106486984 -0.000059519 0.999979734 -0.006363806 -0.267620325 0.002273703 0.006363926 0.999977171 2.603936672
0.999996126 0.002395379 -0.001418608 0.149754643 -0.002406461 0.999966204 -0.007862465 -0.406450599 0.001399727 0.007865850 0.999968052 3.907120466
0.999983668 0.005713649 0.000149776 0.194018230 -0.005712545 0.999962211 -0.006554142 -0.545495629 -0.000187219 0.006553179 0.999978542 5.218879223
0.999975264 0.006620282 0.002379705 0.242370903 -0.006612287 0.999972522 -0.003351981 -0.688846946 -0.002401830 0.003336163 0.999991477 6.536530972
0.999960721 0.006851387 0.005610771 0.299764216 -0.006840525 0.999974668 -0.001953043 -0.827219844 -0.005624009 0.001914586 0.999982357 7.839847565
0.999944210 0.005250771 0.009166602 0.353297710 -0.005233567 0.999984443 -0.001899923 -0.960357547 -0.009176438 0.001851843 0.999956191 9.143032074
0.999914050 0.003877700 0.012520973 0.431769580 -0.003855329 0.999990880 -0.001810407 -1.096963286 -0.012527879 0.001761979 0.999919951 10.443571091
0.999870896 0.002650006 0.015843967 0.496716022 -0.002610035 0.999993384 -0.002542931 -1.234840035 -0.015850600 0.002501250 0.999871254 11.750166893
0.999812961 0.001612784 0.019271344 0.572090387 -0.001547521 0.999993026 -0.003400958 -1.370774388 -0.019276697 0.003370499 0.999808490 13.042757988
0.999743760 0.001669048 0.022573451 0.641720772 -0.001592628 0.999992967 -0.003402943 -1.518994212 -0.022578970 0.003366120 0.999739408 14.362250328
0.999663115 0.001588907 0.025906760 0.727337599 -0.001473809 0.999989033 -0.004461230 -1.656569004 -0.025913561 0.004421545 0.999654412 15.657532692
0.999573350 0.002542815 0.029096480 0.810144424 -0.002415878 0.999987423 -0.004396950 -1.795459986 -0.029107293 0.004324780 0.999566853 16.960454941
0.999474287 0.002151312 0.032350145 0.899126053 -0.002023551 0.999989986 -0.003981539 -1.935184240 -0.032358389 0.003913983 0.999468684 18.247505188
0.999405921 0.000669427 0.034457956 0.997184277 -0.000542857 0.999993086 -0.003682413 -2.077678204 -0.034460183 0.003661520 0.999399364 19.548137665
0.999345839 -0.001885929 0.036114033 1.092802405 0.002065213 0.999985754 -0.004927744 -2.218172550 -0.036104225 0.004999104 0.999335527 20.826068878
0.999305487 -0.001384208 0.037237514 1.191274643 0.001636206 0.999975979 -0.006737683 -2.360678673 -0.037227284 0.006793933 0.999283731 22.135496140
0.999259472 -0.001168593 0.038460430 1.273586631 0.001533877 0.999953985 -0.009469528 -2.503399849 -0.038447592 0.009521509 0.999215245 23.420392990
0.999222696 -0.000726191 0.039414249 1.377176881 0.001155383 0.999940276 -0.010867573 -2.646765947 -0.039404005 0.010904664 0.999163866 24.709516525
0.999177098 -0.000179829 0.040559214 1.476534963 0.000647917 0.999933302 -0.011528003 -2.792770386 -0.040554438 0.011544796 0.999110699 25.980573654
0.999161422 -0.001720166 0.040908378 1.576691508 0.002150509 0.999942780 -0.010477995 -2.941510201 -0.040888015 0.010557180 0.999107957 27.272891998
0.999156833 -0.004698144 0.040785577 1.681020021 0.005080116 0.999944091 -0.009266791 -3.089531898 -0.040739771 0.009466173 0.999124944 28.551414490
0.999178648 -0.006128440 0.040055718 1.772392511 0.006524104 0.999931157 -0.009754610 -3.236884356 -0.039993182 0.010007928 0.999149859 29.841625214
0.999191284 -0.007820489 0.039440703 1.875104666 0.008312601 0.999889493 -0.012328708 -3.381804466 -0.039339930 0.012646592 0.999145925 31.101858139
0.999227047 -0.007771322 0.038534883 1.984299541 0.008253425 0.999889433 -0.012367613 -3.531359673 -0.038434502 0.012676097 0.999180734 32.390773773
0.999245167 -0.008331945 0.037944313 2.079501152 0.008819418 0.999880493 -0.012697928 -3.675329447 -0.037833981 0.013022991 0.999199212 33.659976959
0.999254584 -0.008941397 0.037553176 2.173340797 0.009423191 0.999875307 -0.012672312 -3.823684454 -0.037435193 0.013016738 0.999214232 34.923351288
0.999267817 -0.009458154 0.037072279 2.264960527 0.009954781 0.999862850 -0.013234557 -3.967307329 -0.036942024 0.013593914 0.999224961 36.181667328
0.999307692 -0.010096799 0.035811201 2.382015705 0.010582832 0.999854028 -0.013408539 -4.126006126 -0.035670593 0.013778237 0.999268711 37.470081329
0.999304056 -0.009714085 0.036014102 2.472128868 0.010134833 0.999882281 -0.011518736 -4.271700382 -0.035897970 0.011875717 0.999284923 38.728454590
0.999265671 -0.009691727 0.037069630 2.571052551 0.010092809 0.999892354 -0.010647904 -4.410127640 -0.036962442 0.011014224 0.999255955 40.000869751
0.999190032 -0.011528856 0.038552072 2.684843540 0.011882934 0.999889195 -0.008967929 -4.552042007 -0.038444407 0.009418778 0.999216378 41.247886658
0.999078035 -0.012615941 0.041035526 2.776538372 0.013043970 0.999863029 -0.010179757 -4.698355675 -0.040901482 0.010705640 0.999105811 42.513408661
0.998957336 -0.013793737 0.043520153 2.872749805 0.014387150 0.999807298 -0.013351763 -4.847644806 -0.043327600 0.013963973 0.998963296 43.760772705
0.998861194 -0.015029088 0.045281924 2.986705780 0.015688905 0.999775290 -0.014251336 -4.997171402 -0.045057558 0.014945529 0.998872578 45.026008606
0.998747408 -0.015285326 0.047643866 3.117471933 0.015937135 0.999784112 -0.013331179 -5.127827644 -0.047429804 0.014073785 0.998775423 46.265724182
0.998533726 -0.016505618 0.051555153 3.214035511 0.017020412 0.999809444 -0.009562343 -5.287442207 -0.051387493 0.010425813 0.998624384 47.529148102
0.998262763 -0.019491386 0.055600919 3.329837799 0.019951459 0.999771118 -0.007731441 -5.423277855 -0.055437487 0.008827331 0.998423100 48.756248474
0.998033106 -0.021570906 0.058861252 3.463884830 0.022082554 0.999723792 -0.008055820 -5.563714981 -0.058671225 0.009339783 0.998233676 50.005783081
0.997755170 -0.025028201 0.062113665 3.607084036 0.025802767 0.999598563 -0.011699386 -5.702201843 -0.061795916 0.013275830 0.998000503 51.240348816
0.997457683 -0.026257923 0.066246949 3.733218908 0.027093684 0.999563873 -0.011748960 -5.838966846 -0.065909535 0.013513966 0.997734070 52.470478058
0.997110605 -0.028771482 0.070303507 3.866031170 0.029488211 0.999522984 -0.009178028 -5.977436066 -0.070005894 0.011224632 0.997483373 53.690322876
0.996829569 -0.031338438 0.073135272 4.019421101 0.031846803 0.999475956 -0.005795016 -6.114334106 -0.072915323 0.008105768 0.997305214 54.901599884
0.996587098 -0.034068786 0.075189009 4.171907425 0.034462895 0.999398112 -0.003949954 -6.246299267 -0.075009190 0.006527702 0.997161567 56.116039276
0.996387839 -0.037003431 0.076433368 4.322164536 0.037204601 0.999306917 -0.001209210 -6.364358425 -0.076335654 0.004048515 0.997073948 57.327758789
0.996219456 -0.040009648 0.077110901 4.470707417 0.040083677 0.999196172 0.000588104 -6.495697021 -0.077072456 0.002505008 0.997022331 58.532497406
0.996179104 -0.042064410 0.076535985 4.624645710 0.042410508 0.999096036 -0.002901614 -6.619261265 -0.076344743 0.006136457 0.997062624 59.745281219
0.996193111 -0.043172989 0.075731255 4.773150444 0.043845449 0.999012113 -0.007238782 -6.747252464 -0.075343929 0.010531697 0.997102022 60.930034637
0.996202290 -0.044740152 0.074694917 4.905946732 0.045692813 0.998893917 -0.011093368 -6.877986908 -0.074115977 0.014464259 0.997144699 62.135375977
0.996259868 -0.046096936 0.073084638 5.053898335 0.047210872 0.998792470 -0.013587374 -7.010818958 -0.072370045 0.016986948 0.997233093 63.328430176
0.996378779 -0.046805438 0.070984036 5.182403088 0.047897890 0.998757362 -0.013765980 -7.144994736 -0.070251502 0.017116114 0.997382462 64.503120422
0.996604681 -0.046277087 0.068099253 5.324936390 0.047275990 0.998795569 -0.013129722 -7.287496090 -0.067409642 0.016304607 0.997592151 65.720520020
0.996819675 -0.045480076 0.065436929 5.442155838 0.046291489 0.998868108 -0.010936826 -7.420820236 -0.064865448 0.013931215 0.997796774 66.899353027
0.997269809 -0.041674934 0.060960088 5.575780392 0.042184863 0.999084532 -0.007101383 -7.554832935 -0.060608339 0.009653588 0.998114884 68.094139099
0.997560203 -0.039744657 0.057393402 5.695001602 0.040102992 0.999182463 -0.005104913 -7.678029060 -0.057143591 0.007394106 0.998338580 69.267616272
0.997726917 -0.038606230 0.055232391 5.794998646 0.039101750 0.999203861 -0.007918813 -7.814619541 -0.054882709 0.010060497 0.998442113 70.445861816
0.997931540 -0.038922366 0.051162850 5.912311554 0.039733585 0.999098659 -0.014935098 -7.951074123 -0.050535433 0.016937090 0.998578608 71.636123657
0.997957766 -0.042713206 0.047495805 6.023178101 0.043615423 0.998883963 -0.018123992 -8.084068298 -0.046668671 0.020158527 0.998706937 72.809295654
0.997966588 -0.046629589 0.043455195 6.129207611 0.047239590 0.998797476 -0.013117325 -8.221589088 -0.042791273 0.015143462 0.998969257 73.977195740
0.997958779 -0.050555058 0.039018825 6.235326290 0.050908905 0.998670161 -0.008128121 -8.347538948 -0.038556024 0.010097936 0.999205351 75.133544922
0.998044908 -0.052248992 0.034298956 6.332851410 0.052467119 0.998607576 -0.005490004 -8.472784996 -0.033964355 0.007278839 0.999396503 76.320686340
0.998209953 -0.051540751 0.030337570 6.419365883 0.051658217 0.998660028 -0.003100350 -8.597363472 -0.030137129 0.004661984 0.999534905 77.479820251
0.998340428 -0.051140241 0.026478203 6.511807919 0.051241349 0.998681307 -0.003153667 -8.713289261 -0.026282011 0.004505213 0.999644399 78.636817932
0.998499155 -0.049570896 0.023282111 6.578788280 0.049696781 0.998752475 -0.004859532 -8.844313622 -0.023012178 0.006009284 0.999717116 79.793777466
0.998676181 -0.047366768 0.020059599 6.652928352 0.047576122 0.998816609 -0.010091184 -8.971239090 -0.019557873 0.011032183 0.999747872 80.936523438
0.998592615 -0.050597224 0.015899368 6.739592075 0.050835434 0.998595059 -0.014953353 -9.109463692 -0.015120435 0.015740559 0.999761760 82.104431152
0.998447061 -0.054110900 0.013247707 6.798196793 0.054319441 0.998396635 -0.015923135 -9.237028122 -0.012364850 0.016618017 0.999785364 83.235313416
0.998473763 -0.054401480 0.009521659 6.864266872 0.054517195 0.998436451 -0.012346989 -9.366889954 -0.008835077 0.012847239 0.999878407 84.373619080
0.998471141 -0.054844007 0.006887432 6.927533150 0.054910347 0.998442829 -0.009843541 -9.497535706 -0.006336848 0.010206686 0.999927819 85.508621216
0.998613119 -0.052339189 0.005690388 6.975135803 0.052402817 0.998557746 -0.011676151 -9.623801231 -0.005071061 0.011958150 0.999915659 86.649696350
0.998800457 -0.048682578 0.005273046 7.025711536 0.048755780 0.998701334 -0.014779195 -9.751696587 -0.004546709 0.015018556 0.999876857 87.769409180
0.998870432 -0.047375184 0.003682446 7.092073441 0.047433268 0.998717010 -0.017730791 -9.876603127 -0.002837721 0.017885432 0.999835968 88.863960266
0.998808801 -0.048688404 0.003224613 7.131971836 0.048738729 0.998649538 -0.017991275 -10.018591881 -0.002344291 0.018127004 0.999832928 90.005012512
0.998753130 -0.049885198 0.001871930 7.182734013 0.049908154 0.998635292 -0.015389772 -10.147994995 -0.001101654 0.015464009 0.999879777 91.118957520
0.998700380 -0.050958380 0.000931402 7.231935978 0.050966062 0.998621643 -0.012542653 -10.279857635 -0.000290965 0.012573823 0.999920905 92.234817505
0.998690367 -0.051160108 -0.000261111 7.297811508 0.051153246 0.998617947 -0.012064566 -10.402008057 0.000877974 0.012035409 0.999927104 93.383018494
0.998663068 -0.051691316 -0.000132203 7.340783596 0.051684108 0.998560488 -0.014342375 -10.527992249 0.000873389 0.014316371 0.999897063 94.491386414
0.998649716 -0.051931009 -0.001398539 7.406633377 0.051897429 0.998489499 -0.018037016 -10.659477234 0.002333107 0.017940080 0.999836326 95.601158142
0.998626351 -0.052387461 -0.000996927 7.442410946 0.052358948 0.998446047 -0.019080814 -10.798028946 0.001994974 0.019002406 0.999817431 96.711082458
0.998583615 -0.053188305 -0.001334911 7.498137474 0.053157128 0.998434722 -0.017394416 -10.929517746 0.002258001 0.017298818 0.999847770 97.797294617
0.998652518 -0.051895011 -0.000027708 7.538280487 0.051890641 0.998575270 -0.012443330 -11.048689842 0.000673415 0.012425126 0.999922574 98.884422302
0.998728991 -0.050386254 0.001280955 7.585589886 0.050395641 0.998690188 -0.008848037 -11.170480728 -0.000833458 0.008901344 0.999960005 99.949455261
0.998830557 -0.048218962 0.003527150 7.625732422 0.048248965 0.998794913 -0.008983271 -11.289784431 -0.003089736 0.009142947 0.999953449 101.014213562
0.998915553 -0.046209838 0.005691352 7.673938751 0.046268754 0.998871684 -0.010695990 -11.411732674 -0.005190671 0.010947721 0.999926627 102.051765442
0.998878181 -0.046597812 0.008422397 7.723526955 0.046704467 0.998824835 -0.012944151 -11.535317421 -0.007809332 0.013322992 0.999880731 103.072074890
0.998791516 -0.047986347 0.010622361 7.762453079 0.048132408 0.998743474 -0.013950037 -11.647594452 -0.009939603 0.014444458 0.999846220 104.080894470
0.998683929 -0.049710106 0.012623787 7.821901321 0.049877770 0.998666406 -0.013333262 -11.760308266 -0.011944153 0.013945362 0.999831378 105.062973022
0.998650253 -0.049867775 0.014525107 7.874171257 0.050041880 0.998676479 -0.011880160 -11.878625870 -0.013913445 0.012590988 0.999823928 106.044075012
0.998582065 -0.051029921 0.015158511 7.951353550 0.051190522 0.998634756 -0.010401913 -11.983825684 -0.014607004 0.011163135 0.999830961 106.968544006
0.998516560 -0.051555350 0.017516708 8.001780510 0.051747866 0.998602569 -0.010720548 -12.092535973 -0.016939530 0.011611096 0.999789238 107.885444641
0.998515069 -0.051010977 0.019119807 8.061425209 0.051191047 0.998647869 -0.009049225 -12.190724373 -0.018632347 0.010014549 0.999776363 108.785934448
0.998525560 -0.050102480 0.020890752 8.119336128 0.050260559 0.998710811 -0.007111677 -12.287481308 -0.020507507 0.008151172 0.999756455 109.655311584
0.998488486 -0.050394915 0.021930726 8.183896065 0.050488289 0.998717725 -0.003724512 -12.389907837 -0.021714905 0.004826129 0.999752522 110.511596680
0.998448431 -0.050562460 0.023327963 8.246161461 0.050666302 0.998708129 -0.003881496 -12.480356216 -0.023101568 0.005057415 0.999720335 111.337982178
0.998466492 -0.049598802 0.024589747 8.294479370 0.049683895 0.998760998 -0.002861353 -12.571152687 -0.024417358 0.004078680 0.999693513 112.145233154
0.998574376 -0.047253363 0.024828266 8.348869324 0.047334947 0.998875380 -0.002707958 -12.649831772 -0.024672382 0.003879341 0.999688029 112.925399780
0.998696744 -0.044905279 0.024255874 8.393507004 0.044907171 0.998990953 0.000467294 -12.728186607 -0.024252385 0.000622578 0.999705672 113.676895142
0.998770654 -0.044681862 0.021463186 8.434865952 0.044656463 0.999001026 0.001661607 -12.815691948 -0.021515986 -0.000701095 0.999768257 114.420974731
0.998885095 -0.044734698 0.015073593 8.470111847 0.044713423 0.998998344 0.001746373 -12.889564514 -0.015136618 -0.001070434 0.999884844 115.118316650
0.999060690 -0.043099862 0.004484829 8.500320435 0.043098137 0.999070764 0.000480386 -12.963104248 -0.004501367 -0.000286647 0.999989867 115.788772583
0.999141157 -0.040360488 -0.009378528 8.498641014 0.040340956 0.999183416 -0.002262498 -13.033509254 0.009462183 0.001882216 0.999953449 116.434761047
0.998827100 -0.039136685 -0.028508786 8.503025055 0.039018773 0.999227524 -0.004680817 -13.103315353 0.028669951 0.003562948 0.999582589 117.049156189
0.998013616 -0.037346367 -0.050736219 8.466880798 0.037034456 0.999288976 -0.007074408 -13.171146393 0.050964341 0.005181367 0.998687148 117.635963440
0.996279001 -0.035856821 -0.078374200 8.425920486 0.035266005 0.999338210 -0.008909974 -13.238787651 0.078641817 0.006112875 0.996884227 118.203926086
0.993309081 -0.033445630 -0.110536672 8.353455544 0.032394450 0.999411345 -0.011292577 -13.302622795 0.110849284 0.007636244 0.993807971 118.752258301
0.988884151 -0.028842919 -0.145863906 8.247171402 0.027288048 0.999547541 -0.012649832 -13.369002342 0.146162778 0.008528874 0.989223838 119.303741455
0.982624412 -0.022758633 -0.184204534 8.133451462 0.020977311 0.999712527 -0.011613579 -13.434636116 0.184415892 0.007547669 0.982819438 119.799064636
0.974017978 -0.017443830 -0.225798160 7.994596481 0.015702754 0.999831617 -0.009504632 -13.492247581 0.225925893 0.005712030 0.974127710 120.302444458
0.962688446 -0.012893585 -0.270304918 7.817222595 0.011131383 0.999905586 -0.008051342 -13.549119949 0.270383179 0.004742067 0.962741017 120.796035767
0.948453426 -0.006725939 -0.316845000 7.628868103 0.004261094 0.999955058 -0.008471607 -13.605426788 0.316887796 0.006684821 0.948439479 121.254043579
0.930922985 0.001099595 -0.365213722 7.403877258 -0.004808134 0.999945700 -0.009245183 -13.661445618 0.365183681 0.010362551 0.930877805 121.726135254
0.909881771 0.005943301 -0.414825082 7.139358521 -0.011159660 0.999886215 -0.010152095 -13.714880943 0.414717585 0.013866514 0.909844518 122.163848877
0.884735107 0.010271900 -0.465981007 6.872222900 -0.016335741 0.999826252 -0.008976087 -13.766760826 0.465807855 0.015553605 0.884749174 122.576324463
0.855811775 0.013538169 -0.517110050 6.582641602 -0.021019287 0.999742031 -0.008613020 -13.812103271 0.516860008 0.018240409 0.855875611 122.976211548
0.824358761 0.023311326 -0.565587401 6.254661560 -0.031787455 0.999481499 -0.005136300 -13.863540649 0.565174460 0.022212738 0.824672282 123.340560913
0.790366828 0.036414634 -0.611550629 5.911689758 -0.044776101 0.998995721 0.001616428 -13.907246590 0.610995412 0.026105279 0.791203558 123.688720703
0.754091561 0.045166984 -0.655214369 5.557941437 -0.056083288 0.998416901 0.004278836 -13.947175980 0.654370427 0.033519939 0.755430818 124.008621216
0.714191198 0.048893873 -0.698240876 5.190792084 -0.062965684 0.998000622 0.005480300 -13.994653702 0.697112799 0.040051240 0.715841889 124.308021545
0.671948135 0.050827187 -0.738851964 4.809173584 -0.065985851 0.997783244 0.008628858 -14.040658951 0.737652779 0.042955626 0.673812509 124.588516235
0.627842605 0.054216549 -0.776449740 4.407173157 -0.069179796 0.997509956 0.013713066 -14.074728966 0.775259733 0.045104984 0.630029976 124.856689453
0.582866371 0.063031003 -0.810119808 3.980560303 -0.080471143 0.996563494 0.019639662 -14.107877731 0.808573604 0.053743966 0.585935414 125.085113525
0.537154734 0.071611561 -0.840438366 3.537647247 -0.091864467 0.995429337 0.026104011 -14.130105972 0.838466287 0.063184522 0.541278064 125.296432495
0.490208447 0.076888047 -0.868207335 3.084232330 -0.097184055 0.994711936 0.033219025 -14.162521362 0.866170168 0.068091661 0.495088518 125.496986389
0.443040162 0.077555574 -0.893140852 2.616893768 -0.096806273 0.994564533 0.038342159 -14.176887512 0.891259789 0.069474526 0.448139846 125.678916931
0.396137387 0.079394579 -0.914752245 2.144618988 -0.094466239 0.994491994 0.045406468 -14.199220657 0.913318872 0.068426006 0.401455551 125.844894409
0.350009680 0.082307413 -0.933123112 1.650394440 -0.096073225 0.994033635 0.051643543 -14.222059250 0.931806445 0.071572401 0.355828911 125.994590759
0.306055963 0.085572675 -0.948159933 1.147632599 -0.101238169 0.993230164 0.056961738 -14.243379593 0.946615398 0.078556478 0.312647223 126.111869812
0.264824420 0.087148353 -0.960350573 0.623590469 -0.105999455 0.992503464 0.060835905 -14.259134293 0.958453000 0.085685804 0.272076845 126.212722778
0.225853428 0.083625928 -0.970565200 0.098529816 -0.106399223 0.992465675 0.060753502 -14.274884224 0.968333244 0.089546017 0.233049527 126.307121277
0.191346675 0.078432858 -0.978383660 -0.439571381 -0.101339802 0.993053615 0.059789419 -14.292143822 0.976276934 0.087708712 0.197965905 126.393859863
0.160992891 0.073770933 -0.984194696 -0.993003845 -0.098595783 0.993416369 0.058334023 -14.314059258 0.982018411 0.087646082 0.167206511 126.471115112
0.133583426 0.071940601 -0.988422990 -1.551773071 -0.099239275 0.993319750 0.058885008 -14.334836960 0.986056268 0.090224311 0.139830396 126.553878784
0.111492276 0.071135335 -0.991216063 -2.133913994 -0.100332186 0.993143916 0.059988309 -14.350344658 0.988687456 0.092762627 0.117865048 126.617691040
0.093331262 0.072385818 -0.993000269 -2.741096497 -0.102780752 0.992725670 0.062705517 -14.362284660 0.990315795 0.096208937 0.100092202 126.664398193
0.076908633 0.070784360 -0.994522274 -3.343276978 -0.103529468 0.992651641 0.062645048 -14.387774467 0.991648555 0.098144419 0.083671741 126.718841553
0.063305832 0.069973283 -0.995538056 -3.965308189 -0.103031047 0.992667019 0.063219786 -14.415081978 0.992661536 0.098569155 0.070051014 126.761077881
0.050879918 0.067135818 -0.996445715 -4.608922958 -0.097591251 0.993297160 0.061940532 -14.435602188 0.993925154 0.094092824 0.057090741 126.814613342
0.038744770 0.064521708 -0.997163951 -5.256391048 -0.095259011 0.993606865 0.060590267 -14.453541756 0.994698286 0.092641279 0.044643346 126.856895447
0.027986707 0.064289957 -0.997538745 -5.915043831 -0.094727740 0.993609250 0.061379056 -14.475035667 0.995109737 0.092776760 0.033897892 126.891380310
0.018959675 0.065774716 -0.997654438 -6.585511208 -0.098341160 0.993118048 0.063606732 -14.497558594 0.994972169 0.096904509 0.025297564 126.900451660
0.010637403 0.064964980 -0.997830987 -7.281441689 -0.101167530 0.992836833 0.063561343 -14.520648003 0.994812548 0.100271948 0.017133556 126.919113159
0.004144080 0.064463846 -0.997911453 -7.968544006 -0.103816025 0.992555439 0.063686728 -14.542217255 0.994587958 0.103335269 0.010805610 126.937240601
-0.001495359 0.066022709 -0.997817099 -8.662864685 -0.104568072 0.992337465 0.065816857 -14.565917015 0.994516611 0.104438215 0.005419970 126.955207825
-0.004826855 0.068012699 -0.997672796 -9.384634018 -0.106166273 0.992010832 0.068140380 -14.581434250 0.994336665 0.106248096 0.002432363 126.976615906
-0.005739629 0.071536586 -0.997421443 -10.103439331 -0.108526617 0.991501808 0.071736537 -14.602648735 0.994076967 0.108658530 0.002072772 126.990493774
-0.006649446 0.075092323 -0.997154415 -10.835708618 -0.111403175 0.990913332 0.075365223 -14.617609024 0.993753016 0.111587308 0.001776499 127.000541687
-0.008105196 0.080519095 -0.996720076 -11.566138268 -0.116262324 0.989917219 0.080914915 -14.628361702 0.993185461 0.116536826 0.001337863 127.012382507
-0.009312058 0.084249906 -0.996401191 -12.303914070 -0.119230837 0.989242017 0.084758870 -14.641908646 0.992822886 0.119591013 0.000833309 127.028564453
-0.010824108 0.084680051 -0.996349394 -13.049701691 -0.118542850 0.989272535 0.085366398 -14.657349586 0.992890000 0.119034119 -0.000669779 127.044548035
-0.011846974 0.081365198 -0.996613860 -13.819210052 -0.116915241 0.989734828 0.082193382 -14.676271439 0.993071258 0.117493100 -0.002212529 127.060066223
-0.013644952 0.078187764 -0.996845305 -14.570432663 -0.120714389 0.989517510 0.079265371 -14.683544159 0.992593527 0.121415123 -0.004063533 127.072990417
-0.014696352 0.079695284 -0.996710896 -15.342248917 -0.125477552 0.988791406 0.080912203 -14.692855835 0.991987705 0.126253963 -0.004531660 127.073333740
-0.016214838 0.082910791 -0.996425033 -16.118310928 -0.122631244 0.988867581 0.084277518 -14.707312584 0.992319763 0.123559415 -0.005866872 127.088058472
-0.018260881 0.083004870 -0.996381760 -16.893566132 -0.121437415 0.988986015 0.084614366 -14.722695351 0.992430985 0.122543164 -0.007979861 127.101913452
-0.019079769 0.082419693 -0.996414959 -17.683025360 -0.124652416 0.988624573 0.084162191 -14.732986450 0.992017031 0.125811353 -0.008588914 127.100784302
-0.020114407 0.081964761 -0.996432245 -18.475002289 -0.128628761 0.988139153 0.083879136 -14.743906975 0.991488814 0.129857019 -0.009332807 127.112297058
-0.021462092 0.086140878 -0.996051788 -19.271877289 -0.130536541 0.987511218 0.088214971 -14.749240875 0.991211236 0.131914407 -0.009949522 127.121788025
-0.022175459 0.091147535 -0.995590448 -20.073291779 -0.129732251 0.987153172 0.093264692 -14.763204575 0.991301060 0.131228372 -0.010065801 127.134468079
-0.021093052 0.093521841 -0.995393753 -20.898805618 -0.131000310 0.986773014 0.095487855 -14.769420624 0.991157889 0.132411018 -0.008562666 127.148216248
-0.019357480 0.092357174 -0.995537758 -21.716869354 -0.130366296 0.986990452 0.094099090 -14.775856972 0.991276860 0.131606117 -0.007065386 127.160629272
-0.018165806 0.092518985 -0.995545089 -22.547998428 -0.130333632 0.986994326 0.094102554 -14.781492233 0.991303742 0.131462470 -0.005871213 127.170928955
-0.017909301 0.091398589 -0.995653272 -23.372934341 -0.128659233 0.987323344 0.092948169 -14.783903122 0.991527081 0.129764646 -0.005922999 127.191459656
-0.017248236 0.093322255 -0.995486498 -24.210165024 -0.129542306 0.987034202 0.094774395 -14.790111542 0.991423905 0.130592331 -0.004935419 127.211601257
-0.016666397 0.095286824 -0.995310307 -25.047969818 -0.131169468 0.986636996 0.096652910 -14.789976120 0.991219938 0.132165208 -0.003944959 127.226394653
-0.016465034 0.097905047 -0.995059550 -25.927930832 -0.134371489 0.985949934 0.099232174 -14.791316986 0.990794241 0.135341525 -0.003078049 127.237144470
-0.014832700 0.099054933 -0.994971335 -26.791786194 -0.136567637 0.985554934 0.100153372 -14.788318634 0.990519762 0.137366429 -0.001090743 127.248764038
-0.013080080 0.102300361 -0.994667590 -27.661140442 -0.143432528 0.984273255 0.103117488 -14.789131165 0.989573538 0.144016445 0.001798823 127.262001038
-0.010839987 0.106051408 -0.994301498 -28.542785645 -0.147991180 0.983239293 0.106484935 -14.782246590 0.988929272 0.148302123 0.005036371 127.278663635
-0.008756978 0.107869804 -0.994126379 -29.417329788 -0.150588095 0.982684612 0.107954763 -14.776163101 0.988557756 0.150648981 0.007638563 127.308898926
-0.004915293 0.108474568 -0.994087100 -30.315628052 -0.149026230 0.982918501 0.107992716 -14.773985863 0.988820970 0.148675889 0.011334227 127.330406189
-0.002174397 0.108356938 -0.994109690 -31.207576752 -0.151601821 0.982586026 0.107432447 -14.766737938 0.988439202 0.150942490 0.014290578 127.358375549
0.000131436 0.112105787 -0.993696272 -32.109279633 -0.152118251 0.982134223 0.110781267 -14.757972717 0.988362312 0.151144788 0.017182425 127.390914917
0.002551897 0.114376470 -0.993434191 -33.018821716 -0.151618913 0.981996536 0.112670146 -14.753107071 0.988435745 0.150335893 0.019847589 127.425827026
0.004316309 0.115643419 -0.993281364 -33.910842896 -0.152292863 0.981780112 0.113642588 -14.749032974 0.988325953 0.150779173 0.021849329 127.466743469
0.006758104 0.113756083 -0.993485749 -34.813606262 -0.153506532 0.981850505 0.111379601 -14.741634369 0.988124490 0.151753813 0.024097748 127.499000549
0.007255059 0.114892900 -0.993351340 -35.727058411 -0.157947764 0.981039166 0.112315260 -14.729548454 0.987420917 0.156082734 0.025264576 127.537094116
0.008326205 0.115476854 -0.993275285 -36.620880127 -0.158657521 0.980879843 0.112705804 -14.724216461 0.987298608 0.156652182 0.026488276 127.574134827
0.008671129 0.112079747 -0.993661463 -37.517623901 -0.159206107 0.981178343 0.109282412 -14.721456528 0.987207294 0.157249361 0.026351705 127.607231140
0.009231132 0.108017825 -0.994106114 -38.421260834 -0.160504684 0.981418371 0.105148792 -14.723474503 0.986991942 0.158588022 0.026396969 127.656478882
0.009730116 0.107238173 -0.994185686 -39.318389893 -0.160131425 0.981568754 0.104310036 -14.717271805 0.987047791 0.158185437 0.026722979 127.697631836
0.009473491 0.111395262 -0.993731081 -40.218650818 -0.162357658 0.980760276 0.108393483 -14.714275360 0.986686468 0.160312951 0.027377099 127.741317749
0.010039318 0.117406599 -0.993033290 -41.156936646 -0.163172662 0.979964375 0.114211887 -14.698077202 0.986546457 0.160889238 0.028995726 127.774116516
0.010403723 0.116174206 -0.993174314 -42.052368164 -0.161111027 0.980446100 0.112997703 -14.698101044 0.986881435 0.158835724 0.028917238 127.817192078
0.011337820 0.105705895 -0.994332731 -42.942493439 -0.160544619 0.981688738 0.102531120 -14.702769279 0.986963451 0.158472285 0.028100718 127.860534668
0.011397317 0.095402695 -0.995373428 -43.862430573 -0.162001729 0.982463360 0.092310332 -14.709285736 0.986724675 0.160200179 0.026652843 127.902336121
0.010227297 0.092438221 -0.995665789 -44.763454437 -0.158782169 0.983234763 0.089653134 -14.717845917 0.987260640 0.157177091 0.024733376 127.949363708
0.010446516 0.102524020 -0.994675636 -45.686176300 -0.151501060 0.983408928 0.099771604 -14.720011711 0.988401890 0.149652198 0.025805693 127.995864868
0.010332684 0.115664408 -0.993234634 -46.625125885 -0.146703944 0.982714891 0.112913191 -14.717260361 0.989126503 0.144544736 0.027122503 128.055694580
0.010541847 0.124548510 -0.992157638 -47.546215057 -0.147061452 0.981616616 0.121662714 -14.707168579 0.989071190 0.144625589 0.028664339 128.101516724
0.010270781 0.118834950 -0.992860973 -48.463191986 -0.147170350 0.982280076 0.116046116 -14.703759193 0.989057899 0.144927785 0.027577763 128.142639160
0.010290001 0.105461732 -0.994370103 -49.375957489 -0.146874130 0.983796716 0.102820434 -14.704353333 0.989101648 0.144989237 0.025612868 128.189743042
0.010762978 0.096568614 -0.995268106 -50.290145874 -0.147327036 0.984616578 0.093941875 -14.703292847 0.989029229 0.145618826 0.024824573 128.233413696
0.011075738 0.096696898 -0.995252311 -51.218925476 -0.146406621 0.984743774 0.094046623 -14.711602211 0.989162505 0.144669890 0.025063829 128.279983521
0.010598471 0.098237097 -0.995106578 -52.161361694 -0.149644837 0.984111309 0.095557839 -14.729791641 0.988682985 0.147899792 0.025130745 128.321975708
0.011119612 0.097727567 -0.995150983 -53.088153839 -0.154248253 0.983468235 0.094856709 -14.731788635 0.987969458 0.152445525 0.026010083 128.355834961
0.011637935 0.097239345 -0.995192945 -54.027683258 -0.155958727 0.983256757 0.094249271 -14.734384537 0.987694979 0.154112130 0.026608398 128.395950317
0.012511873 0.105005100 -0.994392931 -54.990737915 -0.164820001 0.981084466 0.101525933 -14.738632202 0.986244321 0.162625521 0.029582141 128.434509277
0.013927540 0.114445038 -0.993331969 -55.930992126 -0.170308352 0.979183853 0.110427089 -14.730785370 0.985292494 0.167634711 0.033128563 128.473464966
0.015186675 0.122811481 -0.992313862 -56.888683319 -0.170596644 0.978195012 0.118453249 -14.724163055 0.985223949 0.167486474 0.035806756 128.515930176
0.016068615 0.123370543 -0.992230713 -57.842090607 -0.172161013 0.977879167 0.118798092 -14.715178490 0.984937847 0.168914482 0.036952756 128.564086914
0.017698647 0.113768727 -0.993349612 -58.780422211 -0.174318433 0.978640258 0.108978197 -14.710491180 0.984530270 0.171230391 0.037152596 128.609146118
0.019025806 0.108763292 -0.993885577 -59.718490601 -0.172695354 0.979481995 0.103881195 -14.703588486 0.984791577 0.169662997 0.037418354 128.662841797
0.020792957 0.107155539 -0.994024754 -60.688747406 -0.171005681 0.979969561 0.102063268 -14.702551842 0.985050619 0.167861670 0.038700670 128.720230103
0.023985170 0.113052823 -0.993299425 -61.645488739 -0.172614694 0.979130685 0.107272066 -14.700082779 0.984697402 0.168885112 0.042999197 128.781204224
0.027505292 0.115205586 -0.992960751 -62.625961304 -0.175595924 0.978447556 0.108657673 -14.701094627 0.984077990 0.171371207 0.047142114 128.835647583
0.031259418 0.110232607 -0.993414104 -63.581588745 -0.174627230 0.979215503 0.103162132 -14.701581955 0.984138250 0.170252383 0.049859323 128.897399902
0.034572098 0.104118735 -0.993963778 -64.537773132 -0.174445093 0.979919016 0.096579954 -14.702880859 0.984059811 0.170053110 0.052040853 128.961822510
0.038657244 0.103944585 -0.993831575 -65.496345520 -0.172207698 0.980387211 0.095840044 -14.701702118 0.984301805 0.167440534 0.055799123 129.026916504
0.040346801 0.108648792 -0.993261099 -66.452041626 -0.169624761 0.980386257 0.100350223 -14.719161987 0.984682500 0.164432898 0.057984993 129.120193481
0.043810230 0.115498155 -0.992341101 -67.410423279 -0.169130459 0.979814827 0.106573388 -14.719517708 0.984619558 0.163166106 0.062460165 129.197799683
0.046254553 0.118981846 -0.991818488 -68.375411987 -0.166880250 0.979848444 0.109763250 -14.718393326 0.984891653 0.160437837 0.065178171 129.283691406
0.048433132 0.120731540 -0.991503000 -69.356040955 -0.166507408 0.979753613 0.111167267 -14.719134331 0.984849989 0.159708411 0.067555234 129.362136841
0.050961848 0.118201979 -0.991680980 -70.296112061 -0.165222660 0.980286360 0.108353086 -14.718750000 0.984938741 0.158326313 0.069486856 129.433105469
0.051642783 0.116906896 -0.991799295 -71.243728638 -0.163205639 0.980760932 0.107107684 -14.722091675 0.985239506 0.156335890 0.069729097 129.520111084
0.052131489 0.113288023 -0.992193580 -72.187042236 -0.160201579 0.981625915 0.103664137 -14.729203224 0.985706687 0.153546825 0.069322541 129.609420776
0.051971354 0.112674065 -0.992271841 -73.181434631 -0.158607125 0.981934309 0.103192993 -14.717889786 0.985973001 0.152018324 0.068903357 129.692153931
0.051746123 0.117465839 -0.991727948 -74.134689331 -0.155311182 0.981922150 0.108200595 -14.719554901 0.986509323 0.148427486 0.069054417 129.777801514
0.051206511 0.119259425 -0.991541803 -75.096267700 -0.149311811 0.982599437 0.110472918 -14.723331451 0.987463355 0.142391995 0.068122335 129.874130249
0.050395578 0.114915259 -0.992096126 -76.054298401 -0.146518216 0.983461261 0.106472358 -14.712976456 0.987923384 0.139994398 0.066399276 129.956039429
0.049394105 0.110799268 -0.992614627 -77.022605896 -0.148816720 0.983550429 0.102382116 -14.710828781 0.987630367 0.142660573 0.065070376 130.025833130
0.048118722 0.108148113 -0.992969692 -77.970939636 -0.145320296 0.984301567 0.100161918 -14.713819504 0.988213837 0.139478981 0.063079447 130.109375000
0.046637639 0.108900875 -0.992958069 -78.934883118 -0.145499155 0.984178841 0.101104178 -14.715284348 0.988258481 0.139759287 0.061744757 130.181701660
0.045711182 0.110031113 -0.992876470 -79.892433167 -0.146706879 0.983878016 0.102279633 -14.716344833 0.988123238 0.140986487 0.061116546 130.255844116
0.044038005 0.110140607 -0.992939889 -80.846061707 -0.148246273 0.983620942 0.102532022 -14.717783928 0.987969518 0.142684355 0.059644628 130.331939697
0.043049291 0.111258321 -0.992858648 -81.797485352 -0.147995114 0.983526230 0.103795655 -14.720157623 0.988050699 0.142469913 0.058805797 130.395935059
0.041113973 0.111595914 -0.992902815 -82.762779236 -0.148084760 0.983448684 0.104401462 -14.720682144 0.988119662 0.142741427 0.056959137 130.465454102
0.039390951 0.114049077 -0.992693841 -83.716514587 -0.147949755 0.983180344 0.107085295 -14.714515686 0.988210082 0.142650619 0.055601936 130.539657593
0.037989579 0.117915578 -0.992296636 -84.670791626 -0.149332374 0.982532561 0.111038193 -14.706598282 0.988056958 0.143963739 0.054934610 130.597961426
0.035195973 0.123040251 -0.991777360 -85.615356445 -0.150478348 0.981730521 0.116453700 -14.698175430 0.987986743 0.145142302 0.053067848 130.668991089
0.033223104 0.122682706 -0.991889715 -86.559234619 -0.150246784 0.981772482 0.116398863 -14.691934586 0.988090158 0.145161107 0.051050216 130.734039307
0.031863689 0.118330404 -0.992462933 -87.506690979 -0.151115716 0.982122660 0.112245880 -14.692524910 0.988002419 0.146400183 0.049175635 130.794433594
0.030088833 0.112882122 -0.993152618 -88.448265076 -0.154622674 0.982167840 0.106949113 -14.673276901 0.987515330 0.150345951 0.047006432 130.846527100
0.028877387 0.110902682 -0.993411541 -89.390411377 -0.152546853 0.982673764 0.105269551 -14.670578003 0.987874329 0.148501918 0.045294899 130.912582397
0.028755836 0.111850254 -0.993308902 -90.359939575 -0.147794425 0.983273625 0.106441662 -14.668426514 0.988599956 0.143744677 0.044805702 130.960525513
0.028098749 0.113062494 -0.993190408 -91.308242798 -0.144838601 0.983557940 0.107868269 -14.665450096 0.989056289 0.140821368 0.044012569 131.023178101
0.027271528 0.112992160 -0.993221521 -92.253623962 -0.139407232 0.984311461 0.108150728 -14.668538094 0.989859521 0.135512799 0.042595603 131.087219238
0.025872344 0.110233709 -0.993568897 -93.194114685 -0.135241479 0.985150099 0.105778016 -14.671118736 0.990474820 0.131634966 0.040396310 131.153396606
0.025236296 0.106886953 -0.993950844 -94.139152527 -0.130088821 0.986164391 0.102746658 -14.672089577 0.991181135 0.126708940 0.038791928 131.215667725
0.023417218 0.109714247 -0.993687272 -95.123916626 -0.128424823 0.986054718 0.105845064 -14.675741196 0.991442740 0.125135511 0.037180696 131.273757935
0.022003695 0.112052858 -0.993458569 -96.072242737 -0.127784535 0.985864162 0.108366005 -14.672561646 0.991557837 0.124564193 0.036011267 131.331283569
0.020609790 0.110091388 -0.993707776 -97.029830933 -0.123568304 0.986578763 0.106738739 -14.668960571 0.992122054 0.120590918 0.033936992 131.382659912
0.018644953 0.106844880 -0.994100809 -97.978927612 -0.120733202 0.987238646 0.103842922 -14.667684555 0.992509842 0.118084833 0.031306744 131.433425903
0.014594097 0.104514629 -0.994416237 -98.944145203 -0.119335808 0.987595797 0.102046408 -14.665211678 0.992746711 0.117180198 0.026885407 131.492462158
0.011921506 0.103574596 -0.994550228 -99.899116516 -0.113790616 0.988300204 0.101559706 -14.672399521 0.993433177 0.111959755 0.023567840 131.541595459
0.009812528 0.103406258 -0.994590819 -100.857780457 -0.106891140 0.989048004 0.101775415 -14.663830757 0.994222343 0.105314277 0.020758275 131.584304810
0.006912460 0.111602001 -0.993729055 -101.821868896 -0.096967757 0.989144206 0.110412605 -14.665938377 0.995263457 0.095596455 0.017659219 131.649658203
0.004159702 0.119757742 -0.992794335 -102.779731750 -0.088960446 0.988910973 0.118916556 -14.660358429 0.996026397 0.087824792 0.014767277 131.705825806
0.000884217 0.119157255 -0.992874920 -103.734451294 -0.084466808 0.989336014 0.118657306 -14.651491165 0.996425927 0.083760068 0.010939619 131.755752563
-0.001106118 0.109614797 -0.993973494 -104.686965942 -0.086021453 0.990279317 0.109303117 -14.657097816 0.996292651 0.085623950 0.008333858 131.780120850
-0.003148023 0.100416996 -0.994940460 -105.633880615 -0.087868266 0.991069198 0.100304298 -14.654510498 0.996127129 0.087739453 0.005703557 131.816452026
-0.003451365 0.102007732 -0.994777620 -106.596008301 -0.095316805 0.990220606 0.101871140 -14.656418800 0.995441079 0.095170610 0.006305438 131.834136963
-0.004682832 0.111205854 -0.993786275 -107.559043884 -0.098550096 0.988908112 0.111124344 -14.641420364 0.995121062 0.098458104 0.006328458 131.872741699
-0.006296786 0.122464947 -0.992452860 -108.521942139 -0.102518737 0.987163961 0.122462772 -14.627132416 0.994711161 0.102516130 0.006338993 131.901947021
-0.007528373 0.123918489 -0.992263794 -109.470603943 -0.109413996 0.986232042 0.123995341 -14.611229897 0.993967712 0.109501041 0.006133693 131.929641724
-0.007490213 0.121618532 -0.992548645 -110.450492859 -0.117084756 0.985642433 0.121655874 -14.598419189 0.993093669 0.117123537 0.006857005 131.948272705
-0.007933440 0.117456533 -0.993046343 -111.403877258 -0.125158414 0.985151708 0.117522657 -14.582369804 0.992105126 0.125220463 0.006885032 131.973815918
-0.005168432 0.119358078 -0.992837787 -112.371650696 -0.129745781 0.984378636 0.119016536 -14.559641838 0.991533756 0.129431650 0.010398512 131.992385864
-0.003994487 0.120502599 -0.992704928 -113.354408264 -0.137832373 0.983171463 0.119899981 -14.538957596 0.990447521 0.137305796 0.012681895 132.017379761
-0.003325610 0.123159029 -0.992381394 -114.318901062 -0.147042498 0.981539428 0.122306250 -14.519416809 0.989124596 0.146328971 0.014845394 132.036132812
-0.003052882 0.125536248 -0.992084265 -115.293823242 -0.152840778 0.980374098 0.124524780 -14.497626305 0.988246143 0.152011111 0.016194094 132.061355591
-0.003050683 0.125176400 -0.992129803 -116.267379761 -0.156301379 0.979880691 0.124111541 -14.487639427 0.987704635 0.155449897 0.016575940 132.101409912
-0.001564073 0.115611531 -0.993293285 -117.221817017 -0.155260697 0.981221139 0.114450946 -14.486839294 0.987872303 0.154398412 0.016415227 132.134979248
-0.000184982 0.104252420 -0.994550765 -118.174331665 -0.158416718 0.981988966 0.102965109 -14.476378441 0.987372279 0.157572508 0.016333679 132.171051025
