1.000000000 0.000000000 0.000000000 0.000000000 0.000000000 1.000000000 0.000000000 0.000000000 0.000000000 0.000000000 1.000000000 0.000000000
0.999997854 -0.001610181 -0.001325723 0.048344880 0.001607324 0.999996364 -0.002153078 -0.132545277 0.001329185 0.002150943 0.999996781 1.298334002
0.999997795 0.000041351 -0.002103309 0.103432164 -0.000054680 0.999979913 -0.006337394 -0.268088639 0.002103004 0.006337496 0.999977708 2.603574038
0.999996066 0.002525826 -0.001242784 0.146702006 -0.002535602 0.999965370 -0.007928428 -0.406471968 0.001222715 0.007931548 0.999967813 3.907488823
0.999983251 0.005771720 0.000290634 0.192169815 -0.005769661 0.999961317 -0.006646393 -0.545178652 -0.000328983 0.006644604 0.999977887 5.220334530
0.999974549 0.006689696 0.002489547 0.240858465 -0.006681748 0.999972582 -0.003187239 -0.692254007 -0.002510800 0.003170524 0.999991775 6.541709900
0.999959409 0.006911985 0.005788493 0.298002720 -0.006900896 0.999974310 -0.001933452 -0.829575598 -0.005801709 0.001893428 0.999981344 7.844285488
0.999942482 0.005472563 0.009237041 0.351410389 -0.005456314 0.999983549 -0.001783341 -0.962587535 -0.009246649 0.001732838 0.999955773 9.151375771
0.999912500 0.004202357 0.012539592 0.430132896 -0.004181636 0.999989867 -0.001678247 -1.099618316 -0.012546515 0.001625664 0.999919951 10.450928688
0.999868512 0.002908070 0.015951807 0.493200719 -0.002869601 0.999992907 -0.002433970 -1.237738609 -0.015958775 0.002387874 0.999869764 11.761973381
0.999814332 0.001676307 0.019192575 0.570390582 -0.001614250 0.999993443 -0.003248410 -1.373029947 -0.019197894 0.003216826 0.999810517 13.055695534
0.999745369 0.001482385 0.022516852 0.643054068 -0.001407715 0.999993443 -0.003331705 -1.518733621 -0.022521643 0.003299159 0.999740899 14.379838943
0.999664009 0.001385759 0.025879757 0.728197873 -0.001270967 0.999989331 -0.004451503 -1.656438708 -0.025885651 0.004417115 0.999655128 15.673617363
0.999571919 0.002471539 0.029152371 0.806880236 -0.002345928 0.999987841 -0.004342162 -1.794778228 -0.029162750 0.004271914 0.999565482 16.975564957
0.999473155 0.002018035 0.032393441 0.896723330 -0.001892393 0.999990642 -0.003908833 -1.934081674 -0.032401022 0.003845474 0.999467552 18.262420654
0.999404132 0.000433538 0.034514170 0.997229993 -0.000304251 0.999992847 -0.003751067 -2.075258017 -0.034515541 0.003738331 0.999397159 19.560752869
0.999343812 -0.002049307 0.036161311 1.094855547 0.002232868 0.999984860 -0.005036529 -2.215876102 -0.036150433 0.005113968 0.999333262 20.835235596
0.999307394 -0.001870045 0.037168235 1.195433497 0.002122804 0.999974906 -0.006762108 -2.358274937 -0.037154663 0.006836324 0.999286115 22.143985748
0.999255776 -0.001745347 0.038535099 1.276564002 0.002106567 0.999954224 -0.009335170 -2.502632856 -0.038517043 0.009409400 0.999213636 23.430404663
0.999221385 -0.001070046 0.039440218 1.380445838 0.001498255 0.999940217 -0.010829218 -2.644384384 -0.039426267 0.010879876 0.999163270 24.712379456
0.999193609 -0.000408422 0.040150154 1.484333634 0.000873908 0.999932587 -0.011576773 -2.792043209 -0.040142715 0.011602525 0.999126613 25.982830048
0.999156117 -0.001920657 0.041031901 1.576313257 0.002351961 0.999942601 -0.010465721 -2.938046217 -0.041009445 0.010553392 0.999103010 27.274759293
0.999153137 -0.004885747 0.040855207 1.682594538 0.005265754 0.999943912 -0.009198886 -3.085376740 -0.040807970 0.009406228 0.999122679 28.551128387
0.999174356 -0.006330143 0.040131249 1.775405884 0.006722038 0.999931097 -0.009637946 -3.232222080 -0.040067475 0.009899756 0.999147952 29.840827942
0.999177098 -0.007952807 0.039773747 1.871878147 0.008445503 0.999889553 -0.012234811 -3.376255274 -0.039672054 0.012560653 0.999133885 31.100709915
0.999221742 -0.008318350 0.038555760 1.986431122 0.008803860 0.999883890 -0.012439851 -3.524710655 -0.038447797 0.012769612 0.999179006 32.391376495
0.999233902 -0.008862173 0.038118076 2.080772400 0.009366522 0.999870718 -0.013073089 -3.666480780 -0.037997279 0.013420108 0.999187768 33.658882141
0.999250770 -0.009295772 0.037569810 2.178905964 0.009784633 0.999869585 -0.012849209 -3.814667940 -0.037445467 0.013207191 0.999211371 34.926887512
0.999258876 -0.009879116 0.037202075 2.268839121 0.010383420 0.999856532 -0.013387012 -3.958932161 -0.037064485 0.013763376 0.999218106 36.184474945
0.999300539 -0.010490290 0.035894785 2.384560585 0.010979865 0.999848962 -0.013469308 -4.119441986 -0.035748076 0.013854004 0.999264777 37.479789734
0.999296427 -0.010231150 0.036084175 2.473454714 0.010654856 0.999876320 -0.011569445 -4.267923832 -0.035961345 0.011945776 0.999281704 38.745944977
0.999259293 -0.010212517 0.037102442 2.572963715 0.010608996 0.999888539 -0.010504887 -4.407323837 -0.036991026 0.010890727 0.999256194 40.004554749
0.999189913 -0.011892089 0.038445484 2.690234184 0.012244719 0.999884963 -0.008949778 -4.548619747 -0.038334619 0.009413282 0.999220610 41.252075195
0.999062717 -0.013115695 0.041249286 2.776756287 0.013544065 0.999857008 -0.010122657 -4.694625378 -0.041110620 0.010671855 0.999097586 42.514045715
0.998937488 -0.014355971 0.043791700 2.871495724 0.014950396 0.999800026 -0.013276704 -4.844284058 -0.043592345 0.013917300 0.998952448 43.764602661
0.998838961 -0.015444391 0.045631066 2.978064299 0.016109852 0.999768794 -0.014251985 -4.992870808 -0.045400389 0.014970550 0.998856664 45.025691986
0.998718262 -0.015673274 0.048127547 3.106129885 0.016326848 0.999779403 -0.013217126 -5.124864101 -0.047909766 0.013985956 0.998753786 46.261081696
0.998516738 -0.016821379 0.051781368 3.217482090 0.017351465 0.999801397 -0.009804515 -5.279651165 -0.051606148 0.010688456 0.998610437 47.534255981
0.998236120 -0.019674284 0.056012206 3.329229593 0.020130714 0.999768496 -0.007596233 -5.419896603 -0.055849791 0.008710400 0.998401165 48.754287720
0.997992635 -0.021913059 0.059417699 3.459943295 0.022439528 0.999714494 -0.008207696 -5.559133530 -0.059220880 0.009524526 0.998199463 50.006069183
0.997721255 -0.025231995 0.062575154 3.606732845 0.026034631 0.999588430 -0.012044649 -5.694366932 -0.062245492 0.013646323 0.997967541 51.240444183
0.997429848 -0.026586175 0.066536531 3.737345695 0.027452631 0.999549329 -0.012141822 -5.828402519 -0.066183746 0.013937215 0.997710109 52.467426300
0.997086227 -0.028902454 0.070596017 3.869352579 0.029639045 0.999516487 -0.009408558 -5.971672535 -0.070289940 0.011473540 0.997460604 53.687110901
0.996799827 -0.031707145 0.073380977 4.026286125 0.032259144 0.999459386 -0.006349245 -6.101782799 -0.073139988 0.008696134 0.997283757 54.901359558
0.996570945 -0.034277860 0.075309262 4.179612160 0.034719914 0.999386549 -0.004568070 -6.234021187 -0.075106487 0.007167135 0.997149825 56.119037628
0.996342182 -0.037604619 0.076733276 4.330052376 0.037835062 0.999282897 -0.001551091 -6.356022358 -0.076619893 0.004448626 0.997050464 57.330642700
0.996187389 -0.040552363 0.077240974 4.481842518 0.040674798 0.999172390 -0.000011786 -6.485722065 -0.077176593 0.003153502 0.997012496 58.536270142
0.996134162 -0.042707797 0.076766282 4.627358437 0.043087758 0.999065816 -0.003299349 -6.608249664 -0.076553658 0.006594282 0.997043610 59.737617493
0.996158481 -0.043991249 0.075717561 4.781049252 0.044696517 0.998971283 -0.007644336 -6.737185955 -0.075303383 0.010999281 0.997099936 60.925846100
0.996151805 -0.045321058 0.075017452 4.910093307 0.046311148 0.998860657 -0.011510698 -6.867643833 -0.074410327 0.014940546 0.997115791 62.127506256
0.996198416 -0.046697926 0.073538959 5.059126377 0.047841586 0.998758614 -0.013866950 -6.999839783 -0.072800130 0.017332455 0.997195899 63.321258545
0.996323049 -0.047276773 0.071450651 5.191049576 0.048403695 0.998727977 -0.014122720 -7.134321213 -0.070692070 0.017529268 0.997344136 64.503074646
0.996533573 -0.046755578 0.068809249 5.323446751 0.047784843 0.998767853 -0.013388038 -7.269814491 -0.068098523 0.016629668 0.997539997 65.679130554
0.996792376 -0.045888186 0.065568276 5.445968151 0.046729483 0.998843074 -0.011354555 -7.412770748 -0.064971365 0.014382103 0.997783482 66.878128052
0.997186661 -0.042158607 0.061980188 5.565761089 0.042718876 0.999057174 -0.007741805 -7.543409348 -0.061595369 0.010367748 0.998047352 68.052024841
0.997406662 -0.040266465 0.059652995 5.672802925 0.040666889 0.999157608 -0.005513369 -7.666815281 -0.059380736 0.007924972 0.998203933 69.219543457
0.997698545 -0.039034087 0.055441849 5.803658009 0.039551083 0.999183536 -0.008258338 -7.812609673 -0.055074226 0.010432120 0.998427689 70.427650452
0.997884870 -0.039379019 0.051720377 5.914681435 0.040204249 0.999078691 -0.015013002 -7.942448139 -0.051081531 0.017060626 0.998548746 71.584938049
0.997920990 -0.043068144 0.047947481 6.022525787 0.043977704 0.998868883 -0.018078830 -8.077964783 -0.047114626 0.020149859 0.998686194 72.760055542
0.997948647 -0.046853974 0.043627910 6.150171757 0.047490299 0.998778224 -0.013664114 -8.211833000 -0.042934392 0.015707981 0.998954415 73.951263428
0.997960746 -0.050490241 0.039053217 6.258040428 0.050882164 0.998663187 -0.009107034 -8.336451530 -0.038541198 0.011075573 0.999195576 75.108909607
0.998000264 -0.052947834 0.034523401 6.352625847 0.053185746 0.998566568 -0.006009324 -8.466996193 -0.034155738 0.007833461 0.999385834 76.294395447
0.998179495 -0.052146401 0.030306812 6.443572998 0.052279904 0.998625875 -0.003628855 -8.590850830 -0.030075938 0.005206686 0.999534070 77.454788208
0.998329878 -0.051427066 0.026320081 6.539491653 0.051555157 0.998661280 -0.004211280 -8.700910568 -0.026068268 0.005561182 0.999644697 78.614433289
0.998461306 -0.050334591 0.023268493 6.604355335 0.050474286 0.998710454 -0.005455321 -8.837090492 -0.022963895 0.006621387 0.999714375 79.781669617
0.998649597 -0.047945447 0.020005019 6.680485725 0.048162181 0.998784304 -0.010496015 -8.964813232 -0.019477462 0.011445327 0.999744773 80.928581238
0.998548746 -0.051431291 0.015979581 6.765803337 0.051674068 0.998548687 -0.015170706 -9.104978561 -0.015176140 0.015974419 0.999757171 82.089332581
0.998396575 -0.054963093 0.013538228 6.820416927 0.055183768 0.998339713 -0.016504683 -9.234024048 -0.012608604 0.017225308 0.999772131 83.218254089
0.998423398 -0.055283763 0.009717903 6.887444973 0.055408292 0.998378456 -0.013049429 -9.363679886 -0.008980723 0.013567307 0.999867678 84.355606079
0.998425961 -0.055627640 0.007153135 6.952358246 0.055701353 0.998391747 -0.010554356 -9.493749619 -0.006554518 0.010936183 0.999918640 85.493766785
0.998562574 -0.053293869 0.005708188 6.998523235 0.053361103 0.998498738 -0.012357283 -9.621463776 -0.005041051 0.012644116 0.999907315 86.636489868
0.998753786 -0.049641233 0.005140853 7.050790310 0.049714267 0.998647511 -0.015215442 -9.751484871 -0.004378587 0.015452054 0.999871075 87.755874634
0.998834550 -0.048125267 0.003661178 7.115369320 0.048184168 0.998672724 -0.018197488 -9.877015114 -0.002780559 0.018352693 0.999827683 88.854858398
0.998737633 -0.050119977 0.003311128 7.154696465 0.050173961 0.998560429 -0.018969513 -10.015495300 -0.002355608 0.019111702 0.999814570 89.999748230
0.998688340 -0.051161628 0.002014414 7.204982758 0.051187817 0.998554766 -0.016374882 -10.146358490 -0.001173737 0.016456518 0.999863863 91.113540649
0.998630822 -0.052305792 0.000815070 7.256813049 0.052312046 0.998537779 -0.013627686 -10.278382301 -0.000101071 0.013651665 0.999906778 92.227912903
0.998655617 -0.051835977 0.000208332 7.316633701 0.051834255 0.998569787 -0.013098164 -10.402112007 0.000470922 0.013091353 0.999914169 93.360939026
0.998628139 -0.052363280 0.000183367 7.361866951 0.052360028 0.998512745 -0.015186227 -10.530825615 0.000612106 0.015174992 0.999884605 94.469505310
0.998615146 -0.052609924 -0.000303165 7.419017315 0.052594498 0.998432338 -0.019143477 -10.660205841 0.001309827 0.019101016 0.999816656 95.575592041
0.998591185 -0.053060211 -0.000454649 7.468301296 0.053040199 0.998387694 -0.020215943 -10.798810959 0.001526578 0.020163352 0.999795556 96.688201904
0.998553395 -0.053763706 -0.000709006 7.524272919 0.053741403 0.998383224 -0.018513804 -10.931623459 0.001703231 0.018448915 0.999828339 97.771827698
0.998605371 -0.052793503 0.000396217 7.562581539 0.052794039 0.998514533 -0.013472074 -11.053575516 0.000315610 0.013474204 0.999909103 98.855895996
0.998688817 -0.051164884 0.001656576 7.610151291 0.051178925 0.998639464 -0.009992288 -11.174812317 -0.001143068 0.010063970 0.999948621 99.919036865
0.998801172 -0.048809778 0.003709614 7.654163837 0.048844535 0.998756945 -0.009940173 -11.298025131 -0.003219825 0.010109452 0.999943733 100.987319946
0.998880982 -0.046914008 0.005989723 7.699968815 0.046981651 0.998827159 -0.011703166 -11.419956207 -0.005433656 0.011971478 0.999913573 102.021781921
0.998833597 -0.047486577 0.008737360 7.748778343 0.047606070 0.998767853 -0.014018458 -11.543538094 -0.008060905 0.014418060 0.999863565 103.040863037
0.998743653 -0.049026940 0.010378425 7.801572800 0.049180351 0.998676062 -0.015082100 -11.658587456 -0.009625254 0.015573565 0.999832392 104.063156128
0.998630881 -0.050838105 0.012322009 7.861264706 0.051013995 0.998594046 -0.014407190 -11.773119926 -0.011572251 0.015016060 0.999820232 105.045066833
0.998596132 -0.051048093 0.014136923 7.914778233 0.051232778 0.998601794 -0.013024800 -11.892812729 -0.013452264 0.013730789 0.999815226 106.023391724
0.998527348 -0.052162807 0.014913739 7.995546818 0.052333180 0.998566091 -0.011270504 -12.005332947 -0.014304453 0.012034389 0.999825239 106.974449158
0.998461008 -0.052749757 0.017118854 8.048316956 0.052953038 0.998529077 -0.011646013 -12.114127159 -0.016479351 0.012534584 0.999785602 107.892280579
0.998447359 -0.052523468 0.018552741 8.113578796 0.052715186 0.998559535 -0.010000081 -12.214488029 -0.018000780 0.010962567 0.999777853 108.799140930
0.998460948 -0.051502459 0.020574182 8.169010162 0.051676895 0.998631537 -0.008038439 -12.312135696 -0.020132026 0.009089276 0.999756038 109.668045044
0.998429179 -0.051664867 0.021678150 8.230110168 0.051777314 0.998647749 -0.004658096 -12.416513443 -0.021408176 0.005773215 0.999754131 110.527511597
0.998396397 -0.051668279 0.023131769 8.292149544 0.051785354 0.998648107 -0.004490818 -12.508769989 -0.022868462 0.005681504 0.999722302 111.354255676
0.998411715 -0.050802004 0.024356216 8.341392517 0.050907061 0.998696506 -0.003712666 -12.600681305 -0.024135856 0.004946672 0.999696434 112.171829224
0.998512626 -0.048438210 0.025027005 8.392885208 0.048540533 0.998815119 -0.003496969 -12.681356430 -0.024827961 0.004706592 0.999680638 112.950431824
0.998636961 -0.046188451 0.024306947 8.437187195 0.046201665 0.998932123 0.000018246 -12.765371323 -0.024281831 0.001104801 0.999704540 113.707672119
0.998717546 -0.045993805 0.021161679 8.485631943 0.045987118 0.998941720 0.000802792 -12.846731186 -0.021176208 0.000171402 0.999775767 114.461097717
0.998830557 -0.046084631 0.014615403 8.522151947 0.046074416 0.998937547 0.001034875 -12.922737122 -0.014647563 -0.000360268 0.999892592 115.159271240
0.999011517 -0.044241004 0.004316252 8.547918320 0.044242498 0.999020815 -0.000250809 -12.997805595 -0.004300926 0.000441523 0.999990702 115.831695557
0.999076843 -0.041828748 -0.009793125 8.548353195 0.041800156 0.999121130 -0.003105927 -13.066384315 0.009914435 0.002693706 0.999947190 116.477745056
0.998780131 -0.040312428 -0.028514041 8.547389030 0.040172290 0.999177814 -0.005470661 -13.139416695 0.028711131 0.004318513 0.999578416 117.084777832
0.997952342 -0.038656961 -0.050957397 8.514343262 0.038313117 0.999236107 -0.007707483 -13.210423470 0.051216420 0.005739364 0.998671114 117.673431396
0.996193647 -0.037214901 -0.078824200 8.474007607 0.036561795 0.999284208 -0.009713258 -13.275938988 0.079129264 0.006794333 0.996841252 118.247116089
0.993226171 -0.035019521 -0.110794470 8.400599480 0.033941064 0.999356508 -0.011605481 -13.344849586 0.111129589 0.007766384 0.993775606 118.787269592
0.988832235 -0.030419691 -0.145895362 8.288103104 0.028784934 0.999497175 -0.013303504 -13.408731461 0.146226674 0.008955345 0.989210606 119.331344604
0.982540011 -0.024508212 -0.184430242 8.168027878 0.022564499 0.999665618 -0.012630737 -13.471590996 0.184678122 0.008248628 0.982764482 119.853660583
0.973945618 -0.019463861 -0.225944921 8.021087646 0.017449198 0.999788225 -0.010910483 -13.526926041 0.226109430 0.006683659 0.974078953 120.372413635
0.962530315 -0.014598503 -0.270780891 7.856172562 0.012518566 0.999877393 -0.009406914 -13.586401939 0.270885020 0.005664650 0.962595046 120.858238220
0.948138952 -0.008837958 -0.317733616 7.662128448 0.005995584 0.999932826 -0.009922531 -13.644927979 0.317799956 0.007502940 0.948128104 121.334907532
0.930824757 -0.001019192 -0.365464419 7.433761597 -0.003102077 0.999938130 -0.010689472 -13.697240829 0.365452647 0.011083723 0.930763900 121.792449951
0.909607232 0.003349506 -0.415455967 7.183322906 -0.008979831 0.999892354 -0.011599241 -13.751550674 0.415372401 0.014281476 0.909539282 122.231887817
0.884603441 0.008399018 -0.466268331 6.899677277 -0.014956229 0.999834418 -0.010364643 -13.811020851 0.466104090 0.016142216 0.884582639 122.660614014
0.855424285 0.011557915 -0.517798841 6.617229462 -0.019695243 0.999753773 -0.010221576 -13.855287552 0.517553270 0.018941958 0.855441332 123.057434082
0.823908210 0.021171704 -0.566327691 6.286617279 -0.030438712 0.999512672 -0.006917043 -13.904060364 0.565905333 0.022937290 0.824151099 123.428833008
0.789971590 0.034269776 -0.612185001 5.935615540 -0.043710772 0.999044120 -0.000479022 -13.948240280 0.611583352 0.027137490 0.790714502 123.783996582
0.754199147 0.043078702 -0.655231178 5.577823639 -0.055052429 0.998480856 0.002278219 -13.989343643 0.654333770 0.034353841 0.755424976 124.097381592
0.714338839 0.046881542 -0.698227763 5.211025238 -0.062452596 0.998043120 0.003118576 -14.035410881 0.697007596 0.041378420 0.715868890 124.394577026
0.671945810 0.048571773 -0.739005744 4.830390930 -0.064824678 0.997874498 0.006643881 -14.086343765 0.737757742 0.043441482 0.673666358 124.677795410
0.628174067 0.052358005 -0.776309133 4.416316986 -0.068691380 0.997569442 0.011697138 -14.119612694 0.775034666 0.045977913 0.630243778 124.950134277
0.583128095 0.060949709 -0.810090542 3.984966278 -0.079893820 0.996650100 0.017476073 -14.154493332 0.808441937 0.054530431 0.586044252 125.183776855
0.537516952 0.070025362 -0.840340316 3.546772003 -0.091706224 0.995489657 0.024294782 -14.180670738 0.838251412 0.064005576 0.541514337 125.388214111
0.490677595 0.075108021 -0.868098021 3.092693329 -0.097327635 0.994767845 0.031054717 -14.207744598 0.865888476 0.069252089 0.495420337 125.586090088
0.443803966 0.076764107 -0.892830014 2.628337860 -0.096855588 0.994596720 0.037369311 -14.234929085 0.890874386 0.069890931 0.448840916 125.761550903
0.395770252 0.077815302 -0.915046751 2.147586823 -0.093871482 0.994612336 0.043980822 -14.256677628 0.913539290 0.068490498 0.400942624 125.950393677
0.349966437 0.080474213 -0.933299243 1.659168243 -0.095676012 0.994163692 0.049845915 -14.277215958 0.931863546 0.071849935 0.355623364 126.092948914
0.306276083 0.083782166 -0.948248625 1.157432556 -0.101682976 0.993299723 0.054919910 -14.294914246 0.946496487 0.079600081 0.312743187 126.206726074
0.264864862 0.085314102 -0.960504115 0.628547668 -0.106319390 0.992589116 0.058845751 -14.313795090 0.958406389 0.086534023 0.271972537 126.314132690
0.225499734 0.082056217 -0.970781446 0.102050781 -0.106348060 0.992565393 0.059194285 -14.333609581 0.968421400 0.089892425 0.232549772 126.410232544
0.190666273 0.076845199 -0.978642583 -0.432460785 -0.101299495 0.993149281 0.058248397 -14.353058815 0.976414263 0.088029988 0.197144479 126.501106262
0.159962043 0.071851537 -0.984504759 -0.980903625 -0.098841526 0.993500888 0.056448363 -14.376121521 0.982162237 0.088280350 0.166024357 126.580963135
0.134028047 0.070286661 -0.988481760 -1.554622650 -0.100224547 0.993328393 0.057041854 -14.395647049 0.985896349 0.091424935 0.140178293 126.641616821
0.111466430 0.069407083 -0.991341412 -2.132252693 -0.100909829 0.993192494 0.058190368 -14.411916733 0.988631725 0.093549825 0.117711477 126.710891724
0.092701830 0.070803553 -0.993173301 -2.727714539 -0.102357030 0.992861748 0.061227437 -14.426537514 0.990418792 0.095982403 0.099287346 126.770744324
0.077069804 0.068891622 -0.994642735 -3.336731911 -0.103313349 0.992791355 0.060758185 -14.448943138 0.991658509 0.098077245 0.083631665 126.814048767
0.062645063 0.067900881 -0.995723426 -3.956428051 -0.101672910 0.992926598 0.061313502 -14.478981972 0.992843568 0.097397104 0.069105625 126.867637634
0.050573256 0.065254651 -0.996586263 -4.593795776 -0.097678110 0.993402302 0.060089357 -14.500990868 0.993932247 0.094305739 0.056613550 126.907554626
0.038767815 0.062728636 -0.997277379 -5.249329090 -0.095483482 0.993693411 0.058791406 -14.520196915 0.994675815 0.092944317 0.044512860 126.942657471
0.027494702 0.061816055 -0.997708797 -5.923306465 -0.094814852 0.993747532 0.058957729 -14.542794228 0.995115101 0.092976592 0.033183876 126.985977173
0.017997375 0.063348852 -0.997829199 -6.595355034 -0.098181821 0.993279457 0.061289147 -14.565500259 0.995005727 0.096865647 0.024096129 127.004631042
0.009700993 0.063195057 -0.997954011 -7.270621300 -0.101197906 0.992939115 0.061893757 -14.593096733 0.994819105 0.100390442 0.016027704 127.018341064
0.002816919 0.062383790 -0.998048246 -7.964775085 -0.103083462 0.992753506 0.061761882 -14.613569260 0.994668663 0.102708317 0.009227243 127.041007996
-0.002434047 0.063337915 -0.997989118 -8.661179543 -0.103848509 0.992580056 0.063247904 -14.633045197 0.994590104 0.103793636 0.004161561 127.056755066
-0.006000143 0.065765351 -0.997816980 -9.382928848 -0.106251456 0.992144406 0.066030383 -14.653485298 0.994321108 0.106415726 0.001034658 127.078361511
-0.006496780 0.069460370 -0.997563481 -10.119082451 -0.108132109 0.991686285 0.069755353 -14.676793098 0.994115293 0.108321846 0.001068129 127.076042175
-0.007749291 0.072867364 -0.997311532 -10.838547707 -0.110796869 0.991137981 0.073277198 -14.694566727 0.993812859 0.111066855 0.000392859 127.089782715
-0.008339565 0.078487024 -0.996880293 -11.576631546 -0.115531474 0.990163207 0.078924678 -14.703168869 0.993268847 0.115829259 0.000810192 127.097373962
-0.009523457 0.082116827 -0.996577144 -12.319103241 -0.118505247 0.989506304 0.082666643 -14.716683388 0.992907703 0.118886910 0.000307756 127.105285645
-0.010725695 0.082730323 -0.996514261 -13.070502281 -0.118857816 0.989400864 0.083419062 -14.736538887 0.992853343 0.119338229 -0.000778868 127.121643066
-0.012269862 0.079826333 -0.996733308 -13.814803123 -0.116502061 0.989905238 0.080713645 -14.757282257 0.993114591 0.117111832 -0.002846068 127.142173767
-0.013984709 0.076249398 -0.996990681 -14.577666283 -0.120019801 0.989751399 0.077379227 -14.762626648 0.992672980 0.120740756 -0.004689948 127.153549194
-0.015007726 0.078042701 -0.996837020 -15.343031883 -0.125518605 0.988915801 0.079312257 -14.776041031 0.991977692 0.126311898 -0.005045568 127.152473450
-0.016329575 0.080931753 -0.996585846 -16.133163452 -0.122287087 0.989074528 0.082325496 -14.792296410 0.992360413 0.123213924 -0.006254257 127.165626526
-0.018676475 0.081025794 -0.996536911 -16.906398773 -0.121008813 0.989200711 0.082697168 -14.809820175 0.992475748 0.122134246 -0.008669949 127.183334351
-0.019115534 0.080587581 -0.996564150 -17.702032089 -0.124773577 0.988761961 0.082349963 -14.822016716 0.992001116 0.125919044 -0.008845512 127.173957825
-0.020643897 0.079877377 -0.996590853 -18.493637085 -0.128676653 0.988300681 0.081878357 -14.834841728 0.991471648 0.129928321 -0.010124029 127.193244934
-0.021719884 0.084175341 -0.996214330 -19.291118622 -0.130566001 0.987676382 0.086300597 -14.841753006 0.991201639 0.131946146 -0.010461781 127.199470520
-0.022636574 0.089225665 -0.995754182 -20.094242096 -0.129889131 0.987304926 0.091421343 -14.857858658 0.991270065 0.131407097 -0.010759755 127.214881897
-0.021750040 0.091091409 -0.995604932 -20.923662186 -0.130652949 0.987041354 0.093162134 -14.863643646 0.991189480 0.132104993 -0.009566827 127.227508545
-0.019765742 0.090216808 -0.995725930 -21.741792679 -0.129984543 0.987235963 0.092027843 -14.873863220 0.991319001 0.131247967 -0.007786661 127.235847473
-0.018772453 0.090051875 -0.995760143 -22.574218750 -0.130082622 0.987250328 0.091734648 -14.878785133 0.991325438 0.131253183 -0.006818926 127.248191833
-0.018725062 0.089005418 -0.995855093 -23.404527664 -0.128250316 0.987587631 0.090677992 -14.884834290 0.991564989 0.129416704 -0.007077666 127.272254944
-0.017664285 0.091047123 -0.995689869 -24.242633820 -0.129140750 0.987295985 0.092570625 -14.893190384 0.991468966 0.130219311 -0.005681988 127.286827087
-0.017353913 0.093190834 -0.995497048 -25.079715729 -0.130807295 0.986877978 0.094664276 -14.896581650 0.991255939 0.131861031 -0.004936156 127.304458618
-0.017119111 0.095649466 -0.995267868 -25.954477310 -0.134058967 0.986206234 0.097084492 -14.899935722 0.990825474 0.135086611 -0.004060305 127.314765930
-0.015607567 0.096662916 -0.995194852 -26.817604065 -0.136198059 0.985833466 0.097889647 -14.898131371 0.990558743 0.137071431 -0.002221158 127.326751709
-0.013811410 0.099693693 -0.994922280 -27.686943054 -0.142845884 0.984614491 0.100643806 -14.898526192 0.989648581 0.143510610 0.000641922 127.340339661
-0.011300918 0.103603765 -0.994554460 -28.569749832 -0.147574618 0.983553588 0.104134642 -14.896240234 0.988986313 0.147947818 0.004174228 127.352439880
-0.009229790 0.105429709 -0.994383931 -29.444181442 -0.150050282 0.983020782 0.105617680 -14.892545700 0.988635361 0.150182396 0.006746680 127.382347107
-0.005266328 0.106242940 -0.994326234 -30.346822739 -0.149084345 0.983144045 0.105837725 -14.894441605 0.988810480 0.148795843 0.010661599 127.400154114
-0.002464810 0.106160499 -0.994345963 -31.239292145 -0.151672810 0.982805312 0.105304368 -14.889337540 0.988427758 0.151074782 0.013679232 127.426582336
0.000041442 0.109996527 -0.993931949 -32.141139984 -0.152169198 0.982357800 0.108709291 -14.882993698 0.988354504 0.151241347 0.016778795 127.455894470
0.002524731 0.112050958 -0.993699253 -33.059200287 -0.151296243 0.982306063 0.110381857 -14.880734444 0.988485217 0.150064290 0.019432953 127.492599487
0.004234605 0.113305159 -0.993551135 -33.951087952 -0.151857510 0.982109845 0.111353166 -14.878804207 0.988393188 0.150406688 0.021365089 127.534019470
0.006744738 0.111500449 -0.993741393 -34.854633331 -0.153212011 0.982145786 0.109159499 -14.873826027 0.988170266 0.151516870 0.023707524 127.564933777
0.007192071 0.112616993 -0.993612468 -35.764755249 -0.157544151 0.981356502 0.110087544 -14.864919662 0.987485766 0.155746102 0.024800133 127.604606628
0.008323176 0.113147467 -0.993543386 -36.657890320 -0.158264413 0.981203616 0.110416375 -14.861274719 0.987361670 0.156323537 0.026073946 127.640861511
0.008581096 0.109592594 -0.993939579 -37.556632996 -0.158545747 0.981552124 0.106857970 -14.860477448 0.987314284 0.156667933 0.025798233 127.676277161
0.009427868 0.105537817 -0.994370580 -38.464122772 -0.159815907 0.981791317 0.102687456 -14.863513947 0.987101793 0.157948136 0.026122823 127.720794678
0.009953277 0.104701355 -0.994453847 -39.360855103 -0.159387037 0.981954396 0.101790085 -14.859565735 0.987165987 0.157489896 0.026461706 127.762588501
0.009858331 0.108839326 -0.994010568 -40.265956879 -0.161921561 0.981113195 0.105821259 -14.856368065 0.986754417 0.159908503 0.027295576 127.800537109
0.009964020 0.115150630 -0.993298054 -41.197685242 -0.162399486 0.980345845 0.112020023 -14.848188400 0.986674786 0.160194904 0.028468588 127.841743469
0.010162510 0.113817140 -0.993449807 -42.092639923 -0.160192609 0.980854750 0.110735469 -14.849791527 0.987033546 0.158017948 0.028200611 127.886550903
0.010938414 0.103584923 -0.994560480 -42.982749939 -0.159301564 0.982097685 0.100534856 -14.859069824 0.987169385 0.157335386 0.027243828 127.929817200
0.011343492 0.092925079 -0.995608449 -43.902317047 -0.161320776 0.982799649 0.089891560 -14.863151550 0.986836791 0.159592673 0.026139133 127.967704773
0.010269282 0.089945875 -0.995893717 -44.803890228 -0.158085153 0.983567417 0.087202482 -14.873260498 0.987372041 0.156540528 0.024319638 128.012985229
0.010103228 0.100105502 -0.994925499 -45.723907471 -0.150704920 0.983763814 0.097452059 -14.879083633 0.988527179 0.148955643 0.025025578 128.062210083
0.010156790 0.113088511 -0.993533015 -46.671802521 -0.145800516 0.983133197 0.110414252 -14.876642227 0.989261866 0.143736169 0.026473837 128.120895386
0.010256297 0.122303173 -0.992439747 -47.594539642 -0.146072507 0.982028544 0.119510561 -14.870194435 0.989220738 0.143742427 0.027937103 128.165939331
0.010252738 0.116513550 -0.993136227 -48.510398865 -0.146057084 0.982711017 0.113782637 -14.868160248 0.989222944 0.143888012 0.027093107 128.205963135
0.010368770 0.102789260 -0.994649112 -49.437507629 -0.146091104 0.984185100 0.100184955 -14.867094040 0.989216805 0.144270584 0.025221381 128.244323730
0.010977417 0.093897700 -0.995521367 -50.353649139 -0.146521002 0.984986246 0.091288373 -14.868738174 0.989146709 0.144862637 0.024570590 128.288146973
0.011479042 0.093963161 -0.995509505 -51.289772034 -0.145360738 0.985156238 0.091309831 -14.877185822 0.989312112 0.143659830 0.024967205 128.330459595
0.010595801 0.095535040 -0.995369673 -52.222080231 -0.148414508 0.984550416 0.092916735 -14.895921707 0.988868475 0.146742761 0.024610884 128.370132446
0.011222951 0.094935045 -0.995420158 -53.177612305 -0.153460234 0.983853281 0.092101686 -14.901268005 0.988091052 0.151723787 0.025610490 128.407592773
0.011746014 0.094329201 -0.995471776 -54.109558105 -0.155095100 0.983664095 0.091380306 -14.903356552 0.987829745 0.153319448 0.026184130 128.449615479
0.012765939 0.101528786 -0.994750738 -55.056362152 -0.164299294 0.981523335 0.098070227 -14.900659561 0.986328006 0.162184909 0.029211175 128.482055664
0.014665092 0.111186661 -0.993691266 -56.000061035 -0.170125529 0.979585469 0.107097551 -14.896602631 0.985313296 0.167481646 0.033281393 128.514099121
0.015697511 0.119574852 -0.992701113 -56.965065002 -0.170373708 0.978624165 0.115185112 -14.897140503 0.985254586 0.167322040 0.035734374 128.556503296
0.016616058 0.120005131 -0.992634237 -57.924613953 -0.171541974 0.978393435 0.115411960 -14.892061234 0.985036671 0.168360725 0.036842957 128.609573364
0.018261379 0.110777229 -0.993677557 -58.856830597 -0.173191786 0.979169786 0.105977036 -14.893707275 0.984718859 0.170161486 0.037066691 128.655334473
0.019357167 0.105595142 -0.994220793 -59.807582855 -0.171143889 0.980080009 0.100761138 -14.891698837 0.985055864 0.168204352 0.037043534 128.712020874
0.021097803 0.103937775 -0.994360030 -60.764595032 -0.169845209 0.980497062 0.098885015 -14.894495010 0.985244870 0.166801050 0.038339667 128.772354126
0.024519922 0.109521918 -0.993681908 -61.740516663 -0.171106219 0.979772985 0.103766732 -14.889750481 0.984947383 0.167480811 0.042763844 128.826248169
0.028159907 0.111628927 -0.993350923 -62.701980591 -0.173999101 0.979121566 0.105097279 -14.892019272 0.984343171 0.169882625 0.046995301 128.879928589
0.032310922 0.106853701 -0.993749619 -63.647781372 -0.173349738 0.979799211 0.099717341 -14.898770332 0.984330177 0.169044301 0.050181277 128.942596436
0.035248451 0.100912988 -0.994270682 -64.607200623 -0.173504800 0.980398357 0.093354009 -14.904742241 0.984202027 0.169220150 0.052066408 129.007705688
0.037989009 0.100861445 -0.994174898 -65.577323914 -0.170531794 0.980953336 0.093003750 -14.914176941 0.984619617 0.166005358 0.054465529 129.095932007
0.041343410 0.105506331 -0.993558824 -66.534103394 -0.167990789 0.980986714 0.097180955 -14.922780991 0.984921217 0.162890926 0.058281425 129.168151855
0.044834074 0.112268962 -0.992665887 -67.506019592 -0.167755634 0.980400920 0.103305086 -14.926519394 0.984808624 0.161893710 0.062789120 129.241973877
0.046840400 0.115997523 -0.992144465 -68.480857849 -0.165333480 0.980435431 0.106822960 -14.932205200 0.985124826 0.159031063 0.065102264 129.334609985
0.048681766 0.117693819 -0.991855919 -69.440429688 -0.164813951 0.980367303 0.108241268 -14.941501617 0.985122561 0.158202305 0.067123592 129.421524048
0.050484456 0.115076430 -0.992072999 -70.393043518 -0.163019925 0.980966866 0.105492413 -14.940276146 0.985330403 0.156401947 0.068283319 129.505233765
0.051723879 0.113621861 -0.992176771 -71.345962524 -0.161176026 0.981431842 0.103989013 -14.944637299 0.985569298 0.154536381 0.069076590 129.581817627
0.051882438 0.109698065 -0.992609978 -72.298973083 -0.157816187 0.982359767 0.100316413 -14.953744888 0.986104608 0.151445270 0.068279341 129.670608521
0.051287413 0.109440237 -0.992669284 -73.270530701 -0.156614751 0.982560396 0.100234069 -14.950590134 0.986327231 0.150325879 0.067532927 129.766723633
0.051261317 0.114196718 -0.992134750 -74.228591919 -0.153427914 0.982547700 0.105165973 -14.952920914 0.986829340 0.146830216 0.067887656 129.848190308
0.050618492 0.116502404 -0.991899669 -75.190460205 -0.147183210 0.983198702 0.107969403 -14.967087746 0.987813175 0.140525758 0.066915236 129.942916870
0.049616601 0.111935228 -0.992476046 -76.151252747 -0.144586310 0.984037340 0.103755206 -14.957419395 0.988247395 0.138350472 0.065008894 130.027008057
0.048670579 0.107680447 -0.992993474 -77.116958618 -0.146054909 0.984252453 0.099573828 -14.955002785 0.988078475 0.140185237 0.063631400 130.100769043
0.047376879 0.104790889 -0.993365169 -78.066688538 -0.142557114 0.985011220 0.097110599 -14.958951950 0.988652050 0.137010500 0.061605435 130.182830811
0.046298482 0.105654359 -0.993324518 -79.035293579 -0.142894834 0.984864771 0.098094255 -14.962031364 0.988654435 0.137399361 0.060695201 130.249389648
0.045125846 0.106711015 -0.993265510 -79.985450745 -0.143546522 0.984652758 0.099264123 -14.968032837 0.988614202 0.138100401 0.059751276 130.327972412
0.043576367 0.106852934 -0.993319392 -80.938880920 -0.145161986 0.984389544 0.099524163 -14.971898079 0.988447726 0.139855340 0.058407109 130.402297974
0.042295739 0.108271025 -0.993221223 -81.890960693 -0.145188808 0.984224319 0.101107486 -14.979958534 0.988499463 0.139928177 0.057348236 130.468231201
0.039807275 0.108457863 -0.993303776 -82.852386475 -0.145028070 0.984192073 0.101650864 -14.983323097 0.988626420 0.140010476 0.054907437 130.542434692
0.038311373 0.110584609 -0.993128002 -83.809066772 -0.144809857 0.983980834 0.103979804 -14.976549149 0.988717496 0.139831156 0.053711407 130.611816406
0.036906127 0.114319339 -0.992758214 -84.763267517 -0.146167263 0.983368397 0.107804231 -14.970888138 0.988571227 0.141130149 0.053002056 130.668991089
0.035041805 0.119685575 -0.992193222 -85.714942932 -0.147597611 0.982535660 0.113307819 -14.965270996 0.988426566 0.142474845 0.052095126 130.729721069
0.032536913 0.119362235 -0.992317617 -86.666946411 -0.147463113 0.982550681 0.113352299 -14.965223312 0.988532186 0.142642140 0.049570709 130.795654297
0.031658120 0.114261083 -0.992946267 -87.612350464 -0.147636786 0.983081281 0.108418785 -14.962905884 0.988534868 0.143163055 0.047991645 130.854156494
0.028942792 0.109145902 -0.993604243 -88.555259705 -0.151302829 0.983045697 0.103578739 -14.950687408 0.988063633 0.147337273 0.044966169 130.915573120
0.027850468 0.107200503 -0.993847251 -89.499877930 -0.149367169 0.983517051 0.101900540 -14.950773239 0.988389552 0.145610139 0.043403644 130.977783203
0.027384831 0.108464628 -0.993722975 -90.467864990 -0.144652084 0.984062612 0.103423908 -14.954682350 0.989103556 0.140911862 0.042638022 131.029937744
0.026892334 0.109661140 -0.993605256 -91.416381836 -0.141612545 0.984358251 0.104807772 -14.954065323 0.989556849 0.137888432 0.042001083 131.089553833
0.025645562 0.109776206 -0.993625343 -92.364295959 -0.136126876 0.985077441 0.105318360 -14.961557388 0.990359426 0.132558152 0.040206350 131.154388428
0.024407391 0.106994249 -0.993959904 -93.306457520 -0.132193357 0.985870898 0.102877378 -14.966483116 0.990923345 0.128883958 0.038206458 131.216979980
0.023992224 0.103813708 -0.994307220 -94.251342773 -0.126974002 0.986855268 0.099971823 -14.970527649 0.991615832 0.123852633 0.036858492 131.274490356
0.021798255 0.106096528 -0.994116902 -95.241294861 -0.125257194 0.986808002 0.102569945 -14.972306252 0.991884828 0.122284450 0.034800041 131.332794189
0.020528605 0.108429693 -0.993892193 -96.188308716 -0.124614030 0.986627042 0.105063230 -14.971928596 0.991992950 0.121696100 0.033765942 131.387954712
0.019183764 0.106174745 -0.994162500 -97.149375916 -0.120546840 0.987337172 0.103119709 -14.969526291 0.992522299 0.117864929 0.031739876 131.437103271
0.017071661 0.103273600 -0.994506478 -98.098823547 -0.117535010 0.987962544 0.100576438 -14.972565651 0.992922008 0.115172319 0.029004421 131.486099243
0.013501382 0.100513816 -0.994844079 -99.067588806 -0.116452135 0.988322318 0.098274477 -14.971034050 0.993104517 0.114524886 0.025048764 131.536346436
0.010846861 0.099628933 -0.994965553 -100.022651672 -0.110878460 0.989007831 0.097823597 -14.982635498 0.993774712 0.109259181 0.021774331 131.583679199
0.008591328 0.099652700 -0.994985223 -100.981185913 -0.104135491 0.989700794 0.098224267 -14.979412079 0.994525909 0.102769390 0.018880229 131.625595093
0.006335001 0.107396819 -0.994196057 -101.952331543 -0.094577685 0.989823580 0.106321827 -14.980618477 0.995497346 0.093355216 0.016427876 131.684646606
0.003834343 0.115383834 -0.993313551 -102.909355164 -0.086544462 0.989632189 0.114622124 -14.977544785 0.996240675 0.085526280 0.013780421 131.737182617
0.000836318 0.115107574 -0.993352711 -103.868095398 -0.082254104 0.989994884 0.114649229 -14.974606514 0.996611059 0.081611454 0.010296025 131.781631470
-0.001976719 0.104883678 -0.994482517 -104.817527771 -0.083329283 0.991008401 0.104682885 -14.976750374 0.996520102 0.083076432 0.006780934 131.815475464
-0.004175133 0.095368385 -0.995433331 -105.764549255 -0.085102871 0.991796792 0.095376939 -14.975850105 0.996363401 0.085112438 0.003975242 131.852233887
-0.004810345 0.096845418 -0.995287895 -106.716949463 -0.092359766 0.991002023 0.096874781 -14.981785774 0.995714068 0.092390552 0.004177560 131.876815796
-0.005265498 0.106499135 -0.994298875 -107.687576294 -0.095740214 0.989691257 0.106512636 -14.974772453 0.995392442 0.095755242 0.004985033 131.902938843
-0.006824290 0.117810316 -0.993012607 -108.650726318 -0.099663503 0.988011360 0.117901877 -14.964801788 0.994997919 0.099771723 0.004998914 131.930740356
-0.008112571 0.119494542 -0.992801726 -109.599761963 -0.106687605 0.987064064 0.119675748 -14.955296516 0.994259596 0.106890522 0.004740960 131.957565308
-0.007637543 0.116767950 -0.993129849 -110.587631226 -0.114023119 0.986579418 0.116874672 -14.942172050 0.993448675 0.114132404 0.005779203 131.971237183
-0.007706889 0.112855777 -0.993581474 -111.543113708 -0.122129977 0.986066163 0.112949476 -14.931849480 0.992484212 0.122216575 0.006183571 131.992568970
-0.005325041 0.114847571 -0.993368864 -112.509025574 -0.126837924 0.985282004 0.114592552 -14.914713860 0.991909146 0.126607075 0.009320362 132.013214111
-0.004115747 0.116028599 -0.993237317 -113.488449097 -0.134917423 0.984099746 0.115520231 -14.899273872 0.990848243 0.134480461 0.011603975 132.037841797
-0.003611058 0.118887387 -0.992901146 -114.452247620 -0.144226894 0.982464314 0.118162252 -14.885653496 0.989538074 0.143629730 0.013599023 132.057098389
-0.003306546 0.121169113 -0.992626369 -115.427703857 -0.149903253 0.981355429 0.120292634 -14.867304802 0.988695204 0.149195656 0.014918745 132.082199097
-0.003110440 0.120383069 -0.992722631 -116.399551392 -0.153547436 0.980897307 0.119430162 -14.857344627 0.988136411 0.152801484 0.015433490 132.122009277
-0.001638317 0.110830672 -0.993837893 -117.354713440 -0.152457386 0.982193589 0.109783441 -14.861074448 0.988308668 0.151697800 0.015287813 132.154251099
-0.000262263 0.099498302 -0.995037675 -118.304100037 -0.155650437 0.982906342 0.098326258 -14.855443954 0.987812161 0.154903874 0.015229175 132.189926147
