1.000000000 0.000000000 0.000000000 0.000000000 0.000000000 1.000000000 0.000000000 0.000000000 0.000000000 0.000000000 1.000000000 0.000000000
0.999997735 -0.001612126 -0.001372126 0.052071158 0.001609228 0.999996483 -0.002110580 -0.131926015 0.001375524 0.002108367 0.999996841 1.293747544
0.999997854 0.000049463 -0.002067148 0.103000768 -0.000062593 0.999979794 -0.006351854 -0.267484993 0.002066792 0.006351969 0.999977708 2.601558208
0.999996006 0.002503197 -0.001249053 0.146831602 -0.002512855 0.999966502 -0.007791600 -0.406633049 0.001229507 0.007794708 0.999968827 3.904000521
0.999982893 0.005834005 0.000326759 0.192234427 -0.005831772 0.999962151 -0.006461650 -0.545399487 -0.000364444 0.006459635 0.999979138 5.218071938
0.999973834 0.006754266 0.002584393 0.240041062 -0.006745903 0.999971986 -0.003231085 -0.689470530 -0.002606144 0.003213567 0.999991417 6.536726475
0.999957383 0.007044374 0.005965428 0.295952410 -0.007033482 0.999973655 -0.001844604 -0.827404082 -0.005978265 0.001802568 0.999980509 7.839719296
0.999941647 0.005446880 0.009331232 0.352518231 -0.005429660 0.999983490 -0.001869675 -0.960162163 -0.009341262 0.001818900 0.999954700 9.145947456
0.999912620 0.004045354 0.012582614 0.431384981 -0.004022978 0.999990284 -0.001803111 -1.096928000 -0.012589785 0.001752334 0.999919176 10.446314812
0.999868631 0.002750766 0.015968448 0.496600747 -0.002712893 0.999993443 -0.002392899 -1.235566020 -0.015974924 0.002349264 0.999869645 11.755636215
0.999807477 0.001946724 0.019523174 0.570582151 -0.001886841 0.999993384 -0.003085252 -1.375191331 -0.019529056 0.003047821 0.999804616 13.049850464
0.999740779 0.001632892 0.022708356 0.641405225 -0.001557998 0.999993265 -0.003315371 -1.516481042 -0.022713615 0.003279131 0.999736547 14.369723320
0.999660850 0.001506436 0.025998391 0.727608502 -0.001392866 0.999989331 -0.004385874 -1.654479742 -0.026004724 0.004348175 0.999652326 15.666330338
0.999570310 0.002555389 0.029201351 0.811355948 -0.002430436 0.999987721 -0.004313698 -1.793480515 -0.029212015 0.004240872 0.999564230 16.968503952
0.999470294 0.002145086 0.032474045 0.899616957 -0.002019790 0.999990344 -0.003890641 -1.933085084 -0.032482080 0.003822990 0.999464989 18.255302429
0.999404609 0.000469643 0.034499463 1.000715256 -0.000346103 0.999993443 -0.003586825 -2.074809551 -0.034500923 0.003572749 0.999398291 19.551649094
0.999344409 -0.002081282 0.036142942 1.098910332 0.002259214 0.999985516 -0.004882872 -2.214831352 -0.036132254 0.004961325 0.999334753 20.826900482
0.999299109 -0.001779057 0.037389908 1.194647789 0.002032510 0.999975204 -0.006741733 -2.354797363 -0.037376985 0.006813004 0.999278009 22.134878159
0.999254882 -0.001685487 0.038561210 1.280643344 0.002052258 0.999953091 -0.009473793 -2.498330832 -0.038543429 0.009545870 0.999211311 23.422388077
0.999221921 -0.001260202 0.039419945 1.383510232 0.001688704 0.999939859 -0.010838768 -2.640714645 -0.039403923 0.010896905 0.999163926 24.704669952
0.999173582 -0.000693554 0.040641785 1.482215643 0.001159605 0.999933898 -0.011444842 -2.788279772 -0.040631160 0.011482512 0.999108255 25.975055695
0.999150872 -0.002342084 0.041133821 1.580966592 0.002780291 0.999939919 -0.010599214 -2.932533741 -0.041106522 0.010704579 0.999097407 27.260171890
0.999150574 -0.005332688 0.040861368 1.687160969 0.005725344 0.999938488 -0.009498475 -3.077227354 -0.040808201 0.009724353 0.999119639 28.536443710
0.999176085 -0.006829876 0.040009234 1.784798145 0.007229711 0.999925196 -0.009857422 -3.226242781 -0.039938923 0.010138554 0.999150693 29.828800201
0.999191642 -0.008364636 0.039321173 1.889123440 0.008858841 0.999883771 -0.012411064 -3.372647047 -0.039212793 0.012749371 0.999149501 31.093408585
0.999218285 -0.008748630 0.038551584 1.996112466 0.009241125 0.999877632 -0.012615344 -3.518899679 -0.038436510 0.012961742 0.999176979 32.377933502
0.999234498 -0.009377150 0.037980106 2.092010021 0.009875353 0.999867320 -0.012951249 -3.662516356 -0.037853625 0.013316402 0.999194562 33.646198273
0.999246895 -0.009966670 0.037499506 2.188906908 0.010461763 0.999860346 -0.013029618 -3.808894396 -0.037364405 0.013412116 0.999211669 34.911945343
0.999255300 -0.010409140 0.037152920 2.283990860 0.010916558 0.999849498 -0.013480891 -3.953012466 -0.037006997 0.013876436 0.999218643 36.158081055
0.999304116 -0.010964567 0.035651285 2.395878792 0.011456039 0.999841690 -0.013610618 -4.113142014 -0.035496403 0.014009571 0.999271631 37.457302094
0.999305010 -0.010639586 0.035723615 2.489669323 0.011067946 0.999868989 -0.011814713 -4.259335995 -0.035593230 0.012201890 0.999291897 38.715515137
0.999271095 -0.010719385 0.036636155 2.593085527 0.011121412 0.999879897 -0.010787387 -4.397585869 -0.036516119 0.011186970 0.999270439 39.987052917
0.999187112 -0.012605676 0.038289987 2.700411797 0.012956724 0.999876142 -0.008933866 -4.542641163 -0.038172625 0.009422718 0.999226630 41.234634399
0.999080837 -0.013527988 0.040675133 2.801430225 0.013957690 0.999849558 -0.010298886 -4.686268806 -0.040529683 0.010857149 0.999119341 42.503036499
0.998958349 -0.014741376 0.043183219 2.897102356 0.015333414 0.999792576 -0.013410904 -4.836110592 -0.042976562 0.014059081 0.998977184 43.754562378
0.998855829 -0.015952805 0.045084074 3.004156351 0.016621625 0.999756813 -0.014499154 -4.984395981 -0.044841807 0.015231934 0.998877943 45.023017883
0.998734176 -0.016210500 0.047614865 3.131134033 0.016870283 0.999766707 -0.013487585 -5.116017342 -0.047385115 0.014273789 0.998774707 46.258811951
0.998521030 -0.017244222 0.051559344 3.229214191 0.017778972 0.999792576 -0.009930970 -5.275538921 -0.051377397 0.010832953 0.998620570 47.528957367
0.998247445 -0.020352425 0.055567395 3.341819763 0.020817965 0.999752820 -0.007811942 -5.415165424 -0.055394661 0.008955050 0.998424411 48.745178223
0.998014331 -0.022294616 0.058909666 3.480659246 0.022828184 0.999704063 -0.008399801 -5.553634644 -0.058704972 0.009727923 0.998227954 50.017997742
0.997736394 -0.025667503 0.062155202 3.624120951 0.026478114 0.999574304 -0.012253190 -5.688809395 -0.061814237 0.013871208 0.997991264 51.252216339
0.997457147 -0.026980529 0.065966405 3.756909370 0.027849203 0.999536633 -0.012284317 -5.825250149 -0.065604411 0.014090190 0.997746229 52.481685638
0.997096002 -0.029482828 0.070217125 3.885289669 0.030232361 0.999496460 -0.009635611 -5.967041492 -0.069897681 0.011730460 0.997485220 53.703674316
0.996824384 -0.032074396 0.072887719 4.044371128 0.032610465 0.999449015 -0.006176256 -6.101893425 -0.072649464 0.008533544 0.997321069 54.894531250
0.996555448 -0.034517009 0.075403467 4.180879116 0.034974340 0.999376833 -0.004752724 -6.243310452 -0.075192444 0.007373541 0.997141719 56.163883209
0.996376693 -0.037293911 0.076435894 4.335099697 0.037509080 0.999295294 -0.001380958 -6.371622086 -0.076330505 0.004242994 0.997073472 57.369968414
0.996207714 -0.040275231 0.077122793 4.483346939 0.040409938 0.999183178 -0.000186314 -6.495954037 -0.077052273 0.003302135 0.997021556 58.596561432
0.996168137 -0.042188343 0.076609783 4.631853104 0.042587802 0.999086261 -0.003587226 -6.618618011 -0.076388441 0.006836123 0.997054696 59.790405273
0.996182084 -0.043559048 0.075658090 4.784709454 0.044275947 0.998988628 -0.007823290 -6.749204159 -0.075240806 0.011143253 0.997103155 61.003398895
0.996185064 -0.045056656 0.074734673 4.923589706 0.046070091 0.998867333 -0.011891458 -6.878206730 -0.074114233 0.015289126 0.997132599 62.185153961
0.996214628 -0.047335405 0.072910994 5.073896408 0.048480015 0.998726010 -0.014008774 -7.019339085 -0.072154999 0.017490475 0.997240067 63.401466370
0.996363640 -0.047274582 0.070883259 5.210639477 0.048373017 0.998733103 -0.013859674 -7.154612064 -0.070138253 0.017238110 0.997388303 64.577644348
0.996592939 -0.046493467 0.068123236 5.342070580 0.047505092 0.998782337 -0.013305051 -7.299411774 -0.067421690 0.016495917 0.997588336 65.791542053
0.996828437 -0.045830064 0.065057680 5.463568687 0.046672177 0.998844206 -0.011483036 -7.428851604 -0.064456232 0.014482998 0.997815430 66.967697144
0.997236192 -0.042080745 0.061229751 5.583724022 0.042628471 0.999061584 -0.007666328 -7.567072868 -0.060849681 0.010255273 0.998094261 68.166488647
0.997515678 -0.040208004 0.057841077 5.701878548 0.040575858 0.999162972 -0.005199060 -7.696377277 -0.057583608 0.007533096 0.998312235 69.341026306
0.997713864 -0.038960502 0.055218980 5.808272839 0.039501790 0.999181330 -0.008745036 -7.826426983 -0.054833058 0.010906293 0.998435974 70.518890381
0.997893810 -0.039214276 0.051672511 5.917652130 0.040060464 0.999077916 -0.015442872 -7.967326164 -0.051019274 0.017480372 0.998544693 71.705322266
0.997891068 -0.043256242 0.048397988 6.024504662 0.044187929 0.998854697 -0.018348768 -8.103624344 -0.047548864 0.020448679 0.998659551 72.879234314
0.997926056 -0.047145043 0.043828335 6.137779236 0.047777247 0.998766899 -0.013490119 -8.240237236 -0.043138299 0.015556136 0.998947978 74.044937134
0.997922182 -0.050937373 0.039455354 6.244296551 0.051319666 0.998644054 -0.008737193 -8.365722656 -0.038956810 0.010743875 0.999183118 75.201095581
0.997990310 -0.052698608 0.035186883 6.336010933 0.052937392 0.998580456 -0.005888780 -8.493432999 -0.034826599 0.007739648 0.999363422 76.392913818
0.998160064 -0.052041344 0.031116627 6.425655365 0.052168630 0.998632848 -0.003292231 -8.620075226 -0.030902745 0.004909487 0.999510348 77.552848816
0.998292923 -0.051607665 0.027349032 6.515520573 0.051712699 0.998656988 -0.003146819 -8.740369797 -0.027149905 0.004555740 0.999620974 78.707702637
0.998433948 -0.050281785 0.024528336 6.581678391 0.050420482 0.998715341 -0.005069223 -8.869701385 -0.024241932 0.006298015 0.999686301 79.874610901
0.998625934 -0.047839563 0.021394942 6.659471035 0.048066121 0.998792052 -0.010203075 -8.996791840 -0.020880990 0.011217427 0.999719024 81.022064209
0.998528600 -0.051311329 0.017540580 6.737124443 0.051573064 0.998559356 -0.014810009 -9.139324188 -0.016755391 0.015692841 0.999736428 82.189163208
0.998370230 -0.054992847 0.015247718 6.790934086 0.055233710 0.998347521 -0.015852805 -9.267198563 -0.014350733 0.016669160 0.999758065 83.311531067
0.998405516 -0.055302326 0.011315200 6.861434937 0.055443194 0.998383045 -0.012539172 -9.393533707 -0.010603461 0.013146531 0.999857366 84.449668884
0.998403072 -0.055892836 0.008202228 6.932305336 0.055972215 0.998384356 -0.009789556 -9.526995659 -0.007641810 0.010233020 0.999918401 85.580017090
0.998561323 -0.053068325 0.007686681 6.971402645 0.053155847 0.998518169 -0.011670036 -9.653666496 -0.007055979 0.012061839 0.999902308 86.726760864
0.998753786 -0.049365684 0.007332996 7.024555206 0.049471516 0.998662412 -0.015030627 -9.779922485 -0.006581189 0.015374672 0.999860168 87.846473694
0.998824298 -0.048079375 0.006197256 7.088603973 0.048183180 0.998678863 -0.017857939 -9.906983376 -0.005330471 0.018135548 0.999821305 88.941200256
0.998781264 -0.049007639 0.005855985 7.126367569 0.049106412 0.998629153 -0.018120086 -10.049992561 -0.004959934 0.018385572 0.999818683 90.090454102
0.998730898 -0.050171200 0.004443694 7.180426598 0.050234027 0.998619020 -0.015381937 -10.180958748 -0.003665828 0.015585639 0.999871790 91.204582214
0.998687446 -0.051078118 0.003808063 7.230275631 0.051123142 0.998609602 -0.012852242 -10.310976982 -0.003146300 0.013030053 0.999910116 92.321815491
0.998695374 -0.050984271 0.002866100 7.298734665 0.051015887 0.998621881 -0.012328649 -10.432933807 -0.002233583 0.012458782 0.999919832 93.456596375
0.998666763 -0.051536433 0.002958119 7.345526218 0.051574141 0.998563468 -0.014530001 -10.559953690 -0.002205045 0.014663192 0.999890089 94.564720154
0.998650789 -0.051877841 0.002326414 7.407243729 0.051911950 0.998482108 -0.018401269 -10.688325882 -0.001368264 0.018497208 0.999827981 95.670082092
0.998626947 -0.052332204 0.002328380 7.453391075 0.052367713 0.998437881 -0.019479845 -10.824299812 -0.001305319 0.019575031 0.999807537 96.769248962
0.998585939 -0.053124178 0.001969403 7.512713909 0.053150684 0.998431027 -0.017623154 -10.957637787 -0.001030097 0.017702909 0.999842823 97.854606628
0.998640299 -0.052042615 0.003026466 7.555439949 0.052076921 0.998562932 -0.012650841 -11.078860283 -0.002363734 0.012791248 0.999915421 98.933723450
0.998717189 -0.050446436 0.004371492 7.606544971 0.050484624 0.998683214 -0.009116993 -11.199974060 -0.003905816 0.009325990 0.999948859 99.999748230
0.998817980 -0.048180111 0.006428912 7.653789520 0.048237752 0.998794079 -0.009134515 -11.320057869 -0.005981056 0.009433833 0.999937594 101.067306519
0.998884797 -0.046418477 0.008633099 7.705630779 0.046510942 0.998859107 -0.010837669 -11.441448212 -0.008120180 0.011227116 0.999903917 102.105316162
0.998846948 -0.046653695 0.011319857 7.758132935 0.046801392 0.998817682 -0.013153220 -11.564325333 -0.010692826 0.013667841 0.999849379 103.124198914
0.998750567 -0.048262566 0.012957364 7.812686920 0.048445780 0.998724580 -0.014218571 -11.676897049 -0.012254615 0.014828536 0.999814928 104.141052246
0.998634398 -0.050092772 0.014830974 7.875723839 0.050291851 0.998645008 -0.013369055 -11.791723251 -0.014141187 0.014096676 0.999800622 105.122413635
0.998598814 -0.050162163 0.016862389 7.932750702 0.050369065 0.998657584 -0.012077261 -11.909452438 -0.016233932 0.012909678 0.999784887 106.098510742
0.998521149 -0.051450361 0.017561480 8.012094498 0.051632889 0.998615026 -0.010103145 -12.025388718 -0.017017348 0.010994953 0.999794722 107.044021606
0.998448551 -0.051986825 0.019947056 8.065917969 0.052206643 0.998579323 -0.010661652 -12.131952286 -0.019364452 0.011686480 0.999744117 107.961509705
0.998436987 -0.051683325 0.021269742 8.133570671 0.051880535 0.998614252 -0.008826256 -12.231512070 -0.020784099 0.009915945 0.999734819 108.871009827
0.998448372 -0.050532088 0.023394501 8.190336227 0.050708070 0.998689115 -0.006990678 -12.327057838 -0.023010578 0.008166120 0.999701858 109.740798950
0.998403847 -0.050869919 0.024535812 8.254563332 0.050971340 0.998693824 -0.003525510 -12.430997849 -0.024324426 0.004770507 0.999692738 110.593490601
0.998369277 -0.050996691 0.025652474 8.320123672 0.051103778 0.998687088 -0.003536183 -12.522538185 -0.025438456 0.004841355 0.999664664 111.418937683
0.998381138 -0.049991321 0.027129291 8.371801376 0.050082259 0.998741508 -0.002682879 -12.611847878 -0.026961025 0.004037232 0.999628246 112.229927063
0.998483419 -0.047742207 0.027415577 8.428278923 0.047824305 0.998852968 -0.002346434 -12.692233086 -0.027272113 0.003654006 0.999621332 113.010337830
0.998617828 -0.045245409 0.026744200 8.477530479 0.045245670 0.998975694 0.000595502 -12.769224167 -0.026743749 0.000615381 0.999642074 113.766815186
0.998703539 -0.044841263 0.024093555 8.519006729 0.044814683 0.998993993 0.001642322 -12.853337288 -0.024142960 -0.000560448 0.999708354 114.509437561
0.998834312 -0.044926789 0.017651532 8.556509018 0.044901479 0.998989761 0.001827639 -12.928274155 -0.017715808 -0.001032929 0.999842525 115.205589294
0.999025643 -0.043517135 0.007350266 8.584375381 0.043510668 0.999052465 0.001038939 -13.007034302 -0.007388514 -0.000718112 0.999972463 115.873268127
0.999146640 -0.040771652 -0.006607002 8.587759018 0.040757693 0.999166548 -0.002233047 -13.071236610 0.006692545 0.001961855 0.999975681 116.516662598
0.998901069 -0.039227817 -0.025648475 8.588323593 0.039125677 0.999224305 -0.004471998 -13.144079208 0.025804006 0.003463570 0.999661028 117.141708374
0.998138428 -0.037597410 -0.048021443 8.555328369 0.037316762 0.999280870 -0.006727702 -13.213996887 0.048239850 0.004923173 0.998823583 117.729461670
0.996480584 -0.035982043 -0.075707801 8.516970634 0.035423115 0.999334455 -0.008713065 -13.279898643 0.075970910 0.006000594 0.997091949 118.297805786
0.993581474 -0.033737678 -0.107970051 8.446848869 0.032770284 0.999405444 -0.010722151 -13.346766472 0.108267598 0.007115123 0.994096339 118.844291687
0.989271045 -0.028927388 -0.143199071 8.342676163 0.027463831 0.999548554 -0.012186893 -13.412931442 0.143486962 0.008123346 0.989618838 119.387344360
0.983080208 -0.023252578 -0.181693763 8.236242294 0.021547195 0.999703348 -0.011354594 -13.472929955 0.181903884 0.007247487 0.983289599 119.896736145
0.974587381 -0.017732114 -0.223304600 8.098079681 0.016018784 0.999826729 -0.009481822 -13.529123306 0.223434031 0.005663797 0.974702597 120.402359009
0.963378429 -0.013201483 -0.267820150 7.922388077 0.011446632 0.999901593 -0.008112692 -13.584611893 0.267900884 0.004749952 0.963434815 120.897514343
0.949217677 -0.006779775 -0.314546883 7.735752106 0.004364085 0.999955356 -0.008383514 -13.643776894 0.314589649 0.006585072 0.949204922 121.363365173
0.931862831 0.000906404 -0.362809896 7.502044678 -0.004556105 0.999947190 -0.009204028 -13.701301575 0.362782419 0.010229892 0.931817651 121.833633423
0.910921454 0.005672073 -0.412540883 7.245765686 -0.010686789 0.999894381 -0.009849575 -13.755760193 0.412441403 0.013380924 0.910885870 122.272277832
0.885910749 0.010121385 -0.463745594 6.979267120 -0.015984539 0.999834299 -0.008714188 -13.806880951 0.463580549 0.015132751 0.885925531 122.685096741
0.857112169 0.013264160 -0.514959097 6.698566437 -0.020487390 0.999755263 -0.008348391 -13.851742744 0.514722288 0.017705677 0.857174218 123.078994751
0.825697303 0.022938920 -0.563647032 6.368019104 -0.031006025 0.999507964 -0.004744029 -13.904981613 0.563260794 0.021393586 0.826002181 123.453292847
0.791507542 0.035841875 -0.610107601 6.019523621 -0.044141192 0.999024212 0.001424050 -13.943983078 0.609563231 0.025803726 0.792317271 123.819084167
0.755813301 0.044656616 -0.653262556 5.661521912 -0.055527601 0.998449087 0.004008892 -13.984110832 0.652428389 0.033244137 0.757120728 124.132751465
0.715985656 0.048368648 -0.696437299 5.293262482 -0.062521748 0.998030961 0.005038110 -14.030419350 0.695309639 0.039935265 0.717599928 124.433609009
0.673694432 0.050429143 -0.737287283 4.915683746 -0.065459006 0.997819543 0.008436076 -14.078632355 0.736105144 0.042578761 0.675526559 124.714851379
0.629721463 0.053774234 -0.774957418 4.504714966 -0.068577424 0.997554541 0.013495002 -14.114216805 0.773787975 0.044646487 0.631869197 124.990829468
0.584594369 0.062588640 -0.808907926 4.081867218 -0.079670034 0.996629834 0.019536288 -14.148245811 0.807404578 0.053024914 0.587610662 125.222274780
0.539153516 0.071384497 -0.839176774 3.638065338 -0.091269143 0.995485723 0.026042385 -14.171641350 0.837247550 0.062550105 0.543234885 125.431533813
0.492026508 0.076313771 -0.867228985 3.186862946 -0.096642323 0.994781613 0.032707579 -14.199441910 0.865199447 0.067718022 0.496834069 125.634597778
0.445378065 0.077409267 -0.891990006 2.717784882 -0.096557625 0.994597793 0.038101822 -14.217988968 0.890120804 0.069158711 0.450446516 125.811035156
0.398584604 0.079037309 -0.913719535 2.244430542 -0.094166353 0.994541168 0.044950970 -14.238857269 0.912284553 0.068124883 0.403851449 125.978164673
0.352430433 0.081852026 -0.932251632 1.753822327 -0.095750108 0.994093716 0.051084213 -14.261272430 0.930926859 0.071259558 0.358186185 126.129089355
0.308588356 0.085030146 -0.947387457 1.249881744 -0.101141222 0.993283212 0.056205101 -14.280712128 0.945803285 0.078475691 0.315115601 126.246559143
0.267307073 0.086934000 -0.959681869 0.724010468 -0.106155805 0.992516994 0.060340073 -14.299206734 0.957746267 0.085746475 0.274535328 126.352050781
0.228334457 0.083479062 -0.969997168 0.197023392 -0.106625214 0.992468357 0.060313694 -14.315612793 0.967726409 0.089654468 0.235515714 126.446846008
0.193858624 0.078294367 -0.977900207 -0.339952469 -0.101546042 0.993057251 0.059377447 -14.333318710 0.975759864 0.087791063 0.200463206 126.535217285
0.163561493 0.073471196 -0.983793497 -0.894079208 -0.098967701 0.993414223 0.057735737 -14.352505684 0.981556475 0.087920420 0.169755578 126.614311218
0.136202127 0.071775422 -0.988077581 -1.452074051 -0.099328324 0.993335545 0.058465410 -14.375838280 0.985689044 0.090180971 0.142423749 126.695999146
0.113906384 0.070963658 -0.990953863 -2.033385277 -0.100496650 0.993152320 0.059569389 -14.391139984 0.988395572 0.092802197 0.120258011 126.763793945
0.095886081 0.072264813 -0.992765665 -2.640979767 -0.102889813 0.992738307 0.062325217 -14.403829575 0.990060449 0.096169360 0.102625072 126.810005188
0.079542451 0.070668533 -0.994323373 -3.242327690 -0.103754506 0.992652953 0.062249817 -14.429752350 0.991417170 0.098214015 0.086290203 126.865745544
0.065988965 0.069817878 -0.995374799 -3.866792679 -0.103238694 0.992673099 0.062784083 -14.456157684 0.992465258 0.098618135 0.072713368 126.907546997
0.053312074 0.066916101 -0.996333301 -4.507293701 -0.097453482 0.993338048 0.061500367 -14.476900101 0.993811131 0.093817450 0.059478126 126.967285156
0.041055575 0.064374812 -0.997080922 -5.154479504 -0.095144831 0.993639290 0.060234949 -14.495816231 0.994616508 0.092394114 0.046919361 127.012191772
0.030284846 0.063958772 -0.997492850 -5.813058853 -0.094541296 0.993659914 0.060842648 -14.516573906 0.995060205 0.092461653 0.036139585 127.047988892
0.021481134 0.065351099 -0.997631133 -6.484381676 -0.098149970 0.993178964 0.062946081 -14.538236618 0.994939804 0.096565314 0.027748823 127.057716370
0.012866277 0.064620979 -0.997826934 -7.187043190 -0.100904413 0.992899418 0.063000776 -14.561486244 0.994812906 0.099874556 0.019295461 127.081268311
0.006346666 0.064080797 -0.997924507 -7.874116898 -0.103502281 0.992626846 0.063082345 -14.583323479 0.994608998 0.102887101 0.012932377 127.100715637
0.000976671 0.065541930 -0.997849345 -8.569127083 -0.104132369 0.992431700 0.065084159 -14.606149673 0.994562984 0.103844851 0.007794314 127.117614746
-0.002411283 0.067600809 -0.997709513 -9.296253204 -0.105813652 0.992093980 0.067476057 -14.623769760 0.994382977 0.105734006 0.004760870 127.138916016
-0.003252432 0.071243808 -0.997453570 -10.013921738 -0.108235955 0.991573930 0.071176775 -14.645576477 0.994119942 0.108191855 0.004486115 127.152717590
-0.004415510 0.074409403 -0.997217953 -10.747339249 -0.110938959 0.991035521 0.074439287 -14.658816338 0.993817389 0.110959023 0.003878974 127.168663025
-0.005780809 0.080231763 -0.996759474 -11.474138260 -0.115700625 0.990027964 0.080360956 -14.672054291 0.993267238 0.115790255 0.003559705 127.181472778
-0.007159577 0.083891779 -0.996449113 -12.212792397 -0.118652157 0.989363909 0.084147781 -14.686386108 0.992910087 0.118833289 0.002870511 127.200538635
-0.008520206 0.084472053 -0.996389508 -12.956936836 -0.118113324 0.989365160 0.084886558 -14.703003883 0.992963493 0.118410118 0.001547680 127.217697144
-0.009690743 0.081223153 -0.996648848 -13.726741791 -0.116367608 0.989832044 0.081799097 -14.723724365 0.993158877 0.116770327 -0.000140463 127.235687256
-0.011449589 0.077800065 -0.996903181 -14.478484154 -0.120006859 0.989655674 0.078612760 -14.729011536 0.992707133 0.120535299 -0.001994610 127.250000000
-0.012491267 0.079404816 -0.996764183 -15.252120018 -0.124626122 0.988945484 0.080343768 -14.738673210 0.992125094 0.125226468 -0.002457266 127.250938416
-0.013774739 0.082590044 -0.996488392 -16.022197723 -0.122342907 0.988955855 0.083656922 -14.752319336 0.992392302 0.123065643 -0.003518302 127.264793396
-0.016012512 0.082641728 -0.996450663 -16.796279907 -0.121086270 0.989083469 0.083976530 -14.768319130 0.992512822 0.122001186 -0.005830930 127.282928467
-0.016154654 0.082049064 -0.996497273 -17.586467743 -0.124636121 0.988688946 0.083426677 -14.779260635 0.992071033 0.125547275 -0.005745649 127.277664185
-0.017741535 0.081651933 -0.996502936 -18.376949310 -0.128466338 0.988212645 0.083259821 -14.792703629 0.991555095 0.129494265 -0.007042883 127.295021057
-0.019024815 0.085758835 -0.996134281 -19.173774719 -0.130312741 0.987603188 0.087513171 -14.797761917 0.991290390 0.131473899 -0.007613502 127.305755615
-0.019914687 0.090463854 -0.995700538 -19.976728439 -0.129429594 0.987284660 0.092287898 -14.811188698 0.991388619 0.130711004 -0.007952768 127.323524475
-0.018510245 0.093147933 -0.995480180 -20.801589966 -0.130646497 0.986888766 0.094773330 -14.819102287 0.991256118 0.131810278 -0.006098104 127.333602905
-0.016657036 0.092126787 -0.995607972 -21.620138168 -0.130030975 0.987090230 0.093514077 -14.827471733 0.991369963 0.131017536 -0.004462665 127.346778870
-0.015709246 0.092348032 -0.995602787 -22.450311661 -0.129937559 0.987093449 0.093608968 -14.833744049 0.991397619 0.130836725 -0.003507016 127.362556458
-0.015417315 0.091001108 -0.995731413 -23.283092499 -0.128196716 0.987450898 0.092229277 -14.836708069 0.991628945 0.129071414 -0.003557798 127.384422302
-0.014688594 0.092977010 -0.995559812 -24.121032715 -0.129121155 0.987154245 0.094097048 -14.843032837 0.991519988 0.129929990 -0.002494609 127.404960632
-0.014358601 0.094862916 -0.995386899 -24.959812164 -0.130729541 0.986766338 0.095927186 -14.843629837 0.991314173 0.131503820 -0.001767197 127.426406860
-0.013944290 0.097635962 -0.995124638 -25.835418701 -0.133651957 0.986108720 0.098624215 -14.847211838 0.990930140 0.134375572 -0.000701348 127.437454224
-0.012306159 0.098775342 -0.995033681 -26.698318481 -0.135920063 0.985707521 0.099530555 -14.844383240 0.990643382 0.136469871 0.001295276 127.450889587
-0.010706303 0.102120347 -0.994714499 -27.566150665 -0.142865255 0.984409869 0.102600142 -14.846409798 0.989684224 0.143208608 0.004050060 127.468566895
-0.008378171 0.105784781 -0.994353712 -28.446722031 -0.147403285 0.983394980 0.105860926 -14.840927124 0.989040911 0.147457942 0.007353975 127.484436035
-0.006416850 0.107587755 -0.994174838 -29.321130753 -0.149807349 0.982872128 0.107331522 -14.835406303 0.988694429 0.149623409 0.009810494 127.518089294
-0.002490190 0.108539872 -0.994088888 -30.221233368 -0.148787230 0.982986689 0.107700385 -14.837269783 0.988866091 0.148175895 0.013701523 127.540168762
0.000168994 0.108432978 -0.994103730 -31.112121582 -0.151248753 0.982670188 0.107160136 -14.831050873 0.988495708 0.150338858 0.016566418 127.572319031
0.002534257 0.112400979 -0.993659616 -32.013530731 -0.151959613 0.982166409 0.110713311 -14.824918747 0.988383532 0.150715545 0.019569468 127.604888916
0.005079419 0.114361547 -0.993426144 -32.934146881 -0.151309028 0.982088685 0.112282753 -14.816048622 0.988473475 0.149744004 0.022292377 127.644622803
0.006900419 0.115579464 -0.993274271 -33.827178955 -0.151916504 0.981889606 0.113199338 -14.812297821 0.988369226 0.150113642 0.024333879 127.687400818
0.009271414 0.113704339 -0.993471384 -34.729721069 -0.153198004 0.981946707 0.110955618 -14.804893494 0.988152027 0.151169136 0.026523311 127.722198486
0.009514595 0.115092248 -0.993309259 -35.641128540 -0.157539591 0.981121182 0.112171054 -14.796683311 0.987466753 0.155418307 0.027466560 127.767387390
0.010686523 0.115815714 -0.993213236 -36.535861969 -0.158377796 0.980928063 0.112679102 -14.792169571 0.987320662 0.156098783 0.028825352 127.805564880
0.010937384 0.112319179 -0.993611932 -37.429920197 -0.158867300 0.981245399 0.109172471 -14.788942337 0.987239301 0.156658426 0.028576102 127.843223572
0.011615427 0.108095437 -0.994072676 -38.336483002 -0.159847304 0.981555820 0.104866594 -14.789373398 0.987073421 0.157681733 0.028679954 127.891265869
0.012070658 0.107196420 -0.994164526 -39.233356476 -0.159448490 0.981721461 0.103918791 -14.782978058 0.987132430 0.157263666 0.028942332 127.934997559
0.011915465 0.111489609 -0.993694127 -40.137783051 -0.161835521 0.980877697 0.108111069 -14.780037880 0.986745775 0.159526810 0.029730590 127.977478027
0.012326683 0.117731452 -0.992968976 -41.065166473 -0.162568286 0.980068088 0.114183761 -14.767512321 0.986620307 0.160017744 0.031220391 128.013671875
0.012520850 0.116412312 -0.993122160 -41.959762573 -0.160392299 0.980573058 0.112919196 -14.766851425 0.986973941 0.157875299 0.030949246 128.061111450
0.013447777 0.105954461 -0.994280040 -42.849788666 -0.159645945 0.981841683 0.102469750 -14.771633148 0.987082660 0.157354787 0.030118786 128.105545044
0.013741896 0.095631257 -0.995321989 -43.777355194 -0.161256149 0.982598126 0.092182353 -14.777311325 0.986816883 0.159235045 0.028923886 128.147811890
0.012503183 0.092566870 -0.995627880 -44.676338196 -0.158123851 0.983360171 0.089440562 -14.786235809 0.987340093 0.156314254 0.026932161 128.198059082
0.012790984 0.102833450 -0.994616389 -45.597011566 -0.150730252 0.983529508 0.099748783 -14.789167404 0.988492250 0.148642868 0.028080424 128.246765137
0.012560123 0.115905404 -0.993180931 -46.545875549 -0.145856813 0.982847631 0.112854958 -14.785715103 0.989225984 0.143444732 0.029250287 128.308029175
0.012839989 0.124687061 -0.992113054 -47.466751099 -0.146137848 0.981775045 0.121496484 -14.775264740 0.989180923 0.143425256 0.030827481 128.355880737
0.012521449 0.119095154 -0.992803872 -48.384571075 -0.146394983 0.982401311 0.116000906 -14.772342682 0.989147007 0.143888995 0.029736018 128.398300171
0.012713291 0.105665594 -0.994320393 -49.304168701 -0.146257058 0.983902335 0.102688454 -14.769882202 0.989165068 0.144120842 0.027962971 128.441131592
0.013292321 0.096813522 -0.995213807 -50.218692780 -0.146845818 0.984699070 0.093829364 -14.769322395 0.989070117 0.144895732 0.027305596 128.485946655
0.013745287 0.096768416 -0.995211959 -51.140857697 -0.146056280 0.984824955 0.093741193 -14.777695656 0.989180803 0.144068435 0.027670333 128.534423828
0.012978486 0.098571129 -0.995045483 -52.094329834 -0.148911104 0.984222710 0.095556758 -14.795379639 0.988765359 0.146933138 0.027452057 128.580581665
0.013731929 0.098076418 -0.995084107 -53.023128510 -0.153563142 0.983578682 0.094823278 -14.796870232 0.988043427 0.151506156 0.028567355 128.614395142
0.014046445 0.097379774 -0.995148182 -53.961471558 -0.155277610 0.983384907 0.094036952 -14.797927856 0.987771034 0.153203353 0.028933959 128.658508301
0.014912405 0.105088770 -0.994350970 -54.922607422 -0.164189056 0.981219947 0.101238638 -14.800287247 0.986316144 0.161751866 0.031886775 128.699356079
0.016219299 0.114635378 -0.993275166 -55.862941742 -0.169497743 0.979343355 0.110259719 -14.793410301 0.985397041 0.166569576 0.035314698 128.741043091
0.017661497 0.122959636 -0.992254496 -56.820705414 -0.170053065 0.978319645 0.118205987 -14.786590576 0.985276639 0.166648194 0.038188249 128.783432007
0.018847074 0.123405077 -0.992177367 -57.778930664 -0.171884507 0.977979183 0.118374065 -14.775680542 0.984936774 0.168308944 0.039643466 128.832992554
0.020431658 0.113788076 -0.993294954 -58.716503143 -0.173934147 0.978756845 0.108544871 -14.772577286 0.984545231 0.170550182 0.039789259 128.879272461
0.021844693 0.108835347 -0.993819773 -59.653694153 -0.172400549 0.979575813 0.103486001 -14.766875267 0.984784722 0.169074461 0.040161807 128.934768677
0.023417918 0.107152566 -0.993966818 -60.620830536 -0.170538679 0.980094910 0.101639226 -14.766466141 0.985072732 0.167129636 0.041225437 128.999145508
0.026767552 0.112772964 -0.993260264 -61.583599091 -0.172386184 0.979251266 0.106536739 -14.761258125 0.984665692 0.168372601 0.045652661 129.058700562
0.030446926 0.115352631 -0.992857814 -62.552963257 -0.175112754 0.978571236 0.108322784 -14.766897202 0.984077454 0.170563996 0.049994204 129.115203857
0.034500636 0.110131770 -0.993318021 -63.509220123 -0.174129039 0.979369700 0.102537319 -14.764583588 0.984118283 0.169427931 0.052966021 129.176681519
0.037410889 0.104708552 -0.993799090 -64.461875916 -0.174052268 0.979976952 0.096700162 -14.773054123 0.984025538 0.169355333 0.054886576 129.249008179
0.041679017 0.103966735 -0.993707180 -65.426574707 -0.171793669 0.980504751 0.095379904 -14.766256332 0.984250903 0.166737214 0.058727309 129.311553955
0.043027692 0.108873710 -0.993123949 -66.376991272 -0.168967575 0.980518103 0.100171156 -14.789371490 0.984681964 0.163495600 0.060585566 129.417663574
0.046610262 0.115578555 -0.992204130 -67.335502625 -0.168398052 0.979976773 0.106243499 -14.788664818 0.984616399 0.162133187 0.065140180 129.496887207
0.048963524 0.119292513 -0.991651058 -68.297531128 -0.166140661 0.979982853 0.109685548 -14.789776802 0.984885633 0.159382939 0.067802750 129.586120605
0.051288135 0.120981343 -0.991328895 -69.282371521 -0.165824592 0.979887664 0.111005835 -14.789362907 0.984820664 0.158693418 0.070318289 129.665100098
0.053714950 0.118490860 -0.991501212 -70.217620850 -0.164691180 0.980388105 0.108240582 -14.789414406 0.984881401 0.157477349 0.072175898 129.739364624
0.054220356 0.116980508 -0.991653025 -71.162986755 -0.162603050 0.980892301 0.106820501 -14.791912079 0.985200763 0.155453950 0.072205715 129.831924438
0.054921385 0.113408677 -0.992029369 -72.109268188 -0.159531310 0.981762469 0.103402920 -14.798522949 0.985663891 0.152580693 0.072011985 129.921234131
0.054579958 0.112946868 -0.992100835 -73.101097107 -0.158251315 0.982002378 0.103091076 -14.789493561 0.985889137 0.151374564 0.071471632 130.006500244
0.054330856 0.117633067 -0.991569817 -74.053787231 -0.154982418 0.981995583 0.108005337 -14.790751457 0.986422062 0.147807896 0.071583726 130.094848633
0.053901747 0.119319230 -0.991391718 -75.014869690 -0.148979694 0.982683718 0.110171191 -14.793621063 0.987370014 0.141758814 0.070744522 130.193008423
0.053315323 0.114905760 -0.991944611 -75.974113464 -0.146123737 0.983562231 0.106080860 -14.781595230 0.987828553 0.139290959 0.069229394 130.276123047
0.051285859 0.111216836 -0.992471933 -76.930000305 -0.148263603 0.983615160 0.102562837 -14.785996437 0.987617135 0.141887471 0.066934958 130.361846924
0.050011482 0.108598784 -0.992826879 -77.879066467 -0.144756198 0.984362423 0.100381128 -14.789104462 0.988202572 0.138697624 0.064949751 130.446517944
0.048730813 0.109188147 -0.992825866 -78.843086243 -0.144948334 0.984257340 0.101131290 -14.789072990 0.988238394 0.138980255 0.063790292 130.518875122
0.048185516 0.110391058 -0.992719471 -79.801490784 -0.146400407 0.983920872 0.102306530 -14.790273666 0.988051295 0.140404865 0.063572027 130.591445923
0.046685390 0.110606685 -0.992767215 -80.756774902 -0.147887379 0.983663917 0.102637991 -14.792011261 0.987901747 0.142026037 0.062280074 130.668441772
0.045620453 0.111677907 -0.992696702 -81.705169678 -0.147653103 0.983570337 0.103865616 -14.794384956 0.987986565 0.141836360 0.061360516 130.735900879
0.043358825 0.111925021 -0.992770255 -82.670524597 -0.147735640 0.983498394 0.104427412 -14.795247078 0.988075972 0.142139688 0.059178658 130.811233521
0.041811720 0.114206612 -0.992576778 -83.630287170 -0.147856697 0.983214438 0.106900997 -14.786073685 0.988124549 0.142289400 0.057996094 130.886520386
0.040227331 0.118048958 -0.992192686 -84.583892822 -0.149202570 0.982572973 0.110855199 -14.778377533 0.987987995 0.143578231 0.057139497 130.948928833
0.038199883 0.122833930 -0.991691709 -85.532585144 -0.150380641 0.981820583 0.115818605 -14.767304420 0.987889767 0.144706979 0.055977277 131.015884399
0.035990562 0.122645296 -0.991797745 -86.487159729 -0.150339872 0.981810808 0.115954742 -14.761924744 0.987979054 0.144933447 0.053774405 131.079544067
0.035126407 0.117517792 -0.992449343 -87.431869507 -0.150495142 0.982359886 0.110996507 -14.756540298 0.987986505 0.145459875 0.052192625 131.141723633
0.032596234 0.112705611 -0.993093550 -88.376670837 -0.154776782 0.982204318 0.106389567 -14.745179176 0.987411559 0.150239959 0.049460378 131.205291748
0.031318404 0.110532731 -0.993378878 -89.320426941 -0.152552262 0.982750773 0.104540594 -14.741744041 0.987798989 0.148268193 0.047640197 131.273391724
0.030973995 0.111679643 -0.993261397 -90.287597656 -0.147917330 0.983308434 0.105947889 -14.743366241 0.988514602 0.143638939 0.046976350 131.328964233
0.030471181 0.113060594 -0.993120790 -91.236877441 -0.144926906 0.983582258 0.107528009 -14.741158485 0.988973081 0.140653417 0.046356440 131.392166138
0.029135300 0.112861559 -0.993183494 -92.187751770 -0.139501482 0.984340429 0.107764341 -14.742733955 0.989793122 0.135410801 0.044423405 131.464355469
0.027916500 0.109976530 -0.993542075 -93.129844666 -0.135566697 0.985163093 0.105239891 -14.745176315 0.990374863 0.131753281 0.042411458 131.530578613
0.027335327 0.106948920 -0.993888676 -94.072967529 -0.130546972 0.986127019 0.102523237 -14.749661446 0.991065145 0.126946658 0.040917963 131.594528198
0.025483724 0.109678037 -0.993640423 -95.054641724 -0.128901199 0.986026049 0.105531670 -14.754496574 0.991329908 0.125392109 0.039265245 131.650665283
0.024091098 0.112055421 -0.993409872 -96.001419067 -0.128240794 0.985834956 0.108091034 -14.752066612 0.991450429 0.124791645 0.038119923 131.711517334
0.022634411 0.109780662 -0.993698061 -96.961303711 -0.124056615 0.986579001 0.106168404 -14.747238159 0.992016971 0.120871775 0.035949651 131.764892578
0.020671073 0.106958710 -0.994048536 -97.909400940 -0.121138953 0.987203658 0.103703141 -14.748089790 0.992420316 0.118274339 0.033363424 131.815536499
0.016824566 0.104672283 -0.994364440 -98.877113342 -0.120180011 0.987506807 0.101916961 -14.750152588 0.992609560 0.117788009 0.029193887 131.872589111
0.014228978 0.103904918 -0.994485438 -99.830932617 -0.114649259 0.988196135 0.101607427 -14.759386063 0.993304133 0.112571247 0.025973644 131.923355103
0.012007509 0.103833832 -0.994522214 -100.789848328 -0.107884564 0.988922596 0.101946637 -14.751570702 0.994090915 0.106069475 0.023076564 131.968383789
0.009310530 0.112764530 -0.993578136 -101.753257751 -0.099043630 0.988839209 0.111298583 -14.765824318 0.995039523 0.097371332 0.020375226 132.032684326
0.006717674 0.121027768 -0.992626429 -102.711372375 -0.090980351 0.988605678 0.119921826 -14.760181427 0.995829999 0.089503914 0.017652284 132.089965820
0.003685491 0.120914981 -0.992656052 -103.665855408 -0.086663693 0.988966584 0.120143816 -14.754139900 0.996230781 0.085584447 0.014123768 132.138717651
0.001018053 0.110615917 -0.993862629 -104.613403320 -0.087874860 0.990028381 0.110099144 -14.752497673 0.996131003 0.087223478 0.010728260 132.172866821
-0.001124819 0.100991316 -0.994886696 -105.559844971 -0.089600630 0.990875483 0.100685447 -14.745745659 0.995977104 0.089255713 0.007934333 132.212493896
-0.001350831 0.102615505 -0.994720161 -106.523658752 -0.096826740 0.990033627 0.102263555 -14.745455742 0.995300293 0.096453652 0.008598559 132.230178833
-0.002175944 0.111818731 -0.993726254 -107.486923218 -0.100255914 0.988697469 0.111472398 -14.729658127 0.994959295 0.099869490 0.009059139 132.267745972
-0.003676597 0.123205192 -0.992374420 -108.449592590 -0.104164943 0.986935377 0.122915834 -14.715627670 0.994553268 0.103822544 0.009205097 132.298477173
-0.004989531 0.124876589 -0.992159724 -109.395477295 -0.111200012 0.985949218 0.124654151 -14.701502800 0.993785560 0.110950135 0.008966856 132.328567505
-0.004582640 0.122245491 -0.992489338 -110.383277893 -0.118617594 0.985426068 0.121923201 -14.682681084 0.992929399 0.118285410 0.009984614 132.344802856
-0.005005012 0.118058458 -0.992994070 -111.336242676 -0.126599118 0.984941781 0.117739193 -14.665892601 0.991941392 0.126301453 0.010016451 132.373245239
-0.002548877 0.120203584 -0.992746055 -112.305557251 -0.131217971 0.984125197 0.119496666 -14.644395828 0.991350293 0.130570680 0.013264455 132.395645142
-0.001358019 0.121249571 -0.992621064 -113.285560608 -0.139065832 0.982953966 0.120258965 -14.621943474 0.990282178 0.138202995 0.015526803 132.424774170
-0.000760591 0.123980619 -0.992284358 -114.249900818 -0.148350850 0.981290877 0.122720741 -14.602685928 0.988934398 0.147299603 0.017646272 132.446548462
-0.000233615 0.126705095 -0.991940320 -115.226799011 -0.154111221 0.980085671 0.125227109 -14.581198692 0.988053441 0.152898401 0.019297712 132.471755981
-0.000146010 0.125924855 -0.992039800 -116.200286865 -0.158234060 0.979538798 0.124361306 -14.565803528 0.987401605 0.156992629 0.019782579 132.513000488
0.001521166 0.116453461 -0.993194997 -117.155342102 -0.157345444 0.980852425 0.114765264 -14.565235138 0.987542450 0.156100109 0.019815458 132.547637939
0.002961520 0.104633123 -0.994506419 -118.109489441 -0.160333455 0.981694281 0.102807671 -14.551601410 0.987058580 0.159148157 0.019683495 132.585830688
