1.000000000 0.000000000 0.000000000 0.000000000 0.000000000 1.000000000 0.000000000 0.000000000 0.000000000 0.000000000 1.000000000 0.000000000
0.999997914 -0.001554656 -0.001330849 0.048876572 0.001551833 0.999996543 -0.002119541 -0.132758886 0.001334140 0.002117472 0.999996841 1.298053026
0.999997556 0.000001715 -0.002198128 0.105438091 -0.000015580 0.999980092 -0.006307631 -0.267817080 0.002198073 0.006307651 0.999977708 2.603307247
0.999996066 0.002459289 -0.001339097 0.148535684 -0.002469727 0.999966145 -0.007849822 -0.406273216 0.001319746 0.007853098 0.999968290 3.906606674
0.999983966 0.005652327 0.000171265 0.194768041 -0.005651084 0.999962568 -0.006551855 -0.545605540 -0.000208292 0.006550783 0.999978483 5.221135616
0.999975562 0.006555084 0.002421915 0.244494021 -0.006547368 0.999973536 -0.003180561 -0.690644324 -0.002442700 0.003164626 0.999992013 6.541394711
0.999959648 0.006852414 0.005801789 0.300206631 -0.006841846 0.999974966 -0.001839736 -0.827701509 -0.005814250 0.001799967 0.999981463 7.844681740
0.999943912 0.005252544 0.009193952 0.356697738 -0.005236518 0.999984741 -0.001766338 -0.962998688 -0.009203089 0.001718095 0.999956191 9.151215553
0.999914527 0.003868099 0.012490144 0.435397774 -0.003848032 0.999991298 -0.001630315 -1.100062370 -0.012496340 0.001582114 0.999920666 10.451764107
0.999871671 0.002649197 0.015798360 0.501175106 -0.002614598 0.999994159 -0.002210274 -1.239853263 -0.015804127 0.002168685 0.999872744 11.763943672
0.999813378 0.001598237 0.019249631 0.575052142 -0.001540716 0.999994338 -0.003002579 -1.375613809 -0.019254319 0.002972361 0.999810159 13.058697701
0.999743819 0.001717450 0.022568846 0.645610929 -0.001652661 0.999994576 -0.002889041 -1.527243376 -0.022573687 0.002851003 0.999741137 14.382539749
0.999662757 0.001612178 0.025918368 0.729494572 -0.001510093 0.999991059 -0.003957799 -1.664466262 -0.025924519 0.003917325 0.999656260 15.680113792
0.999576211 0.002456415 0.029006984 0.816748977 -0.002343905 0.999989629 -0.003912103 -1.804466248 -0.029016286 0.003842456 0.999571502 16.991085052
0.999485910 0.002107514 0.031994186 0.908973575 -0.001996399 0.999991894 -0.003504524 -1.943404436 -0.032001317 0.003438849 0.999481857 18.276964188
0.999404907 0.000540510 0.034488887 1.000235081 -0.000429791 0.999994695 -0.003217612 -2.085392237 -0.034490444 0.003200875 0.999399900 19.586025238
0.999349177 -0.001947168 0.036019396 1.096393108 0.002112858 0.999987364 -0.004562523 -2.224803209 -0.036010060 0.004635658 0.999340653 20.868066788
0.999305904 -0.001687013 0.037214518 1.197299242 0.001913452 0.999979854 -0.006049914 -2.370260715 -0.037203558 0.006116922 0.999288917 22.173595428
0.999266684 -0.001599129 0.038256902 1.282306433 0.001933835 0.999960184 -0.008713478 -2.512790442 -0.038241446 0.008781070 0.999229908 23.458749771
0.999226928 -0.001110408 0.039300777 1.389582634 0.001511810 0.999947011 -0.010185339 -2.654775620 -0.039287385 0.010236878 0.999175429 24.744348526
0.999192417 -0.000319911 0.040179767 1.491463423 0.000753134 0.999941707 -0.010767440 -2.801863432 -0.040173981 0.010789006 0.999134362 26.013994217
0.999165416 -0.002035008 0.040795412 1.591972828 0.002433094 0.999949872 -0.009710832 -2.947494507 -0.040773600 0.009801989 0.999120355 27.303749084
0.999171436 -0.004994334 0.040391345 1.699385881 0.005346510 0.999948621 -0.008615797 -3.092592716 -0.040346239 0.008824612 0.999146819 28.582912445
0.999190450 -0.006437269 0.039711695 1.797875404 0.006797795 0.999936819 -0.008950259 -3.239893913 -0.039651576 0.009212965 0.999171019 29.874851227
0.999201655 -0.008122785 0.039116565 1.896766186 0.008579531 0.999896765 -0.011522864 -3.384362698 -0.039018929 0.011849267 0.999168158 31.136569977
0.999237061 -0.008279800 0.038167182 2.010192871 0.008725245 0.999895573 -0.011519127 -3.534198761 -0.038067821 0.011843356 0.999204993 32.432197571
0.999259591 -0.008869251 0.037436862 2.110357761 0.009318437 0.999886453 -0.011841077 -3.677160025 -0.037327588 0.012181164 0.999228895 33.697368622
0.999271750 -0.009589734 0.036933169 2.207077742 0.010030697 0.999880314 -0.011772734 -3.824121475 -0.036815856 0.012134627 0.999248385 34.964908600
0.999282837 -0.010023358 0.036514759 2.299668312 0.010477777 0.999869764 -0.012274778 -3.967805624 -0.036386967 0.012648568 0.999257743 36.223243713
0.999323010 -0.010800215 0.035169128 2.418571949 0.011241830 0.999860108 -0.012383445 -4.124503613 -0.035030473 0.012770427 0.999304652 37.507297516
0.999318600 -0.010359236 0.035424802 2.506055117 0.010736657 0.999887407 -0.010480549 -4.270720482 -0.035312258 0.010853751 0.999317467 38.770763397
0.999295413 -0.010547785 0.036018036 2.619051933 0.010899288 0.999894738 -0.009576726 -4.406507969 -0.035913229 0.009962551 0.999305248 40.035541534
0.999207914 -0.012365580 0.037824262 2.725900173 0.012669598 0.999889195 -0.007808531 -4.548002720 -0.037723523 0.008281563 0.999253869 41.284725189
0.999098241 -0.013389103 0.040292457 2.817104578 0.013767710 0.999863505 -0.009133638 -4.689203262 -0.040164668 0.009680137 0.999146163 42.550018311
0.998972356 -0.014876964 0.042812157 2.914252043 0.015414402 0.999806166 -0.012250802 -4.838050842 -0.042621601 0.012898138 0.999008000 43.792858124
0.998868942 -0.015872087 0.044820491 3.015640259 0.016489519 0.999773681 -0.013439693 -4.978670597 -0.044597033 0.014163562 0.998904586 45.039901733
0.998762131 -0.016214972 0.047024626 3.155104637 0.016816819 0.999781311 -0.012431249 -5.111605644 -0.046812765 0.013206665 0.998816311 46.282688141
0.998536170 -0.017302364 0.051245604 3.241955280 0.017772092 0.999804020 -0.008724716 -5.263531208 -0.051084597 0.009622687 0.998647988 47.520401001
0.998271227 -0.020115903 0.055225350 3.356038570 0.020506307 0.999768555 -0.006511713 -5.402495384 -0.055081584 0.007632924 0.998452723 48.746688843
0.998038113 -0.022405157 0.058463357 3.492747307 0.022859870 0.999713242 -0.007120388 -5.538559437 -0.058287054 0.008442882 0.998264253 49.989208221
0.997751057 -0.025682675 0.061912101 3.633751869 0.026406789 0.999591708 -0.010906036 -5.670918465 -0.061606728 0.012516410 0.998022020 51.215934753
0.997475564 -0.026879791 0.065726437 3.768550634 0.027664037 0.999556184 -0.011050873 -5.802444935 -0.065400243 0.012841236 0.997776508 52.444065094
0.997145951 -0.029820852 0.069359832 3.903814077 0.030463103 0.999502063 -0.008220186 -5.943450928 -0.069080196 0.010309640 0.997557878 53.656002045
0.996847928 -0.032137260 0.072535008 4.052834511 0.032598369 0.999455035 -0.005181913 -6.074745655 -0.072328962 0.007530103 0.997352421 54.851871490
0.996582091 -0.034629878 0.074999757 4.198957920 0.034991782 0.999381423 -0.003516349 -6.203952789 -0.074831598 0.006128705 0.997177303 56.091209412
0.996427238 -0.037789900 0.075529777 4.364434719 0.037914254 0.999280930 -0.000212644 -6.326099873 -0.075467423 0.003075538 0.997143507 57.295379639
0.996220767 -0.040408988 0.076885320 4.496819019 0.040452193 0.999180913 0.000996039 -6.450861931 -0.076862611 0.002117905 0.997039378 58.509632111
0.996181965 -0.042282850 0.076379314 4.646012783 0.042581540 0.999090374 -0.002285605 -6.573622704 -0.076213196 0.005529228 0.997076154 59.703178406
0.996205151 -0.043412257 0.075436413 4.798756599 0.044025671 0.999009430 -0.006486952 -6.703674316 -0.075080067 0.009783475 0.997129500 60.908603668
0.996203542 -0.044668887 0.074719161 4.934106350 0.045568213 0.998907387 -0.010374099 -6.832410812 -0.074174121 0.013739536 0.997150600 62.091922760
0.996217072 -0.046950884 0.073124260 5.074805260 0.048012819 0.998764277 -0.012831904 -6.965044022 -0.072431445 0.016294263 0.997240305 63.301589966
0.996374369 -0.046876524 0.070996784 5.215080738 0.047900435 0.998770177 -0.012787811 -7.095948219 -0.070310012 0.016142221 0.997394621 64.477890015
0.996586144 -0.046179697 0.068436444 5.341173649 0.047125895 0.998813510 -0.012275760 -7.237124443 -0.067788340 0.015458981 0.997579932 65.686279297
0.996812046 -0.045477003 0.065556556 5.460723877 0.046262927 0.998873949 -0.010519990 -7.367204666 -0.065004334 0.013519291 0.997793376 66.861824036
0.997238755 -0.041778941 0.061394889 5.586695671 0.042248242 0.999086797 -0.006365138 -7.502584457 -0.061072905 0.008941388 0.998093247 68.049148560
0.997521222 -0.040020794 0.057877004 5.704415798 0.040329073 0.999177754 -0.004167728 -7.629288197 -0.057662617 0.006491522 0.998314977 69.227737427
0.997739971 -0.038714059 0.054917403 5.810521126 0.039175272 0.999205351 -0.007346438 -7.760974884 -0.054589350 0.009481240 0.998463809 70.399406433
0.997908294 -0.039005183 0.051550716 5.924634457 0.039788634 0.999106288 -0.014259440 -7.894976616 -0.050948452 0.016280750 0.998568594 71.585166931
0.997892678 -0.042943582 0.048639186 6.026753426 0.043828543 0.998889625 -0.017275959 -8.028306007 -0.047843274 0.019371338 0.998667061 72.756088257
0.997961223 -0.046720762 0.043479659 6.147609711 0.047293458 0.998806000 -0.012236943 -8.165061951 -0.042856026 0.014268299 0.998979390 73.920761108
0.997963488 -0.050490040 0.038983602 6.255064964 0.050831597 0.998676598 -0.007819925 -8.287720680 -0.038537174 0.009785598 0.999209285 75.077232361
0.998012602 -0.052591514 0.034712575 6.347697258 0.052787486 0.998594463 -0.004752802 -8.412588120 -0.034413826 0.006575746 0.999385953 76.266639709
0.998181701 -0.051885899 0.030678008 6.439738750 0.051990267 0.998644114 -0.002613524 -8.535255432 -0.030500807 0.004203728 0.999525905 77.430114746
0.998303056 -0.051692702 0.026812430 6.524667740 0.051774632 0.998655975 -0.002370086 -8.648729324 -0.026653875 0.003754268 0.999637663 78.575881958
0.998448551 -0.050279543 0.023926517 6.597927094 0.050393019 0.998720884 -0.004163844 -8.780146599 -0.023686549 0.005363113 0.999705076 79.754562378
0.998641551 -0.047803581 0.020730915 6.672944069 0.048002407 0.998804867 -0.009201664 -8.907983780 -0.020266267 0.010184299 0.999742746 80.899871826
0.998547614 -0.051211305 0.016734812 6.758498669 0.051449187 0.998575926 -0.014107360 -9.042725563 -0.015988525 0.014947865 0.999760389 82.059783936
0.998393297 -0.054880530 0.014103769 6.816756725 0.055088356 0.998371840 -0.014796046 -9.175000191 -0.013268789 0.015549227 0.999791086 83.208778381
0.998420358 -0.055222299 0.010357350 6.883872032 0.055340283 0.998401582 -0.011474056 -9.301499367 -0.009707171 0.012029113 0.999880493 84.344123840
0.998424888 -0.055583563 0.007633374 6.949620724 0.055649385 0.998412490 -0.008699432 -9.432746887 -0.007137710 0.009110520 0.999933064 85.481201172
0.998571873 -0.053001668 0.006705661 6.993883610 0.053070765 0.998534679 -0.010583025 -9.559325218 -0.006134918 0.010923789 0.999921501 86.626403809
0.998768210 -0.049231924 0.006196039 7.046755791 0.049314320 0.998686075 -0.013933347 -9.684180260 -0.005501932 0.014221735 0.999883652 87.745674133
0.998855412 -0.047574688 0.004951004 7.108442307 0.047650997 0.998725414 -0.016645322 -9.809636116 -0.004152799 0.016862188 0.999849141 88.844680786
0.998787999 -0.049013551 0.004485089 7.150814056 0.049083326 0.998649061 -0.017056763 -9.950775146 -0.003643017 0.017256234 0.999844432 89.995849609
0.998736978 -0.050140534 0.003229322 7.201059818 0.050181750 0.998637974 -0.014283871 -10.080709457 -0.002508722 0.014427886 0.999892771 91.111763000
0.998681664 -0.051272646 0.002469622 7.251350403 0.051297870 0.998616636 -0.011549231 -10.210588455 -0.001874046 0.011660695 0.999930263 92.225936890
0.998692751 -0.051098935 0.001319987 7.317727089 0.051110554 0.998629928 -0.011234849 -10.330269814 -0.000744089 0.011287628 0.999936044 93.352539062
0.998669147 -0.051553197 0.001431635 7.362499714 0.051567901 0.998577356 -0.013570680 -10.455107689 -0.000729987 0.013626447 0.999906898 94.461837769
0.998652518 -0.051892176 0.000744890 7.422600746 0.051897310 0.998504639 -0.017183591 -10.585801125 0.000147918 0.017199093 0.999852061 95.570678711
0.998635709 -0.052212529 0.000885800 7.468423367 0.052220006 0.998468339 -0.018276034 -10.722315788 0.000069795 0.018297359 0.999832511 96.687294006
0.998595417 -0.052977540 0.000670283 7.524258137 0.052981351 0.998456717 -0.016649738 -10.852840424 0.000212813 0.016661864 0.999861062 97.772315979
0.998649538 -0.051925566 0.001644121 7.567040920 0.051941164 0.998583078 -0.011572585 -10.972829819 -0.001040878 0.011642356 0.999931633 98.858879089
0.998739183 -0.050118487 0.002845363 7.618868828 0.050140377 0.998708308 -0.008227822 -11.091140747 -0.002429322 0.008360116 0.999962032 99.926475525
0.998845816 -0.047789887 0.004809559 7.665130138 0.047828406 0.998821616 -0.008238975 -11.209902763 -0.004410153 0.008459500 0.999954462 100.996948242
0.998917699 -0.046054188 0.006512714 7.720613956 0.046117831 0.998886049 -0.009984389 -11.329757690 -0.006045636 0.010273935 0.999928951 102.036155701
0.998872280 -0.046474908 0.009703228 7.764477730 0.046591632 0.998839974 -0.012170369 -11.452349663 -0.009126356 0.012608734 0.999878883 103.052459717
0.998788893 -0.047889668 0.011281300 7.820507050 0.048038475 0.998756707 -0.013310620 -11.564200401 -0.010629831 0.013836436 0.999847710 104.072868347
0.998680949 -0.049715936 0.012827770 7.885722637 0.049877562 0.998675764 -0.012603499 -11.677441597 -0.012184189 0.013226693 0.999838233 105.057312012
0.998653173 -0.049695484 0.014905899 7.941006660 0.049859818 0.998697102 -0.010863012 -11.797964096 -0.014346636 0.011591585 0.999829829 106.028068542
0.998563647 -0.051164627 0.015901770 8.011236191 0.051319089 0.998637497 -0.009461431 -11.904701233 -0.015396017 0.010263905 0.999828815 106.985000610
0.998491287 -0.051869072 0.018020365 8.066358566 0.052052971 0.998595357 -0.009889885 -12.010993958 -0.017482074 0.010812976 0.999788821 107.902305603
0.998478711 -0.051593255 0.019448852 8.133250237 0.051758531 0.998626947 -0.008092452 -12.110378265 -0.019004626 0.009086786 0.999778211 108.814193726
0.998491824 -0.050561503 0.021393595 8.190154076 0.050703466 0.998694897 -0.006145775 -12.206200600 -0.021054933 0.007221236 0.999752283 109.683639526
0.998455524 -0.050789841 0.022512725 8.251564026 0.050865557 0.998701572 -0.002803027 -12.308188438 -0.022341125 0.003943820 0.999742568 110.542663574
0.998426974 -0.050751362 0.023829252 8.314486504 0.050828949 0.998703837 -0.002661276 -12.399619102 -0.023663301 0.003868306 0.999712467 111.369857788
0.998431027 -0.050021023 0.025167599 8.364665031 0.050085716 0.998742998 -0.001946443 -12.487666130 -0.025038598 0.003203927 0.999681354 112.181930542
0.998527884 -0.047859728 0.025528697 8.418212891 0.047918506 0.998849809 -0.001695290 -12.566298485 -0.025418198 0.002916091 0.999672711 112.960929871
0.998661220 -0.045275606 0.025020136 8.464609146 0.045256712 0.998974502 0.001321057 -12.642805099 -0.025054293 -0.000186959 0.999686122 113.715599060
0.998729706 -0.045223199 0.022221183 8.508368492 0.045177922 0.998975694 0.002535871 -12.729715347 -0.022313109 -0.001528743 0.999749780 114.465248108
0.998848736 -0.045322739 0.015711695 8.546175003 0.045286406 0.998970568 0.002660817 -12.803891182 -0.015816113 -0.001946228 0.999872983 115.161071777
0.999025166 -0.043829303 0.005252207 8.573863029 0.043820187 0.999037743 0.001837898 -12.881786346 -0.005327709 -0.001605954 0.999984443 115.832160950
0.999123812 -0.040898018 -0.008886302 8.575708389 0.040887717 0.999162793 -0.001337632 -12.945386887 0.008933568 0.000973119 0.999959648 116.480514526
0.998843729 -0.039396759 -0.027552672 8.572314262 0.039308038 0.999220073 -0.003754445 -13.016736031 0.027679095 0.002667062 0.999613285 117.102195740
0.998043656 -0.037713613 -0.049866933 8.538471222 0.037462212 0.999280274 -0.005966900 -13.086339951 0.050056070 0.004087101 0.998738050 117.689651489
0.996341109 -0.036186837 -0.077426724 8.497336388 0.035687376 0.999332368 -0.007825144 -13.152451515 0.077658199 0.005033355 0.996967375 118.256767273
0.993382931 -0.034074102 -0.109678373 8.427571297 0.033155374 0.999398232 -0.010189871 -13.216516495 0.109959587 0.006486017 0.993914843 118.807594299
0.988939464 -0.029414127 -0.145373821 8.334678650 0.028071893 0.999542236 -0.011276107 -13.284856796 0.145638958 0.007070469 0.989312589 119.338539124
0.982727647 -0.023267314 -0.183589667 8.208635330 0.021616323 0.999705911 -0.010989253 -13.343725204 0.183791369 0.006830909 0.982941508 119.880531311
0.974158883 -0.018242244 -0.225125983 8.061155319 0.016685553 0.999821842 -0.008815571 -13.401915550 0.225246727 0.004831414 0.974289715 120.378982544
0.962794781 -0.013561175 -0.269892961 7.894922256 0.012035294 0.999900818 -0.007307760 -13.460530281 0.269965321 0.003787633 0.962862551 120.862983704
0.948385715 -0.007628550 -0.317027271 7.703948975 0.005407076 0.999954283 -0.007886411 -13.516437531 0.317072928 0.005765169 0.948383629 121.342430115
0.931185007 0.000186666 -0.364546955 7.473838806 -0.003565400 0.999956608 -0.008595312 -13.569209099 0.364529550 0.009303582 0.931145251 121.800415039
0.910063505 0.004281728 -0.414446801 7.215106964 -0.009093425 0.999912202 -0.009637525 -13.620326996 0.414369166 0.012539502 0.910022497 122.248207092
0.884903431 0.009429723 -0.465679049 6.948417664 -0.014938594 0.999855220 -0.008140486 -13.678565979 0.465534866 0.014160133 0.884916246 122.661682129
0.855770111 0.012563597 -0.517203689 6.665126801 -0.019355033 0.999782622 -0.007738905 -13.724352837 0.516994059 0.016633216 0.855827391 123.057556152
0.824368477 0.022304147 -0.565613985 6.334121704 -0.030282676 0.999530196 -0.004721262 -13.769505501 0.565242946 0.021020360 0.824656606 123.427886963
0.790241957 0.035289831 -0.611777842 5.986442566 -0.043267075 0.999061942 0.001741268 -13.813172340 0.611265361 0.025093816 0.791027665 123.786354065
0.754595816 0.044028781 -0.654711068 5.632102966 -0.054494113 0.998504519 0.004340722 -13.851837158 0.653923154 0.032402404 0.755866766 124.094665527
0.714777529 0.047950812 -0.697706223 5.266883850 -0.061807435 0.998074114 0.005274289 -13.897718430 0.696615279 0.039353486 0.716364801 124.389892578
0.672274232 0.049628381 -0.738636792 4.886188507 -0.064259872 0.997896373 0.008561354 -13.945277214 0.737507939 0.041709125 0.674049199 124.677101135
0.628344834 0.053112272 -0.776119769 4.471733093 -0.067620687 0.997619390 0.013524631 -13.979088783 0.774990499 0.043983620 0.630440414 124.952690125
0.583218277 0.061813869 -0.809960186 4.046554565 -0.078793235 0.996703506 0.019329898 -14.012293816 0.808485031 0.052545827 0.586166263 125.183570862
0.537605882 0.070847534 -0.840214550 3.607795715 -0.090524368 0.995554209 0.026024437 -14.036966324 0.838322818 0.062069006 0.541629195 125.388305664
0.490625322 0.076127008 -0.868038833 3.155216217 -0.095994525 0.994835019 0.032989837 -14.066017151 0.866066933 0.067141324 0.495399028 125.586593628
0.443671346 0.077937022 -0.892794192 2.694007874 -0.095681541 0.994636714 0.039278761 -14.092317581 0.891067147 0.067997076 0.448749006 125.761398315
0.396355093 0.079035193 -0.914689064 2.212928772 -0.092577100 0.994650304 0.045828667 -14.115928650 0.913417816 0.066514820 0.401551545 125.941688538
0.350755960 0.081647731 -0.932900846 1.724430084 -0.094234861 0.994212627 0.051582970 -14.134940147 0.931713521 0.069818728 0.356420130 126.082656860
0.306888700 0.084927812 -0.947948575 1.222572327 -0.100170881 0.993360937 0.056567054 -14.151579857 0.946459234 0.077597052 0.313358545 126.198776245
0.265470326 0.086455859 -0.960234761 0.695718765 -0.104609422 0.992674112 0.060455848 -14.170199394 0.958427072 0.084400371 0.272569597 126.306694031
0.225983962 0.083212733 -0.970570385 0.167007446 -0.105052933 0.992615938 0.060642689 -14.193363190 0.968449831 0.088257000 0.233057022 126.404830933
0.191050291 0.078147978 -0.978464484 -0.366107941 -0.099959500 0.993192554 0.059806652 -14.212841034 0.976477265 0.086380742 0.197561324 126.497749329
0.160423160 0.073136315 -0.984335124 -0.915088654 -0.097401991 0.993556857 0.057947278 -14.235092163 0.982230723 0.086580105 0.166513145 126.576889038
0.134328231 0.071453676 -0.988357365 -1.484842300 -0.098470077 0.993422806 0.058436755 -14.253348351 0.986032307 0.089473911 0.140480757 126.641273499
0.111879185 0.070499912 -0.991217792 -2.064938545 -0.099361680 0.993275046 0.059431236 -14.268258095 0.988741755 0.091839954 0.118131779 126.709152222
0.092849538 0.071507633 -0.993109047 -2.652544022 -0.100743234 0.992973864 0.062079042 -14.280534744 0.990570426 0.094285004 0.099401072 126.768775940
0.077577651 0.070386894 -0.994498551 -3.280593872 -0.102711782 0.992761314 0.062251713 -14.311568260 0.991681397 0.097317390 0.084245652 126.813354492
0.063286647 0.069140770 -0.995597482 -3.900490761 -0.101580858 0.992862523 0.062493682 -14.339879990 0.992812157 0.097178645 0.069858320 126.866722107
0.051050752 0.066806227 -0.996459126 -4.539585114 -0.097217068 0.993354082 0.061617408 -14.362701416 0.993953109 0.093727209 0.057206176 126.909065247
0.039172076 0.063464276 -0.997215033 -5.186714172 -0.094964333 0.993700266 0.059510250 -14.376118660 0.994709611 0.092368715 0.044952143 126.944793701
0.028577948 0.063185364 -0.997592688 -5.864777565 -0.094686076 0.993683755 0.060225338 -14.398314476 0.995096922 0.092737012 0.034380216 126.981597900
0.019027747 0.064766407 -0.997719049 -6.536128044 -0.098072447 0.993208289 0.062603228 -14.420803070 0.994997382 0.096657559 0.025250316 127.001976013
0.010695247 0.064577430 -0.997855365 -7.212033749 -0.100842834 0.992894530 0.063175529 -14.447462082 0.994844913 0.099950895 0.017131424 127.016021729
0.004001101 0.063923948 -0.997946680 -7.903752327 -0.103124715 0.992660284 0.063171864 -14.470292091 0.994660378 0.102660209 0.010563876 127.035453796
-0.000926222 0.064600550 -0.997910738 -8.601828575 -0.103885934 0.992505431 0.064347044 -14.486483574 0.994588733 0.103728496 0.005791809 127.050109863
-0.004795707 0.067344114 -0.997718215 -9.322851181 -0.106180146 0.992054999 0.067472227 -14.507929802 0.994335413 0.106261440 0.002393001 127.074867249
-0.005840169 0.071308061 -0.997437179 -10.057459831 -0.108206928 0.991552234 0.071520895 -14.534124374 0.994111300 0.108347319 0.001925193 127.079864502
-0.006748269 0.074510165 -0.997197449 -10.769558907 -0.110544696 0.991052449 0.074799083 -14.549066544 0.993848205 0.110739663 0.001548814 127.092063904
-0.007523490 0.079890966 -0.996775270 -11.507768631 -0.115245596 0.990092039 0.080225177 -14.555459976 0.993308544 0.115477517 0.001758136 127.102218628
-0.008770346 0.083720393 -0.996450663 -12.250406265 -0.118189879 0.989417315 0.084169716 -14.568508148 0.992952287 0.118508600 0.001217371 127.112266541
-0.009788029 0.084243737 -0.996397078 -13.004038811 -0.118596040 0.989313960 0.084809899 -14.585745811 0.992894292 0.118998870 0.000307538 127.125633240
-0.011301140 0.081237987 -0.996630669 -13.748093605 -0.116279170 0.989825547 0.082001813 -14.604522705 0.993152261 0.116814084 -0.001739875 127.146751404
-0.012858083 0.077640213 -0.996898532 -14.510445595 -0.119701043 0.989691913 0.078622848 -14.608773232 0.992726684 0.120340712 -0.003431928 127.158058167
-0.014184406 0.079615176 -0.996724725 -15.273873329 -0.125211537 0.988837123 0.080767006 -14.622779846 0.992028654 0.125947073 -0.004057330 127.161735535
-0.015406287 0.082317524 -0.996487081 -16.059944153 -0.121785976 0.989030719 0.083584458 -14.634660721 0.992436767 0.122645870 -0.005212172 127.173927307
-0.017709609 0.082510568 -0.996432781 -16.834865570 -0.120676368 0.989127159 0.084050395 -14.651782990 0.992533922 0.121734396 -0.007559977 127.190444946
-0.018251192 0.081812061 -0.996480644 -17.626840591 -0.124143653 0.988748848 0.083451055 -14.661306381 0.992096424 0.125229836 -0.007889397 127.185195923
-0.019755807 0.081269130 -0.996496379 -18.419485092 -0.128046647 0.988277376 0.083137393 -14.673049927 0.991571367 0.129240498 -0.009117979 127.204620361
-0.020856302 0.085572220 -0.996113718 -19.217456818 -0.129891351 0.987654090 0.087565124 -14.678576469 0.991308868 0.131212860 -0.009483723 127.211784363
-0.021611227 0.090464070 -0.995665252 -20.020385742 -0.129247606 0.987287819 0.092508286 -14.692643166 0.991376758 0.130686551 -0.009644236 127.226493835
-0.020736387 0.092691883 -0.995478868 -20.850326538 -0.130021870 0.986987114 0.094609596 -14.699790955 0.991294265 0.131395876 -0.008414573 127.239326477
-0.018654112 0.091710322 -0.995611012 -21.669029236 -0.129409462 0.987186491 0.093358971 -14.707983017 0.991415799 0.130583033 -0.006546904 127.247505188
-0.017617501 0.091607742 -0.995639265 -22.500648499 -0.129402339 0.987209916 0.093121886 -14.712089539 0.991435707 0.130478635 -0.005537915 127.260383606
-0.017732570 0.090467960 -0.995741427 -23.330728531 -0.127550557 0.987556398 0.091995783 -14.716476440 0.991673529 0.128638729 -0.005972673 127.286056519
-0.016897354 0.092395514 -0.995579064 -24.167491913 -0.128473952 0.987266481 0.093804590 -14.723504066 0.991568923 0.129491001 -0.004811776 127.305000305
-0.016138749 0.094574183 -0.995387018 -25.004381180 -0.130187407 0.986843169 0.095873214 -14.725075722 0.991358042 0.131134108 -0.003614049 127.318832397
-0.016142841 0.097005717 -0.995152831 -25.879217148 -0.133247271 0.986196458 0.098294131 -14.726377487 0.990951359 0.134188160 -0.002994264 127.332107544
-0.014710965 0.097956941 -0.995081902 -26.744752884 -0.135632381 0.985795915 0.099047951 -14.723060608 0.990650058 0.136422440 -0.001215875 127.345535278
-0.012722928 0.101045668 -0.994800389 -27.612329483 -0.142197102 0.984586895 0.101826869 -14.722267151 0.989756644 0.142753273 0.001841576 127.358596802
-0.010368303 0.104929969 -0.994425535 -28.496574402 -0.146860182 0.983535111 0.105312072 -14.717395782 0.989102900 0.147133410 0.005212447 127.373184204
-0.008241615 0.106578462 -0.994270027 -29.371953964 -0.149330869 0.983023047 0.106610671 -14.711204529 0.988752961 0.149353862 0.007813754 127.403282166
-0.004220213 0.107531801 -0.994192660 -30.269752502 -0.148212969 0.983153582 0.106966943 -14.712631226 0.988946438 0.147803679 0.011788487 127.423484802
-0.001618818 0.107562840 -0.994196892 -31.161199570 -0.150890827 0.982788801 0.106574282 -14.707574844 0.988549054 0.150187746 0.014639291 127.453025818
0.000899631 0.111251310 -0.993791878 -32.064041138 -0.151199743 0.982381999 0.109837145 -14.699116707 0.988502800 0.150162250 0.017704949 127.483680725
0.003335548 0.113259874 -0.993559718 -32.982639313 -0.150213614 0.982348442 0.111477561 -14.696672440 0.988647938 0.148874387 0.020289846 127.524536133
0.004995391 0.114452019 -0.993416190 -33.875331879 -0.150824353 0.982150257 0.112395652 -14.693231583 0.988547981 0.149269894 0.022168377 127.567245483
0.007736014 0.112643987 -0.993605316 -34.779777527 -0.152172521 0.982194901 0.110165633 -14.686931610 0.988323629 0.150347203 0.024739599 127.596412659
0.008109147 0.114001036 -0.993447542 -35.690990448 -0.156569198 0.981371522 0.111337267 -14.679070473 0.987633705 0.154640406 0.025807129 127.637329102
0.009065770 0.114597641 -0.993370593 -36.585887909 -0.157213002 0.981220424 0.111761190 -14.674407959 0.987523139 0.155157551 0.026911756 127.675544739
0.009330035 0.110978976 -0.993778884 -37.478454590 -0.157659724 0.981555223 0.108133696 -14.672406197 0.987449408 0.155670047 0.026654854 127.712348938
0.010218224 0.106894769 -0.994217813 -38.390270233 -0.158743188 0.981834412 0.103931837 -14.672901154 0.987267017 0.156763315 0.027001424 127.758094788
0.010872666 0.106175862 -0.994287968 -39.288684845 -0.158512771 0.981956601 0.103125699 -14.667935371 0.987296939 0.156486094 0.027506720 127.798530579
0.010630342 0.110115319 -0.993861973 -40.193733215 -0.160746604 0.981179655 0.106990844 -14.663238525 0.986938417 0.158622608 0.028130941 127.839065552
0.010872123 0.116400309 -0.993142843 -41.125621796 -0.161570668 0.980354965 0.113132790 -14.651245117 0.986801267 0.159232736 0.029465416 127.880569458
0.011076749 0.114969760 -0.993307233 -42.019641876 -0.159304604 0.980883658 0.111755349 -14.651689529 0.987167358 0.157000527 0.029180214 127.925949097
0.011961145 0.104770333 -0.994424582 -42.910373688 -0.158590734 0.982106686 0.101565011 -14.658174515 0.987271965 0.156491682 0.028362727 127.969665527
0.012227159 0.094289504 -0.995469749 -43.828567505 -0.160364792 0.982842565 0.091123745 -14.664102554 0.986982107 0.158524096 0.027138092 128.011260986
0.010974995 0.091247849 -0.995767713 -44.727985382 -0.157217711 0.983599484 0.088399999 -14.673505783 0.987503052 0.155582130 0.025140774 128.059829712
0.011056304 0.101328775 -0.994791567 -45.649906158 -0.149879530 0.983781397 0.098541498 -14.676277161 0.988642395 0.148009375 0.026064090 128.107727051
0.010932295 0.114433303 -0.993370771 -46.596900940 -0.144835338 0.983135164 0.111660257 -14.674785614 0.989395320 0.142654508 0.027321914 128.169311523
0.011037210 0.123360440 -0.992300510 -47.518745422 -0.145017415 0.982067049 0.120475233 -14.665855408 0.989367545 0.142571166 0.028728696 128.215911865
0.010933920 0.117698491 -0.992989182 -48.435756683 -0.144921690 0.982750416 0.114889137 -14.663238525 0.989382744 0.142649487 0.027802378 128.256149292
0.010928670 0.104201205 -0.994496107 -49.363574982 -0.145009771 0.984207273 0.101529621 -14.662055969 0.989369869 0.143102050 0.025866270 128.301193237
0.011544581 0.095347956 -0.995377064 -50.279792786 -0.145471051 0.985013127 0.092667967 -14.662351608 0.989295125 0.143728733 0.025241930 128.345092773
0.012047864 0.095408261 -0.995365262 -51.215816498 -0.144266680 0.985188544 0.092686564 -14.669441223 0.989465475 0.142481416 0.025633644 128.388916016
0.011459120 0.096797973 -0.995238066 -52.149654388 -0.147366270 0.984598815 0.094066396 -14.684211731 0.989015639 0.145586625 0.025547389 128.428100586
0.012046776 0.096266612 -0.995282829 -53.104263306 -0.152390853 0.983904541 0.093321562 -14.690763474 0.988246858 0.150547758 0.026523033 128.467788696
0.012485402 0.095798306 -0.995322526 -54.037353516 -0.154114679 0.983690441 0.092745528 -14.694087982 0.987974107 0.152235851 0.027045699 128.511962891
0.013510140 0.103065677 -0.994582832 -54.982204437 -0.163255215 0.981553853 0.099497922 -14.689250946 0.986491323 0.161026582 0.030086935 128.544158936
0.015134856 0.112801068 -0.993502378 -55.930282593 -0.168908879 0.979624689 0.108652279 -14.685965538 0.985515416 0.166166931 0.033879578 128.580505371
0.016145384 0.120793097 -0.992546320 -56.894554138 -0.169163078 0.978695631 0.116355740 -14.684646606 0.985455811 0.166023597 0.036235154 128.638412476
0.016899774 0.121685095 -0.992424846 -57.838310242 -0.170372307 0.978401184 0.117064394 -14.676924706 0.985234797 0.167103350 0.037266534 128.686050415
0.018311430 0.111757927 -0.993566811 -58.775180817 -0.172085643 0.979256034 0.106976718 -14.672010422 0.984911740 0.169019669 0.037163515 128.738296509
0.019115951 0.107097715 -0.994064808 -59.713649750 -0.170412898 0.980046868 0.102310434 -14.673412323 0.985187232 0.167445719 0.036985364 128.800933838
0.021062406 0.105575144 -0.994188249 -60.661239624 -0.168996528 0.980475485 0.100538686 -14.682249069 0.985391557 0.165896773 0.038493004 128.859497070
0.024818417 0.111214519 -0.993486404 -61.663661957 -0.171154290 0.979592025 0.105383486 -14.668844223 0.984931588 0.167424023 0.043346763 128.911056519
0.028426692 0.113303989 -0.993153572 -62.622932434 -0.173871905 0.978969753 0.106709152 -14.669859886 0.984357953 0.169648141 0.047529250 128.967071533
0.032702819 0.108226240 -0.993588209 -63.573238373 -0.173409835 0.979656994 0.101001196 -14.672691345 0.984306633 0.168994948 0.050805040 129.025634766
0.035515714 0.102693036 -0.994078875 -64.530090332 -0.173365772 0.980257988 0.095071405 -14.681005478 0.984216928 0.168962717 0.052618016 129.093780518
0.038854469 0.102505147 -0.993973315 -65.499565125 -0.170681462 0.980786800 0.094473317 -14.683224678 0.984559894 0.165982112 0.055603676 129.165802002
0.041612290 0.106826298 -0.993406534 -66.474632263 -0.168312207 0.980807960 0.098421164 -14.695055008 0.984854996 0.163106948 0.058793839 129.248291016
0.045225747 0.113438800 -0.992515147 -67.433998108 -0.167803988 0.980277419 0.104393803 -14.696072578 0.984782457 0.161826715 0.063369267 129.325836182
0.047924273 0.117371283 -0.991931021 -68.396942139 -0.165461421 0.980285048 0.107999131 -14.701354980 0.985051095 0.158950508 0.066399865 129.409317017
0.049810875 0.119449869 -0.991589963 -69.382629395 -0.165218994 0.980129242 0.109769769 -14.704997063 0.984998286 0.158361763 0.068556488 129.493164062
0.051836453 0.116567984 -0.991829038 -70.331428528 -0.163633257 0.980732739 0.106711812 -14.704579353 0.985158384 0.156764671 0.069912113 129.573928833
0.052446198 0.115049131 -0.991974294 -71.276748657 -0.161607653 0.981225610 0.105258211 -14.708140373 0.985460520 0.154790238 0.070054382 129.662185669
0.052879896 0.111498952 -0.992356658 -72.223625183 -0.158406645 0.982101083 0.101905622 -14.716976166 0.985957026 0.151807144 0.069595590 129.753356934
0.052589338 0.110998571 -0.992428124 -73.211471558 -0.156811252 0.982392132 0.101566575 -14.707991600 0.986227453 0.150282562 0.069069192 129.837707520
0.052599464 0.115845442 -0.991873622 -74.167030334 -0.153663501 0.982357860 0.106585234 -14.711407661 0.986722291 0.146808431 0.069472723 129.920989990
0.051630270 0.117422432 -0.991739035 -75.129669189 -0.147509903 0.983067393 0.108716302 -14.715639114 0.987712085 0.140678257 0.068077005 130.022216797
0.050728064 0.112710431 -0.992332041 -76.090560913 -0.144681588 0.983959079 0.104363278 -14.703100204 0.988177061 0.138278008 0.066221461 130.107009888
0.049670480 0.109063707 -0.992792964 -77.032989502 -0.146763682 0.984026670 0.100757912 -14.704885483 0.987923682 0.140701309 0.064883672 130.184692383
0.048694909 0.105791599 -0.993195355 -77.981430054 -0.143164292 0.984846652 0.097883195 -14.704800606 0.988500237 0.137423694 0.063102603 130.265869141
0.047128405 0.107019760 -0.993139327 -78.947013855 -0.143404484 0.984669626 0.099301964 -14.711154938 0.988541365 0.137740672 0.061753020 130.338729858
0.045920763 0.107922815 -0.993098080 -79.895744324 -0.144399658 0.984422684 0.100302994 -14.713881493 0.988453329 0.138797045 0.060789455 130.417602539
0.044469479 0.108245999 -0.993129015 -80.850219727 -0.146011457 0.984141529 0.100728430 -14.717555046 0.988282800 0.140528888 0.059569407 130.491790771
0.043308605 0.108834088 -0.993115962 -81.800201416 -0.145783901 0.984097123 0.101488255 -14.719137192 0.988368154 0.140385032 0.058486130 130.558288574
0.041176341 0.109474637 -0.993136287 -82.764167786 -0.145696864 0.984012723 0.102428190 -14.724161148 0.988472044 0.140479237 0.056468152 130.630065918
0.039186735 0.111656785 -0.992973924 -83.712478638 -0.145731464 0.983750463 0.104868494 -14.717462540 0.988547802 0.140598059 0.054821875 130.705139160
0.037825949 0.115381956 -0.992600799 -84.666763306 -0.147073284 0.983137190 0.108677238 -14.710790634 0.988402128 0.141874239 0.054157693 130.762878418
0.035163861 0.120493278 -0.992091179 -85.611152649 -0.147971943 0.982391059 0.114070408 -14.704186440 0.988366246 0.142790496 0.052374300 130.833526611
0.033114921 0.120035730 -0.992217124 -86.554931641 -0.147835955 0.982429206 0.113917641 -14.699743271 0.988457382 0.142912984 0.050278664 130.898651123
0.032112941 0.115651652 -0.992770612 -87.501708984 -0.148525774 0.982806563 0.109686591 -14.701908112 0.988386989 0.143929660 0.048738062 130.955078125
0.030193979 0.110164359 -0.993454635 -88.449089050 -0.152105182 0.982838750 0.104364224 -14.682971001 0.987902939 0.147958457 0.046432391 131.009490967
0.028870065 0.108100332 -0.993720710 -89.392349243 -0.150046647 0.983339667 0.102611803 -14.682427406 0.988257289 0.146142095 0.044609178 131.075714111
0.028674414 0.108955145 -0.993632972 -90.358497620 -0.145298287 0.983938456 0.103699073 -14.682092667 0.988972306 0.141399696 0.044044852 131.124481201
0.028249184 0.110130616 -0.993515551 -91.307144165 -0.142312258 0.984231055 0.105054975 -14.681029320 0.989418685 0.138421744 0.043476660 131.185272217
0.026900254 0.110304207 -0.993533790 -92.253288269 -0.136853307 0.984941781 0.105644956 -14.687643051 0.990226030 0.133126497 0.041590679 131.252395630
0.025395716 0.107493415 -0.993881464 -93.194496155 -0.132734343 0.985761821 0.103223614 -14.692564964 0.990826309 0.129300743 0.039302189 131.318939209
0.024634084 0.104152106 -0.994256258 -94.140525818 -0.127515852 0.986761510 0.100207619 -14.695710182 0.991530597 0.124314897 0.037589006 131.381637573
0.023111762 0.106815070 -0.994010270 -95.122222900 -0.125892296 0.986671925 0.103099391 -14.698485374 0.991774619 0.122755423 0.036250927 131.433822632
0.021796055 0.109179154 -0.993783116 -96.068328857 -0.125297651 0.986480117 0.105628759 -14.698576927 0.991879761 0.122216381 0.035181262 131.491226196
0.020218136 0.106806472 -0.994074345 -97.029335022 -0.121131271 0.987214684 0.103605837 -14.694805145 0.992430568 0.118318744 0.032897249 131.542831421
0.018329045 0.104358338 -0.994370937 -97.978919983 -0.118161999 0.987794280 0.101490065 -14.701093674 0.992825210 0.115636624 0.030436516 131.590530396
0.014591724 0.101696633 -0.994708538 -98.946380615 -0.116965882 0.988158047 0.099311136 -14.699093819 0.993028760 0.114897847 0.026313970 131.644699097
0.011862467 0.100900389 -0.994825840 -99.901115417 -0.111409985 0.988834620 0.098964266 -14.710898399 0.993703783 0.109659560 0.022971332 131.694198608
0.009788081 0.101102933 -0.994827807 -100.859794617 -0.104653336 0.989515424 0.099533364 -14.707632065 0.994460583 0.103137806 0.020266224 131.734893799
0.007297045 0.108160824 -0.994106650 -101.826751709 -0.094502576 0.989758253 0.106994018 -14.700269699 0.995497882 0.093164876 0.017443789 131.797851562
0.004883535 0.116141461 -0.993220747 -102.783851624 -0.086480625 0.989560366 0.115288235 -14.696950912 0.996241629 0.085331321 0.014876537 131.850799561
0.000734260 0.115729406 -0.993280649 -103.743110657 -0.082017608 0.989941299 0.115279704 -14.692078590 0.996630609 0.081381850 0.010218724 131.906524658
-0.000908449 0.105711423 -0.994396389 -104.697303772 -0.082929902 0.990963578 0.105422221 -14.694471359 0.996554911 0.082560964 0.007866396 131.930740356
-0.002962684 0.096147150 -0.995362759 -105.644668579 -0.084723204 0.991764069 0.096051723 -14.692590714 0.996400058 0.084614895 0.005207610 131.966842651
-0.003322931 0.097823143 -0.995198250 -106.604148865 -0.092061438 0.990947485 0.097712703 -14.697930336 0.995747805 0.091944076 0.005712889 131.986343384
-0.004159627 0.107255124 -0.994222939 -107.564605713 -0.095451795 0.989649177 0.107161060 -14.689868927 0.995425344 0.095346101 0.006121121 132.021697998
-0.005709006 0.118539445 -0.992932916 -108.528038025 -0.099399671 0.987964213 0.118517771 -14.679046631 0.995031238 0.099373810 0.006142488 132.050491333
-0.007291421 0.120213859 -0.992721200 -109.470314026 -0.106261693 0.987033486 0.120305568 -14.669938087 0.994311452 0.106365427 0.005577248 132.082229614
-0.006972297 0.117446244 -0.993054748 -110.453155518 -0.113645494 0.986551702 0.117475055 -14.655284882 0.993496835 0.113675259 0.006468705 132.099182129
-0.007097333 0.113589093 -0.993502498 -111.408432007 -0.121918298 0.986017287 0.113604248 -14.645021439 0.992514789 0.121932402 0.006850496 132.121688843
-0.004563872 0.115583837 -0.993287146 -112.375381470 -0.126527265 0.985247612 0.115229666 -14.626950264 0.991952598 0.126203805 0.010127963 132.141448975
-0.003176728 0.116687067 -0.993163764 -113.354141235 -0.134652242 0.984073758 0.116049811 -14.609655380 0.990887821 0.134100363 0.012586039 132.165786743
-0.002606652 0.119539060 -0.992826104 -114.318336487 -0.143974409 0.982440591 0.118666627 -14.595197678 0.989578009 0.143250853 0.014649682 132.185623169
-0.002205319 0.121733040 -0.992560506 -115.293899536 -0.149631813 0.981348097 0.120690376 -14.575703621 0.988739312 0.148784786 0.016050952 132.210510254
-0.002257670 0.121051773 -0.992643654 -116.265907288 -0.153226644 0.980882108 0.119965971 -14.566308022 0.988188505 0.152370319 0.016333852 132.254806519
-0.000657243 0.111558244 -0.993757606 -117.221382141 -0.152109489 0.982183099 0.110359468 -14.569622993 0.988363445 0.151232496 0.016323531 132.286544800
0.000662275 0.099971473 -0.994990051 -118.172157288 -0.155222028 0.982940912 0.098657511 -14.562417030 0.987879395 0.154379040 0.016168751 132.323944092
