1.000000000 0.000000000 0.000000000 0.000000000 0.000000000 1.000000000 0.000000000 0.000000000 0.000000000 0.000000000 1.000000000 0.000000000
0.999997914 -0.001538924 -0.001340218 0.049124453 0.001536051 0.999996543 -0.002142077 -0.132520288 0.001343510 0.002140014 0.999996781 1.298101187
0.999997854 0.000091205 -0.002038818 0.104421608 -0.000104156 0.999979734 -0.006353236 -0.267187446 0.002038197 0.006353435 0.999977767 2.604199886
0.999995947 0.002571293 -0.001223544 0.148840204 -0.002580949 0.999965012 -0.007956770 -0.405115128 0.001203042 0.007959898 0.999967515 3.908319235
0.999982893 0.005840356 0.000376900 0.193181887 -0.005837712 0.999960780 -0.006669930 -0.544148803 -0.000415840 0.006667617 0.999977648 5.220997334
0.999974430 0.006673760 0.002573471 0.241783351 -0.006665200 0.999972224 -0.003320862 -0.688857734 -0.002595562 0.003303624 0.999991119 6.543865204
0.999959648 0.006924263 0.005723775 0.299590349 -0.006913268 0.999974310 -0.001938528 -0.827537775 -0.005737050 0.001898880 0.999981701 7.850571632
0.999942005 0.005455940 0.009286822 0.355316669 -0.005438237 0.999983311 -0.001930405 -0.961125851 -0.009297200 0.001879789 0.999954939 9.158159256
0.999910653 0.004069948 0.012730909 0.432467520 -0.004046443 0.999989986 -0.001871426 -1.097650886 -0.012738397 0.001819744 0.999917150 10.457968712
0.999871254 0.002663481 0.015817974 0.500909805 -0.002621580 0.999993026 -0.002669077 -1.232330561 -0.015824974 0.002627265 0.999871254 11.775255203
0.999814093 0.001574214 0.019211110 0.576610088 -0.001506455 0.999992549 -0.003541050 -1.367625237 -0.019216545 0.003511452 0.999809146 13.067438126
0.999747515 0.001487823 0.022417650 0.652198792 -0.001407444 0.999992549 -0.003600868 -1.513490915 -0.022422839 0.003568408 0.999742210 14.398475647
0.999668241 0.001407371 0.025717743 0.737318516 -0.001287053 0.999988079 -0.004694363 -1.652200937 -0.025724044 0.004659706 0.999658167 15.694962502
0.999573290 0.002493758 0.029104058 0.817655325 -0.002363244 0.999987006 -0.004517898 -1.790477872 -0.029114945 0.004447190 0.999566138 16.994279861
0.999486029 0.001945951 0.032000013 0.913330436 -0.001815994 0.999989986 -0.004089715 -1.931619525 -0.032007650 0.004029501 0.999479532 18.274909973
0.999410093 0.000527552 0.034338482 1.009101391 -0.000395394 0.999992490 -0.003855355 -2.071617603 -0.034340266 0.003839504 0.999402821 19.578071594
0.999348223 -0.001946457 0.036045775 1.103822708 0.002130558 0.999984801 -0.005069724 -2.212956429 -0.036035363 0.005143217 0.999337256 20.855852127
0.999313593 -0.001855480 0.037002165 1.205823779 0.002108174 0.999974668 -0.006791332 -2.355856180 -0.036988631 0.006864676 0.999292076 22.158620834
0.999261081 -0.001649769 0.038401499 1.284765840 0.002017250 0.999952495 -0.009532681 -2.499269247 -0.038383950 0.009603102 0.999216914 23.451053619
0.999229133 -0.001419945 0.039231919 1.391184926 0.001851893 0.999938071 -0.010975985 -2.639991760 -0.039213918 0.011040177 0.999169827 24.731040955
0.999186575 -0.000683250 0.040318843 1.488710999 0.001160932 0.999929428 -0.011825388 -2.785505295 -0.040307920 0.011862575 0.999116838 26.000724792
0.999171972 -0.002362687 0.040615469 1.589891076 0.002801918 0.999938130 -0.010760844 -2.932198524 -0.040587537 0.010865737 0.999116898 27.297983170
0.999154985 -0.005133866 0.040778447 1.689684629 0.005533133 0.999937773 -0.009684280 -3.079328537 -0.040726189 0.009901728 0.999121249 28.576517105
0.999187708 -0.006747512 0.039729290 1.788829088 0.007152668 0.999923706 -0.010064639 -3.226576328 -0.039658360 0.010340635 0.999159813 29.868391037
0.999194026 -0.008273983 0.039279245 1.886327624 0.008777886 0.999881148 -0.012673674 -3.372457504 -0.039169718 0.013008248 0.999147952 31.130292892
0.999233782 -0.008528819 0.038198523 1.999861240 0.009013831 0.999880850 -0.012542928 -3.523815870 -0.038086995 0.012877634 0.999191582 32.416828156
0.999249101 -0.009080300 0.037666865 2.094777822 0.009573217 0.999870598 -0.012926552 -3.668014526 -0.037544623 0.013277438 0.999206781 33.685886383
0.999259353 -0.009563383 0.037273571 2.189030647 0.010055197 0.999864578 -0.013029663 -3.813611507 -0.037143927 0.013394807 0.999220073 34.952507019
0.999259055 -0.010211819 0.037108824 2.276221752 0.010730831 0.999847054 -0.013814052 -3.954539776 -0.036962081 0.014202026 0.999215662 36.208686829
0.999314249 -0.010696265 0.035447121 2.394695759 0.011183902 0.999845147 -0.013587151 -4.118823051 -0.035296287 0.013974273 0.999279201 37.496604919
0.999310017 -0.010367115 0.035664912 2.485901356 0.010796418 0.999871373 -0.011865626 -4.263256550 -0.035537306 0.012242494 0.999293387 38.757228851
0.999273300 -0.010322848 0.036692508 2.583509207 0.010722111 0.999885201 -0.010701224 -4.405592918 -0.036577836 0.011086866 0.999269426 40.023788452
0.999200404 -0.012221433 0.038070437 2.697885036 0.012575177 0.999879777 -0.009066225 -4.548006535 -0.037955061 0.009537716 0.999233961 41.270973206
0.999089420 -0.013171146 0.040582042 2.790757656 0.013601647 0.999853849 -0.010350365 -4.692086697 -0.040439792 0.010892921 0.999122739 42.538097382
0.998961329 -0.014499833 0.043197900 2.885655403 0.015092304 0.999795973 -0.013420913 -4.842247486 -0.042994484 0.014058928 0.998976469 43.787055969
0.998856902 -0.015629455 0.045172449 2.987296820 0.016299920 0.999761820 -0.014512267 -4.989933014 -0.044934865 0.015231986 0.998873770 45.044948578
0.998736322 -0.015941596 0.047660433 3.114858627 0.016600640 0.999771535 -0.013464164 -5.122133732 -0.047434900 0.014238343 0.998772860 46.283130646
0.998523176 -0.017068403 0.051578943 3.210278273 0.017600317 0.999796450 -0.009875948 -5.280256748 -0.051399872 0.010769166 0.998620093 47.539890289
0.998241246 -0.020156570 0.055751402 3.314924240 0.020635325 0.999754906 -0.008024896 -5.418396473 -0.055575985 0.009161230 0.998412430 48.754425049
0.998007655 -0.022318859 0.059013184 3.455130339 0.022845099 0.999704897 -0.008257673 -5.559741497 -0.058811460 0.009589384 0.998223186 50.011928558
0.997738719 -0.025656208 0.062121373 3.600240946 0.026463579 0.999575198 -0.012208822 -5.691728115 -0.061781745 0.013825169 0.997993886 51.239215851
0.997437477 -0.026737137 0.066359878 3.727026939 0.027610324 0.999543369 -0.012276211 -5.830050945 -0.066001348 0.014076972 0.997720242 52.477470398
0.997081637 -0.029228045 0.070527948 3.856452465 0.029969050 0.999505997 -0.009471140 -5.974911213 -0.070216283 0.011557153 0.997464836 53.696281433
0.996817529 -0.031985123 0.073018879 4.020347595 0.032535303 0.999450386 -0.006357497 -6.103515625 -0.072775401 0.008712957 0.997310400 54.887203217
0.996533930 -0.034198377 0.075831659 4.145588398 0.034662981 0.999387383 -0.004818673 -6.240410328 -0.075620420 0.007430521 0.997108996 56.137516022
0.996335149 -0.037243407 0.077001452 4.299965382 0.037479326 0.999296010 -0.001620324 -6.366127491 -0.076886915 0.004500346 0.997029662 57.343524933
0.996172369 -0.039790638 0.077828899 4.439936638 0.039928734 0.999202490 -0.000218368 -6.489550591 -0.077758133 0.003325142 0.996966839 58.561367035
0.996130645 -0.041570690 0.077431552 4.584637642 0.041999452 0.999109924 -0.003916256 -6.612676144 -0.077199824 0.007153185 0.996990025 59.751247406
0.996147335 -0.042847540 0.076514833 4.741714001 0.043569811 0.999019980 -0.007794708 -6.745875359 -0.076105863 0.011098415 0.997037947 60.961658478
0.996157765 -0.044181500 0.075615264 4.879571915 0.045209676 0.998906195 -0.011939397 -6.873445988 -0.075005054 0.015312064 0.997065604 62.142513275
0.996172011 -0.046231985 0.074188225 5.018544197 0.047403425 0.998776197 -0.014106701 -7.009157181 -0.073445253 0.017569477 0.997144461 63.353244781
0.996337056 -0.046184618 0.071967758 5.161006451 0.047319785 0.998779595 -0.014147948 -7.141274452 -0.071226500 0.017501622 0.997306585 64.528594971
0.996557474 -0.045298096 0.069434255 5.285965919 0.046350643 0.998832285 -0.013622651 -7.284888268 -0.068736106 0.016794078 0.997493446 65.751846313
0.996787786 -0.044546269 0.066555895 5.407513142 0.045417447 0.998900294 -0.011633335 -7.416276455 -0.065964490 0.014618766 0.997714877 66.928810120
0.997195423 -0.041008487 0.062606722 5.533970833 0.041584097 0.999103606 -0.007918230 -7.548412323 -0.062225897 0.010499468 0.998006821 68.118087769
0.997478426 -0.039066456 0.059250835 5.651012897 0.039471224 0.999204516 -0.005675983 -7.676628113 -0.058981974 0.008000374 0.998226941 69.292869568
0.997663796 -0.037750479 0.056938604 5.753844261 0.038318522 0.999225736 -0.008917523 -7.809806824 -0.056557883 0.011078494 0.998337865 70.470947266
0.997871280 -0.038242444 0.052823666 5.874434471 0.039121684 0.999110937 -0.015711904 -7.949947357 -0.052175835 0.017745005 0.998480260 71.660987854
0.997882724 -0.042164311 0.049521469 5.983017921 0.043138228 0.998892903 -0.018765043 -8.084856987 -0.048675422 0.020861581 0.998596787 72.832687378
0.997930169 -0.046201799 0.044730570 6.102169037 0.046853714 0.998808682 -0.013636637 -8.225282669 -0.044047240 0.015704203 0.998906136 73.995597839
0.997934520 -0.050080121 0.040233750 6.210807800 0.050478399 0.998685062 -0.008944120 -8.350633621 -0.039732926 0.010956582 0.999150217 75.152076721
0.997980595 -0.052215621 0.036169533 6.304688454 0.052467551 0.998604298 -0.006050790 -8.479421616 -0.035803109 0.007936299 0.999327481 76.344642639
0.998165965 -0.051411122 0.031961840 6.395883560 0.051549345 0.998664260 -0.003515258 -8.605443954 -0.031738427 0.005156423 0.999482930 77.503250122
0.998291552 -0.051421441 0.027746882 6.493775845 0.051539984 0.998664498 -0.003573513 -8.720971107 -0.027526075 0.004997481 0.999608517 78.657409668
0.998437703 -0.049944129 0.025051780 6.561051369 0.050093010 0.998730361 -0.005350791 -8.852537155 -0.024752732 0.006597352 0.999671817 79.818809509
0.998622239 -0.047680672 0.021910371 6.636295795 0.047914952 0.998798370 -0.010294782 -8.982553482 -0.021393184 0.011330435 0.999706924 80.962631226
0.998544753 -0.051027130 0.017454373 6.728754520 0.051292479 0.998569369 -0.015108064 -9.121315956 -0.016658487 0.015981356 0.999733448 82.124076843
0.998398960 -0.054480452 0.015213484 6.780436993 0.054727174 0.998368263 -0.016301194 -9.249721527 -0.014300562 0.017107688 0.999751329 83.267684937
0.998431385 -0.054796126 0.011496389 6.848706245 0.054943416 0.998405993 -0.012912885 -9.378161430 -0.010770486 0.013524283 0.999850512 84.404113770
0.998439789 -0.055194080 0.008473566 6.918274403 0.055281088 0.998416662 -0.010401975 -9.509343147 -0.007886020 0.010854173 0.999909997 85.539970398
0.998587549 -0.052560110 0.007765544 6.959387779 0.052648373 0.998545289 -0.011637896 -9.641674042 -0.007142558 0.012030302 0.999902129 86.682067871
0.998776376 -0.048904940 0.007350077 7.012716770 0.049010955 0.998685360 -0.015011772 -9.767715454 -0.006606265 0.015353637 0.999860287 87.802864075
0.998852015 -0.047569539 0.005642608 7.082638741 0.047662809 0.998705924 -0.017743925 -9.894494057 -0.004791236 0.017992498 0.999826610 88.898948669
0.998786211 -0.048911352 0.005811447 7.116001129 0.049010422 0.998629808 -0.018343654 -10.035137177 -0.004906271 0.018606210 0.999814868 90.052925110
0.998740613 -0.049988072 0.004293988 7.170711040 0.050049197 0.998625517 -0.015556633 -10.166492462 -0.003510440 0.015751954 0.999869764 91.166610718
0.998699784 -0.050845396 0.003678188 7.219334602 0.050888319 0.998623371 -0.012710413 -10.299243927 -0.003026859 0.012881065 0.999912441 92.283531189
0.998715639 -0.050576113 0.003029939 7.284843445 0.050610077 0.998641014 -0.012440283 -10.419789314 -0.002396640 0.012577650 0.999918044 93.422462463
0.998687148 -0.051131997 0.003101413 7.331828117 0.051171951 0.998583555 -0.014571780 -10.547811508 -0.002351935 0.014711354 0.999889016 94.530433655
0.998672605 -0.051455189 0.002353769 7.395365238 0.051489897 0.998503745 -0.018412998 -10.676527977 -0.001402803 0.018509749 0.999827743 95.637596130
0.998650491 -0.051876809 0.002442882 7.439152718 0.051914487 0.998463750 -0.019365519 -10.815597534 -0.001434508 0.019466206 0.999809504 96.737487793
0.998608232 -0.052698486 0.002101001 7.499055386 0.052727446 0.998452604 -0.017671090 -10.947761536 -0.001166511 0.017757278 0.999841690 97.823303223
0.998664856 -0.051560003 0.003170642 7.544275284 0.051596273 0.998587430 -0.012681521 -11.068530083 -0.002512305 0.012828181 0.999914587 98.910598755
0.998748958 -0.049787749 0.004651404 7.593482018 0.049828805 0.998715580 -0.009171589 -11.189913750 -0.004188798 0.009391887 0.999947190 99.974906921
0.998825610 -0.048005085 0.006552976 7.641799450 0.048064549 0.998801470 -0.009241541 -11.310016632 -0.006101482 0.009545654 0.999935806 101.040634155
0.998901367 -0.046022173 0.008835416 7.691606045 0.046116181 0.998878241 -0.010748578 -11.433645248 -0.008330833 0.011144225 0.999903142 102.075004578
0.998843431 -0.046622820 0.011745177 7.742201805 0.046776745 0.998818219 -0.013190566 -11.555097580 -0.011116317 0.013724713 0.999843955 103.097282410
0.998757720 -0.048005451 0.013361752 7.798266888 0.048196331 0.998734772 -0.014350093 -11.665601730 -0.012655966 0.014976249 0.999807775 104.104362488
0.998637795 -0.049865883 0.015364843 7.860641479 0.050073750 0.998654842 -0.013454508 -11.780915260 -0.014673254 0.014205553 0.999791503 105.086242676
0.998599112 -0.050006043 0.017299484 7.917124271 0.050218668 0.998665154 -0.012082450 -11.899588585 -0.016672198 0.012934281 0.999777377 106.067230225
0.998529494 -0.051209621 0.017784601 7.998250484 0.051402438 0.998622179 -0.010559814 -12.006477356 -0.017219335 0.011458457 0.999786079 107.002212524
0.998453200 -0.051857587 0.020050859 8.053957939 0.052085672 0.998581707 -0.011024657 -12.113977432 -0.019450709 0.012051965 0.999738157 107.918472290
0.998450100 -0.051326755 0.021516247 8.116903305 0.051533692 0.998629093 -0.009176116 -12.214787483 -0.021015769 0.010270706 0.999726415 108.822494507
0.998452783 -0.050512843 0.023247030 8.177152634 0.050688308 0.998689890 -0.007021265 -12.313628197 -0.022861904 0.008188754 0.999705136 109.692497253
0.998417199 -0.050584123 0.024579948 8.240520477 0.050692458 0.998707175 -0.003804993 -12.415143013 -0.024355689 0.005044989 0.999690652 110.548583984
0.998384356 -0.050499767 0.026046995 8.305072784 0.050625738 0.998708904 -0.004198867 -12.502838135 -0.025801323 0.005510732 0.999651968 111.373962402
0.998390138 -0.049754210 0.027234342 8.356614113 0.049853824 0.998752058 -0.002990586 -12.595726013 -0.027051559 0.004343508 0.999624550 112.181457520
0.998494267 -0.047337074 0.027723402 8.409944534 0.047430046 0.998870969 -0.002705497 -12.676277161 -0.027564030 0.004016345 0.999612033 112.960510254
0.998624444 -0.044882923 0.027107142 8.455690384 0.044892471 0.998991668 0.000256702 -12.753242493 -0.027091334 0.000960557 0.999632478 113.714614868
0.998702288 -0.044843797 0.024140991 8.504185677 0.044821579 0.998993933 0.001461189 -12.839781761 -0.024182225 -0.000377255 0.999707639 114.468467712
0.998835921 -0.044782799 0.017923474 8.540397644 0.044760082 0.998996377 0.001666411 -12.914616585 -0.017980112 -0.000862215 0.999837995 115.165985107
0.999041080 -0.043200605 0.007131383 8.573384285 0.043197967 0.999066412 0.000525011 -12.989124298 -0.007147409 -0.000216447 0.999974430 115.832496643
0.999158323 -0.040520810 -0.006384015 8.571174622 0.040505782 0.999176264 -0.002465682 -13.058000565 0.006478665 0.002205017 0.999976516 116.466217041
0.998909891 -0.039088696 -0.025515648 8.570985794 0.038977064 0.999228299 -0.004858298 -13.127805710 0.025685854 0.003858477 0.999662757 117.092544556
0.998172700 -0.037239805 -0.047586583 8.535074234 0.036936406 0.999291480 -0.007239600 -13.195915222 0.047822468 0.005468694 0.998840928 117.679046631
0.996496737 -0.035771526 -0.075595073 8.500000000 0.035175793 0.999338865 -0.009197831 -13.262620926 0.075874113 0.006506492 0.997096181 118.247962952
0.993645191 -0.033309728 -0.107515462 8.427539825 0.032248143 0.999412537 -0.011597831 -13.327233315 0.107838646 0.008056954 0.994135797 118.791656494
0.989277720 -0.028977869 -0.143142626 8.322559357 0.027420340 0.999541521 -0.012842095 -13.394152641 0.143449128 0.008779379 0.989618778 119.347015381
0.983018339 -0.022964884 -0.182064787 8.222461700 0.021053044 0.999701142 -0.012426862 -13.452392578 0.182295784 0.008382816 0.983208001 119.872306824
0.974700928 -0.017832050 -0.222800508 8.058963776 0.016028201 0.999822497 -0.009902062 -13.515869141 0.222937539 0.006080459 0.974813759 120.363540649
0.963374615 -0.013067669 -0.267840505 7.895801544 0.011283819 0.999902785 -0.008198352 -13.576489449 0.267921567 0.004875821 0.963428378 120.849449158
0.949110210 -0.007219434 -0.314861447 7.703926086 0.004661343 0.999949753 -0.008876738 -13.631930351 0.314909697 0.006957325 0.949096143 121.328407288
0.931970358 0.000541118 -0.362534404 7.476264954 -0.004343123 0.999943852 -0.009672384 -13.683078766 0.362508774 0.010588904 0.931920230 121.788269043
0.911020935 0.005056268 -0.412329137 7.227302551 -0.010258907 0.999893248 -0.010405162 -13.737110138 0.412232488 0.013709368 0.910975516 122.219360352
0.885928333 0.009742148 -0.463719815 6.952072144 -0.015710764 0.999835849 -0.009009882 -13.795360565 0.463555962 0.015267501 0.885936081 122.652008057
0.856955588 0.012885193 -0.515229106 6.669948578 -0.020264613 0.999756753 -0.008702563 -13.841251373 0.514991641 0.017898628 0.857008338 123.047134399
0.825450540 0.022689365 -0.564018250 6.341987610 -0.031190529 0.999498665 -0.005439981 -13.888020515 0.563612103 0.022082461 0.825744390 123.421508789
0.791500509 0.035658643 -0.610127211 5.993465424 -0.044248398 0.999020100 0.000985162 -13.931569099 0.609564424 0.026217395 0.792302787 123.782066345
0.755672336 0.044473872 -0.653438210 5.648223877 -0.055537883 0.998449564 0.003728715 -13.968991280 0.652590871 0.033472884 0.756970644 124.085830688
0.715766490 0.048356798 -0.696663558 5.285686493 -0.062883951 0.998009980 0.004665587 -14.014034271 0.695502698 0.040469483 0.717382789 124.383750916
0.673519731 0.049938247 -0.737480342 4.903224945 -0.065267548 0.997836053 0.007961154 -14.061719894 0.736282110 0.042771537 0.675321698 124.668457031
0.629812717 0.053522442 -0.774900854 4.490230560 -0.068996578 0.997534454 0.012821720 -14.092783928 0.773676634 0.045390222 0.631952882 124.941932678
0.584572136 0.062168349 -0.808956385 4.068691254 -0.079822734 0.996629715 0.018909134 -14.129020691 0.807405472 0.053519364 0.587564468 125.173294067
0.539096713 0.071241826 -0.839225352 3.630062103 -0.091534406 0.995470047 0.025706071 -14.154358864 0.837255061 0.062959939 0.543175817 125.377792358
0.492381543 0.076165237 -0.867040455 3.177066803 -0.097063206 0.994755149 0.032263335 -14.179557800 0.864950418 0.068271853 0.497191936 125.575057983
0.445457488 0.077919789 -0.891905785 2.720836639 -0.096652023 0.994568825 0.038616426 -14.205976486 0.890070736 0.069002524 0.450569332 125.750679016
0.397823334 0.079175472 -0.914039314 2.240821838 -0.093654931 0.994569540 0.045389075 -14.228992462 0.912669361 0.067547455 0.403078109 125.935485840
0.352059811 0.081792116 -0.932396889 1.754264832 -0.095338508 0.994126916 0.051208757 -14.248582840 0.931109309 0.070864774 0.357790053 126.079429626
0.308412671 0.085111253 -0.947437465 1.250663757 -0.101278342 0.993266106 0.056259759 -14.265853882 0.945845783 0.078603677 0.314955741 126.193878174
0.267181963 0.086449549 -0.959760606 0.722917557 -0.106097870 0.992551923 0.059867240 -14.280653954 0.957787514 0.085833110 0.274364084 126.301582336
0.227610588 0.083633184 -0.970153987 0.197498322 -0.106375113 0.992477655 0.060600668 -14.306043625 0.967924476 0.089406908 0.234794930 126.401084900
0.192835689 0.078559108 -0.978081226 -0.335659027 -0.101318695 0.993055999 0.059786163 -14.325480461 0.975986183 0.087568991 0.199456140 126.493484497
0.162142456 0.073534861 -0.984023631 -0.885381699 -0.098746710 0.993422925 0.057966277 -14.347670555 0.981814146 0.087770291 0.168337315 126.574569702
0.136059225 0.071885601 -0.988089204 -1.454212189 -0.099716023 0.993292749 0.058533344 -14.364763260 0.985669613 0.090564325 0.142314762 126.638000488
0.113729335 0.070965946 -0.990973949 -2.033426285 -0.100626618 0.993139088 0.059572566 -14.380146980 0.988402784 0.092943206 0.120090105 126.705635071
0.095012277 0.072357900 -0.992843032 -2.628528595 -0.102299348 0.992784262 0.062563874 -14.396571159 0.990205765 0.095622845 0.101728864 126.767555237
0.079015076 0.070426621 -0.994382620 -3.237154961 -0.103259094 0.992713869 0.062103320 -14.418520927 0.991511047 0.097771950 0.085711554 126.815597534
0.064927243 0.069438308 -0.995471179 -3.855190277 -0.101751521 0.992837071 0.062618077 -14.448222160 0.992688775 0.097225077 0.071527645 126.868431091
0.052951749 0.066722624 -0.996365547 -4.492872715 -0.097645052 0.993329823 0.061330002 -14.468213081 0.993811607 0.094042629 0.059113692 126.908714294
0.041202981 0.064237937 -0.997083664 -5.150114059 -0.095062420 0.993656158 0.060088802 -14.485469818 0.994618177 0.092309356 0.047048215 126.943267822
0.029688891 0.063224413 -0.997557580 -5.821645260 -0.094856843 0.993671775 0.060155030 -14.508019447 0.995048106 0.092839219 0.035498276 126.993331909
0.020014774 0.064611562 -0.997709751 -6.491888046 -0.098153681 0.993216038 0.062351517 -14.528900146 0.994969964 0.096680932 0.026220858 127.014541626
0.011836035 0.064310096 -0.997859657 -7.168547153 -0.101042174 0.992898643 0.062791847 -14.554460526 0.994811714 0.100082718 0.018250011 127.029472351
0.005059565 0.063896984 -0.997943699 -7.867306232 -0.102871656 0.992694974 0.063039370 -14.578018188 0.994681776 0.102341175 0.011595794 127.051856995
-0.000205723 0.064917348 -0.997890711 -8.563961983 -0.103609808 0.992518604 0.064589247 -14.597113609 0.994617999 0.103404537 0.006521892 127.069549561
-0.003619453 0.067345604 -0.997723103 -9.285578728 -0.106082089 0.992073953 0.067349128 -14.616631508 0.994350791 0.106084310 0.003553398 127.091911316
-0.004412345 0.071096279 -0.997459769 -10.021994591 -0.108288527 0.991569698 0.071155474 -14.640926361 0.994109631 0.108327389 0.003323764 127.093734741
-0.005618880 0.074386813 -0.997213662 -10.734466553 -0.110561825 0.991069198 0.074551426 -14.655710220 0.993853390 0.110672653 0.002655642 127.110992432
-0.006234365 0.079952456 -0.996779263 -11.473085403 -0.115277246 0.990095556 0.080137357 -14.663475037 0.993313909 0.115405560 0.003044083 127.120223999
-0.007284047 0.083760008 -0.996459365 -12.216543198 -0.118317932 0.989413679 0.084032655 -14.676307678 0.992949009 0.118511118 0.002703375 127.128723145
-0.008764326 0.084275916 -0.996403873 -12.966032028 -0.118412428 0.989343643 0.084720314 -14.695243835 0.992925823 0.118729100 0.001308385 127.149459839
-0.010333983 0.081144236 -0.996648729 -13.709355354 -0.116022162 0.989872873 0.081795558 -14.714038849 0.993192852 0.116478622 -0.000814802 127.172409058
-0.011752929 0.077584065 -0.996916592 -14.468936920 -0.119378164 0.989745915 0.078433409 -14.717589378 0.992779374 0.119931899 -0.002370568 127.185600281
-0.013061798 0.079332925 -0.996762633 -15.237313271 -0.124739267 0.988931179 0.080344230 -14.729594231 0.992103577 0.125384882 -0.003021290 127.187530518
-0.014130406 0.082289018 -0.996508241 -16.026256561 -0.121646836 0.989063501 0.083399177 -14.745217323 0.992472887 0.122400530 -0.003965671 127.198631287
-0.016451042 0.082395315 -0.996463895 -16.800001144 -0.120484158 0.989173532 0.083781607 -14.762459755 0.992578983 0.121436402 -0.006345605 127.217231750
-0.016908171 0.081777677 -0.996507108 -17.595619202 -0.124169692 0.988762677 0.083248958 -14.772633553 0.992116988 0.125143588 -0.006563862 127.210929871
-0.018511597 0.081172913 -0.996528089 -18.384925842 -0.127886623 0.988319695 0.082879938 -14.782902718 0.991615951 0.128976852 -0.007914447 127.233764648
-0.019503444 0.085495390 -0.996147633 -19.182615280 -0.129789189 0.987690032 0.087310627 -14.788845062 0.991349757 0.130992055 -0.008166979 127.240966797
-0.020365411 0.090401754 -0.995697141 -19.985818863 -0.129150629 0.987321556 0.092282899 -14.802977562 0.991415739 0.130474299 -0.008431768 127.257545471
-0.019299252 0.092601232 -0.995516241 -20.815940857 -0.130029574 0.987012625 0.094331011 -14.809750557 0.991322279 0.131267071 -0.007007705 127.269493103
-0.017101258 0.091518097 -0.995656610 -21.634096146 -0.129412234 0.987223327 0.092965700 -14.817325592 0.991443396 0.130439967 -0.005039199 127.277793884
-0.016043477 0.091365352 -0.995688140 -22.466077805 -0.129427746 0.987248302 0.092676379 -14.820909500 0.991459131 0.130356520 -0.004013681 127.291801453
-0.016153418 0.090530172 -0.995762646 -23.290412903 -0.127913907 0.987522364 0.091856040 -14.827537537 0.991653740 0.128855705 -0.004371791 127.319625854
-0.015447726 0.092531621 -0.995589912 -24.127714157 -0.128773063 0.987232387 0.093752921 -14.834479332 0.991553783 0.129653439 -0.003334914 127.340446472
-0.015167839 0.094512708 -0.995408118 -24.966217041 -0.130387500 0.986835063 0.095685519 -14.835664749 0.991347194 0.131240100 -0.002644878 127.359771729
-0.014779004 0.097187497 -0.995156348 -25.838417053 -0.133627340 0.986145258 0.098291956 -14.837997437 0.990921557 0.134432703 -0.001587337 127.371353149
-0.013321969 0.098134704 -0.995083988 -26.704965591 -0.136088654 0.985734344 0.099034563 -14.835100174 0.990607142 0.136738971 0.000223099 127.385299683
-0.011634082 0.101388201 -0.994778872 -27.573587418 -0.142824069 0.984477282 0.102008604 -14.836266518 0.989679694 0.143265128 0.003027186 127.401084900
-0.009129371 0.105388381 -0.994389236 -28.449928284 -0.147284895 0.983443022 0.105580442 -14.832593918 0.989052117 0.147422388 0.006543898 127.417419434
-0.007054472 0.107207090 -0.994211674 -29.324581146 -0.149830356 0.982899308 0.107050382 -14.827572823 0.988686562 0.149718255 0.009129037 127.448989868
-0.003140692 0.107973784 -0.994148731 -30.225105286 -0.148619950 0.983062506 0.107239239 -14.827896118 0.988889396 0.148087174 0.012959561 127.471145630
-0.000407204 0.107889809 -0.994162738 -31.118270874 -0.151254311 0.982718289 0.106709763 -14.821829796 0.988494813 0.150414884 0.015918635 127.500198364
0.001976738 0.111817569 -0.993726850 -32.017230988 -0.151841238 0.982239842 0.110222980 -14.815649033 0.988402903 0.150670826 0.018920148 127.533126831
0.004252749 0.113745451 -0.993500829 -32.929210663 -0.150896683 0.982206404 0.111806445 -14.809022903 0.988540411 0.149440497 0.021340894 127.575355530
0.006041967 0.114886671 -0.993360162 -33.821662903 -0.151439622 0.982025981 0.112654693 -14.805308342 0.988448083 0.149753407 0.023331761 127.617828369
0.008728022 0.113179728 -0.993536174 -34.726181030 -0.152729571 0.982067525 0.110531546 -14.798571587 0.988229454 0.150777638 0.025857396 127.648422241
0.008863371 0.114456661 -0.993388712 -35.634212494 -0.157265872 0.981224537 0.111651912 -14.789453506 0.987516522 0.155236512 0.026697075 127.692710876
0.010034190 0.115214542 -0.993289948 -36.528190613 -0.158174396 0.981016636 0.112193048 -14.785346985 0.987360179 0.155987248 0.028067695 127.729774475
0.010275926 0.111520395 -0.993709087 -37.424522400 -0.158541739 0.981373131 0.108496502 -14.781603813 0.987298727 0.156429440 0.027765153 127.766487122
0.010894218 0.107474111 -0.994148135 -38.328125000 -0.159521118 0.981661081 0.104376093 -14.784547806 0.987134397 0.157450527 0.027838824 127.814079285
0.011391147 0.106782936 -0.994217157 -39.224971771 -0.159200430 0.981792867 0.103624500 -14.780140877 0.987180531 0.157099426 0.028183637 127.857429504
0.011141878 0.110845454 -0.993775249 -40.123542786 -0.161645427 0.980964839 0.107604280 -14.774801254 0.986786008 0.159440324 0.028847456 127.900924683
0.011805336 0.117300794 -0.993026257 -41.061038971 -0.162698612 0.980086744 0.113838121 -14.764070511 0.986605167 0.160220101 0.030654926 127.931488037
0.011993906 0.115946807 -0.993183017 -41.956195831 -0.160509720 0.980597556 0.112539202 -14.763916016 0.986961365 0.158065766 0.030371785 127.978179932
0.012922707 0.105486467 -0.994336665 -42.845359802 -0.159897268 0.981841147 0.102082767 -14.768887520 0.987048984 0.157672524 0.029555045 128.021606445
0.013362052 0.095169395 -0.995371401 -43.773918152 -0.161782146 0.982549965 0.091771737 -14.773935318 0.986735940 0.159807086 0.028525595 128.062881470
0.012243554 0.092194043 -0.995665729 -44.674995422 -0.158490881 0.983331561 0.089103021 -14.783088684 0.987284482 0.156713009 0.026651392 128.111083984
0.012149464 0.102138564 -0.994696021 -45.595439911 -0.151234582 0.983513474 0.099143088 -14.785027504 0.988423228 0.149227902 0.027396044 128.161972046
0.012195955 0.115387991 -0.993245602 -46.539646149 -0.146308511 0.982834697 0.112382017 -14.782890320 0.989163756 0.143949702 0.028868860 128.220092773
0.012498300 0.124220923 -0.992175698 -47.462020874 -0.146646768 0.981752038 0.121068567 -14.773035049 0.989109993 0.143986240 0.030486828 128.266372681
0.012163064 0.118536651 -0.992875099 -48.377834320 -0.146820948 0.982398272 0.115487218 -14.770397186 0.989088297 0.144370228 0.029352631 128.309844971
0.012241130 0.105323836 -0.994362652 -49.299457550 -0.146933764 0.983831704 0.102399558 -14.771059990 0.989070594 0.144851997 0.027518844 128.354644775
0.012776423 0.096466057 -0.995254278 -50.213642120 -0.147519797 0.984625757 0.093542121 -14.771039963 0.988976538 0.145624593 0.026810652 128.399475098
0.013198252 0.096542232 -0.995241463 -51.139202118 -0.146747857 0.984737754 0.093577273 -14.780082703 0.989085913 0.144814491 0.027164185 128.445846558
0.012684116 0.098081358 -0.995097578 -52.086322784 -0.149619594 0.984159887 0.095096141 -14.794935226 0.988662243 0.147679925 0.027158091 128.488800049
0.013220735 0.097573251 -0.995140553 -53.013149261 -0.154301554 0.983505487 0.094382495 -14.797469139 0.987935305 0.152303919 0.028058367 128.524475098
0.013559883 0.097169697 -0.995175540 -53.954669952 -0.155846521 0.983309150 0.093887575 -14.801378250 0.987688184 0.153821528 0.028477121 128.568191528
0.014411154 0.104609191 -0.994409084 -54.915359497 -0.164895207 0.981144249 0.100824103 -14.800731659 0.986205816 0.162520289 0.031388979 128.610076904
0.015885798 0.114147626 -0.993336737 -55.854873657 -0.170184419 0.979274809 0.109810069 -14.794085503 0.985284209 0.167306021 0.034982711 128.650054932
0.017212035 0.122608393 -0.992305934 -56.811851501 -0.170831978 0.978220224 0.117904842 -14.789216995 0.985149860 0.167488217 0.037782595 128.692565918
0.018082416 0.123267122 -0.992208719 -57.768234253 -0.172526360 0.977870047 0.118341580 -14.780040741 0.984838963 0.169042259 0.038949084 128.744079590
0.019686073 0.113454372 -0.993348181 -58.710426331 -0.174381346 0.978701532 0.108325653 -14.777839661 0.984481394 0.171088889 0.039051123 128.790557861
0.021017037 0.108454533 -0.993879199 -59.647098541 -0.172856867 0.979522109 0.103232518 -14.772337914 0.984722793 0.169629261 0.039333757 128.845977783
0.022829067 0.107102647 -0.993985832 -60.616935730 -0.171260357 0.979966938 0.101658739 -14.774980545 0.984961271 0.167909622 0.040714163 128.905715942
0.026269756 0.112872258 -0.993262231 -61.581951141 -0.172978029 0.979130030 0.106691398 -14.769489288 0.984575272 0.169009760 0.045245927 128.964706421
0.029489765 0.115186699 -0.992906034 -62.556247711 -0.175448567 0.978512943 0.108306065 -14.773756027 0.984046817 0.171010017 0.049065448 129.026672363
0.033441544 0.109995104 -0.993369401 -63.512226105 -0.174517870 0.979298055 0.102561884 -14.772186279 0.984085917 0.169930905 0.051945344 129.088195801
0.036528047 0.104551241 -0.993848562 -64.464683533 -0.174359918 0.979924440 0.096678019 -14.780553818 0.984004200 0.169755861 0.054024268 129.158157349
0.040425837 0.104316637 -0.993722260 -65.431617737 -0.172242597 0.980374455 0.095908418 -14.779188156 0.984224617 0.167284131 0.057600226 129.221237183
0.042388815 0.108467609 -0.993195832 -66.386398315 -0.169380337 0.980479658 0.099849835 -14.791866302 0.984638751 0.163995296 0.059933659 129.314971924
0.045806888 0.115113258 -0.992295623 -67.343833923 -0.168763191 0.979952216 0.105890781 -14.791507721 0.984591663 0.162612453 0.064315431 129.395233154
0.048229452 0.119416282 -0.991672158 -68.308601379 -0.166540518 0.979891181 0.109898016 -14.799409866 0.984854281 0.159853280 0.067147277 129.481338501
0.050564058 0.120856591 -0.991381347 -69.294746399 -0.166213125 0.979825854 0.110970423 -14.795639992 0.984792531 0.159169495 0.069631927 129.560897827
0.052802984 0.117890656 -0.991621733 -70.238182068 -0.165298343 0.980340242 0.107747428 -14.791864395 0.984829068 0.158224031 0.071252018 129.637725830
0.053355709 0.116537482 -0.991752148 -71.183189392 -0.163233191 0.980825543 0.106471688 -14.795458794 0.985143781 0.156205982 0.071355432 129.728164673
0.054258052 0.113000073 -0.992112458 -72.129608154 -0.160246342 0.981683373 0.103048451 -14.803108215 0.985584676 0.153391168 0.071372077 129.815078735
0.053749058 0.112551898 -0.992191076 -73.119430542 -0.158796489 0.981946230 0.102787413 -14.795382500 0.985847235 0.152031720 0.070651531 129.901046753
0.053511415 0.117148362 -0.991671741 -74.072395325 -0.155464098 0.981962562 0.107612409 -14.796039581 0.986391127 0.148410842 0.070758559 129.988586426
0.052987531 0.118710332 -0.991514146 -75.032348633 -0.149466679 0.982666612 0.109663397 -14.798024178 0.987345994 0.142387509 0.069812313 130.087722778
0.052322168 0.114094883 -0.992091179 -75.991554260 -0.146623954 0.983563006 0.105381288 -14.784597397 0.987807631 0.139950559 0.068191193 130.170425415
0.050626103 0.110322148 -0.992605686 -76.956192017 -0.149013340 0.983589411 0.101719901 -14.787954330 0.987538338 0.142761782 0.066234753 130.250869751
0.049637109 0.107386671 -0.992977500 -77.904937744 -0.145412639 0.984386563 0.099188678 -14.788585663 0.988125086 0.139468044 0.064477473 130.332092285
0.048455440 0.108331166 -0.992933333 -78.870124817 -0.145817041 0.984217703 0.100264385 -14.790305138 0.988124192 0.139928252 0.063487224 130.401718140
0.047846377 0.109488793 -0.992835820 -79.829360962 -0.147064805 0.983913839 0.101417594 -14.794113159 0.987968981 0.141158715 0.063178666 130.475494385
0.046477176 0.109758079 -0.992871165 -80.783561707 -0.148540497 0.983654141 0.101785854 -14.796564102 0.987813532 0.142750874 0.062020976 130.550750732
0.044925205 0.110669240 -0.992841542 -81.733345032 -0.148415193 0.983555138 0.102918483 -14.800049782 0.987904131 0.142729104 0.060611412 130.622711182
0.042875346 0.110663816 -0.992932618 -82.696746826 -0.148432165 0.983522534 0.103205658 -14.799344063 0.987992764 0.142958164 0.058594927 130.696044922
0.041039582 0.112919755 -0.992756188 -83.644577026 -0.147829771 0.983344197 0.105738059 -14.791023254 0.988160968 0.142419472 0.057048939 130.773468018
0.039269049 0.116762362 -0.992383182 -84.598068237 -0.149185061 0.982703030 0.109720081 -14.784713745 0.988029182 0.143740147 0.056009017 130.836196899
0.037411325 0.121705130 -0.991860986 -85.548423767 -0.150429934 0.981931150 0.114812754 -14.775177002 0.987912536 0.144910276 0.055043444 130.900741577
0.035313595 0.121508233 -0.991962075 -86.496429443 -0.150313690 0.981935382 0.114928894 -14.772747040 0.988007426 0.145046934 0.052940015 130.964202881
0.034217503 0.116582491 -0.992591441 -87.441238403 -0.150399700 0.982463300 0.110208198 -14.769415855 0.988032877 0.145514384 0.051151399 131.026992798
0.031651855 0.111377940 -0.993273914 -88.388961792 -0.154279336 0.982406080 0.105243020 -14.755594254 0.987520158 0.149910524 0.048278295 131.090835571
0.030615639 0.109352767 -0.993531346 -89.331924438 -0.152289584 0.982902765 0.103490114 -14.753947258 0.987861633 0.148136079 0.046745475 131.156112671
0.029866630 0.110569537 -0.993419528 -90.296867371 -0.147984877 0.983399332 0.105005182 -14.758049011 0.988538563 0.143874899 0.045733444 131.212921143
0.029050281 0.111962773 -0.993287623 -91.245018005 -0.144985095 0.983670413 0.106638402 -14.757128716 0.989007235 0.140914053 0.044808831 131.277313232
0.028270472 0.111916877 -0.993315279 -92.194557190 -0.139327049 0.984453678 0.106953077 -14.761835098 0.989842772 0.135372058 0.043424021 131.341522217
0.026917106 0.109096415 -0.993666708 -93.137222290 -0.135438785 0.985258937 0.104504451 -14.765029907 0.990419924 0.131768063 0.041296203 131.406631470
0.026573906 0.105965510 -0.994014680 -94.080337524 -0.130339473 0.986244559 0.101652712 -14.769247055 0.991113186 0.126858026 0.040019862 131.468048096
0.024845762 0.108672239 -0.993767202 -95.060142517 -0.128732175 0.986145318 0.104620270 -14.774654388 0.991368115 0.125330418 0.038491149 131.523971558
0.023421992 0.111035362 -0.993540406 -96.006507874 -0.128078327 0.985956848 0.107168496 -14.772782326 0.991487503 0.124740861 0.037314292 131.583557129
0.022199411 0.108813338 -0.993814349 -96.965988159 -0.124047905 0.986677349 0.105260983 -14.768271446 0.992027819 0.120943852 0.035401724 131.633819580
0.020242153 0.105746694 -0.994187117 -97.915954590 -0.121091589 0.987329721 0.102551825 -14.769472122 0.992434978 0.118311800 0.032790713 131.684463501
0.016326157 0.103300124 -0.994516253 -98.877944946 -0.120006308 0.987661123 0.100618042 -14.767611504 0.992638886 0.117705517 0.028521381 131.743927002
0.013563282 0.102314413 -0.994659662 -99.831657410 -0.114507616 0.988365829 0.100105569 -14.776092529 0.993329823 0.112538330 0.025121262 131.795776367
0.011433481 0.102515407 -0.994665682 -100.790893555 -0.107688457 0.989071608 0.100700982 -14.771852493 0.994119048 0.105962642 0.022348251 131.838867188
0.008849929 0.110117510 -0.993879199 -101.755218506 -0.097751729 0.989253044 0.108734518 -14.769833565 0.995171428 0.096191123 0.019518992 131.903045654
0.006405500 0.118048362 -0.992987275 -102.712104797 -0.089690730 0.989072978 0.117004469 -14.764727592 0.995949149 0.088312283 0.016923349 131.958251953
0.002438666 0.118203513 -0.992986441 -103.670730591 -0.085290477 0.989395499 0.117566593 -14.762571335 0.996353149 0.084405579 0.012494438 132.014633179
0.000590830 0.107527211 -0.994201958 -104.617851257 -0.085997112 0.990524471 0.107078388 -14.757349014 0.996295154 0.085435227 0.009832262 132.042144775
-0.001526993 0.098155618 -0.995169878 -105.565292358 -0.087816827 0.991313100 0.097909965 -14.755910873 0.996135473 0.087542184 0.007105986 132.080856323
-0.001805612 0.099707566 -0.995015144 -106.523521423 -0.095107839 0.990489185 0.099426627 -14.758380890 0.995465398 0.094813272 0.007694532 132.100875854
-0.002777241 0.109369896 -0.993997216 -107.485046387 -0.098614290 0.989126027 0.109109432 -14.749065399 0.995121777 0.098325364 0.008038393 132.137924194
-0.004240596 0.120731406 -0.992676139 -108.448150635 -0.102576591 0.987396121 0.120527446 -14.737208366 0.994716048 0.102336429 0.008197067 132.167358398
-0.005966514 0.122975521 -0.992391765 -109.391639709 -0.109787695 0.986329556 0.122884370 -14.730045319 0.993937194 0.109685585 0.007616249 132.201293945
-0.005586994 0.119127072 -0.992863297 -110.374298096 -0.116441816 0.986047029 0.118964471 -14.704794884 0.993181825 0.116275445 0.008362331 132.219558716
-0.005952824 0.115136631 -0.993331850 -111.327796936 -0.124573246 0.985526085 0.114978395 -14.692114830 0.992192566 0.124427035 0.008476280 132.245666504
-0.003530868 0.117077246 -0.993116558 -112.292121887 -0.129218489 0.984743059 0.116549514 -14.672859192 0.991609931 0.128740549 0.011651546 132.268661499
-0.002412599 0.118370585 -0.992966473 -113.280242920 -0.137040406 0.983562052 0.117582440 -14.656206131 0.990562439 0.136360183 0.013848608 132.297256470
-0.001908234 0.120974243 -0.992653906 -114.243606567 -0.146206334 0.981954873 0.119951420 -14.639002800 0.989252210 0.145361200 0.015813399 132.318893433
-0.001635734 0.122799195 -0.992430210 -115.219017029 -0.151472613 0.980949819 0.121628329 -14.615430832 0.988460064 0.150524944 0.016996142 132.346450806
-0.001608627 0.122397929 -0.992479801 -116.197593689 -0.155703202 0.980345964 0.121153899 -14.603837967 0.987802565 0.154727206 0.017480740 132.391052246
0.000274234 0.112975150 -0.993597746 -117.153617859 -0.154730514 0.981636465 0.111572400 -14.605999947 0.987956643 0.153709292 0.017749907 132.421401978
0.001429655 0.101227410 -0.994862258 -118.105300903 -0.157827556 0.982417166 0.099734314 -14.596374512 0.987465680 0.156874120 0.017380992 132.460769653
