1.000000000 0.000000000 0.000000000 0.000000000 0.000000000 1.000000000 0.000000000 0.000000000 0.000000000 0.000000000 1.000000000 0.000000000
0.999997854 -0.001597934 -0.001299985 0.048459843 0.001595166 0.999996483 -0.002127023 -0.132921785 0.001303380 0.002124944 0.999996901 1.298160315
0.999997497 0.000050058 -0.002231562 0.105674140 -0.000064111 0.999980152 -0.006297759 -0.268513799 0.002231203 0.006297885 0.999977708 2.603516817
0.999995947 0.002488482 -0.001381263 0.149219409 -0.002499206 0.999966323 -0.007817318 -0.407224625 0.001361763 0.007820738 0.999968469 3.906340361
0.999983370 0.005760519 0.000122222 0.193925783 -0.005759595 0.999962091 -0.006547846 -0.545337677 -0.000159936 0.006547034 0.999978542 5.220606804
0.999975085 0.006658012 0.002334198 0.243037656 -0.006650750 0.999973059 -0.003105258 -0.692759573 -0.002354810 0.003089656 0.999992430 6.537220478
0.999960065 0.006887319 0.005682196 0.299291641 -0.006877019 0.999974728 -0.001830083 -0.829552770 -0.005694656 0.001790934 0.999982178 7.839937687
0.999943078 0.005460265 0.009167815 0.354395330 -0.005445014 0.999983728 -0.001687575 -0.963679373 -0.009176881 0.001637560 0.999956489 9.146262169
0.999913871 0.004128906 0.012459414 0.432965755 -0.004109893 0.999990344 -0.001551181 -1.100479484 -0.012465699 0.001499840 0.999921203 10.446595192
0.999870718 0.002776636 0.015834883 0.498361230 -0.002741766 0.999993742 -0.002223345 -1.238636017 -0.015840955 0.002179642 0.999872148 11.755003929
0.999812126 0.001851447 0.019291308 0.574164748 -0.001794193 0.999993920 -0.002984731 -1.374789357 -0.019296721 0.002949557 0.999809384 13.046662331
0.999746263 0.001613790 0.022466591 0.647100329 -0.001550361 0.999994755 -0.002840396 -1.523433805 -0.022471057 0.002804845 0.999743581 14.369725227
0.999666631 0.001560676 0.025768846 0.734755874 -0.001460405 0.999991298 -0.003909524 -1.661840320 -0.025774727 0.003870588 0.999660313 15.665535927
0.999578953 0.002468114 0.028907934 0.817133248 -0.002354629 0.999989331 -0.003959154 -1.798871398 -0.028917396 0.003889420 0.999574244 16.974111557
0.999487996 0.002061407 0.031927202 0.908738732 -0.001950862 0.999991953 -0.003493170 -1.938589096 -0.031934146 0.003429097 0.999484122 18.260885239
0.999407947 0.000510927 0.034402531 1.001634955 -0.000400684 0.999994695 -0.003211321 -2.081088543 -0.034403984 0.003195635 0.999402881 19.569513321
0.999355495 -0.002061414 0.035838209 1.101215601 0.002227967 0.999986887 -0.004608043 -2.219015598 -0.035828236 0.004684919 0.999346972 20.847139359
0.999308109 -0.001596377 0.037157763 1.197575331 0.001826403 0.999979377 -0.006157415 -2.364645481 -0.037147168 0.006221021 0.999290407 22.156358719
0.999266863 -0.001484435 0.038253929 1.281513929 0.001828042 0.999958277 -0.008948851 -2.507003069 -0.038239043 0.009012221 0.999228001 23.447942734
0.999228418 -0.001002113 0.039263260 1.386413097 0.001404994 0.999946654 -0.010234783 -2.651110172 -0.039250903 0.010282052 0.999176443 24.731134415
0.999190807 -0.000193110 0.040223621 1.487597704 0.000626826 0.999941826 -0.010770307 -2.798769474 -0.040219199 0.010786803 0.999132693 25.999843597
0.999166012 -0.001944683 0.040786572 1.589229345 0.002341152 0.999950469 -0.009675059 -2.945489407 -0.040765736 0.009762477 0.999121010 27.286367416
0.999167621 -0.004934325 0.040494706 1.696777821 0.005288041 0.999948800 -0.008632418 -3.088259935 -0.040450040 0.008839369 0.999142408 28.563545227
0.999184310 -0.006348783 0.039879955 1.791657925 0.006713287 0.999936819 -0.009012777 -3.236072540 -0.039820217 0.009273151 0.999163806 29.853719711
0.999202311 -0.007960334 0.039131254 1.894512415 0.008421171 0.999896944 -0.011626004 -3.380141973 -0.039034680 0.011946261 0.999166429 31.117687225
0.999230564 -0.008144073 0.038365569 2.005336761 0.008597359 0.999894977 -0.011664790 -3.527315378 -0.038266543 0.011985656 0.999195695 32.400577545
0.999253333 -0.008722666 0.037639316 2.106414557 0.009186643 0.999883771 -0.012171673 -3.669714689 -0.037528779 0.012508363 0.999217331 33.670932770
0.999267876 -0.009245721 0.037125044 2.202599049 0.009701068 0.999879599 -0.012103906 -3.816117048 -0.037008666 0.012455194 0.999237299 34.938152313
0.999278188 -0.009747501 0.036718003 2.292941093 0.010214142 0.999869108 -0.012542710 -3.960272789 -0.036590938 0.012908698 0.999246955 36.198040009
0.999322772 -0.010510468 0.035263319 2.410367489 0.010961846 0.999860108 -0.012631394 -4.117777348 -0.035125621 0.013009390 0.999298155 37.486404419
0.999317229 -0.010069881 0.035548687 2.496232510 0.010456541 0.999888003 -0.010707766 -4.265096664 -0.035436872 0.011072170 0.999310553 38.751621246
0.999290347 -0.010324419 0.036225047 2.606225014 0.010686414 0.999894679 -0.009813567 -4.400203228 -0.036119923 0.010193718 0.999295473 40.009098053
0.999220967 -0.012026279 0.037585244 2.720077515 0.012332113 0.999892652 -0.007915830 -4.545801163 -0.037486009 0.008373170 0.999262035 41.260936737
0.999104321 -0.013126408 0.040227789 2.814716339 0.013509088 0.999865890 -0.009255767 -4.688019753 -0.040100899 0.009790917 0.999147654 42.526912689
0.998968124 -0.014441473 0.043061137 2.905169964 0.014985083 0.999811649 -0.012328152 -4.839364529 -0.042874984 0.012960704 0.998996377 43.775951385
0.998884082 -0.015505625 0.044611137 3.016806602 0.016120743 0.999779522 -0.013461865 -4.981020451 -0.044392567 0.014166009 0.998913705 45.029876709
0.998759091 -0.015695103 0.047264349 3.139040470 0.016289491 0.999792695 -0.012217030 -5.115240097 -0.047062796 0.012971783 0.998807669 46.266693115
0.998548329 -0.016870644 0.051153395 3.238708973 0.017333357 0.999812603 -0.008615433 -5.274030209 -0.050998461 0.009489587 0.998653591 47.518646240
0.998278975 -0.019891335 0.055167392 3.354045391 0.020288639 0.999772012 -0.006651009 -5.410235882 -0.055022515 0.007758835 0.998454928 48.748554230
0.998046160 -0.022000037 0.058478747 3.489546061 0.022457505 0.999722064 -0.007177080 -5.545372486 -0.058304593 0.008476344 0.998262882 49.991207123
0.997754574 -0.025198450 0.062055111 3.627698183 0.025929816 0.999603212 -0.011008643 -5.678139210 -0.061753083 0.012593000 0.998012066 51.220985413
0.997489750 -0.026576005 0.065634370 3.762416363 0.027370993 0.999562144 -0.011242853 -5.808689117 -0.065306835 0.013011111 0.997780383 52.452316284
0.997149289 -0.029349590 0.069510356 3.891690016 0.030010391 0.999513626 -0.008481153 -5.951163769 -0.069227636 0.010543009 0.997545123 53.672008514
0.996871710 -0.031707376 0.072397292 4.048635960 0.032208879 0.999464512 -0.005769828 -6.078257561 -0.072175577 0.008083614 0.997359157 54.865417480
0.996588588 -0.033922166 0.075235516 4.182750225 0.034288172 0.999405444 -0.003578208 -6.218759060 -0.075069405 0.006145690 0.997159362 56.107585907
0.996435523 -0.036845397 0.075886756 4.348724365 0.036999233 0.999315023 -0.000621810 -6.338561535 -0.075811878 0.003427345 0.997116268 57.310623169
0.996245861 -0.039351620 0.077106938 4.481054783 0.039389618 0.999223351 0.001028709 -6.463184834 -0.077087544 0.002012365 0.997022271 58.525566101
0.996211886 -0.041339520 0.076504476 4.630302429 0.041649416 0.999129236 -0.002458871 -6.586148739 -0.076336205 0.005635923 0.997066200 59.720195770
0.996226728 -0.042453565 0.075696543 4.780791759 0.043070480 0.999050617 -0.006535362 -6.716102123 -0.075347215 0.009770988 0.997109473 60.920776367
0.996227860 -0.044114076 0.074725196 4.918511868 0.045005366 0.998933733 -0.010285226 -6.846239567 -0.074191771 0.013609464 0.997151077 62.103393555
0.996263862 -0.046193488 0.072968923 5.069092751 0.047243185 0.998802364 -0.012724780 -6.982750893 -0.072293743 0.016124526 0.997253060 63.326095581
0.996407807 -0.046362054 0.070866279 5.205305576 0.047373638 0.998796940 -0.012660062 -7.114591599 -0.070194080 0.015971776 0.997405529 64.503356934
0.996635377 -0.045361038 0.068266630 5.337736130 0.046285555 0.998855829 -0.012021661 -7.255853176 -0.067643210 0.015140970 0.997594655 65.708000183
0.996868789 -0.044846464 0.065127045 5.460985661 0.045620061 0.998904288 -0.010439353 -7.384395599 -0.064587519 0.013377763 0.997822344 66.884788513
0.997280538 -0.040856678 0.061337154 5.582236290 0.041325510 0.999125242 -0.006393901 -7.519455433 -0.061022267 0.008911301 0.998096645 68.083419800
0.997564077 -0.038989685 0.057841692 5.699992180 0.039276350 0.999221087 -0.003827109 -7.648477554 -0.057647415 0.006089597 0.998318434 69.254714966
0.997786641 -0.037866931 0.054660622 5.806456566 0.038319070 0.999239266 -0.007247126 -7.777954102 -0.054344613 0.009325631 0.998478770 70.428588867
0.997923732 -0.038498908 0.051634450 5.918281555 0.039280329 0.999127388 -0.014204781 -7.911958218 -0.051042508 0.016203508 0.998565018 71.619964600
0.997918427 -0.042354185 0.048631743 6.020646572 0.043227315 0.998919904 -0.017044237 -8.047625542 -0.047857314 0.019110978 0.998671353 72.790336609
0.997982383 -0.046153743 0.043599945 6.140557766 0.046725396 0.998833477 -0.012183777 -8.181679726 -0.042986766 0.014196420 0.998974800 73.960433960
0.997987688 -0.049737733 0.039325200 6.246387482 0.050069287 0.998717666 -0.007491268 -8.306259155 -0.038902175 0.009445179 0.999198437 75.116943359
0.998036802 -0.051975202 0.034943454 6.340058327 0.052163880 0.998628378 -0.004509274 -8.432638168 -0.034661163 0.006323209 0.999379039 76.309272766
0.998215079 -0.051096521 0.030915217 6.428540230 0.051186390 0.998686910 -0.002122203 -8.555515289 -0.030766195 0.003700854 0.999519765 77.468269348
0.998333812 -0.050922915 0.027138731 6.513042450 0.050988436 0.998697758 -0.001727391 -8.678134918 -0.027015427 0.003108273 0.999630094 78.614730835
0.998491228 -0.049506437 0.023761773 6.590896606 0.049608123 0.998761833 -0.003708386 -8.801548004 -0.023548763 0.004881566 0.999710798 79.783271790
0.998685837 -0.047118064 0.020167261 6.668610096 0.047306653 0.998840094 -0.008978437 -8.926679611 -0.019720821 0.009920682 0.999756277 80.927818298
0.998583913 -0.050543107 0.016606029 6.750757217 0.050770450 0.998618245 -0.013566287 -9.064849854 -0.015897395 0.014390172 0.999770105 82.087692261
0.998435915 -0.054147288 0.013921852 6.808905125 0.054348178 0.998417139 -0.014481099 -9.194722176 -0.013115702 0.015215077 0.999798238 83.226692200
0.998461962 -0.054525889 0.010035610 6.878391266 0.054636728 0.998444259 -0.011123007 -9.320947647 -0.009413506 0.011654211 0.999887764 84.364570618
0.998456776 -0.055096153 0.006968652 6.945954800 0.055155545 0.998440444 -0.008637860 -9.450141907 -0.006481871 0.009008888 0.999938369 85.493377686
0.998604774 -0.052425899 0.006326037 6.986813545 0.052488849 0.998569071 -0.010232977 -9.575562477 -0.005780513 0.010550745 0.999927580 86.639595032
0.998794377 -0.048797034 0.005341012 7.041818619 0.048865400 0.998713851 -0.013521093 -9.700668335 -0.004674354 0.013765782 0.999894321 87.762557983
0.998894036 -0.046790212 0.004636192 7.097966194 0.046859484 0.998770595 -0.016169589 -9.826395035 -0.003873913 0.016368954 0.999858558 88.858505249
0.998790741 -0.048975617 0.004299350 7.139257431 0.049041402 0.998654842 -0.016833030 -9.961809158 -0.003469158 0.017023521 0.999849021 90.012969971
0.998744190 -0.050026707 0.002710464 7.192637444 0.050060105 0.998646498 -0.014111299 -10.091468811 -0.002000853 0.014229268 0.999896705 91.126785278
0.998694599 -0.051029045 0.002262039 7.239657879 0.051051680 0.998630404 -0.011446012 -10.220508575 -0.001674863 0.011546553 0.999931872 92.243865967
0.998707414 -0.050803997 0.001542998 7.299109936 0.050817888 0.998647928 -0.010948787 -10.342698097 -0.000984669 0.011013047 0.999938846 93.378334045
0.998677671 -0.051384196 0.001662336 7.344633102 0.051401723 0.998590469 -0.013225407 -10.467451096 -0.000980416 0.013293364 0.999911129 94.487968445
0.998672187 -0.051502079 0.001245067 7.402540207 0.051515795 0.998528361 -0.016942726 -10.597605705 -0.000370649 0.016984370 0.999855697 95.593589783
0.998652458 -0.051882446 0.001158467 7.449606895 0.051894892 0.998490751 -0.017971788 -10.733058929 -0.000224298 0.018007692 0.999837756 96.708351135
0.998609304 -0.052713934 0.000849475 7.507114410 0.052720781 0.998479009 -0.016127180 -10.864451408 0.000001944 0.016149536 0.999869525 97.794250488
0.998658538 -0.051747900 0.001817092 7.549838543 0.051765047 0.998596668 -0.011181398 -10.984184265 -0.001235928 0.011260460 0.999935806 98.881187439
0.998741508 -0.050063431 0.003026510 7.601538181 0.050085261 0.998715818 -0.007627422 -11.103656769 -0.002640768 0.007769405 0.999966323 99.949310303
0.998849750 -0.047694258 0.004972830 7.649472237 0.047732197 0.998829663 -0.007809822 -11.221056938 -0.004594527 0.008038201 0.999957144 101.021797180
0.998918653 -0.045994215 0.006796178 7.703299999 0.046058111 0.998892963 -0.009564212 -11.340701103 -0.006348757 0.009866886 0.999931157 102.060203552
0.998872578 -0.046431120 0.009888453 7.750175953 0.046544731 0.998848975 -0.011587239 -11.464325905 -0.009339063 0.012034431 0.999883950 103.078315735
0.998789430 -0.047842205 0.011430094 7.804572582 0.047989491 0.998763502 -0.012979459 -11.574131012 -0.010794996 0.013512271 0.999850392 104.092056274
0.998676419 -0.049725104 0.013142540 7.868356705 0.049885582 0.998680711 -0.012178440 -11.688173294 -0.012519629 0.012817945 0.999839425 105.074836731
0.998638690 -0.049878113 0.015260047 7.922996521 0.050044268 0.998689592 -0.010707266 -11.804776192 -0.014705991 0.011456369 0.999826193 106.050170898
0.998577833 -0.050842728 0.016041314 7.999443054 0.050990093 0.998659372 -0.008915167 -11.917686462 -0.015566540 0.009720435 0.999831498 106.999778748
0.998502016 -0.051600184 0.018196676 8.054279327 0.051774718 0.998615921 -0.009254325 -12.023838997 -0.017693967 0.010182592 0.999791563 107.916732788
0.998488784 -0.051339373 0.019604441 8.119678497 0.051499166 0.998643041 -0.007734647 -12.121299744 -0.019180750 0.008732571 0.999777853 108.828102112
0.998502374 -0.050320413 0.021468913 8.177688599 0.050452057 0.998710573 -0.005634910 -12.217435837 -0.021157684 0.006709620 0.999753594 109.700714111
0.998477876 -0.050199680 0.022843130 8.237617493 0.050266292 0.998733103 -0.002351471 -12.319826126 -0.022696143 0.003496132 0.999736249 110.558471680
0.998418212 -0.050633878 0.024437763 8.297915459 0.050696433 0.998712242 -0.001946781 -12.412292480 -0.024307720 0.003182609 0.999699473 111.383384705
0.998450339 -0.049397182 0.025628936 8.350629807 0.049452867 0.998775244 -0.001542933 -12.499838829 -0.025521331 0.002807966 0.999670446 112.197586060
0.998542845 -0.047223955 0.026116211 8.403442383 0.047271706 0.998881280 -0.001213721 -12.579219818 -0.026029680 0.002446511 0.999658227 112.977355957
0.998678267 -0.044690691 0.025384828 8.451289177 0.044652991 0.999000371 0.002049983 -12.657209396 -0.025451070 -0.000913765 0.999675632 113.732833862
0.998759627 -0.044375658 0.022582320 8.494705200 0.044321001 0.999013007 0.002915961 -12.740062714 -0.022689432 -0.001911474 0.999740720 114.472213745
0.998881817 -0.044400562 0.016235216 8.531773567 0.044355519 0.999010921 0.003124416 -12.814208031 -0.016357884 -0.002400800 0.999863327 115.169380188
0.999059975 -0.042951319 0.005860036 8.558906555 0.042940229 0.999075592 0.002005071 -12.889276505 -0.005940741 -0.001751555 0.999980807 115.840850830
0.999164820 -0.040007263 -0.008303175 8.559950829 0.040002309 0.999199271 -0.000760953 -12.957206726 0.008326970 0.000428172 0.999965191 116.486625671
0.998877704 -0.038808826 -0.027148303 8.559949875 0.038734678 0.999244213 -0.003252080 -13.026593208 0.027253997 0.002196849 0.999626100 117.107971191
0.998087406 -0.037148006 -0.049410276 8.525197029 0.036929786 0.999303639 -0.005322539 -13.097319603 0.049573593 0.003487649 0.998764396 117.694160461
0.996383429 -0.035625227 -0.077141047 8.486308098 0.035184797 0.999355793 -0.007061511 -13.164289474 0.077342942 0.004321781 0.996995151 118.262748718
0.993466675 -0.033452328 -0.109110259 8.413595200 0.032634754 0.999424338 -0.009270768 -13.229176521 0.109357573 0.005649412 0.993986368 118.808181763
0.989067793 -0.028799264 -0.144621968 8.309215546 0.027557977 0.999564111 -0.010579374 -13.296039581 0.144863605 0.006478230 0.989430368 119.352355957
0.982812345 -0.022925505 -0.183178380 8.194669724 0.021428265 0.999718845 -0.010149133 -13.352772713 0.183359548 0.006049499 0.983027220 119.869514465
0.974278867 -0.017337143 -0.224677578 8.053874969 0.015866965 0.999839246 -0.008347552 -13.408030510 0.224786192 0.004567893 0.974397302 120.374954224
0.962935448 -0.012845850 -0.269425809 7.881134033 0.011504426 0.999912262 -0.006557294 -13.467391014 0.269486457 0.003214662 0.962998807 120.870056152
0.948676825 -0.006804609 -0.316174060 7.685432434 0.004790186 0.999962866 -0.007148022 -13.522266388 0.316211015 0.005266629 0.948674321 121.342216492
0.931262612 0.001334065 -0.364346087 7.464458466 -0.004478734 0.999959588 -0.007786195 -13.581725121 0.364320993 0.008882802 0.931231022 121.809089661
0.910198212 0.005872366 -0.414131284 7.208290100 -0.010365582 0.999909282 -0.008603313 -13.631909370 0.414043248 0.012123434 0.910176516 122.240127563
0.885023773 0.010231426 -0.465433300 6.942237854 -0.015464837 0.999852836 -0.007427122 -13.683218002 0.465288788 0.013771030 0.885051906 122.655288696
0.856034040 0.013286680 -0.516748607 6.659324646 -0.019805631 0.999778569 -0.007103171 -13.729169846 0.516539872 0.016315088 0.856107652 123.054275513
0.824604511 0.023091044 -0.565238059 6.328964233 -0.030681221 0.999521554 -0.003927333 -13.776947021 0.564877033 0.020580694 0.824918389 123.420661926
0.790689528 0.036089666 -0.611152649 5.975910187 -0.043578461 0.999046564 0.002615102 -13.818207741 0.610664368 0.024565360 0.791508317 123.779937744
0.754424691 0.044802710 -0.654855728 5.622028351 -0.054565150 0.998495281 0.005451590 -13.860078812 0.654114664 0.031619489 0.755734146 124.101661682
0.714726985 0.048429608 -0.697724819 5.252479553 -0.061822169 0.998069346 0.005948097 -13.901436806 0.696665823 0.038883597 0.716341197 124.398345947
0.672220767 0.050284486 -0.738641202 4.876846313 -0.064271286 0.997887731 0.009441368 -13.950853348 0.737555742 0.041126736 0.674032748 124.679306030
0.628425837 0.054057471 -0.775988877 4.465167999 -0.067791790 0.997592688 0.014594580 -13.986198425 0.774909854 0.043434057 0.630577683 124.950164795
0.583305955 0.062646233 -0.809833109 4.041110992 -0.078983523 0.996670961 0.020209273 -14.016712189 0.808403373 0.052175283 0.586312115 125.180648804
0.537732065 0.071369179 -0.840089679 3.595729828 -0.090478018 0.995541573 0.026661493 -14.039412498 0.838246942 0.061672918 0.541791916 125.392189026
0.490279973 0.076287940 -0.868219793 3.147304535 -0.095713906 0.994849563 0.033365298 -14.066234589 0.866293490 0.066742383 0.495056570 125.597648621
0.443668127 0.077318005 -0.892849684 2.674598694 -0.095397636 0.994685411 0.038732395 -14.085739136 0.891099274 0.067991413 0.448686182 125.772369385
0.397122115 0.079138048 -0.914347410 2.200504303 -0.093115374 0.994608581 0.045642614 -14.107095718 0.913029790 0.067014106 0.402350068 125.935180664
0.350761861 0.081883736 -0.932877898 1.709239960 -0.094510376 0.994178951 0.051728602 -14.129421234 0.931683421 0.070022210 0.356458962 126.087707520
0.306956768 0.085037172 -0.947916746 1.203201294 -0.099894993 0.993377328 0.056767181 -14.149061203 0.946466386 0.077267081 0.313418686 126.204727173
0.265810251 0.086805038 -0.960109174 0.685214996 -0.104595609 0.992655218 0.060789835 -14.165786743 0.958334267 0.084264643 0.272937357 126.303581238
0.226690978 0.083314762 -0.970396698 0.159706116 -0.105097830 0.992609560 0.060670324 -14.181583405 0.968279719 0.088233195 0.233771786 126.399131775
0.192294419 0.078400441 -0.978200376 -0.378406525 -0.100018948 0.993178487 0.059939176 -14.200630188 0.976226926 0.086312599 0.198824167 126.485763550
0.161516860 0.073140800 -0.984155834 -0.934484482 -0.097238868 0.993576467 0.057882346 -14.218323708 0.982067764 0.086349219 0.167591482 126.568832397
0.134549528 0.071569830 -0.988318861 -1.492895126 -0.097613893 0.993494391 0.058655474 -14.240825653 0.986087203 0.088581599 0.140660405 126.646247864
0.112351455 0.070893362 -0.991136372 -2.074531555 -0.098761417 0.993309438 0.059853576 -14.257606506 0.988748372 0.091161393 0.118601307 126.711784363
0.094144039 0.072133221 -0.992941797 -2.681607246 -0.101192132 0.992899477 0.062535785 -14.270339966 0.990402400 0.094590545 0.100774899 126.759262085
0.077790149 0.070554167 -0.994470060 -3.284626007 -0.101838849 0.992837369 0.062472213 -14.294691086 0.991754830 0.096415982 0.084418103 126.813117981
0.064083152 0.069645032 -0.995511353 -3.906442165 -0.101552404 0.992838323 0.062920898 -14.321958542 0.992764115 0.097064413 0.070696838 126.857269287
0.051496387 0.066940509 -0.996427178 -4.553885460 -0.095743664 0.993486047 0.061794791 -14.346098900 0.994073093 0.092219397 0.057570066 126.914375305
0.039360333 0.064366706 -0.997149885 -5.201360226 -0.093403518 0.993790686 0.060462985 -14.364153862 0.994850099 0.090757467 0.045128018 126.957115173
0.028506765 0.064027853 -0.997540832 -5.860099316 -0.092912972 0.993795753 0.061132304 -14.385544777 0.995266080 0.090941817 0.034278926 126.992141724
0.019599896 0.065480322 -0.997661352 -6.531059742 -0.096360080 0.993331492 0.063303076 -14.408067703 0.995153606 0.094893999 0.025778886 127.002128601
0.011009579 0.064774908 -0.997839153 -7.226482391 -0.099238403 0.993043900 0.063368678 -14.431645393 0.995002806 0.098326303 0.017361149 127.023994446
0.004715280 0.064139657 -0.997929752 -7.913535118 -0.101921760 0.992774725 0.063326731 -14.452244759 0.994781315 0.101412155 0.011218436 127.040870667
-0.001023217 0.065563083 -0.997847915 -8.609090805 -0.102422848 0.992593825 0.065322883 -14.474437714 0.994740486 0.102269255 0.005699516 127.059356689
-0.004270821 0.067688704 -0.997697294 -9.326869011 -0.104284033 0.992236257 0.067764580 -14.491630554 0.994538307 0.104333319 0.002821186 127.078712463
-0.005214280 0.071237996 -0.997445703 -10.045572281 -0.106701434 0.991725087 0.071387209 -14.512369156 0.994277418 0.106801122 0.002430062 127.091957092
-0.006143818 0.074727342 -0.997185051 -10.778768539 -0.109280311 0.991181135 0.074950710 -14.528278351 0.993991971 0.109433167 0.002076589 127.101799011
-0.007723195 0.080447532 -0.996728897 -11.507164001 -0.114125244 0.990174830 0.080802858 -14.541022301 0.993436337 0.114375979 0.001533781 127.118721008
-0.008837531 0.084167451 -0.996412396 -12.245775223 -0.117046602 0.989514589 0.084622912 -14.554576874 0.993087053 0.117374562 0.001106651 127.133140564
-0.010432594 0.084717296 -0.996350408 -12.993013382 -0.116463132 0.989520431 0.085356027 -14.571076393 0.993140280 0.116928570 -0.000456822 127.150802612
-0.011398503 0.081303835 -0.996624112 -13.760998726 -0.114567935 0.990019083 0.082075328 -14.587272644 0.993350029 0.115116715 -0.001969923 127.165634155
-0.013301371 0.078096502 -0.996857047 -14.510850906 -0.118433706 0.989804268 0.079124272 -14.595084190 0.992872894 0.119113952 -0.003916497 127.179954529
-0.014247285 0.079866089 -0.996703684 -15.283524513 -0.123208359 0.989068329 0.081015453 -14.605349541 0.992278516 0.123956487 -0.004251369 127.179573059
-0.015714539 0.082858838 -0.996437371 -16.061370850 -0.120393291 0.989153087 0.084151812 -14.618779182 0.992601871 0.121286780 -0.005568437 127.193946838
-0.017985221 0.082886972 -0.996396601 -16.834611893 -0.119194962 0.989273190 0.084445894 -14.634591103 0.992707908 0.120284244 -0.007912589 127.211303711
-0.018610265 0.082549460 -0.996413171 -17.624134064 -0.122512810 0.988887548 0.084214181 -14.645769119 0.992292464 0.123640619 -0.008290090 127.208572388
-0.019613201 0.082011849 -0.996438265 -18.418609619 -0.126498625 0.988417268 0.083841577 -14.656190872 0.991772830 0.127692491 -0.009011641 127.219345093
-0.021019276 0.086244836 -0.996052206 -19.215335846 -0.128347635 0.987795949 0.088238426 -14.661577225 0.991506457 0.129695639 -0.009693436 127.229972839
-0.021753788 0.091319479 -0.995584011 -20.016120911 -0.127503321 0.987434626 0.093357973 -14.677122116 0.991599560 0.128971159 -0.009836905 127.242744446
-0.020557789 0.093571499 -0.995400310 -20.842964172 -0.128763154 0.987071216 0.095447853 -14.682069778 0.991462290 0.130133063 -0.008243441 127.256134033
-0.018700855 0.092398375 -0.995546520 -21.661306381 -0.128102005 0.987292469 0.094038658 -14.688931465 0.991584659 0.129290074 -0.006626796 127.268783569
-0.017722582 0.092698902 -0.995536447 -22.492891312 -0.128092051 0.987277508 0.094210163 -14.695075035 0.991604030 0.129189938 -0.005623115 127.280487061
-0.017685484 0.091301411 -0.995666265 -23.325466156 -0.126395375 0.987628758 0.092809476 -14.696303368 0.991822302 0.127488986 -0.005926621 127.304199219
-0.017064223 0.093207568 -0.995500445 -24.162567139 -0.127306372 0.987339318 0.094625659 -14.702384949 0.991716683 0.128348291 -0.004982263 127.325523376
-0.016142985 0.095562823 -0.995292544 -24.999259949 -0.128926069 0.986913562 0.096849404 -14.704300880 0.991522789 0.129882604 -0.003611192 127.337539673
-0.016188648 0.097818948 -0.995072544 -25.872035980 -0.132046267 0.986276984 0.099102557 -14.703439713 0.991111279 0.132999986 -0.003049865 127.350822449
-0.014507788 0.098869033 -0.994994640 -26.735290527 -0.134202510 0.985903203 0.099922419 -14.699709892 0.990847707 0.134980440 -0.001034804 127.362525940
-0.012884007 0.102152191 -0.994685352 -27.604425430 -0.140955508 0.984648824 0.102947250 -14.700180054 0.989932001 0.141532764 0.001712696 127.378913879
-0.010458107 0.105704933 -0.994342566 -28.486293793 -0.145532101 0.983648062 0.106098689 -14.693321228 0.989298284 0.145818353 0.005096365 127.391204834
-0.008378896 0.107636601 -0.994154990 -29.360771179 -0.148087144 0.983093917 0.107687123 -14.688280106 0.988938868 0.148123875 0.007702352 127.421760559
-0.004499959 0.108439334 -0.994092882 -30.258916855 -0.146967858 0.983236313 0.107920341 -14.688581467 0.989131033 0.146585330 0.011512575 127.443428040
-0.001858165 0.108322635 -0.994114041 -31.149665833 -0.149563313 0.982903957 0.107380711 -14.681722641 0.988750398 0.148882508 0.014374696 127.472923279
0.000565200 0.112120241 -0.993694425 -32.052825928 -0.149948627 0.982469201 0.110768385 -14.673472404 0.988693595 0.148940504 0.017367566 127.503570557
0.002920550 0.114150971 -0.993459105 -32.974636078 -0.148880243 0.982440948 0.112447269 -14.670001030 0.988850832 0.147578076 0.019864094 127.545646667
0.004711427 0.115330547 -0.993315995 -33.867507935 -0.149511874 0.982242882 0.113335758 -14.665553093 0.988748670 0.147978559 0.021871053 127.586647034
0.007188960 0.113586538 -0.993502080 -34.770736694 -0.150968239 0.982263148 0.111209214 -14.658650398 0.988512456 0.149187773 0.024209410 127.618156433
0.007606650 0.114890061 -0.993349075 -35.683208466 -0.155239910 0.981469870 0.112327360 -14.648752213 0.987847507 0.153353021 0.025301222 127.658889771
0.008780691 0.115330540 -0.993288279 -36.576816559 -0.155758902 0.981360018 0.112568632 -14.642389297 0.987756014 0.153725088 0.026580779 127.696456909
0.008973891 0.112059310 -0.993660927 -37.474014282 -0.156331286 0.981639326 0.109291725 -14.641468048 0.987663865 0.154359505 0.026327506 127.732627869
0.009798286 0.107759498 -0.994128704 -38.381179810 -0.157302603 0.981964290 0.104890525 -14.640930176 0.987501860 0.155351251 0.026572419 127.777481079
0.010327097 0.106933102 -0.994212687 -39.279407501 -0.156941161 0.982116520 0.104001932 -14.634025574 0.987554014 0.154958829 0.026924623 127.818885803
0.010289739 0.111041352 -0.993762493 -40.185943604 -0.159328640 0.981300533 0.107999109 -14.629705429 0.987172008 0.157223552 0.027789388 127.858558655
0.010417191 0.117325284 -0.993038893 -41.114620209 -0.159999594 0.980493009 0.114164591 -14.617517471 0.987062097 0.157696545 0.028985981 127.897239685
0.010595656 0.115880370 -0.993206620 -42.009128571 -0.157842636 0.981003523 0.112772726 -14.616355896 0.987407446 0.155575484 0.028685236 127.942886353
0.011473146 0.105632722 -0.994338989 -42.898887634 -0.157011285 0.982259274 0.102537796 -14.622408867 0.987530172 0.154946014 0.027855136 127.986312866
0.011749853 0.095179781 -0.995390713 -43.820190430 -0.158851936 0.982995450 0.092119403 -14.626626015 0.987232506 0.157037362 0.026669543 128.027053833
0.010739346 0.092136294 -0.995688438 -44.722377777 -0.155725077 0.983750880 0.089352034 -14.634288788 0.987742126 0.154094085 0.024912769 128.072845459
0.010597003 0.102256775 -0.994701564 -45.639453888 -0.148251653 0.983924389 0.099569492 -14.637161255 0.988892913 0.146411002 0.025586385 128.124557495
0.010539210 0.115342751 -0.993269801 -46.591506958 -0.143410370 0.983230531 0.112655260 -14.633977890 0.989607215 0.141257927 0.026903819 128.183746338
0.010843505 0.124378882 -0.992175639 -47.513805389 -0.143630266 0.982138455 0.121550880 -14.624538422 0.989571989 0.141188398 0.028514393 128.228134155
0.010667638 0.118685819 -0.992874563 -48.429351807 -0.143604472 0.982820153 0.115941018 -14.620950699 0.989577651 0.141344413 0.027528184 128.269699097
0.010847996 0.105141312 -0.994398117 -49.358283997 -0.143898055 0.984269738 0.102500610 -14.618708611 0.989533007 0.141980022 0.025806984 128.304916382
0.011305421 0.096293248 -0.995288849 -50.273391724 -0.144514576 0.985059798 0.093662098 -14.618964195 0.989438117 0.142774850 0.025052298 128.349319458
0.012061244 0.096370570 -0.995272577 -51.204811096 -0.143503025 0.985208213 0.093657032 -14.627752304 0.989576399 0.141694993 0.025712309 128.393707275
0.011470065 0.097911783 -0.995128989 -52.143238068 -0.146586865 0.984607399 0.095186964 -14.641029358 0.989131391 0.144781038 0.025646091 128.432891846
0.011834484 0.097119376 -0.995202363 -53.102642059 -0.151220292 0.983998775 0.094227798 -14.642427444 0.988429248 0.149379686 0.026331540 128.472045898
0.012183133 0.096617423 -0.995247066 -54.034183502 -0.152964145 0.983785987 0.093632326 -14.644131660 0.988156617 0.151096344 0.026764598 128.516571045
0.013288245 0.103938155 -0.994494975 -54.980339050 -0.162139222 0.981644094 0.100428581 -14.639640808 0.986678421 0.159912124 0.029896777 128.547775269
0.014884826 0.113651104 -0.993409216 -55.930847168 -0.167703465 0.979729235 0.109573245 -14.635513306 0.985725045 0.164967179 0.033642780 128.584365845
0.016020080 0.121584445 -0.992451787 -56.889328003 -0.167950273 0.978803635 0.117201395 -14.629802704 0.985665202 0.164804995 0.036100652 128.639450073
0.016685538 0.122543290 -0.992322803 -57.832214355 -0.169289425 0.978478432 0.117987081 -14.623259544 0.985425055 0.166021109 0.037071723 128.687576294
0.018062247 0.112633586 -0.993472457 -58.771018982 -0.170930982 0.979354322 0.107925266 -14.616630554 0.985117495 0.167865857 0.036941908 128.740356445
0.019153861 0.107895084 -0.993977726 -59.708961487 -0.169292510 0.980154991 0.103132375 -14.615787506 0.985379696 0.166297629 0.037039578 128.795623779
0.021279771 0.106339425 -0.994102120 -60.660121918 -0.167862579 0.980591834 0.101300947 -14.620295525 0.985580683 0.164716899 0.038717177 128.855712891
0.024675040 0.112307876 -0.993367016 -61.647953033 -0.169896781 0.979685724 0.106540911 -14.620615005 0.985152900 0.166140959 0.043254524 128.914520264
0.028537277 0.114463225 -0.993017435 -62.610206604 -0.172859505 0.979020357 0.107882194 -14.619270325 0.984533012 0.168573856 0.047724631 128.967300415
0.032676168 0.109472640 -0.993452489 -63.558952332 -0.172216460 0.979733109 0.102296360 -14.622346878 0.984517097 0.167746216 0.050866906 129.027313232
0.035203680 0.103650272 -0.993990600 -64.513397217 -0.172086492 0.980379522 0.096136257 -14.627832413 0.984452605 0.167667985 0.052349783 129.100158691
0.038587052 0.103181511 -0.993913770 -65.469001770 -0.168897480 0.981016874 0.095285483 -14.625727654 0.984878063 0.164192736 0.055281650 129.179534912
0.041242793 0.108031444 -0.993291557 -66.445945740 -0.166977867 0.980901718 0.099750750 -14.641552925 0.985097647 0.161743745 0.058493994 129.255691528
0.044734295 0.114738986 -0.992387950 -67.404769897 -0.166391388 0.980362236 0.105848081 -14.642550468 0.985044539 0.160389766 0.062947392 129.333847046
0.047097944 0.118830837 -0.991796970 -68.368835449 -0.164061114 0.980335295 0.109666705 -14.648885727 0.985325098 0.157550201 0.065667294 129.420455933
0.049470905 0.120537348 -0.991475403 -69.350051880 -0.163804591 0.980228484 0.110996775 -14.646204948 0.985251546 0.156917110 0.068237364 129.500991821
0.051806573 0.117588170 -0.991710186 -70.297080994 -0.162222549 0.980845332 0.107825466 -14.642449379 0.985393226 0.155291677 0.069889680 129.575027466
0.052387338 0.116103195 -0.991854608 -71.242538452 -0.160209119 0.981330812 0.106409453 -14.644602776 0.985691965 0.153329626 0.070010096 129.663970947
0.052520730 0.112978242 -0.992208421 -72.185073853 -0.157084405 0.982144892 0.103517391 -14.657507896 0.986187518 0.150423661 0.069330096 129.757095337
0.052620318 0.112489268 -0.992258668 -73.175079346 -0.155685484 0.982409775 0.103116594 -14.647863388 0.986404061 0.149054259 0.069207668 129.834426880
0.052550919 0.117249921 -0.991711080 -74.130142212 -0.152532473 0.982372761 0.108063117 -14.648584366 0.986900270 0.145589337 0.069509007 129.919097900
0.051801972 0.119003639 -0.991541564 -75.092971802 -0.146391153 0.983054161 0.110336915 -14.653185844 0.987869561 0.139437199 0.068345219 130.018081665
0.050766286 0.114528976 -0.992121935 -76.054153442 -0.143538818 0.983925879 0.106238030 -14.642721176 0.988341749 0.137014687 0.066389620 130.104156494
0.049838159 0.110737652 -0.992599308 -77.006813049 -0.145973161 0.983969867 0.102445647 -14.643006325 0.988032341 0.139787167 0.065203980 130.175918579
0.048718605 0.107947260 -0.992962241 -77.956466675 -0.142490909 0.984725416 0.100060679 -14.644800186 0.988596320 0.136613235 0.063355960 130.257385254
0.047583241 0.108621433 -0.992943764 -78.923683167 -0.142766744 0.984603226 0.100867443 -14.643580437 0.988611996 0.136959746 0.062358126 130.325958252
0.046574645 0.109918393 -0.992848814 -79.877311707 -0.143788636 0.984314024 0.102228381 -14.647449493 0.988511801 0.137999117 0.061649099 130.404983521
0.045038171 0.110340327 -0.992872894 -80.829910278 -0.145407751 0.984020770 0.102760665 -14.650339127 0.988346100 0.139743268 0.060362834 130.480926514
0.043759111 0.111273766 -0.992825925 -81.781837463 -0.145241648 0.983928263 0.103874952 -14.652250290 0.988428056 0.139654189 0.059217405 130.547943115
0.041605696 0.111332662 -0.992911816 -82.746612549 -0.145111158 0.983908594 0.104242615 -14.651235580 0.988540232 0.139745504 0.057091810 130.620895386
0.040098302 0.114024349 -0.992668390 -83.694015503 -0.145533428 0.983539641 0.107097015 -14.646690369 0.988540411 0.140172035 0.056032624 130.692687988
0.038830359 0.117903508 -0.992265582 -84.648460388 -0.146926224 0.982895017 0.111040421 -14.638450623 0.988384962 0.141478077 0.055489279 130.750457764
0.036817085 0.122964025 -0.991727889 -85.597450256 -0.148264289 0.982089639 0.116264805 -14.628699303 0.988262236 0.142757297 0.054388851 130.815673828
0.034381185 0.122742824 -0.991842806 -86.549888611 -0.148265332 0.982074201 0.116394475 -14.625050545 0.988349795 0.143054098 0.051963370 130.881561279
0.033446874 0.117565542 -0.992501736 -87.494987488 -0.148339123 0.982642353 0.111398667 -14.618962288 0.988370776 0.143500939 0.050305888 130.942779541
0.030918645 0.112741403 -0.993143201 -88.442466736 -0.152167261 0.982567132 0.106803492 -14.605265617 0.987871051 0.147821665 0.047535192 131.005233765
0.029767551 0.110564820 -0.993423045 -89.386901855 -0.150150493 0.983080804 0.104914553 -14.601281166 0.988215029 0.146039918 0.045865275 131.070465088
0.029155592 0.111760937 -0.993307292 -90.352699280 -0.145710722 0.983590066 0.106390692 -14.600242615 0.988897502 0.141633600 0.044961918 131.124618530
0.028783789 0.112987548 -0.993179381 -91.301383972 -0.142630264 0.983888447 0.107796930 -14.596507072 0.989357471 0.138554603 0.044435479 131.185729980
0.027456252 0.112899899 -0.993227065 -92.252799988 -0.137222886 0.984620929 0.108128324 -14.597630501 0.990159631 0.133324683 0.042526443 131.255050659
0.026166340 0.110080793 -0.993578136 -93.194526672 -0.133264631 0.985431135 0.105668597 -14.599807739 0.990735054 0.129643843 0.040455010 131.320190430
0.025546683 0.106958397 -0.993935227 -94.138725281 -0.128198087 0.986400723 0.102852598 -14.603542328 0.991419554 0.124793068 0.038911130 131.383331299
0.023849815 0.109941661 -0.993651867 -95.125823975 -0.126438648 0.986284971 0.106091730 -14.609596252 0.991687655 0.123105749 0.037423577 131.435302734
0.022444328 0.112179421 -0.993434429 -96.072357178 -0.125821576 0.986100793 0.108508654 -14.605588913 0.991798878 0.122560099 0.036246955 131.495147705
0.020993762 0.109827228 -0.993728936 -97.033149719 -0.121670194 0.986840963 0.106495529 -14.599318504 0.992348492 0.118671469 0.034080207 131.547103882
0.019255687 0.106905609 -0.994082689 -97.983299255 -0.118750848 0.987473607 0.103894629 -14.597606659 0.992737353 0.116047598 0.031709611 131.594696045
0.015293841 0.104429543 -0.994414687 -98.954788208 -0.117449775 0.987833679 0.101932101 -14.595509529 0.992961049 0.115234867 0.027372995 131.652252197
0.012704418 0.103532284 -0.994544923 -99.909637451 -0.111899152 0.988524675 0.101476178 -14.603501320 0.993638396 0.109999530 0.024143806 131.701446533
0.010373464 0.103444107 -0.994581103 -100.868392944 -0.105090387 0.989239275 0.101792410 -14.595887184 0.994408607 0.103464983 0.021132817 131.746612549
0.007831257 0.111547582 -0.993728161 -101.836341858 -0.095091261 0.989338279 0.110305443 -14.595781326 0.995437741 0.093631037 0.018354962 131.810852051
0.005275678 0.119612023 -0.992806673 -102.793922424 -0.087055407 0.989106059 0.118703566 -14.589909554 0.996189415 0.085802950 0.015631082 131.865951538
0.002344802 0.119247839 -0.992861748 -103.748733521 -0.082809791 0.989477515 0.118645802 -14.582405090 0.996562600 0.081940472 0.012195018 131.913070679
-0.000475723 0.109028548 -0.994038522 -104.703987122 -0.083487272 0.990563869 0.108687416 -14.580400467 0.996508718 0.083041258 0.008631261 131.948150635
-0.002587831 0.099732012 -0.995010972 -105.650444031 -0.085337095 0.991362572 0.099588268 -14.577214241 0.996348739 0.085169069 0.005945362 131.985458374
-0.002952702 0.101108462 -0.994870961 -106.610473633 -0.092444174 0.990587592 0.100947499 -14.577188492 0.995713532 0.092268117 0.006421980 132.005279541
-0.003831211 0.110596642 -0.993857980 -107.573265076 -0.095819093 0.989251614 0.110453412 -14.565858841 0.995391369 0.095653720 0.006807239 132.041702271
-0.005314189 0.121860385 -0.992533088 -108.536895752 -0.099817626 0.987525284 0.121779978 -14.551957130 0.994991601 0.099719457 0.006915918 132.070205688
-0.006786009 0.123570070 -0.992312670 -109.478195190 -0.106791303 0.986571014 0.123585388 -14.540000916 0.994258225 0.106809005 0.006501329 132.102035522
-0.006560769 0.120415933 -0.992701828 -110.467506409 -0.113741085 0.986190736 0.120377839 -14.518099785 0.993488789 0.113700777 0.007226069 132.119384766
-0.006820601 0.116556823 -0.993160546 -111.421478271 -0.121800914 0.985691845 0.116516761 -14.504699707 0.992531121 0.121762611 0.007473716 132.144027710
-0.004507594 0.118543588 -0.992938578 -112.388107300 -0.126641184 0.984886229 0.118157148 -14.484707832 0.991938293 0.126279533 0.010573032 132.166717529
-0.003097830 0.119490340 -0.992830515 -113.368736267 -0.134400815 0.983777463 0.118820146 -14.463198662 0.990922213 0.133805335 0.013012025 132.191436768
-0.002596345 0.122127183 -0.992511094 -114.332183838 -0.143579870 0.982185125 0.121232174 -14.444865227 0.989635348 0.142819375 0.014984914 132.212585449
-0.002366674 0.124307990 -0.992240846 -115.307708740 -0.148974851 0.981127322 0.123271018 -14.422280312 0.988838196 0.148110688 0.016196754 132.239624023
-0.002155097 0.123880103 -0.992294848 -116.281440735 -0.152906820 0.980587482 0.122750618 -14.412912369 0.988238275 0.151993200 0.016828852 132.280975342
-0.000762303 0.114346161 -0.993440688 -117.235580444 -0.151808754 0.981913626 0.113135874 -14.413942337 0.988409579 0.150899261 0.016610229 132.315200806
0.000661196 0.102653183 -0.994716942 -118.187416077 -0.154942915 0.982714951 0.101311587 -14.402825356 0.987923205 0.154057354 0.016555147 132.352493286
