1.000000000 0.000000000 0.000000000 0.000000000 0.000000000 1.000000000 0.000000000 0.000000000 0.000000000 0.000000000 1.000000000 0.000000000
0.999997675 -0.001619875 -0.001403087 0.050301425 0.001616787 0.999996245 -0.002199548 -0.132240012 0.001406645 0.002197274 0.999996603 1.297646165
0.999997556 0.000008026 -0.002222526 0.106983237 -0.000022251 0.999979496 -0.006400588 -0.266528547 0.002222429 0.006400622 0.999977052 2.603080988
0.999996066 0.002444781 -0.001445185 0.151080713 -0.002456143 0.999965668 -0.007913460 -0.405294269 0.001425789 0.007916978 0.999967635 3.905799150
0.999983370 0.005763673 0.000098102 0.195152804 -0.005762891 0.999961138 -0.006667694 -0.543828249 -0.000136529 0.006667017 0.999977767 5.219735146
0.999975801 0.006549272 0.002358171 0.242912084 -0.006541535 0.999973238 -0.003273860 -0.688091338 -0.002379549 0.003258354 0.999991834 6.536522865
0.999960124 0.006877048 0.005709669 0.298908591 -0.006866272 0.999974668 -0.001904755 -0.825940728 -0.005722623 0.001865475 0.999981880 7.839965343
0.999945879 0.005236647 0.008991369 0.355739236 -0.005220501 0.999984741 -0.001818305 -0.960777223 -0.009000756 0.001771267 0.999957919 9.144927979
0.999916971 0.003990157 0.012254389 0.433670044 -0.003968891 0.999990582 -0.001759220 -1.097219229 -0.012261294 0.001710437 0.999923408 10.444324493
0.999872148 0.002758366 0.015751954 0.498302400 -0.002721308 0.999993443 -0.002373590 -1.236440301 -0.015758399 0.002330420 0.999873102 11.749384880
0.999815524 0.001605956 0.019136546 0.575327039 -0.001544171 0.999993622 -0.003242979 -1.371726632 -0.019141627 0.003212831 0.999811649 13.042601585
0.999748528 0.001725720 0.022356607 0.645255089 -0.001655053 0.999993563 -0.003178993 -1.520098090 -0.022361947 0.003141192 0.999745011 14.363990784
0.999667883 0.001652412 0.025719596 0.729131222 -0.001543282 0.999989688 -0.004262310 -1.657560587 -0.025726374 0.004221201 0.999660075 15.661984444
0.999578714 0.002409153 0.028923839 0.810600996 -0.002287922 0.999988437 -0.004223733 -1.796918750 -0.028933678 0.004155778 0.999572635 16.968400955
0.999488711 0.002061847 0.031910136 0.902640402 -0.001941158 0.999990880 -0.003812660 -1.936463475 -0.031917706 0.003748768 0.999483407 18.254657745
0.999410510 0.000540413 0.034327559 0.995922029 -0.000423678 0.999994099 -0.003407794 -2.080842495 -0.034329206 0.003391241 0.999404848 19.558582306
0.999345064 -0.001978963 0.036133766 1.090113044 0.002153903 0.999986112 -0.004803175 -2.219781160 -0.036123760 0.004877858 0.999335408 20.836032867
0.999305487 -0.001683865 0.037223689 1.190995216 0.001922736 0.999977887 -0.006382310 -2.365090370 -0.037212115 0.006449449 0.999286711 22.143173218
0.999260306 -0.001685556 0.038418364 1.275402308 0.002037324 0.999956429 -0.009118943 -2.508553028 -0.038401324 0.009190469 0.999220133 23.433813095
0.999219298 -0.000976010 0.039491288 1.377862215 0.001394902 0.999943018 -0.010581028 -2.648548126 -0.039478708 0.010627856 0.999163866 24.713199615
0.999186397 -0.000158893 0.040329885 1.480362415 0.000607060 0.999938250 -0.011100516 -2.798210621 -0.040325630 0.011115966 0.999124765 25.983190536
0.999157488 -0.001994901 0.040995382 1.580532074 0.002408125 0.999946713 -0.010032846 -2.943493605 -0.040973190 0.010123112 0.999108970 27.273355484
0.999159455 -0.004802706 0.040709600 1.685973644 0.005172625 0.999946237 -0.008986332 -3.088211775 -0.040664256 0.009189356 0.999130607 28.553092957
0.999183714 -0.006548894 0.039861452 1.785935998 0.006919724 0.999934018 -0.009172139 -3.238542795 -0.039798751 0.009440484 0.999163091 29.844173431
0.999204636 -0.008179404 0.039029162 1.891589046 0.008643809 0.999893665 -0.011745048 -3.383200169 -0.038928948 0.012073064 0.999169052 31.112604141
0.999235511 -0.008372066 0.038187165 2.002527714 0.008831466 0.999890447 -0.011877459 -3.532174349 -0.038083542 0.012205624 0.999200106 32.398498535
0.999259889 -0.009026814 0.037390217 2.103426456 0.009493461 0.999879003 -0.012321793 -3.674828291 -0.037274472 0.012667638 0.999224782 33.666183472
0.999271989 -0.009445606 0.036961161 2.198591948 0.009909264 0.999874234 -0.012381458 -3.819423437 -0.036839560 0.012738703 0.999239981 34.933418274
0.999285758 -0.009856382 0.036478467 2.288559198 0.010335827 0.999862373 -0.012978135 -3.962754488 -0.036345527 0.013345900 0.999250233 36.192871094
0.999326706 -0.010591577 0.035128228 2.406054020 0.011052160 0.999855101 -0.012943222 -4.123386383 -0.034986049 0.013322749 0.999298990 37.483509064
0.999322474 -0.010340421 0.035324831 2.494004250 0.010742512 0.999879479 -0.011211871 -4.268580914 -0.035204630 0.011583751 0.999312937 38.749317169
0.999295950 -0.010291473 0.036077477 2.602170944 0.010660210 0.999892712 -0.010043262 -4.408372402 -0.035970248 0.010420783 0.999298453 40.016262054
0.999213159 -0.011960331 0.037813645 2.711778641 0.012282791 0.999890029 -0.008306850 -4.550763130 -0.037710138 0.008764769 0.999250233 41.265552521
0.999107301 -0.013040377 0.040180743 2.809201241 0.013432345 0.999864638 -0.009500630 -4.696760178 -0.040051416 0.010031870 0.999147177 42.532611847
0.998985589 -0.014190517 0.042735647 2.904060602 0.014744191 0.999811053 -0.012668572 -4.845521450 -0.042547796 0.013285824 0.999006033 43.783954620
0.998897135 -0.015553944 0.044300891 3.018780231 0.016175032 0.999775350 -0.013695959 -4.991471291 -0.044077922 0.014397423 0.998924375 45.042079926
0.998774767 -0.015859069 0.046879031 3.144819260 0.016472261 0.999783337 -0.012723002 -5.121778965 -0.046667106 0.013479616 0.998819530 46.280525208
0.998575211 -0.016997665 0.050585784 3.244780064 0.017476391 0.999806464 -0.009036373 -5.278900623 -0.050422411 0.009907554 0.998678863 47.533382416
0.998299301 -0.020124042 0.054713156 3.359853268 0.020546842 0.999763131 -0.007176052 -5.415677071 -0.054555785 0.008288031 0.998476267 48.761940002
0.998079062 -0.022184934 0.057843447 3.495387554 0.022651086 0.999715924 -0.007415548 -5.556251049 -0.057662506 0.008711521 0.998298109 50.011379242
0.997808099 -0.025551250 0.061041363 3.641038895 0.026276182 0.999593139 -0.011102956 -5.692278862 -0.060732827 0.012682554 0.998073399 51.242137909
0.997528553 -0.026897287 0.064909704 3.775935650 0.027686298 0.999552906 -0.011286582 -5.824485779 -0.064577095 0.013055797 0.997827291 52.471248627
0.997170627 -0.029493850 0.069143869 3.902522802 0.030164532 0.999507368 -0.008675640 -5.965199471 -0.068853922 0.010736787 0.997568965 53.690124512
0.996904075 -0.032121308 0.071768433 4.061685562 0.032600634 0.999453247 -0.005516998 -6.096620560 -0.071551986 0.007839614 0.997406065 54.903652191
0.996676028 -0.034687512 0.073713511 4.212961674 0.035046730 0.999379277 -0.003584870 -6.229720116 -0.073543392 0.006156372 0.997273028 56.122177124
0.996480763 -0.038015846 0.074705631 4.370391846 0.038184702 0.999270380 -0.000832869 -6.348810673 -0.074619465 0.003682551 0.997205257 57.333038330
0.996305883 -0.040866841 0.075528182 4.513938427 0.040956050 0.999160886 0.000367952 -6.473505497 -0.075479850 0.002726744 0.997143567 58.537494659
0.996280730 -0.043068226 0.074631155 4.671073437 0.043369234 0.999056101 -0.002416460 -6.603396893 -0.074456662 0.005644168 0.997208297 59.745677948
0.996293962 -0.044267084 0.073748112 4.819642544 0.044887234 0.998969018 -0.006772116 -6.731363773 -0.073372312 0.010057366 0.997253954 60.935672760
0.996310830 -0.045657326 0.072664253 4.951500416 0.046535157 0.998862147 -0.010432996 -6.864511967 -0.072105229 0.013775948 0.997301877 62.137619019
0.996349990 -0.047201041 0.071123861 5.094938278 0.048231095 0.998753726 -0.012834432 -6.994747162 -0.070429422 0.016217966 0.997384906 63.326061249
0.996469498 -0.047604524 0.069153532 5.227975845 0.048614297 0.998733044 -0.012992132 -7.130968094 -0.068447448 0.016308118 0.997521400 64.513244629
0.996708512 -0.046923164 0.066109478 5.364138603 0.047861192 0.998773515 -0.012676434 -7.262393475 -0.065433607 0.015798789 0.997731745 65.690650940
0.996937990 -0.045931470 0.063283347 5.477239609 0.046676379 0.998856544 -0.010342605 -7.404186249 -0.062735930 0.013264776 0.997941971 66.884605408
0.997337580 -0.042128019 0.059522066 5.594984055 0.042624783 0.999065995 -0.007100536 -7.529082298 -0.059167333 0.009618748 0.998201787 68.057563782
0.997557402 -0.040624313 0.056822874 5.706182957 0.040932734 0.999152780 -0.004273816 -7.658366680 -0.056601111 0.006589293 0.998375118 69.231880188
0.997819543 -0.039282855 0.053037699 5.830892563 0.039736491 0.999181867 -0.007525412 -7.796390057 -0.052698679 0.009616537 0.998564184 70.439353943
0.997996032 -0.039614055 0.049343083 5.939520836 0.040331624 0.999093294 -0.013632420 -7.930243492 -0.048758306 0.015595187 0.998688936 71.598060608
0.998052061 -0.043382127 0.044832699 6.050394058 0.044188503 0.998875916 -0.017154181 -8.062456131 -0.044038117 0.019101856 0.998847246 72.773918152
0.998046637 -0.046912346 0.041256949 6.164161205 0.047467098 0.998793662 -0.012570384 -8.198027611 -0.040617481 0.014504178 0.999069512 73.966987610
0.998057306 -0.050427012 0.036589671 6.269749165 0.050748855 0.998680055 -0.007920729 -8.320909500 -0.036141954 0.009762228 0.999298990 75.123619080
0.998072207 -0.053012278 0.032272454 6.359205246 0.053194813 0.998572528 -0.004823492 -8.452527046 -0.031970680 0.006530921 0.999467611 76.310409546
0.998243868 -0.052079044 0.028228335 6.444717407 0.052170802 0.998635113 -0.002523563 -8.574897766 -0.028058380 0.003991827 0.999598324 77.470909119
0.998367488 -0.051658340 0.024366491 6.535692215 0.051750928 0.998655021 -0.003184125 -8.681671143 -0.024169229 0.004439916 0.999698043 78.629310608
0.998504043 -0.050483134 0.021003198 6.605636597 0.050585512 0.998710155 -0.004371850 -8.820075035 -0.020755405 0.005427768 0.999769807 79.797401428
0.998678207 -0.048257887 0.017687941 6.678408146 0.048428122 0.998783112 -0.009325903 -8.948980331 -0.017216368 0.010170170 0.999800026 80.941963196
0.998575151 -0.051614434 0.013547845 6.762580872 0.051802143 0.998560786 -0.013891377 -9.089955330 -0.012811353 0.014573392 0.999811709 82.110794067
0.998421729 -0.055149004 0.010611640 6.818817616 0.055310905 0.998346984 -0.015621670 -9.210196495 -0.009732580 0.016183952 0.999821603 83.258056641
0.998435915 -0.055489201 0.006836885 6.881956100 0.055568200 0.998383224 -0.011965703 -9.340035439 -0.006161865 0.012326901 0.999904990 84.397720337
0.998428822 -0.055869758 0.004297890 6.942138672 0.055909384 0.998388469 -0.009730158 -9.468123436 -0.003747342 0.009955160 0.999943376 85.532783508
0.998558104 -0.053606763 0.002829671 6.987833023 0.053636007 0.998493910 -0.011537237 -9.593629837 -0.002206935 0.011672375 0.999929368 86.671798706
0.998754323 -0.049842570 0.002339222 7.035980225 0.049871292 0.998650849 -0.014470713 -9.722245216 -0.001614808 0.014569350 0.999892473 87.792533875
0.998848259 -0.047970984 0.000908519 7.096372128 0.047979530 0.998694897 -0.017510884 -9.846817017 -0.000067320 0.017534306 0.999846280 88.889747620
0.998771489 -0.049546745 0.000694591 7.131452560 0.049551245 0.998612344 -0.017834406 -9.989609718 0.000190010 0.017846918 0.999840677 90.034736633
0.998705149 -0.050862167 -0.000919650 7.181575775 0.050842382 0.998591363 -0.015177488 -10.119021416 0.001690315 0.015111079 0.999884427 91.149185181
0.998655677 -0.051799517 -0.001875364 7.227683544 0.051772680 0.998583138 -0.012289481 -10.251104355 0.002509297 0.012175867 0.999922752 92.264617920
0.998661220 -0.051667698 -0.002501190 7.289434910 0.051634781 0.998596311 -0.011799007 -10.373401642 0.003107307 0.011654062 0.999927282 93.415626526
0.998627782 -0.052305263 -0.002598596 7.332087040 0.052264541 0.998537421 -0.013832896 -10.501345634 0.003318329 0.013678099 0.999900937 94.524291992
0.998620152 -0.052399352 -0.003492760 7.390935421 0.052329239 0.998471022 -0.017808594 -10.628952026 0.004420578 0.017601246 0.999835372 95.629547119
0.998579144 -0.053187478 -0.003278658 7.432228565 0.053115606 0.998406053 -0.019081259 -10.762210846 0.004288316 0.018880000 0.999812543 96.736846924
0.998538733 -0.053921297 -0.003591725 7.484990120 0.053851366 0.998398542 -0.017335445 -10.894601822 0.004520724 0.017116694 0.999843299 97.822380066
0.998589098 -0.053033181 -0.002698545 7.524818897 0.052996583 0.998520255 -0.012190300 -11.015899658 0.003341042 0.012030086 0.999921978 98.906494141
0.998685420 -0.051229242 -0.001727720 7.574293613 0.051212043 0.998648524 -0.008850376 -11.134968758 0.002178784 0.008750258 0.999959350 99.979270935
0.998797894 -0.049013469 0.000651571 7.608717442 0.049017280 0.998760462 -0.008650720 -11.255603790 -0.000226761 0.008672260 0.999962389 101.030059814
0.998882711 -0.047165558 0.002966216 7.651513100 0.047193982 0.998831749 -0.010381833 -11.376630783 -0.002473086 0.010510221 0.999941707 102.064826965
0.998845756 -0.047717370 0.005498068 7.702686310 0.047783583 0.998778045 -0.012616899 -11.498125076 -0.004889305 0.012865053 0.999905288 103.086463928
0.998769283 -0.049018353 0.007557207 7.744633675 0.049118895 0.998698235 -0.013747460 -11.609321594 -0.006873492 0.014101745 0.999876857 104.095466614
0.998659849 -0.050948955 0.009095337 7.806634426 0.051063441 0.998612881 -0.012832295 -11.724357605 -0.008428929 0.013279536 0.999876261 105.079429626
0.998643339 -0.050865345 0.011142859 7.857821941 0.050991550 0.998634517 -0.011350579 -11.842881203 -0.010550294 0.011903373 0.999873400 106.053047180
0.998564363 -0.052223526 0.011912533 7.929003716 0.052342243 0.998580337 -0.009881791 -11.949499130 -0.011379560 0.010491133 0.999880195 106.989700317
0.998503864 -0.052825373 0.014122210 7.979724884 0.052974310 0.998541892 -0.010388899 -12.055756569 -0.013552820 0.011121471 0.999846280 107.906509399
0.998506248 -0.052316844 0.015756439 8.034873962 0.052457057 0.998585999 -0.008620564 -12.153079987 -0.015283160 0.009434224 0.999838650 108.808059692
0.998523474 -0.051460691 0.017398268 8.092083931 0.051580958 0.998647451 -0.006535843 -12.249691010 -0.017038397 0.007423612 0.999827266 109.680206299
0.998502195 -0.051481653 0.018518969 8.151721001 0.051553424 0.998664379 -0.003419040 -12.350193024 -0.018318217 0.004368635 0.999822676 110.532981873
0.998463213 -0.051648688 0.020088013 8.210432053 0.051728640 0.998655140 -0.003480779 -12.440556526 -0.019881219 0.004514555 0.999792218 111.358131409
0.998484492 -0.050689816 0.021431284 8.255649567 0.050754238 0.998708069 -0.002472378 -12.531848907 -0.021278275 0.003556360 0.999767184 112.168975830
0.998587966 -0.048470140 0.021742603 8.307381630 0.048532110 0.998818874 -0.002331444 -12.610616684 -0.021603916 0.003383366 0.999760866 112.949287415
0.998724222 -0.045913745 0.021019561 8.347393036 0.045905665 0.998945415 0.000866777 -12.689484596 -0.021037186 0.000099246 0.999778688 113.701408386
0.998787165 -0.045765609 0.018157519 8.392111778 0.045740221 0.998951733 0.001811181 -12.772418976 -0.018221376 -0.000978456 0.999833524 114.448493958
0.998879015 -0.045784071 0.012027483 8.423664093 0.045765005 0.998950481 0.001855920 -12.846043587 -0.012099834 -0.001303401 0.999925911 115.145637512
0.999011993 -0.044426113 0.001180518 8.452763557 0.044424996 0.999012232 0.000955276 -12.922832489 -0.001221791 -0.000901888 0.999998868 115.813415527
0.999042749 -0.041859388 -0.012706524 8.448887825 0.041842207 0.999122918 -0.001615199 -12.996614456 0.012762986 0.001081984 0.999917924 116.449798584
0.998682022 -0.040292989 -0.031790722 8.451625824 0.040170189 0.999182701 -0.004492142 -13.056623459 0.031945750 0.003209182 0.999484479 117.072975159
0.997804582 -0.038505025 -0.053882562 8.412709236 0.038201854 0.999247968 -0.006645635 -13.127660751 0.054097928 0.004572633 0.998525143 117.658416748
0.995975614 -0.037110083 -0.081580319 8.369576454 0.036532842 0.999295890 -0.008557467 -13.194726944 0.081840441 0.005542668 0.996630013 118.228103638
0.992896140 -0.034778006 -0.113787889 8.297755241 0.033768311 0.999371469 -0.010789507 -13.260590553 0.114091605 0.006870436 0.993446469 118.770011902
0.988389075 -0.030077329 -0.148937941 8.183212280 0.028599085 0.999518335 -0.012057446 -13.328146935 0.149228886 0.007657958 0.988773048 119.314292908
0.981943130 -0.024336638 -0.187604323 8.075778961 0.022572426 0.999678671 -0.011534786 -13.388317108 0.187824726 0.007091820 0.982176960 119.820533752
0.973166585 -0.018900640 -0.229324222 7.936223984 0.017143678 0.999806523 -0.009651512 -13.445832253 0.229462266 0.005461069 0.973302305 120.321723938
0.961705029 -0.014207565 -0.273717761 7.757526398 0.012430616 0.999888897 -0.008225263 -13.502728462 0.273804247 0.004507798 0.961774886 120.818817139
0.947391570 -0.008121524 -0.319973618 7.549140930 0.005553654 0.999944568 -0.008936953 -13.556584358 0.320028484 0.006689772 0.947384298 121.296752930
0.929670930 -0.000415419 -0.368390918 7.327476501 -0.003374832 0.999947727 -0.009644331 -13.615722656 0.368375659 0.010209310 0.929620981 121.759277344
0.908302903 0.004405399 -0.418289870 7.081760406 -0.009509741 0.999903560 -0.010119177 -13.673044205 0.418205053 0.013169110 0.908257127 122.183776855
0.883021832 0.008750780 -0.469250202 6.811336517 -0.014717352 0.999850690 -0.009049047 -13.724659920 0.469101012 0.014896627 0.883018851 122.595443726
0.853867948 0.011961236 -0.520352304 6.520893097 -0.019561712 0.999767065 -0.009118185 -13.766183853 0.520121992 0.017964711 0.853902996 122.994346619
0.822227359 0.021792721 -0.568741739 6.192527771 -0.030375209 0.999522805 -0.005614164 -13.819216728 0.568347931 0.021891771 0.822496891 123.357437134
0.788167179 0.034875359 -0.614472151 5.846611023 -0.043277781 0.999062359 0.001192123 -13.865108490 0.613937676 0.025653400 0.788937628 123.705795288
0.751887083 0.043685835 -0.657842994 5.491569519 -0.054627430 0.998499274 0.003871157 -13.906784058 0.657024920 0.033025600 0.753145158 124.021629333
0.711997271 0.047451757 -0.700577021 5.119750977 -0.061658051 0.998085082 0.004939534 -13.954421997 0.699469984 0.039679278 0.713559628 124.318649292
0.669525266 0.049265664 -0.741153657 4.738651276 -0.064705305 0.997873306 0.007878328 -13.998494148 0.739965558 0.042681843 0.671289325 124.599472046
0.625412047 0.052708514 -0.778512239 4.328575134 -0.067919336 0.997606397 0.012979596 -14.034238815 0.777333081 0.044758439 0.627495050 124.869522095
0.580238700 0.061311144 -0.812135518 3.903762817 -0.079272017 0.996679425 0.018606342 -14.065556526 0.810579538 0.053583499 0.583172143 125.097274780
0.534606457 0.070138045 -0.842185497 3.461067200 -0.090552039 0.995566964 0.025430758 -14.092500687 0.840235829 0.062666170 0.538587689 125.303985596
0.487692744 0.075180948 -0.869772136 3.004932404 -0.096208200 0.994845212 0.032046735 -14.119763374 0.867697895 0.068050250 0.492411822 125.499641418
0.440360546 0.076247387 -0.894577503 2.540824890 -0.095402643 0.994720042 0.037820358 -14.143172264 0.892737865 0.068690464 0.445309669 125.681617737
0.393428117 0.077945992 -0.916045189 2.066757202 -0.093093596 0.994655490 0.044652574 -14.164714813 0.914629936 0.067710370 0.398581833 125.845924377
0.347148061 0.080739886 -0.934328198 1.573898315 -0.094661057 0.994215429 0.050743889 -14.187290192 0.933020651 0.070828848 0.352782905 125.994812012
0.303225845 0.084008567 -0.949208438 1.070388794 -0.099968664 0.993414283 0.055985849 -14.209002495 0.947660387 0.077914737 0.309627116 126.109382629
0.261851490 0.085627005 -0.961302102 0.545545578 -0.105025053 0.992669225 0.059812944 -14.225327492 0.959376633 0.085298710 0.268924862 126.210037231
0.222759023 0.082046829 -0.971414864 0.018398285 -0.105593376 0.992620349 0.059623826 -14.241092682 0.969137967 0.089293219 0.229778722 126.302726746
0.188047498 0.077005975 -0.979136527 -0.520208359 -0.100385748 0.993207633 0.058833096 -14.260120392 0.977016330 0.087227926 0.194500536 126.389945984
0.157724738 0.072176702 -0.984841883 -1.074209213 -0.097805731 0.993563116 0.057152040 -14.280574799 0.982627511 0.087308884 0.163768783 126.465065002
0.130447164 0.070420682 -0.988951206 -1.630628586 -0.098270714 0.993480861 0.057780869 -14.302948952 0.986573040 0.089647606 0.136517048 126.544799805
0.108179808 0.069865271 -0.991673291 -2.211673737 -0.099472128 0.993281960 0.059127372 -14.321180344 0.989142299 0.092247464 0.114402696 126.608093262
0.089984462 0.071024157 -0.993407428 -2.817970276 -0.101820730 0.992883623 0.061763607 -14.333448410 0.990724742 0.095591709 0.096575804 126.652641296
0.073617764 0.069341220 -0.994872987 -3.423341751 -0.102670699 0.992806256 0.061599817 -14.358577728 0.991987467 0.097609475 0.080207497 126.703117371
0.060102679 0.068458498 -0.995841920 -4.046189308 -0.102305897 0.992814183 0.062075827 -14.386232376 0.992935658 0.098149575 0.066674501 126.742904663
0.047391985 0.065836586 -0.996704280 -4.697707653 -0.096202619 0.993487775 0.061049793 -14.410017967 0.994232833 0.092992306 0.053417016 126.799186707
0.035306677 0.063211523 -0.997375369 -5.345287323 -0.093934514 0.993789256 0.059658989 -14.428655624 0.994952142 0.091581613 0.041025139 126.838706970
0.024432661 0.062964238 -0.997716606 -6.004079819 -0.093404554 0.993792653 0.060429245 -14.450635910 0.995328486 0.091714844 0.030162141 126.871482849
0.015576784 0.064443909 -0.997799695 -6.675563812 -0.096771434 0.993333161 0.062644720 -14.473708153 0.995184779 0.095582709 0.021709260 126.877517700
0.007280009 0.063579671 -0.997950137 -7.369046688 -0.099982686 0.993021965 0.062536336 -14.496951103 0.994962454 0.099322483 0.013586076 126.891860962
0.000843843 0.063011236 -0.998012483 -8.055886269 -0.102624878 0.992748857 0.062592141 -14.518957138 0.994719803 0.102368094 0.007304246 126.907142639
-0.004780129 0.064550430 -0.997902989 -8.750486374 -0.103424713 0.992530823 0.064698353 -14.543224335 0.994625747 0.103517085 0.001931684 126.922393799
-0.008139580 0.066641323 -0.997743785 -9.466939926 -0.104822040 0.992222846 0.067127690 -14.560486794 0.994457662 0.105131932 -0.001090798 126.942184448
-0.009160386 0.070182040 -0.997492135 -10.186344147 -0.107014209 0.991736293 0.070759833 -14.582031250 0.994215250 0.107394010 -0.001574214 126.955482483
-0.010155942 0.073551878 -0.997239590 -10.917874336 -0.109960362 0.991160631 0.074223369 -14.596248627 0.993884027 0.110410638 -0.001978380 126.963348389
-0.011287140 0.079234794 -0.996792078 -11.651369095 -0.114965692 0.990142167 0.080008015 -14.611439705 0.993305326 0.115499951 -0.002066591 126.967926025
-0.012551794 0.082872190 -0.996481121 -12.388499260 -0.117913000 0.989483774 0.083775505 -14.625349045 0.992944598 0.118549630 -0.002648088 126.981971741
-0.013930835 0.083464071 -0.996413529 -13.136561394 -0.117336974 0.989488542 0.084524505 -14.642803192 0.992994428 0.118093625 -0.003990981 126.993850708
-0.015037233 0.080030374 -0.996679008 -13.911340714 -0.115527712 0.989976823 0.081235223 -14.660015106 0.993190408 0.116365574 -0.005640785 127.008514404
-0.016742770 0.076718196 -0.996912241 -14.663380623 -0.119322613 0.989773273 0.078172788 -14.667031288 0.992714286 0.120263003 -0.007417328 127.017532349
-0.017746896 0.078252889 -0.996775508 -15.436153412 -0.124184668 0.989040554 0.079856634 -14.677099228 0.992100298 0.125201479 -0.007834591 127.014472961
-0.019174965 0.081540443 -0.996485591 -16.211791992 -0.121334530 0.989112616 0.083271921 -14.693075180 0.992426455 0.122504845 -0.009072528 127.026130676
-0.021453103 0.081661902 -0.996429265 -16.986566544 -0.120114490 0.989228904 0.083657868 -14.709289551 0.992528141 0.121480301 -0.011413258 127.039321899
-0.022135468 0.081218377 -0.996450484 -17.773963928 -0.123544835 0.988833070 0.083341949 -14.721764565 0.992092073 0.124951132 -0.011854172 127.034484863
-0.022969382 0.080381580 -0.996499479 -18.572221756 -0.127504095 0.988386989 0.082666203 -14.731029510 0.991572022 0.128956541 -0.012453660 127.042358398
-0.024217479 0.084525980 -0.996126950 -19.369094849 -0.129399717 0.987771809 0.086962923 -14.737032890 0.991296768 0.131004557 -0.012983707 127.048751831
-0.025092892 0.089463279 -0.995673954 -20.171943665 -0.128537610 0.987431586 0.091962062 -14.751639366 0.991387010 0.130289137 -0.013278118 127.061943054
-0.023786809 0.091972403 -0.995477378 -20.998113632 -0.129531607 0.987081885 0.094291866 -14.760397911 0.991290092 0.131188646 -0.011566197 127.068733215
-0.021877402 0.091062300 -0.995604873 -21.817249298 -0.128853783 0.987280667 0.093132369 -14.770015717 0.991422236 0.130324975 -0.009865412 127.076828003
-0.020890415 0.091197006 -0.995613754 -22.646432877 -0.128755599 0.987293124 0.093136445 -14.776052475 0.991456330 0.130136535 -0.008882836 127.087768555
-0.020727573 0.089869894 -0.995737791 -23.468873978 -0.127006233 0.987646282 0.091783419 -14.780413628 0.991685331 0.128367350 -0.009057472 127.105598450
-0.019780939 0.091841601 -0.995577097 -24.306221008 -0.127984285 0.987347066 0.093625292 -14.787487984 0.991578877 0.129270226 -0.007776373 127.120796204
-0.019445226 0.093756698 -0.995405257 -25.144863129 -0.129559278 0.986962795 0.095492460 -14.788888931 0.991381049 0.130820841 -0.007044664 127.137832642
-0.019190371 0.096451685 -0.995152652 -26.011034012 -0.132556438 0.986303866 0.098150246 -14.792592049 0.990989625 0.133797452 -0.006142247 127.144073486
-0.017509134 0.097532868 -0.995078146 -26.874229431 -0.134750292 0.985920966 0.099006325 -14.789720535 0.990724862 0.135820627 -0.004120042 127.152687073
-0.015721971 0.100778244 -0.994784653 -27.744157791 -0.141656667 0.984647870 0.101990111 -14.791601181 0.989790976 0.142521396 -0.001204694 127.163917542
-0.013564313 0.104447618 -0.994437873 -28.626319885 -0.146064222 0.983654320 0.105307318 -14.786767960 0.989182115 0.146680266 0.001913466 127.176712036
-0.011560448 0.106259681 -0.994271219 -29.501102448 -0.148527637 0.983124733 0.106795378 -14.782356262 0.988840699 0.148911327 0.004417134 127.205612183
-0.007790282 0.107226141 -0.994204104 -30.399383545 -0.147438854 0.983244598 0.107199445 -14.784585953 0.989040494 0.147419423 0.008149548 127.224380493
-0.005202699 0.107021965 -0.994242966 -31.289552689 -0.149902552 0.982938409 0.106589533 -14.777940750 0.988687098 0.149594128 0.010928933 127.251731873
-0.002761942 0.110924788 -0.993824899 -32.193172455 -0.150474742 0.982466757 0.110075206 -14.771591187 0.988609970 0.149849594 0.013977861 127.278167725
-0.000531532 0.113136314 -0.993579268 -33.106979370 -0.149568036 0.982394099 0.111942686 -14.769550323 0.988751292 0.148667172 0.016399398 127.318885803
0.001389434 0.114435822 -0.993429601 -34.000808716 -0.150248036 0.982177377 0.112929493 -14.765973091 0.988647282 0.149103954 0.018558428 127.355529785
0.003776532 0.112418219 -0.993653774 -34.902290344 -0.151441321 0.982264400 0.110554084 -14.758182526 0.988459051 0.150062725 0.020734318 127.385429382
0.004145596 0.113906793 -0.993482769 -35.811946869 -0.156114817 0.981383502 0.111868136 -14.749876022 0.987730205 0.154633611 0.021850951 127.420326233
0.005216941 0.114422530 -0.993418455 -36.704734802 -0.156811148 0.981235087 0.112195753 -14.744733810 0.987614691 0.155193761 0.023061778 127.454734802
0.005485878 0.111051619 -0.993799508 -37.603969574 -0.157332718 0.981532574 0.108812377 -14.743135452 0.987530351 0.155760229 0.022856619 127.487274170
0.006094468 0.106789537 -0.994262993 -38.505607605 -0.158173099 0.981867313 0.104488641 -14.742950439 0.987392604 0.156628862 0.022875194 127.530120850
0.006437377 0.105892219 -0.994356811 -39.402854919 -0.157723337 0.982038140 0.103559271 -14.736649513 0.987462401 0.156166643 0.023023419 127.569999695
0.006265294 0.110136747 -0.993896723 -40.303230286 -0.159969792 0.981226325 0.107724287 -14.734954834 0.987102032 0.158318564 0.023766223 127.610023499
0.006949314 0.116380222 -0.993180335 -41.232696533 -0.160999805 0.980377018 0.113753416 -14.722215652 0.986929893 0.159111336 0.025550142 127.636627197
0.007293512 0.115101382 -0.993326902 -42.129241943 -0.158961818 0.980855525 0.112489060 -14.721597672 0.987257719 0.157080621 0.025450604 127.677551270
0.008236366 0.104889877 -0.994449794 -43.017562866 -0.158304572 0.982079327 0.102273971 -14.728375435 0.987355888 0.156583592 0.024693310 127.717681885
0.008274717 0.094303533 -0.995509088 -43.941871643 -0.159756988 0.982880592 0.091779344 -14.734527588 0.987121642 0.158280075 0.023198707 127.755500793
0.007125968 0.091384463 -0.995790124 -44.842288971 -0.156502783 0.983645916 0.089150026 -14.743698120 0.987651765 0.155208677 0.021311358 127.800010681
0.007163709 0.101551227 -0.994804502 -45.763408661 -0.149212956 0.983801007 0.099353462 -14.747268677 0.988779128 0.147725984 0.022200424 127.845344543
0.007207961 0.114471428 -0.993400335 -46.700466156 -0.144418195 0.983130395 0.112240113 -14.742277145 0.989490449 0.142656058 0.023618128 127.899032593
0.007461266 0.123280481 -0.992343783 -47.621940613 -0.144774929 0.982048988 0.120912999 -14.732562065 0.989436507 0.142764345 0.025175251 127.941452026
0.007278378 0.117636025 -0.993030131 -48.538631439 -0.145102605 0.982670188 0.115345255 -14.730067253 0.989389837 0.143251747 0.024221543 127.979171753
0.007332292 0.104301728 -0.994518697 -49.452907562 -0.144702554 0.984188259 0.102151446 -14.728811264 0.989448011 0.143160373 0.022309080 128.018569946
0.007671988 0.095439710 -0.995405734 -50.368927002 -0.145160884 0.984997034 0.093322910 -14.728265762 0.989378333 0.143777966 0.021410998 128.060150146
0.008218521 0.095257387 -0.995418727 -51.299030304 -0.144284606 0.985148489 0.093083292 -14.734064102 0.989502192 0.142858595 0.021840639 128.100341797
0.007645942 0.096991137 -0.995255828 -52.237701416 -0.147538081 0.984501719 0.094809666 -14.754289627 0.989026785 0.146113247 0.021837331 128.142105103
0.008429219 0.096377678 -0.995309174 -53.166694641 -0.152152658 0.983878553 0.093982249 -14.755317688 0.988321066 0.150646746 0.022957448 128.170700073
0.009012889 0.095818639 -0.995357990 -54.104312897 -0.153769597 0.983691752 0.093303211 -14.758045197 0.988065720 0.152214870 0.023599898 128.208496094
0.009548943 0.103655219 -0.994567454 -55.060226440 -0.162914991 0.981484890 0.100727573 -14.764051437 0.986593902 0.161068082 0.026259128 128.244354248
0.010887381 0.113129020 -0.993520677 -55.999732971 -0.168254837 0.979620159 0.109702408 -14.757686615 0.985683382 0.165970281 0.029700005 128.281295776
0.012288122 0.121569224 -0.992506921 -56.959365845 -0.168769598 0.978593826 0.117775530 -14.751407623 0.985578954 0.166057751 0.032542266 128.317779541
0.013279676 0.121956848 -0.992446542 -57.913402557 -0.170658916 0.978247643 0.117928460 -14.741163254 0.985240698 0.167803824 0.033803828 128.365371704
0.014886347 0.112309083 -0.993561804 -58.850883484 -0.172366366 0.979084373 0.108090080 -14.737592697 0.984920382 0.169647545 0.033933304 128.405410767
0.016076032 0.107406810 -0.994085193 -59.788978577 -0.170819059 0.979892254 0.103110895 -14.732539177 0.985171258 0.168151066 0.034099910 128.457626343
0.017719474 0.105861984 -0.994222999 -60.757472992 -0.169142932 0.980364323 0.101371817 -14.734602928 0.985432267 0.166369572 0.035277348 128.514465332
0.021184739 0.111401401 -0.993549645 -61.719898224 -0.170805633 0.979565680 0.106191456 -14.727958679 0.985076964 0.167454273 0.039779823 128.568344116
0.024877120 0.113964632 -0.993173242 -62.687004089 -0.173514500 0.978893816 0.107979871 -14.734516144 0.984516978 0.169643715 0.044126574 128.617553711
0.028628068 0.108782448 -0.993653238 -63.642925262 -0.172452524 0.979692638 0.102285571 -14.734180450 0.984601736 0.168429717 0.046806511 128.677185059
0.032006532 0.102686554 -0.994198680 -64.600357056 -0.172427341 0.980361640 0.095706388 -14.735420227 0.984502077 0.168363810 0.049083941 128.737960815
0.035786439 0.102338560 -0.994105697 -65.554756165 -0.170011893 0.980866194 0.094855413 -14.734729767 0.984792054 0.165615216 0.052500479 128.805252075
0.037665229 0.107250087 -0.993518353 -66.516525269 -0.167372972 0.980856001 0.099537916 -14.754631042 0.985173881 0.162539005 0.054894939 128.887512207
0.040903483 0.114083193 -0.992628813 -67.473312378 -0.166703269 0.980314612 0.105798542 -14.755967140 0.985158324 0.161146954 0.059116311 128.965362549
0.043399751 0.117742844 -0.992095292 -68.439163208 -0.164547369 0.980311751 0.109146148 -14.757869720 0.985413909 0.158509791 0.061919563 129.048049927
0.045401089 0.119435295 -0.991803348 -69.419067383 -0.164211154 0.980213940 0.110522687 -14.757717133 0.985379875 0.157847300 0.064115383 129.125656128
0.047984350 0.116671324 -0.992010713 -70.355995178 -0.162850454 0.980779886 0.107473262 -14.757475853 0.985483348 0.156392351 0.066062056 129.197097778
0.048524231 0.115437739 -0.992128789 -71.301094055 -0.160827637 0.981240928 0.106304951 -14.762344360 0.985789001 0.154403344 0.066179529 129.282806396
0.049241256 0.111998267 -0.992487609 -72.247253418 -0.157877818 0.982073128 0.102990076 -14.770776749 0.986230195 0.151620418 0.066040538 129.367385864
0.049031995 0.111167379 -0.992591500 -73.237274170 -0.156075671 0.982431233 0.102319673 -14.758431435 0.986527383 0.149902463 0.065521099 129.449722290
0.048701540 0.115901478 -0.992066026 -74.190193176 -0.152740702 0.982426584 0.107277118 -14.760619164 0.987065494 0.146304324 0.065548554 129.533599854
0.047981076 0.117780894 -0.991879702 -75.150413513 -0.146756813 0.983078063 0.109636515 -14.766072273 0.988008201 0.140304640 0.064454280 129.629211426
0.047554538 0.113094404 -0.992445529 -76.108673096 -0.144025624 0.983963370 0.105226591 -14.752234459 0.988430679 0.137933597 0.063080423 129.705139160
0.045951813 0.109319165 -0.992944002 -77.070053101 -0.146023706 0.984051883 0.101582445 -14.753821373 0.988213241 0.140325472 0.061182171 129.780319214
0.044554438 0.106746376 -0.993287563 -78.019111633 -0.142528012 0.984782994 0.099439256 -14.758351326 0.988787532 0.137140855 0.059090804 129.861343384
0.043377947 0.107561074 -0.993251860 -78.983123779 -0.142663464 0.984665871 0.100400813 -14.760180473 0.988820255 0.137345552 0.058057826 129.926910400
0.042482689 0.108411908 -0.993198037 -79.938598633 -0.144047767 0.984373569 0.101287223 -14.760762215 0.988658428 0.138764977 0.057435337 129.998855591
0.040974226 0.108546481 -0.993246615 -80.892448425 -0.145573378 0.984122515 0.101544037 -14.762973785 0.988498628 0.140429586 0.056125142 130.070755005
0.040040441 0.109589495 -0.993170142 -81.842903137 -0.145286873 0.984042227 0.102724954 -14.765680313 0.988579035 0.140181422 0.055323403 130.131301880
0.037781149 0.109649971 -0.993252039 -82.806793213 -0.145372659 0.983990669 0.103097901 -14.766371727 0.988655329 0.140496522 0.053116411 130.200927734
0.035893586 0.111821607 -0.993079782 -83.758598328 -0.144939676 0.983795881 0.105537564 -14.757537842 0.988789201 0.140148550 0.051519353 130.273223877
0.034433927 0.115558863 -0.992703617 -84.713073730 -0.146272823 0.983179033 0.109376371 -14.750418663 0.988644779 0.141439304 0.050757833 130.328598022
0.032607213 0.120657966 -0.992158413 -85.664192200 -0.147517502 0.982395172 0.114622489 -14.741692543 0.988521755 0.142623231 0.049832322 130.387603760
0.030422943 0.120325543 -0.992268145 -86.614768982 -0.147539511 0.982393980 0.114604607 -14.738458633 0.988588095 0.142912149 0.047640081 130.448287964
0.029415112 0.115172803 -0.992909849 -87.559478760 -0.147702724 0.982935905 0.109640136 -14.734229088 0.988594294 0.143430442 0.045924507 130.505661011
0.026951266 0.110261463 -0.993537068 -88.509956360 -0.151971892 0.982797384 0.104947090 -14.723579407 0.988017321 0.148161292 0.043244280 130.562988281
0.025753926 0.108017243 -0.993815362 -89.454376221 -0.149810418 0.983335435 0.102995969 -14.721045494 0.988379359 0.146231338 0.041506857 130.624496460
0.025074303 0.109558687 -0.993663907 -90.419227600 -0.145211682 0.983833492 0.104810484 -14.726320267 0.989082813 0.141663551 0.040578131 130.677108765
0.024310231 0.110910289 -0.993533075 -91.367729187 -0.142320007 0.984088242 0.106373601 -14.725596428 0.989522040 0.138813645 0.039708164 130.736465454
0.023561686 0.110837884 -0.993559182 -92.317321777 -0.136871263 0.984834373 0.106618740 -14.729083061 0.990308702 0.133477569 0.038374882 130.795608521
0.022295831 0.107947007 -0.993906677 -93.259750366 -0.132880718 0.985653162 0.104069777 -14.732238770 0.990881205 0.129750699 0.036320038 130.856475830
0.021544810 0.104789846 -0.994261026 -94.204498291 -0.127780393 0.986624300 0.101216093 -14.735911369 0.991568387 0.124866389 0.034646723 130.916061401
0.019965427 0.107366450 -0.994019032 -95.184478760 -0.126007155 0.986559629 0.104029812 -14.737717628 0.991828322 0.123176515 0.033226028 130.964950562
0.018591240 0.109756276 -0.993784666 -96.131538391 -0.125352338 0.986369550 0.106592298 -14.736776352 0.991938055 0.122591540 0.032096040 131.020065308
0.017239679 0.107552320 -0.994049966 -97.091857910 -0.121198788 0.987091362 0.104697496 -14.733398438 0.992478490 0.118672706 0.030052349 131.066757202
0.015252138 0.104772389 -0.994379222 -98.042449951 -0.118306816 0.987698257 0.102253795 -14.735622406 0.992859960 0.116082251 0.027459797 131.112609863
0.011100165 0.102398425 -0.994681537 -99.002761841 -0.117168278 0.988023400 0.100405470 -14.737126350 0.993050039 0.115430616 0.022965070 131.169067383
0.008414372 0.101443969 -0.994805694 -99.957374573 -0.111666501 0.988713801 0.099878266 -14.745825768 0.993710160 0.110246055 0.019647302 131.214904785
0.006177588 0.101413354 -0.994825184 -100.916549683 -0.104846776 0.989426434 0.100211918 -14.739677429 0.994469225 0.103685148 0.016745128 131.254272461
0.003746870 0.109202519 -0.994012475 -101.879829407 -0.094768189 0.989584446 0.108358823 -14.738000870 0.995492458 0.093794756 0.014056765 131.311172485
0.001221445 0.117422901 -0.993081272 -102.837547302 -0.086715087 0.989353597 0.116875485 -14.734797478 0.996232390 0.085972361 0.011390779 131.361755371
-0.001716851 0.117331900 -0.993091285 -103.791954041 -0.082479931 0.989692271 0.117072925 -14.730999947 0.996591210 0.082111105 0.007978374 131.403884888
-0.004434160 0.106967360 -0.994252563 -104.747085571 -0.083364479 0.990761876 0.106963582 -14.729639053 0.996509254 0.083359644 0.004524080 131.433364868
-0.006556699 0.097774014 -0.995187044 -105.693572998 -0.085274562 0.991528571 0.097976387 -14.729679108 0.996335924 0.085506544 0.001836482 131.467056274
-0.006923991 0.099135101 -0.995049953 -106.653144836 -0.092432074 0.990750074 0.099349916 -14.730913162 0.995694876 0.092662416 0.002303316 131.483489990
-0.007565083 0.108576171 -0.994059265 -107.619026184 -0.095956482 0.989421666 0.108799838 -14.719622612 0.995356739 0.096209541 0.002933530 131.511825562
-0.009068151 0.120060995 -0.992725134 -108.582305908 -0.099933535 0.987687051 0.120364539 -14.708567619 0.994952798 0.100298002 0.003041623 131.536956787
-0.010829796 0.121897556 -0.992483556 -109.533386230 -0.106950514 0.986707032 0.122355089 -14.698443413 0.994205356 0.107471697 0.002351167 131.565109253
-0.010392039 0.118033499 -0.992955148 -110.516960144 -0.113939218 0.986401618 0.118446916 -14.673830032 0.993433356 0.114367433 0.003197919 131.577575684
-0.010683591 0.114236385 -0.993396163 -111.470954895 -0.122025207 0.985879004 0.114684269 -14.662796974 0.992469490 0.122444615 0.003406989 131.598083496
-0.008055993 0.116119519 -0.993202567 -112.437400818 -0.126726523 0.985107899 0.116201043 -14.643634796 0.991904914 0.126801252 0.006779402 131.614501953
-0.006947521 0.117410019 -0.993059218 -113.422531128 -0.135002419 0.983881176 0.117269374 -14.625910759 0.990820885 0.134880140 0.009015100 131.635665894
-0.006587506 0.119856119 -0.992769301 -114.385360718 -0.144101605 0.982314944 0.119550116 -14.608530998 0.989540994 0.143847212 0.010800451 131.654251099
-0.006151359 0.121886797 -0.992524922 -115.361228943 -0.149674639 0.981250346 0.121429853 -14.586861610 0.988716125 0.149302751 0.012207337 131.675430298
-0.005914753 0.121782877 -0.992539167 -116.348251343 -0.153616995 0.980664253 0.121241271 -14.579961777 0.988112867 0.153187945 0.012907527 131.713134766
-0.004381352 0.112291798 -0.993665695 -117.302970886 -0.152521506 0.981974125 0.111643076 -14.582245827 0.988290429 0.152044535 0.012824536 131.742187500
-0.003213994 0.100632809 -0.994918585 -118.254287720 -0.155595616 0.982755899 0.099905230 -14.573801994 0.987815619 0.155126005 0.012499451 131.777450562
