1.000000000 0.000000000 0.000000000 0.000000000 0.000000000 1.000000000 0.000000000 0.000000000 0.000000000 0.000000000 1.000000000 0.000000000
0.999997795 -0.001567410 -0.001393630 0.049808148 0.001564386 0.999996424 -0.002168306 -0.132210657 0.001397024 0.002166121 0.999996662 1.297780514
0.999997914 0.000044397 -0.002052665 0.102352187 -0.000057474 0.999979675 -0.006371331 -0.267544985 0.002052340 0.006371436 0.999977589 2.599273205
0.999996245 0.002436948 -0.001255712 0.146460012 -0.002446652 0.999966681 -0.007784811 -0.407280475 0.001236699 0.007787854 0.999968886 3.902974606
0.999983609 0.005708654 0.000288261 0.191750288 -0.005706662 0.999962568 -0.006493633 -0.545858324 -0.000325320 0.006491881 0.999978840 5.215523243
0.999975085 0.006597852 0.002516287 0.240087092 -0.006590195 0.999973655 -0.003039073 -0.693807006 -0.002536273 0.003022415 0.999992132 6.530439377
0.999959409 0.006880684 0.005820340 0.297400296 -0.006870395 0.999974787 -0.001785836 -0.830050230 -0.005832480 0.001745775 0.999981463 7.833022594
0.999941051 0.005583975 0.009310899 0.352491796 -0.005569341 0.999983191 -0.001597024 -0.963603854 -0.009319663 0.001545075 0.999955356 9.136828423
0.999909341 0.004245329 0.012772802 0.428172171 -0.004226279 0.999989927 -0.001518016 -1.100413084 -0.012779118 0.001463897 0.999917209 10.435157776
0.999865711 0.003097486 0.016086943 0.495027602 -0.003063192 0.999992967 -0.002155977 -1.240038276 -0.016093513 0.002106411 0.999868214 11.738920212
0.999807835 0.002084180 0.019488042 0.571626186 -0.002028910 0.999993861 -0.002855456 -1.376379490 -0.019493874 0.002815367 0.999805987 13.032767296
0.999741375 0.002250115 0.022626927 0.644996285 -0.002189875 0.999993920 -0.002686745 -1.528470159 -0.022632834 0.002636501 0.999740362 14.354356766
0.999656737 0.002129396 0.026111852 0.728329539 -0.002034058 0.999991119 -0.003677164 -1.667026162 -0.026119450 0.003622789 0.999652267 15.650956154
0.999568403 0.002938029 0.029228732 0.809018195 -0.002832499 0.999989331 -0.003651245 -1.803478003 -0.029239146 0.003566879 0.999566019 16.945089340
0.999479532 0.002514587 0.032158580 0.902905345 -0.002408367 0.999991536 -0.003341308 -1.941073537 -0.032166712 0.003262120 0.999477208 18.231027603
0.999397218 0.001136870 0.034696493 0.997782171 -0.001037919 0.999995351 -0.002869792 -2.084591150 -0.034699589 0.002832051 0.999393761 19.532238007
0.999348342 -0.001317377 0.036070947 1.094946861 0.001467137 0.999990404 -0.004125639 -2.223850489 -0.036065161 0.004175872 0.999340713 20.810922623
0.999302030 -0.001097155 0.037337817 1.195620298 0.001311091 0.999982834 -0.005705753 -2.367921591 -0.037330914 0.005750725 0.999286413 22.115476608
0.999255061 -0.000989199 0.038578406 1.278623581 0.001318216 0.999962986 -0.008504016 -2.509909630 -0.038568564 0.008548537 0.999219358 23.402490616
0.999217212 -0.000649500 0.039552473 1.384795666 0.001034160 0.999952316 -0.009705617 -2.655431747 -0.039544281 0.009738923 0.999170363 24.692790985
0.999173284 0.000172775 0.040653229 1.483562827 0.000249841 0.999945939 -0.010390325 -2.801200390 -0.040652834 0.010391893 0.999119282 25.963283539
0.999162972 -0.001621411 0.040873244 1.585884690 0.002007368 0.999953747 -0.009403517 -2.945050478 -0.040856104 0.009477692 0.999120116 27.262704849
0.999156892 -0.004539496 0.040802430 1.686436415 0.004878291 0.999954402 -0.008207566 -3.091851234 -0.040763307 0.008399691 0.999133527 28.543634415
0.999183118 -0.006098477 0.039946847 1.786889315 0.006451219 0.999941289 -0.008707342 -3.236337900 -0.039891403 0.008957936 0.999163866 29.829843521
0.999185741 -0.007587018 0.039625958 1.882307410 0.008041671 0.999903560 -0.011326845 -3.381376028 -0.039536197 0.011636281 0.999150395 31.091089249
0.999232054 -0.007894557 0.038377598 2.002380848 0.008343760 0.999898493 -0.011558774 -3.524613857 -0.038282454 0.011870113 0.999196410 32.382923126
0.999262094 -0.008486860 0.037457440 2.105978966 0.008946954 0.999886394 -0.012132626 -3.665522575 -0.037350219 0.012458805 0.999224603 33.659019470
0.999264419 -0.008802954 0.037324179 2.198044777 0.009247938 0.999888003 -0.011766363 -3.815133572 -0.037216425 0.012102879 0.999233902 34.915550232
0.999275386 -0.009121881 0.036951095 2.290435791 0.009597277 0.999873221 -0.012708715 -3.956471205 -0.036830481 0.013054139 0.999236226 36.176273346
0.999316454 -0.009966485 0.035598744 2.403614044 0.010409049 0.999870539 -0.012268378 -4.115315437 -0.035471871 0.012630543 0.999290824 37.448326111
0.999309301 -0.009504439 0.035925951 2.492231846 0.009881858 0.999897718 -0.010342578 -4.264169216 -0.035823971 0.010690451 0.999300897 38.708961487
0.999275625 -0.009718823 0.036794018 2.590642929 0.010074719 0.999904096 -0.009499580 -4.396019936 -0.036698159 0.009863387 0.999277711 39.963314056
0.999209583 -0.011463613 0.038064480 2.713014603 0.011763198 0.999901414 -0.007655867 -4.540377617 -0.037972964 0.008097575 0.999245942 41.218341827
0.999093413 -0.012435723 0.040713467 2.800549507 0.012811557 0.999877572 -0.008983366 -4.681187630 -0.040596768 0.009496824 0.999130428 42.478298187
0.998966694 -0.013792971 0.043305483 2.900682449 0.014312557 0.999828994 -0.011711083 -4.832367420 -0.043136548 0.012318793 0.998993158 43.719791412
0.998869002 -0.014924739 0.045142643 3.002388000 0.015544002 0.999789536 -0.013398135 -4.968524933 -0.044933170 0.014084684 0.998890698 44.978111267
0.998770475 -0.015093942 0.047219813 3.140350819 0.015679440 0.999804437 -0.012053656 -5.104786396 -0.047028642 0.012779219 0.998811781 46.216278076
0.998561680 -0.016365742 0.051056392 3.248958111 0.016831405 0.999820471 -0.008703949 -5.252555370 -0.050904773 0.009550780 0.998657823 47.471191406
0.998296559 -0.019104958 0.055126328 3.359336138 0.019514756 0.999785781 -0.006905116 -5.388316154 -0.054982588 0.007969130 0.998455465 48.694858551
0.998061121 -0.021404017 0.058445077 3.495020866 0.021863516 0.999734819 -0.007233961 -5.528246403 -0.058274742 0.008497750 0.998264372 49.941272736
0.997761786 -0.024552317 0.062197600 3.628712893 0.025276368 0.999621212 -0.010881010 -5.664893627 -0.061906885 0.012428786 0.998004556 51.172847748
0.997499883 -0.026130581 0.065659560 3.770459175 0.026925985 0.999574006 -0.011258305 -5.794493198 -0.065337420 0.012998107 0.997778594 52.394802094
0.997172058 -0.028826896 0.069403857 3.902042150 0.029489951 0.999528468 -0.008547802 -5.935152054 -0.069124721 0.010570346 0.997551978 53.610420227
0.996885061 -0.031279001 0.072399884 4.060829163 0.031750821 0.999481380 -0.005374974 -6.066858768 -0.072194219 0.007656988 0.997361124 54.824077606
0.996650100 -0.033896558 0.074428871 4.210549831 0.034242280 0.999407828 -0.003373461 -6.199513435 -0.074270457 0.005910775 0.997220635 56.039569855
0.996457875 -0.037129201 0.075452521 4.367833138 0.037297569 0.999303877 -0.000823103 -6.318058968 -0.075369440 0.003634383 0.997148991 57.255138397
0.996275365 -0.040004209 0.076386936 4.507888317 0.040051766 0.999197185 0.000909800 -6.447257042 -0.076362006 0.002153020 0.997077823 58.455196381
0.996250689 -0.042069837 0.075593837 4.666784763 0.042368073 0.999099255 -0.002345210 -6.574820518 -0.075427063 0.005539182 0.997135937 59.669013977
0.996255219 -0.043478027 0.074733496 4.812953949 0.044095434 0.999005258 -0.006630683 -6.703580379 -0.074370869 0.009901260 0.997181475 60.855697632
0.996275425 -0.044562452 0.073819607 4.947217464 0.045461036 0.998910546 -0.010536688 -6.832473278 -0.073269635 0.013853359 0.997215927 62.053859711
0.996331692 -0.045857381 0.072250195 5.090498924 0.046914041 0.998814404 -0.012995653 -6.964181900 -0.071568593 0.016337533 0.997301817 63.246139526
0.996458650 -0.046230122 0.070236646 5.225226402 0.047258828 0.998797357 -0.013054745 -7.096005440 -0.069548659 0.016327815 0.997444868 64.420455933
0.996657550 -0.045899596 0.067579128 5.356663704 0.046909682 0.998808861 -0.013435670 -7.224045277 -0.066881932 0.016560879 0.997623503 65.594390869
0.996920407 -0.044729043 0.064412527 5.478224754 0.045503799 0.998907804 -0.010610796 -7.367425919 -0.063867569 0.013509135 0.997866869 66.792037964
0.997303009 -0.041113596 0.060797639 5.597408295 0.041635890 0.999105811 -0.007348410 -7.494420052 -0.060441151 0.009859957 0.998122990 67.968917847
0.997546196 -0.039696131 0.057668664 5.712423801 0.040004455 0.999190688 -0.004201415 -7.627362728 -0.057455197 0.006498112 0.998326957 69.132911682
0.997810781 -0.037976395 0.054142114 5.836085320 0.038439199 0.999232650 -0.007532003 -7.764298439 -0.053814519 0.009596696 0.998504817 70.345863342
0.997999072 -0.038383082 0.050245766 5.947361946 0.039139785 0.999133348 -0.014163347 -7.893604755 -0.049658597 0.016101617 0.998636425 71.503547668
0.998044968 -0.041846011 0.046425171 6.052123070 0.042701460 0.998933077 -0.017589774 -8.025198936 -0.045639567 0.019537807 0.998766780 72.678497314
0.998052180 -0.045747481 0.042415123 6.170360565 0.046318114 0.998847663 -0.012569455 -8.167306900 -0.041791234 0.014509562 0.999020994 73.872039795
0.998052239 -0.049474742 0.038000800 6.274509430 0.049807515 0.998727918 -0.007860292 -8.291798592 -0.037563574 0.009737707 0.999246836 75.029235840
0.998097181 -0.051897470 0.033296920 6.371638298 0.052087829 0.998630524 -0.004874424 -8.421136856 -0.032998353 0.006599512 0.999433637 76.224090576
0.998273432 -0.050956573 0.029215973 6.460246563 0.051053304 0.998692513 -0.002574030 -8.542692184 -0.029046612 0.004061157 0.999569833 77.384094238
0.998406768 -0.050540965 0.025090506 6.556503773 0.050631210 0.998713017 -0.002974488 -8.652870178 -0.024907887 0.004240112 0.999680758 78.545143127
0.998535216 -0.049399432 0.022066919 6.620841503 0.049506247 0.998764455 -0.004320329 -8.789195061 -0.021826237 0.005406451 0.999747097 79.723052979
0.998716652 -0.047017436 0.018819412 6.697059631 0.047195829 0.998843670 -0.009149782 -8.918740273 -0.018367456 0.010026239 0.999781013 80.872573853
0.998611569 -0.050509468 0.014957231 6.778100967 0.050717402 0.998616815 -0.013865750 -9.056171417 -0.014236191 0.014605091 0.999791980 82.029785156
0.998464942 -0.053990465 0.012361947 6.847148895 0.054176681 0.998414695 -0.015259348 -9.183563232 -0.011518490 0.015905650 0.999807179 83.188346863
0.998499632 -0.054110091 0.008404899 6.900136948 0.054208174 0.998458683 -0.011916667 -9.310124397 -0.007747134 0.012354404 0.999893665 84.324005127
0.998490691 -0.054580156 0.006121236 6.954704762 0.054635968 0.998462558 -0.009354060 -9.436377525 -0.005601279 0.009674381 0.999937475 85.454704285
0.998628616 -0.052078608 0.005367248 7.006968498 0.052137129 0.998574793 -0.011409246 -9.562154770 -0.004765420 0.011673432 0.999920547 86.598381042
0.998807967 -0.048657238 0.003915322 7.062427998 0.048709273 0.998707473 -0.014520107 -9.692432404 -0.003203753 0.014693508 0.999886870 87.725616455
0.998863101 -0.047593489 0.002697477 7.113648891 0.047632568 0.998720467 -0.016987059 -9.823485374 -0.001885552 0.017096236 0.999852061 88.844528198
0.998830616 -0.048314713 0.001696549 7.165295124 0.048336841 0.998681903 -0.017263422 -9.960344315 -0.000860236 0.017325243 0.999849498 89.965522766
0.998781025 -0.049348917 0.001059610 7.207665920 0.049359351 0.998664081 -0.015289269 -10.091411591 -0.000303686 0.015322936 0.999882579 91.091430664
0.998691499 -0.051137097 -0.000356014 7.266187668 0.051128812 0.998615921 -0.012339292 -10.218233109 0.000986517 0.012304945 0.999923825 92.201431274
0.998713374 -0.050709225 -0.000354131 7.312654495 0.050701343 0.998641908 -0.011991901 -10.342707634 0.000961750 0.011958519 0.999928057 93.342781067
0.998691916 -0.051129244 -0.000350370 7.354112625 0.051119287 0.998593807 -0.014042845 -10.476084709 0.001067877 0.014006566 0.999901354 94.472885132
0.998690605 -0.051149417 -0.000918170 7.409962177 0.051125269 0.998536050 -0.017658399 -10.603622437 0.001820042 0.017588334 0.999843657 95.573150635
0.998638690 -0.052145131 -0.001306179 7.460671425 0.052111778 0.998467088 -0.018649539 -10.735281944 0.002276660 0.018556084 0.999825239 96.678779602
0.998616278 -0.052583043 -0.000746209 7.504804611 0.052561950 0.998464108 -0.017507197 -10.866991043 0.001665645 0.017443748 0.999846458 97.744102478
0.998636305 -0.052206811 -0.000202306 7.553008556 0.052200776 0.998566747 -0.011816497 -10.988417625 0.000818917 0.011789823 0.999930084 98.832962036
0.998731792 -0.050339382 0.000835187 7.603668213 0.050344791 0.998693168 -0.008797130 -11.108724594 -0.000391254 0.008828023 0.999960959 99.905075073
0.998804092 -0.048805684 0.002860887 7.656067371 0.048829667 0.998766482 -0.009017438 -11.221237183 -0.002417256 0.009146352 0.999955237 100.957572937
0.998895109 -0.046770312 0.004596474 7.710644245 0.046816304 0.998848617 -0.010466325 -11.349234581 -0.004101668 0.010669949 0.999934673 102.008422852
0.998879194 -0.046819508 0.006953694 7.765555859 0.046908461 0.998811483 -0.013232374 -11.463356018 -0.006325897 0.013543729 0.999888241 103.020133972
0.998776495 -0.048675373 0.008725272 7.824457169 0.048792042 0.998714983 -0.013698771 -11.581110001 -0.008047270 0.014107736 0.999868095 104.038383484
0.998688877 -0.050132941 0.010354156 7.893706799 0.050263181 0.998654842 -0.012726231 -11.712141991 -0.009702227 0.013229980 0.999865413 105.044967651
0.998687029 -0.049864713 0.011732637 7.956501007 0.049999621 0.998683095 -0.011500573 -11.824327469 -0.011143713 0.012072103 0.999865055 106.004058838
0.998612463 -0.050927233 0.013397780 8.012793541 0.051063087 0.998645365 -0.010001116 -11.933561325 -0.012870304 0.010671370 0.999860168 106.961914062
0.998544097 -0.051716167 0.015335826 8.069292068 0.051879358 0.998598754 -0.010440512 -12.039459229 -0.014774393 0.011220925 0.999827921 107.880973816
0.998547196 -0.051132742 0.016996546 8.129712105 0.051283702 0.998647392 -0.008567321 -12.142068863 -0.016535485 0.009426522 0.999818861 108.784561157
0.998552501 -0.050378162 0.018837489 8.186550140 0.050502200 0.998704851 -0.006167634 -12.241282463 -0.018502373 0.007110042 0.999803603 109.660140991
0.998524427 -0.050517693 0.019921197 8.246068001 0.050589196 0.998714745 -0.003101287 -12.343359947 -0.019738922 0.004104508 0.999796867 110.511123657
0.998493791 -0.050439041 0.021587346 8.304092407 0.050513808 0.998718977 -0.002931709 -12.435503006 -0.021411819 0.004017752 0.999762714 111.336250305
0.998508215 -0.049665987 0.022690222 8.353879929 0.049728300 0.998760402 -0.002189667 -12.525407791 -0.022553345 0.003314746 0.999740124 112.147468567
0.998611808 -0.047353931 0.023065304 8.404724121 0.047411483 0.998873591 -0.001954391 -12.604557037 -0.022946775 0.003045238 0.999732018 112.927078247
0.998746753 -0.044634897 0.022640182 8.449348450 0.044624444 0.999003351 0.000966963 -12.680299759 -0.022660777 0.000044554 0.999743164 113.686790466
0.998814702 -0.044678837 0.019314041 8.496263504 0.044650096 0.999000967 0.001917205 -12.763567924 -0.019380400 -0.001052559 0.999811769 114.438003540
0.998911023 -0.044847600 0.012862611 8.532212257 0.044822741 0.998992503 0.002214680 -12.838791847 -0.012948975 -0.001635731 0.999914885 115.135742188
0.999068618 -0.043079320 0.002489492 8.556137085 0.043077536 0.999071419 0.000766792 -12.911123276 -0.002520215 -0.000658836 0.999996603 115.809761047
0.999122381 -0.040385731 -0.011110038 8.554596901 0.040366165 0.999182999 -0.001980184 -12.980195999 0.011180930 0.001529977 0.999936342 116.439414978
0.998787045 -0.038891997 -0.030196665 8.552372932 0.038780883 0.999238610 -0.004257021 -13.050340652 0.030339239 0.003080805 0.999534905 117.055892944
0.997932971 -0.037082300 -0.052484717 8.516878128 0.036780167 0.999300778 -0.006711191 -13.117913246 0.052696887 0.004766923 0.998599112 117.644729614
0.996126354 -0.035817288 -0.080309287 8.473773003 0.035271566 0.999344110 -0.008204068 -13.187811852 0.080550455 0.005339655 0.996736288 118.216682434
0.993121266 -0.033624925 -0.112157859 8.399617195 0.032660980 0.999412119 -0.010421473 -13.253908157 0.112442344 0.006686601 0.993635714 118.756683350
0.988645136 -0.028948557 -0.147454932 8.285570145 0.027494175 0.999551296 -0.011892336 -13.318603516 0.147733048 0.007703147 0.988997221 119.306327820
0.982187629 -0.023189271 -0.186466560 8.187307358 0.021473520 0.999706447 -0.011216160 -13.377135277 0.186671898 0.007012280 0.982397258 119.813743591
0.973498881 -0.017699666 -0.228006184 8.043905258 0.016026657 0.999829352 -0.009187107 -13.435396194 0.228129864 0.005289460 0.973616362 120.316253662
0.962068617 -0.013078107 -0.272494018 7.868808746 0.011417790 0.999905229 -0.007677875 -13.492592812 0.272568613 0.004275363 0.962126851 120.810333252
0.947681844 -0.006878903 -0.319142342 7.676425934 0.004460893 0.999955535 -0.008306924 -13.547638893 0.319185287 0.006448661 0.947670460 121.275634766
0.930012822 0.000816832 -0.367526352 7.447181702 -0.004493526 0.999948025 -0.009148322 -13.604089737 0.367499769 0.010159547 0.929968059 121.757415771
0.908968031 0.005638142 -0.416827768 7.184204102 -0.010765031 0.999892533 -0.009950238 -13.656997681 0.416726857 0.013531610 0.908931017 122.185218811
0.883659661 0.009888827 -0.468025357 6.916553497 -0.015863061 0.999835253 -0.008825053 -13.708100319 0.467860937 0.015222658 0.883670986 122.599403381
0.854654253 0.012998600 -0.519035041 6.627388000 -0.020471465 0.999752760 -0.008671159 -13.751854897 0.518794000 0.018036244 0.854709029 122.995864868
0.823023319 0.022658400 -0.567555547 6.299385071 -0.031074937 0.999503732 -0.005159387 -13.803892136 0.567156911 0.021883044 0.823319077 123.361907959
0.788879454 0.035765719 -0.613506377 5.954002380 -0.044088367 0.999026358 0.001549274 -13.846076965 0.612964511 0.025826303 0.789688230 123.713562012
0.752485096 0.044407520 -0.657110572 5.597503662 -0.055180460 0.998467147 0.004286916 -13.887157440 0.656293631 0.033033825 0.753781974 124.034332275
0.712731481 0.048253756 -0.699775338 5.226814270 -0.062463250 0.998033762 0.005200757 -13.932299614 0.698650241 0.040003493 0.714344084 124.329315186
0.670062363 0.050109960 -0.740611553 4.851284027 -0.064962059 0.997849464 0.008740850 -13.982882500 0.739456832 0.042254731 0.671876550 124.608551025
0.626234889 0.053664003 -0.777785361 4.437927246 -0.068343528 0.997566342 0.013801118 -14.016563416 0.776633143 0.044513848 0.628378451 124.877799988
0.581230223 0.062224798 -0.811356664 4.010017395 -0.079748623 0.996627927 0.019304309 -14.046554565 0.809821963 0.053484317 0.584232628 125.105651855
0.535310090 0.071133018 -0.841655016 3.567119598 -0.091225408 0.995487809 0.026113044 -14.072470665 0.839714885 0.062801741 0.539383829 125.318679810
0.488221288 0.076123297 -0.869393587 3.115760803 -0.096639447 0.994777858 0.032832455 -14.099194527 0.867352784 0.067988209 0.493028224 125.516921997
0.441335231 0.076918915 -0.894039452 2.646457672 -0.095539577 0.994684100 0.038415566 -14.120327950 0.892241776 0.068462014 0.446337968 125.692138672
0.394523948 0.078558192 -0.915521324 2.173377991 -0.093317129 0.994613051 0.045131840 -14.140884399 0.914135039 0.067628242 0.399729520 125.855697632
0.348181099 0.081443682 -0.933882654 1.680759430 -0.094801046 0.994170725 0.051356535 -14.164042473 0.932621360 0.070651680 0.353872359 126.006156921
0.304301381 0.084418528 -0.948827744 1.175281525 -0.100286029 0.993369162 0.056218393 -14.182355881 0.947282016 0.078046836 0.310749561 126.121246338
0.263105810 0.086402372 -0.960890174 0.651292801 -0.105253674 0.992607355 0.060434345 -14.201583862 0.959008336 0.085236587 0.270254970 126.219421387
0.224132746 0.082989335 -0.971018612 0.126350403 -0.105802178 0.992550611 0.060408093 -14.218104362 0.968798399 0.089196444 0.231243521 126.312408447
0.189672992 0.078029409 -0.978741825 -0.411842346 -0.100692466 0.993127108 0.059662782 -14.236737251 0.976670444 0.087235495 0.196226329 126.396797180
0.158769384 0.072755530 -0.984631360 -0.968421936 -0.098093033 0.993509233 0.057594277 -14.253851891 0.982430756 0.087441266 0.164875597 126.478500366
0.131847128 0.071088307 -0.988717735 -1.529003143 -0.098259583 0.993450105 0.058325503 -14.276705742 0.986388028 0.089460947 0.137968644 126.554534912
0.109795734 0.070450023 -0.991454363 -2.110465050 -0.099358641 0.993266702 0.059575621 -14.293752670 0.988975525 0.091968402 0.116056249 126.617286682
0.091470748 0.071626499 -0.993228495 -2.717373848 -0.101765990 0.992860258 0.062227856 -14.306182861 0.990594149 0.095384851 0.098106802 126.664024353
0.075105339 0.070006453 -0.994715214 -3.320794106 -0.102507144 0.992789924 0.062131222 -14.330817223 0.991892934 0.097299010 0.081739977 126.715797424
0.061412655 0.069288291 -0.995704532 -3.941528320 -0.102009274 0.992799580 0.062794462 -14.359633446 0.992885888 0.097714715 0.068038478 126.759819031
0.048991490 0.066443399 -0.996586680 -4.592001915 -0.096600078 0.993422449 0.061483640 -14.381701469 0.994116843 0.093258180 0.055087682 126.811378479
0.036871001 0.063689835 -0.997288465 -5.239398479 -0.094248213 0.993740320 0.059978772 -14.399152756 0.994865835 0.091781169 0.042642858 126.852439880
0.026083414 0.063456163 -0.997643650 -5.898274422 -0.093826920 0.993733048 0.060754325 -14.420753479 0.995246768 0.092021152 0.031873848 126.884994507
0.017194796 0.064962506 -0.997739613 -6.569743156 -0.097286202 0.993260860 0.062994294 -14.444601059 0.995107949 0.095983103 0.023398884 126.893440247
0.008559908 0.064462110 -0.997883558 -7.266267776 -0.100364402 0.992936254 0.063281603 -14.470664978 0.994913876 0.099610269 0.014969143 126.912063599
0.002258651 0.063891046 -0.997954249 -7.953433990 -0.103027999 0.992661119 0.063318983 -14.491675377 0.994675994 0.102674238 0.008824640 126.927261353
-0.003496791 0.065263622 -0.997861862 -8.648869514 -0.103559688 0.992479026 0.065274477 -14.513558388 0.994617164 0.103566527 0.003288188 126.944259644
-0.006907920 0.067037068 -0.997726560 -9.367777824 -0.105368674 0.992147088 0.067391708 -14.527891159 0.994409144 0.105594657 0.000209935 126.963989258
-0.007874585 0.070559993 -0.997476459 -10.086635590 -0.107759781 0.991638601 0.070997737 -14.548805237 0.994145691 0.108046927 -0.000205213 126.975379944
-0.008634828 0.074095055 -0.997213721 -10.819639206 -0.110467978 0.991076410 0.074595563 -14.564689636 0.993842125 0.110804319 -0.000372643 126.980773926
-0.010031504 0.079748221 -0.996764541 -11.548369408 -0.115436070 0.990057886 0.080373399 -14.577991486 0.993264258 0.115868852 -0.000725947 126.993682861
-0.011329494 0.083352335 -0.996455669 -12.286026955 -0.118316039 0.989407480 0.084107995 -14.591645241 0.992911339 0.118849590 -0.001347566 127.009117126
-0.013088182 0.084049679 -0.996375620 -13.030965805 -0.117601089 0.989415824 0.085007384 -14.609768867 0.992974699 0.118287444 -0.003065321 127.026161194
-0.013901758 0.080630913 -0.996647060 -13.799173355 -0.115919262 0.989892662 0.081701390 -14.626749039 0.993161321 0.116666377 -0.004414573 127.038169861
-0.015701680 0.077407397 -0.996875882 -14.550547600 -0.119703241 0.989682734 0.078734294 -14.634345055 0.992685556 0.120565526 -0.006273764 127.049728394
-0.016931582 0.079177387 -0.996716738 -15.321878433 -0.124368541 0.988951147 0.080673195 -14.645207405 0.992091656 0.125326142 -0.006897331 127.049324036
-0.018123413 0.082121313 -0.996457636 -16.100173950 -0.121801421 0.989017069 0.083723418 -14.658520699 0.992388964 0.122887306 -0.007921875 127.059394836
-0.020568892 0.082252905 -0.996399105 -16.875530243 -0.120543741 0.989135563 0.084141709 -14.674384117 0.992494822 0.121840388 -0.010430352 127.074249268
-0.021238057 0.081713200 -0.996429563 -17.663129807 -0.123875804 0.988759339 0.083724499 -14.686300278 0.992070436 0.125211656 -0.010877036 127.070747375
-0.022200089 0.081148393 -0.996454895 -18.460313797 -0.128126428 0.988250375 0.083334826 -14.697000504 0.991509318 0.129522234 -0.011541993 127.081642151
-0.023602154 0.085341461 -0.996072173 -19.257389069 -0.129999563 0.987627983 0.087698363 -14.702643394 0.991232991 0.131558821 -0.012215797 127.089561462
-0.024315726 0.090212800 -0.995625675 -20.060014725 -0.129126966 0.987293899 0.092611484 -14.716605186 0.991329908 0.130814031 -0.012357869 127.102920532
-0.023282150 0.092542686 -0.995436490 -20.886753082 -0.130379811 0.986921430 0.094800517 -14.722255707 0.991190732 0.131991938 -0.010911958 127.113990784
-0.021390570 0.091564886 -0.995569289 -21.704679489 -0.129756257 0.987120450 0.093575746 -14.730714798 0.991315186 0.131182998 -0.009233953 127.122497559
-0.020330574 0.091602415 -0.995588124 -22.536695480 -0.129736289 0.987132847 0.093473777 -14.735783577 0.991340101 0.131064326 -0.008184817 127.132507324
-0.020169381 0.090262897 -0.995713711 -23.368175507 -0.128171489 0.987465203 0.092111446 -14.737598419 0.991546929 0.129479945 -0.008347432 127.151832581
-0.019531999 0.092181899 -0.995550573 -24.205417633 -0.129111052 0.987170577 0.093939021 -14.744480133 0.991437793 0.130371407 -0.007379714 127.169967651
-0.018617308 0.094546959 -0.995346248 -25.042423248 -0.130753711 0.986739039 0.096175015 -14.747258186 0.991240084 0.131935775 -0.006008056 127.181152344
-0.018675724 0.096974716 -0.995111525 -25.913703918 -0.134045616 0.986056924 0.098608010 -14.749046326 0.990799189 0.135231927 -0.005416288 127.191940308
-0.017038215 0.098049112 -0.995035648 -26.776788712 -0.136243686 0.985670090 0.099459156 -14.746239662 0.990528882 0.137261942 -0.003435487 127.201774597
-0.015513340 0.101241440 -0.994740903 -27.645490646 -0.142907500 0.984422505 0.102419972 -14.747220993 0.989614546 0.143744811 -0.000803519 127.216888428
-0.012859154 0.104888208 -0.994400859 -28.528671265 -0.147611797 0.983387887 0.105635427 -14.740451813 0.988961756 0.148143694 0.002837199 127.224761963
-0.010741015 0.106650889 -0.994238496 -29.404088974 -0.150013894 0.982871115 0.107052162 -14.734332085 0.988625526 0.150299430 0.005442078 127.252555847
-0.006838654 0.107621282 -0.994168460 -30.301416397 -0.148865327 0.983003795 0.107436687 -14.735776901 0.988833785 0.148731887 0.009298655 127.271469116
-0.004088865 0.107480660 -0.994198799 -31.193986893 -0.151459560 0.982670605 0.106857300 -14.729001045 0.988454878 0.151017845 0.012260967 127.296913147
-0.001645640 0.111260124 -0.993789971 -32.096595764 -0.151834518 0.982241333 0.110218614 -14.720643997 0.988404512 0.151072994 0.015276709 127.325874329
0.000566823 0.113247104 -0.993566692 -33.015125275 -0.150899097 0.982199311 0.111865364 -14.716293335 0.988548994 0.149864897 0.017645616 127.365341187
0.002407697 0.114445843 -0.993426561 -33.908687592 -0.151528940 0.981999815 0.112762213 -14.712396622 0.988449752 0.150261402 0.019706218 127.403678894
0.004888351 0.112707965 -0.993616164 -34.811595917 -0.152926862 0.982024491 0.110640727 -14.706463814 0.988225400 0.151409790 0.022036556 127.433349609
0.005384011 0.113995418 -0.993466675 -35.724201202 -0.157173336 0.981229246 0.111739442 -14.697725296 0.987556279 0.155544877 0.023199987 127.470390320
0.006477773 0.114591487 -0.993391573 -36.618576050 -0.157926038 0.981062770 0.112139486 -14.692991257 0.987429619 0.156155989 0.024452083 127.505477905
0.006787499 0.111155510 -0.993779898 -37.515174866 -0.158396170 0.981375575 0.108686216 -14.690377235 0.987352312 0.156673193 0.024267690 127.537986755
0.007606692 0.106879435 -0.994242907 -38.417438507 -0.159628958 0.981651247 0.104304574 -14.690313339 0.987147748 0.157916546 0.024528168 127.582199097
0.008171114 0.106020413 -0.994330287 -39.314212799 -0.159312114 0.981801033 0.103375286 -14.684351921 0.987194419 0.157564178 0.024912743 127.621719360
0.007768479 0.110240795 -0.993874550 -40.214096069 -0.161554858 0.980985880 0.107548423 -14.682449341 0.986833096 0.159729779 0.025430707 127.664619446
0.008184368 0.116317332 -0.993178368 -41.145500183 -0.162221178 0.980209529 0.113461688 -14.668455124 0.986720502 0.160185963 0.026891530 127.698089600
0.008175514 0.115036473 -0.993327618 -42.039222717 -0.160012797 0.980710983 0.112258367 -14.669443130 0.987081110 0.158027396 0.026425121 127.742546082
0.009146879 0.104707427 -0.994461060 -42.930572510 -0.159305781 0.981953621 0.101925254 -14.675059319 0.987186968 0.157491118 0.025662312 127.783599854
0.009682654 0.094193667 -0.995506763 -43.854476929 -0.161129072 0.982690632 0.091413826 -14.679212570 0.986885786 0.159519970 0.024692396 127.819496155
0.008723996 0.091099709 -0.995803535 -44.756633759 -0.158057421 0.983448327 0.088584706 -14.687290192 0.987391472 0.156621337 0.022978585 127.862136841
0.008468607 0.101087682 -0.994841397 -45.678554535 -0.150666937 0.983648419 0.098667771 -14.690655708 0.988548338 0.149054125 0.023560699 127.910575867
0.008553700 0.114360012 -0.993402481 -46.627677917 -0.145836055 0.982959688 0.111902118 -14.687065125 0.989271760 0.143916741 0.025085762 127.968795776
0.008605172 0.123502396 -0.992306948 -47.548950195 -0.145930916 0.981874704 0.120938510 -14.679328918 0.989257336 0.143767580 0.026472019 128.014099121
0.008588300 0.117737293 -0.993007660 -48.465759277 -0.146122247 0.982532501 0.115231507 -14.676077843 0.989229321 0.144110873 0.025642321 128.051956177
0.008721463 0.104170747 -0.994521201 -49.392230988 -0.146083936 0.984021485 0.101789892 -14.674180984 0.989233732 0.144395813 0.023799783 128.087539673
0.009245598 0.095256478 -0.995409846 -50.308010101 -0.146498457 0.984840393 0.092884317 -14.673730850 0.989167631 0.144967243 0.023060363 128.130447388
0.009691824 0.095401518 -0.995391726 -51.241413116 -0.145367965 0.984997869 0.092989959 -14.681671143 0.989330173 0.143796816 0.023414753 128.173492432
0.008986948 0.096932888 -0.995250285 -52.171344757 -0.148433998 0.984393418 0.094535127 -14.699684143 0.988881528 0.146879420 0.023234829 128.213806152
0.009658289 0.096165054 -0.995318532 -53.135906219 -0.153418690 0.983722448 0.093555950 -14.702158928 0.988114059 0.151796862 0.024254598 128.245803833
0.010180625 0.095515773 -0.995375812 -54.068603516 -0.154906735 0.983561099 0.092797644 -14.702725410 0.987876594 0.153245702 0.024809301 128.286712646
0.011266678 0.103079788 -0.994609237 -55.015605927 -0.164230943 0.981355727 0.099845856 -14.701925278 0.986357570 0.162220702 0.027985509 128.315750122
0.013038775 0.112540193 -0.993561625 -55.958423615 -0.169770941 0.979468584 0.108715937 -14.698334694 0.985397339 0.167260364 0.031877119 128.350631714
0.014106694 0.120464914 -0.992617369 -56.927227020 -0.170367941 0.978489757 0.116329178 -14.691129684 0.985279500 0.167469159 0.034326609 128.402923584
0.014647618 0.121634759 -0.992466867 -57.869693756 -0.171637073 0.978146374 0.117346540 -14.686600685 0.985051334 0.168625295 0.035204552 128.450195312
0.016304895 0.111697108 -0.993608534 -58.810619354 -0.173341900 0.979008853 0.107211374 -14.680490494 0.984726846 0.170485914 0.035324428 128.496917725
0.016820315 0.106984422 -0.994118452 -59.753826141 -0.171671629 0.979803324 0.102539219 -14.681617737 0.985010684 0.168937191 0.034846794 128.563720703
0.019086372 0.105252191 -0.994262338 -60.697933197 -0.169947684 0.980313599 0.100513183 -14.686597824 0.985268295 0.167054161 0.036597993 128.614059448
0.022964533 0.110951819 -0.993560433 -61.699230194 -0.172189668 0.979409695 0.105391704 -14.676982880 0.984796107 0.168660566 0.041596442 128.660842896
0.026609723 0.113004997 -0.993238032 -62.658737183 -0.174947262 0.978782058 0.106673285 -14.677702904 0.984218180 0.170925722 0.045815032 128.714431763
0.030683462 0.108209625 -0.993654549 -63.608268738 -0.174491838 0.979436755 0.101273090 -14.682827950 0.984180450 0.170277193 0.048934206 128.773040771
0.033559356 0.102315500 -0.994185746 -64.565055847 -0.174509093 0.980064750 0.094971590 -14.687968254 0.984083414 0.170307279 0.050745331 128.839385986
0.036873832 0.102162719 -0.994084060 -65.533477783 -0.171622992 0.980628192 0.094413780 -14.691312790 0.984472394 0.167126313 0.053692989 128.909942627
0.039514352 0.106495582 -0.993527710 -66.511688232 -0.169251338 0.980650067 0.098383814 -14.704868317 0.984780431 0.164268300 0.056774277 128.993438721
0.043067228 0.113256186 -0.992631912 -67.468894958 -0.168646634 0.980120182 0.104511566 -14.707021713 0.984735310 0.162903011 0.061311334 129.071258545
0.045558110 0.117084220 -0.992076457 -68.436775208 -0.166493848 0.980107248 0.108025886 -14.711221695 0.984989524 0.160253167 0.064145632 129.153152466
0.047726095 0.119259842 -0.991715372 -69.419342041 -0.165937677 0.979997098 0.109864943 -14.716821671 0.984980643 0.159319505 0.066561140 129.232070923
0.049756084 0.116357423 -0.991960347 -70.366714478 -0.164578199 0.980568647 0.106766045 -14.714849472 0.985108316 0.157942757 0.067939155 129.310363770
0.050320063 0.114999361 -0.992090225 -71.311737061 -0.162531391 0.981049657 0.105475761 -14.719287872 0.985419452 0.155938253 0.068057485 129.397491455
0.050481521 0.111434661 -0.992488742 -72.257125854 -0.159392238 0.981917143 0.102140464 -14.729756355 0.985923827 0.153038770 0.067330487 129.487609863
0.050406128 0.111154281 -0.992523968 -73.248443604 -0.157976270 0.982163608 0.101971045 -14.722498894 0.986155510 0.151655257 0.067066811 129.567901611
0.050275829 0.116074547 -0.991967261 -74.204177856 -0.154863939 0.982116342 0.107072897 -14.725536346 0.986655653 0.148236781 0.067352481 129.650421143
0.049442369 0.117692724 -0.991818488 -75.168464661 -0.148676619 0.982836306 0.109215304 -14.729634285 0.987649024 0.142060384 0.066091910 129.750152588
0.048820890 0.112865463 -0.992410123 -76.127319336 -0.145946488 0.983736575 0.104699291 -14.716079712 0.988087058 0.139727309 0.064499222 129.827331543
0.047484025 0.109193511 -0.992885828 -77.072715759 -0.148049995 0.983797491 0.101113632 -14.718645096 0.987839222 0.142195433 0.062880762 129.904251099
0.046433661 0.106332622 -0.993245780 -78.021072388 -0.144485682 0.984577179 0.098649949 -14.721420288 0.988416791 0.138929114 0.061081059 129.984024048
0.044781912 0.107336849 -0.993213654 -78.986305237 -0.144783840 0.984411657 0.099857606 -14.726108551 0.988449395 0.139329463 0.059624463 130.055068970
0.044141114 0.108628877 -0.993101895 -79.941322327 -0.146007299 0.984098315 0.101154365 -14.730236053 0.988298237 0.140535042 0.059299815 130.124679565
0.042746205 0.108975269 -0.993124962 -80.895484924 -0.147609055 0.983813465 0.101600111 -14.733487129 0.988121569 0.142251208 0.058140032 130.196716309
0.041495383 0.110112950 -0.993052542 -81.847229004 -0.147534132 0.983688533 0.102909833 -14.737454414 0.988186121 0.142238855 0.057063956 130.260925293
0.039214134 0.110078506 -0.993148983 -82.809967041 -0.147438258 0.983671844 0.103206538 -14.737988472 0.988293588 0.142380998 0.054803625 130.332092285
0.037565012 0.112310044 -0.992962897 -83.760246277 -0.147018835 0.983472586 0.105674744 -14.728914261 0.988420248 0.142014563 0.053455848 130.405303955
0.036044095 0.116125874 -0.992580175 -84.714324951 -0.148394719 0.982836425 0.109597169 -14.722242355 0.988271117 0.143343344 0.052657917 130.462738037
0.034019519 0.121234730 -0.992040694 -85.663459778 -0.149565011 0.982054770 0.114885420 -14.713460922 0.988166511 0.144466221 0.051541504 130.525344849
0.031556953 0.120978117 -0.992153466 -86.614967346 -0.149402767 0.982066453 0.114996202 -14.711628914 0.988272727 0.144601524 0.049065493 130.587783813
0.030630838 0.116016425 -0.992774904 -87.559791565 -0.149531931 0.982595205 0.110213190 -14.708172798 0.988282323 0.145075649 0.047445878 130.645507812
0.027947402 0.111035883 -0.993423283 -88.508003235 -0.153510362 0.982499361 0.105496272 -14.696833611 0.987751663 0.149552390 0.044503458 130.706405640
0.026971173 0.109022632 -0.993673265 -89.452377319 -0.151584268 0.982985854 0.103735603 -14.694685936 0.988076270 0.147827372 0.043038402 130.767379761
0.026525116 0.110012807 -0.993576169 -90.417503357 -0.146860212 0.983570218 0.104984239 -14.693747520 0.988801539 0.143132091 0.042245816 130.817337036
0.026229983 0.111477919 -0.993420660 -91.367034912 -0.143982619 0.983821929 0.106599107 -14.692677498 0.989232600 0.140239254 0.041856516 130.874588013
0.024942487 0.111486144 -0.993452847 -92.318046570 -0.138524100 0.984560728 0.107010342 -14.696708679 0.990044951 0.134948060 0.040000916 130.939529419
0.023614284 0.108561143 -0.993809283 -93.259490967 -0.134360045 0.985412240 0.104451291 -14.699474335 0.990651250 0.131061673 0.037856080 131.002029419
0.022872001 0.105460867 -0.994160354 -94.207427979 -0.129393682 0.986368597 0.101657435 -14.703444481 0.991329491 0.126312971 0.036206193 131.062316895
0.021089192 0.108580522 -0.993863881 -95.192146301 -0.127710745 0.986233771 0.105036981 -14.712915421 0.991587222 0.124711961 0.034665775 131.114517212
0.019847192 0.111043371 -0.993617415 -96.140815735 -0.127080932 0.986032605 0.107657313 -14.711626053 0.991693795 0.124133117 0.033681478 131.168228149
0.018395616 0.108418472 -0.993935168 -97.099151611 -0.122904517 0.986809194 0.105366476 -14.703890800 0.992247999 0.120220825 0.031478081 131.218231201
0.016509829 0.105990417 -0.994230151 -98.045921326 -0.120016664 0.987386286 0.103267886 -14.708728790 0.992634654 0.117619239 0.029022198 131.262405396
0.012692585 0.103216268 -0.994578063 -99.018669128 -0.118702576 0.987780094 0.100995943 -14.704103470 0.992848694 0.116777062 0.024789523 131.317626953
0.010013378 0.101988725 -0.994735241 -99.973999023 -0.113110438 0.988515735 0.100212470 -14.709798813 0.993532002 0.111511469 0.021434372 131.365127563
0.007827543 0.101974949 -0.994756162 -100.932472229 -0.106341928 0.989230394 0.100571707 -14.703500748 0.994298875 0.104997069 0.018587455 131.406051636
0.005693128 0.109560274 -0.993963838 -101.897758484 -0.096277766 0.989422321 0.108508229 -14.698307991 0.995338202 0.095078848 0.016181126 131.463790894
0.002907393 0.117794000 -0.993033707 -102.855926514 -0.088185392 0.989199281 0.117080979 -14.695312500 0.996099830 0.087230667 0.013263702 131.518661499
0.000158366 0.117521599 -0.993070364 -103.809692383 -0.084010415 0.989561260 0.117092945 -14.690351486 0.996464849 0.083409689 0.010029750 131.561416626
-0.002618146 0.107120417 -0.994242609 -104.766471863 -0.084632590 0.990655124 0.106956780 -14.686922073 0.996408761 0.084425353 0.006472199 131.594558716
-0.004693154 0.097891770 -0.995185912 -105.713310242 -0.086511761 0.991425991 0.097929895 -14.686885834 0.996239722 0.086554900 0.003815874 131.629455566
-0.005099074 0.099146888 -0.995059669 -106.673194885 -0.093548827 0.990661621 0.099188052 -14.686862946 0.995601714 0.093592443 0.004223621 131.647567749
-0.005862771 0.108332790 -0.994097352 -107.635002136 -0.096804798 0.989383817 0.108390048 -14.675172806 0.995286107 0.096868858 0.004686602 131.681396484
-0.007406790 0.119713433 -0.992780864 -108.598526001 -0.100801148 0.987661660 0.119848184 -14.664094925 0.994879007 0.100961141 0.004751850 131.708404541
-0.008713040 0.121569805 -0.992544711 -109.540679932 -0.107933536 0.986669004 0.121797651 -14.655075073 0.994119883 0.108190097 0.004524576 131.736312866
-0.008337915 0.118502595 -0.992918730 -110.519874573 -0.115211271 0.986226857 0.118671425 -14.636417389 0.993305981 0.115384892 0.005429760 131.751373291
-0.008487319 0.114457890 -0.993391812 -111.474922180 -0.123261154 0.985731661 0.114628404 -14.623527527 0.992338002 0.123419493 0.005741992 131.772705078
-0.006293820 0.116532400 -0.993166924 -112.440338135 -0.127963647 0.984927297 0.116376549 -14.605740547 0.991758883 0.127821714 0.008712958 131.795623779
-0.004728974 0.117601983 -0.993049562 -113.421943665 -0.136126146 0.983740866 0.117147841 -14.587340355 0.990680218 0.135734007 0.011356615 131.815948486
-0.004337137 0.120225973 -0.992737114 -114.386032104 -0.145298377 0.982135296 0.119576827 -14.571188927 0.989378393 0.144761711 0.013208983 131.835830688
-0.003907803 0.122729711 -0.992432415 -115.361007690 -0.151018634 0.980985105 0.121908709 -14.552433968 0.988523185 0.150352225 0.014700978 131.859680176
-0.004360264 0.122162670 -0.992500484 -116.332115173 -0.154500633 0.980510056 0.121365570 -14.545083046 0.987983048 0.153871149 0.014598931 131.907455444
-0.002749977 0.112564236 -0.993640602 -117.287528992 -0.153383180 0.981838882 0.111651771 -14.546586990 0.988162935 0.152714789 0.014565431 131.937362671
-0.001437359 0.101008989 -0.994884491 -118.236633301 -0.156611010 0.982586205 0.099986635 -14.537667274 0.987659276 0.155953601 0.014406794 131.973632812
