1.000000000 0.000000000 0.000000000 0.000000000 0.000000000 1.000000000 0.000000000 0.000000000 0.000000000 0.000000000 1.000000000 0.000000000
0.999997675 -0.001687823 -0.001341560 0.049173668 0.001684922 0.999996245 -0.002160731 -0.133123234 0.001345202 0.002158466 0.999996781 1.298200965
0.999997795 -0.000035312 -0.002104804 0.102912337 0.000021859 0.999979556 -0.006391585 -0.266836703 0.002104987 0.006391524 0.999977350 2.602735043
0.999996424 0.002361393 -0.001272456 0.145953760 -0.002371285 0.999966562 -0.007829486 -0.406349838 0.001253925 0.007832477 0.999968469 3.906624079
0.999984026 0.005643791 0.000256504 0.191686645 -0.005641976 0.999962330 -0.006597393 -0.544074357 -0.000293729 0.006595840 0.999978185 5.219282627
0.999975741 0.006528068 0.002421044 0.241682589 -0.006520130 0.999973416 -0.003272876 -0.689976215 -0.002442345 0.003257012 0.999991715 6.535226822
0.999961674 0.006687252 0.005650108 0.299681067 -0.006675837 0.999975681 -0.002036675 -0.826785386 -0.005663591 0.001998879 0.999981999 7.838088512
0.999942899 0.005403606 0.009218662 0.352532417 -0.005386327 0.999983668 -0.001898275 -0.959618032 -0.009228770 0.001848513 0.999955714 9.141087532
0.999912798 0.004128994 0.012545086 0.430821061 -0.004106389 0.999989927 -0.001827248 -1.096231461 -0.012552503 0.001775573 0.999919653 10.440731049
0.999871612 0.002729199 0.015787676 0.497568339 -0.002692425 0.999993622 -0.002350136 -1.235663652 -0.015793988 0.002307327 0.999872565 11.747741699
0.999813020 0.001738956 0.019259058 0.572343111 -0.001676621 0.999993265 -0.003252344 -1.372183442 -0.019264586 0.003219445 0.999809265 13.039659500
0.999745846 0.001483680 0.022493752 0.643169105 -0.001410612 0.999993682 -0.003263891 -1.516562700 -0.022498451 0.003231331 0.999741673 14.368212700
0.999660134 0.001385287 0.026030719 0.724848032 -0.001273501 0.999989927 -0.004310442 -1.654380202 -0.026036426 0.004275827 0.999651849 15.663735390
0.999572933 0.002377533 0.029126003 0.805597425 -0.002248991 0.999987602 -0.004445282 -1.790115356 -0.029136211 0.004377879 0.999565840 16.968147278
0.999475121 0.002012171 0.032333434 0.896910310 -0.001885381 0.999990404 -0.003951356 -1.930623531 -0.032341078 0.003888321 0.999469340 18.253755569
0.999405086 0.000449391 0.034484822 0.995529473 -0.000321678 0.999993026 -0.003708926 -2.072886467 -0.034486245 0.003695627 0.999398351 19.556980133
0.999343276 -0.002007564 0.036180384 1.092627764 0.002187308 0.999985456 -0.004929089 -2.213895082 -0.036169961 0.005004989 0.999333143 20.832637787
0.999301553 -0.001762101 0.037327729 1.192630291 0.002013270 0.999975502 -0.006692245 -2.355684042 -0.037315018 0.006762721 0.999280691 22.142393112
0.999256492 -0.001601334 0.038522832 1.275474429 0.001964059 0.999954104 -0.009379834 -2.499149323 -0.038506046 0.009448521 0.999213696 23.427555084
0.999217212 -0.001153189 0.039542351 1.381054878 0.001582732 0.999940038 -0.010833265 -2.641749620 -0.039527491 0.010887368 0.999159157 24.713487625
0.999172747 -0.000489863 0.040664792 1.480619192 0.000955659 0.999934077 -0.011435891 -2.789361477 -0.040656518 0.011465291 0.999107301 25.984090805
0.999164283 -0.002221914 0.040813275 1.585835457 0.002645819 0.999943078 -0.010335390 -2.936003685 -0.040787991 0.010434737 0.999113321 27.271951675
0.999161720 -0.005124962 0.040615436 1.687446713 0.005505249 0.999941945 -0.009256805 -3.082107782 -0.040565647 0.009472641 0.999132037 28.553356171
0.999189734 -0.006758096 0.039675370 1.791550279 0.007143592 0.999928594 -0.009582551 -3.231605530 -0.039607774 0.009858211 0.999166667 29.839450836
0.999205351 -0.008355967 0.038973670 1.895485163 0.008834218 0.999887586 -0.012115104 -3.376805544 -0.038868055 0.012449779 0.999166787 31.106605530
0.999235451 -0.008426563 0.038177770 2.002665520 0.008904828 0.999883771 -0.012374579 -3.523432255 -0.038069058 0.012705084 0.999194324 32.392192841
0.999253690 -0.009049293 0.037553523 2.100458145 0.009534784 0.999872983 -0.012769063 -3.665890932 -0.037433203 0.013117597 0.999213040 33.658382416
0.999271274 -0.009434534 0.036985680 2.199703932 0.009914014 0.999868870 -0.012802027 -3.811217308 -0.036860049 0.013159375 0.999233723 34.926757812
0.999285817 -0.009995895 0.036442012 2.292299986 0.010491262 0.999854863 -0.013427523 -3.954930305 -0.036302507 0.013800256 0.999245524 36.184337616
0.999324739 -0.010423107 0.035234649 2.404608011 0.010902721 0.999850094 -0.013447306 -4.114588261 -0.035089217 0.013822379 0.999288559 37.473651886
0.999313951 -0.010193760 0.035604984 2.492010117 0.010615612 0.999875367 -0.011679222 -4.260913849 -0.035481486 0.012049175 0.999297738 38.743675232
0.999281585 -0.010174230 0.036507972 2.593004465 0.010566231 0.999888420 -0.010560566 -4.402565956 -0.036396451 0.010938732 0.999277532 40.006443024
0.999205232 -0.011843944 0.038062390 2.708107471 0.012195179 0.999885082 -0.009009000 -4.544997215 -0.037951313 0.009466019 0.999234676 41.258754730
0.999090731 -0.012954269 0.040618345 2.799401283 0.013372313 0.999860227 -0.010037298 -4.692362785 -0.040482648 0.010571334 0.999124289 42.519447327
0.998965085 -0.014150335 0.043225788 2.893161774 0.014732161 0.999804735 -0.013171390 -4.841094017 -0.043030966 0.013794567 0.998978496 43.770046234
0.998879135 -0.015214771 0.044821095 3.007907867 0.015872464 0.999770999 -0.014354567 -4.982287407 -0.044592429 0.015049899 0.998891890 45.024551392
0.998762012 -0.015556430 0.047245551 3.136658192 0.016203815 0.999779522 -0.013350641 -5.113723755 -0.047027446 0.014099672 0.998794079 46.262035370
0.998552799 -0.016856993 0.051067546 3.238682032 0.017372690 0.999802291 -0.009671344 -5.272906780 -0.050894406 0.010544530 0.998648345 47.524780273
0.998288810 -0.019769115 0.055033281 3.348517418 0.020218823 0.999766469 -0.007626770 -5.412012100 -0.054869659 0.008726427 0.998455286 48.738212585
0.998057127 -0.022040645 0.058276761 3.491833925 0.022552269 0.999712586 -0.008136067 -5.548531532 -0.058080684 0.009434532 0.998267293 50.001819611
0.997781992 -0.025404384 0.061528169 3.633938789 0.026192756 0.999584496 -0.012040572 -5.681667805 -0.061196715 0.013625459 0.998032689 51.234134674
0.997491896 -0.026692573 0.065554358 3.766059399 0.027543155 0.999547303 -0.012105769 -5.817319393 -0.065201551 0.013880981 0.997775555 52.462978363
0.997146249 -0.029242190 0.069598988 3.896464825 0.029969648 0.999506176 -0.009430732 -5.959055901 -0.069288850 0.011489676 0.997530460 53.682334900
0.996869564 -0.031956885 0.072317936 4.053990841 0.032497797 0.999451995 -0.006315171 -6.090640545 -0.072076470 0.008645575 0.997361600 54.894008636
0.996646345 -0.034701020 0.074107587 4.208516598 0.035139766 0.999371707 -0.004624411 -6.221345901 -0.073900543 0.007213025 0.997239530 56.112861633
0.996429145 -0.037530597 0.075632423 4.356703758 0.037769452 0.999284923 -0.001729731 -6.342714787 -0.075513437 0.004580149 0.997134268 57.323688507
0.996280909 -0.040555570 0.076023787 4.508934975 0.040669620 0.999172688 0.000048018 -6.473060131 -0.075962849 0.003044019 0.997106016 58.526817322
0.996224463 -0.042660989 0.075610213 4.659144402 0.043044090 0.999067187 -0.003443755 -6.596544743 -0.075392760 0.006685326 0.997131526 59.731513977
0.996232271 -0.043860879 0.074816413 4.806591034 0.044576257 0.998974621 -0.007918212 -6.723062038 -0.074392393 0.011223413 0.997165859 60.918060303
0.996250153 -0.045443114 0.073623627 4.940268993 0.046421085 0.998854220 -0.011626367 -6.857336044 -0.073010921 0.015000460 0.997218251 62.123199463
0.996304214 -0.046871014 0.071979977 5.084318161 0.047995530 0.998749733 -0.013972422 -6.990713596 -0.071235090 0.017375499 0.997308135 63.312953949
0.996435046 -0.047417790 0.069776773 5.216928959 0.048518669 0.998721778 -0.014166921 -7.126161575 -0.069015808 0.017501894 0.997461975 64.486740112
0.996651292 -0.046596359 0.067192413 5.352185249 0.047634874 0.998767734 -0.013936647 -7.261459827 -0.066460192 0.017090680 0.997642636 65.715026855
0.996870637 -0.045595229 0.064575151 5.467585564 0.046445768 0.998851955 -0.011731217 -7.396341801 -0.063966125 0.014693748 0.997843862 66.898262024
0.997290909 -0.042069543 0.060340121 5.595452309 0.042615812 0.999061108 -0.007794356 -7.531646252 -0.059955563 0.010344684 0.998147368 68.080375671
0.997566462 -0.040120009 0.057022430 5.712908268 0.040507514 0.999163210 -0.005655549 -7.657577038 -0.056747817 0.007951622 0.998356879 69.259284973
0.997749388 -0.039015658 0.054534100 5.813663006 0.039541587 0.999180853 -0.008598041 -7.793447495 -0.054153971 0.010735054 0.998474896 70.431694031
0.997937918 -0.039414790 0.050659832 5.927282333 0.040250022 0.999068260 -0.015573516 -7.927618027 -0.049998805 0.017580461 0.998594522 71.610977173
0.997958064 -0.043224677 0.047025859 6.036560535 0.044145502 0.998849630 -0.018721670 -8.062184334 -0.046162527 0.020759417 0.998718262 72.784004211
0.997971714 -0.047140911 0.042778846 6.145372391 0.047771607 0.998762310 -0.013842005 -8.198676109 -0.042073380 0.015857544 0.998988688 73.952507019
0.997961998 -0.050973162 0.038386174 6.251008987 0.051351070 0.998640716 -0.008923376 -8.325285912 -0.037879150 0.010876361 0.999223173 75.108184814
0.998022437 -0.052917767 0.033924021 6.342813015 0.053147949 0.998569131 -0.005918946 -8.455387115 -0.033562265 0.007710233 0.999406874 76.295242310
0.998191118 -0.052070774 0.030049469 6.428025246 0.052202642 0.998629928 -0.003620113 -8.579242706 -0.029819788 0.005182227 0.999541879 77.451850891
0.998309076 -0.051931988 0.026117602 6.516700745 0.052044973 0.998638034 -0.003664370 -8.692995071 -0.025891732 0.005017464 0.999652207 78.604347229
0.998455763 -0.050431624 0.023295633 6.582800388 0.050565623 0.998707235 -0.005198869 -8.827697754 -0.023003329 0.006368799 0.999715090 79.776153564
0.998634040 -0.048225898 0.020102598 6.657631397 0.048444498 0.998770356 -0.010532762 -8.954751015 -0.019569924 0.011492234 0.999742448 80.920448303
0.998541296 -0.051521335 0.016147956 6.742372513 0.051767919 0.998542786 -0.015243534 -9.093475342 -0.015339054 0.016057242 0.999753356 82.086303711
0.998394668 -0.055019833 0.013452387 6.805475712 0.055231690 0.998346686 -0.015919507 -9.225925446 -0.012554257 0.016636947 0.999782801 83.215225220
0.998409867 -0.055531356 0.009695564 6.866912365 0.055653989 0.998367131 -0.012873780 -9.354887962 -0.008964834 0.013392907 0.999870121 84.373779297
0.998402357 -0.056030035 0.007301616 6.924355030 0.056102570 0.998373568 -0.010139178 -9.483767509 -0.006721643 0.010532618 0.999921918 85.505187988
0.998543382 -0.053587645 0.006291402 6.976415634 0.053660460 0.998486757 -0.012038459 -9.611068726 -0.005636769 0.012358524 0.999907672 86.640846252
0.998730779 -0.050050229 0.005663112 7.030179024 0.050131578 0.998625875 -0.015271282 -9.743531227 -0.004890999 0.015535799 0.999867260 87.783584595
0.998795033 -0.048882902 0.004358682 7.083077431 0.048952710 0.998644590 -0.017684149 -9.875708580 -0.003488321 0.017876212 0.999834120 88.900932312
0.998753905 -0.049782574 0.003518625 7.136415005 0.049838372 0.998593032 -0.018112436 -10.009752274 -0.002611991 0.018265229 0.999829710 90.017158508
0.998684168 -0.051207904 0.002778968 7.181656361 0.051245183 0.998564124 -0.015607870 -10.146507263 -0.001975732 0.015729742 0.999874294 91.131965637
0.998588443 -0.053093795 0.001505692 7.241259575 0.053108815 0.998505771 -0.012873827 -10.272192001 -0.000819922 0.012935620 0.999916017 92.241249084
0.998610973 -0.052660100 0.001720043 7.288750172 0.052677367 0.998535275 -0.012340378 -10.398016930 -0.001067678 0.012413844 0.999922395 93.380439758
0.998591483 -0.053046022 0.001171768 7.337891579 0.053057492 0.998484731 -0.014597408 -10.526885033 -0.000395658 0.014639016 0.999892712 94.519676208
0.998585880 -0.053157762 0.000641780 7.395427227 0.053160734 0.998425722 -0.017893597 -10.657708168 0.000310414 0.017902415 0.999839664 95.619926453
0.998543561 -0.053952333 0.000299504 7.447724819 0.053948235 0.998361468 -0.019071948 -10.788999557 0.000729963 0.019060325 0.999817967 96.724197388
0.998547375 -0.053870168 0.001024139 7.489972115 0.053879879 0.998384595 -0.018032158 -10.921450615 -0.000051089 0.018061142 0.999836981 97.799545288
0.998558760 -0.053653724 0.001329112 7.541613579 0.053666145 0.998480976 -0.012471138 -11.043030739 -0.000657970 0.012524494 0.999921262 98.887962341
0.998639107 -0.052090801 0.002537627 7.593735218 0.052112356 0.998597622 -0.009334987 -11.162046432 -0.002047801 0.009454527 0.999953210 99.944381714
0.998713434 -0.050506953 0.004527099 7.647203922 0.050548095 0.998676538 -0.009487471 -11.275203705 -0.004041924 0.009704101 0.999944746 100.995521545
0.998791873 -0.048743878 0.006229602 7.703403950 0.048809353 0.998749316 -0.010831245 -11.403396606 -0.005693856 0.011122222 0.999921858 102.040672302
0.998769820 -0.048777297 0.008917951 7.754108429 0.048895441 0.998712063 -0.013548442 -11.518885612 -0.008245608 0.013967823 0.999868333 103.050102234
0.998671949 -0.050459161 0.010398906 7.822210789 0.050603952 0.998618305 -0.014165609 -11.635726929 -0.009669753 0.014673023 0.999845505 104.057395935
0.998563588 -0.052100923 0.012502381 7.878003597 0.052262008 0.998549759 -0.012923141 -11.764958382 -0.011810942 0.013557981 0.999838293 105.072174072
0.998550534 -0.052000221 0.013890989 7.944277763 0.052161399 0.998572409 -0.011503860 -11.877862930 -0.013272954 0.012211759 0.999837279 106.032554626
0.998474956 -0.052960057 0.015586047 7.996328831 0.053120553 0.998537421 -0.010070710 -11.987769127 -0.015029906 0.010883292 0.999827802 106.986267090
0.998404622 -0.053715065 0.017403984 8.055323601 0.053902391 0.998491228 -0.010478815 -12.093621254 -0.016814858 0.011400213 0.999793649 107.903015137
0.998382509 -0.053509217 0.019214295 8.114365578 0.053684842 0.998519599 -0.008743421 -12.194125175 -0.018717993 0.009760792 0.999777138 108.807762146
0.998392701 -0.052445807 0.021484528 8.168206215 0.052600760 0.998593032 -0.006711303 -12.290938377 -0.021102319 0.007830619 0.999746621 109.676414490
0.998363137 -0.052555919 0.022556702 8.230912209 0.052641276 0.998608291 -0.003206811 -12.394491196 -0.022356767 0.004388975 0.999740422 110.534500122
0.998316109 -0.052818831 0.023980509 8.293718338 0.052904703 0.998595238 -0.002960325 -12.487195969 -0.023790460 0.004224021 0.999707997 111.360252380
0.998339534 -0.051738296 0.025321702 8.343156815 0.051820617 0.998652995 -0.002605155 -12.571335793 -0.025152804 0.003913016 0.999676108 112.170372009
0.998424590 -0.049629997 0.026173737 8.392021179 0.049699556 0.998762190 -0.002013475 -12.653408051 -0.026041409 0.003311126 0.999655426 112.947547913
0.998570085 -0.046977170 0.025513910 8.440581322 0.046971247 0.998895884 0.000832068 -12.729530334 -0.025524829 0.000367542 0.999674141 113.707229614
0.998646855 -0.046808247 0.022660453 8.485319138 0.046771128 0.998903334 0.002165735 -12.811860085 -0.022736980 -0.001102949 0.999740839 114.431320190
0.998762965 -0.046895467 0.016528670 8.516756058 0.046864215 0.998898685 0.002273325 -12.887997627 -0.016617071 -0.001495910 0.999860823 115.130325317
0.998947561 -0.045437142 0.006261299 8.541327477 0.045432139 0.998966992 0.000940126 -12.961510658 -0.006297548 -0.000654673 0.999979973 115.807632446
0.999034226 -0.043156054 -0.008250803 8.553355217 0.043141089 0.999067008 -0.001984133 -13.027418137 0.008328733 0.001626268 0.999964058 116.454338074
0.998782337 -0.041540280 -0.026614850 8.538145065 0.041441146 0.999131918 -0.004265853 -13.101922989 0.026768947 0.003157708 0.999636650 117.058555603
0.998012364 -0.039658494 -0.048973419 8.508450508 0.039371237 0.999201417 -0.006816619 -13.167325020 0.049204640 0.004874927 0.998776793 117.644157410
0.996343791 -0.037995707 -0.076520860 8.465092659 0.037433553 0.999260664 -0.008767927 -13.232653618 0.076797426 0.005871422 0.997029424 118.212326050
0.993454456 -0.035726845 -0.108498186 8.393731117 0.034769785 0.999338090 -0.010700602 -13.306282997 0.108808659 0.006858101 0.994039059 118.760643005
0.988984585 -0.031634744 -0.144598246 8.306999207 0.030161981 0.999468446 -0.012366693 -13.368912697 0.144912601 0.007869098 0.989413202 119.314437866
0.982763410 -0.025557199 -0.183092758 8.189998627 0.023878878 0.999650240 -0.011365686 -13.431241035 0.183319196 0.006797730 0.983029962 119.817916870
0.974260807 -0.020158235 -0.224520907 8.049150467 0.018466830 0.999783039 -0.009630982 -13.487364769 0.224666327 0.005236898 0.974421740 120.321662903
0.962880373 -0.015406823 -0.269488811 7.877738953 0.013730246 0.999872863 -0.008105282 -13.546232224 0.269579411 0.004104269 0.962969422 120.819923401
0.948730409 -0.009115887 -0.315954864 7.688262939 0.006696508 0.999939263 -0.008742243 -13.602264404 0.316015363 0.006178236 0.948734045 121.279937744
0.931205273 -0.001812104 -0.364490807 7.463680267 -0.001795686 0.999952734 -0.009559019 -13.657226562 0.364490926 0.009555919 0.931157947 121.757186890
0.910041809 0.003184456 -0.414504170 7.210231781 -0.008266804 0.999911010 -0.010467848 -13.715174675 0.414433867 0.012952803 0.909987211 122.192222595
0.884963214 0.007421843 -0.465601861 6.942058563 -0.013379944 0.999865353 -0.009492906 -13.767678261 0.465468824 0.014630601 0.884943366 122.605957031
0.855924070 0.010599470 -0.516992807 6.654945374 -0.018023988 0.999793887 -0.009342256 -13.812964439 0.516787291 0.017314535 0.855938673 123.010742188
0.824561715 0.020831568 -0.565388262 6.328678131 -0.029107390 0.999560475 -0.005621673 -13.868796349 0.565022707 0.021092393 0.824805677 123.371994019
0.790265143 0.033501159 -0.611848652 5.982990265 -0.041714326 0.999129236 0.000827999 -13.909049988 0.611343682 0.024868518 0.790974438 123.739921570
0.754321575 0.042720515 -0.655113697 5.637939453 -0.053313442 0.998570800 0.003730634 -13.957497597 0.654336810 0.032112263 0.755521119 124.038879395
0.714712143 0.046339501 -0.697881997 5.269004822 -0.060497206 0.998159051 0.004321799 -13.999792099 0.696797371 0.039131064 0.716199875 124.332244873
0.671881855 0.047900811 -0.739107847 4.894012451 -0.062961504 0.997988224 0.007443768 -14.048731804 0.737977445 0.041534014 0.673546016 124.621559143
0.627874017 0.051305387 -0.776622117 4.484149933 -0.065923549 0.997744918 0.012616171 -14.086129189 0.775518000 0.043276321 0.629840374 124.890899658
0.582731843 0.060271323 -0.810426474 4.063503265 -0.076808132 0.996866465 0.018908473 -14.125276566 0.809026837 0.051228773 0.585535169 125.121124268
0.537229657 0.069386087 -0.840577126 3.623806000 -0.088548273 0.995742857 0.025601387 -14.151073456 0.838775039 0.060677834 0.541086495 125.323570251
0.490208179 0.074450329 -0.868419886 3.170799255 -0.094001144 0.995049834 0.032244381 -14.178145409 0.866521597 0.065825999 0.494779885 125.522827148
0.443533719 0.075952649 -0.893033683 2.714492798 -0.093651466 0.994875789 0.038101442 -14.202325821 0.891351461 0.066734634 0.448373854 125.691932678
0.395334095 0.076973319 -0.915306568 2.226039886 -0.090625912 0.994889259 0.044523250 -14.223766327 0.914055765 0.065348938 0.400289357 125.887077332
0.349671066 0.079649396 -0.933480620 1.738658905 -0.092432678 0.994451344 0.050227500 -14.244673729 0.932301700 0.068721011 0.355093032 126.028160095
0.306052268 0.082707137 -0.948415279 1.236454010 -0.098388478 0.993632555 0.054900497 -14.259770393 0.946917057 0.076510727 0.312240899 126.141494751
0.264782131 0.084128991 -0.960631430 0.708244324 -0.102887020 0.992965281 0.058601569 -14.278621674 0.958803833 0.083319850 0.271575212 126.246658325
0.224732786 0.081185035 -0.971032441 0.182220459 -0.102540806 0.992960393 0.059286654 -14.301782608 0.969010115 0.086246811 0.231475547 126.350654602
0.189668447 0.076138303 -0.978891551 -0.352497101 -0.097636603 0.993509650 0.058357384 -14.322713852 0.976981521 0.084507100 0.195871353 126.443710327
0.159065694 0.071072161 -0.984706402 -0.901769638 -0.095076285 0.993872404 0.056375459 -14.345395088 0.982679307 0.084654838 0.164848268 126.522300720
0.133069128 0.069690280 -0.988653541 -1.475433350 -0.096608661 0.993686616 0.057041887 -14.365324974 0.986387074 0.087921999 0.138961703 126.580001831
0.110845290 0.068566829 -0.991469622 -2.061785698 -0.096812107 0.993617594 0.057891883 -14.378848076 0.989111125 0.089569218 0.116775952 126.643127441
0.091794513 0.069895305 -0.993321896 -2.641368866 -0.098582581 0.993270874 0.060781535 -14.396378517 0.990886092 0.092344828 0.098067291 126.713699341
0.075787976 0.068173885 -0.994790614 -3.250004768 -0.099551991 0.993192554 0.060480017 -14.420984268 0.992141902 0.094449744 0.082058892 126.759834290
0.061978899 0.067117058 -0.995818257 -3.870171547 -0.098032683 0.993321300 0.060847290 -14.450430870 0.993251324 0.093851492 0.068144619 126.807182312
0.049995497 0.064599402 -0.996658087 -4.508149147 -0.094149999 0.993767083 0.059689153 -14.473335266 0.994301915 0.090851173 0.055765897 126.845443726
0.037690096 0.061857436 -0.997373104 -5.162144661 -0.091781206 0.994077861 0.058184713 -14.492740631 0.995065689 0.089347132 0.043144248 126.886543274
0.026586449 0.061045073 -0.997780800 -5.827372551 -0.090752922 0.994159222 0.058405329 -14.512344360 0.995518506 0.088998728 0.031971186 126.925575256
0.017136313 0.062544003 -0.997895122 -6.499319553 -0.094131291 0.993709803 0.060665205 -14.535564423 0.995412290 0.092893586 0.022915866 126.942840576
0.008939538 0.062378488 -0.998012483 -7.173630714 -0.097070672 0.993392885 0.061220244 -14.562642097 0.995237291 0.096330479 0.014935594 126.954315186
0.001853390 0.061771024 -0.998088598 -7.870746613 -0.099141888 0.993184388 0.061283398 -14.587173462 0.995071709 0.098838791 0.007964854 126.979934692
-0.003157392 0.062655963 -0.998030186 -8.569739342 -0.099875227 0.993025184 0.062657714 -14.605818748 0.994994879 0.099876329 0.003122410 126.993446350
-0.006943696 0.065110147 -0.997853875 -9.291941643 -0.102391489 0.992586732 0.065478973 -14.627637863 0.994719923 0.102626406 -0.000225496 127.016059875
-0.007099250 0.069191113 -0.997578084 -10.027521133 -0.104793981 0.992058635 0.069554076 -14.654393196 0.994468570 0.105033956 0.000207941 127.009376526
-0.008452108 0.072466239 -0.997335076 -10.747381210 -0.107014813 0.991577268 0.072954796 -14.672261238 0.994221509 0.107346229 -0.000625958 127.022056580
-0.009025963 0.078012794 -0.996911466 -11.486714363 -0.111573920 0.990648270 0.078532845 -14.681447983 0.993715107 0.111938156 -0.000237361 127.029396057
-0.010159573 0.081811711 -0.996596038 -12.228075027 -0.114674516 0.989976823 0.082437351 -14.695370674 0.993351161 0.115121692 -0.000676023 127.036865234
-0.011430461 0.082617223 -0.996515751 -12.980379105 -0.114686355 0.989896059 0.083383918 -14.717576981 0.993335903 0.115239881 -0.001839900 127.050415039
-0.012899117 0.078690924 -0.996815622 -13.747607231 -0.112460546 0.990459204 0.079644412 -14.730772972 0.993572474 0.113129780 -0.003926425 127.072357178
-0.014720546 0.075644761 -0.997026145 -14.497386932 -0.116215169 0.990246773 0.076846257 -14.741147041 0.993115008 0.117000751 -0.005785905 127.084938049
-0.016454766 0.077205583 -0.996879399 -15.266413689 -0.121027477 0.989529729 0.078634098 -14.752943039 0.992512763 0.121943705 -0.006938478 127.090606689
-0.016844964 0.079785183 -0.996669888 -16.047250748 -0.118740879 0.989597321 0.081225917 -14.760784149 0.992782295 0.119713701 -0.007195968 127.093803406
-0.018830327 0.079962373 -0.996619940 -16.821016312 -0.117711462 0.989687145 0.081630178 -14.779282570 0.992869258 0.118850723 -0.009223643 127.107696533
-0.018947147 0.079173937 -0.996680796 -17.611730576 -0.121002622 0.989350736 0.080891959 -14.790023804 0.992471397 0.122133642 -0.009165119 127.099617004
-0.021066325 0.078620903 -0.996682107 -18.403610229 -0.124451198 0.988943338 0.080640905 -14.806336403 0.992002070 0.125737086 -0.011048939 127.120918274
-0.022460431 0.083043471 -0.996292770 -19.200431824 -0.126413077 0.988309681 0.085227907 -14.815443039 0.991723359 0.127858698 -0.011700078 127.129341125
-0.023571819 0.088198103 -0.995823979 -20.003740311 -0.125540704 0.987954557 0.090472743 -14.833818436 0.991808414 0.127149031 -0.012215434 127.147850037
-0.021875678 0.090276487 -0.995676398 -20.828392029 -0.126301706 0.987685919 0.092326939 -14.841770172 0.991750658 0.127775326 -0.010204224 127.151115417
-0.019783223 0.089249194 -0.995812833 -21.646528244 -0.125687748 0.987884104 0.091035560 -14.851634026 0.991872609 0.126962438 -0.008326001 127.158767700
-0.018493949 0.088916831 -0.995867372 -22.477649689 -0.125779003 0.987917721 0.090542868 -14.854965210 0.991885900 0.126933694 -0.007086628 127.167671204
-0.018697314 0.088125437 -0.995933890 -23.297983170 -0.124311909 0.988173783 0.089772590 -14.867165565 0.992067039 0.125484943 -0.007521153 127.192085266
-0.017862469 0.089977935 -0.995783567 -24.134874344 -0.125238448 0.987897098 0.091511890 -14.875144958 0.991965890 0.126344994 -0.006377584 127.209403992
-0.017642329 0.091953553 -0.995607018 -24.974788666 -0.126897126 0.987503648 0.093453787 -14.877915382 0.991759062 0.127988413 -0.005753220 127.228424072
-0.017124306 0.094890423 -0.995340407 -25.834917068 -0.130162522 0.986803412 0.096315928 -14.886237144 0.991344810 0.131205365 -0.004547146 127.235359192
-0.015540431 0.095975354 -0.995262384 -26.699533463 -0.132395789 0.986420572 0.097189993 -14.885676384 0.991075158 0.133278921 -0.002622670 127.246589661
-0.013871894 0.099163562 -0.994974494 -27.570579529 -0.139186829 0.985190988 0.100129031 -14.887745857 0.990169048 0.139876351 0.000135799 127.260368347
-0.011369412 0.103088044 -0.994607270 -28.456319809 -0.144197941 0.984105706 0.103647925 -14.886116028 0.989483535 0.144598737 0.003676381 127.271652222
-0.009339539 0.104824625 -0.994446814 -29.330034256 -0.146526486 0.983612061 0.105058655 -14.881999969 0.989162743 0.146694005 0.006173099 127.301895142
-0.005752768 0.105639771 -0.994387746 -30.224830627 -0.145398140 0.983748257 0.105350636 -14.885376930 0.989356458 0.145188183 0.009700553 127.325653076
-0.002989962 0.105455495 -0.994419456 -31.117357254 -0.147911921 0.983439147 0.104735777 -14.880029678 0.988996029 0.147399664 0.012657681 127.351814270
-0.000655859 0.109247826 -0.994014323 -32.018428802 -0.148393288 0.982998610 0.108135052 -14.874157906 0.988928258 0.147575960 0.015566938 127.382698059
0.001513198 0.111522302 -0.993760765 -32.929683685 -0.147545516 0.982910335 0.110079952 -14.874865532 0.989054084 0.146458402 0.017941952 127.422492981
0.003103967 0.112933025 -0.993597746 -33.822349548 -0.148262501 0.982673228 0.111228153 -14.874035835 0.988943160 0.146968022 0.019793916 127.463035583
0.005837485 0.111134581 -0.993788183 -34.726062775 -0.149514586 0.982730985 0.109019786 -14.868654251 0.988742292 0.147949442 0.022352917 127.490921021
0.006128801 0.112233751 -0.993662953 -35.641117096 -0.154172242 0.981906831 0.109954961 -14.860351562 0.988024890 0.152521357 0.023321236 127.528053284
0.007232695 0.112823673 -0.993588746 -36.534263611 -0.154858768 0.981754005 0.110352568 -14.857133865 0.987910092 0.153067753 0.024572464 127.563606262
0.007416187 0.109268084 -0.993984699 -37.430999756 -0.155105978 0.982107222 0.106805168 -14.856418610 0.987869918 0.153380871 0.024231624 127.600234985
0.007995420 0.105231300 -0.994415581 -38.339427948 -0.156209946 0.982370138 0.102700636 -14.858745575 0.987691522 0.154516473 0.024292637 127.643791199
0.008583844 0.104296222 -0.994509280 -39.237842560 -0.155801326 0.982539535 0.101696201 -14.853418350 0.987751126 0.154072911 0.024683455 127.682563782
0.008217095 0.108655810 -0.994045496 -40.137031555 -0.157999724 0.981732845 0.106003881 -14.854372025 0.987405002 0.156187877 0.025234582 127.726371765
0.009266397 0.114611708 -0.993367136 -41.065483093 -0.159240127 0.980901837 0.111688055 -14.839941025 0.987196326 0.157148957 0.027340207 127.751220703
0.009419166 0.113514766 -0.993491650 -41.960113525 -0.157154679 0.981357098 0.110638306 -14.843313217 0.987529039 0.155089751 0.027082941 127.795249939
0.010477236 0.103103869 -0.994615376 -42.850193024 -0.156708568 0.982548714 0.100202262 -14.849305153 0.987589359 0.154814929 0.026451655 127.835937500
0.010469771 0.092512548 -0.995656431 -43.766689301 -0.158154577 0.983331144 0.089704268 -14.857088089 0.987358868 0.156528458 0.024926534 127.878646851
0.009403318 0.089629047 -0.995930791 -44.666812897 -0.154868871 0.984087884 0.087101005 -14.868206978 0.987890303 0.153419599 0.023134438 127.924102783
0.009588902 0.099410444 -0.995000303 -45.590171814 -0.147583321 0.984289587 0.096918076 -14.870988846 0.989003181 0.145916089 0.024109580 127.969093323
0.009447833 0.112682708 -0.993586063 -46.525939941 -0.142668992 0.983617067 0.110195495 -14.869680405 0.989725351 0.140712827 0.025369376 128.027236938
0.009703640 0.121606231 -0.992531002 -47.447158813 -0.142960280 0.982550144 0.118985683 -14.862241745 0.989680886 0.140737951 0.026919175 128.071762085
0.009480760 0.115724772 -0.993236065 -48.363765717 -0.143082932 0.983216643 0.113191597 -14.860044479 0.989665329 0.141041994 0.025879880 128.111511230
0.009648461 0.102389373 -0.994697630 -49.278759003 -0.143049687 0.984653950 0.099967934 -14.860551834 0.989668489 0.141326636 0.024147160 128.151550293
0.010109307 0.093595713 -0.995559037 -50.193675995 -0.143548846 0.985433280 0.091186129 -14.863043785 0.989591599 0.141989470 0.023397604 128.194381714
0.010711650 0.093400761 -0.995571017 -51.115451813 -0.142839715 0.985560477 0.090924755 -14.872890472 0.989687860 0.141233131 0.023898315 128.238830566
0.009934820 0.095131904 -0.995415032 -52.060077667 -0.145713300 0.984976292 0.092679948 -14.891651154 0.989277005 0.144124478 0.023647541 128.280731201
0.010768341 0.094580881 -0.995458961 -52.989658356 -0.150353655 0.984351635 0.091899119 -14.894964218 0.988573670 0.148681313 0.024820417 128.310470581
0.011281746 0.093830720 -0.995524168 -53.925933838 -0.151930332 0.984189451 0.091040626 -14.898424149 0.988326907 0.150223240 0.025359107 128.351821899
0.011942914 0.101796873 -0.994733453 -54.884391785 -0.161071509 0.982009053 0.098560862 -14.907298088 0.986870468 0.159046099 0.028124630 128.390197754
0.013462415 0.111232169 -0.993703306 -55.823486328 -0.166470036 0.980173290 0.107462354 -14.902183533 0.985954702 0.163975134 0.031712323 128.427795410
0.015010649 0.119478375 -0.992723227 -56.783569336 -0.166997716 0.979189575 0.115324408 -14.896142960 0.985842943 0.164051443 0.034650885 128.464981079
0.016162813 0.119873576 -0.992657602 -57.732955933 -0.168328360 0.978943706 0.115476683 -14.887407303 0.985598505 0.165225983 0.036000609 128.511184692
0.017358143 0.110466726 -0.993728340 -58.679752350 -0.170592666 0.979632139 0.105919890 -14.890093803 0.985188663 0.167684197 0.035849415 128.558807373
0.018719452 0.105519205 -0.994241118 -59.617225647 -0.169067740 0.980429113 0.100870155 -14.887182236 0.985426724 0.166205868 0.036192991 128.611282349
0.020446289 0.103822798 -0.994385660 -60.588672638 -0.167230532 0.980936706 0.098980077 -14.887643814 0.985705853 0.164267868 0.037418865 128.668853760
0.023332668 0.110247642 -0.993630290 -61.548545837 -0.168823794 0.980061293 0.104777753 -14.894293785 0.985370100 0.165303662 0.041479871 128.729766846
0.027266251 0.112130255 -0.993319392 -62.512901306 -0.171666563 0.979451776 0.105852634 -14.895242691 0.984777629 0.167633533 0.045954991 128.781494141
0.030937534 0.107079275 -0.993769050 -63.467651367 -0.170461699 0.980244696 0.100315280 -14.898199081 0.984878480 0.166296050 0.048579268 128.843887329
0.034294661 0.101215854 -0.994273186 -64.422233582 -0.170583516 0.980852485 0.093965843 -14.903615952 0.984746277 0.166384071 0.050903745 128.908370972
0.037840374 0.100786798 -0.994188190 -65.386001587 -0.168388948 0.981316745 0.093072787 -14.903350830 0.984994054 0.163888365 0.054104775 128.973571777
0.040131748 0.105568081 -0.993601918 -66.328903198 -0.165484473 0.981372535 0.097584791 -14.922819138 0.985395551 0.160509437 0.056854077 129.058197021
0.043623462 0.112246394 -0.992722392 -67.286911011 -0.164894998 0.980848908 0.103657842 -14.924810410 0.985346019 0.159173056 0.061296903 129.135192871
0.046070222 0.116234273 -0.992152810 -68.249534607 -0.162554756 0.980841219 0.107360929 -14.932277679 0.985623360 0.156333014 0.064082026 129.218811035
0.047592297 0.118258268 -0.991841614 -69.232627869 -0.162208438 0.980701447 0.109146640 -14.937160492 0.985608220 0.155690551 0.065856330 129.303833008
0.050297525 0.115247071 -0.992062569 -70.170181274 -0.160930827 0.981274784 0.105834663 -14.936662674 0.985683203 0.154330254 0.067902513 129.376098633
0.050967880 0.114078544 -0.992163539 -71.115943909 -0.159013003 0.981708288 0.104707859 -14.942667007 0.985960007 0.152430147 0.068175569 129.462112427
0.051874124 0.110250518 -0.992549300 -72.060775757 -0.155879036 0.982599080 0.100998498 -14.950590134 0.986413002 0.149478406 0.068157233 129.547683716
0.051313024 0.109760135 -0.992632806 -73.056701660 -0.154293835 0.982879341 0.100705631 -14.942978859 0.986691654 0.147989601 0.067369834 129.632629395
0.051109761 0.114350498 -0.992124796 -74.011329651 -0.151050776 0.982879817 0.105503485 -14.944445610 0.987203896 0.144468978 0.067507483 129.716690063
0.050091140 0.116090395 -0.991974652 -74.975654602 -0.145103291 0.983529150 0.107774809 -14.951812744 0.988147736 0.138540238 0.066111192 129.819046021
0.049852766 0.111500926 -0.992513061 -75.932861328 -0.142252654 0.984410048 0.103445455 -14.937968254 0.988574207 0.136030555 0.064936861 129.893402100
0.048571616 0.107791685 -0.992986202 -76.895027161 -0.144049853 0.984522343 0.099826738 -14.942955971 0.988377810 0.138190761 0.063347213 129.963165283
0.047189735 0.105171762 -0.993333817 -77.843673706 -0.140594736 0.985241234 0.097635791 -14.949217796 0.988941967 0.135050103 0.061279863 130.046691895
0.045791339 0.105533712 -0.993360817 -78.809982300 -0.140757248 0.985164583 0.098174401 -14.949694633 0.988984585 0.135327190 0.059966631 130.116394043
0.044814371 0.106770054 -0.993273318 -79.757438660 -0.142060503 0.984848976 0.099455029 -14.955014229 0.988843024 0.136647880 0.059303194 130.189758301
0.043476336 0.106953725 -0.993313015 -80.712913513 -0.143632650 0.984593213 0.099728175 -14.958746910 0.988675535 0.138336375 0.058168560 130.261383057
0.042177923 0.107708015 -0.993287385 -81.662818909 -0.143278837 0.984548330 0.100676313 -14.961743355 0.988783181 0.138070747 0.056958485 130.328323364
0.040035367 0.108266897 -0.993315399 -82.630737305 -0.143602461 0.984415650 0.101509005 -14.966888428 0.988825262 0.138578549 0.054958832 130.396331787
0.038389355 0.110571355 -0.993126512 -83.581382751 -0.143768802 0.984130085 0.104012340 -14.961724281 0.988866389 0.138787642 0.053676836 130.466644287
0.036700755 0.114256218 -0.992773175 -84.535018921 -0.145020887 0.983535111 0.107831895 -14.955945969 0.988747656 0.140015334 0.052666016 130.526260376
0.034599040 0.119013846 -0.992289603 -85.484100342 -0.146191522 0.982806683 0.112779096 -14.947446823 0.988651156 0.141162291 0.051402971 130.589843750
0.032513678 0.119096056 -0.992350221 -86.440742493 -0.146271318 0.982751966 0.113151632 -14.946117401 0.988710046 0.141473413 0.049373217 130.648254395
0.031455498 0.113985278 -0.992984354 -87.385681152 -0.146351755 0.983293414 0.108236752 -14.943692207 0.988732398 0.141920358 0.047611929 130.708023071
0.028873017 0.109199129 -0.993600428 -88.334312439 -0.150409669 0.983171880 0.103682242 -14.934557915 0.988202035 0.146453470 0.044811741 130.767868042
0.027658524 0.107053846 -0.993868470 -89.277351379 -0.148336858 0.983680427 0.101828359 -14.933771133 0.988550067 0.144610927 0.043087184 130.831161499
0.027349941 0.108268492 -0.993745327 -90.245513916 -0.143385440 0.984262168 0.103289016 -14.935669899 0.989288926 0.139663666 0.042443633 130.881088257
0.026801964 0.109578602 -0.993616760 -91.195220947 -0.140447646 0.984527290 0.104787730 -14.935722351 0.989725232 0.136742622 0.041777316 130.940460205
0.025486534 0.109356515 -0.993675768 -92.147453308 -0.135175124 0.985246539 0.104961790 -14.938035011 0.990493834 0.131645188 0.039892804 131.008163452
0.024243157 0.106522985 -0.994014621 -93.089706421 -0.131235391 0.986041486 0.102467813 -14.943174362 0.991054773 0.127965733 0.037884332 131.070541382
0.023669135 0.103448369 -0.994353175 -94.033576965 -0.125973761 0.987012446 0.099686027 -14.948831558 0.991751134 0.122902960 0.036393512 131.130218506
0.021671357 0.106100135 -0.994119287 -95.018234253 -0.124213323 0.986934125 0.102625497 -14.954397202 0.992018878 0.121258847 0.034567252 131.184020996
0.020350182 0.108468376 -0.993891597 -95.964607239 -0.123559549 0.986749589 0.105159000 -14.954672813 0.992128551 0.120664798 0.033482835 131.240264893
0.018976040 0.106256545 -0.994157732 -96.925971985 -0.119435117 0.987457573 0.103260711 -14.952751160 0.992660701 0.116777852 0.031428799 131.287796021
0.016975563 0.103358001 -0.994499385 -97.872718811 -0.116452321 0.988077879 0.100702837 -14.955206871 0.993051291 0.114102274 0.028809465 131.335418701
0.013375882 0.101112299 -0.994785070 -98.842674255 -0.115435019 0.988378286 0.098908983 -14.959786415 0.993224978 0.113510035 0.024892330 131.385437012
0.010738455 0.100252055 -0.994904041 -99.797721863 -0.109887816 0.989053607 0.098476447 -14.970613480 0.993885994 0.108270362 0.021637388 131.432754517
0.008542545 0.100197695 -0.994930923 -100.756103516 -0.103135765 0.989749193 0.098790340 -14.965860367 0.994630575 0.101769038 0.018788945 131.473602295
0.005821718 0.108538590 -0.994075119 -101.718833923 -0.093744889 0.989773393 0.107519865 -14.974918365 0.995579183 0.092563525 0.015937118 131.535949707
0.003122829 0.116811916 -0.993149102 -102.677299500 -0.085677013 0.989533305 0.116117239 -14.972838402 0.996318042 0.084727444 0.013098241 131.589874268
0.000465647 0.116571710 -0.993182242 -103.630149841 -0.081534341 0.989879906 0.116145901 -14.969349861 0.996670425 0.080924362 0.009965532 131.631439209
-0.002491486 0.106484406 -0.994311273 -104.584671021 -0.082318477 0.990917981 0.106327266 -14.971092224 0.996602952 0.082115091 0.006296775 131.665023804
-0.004590702 0.097187817 -0.995255589 -105.531410217 -0.084170476 0.991696596 0.097228527 -14.971152306 0.996440828 0.084217481 0.003627761 131.700424194
-0.004762962 0.098580368 -0.995117784 -106.494163513 -0.091394149 0.990921199 0.098602071 -14.972279549 0.995803416 0.091417573 0.004289947 131.714340210
-0.005666822 0.108230621 -0.994109690 -107.455039978 -0.095054746 0.989565849 0.108277775 -14.965920448 0.995455921 0.095108449 0.004680139 131.748626709
-0.007193677 0.119594932 -0.992796719 -108.418434143 -0.099127434 0.987846851 0.119716950 -14.954911232 0.995048761 0.099274591 0.004748888 131.775665283
-0.008507395 0.121382788 -0.992569268 -109.360786438 -0.106168523 0.986885190 0.121597618 -14.945560455 0.994311750 0.106414117 0.004491208 131.803909302
-0.008533221 0.118301950 -0.992941022 -110.341979980 -0.113498904 0.986445606 0.118503451 -14.927491188 0.993501484 0.113708943 0.005009582 131.820510864
-0.008774114 0.114127532 -0.993427336 -111.296188354 -0.121581048 0.985973179 0.114345014 -14.914054871 0.992542744 0.121785223 0.005224703 131.843032837
-0.006441526 0.116512246 -0.993168354 -112.262145996 -0.126225382 0.985149980 0.116390243 -14.898862839 0.991980731 0.126112804 0.008360934 131.862792969
-0.005071683 0.117333710 -0.993079543 -113.246467590 -0.134409726 0.984000623 0.116947442 -14.877341270 0.990912855 0.134072691 0.010780251 131.884750366
-0.004496344 0.120037213 -0.992759228 -114.210456848 -0.143642083 0.982396185 0.119434781 -14.861236572 0.989619493 0.143139020 0.012825208 131.903030396
-0.004273950 0.122873433 -0.992413104 -115.185333252 -0.149372891 0.981209457 0.122129582 -14.845011711 0.988771677 0.148761600 0.014160324 131.927093506
-0.004367233 0.121743515 -0.992551863 -116.165481567 -0.153034225 0.980788291 0.120973967 -14.831033707 0.988211155 0.152422741 0.014347591 131.971969604
-0.002943811 0.112275667 -0.993672788 -117.119979858 -0.151961580 0.982086539 0.111416742 -14.833816528 0.988381982 0.151328072 0.014170513 132.003433228
-0.001377391 0.100302733 -0.994956017 -118.074829102 -0.154821113 0.982938826 0.099305592 -14.823404312 0.987941563 0.154176936 0.014175086 132.037704468
