1.000000000 0.000000000 0.000000000 0.000000000 0.000000000 1.000000000 0.000000000 0.000000000 0.000000000 0.000000000 1.000000000 0.000000000
0.999997616 -0.001691350 -0.001377802 0.050240170 0.001688351 0.999996185 -0.002174477 -0.132962555 0.001381475 0.002172146 0.999996662 1.297607780
0.999997616 0.000039390 -0.002175287 0.105018578 -0.000053053 0.999980211 -0.006281360 -0.268262625 0.002174997 0.006281460 0.999977827 2.603138685
0.999996126 0.002484964 -0.001273499 0.147570685 -0.002494786 0.999966800 -0.007770330 -0.407520175 0.001254147 0.007773477 0.999969006 3.905661345
0.999983430 0.005750460 0.000198059 0.193569019 -0.005749039 0.999961972 -0.006553461 -0.545308530 -0.000235737 0.006552214 0.999978542 5.218583584
0.999975204 0.006616126 0.002414052 0.241483942 -0.006608568 0.999973297 -0.003125947 -0.691625595 -0.002434670 0.003109916 0.999992192 6.535516262
0.999960303 0.006831673 0.005725624 0.298451930 -0.006821092 0.999974966 -0.001865393 -0.828411996 -0.005738224 0.001826264 0.999981880 7.838204384
0.999944389 0.005336826 0.009090212 0.355138272 -0.005322158 0.999984443 -0.001636855 -0.963050663 -0.009098808 0.001588384 0.999957323 9.143799782
0.999914587 0.004060559 0.012421813 0.433020055 -0.004041927 0.999990642 -0.001524657 -1.100016475 -0.012427888 0.001474318 0.999921679 10.442981720
0.999869525 0.002923038 0.015887773 0.497815549 -0.002891584 0.999993801 -0.002002330 -1.242798924 -0.015893532 0.001956128 0.999871790 11.750448227
0.999813735 0.001777320 0.019217599 0.575109363 -0.001722301 0.999994338 -0.002879116 -1.377288818 -0.019222610 0.002845482 0.999811232 13.045249939
0.999747396 0.001806470 0.022399167 0.650705874 -0.001749175 0.999995172 -0.002577228 -1.529321551 -0.022403713 0.002537398 0.999745727 14.362371445
0.999663889 0.001688944 0.025864933 0.735398412 -0.001596855 0.999992311 -0.003580651 -1.667030334 -0.025870780 0.003538145 0.999659121 15.658372879
0.999576688 0.002564239 0.028980026 0.816932142 -0.002461999 0.999990642 -0.003563069 -1.805268526 -0.028988887 0.003490212 0.999573648 16.960195541
0.999493182 0.002060785 0.031769045 0.910585761 -0.001962821 0.999993205 -0.003114519 -1.944989800 -0.031775251 0.003050584 0.999490380 18.247610092
0.999408662 0.000652565 0.034378026 1.004746318 -0.000561638 0.999996305 -0.002654510 -2.089035034 -0.034379639 0.002633632 0.999405384 19.547588348
0.999352992 -0.001785679 0.035920862 1.098648548 0.001931734 0.999989986 -0.004031708 -2.226911306 -0.035913300 0.004098489 0.999346495 20.828889847
0.999314487 -0.001535586 0.036989622 1.206236839 0.001738962 0.999983490 -0.005466645 -2.373528004 -0.036980618 0.005527221 0.999300718 22.126230240
0.999270618 -0.001586996 0.038155004 1.292111516 0.001896224 0.999965608 -0.008069700 -2.513980389 -0.038140878 0.008136164 0.999239266 23.408246994
0.999235034 -0.000847411 0.039097968 1.396262884 0.001218978 0.999954343 -0.009480632 -2.658817530 -0.039088149 0.009521043 0.999190390 24.697608948
0.999201775 -0.000149118 0.039947785 1.499068737 0.000552495 0.999949038 -0.010086731 -2.805106878 -0.039944243 0.010100752 0.999150872 25.966789246
0.999171734 -0.001728073 0.040655758 1.592779160 0.002095468 0.999957263 -0.008995859 -2.950591803 -0.040638477 0.009073600 0.999132693 27.254541397
0.999163210 -0.004601431 0.040644802 1.693922758 0.004920721 0.999957800 -0.007759089 -3.095253229 -0.040607378 0.007952597 0.999143481 28.530050278
0.999189317 -0.006160199 0.039783243 1.793114066 0.006492254 0.999945045 -0.008222836 -3.241986275 -0.039730404 0.008474452 0.999174476 29.821596146
0.999190927 -0.007752153 0.039462388 1.886896253 0.008180359 0.999909222 -0.010701161 -3.386560678 -0.039375849 0.011015320 0.999163687 31.079141617
0.999239504 -0.007927116 0.038176507 2.007708788 0.008359982 0.999902368 -0.011192287 -3.528253078 -0.038084056 0.011502930 0.999208331 32.370784760
0.999265611 -0.008446320 0.037374903 2.104697227 0.008888144 0.999892414 -0.011671101 -3.669826746 -0.037272308 0.011994722 0.999233186 33.640178680
0.999276757 -0.009118717 0.036915787 2.206069231 0.009543086 0.999890149 -0.011335750 -3.819229603 -0.036808357 0.011679841 0.999254107 34.901813507
0.999285281 -0.009432173 0.036603726 2.296620607 0.009877020 0.999879301 -0.011991274 -3.962332726 -0.036486208 0.012344239 0.999257922 36.165496826
0.999327421 -0.010133301 0.035242077 2.409244299 0.010561335 0.999872446 -0.011980720 -4.118947506 -0.035116181 0.012344864 0.999306917 37.439109802
0.999323428 -0.009779047 0.035453342 2.498359203 0.010144701 0.999897003 -0.010148510 -4.266314983 -0.035350446 0.010501307 0.999319732 38.702518463
0.999286473 -0.009600958 0.036527704 2.593813896 0.009937479 0.999909759 -0.009042406 -4.401680946 -0.036437593 0.009398948 0.999291718 39.953464508
0.999210775 -0.011435454 0.038038772 2.708215952 0.011713410 0.999906242 -0.007092365 -4.545693398 -0.037954099 0.007532331 0.999251127 41.205455780
0.999097288 -0.012458010 0.040611751 2.795825481 0.012812611 0.999881864 -0.008482892 -4.686627388 -0.040501270 0.008995575 0.999139011 42.463642120
0.998972774 -0.013764069 0.043171823 2.891591787 0.014279288 0.999830127 -0.011648548 -4.833261490 -0.043004155 0.012253045 0.998999715 43.708000183
0.998875201 -0.014977665 0.044989269 2.995638371 0.015565202 0.999797702 -0.012737694 -4.974417210 -0.044789381 0.013423634 0.998906255 44.950180054
0.998776853 -0.015200478 0.047050525 3.133148670 0.015760463 0.999809086 -0.011553774 -5.109117985 -0.046865914 0.012281179 0.998825669 46.191741943
0.998556018 -0.016237253 0.051210482 3.234448195 0.016683912 0.999826312 -0.008306489 -5.254744053 -0.051066730 0.009148885 0.998653352 47.444808960
0.998288214 -0.019155290 0.055260926 3.346486330 0.019535428 0.999789059 -0.006346990 -5.392500877 -0.055127695 0.007415671 0.998451769 48.675361633
0.998057604 -0.021232164 0.058569968 3.483179569 0.021662962 0.999742627 -0.006730084 -5.529760361 -0.058412015 0.007985809 0.998260558 49.914604187
0.997750521 -0.024307383 0.062473208 3.613050699 0.024995089 0.999634981 -0.010250038 -5.665752411 -0.062201250 0.011788502 0.997993946 51.146793365
0.997496784 -0.025836524 0.065821759 3.757630348 0.026577555 0.999592602 -0.010407311 -5.798964024 -0.065526031 0.012130641 0.997777104 52.363620758
0.997160316 -0.028455961 0.069723070 3.889410973 0.029072205 0.999546528 -0.007839470 -5.935419083 -0.069468364 0.009844216 0.997535467 53.580669403
0.996874034 -0.031081397 0.072636582 4.044812679 0.031503186 0.999492705 -0.004668070 -6.069118023 -0.072454631 0.006941760 0.997347534 54.794120789
0.996621966 -0.033647049 0.074915521 4.189190865 0.033972673 0.999418080 -0.003076091 -6.195614338 -0.074768431 0.005610781 0.997185111 56.008796692
0.996437073 -0.036348976 0.076104887 4.343780518 0.036447525 0.999335527 0.000094149 -6.319073677 -0.076057732 0.002680020 0.997099817 57.224422455
0.996283650 -0.039433058 0.076577298 4.492682457 0.039428268 0.999221146 0.001575063 -6.446280003 -0.076579757 0.001450100 0.997062445 58.431846619
0.996248126 -0.041477546 0.075955339 4.649696827 0.041737501 0.999126911 -0.001837525 -6.568873882 -0.075812802 0.005000817 0.997109532 59.635231018
0.996257663 -0.042862467 0.075056672 4.796496868 0.043428000 0.999039114 -0.005918187 -6.700008392 -0.074730881 0.009155601 0.997161627 60.822437286
0.996264577 -0.044064313 0.074264675 4.928730965 0.044928189 0.998940170 -0.010001410 -6.827770710 -0.073745266 0.013300627 0.997188389 62.021808624
0.996322393 -0.045404788 0.072664082 5.074485302 0.046436563 0.998842239 -0.012572572 -6.956881523 -0.072009087 0.015900606 0.997277200 63.211986542
0.996445954 -0.045894358 0.070634201 5.207184792 0.046878967 0.998824298 -0.012344477 -7.094582558 -0.069984630 0.015611862 0.997425914 64.390647888
0.996641397 -0.045466501 0.068107940 5.337186337 0.046372149 0.998854816 -0.011774980 -7.227557182 -0.067494571 0.014893742 0.997608423 65.565307617
0.996929109 -0.044170894 0.064662501 5.461447716 0.044898022 0.998943090 -0.009834702 -7.368495941 -0.064159736 0.012707721 0.997858703 66.772972107
0.997317314 -0.040421285 0.061026122 5.578595161 0.040894341 0.999142170 -0.006522265 -7.493327141 -0.060710140 0.009000394 0.998114765 67.947402954
0.997562110 -0.038834307 0.057980891 5.692081928 0.039115362 0.999227643 -0.003719858 -7.623246670 -0.057791661 0.005978731 0.998310685 69.116279602
0.997809172 -0.037673976 0.054381821 5.821566582 0.038109787 0.999249041 -0.006998823 -7.762364864 -0.054077309 0.009055969 0.998495698 70.335678101
0.997977078 -0.038042549 0.050935261 5.929364681 0.038781792 0.999155045 -0.013604295 -7.891653061 -0.050374690 0.015552135 0.998609364 71.495735168
0.998034894 -0.041476902 0.046967838 6.041452408 0.042311944 0.998961091 -0.016926074 -8.024420738 -0.046217006 0.018880116 0.998752952 72.674079895
0.998077512 -0.044287872 0.043354202 6.142866135 0.044865768 0.998915553 -0.012448000 -8.156353951 -0.042755887 0.014369189 0.998982251 73.848320007
0.998062253 -0.048848320 0.038543578 6.255737782 0.049170930 0.998762429 -0.007466479 -8.282218933 -0.038131148 0.009347232 0.999228954 75.016296387
0.998122454 -0.050737977 0.034312297 6.349102020 0.050944529 0.998688102 -0.005171913 -8.398482323 -0.034004871 0.006910224 0.999397755 76.194328308
0.998328447 -0.049735621 0.029439826 6.442973137 0.049835321 0.998753846 -0.002662209 -8.526742935 -0.029270735 0.004124901 0.999563038 77.345558167
0.998448789 -0.049513973 0.025460623 6.533005714 0.049589574 0.998766899 -0.002346262 -8.646071434 -0.025313055 0.003605204 0.999673069 78.504066467
0.998608470 -0.047774300 0.022335609 6.608480930 0.047873750 0.998845577 -0.003938959 -8.778206825 -0.022121646 0.005002767 0.999742806 79.669349670
0.998739600 -0.046039857 0.019988094 6.664203644 0.046226170 0.998890817 -0.008961326 -8.907528877 -0.019553348 0.009874004 0.999760032 80.808967590
0.998643577 -0.049370658 0.016539076 6.741257191 0.049597982 0.998676300 -0.013628663 -9.039669991 -0.015844330 0.014430482 0.999770284 81.950744629
0.998483896 -0.053567167 0.012664253 6.813699245 0.053751871 0.998445809 -0.014724463 -9.171028137 -0.011855824 0.015382867 0.999811411 83.117271423
0.998531401 -0.053612765 0.007792803 6.891125679 0.053699601 0.998492181 -0.011397400 -9.302387238 -0.007170009 0.011799132 0.999904633 84.282104492
0.998510003 -0.054205947 0.006271747 6.931234360 0.054263014 0.998483300 -0.009319780 -9.427657127 -0.005757047 0.009646222 0.999936819 85.418426514
0.998632312 -0.051936712 0.005995728 6.976047993 0.052000761 0.998585701 -0.011072938 -9.550745964 -0.005412156 0.011369578 0.999920666 86.542663574
0.998826623 -0.048075799 0.005834520 7.026189327 0.048150804 0.998749137 -0.013480556 -9.683185577 -0.005179133 0.013745675 0.999892056 87.656661987
0.998884678 -0.047036421 0.004123729 7.089389324 0.047097638 0.998757601 -0.016277004 -9.817909241 -0.003352995 0.016453067 0.999858975 88.779510498
0.998816490 -0.048547391 0.002949610 7.142008781 0.048590511 0.998675346 -0.016923577 -9.947629929 -0.002124107 0.017046871 0.999852479 89.892028809
0.998785496 -0.049237087 0.001810945 7.196265221 0.049258459 0.998677313 -0.014732840 -10.075073242 -0.001083148 0.014804151 0.999889851 90.995635986
0.998697937 -0.051008008 0.000813599 7.249380112 0.051014092 0.998626590 -0.011936833 -10.207052231 -0.000203608 0.011962795 0.999928415 92.163383484
0.998751640 -0.049953341 0.000165080 7.299116611 0.049952034 0.998687983 -0.011269447 -10.330392838 0.000398083 0.011263622 0.999936461 93.274215698
0.998704910 -0.050875850 0.000347966 7.341971874 0.050875943 0.998614728 -0.013419993 -10.460463524 0.000335269 0.013420315 0.999909818 94.388572693
0.998688519 -0.051195689 -0.000280140 7.403550148 0.051183622 0.998545945 -0.016924232 -10.597875595 0.001146181 0.016887700 0.999856710 95.515426636
0.998659313 -0.051762044 -0.000377234 7.452038765 0.051746875 0.998497963 -0.018003194 -10.725837708 0.001308549 0.017959539 0.999837816 96.608116150
0.998648942 -0.051962983 0.000241850 7.497801304 0.051959641 0.998506248 -0.016895844 -10.854226112 0.000636470 0.016885582 0.999857247 97.698440552
0.998667777 -0.051598422 0.000471931 7.551447392 0.051600449 0.998604238 -0.011269754 -10.976449013 0.000110229 0.011279091 0.999936402 98.783271790
0.998754203 -0.049864911 0.001889364 7.596944332 0.049878798 0.998721659 -0.008194239 -11.095881462 -0.001478344 0.008278269 0.999964654 99.852691650
0.998824537 -0.048312943 0.003933107 7.649783134 0.048344553 0.998795569 -0.008383579 -11.207623482 -0.003523335 0.008563867 0.999957144 100.902618408
0.998903215 -0.046490911 0.005559412 7.704413891 0.046543233 0.998869359 -0.009683465 -11.337180138 -0.005102933 0.009931600 0.999937654 101.952064514
0.998881698 -0.046575699 0.008122543 7.756159782 0.046674244 0.998833239 -0.012397096 -11.451377869 -0.007535663 0.012762345 0.999890208 102.963264465
0.998785019 -0.048268702 0.009922213 7.818606853 0.048392508 0.998748422 -0.012640825 -11.571091652 -0.009299640 0.013105629 0.999870837 103.973823547
0.998667061 -0.050292350 0.011605557 7.875688076 0.050429475 0.998657405 -0.011841876 -11.699350357 -0.010994419 0.012411355 0.999862552 104.986167908
0.998653948 -0.050162215 0.013193152 7.935884476 0.050298244 0.998682261 -0.010188657 -11.812820435 -0.012664680 0.010838536 0.999861062 105.944656372
0.998595178 -0.050916001 0.014671923 7.994343281 0.051051114 0.998655617 -0.008986264 -11.920178413 -0.014194655 0.009722658 0.999852002 106.905265808
0.998528183 -0.051614881 0.016657619 8.050368309 0.051775496 0.998614907 -0.009358771 -12.024685860 -0.016151495 0.010207453 0.999817431 107.821533203
0.998519719 -0.051224932 0.018284934 8.110998154 0.051369175 0.998651505 -0.007507362 -12.125001907 -0.017875712 0.008435532 0.999804616 108.727867126
0.998520792 -0.050528288 0.020076543 8.170027733 0.050643627 0.998702824 -0.005278213 -12.223306656 -0.019783804 0.006287156 0.999784470 109.603256226
0.998498917 -0.050442725 0.021341214 8.229470253 0.050495014 0.998722434 -0.001917822 -12.326650620 -0.021217212 0.002992569 0.999770343 110.458854675
0.998464644 -0.050366178 0.023056129 8.287263870 0.050423622 0.998726010 -0.001916488 -12.415648460 -0.022930235 0.003076119 0.999732316 111.283538818
0.998477221 -0.049545374 0.024258517 8.338308334 0.049591914 0.998768687 -0.001319972 -12.504048347 -0.024163242 0.002520988 0.999704957 112.095771790
0.998588681 -0.047144130 0.024457807 8.391940117 0.047180533 0.998885989 -0.000912985 -12.583976746 -0.024387518 0.002065629 0.999700487 112.875366211
0.998717189 -0.044475991 0.024199517 8.437101364 0.044437975 0.999009967 0.002106523 -12.659861565 -0.024269246 -0.001028443 0.999704957 113.632545471
0.998778343 -0.044715162 0.021030882 8.481500626 0.044657517 0.998997211 0.003203159 -12.746673584 -0.021153022 -0.002260059 0.999773681 114.389373779
0.998887956 -0.044797115 0.014700527 8.517314911 0.044750560 0.998992085 0.003481397 -12.820815086 -0.014841669 -0.002819669 0.999885857 115.085800171
0.999058366 -0.043185700 0.004162887 8.544821739 0.043176379 0.999064803 0.002301309 -12.894467354 -0.004258376 -0.002119403 0.999988675 115.760040283
0.999125242 -0.040634539 -0.009882819 8.550157547 0.040628493 0.999173939 -0.000811431 -12.957326889 0.009907629 0.000409197 0.999950767 116.388114929
0.998839557 -0.038779303 -0.028560290 8.542205811 0.038707666 0.999245882 -0.003056732 -13.031420708 0.028657291 0.001947682 0.999587417 117.011238098
0.998010695 -0.037114330 -0.050961867 8.507933617 0.036892843 0.999305248 -0.005280114 -13.100965500 0.051122434 0.003389482 0.998686671 117.597190857
0.996252120 -0.035772156 -0.078753687 8.468193054 0.035324987 0.999350846 -0.007064333 -13.167822838 0.078955270 0.004255883 0.996869147 118.167404175
0.993287742 -0.033650823 -0.110665932 8.395544052 0.032853104 0.999419391 -0.009024499 -13.234983444 0.110905379 0.005328204 0.993816793 118.708969116
0.988775671 -0.029136619 -0.146538973 8.291837692 0.027896747 0.999555647 -0.010509434 -13.299170494 0.146780089 0.006303512 0.989149153 119.262092590
0.982454598 -0.022915129 -0.185088530 8.175647736 0.021384686 0.999718726 -0.010260978 -13.353819847 0.185271591 0.006122884 0.982668340 119.789260864
0.973911583 -0.018038165 -0.226209760 8.022949219 0.016647369 0.999828994 -0.008054521 -13.412301064 0.226316363 0.004078593 0.974045336 120.285408020
0.962517381 -0.013132029 -0.270902127 7.856309891 0.011811920 0.999909043 -0.006502938 -13.470610619 0.270962894 0.003059317 0.962584913 120.771202087
0.948070467 -0.007311697 -0.317976356 7.663047791 0.005321893 0.999960482 -0.007125935 -13.526519775 0.318015903 0.005063651 0.948071897 121.249984741
0.930782914 0.000411104 -0.365572453 7.432807922 -0.003476237 0.999964178 -0.007726330 -13.579057693 0.365556180 0.008462352 0.930750847 121.706695557
0.909654140 0.005216759 -0.415333688 7.183330536 -0.009779565 0.999912858 -0.008859669 -13.630247116 0.415251315 0.012121016 0.909626007 122.141036987
0.884266734 0.009622503 -0.466882855 6.907318115 -0.014695646 0.999865890 -0.007225924 -13.689918518 0.466750681 0.013250792 0.884289682 122.571258545
0.855173826 0.012647498 -0.518186986 6.620201111 -0.019022001 0.999794602 -0.006990171 -13.734466553 0.517992139 0.015834762 0.855238855 122.967567444
0.823514879 0.022361627 -0.566853702 6.292903900 -0.030021865 0.999540389 -0.004184677 -13.777149200 0.566499591 0.020464148 0.823807895 123.340148926
0.789562643 0.035579972 -0.612637579 5.940895081 -0.043085184 0.999068320 0.002494732 -13.822089195 0.612155616 0.024425859 0.790359974 123.693931580
0.753958106 0.044132039 -0.655438423 5.583450317 -0.053998530 0.998527825 0.005117860 -13.859333992 0.654699445 0.031534053 0.755231321 123.996292114
0.713914275 0.048680712 -0.698538840 5.220195770 -0.061680276 0.998074830 0.006517252 -13.913784027 0.697511256 0.038433310 0.715542316 124.296554565
0.671345949 0.050171182 -0.739444017 4.843090057 -0.064081654 0.997899234 0.009527184 -13.955929756 0.738368630 0.040988762 0.673150539 124.580749512
0.626938045 0.053661924 -0.777218759 4.440258026 -0.067302331 0.997626007 0.014590644 -13.989251137 0.776156664 0.043161213 0.629061162 124.852897644
0.581900537 0.062806122 -0.810831070 4.013259888 -0.078564838 0.996691585 0.020819873 -14.026371956 0.809456170 0.051587723 0.584909678 125.081352234
0.536877036 0.071321860 -0.840640426 3.556976318 -0.090331584 0.995551765 0.026774414 -14.044581413 0.838810802 0.061561801 0.540931463 125.288864136
0.489984304 0.076443113 -0.868373156 3.108940125 -0.096098341 0.994813025 0.033349626 -14.067667007 0.866418242 0.067108430 0.494788826 125.481353760
0.442458153 0.077931449 -0.893396556 2.646888733 -0.095268771 0.994664371 0.039582841 -14.094879150 0.891714513 0.067599043 0.447521716 125.663314819
0.394913435 0.079691283 -0.915255666 2.170024872 -0.092766143 0.994598150 0.046573009 -14.118693352 0.914022923 0.066512428 0.400172770 125.840026855
0.350103229 0.082647480 -0.933057964 1.677333832 -0.094517440 0.994133055 0.052592371 -14.140018463 0.931930363 0.069777489 0.355860829 125.971359253
0.306508988 0.086073793 -0.947968066 1.178176880 -0.100094795 0.993296146 0.057825584 -14.159498215 0.946590483 0.077162616 0.313069761 126.086830139
0.264921606 0.087468117 -0.960294724 0.657316208 -0.104707547 0.992598295 0.061524224 -14.175148964 0.958568156 0.084251001 0.272119284 126.189353943
0.225155532 0.083677232 -0.970722914 0.129226685 -0.104462720 0.992635548 0.061336365 -14.190999985 0.968706667 0.087594144 0.232238591 126.296524048
0.190148830 0.078793086 -0.978588402 -0.399742126 -0.099856421 0.993156970 0.060563095 -14.212320328 0.976663768 0.086202309 0.196715638 126.383895874
0.159759149 0.073598489 -0.984408557 -0.947404861 -0.097056396 0.993556321 0.058531187 -14.232144356 0.982373238 0.086192243 0.165872961 126.462745667
0.133171633 0.072202519 -0.988459408 -1.515857697 -0.098239034 0.993392885 0.059327479 -14.252447128 0.986212134 0.089204580 0.139384910 126.530509949
0.111393198 0.070916295 -0.991242826 -2.108882904 -0.098938875 0.993286371 0.059944015 -14.261449814 0.988838971 0.091395102 0.117661744 126.585105896
0.093231469 0.072660618 -0.992989540 -2.699138641 -0.101120561 0.992867470 0.063157491 -14.278480530 0.990496159 0.094523415 0.099913985 126.636947632
0.076583378 0.070866376 -0.994541526 -3.309031487 -0.101547785 0.992838562 0.062925480 -14.301609039 0.991878629 0.096174441 0.083231255 126.691436768
0.062416188 0.069726542 -0.995611548 -3.928510189 -0.100474022 0.992927849 0.063239738 -14.330180168 0.992979884 0.096085913 0.068980478 126.743225098
0.050061390 0.067374624 -0.996471107 -4.569189072 -0.096089289 0.993418634 0.062340830 -14.352575302 0.994112968 0.092629306 0.056205895 126.786415100
0.038452789 0.064754494 -0.997160137 -5.220826149 -0.094055384 0.993702471 0.060902942 -14.368322372 0.994824052 0.091446385 0.044301141 126.816589355
0.027865425 0.063673392 -0.997581780 -5.889215469 -0.093332820 0.993775308 0.060823373 -14.388481140 0.995244920 0.091412231 0.033634793 126.852478027
0.018102769 0.065179884 -0.997709274 -6.560720444 -0.096639656 0.993314803 0.063139312 -14.410137177 0.995154798 0.095275290 0.024280708 126.874031067
0.009845370 0.065189272 -0.997824311 -7.238204956 -0.099531859 0.992981136 0.063890785 -14.438418388 0.994985580 0.098686278 0.016264679 126.888374329
0.003100435 0.064428888 -0.997917473 -7.928565025 -0.101686008 0.992769837 0.063780591 -14.457243919 0.994811714 0.101276495 0.009629535 126.907630920
-0.001869398 0.065173283 -0.997872174 -8.626340866 -0.102464996 0.992609203 0.065021500 -14.473613739 0.994734824 0.102368519 0.004822396 126.921691895
-0.005638754 0.067699172 -0.997689843 -9.346164703 -0.104549333 0.992197812 0.067917392 -14.493876457 0.994503736 0.104690760 0.001483144 126.945526123
-0.006347565 0.071776107 -0.997400582 -10.084669113 -0.107032374 0.991641998 0.072042868 -14.519688606 0.994235218 0.107211441 0.001387855 126.945045471
-0.007423442 0.074855968 -0.997166753 -10.791296959 -0.109612629 0.991124213 0.075218379 -14.532470703 0.993946671 0.109860457 0.000847605 126.958320618
-0.007984337 0.080429770 -0.996728361 -11.531535149 -0.114472777 0.990133822 0.080814622 -14.539571762 0.993394315 0.114743516 0.001301457 126.964683533
-0.009294544 0.084258951 -0.996400595 -12.272077560 -0.117453210 0.989454091 0.084767155 -14.552727699 0.993034840 0.117818341 0.000699962 126.975059509
-0.010730336 0.084989198 -0.996324062 -13.018222809 -0.117304802 0.989394605 0.085661456 -14.574010849 0.993037939 0.117792770 -0.000646894 126.994491577
-0.012279854 0.081864029 -0.996567845 -13.760609627 -0.114916272 0.989923894 0.082734257 -14.591579437 0.993299305 0.115537845 -0.002748613 127.016120911
-0.013813545 0.078192204 -0.996842563 -14.524689674 -0.118443966 0.989790678 0.079280376 -14.594799042 0.992864728 0.119165123 -0.004411125 127.026107788
-0.014737288 0.080011390 -0.996685147 -15.292184830 -0.123910144 0.988963604 0.081223711 -14.606885910 0.992183983 0.124696396 -0.004660420 127.023696899
-0.016513443 0.083540328 -0.996367574 -16.059986115 -0.120768502 0.989040971 0.084927619 -14.620498657 0.992543280 0.121732250 -0.006243436 127.040176392
-0.018289218 0.083475187 -0.996342003 -16.837018967 -0.119954154 0.989127815 0.085072644 -14.636782646 0.992610931 0.121071279 -0.008077177 127.050361633
-0.019923747 0.082627788 -0.996381283 -17.626604080 -0.122622699 0.988853276 0.084455498 -14.648191452 0.992253304 0.123861633 -0.009569620 127.056907654
-0.020478189 0.082381375 -0.996390402 -18.414077759 -0.127355918 0.988265872 0.084327087 -14.653820992 0.991645694 0.128623053 -0.009746138 127.055465698
-0.021789191 0.086705640 -0.995995700 -19.219547272 -0.129063338 0.987652123 0.088802800 -14.660060883 0.991396964 0.130481452 -0.010329622 127.060966492
-0.022387711 0.090905063 -0.995607853 -20.031305313 -0.127638251 0.987448096 0.093030162 -14.667608261 0.991568089 0.129160404 -0.010503740 127.074317932
-0.021168884 0.093597181 -0.995385051 -20.850713730 -0.129386052 0.986979067 0.095558427 -14.680496216 0.991368413 0.130811810 -0.008783077 127.084251404
-0.019242726 0.092411660 -0.995534837 -21.669048309 -0.128764421 0.987197995 0.094126657 -14.686085701 0.991488457 0.130000725 -0.007097047 127.094100952
-0.017986296 0.092266448 -0.995571792 -22.500394821 -0.128873736 0.987212896 0.093820035 -14.689026833 0.991497874 0.129990533 -0.005865582 127.103248596
-0.018045899 0.091496728 -0.995641768 -23.330738068 -0.127354920 0.987482309 0.093055189 -14.696675301 0.991692960 0.128479183 -0.006167447 127.127555847
-0.017210584 0.093505941 -0.995469928 -24.169269562 -0.128274798 0.987183332 0.094945304 -14.702524185 0.991589308 0.129327774 -0.004995547 127.145713806
-0.016468499 0.095725313 -0.995271504 -25.004962921 -0.130029783 0.986748278 0.097057112 -14.704429626 0.991373301 0.131013319 -0.003803122 127.159095764
-0.016787574 0.097994901 -0.995045245 -25.875579834 -0.132874206 0.986140013 0.099359632 -14.704824448 0.990990758 0.133883864 -0.003533905 127.177703857
-0.015067017 0.099084347 -0.994964898 -26.739261627 -0.134980097 0.985767722 0.100212477 -14.700991631 0.990733862 0.135810345 -0.001478161 127.188400269
-0.013559567 0.102205455 -0.994670868 -27.608575821 -0.141771004 0.984516382 0.103094712 -14.700027466 0.989806652 0.142413422 0.001140153 127.205017090
-0.010850037 0.106171444 -0.994288623 -28.489795685 -0.146764636 0.983409464 0.106611297 -14.695965767 0.989111900 0.147083133 0.004912186 127.216339111
-0.008750644 0.108032346 -0.994108796 -29.364862442 -0.149324879 0.982858717 0.108124182 -14.690298080 0.988749504 0.149391338 0.007531269 127.246612549
-0.004867395 0.109030269 -0.994026542 -30.263204575 -0.148471043 0.982942164 0.108541466 -14.692038536 0.988904774 0.148112476 0.011403467 127.267417908
-0.002177364 0.108991548 -0.994040310 -31.156244278 -0.151197970 0.982578695 0.108066030 -14.685026169 0.988501132 0.150532156 0.014339870 127.294845581
0.000114004 0.112624243 -0.993637741 -32.056484222 -0.151511684 0.982168555 0.111306883 -14.675498962 0.988455474 0.150535017 0.017175857 127.328002930
0.002557503 0.114607871 -0.993407488 -32.968566895 -0.150563359 0.982130289 0.112919211 -14.669146538 0.988597035 0.149282008 0.019767551 127.370567322
0.004322972 0.115848474 -0.993257463 -33.861736298 -0.151191115 0.981924236 0.113868587 -14.664712906 0.988495052 0.149679452 0.021760087 127.411697388
0.006838292 0.114045791 -0.993451953 -34.763549805 -0.152440906 0.981982410 0.111679792 -14.657051086 0.988288820 0.150679007 0.024100324 127.443420410
0.007246880 0.114968419 -0.993342698 -35.674716949 -0.156553641 0.981249809 0.112426683 -14.643934250 0.987642884 0.154696673 0.025109729 127.483573914
0.008335089 0.115600549 -0.993260860 -36.569007874 -0.157405615 0.981063724 0.112860106 -14.639099121 0.987498879 0.155404150 0.026373429 127.520751953
0.008602971 0.112332165 -0.993633509 -37.465957642 -0.157791361 0.981373608 0.109579980 -14.637354851 0.987434924 0.155844077 0.026167776 127.556190491
0.009474223 0.108122520 -0.994092405 -38.373672485 -0.158950552 0.981659949 0.105255388 -14.636848450 0.987241030 0.157014355 0.026486598 127.600006104
0.010045223 0.107334994 -0.994172096 -39.271278381 -0.158647075 0.981800616 0.104396321 -14.630157471 0.987284243 0.156673804 0.026890788 127.640647888
0.009601777 0.111365251 -0.993733168 -40.176776886 -0.160759732 0.981024146 0.108387671 -14.625465393 0.986946940 0.158711553 0.027322616 127.684494019
0.010091222 0.117723793 -0.992995083 -41.108360291 -0.161488146 0.980202079 0.114566013 -14.613609314 0.986823082 0.159200802 0.028902436 127.721351624
0.010295898 0.116466135 -0.993141353 -42.002861023 -0.159296677 0.980701327 0.113355853 -14.612976074 0.987177074 0.157037020 0.028649865 127.766609192
0.011287458 0.105929762 -0.994309545 -42.894668579 -0.158387765 0.982008755 0.102821231 -14.618097305 0.987312496 0.156325877 0.027862359 127.808494568
0.011489914 0.095501490 -0.995362997 -43.815292358 -0.160457030 0.982705057 0.092434801 -14.620837212 0.986975968 0.158650935 0.026615079 127.849899292
0.010336793 0.092323653 -0.995675385 -44.715728760 -0.157257795 0.983488142 0.089560993 -14.627727509 0.987503469 0.155651927 0.024684727 127.896888733
0.010321594 0.102506846 -0.994678795 -45.639522552 -0.149843767 0.983658254 0.099816233 -14.630947113 0.988655806 0.148016170 0.025512936 127.944824219
0.010305998 0.115716256 -0.993228793 -46.585475922 -0.145002782 0.982955694 0.113014795 -14.625995636 0.989377558 0.142856210 0.026909513 128.003341675
0.010343542 0.124815628 -0.992126048 -47.506935120 -0.145095319 0.981865704 0.122012109 -14.617149353 0.989363611 0.142690822 0.028266132 128.049972534
0.010351079 0.118963771 -0.992844701 -48.423553467 -0.145370260 0.982528508 0.116212100 -14.611865997 0.989323080 0.143127173 0.027464025 128.089584351
0.010493233 0.105454177 -0.994368792 -49.353794098 -0.145300925 0.984029889 0.102824412 -14.608778000 0.989331961 0.143403724 0.025648238 128.127944946
0.010975285 0.096698105 -0.995253265 -50.268268585 -0.145876065 0.984819710 0.094075739 -14.609041214 0.989242017 0.144151077 0.024914615 128.171493530
0.011669205 0.096720546 -0.995243192 -51.204521179 -0.144709274 0.984996438 0.094028033 -14.616211891 0.989405334 0.142923713 0.025490489 128.215026855
0.011066558 0.098273762 -0.995097876 -52.144214630 -0.147894979 0.984374642 0.095570013 -14.628635406 0.988941193 0.146112338 0.025427835 128.252624512
0.011709914 0.097595818 -0.995157182 -53.090736389 -0.152795970 0.983712256 0.094675452 -14.633411407 0.988188505 0.150947377 0.026431432 128.290542603
0.012123373 0.097046755 -0.995205939 -54.022819519 -0.154363140 0.983529747 0.094027713 -14.633626938 0.987939835 0.152483195 0.026904138 128.334640503
0.012993013 0.104542978 -0.994435489 -54.970252991 -0.163715765 0.981321156 0.101025209 -14.631040573 0.986422062 0.161492139 0.029865650 128.367965698
0.014436422 0.113941699 -0.993382633 -55.917293549 -0.169181108 0.979440391 0.109883875 -14.624102592 0.985479236 0.166475251 0.033416398 128.407196045
0.015686298 0.121925265 -0.992415309 -56.891414642 -0.169488579 0.978498220 0.117536485 -14.617315292 0.985407293 0.166359350 0.036013953 128.462539673
0.016409922 0.122979432 -0.992273510 -57.831882477 -0.170850083 0.978156686 0.118404359 -14.610893250 0.985160351 0.167586982 0.037062522 128.509933472
0.017777156 0.112993822 -0.993436635 -58.772686005 -0.172444865 0.979050577 0.108271703 -14.603487968 0.984858751 0.169388264 0.036889937 128.563476562
0.019043572 0.108198740 -0.993946850 -59.720363617 -0.171024248 0.979827702 0.103385001 -14.601526260 0.985082805 0.168020204 0.037164025 128.615631104
0.021302830 0.106561832 -0.994077861 -60.679698944 -0.169679061 0.980264246 0.101444885 -14.607004166 0.985269248 0.166513115 0.038963713 128.670715332
0.025057085 0.112604313 -0.993323922 -61.636962891 -0.170862064 0.979497671 0.106726877 -14.602184296 0.984976292 0.167047098 0.043783158 128.721084595
0.028036995 0.115062073 -0.992962480 -62.603038788 -0.173977271 0.978753865 0.108503208 -14.607997894 0.984350443 0.169710860 0.047459505 128.787277222
0.032127924 0.109748647 -0.993440032 -63.556541443 -0.173078120 0.979547799 0.102616563 -14.603540421 0.984383941 0.168645918 0.050465934 128.848312378
0.034779046 0.104159601 -0.993952394 -64.513717651 -0.172691226 0.980219960 0.096677974 -14.619138718 0.984361827 0.168284506 0.052078575 128.926208496
0.037707213 0.104034498 -0.993858635 -65.485015869 -0.170868486 0.980589986 0.096162759 -14.625446320 0.984572053 0.166193113 0.054751534 129.009536743
0.040728334 0.108711652 -0.993238628 -66.439109802 -0.168410614 0.980588317 0.100421257 -14.632376671 0.984875083 0.163181946 0.058245927 129.086257935
0.044580646 0.115679279 -0.992285669 -67.416465759 -0.168155327 0.979970098 0.106688775 -14.634348869 0.984751940 0.162101850 0.063139789 129.155563354
0.047130253 0.119162403 -0.991755486 -68.392257690 -0.165528655 0.980063379 0.109891288 -14.632330894 0.985078275 0.158984751 0.065915428 129.242813110
0.048997656 0.120467000 -0.991507351 -69.346481323 -0.165256128 0.979995489 0.110901810 -14.632096291 0.985032797 0.158418745 0.067925386 129.325103760
0.050766669 0.117883101 -0.991729021 -70.295707703 -0.163438618 0.980602741 0.108194172 -14.629189491 0.985246420 0.156594142 0.069048598 129.411560059
0.052451037 0.115960225 -0.991867959 -71.250694275 -0.161825374 0.981094420 0.106143191 -14.627011299 0.985424519 0.154942080 0.070224732 129.483047485
0.052865263 0.112592570 -0.992233932 -72.203201294 -0.158413842 0.981986880 0.102989659 -14.635181427 0.985956550 0.151739031 0.069749214 129.566238403
0.051825088 0.112357296 -0.992315471 -73.178588867 -0.157166973 0.982185900 0.103002086 -14.631621361 0.986211300 0.150621101 0.068560727 129.667999268
0.051831443 0.116979972 -0.991780877 -74.135139465 -0.153890237 0.982189178 0.107806206 -14.630034447 0.986727655 0.147037655 0.068910353 129.749206543
0.051098861 0.119180210 -0.991556883 -75.097671509 -0.147760332 0.982829154 0.110516489 -14.640302658 0.987702250 0.140865505 0.067831554 129.846282959
0.050173476 0.114616476 -0.992141962 -76.060989380 -0.145031601 0.983699560 0.106306784 -14.629330635 0.988153994 0.138558179 0.065978639 129.931823730
0.049064849 0.110409699 -0.992674351 -77.025596619 -0.146483079 0.983920097 0.102195814 -14.622189522 0.987995565 0.140395790 0.064449050 130.009689331
0.047703356 0.107820243 -0.993025362 -77.974555969 -0.143067628 0.984644115 0.100037515 -14.626478195 0.988562524 0.137297660 0.062396411 130.092697144
0.046643764 0.108331382 -0.993020058 -78.940994263 -0.143116653 0.984570920 0.100687213 -14.625767708 0.988606036 0.137421280 0.061428118 130.160461426
0.045627028 0.109402224 -0.992949724 -79.896232605 -0.144024357 0.984320462 0.101833396 -14.626736641 0.988521695 0.138362616 0.060668204 130.238540649
0.044165082 0.109826513 -0.992969036 -80.850624084 -0.145679891 0.984022379 0.102357462 -14.629802704 0.988345444 0.140134960 0.059458952 130.313064575
0.042677227 0.110871546 -0.992918015 -81.795982361 -0.145451665 0.983924568 0.103615575 -14.633619308 0.988444448 0.139999524 0.058117621 130.383758545
0.040257052 0.111436389 -0.992955863 -82.762481689 -0.145488590 0.983824193 0.104513101 -14.636986732 0.988540590 0.140256330 0.055818588 130.456649780
0.038973235 0.112834476 -0.992849112 -83.718765259 -0.145654127 0.983633101 0.106069587 -14.622647285 0.988567591 0.140478745 0.054770183 130.524826050
0.037482876 0.116461128 -0.992487729 -84.672584534 -0.146942690 0.983031690 0.109802023 -14.614384651 0.988434553 0.141723126 0.053959973 130.583709717
0.035169929 0.121582493 -0.991957963 -85.621101379 -0.148185238 0.982234538 0.115136780 -14.606358528 0.988334119 0.142944187 0.052561853 130.649734497
0.033058304 0.121169090 -0.992081225 -86.569885254 -0.147842616 0.982296526 0.115047596 -14.601119041 0.988458276 0.142868593 0.050387014 130.712051392
0.032175973 0.116095871 -0.992716670 -87.514869690 -0.148064464 0.982825577 0.110140041 -14.597051620 0.988454163 0.143442214 0.048813045 130.771072388
0.029465888 0.111183599 -0.993362904 -88.461570740 -0.152082056 0.982723057 0.105481528 -14.584535599 0.987928569 0.147964567 0.045865834 130.832916260
0.028576419 0.109354280 -0.993591964 -89.405593872 -0.150175691 0.983185768 0.103889823 -14.583293915 0.988246322 0.146244571 0.044518284 130.894470215
0.027808217 0.110305719 -0.993508577 -90.372192383 -0.145315319 0.983781040 0.105158336 -14.583626747 0.988994539 0.141447783 0.043386307 130.950805664
0.027414558 0.111522451 -0.993383646 -91.321426392 -0.142364547 0.984062970 0.106547207 -14.581470490 0.989434600 0.138501689 0.042854495 131.009826660
0.026079124 0.111644551 -0.993405938 -92.269241333 -0.136924326 0.984777033 0.107080184 -14.586718559 0.990238130 0.133228868 0.040968973 131.076751709
0.024829606 0.108787522 -0.993754864 -93.211387634 -0.132959351 0.985589445 0.104571566 -14.589541435 0.990810335 0.129532546 0.038936120 131.139938354
0.024371216 0.105747901 -0.994094253 -94.156028748 -0.127779245 0.986562848 0.101814106 -14.593163490 0.991503119 0.124543287 0.037556127 131.199066162
0.022489700 0.108055294 -0.993890464 -95.141654968 -0.126104459 0.986508250 0.104399212 -14.593205452 0.991761982 0.122986101 0.035812527 131.255020142
0.021063264 0.110443980 -0.993659079 -96.088714600 -0.125463814 0.986314774 0.106968105 -14.591891289 0.991874516 0.122415185 0.034631737 131.312957764
0.019763881 0.108253084 -0.993926883 -97.049438477 -0.121318333 0.987034976 0.105090082 -14.588169098 0.992416859 0.118504576 0.032640729 131.361892700
0.017680993 0.105232090 -0.994290471 -97.997734070 -0.118415661 0.987667382 0.102425404 -14.588754654 0.992806733 0.115928568 0.029924065 131.411087036
0.014160465 0.102577925 -0.994624197 -98.967399597 -0.117281482 0.988028049 0.100227915 -14.586539268 0.992997766 0.115231708 0.026021425 131.464645386
0.011497516 0.101642683 -0.994754553 -99.921897888 -0.111696921 0.988724709 0.099735551 -14.595806122 0.993675828 0.109964304 0.022721054 131.513519287
0.009330288 0.101617992 -0.994779825 -100.881065369 -0.104910553 0.989432216 0.100087762 -14.590080261 0.994437873 0.103429034 0.019892488 131.555007935
0.006877861 0.109417550 -0.993972063 -101.848197937 -0.095040776 0.989567459 0.108275056 -14.589402199 0.995449543 0.093723200 0.017205236 131.616729736
0.004122008 0.117656663 -0.993045747 -102.806411743 -0.086960025 0.989334345 0.116855986 -14.586594582 0.996203303 0.085873589 0.014309470 131.672363281
0.000886444 0.117481910 -0.993074596 -103.761672974 -0.082701974 0.989681721 0.117006697 -14.582698822 0.996573925 0.082025521 0.010593277 131.720550537
-0.001455350 0.107090190 -0.994248271 -104.720191956 -0.083543532 0.990760505 0.106836833 -14.580401421 0.996503055 0.083218493 0.007504790 131.750595093
-0.003560362 0.097566143 -0.995222688 -105.667366028 -0.085268706 0.991574645 0.097513571 -14.577690125 0.996351600 0.085208528 0.004788975 131.787261963
-0.004056142 0.099010423 -0.995078087 -106.625442505 -0.092432193 0.990789235 0.098960459 -14.579813957 0.995710731 0.092378661 0.005132972 131.807678223
-0.004706946 0.108289510 -0.994108260 -107.591049194 -0.095705137 0.989507079 0.108241469 -14.568706512 0.995398581 0.095650755 0.005706307 131.840545654
-0.006198392 0.119730979 -0.992787063 -108.554473877 -0.099777050 0.987777650 0.119749784 -14.558259964 0.994990528 0.099799648 0.005823773 131.868057251
-0.007583702 0.121149100 -0.992605329 -109.498817444 -0.106523409 0.986887813 0.121265128 -14.545369148 0.994281292 0.106655344 0.005420952 131.896713257
-0.007469616 0.118357480 -0.992942929 -110.474487305 -0.113760442 0.986423492 0.118436173 -14.529743195 0.993480086 0.113842316 0.006096195 131.916091919
-0.007654252 0.114463001 -0.993398011 -111.429367065 -0.121930800 0.985907495 0.114539400 -14.518032074 0.992509186 0.122002520 0.006410182 131.938674927
-0.005452628 0.116469085 -0.993179381 -112.395248413 -0.126554847 0.985127747 0.116219692 -14.500036240 0.991944671 0.126325369 0.009368195 131.961853027
-0.003927620 0.117393382 -0.993077636 -113.375190735 -0.134616747 0.983983874 0.116850801 -14.480088234 0.990889966 0.134143844 0.011938404 131.984283447
-0.003432912 0.120018549 -0.992765725 -114.338569641 -0.143763572 0.982399464 0.119262457 -14.463650703 0.989606082 0.143132970 0.013881808 132.004745483
-0.003235660 0.122218072 -0.992498040 -115.313819885 -0.149174571 0.981338918 0.121330246 -14.443275452 0.988805652 0.148448065 0.015056553 132.031204224
-0.003228319 0.121786617 -0.992550969 -116.286521912 -0.153114960 0.980791926 0.120841786 -14.435654640 0.988203108 0.152364552 0.015481043 132.075927734
-0.001713996 0.112324879 -0.993670046 -117.241661072 -0.152058676 0.982087255 0.111277848 -14.438540459 0.988369942 0.151286885 0.015396680 132.107666016
-0.000248473 0.100616477 -0.994925261 -118.192176819 -0.155149430 0.982873857 0.099436462 -14.429183960 0.987890959 0.154386833 0.015366374 132.143112183
