1.000000000 0.000000000 0.000000000 0.000000000 0.000000000 1.000000000 0.000000000 0.000000000 0.000000000 0.000000000 1.000000000 0.000000000
0.999997795 -0.001571684 -0.001384260 0.050133757 0.001568761 0.999996543 -0.002109913 -0.133083403 0.001387571 0.002107737 0.999996841 1.297519684
0.999997616 0.000082556 -0.002146128 0.104510568 -0.000095838 0.999980867 -0.006189540 -0.269358784 0.002145576 0.006189732 0.999978542 2.603188038
0.999996066 0.002504209 -0.001334402 0.149361402 -0.002514502 0.999966621 -0.007767877 -0.407383621 0.001314906 0.007771202 0.999968886 3.907407045
0.999983191 0.005784549 0.000240825 0.193699613 -0.005782846 0.999961853 -0.006555293 -0.545125186 -0.000278735 0.006553791 0.999978483 5.221263885
0.999974966 0.006642390 0.002441139 0.242187306 -0.006634891 0.999973297 -0.003066879 -0.692908704 -0.002461446 0.003050606 0.999992311 6.538619995
0.999959707 0.006861309 0.005801729 0.298636496 -0.006851227 0.999974966 -0.001755904 -0.830179155 -0.005813632 0.001716085 0.999981642 7.841303349
0.999942720 0.005404978 0.009240485 0.354383945 -0.005389371 0.999984026 -0.001713025 -0.962663174 -0.009249594 0.001663127 0.999955833 9.146821976
0.999912381 0.004141051 0.012569273 0.432689518 -0.004121755 0.999990344 -0.001560659 -1.099359751 -0.012575612 0.001508715 0.999919772 10.447357178
0.999872625 0.002667282 0.015734455 0.501473606 -0.002631585 0.999993920 -0.002288973 -1.237097621 -0.015740465 0.002247275 0.999873519 11.757468224
0.999814570 0.001758305 0.019171482 0.576106429 -0.001697781 0.999993563 -0.003172786 -1.372543812 -0.019176936 0.003139649 0.999811172 13.050338745
0.999747097 0.001519248 0.022437511 0.649698913 -0.001451765 0.999994338 -0.003023621 -1.521518588 -0.022441983 0.002990281 0.999743700 14.369292259
0.999661326 0.001438623 0.025983669 0.731638670 -0.001333330 0.999990821 -0.004069121 -1.659155250 -0.025989287 0.004033098 0.999654055 15.667825699
0.999581158 0.002292049 0.028852595 0.821761250 -0.002176077 0.999989450 -0.004050246 -1.798321366 -0.028861573 0.003985764 0.999575496 16.971122742
0.999490261 0.001936810 0.031866126 0.913498938 -0.001822595 0.999991775 -0.003612901 -1.937968016 -0.031872865 0.003552980 0.999485612 18.257194519
0.999415636 0.000160135 0.034180634 1.010074019 -0.000042907 0.999994099 -0.003430352 -2.079673767 -0.034180988 0.003426881 0.999409795 19.563030243
0.999360979 -0.002370566 0.035664316 1.105626702 0.002541101 0.999985576 -0.004737108 -2.218741179 -0.035652574 0.004824708 0.999352574 20.842773438
0.999314070 -0.001833650 0.036986999 1.206866741 0.002070848 0.999977469 -0.006375722 -2.363503456 -0.036974482 0.006447943 0.999295354 22.147317886
0.999269068 -0.001721754 0.038188975 1.288373470 0.002082244 0.999953628 -0.009401862 -2.503790617 -0.038171019 0.009474508 0.999226332 23.439031601
0.999232292 -0.001353957 0.039152138 1.395689011 0.001763089 0.999944210 -0.010417156 -2.650616646 -0.039135836 0.010478189 0.999178946 24.718034744
0.999189675 -0.000447252 0.040245187 1.495393753 0.000886900 0.999940157 -0.010907050 -2.799032450 -0.040237892 0.010933908 0.999130368 25.987007141
0.999170780 -0.002281741 0.040649407 1.594901443 0.002690187 0.999946415 -0.009996160 -2.944826603 -0.040624414 0.010097227 0.999123573 27.283426285
0.999166608 -0.005145890 0.040492266 1.698838949 0.005512062 0.999944925 -0.008936571 -3.090450764 -0.040444057 0.009152319 0.999139845 28.561906815
0.999189556 -0.006773554 0.039681669 1.796590805 0.007150393 0.999930620 -0.009362324 -3.237442255 -0.039615497 0.009638473 0.999168634 29.852657318
0.999197006 -0.008383087 0.039180279 1.896297216 0.008863445 0.999887466 -0.012102656 -3.379675388 -0.039074413 0.012440207 0.999158919 31.115734100
0.999235928 -0.008525758 0.038146339 2.011469126 0.008983979 0.999889255 -0.011856981 -3.532574177 -0.038041029 0.012190626 0.999201775 32.402175903
0.999256849 -0.008948855 0.037493359 2.107306957 0.009415577 0.999880135 -0.012290108 -3.676004887 -0.037378889 0.012633998 0.999221265 33.670146942
0.999262631 -0.009624179 0.037169244 2.200695038 0.010085694 0.999874115 -0.012249138 -3.821915627 -0.037046675 0.012614984 0.999233902 34.938156128
0.999266505 -0.010068944 0.036947273 2.288551331 0.010548718 0.999862254 -0.012813480 -3.965070248 -0.036813162 0.013193826 0.999235034 36.198486328
0.999316275 -0.010664229 0.035401139 2.404564381 0.011123475 0.999856114 -0.012801137 -4.124742508 -0.035259537 0.013186168 0.999291122 37.487953186
0.999318123 -0.010278492 0.035463184 2.496355295 0.010675348 0.999882281 -0.011019491 -4.270275116 -0.035345741 0.011390558 0.999310195 38.746021271
0.999274492 -0.010231777 0.036683220 2.593539953 0.010602513 0.999894500 -0.009926148 -4.408430576 -0.036577798 0.010307880 0.999277592 40.008148193
0.999201775 -0.011954811 0.038116135 2.706259012 0.012276410 0.999890864 -0.008214458 -4.552009583 -0.038013775 0.008675830 0.999239564 41.260040283
0.999080539 -0.012972012 0.040863637 2.794139385 0.013365257 0.999866784 -0.009364856 -4.694872379 -0.040736716 0.009902398 0.999120831 42.526138306
0.998951435 -0.014343273 0.043478370 2.888637066 0.014910504 0.999807537 -0.012750188 -4.840950012 -0.043287128 0.013385102 0.998973012 43.774929047
0.998850048 -0.015590655 0.045338247 2.991071224 0.016223935 0.999775410 -0.013633705 -4.988000870 -0.045115519 0.014353591 0.998878598 45.029960632
0.998745263 -0.015962381 0.047467817 3.130035877 0.016582211 0.999781966 -0.012692892 -5.120666504 -0.047254864 0.013464087 0.998792112 46.276046753
0.998521864 -0.016849477 0.051672749 3.225038528 0.017341821 0.999808371 -0.009094719 -5.272829533 -0.051509600 0.009977376 0.998622596 47.531192780
0.998251557 -0.019676084 0.055737220 3.337232590 0.020085005 0.999775350 -0.006785884 -5.415065765 -0.055591166 0.007893502 0.998422444 48.764739990
0.998005271 -0.021968732 0.059184790 3.469780684 0.022443518 0.999720871 -0.007369285 -5.552065849 -0.059006371 0.008682899 0.998219848 49.999614716
0.997706950 -0.025473617 0.062705338 3.605738163 0.026236305 0.999591053 -0.011369748 -5.686589718 -0.062390063 0.012988833 0.997967362 51.239631653
0.997454822 -0.026413344 0.066227742 3.754011393 0.027232949 0.999563038 -0.011503412 -5.815700054 -0.065894954 0.013277714 0.997738242 52.462383270
0.997095466 -0.029127354 0.070373021 3.881587505 0.029806364 0.999518514 -0.008617784 -5.961037636 -0.070088126 0.010690318 0.997483552 53.684242249
0.996805251 -0.031872891 0.073235631 4.037858486 0.032349154 0.999462485 -0.005326015 -6.092202663 -0.073026501 0.007678111 0.997300506 54.874156952
0.996562898 -0.033745356 0.075654127 4.179837227 0.034142584 0.999409139 -0.003963064 -6.228571415 -0.075475685 0.006532470 0.997126222 56.129604340
0.996370912 -0.036840156 0.076732144 4.334480286 0.036982395 0.999315798 -0.000433142 -6.356039524 -0.076663688 0.003269308 0.997051597 57.337585449
0.996208966 -0.039669070 0.077420861 4.480394840 0.039738543 0.999209821 0.000643797 -6.478925705 -0.077385232 0.002435236 0.996998250 58.551258087
0.996163368 -0.041530512 0.077030532 4.627177238 0.041842427 0.999121130 -0.002438926 -6.603106022 -0.076861553 0.005652713 0.997025728 59.741878510
0.996188462 -0.042830579 0.075986728 4.783664703 0.043465052 0.999032378 -0.006715067 -6.734899521 -0.075625584 0.009992241 0.997086227 60.948730469
0.996198893 -0.044044320 0.075151943 4.919232845 0.044981502 0.998929203 -0.010823034 -6.862111092 -0.074594766 0.014162343 0.997113347 62.130306244
0.996211588 -0.046398565 0.073549703 5.060921669 0.047484495 0.998786271 -0.013084489 -6.999850750 -0.072853327 0.016527390 0.997205734 63.352111816
0.996345043 -0.046470523 0.071673155 5.196182728 0.047519106 0.998785794 -0.012994071 -7.132457256 -0.070982292 0.016352423 0.997343540 64.529144287
0.996598065 -0.045370262 0.068802916 5.331234932 0.046332989 0.998848438 -0.012461098 -7.274322510 -0.068158314 0.015606553 0.997552454 65.742843628
0.996851802 -0.044890579 0.065355785 5.458227158 0.045674525 0.998900712 -0.010549972 -7.405854225 -0.064810351 0.013501855 0.997806311 66.919860840
0.997235537 -0.040826820 0.062082879 5.574594498 0.041337367 0.999121010 -0.006961100 -7.536384583 -0.061744124 0.009508200 0.998046637 68.109420776
0.997515202 -0.039183587 0.058548957 5.692678452 0.039525110 0.999207616 -0.004686031 -7.663464069 -0.058318943 0.006988541 0.998273492 69.282264709
0.997747421 -0.037999451 0.055281185 5.803460121 0.038514901 0.999223650 -0.008288542 -7.794026375 -0.054923311 0.010399021 0.998436391 70.456871033
0.997899890 -0.038474184 0.052110847 5.917290688 0.039286464 0.999120533 -0.014653463 -7.934688568 -0.051501244 0.016669944 0.998533785 71.650123596
0.997922361 -0.042423416 0.048488945 6.028387070 0.043324325 0.998904526 -0.017681722 -8.068942070 -0.047685709 0.019745734 0.998667181 72.820510864
0.997956693 -0.046153221 0.044184558 6.139889240 0.046752602 0.998826623 -0.012628899 -8.206494331 -0.043549851 0.014668836 0.998943567 73.989265442
0.997961521 -0.049957033 0.039712578 6.247131824 0.050310250 0.998701990 -0.007944562 -8.330382347 -0.039264154 0.009926316 0.999179542 75.145484924
0.998023510 -0.051987473 0.035303678 6.341873169 0.052192111 0.998624980 -0.004898999 -8.458498955 -0.035000455 0.006731890 0.999364555 76.339797974
0.998198986 -0.051211741 0.031243095 6.431895256 0.051311448 0.998679876 -0.002397033 -8.582973480 -0.031079095 0.003995844 0.999508917 77.499221802
0.998344600 -0.050595269 0.027353663 6.525828362 0.050678313 0.998712242 -0.002350903 -8.700302124 -0.027199486 0.003733248 0.999623060 78.658088684
0.998481572 -0.049488645 0.024192488 6.596618652 0.049612097 0.998758256 -0.004529655 -8.825404167 -0.023938287 0.005723017 0.999697030 79.830108643
0.998676240 -0.046974640 0.020953260 6.671908379 0.047184817 0.998839557 -0.009651557 -8.952903748 -0.020475566 0.010627458 0.999733865 80.974945068
0.998573482 -0.050538700 0.017226545 6.753355026 0.050786242 0.998607934 -0.014248919 -9.092071533 -0.016482443 0.015103464 0.999750018 82.136840820
0.998423040 -0.054073289 0.015078112 6.812674522 0.054295100 0.998416603 -0.014710932 -9.225677490 -0.014258767 0.015506402 0.999778032 83.264442444
0.998480618 -0.054199722 0.009936116 6.897519588 0.054316595 0.998453021 -0.011897249 -9.351856232 -0.009275916 0.012418869 0.999879777 84.417427063
0.998475790 -0.054675892 0.007531670 6.955126762 0.054745093 0.998457015 -0.009310231 -9.478454590 -0.007011005 0.009708363 0.999928236 85.550590515
0.998610198 -0.052253000 0.006875831 7.008214951 0.052326240 0.998570085 -0.010941539 -9.607517242 -0.006294272 0.011286119 0.999916434 86.695243835
0.998812258 -0.048389871 0.005700630 7.063379288 0.048467599 0.998721063 -0.014393148 -9.735892296 -0.004996857 0.014652350 0.999880135 87.821434021
0.998876929 -0.047197063 0.004164692 7.118093967 0.047260597 0.998741806 -0.016768981 -9.867530823 -0.003368006 0.016946975 0.999850690 88.937934875
0.998831153 -0.048211418 0.003463070 7.171066761 0.048264503 0.998683631 -0.017364632 -10.000104904 -0.002621338 0.017511478 0.999843121 90.056945801
0.998788476 -0.049128156 0.002862036 7.214426994 0.049165875 0.998676896 -0.015080646 -10.132747650 -0.002117365 0.015203090 0.999882162 91.173568726
0.998698592 -0.050975244 0.001608808 7.273708344 0.050991140 0.998624384 -0.012216438 -10.258529663 -0.000983859 0.012282575 0.999924064 92.283050537
0.998711944 -0.050708666 0.001740479 7.323041439 0.050725602 0.998644173 -0.011690085 -10.384202003 -0.001145330 0.011763316 0.999930143 93.422409058
0.998696208 -0.051025838 0.001517618 7.366237164 0.051042099 0.998598516 -0.013984559 -10.514613152 -0.000801917 0.014043788 0.999901056 94.564949036
0.998693407 -0.051091019 0.001128696 7.421166897 0.051102929 0.998541713 -0.017405266 -10.643666267 -0.000237798 0.017440205 0.999847829 95.665824890
0.998646200 -0.052013863 0.000677414 7.476613998 0.052017443 0.998472393 -0.018627608 -10.774890900 0.000292515 0.018637624 0.999826252 96.770828247
0.998641491 -0.052095167 0.001048897 7.525281906 0.052105550 0.998487949 -0.017513480 -10.903539658 -0.000134944 0.017544340 0.999846101 97.846435547
0.998657405 -0.051776960 0.001597920 7.574926853 0.051792253 0.998588145 -0.011804977 -11.025644302 -0.000984438 0.011871889 0.999929011 98.934082031
0.998744309 -0.050024278 0.002715512 7.625963211 0.050046157 0.998709023 -0.008696488 -11.146716118 -0.002276971 0.008821469 0.999958515 100.006561279
0.998826921 -0.048174612 0.004910947 7.677493095 0.048217379 0.998796344 -0.008997555 -11.258337975 -0.004471582 0.009223793 0.999947488 101.055374146
0.998890221 -0.046655264 0.006437114 7.737030506 0.046719950 0.998855114 -0.010293876 -11.387908936 -0.005949480 0.010583195 0.999926209 102.109359741
0.998868048 -0.046774473 0.008644998 7.794806957 0.046885312 0.998814464 -0.013095855 -11.501276970 -0.008022197 0.013486354 0.999876857 103.121574402
0.998773932 -0.048374545 0.010512231 7.853034496 0.048514988 0.998730600 -0.013543978 -11.620332718 -0.009843703 0.014037374 0.999852955 104.139595032
0.998659790 -0.050296925 0.012198920 7.923530102 0.050450079 0.998647153 -0.012590341 -11.750360489 -0.011549164 0.013188903 0.999846339 105.136047363
0.998644590 -0.050160140 0.013892637 7.982448578 0.050314952 0.998672545 -0.011027824 -11.864879608 -0.013321038 0.011711883 0.999842644 106.091766357
0.998569429 -0.051262666 0.015214922 8.045134544 0.051413175 0.998630583 -0.009671283 -11.972413063 -0.014698314 0.010439696 0.999837399 107.053405762
0.998509049 -0.051816579 0.017165879 8.101543427 0.051997457 0.998594463 -0.010263734 -12.076647758 -0.016609918 0.011141014 0.999799967 107.970077515
0.998497367 -0.051375512 0.019066431 8.159456253 0.051537305 0.998638213 -0.008093190 -12.181455612 -0.018624676 0.009063661 0.999785602 108.875274658
0.998504519 -0.050554018 0.020808255 8.219902039 0.050688419 0.998696625 -0.005982741 -12.278013229 -0.020478686 0.007028530 0.999765635 109.751739502
0.998473346 -0.050703257 0.021912571 8.281801224 0.050773744 0.998706579 -0.002672003 -12.380434036 -0.021748746 0.003780507 0.999756336 110.603843689
0.998435676 -0.050698265 0.023576083 8.340629578 0.050773792 0.998706758 -0.002615843 -12.471194267 -0.023412969 0.003808799 0.999718666 111.428207397
0.998451293 -0.049904633 0.024587953 8.394432068 0.049965236 0.998749256 -0.001856075 -12.560566902 -0.024464572 0.003081742 0.999695957 112.244567871
0.998558462 -0.047487695 0.025017068 8.446690559 0.047542989 0.998867929 -0.001619783 -12.639119148 -0.024911825 0.002806834 0.999685705 113.024673462
0.998685658 -0.045109525 0.024331473 8.493971825 0.045085646 0.998981953 0.001529200 -12.717093468 -0.024375685 -0.000430190 0.999702811 113.781684875
0.998753309 -0.045155700 0.021278072 8.541595459 0.045107581 0.998978376 0.002736255 -12.803390503 -0.021379892 -0.001773042 0.999769866 114.533409119
0.998868048 -0.045171507 0.014902983 8.577411652 0.045136321 0.998977184 0.002689226 -12.876167297 -0.015009219 -0.002013516 0.999885321 115.228218079
0.999053597 -0.043250442 0.004601978 8.603030205 0.043243654 0.999063373 0.001564300 -12.950385094 -0.004665324 -0.001363814 0.999988198 115.900856018
0.999127209 -0.040751640 -0.009173656 8.602584839 0.040741671 0.999168873 -0.001271498 -13.017836571 0.009217845 0.000896638 0.999957144 116.535392761
0.998837233 -0.039046001 -0.028276436 8.604921341 0.038955860 0.999233961 -0.003731988 -13.087485313 0.028400501 0.002626116 0.999593198 117.154083252
0.998020709 -0.037434116 -0.050530404 8.569064140 0.037178665 0.999290645 -0.005986335 -13.157286644 0.050718665 0.004095834 0.998704672 117.740974426
0.996282637 -0.036002066 -0.078261569 8.529062271 0.035495948 0.999338984 -0.007849060 -13.223352432 0.078492418 0.005041914 0.996901989 118.310897827
0.993341029 -0.033891395 -0.110112526 8.455967903 0.033022348 0.999407411 -0.009706894 -13.291877747 0.110376261 0.006006083 0.993871689 118.851295471
0.988920569 -0.029159270 -0.145552963 8.346401215 0.027851125 0.999551356 -0.011017557 -13.359148026 0.145808935 0.006841676 0.989289045 119.398292542
0.982568622 -0.023208462 -0.184445441 8.250408173 0.021630628 0.999710262 -0.010562276 -13.414469719 0.184637085 0.006388492 0.982786000 119.902992249
0.973962247 -0.017808165 -0.226009488 8.109283447 0.016273748 0.999830246 -0.008650613 -13.471032143 0.226125121 0.004747349 0.974086702 120.405273438
0.962630868 -0.013145066 -0.270497859 7.933786392 0.011696745 0.999907374 -0.006965678 -13.530347824 0.270564377 0.003541433 0.962695360 120.899795532
0.948362410 -0.006790328 -0.317116380 7.742805481 0.004566809 0.999959528 -0.007754440 -13.583510399 0.317156225 0.005905808 0.948354900 121.363906860
0.930857718 0.000895874 -0.365380585 7.510185242 -0.004361222 0.999953032 -0.008659039 -13.638323784 0.365355670 0.009653839 0.930817962 121.847831726
0.909756660 0.005457398 -0.415106028 7.254844666 -0.010225018 0.999904811 -0.009263657 -13.693099976 0.415015906 0.012672137 0.909725904 122.277145386
0.884627938 0.009833338 -0.466193974 6.985992432 -0.015354188 0.999849796 -0.008045753 -13.745430946 0.466044843 0.014275525 0.884645939 122.690589905
0.855663061 0.012846462 -0.517373860 6.697498322 -0.019984711 0.999766469 -0.008227546 -13.785733223 0.517147303 0.017379573 0.855720043 123.089157104
0.824123085 0.022572428 -0.565960884 6.374568939 -0.030628366 0.999519646 -0.004735235 -13.837600708 0.565582037 0.021236870 0.824418604 123.455230713
0.789958000 0.035243295 -0.612147272 6.019264221 -0.043232039 0.999063551 0.001729646 -13.878860474 0.611634970 0.025098028 0.790741920 123.819030762
0.753814578 0.044054873 -0.655608833 5.666072845 -0.054457661 0.998506010 0.004481452 -13.920827866 0.654826760 0.032324739 0.755087495 124.134155273
0.713984966 0.047722492 -0.698532820 5.295448303 -0.061585777 0.998088062 0.005239458 -13.964953423 0.697447360 0.039278783 0.715558887 124.434005737
0.671054661 0.049489472 -0.739754319 4.920104980 -0.064242065 0.997898400 0.008483257 -14.013729095 0.738619447 0.041830607 0.672823668 124.721168518
0.627555251 0.053143032 -0.776756227 4.508308411 -0.067190193 0.997642279 0.013971157 -14.052171707 0.775667369 0.043422725 0.629646361 124.984786987
0.582578003 0.061859995 -0.810417354 4.081703186 -0.078640603 0.996711254 0.019548288 -14.083191872 0.808961451 0.052343309 0.585526764 125.213516235
0.536763310 0.070713863 -0.840764344 3.638500214 -0.090101704 0.995587587 0.026212523 -14.108222961 0.838908076 0.061684385 0.540766239 125.426452637
0.490116000 0.075825050 -0.868352950 3.182849884 -0.095729694 0.994865477 0.032840416 -14.135014534 0.866384506 0.067031555 0.494858176 125.624977112
0.442614794 0.077152975 -0.893386602 2.719657898 -0.095079519 0.994713247 0.038797870 -14.160705566 0.891656876 0.067770265 0.447610438 125.805694580
0.395696759 0.078485273 -0.915021420 2.241783142 -0.092252448 0.994698882 0.045425426 -14.178915024 0.913736105 0.066438273 0.400839627 125.977554321
0.349473208 0.081851073 -0.933364213 1.745437622 -0.094233200 0.994196415 0.051902626 -14.206285477 0.932195544 0.069815315 0.355158031 126.127655029
0.306258917 0.085171945 -0.948130310 1.245449066 -0.099845707 0.993369877 0.056984358 -14.225369453 0.946697652 0.077214755 0.312732488 126.238265991
0.264334023 0.086536661 -0.960540891 0.724071503 -0.104518540 0.992670715 0.060668513 -14.241353035 0.958750904 0.084357582 0.271441430 126.343025208
0.224935710 0.083245195 -0.970811129 0.197446823 -0.104696050 0.992640316 0.060859077 -14.258991241 0.968732536 0.087950706 0.231995746 126.445396423
0.189782783 0.077642657 -0.978751302 -0.338529587 -0.100078128 0.993205845 0.059383873 -14.276666641 0.976712286 0.086681552 0.196263716 126.538398743
0.159301594 0.072490208 -0.984564900 -0.887351990 -0.097380601 0.993590653 0.057398666 -14.297481537 0.982415378 0.086733818 0.165339708 126.617561340
0.133257121 0.070863739 -0.988544762 -1.454198837 -0.098457284 0.993452907 0.057943415 -14.316123962 0.986178875 0.089608066 0.139361739 126.681159973
0.111155413 0.070169240 -0.991322696 -2.048989296 -0.098941490 0.993329763 0.059217155 -14.330382347 0.988865614 0.091500632 0.117356613 126.738647461
0.092119932 0.071230084 -0.993196964 -2.642335892 -0.100745782 0.992986619 0.061870731 -14.344141006 0.990638316 0.094360881 0.098649971 126.798812866
0.076300025 0.069862507 -0.994634330 -3.253960609 -0.102100194 0.992846012 0.061904617 -14.370719910 0.991843641 0.096829042 0.082887165 126.846824646
0.061997481 0.068719886 -0.995707810 -3.873405933 -0.100999787 0.992937684 0.062239986 -14.400226593 0.992952824 0.096707545 0.068500340 126.899871826
0.049859576 0.066367507 -0.996548772 -4.513136387 -0.096681520 0.993424475 0.061322238 -14.422746658 0.994065762 0.093290329 0.055948235 126.941200256
0.037619028 0.063992612 -0.997241199 -5.161382198 -0.094356917 0.993716121 0.060206980 -14.440819740 0.994827390 0.091831662 0.043420799 126.977935791
0.027539190 0.062761970 -0.997648478 -5.830028057 -0.094044723 0.993762970 0.059921522 -14.459798813 0.995186985 0.092173383 0.033269867 127.008216858
0.017884959 0.064268127 -0.997772396 -6.501046181 -0.097397782 0.993297875 0.062234063 -14.482183456 0.995084822 0.096067764 0.024024662 127.028602600
0.009517681 0.064284563 -0.997886181 -7.179156303 -0.100278847 0.992962062 0.063010909 -14.510743141 0.994913936 0.099467158 0.015897078 127.043464661
0.002895643 0.063395455 -0.997984231 -7.864127636 -0.102265619 0.992774844 0.062767819 -14.529673576 0.994752884 0.101877727 0.009357897 127.061454773
-0.002033801 0.064089425 -0.997942090 -8.562837601 -0.103096455 0.992612898 0.063957289 -14.546377182 0.994669199 0.103014372 0.004588614 127.075378418
-0.005848923 0.066689029 -0.997756660 -9.282861710 -0.105318137 0.992183387 0.066933893 -14.567825317 0.994421363 0.105473354 0.001220359 127.099678040
-0.006497562 0.070469998 -0.997492731 -10.019258499 -0.107562929 0.991676986 0.070759781 -14.591526031 0.994176984 0.107753016 0.001136476 127.098800659
-0.007803304 0.073772795 -0.997244537 -10.728616714 -0.110132627 0.991144538 0.074183308 -14.607810974 0.993886292 0.110408030 0.000390590 127.114372253
-0.008337999 0.079368278 -0.996810496 -11.469022751 -0.114999175 0.990155041 0.079800300 -14.615748405 0.993330657 0.115297765 0.000871374 127.120269775
-0.009625907 0.083029829 -0.996500492 -12.208932877 -0.117981061 0.989491701 0.083585523 -14.628627777 0.992969155 0.118372783 0.000271192 127.130371094
-0.010774060 0.083426282 -0.996455729 -12.964111328 -0.118125282 0.989429653 0.084115267 -14.645693779 0.992940247 0.118612893 -0.000805420 127.144294739
-0.012164243 0.080449387 -0.996684492 -13.707052231 -0.115727879 0.989946663 0.081317946 -14.665200233 0.993206441 0.116333343 -0.002731716 127.164482117
-0.013680091 0.076807141 -0.996952176 -14.466934204 -0.119199663 0.989810169 0.077892564 -14.669861794 0.992776036 0.119901940 -0.004385305 127.176322937
-0.014825607 0.078313641 -0.996818542 -15.238953590 -0.124666698 0.989004195 0.079553865 -14.680639267 0.992087960 0.125449494 -0.004899486 127.173171997
-0.016122071 0.081811264 -0.996517360 -16.022026062 -0.121381536 0.989115536 0.083167359 -14.699966431 0.992474973 0.122299641 -0.006016217 127.185501099
-0.018209083 0.081759259 -0.996485710 -16.795656204 -0.120209701 0.989242315 0.083361588 -14.715948105 0.992581487 0.121305190 -0.008184939 127.201004028
-0.018874131 0.081282124 -0.996512353 -17.589435577 -0.123927593 0.988813818 0.083001390 -14.727200508 0.992111683 0.125061989 -0.008589901 127.194648743
-0.020491188 0.080817103 -0.996518254 -18.384130478 -0.127766147 0.988343596 0.082781367 -14.740123749 0.991592765 0.129017547 -0.009926645 127.213615417
-0.021674234 0.085170440 -0.996130586 -19.181201935 -0.129595354 0.987718999 0.087271005 -14.746766090 0.991330087 0.130985424 -0.010370361 127.221115112
-0.022571931 0.090170957 -0.995670497 -19.984699249 -0.128973141 0.987339437 0.092340291 -14.761626244 0.991391242 0.130499050 -0.010656526 127.236122131
-0.021334831 0.092290096 -0.995503485 -20.817468643 -0.129511982 0.987085044 0.094285242 -14.769059181 0.991348326 0.130941242 -0.009106621 127.242752075
-0.019277360 0.091425277 -0.995625257 -21.636007309 -0.128893629 0.987273395 0.093154006 -14.778344154 0.991470993 0.130125523 -0.007247891 127.250526428
-0.018612068 0.091125950 -0.995665371 -22.467876434 -0.128913283 0.987306893 0.092770740 -14.781903267 0.991481304 0.130081147 -0.006628476 127.266937256
-0.018400315 0.090123057 -0.995760620 -23.291770935 -0.127287075 0.987614393 0.091737859 -14.787055969 0.991695166 0.128435448 -0.006700912 127.288230896
-0.017756540 0.091956086 -0.995604694 -24.128547668 -0.128159508 0.987338305 0.093478292 -14.793869972 0.991594493 0.129256085 -0.005746664 127.308815002
-0.017094500 0.094260454 -0.995400846 -24.968833923 -0.129859358 0.986904562 0.095686041 -14.796699524 0.991385102 0.130897790 -0.004630039 127.323631287
-0.017013991 0.096619539 -0.995175958 -25.835409164 -0.132611871 0.986308813 0.098025844 -14.796871185 0.991021991 0.133639947 -0.003968152 127.335372925
-0.015333979 0.097727582 -0.995095074 -26.699083328 -0.134832993 0.985920012 0.098904215 -14.794610977 0.990749776 0.135688201 -0.001941173 127.346092224
-0.013293901 0.100873671 -0.994810462 -27.571828842 -0.141525671 0.984692633 0.101738997 -14.794734955 0.989845276 0.142143682 0.001185807 127.357124329
-0.011180889 0.104525618 -0.994459331 -28.451725006 -0.146138310 0.983672261 0.105034888 -14.788486481 0.989201009 0.146502972 0.004276870 127.372261047
-0.009116853 0.106436297 -0.994277775 -29.326816559 -0.148683473 0.983121693 0.106605411 -14.784172058 0.988842785 0.148804590 0.006862345 127.402107239
-0.005285417 0.107306637 -0.994211912 -30.220129013 -0.147268519 0.983301461 0.106911987 -14.785621643 0.989082396 0.146981195 0.010605738 127.424713135
-0.002713759 0.107198775 -0.994233906 -31.111333847 -0.149959415 0.982951105 0.106391594 -14.780202866 0.988688469 0.149383441 0.013407974 127.453422546
-0.000254049 0.111072652 -0.993812263 -32.012489319 -0.150325328 0.982514977 0.109848447 -14.773123741 0.988636553 0.149423063 0.016447425 127.482780457
0.002065327 0.113002732 -0.993592441 -32.924980164 -0.149438992 0.982472360 0.111427389 -14.768758774 0.988768816 0.148251340 0.018916139 127.524581909
0.003781470 0.114206724 -0.993449807 -33.817600250 -0.150044978 0.982274771 0.112350911 -14.765649796 0.988672018 0.148637295 0.020850588 127.565544128
0.006405653 0.112297572 -0.993653893 -34.721504211 -0.151323706 0.982339919 0.110043362 -14.758411407 0.988463521 0.149658486 0.023285806 127.595146179
0.006738952 0.113553837 -0.993508935 -35.631916046 -0.155566573 0.981554151 0.111132264 -14.749214172 0.987802446 0.153807893 0.024279829 127.637054443
0.007668054 0.114253715 -0.993421972 -36.526000977 -0.156308815 0.981376112 0.111661807 -14.745603561 0.987678468 0.154424384 0.025384109 127.674613953
0.008086439 0.110814415 -0.993808329 -37.421737671 -0.156892419 0.981672466 0.108184613 -14.743553162 0.987582564 0.155046150 0.025324179 127.707832336
0.008980777 0.106548101 -0.994266987 -38.330059052 -0.157748982 0.982007563 0.103809468 -14.745369911 0.987438500 0.155912295 0.025627043 127.752731323
0.009504688 0.105820000 -0.994339764 -39.227966309 -0.157474071 0.982135177 0.103015892 -14.740947723 0.987477362 0.155603573 0.025998797 127.793251038
0.009315934 0.109956414 -0.993892729 -40.131504059 -0.159878671 0.981313169 0.107066147 -14.736974716 0.987092733 0.157904863 0.026721535 127.832786560
0.009572884 0.116028570 -0.993199885 -41.063728333 -0.160306334 0.980576813 0.113008849 -14.725858688 0.987021029 0.158134401 0.027987070 127.871879578
0.009869362 0.114721544 -0.993348658 -41.958328247 -0.158015668 0.981094241 0.111736342 -14.726759911 0.987387300 0.155861869 0.027810579 127.915138245
0.010748290 0.104412578 -0.994476140 -42.850067139 -0.157437667 0.982305765 0.101433218 -14.732408524 0.987470388 0.155477718 0.026996586 127.957305908
0.010944952 0.093874186 -0.995523930 -43.769813538 -0.159038439 0.983073950 0.090951741 -14.738258362 0.987211704 0.157331094 0.025689306 127.997886658
0.009840718 0.090736069 -0.995826364 -44.670455933 -0.155925304 0.983831882 0.088102341 -14.746690750 0.987719834 0.154407561 0.023829663 128.043502808
0.009852985 0.100919366 -0.994845808 -45.594696045 -0.148488253 0.984011412 0.098349683 -14.750920296 0.988865018 0.146753877 0.024680791 128.089965820
0.009743777 0.114112407 -0.993420064 -46.539073944 -0.143560424 0.983335078 0.111545876 -14.748510361 0.989593506 0.141528949 0.025963422 128.149185181
0.009844036 0.123192169 -0.992334068 -47.461421967 -0.143725321 0.982252061 0.120514788 -14.740601540 0.989568651 0.141437173 0.027375162 128.193954468
0.009711479 0.117402129 -0.993036985 -48.377960205 -0.143764228 0.982930481 0.114801347 -14.737318039 0.989564359 0.141648337 0.026423939 128.234527588
0.010033796 0.103843682 -0.994542956 -49.302726746 -0.143759564 0.984410644 0.101335354 -14.735170364 0.989561796 0.141958296 0.024805892 128.270294189
0.010516408 0.094878927 -0.995433271 -50.218090057 -0.144375294 0.985201538 0.092378423 -14.735845566 0.989467204 0.142744482 0.024058947 128.314041138
0.011331585 0.095126569 -0.995400786 -51.150901794 -0.143318772 0.985341132 0.092533715 -14.746717453 0.989611745 0.141611069 0.024798904 128.356292725
0.010708098 0.096579656 -0.995267630 -52.090106964 -0.146331787 0.984760702 0.093985707 -14.758794785 0.989177585 0.144632906 0.024677593 128.395034790
0.011145292 0.095881134 -0.995330393 -53.040275574 -0.151258692 0.984099686 0.093105532 -14.764678955 0.988431513 0.149514675 0.025470931 128.431884766
0.011518375 0.095350958 -0.995377004 -53.972362518 -0.153014585 0.983887136 0.092479631 -14.766551971 0.988156736 0.151242003 0.025922872 128.474502563
0.012499291 0.102846518 -0.994618714 -54.918491364 -0.162131101 0.981742084 0.099477559 -14.765280724 0.986690104 0.160015211 0.028945697 128.507812500
0.014045656 0.112427607 -0.993560612 -55.869010925 -0.167902201 0.979814768 0.108498581 -14.762241364 0.985703588 0.165297091 0.032638982 128.545257568
0.015292803 0.120354488 -0.992613196 -56.836429596 -0.168142006 0.978901803 0.116101481 -14.755846977 0.985644162 0.165124431 0.035206791 128.599060059
0.016143229 0.121292181 -0.992485642 -57.778388977 -0.169432417 0.978591621 0.116838291 -14.749292374 0.985409617 0.166273043 0.036348455 128.645019531
0.017340178 0.111374125 -0.993627310 -58.717124939 -0.171053797 0.979456127 0.106800571 -14.744327545 0.985109150 0.168111801 0.036034912 128.699554443
0.017944494 0.106435686 -0.994157791 -59.662055969 -0.169276759 0.980287135 0.101895235 -14.743907928 0.985405147 0.166459367 0.035607848 128.770233154
0.020461164 0.105074242 -0.994253874 -60.610145569 -0.167963892 0.980689228 0.100184098 -14.752182961 0.985580742 0.164948851 0.037714720 128.812835693
0.024010582 0.110680461 -0.993565977 -61.609016418 -0.169986114 0.979831934 0.105042629 -14.740891457 0.985153913 0.166370302 0.042340476 128.863861084
0.027770057 0.112937145 -0.993214011 -62.570663452 -0.172835514 0.979175091 0.106508344 -14.742237091 0.984559178 0.168704897 0.046711292 128.917327881
0.031902388 0.107575096 -0.993685007 -63.519248962 -0.172199443 0.979916215 0.100556009 -14.743293762 0.984545350 0.167904034 0.049786035 128.976913452
0.034491055 0.101846866 -0.994201899 -64.474403381 -0.171961978 0.980561972 0.094483845 -14.751313210 0.984499633 0.167706072 0.051334407 129.047653198
0.037828699 0.101527333 -0.994113266 -65.435432434 -0.169140220 0.981121719 0.093764290 -14.753177643 0.984865844 0.164597526 0.054286912 129.122756958
0.040369198 0.106359862 -0.993507862 -66.420356750 -0.166847944 0.981075346 0.098249368 -14.772185326 0.985155821 0.161798507 0.057351153 129.203460693
0.043877624 0.112891108 -0.992638052 -67.379821777 -0.166256607 0.980564892 0.104168996 -14.772867203 0.985105813 0.160461932 0.061793756 129.281219482
0.046280056 0.116992287 -0.992053807 -68.344955444 -0.163961902 0.980538487 0.107985333 -14.779731750 0.985380471 0.157661453 0.064561643 129.366287231
0.048655391 0.118895464 -0.991713881 -69.328437805 -0.163652718 0.980420768 0.109512433 -14.780853271 0.985317469 0.156968281 0.067160323 129.443679810
0.051095348 0.115948848 -0.991940022 -70.272315979 -0.161971882 0.981049597 0.106332600 -14.778644562 0.985471666 0.155233294 0.068907522 129.515701294
0.051705111 0.114194334 -0.992111981 -71.217132568 -0.159993872 0.981555998 0.104641035 -14.780528069 0.985763013 0.153321356 0.069021851 129.603530884
0.052247886 0.110934786 -0.992453337 -72.164466858 -0.156885311 0.982382119 0.101549789 -14.792122841 0.986233830 0.150395572 0.068731427 129.691802979
0.051957544 0.110820755 -0.992481291 -73.152206421 -0.155733243 0.982564270 0.101560600 -14.788793564 0.986431718 0.149285495 0.068310119 129.774200439
0.051766749 0.115337431 -0.991976500 -74.105728149 -0.152506083 0.982570767 0.106285229 -14.789664268 0.986945808 0.145780414 0.068454154 129.859588623
0.051317271 0.117326327 -0.991766512 -75.067764282 -0.146402985 0.983230114 0.108741075 -14.796785355 0.987893045 0.139617309 0.067633606 129.953689575
0.050306689 0.112390958 -0.992389739 -76.027015686 -0.143614486 0.984135211 0.104175933 -14.782763481 0.988354206 0.137280807 0.065649562 130.039825439
0.048722170 0.109108329 -0.992835224 -76.985984802 -0.146031097 0.984112382 0.100983441 -14.791832924 0.988079488 0.140064672 0.063881308 130.118621826
0.047609430 0.106254086 -0.993198693 -77.935379028 -0.142549276 0.984871328 0.098530047 -14.794436455 0.988641977 0.136888772 0.062035605 130.199508667
0.046102352 0.107379757 -0.993148685 -78.899925232 -0.142693028 0.984718204 0.099844389 -14.800244331 0.988692760 0.137112319 0.060720157 130.270675659
0.045478415 0.108345546 -0.993072510 -79.861206055 -0.144579589 0.984348416 0.100772612 -14.800503731 0.988447487 0.138995051 0.060431156 130.343307495
0.044022702 0.108412877 -0.993130744 -80.815002441 -0.146042883 0.984113514 0.100954883 -14.802168846 0.988298237 0.140595376 0.059156265 130.417343140
0.042670518 0.109665178 -0.993052244 -81.765983582 -0.145987421 0.983973622 0.102389671 -14.807574272 0.988365650 0.140604123 0.057996403 130.483337402
0.040763523 0.109650977 -0.993133962 -82.730300903 -0.145943567 0.983953297 0.102647051 -14.807579041 0.988452673 0.140757263 0.056112260 130.552749634
0.038961660 0.112067580 -0.992936492 -83.684715271 -0.145775810 0.983697295 0.105304725 -14.800857544 0.988550127 0.140643269 0.054663222 130.626510620
0.037438985 0.115673989 -0.992581427 -84.638870239 -0.147076443 0.983098626 0.109021328 -14.793331146 0.988416314 0.141903669 0.053819131 130.685363770
0.035327990 0.120810024 -0.992046833 -85.588027954 -0.148298681 0.982310116 0.114343219 -14.785278320 0.988311410 0.143079728 0.052619010 130.749740601
0.033113591 0.120532967 -0.992156863 -86.543281555 -0.148239583 0.982313633 0.114389598 -14.782409668 0.988397062 0.143289059 0.050395682 130.811477661
0.032303117 0.115367606 -0.992797434 -87.488136292 -0.148242950 0.982882261 0.109391950 -14.778187752 0.988423288 0.143641531 0.048852589 130.870468140
0.029486306 0.110618256 -0.993425488 -88.434684753 -0.152251810 0.982757866 0.104911350 -14.768915176 0.987901807 0.148157373 0.045819722 130.933120728
0.028353631 0.108509637 -0.993690908 -89.379089355 -0.150246844 0.983259797 0.103083469 -14.767376900 0.988241911 0.146376148 0.044182215 130.996612549
0.028168561 0.109940901 -0.993538916 -90.347633362 -0.145621434 0.983781219 0.104732543 -14.770991325 0.988939285 0.141730398 0.043721449 131.045089722
0.027750209 0.111211337 -0.993409276 -91.297180176 -0.142644450 0.984062135 0.106180266 -14.769277573 0.989384890 0.138757810 0.043171618 131.104843140
0.026362021 0.111098163 -0.993459761 -92.247077942 -0.137228012 0.984798849 0.106488176 -14.772124290 0.990188539 0.133523300 0.041207068 131.172531128
0.025200864 0.108291410 -0.993799806 -93.188858032 -0.133101583 0.985628128 0.104025759 -14.775849342 0.990781963 0.129654750 0.039252434 131.235366821
0.024610030 0.105033860 -0.994164109 -94.134994507 -0.128053099 0.986604512 0.101065278 -14.779235840 0.991461873 0.124818593 0.037730280 131.296188354
0.022707520 0.107607149 -0.993934095 -95.120468140 -0.126641080 0.986491323 0.103908084 -14.782972336 0.991688609 0.123513401 0.036028255 131.350738525
0.021368627 0.110070132 -0.993694127 -96.067245483 -0.125993088 0.986293375 0.106540985 -14.782612801 0.991800964 0.122921959 0.034943819 131.406906128
0.020195328 0.107789867 -0.993968546 -97.025123596 -0.121945284 0.987014174 0.104558036 -14.777338982 0.992331386 0.119098179 0.033077538 131.454147339
0.018082133 0.105025515 -0.994305074 -97.973869324 -0.118989691 0.987626314 0.102156118 -14.782473564 0.992730796 0.116464846 0.030355332 131.503814697
0.014531852 0.101804800 -0.994698226 -98.939002991 -0.117684670 0.988063097 0.099406421 -14.772419930 0.992944658 0.115616173 0.026339248 131.556228638
0.011855306 0.100918524 -0.994823992 -99.893188477 -0.112139516 0.988752007 0.098966189 -14.782881737 0.993621767 0.110385805 0.023038913 131.605346680
0.009753654 0.101024583 -0.994836032 -100.852165222 -0.105349071 0.989450514 0.099444807 -14.778430939 0.994387388 0.103835106 0.020293601 131.646133423
0.007370018 0.108569346 -0.994061530 -101.816902161 -0.095361181 0.989634395 0.107378781 -14.775984764 0.995415390 0.094003521 0.017646924 131.705490112
0.004721240 0.116654076 -0.993161321 -102.775039673 -0.087292038 0.989429176 0.115800738 -14.772978783 0.996171534 0.086148351 0.014854307 131.760635376
0.002309501 0.115844019 -0.993264735 -103.726966858 -0.083166964 0.989848554 0.115252219 -14.765449524 0.996532917 0.082340643 0.011920453 131.801956177
-0.000702517 0.106011763 -0.994364619 -104.684135437 -0.083868779 0.990855396 0.105696857 -14.767863274 0.996476531 0.083470426 0.008194985 131.837722778
-0.002790922 0.096585400 -0.995320737 -105.630462646 -0.085705824 0.991639256 0.096468449 -14.767091751 0.996316493 0.085574023 0.005510342 131.874679565
-0.002956709 0.097968921 -0.995185137 -106.594268799 -0.092799097 0.990868211 0.097819649 -14.768839836 0.995680451 0.092641518 0.006161719 131.890441895
-0.003966132 0.107624196 -0.994183719 -107.554801941 -0.096557170 0.989504874 0.107502878 -14.762776375 0.995319486 0.096421950 0.006467382 131.928680420
-0.005517865 0.118845768 -0.992897332 -108.517570496 -0.100442141 0.987825215 0.118796848 -14.750986099 0.994927645 0.100384250 0.006486438 131.958023071
-0.006927019 0.121001393 -0.992628157 -109.458549500 -0.107689463 0.986788809 0.121041082 -14.745800018 0.994160473 0.107734047 0.006195072 131.988296509
-0.006612532 0.118020445 -0.992989123 -110.439155579 -0.114928231 0.986340940 0.117995612 -14.729724884 0.993351817 0.114902727 0.007041669 132.003555298
-0.006810312 0.114155777 -0.993439496 -111.393867493 -0.123185039 0.985800028 0.114122368 -14.718935966 0.992360413 0.123154074 0.007348677 132.027221680
-0.004323206 0.116140366 -0.993223369 -112.358222961 -0.127838165 0.985018909 0.115737431 -14.700757980 0.991785645 0.127472222 0.010588733 132.048889160
-0.003244279 0.117313728 -0.993089736 -113.334304810 -0.136039421 0.983810604 0.116662033 -14.683872223 0.990698099 0.135477781 0.012767536 132.073944092
-0.002604258 0.120066464 -0.992762506 -114.298820496 -0.145258203 0.982190788 0.119168974 -14.668071747 0.989390373 0.144517228 0.014882764 132.093368530
-0.002613170 0.122233644 -0.992497861 -115.272911072 -0.150828153 0.981098831 0.121226870 -14.647986412 0.988556504 0.150013417 0.015872497 132.122055054
-0.002001588 0.121832095 -0.992548704 -116.245681763 -0.155226216 0.980482042 0.120663993 -14.637482643 0.987876952 0.154311106 0.016949013 132.156951904
-0.000239826 0.112321340 -0.993671894 -117.201850891 -0.154122144 0.981795192 0.111016020 -14.639930725 0.988051713 0.153173521 0.017075744 132.187408447
0.000911393 0.100835860 -0.994902670 -118.151283264 -0.157487169 0.982502282 0.099434756 -14.631916046 0.987520635 0.156593785 0.016775792 132.226547241
