1.000000000 0.000000000 0.000000000 0.000000000 0.000000000 1.000000000 0.000000000 0.000000000 0.000000000 0.000000000 1.000000000 0.000000000
0.999997854 -0.001600496 -0.001330899 0.048834950 0.001597650 0.999996424 -0.002136710 -0.132978648 0.001334314 0.002134579 0.999996841 1.297946334
0.999997914 -0.000033951 -0.002037849 0.103869691 0.000021116 0.999980092 -0.006297677 -0.267353535 0.002038023 0.006297621 0.999978065 2.605584145
0.999996424 0.002374515 -0.001225911 0.146957651 -0.002384120 0.999966145 -0.007893676 -0.405685961 0.001207126 0.007896572 0.999968052 3.910318613
0.999983966 0.005646157 0.000306567 0.192422554 -0.005643997 0.999961972 -0.006641435 -0.544201374 -0.000344054 0.006639598 0.999977887 5.223010540
0.999974847 0.006614755 0.002560656 0.241447791 -0.006606704 0.999973238 -0.003140011 -0.692394555 -0.002581358 0.003123015 0.999991775 6.541096687
0.999960005 0.006809770 0.005814847 0.298485994 -0.006798930 0.999975085 -0.001881837 -0.828510702 -0.005827517 0.001842227 0.999981225 7.844725132
0.999942720 0.005404011 0.009240989 0.358221412 -0.005387750 0.999983907 -0.001783575 -0.963326752 -0.009250480 0.001733685 0.999955714 9.156970024
0.999913514 0.003988357 0.012529997 0.437936366 -0.003968638 0.999990821 -0.001598181 -1.100606322 -0.012536257 0.001548315 0.999920249 10.456596375
0.999870956 0.002652447 0.015843755 0.502631247 -0.002614911 0.999993742 -0.002389391 -1.236975551 -0.015849994 0.002347653 0.999871552 11.765769005
0.999813497 0.001598997 0.019245554 0.578201354 -0.001537283 0.999993622 -0.003221016 -1.372495651 -0.019250585 0.003190829 0.999809504 13.059371948
0.999742687 0.001599496 0.022624865 0.648493171 -0.001529397 0.999993980 -0.003115296 -1.521327257 -0.022629714 0.003079892 0.999739170 14.381138802
0.999656260 0.001456976 0.026177322 0.729862213 -0.001345192 0.999989927 -0.004287352 -1.658151388 -0.026183303 0.004250665 0.999648154 15.679966927
0.999568403 0.002563470 0.029262539 0.812004089 -0.002442398 0.999988317 -0.004172408 -1.796452641 -0.029272895 0.004099137 0.999563038 16.980129242
0.999467492 0.002121689 0.032559421 0.901459634 -0.002001963 0.999991179 -0.003709287 -1.936243534 -0.032567006 0.003642129 0.999462843 18.265737534
0.999403775 0.000634630 0.034519240 1.005924463 -0.000517755 0.999994099 -0.003394648 -2.080144644 -0.034521177 0.003374752 0.999398291 19.567567825
0.999343336 -0.001749616 0.036191586 1.102115631 0.001918629 0.999987423 -0.004635735 -2.220803738 -0.036183018 0.004702128 0.999334157 20.842426300
0.999306679 -0.001532178 0.037199207 1.204723358 0.001775209 0.999977291 -0.006501086 -2.361786842 -0.037188396 0.006562614 0.999286830 22.151826859
0.999260366 -0.001376929 0.038430147 1.286327243 0.001728069 0.999957085 -0.009105365 -2.505861282 -0.038415954 0.009165040 0.999219716 23.437507629
0.999221146 -0.000891174 0.039449397 1.390492916 0.001306284 0.999944031 -0.010498085 -2.649110317 -0.039437827 0.010541441 0.999166429 24.721384048
0.999174476 -0.000333471 0.040621795 1.491359234 0.000783091 0.999938607 -0.011053016 -2.795471668 -0.040615611 0.011075704 0.999113441 25.989664078
0.999155879 -0.001899891 0.041035675 1.589999795 0.002316521 0.999946237 -0.010107720 -2.942346334 -0.041014265 0.010194246 0.999106526 27.282146454
0.999153316 -0.004876899 0.040853404 1.695379257 0.005246521 0.999946237 -0.008945206 -3.089085102 -0.040807579 0.009151968 0.999125063 28.561145782
0.999172628 -0.006297869 0.040177926 1.789413452 0.006680300 0.999933600 -0.009391309 -3.235428810 -0.040116109 0.009651940 0.999148428 29.851076126
0.999192238 -0.007974518 0.039386187 1.895056009 0.008452407 0.999892533 -0.011981809 -3.378974915 -0.039286401 0.012305038 0.999152303 31.118097305
0.999224544 -0.007973409 0.038556591 2.003891468 0.008441084 0.999892533 -0.011982022 -3.531316519 -0.038456909 0.012298189 0.999184549 32.403511047
0.999238133 -0.008659560 0.038053516 2.101181507 0.009134060 0.999882460 -0.012313168 -3.674896240 -0.037942421 0.012651370 0.999199808 33.667488098
0.999260545 -0.009199727 0.037331440 2.199998379 0.009667623 0.999876618 -0.012372434 -3.819574118 -0.037213009 0.012724190 0.999226332 34.935409546
0.999271870 -0.009687087 0.036903709 2.293043852 0.010168876 0.999865234 -0.012890055 -3.964777470 -0.036773864 0.013255940 0.999235690 36.196105957
0.999316633 -0.010356514 0.035483055 2.411778450 0.010827915 0.999855280 -0.013118966 -4.119969845 -0.035342060 0.013494208 0.999284148 37.484233856
0.999308228 -0.009943251 0.035835870 2.496890068 0.010356023 0.999881923 -0.011351268 -4.266066074 -0.035718769 0.011714531 0.999293208 38.746803284
0.999281168 -0.010029104 0.036558542 2.607413292 0.010409208 0.999893546 -0.010221655 -4.405091763 -0.036452144 0.010594852 0.999279201 40.015384674
0.999200702 -0.011861998 0.038172115 2.715456009 0.012188828 0.999890983 -0.008340753 -4.549726486 -0.038069010 0.008799358 0.999236405 41.265380859
0.999093056 -0.012840292 0.040597595 2.814473629 0.013247127 0.999864519 -0.009768063 -4.691812992 -0.040466677 0.010297006 0.999127805 42.528915405
0.998978853 -0.014080208 0.042931672 2.910033941 0.014647570 0.999809086 -0.012929615 -4.840538025 -0.042741425 0.013545256 0.998994291 43.781467438
0.998878241 -0.015291343 0.044814963 3.022856951 0.015935475 0.999774396 -0.014051327 -4.984492779 -0.044589985 0.014749714 0.998896480 45.042797089
0.998763978 -0.015457957 0.047239248 3.153073788 0.016083559 0.999787509 -0.012891955 -5.118666649 -0.047029924 0.013635796 0.998800457 46.281124115
0.998566031 -0.016744390 0.050847042 3.259664059 0.017240539 0.999807715 -0.009334777 -5.276075363 -0.050680958 0.010198021 0.998662829 47.541023254
0.998300970 -0.019676797 0.054843262 3.372774601 0.020118698 0.999769330 -0.007517083 -5.412891388 -0.054682698 0.008607687 0.998466671 48.772556305
0.998073220 -0.021620523 0.058158491 3.512326002 0.022114534 0.999724507 -0.007863978 -5.551737309 -0.057972435 0.009134974 0.998276353 50.027416229
0.997789979 -0.024894821 0.061606493 3.651104450 0.025665578 0.999601603 -0.011751279 -5.686080456 -0.061289392 0.013306475 0.998031318 51.259593964
0.997508466 -0.026163226 0.065516219 3.783623219 0.026995612 0.999565244 -0.011852027 -5.820567608 -0.065177649 0.013591144 0.997781098 52.490165710
0.997157276 -0.028692069 0.069671735 3.911754370 0.029399170 0.999525964 -0.009144698 -5.961899281 -0.069376327 0.011166992 0.997527957 53.708286285
0.996886790 -0.031421434 0.072316572 4.070973396 0.031940259 0.999471486 -0.006028782 -6.094275951 -0.072088942 0.008319822 0.997363448 54.925037384
0.996665299 -0.033880625 0.074232198 4.223827362 0.034297209 0.999402225 -0.004344023 -6.225227356 -0.074040651 0.006875494 0.997231483 56.144039154
0.996466339 -0.037139188 0.075335808 4.375883102 0.037342727 0.999301612 -0.001294400 -6.346185684 -0.075235121 0.004103071 0.997157335 57.356571198
0.996285558 -0.039989784 0.076261930 4.518248081 0.040080126 0.999196410 0.000346101 -6.475734234 -0.076214470 0.002711772 0.997087777 58.559722900
0.996258318 -0.042149324 0.075450584 4.676332474 0.042488649 0.999092758 -0.002896968 -6.603451252 -0.075260021 0.006091922 0.997145355 59.771888733
0.996258855 -0.043488864 0.074678041 4.824926853 0.044148404 0.998999059 -0.007203039 -6.731179237 -0.074290030 0.010473008 0.997181714 60.957660675
0.996277928 -0.044686958 0.073710695 4.955367565 0.045626674 0.998896718 -0.011113590 -6.861093998 -0.073132731 0.014435398 0.997217715 62.167385101
0.996326923 -0.046229765 0.072080232 5.102942467 0.047328487 0.998786688 -0.013609430 -6.993195057 -0.071363613 0.016970888 0.997305930 63.359523773
0.996445239 -0.046332303 0.070357710 5.230018139 0.047424234 0.998777747 -0.013928414 -7.125536919 -0.069626383 0.017215563 0.997424603 64.541778564
0.996663153 -0.045814741 0.067554146 5.363722801 0.046821952 0.998813391 -0.013401707 -7.259717464 -0.066859990 0.016520008 0.997625589 65.718383789
0.996920049 -0.044741698 0.064409792 5.483008385 0.045545466 0.998901129 -0.011064420 -7.406273365 -0.063843973 0.013963920 0.997862160 66.915771484
0.997299552 -0.040921193 0.060985353 5.600202560 0.041453972 0.999112248 -0.007496126 -7.535652637 -0.060624465 0.010003969 0.998110473 68.090789795
0.997534811 -0.039429776 0.058048371 5.711291313 0.039786667 0.999195695 -0.005004785 -7.662052155 -0.057804346 0.007301996 0.998301268 69.254898071
0.997804165 -0.037887949 0.054325953 5.834956169 0.038376324 0.999231458 -0.007974446 -7.807828903 -0.053982064 0.010041767 0.998491406 70.466270447
0.997986019 -0.038212001 0.050633751 5.944713116 0.038986690 0.999135971 -0.014401309 -7.939260483 -0.050039697 0.016346347 0.998613477 71.624832153
0.998037338 -0.041684456 0.046732672 6.051821709 0.042560320 0.998933434 -0.017905887 -8.072847366 -0.045936432 0.019859701 0.998746932 72.799919128
0.998050630 -0.045562144 0.042652778 6.173040390 0.046166230 0.998845339 -0.013286164 -8.206782341 -0.041998189 0.015229378 0.999001741 73.993309021
0.998055160 -0.049301814 0.038147740 6.278994560 0.049659967 0.998730004 -0.008498084 -8.332159042 -0.037680328 0.010375973 0.999236047 75.150260925
0.998096764 -0.051859949 0.033366192 6.375262260 0.052070491 0.998628378 -0.005471705 -8.462619781 -0.033036660 0.007198685 0.999428213 76.341316223
0.998273075 -0.050943941 0.029253900 6.462856293 0.051055320 0.998691142 -0.003072612 -8.586428642 -0.029059088 0.004560873 0.999567211 77.500549316
0.998402834 -0.050638270 0.025052853 6.561009884 0.050741825 0.998705685 -0.003514346 -8.696884155 -0.024842467 0.004779960 0.999679863 78.662025452
0.998539448 -0.049363464 0.021955078 6.630618572 0.049484670 0.998762310 -0.005011276 -8.830965996 -0.021680530 0.006090396 0.999746382 79.846900940
0.998722434 -0.046976402 0.018620118 6.706580162 0.047167882 0.998837113 -0.009981258 -8.959647179 -0.018129580 0.010846777 0.999776781 80.994468689
0.998628736 -0.050213154 0.014808562 6.786187172 0.050434619 0.998614967 -0.014980338 -9.097351074 -0.014035841 0.015706662 0.999778032 82.152366638
0.998481750 -0.053643424 0.012516917 6.841522694 0.053840887 0.998421133 -0.016010590 -9.229034424 -0.011638295 0.016660202 0.999793410 83.290847778
0.998512149 -0.053912058 0.008179310 6.912989140 0.054012597 0.998460591 -0.012613380 -9.356870651 -0.007486706 0.013036401 0.999886930 84.458015442
0.998497069 -0.054490145 0.005875899 6.968410969 0.054547586 0.998460054 -0.010103509 -9.483993530 -0.005316309 0.010408839 0.999931693 85.589759827
0.998638809 -0.051925801 0.004923134 7.019445419 0.051982269 0.998574257 -0.012137632 -9.609919548 -0.004285858 0.012377027 0.999914289 86.730819702
0.998856962 -0.047636811 0.003935052 7.073125839 0.047690693 0.998749912 -0.014972499 -9.744011879 -0.003216891 0.015143050 0.999880135 87.869834900
0.998908937 -0.046626501 0.002608496 7.124260902 0.046665061 0.998757899 -0.017466472 -9.875329971 -0.001790855 0.017569141 0.999844015 88.988815308
0.998873234 -0.047423586 0.001829664 7.176454067 0.047448631 0.998716116 -0.017743699 -10.010934830 -0.000985845 0.017810524 0.999840856 90.103797913
0.998824000 -0.048461583 0.001407905 7.209815979 0.048477642 0.998703003 -0.015565484 -10.146566391 -0.000651751 0.015615433 0.999877810 91.228210449
0.998734772 -0.050286043 0.000161620 7.267320633 0.050284050 0.998654723 -0.012659608 -10.273330688 0.000475199 0.012651721 0.999919832 92.337806702
0.998754203 -0.049898792 0.000038702 7.316613197 0.049895588 0.998680830 -0.012125342 -10.399733543 0.000566389 0.012112169 0.999926507 93.474128723
0.998727858 -0.050422963 -0.000177767 7.357296944 0.050415304 0.998626471 -0.014263955 -10.533555984 0.000896754 0.014236847 0.999898195 94.615249634
0.998719752 -0.050580166 -0.000699238 7.411781788 0.050559741 0.998562396 -0.017799651 -10.662171364 0.001598542 0.017741509 0.999841332 95.715469360
0.998675466 -0.051437583 -0.001188341 7.463520050 0.051406346 0.998501897 -0.018740818 -10.796483994 0.002150544 0.018654909 0.999823689 96.819801331
0.998668134 -0.051591631 -0.000556148 7.507116795 0.051573854 0.998513877 -0.017612189 -10.927360535 0.001463964 0.017560048 0.999844730 97.880813599
0.998683453 -0.051297702 -0.000146335 7.556238651 0.051292349 0.998613060 -0.011872157 -11.049381256 0.000755147 0.011849018 0.999929488 98.969108582
0.998770654 -0.049557846 0.001109396 7.604536533 0.049565893 0.998729646 -0.009075184 -11.166272163 -0.000658240 0.009119015 0.999958217 100.038574219
0.998836517 -0.048119713 0.003159554 7.654792309 0.048147045 0.998797655 -0.009235268 -11.279704094 -0.002711357 0.009376646 0.999952376 101.088912964
0.998922408 -0.046160270 0.004810382 7.711927414 0.046209093 0.998875618 -0.010590531 -11.405532837 -0.004316112 0.010801402 0.999932349 102.136581421
0.998895407 -0.046454702 0.007060005 7.767685890 0.046544913 0.998828948 -0.013201218 -11.521452904 -0.006438479 0.013515243 0.999887943 103.153312683
0.998809695 -0.047975074 0.008804603 7.827612877 0.048094809 0.998745561 -0.013932426 -11.637677193 -0.008125149 0.014339296 0.999864221 104.167457581
0.998712242 -0.049618799 0.010576883 7.889835835 0.049753487 0.998678505 -0.012875683 -11.764906883 -0.009924031 0.013385338 0.999861121 105.156455994
0.998698115 -0.049517162 0.012253158 7.949601173 0.049654130 0.998704314 -0.011138497 -11.880315781 -0.011685736 0.011732416 0.999862850 106.114295959
0.998621643 -0.050648101 0.013769694 8.004252434 0.050784741 0.998661935 -0.009761433 -11.990372658 -0.013256870 0.010447270 0.999857545 107.069000244
0.998559952 -0.051261168 0.015824962 8.058531761 0.051424406 0.998625994 -0.010086207 -12.096448898 -0.015286190 0.010885471 0.999823868 107.985092163
0.998539090 -0.051173639 0.017353993 8.117999077 0.051323686 0.998647392 -0.008313617 -12.197925568 -0.016905084 0.009192139 0.999814987 108.890495300
0.998552203 -0.050132163 0.019500874 8.171625137 0.050258931 0.998717785 -0.006065356 -12.295465469 -0.019171802 0.007036668 0.999791443 109.760772705
0.998522222 -0.050323963 0.020516064 8.234605789 0.050390359 0.998725891 -0.002731948 -12.399250984 -0.020352446 0.003761723 0.999785781 110.618438721
0.998479605 -0.050449606 0.022209372 8.292569160 0.050518621 0.998719990 -0.002557120 -12.491085052 -0.022051938 0.003675219 0.999750078 111.444145203
0.998493612 -0.049703300 0.023240233 8.342972755 0.049760297 0.998759389 -0.001880119 -12.580960274 -0.023117956 0.003033727 0.999728084 112.254280090
0.998596251 -0.047295414 0.023848189 8.392871857 0.047345724 0.998877406 -0.001548830 -12.660614014 -0.023748161 0.002675766 0.999714375 113.032150269
0.998735547 -0.044646624 0.023110352 8.437829971 0.044628900 0.999002814 0.001282478 -12.736126900 -0.023144567 -0.000249467 0.999732018 113.791473389
0.998806536 -0.044582434 0.019947859 8.486058235 0.044542599 0.999004483 0.002437389 -12.819477081 -0.020036669 -0.001545951 0.999798059 114.536811829
0.998907924 -0.044646885 0.013766592 8.519172668 0.044614799 0.999000788 0.002628589 -12.893530846 -0.013870196 -0.002011525 0.999901712 115.233238220
0.999067128 -0.043035444 0.003589764 8.541484833 0.043030016 0.999072433 0.001575770 -12.969886780 -0.003654249 -0.001419832 0.999992311 115.901641846
0.999143779 -0.040090781 -0.010219065 8.537646294 0.040078454 0.999195576 -0.001407014 -13.035922050 0.010267254 0.000996245 0.999946833 116.547218323
0.998794675 -0.039009482 -0.029790889 8.543788910 0.038918126 0.999235749 -0.003640428 -13.106836319 0.029910134 0.002476634 0.999549508 117.170860291
0.997947216 -0.037408605 -0.051979847 8.506597519 0.037150256 0.999292135 -0.005927737 -13.176175117 0.052164808 0.003984503 0.998630524 117.757278442
0.996157110 -0.035868607 -0.079901703 8.467843056 0.035355467 0.999344110 -0.007828033 -13.241686821 0.080130070 0.004972989 0.996771991 118.325576782
0.993150830 -0.033743907 -0.111860752 8.393681526 0.032865975 0.999412775 -0.009683641 -13.309441566 0.112121820 0.005940903 0.993676722 118.871536255
0.988764822 -0.028653713 -0.146706745 8.278791428 0.027281743 0.999563277 -0.011355749 -13.372937202 0.146968067 0.007225751 0.989114821 119.416267395
0.982351363 -0.023108033 -0.185611874 8.171998978 0.021526232 0.999712765 -0.010533125 -13.435708046 0.185801998 0.006351703 0.982566655 119.917930603
0.973697543 -0.017647831 -0.227159858 8.030506134 0.016091717 0.999832690 -0.008700520 -13.491641998 0.227275372 0.004816283 0.973818660 120.422706604
0.962271929 -0.013209639 -0.271768689 7.855737686 0.011717125 0.999906063 -0.007113905 -13.548783302 0.271837145 0.003661162 0.962336242 120.914367676
0.947847188 -0.007088199 -0.318646133 7.670654297 0.004943142 0.999959350 -0.007539918 -13.604529381 0.318686604 0.005571575 0.947843790 121.373718262
0.930411637 0.000892894 -0.366515100 7.440700531 -0.004248423 0.999956071 -0.008348709 -13.659856796 0.366491556 0.009324848 0.930374622 121.840400696
0.909274399 0.005595320 -0.416159570 7.174388885 -0.010333259 0.999904871 -0.009133467 -13.715280533 0.416068882 0.012605112 0.909245729 122.285537720
0.883957148 0.009834975 -0.467464536 6.908485413 -0.015241060 0.999853551 -0.007784350 -13.769092560 0.467319548 0.014005688 0.883977532 122.700004578
0.854691982 0.012881285 -0.518975735 6.622432709 -0.019986987 0.999767363 -0.008101391 -13.805891991 0.518750668 0.017296955 0.854750633 123.103286743
0.823290646 0.022839103 -0.567160547 6.292118073 -0.030948354 0.999510050 -0.004675181 -13.858317375 0.566775858 0.021401718 0.823594034 123.465713501
0.789075911 0.035131682 -0.613290250 5.942871094 -0.043239050 0.999063492 0.001597753 -13.897092819 0.612772048 0.025257338 0.789856017 123.825347900
0.753160775 0.043841988 -0.656373918 5.584705353 -0.054548532 0.998502731 0.004102121 -13.937012672 0.655571043 0.032714680 0.754424632 124.138046265
0.713226140 0.047775652 -0.699303865 5.214008331 -0.061644383 0.998084009 0.005316333 -13.985197067 0.698218048 0.039316408 0.714804828 124.436874390
0.670509815 0.049489051 -0.740248084 4.838508606 -0.064279765 0.997895777 0.008489992 -14.032906532 0.739110708 0.041890353 0.672280133 124.718643188
0.626440525 0.052841175 -0.777675927 4.431427002 -0.067293331 0.997640789 0.013580509 -14.067699432 0.776558995 0.043825038 0.628518462 124.988082886
0.581385374 0.061533257 -0.811298132 4.005886078 -0.078604922 0.996719599 0.019267455 -14.099781036 0.809822381 0.052570220 0.584315121 125.215950012
0.535757065 0.070340104 -0.841437161 3.561405182 -0.090233654 0.995587111 0.025773026 -14.123674393 0.839536846 0.062117871 0.539740026 125.424636841
0.488962382 0.075375721 -0.869042218 3.104049683 -0.095910467 0.994864881 0.032325312 -14.149425507 0.867016137 0.067544378 0.493680775 125.626548767
0.441532999 0.076746523 -0.893956780 2.641777039 -0.095252119 0.994714141 0.038350731 -14.175489426 0.892174721 0.068218157 0.446509391 125.804443359
0.394517183 0.078103632 -0.915563285 2.164318085 -0.092409298 0.994702101 0.045035429 -14.194429398 0.914230168 0.066839308 0.399644613 125.976654053
0.348318934 0.081491441 -0.933827102 1.665454865 -0.094257623 0.994209588 0.051602539 -14.222188950 0.932624936 0.070046186 0.353983194 126.126853943
0.304890364 0.084652007 -0.948617935 1.165718079 -0.099938147 0.993386686 0.056526452 -14.240686417 0.947129428 0.077568740 0.311333954 126.239135742
0.263434500 0.086039193 -0.960832655 0.644229889 -0.104621328 0.992687941 0.060207363 -14.256836891 0.958987296 0.084662892 0.270509809 126.338928223
0.223718420 0.082681067 -0.971140504 0.116380692 -0.104869187 0.992652953 0.060354218 -14.274267197 0.968995571 0.088340372 0.230745435 126.441154480
0.188597679 0.077434219 -0.978996873 -0.421028137 -0.099951088 0.993223369 0.059304517 -14.294340134 0.976954818 0.086667113 0.195059299 126.532844543
0.158027932 0.072176501 -0.984793305 -0.969728470 -0.097316831 0.993608117 0.057206288 -14.314708710 0.982627332 0.086796768 0.164041817 126.612335205
0.132066607 0.070895493 -0.988702357 -1.538022995 -0.098910645 0.993403435 0.058020517 -14.336677551 0.986293614 0.090130605 0.138207763 126.672691345
0.109759226 0.069968030 -0.991492510 -2.129945755 -0.098907940 0.993337154 0.059148978 -14.348350525 0.989024818 0.091574341 0.115948319 126.731079102
0.091016077 0.071659170 -0.993267894 -2.722798347 -0.101450659 0.992885709 0.062335383 -14.365956306 0.990668476 0.095094152 0.097638436 126.787101746
0.074850000 0.069488361 -0.994770765 -3.334252357 -0.102161236 0.992854536 0.061667539 -14.388078690 0.991947830 0.097011194 0.081414185 126.841453552
0.060352325 0.068542570 -0.995821059 -3.953607082 -0.101134725 0.992925525 0.062213942 -14.418799400 0.993040502 0.096957333 0.066857405 126.894554138
0.048452467 0.065985613 -0.996643484 -4.593769073 -0.096754335 0.993433118 0.061069261 -14.440464020 0.994128287 0.093470633 0.054518674 126.933303833
0.036885563 0.063526846 -0.997298241 -5.245449543 -0.094482981 0.993728578 0.059804950 -14.457591057 0.994842947 0.092021786 0.042656437 126.963462830
0.025939858 0.062298551 -0.997720420 -5.910486221 -0.093805477 0.993804097 0.059615143 -14.476068497 0.995252550 0.092045248 0.031623084 127.002998352
0.016047869 0.063826077 -0.997832060 -6.582538128 -0.097101018 0.993342936 0.061977290 -14.500095367 0.995145082 0.095895901 0.022138618 127.024482727
0.007982792 0.063920267 -0.997923017 -7.259456635 -0.100026906 0.993000567 0.062804796 -14.528437614 0.994952738 0.099317797 0.014320662 127.035354614
0.001339739 0.062883846 -0.998019934 -7.949942112 -0.101900212 0.992834330 0.062420309 -14.547271729 0.994793713 0.101614818 0.007738015 127.054275513
-0.003850879 0.063883156 -0.997949839 -8.648052216 -0.102724411 0.992652595 0.063940451 -14.566194534 0.994702458 0.102760047 0.002739774 127.069366455
-0.007430202 0.066099003 -0.997785330 -9.372262955 -0.105090708 0.992235720 0.066513948 -14.585415840 0.994434893 0.105352193 -0.000426120 127.090469360
-0.008488739 0.069985636 -0.997511804 -10.104498863 -0.107043043 0.991752267 0.070492461 -14.611016273 0.994218171 0.107375093 -0.000927252 127.094055176
-0.008714618 0.073127426 -0.997284472 -10.827627182 -0.110063650 0.991192520 0.073642515 -14.624131203 0.993886352 0.110406533 -0.000589192 127.089347839
-0.009356941 0.078671999 -0.996856689 -11.569280624 -0.114796124 0.990224719 0.079226129 -14.632353783 0.993345022 0.115176588 -0.000234236 127.095840454
-0.010525105 0.082492813 -0.996536076 -12.313241005 -0.117829353 0.989545763 0.083158635 -14.646755219 0.992978096 0.118296459 -0.000694999 127.103797913
-0.011864300 0.082866333 -0.996490002 -13.062047005 -0.117582843 0.989530504 0.083687551 -14.664163589 0.992992222 0.118163027 -0.001996425 127.119987488
-0.013415371 0.079816446 -0.996719182 -13.805580139 -0.115209445 0.990046859 0.080832787 -14.683789253 0.993250608 0.115915887 -0.004086237 127.139389038
-0.014708944 0.076053962 -0.996995270 -14.566616058 -0.118862845 0.989899755 0.077266306 -14.688931465 0.992801785 0.119642191 -0.005520389 127.148597717
-0.015926331 0.077776842 -0.996843576 -15.334947586 -0.124001533 0.989119828 0.079155356 -14.701654434 0.992154181 0.124870785 -0.006108603 127.146797180
-0.018004926 0.081273891 -0.996529043 -16.102865219 -0.120843954 0.989207208 0.082860090 -14.717167854 0.992508113 0.121916421 -0.007989146 127.164413452
-0.019766495 0.081221610 -0.996500075 -16.877437592 -0.119971171 0.989300489 0.083014525 -14.735091209 0.992580473 0.121192180 -0.009810755 127.174865723
-0.020823454 0.080650635 -0.996524811 -17.667987823 -0.123102456 0.988949656 0.082609907 -14.749500275 0.992175400 0.124394879 -0.010665056 127.171806335
-0.021373162 0.080223821 -0.996547639 -18.455339432 -0.127843529 0.988373101 0.082307644 -14.755879402 0.991564035 0.129161328 -0.010868561 127.169128418
-0.022054106 0.084656961 -0.996166050 -19.260721207 -0.129649311 0.987752318 0.086812243 -14.763566971 0.991314650 0.131066799 -0.010808279 127.169158936
-0.023461917 0.089057580 -0.995750070 -20.081954956 -0.128573924 0.987483978 0.091347717 -14.774285316 0.991422296 0.130170718 -0.011717781 127.191040039
-0.021859081 0.092007414 -0.995518327 -20.897434235 -0.129564539 0.987098336 0.094074130 -14.788040161 0.991329968 0.131040260 -0.009656163 127.193420410
-0.021308672 0.090377867 -0.995679557 -21.722091675 -0.129072711 0.987322628 0.092381619 -14.793925285 0.991406143 0.130483568 -0.009373215 127.215583801
-0.020473599 0.090316504 -0.995702565 -22.553628922 -0.128721058 0.987384558 0.092208765 -14.800284386 0.991469502 0.130055696 -0.008589680 127.225959778
-0.019091707 0.089566402 -0.995797753 -23.387144089 -0.128209651 0.987537324 0.091281489 -14.806909561 0.991563380 0.129413590 -0.007370493 127.238082886
-0.018314851 0.091921099 -0.995597780 -24.220966339 -0.128739849 0.987258971 0.093519449 -14.815920830 0.991509259 0.129885927 -0.006247596 127.251846313
-0.018425403 0.093667008 -0.995433033 -25.068134308 -0.130477488 0.986862779 0.095275678 -14.819261551 0.991280019 0.131637096 -0.005961907 127.264541626
-0.017894130 0.096060127 -0.995214641 -25.922010422 -0.133129179 0.986282110 0.097591616 -14.818199158 0.990937173 0.134238407 -0.004860258 127.278556824
-0.016311700 0.097323850 -0.995119095 -26.796875000 -0.135119602 0.985907316 0.098637775 -14.815243721 0.990695059 0.136069030 -0.002931463 127.286010742
-0.014612205 0.099933453 -0.994886816 -27.668508530 -0.141293228 0.984802485 0.100995742 -14.811235428 0.989859879 0.142046541 -0.000270217 127.300437927
-0.012195399 0.103734180 -0.994530261 -28.542091370 -0.146178141 0.983733952 0.104400583 -14.806066513 0.989183128 0.146651804 0.003166644 127.318214417
-0.009481706 0.105768956 -0.994345546 -29.429191589 -0.149065956 0.983129561 0.105997361 -14.802026749 0.988781810 0.149228081 0.006444801 127.337432861
-0.006695466 0.105945006 -0.994349539 -30.312097549 -0.146700472 0.983509004 0.105777808 -14.801963806 0.989158332 0.146579757 0.008957132 127.370254517
-0.003845465 0.106069796 -0.994351268 -31.209350586 -0.149561808 0.983113289 0.105449431 -14.800730705 0.988744915 0.149122477 0.012083468 127.399162292
-0.001688915 0.109791927 -0.993953228 -32.099990845 -0.150090009 0.982667565 0.108800352 -14.794695854 0.988670886 0.149366215 0.014819032 127.437202454
0.000801992 0.112257570 -0.993678927 -33.012928009 -0.149223611 0.982566774 0.110881813 -14.791846275 0.988803208 0.148191452 0.017539494 127.464485168
0.003134054 0.113416076 -0.993542612 -33.915828705 -0.150340840 0.982308328 0.111659408 -14.783706665 0.988629282 0.149020076 0.020129673 127.504508972
0.004468320 0.111207247 -0.993787110 -34.803607941 -0.150597304 0.982537627 0.109271273 -14.775937080 0.988585114 0.149173394 0.021137804 127.551429749
0.005261246 0.112497449 -0.993638039 -35.707946777 -0.155303091 0.981687307 0.110322088 -14.769268036 0.987852871 0.153734609 0.022636099 127.574707031
0.006679913 0.113487825 -0.993516922 -36.613807678 -0.156298831 0.981446207 0.111058146 -14.764730453 0.987687230 0.154543698 0.024293991 127.604606628
0.006396145 0.109619923 -0.993953049 -37.499114990 -0.156037867 0.981907070 0.107287325 -14.763057709 0.987730384 0.154408097 0.023385281 127.648048401
0.007452961 0.105653942 -0.994375050 -38.399055481 -0.158117339 0.982017219 0.103155792 -14.763839722 0.987392247 0.156459123 0.024024658 127.676231384
0.007897960 0.104998909 -0.994440973 -39.311336517 -0.157404914 0.982204795 0.102456801 -14.763317108 0.987502515 0.155720711 0.024284758 127.722488403
0.007385384 0.109319724 -0.993979216 -40.211879730 -0.159533098 0.981403828 0.106751308 -14.759367943 0.987164974 0.157784149 0.024688158 127.762725830
0.007544111 0.115732968 -0.993251741 -41.119365692 -0.160211548 0.980588555 0.113040619 -14.754571915 0.987053871 0.158277601 0.025939427 127.794853210
0.008111049 0.114307761 -0.993412256 -42.034015656 -0.157693133 0.981160462 0.111610472 -14.760396957 0.987454832 0.155749038 0.025983792 127.835723877
0.008777929 0.104018740 -0.994536638 -42.922988892 -0.157147244 0.982360065 0.101358198 -14.765377998 0.987536132 0.155398995 0.024969343 127.877525330
0.008886197 0.093617052 -0.995568693 -43.814666748 -0.158939958 0.983083308 0.091024339 -14.770961761 0.987248182 0.157426804 0.023615357 127.915603638
0.008350519 0.090659969 -0.995846868 -44.746826172 -0.156117365 0.983787954 0.088253066 -14.783270836 0.987703204 0.154732034 0.022368733 127.953895569
0.008244090 0.100835837 -0.994868934 -45.658550262 -0.148844332 0.983943164 0.098495036 -14.787773132 0.988826334 0.147268593 0.023120562 128.004745483
0.008108836 0.113966040 -0.993451536 -46.602668762 -0.144117773 0.983245254 0.111618876 -14.783598900 0.989527345 0.142268911 0.024397511 128.058624268
0.008314157 0.123126477 -0.992356181 -47.524898529 -0.144547924 0.982115507 0.120644808 -14.776184082 0.989462852 0.142439961 0.025963139 128.100952148
0.008193816 0.117696024 -0.993015885 -48.445911407 -0.144480616 0.982768416 0.115289278 -14.776002884 0.989473701 0.142526895 0.025057418 128.144088745
0.008514985 0.103837922 -0.994557798 -49.369995117 -0.144610420 0.984266460 0.101525351 -14.772100449 0.989452004 0.142958924 0.023397060 128.172286987
0.009112568 0.095171295 -0.995419204 -50.284866333 -0.145011380 0.985063314 0.092853688 -14.773378372 0.989387929 0.143500984 0.022777379 128.213378906
0.009457855 0.095272355 -0.995406270 -51.212745667 -0.144129425 0.985186160 0.092924714 -14.782161713 0.989513576 0.142588437 0.023049299 128.257675171
0.008955640 0.096706986 -0.995272577 -52.152462006 -0.147543117 0.984546363 0.094337128 -14.800009727 0.989015102 0.146000803 0.023085695 128.296127319
0.009595969 0.096146956 -0.995320857 -53.080390930 -0.152017638 0.983937621 0.093581721 -14.802543640 0.988331258 0.150408313 0.024057863 128.327621460
0.010305380 0.095245212 -0.995400429 -54.020168304 -0.153614253 0.983787775 0.092543691 -14.802963257 0.988077223 0.151953980 0.024769327 128.364822388
0.010739765 0.103149161 -0.994607925 -54.980670929 -0.162720710 0.981587291 0.100041762 -14.810249329 0.986613691 0.160768881 0.027326521 128.405212402
0.012096262 0.112283632 -0.993602514 -55.919670105 -0.168094829 0.979762256 0.108673193 -14.801662445 0.985696614 0.165704921 0.030725759 128.444290161
0.013793862 0.120855190 -0.992574334 -56.876091003 -0.168600246 0.978736639 0.116827257 -14.796568871 0.985587955 0.165736809 0.033876769 128.479644775
0.014550904 0.121209815 -0.992520273 -57.831893921 -0.170159981 0.978446424 0.116996437 -14.785768509 0.985309005 0.167184830 0.034862339 128.530059814
0.016207859 0.111727677 -0.993606627 -58.770111084 -0.172013462 0.979232788 0.107305467 -14.787618637 0.984961271 0.169174492 0.035089936 128.568695068
0.017314378 0.106806152 -0.994129062 -59.708419800 -0.170300424 0.980064571 0.102329038 -14.783494949 0.985240102 0.167528853 0.035158344 128.623107910
0.018943015 0.105310060 -0.994259059 -60.678730011 -0.168795988 0.980499923 0.100636765 -14.784803391 0.985468984 0.165920556 0.036349550 128.679519653
0.022186222 0.110981941 -0.993574798 -61.637638092 -0.169935599 0.979775906 0.105645999 -14.783208847 0.985205352 0.166499823 0.040597305 128.739639282
0.026297349 0.113384835 -0.993203044 -62.602790833 -0.173094675 0.979055405 0.107186615 -14.786349297 0.984553993 0.169099465 0.045372862 128.787155151
0.030077932 0.108295843 -0.993663549 -63.558143616 -0.172078043 0.979832053 0.101579644 -14.787092209 0.984624028 0.167932346 0.048106655 128.847091675
0.033311471 0.102574825 -0.994167268 -64.515808105 -0.172090545 0.980451405 0.095393442 -14.793148041 0.984517813 0.167909086 0.050312430 128.910797119
0.036320783 0.102617174 -0.994057596 -65.462791443 -0.169812158 0.980881631 0.095052451 -14.796283722 0.984806836 0.165350646 0.053052038 128.982849121
0.039177723 0.107032701 -0.993483424 -66.428382874 -0.167005435 0.980963171 0.099098049 -14.811267853 0.985177219 0.162034690 0.056306969 129.060333252
0.042620651 0.113659635 -0.992605150 -67.386970520 -0.166480973 0.980425715 0.105116621 -14.811637878 0.985123158 0.160769731 0.060708556 129.136901855
0.045272697 0.117565945 -0.992032528 -68.348327637 -0.164219067 0.980417013 0.108695030 -14.816449165 0.985384464 0.157989711 0.063692696 129.218429565
0.047191095 0.118985511 -0.991773844 -69.335380554 -0.163807184 0.980360210 0.109821841 -14.812969208 0.985362947 0.157277077 0.065754965 129.297424316
0.049200721 0.116390467 -0.991984129 -70.257392883 -0.162554294 0.980878055 0.107024945 -14.815593719 0.985472143 0.155985579 0.067179680 129.375885010
0.049935594 0.115137875 -0.992093563 -71.203292847 -0.160534889 0.981342435 0.105809852 -14.820163727 0.985766172 0.153981939 0.067487560 129.460235596
0.050582882 0.111660212 -0.992458224 -72.148338318 -0.157487303 0.982189417 0.102478184 -14.829709053 0.986224651 0.151115924 0.067267038 129.546920776
0.050233044 0.110994495 -0.992550671 -73.130973816 -0.155778378 0.982512891 0.101988047 -14.819867134 0.986513853 0.149494782 0.066645175 129.630386353
0.049846087 0.115835063 -0.992016912 -74.083839417 -0.152414307 0.982500315 0.107065432 -14.823774338 0.987058878 0.145860776 0.066628709 129.715682983
0.049215481 0.117810942 -0.991815686 -75.043655396 -0.146428496 0.983140588 0.109514453 -14.830076218 0.987996161 0.139840245 0.065636605 129.811630249
0.048974533 0.112826630 -0.992407084 -76.001342773 -0.143778980 0.984047174 0.104780816 -14.814112663 0.988397241 0.137555659 0.064415343 129.886489868
0.047236219 0.108975440 -0.992921472 -76.957077026 -0.145672977 0.984155238 0.101083219 -14.815905571 0.988204420 0.139867052 0.062362548 129.963180542
0.046040267 0.106303230 -0.993267417 -77.905807495 -0.142174840 0.984896660 0.098817252 -14.819916725 0.988770247 0.136668041 0.060458560 130.043319702
0.044487793 0.106778204 -0.993287146 -78.871643066 -0.142384261 0.984798789 0.099488571 -14.819970131 0.988811195 0.137002409 0.059015073 130.114028931
0.043674897 0.107986152 -0.993192554 -79.827072144 -0.143763125 0.984473526 0.100716300 -14.823302269 0.988647878 0.138385713 0.058521219 130.185501099
0.042211253 0.108106814 -0.993242681 -80.780982971 -0.145329997 0.984219730 0.100948438 -14.825375557 0.988482356 0.140086770 0.057256315 130.257324219
0.041054361 0.109188028 -0.993172824 -81.730155945 -0.145044312 0.984132886 0.102198541 -14.830028534 0.988573074 0.139858395 0.056240052 130.321990967
0.039185409 0.109937131 -0.993165791 -82.695823669 -0.145341620 0.983985960 0.103186518 -14.835791588 0.988605201 0.140304908 0.054536335 130.388565063
0.037088517 0.111897439 -0.993027389 -83.651565552 -0.145603463 0.983711541 0.105409555 -14.825813293 0.988647580 0.140678734 0.052777067 130.462722778
0.035574868 0.115585193 -0.992660284 -84.605438232 -0.146920383 0.983101368 0.109206825 -14.818640709 0.988508344 0.141957015 0.051955521 130.520004272
0.033546742 0.120574832 -0.992137194 -85.555351257 -0.148117289 0.982333779 0.114375174 -14.809875488 0.988400578 0.143115744 0.050813314 130.581710815
0.030985719 0.120264865 -0.992258132 -86.503410339 -0.147848085 0.982365847 0.114448950 -14.806344986 0.988524556 0.143157199 0.048220228 130.645172119
0.030183082 0.115102500 -0.992894948 -87.448516846 -0.148050874 0.982905328 0.109443851 -14.802460670 0.988519073 0.143695623 0.046708137 130.701934814
0.027475910 0.110311769 -0.993517101 -88.394622803 -0.152267963 0.982756019 0.104905941 -14.792893410 0.987957239 0.148398459 0.043799065 130.761398315
0.026340321 0.108268321 -0.993772626 -89.338294983 -0.150208890 0.983259320 0.103141598 -14.791295052 0.988303363 0.146556675 0.042162236 130.822814941
0.025838044 0.109305523 -0.993672252 -90.303649902 -0.145447612 0.983837843 0.104441710 -14.791371346 0.989028513 0.141828701 0.041318670 130.874832153
0.025044266 0.110608146 -0.993548512 -91.252349854 -0.142456740 0.984112263 0.105966769 -14.790494919 0.989484131 0.138883829 0.040403254 130.935287476
0.024040364 0.110395163 -0.993596971 -92.204338074 -0.137034118 0.984866619 0.106109597 -14.792471886 0.990274489 0.133605793 0.038804453 130.998458862
0.022756880 0.107616410 -0.993931949 -93.146308899 -0.133034438 0.985673904 0.103676341 -14.796494484 0.990850091 0.129867837 0.036747549 131.059997559
0.022017533 0.104602568 -0.994270325 -94.093070984 -0.127996176 0.986622214 0.100963533 -14.801959038 0.991530240 0.125039831 0.035111714 131.119018555
0.020026974 0.107281126 -0.994027019 -95.072959900 -0.126057014 0.986563206 0.103935875 -14.806928635 0.991820931 0.123222537 0.033281412 131.177246094
0.018666582 0.109428041 -0.993819416 -96.021469116 -0.125459805 0.986392379 0.106253773 -14.803739548 0.991923094 0.122701012 0.032141399 131.231002808
0.017495085 0.107379846 -0.994064093 -96.978538513 -0.121433541 0.987084627 0.104488723 -14.800989151 0.992445350 0.118884705 0.030308649 131.275268555
0.015321415 0.104288816 -0.994428933 -97.927307129 -0.118370004 0.987741232 0.101763673 -14.802405357 0.992851377 0.116151415 0.027478263 131.324752808
0.011438553 0.101540625 -0.994765759 -98.896049500 -0.116968676 0.988136888 0.099518999 -14.797535896 0.993069708 0.115218081 0.023179932 131.378265381
0.008811213 0.100745730 -0.994873226 -99.851318359 -0.111386687 0.988818944 0.099146150 -14.808558464 0.993737996 0.109942019 0.019934425 131.423522949
0.006596798 0.100776330 -0.994887292 -100.810150146 -0.104577281 0.989522815 0.099539541 -14.804032326 0.994494855 0.103385948 0.017066598 131.463424683
0.004338961 0.108866118 -0.994046867 -101.774681091 -0.094775967 0.989626348 0.107968286 -14.805500031 0.995489120 0.093743294 0.014611842 131.517456055
0.001589699 0.117069274 -0.993122458 -102.732757568 -0.086727887 0.989397764 0.116491377 -14.802567482 0.996230781 0.085946240 0.011726013 131.570541382
-0.000878972 0.116182908 -0.993227422 -103.685302734 -0.082573876 0.989827454 0.115858264 -14.793731689 0.996584535 0.082116477 0.008723642 131.610336304
-0.003742010 0.106622435 -0.994292498 -104.639022827 -0.083599545 0.990785480 0.106561005 -14.798553467 0.996492386 0.083521158 0.005206059 131.641357422
-0.005899513 0.097167589 -0.995250642 -105.586448669 -0.085310757 0.991590381 0.097315967 -14.796404839 0.996336937 0.085479684 0.002439541 131.676132202
-0.006027643 0.098590113 -0.995109916 -106.548416138 -0.092636086 0.990793765 0.098723620 -14.798530579 0.995681763 0.092778154 0.003160852 131.689407349
-0.007017454 0.108110018 -0.994114161 -107.509010315 -0.096221566 0.989452541 0.108282290 -14.789274216 0.995335221 0.096415073 0.003459078 131.723739624
-0.008385088 0.119380333 -0.992813170 -108.472961426 -0.100155942 0.987755120 0.119618028 -14.777399063 0.994936466 0.100439154 0.003674236 131.748138428
-0.009892257 0.121050626 -0.992597103 -109.421073914 -0.107116364 0.986805558 0.121411875 -14.766515732 0.994197249 0.107524417 0.003204770 131.775482178
-0.009779733 0.117705919 -0.993000329 -110.408294678 -0.114090845 0.986431599 0.118050933 -14.747150421 0.993422210 0.114446774 0.003782134 131.791793823
-0.009972341 0.113719560 -0.993462861 -111.362792969 -0.122115433 0.985937417 0.114083946 -14.735130310 0.992465854 0.122454815 0.004054809 131.812515259
-0.007688222 0.115734555 -0.993250370 -112.328880310 -0.126827955 0.985145390 0.115771875 -14.717501640 0.991894841 0.126862019 0.007104361 131.832504272
-0.006417043 0.116854683 -0.993128300 -113.311019897 -0.134643033 0.984003961 0.116651073 -14.700537682 0.990873337 0.134466350 0.009419273 131.854675293
-0.005938343 0.119392708 -0.992829442 -114.274246216 -0.143801406 0.982425392 0.119001709 -14.684068680 0.989588797 0.143476918 0.011334858 131.872680664
-0.005691312 0.121478468 -0.992577791 -115.249176025 -0.149146929 0.981388271 0.120964199 -14.662816048 0.988798618 0.148728371 0.012532754 131.895919800
-0.005334212 0.121048719 -0.992632210 -116.230941772 -0.153157860 0.980835617 0.120433204 -14.655864716 0.988187313 0.152671844 0.013307578 131.933959961
-0.003644382 0.111573875 -0.993749499 -117.186729431 -0.152104512 0.982131064 0.110827230 -14.658971786 0.988357663 0.151557654 0.013391627 131.961944580
-0.002269797 0.099920966 -0.994992733 -118.137847900 -0.155186966 0.982905865 0.099061169 -14.651206970 0.987882435 0.154634774 0.013275435 131.996093750
