1.000000000 0.000000000 0.000000000 0.000000000 0.000000000 1.000000000 0.000000000 0.000000000 0.000000000 0.000000000 1.000000000 0.000000000
0.999997735 -0.001628351 -0.001364090 0.049798526 0.001625436 0.999996424 -0.002135058 -0.132984564 0.001367562 0.002132836 0.999996781 1.297503233
0.999997735 0.000070186 -0.002132438 0.103509098 -0.000083656 0.999980032 -0.006317314 -0.267796397 0.002131952 0.006317478 0.999977767 2.597912550
0.999995828 0.002570432 -0.001316257 0.148398578 -0.002580760 0.999965429 -0.007905498 -0.405713052 0.001295891 0.007908862 0.999967873 3.901823759
0.999982655 0.005875995 0.000247854 0.192517906 -0.005874220 0.999960661 -0.006642114 -0.544311464 -0.000286873 0.006640543 0.999977887 5.216308117
0.999973834 0.006791213 0.002490504 0.242450476 -0.006783242 0.999971867 -0.003194536 -0.690618575 -0.002512128 0.003177559 0.999991715 6.534339428
0.999957621 0.007083847 0.005880830 0.297838926 -0.007073262 0.999973297 -0.001818719 -0.828531623 -0.005893556 0.001777045 0.999981046 7.837321281
0.999941051 0.005558628 0.009329156 0.354303569 -0.005542455 0.999983072 -0.001758644 -0.962148488 -0.009338774 0.001706834 0.999954939 9.144377708
0.999911368 0.004143614 0.012650791 0.432806849 -0.004123193 0.999990106 -0.001639832 -1.098707914 -0.012657462 0.001587525 0.999918640 10.444912910
0.999867618 0.002895425 0.016006337 0.499250203 -0.002857713 0.999993086 -0.002378402 -1.236986399 -0.016013110 0.002332346 0.999869049 11.754719734
0.999809802 0.001713782 0.019424072 0.574019313 -0.001651442 0.999993384 -0.003224977 -1.371351361 -0.019429473 0.003192286 0.999806046 13.047826767
0.999744296 0.001884194 0.022531018 0.649829030 -0.001818345 0.999993980 -0.002942747 -1.525320292 -0.022536431 0.002901025 0.999741793 14.375669479
0.999666214 0.001782877 0.025771318 0.738697410 -0.001676539 0.999990046 -0.004147226 -1.662798405 -0.025778456 0.004102636 0.999659300 15.671430588
0.999571800 0.002609528 0.029141702 0.817731023 -0.002494860 0.999988973 -0.003970505 -1.800559878 -0.029151743 0.003896101 0.999567330 16.969367981
0.999482810 0.002131621 0.032085910 0.911200047 -0.002021294 0.999991894 -0.003470517 -1.941587687 -0.032093048 0.003403867 0.999479055 18.255628586
0.999402404 0.000760474 0.034558766 1.003988624 -0.000651823 0.999994934 -0.003155085 -2.083894491 -0.034560982 0.003130673 0.999397635 19.562332153
0.999350905 -0.001773991 0.035982873 1.100935459 0.001937130 0.999988019 -0.004499441 -2.222884655 -0.035974462 0.004566223 0.999342322 20.841140747
0.999307930 -0.001481335 0.037168395 1.203748941 0.001709699 0.999979854 -0.006112983 -2.368101835 -0.037158586 0.006172299 0.999290287 22.145671844
0.999270856 -0.001490469 0.038150694 1.291612267 0.001832888 0.999958396 -0.008942025 -2.507602453 -0.038135782 0.009005431 0.999231994 23.428936005
0.999227703 -0.000781677 0.039286423 1.393466473 0.001183884 0.999947071 -0.010215595 -2.653564453 -0.039276358 0.010254215 0.999175787 24.720729828
0.999193370 0.000003854 0.040157393 1.495359540 0.000426915 0.999942482 -0.010718426 -2.801096678 -0.040155120 0.010726924 0.999135911 25.990383148
0.999165297 -0.001709072 0.040814675 1.594142199 0.002105462 0.999951124 -0.009670938 -2.949378252 -0.040796157 0.009748799 0.999119937 27.284093857
0.999167860 -0.004651858 0.040521827 1.699998498 0.004995131 0.999952495 -0.008374173 -3.095677137 -0.040480945 0.008569617 0.999143600 28.563014984
0.999185145 -0.006127810 0.039893802 1.794641018 0.006484880 0.999940038 -0.008827277 -3.244621992 -0.039837312 0.009078790 0.999164879 29.856346130
0.999195278 -0.007737461 0.039357599 1.894982100 0.008193130 0.999901056 -0.011429565 -3.388859987 -0.039265279 0.011742827 0.999159813 31.120609283
0.999222994 -0.007768587 0.038636606 2.003681660 0.008215324 0.999900997 -0.011417250 -3.539100409 -0.038544092 0.011725794 0.999188125 32.407135010
0.999250889 -0.008341649 0.037788056 2.107012987 0.008796640 0.999890566 -0.011890395 -3.681410313 -0.037684739 0.012213896 0.999215126 33.677192688
0.999254107 -0.008960162 0.037560731 2.196657181 0.009408752 0.999886334 -0.011783323 -3.828686476 -0.037450880 0.012127933 0.999225020 34.944805145
0.999260664 -0.009358517 0.037287835 2.288945198 0.009822875 0.999876201 -0.012289659 -3.971615553 -0.037168209 0.012646847 0.999229014 36.195716858
0.999306440 -0.010159537 0.035825379 2.402302742 0.010605266 0.999868453 -0.012273710 -4.132226944 -0.035695970 0.012645136 0.999282718 37.490730286
0.999306500 -0.009867002 0.035904448 2.490684509 0.010252308 0.999891579 -0.010563208 -4.275467396 -0.035796333 0.010923986 0.999299467 38.752872467
0.999271512 -0.009821068 0.036876470 2.593592405 0.010173089 0.999904335 -0.009370465 -4.416049480 -0.036780920 0.009738787 0.999275923 40.004756927
0.999193311 -0.011544349 0.038461596 2.704703569 0.011841161 0.999901772 -0.007498292 -4.558441639 -0.038371257 0.007947675 0.999231994 41.255683899
0.999078453 -0.012509766 0.041057494 2.799784184 0.012877446 0.999879181 -0.008702968 -4.703456402 -0.040943656 0.009223664 0.999118865 42.516941071
0.998945177 -0.013807436 0.043792941 2.891065121 0.014341888 0.999826193 -0.011913399 -4.851292133 -0.043620840 0.012528906 0.998969615 43.770099640
0.998856664 -0.014775992 0.045463223 3.000934124 0.015383476 0.999796629 -0.013041338 -4.996505260 -0.045261282 0.013725810 0.998880863 45.028114319
0.998725772 -0.014976439 0.048193056 3.122471333 0.015556661 0.999810755 -0.011687046 -5.130903244 -0.048008904 0.012421877 0.998769701 46.265747070
0.998528183 -0.015869301 0.051861227 3.233763933 0.016319830 0.999832571 -0.008275286 -5.280532837 -0.051721223 0.009109476 0.998620033 47.515243530
0.998243153 -0.019020965 0.056113984 3.344099045 0.019394733 0.999793112 -0.006123750 -5.420319557 -0.055985898 0.007201309 0.998405576 48.749893188
0.998005271 -0.021073356 0.059509281 3.476395845 0.021499181 0.999747574 -0.006524357 -5.560034752 -0.059356760 0.007790743 0.998206437 49.988494873
0.997727036 -0.024348062 0.062831022 3.620029926 0.025040828 0.999633729 -0.010261979 -5.690159798 -0.062558152 0.011811996 0.997971416 51.215347290
0.997448504 -0.025522834 0.066671647 3.755391836 0.026294898 0.999596655 -0.010728148 -5.820901394 -0.066370942 0.012453899 0.997717321 52.444942474
0.997098446 -0.028221766 0.070698150 3.885923862 0.028852509 0.999552429 -0.007916218 -5.962190628 -0.070443086 0.009933069 0.997466385 53.662475586
0.996824086 -0.030669617 0.073492236 4.046468258 0.031125290 0.999502659 -0.005062780 -6.091035366 -0.073300406 0.007334169 0.997282863 54.879550934
0.996574104 -0.033371370 0.075671822 4.196558952 0.033701591 0.999427080 -0.003090719 -6.222653866 -0.075525329 0.005630391 0.997127950 56.097969055
0.996406138 -0.036443498 0.076463111 4.356203079 0.036561288 0.999331415 -0.000140678 -6.346372604 -0.076406851 0.002935762 0.997072399 57.315307617
0.996230185 -0.039376963 0.077296451 4.497800827 0.039382085 0.999223232 0.001458682 -6.474117756 -0.077293828 0.001590912 0.997007072 58.515151978
0.996187866 -0.041447353 0.076758079 4.650462151 0.041722056 0.999127269 -0.001977862 -6.593834877 -0.076609120 0.005172827 0.997047782 59.723068237
0.996210158 -0.042493787 0.075892277 4.798154831 0.043099146 0.999050558 -0.006355936 -6.721971989 -0.075550139 0.009602740 0.997095823 60.910591125
0.996211410 -0.043797810 0.075131699 4.930160522 0.044691317 0.998948157 -0.010251806 -6.849720955 -0.074603669 0.013570698 0.997120917 62.109573364
0.996272206 -0.045173928 0.073491171 5.074620247 0.046231251 0.998849392 -0.012749269 -6.982052326 -0.072830684 0.016099330 0.997214377 63.302871704
0.996394634 -0.045613930 0.071533307 5.211087704 0.046640173 0.998830438 -0.012741557 -7.113739967 -0.070868462 0.016031945 0.997356832 64.477333069
0.996603549 -0.045318317 0.068756819 5.344853401 0.046303742 0.998845339 -0.012805817 -7.244411945 -0.068097100 0.015946019 0.997551322 65.650497437
0.996855974 -0.044404477 0.065625012 5.465497017 0.045163635 0.998928249 -0.010129489 -7.384434223 -0.065104872 0.013061504 0.997792959 66.847541809
0.997228742 -0.040929820 0.062127121 5.584261894 0.041437849 0.999117136 -0.006910421 -7.510949135 -0.061789434 0.009465683 0.998044312 68.021568298
0.997457743 -0.039273847 0.059460878 5.694381237 0.039596487 0.999206662 -0.004257085 -7.640460014 -0.059246507 0.006600703 0.998221517 69.190536499
0.997769654 -0.037537344 0.055196092 5.830084801 0.038002569 0.999250233 -0.007402946 -7.774988174 -0.054876812 0.009484028 0.998448193 70.393257141
0.997951210 -0.037814122 0.051610064 5.939464092 0.038589954 0.999155462 -0.014119501 -7.904026985 -0.051032554 0.016082203 0.998567522 71.553009033
0.998029947 -0.041259144 0.047262751 6.049652100 0.042116344 0.998963177 -0.017286574 -8.040674210 -0.046500504 0.019243054 0.998732924 72.728507996
0.998026490 -0.045320764 0.043463856 6.171148300 0.045910627 0.998865187 -0.012669983 -8.172576904 -0.042840324 0.014640431 0.998974621 73.916206360
0.998031259 -0.048859842 0.039321367 6.274227142 0.049213722 0.998755574 -0.008081872 -8.296480179 -0.038877554 0.010001111 0.999193907 75.073776245
0.998079538 -0.051368367 0.034620173 6.369277954 0.051574539 0.998656213 -0.005088429 -8.425027847 -0.034312274 0.006864176 0.999387562 76.256416321
0.998263121 -0.050476145 0.030378325 6.460748672 0.050577566 0.998716831 -0.002579065 -8.548410416 -0.030209173 0.004111049 0.999535024 77.415580750
0.998412609 -0.049946491 0.026030639 6.559520721 0.050045602 0.998741865 -0.003169460 -8.658118248 -0.025839590 0.004467147 0.999656081 78.580223083
0.998545468 -0.048756976 0.023019889 6.626546860 0.048870400 0.998795509 -0.004389918 -8.795752525 -0.022778125 0.005508525 0.999725342 79.749908447
0.998727858 -0.046376273 0.019798623 6.700099945 0.046567935 0.998871565 -0.009331333 -8.923055649 -0.019343529 0.010241442 0.999760389 80.894073486
0.998626888 -0.049916472 0.015899640 6.786491394 0.050144989 0.998639345 -0.014313407 -9.058418274 -0.015163535 0.015091038 0.999771059 82.057746887
0.998495281 -0.053203583 0.013287411 6.844252586 0.053405218 0.998455524 -0.015311239 -9.189219475 -0.012452275 0.015997814 0.999794483 83.200431824
0.998526752 -0.053432114 0.009444118 6.910622597 0.053543247 0.998494208 -0.011935011 -9.317504883 -0.008792184 0.012423100 0.999884129 84.335830688
0.998533547 -0.053736836 0.006581978 6.978470325 0.053796940 0.998508394 -0.009320703 -9.446065903 -0.006071297 0.009661123 0.999934912 85.474700928
0.998647749 -0.051687874 0.005562106 7.021822453 0.051748335 0.998595774 -0.011339870 -9.571257591 -0.004968161 0.011612367 0.999920189 86.619735718
0.998829424 -0.048098981 0.005119141 7.072923660 0.048168030 0.998736203 -0.014348670 -9.699327469 -0.004422515 0.014578454 0.999883950 87.740989685
0.998900414 -0.046724394 0.003847628 7.133112431 0.046783045 0.998762012 -0.016906951 -9.828916550 -0.003052898 0.017068364 0.999849677 88.849395752
0.998830795 -0.048249546 0.002990326 7.180087566 0.048294898 0.998677731 -0.017618604 -9.967665672 -0.002136283 0.017742425 0.999840260 90.009849548
0.998777032 -0.049415670 0.001562223 7.231321335 0.049433656 0.998663247 -0.015104018 -10.096694946 -0.000813760 0.015162776 0.999884665 91.125770569
0.998727500 -0.050428182 0.000473221 7.280302048 0.050430194 0.998652637 -0.012231912 -10.227917671 0.000144250 0.012240212 0.999925077 92.239868164
0.998733580 -0.050313666 0.000110149 7.338881016 0.050311495 0.998664260 -0.011760512 -10.350189209 0.000481713 0.011751159 0.999930799 93.379745483
0.998711169 -0.050755147 0.000174525 7.382520676 0.050752651 0.998614013 -0.013935939 -10.476989746 0.000533037 0.013926834 0.999902904 94.487655640
0.998699605 -0.050977454 -0.000661530 7.442885399 0.050957825 0.998544335 -0.017674558 -10.606759071 0.001561571 0.017617865 0.999843597 95.595184326
0.998678625 -0.051390510 -0.000205265 7.484229565 0.051377624 0.998503029 -0.018759621 -10.743585587 0.001169025 0.018724287 0.999824107 96.705192566
0.998635471 -0.052221652 -0.000501431 7.540381432 0.052205820 0.998494267 -0.016847594 -10.876438141 0.001380485 0.016798422 0.999857903 97.788757324
0.998694003 -0.051088482 0.000547571 7.579601765 0.051091392 0.998623669 -0.011851789 -10.997181892 0.000058673 0.011864291 0.999929547 98.872169495
0.998776615 -0.049420699 0.001713787 7.630515575 0.049433380 0.998742342 -0.008377051 -11.116752625 -0.001297631 0.008451523 0.999963403 99.938827515
0.998877108 -0.047245488 0.003517407 7.676351070 0.047274038 0.998845458 -0.008534489 -11.236172676 -0.003110130 0.008691187 0.999957383 101.010360718
0.998947084 -0.045506749 0.005819398 7.721567631 0.045564774 0.998908639 -0.010258900 -11.356716156 -0.005346199 0.010513258 0.999930382 102.044769287
0.998908162 -0.046004198 0.008123280 7.777457237 0.046104047 0.998857558 -0.012564562 -11.478931427 -0.007535977 0.012925359 0.999888062 103.066642761
0.998823047 -0.047430184 0.010140166 7.823066711 0.047566105 0.998775303 -0.013611746 -11.591846466 -0.009482141 0.014078054 0.999855936 104.082527161
0.998717010 -0.049212176 0.011934374 7.883664131 0.049366262 0.998696446 -0.012979404 -11.704850197 -0.011280072 0.013551908 0.999844551 105.066032410
0.998681366 -0.049484324 0.013667537 7.941446304 0.049642947 0.998700559 -0.011520994 -11.822484970 -0.013079668 0.012184300 0.999840200 106.038764954
0.998613834 -0.050594907 0.014518814 8.013064384 0.050738946 0.998664498 -0.009729476 -11.935516357 -0.014007163 0.010452656 0.999847233 106.990234375
0.998550296 -0.051242560 0.016476935 8.069126129 0.051414303 0.998625517 -0.010173549 -12.041970253 -0.015932970 0.011005950 0.999812365 107.908103943
0.998528779 -0.051138271 0.018033320 8.130320549 0.051295921 0.998648226 -0.008390115 -12.142268181 -0.017579885 0.009302808 0.999802291 108.818252563
0.998546779 -0.050027721 0.020041104 8.184922218 0.050163079 0.998721123 -0.006309360 -12.239054680 -0.019699829 0.007305515 0.999779224 109.688888550
0.998510063 -0.050276462 0.021210771 8.247093201 0.050354380 0.998726428 -0.003154816 -12.340275764 -0.021025145 0.004218170 0.999770045 110.548255920
0.998477042 -0.050338134 0.022570485 8.308426857 0.050417453 0.998723865 -0.002958869 -12.431616783 -0.022392739 0.004092310 0.999740839 111.374954224
0.998491466 -0.049412262 0.023941630 8.356853485 0.049478151 0.998772860 -0.002167406 -12.523068428 -0.023805154 0.003348724 0.999711037 112.186080933
0.998593867 -0.047155268 0.024219329 8.409707069 0.047215633 0.998882830 -0.001926059 -12.601428032 -0.024101447 0.003066881 0.999704838 112.963226318
0.998724997 -0.044429053 0.023969295 8.452699661 0.044420745 0.999012470 0.000879475 -12.677603722 -0.023984702 0.000186380 0.999712288 113.723625183
0.998787105 -0.044614125 0.020836573 8.498346329 0.044576827 0.999003410 0.002251082 -12.766032219 -0.020916235 -0.001319523 0.999780357 114.476226807
0.998891294 -0.044808548 0.014439888 8.533775330 0.044777475 0.998993993 0.002467957 -12.840832710 -0.014535947 -0.001818639 0.999892652 115.173049927
0.999057412 -0.043241046 0.003818976 8.561820984 0.043236241 0.999063969 0.001332407 -12.915767670 -0.003873015 -0.001166033 0.999991894 115.848686218
0.999134660 -0.040324066 -0.010193987 8.561413765 0.040309526 0.999185920 -0.001627954 -12.983366013 0.010251332 0.001215631 0.999946713 116.492271423
0.998822629 -0.038992904 -0.028860353 8.557932854 0.038895529 0.999235570 -0.003927973 -13.054857254 0.028991451 0.002800808 0.999575734 117.110099792
0.997983158 -0.037351560 -0.051327482 8.525197983 0.037085131 0.999293268 -0.006133697 -13.124984741 0.051520314 0.004217839 0.998663068 117.698646545
0.996223629 -0.035793379 -0.079102546 8.483945847 0.035247382 0.999344230 -0.008288287 -13.188782692 0.079347327 0.005468830 0.996832073 118.268028259
0.993215442 -0.033725049 -0.111290827 8.413504601 0.032811817 0.999411225 -0.010027718 -13.257544518 0.111563496 0.006308030 0.993737221 118.813446045
0.988841832 -0.028937075 -0.146132052 8.295431137 0.027511455 0.999552250 -0.011767708 -13.318485260 0.146407172 0.007616094 0.989195108 119.350685120
0.982565641 -0.022928467 -0.184496567 8.175559998 0.021240782 0.999712586 -0.011118961 -13.381394386 0.184698462 0.007006259 0.982770264 119.876953125
0.973881662 -0.018007657 -0.226341024 8.042774200 0.016393203 0.999825001 -0.009010572 -13.436222076 0.226463675 0.005064775 0.974006355 120.374748230
0.962426066 -0.013272612 -0.271219343 7.878059387 0.011675315 0.999903619 -0.007502076 -13.494715691 0.271292746 0.004053621 0.962488294 120.862129211
0.947999835 -0.007306586 -0.318186849 7.683486938 0.004988955 0.999954700 -0.008098156 -13.550210953 0.318231612 0.006089631 0.947993457 121.337860107
0.930617750 0.000606102 -0.365992248 7.452884674 -0.004064628 0.999954045 -0.008679249 -13.605004311 0.365970254 0.009564686 0.930577397 121.802932739
0.909455597 0.005224488 -0.415768117 7.203380585 -0.010125156 0.999902785 -0.009583231 -13.657597542 0.415677607 0.012925241 0.909420192 122.235794067
0.884283066 0.009660944 -0.466851324 6.926895142 -0.015238108 0.999850512 -0.008172411 -13.714237213 0.466702521 0.014340656 0.884298086 122.656936646
0.855191588 0.012770185 -0.518154740 6.640575409 -0.019754736 0.999773264 -0.007964406 -13.758413315 0.517935455 0.017047102 0.855249822 123.051712036
0.823468685 0.022583466 -0.566911995 6.313125610 -0.030787973 0.999513984 -0.004904540 -13.803361893 0.566525757 0.021492809 0.823763728 123.425842285
0.789294899 0.035507642 -0.612986803 5.965343475 -0.043625560 0.999046504 0.001697186 -13.849069595 0.612462640 0.025402311 0.790091336 123.783325195
0.753656387 0.044571355 -0.655755639 5.605785370 -0.055186771 0.998466313 0.004439352 -13.887029648 0.654947698 0.032843288 0.754960179 124.087326050
0.713547707 0.048473302 -0.698927760 5.247058868 -0.062132668 0.998051107 0.005786309 -13.940057755 0.697846115 0.039297443 0.715168834 124.386352539
0.670812547 0.050072420 -0.739934564 4.871616364 -0.064465411 0.997878611 0.009084569 -13.985056877 0.738819718 0.041606143 0.672617435 124.671569824
0.626858056 0.053480431 -0.777295887 4.464279175 -0.068147622 0.997581422 0.013678443 -14.012792587 0.776147485 0.044396423 0.628986537 124.937316895
0.581660688 0.062632583 -0.811016619 4.035648346 -0.079394840 0.996642053 0.020025987 -14.051310539 0.809547484 0.052742213 0.584680200 125.169158936
0.536660433 0.071160153 -0.840792298 3.573204041 -0.090973116 0.995509088 0.026188271 -14.072481155 0.838879883 0.062435288 0.540723860 125.379013062
0.489749610 0.076254152 -0.868522167 3.125370026 -0.096788786 0.994765699 0.032759942 -14.095627785 0.866474032 0.068019047 0.494566590 125.571037292
0.442194492 0.077692330 -0.893547893 2.663429260 -0.095899113 0.994625807 0.039022800 -14.123144150 0.891777635 0.068434775 0.447268665 125.753524780
0.394723535 0.079538837 -0.915350676 2.186832428 -0.093544513 0.994548142 0.046081774 -14.147076607 0.914025426 0.067436486 0.400011927 125.928504944
0.349807978 0.082532316 -0.933178842 1.694324493 -0.095392562 0.994072199 0.052159347 -14.169288635 0.931952059 0.070772566 0.355607450 126.062095642
0.306226701 0.085887901 -0.948076129 1.194431305 -0.101045921 0.993227959 0.057340655 -14.188282967 0.946580708 0.078239977 0.312831551 126.176956177
0.264689684 0.087335289 -0.960370719 0.674022675 -0.105579831 0.992528260 0.061160590 -14.204746246 0.958536446 0.085207202 0.271932870 126.278762817
0.225274071 0.083367519 -0.970722139 0.149923325 -0.105695404 0.992543459 0.060712993 -14.217265129 0.968545318 0.088923790 0.232405886 126.378135681
0.189905778 0.078697465 -0.978643119 -0.382680893 -0.100559749 0.993099213 0.060346313 -14.244294167 0.976638913 0.086951986 0.196509063 126.473419189
0.159559444 0.073597342 -0.984441102 -0.930572510 -0.097697005 0.993498862 0.058439650 -14.264671326 0.982342124 0.086852349 0.165712371 126.551589966
0.132865220 0.072034054 -0.988512933 -1.498497009 -0.098962672 0.993335426 0.059083994 -14.283617020 0.986181200 0.089975685 0.139108419 126.619987488
0.110997923 0.071150288 -0.991270423 -2.090405464 -0.099429898 0.993224502 0.060156837 -14.295191765 0.988834262 0.091884650 0.117320322 126.675872803
0.092822157 0.072373137 -0.993048906 -2.679807663 -0.101575613 0.992839515 0.062863417 -14.309052467 0.990488052 0.095034428 0.099508859 126.727890015
0.076268852 0.070809104 -0.994569778 -3.288270950 -0.102092370 0.992787242 0.062853217 -14.335019112 0.991846859 0.096744239 0.082947798 126.781265259
0.062043782 0.069648370 -0.995640278 -3.907874584 -0.101009682 0.992878497 0.063160717 -14.363738060 0.992948949 0.096650586 0.068637103 126.833564758
0.049859442 0.067338489 -0.996483564 -4.547357082 -0.096771739 0.993355811 0.062285107 -14.386217117 0.994056940 0.093325950 0.056044623 126.874824524
0.037900683 0.064684927 -0.997185707 -5.192634583 -0.094515570 0.993661106 0.060863979 -14.402481079 0.994801641 0.091942772 0.043774161 126.910209656
0.027338088 0.063594297 -0.997601330 -5.867960930 -0.093563408 0.993755996 0.060785174 -14.420916557 0.995237887 0.091677211 0.033117492 126.943893433
0.017712008 0.065085046 -0.997722507 -6.539130211 -0.096891180 0.993294358 0.063076116 -14.442339897 0.995137334 0.095553309 0.023899412 126.963768005
0.009412294 0.065042451 -0.997838080 -7.216924667 -0.099698462 0.992971182 0.063784793 -14.470342636 0.994973183 0.098882556 0.015830770 126.977951050
0.002762018 0.064446047 -0.997917295 -7.903485775 -0.101956658 0.992738962 0.063829422 -14.490880966 0.994785011 0.101568021 0.009312665 126.995948792
-0.002192619 0.065095954 -0.997876525 -8.601584435 -0.102711730 0.992586732 0.064976551 -14.506563187 0.994708717 0.102636106 0.004509754 127.009857178
-0.005895179 0.067691907 -0.997688830 -9.321595192 -0.104866967 0.992163062 0.067936614 -14.527241707 0.994468808 0.105025098 0.001249665 127.032928467
-0.006422476 0.071664244 -0.997408092 -10.060381889 -0.107341103 0.991616189 0.071939275 -14.551572800 0.994201422 0.107524917 0.001323888 127.030136108
-0.007818784 0.074794300 -0.997168303 -10.766236305 -0.109659068 0.991120458 0.075200520 -14.565869331 0.993938506 0.109936513 0.000452515 127.047561646
-0.008569088 0.080341667 -0.996730506 -11.504328728 -0.114352502 0.990149379 0.080794327 -14.573801041 0.993403316 0.114670962 0.000702596 127.056579590
-0.009741075 0.084170446 -0.996403694 -12.246430397 -0.117412098 0.989461899 0.084731892 -14.586405754 0.993035555 0.117815219 0.000244205 127.064735413
-0.011097190 0.085010223 -0.996318281 -12.996821404 -0.117502749 0.989365578 0.085725740 -14.607547760 0.993010581 0.118021466 -0.000990243 127.081855774
-0.012575293 0.081909306 -0.996560395 -13.740734100 -0.115145750 0.989890516 0.082814083 -14.625045776 0.993269026 0.115791097 -0.003016656 127.101989746
-0.014172513 0.078202046 -0.996836782 -14.502965927 -0.118510380 0.989778459 0.079333246 -14.627815247 0.992851734 0.119259857 -0.004759893 127.112693787
-0.015316444 0.079913042 -0.996684134 -15.267527580 -0.123921238 0.988964260 0.081198417 -14.639260292 0.992173851 0.124754004 -0.005244493 127.112136841
-0.017040737 0.083448201 -0.996366322 -16.036064148 -0.120941587 0.989022195 0.084901556 -14.653276443 0.992513418 0.121948928 -0.006761305 127.127403259
-0.019173311 0.083610184 -0.996314049 -16.812686920 -0.120303579 0.989064097 0.085316934 -14.671345711 0.992551982 0.121495955 -0.008905030 127.139945984
-0.020617323 0.082719579 -0.996359587 -17.601360321 -0.122847892 0.988810003 0.084634848 -14.680838585 0.992211282 0.124145620 -0.010224693 127.146057129
-0.021085324 0.082463436 -0.996370971 -18.388856888 -0.127543405 0.988227904 0.084488571 -14.686141968 0.991608799 0.128862023 -0.010319439 127.143150330
-0.022197025 0.087041475 -0.995957315 -19.192207336 -0.129485682 0.987561643 0.089193590 -14.693576813 0.991332829 0.130942091 -0.010650307 127.145507812
-0.022704214 0.091389120 -0.995556355 -20.006164551 -0.127874434 0.987368166 0.093553707 -14.701842308 0.991530478 0.129430309 -0.010731083 127.157928467
-0.022114368 0.093635365 -0.995360911 -20.831211090 -0.129666999 0.986926377 0.095722772 -14.714179993 0.991310954 0.131182343 -0.009683841 127.174018860
-0.020136844 0.092320472 -0.995525718 -21.649314880 -0.129068986 0.987155557 0.094154991 -14.718522072 0.991431057 0.130387485 -0.007962490 127.181892395
-0.018976312 0.092127711 -0.995566189 -22.480867386 -0.129175708 0.987174153 0.093813285 -14.721652031 0.991440117 0.130383208 -0.006832261 127.192901611
-0.019042557 0.091610275 -0.995612979 -23.314609528 -0.127589583 0.987429202 0.093297631 -14.730346680 0.991644204 0.128806427 -0.007114662 127.215522766
-0.018420089 0.093473613 -0.995451331 -24.152734756 -0.128474191 0.987145245 0.095070995 -14.735363007 0.991541743 0.129641026 -0.006174357 127.234321594
-0.017810766 0.095644109 -0.995256305 -24.991979599 -0.130137905 0.986724555 0.097153120 -14.736679077 0.991335869 0.131250933 -0.005127397 127.249908447
-0.017696379 0.097863264 -0.995042443 -25.868240356 -0.132620648 0.986175120 0.099349745 -14.734313011 0.991008878 0.133721307 -0.004473038 127.262062073
-0.016045636 0.098944806 -0.994963467 -26.731729507 -0.134796306 0.985793412 0.100206695 -14.730729103 0.990743399 0.135725290 -0.002480288 127.272842407
-0.014387192 0.102136716 -0.994666338 -27.602029800 -0.141641140 0.984529734 0.103144601 -14.730442047 0.989813447 0.142369598 0.000302137 127.285568237
-0.011980272 0.105958134 -0.994298398 -28.481597900 -0.146234199 0.983493209 0.106568627 -14.723991394 0.989177465 0.146677211 0.003712190 127.301452637
-0.010068616 0.107834838 -0.994117737 -29.355918884 -0.148733407 0.982947767 0.108129591 -14.718584061 0.988826096 0.148947284 0.006141720 127.332267761
-0.005836862 0.108741894 -0.994052827 -30.258712769 -0.148035049 0.983022928 0.108404540 -14.719250679 0.988964915 0.147787407 0.010359845 127.348411560
-0.003085288 0.108712219 -0.994068503 -31.152179718 -0.150792137 0.982655764 0.107932135 -14.712593079 0.988560677 0.150230691 0.013361173 127.374290466
-0.000676169 0.112482205 -0.993653476 -32.053649902 -0.151173532 0.982222438 0.111291058 -14.703837395 0.988507032 0.150289387 0.016340185 127.405494690
0.001760862 0.114411846 -0.993431807 -32.967994690 -0.150234506 0.982188463 0.112850681 -14.695905685 0.988648832 0.149049044 0.018918110 127.445671082
0.003543705 0.115615204 -0.993287802 -33.861099243 -0.150771141 0.982001007 0.113763556 -14.691422462 0.988562346 0.149356008 0.020911358 127.486022949
0.006196438 0.113725103 -0.993492901 -34.765884399 -0.152041733 0.982068121 0.111469015 -14.683042526 0.988354623 0.150361702 0.023376286 127.514808655
0.006313469 0.115089379 -0.993335068 -35.670013428 -0.156321362 0.981256008 0.112696305 -14.675668716 0.987686217 0.154568017 0.024186052 127.556015015
0.007379797 0.115677059 -0.993259370 -36.562980652 -0.157089502 0.981087565 0.113092341 -14.670047760 0.987556815 0.155196041 0.025411878 127.592788696
0.007581216 0.112126879 -0.993664920 -37.460903168 -0.157431722 0.981435120 0.109545708 -14.666944504 0.987500787 0.155603901 0.025092795 127.627151489
0.008440209 0.108018830 -0.994112909 -38.368373871 -0.158749357 0.981685400 0.105320632 -14.666024208 0.987282813 0.156925902 0.025433544 127.670951843
0.008955830 0.107289806 -0.994187474 -39.266609192 -0.158472627 0.981814921 0.104527049 -14.659885406 0.987322748 0.156615362 0.025795463 127.710838318
0.008797030 0.111284897 -0.993749678 -40.173614502 -0.160878599 0.980999649 0.108432941 -14.653360367 0.986935019 0.158919156 0.026533242 127.749664307
0.009084412 0.117675804 -0.993010640 -41.108722687 -0.161453113 0.980194509 0.114680059 -14.642562866 0.986838579 0.159282818 0.027903620 127.788703918
0.009222901 0.116201133 -0.993182898 -42.003513336 -0.159201369 0.980727255 0.113265447 -14.641116142 0.987203062 0.157071427 0.027544526 127.833557129
0.010133142 0.105949946 -0.994319797 -42.892715454 -0.158582896 0.981956720 0.103016473 -14.646207809 0.987293720 0.156638235 0.026752155 127.874671936
0.010552884 0.095359668 -0.995386958 -43.821361542 -0.160168767 0.982750595 0.092450999 -14.649289131 0.987033188 0.158454299 0.025644496 127.916809082
0.009628002 0.092290081 -0.995685577 -44.723083496 -0.156992450 0.983522773 0.089644641 -14.656368256 0.987552881 0.155452043 0.023958206 127.960693359
0.009411732 0.102157861 -0.994723678 -45.640365601 -0.149643555 0.983709574 0.099610835 -14.657508850 0.988695204 0.147916481 0.024545677 128.011627197
0.009341816 0.115642689 -0.993246973 -46.590587616 -0.144662052 0.982997358 0.113088742 -14.656925201 0.989436984 0.142628700 0.025912099 128.068054199
0.009513618 0.124717593 -0.992146671 -47.510997772 -0.144721761 0.981916845 0.122043937 -14.647663116 0.989426672 0.142424136 0.027390935 128.113540649
0.009297164 0.118906945 -0.992861867 -48.427047729 -0.144984111 0.982573152 0.116317108 -14.642205238 0.989390254 0.142867774 0.026374759 128.152954102
0.009476649 0.105435200 -0.994381011 -49.359527588 -0.144875035 0.984078288 0.102962099 -14.639721870 0.989404500 0.143085241 0.024600692 128.191726685
0.009987673 0.096435912 -0.995289028 -50.273883820 -0.145618200 0.984868526 0.093964964 -14.638671875 0.989290476 0.143993735 0.023879366 128.234252930
0.010584162 0.096518852 -0.995274901 -51.208114624 -0.144436285 0.985040128 0.093990304 -14.646294594 0.989457428 0.142759025 0.024366647 128.278244019
0.010274418 0.097887129 -0.995144486 -52.163028717 -0.147893280 0.984400749 0.095303379 -14.658359528 0.988949895 0.146196038 0.024590988 128.312057495
0.011037624 0.097420745 -0.995182037 -53.093547821 -0.152531475 0.983759582 0.094610848 -14.659633636 0.988237023 0.150752321 0.025718099 128.342437744
0.011209390 0.096946128 -0.995226443 -54.031406403 -0.154073551 0.983570635 0.094075367 -14.663435936 0.987995803 0.152283534 0.025962060 128.387115479
0.012094462 0.104241319 -0.994478464 -54.991054535 -0.162955642 0.981460869 0.100895025 -14.661418915 0.986559331 0.160835549 0.028856950 128.427780151
0.013770973 0.113951236 -0.993390918 -55.952182770 -0.169206008 0.979422510 0.110003315 -14.656463623 0.985484481 0.166572869 0.032768846 128.461059570
0.015015250 0.122171097 -0.992395461 -56.896232605 -0.169523165 0.978449762 0.117889345 -14.648476601 0.985411763 0.166463882 0.035402499 128.506118774
0.015971167 0.123085499 -0.992267609 -57.838233948 -0.171000406 0.978109539 0.118576914 -14.641189575 0.985141575 0.167784348 0.036669221 128.549758911
0.017560884 0.113578662 -0.993373811 -58.778942108 -0.172590494 0.978957534 0.108879298 -14.637172699 0.984837115 0.169534862 0.036793951 128.599487305
0.018222094 0.108446568 -0.993935168 -59.763252258 -0.170902491 0.979807973 0.103771970 -14.636419296 0.985119402 0.167975098 0.036387939 128.669601440
0.020473413 0.107009031 -0.994047165 -60.715152740 -0.169765145 0.980189562 0.102020785 -14.633429527 0.985271871 0.166665837 0.038234226 128.721923828
0.023962801 0.112835780 -0.993324637 -61.676864624 -0.170977503 0.979433000 0.107133150 -14.627017975 0.984983504 0.167268932 0.042762335 128.776443481
0.027685180 0.115017608 -0.992977560 -62.660293579 -0.173990577 0.978749633 0.108518556 -14.632400513 0.984358013 0.169764400 0.047108844 128.823867798
0.031290986 0.109829955 -0.993457675 -63.615272522 -0.173701495 0.979417384 0.102806672 -14.628492355 0.984301090 0.169348150 0.049724564 128.894866943
0.034745112 0.104309633 -0.993937731 -64.565025330 -0.173625201 0.980044544 0.096782178 -14.635604858 0.984198809 0.169209927 0.052162550 128.959274292
0.037979171 0.104071841 -0.993844330 -65.532699585 -0.171070635 0.980556667 0.096143045 -14.637534142 0.984526455 0.166366190 0.055044368 129.030288696
0.040396791 0.108571738 -0.993267477 -66.496467590 -0.168742791 0.980541766 0.100317851 -14.646638870 0.984831870 0.163554206 0.057931438 129.108917236
0.043473955 0.115312971 -0.992377400 -67.474868774 -0.168283701 0.979968667 0.106498934 -14.649054527 0.984779477 0.162371039 0.062008411 129.200408936
0.046899602 0.119213894 -0.991760254 -68.431007385 -0.166161597 0.979951143 0.109936714 -14.648519516 0.984982610 0.159636468 0.065768085 129.275802612
0.049085196 0.120870888 -0.991453886 -69.394287109 -0.165654719 0.979887664 0.111259542 -14.647532463 0.984961510 0.158777818 0.068120807 129.355194092
0.050995640 0.118344881 -0.991662264 -70.352508545 -0.163751557 0.980506539 0.108592741 -14.644769669 0.985182703 0.156848460 0.069380730 129.440261841
0.050576132 0.116604969 -0.991889715 -71.309471130 -0.161443099 0.981053412 0.107099123 -14.648936272 0.985585213 0.154717103 0.068442956 129.538787842
0.050787143 0.112980582 -0.992298365 -72.251159668 -0.158302531 0.981930315 0.103697948 -14.656251907 0.986083686 0.151816785 0.067754537 129.629989624
0.051005583 0.113383375 -0.992241263 -73.221267700 -0.157320961 0.982042253 0.104130946 -14.655816078 0.986229420 0.150789082 0.067927219 129.705825806
0.050015688 0.117540091 -0.991807818 -74.174217224 -0.153951809 0.982089281 0.108624756 -14.653150558 0.986811697 0.147257626 0.067215383 129.806152344
0.049727228 0.118936449 -0.991655827 -75.139602661 -0.148686901 0.982701659 0.110406525 -14.651127815 0.987633228 0.141956031 0.066551328 129.893936157
0.048983194 0.114944868 -0.992163360 -76.090011597 -0.145632848 0.983561754 0.106758431 -14.644533157 0.988125324 0.139262259 0.064917751 129.976577759
0.047518741 0.111804411 -0.992593467 -77.041870117 -0.147450194 0.983614564 0.103734128 -14.650804520 0.987927318 0.141428798 0.063225716 130.055862427
0.046316512 0.108080089 -0.993062675 -78.019058228 -0.143871769 0.984486401 0.100436509 -14.647888184 0.988511860 0.138221800 0.061147653 130.128234863
0.045374718 0.108792171 -0.993028402 -78.971481323 -0.144737631 0.984279096 0.101220094 -14.645724297 0.988429070 0.139135748 0.060407717 130.197235107
0.044562679 0.110124551 -0.992918313 -79.923110962 -0.145214304 0.984063387 0.102625184 -14.645056725 0.988396108 0.139612719 0.059844166 130.272796631
0.043647330 0.111365877 -0.992820501 -80.888885498 -0.147739738 0.983560681 0.103832133 -14.653708458 0.988062680 0.142147034 0.059382968 130.337203979
0.042086422 0.111476518 -0.992875457 -81.844306946 -0.147835806 0.983511865 0.104158677 -14.647452354 0.988116026 0.142398879 0.057872720 130.410812378
0.040130273 0.112103388 -0.992885888 -82.797775269 -0.148007795 0.983391285 0.105049238 -14.647428513 0.988171756 0.142739177 0.056055933 130.478530884
0.037932474 0.115278564 -0.992608666 -83.742752075 -0.147801861 0.983045340 0.108519673 -14.647895813 0.988289297 0.142592981 0.054327726 130.553344727
0.036355235 0.118897296 -0.992240787 -84.703521729 -0.149271086 0.982404292 0.112249419 -14.636196136 0.988127768 0.144032001 0.053463466 130.606475830
0.033989087 0.123455241 -0.991767943 -85.652320862 -0.150284052 0.981689215 0.117050245 -14.621606827 0.988058448 0.145068422 0.051920079 130.672805786
0.032224771 0.123801939 -0.991783619 -86.601051331 -0.150505349 0.981585026 0.117638707 -14.619473457 0.988083899 0.145477861 0.050264198 130.733917236
0.030746015 0.117678300 -0.992575705 -87.542427063 -0.150450870 0.982275963 0.111796811 -14.606542587 0.988139272 0.145896539 0.047905866 130.800842285
0.028521134 0.113151334 -0.993168354 -88.481193542 -0.155199349 0.982025087 0.107424848 -14.597455025 0.987471461 0.151075184 0.045569476 130.860916138
0.028484890 0.110561460 -0.993461013 -89.455894470 -0.153633684 0.982539594 0.104940988 -14.586867332 0.987717152 0.149639830 0.044973504 130.904159546
0.027653035 0.111646168 -0.993363202 -90.408187866 -0.149579540 0.983016849 0.106319360 -14.590188026 0.988362968 0.145646781 0.043883383 130.963424683
0.026757909 0.113000974 -0.993234456 -91.358207703 -0.146098599 0.983363390 0.107942022 -14.587263107 0.988908112 0.142221853 0.042822033 131.029693604
0.025607765 0.112968974 -0.993268430 -92.303855896 -0.141106859 0.984054685 0.108283132 -14.588111877 0.989663124 0.137384102 0.041140143 131.095291138
0.024772430 0.110171080 -0.993603826 -93.251480103 -0.137153730 0.984884977 0.105784826 -14.588675499 0.990240037 0.133655921 0.039508369 131.153427124
0.023586879 0.106921062 -0.993987620 -94.219902039 -0.132050499 0.985885859 0.102916062 -14.593672752 0.990962327 0.128829107 0.037372947 131.211914062
0.022587186 0.109235860 -0.993759096 -95.179992676 -0.130156070 0.985874176 0.105410814 -14.593570709 0.991236150 0.126962885 0.036485836 131.267440796
0.021258278 0.111945666 -0.993486881 -96.122673035 -0.130055100 0.985577404 0.108271562 -14.596795082 0.991278887 0.126906380 0.035510782 131.325180054
0.019793529 0.109734736 -0.993763804 -97.079002380 -0.125220925 0.986404002 0.106427915 -14.589371681 0.991931438 0.122333467 0.033265501 131.374343872
0.016650170 0.106982157 -0.994121492 -98.027511597 -0.123355865 0.986883283 0.104137182 -14.594806671 0.992222786 0.120896824 0.029628659 131.435134888
0.013660336 0.104540341 -0.994426847 -98.977241516 -0.122239076 0.987234652 0.102105074 -14.595354080 0.992406666 0.120163038 0.026264876 131.487274170
0.011664538 0.103247568 -0.994587243 -99.940010071 -0.115939789 0.988086045 0.101212926 -14.600000381 0.993187785 0.114131667 0.023496069 131.529815674
0.008695045 0.104237802 -0.994514346 -100.883445740 -0.110331453 0.988579571 0.102651142 -14.602277756 0.993856788 0.108833663 0.020096455 131.586532593
0.006671071 0.111297302 -0.993764758 -101.884651184 -0.100214876 0.988858163 0.110075049 -14.596069336 0.994943380 0.098855719 0.017750386 131.641510010
0.003984618 0.119445316 -0.992832780 -102.843566895 -0.092265792 0.988649487 0.118571728 -14.590750694 0.995726407 0.091132045 0.014960110 131.697143555
0.000065302 0.118743807 -0.992924988 -103.798248291 -0.087971024 0.989076078 0.118277736 -14.581687927 0.996123075 0.087340891 0.010510603 131.751312256
-0.001629478 0.109060414 -0.994033813 -104.755401611 -0.089071192 0.990068257 0.108771361 -14.583689690 0.996023953 0.088716999 0.008100846 131.774230957
-0.003697796 0.099485338 -0.995032251 -105.702667236 -0.090844192 0.990891159 0.099408932 -14.579447746 0.995858312 0.090760484 0.005373553 131.809982300
-0.004489098 0.101409681 -0.994834661 -106.653617859 -0.098298483 0.989981711 0.101358563 -14.584419250 0.995146871 0.098245740 0.005524293 131.836791992
-0.004704945 0.110642754 -0.993849099 -107.628372192 -0.101661175 0.988657951 0.110546105 -14.569014549 0.994807959 0.101555996 0.006596493 131.860061646
-0.006195193 0.122056611 -0.992503881 -108.591468811 -0.105619624 0.986891150 0.122025661 -14.556159019 0.994387269 0.105583847 0.006777592 131.888015747
-0.007666314 0.123786457 -0.992279232 -109.533432007 -0.112738058 0.985874772 0.123858519 -14.544667244 0.993595183 0.112817168 0.006397420 131.918792725
-0.007023480 0.120858669 -0.992644846 -110.518424988 -0.120031036 0.985390246 0.120824642 -14.525455475 0.992745280 0.119996816 0.007585922 131.930175781
-0.007291832 0.116643794 -0.993147075 -111.472579956 -0.128059119 0.984886765 0.116613865 -14.509572029 0.991739690 0.128031865 0.007755672 131.954635620
-0.005257908 0.118689194 -0.992917538 -112.438613892 -0.132597074 0.984080732 0.118335016 -14.489432335 0.991156042 0.132280141 0.010563634 131.979843140
-0.003632041 0.120208733 -0.992742002 -113.420021057 -0.141033828 0.982764006 0.119516529 -14.472157478 0.989998102 0.140444294 0.013384058 132.000305176
-0.003020970 0.122829534 -0.992423236 -114.384315491 -0.150271475 0.981102645 0.121885851 -14.453000069 0.988640189 0.149501100 0.015493890 132.019927979
-0.002913780 0.125339657 -0.992109597 -115.358329773 -0.155814588 0.979939461 0.124259725 -14.433493614 0.987782061 0.154947206 0.016674414 132.047302246
-0.002433034 0.124613844 -0.992202342 -116.330589294 -0.159619525 0.979435325 0.123401821 -14.418754578 0.987175584 0.158675089 0.017507803 132.081314087
-0.000809515 0.115205050 -0.993341446 -117.285568237 -0.158606380 0.980753124 0.113874331 -14.419432640 0.987341464 0.157642484 0.017478319 132.113403320
0.000528896 0.103585161 -0.994620442 -118.237052917 -0.161684066 0.981542885 0.102137193 -14.409079552 0.986842453 0.160760298 0.017267205 132.150024414
