1.000000000 0.000000000 0.000000000 0.000000000 0.000000000 1.000000000 0.000000000 0.000000000 0.000000000 0.000000000 1.000000000 0.000000000
0.999997616 -0.001721518 -0.001335696 0.049088005 0.001718607 0.999996126 -0.002177412 -0.133094549 0.001339439 0.002175112 0.999996722 1.298181176
0.999997675 0.000059219 -0.002157824 0.105202593 -0.000073046 0.999979377 -0.006408621 -0.267028868 0.002157401 0.006408764 0.999977052 2.604291677
0.999995887 0.002546330 -0.001318991 0.148963571 -0.002556634 0.999965727 -0.007870112 -0.406398505 0.001298905 0.007873451 0.999968171 3.908025503
0.999983072 0.005815680 0.000257513 0.193624556 -0.005813849 0.999961257 -0.006617883 -0.544638276 -0.000295991 0.006616273 0.999978065 5.220367908
0.999974549 0.006711103 0.002468917 0.243452474 -0.006702987 0.999972165 -0.003281032 -0.690129519 -0.002490868 0.003264398 0.999991536 6.538296223
0.999959171 0.006975638 0.005737315 0.300661802 -0.006964953 0.999973953 -0.001880181 -0.828271389 -0.005750282 0.001840145 0.999981761 7.841286182
0.999943018 0.005322747 0.009250981 0.354884505 -0.005305928 0.999984205 -0.001841691 -0.962065339 -0.009260639 0.001792502 0.999955475 9.145203590
0.999911547 0.003997612 0.012677575 0.431911081 -0.003975232 0.999990463 -0.001790021 -1.098570704 -0.012684610 0.001739466 0.999918103 10.444430351
0.999870598 0.002774445 0.015845675 0.499750853 -0.002735629 0.999993145 -0.002470773 -1.237552047 -0.015852420 0.002427105 0.999871314 11.753294945
0.999813795 0.001747302 0.019216374 0.575358272 -0.001684822 0.999993265 -0.003267079 -1.374144673 -0.019221952 0.003234094 0.999810040 13.045293808
0.999746501 0.001497142 0.022462526 0.645885110 -0.001423630 0.999993682 -0.003288306 -1.520131230 -0.022467308 0.003255495 0.999742210 14.371987343
0.999667346 0.001354963 0.025753060 0.730199695 -0.001243455 0.999989808 -0.004345414 -1.658589721 -0.025758682 0.004311946 0.999658942 15.666940689
0.999573648 0.002381483 0.029100636 0.808988571 -0.002255304 0.999987900 -0.004368008 -1.795528054 -0.029110691 0.004300515 0.999566972 16.971509933
0.999472737 0.001994518 0.032405376 0.897824764 -0.001866154 0.999990284 -0.003990955 -1.934428453 -0.032413021 0.003928377 0.999466836 18.258523941
0.999411523 0.000302043 0.034298107 1.005176544 -0.000175001 0.999993086 -0.003706983 -2.077497005 -0.034298994 0.003698800 0.999404788 19.555881500
0.999354720 -0.002143203 0.035855986 1.104184270 0.002322280 0.999984980 -0.004953445 -2.219142199 -0.035844829 0.005033515 0.999344707 20.830041885
0.999312580 -0.001899421 0.037023704 1.205371976 0.002147823 0.999975443 -0.006670640 -2.361133814 -0.037010122 0.006745575 0.999292135 22.135271072
0.999259233 -0.001758717 0.038442586 1.284722805 0.002116679 0.999954760 -0.009272891 -2.505544424 -0.038424525 0.009347393 0.999217808 23.421178818
0.999226391 -0.001346311 0.039303407 1.391112566 0.001767445 0.999941409 -0.010682154 -2.649537563 -0.039286714 0.010743356 0.999170244 24.703456879
0.999178827 -0.000682759 0.040511452 1.489732265 0.001146065 0.999934256 -0.011414317 -2.794165850 -0.040500995 0.011451373 0.999113858 25.974617004
0.999174476 -0.002479239 0.040549196 1.596732259 0.002894918 0.999943852 -0.010195723 -2.944433212 -0.040521648 0.010304692 0.999125540 27.262180328
0.999165654 -0.005419251 0.040479071 1.699889183 0.005788793 0.999942541 -0.009017574 -3.092052698 -0.040427875 0.009244373 0.999139667 28.540794373
0.999188185 -0.006942294 0.039683279 1.796458006 0.007326871 0.999927461 -0.009553996 -3.238032341 -0.039614066 0.009836995 0.999166608 29.829654694
0.999213994 -0.008679003 0.038678534 1.904921055 0.009158426 0.999883175 -0.012235190 -3.381953716 -0.038567822 0.012579807 0.999176800 31.098211288
0.999245584 -0.008614785 0.037869252 2.013620138 0.009083297 0.999884069 -0.012217193 -3.533233643 -0.037759621 0.012551953 0.999207973 32.385765076
0.999262929 -0.009370517 0.037224546 2.110874891 0.009840166 0.999873996 -0.012453521 -3.677813053 -0.037103165 0.012810636 0.999229312 33.652111053
0.999275029 -0.009972041 0.036739714 2.208038330 0.010439579 0.999866664 -0.012555849 -3.822377205 -0.036609612 0.012930293 0.999246001 34.922393799
0.999289215 -0.010505266 0.036203735 2.302031040 0.010984094 0.999854386 -0.013052479 -3.966572285 -0.036061347 0.013440867 0.999259174 36.184345245
0.999327064 -0.011206483 0.034928806 2.413861513 0.011674226 0.999844432 -0.013216190 -4.123659134 -0.034775272 0.013615063 0.999302387 37.466808319
0.999320567 -0.010855597 0.035221752 2.498680592 0.011264894 0.999870956 -0.011442925 -4.269073963 -0.035092995 0.011831921 0.999314010 38.730339050
0.999290943 -0.010945532 0.036028095 2.603416920 0.011325597 0.999882162 -0.010361901 -4.410111904 -0.035910428 0.010762592 0.999297082 39.993587494
0.999219358 -0.012738727 0.037396166 2.720682859 0.013071775 0.999876857 -0.008674994 -4.552711964 -0.037281062 0.009157057 0.999262810 41.246257782
0.999103904 -0.013894207 0.039982732 2.808077574 0.014298429 0.999849319 -0.009841701 -4.698053360 -0.039839976 0.010404571 0.999151826 42.499423981
0.998980403 -0.015193248 0.042514320 2.902846336 0.015754353 0.999792695 -0.012894237 -4.846487999 -0.042309605 0.013550875 0.999012589 43.747234344
0.998887122 -0.016372802 0.044231426 3.013734341 0.017015984 0.999754429 -0.014204084 -4.987473011 -0.043988001 0.014940919 0.998920321 45.005828857
0.998761594 -0.016613092 0.046895172 3.136897326 0.017234433 0.999768615 -0.012876447 -5.121571541 -0.046670400 0.013668712 0.998816848 46.242298126
0.998568475 -0.017750546 0.050457560 3.244745493 0.018249076 0.999788880 -0.009436680 -5.279545784 -0.050279412 0.010343974 0.998681605 47.503543854
0.998300374 -0.020713419 0.054473169 3.357153177 0.021161279 0.999746740 -0.007657729 -5.414831161 -0.054300752 0.008797435 0.998485863 48.727970123
0.998070955 -0.022840304 0.057728589 3.496046066 0.023329116 0.999697328 -0.007807661 -5.558491707 -0.057532784 0.009139357 0.998301804 49.986461639
0.997790217 -0.026136911 0.061086044 3.636217833 0.026906144 0.999568343 -0.011804052 -5.691661358 -0.060751140 0.013421558 0.998062670 51.218955994
0.997513235 -0.027473973 0.064903527 3.771631956 0.028281167 0.999533296 -0.011550876 -5.832416058 -0.064555898 0.013357701 0.997824669 52.453563690
0.997162580 -0.030078623 0.069007918 3.901666403 0.030776247 0.999485254 -0.009068249 -5.970537663 -0.068699628 0.011166324 0.997574866 53.673862457
0.996889830 -0.032902043 0.071610712 4.060411453 0.033402357 0.999425113 -0.005799789 -6.105385780 -0.071378715 0.008173716 0.997415781 54.893360138
0.996660829 -0.035380080 0.073588446 4.210466862 0.035758168 0.999353111 -0.003826270 -6.239131451 -0.073405460 0.006444881 0.997281313 56.108886719
0.996465743 -0.038869888 0.074464828 4.369394302 0.039064113 0.999236166 -0.001152996 -6.359072208 -0.074363112 0.004057824 0.997222960 57.330505371
0.996305764 -0.041809190 0.075011723 4.521981716 0.041911528 0.999121308 0.000210109 -6.484110832 -0.074954599 0.002934523 0.997182608 58.537120819
0.996265531 -0.044063147 0.074252620 4.673788071 0.044388760 0.999010503 -0.002739891 -6.613041878 -0.074058406 0.006025640 0.997235715 59.744373322
0.996273577 -0.045259122 0.073420681 4.820017338 0.045899883 0.998921037 -0.007062805 -6.741209030 -0.073021799 0.010406489 0.997276008 60.932769775
0.996289432 -0.046670891 0.072313368 4.952529907 0.047592375 0.998805404 -0.011071848 -6.869060516 -0.071710244 0.014472328 0.997320473 62.141456604
0.996328950 -0.048191000 0.070755281 5.098505020 0.049261924 0.998695016 -0.013468603 -7.001922131 -0.070013881 0.016904701 0.997402787 63.335163116
0.996445477 -0.048616994 0.068795577 5.224474430 0.049661081 0.998674333 -0.013547757 -7.139500618 -0.068045706 0.016916065 0.997538805 64.517234802
0.996675193 -0.048071925 0.065784588 5.358421803 0.049027298 0.998713017 -0.012985441 -7.274042606 -0.065075696 0.016167507 0.997749388 65.695922852
0.996924281 -0.047151372 0.062598825 5.477999687 0.047935903 0.998788834 -0.011089733 -7.412111282 -0.062000118 0.014056358 0.997977078 66.902252197
0.997323334 -0.043307371 0.058912236 5.597064972 0.043837465 0.999008715 -0.007734934 -7.539611340 -0.058518860 0.010296795 0.998233080 68.077323914
0.997574449 -0.041661482 0.055763714 5.712200165 0.042009637 0.999104261 -0.005085236 -7.668013573 -0.055501916 0.007415514 0.998430967 69.264297485
0.997786343 -0.040932115 0.052412901 5.822630405 0.041406717 0.999110401 -0.008000900 -7.804612160 -0.052038789 0.010153435 0.998593330 70.429679871
0.997952342 -0.041103628 0.049007230 5.932208538 0.041888565 0.999008298 -0.015098245 -7.932108879 -0.048338030 0.017120168 0.998684347 71.601455688
0.997994304 -0.044697944 0.044826306 6.042925835 0.045551643 0.998796046 -0.018207019 -8.077217102 -0.043958519 0.020212410 0.998828888 72.788803101
0.997982621 -0.048038702 0.041508224 6.137213230 0.048607908 0.998735785 -0.012813893 -8.217263222 -0.040840186 0.014805675 0.999056041 73.954994202
0.997963369 -0.052107353 0.036796615 6.244997025 0.052461952 0.998584628 -0.008737259 -8.337727547 -0.036289260 0.010649885 0.999284565 75.127899170
0.998011351 -0.054119632 0.032320537 6.338325500 0.054344807 0.998503327 -0.006128815 -8.456047058 -0.031940479 0.007873078 0.999458730 76.298423767
0.998204887 -0.052972108 0.027945293 6.425066471 0.053092588 0.998583078 -0.003586499 -8.587013245 -0.027715718 0.005063749 0.999603033 77.456947327
0.998311758 -0.052748173 0.024317423 6.508246899 0.052842360 0.998597622 -0.003246930 -8.708755493 -0.024112049 0.004526439 0.999698997 78.611557007
0.998504698 -0.050582618 0.020730071 6.585675716 0.050691601 0.998703003 -0.004765993 -8.841517448 -0.020462105 0.005809706 0.999773800 79.776763916
0.998606563 -0.049527548 0.018218797 6.644307137 0.049718983 0.998711050 -0.010208533 -8.962574005 -0.017689714 0.011100128 0.999781907 80.921089172
0.998502851 -0.052797571 0.014290842 6.725699425 0.053017471 0.998473644 -0.015472347 -9.090256691 -0.013452128 0.016206849 0.999778152 82.063789368
0.998329759 -0.056793559 0.010581103 6.794647694 0.056962278 0.998241663 -0.016392419 -9.221614838 -0.009631514 0.016967766 0.999809623 83.226707458
0.998373449 -0.056589033 0.006936895 6.853226662 0.056675617 0.998308063 -0.012994140 -9.354733467 -0.006189832 0.013366159 0.999891460 84.373268127
0.998352110 -0.057194516 0.004671310 6.907130241 0.057241239 0.998304367 -0.010567873 -9.481552124 -0.004058965 0.010817848 0.999933302 85.504631042
0.998511076 -0.054404490 0.003982968 6.953915596 0.054449365 0.998442173 -0.012189246 -9.611923218 -0.003313613 0.012387967 0.999917746 86.651313782
0.998695731 -0.050962761 0.003097564 7.006421566 0.051004857 0.998578012 -0.015507155 -9.743147850 -0.002302872 0.015644919 0.999874949 87.798049927
0.998753786 -0.049872190 0.001889684 7.056607723 0.049898110 0.998593211 -0.017937928 -9.874886513 -0.000992422 0.018009868 0.999837279 88.916702271
0.998700440 -0.050952267 0.001105917 7.108588219 0.050964005 0.998529494 -0.018480096 -10.010201454 -0.000162689 0.018512439 0.999828577 90.032020569
0.998663843 -0.051675182 0.000229836 7.150556564 0.051672071 0.998531282 -0.016283130 -10.141221046 0.000611935 0.016273249 0.999867380 91.171516418
0.998564899 -0.053548601 -0.000908788 7.206008434 0.053531941 0.998478532 -0.013223950 -10.269799232 0.001615530 0.013156325 0.999912143 92.281181335
0.998587728 -0.053115554 -0.001156115 7.254536629 0.053096447 0.998507202 -0.012808518 -10.395812035 0.001834721 0.012729041 0.999917328 93.416473389
0.998572767 -0.053386863 -0.001413723 7.297133923 0.053360265 0.998466432 -0.014756425 -10.531536102 0.002199355 0.014659931 0.999890089 94.569824219
0.998565972 -0.053495768 -0.002019742 7.351777077 0.053449672 0.998400807 -0.018411592 -10.659348488 0.003001454 0.018277239 0.999828458 95.670593262
0.998517811 -0.054348432 -0.002895850 7.407025337 0.054282039 0.998335660 -0.019476660 -10.792312622 0.003949556 0.019290600 0.999806046 96.778152466
0.998508632 -0.054562178 -0.001826333 7.445448875 0.054519366 0.998342454 -0.018438831 -10.920832634 0.002829368 0.018311759 0.999828339 97.850570679
0.998528898 -0.054201435 -0.001484093 7.494204521 0.054178238 0.998450100 -0.012730315 -11.043814659 0.002171794 0.012631182 0.999917865 98.939247131
0.998607278 -0.052756704 -0.000457960 7.541754723 0.052749995 0.998562634 -0.009492272 -11.166200638 0.000958083 0.009454895 0.999954820 100.008209229
0.998678446 -0.051370870 0.001536775 7.594299316 0.051383391 0.998632014 -0.009688230 -11.278311729 -0.001036979 0.009754395 0.999951839 101.055976868
0.998764455 -0.049588129 0.003229429 7.645737648 0.049621280 0.998705804 -0.011157935 -11.404273987 -0.002671947 0.011304399 0.999932528 102.107177734
0.998746276 -0.049754485 0.005501063 7.698769093 0.049825691 0.998664320 -0.013668171 -11.521614075 -0.004813662 0.013925130 0.999891460 103.122558594
0.998657405 -0.051302746 0.007154491 7.762621880 0.051400781 0.998576164 -0.014267654 -11.641584396 -0.006412335 0.014616247 0.999872625 104.135070801
0.998546958 -0.053165212 0.008801152 7.824786186 0.053280216 0.998489797 -0.013393395 -11.763818741 -0.008075798 0.013842861 0.999871552 105.134315491
0.998543561 -0.052946925 0.010353918 7.884083271 0.053069051 0.998519957 -0.011899541 -11.877984047 -0.009708551 0.012431685 0.999875486 106.093627930
0.998468935 -0.054023288 0.011883987 7.937487602 0.054150872 0.998475552 -0.010688724 -11.984599113 -0.011288432 0.011315887 0.999872267 107.048667908
0.998404860 -0.054771513 0.013706317 7.994343281 0.054926239 0.998427808 -0.011178942 -12.090767860 -0.013072483 0.011913946 0.999843597 107.968414307
0.998404562 -0.054306664 0.015462012 8.049294472 0.054453306 0.998473644 -0.009225887 -12.193332672 -0.014937385 0.010053123 0.999837875 108.868003845
0.998416722 -0.053478546 0.017435715 8.103484154 0.053607505 0.998537362 -0.007014356 -12.291729927 -0.017035097 0.007937935 0.999823391 109.739166260
0.998395562 -0.053601213 0.018253533 8.167226791 0.053677902 0.998551309 -0.003737183 -12.395197868 -0.018026773 0.004710998 0.999826431 110.595680237
0.998355269 -0.053799432 0.019809203 8.224546432 0.053883146 0.998540282 -0.003716162 -12.486625671 -0.019580362 0.004777431 0.999796927 111.421821594
0.998385131 -0.052773263 0.021027656 8.273902893 0.052847806 0.998598039 -0.003005035 -12.576140404 -0.020839591 0.004111449 0.999774396 112.230804443
0.998482704 -0.050577801 0.021779833 8.320917130 0.050645355 0.998713374 -0.002560555 -12.657341003 -0.021622308 0.003659718 0.999759495 113.008644104
0.998628139 -0.047954209 0.021027477 8.362644196 0.047956053 0.998849273 0.000416784 -12.734379768 -0.021023266 0.000592182 0.999778807 113.765251160
0.998684525 -0.048108570 0.017738486 8.412655830 0.048089072 0.998841882 0.001524231 -12.820230484 -0.017791267 -0.000669198 0.999841452 114.510124207
0.998770356 -0.048166811 0.011737188 8.442851067 0.048151731 0.998838842 0.001564158 -12.893889427 -0.011798901 -0.000997069 0.999929905 115.206817627
0.998906851 -0.046721745 0.001433911 8.465813637 0.046720963 0.998907804 0.000573526 -12.971453667 -0.001459142 -0.000505906 0.999998808 115.874122620
0.998946369 -0.044153381 -0.012515808 8.461081505 0.044130508 0.999023497 -0.002097716 -13.043899536 0.012596210 0.001543177 0.999919474 116.517379761
0.998599350 -0.042500086 -0.031512082 8.457787514 0.042366877 0.999090195 -0.004883199 -13.108988762 0.031690948 0.003541291 0.999491453 117.132575989
0.997752130 -0.040556043 -0.053347200 8.418256760 0.040221438 0.999163866 -0.007331334 -13.178032875 0.053599924 0.005169152 0.998549104 117.712799072
0.995929658 -0.038999967 -0.081259683 8.380684853 0.038378384 0.999220908 -0.009197900 -13.243463516 0.081555091 0.006041846 0.996650517 118.279708862
0.992917657 -0.036925927 -0.112919591 8.294705391 0.035871975 0.999291897 -0.011351924 -13.316000938 0.113258824 0.007220878 0.993539274 118.839538574
0.988328636 -0.032671921 -0.148792118 8.203689575 0.031140769 0.999435365 -0.012609310 -13.380391121 0.149120122 0.007828639 0.988788128 119.372116089
0.982013762 -0.026789233 -0.186899126 8.081222534 0.024932781 0.999613762 -0.012276979 -13.439447403 0.187155798 0.007396249 0.982302487 119.887939453
0.973222196 -0.021547234 -0.228854448 7.943803787 0.019680770 0.999751866 -0.010435151 -13.495866776 0.229022533 0.005651687 0.973404825 120.391601562
0.961692452 -0.016543493 -0.273630977 7.773706436 0.014623377 0.999852061 -0.009055467 -13.558127403 0.273740321 0.004707165 0.961792171 120.888252258
0.947281599 -0.010558861 -0.320228338 7.580333710 0.007890280 0.999922514 -0.009629781 -13.613850594 0.320305139 0.006595424 0.947291434 121.357040405
0.929777801 -0.002620834 -0.368111819 7.340194702 -0.001303328 0.999944866 -0.010411224 -13.675428391 0.368118852 0.010159895 0.929723203 121.821044922
0.908161223 0.002146329 -0.418614894 7.099613190 -0.007635857 0.999905407 -0.011438828 -13.728800774 0.418550760 0.013584785 0.908091784 122.257019043
0.882634759 0.006422172 -0.470015436 6.831325531 -0.012851372 0.999862492 -0.010471527 -13.781490326 0.469883621 0.015282876 0.882596016 122.667976379
0.853625536 0.009573191 -0.520799160 6.532131195 -0.017664338 0.999787986 -0.010575220 -13.827349663 0.520587564 0.018226851 0.853613675 123.067413330
0.821716964 0.018637976 -0.569590926 6.211639404 -0.027845504 0.999584377 -0.007463067 -13.876056671 0.569215059 0.021993075 0.821894467 123.437438965
0.788045883 0.032427676 -0.614761710 5.860740662 -0.041682720 0.999130607 -0.000729422 -13.923058510 0.614203751 0.026199766 0.788712561 123.789154053
0.751729131 0.041452993 -0.658167899 5.506538391 -0.053278096 0.998577654 0.002041022 -13.966450691 0.657316327 0.033531636 0.752868295 124.104354858
0.711914480 0.045106471 -0.700816095 5.134563446 -0.060334258 0.998173773 0.002955505 -14.015913010 0.699669480 0.040179148 0.713335931 124.401809692
0.669067860 0.046518948 -0.741744161 4.755912781 -0.063027717 0.997995257 0.005737650 -14.059975624 0.740523994 0.042911559 0.670658529 124.684326172
0.624846756 0.050087061 -0.779139161 4.358486176 -0.066445321 0.997731090 0.010852077 -14.094623566 0.777914882 0.044989266 0.626757026 124.949142456
0.579006910 0.058802899 -0.813199401 3.936489105 -0.076893508 0.996888518 0.017336547 -14.141824722 0.811688602 0.052491765 0.581726909 125.178596497
0.533294559 0.067793474 -0.843208790 3.496532440 -0.088589504 0.995778322 0.024030775 -14.167922974 0.841277957 0.061883956 0.537048936 125.380126953
0.486146837 0.072802745 -0.870839298 3.043163300 -0.094356045 0.995070696 0.030514222 -14.194931984 0.868768215 0.067334555 0.490619898 125.576774597
0.439253002 0.074964970 -0.895230234 2.578292847 -0.093767844 0.994894922 0.037302665 -14.227743149 0.893456399 0.067558497 0.444039941 125.751182556
0.391555190 0.075670078 -0.917037904 2.095867157 -0.090544283 0.994944632 0.043438181 -14.248225212 0.915688932 0.066024095 0.396427244 125.928245544
0.345708668 0.078035973 -0.935091317 1.607036591 -0.092505559 0.994515836 0.048795283 -14.267332077 0.933771014 0.069632195 0.351031512 126.068069458
0.301780581 0.081354938 -0.949899971 1.105426788 -0.098458074 0.993684530 0.053825032 -14.286240578 0.948279679 0.077281967 0.307884812 126.181892395
0.260294825 0.082803421 -0.961971998 0.577558517 -0.103055052 0.993007064 0.057589710 -14.304869652 0.960013628 0.084145769 0.267008007 126.286750793
0.220936313 0.080056168 -0.971996963 0.051702499 -0.103818431 0.992893159 0.058179162 -14.332906723 0.969746828 0.088057309 0.227677494 126.378959656
0.186041743 0.074824288 -0.979688585 -0.481256485 -0.098807409 0.993466198 0.057113145 -14.352714539 0.977560997 0.086175077 0.192219391 126.467887878
0.155445069 0.070009001 -0.985360622 -1.031490326 -0.096270785 0.993811011 0.055422246 -14.377778053 0.983142316 0.086246319 0.161222816 126.544342041
0.129131690 0.068225332 -0.989277720 -1.600902557 -0.097445674 0.993674874 0.055808868 -14.397116661 0.986827850 0.089194141 0.134963155 126.606193542
0.107506685 0.067259327 -0.991926610 -2.192318916 -0.098379791 0.993532002 0.056705598 -14.410022736 0.989324868 0.091489308 0.113428280 126.658836365
0.088134468 0.068725891 -0.993734896 -2.774246216 -0.100412354 0.993148386 0.059779745 -14.429887772 0.991034627 0.094514608 0.094431534 126.725448608
0.072264887 0.066994071 -0.995132923 -3.383210182 -0.101340763 0.993071079 0.059496067 -14.454696655 0.992223740 0.096548058 0.078553401 126.767959595
0.058265414 0.065836117 -0.996127903 -4.003591537 -0.099668749 0.993221283 0.059814189 -14.483807564 0.993313253 0.095797732 0.064432256 126.814605713
0.046414990 0.063422270 -0.996906817 -4.641768932 -0.095816158 0.993663430 0.058754809 -14.508253098 0.994316280 0.092792682 0.052197766 126.848625183
0.033650383 0.060460702 -0.997603238 -5.289767742 -0.093036361 0.994023740 0.057105526 -14.526163101 0.995093942 0.090891756 0.039074332 126.893531799
0.022771798 0.059567422 -0.997964501 -5.963916302 -0.092303842 0.994084895 0.057229638 -14.546875000 0.995470464 0.090812743 0.028135398 126.927299500
0.013348423 0.061109189 -0.998041749 -6.634325027 -0.095786840 0.993618608 0.059557240 -14.571071625 0.995312393 0.094804280 0.019116698 126.942100525
0.005185125 0.060819574 -0.998135328 -7.309854507 -0.098724283 0.993303597 0.060012303 -14.598373413 0.995101273 0.098229013 0.011154769 126.951148987
-0.001871707 0.060302205 -0.998178422 -8.008471489 -0.100772634 0.993087530 0.060183607 -14.624482155 0.994907737 0.100701712 0.004218042 126.972366333
-0.007036035 0.061290100 -0.998095274 -8.706345558 -0.101556458 0.992915273 0.061687950 -14.644858360 0.994804919 0.101797029 -0.000761781 126.984283447
-0.010540609 0.063592315 -0.997920334 -9.428680420 -0.103975713 0.992496192 0.064344920 -14.665636063 0.994524062 0.104437701 -0.003849458 127.002014160
-0.011033775 0.067570411 -0.997653484 -10.163689613 -0.106094658 0.992003322 0.068361104 -14.693475723 0.994294882 0.106599979 -0.003776684 126.996177673
-0.012246142 0.070610791 -0.997428894 -10.877756119 -0.108374238 0.991533816 0.071524061 -14.708507538 0.994034648 0.108971484 -0.004490075 127.004318237
-0.012672708 0.076126009 -0.997017741 -11.618206978 -0.113195181 0.990578949 0.077073142 -14.718027115 0.993491948 0.113834336 -0.003936221 127.006278992
-0.013769368 0.079888046 -0.996708691 -12.362586975 -0.115976185 0.989947915 0.080948353 -14.733916283 0.993156552 0.116709083 -0.004365847 127.011993408
-0.015297960 0.080358706 -0.996648610 -13.108751297 -0.116369441 0.989848554 0.081596628 -14.753868103 0.993088186 0.117227718 -0.005791365 127.026374817
-0.016982730 0.077335887 -0.996860325 -13.851910591 -0.113989525 0.990354061 0.078773059 -14.775159836 0.993336737 0.114969432 -0.008003435 127.045181274
-0.018465990 0.073823273 -0.997100294 -14.611487389 -0.117539831 0.990194857 0.075488791 -14.783212662 0.992896557 0.118592948 -0.009607753 127.053085327
-0.019808169 0.075604573 -0.996941149 -15.372010231 -0.122713327 0.989413798 0.077471904 -14.797479630 0.992244482 0.123872533 -0.010320785 127.055328369
-0.020903075 0.078586444 -0.996688128 -16.163602829 -0.119792901 0.989527106 0.080534160 -14.816586494 0.992578924 0.121079586 -0.011270060 127.056709290
-0.023211980 0.078846909 -0.996616423 -16.937786102 -0.118700832 0.989615977 0.081057698 -14.836589813 0.992658675 0.120180704 -0.013611754 127.068984985
-0.023074342 0.078071781 -0.996680617 -17.732629776 -0.122636281 0.989195824 0.080324642 -14.847973824 0.992183387 0.124082647 -0.013250611 127.052200317
-0.025201097 0.077446617 -0.996677935 -18.518619537 -0.126238659 0.988766909 0.080023833 -14.863164902 0.991679728 0.127835974 -0.015141249 127.073318481
-0.026447976 0.081680030 -0.996307671 -19.315330505 -0.127995208 0.988176107 0.084411137 -14.871294022 0.991421998 0.129755110 -0.015680604 127.077697754
-0.027023653 0.086663634 -0.995871007 -20.119167328 -0.127391011 0.987813592 0.089419290 -14.887881279 0.991484284 0.129281446 -0.015654165 127.086318970
-0.025700480 0.088842951 -0.995714009 -20.937635422 -0.127911091 0.987563491 0.091417260 -14.896674156 0.991452515 0.129712358 -0.014016856 127.088287354
-0.023555826 0.087734014 -0.995865285 -21.756336212 -0.127282605 0.987771988 0.090031691 -14.906332970 0.991586626 0.128877148 -0.012100771 127.091743469
-0.022603538 0.087568879 -0.995901942 -22.587379456 -0.127416357 0.987780631 0.089746714 -14.912549973 0.991591692 0.128922790 -0.011169625 127.100440979
-0.022714132 0.086666688 -0.995978415 -23.420833588 -0.125581175 0.988097131 0.088844873 -14.921289444 0.991823256 0.127094164 -0.011560064 127.121978760
-0.021933334 0.088885970 -0.995800257 -24.259609222 -0.126541629 0.987782359 0.090957470 -14.931949615 0.991718769 0.128005221 -0.010417581 127.136039734
-0.021486869 0.090824120 -0.995635092 -25.097465515 -0.128207594 0.987392426 0.092839047 -14.935538292 0.991514623 0.129642799 -0.009571632 127.148239136
-0.021007646 0.093297064 -0.995416641 -25.976823807 -0.131390989 0.986743391 0.095257074 -14.939365387 0.991108000 0.132789910 -0.008470762 127.152275085
-0.019533847 0.094498806 -0.995333254 -26.839332581 -0.133561298 0.986353874 0.096267477 -14.940610886 0.990848064 0.134818509 -0.006645904 127.161254883
-0.017775308 0.097484902 -0.995078206 -27.707319260 -0.140440479 0.985125244 0.099018559 -14.943323135 0.989929557 0.141509339 -0.003820074 127.171638489
-0.015309642 0.101370730 -0.994731009 -28.593114853 -0.144956902 0.984112382 0.102519616 -14.940886497 0.989319623 0.145762652 -0.000372024 127.180595398
-0.013334891 0.103311293 -0.994559646 -29.468061447 -0.147527635 0.983559310 0.104146659 -14.939546585 0.988968015 0.148113817 0.002125617 127.207283020
-0.009436619 0.104062006 -0.994525969 -30.370126724 -0.146417946 0.983706832 0.104319245 -14.941977501 0.989177763 0.146600887 0.005953681 127.222671509
-0.006832315 0.104076684 -0.994545817 -31.262187958 -0.149051026 0.983352661 0.103929304 -14.939567566 0.988805950 0.148948103 0.008794161 127.247306824
-0.004485529 0.107807763 -0.994161606 -32.162101746 -0.149559766 0.982917368 0.107263215 -14.934726715 0.988742530 0.149167731 0.011714801 127.274505615
-0.002277429 0.109762959 -0.993955195 -33.079914093 -0.148253888 0.982936740 0.108885877 -14.931820869 0.988946736 0.147605732 0.014034219 127.310966492
-0.000454987 0.111027986 -0.993817210 -33.973064423 -0.148934633 0.982725739 0.109857045 -14.930656433 0.988846898 0.148063779 0.016088787 127.346679688
0.002167967 0.109169833 -0.994020700 -34.877262115 -0.150293231 0.982767880 0.107606180 -14.926765442 0.988639057 0.149161309 0.018538095 127.371574402
0.002258729 0.110380687 -0.993886948 -35.790679932 -0.154620782 0.981975138 0.108706400 -14.918540001 0.987971306 0.153430030 0.019285170 127.409629822
0.003397129 0.111017577 -0.993812680 -36.686416626 -0.155382156 0.981806338 0.109145239 -14.916255951 0.987848461 0.154049963 0.020585479 127.439895630
0.003775688 0.107709520 -0.994175315 -37.580760956 -0.155910641 0.982087851 0.105807848 -14.918736458 0.987763941 0.154603004 0.020501118 127.471542358
0.004258933 0.103555016 -0.994614601 -38.481910706 -0.157088369 0.982343972 0.101604782 -14.921075821 0.987575352 0.155809656 0.020451022 127.511322021
0.004688174 0.102786422 -0.994692326 -39.378810883 -0.156666979 0.982495427 0.100787662 -14.918531418 0.987640381 0.155362949 0.020709347 127.548606873
0.004711343 0.106758393 -0.994273782 -40.283260345 -0.159347549 0.981660247 0.104648963 -14.913908005 0.987211287 0.157942072 0.021636626 127.580581665
0.005140509 0.113159582 -0.993563533 -41.215362549 -0.160250604 0.980828881 0.110880077 -14.904813766 0.987062931 0.158649191 0.023175852 127.607757568
0.005228537 0.111868039 -0.993709326 -42.109924316 -0.158082962 0.981319666 0.109641507 -14.907789230 0.987412095 0.156515256 0.022815300 127.649078369
0.006087311 0.101636708 -0.994802952 -43.001499176 -0.157202169 0.982548952 0.099422805 -14.918195724 0.987547696 0.155779958 0.021958593 127.686515808
0.006532078 0.090997934 -0.995829642 -43.930332184 -0.159054860 0.983267486 0.088806689 -14.923357010 0.987248123 0.157811448 0.020896440 127.719909668
0.005331133 0.088006355 -0.996105552 -44.832923889 -0.155890122 0.984014452 0.086103752 -14.934642792 0.987760007 0.154823974 0.018965233 127.762161255
0.005166563 0.098031834 -0.995169818 -45.754096985 -0.148608506 0.984207749 0.096180446 -14.940151215 0.988882542 0.147393793 0.019653335 127.806205750
0.005469034 0.111267596 -0.993775427 -46.693996429 -0.143557787 0.983583570 0.109336428 -14.940418243 0.989626825 0.142066225 0.021352578 127.857635498
0.005724618 0.120170027 -0.992736816 -47.615550995 -0.143840447 0.982527912 0.118104801 -14.933647156 0.989584386 0.142119616 0.022909908 127.898269653
0.005544187 0.114507057 -0.993407011 -48.532501221 -0.143920824 0.983170986 0.112523966 -14.933579445 0.989573777 0.142348081 0.021930831 127.932975769
0.005505455 0.101029806 -0.994868159 -49.446331024 -0.143785417 0.984624922 0.099193916 -14.936351776 0.989593565 0.142501414 0.019947426 127.971359253
0.006058086 0.092159815 -0.995725751 -50.360515594 -0.144412100 0.985386610 0.090324238 -14.939016342 0.989499152 0.143247679 0.019278545 128.009109497
0.006380041 0.092167705 -0.995723128 -51.288852692 -0.143393844 0.985536873 0.090306044 -14.949388504 0.989645123 0.142204404 0.019504046 128.050109863
0.005840566 0.093695432 -0.995583713 -52.236133575 -0.146417424 0.984950840 0.091835804 -14.968891144 0.989205778 0.145234451 0.019471310 128.086593628
0.006343714 0.093110777 -0.995635569 -53.163761139 -0.151036546 0.984322429 0.091090448 -14.973869324 0.988507807 0.149799526 0.020307388 128.115478516
0.006969187 0.092364132 -0.995700955 -54.103294373 -0.152683586 0.984148026 0.090223789 -14.977419853 0.988250554 0.151398391 0.020961197 128.150421143
0.007629004 0.100295246 -0.994928420 -55.066162109 -0.161654949 0.981994033 0.097751796 -14.987487793 0.986817837 0.160089329 0.023704853 128.186218262
0.009074531 0.109746285 -0.993918180 -56.006355286 -0.167041421 0.980159104 0.106701940 -14.983411789 0.985908091 0.165057212 0.027226660 128.219619751
0.010286104 0.118063733 -0.992952764 -56.963592529 -0.167302683 0.979211152 0.114696741 -14.980014801 0.985851884 0.164943889 0.029824648 128.256469727
0.011535458 0.118645407 -0.992869735 -57.922187805 -0.169186547 0.978851318 0.115004592 -14.972114563 0.985516489 0.166653574 0.031364709 128.296035767
0.013059417 0.109050222 -0.993950427 -58.869083405 -0.171095699 0.979618788 0.105229840 -14.973047256 0.985167980 0.168686420 0.031451270 128.336074829
0.014363017 0.103914596 -0.994482458 -59.808944702 -0.169456422 0.980451226 0.100001015 -14.968246460 0.985433102 0.167085141 0.031691231 128.384216309
0.016284654 0.102351859 -0.994614959 -60.780021667 -0.167859763 0.980908394 0.098193020 -14.970419884 0.985676408 0.165356770 0.033154506 128.434906006
0.019157264 0.108201586 -0.993944407 -61.738021851 -0.169229046 0.980133891 0.103436433 -14.972021103 0.985390484 0.166222677 0.037087534 128.493484497
0.023144608 0.110698484 -0.993584454 -62.708465576 -0.172536045 0.979380310 0.105096892 -14.978325844 0.984731257 0.168996707 0.041766852 128.537078857
0.026926277 0.105648935 -0.994038820 -63.665164948 -0.171411127 0.980159104 0.099530607 -14.981260300 0.984831572 0.167709321 0.044501439 128.593627930
0.030373240 0.099804461 -0.994543374 -64.620529175 -0.171512350 0.980765104 0.093183815 -14.987652779 0.984713674 0.167746156 0.046906713 128.650070190
0.033885807 0.099602006 -0.994450212 -65.577232361 -0.169087887 0.981249094 0.092518136 -14.991490364 0.985018253 0.165014461 0.050091904 128.718627930
0.036058627 0.103971809 -0.993926346 -66.539649963 -0.166516811 0.981294394 0.096609339 -15.007534027 0.985379100 0.162021860 0.052697189 128.797485352
0.039466210 0.110800348 -0.993058741 -67.498176575 -0.165909335 0.980764568 0.102835029 -15.011469841 0.985350966 0.160699233 0.057089876 128.870925903
0.041916732 0.114915095 -0.992490470 -68.463531494 -0.163678229 0.980732918 0.106640980 -15.020476341 0.985622883 0.157979056 0.059918217 128.949645996
0.044112481 0.116658024 -0.992191970 -69.443687439 -0.163361534 0.980633080 0.108035974 -15.023005486 0.985579550 0.157320291 0.062315598 129.025131226
0.046461660 0.113408685 -0.992461443 -70.379600525 -0.162071019 0.981226146 0.104537539 -15.019724846 0.985684693 0.155992270 0.063969672 129.096450806
0.047040559 0.112122357 -0.992580414 -71.326332092 -0.160037830 0.981690049 0.103307664 -15.027094841 0.985989392 0.153990746 0.064123087 129.179901123
0.047084562 0.109047204 -0.992920816 -72.269653320 -0.156833485 0.982501745 0.100465879 -15.042335510 0.986502111 0.150992841 0.063362919 129.266967773
0.047417134 0.107945941 -0.993025303 -73.264533997 -0.155528128 0.982816637 0.099409737 -15.030981064 0.986692786 0.149729609 0.063390970 129.341827393
0.047181036 0.112798855 -0.992497027 -74.217926025 -0.152248815 0.982806325 0.104459934 -15.036511421 0.987215400 0.146177977 0.063543327 129.422241211
0.046487980 0.114557810 -0.992328227 -75.179244995 -0.146203652 0.983484745 0.106687620 -15.043567657 0.988161623 0.140122309 0.062468994 129.516189575
0.045774922 0.109901071 -0.992887914 -76.136924744 -0.143385798 0.984360456 0.102346703 -15.034065247 0.988607705 0.137681112 0.060817286 129.593338013
0.044699840 0.105917536 -0.993369699 -77.099342346 -0.145615384 0.984434426 0.098412380 -15.035806656 0.988330901 0.140250936 0.059427291 129.657730103
0.043416113 0.103083953 -0.993724704 -78.048194885 -0.142094910 0.985187650 0.095990211 -15.041154861 0.988900423 0.137035668 0.057420719 129.736221313
0.041993879 0.103713825 -0.993720233 -79.012573242 -0.142232627 0.985088408 0.096802264 -15.045116425 0.988942087 0.137274295 0.056119163 129.803009033
0.041011419 0.105074294 -0.993618369 -79.964790344 -0.143431455 0.984774292 0.098218933 -15.052790642 0.988810122 0.138488039 0.055457953 129.872070312
0.039557476 0.105285384 -0.993654966 -80.920097351 -0.145017430 0.984509528 0.098543212 -15.057771683 0.988637984 0.140199170 0.054212935 129.940872192
0.038212392 0.106028706 -0.993628621 -81.869544983 -0.144775286 0.984450877 0.099481694 -15.062109947 0.988726377 0.140051439 0.052968565 130.003723145
0.036010116 0.106220074 -0.993690312 -82.834671021 -0.144606173 0.984424353 0.099989235 -15.067070961 0.988833845 0.140093148 0.050809309 130.071456909
0.034526166 0.108956017 -0.993446767 -83.788162231 -0.145056546 0.984059572 0.102885194 -15.065729141 0.988820791 0.140553728 0.049780592 130.136917114
0.032927707 0.112682380 -0.993085325 -84.742073059 -0.146378994 0.983453393 0.106735997 -15.061306000 0.988680422 0.141852275 0.048877198 130.191940308
0.030166779 0.117877036 -0.992569864 -85.687049866 -0.147367492 0.982694387 0.112225346 -15.058040619 0.988621593 0.142887056 0.047015958 130.257766724
0.028276220 0.117449962 -0.992676139 -86.630828857 -0.147258505 0.982727528 0.112078235 -15.055039406 0.988693774 0.143010855 0.045083329 130.316497803
0.027012728 0.112915151 -0.993237376 -87.577766418 -0.147780389 0.983133495 0.107747376 -15.058148384 0.988651156 0.143870473 0.043243766 130.369186401
0.025252745 0.107612342 -0.993872046 -88.525810242 -0.151565567 0.983108282 0.102595821 -15.044374466 0.988124549 0.148045957 0.041136514 130.417404175
0.024022875 0.105663344 -0.994111717 -89.469276428 -0.149583548 0.983584285 0.100929663 -15.045873642 0.988457143 0.146278128 0.039434016 130.477798462
0.023699600 0.106505208 -0.994029641 -90.439208984 -0.144677117 0.984207213 0.102003403 -15.046870232 0.989195049 0.141395882 0.038734186 130.521789551
0.023238720 0.107748359 -0.993906498 -91.388557434 -0.141780689 0.984481633 0.103411630 -15.047939301 0.989625275 0.138513610 0.038154736 130.576980591
0.022134429 0.107723951 -0.993934393 -92.334815979 -0.136419594 0.985204399 0.103739783 -15.055780411 0.990403831 0.133295909 0.036502596 130.637237549
0.020689582 0.104870334 -0.994270682 -93.275650024 -0.132238597 0.986033142 0.101249769 -15.062019348 0.991001964 0.129386097 0.034268513 130.698028564
0.019931434 0.101610348 -0.994624555 -94.221649170 -0.127160326 0.987000883 0.098283343 -15.067379951 0.991681933 0.124517843 0.032593150 130.756072998
0.018309148 0.104413696 -0.994365513 -95.200790405 -0.125046030 0.986962438 0.101333894 -15.073993683 0.991981983 0.122486107 0.031126961 130.805404663
0.017002136 0.106825978 -0.994132280 -96.147262573 -0.124437548 0.986771822 0.103906840 -15.076105118 0.992081761 0.121940747 0.030070392 130.857711792
0.015473466 0.104637526 -0.994390070 -97.109115601 -0.120210446 0.987490296 0.102040902 -15.075072289 0.992627859 0.117957152 0.027858416 130.903991699
0.013563830 0.101828523 -0.994709492 -98.058074951 -0.117389113 0.988083839 0.099549517 -15.079337120 0.992993414 0.115417801 0.025355758 130.947235107
0.009353869 0.099480011 -0.994995534 -99.024909973 -0.115969382 0.988432705 0.097733647 -15.084241867 0.993208766 0.114474848 0.020782303 131.004867554
0.006395923 0.098736741 -0.995093048 -99.981666565 -0.110452525 0.989094198 0.097431570 -15.097876549 0.993860841 0.109287366 0.017231887 131.050842285
0.004543216 0.098894201 -0.995087683 -100.939651489 -0.103693210 0.989780128 0.097893320 -15.095002174 0.994598985 0.102739081 0.014751442 131.084960938
0.001753947 0.106753334 -0.994283974 -101.904975891 -0.093689553 0.989929616 0.106120549 -15.096662521 0.995599926 0.092967905 0.011737959 131.144165039
-0.000784892 0.114604719 -0.993410826 -102.862487793 -0.085643061 0.989753485 0.114250451 -15.093020439 0.996325612 0.085168421 0.009038250 131.192825317
-0.003760567 0.114687420 -0.993394494 -103.817001343 -0.081463709 0.990064621 0.114611372 -15.092814445 0.996669292 0.081356600 0.005619660 131.233032227
-0.006627347 0.104803942 -0.994470775 -104.774551392 -0.082641006 0.991033316 0.104992405 -15.099437714 0.996557355 0.082879886 0.002093182 131.261871338
-0.008808549 0.095634542 -0.995377541 -105.723060608 -0.084485568 0.991785765 0.096037112 -15.101227760 0.996385753 0.084940985 -0.000656455 131.293197632
-0.009350871 0.097193852 -0.995221615 -106.675361633 -0.091890469 0.990970314 0.097642064 -15.107147217 0.995725214 0.092364423 -0.000335246 131.313217163
-0.009956298 0.106079087 -0.994307876 -107.642219543 -0.094867319 0.989771783 0.106545106 -15.093579292 0.995440125 0.095388122 0.000208974 131.337387085
-0.011465853 0.117271349 -0.993033707 -108.605735779 -0.098804325 0.988106132 0.117830254 -15.083115578 0.995040834 0.099467047 0.000257437 131.360290527
-0.012879749 0.119138770 -0.992794096 -109.547317505 -0.106019124 0.987116992 0.119832925 -15.076788902 0.994280636 0.106798567 -0.000082831 131.385208130
-0.012907363 0.115715802 -0.993198454 -110.528884888 -0.112909906 0.986759722 0.116432987 -15.057333946 0.993521392 0.113644794 0.000328996 131.400115967
-0.013158011 0.111704051 -0.993654370 -111.482872009 -0.120991945 0.986260772 0.112475052 -15.047142982 0.992566288 0.121704124 0.000538059 131.418319702
-0.010527775 0.113634564 -0.993466794 -112.451278687 -0.125529364 0.985512018 0.114054911 -15.029979706 0.992034078 0.125909984 0.003889226 131.431427002
-0.009379439 0.114829965 -0.993340909 -113.433555603 -0.133700341 0.984320998 0.115049705 -15.015387535 0.990977407 0.133889094 0.006120427 131.452499390
-0.008739874 0.117342524 -0.993053079 -114.397590637 -0.142910540 0.982750177 0.117382854 -15.000321388 0.989696980 0.142943650 0.008180371 131.466003418
-0.008435156 0.119783893 -0.992764235 -115.372230530 -0.148614749 0.981623650 0.119702436 -14.983962059 0.988859117 0.148549110 0.009521507 131.485229492
-0.008654412 0.118961416 -0.992861152 -116.344680786 -0.151804268 0.981234074 0.118891500 -14.977096558 0.988372684 0.151749507 0.009566844 131.523818970
-0.007035686 0.109426379 -0.993969917 -117.300445557 -0.150719807 0.982523263 0.109233029 -14.981322289 0.988551557 0.150579527 0.009579997 131.549285889
-0.005659341 0.097814262 -0.995188534 -118.252548218 -0.153862253 0.983268380 0.097517639 -14.974452019 0.988076031 0.153673857 0.009485274 131.580307007
