1.000000000 0.000000000 0.000000000 0.000000000 0.000000000 1.000000000 0.000000000 0.000000000 0.000000000 0.000000000 1.000000000 0.000000000
0.999997914 -0.001542630 -0.001340593 0.048693508 0.001539756 0.999996543 -0.002142284 -0.132475689 0.001343893 0.002140215 0.999996781 1.298564434
0.999997795 0.000016130 -0.002101718 0.104461648 -0.000029283 0.999980390 -0.006258684 -0.268226802 0.002101576 0.006258731 0.999978185 2.602440357
0.999996245 0.002488351 -0.001117701 0.146410182 -0.002496977 0.999966562 -0.007783711 -0.407724619 0.001098295 0.007786474 0.999969006 3.905310869
0.999983907 0.005663863 0.000379015 0.191468671 -0.005661285 0.999962866 -0.006490805 -0.545737863 -0.000415763 0.006488555 0.999978840 5.218029976
0.999975264 0.006568991 0.002482139 0.242949709 -0.006561448 0.999973893 -0.003034569 -0.693949878 -0.002502007 0.003018207 0.999992311 6.541886330
0.999960303 0.006771599 0.005786791 0.299320817 -0.006761557 0.999975622 -0.001753049 -0.830886364 -0.005798521 0.001713852 0.999981761 7.845176220
0.999942899 0.005441015 0.009199688 0.356509089 -0.005426636 0.999984145 -0.001587257 -0.965052068 -0.009208179 0.001537243 0.999956429 9.152467728
0.999910295 0.004223621 0.012714250 0.429556251 -0.004205471 0.999990106 -0.001454024 -1.101498723 -0.012720266 0.001400424 0.999918163 10.448857307
0.999869466 0.002771450 0.015916558 0.499803573 -0.002739059 0.999994159 -0.002056558 -1.241861582 -0.015922161 0.002012694 0.999871135 11.762417793
0.999812007 0.001854121 0.019301532 0.575182199 -0.001800423 0.999994576 -0.002799100 -1.377788424 -0.019306615 0.002763823 0.999809682 13.056041718
0.999747217 0.001654243 0.022420527 0.649682164 -0.001593358 0.999994993 -0.002733198 -1.529243827 -0.022424936 0.002696784 0.999744833 14.384946823
0.999664187 0.001583340 0.025865396 0.734142244 -0.001486332 0.999991834 -0.003769298 -1.666875243 -0.025871152 0.003729588 0.999658346 15.681250572
0.999572456 0.002583216 0.029124206 0.812040389 -0.002477763 0.999990344 -0.003656296 -1.805130720 -0.029133366 0.003582570 0.999569118 16.982351303
0.999473274 0.002260952 0.032372639 0.901970804 -0.002159147 0.999992728 -0.003179397 -1.944175601 -0.032379583 0.003107825 0.999470770 18.268928528
0.999405384 0.000612188 0.034477714 1.000784993 -0.000507280 0.999995172 -0.003051448 -2.084881306 -0.034479417 0.003032143 0.999400735 19.572856903
0.999350369 -0.001809515 0.035991389 1.096814156 0.001964448 0.999988914 -0.004269847 -2.225327015 -0.035983261 0.004337776 0.999342978 20.853202820
0.999302566 -0.001574528 0.037308898 1.196863532 0.001798131 0.999980628 -0.005960505 -2.368615627 -0.037298795 0.006023435 0.999285996 22.160377502
0.999257207 -0.001612872 0.038502969 1.280287504 0.001947739 0.999960601 -0.008661241 -2.511752129 -0.038487483 0.008729801 0.999221027 23.450807571
0.999217451 -0.001044601 0.039539531 1.383548021 0.001444325 0.999948084 -0.010082265 -2.653596401 -0.039526939 0.010131486 0.999167085 24.737775803
0.999178946 -0.000429613 0.040513095 1.485237122 0.000857973 0.999943912 -0.010556575 -2.801870584 -0.040506285 0.010582668 0.999123156 26.007490158
0.999156296 -0.001878184 0.041026779 1.584719539 0.002275807 0.999951005 -0.009647246 -2.946120501 -0.041006643 0.009732476 0.999111474 27.296127319
0.999154747 -0.004872323 0.040817596 1.690861464 0.005223567 0.999950230 -0.008502956 -3.091076612 -0.040774137 0.008708981 0.999130368 28.571277618
0.999175072 -0.006307468 0.040117159 1.785077214 0.006666447 0.999938846 -0.008820793 -3.240071058 -0.040059064 0.009080956 0.999155998 29.865360260
0.999185503 -0.007891804 0.039571747 1.887180805 0.008348973 0.999900103 -0.011401007 -3.384416342 -0.039477814 0.011722106 0.999151707 31.126722336
0.999217868 -0.008110476 0.038702890 2.001410484 0.008561218 0.999897242 -0.011494691 -3.532402277 -0.038605690 0.011817046 0.999184608 32.425659180
0.999235868 -0.008632041 0.038121630 2.099103689 0.009098080 0.999885738 -0.012068518 -3.674357176 -0.038013093 0.012406128 0.999200225 33.692745209
0.999249458 -0.009297071 0.037602849 2.197399139 0.009742249 0.999884427 -0.011673111 -3.824131250 -0.037489973 0.012030688 0.999224603 34.968143463
0.999252737 -0.009623989 0.037433855 2.287402153 0.010096218 0.999871612 -0.012446560 -3.967608213 -0.037309263 0.012815200 0.999221623 36.228168488
0.999305546 -0.010223219 0.035831701 2.407527924 0.010672405 0.999866486 -0.012367129 -4.125526428 -0.035700481 0.012740950 0.999281287 37.517971039
0.999309063 -0.009999484 0.035797358 2.501353741 0.010380079 0.999891281 -0.010461872 -4.270562649 -0.035688855 0.010826223 0.999304295 38.774593353
0.999269545 -0.009897374 0.036910463 2.602741718 0.010251236 0.999903202 -0.009410211 -4.410237789 -0.036813755 0.009781716 0.999274194 40.039939880
0.999199331 -0.011697162 0.038261332 2.720316410 0.012005767 0.999897122 -0.007845984 -4.549805641 -0.038165614 0.008299057 0.999236941 41.292644501
0.999085128 -0.012795719 0.040805712 2.810564995 0.013169181 0.999873698 -0.008896568 -4.692945480 -0.040686723 0.009425809 0.999127507 42.545799255
0.998961389 -0.013947077 0.043376885 2.904163361 0.014482794 0.999822319 -0.012060627 -4.842581272 -0.043200973 0.012676322 0.998985946 43.796791077
0.998858333 -0.014981331 0.045361139 3.009081841 0.015601591 0.999789178 -0.013350819 -4.981690407 -0.045151565 0.014043282 0.998881400 45.049861908
0.998727679 -0.015220106 0.048079371 3.129935026 0.015813820 0.999803066 -0.011992477 -5.116775990 -0.047887381 0.012737536 0.998771489 46.285652161
0.998534441 -0.016369127 0.051585440 3.240811348 0.016826898 0.999822676 -0.008452182 -5.273602009 -0.051437929 0.009307818 0.998632789 47.531997681
0.998259485 -0.019372633 0.055703156 3.352407217 0.019763835 0.999783635 -0.006480641 -5.410217285 -0.055565558 0.007570269 0.998426318 48.758716583
0.998026490 -0.021565469 0.058975190 3.491199493 0.022006530 0.999734402 -0.006839414 -5.545186043 -0.058812041 0.008123755 0.998236001 50.004699707
0.997755110 -0.024585837 0.062292885 3.629498482 0.025304075 0.999621809 -0.010767335 -5.673949718 -0.062004607 0.012319427 0.997999847 51.230781555
0.997465134 -0.025992228 0.066240117 3.763178349 0.026784584 0.999579608 -0.011101849 -5.803977489 -0.065923691 0.012847917 0.997741938 52.462543488
0.997123957 -0.028533982 0.070210740 3.894836903 0.029179100 0.999540746 -0.008179748 -5.943700790 -0.069945082 0.010204908 0.997498572 53.676815033
0.996819496 -0.031106964 0.073371693 4.044129848 0.031562764 0.999489009 -0.005060673 -6.076703072 -0.073176779 0.007360390 0.997291863 54.869613647
0.996557951 -0.033747673 0.075719237 4.183200359 0.034114219 0.999411583 -0.003552258 -6.214454651 -0.075554803 0.006123133 0.997122943 56.133697510
0.996405065 -0.036903597 0.076257110 4.348086834 0.037022453 0.999314427 -0.000145005 -6.337055683 -0.076199487 0.002967708 0.997088194 57.333255768
0.996214628 -0.039582822 0.077392504 4.488223553 0.039623674 0.999214172 0.001008300 -6.461126328 -0.077371597 0.002062093 0.997000217 58.551479340
0.996183217 -0.041331153 0.076880582 4.638141632 0.041638795 0.999129832 -0.002402276 -6.582991123 -0.076714396 0.005594323 0.997037411 59.745254517
0.996197283 -0.042840119 0.075865246 4.788114071 0.043447070 0.999035358 -0.006367445 -6.716081142 -0.075519264 0.009639354 0.997097731 60.952640533
0.996196389 -0.044360884 0.074998520 4.924314499 0.045264073 0.998920977 -0.010385515 -6.843290329 -0.074456885 0.013740753 0.997129560 62.133358002
0.996218443 -0.046083171 0.073655829 5.060425758 0.047146674 0.998806357 -0.012765110 -6.975357056 -0.072979644 0.016189465 0.997201979 63.350685120
0.996377170 -0.046210434 0.071395330 5.200526237 0.047220167 0.998806059 -0.012519489 -7.110780716 -0.070731543 0.015845431 0.997369528 64.525566101
0.996604741 -0.045290664 0.068760723 5.330335617 0.046241935 0.998854458 -0.012305533 -7.248914242 -0.068124652 0.015443379 0.997557282 65.748916626
0.996850073 -0.044687752 0.065521367 5.455947876 0.045473535 0.998909831 -0.010550026 -7.378019810 -0.064978495 0.013496280 0.997795403 66.922950745
0.997246444 -0.040769879 0.061946321 5.573915482 0.041256875 0.999126732 -0.006602509 -7.509668827 -0.061623041 0.009140041 0.998057663 68.111122131
0.997519314 -0.039033156 0.058579188 5.691209793 0.039360344 0.999215126 -0.004441408 -7.635548592 -0.058359843 0.006736086 0.998272896 69.283241272
0.997737825 -0.037949197 0.055489771 5.800679684 0.038435284 0.999231219 -0.007718792 -7.768275261 -0.055154193 0.009834096 0.998429477 70.451675415
0.997912943 -0.037947979 0.052246075 5.913250446 0.038744986 0.999146402 -0.014327105 -7.905872345 -0.051657796 0.016321475 0.998531461 71.645256042
0.997889578 -0.041850839 0.049645126 6.012998581 0.042769402 0.998930097 -0.017586501 -8.039009094 -0.048856005 0.019672683 0.998612046 72.817031860
0.997970581 -0.045753621 0.044289637 6.135988235 0.046342846 0.998849034 -0.012369047 -8.177425385 -0.043672737 0.014396453 0.998942137 73.983314514
0.997968376 -0.049325723 0.040324956 6.239555359 0.049670320 0.998736858 -0.007588100 -8.301145554 -0.039899740 0.009575639 0.999157786 75.139884949
0.998021603 -0.051637344 0.035867877 6.332097054 0.051838964 0.998644352 -0.004713519 -8.427755356 -0.035575863 0.006563548 0.999345362 76.323204041
0.998200655 -0.050865054 0.031753607 6.425062180 0.050962545 0.998697996 -0.002267894 -8.550293922 -0.031596914 0.003882058 0.999493122 77.484245300
0.998346031 -0.050277930 0.027882114 6.507750988 0.050350524 0.998729885 -0.001907017 -8.674477577 -0.027750827 0.003307741 0.999609351 78.626579285
0.998474300 -0.049223505 0.025021760 6.580274105 0.049338754 0.998774052 -0.004009566 -8.796497345 -0.024793716 0.005237991 0.999678850 79.801185608
0.998662770 -0.046872325 0.021806691 6.656402111 0.047080576 0.998849332 -0.009136234 -8.922822952 -0.021353358 0.010150690 0.999720454 80.947288513
0.998577714 -0.050287843 0.017709397 6.744353771 0.050538003 0.998624384 -0.013973257 -9.059868813 -0.016982350 0.014848379 0.999745488 82.106002808
0.998433113 -0.053797051 0.015399793 6.797623634 0.054023743 0.998431385 -0.014703476 -9.192681313 -0.014584633 0.015512392 0.999773324 83.239967346
0.998469174 -0.054064013 0.011680344 6.866548061 0.054198433 0.998463869 -0.011515409 -9.318123817 -0.011039832 0.012130839 0.999865532 84.376388550
0.998468816 -0.054677296 0.008387733 6.938474655 0.054750342 0.998461902 -0.008740935 -9.449561119 -0.007896900 0.009186782 0.999926627 85.505691528
0.998613417 -0.052039202 0.007947067 6.979234695 0.052121997 0.998584509 -0.010594761 -9.574396133 -0.007384475 0.010994285 0.999912322 86.656822205
0.998803079 -0.048359040 0.007330938 7.033624649 0.048458260 0.998726726 -0.014021476 -9.699240685 -0.006643539 0.014359938 0.999874890 87.778450012
0.998871267 -0.046991933 0.006922991 7.086896896 0.047101390 0.998752177 -0.016602006 -9.827750206 -0.006134191 0.016909352 0.999838233 88.894416809
0.998798072 -0.048664145 0.005850043 7.135022640 0.048757613 0.998664796 -0.017067814 -9.965662956 -0.005011640 0.017332539 0.999837160 90.044944763
0.998757899 -0.049631402 0.004390974 7.189474106 0.049689364 0.998662889 -0.014258853 -10.096471786 -0.003677416 0.014459327 0.999888659 91.161636353
0.998699844 -0.050811805 0.004085097 7.236111164 0.050855730 0.998639941 -0.011481296 -10.225831985 -0.003496155 0.011674121 0.999925673 92.274581909
0.998718739 -0.050510533 0.003088377 7.303949356 0.050541401 0.998662353 -0.010905027 -10.348286629 -0.002533427 0.011047146 0.999935687 93.403121948
0.998691022 -0.051053535 0.003130616 7.351771832 0.051090740 0.998605967 -0.013256642 -10.472651482 -0.002449454 0.013399236 0.999907196 94.512344360
0.998676181 -0.051391345 0.002191512 7.417387486 0.051421203 0.998532951 -0.016967226 -10.601316452 -0.001316328 0.017057456 0.999853611 95.624488831
0.998653293 -0.051807269 0.002747297 7.456563950 0.051848851 0.998488724 -0.018217670 -10.734869003 -0.001799337 0.018335579 0.999830246 96.728286743
0.998611629 -0.052619413 0.002486175 7.515217781 0.052653201 0.998478353 -0.016394006 -10.866989136 -0.001619749 0.016502153 0.999862492 97.813179016
0.998655975 -0.051709495 0.003498627 7.557715893 0.051746115 0.998595893 -0.011341364 -10.987014771 -0.002907258 0.011507162 0.999929547 98.898551941
0.998735547 -0.050052311 0.004697582 7.611308098 0.050088149 0.998713970 -0.007848532 -11.106451035 -0.004298704 0.008073902 0.999958158 99.966300964
0.998840570 -0.047665581 0.006734866 7.657330990 0.047718991 0.998828709 -0.008006454 -11.223687172 -0.006345344 0.008318552 0.999945283 101.037857056
0.998906851 -0.045881245 0.008941991 7.707452297 0.045967288 0.998896182 -0.009667152 -11.344540596 -0.008488580 0.010067624 0.999913335 102.072364807
0.998855233 -0.046339311 0.011871278 7.757321358 0.046478551 0.998850286 -0.011734772 -11.467947006 -0.011313848 0.012273098 0.999860704 103.092086792
0.998764932 -0.047855102 0.013360605 7.813124180 0.048028681 0.998761475 -0.012988802 -11.579623222 -0.012722475 0.013614452 0.999826372 104.112014771
0.998649478 -0.049701937 0.015127780 7.878462791 0.049888209 0.998680353 -0.012195570 -11.692693710 -0.014501672 0.012933799 0.999811232 105.095230103
0.998611510 -0.049841885 0.017053533 7.934566021 0.050029684 0.998689592 -0.010768486 -11.811035156 -0.016494462 0.011606717 0.999796569 106.074462891
0.998539031 -0.050994404 0.017869178 8.013015747 0.051161718 0.998649538 -0.009034665 -11.922699928 -0.017384328 0.009935685 0.999799490 107.020729065
0.998466551 -0.051650275 0.019920101 8.070975304 0.051844984 0.998611033 -0.009384520 -12.029290199 -0.019407725 0.010402887 0.999757528 107.938308716
0.998451531 -0.051328637 0.021445911 8.133835793 0.051505197 0.998642564 -0.007762527 -12.126553535 -0.021018358 0.008855081 0.999739826 108.844123840
0.998456895 -0.050375592 0.023368716 8.192082405 0.050517481 0.998707950 -0.005520889 -12.223797798 -0.023060402 0.006692899 0.999711633 109.715148926
0.998410821 -0.050644170 0.024722455 8.254950523 0.050719708 0.998709977 -0.002437601 -12.324723244 -0.024567114 0.003687643 0.999691367 110.572151184
0.998364866 -0.050850585 0.026112108 8.320158958 0.050924007 0.998700202 -0.002153789 -12.416315079 -0.025968648 0.003480000 0.999656677 111.398872375
0.998375118 -0.049897466 0.027518643 8.371337891 0.049955059 0.998750389 -0.001408599 -12.507171631 -0.027413966 0.002781005 0.999620318 112.212120056
0.998464286 -0.047749065 0.028093228 8.425951004 0.047800601 0.998856187 -0.001165303 -12.585261345 -0.028005457 0.002506386 0.999604642 112.992362976
0.998607576 -0.044970952 0.027576560 8.471876144 0.044940446 0.998988211 0.001725324 -12.662085533 -0.027626246 -0.000483619 0.999618232 113.752784729
0.998694360 -0.044911608 0.024338968 8.522140503 0.044853881 0.998989224 0.002913140 -12.745516777 -0.024445197 -0.001817639 0.999699652 114.502403259
0.998823524 -0.045112025 0.017783180 8.561552048 0.045062318 0.998978972 0.003186536 -12.820414543 -0.017908776 -0.002381436 0.999836802 115.199874878
0.999036193 -0.043233614 0.007587506 8.586715698 0.043220110 0.999063671 0.001935326 -12.893439293 -0.007664070 -0.001605528 0.999969363 115.875991821
0.999157310 -0.040527739 -0.006482599 8.591844559 0.040522795 0.999178171 -0.000892094 -12.962327957 0.006513428 0.000628649 0.999978602 116.517555237
0.998905122 -0.039276052 -0.025412651 8.594635010 0.039205164 0.999225736 -0.003282120 -13.033530235 0.025521882 0.002282219 0.999671638 117.139556885
0.998149395 -0.037572738 -0.047813408 8.562404633 0.037358917 0.999287546 -0.005358086 -13.104928017 0.047980659 0.003561913 0.998841882 117.727951050
0.996506572 -0.036154471 -0.075282671 8.520710945 0.035714209 0.999336243 -0.007186653 -13.170740128 0.075492524 0.004472886 0.997136295 118.294799805
0.993646622 -0.033911910 -0.107313588 8.449187279 0.033080339 0.999407351 -0.009520046 -13.234164238 0.107572831 0.005909592 0.994179666 118.842384338
0.989317238 -0.029457653 -0.142770976 8.346006393 0.028228875 0.999545038 -0.010624973 -13.300714493 0.143018991 0.006481206 0.989698648 119.377410889
0.983126521 -0.023374083 -0.181427523 8.237766266 0.021892767 0.999708652 -0.010163363 -13.359498978 0.181612208 0.006019923 0.983351827 119.902587891
0.974676907 -0.018107057 -0.222883567 8.096458435 0.016711155 0.999827206 -0.008147551 -13.417992592 0.222992584 0.004216589 0.974811018 120.405555725
0.963416219 -0.013204088 -0.267684460 7.926103592 0.011841215 0.999907374 -0.006705084 -13.473125458 0.267748177 0.003290078 0.963483274 120.901977539
0.949295342 -0.007083147 -0.314306080 7.735248566 0.005075273 0.999961078 -0.007206165 -13.528609276 0.314344883 0.005245589 0.949294329 121.366165161
0.931976020 0.000734167 -0.362518966 7.510627747 -0.003814609 0.999962389 -0.007781620 -13.588417053 0.362499654 0.008635151 0.931943953 121.835357666
0.910977125 0.005262248 -0.412423253 7.247390747 -0.009772294 0.999913275 -0.008827208 -13.639970779 0.412341058 0.012071705 0.910949588 122.284095764
0.885978341 0.009613083 -0.463626891 6.979988098 -0.014796184 0.999862075 -0.007543442 -13.692887306 0.463490486 0.013543235 0.885998428 122.697708130
0.856926501 0.012675089 -0.515282691 6.697914124 -0.019354813 0.999783814 -0.007594479 -13.732786179 0.515075088 0.016481111 0.856986642 123.103927612
0.825750291 0.022825992 -0.563573658 6.370311737 -0.030304024 0.999533057 -0.003918258 -13.788528442 0.563220978 0.020314056 0.826056480 123.463287354
0.791916609 0.035822429 -0.609577596 6.019462585 -0.043150179 0.999065042 0.002653625 -13.829505920 0.609102726 0.024201935 0.792721987 123.820083618
0.755935669 0.044558495 -0.653127730 5.664424896 -0.054448824 0.998503566 0.005101614 -13.868882179 0.652377605 0.031705543 0.757230580 124.138984680
0.716184855 0.048359867 -0.696233153 5.296680450 -0.061554540 0.998085618 0.006007843 -13.912984848 0.695190847 0.038553577 0.717790544 124.438964844
0.673756659 0.050142925 -0.737250090 4.920181274 -0.064031705 0.997904122 0.009353732 -13.962339401 0.736173749 0.040905237 0.675555229 124.722015381
0.630089283 0.053628955 -0.774668515 4.508052826 -0.067555882 0.997615576 0.014115513 -13.994118690 0.773578405 0.043439381 0.632209957 124.994430542
0.585011542 0.062370665 -0.808623016 4.084106445 -0.078852743 0.996689022 0.019829245 -14.025967598 0.807182610 0.052161802 0.587992728 125.226219177
0.539604247 0.071224771 -0.838900626 3.640239716 -0.089989476 0.995586336 0.026644038 -14.052311897 0.837095618 0.061114989 0.543632150 125.436111450
0.492734075 0.076335095 -0.866825223 3.190635681 -0.095774055 0.994850397 0.033167988 -14.077151299 0.864893377 0.066676393 0.497507572 125.635810852
0.445916057 0.077213816 -0.891738117 2.716991425 -0.095100872 0.994719863 0.038575366 -14.098691940 0.890008271 0.067603692 0.450904697 125.816650391
0.398961961 0.078809313 -0.913574457 2.244327545 -0.092740096 0.994659185 0.045304053 -14.119106293 0.912265599 0.066650398 0.404139906 125.985603333
0.352922350 0.081737518 -0.932075500 1.752204895 -0.094235249 0.994216740 0.051505569 -14.141915321 0.930894971 0.069656916 0.358583808 126.135711670
0.309094071 0.084804408 -0.947242856 1.247734070 -0.099711873 0.993416548 0.056401335 -14.161167145 0.945789754 0.077018052 0.315515131 126.254287720
0.267843634 0.086650223 -0.959558010 0.723978043 -0.104618184 0.992674410 0.060438387 -14.178812027 0.957765579 0.084199175 0.274946570 126.358581543
0.228785485 0.083147071 -0.969919503 0.199531555 -0.105133250 0.992628694 0.060294893 -14.194746017 0.967783093 0.088176198 0.235840574 126.455322266
0.193973452 0.078236341 -0.977882028 -0.338142395 -0.100013211 0.993198097 0.059623018 -14.214391708 0.975895286 0.086235836 0.200478673 126.546447754
0.163577065 0.072954684 -0.983829379 -0.894662857 -0.097511709 0.993574023 0.057464436 -14.230480194 0.981699526 0.086535037 0.169639871 126.625709534
0.136777639 0.071324848 -0.988030672 -1.459152222 -0.097735539 0.993509769 0.058190398 -14.252991676 0.985768557 0.088606566 0.142860860 126.703010559
0.114689402 0.070665881 -0.990884721 -2.040330887 -0.098859742 0.993327081 0.059397593 -14.269783974 0.988470018 0.091146357 0.120910093 126.769195557
0.096448801 0.071898624 -0.992737710 -2.646673203 -0.101252057 0.992922366 0.062074915 -14.282814026 0.990174532 0.094529688 0.103046060 126.818557739
0.080140054 0.070233151 -0.994306147 -3.250209808 -0.102295399 0.992827356 0.061883781 -14.308001518 0.991520643 0.096753567 0.086749762 126.872505188
0.066536583 0.069236651 -0.995378911 -3.872001648 -0.101589605 0.992875516 0.062271725 -14.334143639 0.992598772 0.096976802 0.073096268 126.917213440
0.053943805 0.066729724 -0.996311784 -4.522817135 -0.095839575 0.993504226 0.061352588 -14.359835625 0.993934035 0.092176504 0.059988748 126.975700378
0.041841958 0.064132243 -0.997063875 -5.170286179 -0.093512714 0.993808627 0.059998583 -14.378028870 0.994738519 0.090727687 0.047580078 127.019607544
0.030990794 0.063757084 -0.997484207 -5.828770638 -0.093020134 0.993816376 0.060632605 -14.399492264 0.995181799 0.090907045 0.036729857 127.056327820
0.022142164 0.065305777 -0.997619510 -6.500125885 -0.096544251 0.993340373 0.062882833 -14.422427177 0.995082378 0.094922073 0.028299604 127.066963196
0.013531253 0.064802997 -0.997806311 -7.195765495 -0.099807300 0.993001580 0.063137464 -14.447795868 0.994914711 0.098734029 0.019904368 127.088798523
0.007084725 0.064263262 -0.997907817 -7.882656097 -0.102439351 0.992729425 0.063202493 -14.469129562 0.994714022 0.101777256 0.013616297 127.108718872
0.001516921 0.065799579 -0.997831702 -8.577044487 -0.103204004 0.992514968 0.065292083 -14.493463516 0.994659066 0.102881163 0.008296343 127.127822876
-0.001913958 0.067759871 -0.997699797 -9.295744896 -0.104716048 0.992202759 0.067587413 -14.508567810 0.994500339 0.104604535 0.005196510 127.151123047
-0.002894832 0.071289808 -0.997451484 -10.014404297 -0.107122473 0.991693854 0.071189210 -14.529778481 0.994241655 0.107055545 0.004765954 127.166282654
-0.003614864 0.074742079 -0.997196376 -10.748462677 -0.109853402 0.991137803 0.074686185 -14.544290543 0.993941128 0.109815389 0.004627842 127.174293518
-0.005322095 0.080436349 -0.996745527 -11.476366043 -0.114694066 0.990132630 0.080515109 -14.557942390 0.993386626 0.114749312 0.003955994 127.195045471
-0.006700151 0.084084168 -0.996436119 -12.213811874 -0.117478490 0.989491999 0.084288120 -14.571578979 0.993052840 0.117624566 0.003248337 127.214607239
-0.008213566 0.084730633 -0.996370018 -12.959337234 -0.116815664 0.989500165 0.085109390 -14.588573456 0.993119717 0.117090695 0.001770544 127.232788086
-0.009168444 0.081246644 -0.996651769 -13.726075172 -0.115186378 0.989973307 0.081761830 -14.605669022 0.993301511 0.115550339 0.000281992 127.250122070
-0.010893838 0.078071952 -0.996888161 -14.477708817 -0.119008452 0.989760220 0.078814223 -14.613294601 0.992833436 0.119496711 -0.001491066 127.264625549
-0.011881039 0.079839036 -0.996736825 -15.250878334 -0.123642035 0.989040375 0.080696344 -14.623326302 0.992255747 0.124197319 -0.001879366 127.265251160
-0.013286812 0.082996860 -0.996461213 -16.026617050 -0.120954648 0.989097774 0.083996363 -14.638795853 0.992569089 0.121642642 -0.003103100 127.281837463
-0.015728738 0.083053783 -0.996420979 -16.801620483 -0.119741663 0.989215970 0.084343381 -14.654427528 0.992680490 0.120639704 -0.005614119 127.300552368
-0.016186966 0.082493007 -0.996460259 -17.588439941 -0.123119384 0.988842249 0.083862327 -14.665676117 0.992259800 0.124041028 -0.005849866 127.299705505
-0.017316677 0.082060225 -0.996476948 -18.383375168 -0.127295867 0.988335192 0.083601892 -14.677724838 0.991713643 0.128295109 -0.006668753 127.314872742
-0.018545592 0.086204812 -0.996104896 -19.179891586 -0.129113272 0.987727761 0.087883696 -14.682695389 0.991456389 0.130240202 -0.007187811 127.325859070
-0.019294050 0.091056302 -0.995658875 -19.983831406 -0.128418103 0.987369955 0.092786759 -14.695946693 0.991532385 0.129650861 -0.007357088 127.342407227
-0.018239385 0.093587309 -0.995444000 -20.808172226 -0.129478529 0.987004876 0.095166318 -14.703580856 0.991414487 0.130624399 -0.005884815 127.356620789
-0.016455902 0.092483230 -0.995578289 -21.626768112 -0.128808156 0.987219870 0.093835875 -14.711403847 0.991532981 0.129782751 -0.004332998 127.371902466
-0.015420457 0.092678748 -0.995576680 -22.457992554 -0.128821984 0.987212479 0.093895435 -14.716907501 0.991547823 0.129700080 -0.003284206 127.385284424
-0.015272807 0.091271676 -0.995708823 -23.286544800 -0.126953006 0.987588644 0.092474610 -14.716990471 0.991791129 0.127820551 -0.003496038 127.408515930
-0.014792393 0.093192011 -0.995538235 -24.123321533 -0.127884567 0.987293780 0.094320446 -14.723968506 0.991678655 0.128709212 -0.002686619 127.432540894
-0.013821824 0.095465243 -0.995336831 -24.961601257 -0.129537880 0.986872256 0.096452244 -14.725747108 0.991478205 0.130266979 -0.001274011 127.446594238
-0.013866033 0.097754911 -0.995113850 -25.827243805 -0.132502407 0.986253202 0.098730773 -14.724721909 0.991085708 0.133223996 -0.000722662 127.463417053
-0.012151546 0.098817058 -0.995031416 -26.691453934 -0.134695426 0.985873520 0.099552512 -14.721447945 0.990812540 0.135235921 0.001330318 127.476676941
-0.010035850 0.102067523 -0.994726837 -27.566118240 -0.141422659 0.984632850 0.102458633 -14.721269608 0.989898503 0.141705200 0.004553036 127.488655090
-0.008064299 0.105789661 -0.994355798 -28.444597244 -0.146128550 0.983588755 0.105829246 -14.716252327 0.989232719 0.146157205 0.007526936 127.511413574
-0.005906490 0.107616171 -0.994174898 -29.319276810 -0.148667708 0.983049214 0.107295081 -14.710884094 0.988869548 0.148435459 0.010192681 127.543785095
-0.002089305 0.108400732 -0.994105101 -30.218713760 -0.147512615 0.983198404 0.107521452 -14.712053299 0.989057958 0.146867648 0.013936273 127.568359375
0.000652855 0.108332485 -0.994114578 -31.111959457 -0.150089562 0.982864499 0.107007958 -14.705515862 0.988672256 0.149136320 0.016901243 127.597885132
0.002999168 0.112042598 -0.993698835 -32.012435913 -0.150527686 0.982431412 0.110317834 -14.697223663 0.988601208 0.149248332 0.019811992 127.632560730
0.005484011 0.113941431 -0.993472338 -32.926464081 -0.149371237 0.982434511 0.111850969 -14.690485954 0.988765955 0.147782817 0.022407254 127.676162720
0.007238521 0.115083069 -0.993329465 -33.819297791 -0.149841145 0.982264817 0.112709276 -14.686547279 0.988683522 0.148025781 0.024354326 127.719848633
0.009772863 0.113305725 -0.993512094 -34.723190308 -0.151222154 0.982299745 0.110539481 -14.679946899 0.988451481 0.149160728 0.026734216 127.752998352
0.010093819 0.114633709 -0.993356466 -35.632053375 -0.155421674 0.981514037 0.111687809 -14.671640396 0.987796664 0.153261766 0.027723784 127.795600891
0.010989742 0.115175381 -0.993284285 -36.524967194 -0.156056419 0.981370091 0.112067252 -14.666473389 0.987687051 0.153776824 0.028758857 127.837745667
0.011423180 0.112016790 -0.993640661 -37.422241211 -0.156817347 0.981610000 0.108857706 -14.665559769 0.987561584 0.154576600 0.028779278 127.871528625
0.012414136 0.107564352 -0.994120598 -38.332317352 -0.157830045 0.981945097 0.104276046 -14.663396835 0.987388194 0.155607596 0.029166890 127.918884277
0.012981370 0.106708892 -0.994205594 -39.229652405 -0.157438964 0.982105255 0.103354476 -14.657394409 0.987443328 0.155185029 0.029549213 127.962394714
0.012654407 0.110887200 -0.993752420 -40.133560181 -0.159689412 0.981300414 0.107464291 -14.654475212 0.987086177 0.157331854 0.030125288 128.006988525
0.013036748 0.117089763 -0.993035793 -41.070320129 -0.160332814 0.980514765 0.113508537 -14.641104698 0.986976922 0.157736465 0.031556055 128.047195435
0.013275011 0.115621671 -0.993204653 -41.965435028 -0.158195287 0.981025100 0.112089403 -14.640322685 0.987318695 0.155632317 0.031313922 128.094528198
0.014153839 0.105294332 -0.994340420 -42.855659485 -0.157463804 0.982266247 0.101774372 -14.646878242 0.987423301 0.155132115 0.030482883 128.139694214
0.014336035 0.094945997 -0.995379329 -43.776138306 -0.159009770 0.983029842 0.091477908 -14.652643204 0.987172902 0.156963557 0.029190099 128.186813354
0.013163403 0.091817304 -0.995688856 -44.676860809 -0.155873477 0.983790100 0.088659376 -14.660490036 0.987689316 0.154034436 0.027261911 128.235961914
0.013195835 0.101992734 -0.994697571 -45.598011017 -0.148461461 0.983958185 0.098922044 -14.663827896 0.988830149 0.146368891 0.028126141 128.287002563
0.013094145 0.115035094 -0.993275106 -46.548706055 -0.143222198 0.983333290 0.111995623 -14.662085533 0.989603937 0.140792593 0.029351488 128.351913452
0.013181333 0.124059081 -0.992187321 -47.471004486 -0.143449754 0.982243776 0.120910063 -14.653573990 0.989569783 0.140735269 0.030743536 128.400024414
0.013106911 0.118435264 -0.992875278 -48.386299133 -0.143575624 0.982894003 0.115349285 -14.650856018 0.989552557 0.141040832 0.029887119 128.443359375
0.013144120 0.104845643 -0.994401634 -49.314159393 -0.143724114 0.984358907 0.101887010 -14.650409698 0.989530623 0.141580269 0.028007375 128.488433838
0.013641146 0.095955275 -0.995292246 -50.228672028 -0.144352257 0.985146642 0.092998683 -14.650729179 0.989432335 0.142404065 0.027289886 128.534286499
0.014323544 0.095821954 -0.995295405 -51.164867401 -0.143139392 0.985341907 0.092803724 -14.655765533 0.989598811 0.141136691 0.027829487 128.579666138
0.013663677 0.097510219 -0.995140731 -52.106376648 -0.146281078 0.984720826 0.094480723 -14.670862198 0.989148676 0.144279301 0.027718809 128.617919922
0.014302377 0.096730031 -0.995207787 -53.057113647 -0.151077434 0.984092176 0.093478434 -14.674360275 0.988418460 0.149016485 0.028688580 128.662155151
0.014617574 0.096311443 -0.995243907 -53.989089966 -0.152634919 0.983899832 0.092971824 -14.677776337 0.988174558 0.150549948 0.029082716 128.709930420
0.015723215 0.103708796 -0.994483411 -54.936103821 -0.161916733 0.981742859 0.099820182 -14.674051285 0.986679196 0.159454003 0.032228347 128.742568970
0.017345067 0.113368899 -0.993401587 -55.880569458 -0.167476982 0.979843259 0.108897418 -14.669666290 0.985723376 0.164483026 0.035982128 128.780395508
0.018542133 0.121653423 -0.992399395 -56.841445923 -0.167809159 0.978868783 0.116859391 -14.666302681 0.985645115 0.164366886 0.038564876 128.825714111
0.019339921 0.122168966 -0.992320836 -57.802639008 -0.169201270 0.978590608 0.117180891 -14.661157608 0.985391736 0.165635720 0.039597012 128.886459351
0.021327855 0.112997167 -0.993366420 -58.735820770 -0.170965195 0.979369223 0.107734323 -14.661041260 0.985046208 0.167533308 0.040206436 128.932037354
0.022038942 0.107793674 -0.993928969 -59.686363220 -0.168925762 0.980277538 0.102567464 -14.658199310 0.985382318 0.165639758 0.039813410 128.995895386
0.023752423 0.106312789 -0.994048953 -60.636543274 -0.167403698 0.980712891 0.100886464 -14.661615372 0.985602260 0.164011165 0.041091464 129.060821533
0.027323339 0.111742541 -0.993361473 -61.620838165 -0.169054076 0.979935229 0.105582245 -14.649801254 0.985227942 0.165046945 0.045665637 129.113037109
0.030796111 0.113801435 -0.993026018 -62.580451965 -0.171832889 0.979308844 0.106900483 -14.650482178 0.984644592 0.167342409 0.049713727 129.171768188
0.035172205 0.108858719 -0.993434727 -63.526813507 -0.171323225 0.979991138 0.101319931 -14.652524948 0.984586775 0.166634828 0.053118475 129.233779907
0.037825957 0.103122517 -0.993949175 -64.489479065 -0.171290636 0.980608344 0.095219731 -14.658456802 0.984494030 0.166652396 0.054756369 129.305908203
0.041167721 0.103277065 -0.993800342 -65.463096619 -0.168998614 0.981032073 0.094949491 -14.665424347 0.984756231 0.164042041 0.057840548 129.381240845
0.043700218 0.107527018 -0.993241251 -66.443443298 -0.166141868 0.981129169 0.098905936 -14.679044724 0.985133052 0.160696745 0.060740307 129.471298218
0.047401536 0.114217825 -0.992324173 -67.403060913 -0.165605679 0.980590999 0.104956649 -14.679916382 0.985052228 0.159359410 0.065396652 129.550369263
0.049860176 0.118120991 -0.991746664 -68.366470337 -0.163261637 0.980589211 0.108584099 -14.684497833 0.985322058 0.156500161 0.068176977 129.638183594
0.051716510 0.120278604 -0.991392195 -69.350425720 -0.162932560 0.980435491 0.110449843 -14.689184189 0.985280871 0.155817956 0.070301995 129.722930908
0.054197110 0.117366597 -0.991608679 -70.306060791 -0.161786810 0.980978608 0.107265860 -14.687464714 0.985336304 0.154615730 0.072154567 129.802017212
0.054726399 0.115786195 -0.991765440 -71.250610352 -0.159711927 0.981480777 0.105772451 -14.690401077 0.985645592 0.152608246 0.072205350 129.893798828
0.055095520 0.112150267 -0.992162645 -72.198150635 -0.156503543 0.982359767 0.102351435 -14.697392464 0.986139536 0.149637908 0.071675539 129.988006592
0.054871630 0.111916646 -0.992201447 -73.180786133 -0.155297756 0.982562602 0.102241017 -14.692196846 0.986342549 0.148476511 0.071295209 130.072219849
0.054739427 0.116628140 -0.991666019 -74.133796692 -0.152095094 0.982539475 0.107159242 -14.693867683 0.986848891 0.144961715 0.071522214 130.159515381
0.054275263 0.118173860 -0.991508365 -75.097076416 -0.146040425 0.983233929 0.109193392 -14.696405411 0.987788677 0.138873830 0.070623435 130.257492065
0.053713728 0.113341272 -0.992103100 -76.057128906 -0.143316045 0.984126329 0.104670666 -14.681420326 0.988218188 0.136562049 0.069104716 130.339218140
0.051915441 0.109703846 -0.992607534 -77.018692017 -0.145360962 0.984192371 0.101171091 -14.687932968 0.988015652 0.139034078 0.067041427 130.429031372
0.050899226 0.106954910 -0.992960215 -77.968208313 -0.141930878 0.984932184 0.098814785 -14.690668106 0.988567054 0.135902107 0.065312475 130.511474609
0.049749259 0.107862607 -0.992920220 -78.935005188 -0.142156199 0.984794557 0.099857286 -14.693446159 0.988593280 0.136181951 0.064326108 130.582565308
0.048714824 0.108990230 -0.992848337 -79.887504578 -0.143681318 0.984454513 0.101018958 -14.696316719 0.988424301 0.137732595 0.063617386 130.661605835
0.047276296 0.109547228 -0.992856503 -80.841064453 -0.145253599 0.984156668 0.101670846 -14.700768471 0.988264263 0.139409378 0.062439412 130.738265991
0.045960680 0.110090494 -0.992858231 -81.791122437 -0.145044968 0.984111249 0.102406271 -14.701582909 0.988357067 0.139302447 0.061198484 130.809478760
0.043826293 0.110157870 -0.992947280 -82.755271912 -0.144830450 0.984103441 0.102784254 -14.702341080 0.988485396 0.139304370 0.059083827 130.884094238
0.041959833 0.112906411 -0.992719352 -83.703125000 -0.145079732 0.983751953 0.105754368 -14.698453903 0.988529861 0.139586002 0.057658508 130.960006714
0.040481851 0.116632231 -0.992349803 -84.656898499 -0.146458477 0.983129501 0.109573923 -14.691172600 0.988388121 0.140902281 0.056880675 131.021438599
0.037983038 0.121741056 -0.991834879 -85.603088379 -0.147533968 0.982356966 0.114927806 -14.683692932 0.988327324 0.141964033 0.055273846 131.092697144
0.036027223 0.121184587 -0.991975963 -86.546897888 -0.147412345 0.982406437 0.114661701 -14.678065300 0.988418698 0.142098561 0.053257480 131.159591675
0.035006359 0.116890147 -0.992527723 -87.493003845 -0.148119003 0.982775033 0.110517420 -14.679516792 0.988349855 0.143143430 0.051717032 131.219589233
0.033394407 0.111510664 -0.993201971 -88.443115234 -0.151850417 0.982785225 0.105235487 -14.660302162 0.987839162 0.147303879 0.049752478 131.273925781
0.032021526 0.109311201 -0.993491650 -89.385025024 -0.149770603 0.983302951 0.103362866 -14.658288002 0.988202095 0.145485982 0.047858469 131.343658447
0.031790476 0.110251151 -0.993395209 -90.350105286 -0.145150334 0.983870327 0.104548961 -14.656833649 0.988898695 0.140867963 0.047280699 131.396575928
0.031153493 0.111637287 -0.993260503 -91.298690796 -0.142197803 0.984129965 0.106151029 -14.656119347 0.989347994 0.137932494 0.046533659 131.461410522
0.030008351 0.111737266 -0.993284583 -92.244262695 -0.136611074 0.984865606 0.106663018 -14.662621498 0.990170121 0.132492855 0.044818744 131.531448364
0.028544141 0.108846702 -0.993648648 -93.184631348 -0.132495016 0.985694528 0.104169242 -14.666187286 0.990772605 0.128680080 0.042557444 131.600326538
0.027918415 0.105545603 -0.994022548 -94.131278992 -0.127375141 0.986679494 0.101188414 -14.668586731 0.991461635 0.123788729 0.040990412 131.665100098
0.026463352 0.108123273 -0.993785143 -95.109840393 -0.125881195 0.986580253 0.103987299 -14.671232224 0.991692305 0.122347027 0.039718896 131.720642090
0.024945300 0.110487834 -0.993564367 -96.057693481 -0.125138745 0.986401379 0.106549427 -14.670186043 0.991825521 0.121675529 0.038432382 131.783889771
0.023589253 0.108161837 -0.993853390 -97.016006470 -0.121021844 0.987127841 0.104557417 -14.665910721 0.992369533 0.117811531 0.036375556 131.836288452
0.021511072 0.105524771 -0.994183958 -97.968238831 -0.118059270 0.987724602 0.102284707 -14.669399261 0.992773533 0.115172386 0.033705197 131.890808105
0.017321488 0.102347493 -0.994597852 -98.930519104 -0.116504565 0.988177598 0.099657826 -14.662467957 0.993039072 0.114148967 0.029040655 131.958190918
0.014393901 0.101493925 -0.994732082 -99.885993958 -0.111074269 0.988840163 0.099285513 -14.673352242 0.993707836 0.109060027 0.025506631 132.011688232
0.012450425 0.101330027 -0.994775057 -100.843238831 -0.104235038 0.989563465 0.099494599 -14.666389465 0.994474769 0.102451652 0.022882629 132.054611206
0.010243941 0.109497696 -0.993934214 -101.813011169 -0.094305001 0.989661872 0.108055063 -14.669796944 0.995490611 0.092626058 0.020464217 132.114501953
0.007771104 0.117520623 -0.993040025 -102.770622253 -0.086199030 0.989452124 0.116421476 -14.665924072 0.996247649 0.084694363 0.017819298 132.171142578
0.004298930 0.117170475 -0.993102491 -103.726524353 -0.081864111 0.989819467 0.116428733 -14.660439491 0.996634185 0.080798946 0.013847218 132.224975586
0.002059142 0.106788211 -0.994279623 -104.679588318 -0.082515433 0.990909159 0.106255330 -14.658117294 0.996587634 0.081824623 0.010852100 132.256652832
-0.000023379 0.097194552 -0.995265424 -105.626388550 -0.084235907 0.991727829 0.096851066 -14.655365944 0.996445715 0.083839349 0.008164087 132.296371460
-0.000468623 0.098689228 -0.995118141 -106.585403442 -0.091449209 0.990944266 0.098318353 -14.658280373 0.995809555 0.091048859 0.008560674 132.318893433
-0.001262322 0.108188562 -0.994129717 -107.548446655 -0.094753541 0.989644587 0.107820801 -14.647883415 0.995499969 0.094333388 0.009002002 132.357482910
-0.002861401 0.119686633 -0.992807567 -108.511329651 -0.098730274 0.987927079 0.119382828 -14.637858391 0.995110095 0.098361745 0.008989835 132.389770508
-0.004468866 0.121386290 -0.992595255 -109.460617065 -0.105671786 0.986990094 0.121176593 -14.627112389 0.994390965 0.105430849 0.008416378 132.421722412
-0.003952694 0.118312344 -0.992968500 -110.447761536 -0.112835765 0.986581981 0.118000530 -14.609724045 0.993605733 0.112508781 0.009450207 132.442001343
-0.004223739 0.114408381 -0.993424833 -111.401718140 -0.120902464 0.986087680 0.114077434 -14.598027229 0.992655396 0.120589346 0.009667278 132.469146729
-0.001701916 0.116439559 -0.993196249 -112.371086121 -0.125656888 0.985300601 0.115729190 -14.579897881 0.992072225 0.124998935 0.012954534 132.490966797
-0.000643864 0.117323145 -0.993093610 -113.345611572 -0.133469895 0.984198511 0.116358809 -14.560501099 0.991052687 0.132623032 0.015025414 132.523925781
-0.000170236 0.119952060 -0.992779732 -114.309059143 -0.142660335 0.982622325 0.118749283 -14.544688225 0.989771783 0.141650438 0.016945120 132.547317505
-0.000020775 0.122303694 -0.992492735 -115.282020569 -0.148303986 0.981517255 0.120954290 -14.527660370 0.988941848 0.147193119 0.018117731 132.577697754
0.000170742 0.121672548 -0.992570281 -116.253959656 -0.151818186 0.981068015 0.120236434 -14.517115593 0.988408446 0.150669694 0.018639615 132.620147705
0.001778831 0.112342075 -0.993668139 -117.208847046 -0.150819167 0.982333422 0.110790633 -14.521121979 0.988559723 0.149667099 0.018690744 132.654266357
0.002901780 0.100499779 -0.994932830 -118.159286499 -0.153642178 0.983168364 0.098863333 -14.512370110 0.988122284 0.152576789 0.018293945 132.696701050
