1.000000000 0.000000000 0.000000000 0.000000000 0.000000000 1.000000000 0.000000000 0.000000000 0.000000000 0.000000000 1.000000000 0.000000000
0.999997675 -0.001619201 -0.001413859 0.050809052 0.001616150 0.999996364 -0.002156026 -0.132566988 0.001417345 0.002153736 0.999996662 1.297149301
0.999997854 0.000047373 -0.002061673 0.103455849 -0.000060436 0.999979913 -0.006336777 -0.266576141 0.002061331 0.006336887 0.999977767 2.602445602
0.999996185 0.002471626 -0.001254688 0.146284685 -0.002481404 0.999966085 -0.007852430 -0.405769765 0.001235237 0.007855512 0.999968410 3.907394171
0.999983668 0.005709709 0.000252728 0.192157343 -0.005707902 0.999961615 -0.006648007 -0.543291330 -0.000290676 0.006646456 0.999977887 5.220052242
0.999975681 0.006530978 0.002456310 0.240391761 -0.006523071 0.999973536 -0.003212921 -0.690790772 -0.002477229 0.003196820 0.999991834 6.536417007
0.999960840 0.006748846 0.005712292 0.297253996 -0.006737571 0.999975264 -0.001990908 -0.827318430 -0.005725587 0.001952343 0.999981701 7.839768410
0.999943018 0.005413764 0.009195968 0.356198937 -0.005397469 0.999983788 -0.001795849 -0.961733282 -0.009205540 0.001746112 0.999956131 9.149982452
0.999913216 0.003994506 0.012559989 0.435232043 -0.003973673 0.999990642 -0.001683150 -1.098853350 -0.012566594 0.001633094 0.999919713 10.449187279
0.999871910 0.002668475 0.015781945 0.504022837 -0.002629604 0.999993384 -0.002483265 -1.234658837 -0.015788473 0.002441447 0.999872327 11.754523277
0.999812245 0.001781443 0.019291200 0.577994347 -0.001719312 0.999993324 -0.003236779 -1.373336315 -0.019296836 0.003203004 0.999808669 13.045598030
0.999746144 0.001421049 0.022483729 0.649254084 -0.001348231 0.999993742 -0.003253542 -1.518141150 -0.022488210 0.003222403 0.999741912 14.374219894
0.999664903 0.001334357 0.025851034 0.733796835 -0.001221634 0.999989748 -0.004375792 -1.655391216 -0.025856605 0.004342746 0.999656200 15.671467781
0.999578178 0.002352387 0.028945142 0.819056749 -0.002230929 0.999988556 -0.004227700 -1.794850707 -0.028954756 0.004161342 0.999572039 16.964729309
0.999476314 0.001933722 0.032300595 0.907189846 -0.001811837 0.999991119 -0.003802313 -1.933689117 -0.032307662 0.003741799 0.999470949 18.250413895
0.999410272 0.000400292 0.034335695 1.005793929 -0.000275539 0.999993324 -0.003637974 -2.075415134 -0.034336928 0.003626368 0.999403656 19.553070068
0.999353170 -0.002209507 0.035892896 1.105050921 0.002381769 0.999985754 -0.004757258 -2.217427254 -0.035881881 0.004839670 0.999344289 20.827829361
0.999312103 -0.001780107 0.037045810 1.203718662 0.002026541 0.999975979 -0.006615659 -2.357527256 -0.037033152 0.006686182 0.999291658 22.132028580
0.999269307 -0.001931804 0.038170908 1.289445639 0.002292352 0.999953032 -0.009404124 -2.498527765 -0.038150955 0.009484754 0.999226868 23.414119720
0.999232888 -0.001289568 0.039140511 1.393029809 0.001709176 0.999941409 -0.010688966 -2.644307852 -0.039124440 0.010747665 0.999176562 24.704521179
0.999188840 -0.000578329 0.040265769 1.492570281 0.001040886 0.999933720 -0.011467586 -2.789754391 -0.040256459 0.011500198 0.999123216 25.975479126
0.999174297 -0.002270056 0.040564105 1.594058275 0.002689332 0.999943495 -0.010284550 -2.937200785 -0.040538460 0.010385149 0.999123991 27.266399384
0.999166787 -0.005289920 0.040470578 1.696964502 0.005663353 0.999942362 -0.009118204 -3.084150076 -0.040420003 0.009339806 0.999139130 28.544713974
0.999191940 -0.006790106 0.039615348 1.795238853 0.007175763 0.999928176 -0.009600962 -3.230035305 -0.039547302 0.009877472 0.999168873 29.835327148
0.999191642 -0.008442753 0.039305069 1.889434576 0.008932269 0.999884546 -0.012295350 -3.373880625 -0.039196726 0.012636492 0.999151647 31.095357895
0.999239862 -0.008682618 0.038004827 2.010151386 0.009159452 0.999881268 -0.012390603 -3.521823406 -0.037892725 0.012729288 0.999200761 32.387672424
0.999263108 -0.009156744 0.037276223 2.111774445 0.009640074 0.999871492 -0.012807162 -3.664935589 -0.037154160 0.013157068 0.999222934 33.659069061
0.999270260 -0.009570778 0.036976960 2.203739166 0.010047442 0.999868512 -0.012726580 -3.812672138 -0.036850296 0.013088817 0.999235094 34.926345825
0.999283016 -0.010162305 0.036469191 2.294444561 0.010661120 0.999851882 -0.013509383 -3.954422712 -0.036326498 0.013888502 0.999243438 36.183807373
0.999326110 -0.010758847 0.035094157 2.409791708 0.011233905 0.999847531 -0.013367697 -4.115726471 -0.034944996 0.013752934 0.999294519 37.474639893
0.999329507 -0.010509836 0.035073724 2.503871918 0.010921837 0.999873340 -0.011575825 -4.261280060 -0.034947619 0.011951132 0.999317646 38.730503082
0.999280751 -0.010245305 0.036510646 2.596388817 0.010629080 0.999890149 -0.010332759 -4.402699947 -0.036400776 0.010713402 0.999279797 40.005397797
0.999208629 -0.012126983 0.037881114 2.712521553 0.012469172 0.999883413 -0.008810042 -4.545246601 -0.037769858 0.009275417 0.999243379 41.252876282
0.999092817 -0.013080305 0.040527686 2.804633617 0.013491726 0.999859989 -0.009894783 -4.690440655 -0.040392589 0.010432594 0.999129415 42.520530701
0.998966813 -0.014228002 0.043161236 2.898214102 0.014802446 0.999805689 -0.013018953 -4.839583874 -0.042967618 0.013644393 0.998983264 43.771793365
0.998871624 -0.015499259 0.044892125 3.008627653 0.016149702 0.999769211 -0.014162724 -4.985117435 -0.044662263 0.014871738 0.998891413 45.035255432
0.998749137 -0.015759179 0.047454543 3.132389069 0.016395550 0.999780416 -0.013050886 -5.117859840 -0.047238458 0.013812603 0.998788118 46.267768860
0.998552144 -0.016942084 0.051054496 3.243948460 0.017442765 0.999804020 -0.009377257 -5.276771069 -0.050885607 0.010254210 0.998651862 47.532752991
0.998281062 -0.020037951 0.055076923 3.359289169 0.020492204 0.999760449 -0.007695220 -5.412306786 -0.054909527 0.008810639 0.998452485 48.756591797
0.998046339 -0.022041343 0.058462739 3.491001129 0.022541946 0.999714553 -0.007917097 -5.553911209 -0.058271546 0.009219493 0.998258173 50.011276245
0.997780859 -0.025413286 0.061542585 3.639525175 0.026173864 0.999590278 -0.011583996 -5.689857483 -0.061222982 0.013169099 0.998037159 51.239063263
0.997499287 -0.026770957 0.065410599 3.774368048 0.027590495 0.999551356 -0.011657931 -5.825460911 -0.065069169 0.013433490 0.997790456 52.470535278
0.997130215 -0.029267164 0.069820352 3.895228386 0.029972678 0.999509454 -0.009078342 -5.965586662 -0.069520406 0.011144993 0.997518301 53.690441132
0.996869624 -0.031983040 0.072305068 4.058776855 0.032485146 0.999455631 -0.005778894 -6.099464893 -0.072080873 0.008109646 0.997365832 54.899181366
0.996652246 -0.034518383 0.074113175 4.213294506 0.034908030 0.999382675 -0.003968202 -6.231760979 -0.073930442 0.006542062 0.997241914 56.117561340
0.996436357 -0.037812892 0.075397335 4.364846230 0.037991725 0.999277592 -0.000938367 -6.353557587 -0.075307399 0.003799498 0.997153103 57.327804565
0.996277690 -0.040945169 0.075855434 4.520438194 0.041020345 0.999158144 0.000567311 -6.479084969 -0.075814798 0.002546417 0.997118652 58.531501770
0.996213615 -0.042882666 0.075627804 4.660466194 0.043223847 0.999061286 -0.002879437 -6.602138996 -0.075433329 0.006137459 0.997131944 59.744750977
0.996214330 -0.044062521 0.074937604 4.807541847 0.044722844 0.998973727 -0.007155756 -6.730119705 -0.074545398 0.010480087 0.997162521 60.931167603
0.996232629 -0.045345318 0.073920041 4.938365936 0.046280544 0.998867989 -0.010987571 -6.859817505 -0.073338144 0.014367239 0.997203648 62.134513855
0.996293724 -0.046713963 0.072226107 5.086528778 0.047800023 0.998767257 -0.013381236 -6.991278172 -0.071511984 0.016784050 0.997298598 63.321071625
0.996393383 -0.047253855 0.070478983 5.212557316 0.048335187 0.998737097 -0.013716100 -7.124408245 -0.069741808 0.017073249 0.997418880 64.505645752
0.996612310 -0.046756029 0.067659549 5.345815659 0.047728248 0.998778045 -0.012824006 -7.260578632 -0.066977270 0.016009834 0.997626007 65.680816650
0.996849835 -0.045735795 0.064797096 5.460126877 0.046541855 0.998855948 -0.010984580 -7.399161816 -0.064220585 0.013965753 0.997837961 66.878997803
0.997234106 -0.041996375 0.061321110 5.578526497 0.042538114 0.999066293 -0.007555323 -7.527282715 -0.060946558 0.010142910 0.998089492 68.053550720
0.997451484 -0.040243722 0.058915135 5.684083462 0.040605318 0.999163032 -0.004952899 -7.655297279 -0.058666497 0.007332543 0.998250723 69.216209412
0.997724116 -0.039282005 0.054804031 5.813547611 0.039786890 0.999174953 -0.008151832 -7.795054436 -0.054438598 0.010313762 0.998463809 70.424667358
0.997903109 -0.039444767 0.051317520 5.922129154 0.040262550 0.999076486 -0.015000302 -7.923484802 -0.050678451 0.017035021 0.998569787 71.583419800
0.997983098 -0.042867787 0.046820305 6.035955906 0.043749720 0.998880744 -0.017976854 -8.058632851 -0.045997277 0.019988973 0.998741567 72.756340027
0.997942090 -0.047527026 0.043043356 6.150566578 0.048150923 0.998747826 -0.013575227 -8.191189766 -0.042344268 0.015619869 0.998980999 73.939247131
0.997963667 -0.050968893 0.038349811 6.258349895 0.051345155 0.998641491 -0.008890690 -8.315830231 -0.037844561 0.010841662 0.999224842 75.096366882
0.997994900 -0.053131118 0.034398917 6.347916603 0.053357910 0.998559117 -0.005708437 -8.448406219 -0.034046061 0.007532445 0.999391973 76.288955688
0.998174489 -0.052268051 0.030258508 6.435300350 0.052385688 0.998622119 -0.003107486 -8.574261665 -0.030054387 0.004686926 0.999537170 77.446800232
0.998296201 -0.052042186 0.026385758 6.530666351 0.052155767 0.998632312 -0.003634216 -8.684233665 -0.026160534 0.005004194 0.999645114 78.605293274
0.998443902 -0.050582793 0.023477942 6.594629765 0.050711513 0.998701215 -0.004919556 -8.824494362 -0.023198608 0.006102503 0.999712229 79.782333374
0.998632371 -0.048189301 0.020278821 6.668282509 0.048392672 0.998781681 -0.009660025 -8.955168724 -0.019788606 0.010628159 0.999747634 80.926452637
0.998547018 -0.051465735 0.015975716 6.758871555 0.051698670 0.998557091 -0.014526522 -9.093297005 -0.015205046 0.015331337 0.999766827 82.090919495
0.998390853 -0.055015124 0.013759791 6.811564922 0.055233583 0.998344719 -0.016034324 -9.219092369 -0.012854886 0.016768523 0.999776781 83.234550476
0.998422384 -0.055283628 0.009826882 6.880274773 0.055405721 0.998384237 -0.012618148 -9.347973824 -0.009113428 0.013142708 0.999872029 84.373321533
0.998414099 -0.055833355 0.007209700 6.946537018 0.055903520 0.998386919 -0.009927114 -9.479516029 -0.006643804 0.010314420 0.999924719 85.509170532
0.998562396 -0.053262707 0.006022591 6.989996910 0.053330541 0.998507977 -0.011726905 -9.605821609 -0.005388999 0.012031234 0.999913096 86.653503418
0.998756468 -0.049562246 0.005391142 7.043271065 0.049636509 0.998659968 -0.014644396 -9.734653473 -0.004658110 0.014893782 0.999878168 87.773246765
0.998847127 -0.047804929 0.004380844 7.099841118 0.047874540 0.998700559 -0.017468948 -9.861454010 -0.003540049 0.017658537 0.999837756 88.878761292
0.998734951 -0.050159123 0.003581355 7.146126270 0.050216477 0.998570919 -0.018288774 -9.997054100 -0.002658888 0.018445481 0.999826252 90.024108887
0.998686671 -0.051192049 0.002104306 7.197083473 0.051218715 0.998565733 -0.015595473 -10.127974510 -0.001302923 0.015682770 0.999876142 91.139770508
0.998638451 -0.052151963 0.001222422 7.246447086 0.052163426 0.998555064 -0.012914922 -10.258635521 -0.000547118 0.012961101 0.999915838 92.254493713
0.998639047 -0.052151997 0.000521367 7.311388016 0.052154474 0.998564541 -0.012205170 -10.385091782 0.000115905 0.012215752 0.999925375 93.397155762
0.998609662 -0.052713305 0.000355681 7.358241081 0.052713089 0.998510778 -0.014056757 -10.515374184 0.000385826 0.014055964 0.999901175 94.506050110
0.998590171 -0.053072050 -0.001030606 7.425565720 0.053045120 0.998431385 -0.017915161 -10.644050598 0.001979784 0.017835235 0.999839008 95.613693237
0.998575330 -0.053361971 -0.000139810 7.459768295 0.053349391 0.998390138 -0.019260155 -10.779001236 0.001167344 0.019225251 0.999814510 96.717376709
0.998531640 -0.054168493 -0.000469962 7.516234875 0.054152150 0.998381257 -0.017388744 -10.912460327 0.001411123 0.017337764 0.999848664 97.802330017
0.998579443 -0.053281236 0.000434091 7.559282303 0.053282499 0.998500586 -0.012552789 -11.030134201 0.000235389 0.012558087 0.999921143 98.887931824
0.998665869 -0.051608484 0.001733330 7.608063221 0.051622137 0.998625517 -0.009067944 -11.150549889 -0.001262964 0.009145325 0.999957323 99.954948425
0.998772681 -0.049379677 0.003850978 7.652680874 0.049412590 0.998738050 -0.008981638 -11.271853447 -0.003402607 0.009160901 0.999952257 101.022766113
0.998857677 -0.047425207 0.005838254 7.703393459 0.047486197 0.998813570 -0.010793715 -11.392640114 -0.005319432 0.011058621 0.999924719 102.060180664
0.998821497 -0.047783077 0.008508157 7.751908302 0.047891662 0.998767316 -0.013052210 -11.514806747 -0.007873993 0.013444299 0.999878585 103.080146790
0.998735130 -0.049151227 0.010606541 7.794976234 0.049301662 0.998679817 -0.014421014 -11.623320580 -0.009883728 0.014925693 0.999839723 104.097343445
0.998630702 -0.050794180 0.012517197 7.855680466 0.050966900 0.998603821 -0.013889038 -11.735600471 -0.011794238 0.014507983 0.999825239 105.079795837
0.998584688 -0.051172562 0.014491855 7.906259060 0.051350385 0.998606503 -0.012176326 -11.856657028 -0.013848566 0.012903255 0.999820888 106.059906006
0.998521328 -0.052263387 0.014954974 7.986489773 0.052424535 0.998568714 -0.010593593 -11.962894440 -0.014379914 0.011361939 0.999832034 106.985618591
0.998452663 -0.052899644 0.017140735 8.040244102 0.053091634 0.998529613 -0.010945900 -12.070567131 -0.016536497 0.011838995 0.999793172 107.902473450
0.998439431 -0.052662030 0.018584169 8.097358704 0.052841943 0.998559356 -0.009326614 -12.170557976 -0.018066239 0.010294083 0.999783754 108.805145264
0.998441815 -0.051925741 0.020439908 8.155160904 0.052083962 0.998616219 -0.007285770 -12.267390251 -0.020033304 0.008339009 0.999764562 109.674095154
0.998421907 -0.051815849 0.021653427 8.214038849 0.051915050 0.998643339 -0.004044057 -12.370074272 -0.021414505 0.005161815 0.999757290 110.527923584
0.998383701 -0.051868163 0.023231272 8.273291588 0.051975347 0.998640239 -0.004033235 -12.461784363 -0.022990486 0.005234169 0.999721944 111.354026794
0.998383820 -0.051326234 0.024398023 8.323671341 0.051415656 0.998672664 -0.003052203 -12.552437782 -0.024208978 0.004301711 0.999697685 112.161437988
0.998492837 -0.048942696 0.024833811 8.375288010 0.049027890 0.998793304 -0.002832992 -12.632097244 -0.024665192 0.004046272 0.999687612 112.940475464
0.998615563 -0.046669137 0.024268791 8.422929764 0.046673913 0.998910129 0.000369835 -12.714603424 -0.024259597 0.000763396 0.999705374 113.701629639
0.998692453 -0.046503209 0.021233367 8.468406677 0.046480037 0.998917997 0.001583416 -12.795404434 -0.021284025 -0.000594418 0.999773324 114.424484253
0.998799503 -0.046537261 0.015294202 8.496183395 0.046516232 0.998916030 0.001727813 -12.872162819 -0.015358031 -0.001014310 0.999881566 115.125663757
0.998980343 -0.044910114 0.004620386 8.526381493 0.044909794 0.998991013 0.000174004 -12.943550110 -0.004623538 0.000033674 0.999989331 115.808868408
0.999033868 -0.042719200 -0.010309773 8.544215202 0.042695154 0.999084949 -0.002540482 -13.011407852 0.010408867 0.002097850 0.999943674 116.458404541
0.998728573 -0.041330900 -0.028860254 8.532135010 0.041199394 0.999137640 -0.005136715 -13.082568169 0.029047672 0.003941159 0.999570310 117.063125610
0.997937441 -0.039180681 -0.050850138 8.493538857 0.038854457 0.999217570 -0.007388495 -13.152625084 0.051099837 0.005397502 0.998678982 117.644416809
0.996191263 -0.037619952 -0.078661464 8.451911926 0.036995240 0.999271333 -0.009384626 -13.217180252 0.078957193 0.006438782 0.996857285 118.211921692
0.993271112 -0.035034548 -0.110385649 8.377191544 0.033946276 0.999354899 -0.011723405 -13.286669731 0.110725157 0.007897339 0.993819714 118.758789062
0.988810599 -0.030872833 -0.145946577 8.276290894 0.029297780 0.999487102 -0.012929715 -13.354071617 0.146270871 0.008509130 0.989207983 119.299690247
0.982493460 -0.024834415 -0.184634313 8.160758972 0.022926899 0.999659538 -0.012459402 -13.414543152 0.184880897 0.008008189 0.982728302 119.822982788
0.973980010 -0.020003201 -0.225749373 8.009105682 0.018098651 0.999781013 -0.010503249 -13.469451904 0.225910023 0.006144198 0.974128723 120.318443298
0.962507069 -0.015194946 -0.270830721 7.844463348 0.013295284 0.999872386 -0.008847607 -13.530922890 0.270930648 0.004915112 0.962586284 120.802856445
0.948131025 -0.009256843 -0.317745030 7.651332855 0.006535316 0.999932289 -0.009629989 -13.586234093 0.317812651 0.007053929 0.948127329 121.282104492
0.930732846 -0.001542979 -0.365696430 7.427310944 -0.002430473 0.999942899 -0.010404844 -13.640712738 0.365691572 0.010572948 0.930676043 121.735031128
0.909627020 0.002780099 -0.415416628 7.177177429 -0.008216660 0.999902368 -0.011300152 -13.694206238 0.415344656 0.013692262 0.909561157 122.172622681
0.884234250 0.007242934 -0.466987550 6.908767700 -0.013554305 0.999856412 -0.010157198 -13.749822617 0.466847003 0.015311032 0.884205580 122.594619751
0.855109632 0.010310933 -0.518344641 6.624397278 -0.017993852 0.999790013 -0.009796475 -13.796429634 0.518134832 0.017704077 0.855115831 122.990798950
0.823255301 0.020026520 -0.567317903 6.298782349 -0.029005175 0.999556005 -0.006805773 -13.843940735 0.566929817 0.022058042 0.823470771 123.365982056
0.789195120 0.033078600 -0.613251090 5.951499939 -0.042170092 0.999110281 -0.000377106 -13.888119698 0.612693131 0.026158467 0.789887905 123.723114014
0.752973676 0.042025905 -0.656707287 5.608013153 -0.053555362 0.998561740 0.002496830 -13.930177689 0.655867696 0.033290148 0.754141450 124.031326294
0.713233531 0.045733918 -0.699432850 5.239997864 -0.060840558 0.998142302 0.003224655 -13.975163460 0.698280931 0.040253948 0.714691043 124.324203491
0.670617223 0.047376297 -0.740289092 4.860530853 -0.063417308 0.997966409 0.006418066 -14.024169922 0.739087760 0.042643078 0.672258019 124.608703613
0.627142489 0.050854508 -0.777242661 4.443885803 -0.066981368 0.997691035 0.011232305 -14.056084633 0.776019216 0.045016520 0.629100680 124.872894287
0.582475603 0.059674215 -0.810654700 4.016597748 -0.078132488 0.996794105 0.017236210 -14.094337463 0.809084356 0.053298805 0.585270643 125.093223572
0.536882639 0.068584144 -0.840864599 3.579406738 -0.089939296 0.995663285 0.023784876 -14.118832588 0.838849187 0.062857084 0.540722668 125.297195435
0.490072846 0.073449470 -0.868581474 3.125152588 -0.095674388 0.994955838 0.030154405 -14.144618988 0.866415024 0.068323143 0.494628012 125.493698120
0.443176657 0.075297609 -0.893266320 2.665382385 -0.095428169 0.994766533 0.036508724 -14.171765327 0.891340494 0.069062948 0.448042899 125.667602539
0.395426840 0.076801352 -0.915280938 2.185581207 -0.092458501 0.994764686 0.043526214 -14.199916840 0.913832068 0.067414060 0.400457561 125.850769043
0.349627256 0.079426490 -0.933516026 1.698814392 -0.094204359 0.994330585 0.049318668 -14.220456123 0.932140708 0.070698127 0.355127364 125.993293762
0.305920094 0.082613640 -0.948466122 1.194793701 -0.100334197 0.993477881 0.054172292 -14.237874031 0.946755409 0.078591190 0.312213838 126.107192993
0.264757991 0.083964489 -0.960652471 0.667043686 -0.104839526 0.992803395 0.057880580 -14.255520821 0.958598852 0.085389994 0.271655470 126.211975098
0.224866226 0.080847643 -0.971029758 0.137903214 -0.105423972 0.992720425 0.058240049 -14.277818680 0.968669653 0.089273609 0.231752560 126.312980652
0.190156400 0.075752854 -0.978826880 -0.395582199 -0.100457944 0.993286610 0.057355996 -14.298585892 0.976600707 0.087424330 0.196489781 126.402946472
0.159273624 0.070791923 -0.984693050 -0.944356918 -0.097998403 0.993633091 0.055583440 -14.322500229 0.982358515 0.087645382 0.165197074 126.483184814
0.133324772 0.068860754 -0.988677204 -1.514217377 -0.099066064 0.993512988 0.055838328 -14.340080261 0.986108780 0.090499744 0.139281631 126.545562744
0.110792786 0.068052180 -0.991510928 -2.094470978 -0.099541828 0.993396044 0.057058625 -14.355671883 0.988846004 0.092375137 0.116835140 126.613410950
0.091920003 0.069251403 -0.993355393 -2.681351662 -0.101517528 0.993032634 0.059835002 -14.371829987 0.990578115 0.095342956 0.098309770 126.671081543
0.076849736 0.068256237 -0.994703591 -3.306379318 -0.102914616 0.992868006 0.060179219 -14.407155991 0.991717041 0.097744778 0.083326213 126.712089539
0.062410187 0.067071564 -0.995794296 -3.925669670 -0.101782516 0.992965221 0.060501907 -14.437457085 0.992847085 0.097578533 0.068797849 126.766479492
0.050191477 0.064888768 -0.996629477 -4.563975334 -0.097665258 0.993423283 0.059761487 -14.463261604 0.993952811 0.094336562 0.056198768 126.808303833
0.038678963 0.061565977 -0.997353315 -5.212360382 -0.095292836 0.993778467 0.057649706 -14.475973129 0.994697571 0.092810802 0.044305123 126.839744568
0.027918918 0.061103292 -0.997740924 -5.888458252 -0.094318077 0.993838012 0.058225047 -14.499074936 0.995150506 0.092479415 0.033510029 126.877983093
0.018249266 0.062668517 -0.997867525 -6.559169769 -0.097664528 0.993372738 0.060600113 -14.523305893 0.995052099 0.096350364 0.024248812 126.899322510
0.010028500 0.062409911 -0.998000205 -7.236079216 -0.100564517 0.993053317 0.061090022 -14.550322533 0.994880021 0.099750765 0.016235054 126.910362244
0.003327473 0.061661612 -0.998091578 -7.931677341 -0.102580227 0.992852867 0.060995989 -14.573758125 0.994719148 0.102181517 0.009628956 126.931358337
-0.001776136 0.062491003 -0.998044014 -8.630468369 -0.103340954 0.992690504 0.062339719 -14.592497826 0.994644403 0.103249542 0.004694728 126.947441101
-0.005481335 0.065019824 -0.997868896 -9.353451729 -0.105765887 0.992249072 0.065234616 -14.613718033 0.994375944 0.105898067 0.001438032 126.970268250
-0.006219240 0.069085099 -0.997591317 -10.089134216 -0.107846648 0.991745532 0.069352619 -14.641887665 0.994148076 0.108018219 0.001282695 126.971054077
-0.006954046 0.072323032 -0.997357011 -10.820622444 -0.110468186 0.991220951 0.072648332 -14.660288811 0.993855357 0.110681422 0.001096401 126.979370117
-0.007545793 0.077918507 -0.996931195 -11.561871529 -0.115220785 0.990251601 0.078268558 -14.669436455 0.993311226 0.115457781 0.001505597 126.986923218
-0.008859983 0.081798367 -0.996609509 -12.306497574 -0.118240945 0.989570856 0.082271829 -14.685211182 0.992945433 0.118568979 0.000904334 126.996894836
-0.010218207 0.081928603 -0.996585786 -13.068454742 -0.117990486 0.989576519 0.082562149 -14.701727867 0.992962122 0.118431285 -0.000444902 127.011779785
-0.011800538 0.078919359 -0.996811211 -13.812164307 -0.115475036 0.990103245 0.079755314 -14.722008705 0.993240356 0.116047956 -0.002570536 127.033287048
-0.013177203 0.075260460 -0.997076869 -14.572117805 -0.119233631 0.989930332 0.076296814 -14.728700638 0.992778778 0.119890474 -0.004070934 127.043098450
-0.014547721 0.077016108 -0.996923685 -15.342738152 -0.124345809 0.989150167 0.078230128 -14.741369247 0.992132425 0.125101328 -0.004813251 127.047103882
-0.016544320 0.080697827 -0.996601284 -16.110206604 -0.121245444 0.989220440 0.082112931 -14.758391380 0.992484689 0.122191876 -0.006581734 127.065116882
-0.018448442 0.080793239 -0.996560216 -16.880506516 -0.120296493 0.989309788 0.082432367 -14.779147148 0.992566586 0.121403456 -0.008532081 127.080055237
-0.019482544 0.079676963 -0.996630311 -17.679185867 -0.123246185 0.989025593 0.081478275 -14.787640572 0.992184818 0.124418281 -0.009448854 127.077156067
-0.020035626 0.079403259 -0.996641219 -18.466323853 -0.127977639 0.988437355 0.081322402 -14.795598984 0.991574645 0.129177138 -0.009642123 127.075721741
-0.020575747 0.083822884 -0.996268272 -19.270347595 -0.129763767 0.987826467 0.085792586 -14.803802490 0.991331398 0.131044805 -0.009448096 127.074722290
-0.021082856 0.087865129 -0.995909274 -20.086269379 -0.128744468 0.987598300 0.089857340 -14.810850143 0.991453648 0.130112231 -0.009509250 127.087287903
-0.021177590 0.090724364 -0.995650768 -20.910978317 -0.130092293 0.987157285 0.092717506 -14.828577995 0.991275668 0.131490067 -0.009103073 127.112449646
-0.018987956 0.089316942 -0.995822251 -21.729499817 -0.129525363 0.987388790 0.091030277 -14.834818840 0.991394162 0.130712718 -0.007179683 127.119483948
-0.017690901 0.089402840 -0.995838344 -22.560539246 -0.129568025 0.987390995 0.090946220 -14.840948105 0.991412640 0.130637720 -0.005884082 127.128150940
-0.017950064 0.088437669 -0.995919943 -23.393951416 -0.127872005 0.987697601 0.090012237 -14.847617149 0.991628170 0.128966048 -0.006420530 127.153106689
-0.017398572 0.090318240 -0.995760977 -24.232379913 -0.128709599 0.987423122 0.091810882 -14.855906487 0.991529644 0.129761368 -0.005554929 127.173278809
-0.016923873 0.092419460 -0.995576322 -25.070943832 -0.130387649 0.987012148 0.093840919 -14.859617233 0.991318643 0.131399006 -0.004653709 127.191131592
-0.016617125 0.094931260 -0.995345116 -25.933343887 -0.133242160 0.986393690 0.096301965 -14.864202499 0.990944207 0.134222195 -0.003742177 127.202438354
-0.015007379 0.096084498 -0.995260000 -26.795753479 -0.135428146 0.986004651 0.097233042 -14.863439560 0.990673602 0.136245444 -0.001784798 127.213867188
-0.013303457 0.099382207 -0.994960427 -27.664709091 -0.142416567 0.984715700 0.100263119 -14.867485046 0.989717364 0.143032685 0.001053552 127.228263855
-0.011012448 0.103216529 -0.994597971 -28.545682907 -0.147173762 0.983658552 0.103710808 -14.865180016 0.989049375 0.147520825 0.004358279 127.242752075
-0.008972874 0.105086803 -0.994422555 -29.420473099 -0.149758413 0.983105540 0.105242170 -14.861865997 0.988681972 0.149867505 0.006916353 127.272880554
-0.005238034 0.105836183 -0.994369805 -30.315956116 -0.148484036 0.983277857 0.105437793 -14.864355087 0.988901079 0.148200333 0.010564541 127.295463562
-0.002786543 0.106007308 -0.994361460 -31.206775665 -0.151202485 0.982888103 0.105207868 -14.862384796 0.988498867 0.150643080 0.013289707 127.325942993
-0.000321683 0.109625034 -0.993972957 -32.108406067 -0.151643932 0.982472539 0.108405724 -14.855794907 0.988435209 0.150764838 0.016307924 127.355682373
0.002136933 0.111937083 -0.993712962 -33.023120880 -0.151093155 0.982343018 0.110331394 -14.851258278 0.988517165 0.149907470 0.019012129 127.391792297
0.004031291 0.113269642 -0.993556082 -33.917091370 -0.151780009 0.982122064 0.111350290 -14.849458694 0.988406062 0.150353059 0.021151287 127.430511475
0.006122702 0.111690313 -0.993724227 -34.817977905 -0.153264314 0.982106268 0.109440200 -14.846714973 0.988166213 0.151632369 0.023131283 127.464393616
0.006401227 0.112661496 -0.993612826 -35.730678558 -0.157398120 0.981360793 0.110258274 -14.835563660 0.987514496 0.155686975 0.024014622 127.504402161
0.007641493 0.113261446 -0.993535936 -36.626735687 -0.158009320 0.981219411 0.110642105 -14.831594467 0.987408042 0.156142488 0.025394348 127.539169312
0.007828807 0.110076360 -0.993892312 -37.520713806 -0.158680633 0.981465757 0.107450165 -14.833560944 0.987298906 0.156870276 0.025150696 127.575302124
0.008680700 0.105747372 -0.994355142 -38.430763245 -0.159863934 0.981749594 0.103011221 -14.833766937 0.987100840 0.158067331 0.025427468 127.616699219
0.009105630 0.105083436 -0.994421780 -39.327674866 -0.159541368 0.981876791 0.102296896 -14.830713272 0.987149179 0.157719910 0.025705762 127.658058167
0.009100278 0.109016962 -0.993998349 -40.232883453 -0.161939904 0.981078267 0.106117375 -14.825805664 0.986758649 0.160002291 0.026582282 127.694816589
0.009308363 0.115584292 -0.993254066 -41.166702271 -0.162787020 0.980221748 0.112542160 -14.818859100 0.986617446 0.160641298 0.027939877 127.731216431
0.009360415 0.114104591 -0.993424714 -42.061592102 -0.160533056 0.980753720 0.111136608 -14.819456100 0.986986160 0.158437207 0.027497824 127.776489258
0.010342797 0.103752196 -0.994549453 -42.952068329 -0.159725651 0.982003391 0.100782320 -14.828121185 0.987107277 0.157812685 0.026728550 127.818176270
0.010445281 0.093386680 -0.995575130 -43.873432159 -0.161518276 0.982712686 0.090485558 -14.833245277 0.986814559 0.159858391 0.025348363 127.858200073
0.009304467 0.090422235 -0.995860040 -44.773181915 -0.158166736 0.983499169 0.087822109 -14.843214989 0.987368464 0.156694770 0.023452727 127.904434204
0.009148195 0.100255243 -0.994919658 -45.694522858 -0.151025876 0.983686507 0.097734623 -14.844870567 0.988487422 0.149364516 0.024140092 127.952835083
0.009298068 0.113596484 -0.993483603 -46.627803802 -0.145902082 0.983047903 0.111037776 -14.844757080 0.989255369 0.143918857 0.025714414 128.005584717
0.009351823 0.122517951 -0.992422163 -47.548999786 -0.146163628 0.981973469 0.119850680 -14.836912155 0.989216208 0.143935233 0.027090911 128.051071167
0.009342273 0.116672657 -0.993126512 -48.466491699 -0.146276876 0.982645392 0.114065327 -14.833957672 0.989199519 0.144205809 0.026246652 128.088760376
0.009499679 0.103389852 -0.994595528 -49.376682281 -0.146202520 0.984095335 0.100901917 -14.834777832 0.989209175 0.144453824 0.024464445 128.125259399
0.010056141 0.094478965 -0.995476127 -50.291172028 -0.146765769 0.984884441 0.091991134 -14.835690498 0.989120126 0.145176753 0.023770420 128.167572021
0.010610675 0.094543532 -0.995464206 -51.214923859 -0.146089390 0.984985054 0.091991127 -14.846405029 0.989214480 0.144450635 0.024263164 128.210845947
0.009694302 0.096357696 -0.995299518 -52.150802612 -0.149090260 0.984360158 0.093846478 -14.867097855 0.988776088 0.147479698 0.023908678 128.256576538
0.010414550 0.095930770 -0.995333552 -53.079692841 -0.153545707 0.983735919 0.093206391 -14.870130539 0.988086700 0.151858464 0.024974924 128.287338257
0.010776784 0.095479339 -0.995373070 -54.020988464 -0.155335486 0.983506560 0.092659265 -14.875791550 0.987802982 0.153618217 0.025430366 128.326782227
0.011255994 0.102975495 -0.994620204 -54.971672058 -0.163739398 0.981446803 0.099758588 -14.877824783 0.986439466 0.161735639 0.027908299 128.364852905
0.013705879 0.111765407 -0.993640065 -55.935493469 -0.170201033 0.979492247 0.107826352 -14.864619255 0.985314012 0.167640716 0.032447394 128.398162842
0.014513072 0.120152369 -0.992649376 -56.882957458 -0.170490071 0.978513658 0.115948692 -14.859741211 0.985252440 0.167554095 0.034686018 128.445709229
0.015409591 0.120956957 -0.992538214 -57.823951721 -0.172065288 0.978168368 0.116534367 -14.855529785 0.984965026 0.168985650 0.035885669 128.491073608
0.017353656 0.111101948 -0.993657470 -58.780525208 -0.173560277 0.979054511 0.106438041 -14.849510193 0.984670281 0.170612365 0.036273062 128.529785156
0.018276772 0.105997130 -0.994198442 -59.716972351 -0.171971083 0.979878724 0.101309009 -14.845550537 0.984932423 0.169121787 0.036137458 128.587554932
0.019964196 0.104534961 -0.994320869 -60.686347961 -0.170479700 0.980310559 0.099639103 -14.851151466 0.985158920 0.167522311 0.037392195 128.646072388
0.023604300 0.110395283 -0.993607402 -61.649597168 -0.171664745 0.979569852 0.104757540 -14.847435951 0.984872580 0.168094635 0.042073037 128.700485229
0.027647259 0.112647884 -0.993250251 -62.611007690 -0.174787939 0.978867233 0.106151424 -14.848245621 0.984217823 0.170673341 0.046752494 128.749725342
0.031196754 0.107688613 -0.993695021 -63.559078217 -0.173879012 0.979604602 0.100702725 -14.853420258 0.984272718 0.169641137 0.049285270 128.816894531
0.033942387 0.101596199 -0.994246423 -64.524276733 -0.173814684 0.980259418 0.094233111 -14.860826492 0.984193265 0.169616148 0.050931260 128.887268066
0.037549194 0.101363800 -0.994140506 -65.474281311 -0.171185762 0.980788589 0.093536638 -14.865662575 0.984522998 0.166670457 0.054179862 128.955841064
0.039979622 0.106064655 -0.993555188 -66.427299500 -0.168685973 0.980794430 0.097914658 -14.879413605 0.984858692 0.163684264 0.057103410 129.037689209
0.043288965 0.112690002 -0.992686689 -67.412033081 -0.168097973 0.980274141 0.103950515 -14.882761002 0.984819353 0.162368760 0.061378021 129.116241455
0.046629012 0.116397150 -0.992107570 -68.365501404 -0.166021481 0.980277359 0.107206196 -14.882833481 0.985019147 0.159712255 0.065033793 129.192291260
0.048090030 0.117658548 -0.991889000 -69.329818726 -0.165363580 0.980272353 0.108263217 -14.883384705 0.985059500 0.158815935 0.066597775 129.281692505
0.050478529 0.115126260 -0.992067516 -70.287796021 -0.163705692 0.980852306 0.105495095 -14.881968498 0.985216916 0.157081857 0.068358809 129.356964111
0.050631348 0.113708407 -0.992223203 -71.243652344 -0.161571398 0.981342673 0.104216807 -14.889077187 0.985561252 0.155038252 0.068058737 129.444091797
0.051006857 0.109954081 -0.992627025 -72.184722900 -0.158559829 0.982205749 0.100651972 -14.898078918 0.986030877 0.152256817 0.067533523 129.533798218
0.050694138 0.110525414 -0.992579639 -73.153572083 -0.157459110 0.982311904 0.101340190 -14.901804924 0.986223459 0.151153341 0.067200705 129.613922119
0.049734313 0.114587329 -0.992167413 -74.101654053 -0.154030025 0.982392192 0.105737314 -14.901460648 0.986813664 0.147564769 0.066508487 129.711425781
0.049529396 0.116225578 -0.991987109 -75.078086853 -0.148280203 0.983055115 0.107775502 -14.903698921 0.987704277 0.141754016 0.065924086 129.798782349
0.048393320 0.112403311 -0.992483497 -76.027282715 -0.145137638 0.983892918 0.104353502 -14.902640343 0.988227248 0.138996705 0.063927799 129.884262085
0.047129732 0.108603671 -0.992967308 -76.977897644 -0.146922216 0.984013855 0.100650966 -14.904251099 0.988024712 0.141145289 0.062332608 129.962707520
0.046414960 0.104862571 -0.993402958 -77.958312988 -0.143344238 0.984881639 0.097265564 -14.903297424 0.988583982 0.137883991 0.060744688 130.028854370
0.044985097 0.106062733 -0.993341327 -78.912040710 -0.144082785 0.984640241 0.098608665 -14.909520149 0.988542557 0.138687462 0.059575949 130.099990845
0.044077821 0.107259423 -0.993253469 -79.861778259 -0.144537836 0.984444022 0.099893920 -14.910457611 0.988516986 0.139159605 0.058895189 130.175537109
0.043147881 0.107873239 -0.993227899 -80.829040527 -0.147059053 0.984010637 0.100483596 -14.917006493 0.988186181 0.141727522 0.058321707 130.239913940
0.041820835 0.108414523 -0.993225634 -81.789192200 -0.147260994 0.983907223 0.101196788 -14.914651871 0.988213122 0.142031252 0.057113055 130.307739258
0.039817642 0.109009385 -0.993242919 -82.742897034 -0.147418141 0.983794153 0.102062620 -14.917323112 0.988272309 0.142358139 0.055242334 130.375335693
0.037658345 0.112083800 -0.992984951 -83.688354492 -0.147339314 0.983452022 0.105420001 -14.920127869 0.988368809 0.142335832 0.053549524 130.448684692
0.036106307 0.115817383 -0.992614031 -84.656051636 -0.148427129 0.982866764 0.109281048 -14.911518097 0.988264024 0.143385097 0.052678131 130.498519897
0.033851966 0.120389074 -0.992149413 -85.606681824 -0.149482325 0.982161641 0.114076838 -14.899422646 0.988184810 0.144447103 0.051244147 130.562530518
0.032062251 0.120954037 -0.992140174 -86.552886963 -0.149808869 0.982018411 0.114878818 -14.901768684 0.988195002 0.144948140 0.049605705 130.624359131
0.030757159 0.114582293 -0.992937505 -87.494033813 -0.149527818 0.982755899 0.108775616 -14.890714645 0.988278985 0.145126119 0.047360025 130.685424805
0.028461389 0.110200517 -0.993501842 -88.432624817 -0.154326305 0.982472003 0.104556039 -14.885744095 0.987609923 0.150347650 0.044969365 130.745925903
0.028169664 0.107569553 -0.993798375 -89.399154663 -0.152604088 0.983001769 0.102075301 -14.877480507 0.987885833 0.148782283 0.044106387 130.793090820
0.027102862 0.108765572 -0.993697882 -90.349632263 -0.148563713 0.983461857 0.103593156 -14.884357452 0.988531291 0.144819766 0.042813260 130.854003906
0.026610637 0.109863542 -0.993590355 -91.301002502 -0.145127252 0.983836591 0.104898207 -14.881917953 0.989055097 0.141405642 0.042124718 130.915206909
0.025251640 0.109994121 -0.993611395 -92.246368408 -0.140188545 0.984496474 0.105422333 -14.886954308 0.989802778 0.136630863 0.040280074 130.981719971
0.024314249 0.107161999 -0.993944168 -93.192764282 -0.136142716 0.985330462 0.102902927 -14.890278816 0.990390778 0.132816270 0.038546901 131.040939331
0.023645878 0.103850268 -0.994311810 -94.160102844 -0.130945265 0.986342967 0.099903919 -14.895075798 0.991107583 0.127838090 0.036921646 131.092498779
0.022610072 0.106261685 -0.994081080 -95.119178772 -0.128924802 0.986342609 0.102502123 -14.899141312 0.991396606 0.125844121 0.036001045 131.148498535
0.021102767 0.108834952 -0.993835747 -96.066123962 -0.128550693 0.986101031 0.105258331 -14.901896477 0.991478384 0.125537023 0.034800265 131.208831787
0.020246062 0.106379241 -0.994119465 -97.023223877 -0.124280594 0.986879051 0.103073373 -14.894962311 0.992040515 0.121462956 0.033201296 131.252975464
0.016777232 0.103312083 -0.994507492 -97.983238220 -0.121975496 0.987429917 0.100519121 -14.895933151 0.992391288 0.119619131 0.029167883 131.316955566
0.013720421 0.100911871 -0.994800746 -98.933074951 -0.120761491 0.987779200 0.098534048 -14.900362968 0.992586792 0.118781708 0.025739014 131.369781494
0.011700166 0.099518262 -0.994966984 -99.895195007 -0.114445455 0.988629520 0.097538590 -14.907820702 0.993360639 0.112728231 0.022956545 131.411682129
0.008636531 0.100076370 -0.994942307 -100.841293335 -0.108812258 0.989165068 0.098550737 -14.911120415 0.994024813 0.107410803 0.019432493 131.471878052
0.005712558 0.107992396 -0.994135261 -101.832946777 -0.098862574 0.989342034 0.106903620 -14.913841248 0.995084643 0.097672082 0.016328081 131.532058716
0.003086626 0.116456382 -0.993191004 -102.792053223 -0.090896770 0.989116848 0.115696184 -14.913570404 0.995855570 0.089920744 0.013638545 131.585479736
-0.000888219 0.115472183 -0.993310332 -103.746520996 -0.086692654 0.989562094 0.115113981 -14.905573845 0.996234715 0.086214945 0.009131642 131.638748169
-0.002443223 0.105627984 -0.994402707 -104.703262329 -0.088085704 0.990517497 0.105431736 -14.909461021 0.996109903 0.087850250 0.006884262 131.658279419
-0.004486932 0.096229166 -0.995349109 -105.651206970 -0.089882404 0.991291285 0.096242033 -14.909687996 0.995942295 0.089896210 0.004201450 131.692886353
-0.005461341 0.098017722 -0.995169699 -106.598770142 -0.097504623 0.990390182 0.098082058 -14.918765068 0.995220065 0.097569317 0.004148322 131.721954346
-0.005735887 0.107036643 -0.994238555 -107.576026917 -0.100497931 0.989159286 0.107069626 -14.902798653 0.994920731 0.100533046 0.005083256 131.743530273
-0.007178812 0.118247278 -0.992958248 -108.539482117 -0.104404680 0.987468064 0.118348300 -14.891670227 0.994508982 0.104519092 0.005256721 131.770065308
-0.008724999 0.120185770 -0.992713153 -109.480216980 -0.111566201 0.986435592 0.120406322 -14.885169029 0.993718743 0.111803763 0.004802018 131.800399780
-0.008887614 0.117190257 -0.993069828 -110.468292236 -0.118858151 0.985944688 0.117413193 -14.868825912 0.992871463 0.119077951 0.005166321 131.818603516
-0.009048230 0.113382906 -0.993510127 -111.423278809 -0.126992747 0.985375881 0.113611139 -14.858943939 0.991862357 0.127196535 0.005482898 131.839691162
-0.007048311 0.115260012 -0.993310273 -112.388397217 -0.131603256 0.984588146 0.115181729 -14.841146469 0.991277397 0.131534725 0.008228908 131.862594604
-0.005836281 0.116614930 -0.993160069 -113.370697021 -0.139640838 0.983350694 0.116283707 -14.827121735 0.990185022 0.139364377 0.010545094 131.885147095
-0.005193926 0.119296528 -0.992845178 -114.335174561 -0.148851082 0.981705189 0.118736684 -14.811550140 0.988846004 0.148402765 0.012658513 131.902114868
-0.005076778 0.121789113 -0.992543042 -115.309837341 -0.154529363 0.980537534 0.121106416 -14.793684959 0.987975180 0.153991848 0.013842024 131.926300049
-0.004652661 0.120804504 -0.992665350 -116.288505554 -0.157782122 0.980152845 0.120021313 -14.784101486 0.987462997 0.157183290 0.014500474 131.961471558
-0.003270649 0.111474663 -0.993761957 -117.243255615 -0.156737730 0.981427193 0.110606894 -14.788878441 0.987634838 0.156121731 0.014262382 131.992401123
-0.001609992 0.099759705 -0.995010257 -118.197982788 -0.159720391 0.982212186 0.098735027 -14.780911446 0.987160981 0.159082383 0.014352306 132.024032593
