1.000000000 0.000000000 0.000000000 0.000000000 0.000000000 1.000000000 0.000000000 0.000000000 0.000000000 0.000000000 1.000000000 0.000000000
0.999997675 -0.001643003 -0.001413739 0.050837919 0.001639981 0.999996364 -0.002136015 -0.132845297 0.001417243 0.002133691 0.999996722 1.297029734
0.999997675 0.000169382 -0.002145702 0.104818292 -0.000182725 0.999980628 -0.006219815 -0.269236088 0.002144607 0.006220193 0.999978304 2.599809170
0.999995828 0.002579502 -0.001292134 0.148816347 -0.002589557 0.999965906 -0.007841270 -0.405551076 0.001271863 0.007844584 0.999968410 3.909517050
0.999982655 0.005881792 0.000264272 0.193686783 -0.005879940 0.999961376 -0.006534549 -0.544726789 -0.000302697 0.006532883 0.999978662 5.225429058
0.999973714 0.006834155 0.002420027 0.243112922 -0.006826916 0.999972224 -0.002987136 -0.693135202 -0.002440374 0.002970536 0.999992609 6.543566704
0.999958277 0.007107447 0.005741425 0.298962921 -0.007098553 0.999973536 -0.001567873 -0.830440223 -0.005752417 0.001527051 0.999982297 7.847347260
0.999942899 0.005439674 0.009201419 0.357654333 -0.005426551 0.999984205 -0.001450538 -0.964355290 -0.009209163 0.001400523 0.999956608 9.155040741
0.999914289 0.003920115 0.012492018 0.436405718 -0.003903643 0.999991477 -0.001342653 -1.100958228 -0.012497175 0.001293774 0.999921083 10.455376625
0.999873757 0.002661809 0.015659302 0.505267441 -0.002628294 0.999994159 -0.002160436 -1.238346100 -0.015664957 0.002119007 0.999875009 11.769203186
0.999816597 0.001416227 0.019094989 0.579846025 -0.001359318 0.999994636 -0.002992984 -1.372976780 -0.019099120 0.002966480 0.999813139 13.061927795
0.999753475 0.001417120 0.022153074 0.656380415 -0.001356098 0.999995232 -0.002769312 -1.525606275 -0.022156892 0.002738588 0.999750733 14.387427330
0.999678910 0.001310742 0.025304595 0.745134830 -0.001212394 0.999991715 -0.003901488 -1.663528562 -0.025309497 0.003869557 0.999672174 15.682990074
0.999587595 0.002169897 0.028633861 0.825876713 -0.002066474 0.999991238 -0.003640984 -1.802714109 -0.028641507 0.003580312 0.999583364 16.988502502
0.999490023 0.001828625 0.031880625 0.915860772 -0.001729170 0.999993503 -0.003146914 -1.941610336 -0.031886168 0.003090182 0.999486744 18.273517609
0.999427497 -0.000309101 0.033831626 1.012530327 0.000415508 0.999994993 -0.003138225 -2.083660364 -0.033830479 0.003150486 0.999422610 19.571763992
0.999368727 -0.002611353 0.035430066 1.105594397 0.002766456 0.999986827 -0.004329393 -2.224152803 -0.035418294 0.004424675 0.999362707 20.852582932
0.999314189 -0.002000290 0.036975663 1.196817160 0.002224125 0.999979436 -0.006013434 -2.368182182 -0.036962878 0.006091548 0.999298036 22.170591354
0.999268174 -0.001802246 0.038207531 1.277666926 0.002134721 0.999960184 -0.008662798 -2.511584759 -0.038190402 0.008738020 0.999232292 23.458772659
0.999234676 -0.001529244 0.039085798 1.389551997 0.001908697 0.999951422 -0.009672754 -2.660662651 -0.039069112 0.009739953 0.999189019 24.746759415
0.999203742 -0.000806480 0.039889574 1.492316961 0.001223561 0.999944866 -0.010432597 -2.805492640 -0.039878961 0.010473097 0.999149561 26.016681671
0.999170423 -0.002320139 0.040661056 1.582161784 0.002697982 0.999953687 -0.009240099 -2.957686424 -0.040637728 0.009342137 0.999130249 27.320495605
0.999170661 -0.005399497 0.040361699 1.689010382 0.005730946 0.999950826 -0.008100781 -3.101049185 -0.040315978 0.008325372 0.999152243 28.597333908
0.999179125 -0.006722793 0.039951719 1.778281927 0.007065458 0.999939322 -0.008441950 -3.248717070 -0.039892551 0.008717296 0.999165952 29.878217697
0.999196231 -0.008401999 0.039194487 1.880659819 0.008845987 0.999898434 -0.011168151 -3.390211821 -0.039096680 0.011505889 0.999169171 31.141992569
0.999230742 -0.008558428 0.038271572 1.994811296 0.008994229 0.999896467 -0.011229438 -3.533495903 -0.038171511 0.011565024 0.999204218 32.432037354
0.999252796 -0.009206397 0.037539061 2.100791454 0.009655903 0.999883592 -0.011810704 -3.676082373 -0.037425958 0.012164352 0.999225378 33.708553314
0.999263346 -0.009742312 0.037118666 2.191899061 0.010183938 0.999879360 -0.011727271 -3.824176788 -0.036999933 0.012096644 0.999242187 34.978549957
0.999275267 -0.009989839 0.036732320 2.283893347 0.010450095 0.999869049 -0.012359467 -3.967855215 -0.036604036 0.012734367 0.999248743 36.237293243
0.999309063 -0.010784501 0.035567727 2.388557196 0.011216546 0.999865472 -0.011970043 -4.131116867 -0.035433855 0.012360721 0.999295533 37.520057678
0.999310970 -0.010306131 0.035656508 2.476200581 0.010674439 0.999891460 -0.010154391 -4.275977135 -0.035547983 0.010528006 0.999312520 38.781440735
0.999271929 -0.010071966 0.036799286 2.572634459 0.010407824 0.999905825 -0.008946665 -4.415933609 -0.036705706 0.009323154 0.999282598 40.039546967
0.999194980 -0.011823133 0.038336776 2.684494495 0.012109193 0.999900520 -0.007238164 -4.556173801 -0.038247377 0.007696565 0.999238610 41.286300659
0.999084890 -0.013038822 0.040735215 2.781110048 0.013393810 0.999874592 -0.008453706 -4.695775509 -0.040619876 0.008991568 0.999134362 42.546241760
0.998949945 -0.014403076 0.043492626 2.872274160 0.014926984 0.999819636 -0.011745212 -4.843960762 -0.043315616 0.012382092 0.998984694 43.796066284
0.998856902 -0.015831871 0.045100927 2.985249996 0.016435312 0.999779880 -0.013040603 -4.979937077 -0.044884540 0.013766945 0.998897314 45.051410675
0.998748481 -0.016001038 0.047383685 3.115748405 0.016584082 0.999791265 -0.011937274 -5.110960484 -0.047182780 0.012708150 0.998805404 46.288856506
0.998525679 -0.016967217 0.051560383 3.211735249 0.017411364 0.999814868 -0.008177184 -5.271071911 -0.051412102 0.009062865 0.998636425 47.534183502
0.998248816 -0.019797992 0.055742625 3.316630840 0.020180477 0.999776483 -0.006307078 -5.406270504 -0.055605300 0.007420946 0.998425305 48.742919922
0.998023868 -0.022054037 0.058838695 3.468277693 0.022489520 0.999724209 -0.006749253 -5.544000149 -0.058673628 0.008059168 0.998244703 50.013576508
0.997741461 -0.025481829 0.062148500 3.609317303 0.026174517 0.999603629 -0.010356968 -5.678542137 -0.061859962 0.011960283 0.998013139 51.243221283
0.997461081 -0.026482733 0.066105627 3.739743471 0.027251193 0.999570787 -0.010750100 -5.807677269 -0.065792598 0.012524266 0.997754633 52.467872620
0.997129619 -0.029134335 0.069883287 3.876210928 0.029756159 0.999526143 -0.007873362 -5.951504230 -0.069620796 0.009930220 0.997523963 53.674610138
0.996833205 -0.031688381 0.072933458 4.021673679 0.032137565 0.999471009 -0.004993321 -6.080700874 -0.072736666 0.007321413 0.997324288 54.901855469
0.996578217 -0.034294792 0.075204507 4.168190002 0.034636337 0.999394774 -0.003241595 -6.207331657 -0.075047813 0.005835312 0.997162819 56.117168427
0.996378303 -0.037160099 0.076481432 4.324329853 0.037292492 0.999304295 -0.000303122 -6.331171513 -0.076416962 0.003154208 0.997070968 57.332931519
0.996210814 -0.040183272 0.077131510 4.473467350 0.040192176 0.999190986 0.001437528 -6.459701061 -0.077126876 0.001668003 0.997019887 58.537647247
0.996185064 -0.042084388 0.076447338 4.628541946 0.042353671 0.999100864 -0.001903777 -6.583263874 -0.076298453 0.005134339 0.997071803 59.751113892
0.996213198 -0.043376081 0.075351797 4.780397415 0.043970563 0.999013245 -0.006247637 -6.710452080 -0.075006455 0.009537239 0.997137427 60.940544128
0.996219933 -0.044657260 0.074510403 4.913608551 0.045545727 0.998909473 -0.010267041 -6.838731766 -0.073970668 0.013621859 0.997167528 62.147018433
0.996275961 -0.045995019 0.072929457 5.057053089 0.047041450 0.998812199 -0.012695475 -6.969435692 -0.072258905 0.016078902 0.997256279 63.336223602
0.996405184 -0.046637569 0.070722312 5.202116013 0.047643270 0.998784959 -0.012599995 -7.106129646 -0.070048757 0.015924145 0.997416377 64.523223877
0.996611536 -0.046273738 0.067999952 5.334602356 0.047218978 0.998808146 -0.012358963 -7.237699032 -0.067346998 0.015527976 0.997608721 65.698516846
0.996880352 -0.045166492 0.064726889 5.455833435 0.045918308 0.998893380 -0.010174372 -7.376090050 -0.064195693 0.013114784 0.997851133 66.900108337
0.997275591 -0.041414473 0.061043676 5.575544834 0.041895043 0.999100149 -0.006613215 -7.504613876 -0.060714856 0.009152628 0.998113155 68.073661804
0.997503400 -0.039465778 0.058562960 5.683376789 0.039779361 0.999199688 -0.004198047 -7.629094601 -0.058350414 0.006517163 0.998274922 69.238525391
0.997750401 -0.038683414 0.054749925 5.809713364 0.039143857 0.999206483 -0.007362220 -7.768736839 -0.054421678 0.009488781 0.998472929 70.452751160
0.997935057 -0.038874254 0.051129933 5.918807983 0.039631817 0.999117851 -0.013886742 -7.898387432 -0.050545003 0.015884437 0.998595476 71.610565186
0.997986436 -0.042291291 0.047270987 6.032306671 0.043150574 0.998918593 -0.017307056 -8.031355858 -0.046487924 0.019311976 0.998732150 72.787406921
0.998000026 -0.045460522 0.043924596 6.131634712 0.046059523 0.998857677 -0.012722066 -8.163226128 -0.043296069 0.014719767 0.998953819 73.954429626
0.998000443 -0.049758878 0.038973715 6.243525028 0.050100625 0.998713374 -0.007840954 -8.291981697 -0.038533408 0.009777881 0.999209583 75.132202148
0.998081744 -0.051389314 0.034527507 6.339471817 0.051604133 0.998653293 -0.005358797 -8.409158707 -0.034205619 0.007130281 0.999389410 76.304275513
0.998278260 -0.050538179 0.029771684 6.433590889 0.050646722 0.998712361 -0.002902472 -8.537268639 -0.029586665 0.004405312 0.999552488 77.463798523
0.998402178 -0.050256956 0.025831901 6.521977901 0.050340053 0.998728871 -0.002576164 -8.657217979 -0.025669595 0.003872427 0.999662995 78.620094299
0.998559892 -0.048684534 0.022535821 6.600123405 0.048793249 0.998799682 -0.004299517 -8.788151741 -0.022299452 0.005392921 0.999736667 79.784164429
0.998694122 -0.046915043 0.020224545 6.657836437 0.047115345 0.998843849 -0.009543164 -8.914150238 -0.019753447 0.010483589 0.999749839 80.939331055
0.998602152 -0.050290111 0.016267659 6.741479874 0.050526462 0.998618066 -0.014459422 -9.045469284 -0.015518015 0.015261157 0.999763012 82.083015442
0.998447478 -0.054248732 0.012640297 6.809910297 0.054444771 0.998393118 -0.015718749 -9.174029350 -0.011767263 0.016382545 0.999796510 83.249336243
0.998489499 -0.054351620 0.008038292 6.885734558 0.054447696 0.998441398 -0.012259463 -9.308757782 -0.007359441 0.012678610 0.999892473 84.409042358
0.998477280 -0.054777391 0.006520523 6.925951958 0.054842114 0.998442948 -0.010200397 -9.432805061 -0.005951619 0.010542466 0.999926686 85.533363342
0.998606086 -0.052426960 0.006103381 6.972032547 0.052495316 0.998553336 -0.011638208 -9.559071541 -0.005484397 0.011942387 0.999913633 86.657066345
0.998791635 -0.048742190 0.006263268 7.019469261 0.048828144 0.998703420 -0.014394018 -9.690260887 -0.005553552 0.014682450 0.999876738 87.770339966
0.998874426 -0.047212042 0.004561149 7.082008362 0.047284059 0.998732805 -0.017242061 -9.824137688 -0.003741336 0.017438324 0.999840856 88.883285522
0.998808384 -0.048688859 0.003334740 7.135265827 0.048740853 0.998651743 -0.017863059 -9.955226898 -0.002460512 0.018004311 0.999834776 89.995849609
0.998776674 -0.049400155 0.002219756 7.190127850 0.049429089 0.998653352 -0.015764048 -10.082923889 -0.001438020 0.015854485 0.999873281 91.098907471
0.998707592 -0.050802864 0.001490238 7.240226269 0.050817531 0.998630226 -0.012468552 -10.218126297 -0.000854758 0.012528170 0.999921143 92.264350891
0.998754621 -0.049884602 0.000736993 7.294211388 0.049889799 0.998686612 -0.011665002 -10.343647957 -0.000154122 0.011687244 0.999931693 93.373619080
0.998711467 -0.050743464 0.000677496 7.339333057 0.050747976 0.998619080 -0.013586510 -10.477275848 0.000012866 0.013603387 0.999907434 94.495437622
0.998714924 -0.050675962 0.000579105 7.396028042 0.050678361 0.998563111 -0.017418280 -10.609483719 0.000304416 0.017425245 0.999848127 95.611602783
0.998682320 -0.051317777 0.000426061 7.445958138 0.051316954 0.998513699 -0.018358329 -10.738607407 0.000516680 0.018355999 0.999831378 96.702728271
0.998655975 -0.051824424 0.000635174 7.493280888 0.051827677 0.998507798 -0.017208016 -10.864954948 0.000257569 0.017217807 0.999851704 97.794525146
0.998683155 -0.051290501 0.001134450 7.551506519 0.051300563 0.998608410 -0.012223849 -10.985537529 -0.000505904 0.012265950 0.999924600 98.888641357
0.998778522 -0.049360033 0.002214776 7.601383686 0.049377959 0.998740196 -0.008939469 -11.104484558 -0.001770733 0.009037913 0.999957561 99.955497742
0.998858631 -0.047599733 0.003987877 7.653155804 0.047633849 0.998824716 -0.008946693 -11.225432396 -0.003557331 0.009126442 0.999952018 101.031967163
0.998931229 -0.045822680 0.006055968 7.702184677 0.045886297 0.998888016 -0.010820729 -11.345337868 -0.005553398 0.011087052 0.999923110 102.071273804
0.998892307 -0.046258513 0.008617055 7.755712509 0.046367891 0.998840272 -0.012957318 -11.468548775 -0.008007675 0.013342520 0.999878943 103.086769104
0.998821437 -0.047334507 0.010729604 7.805380344 0.047482584 0.998774052 -0.013993053 -11.583828926 -0.010054096 0.014486033 0.999844551 104.115127563
0.998705983 -0.049335364 0.012338771 7.868384838 0.049496382 0.998688340 -0.013103193 -11.699007988 -0.011676135 0.013696963 0.999838054 105.097938538
0.998686731 -0.049158860 0.014422848 7.923021793 0.049330041 0.998713195 -0.011762780 -11.817223549 -0.013826043 0.012458814 0.999826849 106.071052551
0.998609126 -0.050492160 0.015178670 7.997666359 0.050650697 0.998663783 -0.010248028 -11.925469398 -0.014640945 0.011002583 0.999832273 107.021034241
0.998543262 -0.051162414 0.017141949 8.052970886 0.051349249 0.998623967 -0.010641973 -12.032819748 -0.016573895 0.011506695 0.999796450 107.940521240
0.998518407 -0.051079918 0.018764673 8.115414619 0.051253654 0.998645961 -0.008897150 -12.133190155 -0.018284801 0.009845723 0.999784350 108.848800659
0.998535514 -0.050008260 0.020642463 8.172236443 0.050158367 0.998717964 -0.006819071 -12.230450630 -0.020274989 0.007844476 0.999763727 109.720069885
0.998504460 -0.050107479 0.021866303 8.234483719 0.050199166 0.998732507 -0.003664221 -12.331767082 -0.021654977 0.004756411 0.999754131 110.583908081
0.998465657 -0.050255783 0.023257034 8.296640396 0.050347041 0.998726189 -0.003354646 -12.424453735 -0.023058815 0.004520421 0.999723911 111.409477234
0.998474836 -0.049454000 0.024541501 8.346763611 0.049531199 0.998769343 -0.002547464 -12.517259598 -0.024385313 0.003759149 0.999695539 112.223594666
0.998572230 -0.047213431 0.024988258 8.398994446 0.047288511 0.998878300 -0.002421879 -12.595563889 -0.024845883 0.003600079 0.999684811 113.002571106
0.998706043 -0.044546239 0.024531361 8.443908691 0.044544864 0.999007165 0.000602849 -12.673857689 -0.024533859 0.000490677 0.999698877 113.763198853
0.998778701 -0.044585343 0.021289272 8.491503716 0.044561654 0.999005377 0.001586085 -12.757737160 -0.021338813 -0.000635463 0.999772072 114.520545959
0.998888671 -0.044740751 0.014819421 8.528918266 0.044715751 0.998997688 0.002014514 -12.834372520 -0.014894696 -0.001349614 0.999888062 115.216987610
0.999062836 -0.043046787 0.004516918 8.555456161 0.043044139 0.999072969 0.000681595 -12.907812119 -0.004542075 -0.000486530 0.999989569 115.886863708
0.999146640 -0.040248062 -0.009271281 8.555667877 0.040227748 0.999187708 -0.002365957 -12.975096703 0.009358974 0.001990976 0.999954224 116.522003174
0.998852491 -0.038687102 -0.028230956 8.551815987 0.038570318 0.999244988 -0.004669799 -13.047263145 0.028390305 0.003575564 0.999590516 117.147789001
0.998037994 -0.036923945 -0.050566535 8.517375946 0.036615159 0.999304771 -0.007019676 -13.116590500 0.050790574 0.005154400 0.998696029 117.735595703
0.996290863 -0.035505254 -0.078382902 8.477617264 0.034929238 0.999351919 -0.008707987 -13.184926033 0.078641273 0.005937833 0.996885359 118.304748535
0.993344486 -0.033253361 -0.110276937 8.404467583 0.032241132 0.999420106 -0.010949956 -13.249771118 0.110577114 0.007321625 0.993840575 118.845840454
0.988860846 -0.028848961 -0.146020010 8.300775528 0.027359568 0.999551237 -0.012198377 -13.316262245 0.146306410 0.008067454 0.989206374 119.391792297
0.982606769 -0.022972874 -0.184271723 8.177179337 0.021185493 0.999707580 -0.011662887 -13.376010895 0.184485778 0.007556146 0.982806087 119.920013428
0.973963678 -0.017819209 -0.226002648 8.039276123 0.016065419 0.999824882 -0.009597015 -13.435538292 0.226134047 0.005716316 0.974079430 120.421272278
0.962612987 -0.012962778 -0.270570308 7.871068954 0.011226080 0.999905169 -0.007965331 -13.494849205 0.270647913 0.004630087 0.962667286 120.906280518
0.948170245 -0.007141700 -0.317682505 7.680458069 0.004645194 0.999952137 -0.008615285 -13.550127983 0.317728788 0.006693060 0.948158026 121.382629395
0.930864513 0.000814319 -0.365363777 7.445396423 -0.004485119 0.999947667 -0.009198404 -13.605404854 0.365337133 0.010201167 0.930819452 121.848068237
0.909666479 0.004962403 -0.415309846 7.193584442 -0.010188872 0.999894321 -0.010369603 -13.653452873 0.415214479 0.013664419 0.909620941 122.289154053
0.884520352 0.010037164 -0.466393560 6.920566559 -0.016044250 0.999831557 -0.008910913 -13.713303566 0.466225564 0.015364821 0.884532452 122.705909729
0.855460048 0.013072049 -0.517703950 6.636386871 -0.020331748 0.999758422 -0.008352471 -13.760445595 0.517469645 0.017671032 0.855519176 123.099372864
0.823732197 0.022761410 -0.566522121 6.304679871 -0.031297792 0.999495745 -0.005350302 -13.805222511 0.566114724 0.022138108 0.824029148 123.478073120
0.789843559 0.035922837 -0.612255394 5.956348419 -0.044395842 0.999013066 0.001341954 -13.850131989 0.611699402 0.026121661 0.790658891 123.829284668
0.753985643 0.044963248 -0.655350208 5.606620789 -0.055751901 0.998435140 0.004359127 -13.893082619 0.654520750 0.033250302 0.755312502 124.136154175
0.713927448 0.048831694 -0.698514938 5.243282318 -0.062931985 0.998002887 0.005447705 -13.939610481 0.697385967 0.040069662 0.715574801 124.433837891
0.671383977 0.050374400 -0.739395678 4.863262177 -0.065462239 0.997818530 0.008539699 -13.984375000 0.738212883 0.042669080 0.673216939 124.718147278
0.628038108 0.054114684 -0.776298761 4.444564819 -0.069126569 0.997515023 0.013610856 -14.017226219 0.775106192 0.045114741 0.630218148 124.984130859
0.582554340 0.062691972 -0.810370386 4.020118713 -0.079890989 0.996609569 0.019668257 -14.052923203 0.808855891 0.053283460 0.585587740 125.220115662
0.536954105 0.071636103 -0.840564489 3.580413818 -0.091544144 0.995452166 0.026357677 -14.076416016 0.838629901 0.062795892 0.541069865 125.423843384
0.490065426 0.076692089 -0.868305326 3.128124237 -0.097085752 0.994726658 0.033063591 -14.103216171 0.866262257 0.068096757 0.494926780 125.621429443
0.443086475 0.078520551 -0.893033564 2.665336609 -0.096691698 0.994531453 0.039470367 -14.129127502 0.891249180 0.068860143 0.448255777 125.795852661
0.395454675 0.079518676 -0.915036798 2.190814972 -0.093640275 0.994544744 0.045959238 -14.150411606 0.913699687 0.067509502 0.400743514 125.977874756
0.349774987 0.082180418 -0.933222294 1.703929901 -0.095367596 0.994093597 0.051796701 -14.170258522 0.931966960 0.070881978 0.355546355 126.119636536
0.305963814 0.085460544 -0.948199689 1.200714111 -0.101061605 0.993251085 0.056910574 -14.186582565 0.946663976 0.078414001 0.312535644 126.234367371
0.264678210 0.086869277 -0.960416079 0.672332764 -0.105782926 0.992539585 0.060622428 -14.202754974 0.958517313 0.085550204 0.271892846 126.339538574
0.224925742 0.083676785 -0.970776320 0.148080826 -0.105262220 0.992561638 0.061165676 -14.225276947 0.968673468 0.088428319 0.232060671 126.440071106
0.190051764 0.078581825 -0.978624105 -0.385524750 -0.100268483 0.993133008 0.060274418 -14.244839668 0.976640403 0.086669900 0.196625948 126.531906128
0.159440279 0.073565409 -0.984462738 -0.934499741 -0.097610362 0.993507922 0.058432668 -14.266263962 0.982370198 0.086777247 0.165585876 126.610260010
0.133341789 0.072240993 -0.988433838 -1.507017136 -0.099061511 0.993316770 0.059234262 -14.287062645 0.986106932 0.090017334 0.139606953 126.671905518
0.111380026 0.070769228 -0.991254866 -2.095320702 -0.099571794 0.993236482 0.059722546 -14.295567513 0.988777041 0.092049122 0.117673323 126.731414795
0.092446193 0.072555609 -0.993070662 -2.683763504 -0.101718783 0.992812037 0.063067563 -14.315038681 0.990508437 0.095183581 0.099161960 126.795822144
0.076696515 0.070725948 -0.994542837 -3.293266296 -0.102557674 0.992749631 0.062689438 -14.336707115 0.991765857 0.097189933 0.083393931 126.840019226
0.062351257 0.069662176 -0.995620131 -3.911711216 -0.100825109 0.992897451 0.063157439 -14.364929199 0.992948472 0.096445560 0.068932101 126.893180847
0.050250646 0.066923007 -0.996491909 -4.548565865 -0.096847288 0.993376851 0.061830029 -14.385239601 0.994029939 0.093400531 0.056399141 126.933616638
0.038475178 0.064444259 -0.997179329 -5.201221943 -0.094971664 0.993636668 0.060550921 -14.403496742 0.994736135 0.092374064 0.044350732 126.968666077
0.027238533 0.063756227 -0.997593701 -5.869720459 -0.094132908 0.993692935 0.060936715 -14.426893234 0.995186865 0.092246570 0.033068299 127.011352539
0.017777525 0.065372370 -0.997702479 -6.541915894 -0.097488537 0.993218958 0.063341498 -14.448827744 0.995077848 0.096138500 0.024030032 127.029518127
0.009405853 0.065232135 -0.997825742 -7.216406345 -0.100463845 0.992882609 0.063961983 -14.475222588 0.994896173 0.099643812 0.015892381 127.043640137
0.002581246 0.064233787 -0.997931540 -7.911995888 -0.102445453 0.992701292 0.063632146 -14.495370865 0.994735420 0.102069281 0.009142864 127.066452026
-0.002771799 0.065172136 -0.997870207 -8.609834671 -0.103205532 0.992526770 0.065109819 -14.513488770 0.994656205 0.103166200 0.003975040 127.083541870
-0.006209691 0.067672178 -0.997688234 -9.328099251 -0.105446629 0.992100835 0.067949466 -14.531974792 0.994405627 0.105624825 0.000975160 127.102142334
-0.007178579 0.071705349 -0.997400045 -10.065640450 -0.107792765 0.991558313 0.072061211 -14.557723045 0.994147539 0.108029790 0.000611338 127.106399536
-0.007980652 0.074964948 -0.997154236 -10.781809807 -0.110101223 0.991057217 0.075387754 -14.574738503 0.993888319 0.110389560 0.000344448 127.114639282
-0.008819070 0.080485180 -0.996716797 -11.520027161 -0.114743322 0.990090132 0.080965340 -14.581726074 0.993355930 0.115080625 0.000503461 127.124458313
-0.009990472 0.084107429 -0.996406674 -12.262794495 -0.117685787 0.989432275 0.084698707 -14.592797279 0.993000567 0.118109085 0.000013354 127.132682800
-0.011228397 0.084645160 -0.996347845 -13.013633728 -0.118011907 0.989334822 0.085379325 -14.611046791 0.992948651 0.118539587 -0.001119507 127.149284363
-0.012735955 0.081609651 -0.996583045 -13.758095741 -0.115563087 0.989865065 0.082536377 -14.629413605 0.993218482 0.116219379 -0.003175815 127.169448853
-0.014327057 0.078137584 -0.996839702 -14.521145821 -0.119127214 0.989707828 0.079290725 -14.633369446 0.992775679 0.119886734 -0.004871287 127.179306030
-0.015436507 0.079876512 -0.996685207 -15.283151627 -0.124689147 0.988869131 0.081181280 -14.645731926 0.992075801 0.125529006 -0.005304950 127.181625366
-0.016864799 0.082736775 -0.996428847 -16.075643539 -0.121061280 0.989069641 0.084174722 -14.658703804 0.992501736 0.122048542 -0.006664240 127.193038940
-0.019155368 0.082838424 -0.996378839 -16.849025726 -0.119827539 0.989188373 0.084544286 -14.674895287 0.992609918 0.121013090 -0.009021943 127.209732056
-0.019438159 0.082304224 -0.996417701 -17.643814087 -0.123745658 0.988745093 0.084084496 -14.684995651 0.992123544 0.124936804 -0.009034595 127.199661255
-0.021121234 0.081829727 -0.996422470 -18.434682846 -0.127583787 0.988275766 0.083865099 -14.697442055 0.991602838 0.128898665 -0.010433455 127.218818665
-0.022217434 0.086087018 -0.996039987 -19.231811523 -0.129412785 0.987655997 0.088249058 -14.702623367 0.991341770 0.130860940 -0.010802423 127.225311279
-0.023384731 0.091014080 -0.995575070 -20.034481049 -0.128707632 0.987285852 0.093279466 -14.716583252 0.991406739 0.130319417 -0.011373208 127.242584229
-0.022204015 0.093245782 -0.995395422 -20.865777969 -0.129345477 0.987005055 0.095345050 -14.723357201 0.991350949 0.130866930 -0.009854557 127.249160767
-0.020288100 0.092275120 -0.995526791 -21.683593750 -0.128696978 0.987206697 0.094126694 -14.731086731 0.991476357 0.130030930 -0.008153021 127.259040833
-0.019127393 0.092330970 -0.995544612 -22.516305923 -0.128665373 0.987220109 0.094030954 -14.735884666 0.991503656 0.129890665 -0.007003152 127.268280029
-0.019104695 0.090984046 -0.995669007 -23.344583511 -0.126999944 0.987563372 0.092680186 -14.737707138 0.991718709 0.128220573 -0.007312127 127.291198730
-0.018096406 0.092992872 -0.995502234 -24.182937622 -0.127912372 0.987268388 0.094548948 -14.743932724 0.991620362 0.129048035 -0.005971069 127.306846619
-0.017353870 0.095172308 -0.995309591 -25.021247864 -0.129797161 0.986821413 0.096623771 -14.745915413 0.991388679 0.130865186 -0.004772074 127.318603516
-0.017598638 0.097379774 -0.995091677 -25.892997742 -0.132610008 0.986226022 0.098857448 -14.744402885 0.991012037 0.133698896 -0.004442703 127.336181641
-0.015970230 0.098496385 -0.995009243 -26.756277084 -0.134853378 0.985831618 0.099752307 -14.741651535 0.990736842 0.135773420 -0.002461393 127.346733093
-0.014283633 0.101563349 -0.994726598 -27.625228882 -0.141490713 0.984612286 0.102562390 -14.741050720 0.989836514 0.142209545 0.000306432 127.361549377
-0.011709744 0.105295815 -0.994372129 -28.510520935 -0.146199241 0.983573318 0.105873980 -14.734290123 0.989185810 0.146616206 0.003876776 127.370796204
-0.009623794 0.107053503 -0.994206667 -29.385398865 -0.148696750 0.983045220 0.107291028 -14.728640556 0.988836050 0.148867860 0.006457882 127.400375366
-0.005680383 0.107898012 -0.994145751 -30.281871796 -0.147396445 0.983212352 0.107553594 -14.728056908 0.989061117 0.147144511 0.010318766 127.419921875
-0.002913808 0.107818902 -0.994166255 -31.174350739 -0.150086805 0.982862115 0.107032828 -14.721549988 0.988668501 0.149523109 0.013318324 127.446372986
-0.000310102 0.111471385 -0.993767619 -32.079765320 -0.150365576 0.982463896 0.110250369 -14.712295532 0.988630354 0.149462640 0.016456792 127.474716187
0.001871184 0.113711193 -0.993512094 -32.996868134 -0.149554461 0.982372165 0.112154499 -14.711481094 0.988751709 0.148374289 0.018844215 127.517440796
0.003529015 0.114893273 -0.993371546 -33.889785767 -0.150156811 0.982175708 0.113064930 -14.707364082 0.988655806 0.148762465 0.020718120 127.558822632
0.006203604 0.113033846 -0.993571758 -34.794498444 -0.151428625 0.982238770 0.110799059 -14.700107574 0.988448679 0.149767816 0.023209980 127.587310791
0.006424652 0.114349745 -0.993419766 -35.707447052 -0.155735657 0.981432974 0.111962788 -14.691947937 0.987777889 0.153991565 0.024113696 127.627952576
0.007520148 0.114758208 -0.993364930 -36.602481842 -0.156245232 0.981326580 0.112184644 -14.685653687 0.987689734 0.154364899 0.025310144 127.664520264
0.007711821 0.111383729 -0.993747592 -37.495487213 -0.156977609 0.981590569 0.108802915 -14.684009552 0.987572014 0.155157059 0.025054604 127.699356079
0.008658595 0.107168280 -0.994203329 -38.408683777 -0.158032104 0.981892526 0.104464978 -14.682035446 0.987396002 0.156211480 0.025437839 127.742614746
0.009227123 0.106481098 -0.994271994 -39.307060242 -0.157762468 0.982016504 0.103704542 -14.676478386 0.987433910 0.155901939 0.025859913 127.782638550
0.008883452 0.110528857 -0.993833244 -40.212406158 -0.160035178 0.981218815 0.107695468 -14.672578812 0.987071335 0.158091560 0.026405115 127.823982239
0.009441356 0.116753764 -0.993115962 -41.149227142 -0.160861999 0.980402350 0.113729835 -14.658761978 0.986931741 0.158680826 0.028037576 127.858375549
0.009592519 0.115523465 -0.993258417 -42.043704987 -0.158682898 0.980893254 0.112552799 -14.659786224 0.987283051 0.156533450 0.027740836 127.902488708
0.010396807 0.105130799 -0.994404018 -42.933662415 -0.158050194 0.982129872 0.102180667 -14.665163040 0.987376332 0.156103432 0.026826959 127.946166992
0.010725606 0.094550654 -0.995462239 -43.857944489 -0.159452707 0.982942700 0.091643490 -14.669525146 0.987147331 0.157746196 0.025619013 127.988311768
0.009391879 0.091511808 -0.995759666 -44.757522583 -0.156118095 0.983726621 0.088933460 -14.678062439 0.987693787 0.154620871 0.023525691 128.036422729
0.009405917 0.101491198 -0.994791925 -45.679100037 -0.148806304 0.983900964 0.098973073 -14.679481506 0.988821626 0.147100419 0.024357025 128.083816528
0.009612973 0.114678025 -0.993356228 -46.626468658 -0.143933743 0.983215868 0.112114489 -14.675386429 0.989540577 0.141899705 0.025957664 128.141113281
0.009794010 0.123664550 -0.992275834 -47.547039032 -0.144085899 0.982142210 0.120979473 -14.666755676 0.989516675 0.141788080 0.027437426 128.186386108
0.009467336 0.117858939 -0.992985308 -48.466438293 -0.143943027 0.982847989 0.115283370 -14.659827232 0.989540756 0.141841844 0.026269931 128.225982666
0.009688308 0.104471892 -0.994480669 -49.389957428 -0.144101441 0.984292269 0.101997733 -14.661859512 0.989515424 0.142317921 0.024590675 128.264770508
0.010211641 0.095561907 -0.995371103 -50.303928375 -0.144753203 0.985079229 0.093088776 -14.661888123 0.989415109 0.143132567 0.023892168 128.306991577
0.010727872 0.095575817 -0.995364368 -51.233619690 -0.143795073 0.985223055 0.093052231 -14.671653748 0.989549339 0.142130256 0.024312675 128.353912354
0.010491519 0.096969925 -0.995232105 -52.187839508 -0.147064105 0.984613359 0.094385013 -14.683038712 0.989071310 0.145372644 0.024590891 128.387054443
0.011017697 0.096505195 -0.995271385 -53.116310120 -0.151597157 0.983987987 0.093732923 -14.686279297 0.988380909 0.149847582 0.025471192 128.420578003
0.011395489 0.095872022 -0.995328307 -54.056941986 -0.153298661 0.983793318 0.093005829 -14.689783096 0.988114178 0.151522651 0.025907859 128.462295532
0.012459361 0.103449285 -0.994556606 -55.010154724 -0.161997005 0.981702805 0.100082867 -14.691558838 0.986712575 0.159868225 0.028989865 128.500076294
0.014034710 0.113007709 -0.993494987 -55.969928741 -0.168538883 0.979644060 0.109051317 -14.683544159 0.985595107 0.165912062 0.032795221 128.538375854
0.015450451 0.121172339 -0.992511213 -56.914409637 -0.168744028 0.978707969 0.116860293 -14.675470352 0.985538840 0.165674806 0.035568587 128.582733154
0.016213089 0.122034870 -0.992393434 -57.856552124 -0.170317531 0.978355527 0.117526099 -14.669184685 0.985255778 0.167116523 0.036646839 128.627868652
0.017689215 0.112493724 -0.993494928 -58.796802521 -0.172058865 0.979169607 0.107808165 -14.665891647 0.984927833 0.169032574 0.036676291 128.679611206
0.018332886 0.107486233 -0.994037449 -59.773780823 -0.170250595 0.980020702 0.102830686 -14.667931557 0.985230267 0.167350292 0.036266215 128.751312256
0.020480372 0.105848677 -0.994171202 -60.725234985 -0.168943420 0.980446875 0.100907125 -14.664033890 0.985413015 0.165892094 0.037962351 128.804992676
0.024038494 0.111819372 -0.993437707 -61.688755035 -0.170077309 0.979696095 0.106157228 -14.659615517 0.985137522 0.166409343 0.042568356 128.857742310
0.027456576 0.114243396 -0.993073285 -62.670864105 -0.173098192 0.978983283 0.107836634 -14.667953491 0.984521806 0.168938383 0.046654854 128.908309937
0.031166596 0.108976662 -0.993555605 -63.626922607 -0.172622100 0.979688346 0.102040701 -14.667167664 0.984494925 0.168329388 0.049345329 128.984100342
0.034533076 0.103365242 -0.994043827 -64.575881958 -0.172620624 0.980304718 0.095939785 -14.674823761 0.984382808 0.168279395 0.051695921 129.048797607
0.037777547 0.103333883 -0.993929029 -65.544212341 -0.169850394 0.980830014 0.095516317 -14.679287910 0.984745502 0.165210858 0.054604646 129.120513916
0.040275447 0.107593022 -0.993378937 -66.507904053 -0.167625487 0.980823100 0.099436909 -14.686557770 0.985027671 0.162510753 0.057538420 129.197509766
0.043496005 0.114347547 -0.992488146 -67.479614258 -0.167149588 0.980258584 0.105613172 -14.691066742 0.984971642 0.161300227 0.061750468 129.284133911
0.046685513 0.118163131 -0.991896152 -68.434173584 -0.164899737 0.980267048 0.109016433 -14.691284180 0.985204816 0.158473924 0.065249331 129.361679077
0.048703961 0.119914219 -0.991588950 -69.400108337 -0.164429024 0.980184674 0.110458814 -14.692620277 0.985185802 0.157666206 0.067456245 129.444213867
0.050676636 0.117450558 -0.991784930 -70.356712341 -0.162659720 0.980771840 0.107835039 -14.691016197 0.985380054 0.155858710 0.068806700 129.525421143
0.050593533 0.115217716 -0.992051005 -71.312721252 -0.160247728 0.981389701 0.105807014 -14.690696716 0.985779345 0.153620780 0.068115339 129.620727539
0.050877463 0.111510642 -0.992460072 -72.253898621 -0.157167450 0.982258499 0.102307364 -14.698506355 0.986260533 0.150777265 0.067500666 129.710876465
0.051008236 0.112007424 -0.992397428 -73.226593018 -0.156273991 0.982345283 0.102840565 -14.699992180 0.986395717 0.149840161 0.067611560 129.787063599
0.049483981 0.115853995 -0.992032826 -74.171295166 -0.152659237 0.982456267 0.107120752 -14.696944237 0.987039268 0.146142185 0.066302024 129.892776489
0.050180208 0.117682368 -0.991782606 -75.154632568 -0.147295669 0.983046710 0.109193221 -14.698690414 0.987818718 0.140605971 0.066663593 129.968551636
0.049400218 0.113826297 -0.992271781 -76.103652954 -0.144122690 0.983899474 0.105690733 -14.694389343 0.988326013 0.137787730 0.065009803 130.051559448
0.048068084 0.110483490 -0.992714942 -77.049995422 -0.145761147 0.984000325 0.102455735 -14.699007034 0.988151371 0.139774427 0.063403212 130.132110596
0.047096841 0.106752753 -0.993169546 -78.039405823 -0.142458603 0.984827161 0.099100567 -14.697802544 0.988679647 0.136818185 0.061590102 130.198608398
0.045838285 0.107897677 -0.993104637 -78.985000610 -0.143203318 0.984591305 0.100362964 -14.703490257 0.988631189 0.137615457 0.060583286 130.272293091
0.044943184 0.109174579 -0.993005991 -79.937149048 -0.143560261 0.984398901 0.101730794 -14.703959465 0.988620460 0.137984142 0.059915159 130.349548340
0.044079401 0.110584438 -0.992888749 -80.903503418 -0.146193221 0.983869851 0.103089690 -14.714122772 0.988273382 0.140609473 0.059535097 130.411529541
0.042455900 0.110408969 -0.992979050 -81.858070374 -0.146405265 0.983833909 0.103132412 -14.705263138 0.988313198 0.140998781 0.057934009 130.486160278
0.040587995 0.110967867 -0.992994905 -82.811134338 -0.146614403 0.983717978 0.103938401 -14.706080437 0.988360643 0.141368672 0.056196623 130.553710938
0.038417008 0.114019565 -0.992735505 -83.757026672 -0.146374702 0.983394623 0.107282303 -14.707063675 0.988483012 0.141189888 0.054468654 130.627868652
0.036591619 0.117760770 -0.992367506 -84.719345093 -0.147551611 0.982785225 0.111182988 -14.696463585 0.988377154 0.142357051 0.053337481 130.683181763
0.034413498 0.122487724 -0.991873264 -85.669456482 -0.148656443 0.982047975 0.116116680 -14.683261871 0.988289893 0.143452376 0.052004289 130.747116089
0.032673441 0.122893222 -0.991881907 -86.617210388 -0.148939922 0.981929481 0.116753913 -14.682423592 0.988306344 0.143916041 0.050386719 130.808898926
0.030815329 0.116549894 -0.992706656 -87.559753418 -0.148976296 0.982620299 0.110741198 -14.669692039 0.988360465 0.144477233 0.047642939 130.879623413
0.028631734 0.112089351 -0.993285537 -88.499496460 -0.153746337 0.982362270 0.106424928 -14.661594391 0.987695456 0.149666905 0.045360077 130.938354492
0.028807063 0.109536707 -0.993565202 -89.473754883 -0.152137116 0.982878029 0.103947483 -14.651813507 0.987939417 0.148163766 0.044978425 130.979492188
0.027938429 0.110639170 -0.993467867 -90.424591064 -0.148002148 0.983359873 0.105351329 -14.656206131 0.988592386 0.144092023 0.043848358 131.040451050
0.027095117 0.112054683 -0.993332565 -91.374526978 -0.144517869 0.983697176 0.107025735 -14.654226303 0.989131153 0.140654430 0.042847291 131.105606079
0.025727440 0.112197697 -0.993352771 -92.320030212 -0.139675051 0.984338045 0.107561968 -14.657199860 0.989863098 0.135979310 0.040995713 131.172637939
0.024673238 0.109343149 -0.993697822 -93.266769409 -0.135511547 0.985191762 0.105042465 -14.659086227 0.990468502 0.132065773 0.039125122 131.234497070
0.023746872 0.105800405 -0.994103730 -94.232803345 -0.130312756 0.986227810 0.101849295 -14.660641670 0.991188467 0.127125815 0.037206966 131.291564941
0.022698721 0.107998200 -0.993891895 -95.193641663 -0.128349870 0.986235917 0.104235016 -14.660373688 0.991469145 0.125199899 0.036247853 131.348510742
0.021488044 0.110648885 -0.993627191 -96.137535095 -0.128133580 0.985965252 0.107024655 -14.662950516 0.991524100 0.125017285 0.035364307 131.404174805
0.020272510 0.108634748 -0.993874967 -97.091491699 -0.123568811 0.986729741 0.105333254 -14.660072327 0.992128909 0.120676585 0.033427354 131.450820923
0.017098892 0.105580211 -0.994263768 -98.050018311 -0.121432945 0.987267435 0.102748908 -14.658677101 0.992452323 0.118979499 0.029702093 131.512603760
0.014203684 0.103160009 -0.994563401 -98.999122620 -0.120328456 0.987611532 0.100720465 -14.660419464 0.992632508 0.118243672 0.026440803 131.564239502
0.011980303 0.101767167 -0.994736075 -99.960762024 -0.113920867 0.988469124 0.099753983 -14.665377617 0.993417501 0.112126097 0.023435563 131.609954834
0.009224878 0.102166414 -0.994724631 -100.907051086 -0.108170159 0.989031434 0.100578524 -14.664993286 0.994089603 0.106671676 0.020175051 131.664794922
0.006308089 0.109124608 -0.994008064 -101.897964478 -0.098044127 0.989305973 0.107986204 -14.653971672 0.995162010 0.096775472 0.016939655 131.730728149
0.003748757 0.117604703 -0.993053436 -102.857452393 -0.090120494 0.989059210 0.116791479 -14.652552605 0.995923817 0.089056633 0.014306339 131.784454346
-0.000544846 0.116383463 -0.993204176 -103.811233521 -0.085820876 0.989534557 0.116000533 -14.642018318 0.996310413 0.085300855 0.009448988 131.841079712
-0.001843049 0.106408395 -0.994320810 -104.769042969 -0.086601801 0.990569830 0.106167518 -14.640605927 0.996241331 0.086305648 0.007389490 131.860931396
-0.003950992 0.096984021 -0.995278120 -105.715942383 -0.088492565 0.991347194 0.096952282 -14.639513969 0.996068954 0.088457786 0.004665559 131.896682739
-0.004754441 0.098722480 -0.995103657 -106.667984009 -0.095752567 0.990497470 0.098722994 -14.646343231 0.995393813 0.095753096 0.004743668 131.923187256
-0.004769621 0.107832938 -0.994157553 -107.644493103 -0.098914154 0.989242494 0.107774362 -14.630649567 0.995084524 0.098850302 0.005947890 131.943954468
-0.006207159 0.119256638 -0.992844164 -108.607955933 -0.102901220 0.987516284 0.119259991 -14.620048523 0.994672179 0.102905132 0.006141982 131.970962524
-0.007903595 0.121014304 -0.992619395 -109.559196472 -0.109856211 0.986536920 0.121147469 -14.610280991 0.993916094 0.110002913 0.005496986 132.001495361
-0.007208230 0.118241899 -0.992958665 -110.551116943 -0.117340893 0.986024261 0.118267983 -14.595474243 0.993065536 0.117367171 0.006767123 132.013442993
-0.007537147 0.114475325 -0.993397415 -111.504936218 -0.125460550 0.985467613 0.114513420 -14.584701538 0.992069960 0.125495315 0.006934522 132.036956787
-0.005712708 0.116338767 -0.993193150 -112.468147278 -0.130179510 0.984670818 0.116089284 -14.566885948 0.991473973 0.129956588 0.009519787 132.064575195
-0.003556724 0.117595240 -0.993055165 -113.454811096 -0.138213307 0.983472645 0.116955526 -14.548342705 0.990396082 0.137669429 0.012755289 132.080474854
-0.002865922 0.120213188 -0.992743969 -114.419357300 -0.147433147 0.981848478 0.119319446 -14.531579018 0.989067852 0.146705329 0.014909508 132.099227905
-0.002710802 0.122422881 -0.992474318 -115.394897461 -0.152856052 0.980764031 0.121395923 -14.510955811 0.988244712 0.152034804 0.016054427 132.126251221
-0.002230492 0.121870637 -0.992543459 -116.372123718 -0.157054514 0.980185628 0.120706208 -14.500470161 0.987587392 0.156152681 0.016954038 132.163070679
-0.000584884 0.112332523 -0.993670464 -117.327377319 -0.156009853 0.981493413 0.111047760 -14.502870560 0.987755299 0.155087352 0.016950924 132.194427490
0.000684412 0.100703374 -0.994916260 -118.277793884 -0.159189880 0.982240260 0.099310823 -14.494534492 0.987247765 0.158312634 0.016703216 132.232437134
