1.000000000 0.000000000 0.000000000 0.000000000 0.000000000 1.000000000 0.000000000 0.000000000 0.000000000 0.000000000 1.000000000 0.000000000
0.999997854 -0.001579990 -0.001341609 0.049286760 0.001577072 0.999996424 -0.002172726 -0.132386521 0.001345037 0.002170606 0.999996722 1.298226237
0.999997616 -0.000059154 -0.002191180 0.106280044 0.000045370 0.999980211 -0.006290248 -0.269591719 0.002191509 0.006290135 0.999977827 2.606871843
0.999996245 0.002391646 -0.001416986 0.150877714 -0.002402719 0.999966204 -0.007864521 -0.406896472 0.001398129 0.007867895 0.999968052 3.911657333
0.999983966 0.005658634 0.000187807 0.195300594 -0.005657287 0.999962628 -0.006532890 -0.546126485 -0.000224768 0.006531724 0.999978602 5.222421646
0.999975860 0.006537311 0.002336916 0.245335773 -0.006529724 0.999973416 -0.003239613 -0.689866722 -0.002358031 0.003224275 0.999992013 6.543504715
0.999961793 0.006711007 0.005609068 0.302013695 -0.006699951 0.999975562 -0.001987682 -0.826428056 -0.005622270 0.001950025 0.999982297 7.846436977
0.999945998 0.005231424 0.008977659 0.358108163 -0.005214841 0.999984801 -0.001869566 -0.960282862 -0.008987302 0.001822648 0.999957979 9.153826714
0.999916375 0.003855251 0.012343701 0.435544401 -0.003833596 0.999991119 -0.001777508 -1.097453952 -0.012350444 0.001730039 0.999922276 10.453541756
0.999872208 0.002657186 0.015758669 0.499229908 -0.002617635 0.999993384 -0.002529876 -1.236232162 -0.015765285 0.002488303 0.999872625 11.764934540
0.999816418 0.001474038 0.019105777 0.575980902 -0.001410609 0.999993443 -0.003332934 -1.372787714 -0.019110564 0.003305372 0.999811888 13.058917046
0.999746799 0.001442694 0.022454172 0.644481063 -0.001368744 0.999993563 -0.003308412 -1.520778060 -0.022458801 0.003276840 0.999742329 14.379806519
0.999667823 0.001290735 0.025738968 0.730576634 -0.001179294 0.999989867 -0.004344362 -1.658735514 -0.025744315 0.004312566 0.999659240 15.675435066
0.999577224 0.002181320 0.028991021 0.810915112 -0.002058423 0.999988914 -0.004268321 -1.798380613 -0.029000005 0.004206841 0.999570549 16.985713959
0.999480128 0.001825990 0.032187928 0.900617301 -0.001703971 0.999991298 -0.003817870 -1.937578440 -0.032194618 0.003761037 0.999474585 18.273141861
0.999416351 0.000005321 0.034160443 1.002569199 0.000120125 0.999993265 -0.003670223 -2.080783606 -0.034160238 0.003672184 0.999409735 19.574274063
0.999349952 -0.002525567 0.035960238 1.098405838 0.002706769 0.999983907 -0.004991150 -2.221321106 -0.035947043 0.005085242 0.999340713 20.849435806
0.999311805 -0.002221224 0.037027497 1.196074843 0.002464300 0.999975681 -0.006520401 -2.367224216 -0.037012104 0.006607160 0.999292970 22.160520554
0.999265432 -0.002113764 0.038265161 1.278117895 0.002466061 0.999954939 -0.009161863 -2.511377573 -0.038244072 0.009249496 0.999225557 23.447093964
0.999230385 -0.001570368 0.039194703 1.381900072 0.001986378 0.999942064 -0.010577249 -2.653955460 -0.039175823 0.010646963 0.999175608 24.732002258
0.999184310 -0.000967575 0.040370032 1.482305050 0.001415314 0.999937773 -0.011063761 -2.800867558 -0.040356819 0.011111872 0.999123573 26.000164032
0.999164224 -0.002610631 0.040792100 1.581290722 0.003023760 0.999944746 -0.010069260 -2.947414398 -0.040763553 0.010184190 0.999116898 27.282878876
0.999165297 -0.005519986 0.040474135 1.688033342 0.005883446 0.999943376 -0.008866458 -3.093282938 -0.040422902 0.009097183 0.999141276 28.561658859
0.999182165 -0.007035191 0.039821941 1.780741692 0.007414381 0.999928415 -0.009382437 -3.240507841 -0.039753087 0.009670018 0.999162734 29.850389481
0.999202549 -0.008747488 0.038957760 1.886020422 0.009215869 0.999887168 -0.011859474 -3.386488914 -0.038849615 0.012209047 0.999170542 31.118001938
0.999225616 -0.008852139 0.038338386 1.990851641 0.009320197 0.999884009 -0.012047174 -3.533169270 -0.038227294 0.012395167 0.999192178 32.399730682
0.999253452 -0.009478172 0.037454966 2.095010281 0.009952166 0.999872446 -0.012488889 -3.675245523 -0.037331820 0.012852320 0.999220192 33.668979645
0.999253750 -0.009936619 0.037325416 2.181818962 0.010405377 0.999869168 -0.012385461 -3.822679281 -0.037197459 0.012764603 0.999226332 34.931564331
0.999264419 -0.010353914 0.036926255 2.271650791 0.010843529 0.999855638 -0.013083711 -3.965131283 -0.036785461 0.013474499 0.999232292 36.189422607
0.999304652 -0.011046762 0.035614621 2.390142679 0.011524195 0.999846101 -0.013228206 -4.121498108 -0.035463024 0.013629436 0.999278069 37.476425171
0.999300778 -0.010731424 0.035814162 2.483972073 0.011143305 0.999873817 -0.011320764 -4.267661572 -0.035688151 0.011711936 0.999294341 38.731925964
0.999265969 -0.010678037 0.036789600 2.579602003 0.011065696 0.999885201 -0.010349737 -4.408547878 -0.036674861 0.010749240 0.999269426 40.007289886
0.999188364 -0.012382413 0.038331196 2.690861940 0.012724306 0.999881327 -0.008688336 -4.549956322 -0.038219057 0.009169020 0.999227285 41.255977631
0.999075234 -0.013504511 0.040820926 2.785893917 0.013915446 0.999855161 -0.009799443 -4.694790840 -0.040682673 0.010358423 0.999118388 42.521320343
0.998948455 -0.014926445 0.043350682 2.882781982 0.015502227 0.999795556 -0.012976244 -4.842067719 -0.043148138 0.013634630 0.998975575 43.766399384
0.998853505 -0.015678866 0.045230981 2.990379095 0.016328340 0.999768317 -0.014025492 -4.986536980 -0.045000590 0.014747960 0.998878121 45.029644012
0.998726189 -0.015838783 0.047908902 3.110593081 0.016470714 0.999782026 -0.012824267 -5.120367050 -0.047695342 0.013597026 0.998769403 46.261337280
0.998531580 -0.017039742 0.051423501 3.223131895 0.017546261 0.999801695 -0.009414528 -5.275069714 -0.051252898 0.010302996 0.998632550 47.529922485
0.998252213 -0.019982316 0.055618033 3.332554102 0.020423142 0.999764323 -0.007368817 -5.414065838 -0.055457681 0.008491834 0.998424947 48.746833801
0.998010755 -0.022100436 0.059042957 3.468146086 0.022600630 0.999713898 -0.007817307 -5.553128242 -0.058853306 0.009136165 0.998224854 50.007987976
0.997737706 -0.025268750 0.062297001 3.612797976 0.026044512 0.999592602 -0.011672100 -5.688222885 -0.061976690 0.013268190 0.997989416 51.243408203
0.997445166 -0.026600916 0.066298440 3.742470741 0.027439222 0.999554217 -0.011765907 -5.822032452 -0.065955900 0.013555023 0.997730494 52.471645355
0.997090876 -0.029087536 0.070453681 3.872298241 0.029816531 0.999512017 -0.009317471 -5.961409092 -0.070148267 0.011391050 0.997471511 53.690853119
0.996818125 -0.031726480 0.073123641 4.030998707 0.032239191 0.999463081 -0.005841671 -6.098029613 -0.072899044 0.008180531 0.997305751 54.903419495
0.996585548 -0.034308270 0.075101554 4.184096336 0.034737553 0.999386668 -0.004416814 -6.225242615 -0.074903958 0.007010576 0.997166157 56.122776031
0.996361613 -0.037370469 0.076596111 4.325739384 0.037578002 0.999292910 -0.001269431 -6.352684498 -0.076494515 0.004143141 0.997061372 57.352348328
0.996217668 -0.040654529 0.076794840 4.484459877 0.040759087 0.999168992 0.000205990 -6.478227139 -0.076739408 0.002924877 0.997046888 58.551776886
0.996156991 -0.042455114 0.076607697 4.626422405 0.042795911 0.999079823 -0.002811673 -6.608746529 -0.076417834 0.006079365 0.997057319 59.769222260
0.996167243 -0.043644529 0.075802453 4.774894238 0.044302631 0.998993456 -0.007021314 -6.736756802 -0.075419717 0.010352652 0.997098148 60.956909180
0.996171176 -0.045035373 0.074932180 4.904907703 0.045993436 0.998879969 -0.011108799 -6.864727020 -0.074347965 0.014512655 0.997126758 62.162342072
0.996218324 -0.046373773 0.073474728 5.049351215 0.047487974 0.998780727 -0.013489773 -6.996627808 -0.072759576 0.016927928 0.997205794 63.350105286
0.996339083 -0.047142193 0.071316451 5.186559677 0.048233472 0.998742819 -0.013657142 -7.132555962 -0.070582949 0.017046986 0.997360229 64.541725159
0.996564209 -0.046487454 0.068546303 5.319421291 0.047486082 0.998787105 -0.013011103 -7.268218994 -0.067858316 0.016221395 0.997563064 65.717361450
0.996797383 -0.045779672 0.065567836 5.439175129 0.046592649 0.998854160 -0.010923315 -7.411240578 -0.064992651 0.013943314 0.997788250 66.913803101
0.997188449 -0.041918844 0.062113356 5.557839870 0.042449106 0.999072313 -0.007241499 -7.541645527 -0.061752182 0.009857795 0.998042762 68.088211060
0.997412205 -0.040271111 0.059558630 5.667069435 0.040631875 0.999162376 -0.004858288 -7.666537285 -0.059313096 0.007265694 0.998212934 69.250312805
0.997710705 -0.039248459 0.055071577 5.800145626 0.039750181 0.999177277 -0.008044363 -7.807271481 -0.054710541 0.010215054 0.998449922 70.462074280
0.997887075 -0.039484799 0.051597055 5.909021378 0.040273827 0.999085724 -0.014342581 -7.939754009 -0.050983571 0.016390286 0.998565078 71.620475769
0.997948468 -0.042869549 0.047550589 6.020355225 0.043751024 0.998886526 -0.017653976 -8.073622704 -0.046740819 0.019698147 0.998712838 72.796424866
0.997962058 -0.046681836 0.043501988 6.139738560 0.047306590 0.998789966 -0.013443743 -8.205498695 -0.042821772 0.015474277 0.998962879 73.987274170
0.997946143 -0.050406620 0.039529718 6.241806030 0.050782409 0.998673022 -0.008559978 -8.332004547 -0.039045788 0.010549812 0.999181747 75.144569397
0.997987747 -0.052961543 0.034861963 6.336966515 0.053182393 0.998569965 -0.005437838 -8.464092255 -0.034524113 0.007280939 0.999377370 76.328208923
0.998171151 -0.052041877 0.030758731 6.425840378 0.052157853 0.998634398 -0.002979758 -8.588156700 -0.030561661 0.004578617 0.999522388 77.486701965
0.998317182 -0.051743437 0.026180364 6.529911041 0.051854406 0.998648286 -0.003577008 -8.697635651 -0.025959890 0.004928555 0.999650836 78.651321411
0.998445094 -0.050372828 0.023878386 6.586203575 0.050498929 0.998713017 -0.004707295 -8.836112976 -0.023610540 0.005905809 0.999703765 79.828186035
0.998634994 -0.047995560 0.020600980 6.664008617 0.048202407 0.998790741 -0.009664279 -8.964295387 -0.020112231 0.010644106 0.999741018 80.975196838
0.998543561 -0.051367164 0.016501268 6.751408577 0.051609252 0.998560667 -0.014595907 -9.102601051 -0.015727770 0.015426267 0.999757230 82.136955261
0.998394787 -0.054789573 0.014347995 6.804616451 0.055015109 0.998360097 -0.015826728 -9.230983734 -0.013457327 0.016590679 0.999771714 83.276702881
0.998423874 -0.055113375 0.010600283 6.871635437 0.055241559 0.998398423 -0.012205670 -9.361491203 -0.009910609 0.012772009 0.999869287 84.412719727
0.998424470 -0.055627670 0.007356158 6.943498611 0.055695996 0.998403192 -0.009434428 -9.493519783 -0.006819596 0.009829273 0.999928415 85.541893005
0.998567164 -0.053055089 0.006974330 6.981395245 0.053134538 0.998518229 -0.011748357 -9.617411613 -0.006340686 0.012102102 0.999906659 86.699401855
0.998757422 -0.049400803 0.006565805 7.033995152 0.049493026 0.998666048 -0.014716811 -9.746407509 -0.005830024 0.015023488 0.999870181 87.818946838
0.998842537 -0.047803335 0.005332735 7.094583511 0.047889624 0.998700500 -0.017436080 -9.873996735 -0.004492301 0.017671281 0.999833763 88.924682617
0.998746336 -0.049848389 0.004565967 7.140156269 0.049923331 0.998588800 -0.018112937 -10.012513161 -0.003656622 0.018318182 0.999825537 90.081352234
0.998696983 -0.050939981 0.003060796 7.193097591 0.050981216 0.998581111 -0.015387443 -10.143436432 -0.002272617 0.015523436 0.999876916 91.196495056
0.998630106 -0.052280668 0.002149359 7.243948936 0.052303948 0.998549402 -0.012777593 -10.272345543 -0.001478221 0.012872510 0.999916077 92.310279846
0.998650849 -0.051906828 0.001490629 7.306502342 0.051921014 0.998579085 -0.011997873 -10.398150444 -0.000865740 0.012059079 0.999926925 93.448326111
0.998618186 -0.052534096 0.001427970 7.353457451 0.052549005 0.998519480 -0.014055659 -10.525942802 -0.000687455 0.014111276 0.999900162 94.556427002
0.998612940 -0.052648414 0.000701179 7.414641380 0.052652474 0.998448789 -0.018102553 -10.653926849 0.000252979 0.018114358 0.999835849 95.667640686
0.998597860 -0.052930854 0.000834239 7.457344055 0.052937098 0.998412549 -0.019236375 -10.790581703 0.000185283 0.019253561 0.999814749 96.768486023
0.998558164 -0.053677026 0.000570537 7.513914108 0.053678796 0.998405576 -0.017464424 -10.923557281 0.000367811 0.017469872 0.999847412 97.853111267
0.998600483 -0.052863542 0.001531027 7.555755138 0.052878439 0.998524845 -0.012329316 -11.044659615 -0.000876997 0.012393018 0.999922812 98.931739807
0.998684645 -0.051192075 0.002855879 7.604825497 0.051215548 0.998648345 -0.008861078 -11.164537430 -0.002398402 0.008995689 0.999956608 99.998214722
0.998794734 -0.048809394 0.005165495 7.644536018 0.048853066 0.998768151 -0.008695656 -11.286981583 -0.004734703 0.008937526 0.999948859 101.065437317
0.998875976 -0.046848245 0.007215776 7.697685719 0.046922572 0.998843312 -0.010500298 -11.407689095 -0.006715510 0.010827078 0.999918878 102.103950500
0.998825133 -0.047394805 0.010091348 7.746170044 0.047521528 0.998789370 -0.012711335 -11.530715942 -0.009476678 0.013175959 0.999868274 103.124671936
0.998730898 -0.048908528 0.012019244 7.792037964 0.049073722 0.998699069 -0.013856177 -11.643263817 -0.011325922 0.014428423 0.999831736 104.132621765
0.998615384 -0.050682072 0.014098820 7.852660179 0.050867729 0.998618960 -0.013136960 -11.756279945 -0.013413542 0.013835943 0.999814332 105.114418030
0.998577178 -0.050892361 0.015926270 7.907339096 0.051082328 0.998625219 -0.011757286 -11.875224113 -0.015306022 0.012554109 0.999804080 106.094726562
0.998518765 -0.051820531 0.016576540 7.986414433 0.051993508 0.998595536 -0.010179982 -11.982305527 -0.016025724 0.011026776 0.999810755 107.024627686
0.998442829 -0.052508660 0.018832963 8.039594650 0.052713607 0.998553932 -0.010556483 -12.090366364 -0.018251421 0.011532798 0.999766946 107.940879822
0.998442769 -0.051940691 0.020351352 8.104286194 0.052129697 0.998600960 -0.008869573 -12.191035271 -0.019862192 0.009916671 0.999753535 108.845184326
0.998449683 -0.051015981 0.022263320 8.162288666 0.051177010 0.998666942 -0.006723900 -12.288435936 -0.021890620 0.007852847 0.999729455 109.715423584
0.998406470 -0.051407345 0.023277977 8.226184845 0.051501710 0.998666883 -0.003472272 -12.390719414 -0.023068445 0.004665595 0.999723017 110.567672729
0.998360753 -0.051495027 0.024984058 8.286106110 0.051597469 0.998661935 -0.003472353 -12.481694221 -0.024771819 0.004755775 0.999681890 111.392921448
0.998385549 -0.050557330 0.025889186 8.340833664 0.050643209 0.998713255 -0.002672159 -12.570999146 -0.025720775 0.003978957 0.999661267 112.203323364
0.998493969 -0.048199255 0.026202703 8.395029068 0.048282135 0.998830438 -0.002539354 -12.650323868 -0.026049666 0.003800652 0.999653399 112.982322693
0.998626113 -0.045584619 0.025843853 8.437385559 0.045585644 0.998960316 0.000549867 -12.728132248 -0.025842050 0.000628998 0.999665856 113.738540649
0.998706102 -0.045473613 0.022762030 8.487176895 0.045444172 0.998965263 0.001809066 -12.813085556 -0.022820743 -0.000772324 0.999739230 114.481719971
0.998821139 -0.045707233 0.016341666 8.525183678 0.045682531 0.998954296 0.001881734 -12.887015343 -0.016410585 -0.001132987 0.999864697 115.178955078
0.999007046 -0.044177640 0.005761664 8.555848122 0.044171650 0.999023318 0.001161916 -12.966272354 -0.005807370 -0.000906260 0.999982774 115.846061707
0.999109387 -0.041378103 -0.008260101 8.556952477 0.041363124 0.999142289 -0.001975521 -13.031293869 0.008334763 0.001632098 0.999963939 116.491142273
0.998832107 -0.039964959 -0.027151948 8.558004379 0.039854500 0.999194920 -0.004597370 -13.096940994 0.027313823 0.003509873 0.999620736 117.104988098
0.998053908 -0.038218398 -0.049271725 8.521463394 0.037928931 0.999257326 -0.006796956 -13.167994499 0.049494900 0.004914905 0.998762310 117.690780640
0.996333897 -0.036571831 -0.077338114 8.484354973 0.035981905 0.999311745 -0.009008163 -13.231694221 0.077614337 0.006192365 0.996964216 118.268348694
0.993418992 -0.034269821 -0.109289587 8.413125992 0.033270966 0.999386311 -0.010950509 -13.300082207 0.109597802 0.007242273 0.993949592 118.805671692
0.989043057 -0.029881574 -0.144571498 8.304174423 0.028410897 0.999521494 -0.012226982 -13.367125511 0.144867703 0.007985605 0.989418745 119.347236633
0.982796490 -0.024078658 -0.183115333 8.197341919 0.022309326 0.999682486 -0.011716573 -13.424417496 0.183339268 0.007429827 0.983021617 119.857437134
0.974280477 -0.018623201 -0.224567682 8.056751251 0.016867002 0.999810338 -0.009736379 -13.482674599 0.224706411 0.005698179 0.974409938 120.360870361
0.962962806 -0.014050066 -0.269267768 7.881912231 0.012275941 0.999890506 -0.008271509 -13.540100098 0.269354522 0.004659641 0.963029861 120.854217529
0.948733628 -0.007733967 -0.315982223 7.693199158 0.005235235 0.999947906 -0.008755937 -13.597772598 0.316033483 0.006652809 0.948724747 121.318069458
0.931206644 -0.000151679 -0.364491403 7.469692230 -0.003627412 0.999946594 -0.009683453 -13.652219772 0.364473373 0.010339455 0.931156397 121.790428162
0.910205543 0.004592838 -0.414131165 7.210186005 -0.009836136 0.999896109 -0.010529380 -13.707448959 0.414039820 0.013657353 0.910156250 122.229629517
0.885210216 0.008890776 -0.465106338 6.940689087 -0.014873935 0.999847054 -0.009196047 -13.761427879 0.464953452 0.015058395 0.885207057 122.639831543
0.856063187 0.012203331 -0.516727090 6.663722992 -0.019810343 0.999761283 -0.009208897 -13.803116798 0.516491413 0.018119941 0.856100678 123.039154053
0.824576199 0.021752365 -0.565332651 6.332008362 -0.030269662 0.999525547 -0.005691517 -13.856679916 0.564940572 0.021805519 0.824843407 123.409622192
0.790441334 0.034496572 -0.611565590 5.989440918 -0.043139469 0.999068797 0.000597214 -13.895954132 0.611016750 0.025910547 0.791193485 123.764671326
0.754338145 0.043219741 -0.655061781 5.635620117 -0.054457031 0.998511016 0.003169731 -13.936962128 0.654223442 0.033281669 0.755568624 124.081710815
0.714663982 0.046882421 -0.697894931 5.262928009 -0.061575972 0.998094380 0.003993361 -13.981719971 0.696752191 0.040119652 0.716188967 124.380355835
0.672011971 0.048642404 -0.738941133 4.888538361 -0.064262003 0.997906685 0.007247880 -14.029802322 0.737746835 0.042615175 0.673730969 124.663986206
0.628370702 0.052227691 -0.776158810 4.484600067 -0.067720346 0.997628450 0.012304625 -14.064693451 0.774960756 0.044829883 0.630417407 124.926803589
0.583246589 0.061130617 -0.809991598 4.060127258 -0.079119712 0.996698081 0.018250138 -14.099575996 0.808432698 0.053441972 0.586157382 125.157180786
0.537783325 0.070012398 -0.840170979 3.616237640 -0.090609342 0.995573580 0.024964327 -14.125803947 0.838199854 0.062701948 0.541746616 125.365974426
0.490390807 0.074747816 -0.868291199 3.166248322 -0.096274063 0.994863570 0.031270571 -14.150977135 0.866168737 0.068259127 0.495068163 125.571319580
0.443819940 0.075680375 -0.892914534 2.692588806 -0.095584601 0.994740725 0.036800843 -14.172521591 0.891003609 0.069015920 0.448719680 125.746948242
0.397017211 0.077316172 -0.914548755 2.219852448 -0.093433022 0.994673431 0.043529496 -14.193552017 0.913043082 0.068167083 0.402126312 125.912597656
0.350996137 0.080372840 -0.932921112 1.727294922 -0.094885372 0.994233847 0.049956001 -14.219431877 0.931557000 0.070986204 0.356598407 126.060867310
0.306892872 0.083214998 -0.948099136 1.223911285 -0.100488111 0.993435264 0.054666899 -14.237667084 0.946424305 0.078495808 0.313240319 126.181526184
0.265771866 0.085082516 -0.960274100 0.696226120 -0.105674773 0.992666364 0.058705300 -14.256549835 0.958226562 0.085874528 0.272813827 126.282424927
0.226770476 0.081672810 -0.970517695 0.169219971 -0.106161840 0.992613196 0.058726519 -14.273701668 0.968145072 0.089714512 0.233765885 126.376510620
0.192386717 0.076670147 -0.978319526 -0.367847443 -0.101066925 0.993189871 0.057960693 -14.293309212 0.976100862 0.087724879 0.198825344 126.463088989
0.161805183 0.071473047 -0.984231055 -0.923759460 -0.098606519 0.993552864 0.055939324 -14.310830116 0.981883764 0.088000312 0.167809710 126.542732239
0.134502426 0.069924809 -0.988442957 -1.480512619 -0.098839477 0.993479192 0.056831487 -14.336196899 0.985971451 0.090053208 0.140536696 126.623176575
0.112393759 0.069154963 -0.991254330 -2.062439919 -0.099975407 0.993300140 0.057961933 -14.352311134 0.988621533 0.092586502 0.118554570 126.687721252
0.094186492 0.070408657 -0.993061602 -2.666689873 -0.102387100 0.992891788 0.060685750 -14.366533279 0.990275621 0.095960930 0.100725949 126.736564636
0.077857949 0.068734944 -0.994592249 -3.270410538 -0.103255332 0.992811501 0.060528927 -14.391934395 0.991603017 0.097984292 0.084395528 126.789062500
0.064309984 0.067625500 -0.995635867 -3.889238358 -0.102441631 0.992877841 0.060821269 -14.419152260 0.992658019 0.098083146 0.070779629 126.835250854
0.051598184 0.064913906 -0.996555984 -4.536025047 -0.097181767 0.993475616 0.059681531 -14.441915512 0.993928194 0.093767636 0.057569984 126.888999939
0.039353058 0.062392760 -0.997275591 -5.182862282 -0.094883516 0.993772149 0.058429420 -14.462015152 0.994710207 0.092325635 0.045028016 126.932922363
0.028654099 0.062038522 -0.997662365 -5.841851234 -0.094329454 0.993786097 0.059088212 -14.484126091 0.995128632 0.092415817 0.034328099 126.966545105
0.019777410 0.063466139 -0.997788012 -6.512341022 -0.097822241 0.993317723 0.061242845 -14.508082390 0.995007455 0.096394628 0.025853653 126.975051880
0.011265559 0.062696867 -0.997969031 -7.211296082 -0.100623257 0.993037343 0.061251163 -14.531925201 0.994860768 0.099728867 0.017495884 126.994499207
0.004834365 0.062221203 -0.998050749 -7.898020267 -0.103305288 0.992753386 0.061390564 -14.555329323 0.994638026 0.102807127 0.011227113 127.012428284
-0.000546223 0.063635178 -0.997972965 -8.593811989 -0.103844978 0.992574096 0.063347749 -14.578395844 0.994593322 0.103669100 0.006066028 127.028198242
-0.004173583 0.065598451 -0.997837365 -9.311709404 -0.105408914 0.992258072 0.065672539 -14.597380638 0.994420230 0.105455063 0.002773389 127.052841187
-0.004983620 0.069035396 -0.997601748 -10.029495239 -0.107682213 0.991776168 0.069170192 -14.618659019 0.994172871 0.107768692 0.002491249 127.065643311
-0.005919179 0.072620079 -0.997342169 -10.762773514 -0.110662289 0.991186082 0.072828606 -14.636481285 0.993840456 0.110799246 0.002169295 127.076507568
-0.007387764 0.078351505 -0.996898413 -11.491912842 -0.115579203 0.990177214 0.078679793 -14.651964188 0.993270814 0.115801975 0.001740610 127.089019775
-0.008720404 0.082036614 -0.996591091 -12.230552673 -0.118467316 0.989525437 0.082491606 -14.667239189 0.992919683 0.118782833 0.001089598 127.107017517
-0.010209195 0.082727298 -0.996519923 -12.976297379 -0.117780067 0.989535272 0.083354093 -14.686045647 0.992987216 0.118221171 -0.000358731 127.122497559
-0.011229179 0.079134643 -0.996800661 -13.748164177 -0.115990318 0.990031123 0.079903871 -14.702966690 0.993186891 0.116516501 -0.001938383 127.139083862
-0.013072206 0.075836390 -0.997034609 -14.498334885 -0.119742893 0.989825487 0.076858006 -14.711155891 0.992718935 0.120392501 -0.003858336 127.153343201
-0.014035489 0.077418178 -0.996899903 -15.272638321 -0.124556430 0.989097118 0.078565881 -14.721852303 0.992113233 0.125273004 -0.004239528 127.152252197
-0.015465279 0.080569908 -0.996629000 -16.047910690 -0.121746764 0.989180148 0.081856929 -14.738181114 0.992440701 0.122602291 -0.005488821 127.166244507
-0.017744442 0.080608681 -0.996587932 -16.821527481 -0.120451391 0.989313066 0.082164928 -14.755114555 0.992560565 0.121498369 -0.007845381 127.183403015
-0.018472459 0.080249205 -0.996603668 -17.610929489 -0.123933755 0.988902688 0.081926256 -14.769272804 0.992118478 0.125026226 -0.008321880 127.181961060
-0.019447414 0.079664618 -0.996631980 -18.408348083 -0.127969533 0.988423288 0.081505559 -14.781611443 0.991587341 0.129123628 -0.009027633 127.192619324
-0.020765023 0.083802454 -0.996266007 -19.204994202 -0.129811317 0.987819672 0.085797623 -14.788300514 0.991321206 0.131108195 -0.009633591 127.202201843
-0.021594437 0.088701762 -0.995824039 -20.008522034 -0.129103869 0.987469077 0.090757176 -14.803373337 0.991395950 0.130524591 -0.009872099 127.217483521
-0.020199517 0.090988360 -0.995647073 -20.839736938 -0.130428419 0.987100244 0.092853405 -14.809202194 0.991251945 0.131736264 -0.008071477 127.225547791
-0.018300612 0.089947008 -0.995778382 -21.657978058 -0.129785269 0.987305045 0.091566831 -14.819097519 0.991373122 0.130913123 -0.006394489 127.236267090
-0.017175142 0.089894131 -0.995803237 -22.489353180 -0.129764244 0.987326264 0.091367014 -14.824398994 0.991396129 0.130788907 -0.005292424 127.247955322
-0.017031623 0.088866740 -0.995897830 -23.314826965 -0.128020048 0.987650335 0.090320148 -14.831745148 0.991625309 0.129033193 -0.005444563 127.270446777
-0.015976487 0.090921983 -0.995729864 -24.151376724 -0.128953472 0.987352788 0.092226110 -14.840333939 0.991521895 0.129876271 -0.004049724 127.287773132
-0.015801985 0.092932791 -0.995546997 -24.990217209 -0.130541578 0.986957312 0.094202995 -14.843029976 0.991316915 0.131448850 -0.003464294 127.308273315
-0.015432488 0.095562018 -0.995303869 -25.869230270 -0.133791089 0.986273527 0.096769489 -14.847415924 0.990889370 0.134656161 -0.002435307 127.316734314
-0.013889024 0.096712373 -0.995215476 -26.732032776 -0.135931328 0.985888779 0.097703062 -14.846754074 0.990620911 0.136637941 -0.000546792 127.330146790
-0.012194282 0.099937387 -0.994919002 -27.601478577 -0.142641664 0.984643221 0.100653499 -14.849183083 0.989699304 0.143144280 0.002248215 127.345802307
-0.009866376 0.103546165 -0.994575739 -28.484951019 -0.147189856 0.983639598 0.103867725 -14.844094276 0.989059031 0.147416264 0.005535985 127.359634399
-0.007875806 0.105330482 -0.994406044 -29.359262466 -0.149656326 0.983112812 0.105319560 -14.840306282 0.988706648 0.149648637 0.008020569 127.391304016
-0.003938555 0.106272392 -0.994329274 -30.256759644 -0.148650855 0.983227193 0.105674639 -14.844380379 0.988881886 0.148224086 0.011924987 127.412734985
-0.001267444 0.106263593 -0.994337201 -31.149209976 -0.151236132 0.982880414 0.105231993 -14.840086937 0.988496840 0.150513113 0.014825151 127.441787720
0.000973254 0.110207647 -0.993908107 -32.049106598 -0.151835054 0.982401311 0.108783044 -14.836229324 0.988405347 0.150804237 0.017689509 127.475189209
0.003206493 0.112218909 -0.993678331 -32.969135284 -0.150798231 0.982374370 0.110455714 -14.834765434 0.988559306 0.149490789 0.020072384 127.517631531
0.005034690 0.113443151 -0.993531704 -33.862583160 -0.151447445 0.982170284 0.111378439 -14.832005501 0.988452435 0.149907127 0.022125602 127.558387756
0.007531711 0.111530602 -0.993732393 -34.766033173 -0.152647257 0.982242048 0.109084040 -14.826210022 0.988252044 0.150868937 0.024422804 127.590003967
0.007900436 0.112794168 -0.993586957 -35.680732727 -0.157052532 0.981426597 0.110164903 -14.818038940 0.987558663 0.155175000 0.025468308 127.631744385
0.009183507 0.113464355 -0.993499577 -36.577468872 -0.157774732 0.981260955 0.110608190 -14.814234734 0.987432361 0.155733347 0.026913226 127.666709900
0.009467976 0.110169381 -0.993867755 -37.470172882 -0.158492103 0.981513560 0.107290089 -14.814703941 0.987314820 0.156504408 0.026753930 127.702453613
0.010063320 0.105737604 -0.994343162 -38.380771637 -0.159021541 0.981907904 0.102805860 -14.818120003 0.987223804 0.157087415 0.026695810 127.748626709
0.010612695 0.104800612 -0.994436681 -39.278038025 -0.158584461 0.982082725 0.101806253 -14.813232422 0.987288356 0.156621739 0.027042292 127.790184021
0.010200963 0.109007202 -0.993988633 -40.178081512 -0.160707563 0.981297255 0.105966106 -14.812485695 0.986949325 0.158660546 0.027528461 127.835762024
0.010799437 0.115386866 -0.993261933 -41.108898163 -0.161633089 0.980458498 0.112142101 -14.804550171 0.986791849 0.159332916 0.029238733 127.868545532
0.011093359 0.114092000 -0.993408322 -42.004699707 -0.159610927 0.980933607 0.110876925 -14.805574417 0.987117708 0.157328814 0.029092178 127.912940979
0.012031124 0.103799894 -0.994525492 -42.892444611 -0.158789188 0.982174933 0.100589938 -14.813467026 0.987239242 0.156709671 0.028298970 127.957099915
0.011994065 0.093230590 -0.995572269 -43.819423676 -0.160309598 0.982944429 0.090116724 -14.820656776 0.986993909 0.158518925 0.026735257 127.998931885
0.010946458 0.090179771 -0.995865345 -44.719806671 -0.157119036 0.983708918 0.087351933 -14.830286980 0.987518966 0.155513182 0.024937090 128.045776367
0.010654138 0.100254700 -0.994904697 -45.640979767 -0.149790302 0.983894587 0.097541168 -14.835062027 0.988660455 0.147987872 0.025499729 128.095794678
0.010781228 0.113378912 -0.993493259 -46.580909729 -0.144725651 0.983266413 0.110641286 -14.833917618 0.989413083 0.142591104 0.027009659 128.152374268
0.011044011 0.122284859 -0.992433608 -47.501876831 -0.144938499 0.982208490 0.119412057 -14.825855255 0.989378989 0.142523065 0.028571310 128.198257446
0.011127413 0.116535954 -0.993124127 -48.418521881 -0.145358056 0.982824266 0.113698691 -14.823707581 0.989316523 0.143093407 0.027875733 128.236480713
0.011122851 0.103098385 -0.994608998 -49.334808350 -0.145050630 0.984316170 0.100409329 -14.823984146 0.989361644 0.143151835 0.025902886 128.278686523
0.011604393 0.094301023 -0.995476067 -50.249664307 -0.145547926 0.985099673 0.091621391 -14.825874329 0.989283204 0.143826291 0.025156805 128.322814941
0.012018298 0.094068266 -0.995493233 -51.178600311 -0.144600436 0.985263884 0.091355927 -14.833103180 0.989417136 0.142850816 0.025443509 128.367630005
0.011603732 0.095726922 -0.995339990 -52.118583679 -0.147956908 0.984614193 0.092970490 -14.853807449 0.988925695 0.146188617 0.025588658 128.409469604
0.012310800 0.095282517 -0.995374143 -53.046936035 -0.152633280 0.983963072 0.092302427 -14.858228683 0.988206208 0.150790915 0.026656657 128.442214966
0.012967742 0.094651103 -0.995425999 -53.986801147 -0.154317692 0.983772218 0.091532633 -14.862051010 0.987936199 0.152424872 0.027363643 128.481445312
0.013245759 0.102503955 -0.994644403 -54.939636230 -0.162847191 0.981672168 0.098998427 -14.870569229 0.986562431 0.160663754 0.029695470 128.519577026
0.015189701 0.111859716 -0.993607938 -55.891574860 -0.169370204 0.979650259 0.107699141 -14.860477448 0.985435545 0.166651651 0.033826295 128.561492920
0.016557012 0.119924262 -0.992644966 -56.836566925 -0.169642180 0.978724360 0.115412898 -14.853157043 0.985366583 0.166483581 0.036548968 128.605804443
0.017524373 0.120880209 -0.992512465 -57.778305054 -0.171218857 0.978364408 0.116133973 -14.848033905 0.985077143 0.167901650 0.037842195 128.650863647
0.019207397 0.111559257 -0.993572116 -58.709823608 -0.172893867 0.979155004 0.106598161 -14.847402573 0.984753132 0.169735074 0.038094927 128.700180054
0.019763228 0.106371492 -0.994130015 -59.687519073 -0.170819521 0.980063498 0.101470493 -14.850742340 0.985104024 0.167811453 0.037539542 128.769653320
0.022145020 0.104718029 -0.994255304 -60.640148163 -0.169674173 0.980465770 0.099486515 -14.847275734 0.985251307 0.166496322 0.039480377 128.821426392
0.025777213 0.110643752 -0.993525743 -61.598384857 -0.170586601 0.979765892 0.104685478 -14.844544411 0.985005498 0.166783676 0.044129968 128.876663208
0.029552709 0.113182046 -0.993134618 -62.579364777 -0.173682168 0.979036212 0.106407084 -14.856668472 0.984358251 0.169345155 0.048590884 128.923431396
0.032873653 0.108205408 -0.993584871 -63.523014069 -0.173352510 0.979671836 0.100954719 -14.860093117 0.984311044 0.168921664 0.050963074 128.994491577
0.036209181 0.102386788 -0.994085371 -64.474700928 -0.173327446 0.980305076 0.094654091 -14.866220474 0.984198391 0.168874905 0.053242490 129.060821533
0.039913110 0.102297492 -0.993952811 -65.439079285 -0.170678720 0.980823874 0.094092503 -14.871230125 0.984517992 0.165891036 0.056607731 129.128311157
0.042313904 0.106208563 -0.993443131 -66.401268005 -0.168507472 0.980848074 0.097684756 -14.877899170 0.984791696 0.163269177 0.059400454 129.211334229
0.045540322 0.113138221 -0.992535055 -67.370384216 -0.167995542 0.980283022 0.104033485 -14.882610321 0.984735310 0.162003726 0.063649110 129.295639038
0.048927519 0.116863303 -0.991942167 -68.326049805 -0.165907979 0.980285525 0.107306607 -14.882988930 0.984926760 0.159320846 0.067351505 129.373413086
0.050598346 0.118244208 -0.991694510 -69.288307190 -0.165239826 0.980272412 0.108451419 -14.883474350 0.984954655 0.158379957 0.069138825 129.460494995
0.052405626 0.115696259 -0.991901159 -70.238014221 -0.163427591 0.980868578 0.105774939 -14.883511543 0.985162556 0.156560838 0.070310995 129.549285889
0.052653134 0.114017092 -0.992082477 -71.187873840 -0.160941809 0.981442392 0.104252517 -14.888401031 0.985558391 0.154178336 0.070026137 129.639663696
0.052593157 0.110419504 -0.992492557 -72.128356934 -0.157812908 0.982298136 0.100922666 -14.898963928 0.986067414 0.151320323 0.069087781 129.734725952
0.052366689 0.110608794 -0.992483437 -73.096679688 -0.156890407 0.982416451 0.101208806 -14.900304794 0.986226678 0.150411159 0.068799354 129.817977905
0.050941490 0.114531130 -0.992112696 -74.052452087 -0.153533548 0.982491434 0.105537005 -14.898651123 0.986829400 0.146946415 0.067633949 129.921630859
0.051913124 0.116296850 -0.991856813 -75.023078918 -0.147889540 0.983140409 0.107534379 -14.899215698 0.987640619 0.141102791 0.068236962 129.999267578
0.050989494 0.112718798 -0.992317796 -75.970771790 -0.144923240 0.983928323 0.104319051 -14.899629593 0.988128185 0.138490751 0.066505581 130.084686279
0.049580682 0.109303623 -0.992771089 -76.920837402 -0.146530256 0.984034002 0.101023711 -14.905123711 0.987962902 0.140462190 0.064805374 130.166793823
0.048404075 0.105296172 -0.993262172 -77.899490356 -0.142897561 0.984928489 0.097448952 -14.903208733 0.988553166 0.137217835 0.062721118 130.238037109
0.047738213 0.106744334 -0.993139744 -78.849716187 -0.143501014 0.984692156 0.098938562 -14.915150642 0.988498092 0.137793452 0.062325370 130.300659180
0.046400789 0.108330466 -0.993031442 -79.798919678 -0.144020975 0.984441280 0.100663766 -14.920217514 0.988486171 0.138346478 0.061280716 130.383712769
0.045696132 0.109377608 -0.992949307 -80.766273499 -0.146665245 0.983950853 0.101636752 -14.927805901 0.988130152 0.140986741 0.061004635 130.446807861
0.044045005 0.109254651 -0.993037462 -81.720542908 -0.146404490 0.983976483 0.101764157 -14.921000481 0.988243699 0.140902981 0.059334625 130.525512695
0.042178586 0.109832495 -0.993054688 -82.674270630 -0.146552727 0.983868480 0.102591872 -14.923011780 0.988303244 0.141207695 0.057594433 130.594177246
0.040109538 0.113322429 -0.992748320 -83.619361877 -0.146463841 0.983482778 0.106347285 -14.928065300 0.988402545 0.141136169 0.056044683 130.668624878
0.038284082 0.116562232 -0.992445230 -84.583709717 -0.147957742 0.982887268 0.109732091 -14.915375710 0.988252401 0.142638937 0.054875221 130.725616455
0.036097530 0.121229701 -0.991967857 -85.532836914 -0.149093196 0.982159197 0.114605501 -14.903690338 0.988164067 0.143758684 0.053528052 130.792098999
0.034251340 0.121328674 -0.992021203 -86.480926514 -0.149203822 0.982100487 0.114963800 -14.902477264 0.988213122 0.144075677 0.051740959 130.855468750
0.032764837 0.115534261 -0.992762983 -87.424995422 -0.149429008 0.982698202 0.109431252 -14.894762039 0.988229454 0.144762084 0.049462106 130.922637939
0.030591099 0.111207694 -0.993326247 -88.363288879 -0.154331341 0.982399225 0.105231464 -14.889274597 0.987545431 0.150082231 0.047215506 130.983612061
0.030347435 0.108585969 -0.993623734 -89.338371277 -0.152423114 0.982958078 0.102765068 -14.880373001 0.987849295 0.148332566 0.046381269 131.030838013
0.029327277 0.109768555 -0.993524432 -90.288108826 -0.148351952 0.983421981 0.104273289 -14.886730194 0.988499641 0.144333243 0.045125477 131.094131470
0.028519521 0.111063108 -0.993404031 -91.240371704 -0.144608229 0.983812153 0.105839200 -14.885150909 0.989077926 0.140635908 0.044118501 131.159454346
0.027413212 0.111223944 -0.993417144 -92.186096191 -0.139766365 0.984455228 0.106363721 -14.889066696 0.989804983 0.135930583 0.042532444 131.225616455
0.026100203 0.108410157 -0.993763685 -93.140724182 -0.135428339 0.985320866 0.103932269 -14.892564774 0.990443230 0.131871104 0.040398888 131.290283203
0.025166199 0.105108209 -0.994142354 -94.082519531 -0.129963785 0.986361563 0.100995623 -14.895335197 0.991199255 0.126660809 0.038483229 131.354934692
0.024367267 0.107492082 -0.993907332 -95.050178528 -0.129386604 0.986179471 0.103484213 -14.900797844 0.991294801 0.126076654 0.037938531 131.409851074
0.022997722 0.110434756 -0.993617296 -96.010673523 -0.128726467 0.985933900 0.106601350 -14.904423714 0.991413414 0.125453249 0.036890108 131.470718384
0.021299541 0.108563736 -0.993861377 -96.958900452 -0.122757941 0.986848712 0.105166905 -14.899333000 0.992208064 0.119764358 0.034346487 131.516479492
0.018801816 0.104796201 -0.994315982 -97.908851624 -0.120245919 0.987510324 0.101805173 -14.893454552 0.992566109 0.117648311 0.031168301 131.570251465
0.016086465 0.102619387 -0.994590521 -98.864166260 -0.119018510 0.987843573 0.099998251 -14.898788452 0.992761791 0.116766065 0.028104516 131.621002197
0.012665017 0.100419097 -0.994864583 -99.814590454 -0.113604769 0.988646686 0.098345228 -14.904827118 0.993445277 0.111775830 0.023929307 131.684005737
0.009177447 0.102080643 -0.994733751 -100.749824524 -0.106558748 0.989211202 0.100530781 -14.914964676 0.994264007 0.105074957 0.019956019 131.746292114
0.007490523 0.109831803 -0.993921995 -101.708045959 -0.096823975 0.989359200 0.108597890 -14.913249969 0.995273292 0.095422000 0.018045165 131.800537109
0.003856083 0.117437311 -0.993072867 -102.675521851 -0.088806920 0.989196658 0.116634086 -14.909854889 0.996041417 0.087741978 0.014243670 131.866958618
0.000954634 0.116269462 -0.993217230 -103.628181458 -0.083872959 0.989727378 0.115780309 -14.896574020 0.996475995 0.083193555 0.010696691 131.913269043
-0.002376863 0.106539488 -0.994305551 -104.576187134 -0.084575072 0.990724504 0.106357947 -14.897531509 0.996414244 0.084346257 0.006655769 131.952285767
-0.004568160 0.097215965 -0.995252788 -105.525131226 -0.086834975 0.991465211 0.097244576 -14.901217461 0.996212184 0.086866982 0.003912577 131.988632202
-0.004617494 0.097978532 -0.995177746 -106.486587524 -0.093653120 0.990772009 0.097979307 -14.895648003 0.995594144 0.093653917 0.004601111 132.007583618
-0.005383793 0.108315349 -0.994101942 -107.446472168 -0.097356737 0.989336967 0.108323425 -14.893964767 0.995235085 0.097365715 0.005218842 132.038162231
-0.007012722 0.118913338 -0.992879808 -108.414482117 -0.100533254 0.987789869 0.119013779 -14.876775742 0.994909048 0.100652047 0.005027647 132.061492920
-0.007573150 0.120506205 -0.992683649 -109.395965576 -0.108351871 0.986768425 0.120614737 -14.865330696 0.994083762 0.108472563 0.005584127 132.082473755
-0.007698862 0.117742844 -0.993014276 -110.356781006 -0.115605436 0.986280382 0.117840700 -14.848037720 0.993265390 0.115705073 0.006018477 132.103271484
-0.008010563 0.113227226 -0.993536890 -111.312072754 -0.123818815 0.985810161 0.113344997 -14.834097862 0.992272496 0.123926513 0.006122767 132.126754761
-0.005525801 0.115842983 -0.993252218 -112.286735535 -0.128504410 0.984949529 0.115589567 -14.822785378 0.991693556 0.128276005 0.009443698 132.143493652
-0.004102635 0.117831312 -0.993025064 -113.254135132 -0.136737198 0.983640015 0.117282629 -14.811221123 0.990598798 0.136264652 0.012076408 132.165313721
-0.003523599 0.120837823 -0.992666006 -114.216674805 -0.146173969 0.981947362 0.120051913 -14.796545029 0.989252627 0.145524949 0.014203353 132.184783936
-0.003747545 0.123329833 -0.992358565 -115.186203003 -0.151825234 0.980791152 0.122465573 -14.778775215 0.988400221 0.151124060 0.015049022 132.215225220
-0.003375600 0.122027315 -0.992520988 -116.162620544 -0.155318052 0.980417728 0.121067502 -14.762387276 0.987858772 0.154565111 0.015643550 132.248504639
-0.001641909 0.112265684 -0.993676901 -117.118881226 -0.154202670 0.981764555 0.111174628 -14.763096809 0.988037884 0.153410181 0.015699701 132.277679443
-0.000467852 0.100910522 -0.994895399 -118.068023682 -0.157442689 0.982479870 0.099725261 -14.755938530 0.987527966 0.156685710 0.015427968 132.315444946
