1.000000000 0.000000000 0.000000000 0.000000000 0.000000000 1.000000000 0.000000000 0.000000000 0.000000000 0.000000000 1.000000000 0.000000000
0.999997795 -0.001575671 -0.001368716 0.050389413 0.001572774 0.999996543 -0.002114676 -0.132627770 0.001372043 0.002112518 0.999996841 1.297218919
0.999997377 -0.000028208 -0.002287150 0.107732631 0.000013685 0.999979794 -0.006349612 -0.267075509 0.002287283 0.006349565 0.999977231 2.603728533
0.999995887 0.002453311 -0.001502758 0.153085023 -0.002465061 0.999965966 -0.007867476 -0.406026244 0.001483406 0.007871148 0.999967873 3.908313513
0.999983847 0.005694721 0.000030620 0.198842064 -0.005694394 0.999961913 -0.006602744 -0.544906139 -0.000068219 0.006602463 0.999978185 5.221672535
0.999975562 0.006624087 0.002243247 0.245991915 -0.006616988 0.999973118 -0.003157187 -0.690951467 -0.002264100 0.003142266 0.999992490 6.537130833
0.999960899 0.006890053 0.005536502 0.302797407 -0.006879670 0.999974489 -0.001892278 -0.828254163 -0.005549399 0.001854115 0.999982834 7.840125084
0.999945998 0.005298448 0.008941500 0.359833479 -0.005283464 0.999984622 -0.001698737 -0.962865174 -0.008950361 0.001651403 0.999958575 9.146248817
0.999914944 0.004032016 0.012402131 0.433346868 -0.004012691 0.999990761 -0.001582604 -1.099193931 -0.012408396 0.001532704 0.999921799 10.442502022
0.999872267 0.002972956 0.015703088 0.502406359 -0.002939649 0.999993384 -0.002143641 -1.241589069 -0.015709359 0.002097205 0.999874353 11.754359245
0.999816298 0.001730960 0.019087601 0.577844620 -0.001674449 0.999994159 -0.002976153 -1.376701832 -0.019092640 0.002943645 0.999813378 13.047745705
0.999749124 0.001867797 0.022320017 0.649211049 -0.001805457 0.999994397 -0.002812817 -1.528514862 -0.022325147 0.002771814 0.999746919 14.374470711
0.999663889 0.001778772 0.025864625 0.730915666 -0.001680714 0.999991298 -0.003812447 -1.666512012 -0.025871178 0.003767694 0.999658167 15.673594475
0.999577343 0.002654109 0.028949490 0.811725736 -0.002543775 0.999989390 -0.003847421 -1.802811980 -0.028959395 0.003772153 0.999573410 16.973213196
0.999479711 0.002307372 0.032168739 0.901170373 -0.002201186 0.999992013 -0.003335891 -1.942462802 -0.032176174 0.003263346 0.999476910 18.260776520
0.999417365 0.000602483 0.034129497 1.008508921 -0.000496067 0.999994993 -0.003126409 -2.083198309 -0.034131214 0.003107657 0.999412537 19.554794312
0.999359310 -0.001969487 0.035733677 1.106914759 0.002127219 0.999988139 -0.004376619 -2.223645687 -0.035724636 0.004449829 0.999351799 20.829866409
0.999322116 -0.001418788 0.036786634 1.207520366 0.001640525 0.999980628 -0.005998167 -2.368321657 -0.036777403 0.006054450 0.999305129 22.140710831
0.999271810 -0.001283827 0.038134910 1.285855412 0.001619049 0.999960303 -0.008760839 -2.510316849 -0.038122147 0.008816202 0.999234140 23.431184769
0.999241829 -0.000893105 0.038921211 1.394943714 0.001289475 0.999947548 -0.010160000 -2.652596712 -0.038910091 0.010202487 0.999190629 24.711412430
0.999212265 -0.000261074 0.039682467 1.497234225 0.000680139 0.999944091 -0.010547309 -2.802094460 -0.039677486 0.010565991 0.999156654 25.981243134
0.999178350 -0.001800308 0.040488947 1.591495991 0.002192249 0.999951124 -0.009637880 -2.947022915 -0.040469617 0.009718721 0.999133527 27.272558212
0.999187946 -0.004936019 0.039989669 1.701609969 0.005278266 0.999950171 -0.008457304 -3.090180635 -0.039945938 0.008661510 0.999164343 28.549251556
0.999199808 -0.006273716 0.039502077 1.792550325 0.006630526 0.999938309 -0.008908173 -3.239367485 -0.039443754 0.009162966 0.999179780 29.834608078
0.999211848 -0.007931919 0.038894713 1.892164230 0.008379887 0.999900281 -0.011367995 -3.385215759 -0.038800661 0.011684967 0.999178708 31.097211838
0.999242902 -0.008116340 0.038049992 2.002082825 0.008568113 0.999894559 -0.011725092 -3.527888298 -0.037950814 0.012042232 0.999207020 32.383155823
0.999267936 -0.008745568 0.037244093 2.104315281 0.009209755 0.999881804 -0.012310086 -3.669588089 -0.037132028 0.012644083 0.999230385 33.653114319
0.999271750 -0.009161140 0.037039224 2.193274260 0.009611842 0.999881685 -0.012008495 -3.818024397 -0.036924828 0.012355765 0.999241650 34.912940979
0.999278724 -0.009646036 0.036727432 2.284400225 0.010121341 0.999867082 -0.012777497 -3.961240053 -0.036599308 0.013140012 0.999243617 36.174381256
0.999328911 -0.010244254 0.035170667 2.405220509 0.010689417 0.999864817 -0.012492620 -4.120045662 -0.035037939 0.012860189 0.999303222 37.457279205
0.999328077 -0.009853391 0.035302654 2.495049238 0.010235391 0.999890924 -0.010656433 -4.267380714 -0.035193793 0.011010609 0.999319851 38.715259552
0.999289274 -0.009841439 0.036388826 2.594416380 0.010194519 0.999902606 -0.009530162 -4.405335426 -0.036291499 0.009894357 0.999292254 39.983798981
0.999218822 -0.011714890 0.037741467 2.712486982 0.012028760 0.999894857 -0.008099993 -4.544849396 -0.037642602 0.008547649 0.999254704 41.235275269
0.999096811 -0.012627088 0.040572423 2.795459747 0.013006441 0.999873936 -0.009099702 -4.688209057 -0.040452417 0.009619186 0.999135137 42.495399475
0.998984635 -0.013955918 0.042835575 2.892912388 0.014499858 0.999817729 -0.012413969 -4.833685398 -0.042654518 0.013022474 0.999004960 43.742393494
0.998888195 -0.015116851 0.044650856 3.002002478 0.015731033 0.999785900 -0.013436026 -4.978254795 -0.044438187 0.014123494 0.998912275 44.997272491
0.998761117 -0.015301903 0.047349505 3.130305290 0.015899023 0.999798357 -0.012260072 -5.109917164 -0.047152359 0.012997696 0.998803079 46.237483978
0.998572946 -0.016245034 0.050873455 3.236963034 0.016697800 0.999824524 -0.008487402 -5.270322323 -0.050726648 0.009324765 0.998669028 47.482425690
0.998298764 -0.019288838 0.055025298 3.343718529 0.019676585 0.999785185 -0.006513539 -5.407423973 -0.054887835 0.007585166 0.998463750 48.703960419
0.998064578 -0.021227269 0.058450527 3.479044914 0.021668168 0.999741256 -0.006919596 -5.547262669 -0.058288515 0.008172720 0.998266280 49.947463989
0.997784436 -0.024599524 0.061814465 3.617977619 0.025299340 0.999624014 -0.010564039 -5.679429054 -0.061531354 0.012104498 0.998031735 51.171329498
0.997506917 -0.025893208 0.065646656 3.757868052 0.026655506 0.999586761 -0.010762883 -5.813220501 -0.065340847 0.012485894 0.997784913 52.398967743
0.997171164 -0.028671479 0.069481067 3.890231609 0.029305667 0.999537587 -0.008125225 -5.953566551 -0.069215968 0.010138432 0.997550189 53.615547180
0.996886909 -0.031268537 0.072379455 4.049478531 0.031721301 0.999483585 -0.005114145 -6.082713127 -0.072182171 0.007394195 0.997364044 54.830123901
0.996653318 -0.033538975 0.074546516 4.197456837 0.033885259 0.999419987 -0.003384925 -6.211399078 -0.074389726 0.005899625 0.997211814 56.043045044
0.996477008 -0.037147414 0.075190865 4.361735344 0.037282374 0.999304831 -0.000391736 -6.334675789 -0.075124018 0.003193650 0.997169077 57.265560150
0.996334076 -0.040117636 0.075557984 4.513746738 0.040157732 0.999192953 0.000989103 -6.458728790 -0.075536668 0.002048760 0.997140884 58.465419769
0.996280909 -0.042132761 0.075160727 4.663543701 0.042405143 0.999098420 -0.002031113 -6.589280605 -0.075007387 0.005210761 0.997169375 59.683990479
0.996294320 -0.043393616 0.074259475 4.810822964 0.043982498 0.999012411 -0.006312449 -6.718075275 -0.073912203 0.009555176 0.997218907 60.871982574
0.996310115 -0.044520505 0.073376291 4.943927288 0.045393154 0.998916447 -0.010267681 -6.847671509 -0.072839662 0.013560575 0.997251451 62.065917969
0.996368110 -0.046020400 0.071643382 5.094620705 0.047037210 0.998813987 -0.012569889 -6.979800701 -0.070979945 0.015894141 0.997351110 63.258415222
0.996474624 -0.046527728 0.069810301 5.221713066 0.047514487 0.998791814 -0.012540488 -7.116404057 -0.069142491 0.015813278 0.997481465 64.433830261
0.996676505 -0.046189897 0.067099504 5.352426052 0.047093172 0.998819172 -0.011941937 -7.250410080 -0.066468671 0.015062177 0.997674823 65.608718872
0.996950090 -0.044792298 0.063907295 5.474320412 0.045522545 0.998913109 -0.010015934 -7.391687393 -0.063389197 0.012894611 0.997905552 66.818008423
0.997334898 -0.041143350 0.060250945 5.592537880 0.041609988 0.999112666 -0.006510439 -7.519462109 -0.059929624 0.009000130 0.998161972 67.991775513
0.997586787 -0.039368995 0.057189673 5.705231667 0.039660778 0.999205291 -0.003975576 -7.644912720 -0.056987710 0.006234169 0.998355329 69.159790039
0.997823417 -0.038320646 0.053667918 5.830920219 0.038763460 0.999222219 -0.007234102 -7.787029743 -0.053348955 0.009298709 0.998532653 70.378501892
0.998008549 -0.038633358 0.049865514 5.941245079 0.039366927 0.999129236 -0.013813181 -7.916893959 -0.049288448 0.015748722 0.998660445 71.536582947
0.998059034 -0.042041622 0.045942470 6.054336071 0.042869117 0.998933017 -0.017176660 -8.050905228 -0.045171313 0.019112827 0.998796344 72.722106934
0.998074412 -0.045265928 0.042409096 6.152374268 0.045816265 0.998876691 -0.012095796 -8.185606003 -0.041813932 0.014015529 0.999027073 73.889801025
0.998074949 -0.049461544 0.037415124 6.266243935 0.049792226 0.998728037 -0.007958400 -8.306729317 -0.036973890 0.009806061 0.999268115 75.060546875
0.998140335 -0.051257204 0.032992631 6.359876633 0.051469684 0.998658776 -0.005622990 -8.424075127 -0.032660160 0.007310653 0.999439716 76.235595703
0.998337090 -0.050124742 0.028468950 6.452432632 0.050233219 0.998732686 -0.003107627 -8.552590370 -0.028277105 0.004532548 0.999589860 77.395606995
0.998442411 -0.050020248 0.024707381 6.540889263 0.050119642 0.998737395 -0.003419955 -8.669941902 -0.024505118 0.004652953 0.999688923 78.553298950
0.998631179 -0.047877885 0.021058831 6.624273300 0.047987353 0.998836696 -0.004723444 -8.803339005 -0.020808188 0.005727536 0.999767065 79.726570129
0.998743653 -0.046487194 0.018710930 6.674630165 0.046669535 0.998865902 -0.009429261 -8.932830811 -0.018251376 0.010290644 0.999780416 80.868675232
0.998643279 -0.049980428 0.014615487 6.758502007 0.050196193 0.998629868 -0.014788407 -9.058855057 -0.013856336 0.015501984 0.999783814 82.014198303
0.998465419 -0.054159492 0.011555720 6.820994854 0.054336090 0.998401463 -0.015559090 -9.189964294 -0.010694576 0.016163103 0.999812126 83.165634155
0.998493016 -0.054432236 0.006986134 6.898092270 0.054515190 0.998437345 -0.012291754 -9.320309639 -0.006306151 0.012654080 0.999900043 84.322853088
0.998512983 -0.054269183 0.005168423 6.933545113 0.054319222 0.998472631 -0.010090578 -9.452136993 -0.004612920 0.010356320 0.999935746 85.452301025
0.998640776 -0.051908039 0.004708101 6.978642941 0.051959369 0.998582661 -0.011530506 -9.577497482 -0.004102902 0.011759464 0.999922454 86.577766418
0.998830378 -0.048118126 0.004755758 7.026915073 0.048181411 0.998737156 -0.014232710 -9.709222794 -0.004064901 0.014445201 0.999887347 87.690727234
0.998886406 -0.047076818 0.003162062 7.084947586 0.047123794 0.998745501 -0.016932560 -9.845582962 -0.002360964 0.017062712 0.999851644 88.804519653
0.998818517 -0.048560724 0.001874709 7.137457848 0.048586335 0.998662353 -0.017687770 -9.975163460 -0.001013270 0.017757960 0.999841809 89.916969299
0.998789966 -0.049174856 0.000772272 7.189929485 0.049180921 0.998670936 -0.015413437 -10.104166985 -0.000013292 0.015432766 0.999880910 91.019706726
0.998706222 -0.050850872 0.000126141 7.238755226 0.050848499 0.998628795 -0.012447777 -10.237448692 0.000507012 0.012438087 0.999922514 92.211120605
0.998759866 -0.049786404 -0.000258024 7.284954548 0.049780119 0.998693466 -0.011539664 -10.364799500 0.000832206 0.011512508 0.999933362 93.323562622
0.998710275 -0.050768115 -0.000664945 7.333896637 0.050753828 0.998612881 -0.014013667 -10.491949081 0.001375470 0.013961845 0.999901593 94.447776794
0.998685837 -0.051241331 -0.000918511 7.387111187 0.051217478 0.998534381 -0.017484963 -10.629680634 0.001813117 0.017414941 0.999846637 95.552597046
0.998653471 -0.051867984 -0.000995770 7.435064793 0.051840734 0.998484075 -0.018500207 -10.758413315 0.001953829 0.018423673 0.999828339 96.644828796
0.998644292 -0.052050117 -0.000464808 7.479572773 0.052034289 0.998495281 -0.017308718 -10.888791084 0.001365030 0.017261066 0.999850035 97.738014221
0.998665988 -0.051634576 -0.000192668 7.531428337 0.051628754 0.998597264 -0.011741985 -11.011259079 0.000798690 0.011716375 0.999931037 98.824577332
0.998761237 -0.049745109 0.001171986 7.579357624 0.049753346 0.998724878 -0.008558383 -11.131790161 -0.000744754 0.008606090 0.999962687 99.897285461
0.998822868 -0.048405550 0.003109302 7.632768154 0.048430286 0.998790920 -0.008446227 -11.246779442 -0.002696699 0.008586871 0.999959469 100.949943542
0.998914182 -0.046330314 0.004892798 7.684178352 0.046377745 0.998873115 -0.010072989 -11.374782562 -0.004420601 0.010288969 0.999937296 102.005332947
0.998893201 -0.046426214 0.007555270 7.736874580 0.046521634 0.998832881 -0.012985607 -11.487600327 -0.006943579 0.013322718 0.999887168 103.019676208
0.998802602 -0.048057809 0.009148283 7.798719406 0.048176080 0.998751879 -0.013179849 -11.608459473 -0.008503472 0.013604797 0.999871314 104.027168274
0.998695433 -0.049887363 0.010891826 7.860034466 0.050018884 0.998674214 -0.012156090 -11.741582870 -0.010270950 0.012685029 0.999866724 105.040588379
0.998685896 -0.049691495 0.012544563 7.919269562 0.049825095 0.998701930 -0.010571586 -11.855220795 -0.012002964 0.011182728 0.999865413 105.998420715
0.998623848 -0.050528158 0.014046443 7.976716995 0.050660651 0.998673081 -0.009241875 -11.962588310 -0.013560831 0.009940756 0.999858618 106.962371826
0.998554170 -0.051338550 0.015941476 8.032956123 0.051495966 0.998626709 -0.009625950 -12.067736626 -0.015425405 0.010432952 0.999826610 107.879447937
0.998541832 -0.050995033 0.017717121 8.093267441 0.051137533 0.998662055 -0.007685074 -12.170213699 -0.017301518 0.008579877 0.999813497 108.782173157
0.998547554 -0.050142940 0.019709520 8.148914337 0.050262522 0.998720169 -0.005618882 -12.266560555 -0.019402551 0.006601371 0.999789953 109.652809143
0.998521388 -0.050178416 0.020908937 8.207343102 0.050236680 0.998734891 -0.002270711 -12.368895531 -0.020768544 0.003317750 0.999778748 110.510688782
0.998491585 -0.050185144 0.022268971 8.269722939 0.050247747 0.998734236 -0.002260475 -12.458740234 -0.022127343 0.003376031 0.999749422 111.337913513
0.998493791 -0.049383655 0.023904078 8.313618660 0.049433060 0.998776257 -0.001479859 -12.548668861 -0.023801750 0.002659281 0.999713123 112.148925781
0.998585641 -0.047217023 0.024442289 8.365077019 0.047260802 0.998881757 -0.001216058 -12.627373695 -0.024357542 0.002369500 0.999700487 112.929344177
0.998731017 -0.044479799 0.023618972 8.411675453 0.044444263 0.999009728 0.002027547 -12.706734657 -0.023685770 -0.000975246 0.999718964 113.690086365
0.998798192 -0.044502951 0.020539220 8.456524849 0.044453736 0.999007404 0.002846865 -12.787148476 -0.020645525 -0.001930398 0.999784946 114.439956665
0.998905361 -0.044556167 0.014238963 8.490985870 0.044518478 0.999004245 0.002953124 -12.860802650 -0.014356364 -0.002315995 0.999894261 115.137199402
0.999067962 -0.042994056 0.003846113 8.516667366 0.042987462 0.999074042 0.001781637 -12.935101509 -0.003919147 -0.001614641 0.999991000 115.811820984
0.999139726 -0.040209252 -0.010151587 8.517740250 0.040200777 0.999191046 -0.001038423 -13.002292633 0.010185130 0.000629428 0.999947906 116.448783875
0.998823106 -0.038768221 -0.029145462 8.518823624 0.038689155 0.999245942 -0.003272026 -13.075306892 0.029250339 0.002140562 0.999569833 117.070724487
0.997987866 -0.037073322 -0.051436767 8.483554840 0.036836017 0.999305904 -0.005554215 -13.144687653 0.051606975 0.003648314 0.998660803 117.658477783
0.996207297 -0.035659663 -0.079369217 8.444204330 0.035187405 0.999353707 -0.007341186 -13.210230827 0.079579696 0.004520547 0.996818244 118.226684570
0.993194580 -0.033674058 -0.111492842 8.373329163 0.032859594 0.999418139 -0.009135140 -13.279172897 0.111735582 0.005409363 0.993723273 118.772521973
0.988738894 -0.028908826 -0.146831840 8.260890961 0.027633861 0.999560714 -0.010715978 -13.343388557 0.147077128 0.006537775 0.989103496 119.316436768
0.982357800 -0.023025064 -0.185588360 8.159759521 0.021475405 0.999715745 -0.010356189 -13.396356583 0.185774058 0.006187898 0.982573032 119.833152771
0.973734379 -0.017657002 -0.227001488 8.015760422 0.016155202 0.999833584 -0.008472134 -13.453307152 0.227113321 0.004582354 0.973857582 120.336822510
0.962274253 -0.013042773 -0.271768510 7.842920303 0.011533831 0.999907851 -0.007148981 -13.507769585 0.271836758 0.003744747 0.962336183 120.831878662
0.947997928 -0.006696508 -0.318206280 7.645347595 0.004577224 0.999962151 -0.007407319 -13.565880775 0.318243802 0.005565621 0.947992623 121.303085327
0.930468559 0.000927548 -0.366370767 7.414764404 -0.004165499 0.999958873 -0.008047475 -13.623420715 0.366348237 0.009014040 0.930434167 121.776588440
0.909306169 0.005535882 -0.416091174 7.164501190 -0.010163552 0.999908686 -0.008907665 -13.675301552 0.416003972 0.012328758 0.909279227 122.199638367
0.884122550 0.009917389 -0.467149824 6.895385742 -0.015274648 0.999853849 -0.007682161 -13.727336884 0.467005372 0.013927520 0.884144783 122.612747192
0.854913831 0.012872155 -0.518610358 6.613162994 -0.019617639 0.999779284 -0.007524100 -13.769562721 0.518399060 0.016606370 0.854977548 123.011459351
0.823415697 0.022770543 -0.566981673 6.285560608 -0.030509712 0.999525785 -0.004166678 -13.820662498 0.566617966 0.020729359 0.823719859 123.376541138
0.789175868 0.035937671 -0.613114953 5.938766479 -0.043695033 0.999042332 0.002316341 -13.860139847 0.612610936 0.024962079 0.789990306 123.739746094
0.753074229 0.044630863 -0.656420052 5.582263947 -0.054661535 0.998491466 0.005178627 -13.906939507 0.655660927 0.031981036 0.754377842 124.050811768
0.713289797 0.048475552 -0.699190795 5.212844849 -0.061761852 0.998071730 0.006189986 -13.951481819 0.698142529 0.038768064 0.714908361 124.344772339
0.670720935 0.050121289 -0.740014315 4.833911896 -0.064405777 0.997881234 0.009211708 -13.997100830 0.738908112 0.041482702 0.672528088 124.630424500
0.626722693 0.053453978 -0.777406812 4.424041748 -0.067234084 0.997633457 0.014394455 -14.033462524 0.776336312 0.043246899 0.628833532 124.897338867
0.581009746 0.061913043 -0.811538219 4.014560699 -0.077775061 0.996762991 0.020362023 -14.068404198 0.810171843 0.051286899 0.583944440 125.123870850
0.536141217 0.071594663 -0.841086566 3.531253815 -0.090758197 0.995509923 0.026886631 -14.092365265 0.839235127 0.061920483 0.540231645 125.352386475
0.489325285 0.076603130 -0.868730545 3.082683563 -0.096477345 0.994775414 0.033375278 -14.114365578 0.866748512 0.067481443 0.494159222 125.543724060
0.441580594 0.077783927 -0.893843532 2.623283386 -0.095702738 0.994634807 0.039275482 -14.139263153 0.892102897 0.068199985 0.446655571 125.726509094
0.394579053 0.079326794 -0.915431380 2.149684906 -0.093360335 0.994571745 0.045943525 -14.159178734 0.914106846 0.067336641 0.399843156 125.895965576
0.349293292 0.082152389 -0.933405221 1.652091980 -0.094823085 0.994134426 0.052013278 -14.180345535 0.932203233 0.070340484 0.355034292 126.034286499
0.305209875 0.085472211 -0.948441565 1.122768402 -0.100482330 0.993294477 0.057178926 -14.198545456 0.946968913 0.077850059 0.311751693 126.160263062
0.263775945 0.086778544 -0.960672617 0.609436035 -0.105105355 0.992600560 0.060803410 -14.214484215 0.958840549 0.084933363 0.270945013 126.260757446
0.225083500 0.083499797 -0.970754981 0.083284378 -0.105578028 0.992544830 0.060894277 -14.229419708 0.968602419 0.088784099 0.232221216 126.349746704
0.190632075 0.078141727 -0.978546560 -0.446432114 -0.100461408 0.993146062 0.059736535 -14.246596336 0.976507545 0.086918466 0.197175711 126.434867859
0.159485206 0.073562630 -0.984455705 -1.005201340 -0.098403685 0.993437827 0.058292076 -14.272617340 0.982283652 0.087577350 0.165677473 126.521827698
0.132609442 0.071899712 -0.988557160 -1.568265915 -0.099232659 0.993317425 0.058934432 -14.293054581 0.986188471 0.090281874 0.138858080 126.593673706
0.110998064 0.071133219 -0.991271675 -2.153905869 -0.100124851 0.993160665 0.060057268 -14.307354927 0.988764107 0.092584684 0.117361113 126.650833130
0.092726991 0.072372846 -0.993057847 -2.762345314 -0.102286167 0.992770612 0.062800929 -14.319974899 0.990423739 0.095752753 0.099459380 126.699035645
0.076847076 0.070615977 -0.994539142 -3.366986275 -0.103212722 0.992693067 0.062509775 -14.344628334 0.991686225 0.097845398 0.083574042 126.743995667
0.062536456 0.069917180 -0.995590687 -4.004952908 -0.101746216 0.992792547 0.063329652 -14.374258995 0.992842853 0.097337171 0.069199540 126.801078796
0.050113238 0.067353785 -0.996469796 -4.635738373 -0.097775146 0.993261635 0.062219761 -14.396344185 0.993946016 0.094311953 0.056361098 126.849082947
0.038185127 0.064588130 -0.997181177 -5.288946152 -0.095399909 0.993586421 0.060702156 -14.412549019 0.994706392 0.092813082 0.044101939 126.885299683
0.027318172 0.064508855 -0.997543216 -5.950267792 -0.095462926 0.993523002 0.061634593 -14.434272766 0.995058060 0.093544632 0.033299446 126.915428162
0.017982896 0.066204973 -0.997644007 -6.636826038 -0.099314243 0.992989004 0.064105868 -14.463706970 0.994893610 0.097927444 0.024431914 126.937644958
0.009725714 0.065307140 -0.997817874 -7.318106174 -0.101677611 0.992757678 0.063984886 -14.482182503 0.994769812 0.100833431 0.016295552 126.953208923
0.003097772 0.064743824 -0.997897148 -8.005073547 -0.104319364 0.992478132 0.064068399 -14.504319191 0.994539022 0.103901528 0.009828509 126.968315125
-0.002425663 0.065996788 -0.997816861 -8.707811356 -0.104783222 0.992310107 0.065887302 -14.523761749 0.994492114 0.104714304 0.004508348 126.988082886
-0.005725419 0.068551265 -0.997631192 -9.416519165 -0.107096843 0.991867423 0.068769850 -14.542531967 0.994232059 0.107236892 0.001662768 127.005546570
-0.006628518 0.071982764 -0.997383893 -10.131892204 -0.108894676 0.991422355 0.072276212 -14.564407349 0.994031250 0.109088883 0.001266881 127.014961243
-0.007814326 0.075519755 -0.997113705 -10.873137474 -0.111402243 0.990871191 0.075920016 -14.583044052 0.993744671 0.111673981 0.000670079 127.030349731
-0.008663330 0.080881454 -0.996686101 -11.614869118 -0.116220176 0.989887178 0.081339926 -14.588567734 0.993185639 0.116539709 0.000824336 127.039085388
-0.010019301 0.084319681 -0.996388376 -12.352434158 -0.119026482 0.989253581 0.084912792 -14.598744392 0.992840528 0.119447358 0.000124647 127.050750732
-0.011376300 0.085130602 -0.996304870 -13.105252266 -0.118611217 0.989219844 0.085879587 -14.619565010 0.992875516 0.119149938 -0.001156218 127.068130493
-0.013039467 0.082186162 -0.996531665 -13.849064827 -0.116167538 0.989743173 0.083146349 -14.638183594 0.993144035 0.116848812 -0.003358361 127.089866638
-0.014725311 0.078505591 -0.996804893 -14.610319138 -0.119947471 0.989575267 0.079708129 -14.641712189 0.992670953 0.120737955 -0.005155257 127.101203918
-0.015720831 0.080270939 -0.996649086 -15.376934052 -0.124993250 0.988795459 0.081610017 -14.653114319 0.992033064 0.125857383 -0.005511359 127.100181580
-0.017506670 0.083821498 -0.996326923 -16.145503998 -0.121964350 0.988859177 0.085336275 -14.666899681 0.992380202 0.123010322 -0.007088395 127.115669250
-0.019380316 0.083887547 -0.996286750 -16.921216965 -0.120959707 0.988957703 0.085623413 -14.683412552 0.992468297 0.122169942 -0.009019300 127.126808167
-0.020621283 0.082984246 -0.996337473 -17.718284607 -0.123860575 0.988660276 0.084908374 -14.694912910 0.992085457 0.125157833 -0.010108966 127.125549316
-0.021132631 0.082764655 -0.996344984 -18.505254745 -0.128529444 0.988073111 0.084803648 -14.700195312 0.991480470 0.129851803 -0.010242890 127.123191833
-0.022096345 0.087309025 -0.995936155 -19.310119629 -0.130338356 0.987425804 0.089454696 -14.707483292 0.991223395 0.131785318 -0.010438790 127.124816895
-0.022788767 0.091544174 -0.995540202 -20.123209000 -0.129054859 0.987197638 0.093731210 -14.714462280 0.991375506 0.130615324 -0.010682796 127.137718201
-0.022297181 0.093970142 -0.995325267 -20.942602158 -0.130466789 0.986785591 0.096086591 -14.727350235 0.991201878 0.131999344 -0.009742553 127.155693054
-0.020561300 0.092762709 -0.995475888 -21.761003494 -0.129892766 0.986999512 0.094655752 -14.732675552 0.991314888 0.131251365 -0.008244790 127.166442871
-0.019388912 0.092685290 -0.995506644 -22.592338562 -0.129958451 0.987012923 0.094425626 -14.735772133 0.991329789 0.131205320 -0.007091871 127.176635742
-0.019213160 0.091749310 -0.995596707 -23.424329758 -0.128551781 0.987288535 0.093464479 -14.741492271 0.991516650 0.129781500 -0.007174395 127.197113037
-0.018339081 0.093658440 -0.995435476 -24.263132095 -0.129496172 0.986994505 0.095249958 -14.746487617 0.991410255 0.130651876 -0.005972167 127.213981628
-0.017821511 0.095749222 -0.995245934 -25.101699829 -0.131160378 0.986578226 0.097263969 -14.747623444 0.991200984 0.132270217 -0.005023811 127.229698181
-0.017860731 0.098137140 -0.995012581 -25.965349197 -0.133663908 0.986004293 0.099647947 -14.747614861 0.990865707 0.134777054 -0.004493361 127.243629456
-0.016182393 0.099244960 -0.994931519 -26.829402924 -0.135884941 0.985611439 0.100525439 -14.743643761 0.990592420 0.136822954 -0.002463656 127.253479004
-0.014714325 0.102456905 -0.994628608 -27.698301315 -0.142590046 0.984354615 0.103508040 -14.743850708 0.989672482 0.143347189 0.000125221 127.269226074
-0.012136777 0.106118277 -0.994279444 -28.582782745 -0.147470936 0.983289242 0.106745407 -14.736419678 0.988991857 0.147922844 0.003715396 127.280235291
-0.010170043 0.108037159 -0.994094789 -29.457920074 -0.150044635 0.982725620 0.108336583 -14.731131554 0.988626897 0.150260359 0.006216032 127.310279846
-0.005977623 0.108895309 -0.994035184 -30.360992432 -0.149162591 0.982834637 0.108565278 -14.730936050 0.988794625 0.148921818 0.010368087 127.325881958
-0.003279225 0.108885527 -0.994048834 -31.253705978 -0.151821524 0.982476711 0.108118773 -14.724378586 0.988402426 0.151272580 0.013309404 127.352920532
-0.001061626 0.112743154 -0.993623614 -32.153358459 -0.152221590 0.982026517 0.111589946 -14.716128349 0.988345802 0.151369438 0.016119402 127.384414673
0.001532285 0.114592455 -0.993411422 -33.070323944 -0.151373476 0.981991649 0.113041662 -14.708684921 0.988475442 0.150202915 0.018850949 127.420738220
0.003281154 0.115986437 -0.993245363 -33.962577820 -0.152060837 0.981757939 0.114142686 -14.705154419 0.988365650 0.150659174 0.020858293 127.461166382
0.005883845 0.114134319 -0.993447840 -34.865798950 -0.153409123 0.981807768 0.111888438 -14.697468758 0.988145232 0.151745617 0.023286050 127.491096497
0.006223263 0.115414776 -0.993297815 -35.776191711 -0.157754391 0.980992138 0.112996519 -14.687891960 0.987458766 0.155993909 0.024312153 127.530433655
0.007415552 0.115952015 -0.993227124 -36.670799255 -0.158486530 0.980836451 0.113322221 -14.681468010 0.987333238 0.156572804 0.025650276 127.565635681
0.007420403 0.112560220 -0.993617177 -37.565494537 -0.158931360 0.981146932 0.109960631 -14.678567886 0.987261713 0.157100976 0.025169855 127.601928711
0.008451045 0.108447246 -0.994066298 -38.471519470 -0.160261959 0.981398523 0.105702795 -14.678637505 0.987038255 0.158417687 0.025673814 127.644523621
0.008936786 0.107620493 -0.994151890 -39.368350983 -0.159893259 0.981553435 0.104819328 -14.672201157 0.987093806 0.158021450 0.025979724 127.685989380
0.008712963 0.111658402 -0.993708551 -40.269004822 -0.162346765 0.980719864 0.108775459 -14.664658546 0.986695230 0.160377577 0.026672356 127.725875854
0.009075270 0.117848508 -0.992990136 -41.213619232 -0.162970692 0.979928255 0.114808887 -14.650798798 0.986589193 0.160786346 0.028098969 127.762351990
0.009282987 0.116392247 -0.993159950 -42.109107971 -0.160782546 0.980453610 0.113400325 -14.648923874 0.986946225 0.158630088 0.027815381 127.806510925
0.010276226 0.106099322 -0.994302452 -42.998779297 -0.160085201 0.981704116 0.103100501 -14.653547287 0.987049758 0.158113629 0.027073151 127.846954346
0.010486145 0.095760696 -0.995349169 -43.921772003 -0.161988392 0.982418597 0.092810072 -14.657567978 0.986736953 0.160261795 0.025813900 127.888824463
0.009351746 0.092718914 -0.995648384 -44.821289062 -0.158763170 0.983199835 0.090068445 -14.664953232 0.987272382 0.157229975 0.023914983 127.935134888
0.009502937 0.102631375 -0.994674027 -45.741874695 -0.151409402 0.983397603 0.100021318 -14.665563583 0.988425434 0.149652496 0.024884518 127.981872559
0.009403257 0.115878969 -0.993218839 -46.683856964 -0.146513999 0.982702672 0.113264963 -14.662497520 0.989163876 0.144455418 0.026218504 128.038162231
0.009480183 0.124856219 -0.992129564 -47.604576111 -0.146682158 0.981615126 0.122131415 -14.652885437 0.989138246 0.144369870 0.027620073 128.084014893
0.009492532 0.119176731 -0.992827654 -48.521629333 -0.146859109 0.982272267 0.116505533 -14.648046494 0.989111841 0.144699857 0.026826439 128.122238159
0.009511486 0.105810255 -0.994340956 -49.445308685 -0.146829203 0.983755291 0.103279337 -14.647798538 0.989116251 0.145015895 0.024893016 128.164825439
0.010080921 0.096738704 -0.995258808 -50.359542847 -0.147481725 0.984568119 0.094205752 -14.645541191 0.989013493 0.145832777 0.024192542 128.206909180
0.010823590 0.096817091 -0.995243311 -51.293247223 -0.146328956 0.984740376 0.094203979 -14.651520729 0.989176691 0.144613311 0.024825569 128.250427246
0.009926029 0.098458491 -0.995091677 -52.224670410 -0.149264336 0.984137297 0.095885694 -14.667933464 0.988747537 0.147579923 0.024464915 128.292816162
0.010639384 0.097839981 -0.995145261 -53.180881500 -0.154328927 0.983438075 0.095038973 -14.670766830 0.987962246 0.152568594 0.025562713 128.324172974
0.011108360 0.097254962 -0.995197535 -54.111610413 -0.155843958 0.983265340 0.094349384 -14.670412064 0.987719178 0.154047444 0.026079066 128.366516113
0.012039894 0.104754388 -0.994425178 -55.059741974 -0.165211990 0.981037438 0.101343788 -14.667498589 0.986184478 0.163070813 0.029118262 128.398757935
0.013644977 0.114438534 -0.993336558 -56.009975433 -0.170882538 0.979081333 0.110448904 -14.664115906 0.985196948 0.168236807 0.032915089 128.434432983
0.014728846 0.122327611 -0.992380619 -56.977519989 -0.170854926 0.978199422 0.118043751 -14.658615112 0.985186040 0.167814448 0.035308030 128.491546631
0.015587391 0.123287812 -0.992248595 -57.919559479 -0.172261134 0.977861941 0.118794203 -14.650451660 0.984928012 0.169074163 0.036480021 128.537002563
0.016949322 0.113341235 -0.993411541 -58.860492706 -0.173903659 0.978744984 0.108700767 -14.642721176 0.984616816 0.170915499 0.036299519 128.589569092
0.017844498 0.108594865 -0.993925929 -59.800682068 -0.172253847 0.979554296 0.103932075 -14.643188477 0.984890938 0.169352934 0.036185544 128.646026611
0.020172032 0.107090056 -0.994044662 -60.753742218 -0.171134546 0.979943395 0.102098078 -14.645219803 0.985041142 0.168055877 0.038094256 128.701522827
0.023057349 0.113136917 -0.993311763 -61.733242035 -0.172695577 0.979090512 0.107508406 -14.646383286 0.984705329 0.169061691 0.042113464 128.768310547
0.026921744 0.115341954 -0.992960870 -62.695053101 -0.175712049 0.978401184 0.108886689 -14.644880295 0.984073400 0.171543777 0.046607241 128.819381714
0.031161116 0.110185646 -0.993422389 -63.644592285 -0.174916625 0.979168534 0.103117973 -14.644331932 0.984090090 0.170552805 0.049785279 128.877212524
0.033585459 0.104135014 -0.993995905 -64.597892761 -0.174842358 0.979832053 0.096743532 -14.648586273 0.984023511 0.170543432 0.051115319 128.951004028
0.037592750 0.104186453 -0.993847072 -65.560005188 -0.172042385 0.980374515 0.096266530 -14.648898125 0.984371960 0.167364895 0.054779459 129.015029907
0.039924379 0.108850732 -0.993255973 -66.536613464 -0.170072183 0.980283797 0.100592993 -14.663642883 0.984622478 0.164909109 0.057649709 129.097473145
0.043355186 0.115560226 -0.992353857 -67.495132446 -0.169422537 0.979751527 0.106690735 -14.663670540 0.984589398 0.163501501 0.062055815 129.175476074
0.045777410 0.119571626 -0.991769671 -68.461402893 -0.167245373 0.979714751 0.110398665 -14.667477608 0.984851956 0.160815135 0.064846613 129.260925293
0.048253790 0.121291153 -0.991443396 -69.444007874 -0.166818947 0.979636848 0.111727647 -14.665495872 0.984806120 0.160000280 0.067504846 129.338287354
0.050194979 0.118254431 -0.991713762 -70.386878967 -0.165001556 0.980302513 0.108542271 -14.660132408 0.985015213 0.158186048 0.068718441 129.418731689
0.050842352 0.116772838 -0.991856337 -71.332733154 -0.163032070 0.980789125 0.107112877 -14.661409378 0.985309958 0.156258509 0.068903357 129.505371094
0.051088452 0.113441706 -0.992230177 -72.276992798 -0.159922078 0.981636226 0.103996329 -14.671990395 0.985806704 0.153366536 0.068292104 129.595520020
0.051197384 0.113024272 -0.992272317 -73.271057129 -0.158408791 0.981915891 0.103671364 -14.660817146 0.986045361 0.151876971 0.068175569 129.673461914
0.051138889 0.117895290 -0.991708398 -74.227157593 -0.155296132 0.981867433 0.108717315 -14.661792755 0.986543417 0.148448825 0.068520293 129.756668091
0.050265323 0.119733632 -0.991532803 -75.189590454 -0.149190947 0.982548773 0.111085571 -14.667950630 0.987529933 0.142343968 0.067251317 129.855300903
0.049372602 0.115389779 -0.992092550 -76.149787903 -0.146405876 0.983410537 0.107093930 -14.657227516 0.987991750 0.139960647 0.065447278 129.939682007
0.048552733 0.111070290 -0.992625833 -77.100257874 -0.148589283 0.983542740 0.102785923 -14.649494171 0.987706363 0.142502993 0.064257540 130.007858276
0.047440980 0.108207509 -0.992995739 -78.047912598 -0.145069912 0.984321296 0.100331426 -14.651041985 0.988283396 0.139293984 0.062394809 130.089584351
0.045877337 0.109127000 -0.992968559 -79.013839722 -0.145276353 0.984176338 0.101448625 -14.653132439 0.988326848 0.139600679 0.061004963 130.161010742
0.044941626 0.110223100 -0.992890239 -79.966804504 -0.146473199 0.983880222 0.102592997 -14.653806686 0.988193154 0.140821159 0.060361918 130.238235474
0.043429494 0.110385597 -0.992939532 -80.921218872 -0.148020267 0.983619153 0.102875300 -14.654243469 0.988030255 0.142507359 0.059057392 130.312911987
0.042412996 0.111507878 -0.992857993 -81.872238159 -0.147973731 0.983493626 0.104135007 -14.656492233 0.988081455 0.142500237 0.058213145 130.376129150
0.040243264 0.111809678 -0.992914379 -82.834106445 -0.148025423 0.983421504 0.104741171 -14.658228874 0.988164365 0.142761454 0.056126762 130.448608398
0.038428582 0.113646358 -0.992777765 -83.786300659 -0.148078084 0.983190238 0.106816992 -14.645491600 0.988228738 0.142903790 0.054611139 130.519744873
0.036922131 0.117304318 -0.992409468 -84.740531921 -0.149397731 0.982573926 0.110583492 -14.636741638 0.988087595 0.144180730 0.053803727 130.578018188
0.034915086 0.122413054 -0.991864979 -85.690834045 -0.150650203 0.981773913 0.115864538 -14.627191544 0.987970412 0.145379230 0.052720267 130.641418457
0.032947876 0.122137778 -0.991966069 -86.641723633 -0.150605649 0.981778741 0.115881100 -14.621816635 0.988044739 0.145577669 0.050742168 130.701568604
0.031949300 0.116892874 -0.992630422 -87.586654663 -0.150773793 0.982336223 0.110827722 -14.616017342 0.988051772 0.146121830 0.049009338 130.762008667
0.029283367 0.112103909 -0.993264914 -88.536895752 -0.154705495 0.982225597 0.106296934 -14.602475166 0.987526536 0.150550812 0.046105970 130.823074341
0.028219705 0.109866060 -0.993545592 -89.480537415 -0.152672768 0.982753694 0.104336306 -14.598676682 0.987873912 0.148743063 0.044506580 130.886550903
0.027386809 0.111226521 -0.993417621 -90.443977356 -0.148408607 0.983229399 0.105994441 -14.602431297 0.988546848 0.144528851 0.043434490 130.941650391
0.026671493 0.112527795 -0.993290544 -91.392951965 -0.145401701 0.983513415 0.107515879 -14.599934578 0.989013135 0.141558543 0.042593505 131.002777100
0.025886780 0.112447128 -0.993320465 -92.341781616 -0.139869332 0.984286606 0.107779376 -14.603706360 0.989831507 0.136144996 0.041207917 131.065582275
0.024624098 0.109694973 -0.993660271 -93.284919739 -0.135927871 0.985098183 0.105381325 -14.606037140 0.990412593 0.132471174 0.039167762 131.128082275
0.024038762 0.106398746 -0.994032979 -94.229843140 -0.130930528 0.986090720 0.102382340 -14.608518600 0.991100013 0.127688080 0.037635244 131.188751221
0.021989191 0.109094873 -0.993788123 -95.209060669 -0.129241005 0.985997856 0.105380021 -14.612051010 0.991369307 0.126120955 0.035780821 131.248321533
0.020766350 0.111438587 -0.993554354 -96.157585144 -0.128612280 0.985809565 0.107881770 -14.609219551 0.991477489 0.125542969 0.034804028 131.302886963
0.019316012 0.109279789 -0.993823349 -97.116096497 -0.124471314 0.986538470 0.106059514 -14.605608940 0.992035210 0.121653825 0.032658182 131.353225708
0.017332951 0.106238149 -0.994189620 -98.067489624 -0.121601835 0.987181723 0.103369251 -14.604165077 0.992427588 0.119103581 0.030029522 131.402221680
0.013760782 0.103175655 -0.994567931 -99.032501221 -0.120144978 0.987626374 0.100793228 -14.595291138 0.992660999 0.118105337 0.025986545 131.453826904
0.011139278 0.102436468 -0.994677126 -99.987022400 -0.114547908 0.988321126 0.100499086 -14.605597496 0.993355274 0.112818696 0.022743070 131.501678467
0.008847641 0.102389522 -0.994704962 -100.946388245 -0.107745558 0.989050210 0.100849085 -14.599239349 0.994139194 0.106282771 0.019782778 131.544769287
0.006316884 0.110380575 -0.993869305 -101.910194397 -0.097813204 0.989191234 0.109239340 -14.599165916 0.995184660 0.096523494 0.017045282 131.605178833
0.003699169 0.118492827 -0.992947936 -102.867492676 -0.089786179 0.988983631 0.117685251 -14.594517708 0.995954156 0.088717669 0.014297438 131.659332275
0.000325494 0.118230879 -0.992986023 -103.823158264 -0.085380249 0.989363432 0.117771551 -14.589000702 0.996348321 0.084743060 0.010416614 131.709014893
-0.001875804 0.107742131 -0.994177222 -104.773635864 -0.086281069 0.990453959 0.107501455 -14.586007118 0.996269047 0.085980304 0.007438210 131.737319946
-0.003962466 0.098187909 -0.995160103 -105.720420837 -0.088021293 0.991270900 0.098154679 -14.582567215 0.996110737 0.087984212 0.004714750 131.773452759
-0.003998298 0.100064240 -0.994972944 -106.684585571 -0.095573150 0.990388036 0.099987209 -14.587551117 0.995414376 0.095492475 0.005603589 131.786300659
-0.005105393 0.109280683 -0.993997693 -107.646659851 -0.098766871 0.989095449 0.109248988 -14.574720383 0.995097518 0.098731816 0.005743590 131.824783325
-0.006581596 0.120550260 -0.992685437 -108.610054016 -0.102727853 0.987373292 0.120586261 -14.562044144 0.994687736 0.102770105 0.005885378 131.852294922
-0.008002541 0.122411482 -0.992447138 -109.551261902 -0.109765783 0.986374021 0.122547477 -14.552436829 0.993925154 0.109917447 0.005543094 131.881179810
-0.007881526 0.119279653 -0.992829442 -110.534873962 -0.116814710 0.985952616 0.119380780 -14.533701897 0.993122458 0.116917968 0.006162805 131.900604248
-0.008133896 0.115471713 -0.993277550 -111.489311218 -0.125017181 0.985399485 0.115579642 -14.521901131 0.992121279 0.125116855 0.006420811 131.923385620
-0.005915095 0.117297180 -0.993079305 -112.456626892 -0.129504323 0.984643519 0.117072165 -14.501347542 0.991561234 0.129300550 0.009366234 131.945602417
-0.004563837 0.118447736 -0.992949784 -113.435035706 -0.137426153 0.983464599 0.117947906 -14.484056473 0.990501523 0.136995569 0.011789449 131.971008301
-0.004034276 0.121171467 -0.992623448 -114.398727417 -0.146689296 0.981821954 0.120449103 -14.467245102 0.989174485 0.146093145 0.013813616 131.990203857
-0.003845296 0.123298422 -0.992362142 -115.373199463 -0.152159989 0.980741858 0.122444265 -14.446052551 0.988348424 0.151468605 0.014989845 132.016342163
-0.003956273 0.123026624 -0.992395461 -116.343750000 -0.155534968 0.980250299 0.122141019 -14.441341400 0.987822473 0.154835448 0.015256806 132.059829712
-0.002451696 0.113614000 -0.993521929 -117.298393250 -0.154528111 0.981547952 0.112626053 -14.443561554 0.987985373 0.153803229 0.015150102 132.091430664
-0.001208175 0.101808541 -0.994803250 -118.248695374 -0.157517835 0.982365549 0.100726977 -14.432778358 0.987515390 0.156820938 0.014849793 132.128921509
