1.000000000 0.000000000 0.000000000 0.000000000 0.000000000 1.000000000 0.000000000 0.000000000 0.000000000 0.000000000 1.000000000 0.000000000
0.999997854 -0.001572944 -0.001356647 0.048641771 0.001570015 0.999996424 -0.002157512 -0.132518917 0.001360036 0.002155377 0.999996781 1.298421383
0.999997675 0.000071958 -0.002165908 0.104316153 -0.000085922 0.999979198 -0.006447738 -0.267105490 0.002165399 0.006447909 0.999976873 2.606163502
0.999995887 0.002555161 -0.001242034 0.146634519 -0.002564975 0.999965012 -0.007964967 -0.405726492 0.001221639 0.007968120 0.999967515 3.909881115
0.999982953 0.005823400 0.000364537 0.190416396 -0.005820841 0.999960780 -0.006669089 -0.545082510 -0.000403360 0.006666853 0.999977708 5.221626282
0.999974966 0.006606698 0.002539994 0.241104662 -0.006598380 0.999972880 -0.003269135 -0.690019608 -0.002561523 0.003252294 0.999991357 6.542128086
0.999959528 0.006788840 0.005901710 0.297458172 -0.006777640 0.999975145 -0.001915557 -0.827814519 -0.005914569 0.001875480 0.999980748 7.845228672
0.999943733 0.005260404 0.009213119 0.352848172 -0.005244023 0.999984562 -0.001801246 -0.961990058 -0.009222452 0.001752830 0.999955893 9.151854515
0.999913275 0.003950254 0.012566737 0.430256993 -0.003928885 0.999990821 -0.001724602 -1.098481178 -0.012573432 0.001675079 0.999919534 10.451359749
0.999871850 0.002625900 0.015792040 0.498287290 -0.002587106 0.999993563 -0.002476475 -1.235695839 -0.015798442 0.002435302 0.999872208 11.758861542
0.999816179 0.001537379 0.019107085 0.574472070 -0.001474814 0.999993443 -0.003288104 -1.371175408 -0.019112013 0.003259321 0.999812007 13.052089691
0.999743402 0.001465444 0.022602938 0.641623139 -0.001392365 0.999993742 -0.003248589 -1.519391179 -0.022607556 0.003216283 0.999739230 14.377375603
0.999662280 0.001400196 0.025947046 0.727090657 -0.001288046 0.999989748 -0.004338501 -1.657393456 -0.025952853 0.004303616 0.999653876 15.670661926
0.999567866 0.002230287 0.029307816 0.804599285 -0.002104550 0.999988377 -0.004320356 -1.794671297 -0.029317115 0.004256810 0.999561012 16.974941254
0.999469519 0.001834710 0.032514468 0.895323157 -0.001707605 0.999990761 -0.003936525 -1.933577180 -0.032521393 0.003878915 0.999463439 18.261178970
0.999403596 0.000325838 0.034531005 0.997176528 -0.000198202 0.999993265 -0.003699634 -2.074505806 -0.034531966 0.003690583 0.999396801 19.559772491
0.999341607 -0.002190008 0.036214251 1.093559146 0.002371818 0.999984801 -0.004978213 -2.215744257 -0.036202800 0.005060830 0.999331713 20.837133408
0.999300659 -0.001860232 0.037345700 1.192390323 0.002108265 0.999975979 -0.006603264 -2.358266830 -0.037332516 0.006677381 0.999280512 22.140958786
0.999252975 -0.001705475 0.038608059 1.274364471 0.002062625 0.999955416 -0.009212718 -2.502686024 -0.038590625 0.009285470 0.999211907 23.426731110
0.999219060 -0.001292114 0.039490413 1.380191803 0.001715393 0.999941349 -0.010686520 -2.644131899 -0.039474294 0.010745915 0.999162793 24.714359283
0.999173939 -0.000760824 0.040631164 1.480819464 0.001224893 0.999934256 -0.011397840 -2.789514780 -0.040619817 0.011438193 0.999109209 25.983093262
0.999156833 -0.002138355 0.041000556 1.580604553 0.002568296 0.999942243 -0.010436435 -2.935796022 -0.040975861 0.010532939 0.999104619 27.277683258
0.999154568 -0.005089105 0.040796869 1.683742285 0.005477572 0.999940753 -0.009415878 -3.080995798 -0.040746529 0.009631385 0.999123096 28.559833527
0.999176443 -0.006706833 0.040018871 1.782293320 0.007099608 0.999927878 -0.009680695 -3.231222153 -0.039951064 0.009956840 0.999151945 29.844650269
0.999187768 -0.008473821 0.039395999 1.883988142 0.008962134 0.999884963 -0.012234987 -3.375926495 -0.039287794 0.012578121 0.999148726 31.108165741
0.999219477 -0.008531553 0.038570207 1.990621090 0.009012009 0.999883711 -0.012300067 -3.527590275 -0.038460784 0.012638063 0.999180198 32.397178650
0.999232650 -0.009131034 0.038089257 2.086359501 0.009621595 0.999872804 -0.012715914 -3.670759439 -0.037968300 0.013072634 0.999193490 33.662300110
0.999255896 -0.009562962 0.037364196 2.185517550 0.010048867 0.999867082 -0.012838495 -3.814999580 -0.037236456 0.013204410 0.999219179 34.933010101
0.999263287 -0.010087221 0.037028980 2.275382519 0.010588814 0.999854445 -0.013374909 -3.959566832 -0.036888670 0.013757148 0.999224722 36.197761536
0.999307215 -0.010546979 0.035691489 2.390205860 0.011031966 0.999849021 -0.013418854 -4.117871284 -0.035544567 0.013803305 0.999272764 37.480041504
0.999306798 -0.010192881 0.035806533 2.483227491 0.010612668 0.999876916 -0.011553319 -4.264553070 -0.035684366 0.011925313 0.999291897 38.740333557
0.999266386 -0.010385792 0.036860324 2.579271317 0.010783958 0.999885440 -0.010619724 -4.403613567 -0.036745809 0.011009436 0.999263942 40.005546570
0.999181449 -0.012180150 0.038575388 2.689846516 0.012535159 0.999881148 -0.008974568 -4.545183182 -0.038461495 0.009450771 0.999215364 41.253684998
0.999066412 -0.013231188 0.041124295 2.779049873 0.013659009 0.999855280 -0.010139600 -4.691526890 -0.040984187 0.010691851 0.999102592 42.511875153
0.998938859 -0.014506092 0.043711521 2.873178482 0.015101794 0.999797046 -0.013328711 -4.840364933 -0.043509305 0.013974687 0.998955309 43.761856079
0.998833001 -0.015596685 0.045709461 2.978742838 0.016274579 0.999762475 -0.014496030 -4.986759186 -0.045472521 0.015223014 0.998849571 45.027423859
0.998718560 -0.015565455 0.048156507 3.104618549 0.016216151 0.999782026 -0.013151058 -5.122913837 -0.047941312 0.013915118 0.998753250 46.258850098
0.998503447 -0.016968790 0.051988654 3.209197760 0.017492708 0.999800444 -0.009639115 -5.280162334 -0.051814713 0.010534111 0.998601139 47.524742126
0.998225570 -0.019924250 0.056113739 3.318489790 0.020395514 0.999761283 -0.007838232 -5.417324066 -0.055944167 0.008968791 0.998393595 48.742008209
0.997978389 -0.022057639 0.059602231 3.451113462 0.022573741 0.999713123 -0.007999609 -5.560185909 -0.059408680 0.009328882 0.998190165 49.996944427
0.997695267 -0.025418740 0.062911198 3.595188618 0.026210923 0.999586880 -0.011798810 -5.694653034 -0.062585294 0.013420580 0.997949362 51.229850769
0.997417510 -0.026558554 0.066729851 3.729968786 0.027412999 0.999553084 -0.011921503 -5.828252792 -0.066383414 0.013719981 0.997699797 52.464931488
0.997059703 -0.029136542 0.070873484 3.859966040 0.029873824 0.999509811 -0.009364958 -5.968958855 -0.070565872 0.011454685 0.997441292 53.682086945
0.996794641 -0.031671390 0.073467046 4.025894165 0.032200012 0.999463260 -0.006021823 -6.101747036 -0.073236890 0.008368159 0.997279584 54.877880096
0.996494949 -0.034129333 0.076374307 4.147050858 0.034578063 0.999391496 -0.004560339 -6.231453896 -0.076172210 0.007185229 0.997068703 56.120384216
0.996333361 -0.037411354 0.076943636 4.312654972 0.037626516 0.999290943 -0.001347922 -6.354433537 -0.076838665 0.004238100 0.997034431 57.320144653
0.996134341 -0.040012170 0.078200743 4.446931362 0.040136069 0.999194205 -0.000012652 -6.484899998 -0.078137234 0.003151274 0.996937573 58.551849365
0.996096671 -0.041772414 0.077758841 4.594633579 0.042153455 0.999105811 -0.003264643 -6.608480930 -0.077552937 0.006529703 0.996966839 59.743526459
0.996115565 -0.043075122 0.076800071 4.747114182 0.043785810 0.999012053 -0.007593228 -6.738691807 -0.076397128 0.010926485 0.997017622 60.943706512
0.996122062 -0.044481751 0.075909667 4.885244846 0.045482684 0.998898864 -0.011507491 -6.868617535 -0.075314201 0.014915440 0.997048318 62.124694824
0.996144712 -0.046485197 0.074396133 5.031758785 0.047630303 0.998771131 -0.013691541 -7.005284309 -0.073668264 0.017182263 0.997134686 63.336624146
0.996285558 -0.046549272 0.072444446 5.169875145 0.047662601 0.998769343 -0.013715117 -7.138325214 -0.071716845 0.017117064 0.997278094 64.511711121
0.996517837 -0.045556292 0.069833644 5.298728466 0.046592049 0.998825729 -0.013274596 -7.280338764 -0.069146901 0.016482063 0.997470438 65.732612610
0.996784508 -0.044877231 0.066382140 5.427672386 0.045732480 0.998888493 -0.011419994 -7.410562515 -0.065795861 0.014419095 0.997728944 66.907531738
0.997162640 -0.041190974 0.063009568 5.546846390 0.041737031 0.999101400 -0.007374078 -7.548336983 -0.062649213 0.009982985 0.997985661 68.100547791
0.997462392 -0.038957618 0.059591170 5.666257858 0.039355043 0.999210119 -0.005509637 -7.671672821 -0.059329461 0.007840868 0.998207688 69.283142090
0.997660041 -0.037961029 0.056862257 5.772985935 0.038494226 0.999224305 -0.008310782 -7.809242249 -0.056502674 0.010480205 0.998347461 70.455169678
0.997853577 -0.038015366 0.053319357 5.890024185 0.038889095 0.999124169 -0.015445731 -7.943083763 -0.052685488 0.017486118 0.998457968 71.641754150
0.997857571 -0.041968789 0.050186977 5.996279716 0.042944822 0.998905540 -0.018529955 -8.077770233 -0.049354367 0.020645529 0.998567820 72.813415527
0.997906566 -0.046070412 0.045386981 6.115663528 0.046723433 0.998817563 -0.013432927 -8.219094276 -0.044714458 0.015525442 0.998879075 73.986137390
0.997916162 -0.049792375 0.041037619 6.223461151 0.050179236 0.998704553 -0.008450829 -8.346817017 -0.040563665 0.010492457 0.999121785 75.147529602
0.997970819 -0.052065402 0.036651123 6.321383476 0.052315447 0.998613119 -0.005896004 -8.471659660 -0.036293313 0.007801460 0.999310732 76.337791443
0.998158097 -0.051294014 0.032391056 6.413677216 0.051432796 0.998670459 -0.003465588 -8.597003937 -0.032170229 0.005125168 0.999469221 77.496429443
0.998295546 -0.051040519 0.028298432 6.511661530 0.051159594 0.998684347 -0.003499474 -8.711977005 -0.028082583 0.004941245 0.999593377 78.650321960
0.998434842 -0.049579043 0.025880855 6.570852280 0.049726538 0.998749912 -0.005086518 -8.848529816 -0.025596317 0.006365521 0.999652088 79.818153381
0.998621464 -0.047353934 0.022644829 6.647829533 0.047588903 0.998817384 -0.009952357 -8.977952003 -0.022146767 0.011016280 0.999694049 80.962417603
0.998539090 -0.050745014 0.018563008 6.736743927 0.051020138 0.998589993 -0.014660105 -9.118110657 -0.017792907 0.015585776 0.999720216 82.119941711
0.998411238 -0.053940181 0.016299764 6.792535305 0.054199815 0.998403013 -0.015929908 -9.245853424 -0.015414470 0.016788039 0.999740243 83.254341125
0.998452663 -0.054198258 0.012437330 6.863554478 0.054354150 0.998442709 -0.012558932 -9.374283791 -0.011737287 0.013215521 0.999843776 84.391586304
0.998451829 -0.054864842 0.009158570 6.937839508 0.054954436 0.998440385 -0.009835895 -9.506206512 -0.008604640 0.010323970 0.999909699 85.521049500
0.998596728 -0.052257333 0.008586807 6.979874134 0.052355535 0.998560667 -0.011639954 -9.633686066 -0.007966175 0.012073187 0.999895394 86.671310425
0.998785794 -0.048582233 0.008156041 7.034090996 0.048700023 0.998701870 -0.014924979 -9.760107994 -0.007420366 0.015304060 0.999855340 87.791954041
0.998871982 -0.046964433 0.006997725 7.096386909 0.047081787 0.998734653 -0.017674098 -9.886541367 -0.006158815 0.017983632 0.999819338 88.891067505
0.998797774 -0.048581898 0.006531574 7.139679432 0.048693255 0.998649120 -0.018135313 -10.028543472 -0.005641703 0.018431550 0.999814332 90.033332825
0.998745561 -0.049809474 0.005136224 7.193956375 0.049883861 0.998634040 -0.015545967 -10.158113480 -0.004354874 0.015782682 0.999865890 91.147865295
0.998694658 -0.050898366 0.004270832 7.247362137 0.050949235 0.998619258 -0.012793667 -10.289392471 -0.003613759 0.012994563 0.999908984 92.264923096
0.998706400 -0.050717533 0.003633522 7.313776493 0.050758224 0.998636961 -0.012151519 -10.413781166 -0.003012275 0.012320232 0.999919593 93.395881653
0.998676121 -0.051309887 0.003635377 7.362067699 0.051356830 0.998578310 -0.014274089 -10.541256905 -0.002897806 0.014441895 0.999891520 94.504409790
0.998665810 -0.051550999 0.002977412 7.424576283 0.051596891 0.998501360 -0.018240202 -10.669337273 -0.002032649 0.018369494 0.999829233 95.613403320
0.998644590 -0.051960107 0.003025356 7.470326900 0.052008845 0.998461366 -0.019234223 -10.807203293 -0.002021289 0.019365497 0.999810576 96.717109680
0.998603702 -0.052759156 0.002676307 7.529909134 0.052798029 0.998451948 -0.017494544 -10.939557076 -0.001749167 0.017611422 0.999843419 97.802017212
0.998654842 -0.051722344 0.003655174 7.575029850 0.051763985 0.998582304 -0.012405293 -11.060717583 -0.003008361 0.012577808 0.999916375 98.883255005
0.998732924 -0.050077748 0.004979607 7.627972126 0.050121203 0.998702288 -0.009023057 -11.180607796 -0.004521291 0.009261208 0.999946892 99.950645447
0.998825133 -0.047922380 0.007196645 7.670704842 0.047985319 0.998808861 -0.008844667 -11.303442955 -0.006764216 0.009179611 0.999934912 101.009696960
0.998895764 -0.046048913 0.009311177 7.725107670 0.046146009 0.998879552 -0.010497317 -11.425953865 -0.008817354 0.010915401 0.999901474 102.050392151
0.998847067 -0.046435367 0.012174014 7.773227692 0.046591647 0.998830914 -0.012883954 -11.548091888 -0.011561511 0.013436308 0.999842882 103.065757751
0.998750806 -0.047989812 0.013917495 7.825757027 0.048183039 0.998741925 -0.013897644 -11.660031319 -0.013233039 0.014550872 0.999806523 104.075851440
0.998626947 -0.049923569 0.015868688 7.887421608 0.050133016 0.998656809 -0.013086244 -11.774411201 -0.015194061 0.013863822 0.999788523 105.056610107
0.998606324 -0.049805183 0.017459998 7.951940060 0.050014127 0.998679519 -0.011741845 -11.892738342 -0.016852135 0.012598729 0.999778628 106.030998230
0.998528898 -0.051099226 0.018135263 8.029844284 0.051289536 0.998631835 -0.010188071 -11.999337196 -0.017589848 0.011103232 0.999783635 106.972892761
0.998454571 -0.051724136 0.020322170 8.086680412 0.051949497 0.998592079 -0.010722183 -12.105822563 -0.019738965 0.011761339 0.999736011 107.889633179
0.998449266 -0.051178794 0.021903474 8.151308060 0.051384252 0.998639107 -0.008922029 -12.204912186 -0.021417050 0.010033688 0.999720275 108.792823792
0.998453975 -0.050143179 0.023984794 8.208593369 0.050326388 0.998707652 -0.007096231 -12.300787926 -0.023597967 0.008292328 0.999687135 109.662101746
0.998408437 -0.050718296 0.024660639 8.279278755 0.050821207 0.998701334 -0.003563758 -12.405988693 -0.024447866 0.004811370 0.999689519 110.519973755
0.998375833 -0.050777949 0.025834320 8.346723557 0.050891679 0.998697162 -0.003763403 -12.495162964 -0.025609562 0.005072042 0.999659181 111.347175598
0.998393297 -0.049742229 0.027139183 8.396766663 0.049834486 0.998753726 -0.002733243 -12.586570740 -0.026969401 0.004081319 0.999627948 112.157341003
0.998496652 -0.047420196 0.027488193 8.452211380 0.047505651 0.998867929 -0.002463621 -12.666442871 -0.027340250 0.003765762 0.999619067 112.937713623
0.998626888 -0.044870380 0.027035242 8.497403145 0.044875327 0.998992503 0.000423984 -12.742428780 -0.027027030 0.000789814 0.999634385 113.688354492
0.998710394 -0.044702441 0.024067761 8.543210983 0.044673242 0.999000132 0.001749690 -12.830030441 -0.024121912 -0.000672248 0.999708712 114.439567566
0.998837292 -0.044776328 0.017862841 8.579456329 0.044748664 0.998996377 0.001945356 -12.904876709 -0.017932020 -0.001143756 0.999838471 115.136802673
0.999035001 -0.043336149 0.007133164 8.612751007 0.043330505 0.999060333 0.000944534 -12.980606079 -0.007167395 -0.000634539 0.999974072 115.804519653
0.999157250 -0.040558890 -0.006305920 8.608076096 0.040546138 0.999175370 -0.002136125 -13.047749519 0.006387362 0.001878644 0.999977767 116.444061279
0.998899639 -0.039081968 -0.025926040 8.620245934 0.038970400 0.999228835 -0.004794919 -13.113265038 0.026093436 0.003779295 0.999652386 117.069259644
0.998146951 -0.037346382 -0.048043005 8.584212303 0.037049744 0.999288499 -0.007050618 -13.183377266 0.048272137 0.005257570 0.998820424 117.656028748
0.996468902 -0.035777465 -0.075959206 8.546985626 0.035199277 0.999340296 -0.008937428 -13.249901772 0.076228857 0.006232160 0.997070909 118.226776123
0.993579745 -0.033369988 -0.108100735 8.477063179 0.032339338 0.999413252 -0.011273739 -13.314434052 0.108413517 0.007705453 0.994076014 118.771606445
0.989317834 -0.028648887 -0.142932266 8.363552094 0.027118966 0.999552310 -0.012640875 -13.379689217 0.143230438 0.008629668 0.989651680 119.315399170
0.983094871 -0.023141073 -0.181628153 8.257081985 0.021351809 0.999702394 -0.011800639 -13.441724777 0.181847185 0.007723060 0.983296394 119.816764832
0.974621236 -0.017749548 -0.223155320 8.116962433 0.015954984 0.999824286 -0.009842299 -13.498691559 0.223290816 0.006032073 0.974733174 120.319725037
0.963429093 -0.013065946 -0.267644554 7.942359924 0.011209465 0.999901414 -0.008463208 -13.555377007 0.267728746 0.005153548 0.963480532 120.816146851
0.949441254 -0.006699514 -0.313873410 7.748420715 0.004114153 0.999951959 -0.008898638 -13.613001823 0.313917935 0.007157410 0.949423134 121.273620605
0.931931138 0.000728711 -0.362634540 7.531200409 -0.004526532 0.999943495 -0.009623310 -13.668012619 0.362607062 0.010609739 0.931881785 121.748802185
0.911037683 0.005957732 -0.412279874 7.275093079 -0.011126351 0.999886692 -0.010137454 -13.726449013 0.412172824 0.013822776 0.911000848 122.178741455
0.886027217 0.010262210 -0.463519663 7.009552002 -0.016200628 0.999829650 -0.008831837 -13.779339790 0.463350207 0.015334559 0.886042595 122.590606689
0.857026041 0.013528737 -0.515095353 6.727947235 -0.020914841 0.999744713 -0.008540700 -13.822642326 0.514848351 0.018092738 0.857090294 122.992103577
0.825741470 0.023243336 -0.563569486 6.398380280 -0.031525407 0.999490559 -0.004968936 -13.874965668 0.563166976 0.021869814 0.826053679 123.360137939
0.791771114 0.036418237 -0.609731376 6.054706573 -0.044741329 0.998997331 0.001569278 -13.914973259 0.609177232 0.026037684 0.792606592 123.718795776
0.755980968 0.045233179 -0.653028786 5.701126099 -0.055993307 0.998421669 0.004336577 -13.961169243 0.652194262 0.033286870 0.757320642 124.029983521
0.716097355 0.049012735 -0.696277440 5.337619781 -0.063097775 0.997992992 0.005357367 -14.005632401 0.695142567 0.040097158 0.717752814 124.329132080
0.673678935 0.050689023 -0.737283707 4.959194183 -0.065580748 0.997809589 0.008677291 -14.053572655 0.736108541 0.042505909 0.675527573 124.615295410
0.630270779 0.054423362 -0.774465442 4.543083191 -0.069299683 0.997501791 0.013699566 -14.085412979 0.773276329 0.045035772 0.632467866 124.882736206
0.584617257 0.063209645 -0.808843076 4.136421204 -0.079794034 0.996606410 0.020209339 -14.125638962 0.807375789 0.052726120 0.587677121 125.110885620
0.539704382 0.072132267 -0.838758707 3.660324097 -0.092463754 0.995373785 0.026104607 -14.145824432 0.836761415 0.063465998 0.543877184 125.342178345
0.492895573 0.077234685 -0.866653740 3.212215424 -0.098220170 0.994624674 0.032778073 -14.168424606 0.864526868 0.068966709 0.497832179 125.536087036
0.445648134 0.078635439 -0.891747832 2.749763489 -0.097251251 0.994491696 0.039094526 -14.195529938 0.889910161 0.069301195 0.450840712 125.716896057
0.398189843 0.080103643 -0.913798809 2.276451111 -0.095054381 0.994420171 0.045750763 -14.215453148 0.912364781 0.068643093 0.403582305 125.895538330
0.353229761 0.083009221 -0.931846678 1.780399323 -0.096568853 0.993970275 0.051937416 -14.236770630 0.930539191 0.071641535 0.359115958 126.033843994
0.309403330 0.086071685 -0.947027564 1.261192322 -0.102028795 0.993151128 0.056929845 -14.254725456 0.945441544 0.079009816 0.316066056 126.158058167
0.268030256 0.087525979 -0.959426463 0.748317719 -0.106667362 0.992437959 0.060738400 -14.271111488 0.957487285 0.086059764 0.275339544 126.260742188
0.229056552 0.084192038 -0.969765365 0.221416473 -0.107106939 0.992383301 0.060857214 -14.286327362 0.967502594 0.089928858 0.236329451 126.356224060
0.194423810 0.078997836 -0.977731407 -0.312957764 -0.101491444 0.993022323 0.060051523 -14.305313110 0.975652993 0.087555937 0.201084793 126.446357727
0.163599864 0.074396163 -0.983717620 -0.859573364 -0.099795535 0.993285418 0.058523003 -14.331312180 0.981466234 0.088596269 0.169925734 126.533187866
0.136740327 0.072808355 -0.987927735 -1.422044754 -0.100620888 0.993158042 0.059266761 -14.352082253 0.985483468 0.091302007 0.143130764 126.607131958
0.115188092 0.072026990 -0.990728974 -2.008710861 -0.101421423 0.993008256 0.060400844 -14.365709305 0.988152623 0.093523659 0.121687800 126.666297913
0.097022921 0.073372267 -0.992574036 -2.616349220 -0.103629462 0.992603183 0.063244775 -14.377667427 0.989872396 0.096723706 0.103908800 126.714973450
0.080964983 0.071624584 -0.994140148 -3.219647408 -0.105078496 0.992469728 0.062946416 -14.403487206 0.991162539 0.099366285 0.087881498 126.765312195
0.066877447 0.070747986 -0.995249808 -3.868948936 -0.103588454 0.992584884 0.063597754 -14.432244301 0.992369294 0.098843127 0.073710233 126.819374084
0.054468006 0.068141647 -0.996187747 -4.500159264 -0.099676557 0.993056476 0.062477499 -14.454105377 0.993528008 0.095893532 0.060881928 126.869613647
0.042425189 0.065306179 -0.996963024 -5.150059700 -0.096941933 0.993422151 0.060948920 -14.469186783 0.994385421 0.094061747 0.048477024 126.912445068
0.032058943 0.065142713 -0.997360885 -5.815237045 -0.097212628 0.993345916 0.061755683 -14.490038872 0.994747102 0.094976239 0.038178321 126.937675476
0.022207569 0.067022562 -0.997504294 -6.496088505 -0.100741543 0.992821932 0.064465128 -14.521059036 0.994664729 0.099058509 0.028800119 126.968124390
0.013931721 0.065860815 -0.997731507 -7.178091049 -0.103166163 0.992597818 0.064081371 -14.537528038 0.994566500 0.102039382 0.020623203 126.987495422
0.007476940 0.065205954 -0.997843742 -7.864030838 -0.105676644 0.992335379 0.064054146 -14.558738708 0.994372427 0.104969844 0.014310374 127.004386902
0.002008506 0.066591613 -0.997778296 -8.573823929 -0.106072553 0.992165387 0.066003487 -14.579487801 0.994356394 0.105704322 0.009056313 127.026550293
-0.001302336 0.069063999 -0.997611284 -9.283199310 -0.108362570 0.991727948 0.068798155 -14.597496986 0.994110644 0.108193330 0.006192388 127.046882629
-0.002072839 0.072644502 -0.997355700 -9.999820709 -0.110258214 0.991260409 0.072429694 -14.619467735 0.993900955 0.110116810 0.005954931 127.059387207
-0.003847943 0.076110914 -0.997091949 -10.739027023 -0.112561487 0.990729451 0.076059625 -14.636889458 0.993637323 0.112526812 0.004754885 127.083595276
-0.004526722 0.081465170 -0.996665955 -11.480639458 -0.117465757 0.989732683 0.081431970 -14.642292976 0.993066609 0.117442757 0.005089122 127.093872070
-0.005614000 0.085050419 -0.996360838 -12.221797943 -0.120253429 0.989088356 0.085107215 -14.651803970 0.992727339 0.120293595 0.004674864 127.103874207
-0.007067573 0.085711941 -0.996295035 -12.975121498 -0.120415241 0.988996863 0.085938282 -14.671818733 0.992698431 0.120576449 0.003331215 127.125328064
-0.008772857 0.082649678 -0.996540070 -13.716596603 -0.117770165 0.989557087 0.083107315 -14.689785004 0.993002117 0.118091770 0.001052424 127.151733398
-0.009902158 0.078993164 -0.996826053 -14.476927757 -0.121558391 0.989386439 0.079611145 -14.693231583 0.992534876 0.121960901 -0.000194778 127.163864136
-0.011244090 0.080766566 -0.996669590 -15.249272346 -0.126713172 0.988582194 0.081540734 -14.704718590 0.991875648 0.127208009 -0.000881519 127.168251038
-0.013232145 0.084591091 -0.996327877 -16.017391205 -0.123653173 0.988628328 0.085579611 -14.720056534 0.992237329 0.124331504 -0.002621714 127.188644409
-0.015066365 0.084688812 -0.996293485 -16.787467957 -0.122665964 0.988723516 0.085900322 -14.738382339 0.992333591 0.123505525 -0.004508035 127.205955505
-0.016542595 0.083685860 -0.996354878 -17.586713791 -0.125616506 0.988421798 0.085105166 -14.747377396 0.991940916 0.126566470 -0.005838735 127.210296631
-0.017000135 0.083604939 -0.996353984 -18.374214172 -0.130396381 0.987802029 0.085112184 -14.753432274 0.991316259 0.131367862 -0.005890986 127.210899353
-0.017944820 0.087987594 -0.995959997 -19.178077698 -0.132322863 0.987149298 0.089593351 -14.759595871 0.991044223 0.133395970 -0.006071446 127.215713501
-0.018845227 0.092009336 -0.995579898 -19.990375519 -0.130634397 0.986994088 0.093688607 -14.765730858 0.991251528 0.131822541 -0.006580542 127.235885620
-0.017994488 0.094453208 -0.995366573 -20.818588257 -0.132040933 0.986583889 0.096006870 -14.778737068 0.991080940 0.133156732 -0.005281379 127.255462646
-0.016237220 0.093062118 -0.995527864 -21.637218475 -0.131578043 0.986801565 0.094392426 -14.782609940 0.991172731 0.132522300 -0.003777985 127.269790649
-0.015203841 0.093096271 -0.995540977 -22.467536926 -0.131574810 0.986811757 0.094289377 -14.786940575 0.991189718 0.132421672 -0.002754205 127.285301208
-0.015041767 0.092303850 -0.995617270 -23.301652908 -0.130347893 0.987051845 0.093479007 -14.794321060 0.991354227 0.131182715 -0.002815392 127.308891296
-0.014462298 0.094269834 -0.995441675 -24.140153885 -0.131243020 0.986753762 0.095353842 -14.799994469 0.991244793 0.132023841 -0.001898468 127.332138062
-0.014071811 0.096319124 -0.995251060 -24.978778839 -0.132921740 0.986335456 0.097335652 -14.800566673 0.991026700 0.133660167 -0.001076624 127.353302002
-0.013809822 0.099012025 -0.994990349 -25.848167419 -0.135705113 0.985692799 0.099970296 -14.802993774 0.990653038 0.136405870 -0.000175801 127.366813660
-0.012173476 0.100234285 -0.994889379 -26.712711334 -0.137919515 0.985284925 0.100954227 -14.799623489 0.990368605 0.138443634 0.001829921 127.380203247
-0.010679503 0.103447422 -0.994577587 -27.581003189 -0.144715637 0.984003007 0.103901438 -14.799633026 0.989415646 0.145040527 0.004461796 127.399795532
-0.008278185 0.107230738 -0.994199693 -28.464090347 -0.149578109 0.982914984 0.107259072 -14.793540001 0.988715231 0.149598420 0.007902617 127.415405273
-0.006288276 0.109026350 -0.994018912 -29.338277817 -0.152006105 0.982382774 0.108711660 -14.786711693 0.988359571 0.151780576 0.010395174 127.448905945
-0.002569322 0.110200852 -0.993906021 -30.233657837 -0.151264146 0.982429862 0.109319448 -14.789623260 0.988490045 0.150623187 0.014145261 127.474243164
-0.000106894 0.110201873 -0.993909180 -31.123832703 -0.153880551 0.982069373 0.108905651 -14.782718658 0.988089442 0.152954966 0.016852949 127.507057190
0.002433987 0.114010446 -0.993476570 -32.027206421 -0.154482946 0.981596053 0.112268560 -14.773105621 0.987992465 0.153201938 0.020001860 127.539306641
0.004763614 0.116200149 -0.993214369 -32.942813873 -0.153614774 0.981521606 0.114095405 -14.769978523 0.988119304 0.152028903 0.022525655 127.582099915
0.006480046 0.117594078 -0.993040502 -33.834877014 -0.154318675 0.981282830 0.115194745 -14.765254974 0.987999737 0.152498230 0.024505721 127.625457764
0.009147325 0.115673587 -0.993245125 -34.739109039 -0.155480579 0.981370807 0.112858802 -14.755510330 0.987796545 0.153397962 0.026961913 127.657806396
0.009349179 0.116856486 -0.993104815 -35.650764465 -0.159782290 0.980561972 0.113876395 -14.744019508 0.987108111 0.157615915 0.027839048 127.702255249
0.010492397 0.117516220 -0.993015528 -36.544719696 -0.160659537 0.980366826 0.114321776 -14.737768173 0.986954033 0.158337906 0.029166499 127.740524292
0.011179905 0.114168569 -0.993398428 -37.442558289 -0.161332607 0.980650604 0.110887818 -14.732564926 0.986836851 0.159027860 0.029382693 127.773330688
0.011654234 0.109766826 -0.993889034 -38.352519989 -0.162002996 0.981032133 0.106447257 -14.733048439 0.986721396 0.159772426 0.029215734 127.825027466
0.012223316 0.109099045 -0.993955731 -39.249019623 -0.161668018 0.981167495 0.105707236 -14.727613449 0.986769497 0.159398749 0.029630944 127.867919922
0.011943846 0.113069355 -0.993515313 -40.150081635 -0.164130658 0.980331481 0.109595805 -14.718587875 0.986366332 0.161757350 0.030267082 127.912170410
0.012354339 0.119502924 -0.992757082 -41.085334778 -0.164915025 0.979480088 0.115852460 -14.706425667 0.986230433 0.162289232 0.031808659 127.949882507
0.012515590 0.118067466 -0.992926717 -41.979713440 -0.162688613 0.980013549 0.114481330 -14.703960419 0.986598015 0.160105065 0.031473678 127.998046875
0.013496757 0.107652426 -0.994096994 -42.870143890 -0.161955506 0.981295288 0.104067259 -14.707461357 0.986705720 0.159594879 0.030679207 128.042205811
0.013636923 0.097299203 -0.995161772 -43.794052124 -0.163705721 0.982042253 0.093773186 -14.710800171 0.986414909 0.161634907 0.029320478 128.084442139
0.012587025 0.094149843 -0.995478451 -44.695991516 -0.160547823 0.982831180 0.090923712 -14.716403961 0.986947715 0.158677444 0.027486479 128.132812500
0.012360010 0.104060404 -0.994494259 -45.616348267 -0.153318241 0.983006597 0.100952893 -14.717700958 0.988099575 0.151226297 0.028104333 128.185028076
0.012603422 0.117463097 -0.992997408 -46.556293488 -0.148554072 0.982275426 0.114309318 -14.714309692 0.988823950 0.146073103 0.029829657 128.242446899
0.012944167 0.126526669 -0.991878808 -47.477371216 -0.148757786 0.981166661 0.123218901 -14.703805923 0.988788843 0.145954758 0.031522214 128.290023804
0.012572150 0.120901495 -0.992584884 -48.393791199 -0.148776889 0.981840193 0.117708318 -14.699268341 0.988790810 0.146193862 0.030331191 128.334335327
0.012829542 0.107333936 -0.994140267 -49.311687469 -0.148707300 0.983370483 0.104252085 -14.695201874 0.988798022 0.146498382 0.028577531 128.375305176
0.013270569 0.098400168 -0.995058477 -50.226345062 -0.149298072 0.984185755 0.095333874 -14.692986488 0.988703191 0.147295147 0.027751660 128.421569824
0.013632027 0.098587714 -0.995035052 -51.154533386 -0.148313656 0.984319031 0.095494077 -14.700197220 0.988846421 0.146275491 0.028040171 128.469406128
0.013118502 0.100023404 -0.994898617 -52.103771210 -0.151475638 0.983699918 0.096900225 -14.715592384 0.988373876 0.149431691 0.028055780 128.513565063
0.013810323 0.099565566 -0.994935155 -53.032241821 -0.156016126 0.983057678 0.096211344 -14.715887070 0.987657905 0.153897226 0.029110175 128.548110962
0.014260127 0.098841988 -0.995000899 -53.972976685 -0.157761306 0.982860684 0.095374964 -14.715089798 0.987374246 0.155612603 0.029609157 128.591125488
0.014705528 0.106625244 -0.994190514 -54.926757812 -0.166144982 0.980736256 0.102724761 -14.717411041 0.985991597 0.163669154 0.032137498 128.636871338
0.016459506 0.116015136 -0.993111014 -55.888927460 -0.172750890 0.978638530 0.111461349 -14.708717346 0.984827995 0.169726223 0.036149625 128.676391602
0.017593369 0.124167502 -0.992105365 -56.836761475 -0.172936589 0.977681637 0.119295560 -14.697904587 0.984775782 0.169472486 0.038673822 128.725067139
0.018613577 0.125052035 -0.991975605 -57.776390076 -0.174662709 0.977297843 0.119924314 -14.691019058 0.984452367 0.171028897 0.040032934 128.771118164
0.020319959 0.115314245 -0.993121207 -58.716457367 -0.176118359 0.978205919 0.109978899 -14.682083130 0.984159231 0.172672138 0.040186062 128.819076538
0.021164164 0.110050879 -0.993700564 -59.652347565 -0.174518585 0.979070127 0.104713619 -14.673819542 0.984426379 0.171203032 0.039927129 128.881530762
0.023555841 0.108414307 -0.993826628 -60.624622345 -0.173022136 0.979543090 0.102755129 -14.670683861 0.984636247 0.169533551 0.041832034 128.935043335
0.026616309 0.114435822 -0.993074000 -61.581356049 -0.174086392 0.978776395 0.108122408 -14.667833328 0.984370589 0.170002908 0.045973148 129.005752563
0.030576598 0.116475545 -0.992722750 -62.541439056 -0.177092448 0.978105545 0.109305941 -14.663940430 0.983719110 0.172461540 0.050534092 129.059844971
0.034177572 0.111824311 -0.993140042 -63.486869812 -0.176540434 0.978769779 0.104130864 -14.668901443 0.983699858 0.171770453 0.053193491 129.128280640
0.037098750 0.105976351 -0.993676364 -64.452514648 -0.176369056 0.979446113 0.097873986 -14.673685074 0.983624756 0.171622753 0.055027187 129.200866699
0.040660568 0.105710134 -0.993565381 -65.402351379 -0.173843578 0.979969561 0.097149268 -14.674982071 0.983933508 0.168774799 0.058223162 129.273162842
0.043211110 0.110135168 -0.992976904 -66.358032227 -0.171152487 0.980028033 0.101250976 -14.684265137 0.984296560 0.165575266 0.061198018 129.360549927
0.046333823 0.116763011 -0.992078424 -67.339012146 -0.170588508 0.979481220 0.107313238 -14.684013367 0.984252512 0.164264932 0.065301530 129.441268921
0.049776766 0.120692573 -0.991441190 -68.292846680 -0.168393210 0.979475021 0.110781461 -14.682637215 0.984462321 0.161437646 0.069078907 129.519271851
0.051287889 0.122119077 -0.991189361 -69.255599976 -0.167938814 0.979416847 0.111978851 -14.681934357 0.984462380 0.160716027 0.070740744 129.611190796
0.053321384 0.119635403 -0.991385043 -70.212364197 -0.166069537 0.980034351 0.109333649 -14.677859306 0.984671295 0.158809096 0.072124578 129.695007324
0.053638440 0.117900096 -0.991575778 -71.170310974 -0.164007917 0.980560243 0.107718453 -14.679466248 0.984999657 0.156848416 0.071932264 129.784042358
0.053828511 0.114425808 -0.991972387 -72.111419678 -0.160897180 0.981425762 0.104478262 -14.687363625 0.985502243 0.153981671 0.071239479 129.878570557
0.054092035 0.114684276 -0.991928220 -73.083023071 -0.160095796 0.981527686 0.104751401 -14.683581352 0.985618293 0.153137311 0.071453296 129.956237793
0.053244911 0.118791260 -0.991490602 -74.037460327 -0.156584457 0.981609464 0.109198496 -14.680791855 0.986228347 0.149437755 0.070866570 130.057617188
0.052574430 0.120286509 -0.991346240 -74.985877991 -0.150858417 0.982282698 0.111186273 -14.678733826 0.987156332 0.143707380 0.069789194 130.154785156
0.051597297 0.116402321 -0.991861045 -75.934173584 -0.147722542 0.983147800 0.107695140 -14.673664093 0.987681925 0.140963465 0.067923009 130.242538452
0.050346445 0.113088787 -0.992308557 -76.883880615 -0.149439678 0.983236015 0.104472771 -14.676791191 0.987488210 0.143030450 0.066402391 130.324172974
0.049491417 0.109305024 -0.992775500 -77.865661621 -0.145920336 0.984119177 0.101077616 -14.672836304 0.988057613 0.139863670 0.064655289 130.393859863
0.048264679 0.110221013 -0.992734492 -78.805320740 -0.146681413 0.983899593 0.102108739 -14.675093651 0.988005757 0.140687436 0.063654944 130.463180542
0.047139496 0.111285858 -0.992669761 -79.754295349 -0.147178754 0.983701825 0.103291303 -14.672361374 0.987985969 0.141230822 0.062750116 130.544738770
0.046553176 0.112758979 -0.992531180 -80.722846985 -0.149802685 0.983160079 0.104668088 -14.681085587 0.987619340 0.143811226 0.062660821 130.608489990
0.044862431 0.112643160 -0.992622197 -81.675445557 -0.149737075 0.983155847 0.104801401 -14.671415329 0.987707555 0.143930703 0.060973626 130.685394287
0.042988822 0.113374889 -0.992621779 -82.629570007 -0.149959952 0.983016729 0.105783299 -14.671500206 0.987757027 0.144306004 0.059260428 130.754959106
0.041081946 0.116581708 -0.992331147 -83.577056885 -0.149803951 0.982661903 0.109243959 -14.670753479 0.987861812 0.144167155 0.057834063 130.829025269
0.038903173 0.119956955 -0.992016494 -84.535072327 -0.150892973 0.982088864 0.112839013 -14.658310890 0.987784326 0.145298511 0.056307033 130.890563965
0.036568165 0.124294445 -0.991571367 -85.484176636 -0.151890546 0.981398165 0.117417663 -14.641816139 0.987720609 0.146316543 0.054767091 130.958908081
0.034726247 0.124532118 -0.991607606 -86.431159973 -0.152145877 0.981299698 0.117909394 -14.637652397 0.987747848 0.146774456 0.053023905 131.024200439
0.033287723 0.118764684 -0.992364228 -87.375762939 -0.151800171 0.981995761 0.112431832 -14.628252029 0.987850487 0.146898448 0.050716907 131.090652466
0.031163657 0.114451841 -0.992939830 -88.313972473 -0.156669572 0.981702089 0.108239383 -14.619770050 0.987159252 0.152190313 0.048524536 131.152008057
0.030862045 0.111929283 -0.993236840 -89.286499023 -0.154937789 0.982234538 0.105875179 -14.608277321 0.987442076 0.150622353 0.047655843 131.200561523
0.029986989 0.112941869 -0.993148983 -90.237609863 -0.150830135 0.982729852 0.107202850 -14.610574722 0.988104761 0.146582082 0.046504144 131.263031006
0.029388035 0.114310592 -0.993010283 -91.186569214 -0.147573531 0.983048975 0.108796470 -14.606207848 0.988614321 0.143344715 0.045759093 131.328842163
0.028168092 0.114503540 -0.993023336 -92.131942749 -0.142690673 0.983704746 0.109381460 -14.607485771 0.989366353 0.138614118 0.044047672 131.397293091
0.027264636 0.111607298 -0.993378341 -93.079925537 -0.138599619 0.984571457 0.106813781 -14.606307030 0.989973068 0.134769574 0.042312711 131.459091187
0.026167464 0.108616963 -0.993739188 -94.051757812 -0.133124560 0.985604167 0.104222313 -14.614398956 0.990753949 0.129563883 0.040250342 131.520492554
0.025149606 0.110935614 -0.993509293 -95.010169983 -0.131118029 0.985604405 0.106733844 -14.613251686 0.991047680 0.127582669 0.039333224 131.579177856
0.023414066 0.113637276 -0.993246317 -95.957595825 -0.130960450 0.985306084 0.109641664 -14.615050316 0.991111100 0.127508819 0.037952006 131.644714355
0.022585055 0.111207999 -0.993540406 -96.916435242 -0.126360372 0.986141562 0.107507423 -14.604541779 0.991727352 0.123116098 0.036324345 131.691513062
0.019393070 0.107988201 -0.993962944 -97.880355835 -0.124161631 0.986714602 0.104778193 -14.601138115 0.992072403 0.121380121 0.032543410 131.756973267
0.016369572 0.105625346 -0.994271219 -98.830017090 -0.122990079 0.987065613 0.102834970 -14.601790428 0.992272854 0.120602146 0.029148711 131.812515259
0.014309607 0.104321763 -0.994440615 -99.791107178 -0.116702139 0.987919569 0.101958379 -14.605657578 0.993063807 0.114594370 0.026311310 131.859085083
0.011491469 0.105479784 -0.994355083 -100.735992432 -0.110915855 0.988418579 0.103568226 -14.608345985 0.993763328 0.109099582 0.023057759 131.917755127
0.008319065 0.112751789 -0.993588269 -101.727951050 -0.100614071 0.988674641 0.111351758 -14.606004715 0.994890749 0.099042624 0.019569263 131.984542847
0.005669141 0.120915599 -0.992646575 -102.686851501 -0.092700928 0.988451540 0.119875163 -14.599693298 0.995677829 0.091339670 0.016812660 132.041778564
0.002074011 0.120064594 -0.992763877 -103.641090393 -0.088406689 0.988900840 0.119412705 -14.588439941 0.996082306 0.087519318 0.012665506 132.095001221
0.000300063 0.110859588 -0.993836045 -104.595474243 -0.089922443 0.989812791 0.110383660 -14.594061852 0.995948732 0.089335032 0.010265773 132.118072510
-0.001814552 0.101361759 -0.994848013 -105.542564392 -0.091737494 0.990637600 0.101100102 -14.588132858 0.995781600 0.091448307 0.007501110 132.156387329
-0.002624176 0.103116952 -0.994665802 -106.493331909 -0.099100560 0.989746034 0.102868378 -14.591016769 0.995074034 0.098841876 0.007621679 132.185226440
-0.003112528 0.112459712 -0.993651390 -107.468261719 -0.102427490 0.988394141 0.112185568 -14.574103355 0.994735599 0.102126405 0.008442564 132.212203979
-0.004615061 0.123801820 -0.992296159 -108.431274414 -0.106355287 0.986617744 0.123587996 -14.559198380 0.994317591 0.106106319 0.008613679 132.241958618
-0.006224889 0.125652000 -0.992054880 -109.371406555 -0.113424711 0.985582888 0.125543982 -14.547059059 0.993527055 0.113305047 0.008116899 132.275329590
-0.006179845 0.122673020 -0.992427886 -110.360946655 -0.120919101 0.985072672 0.122516796 -14.524944305 0.992643058 0.120760620 0.008745912 132.294219971
-0.006449614 0.118857816 -0.992890418 -111.315567017 -0.129181236 0.984492004 0.118691586 -14.510396957 0.991599977 0.129028335 0.009004605 132.319076538
-0.004371247 0.120824210 -0.992664218 -112.279922485 -0.133671001 0.983694494 0.120321050 -14.487810135 0.991016030 0.133216396 0.011850723 132.344467163
-0.003470388 0.122152627 -0.992505193 -113.259040833 -0.141831368 0.982417643 0.121406995 -14.468102455 0.989884734 0.141189724 0.013915700 132.370941162
-0.002901602 0.125042513 -0.992147148 -114.223213196 -0.151139602 0.980699003 0.124041684 -14.448719978 0.988508224 0.150312647 0.016053274 132.390899658
-0.002840144 0.127436817 -0.991842568 -115.197174072 -0.156697094 0.979537308 0.126304448 -14.425488472 0.987642586 0.155777603 0.017186951 132.418441772
-0.002178308 0.126366973 -0.991981089 -116.179222107 -0.160431460 0.979090095 0.125077084 -14.406441689 0.987044573 0.159417480 0.018140474 132.454666138
-0.000834740 0.116989553 -0.993132710 -117.133117676 -0.159375533 0.980423331 0.115626372 -14.405917168 0.987217605 0.158377603 0.017826878 132.489303589
0.000726860 0.105130441 -0.994458199 -118.086288452 -0.162594080 0.981237590 0.103613965 -14.391426086 0.986692786 0.161617652 0.017806808 132.525192261
