1.000000000 0.000000000 0.000000000 0.000000000 0.000000000 1.000000000 0.000000000 0.000000000 0.000000000 0.000000000 1.000000000 0.000000000
0.999997854 -0.001565136 -0.001335581 0.049097270 0.001562334 0.999996603 -0.002095994 -0.132816508 0.001338857 0.002093903 0.999996901 1.297889113
0.999997497 0.000040644 -0.002242241 0.107334077 -0.000054730 0.999980271 -0.006282454 -0.269392341 0.002241941 0.006282561 0.999977767 2.605252028
0.999996006 0.002459580 -0.001404536 0.150735453 -0.002470402 0.999966860 -0.007755881 -0.408775955 0.001385413 0.007759318 0.999968886 3.908643961
0.999983311 0.005767776 0.000140262 0.195356801 -0.005766745 0.999962389 -0.006481262 -0.547426164 -0.000177639 0.006480345 0.999979019 5.220946312
0.999975383 0.006596158 0.002356366 0.243396163 -0.006589044 0.999973774 -0.003013557 -0.694873571 -0.002376181 0.002997957 0.999992609 6.542283535
0.999960065 0.006829821 0.005756064 0.298151314 -0.006820546 0.999975443 -0.001629369 -0.832317889 -0.005767051 0.001590044 0.999982178 7.845227718
0.999945283 0.005155094 0.009104218 0.356009573 -0.005140996 0.999985516 -0.001571257 -0.967085183 -0.009112185 0.001524367 0.999957323 9.153509140
0.999915779 0.003715333 0.012433725 0.434235036 -0.003697330 0.999992132 -0.001470539 -1.103985548 -0.012439091 0.001424444 0.999921620 10.453742027
0.999872208 0.002508847 0.015789282 0.498180151 -0.002474781 0.999994576 -0.002176648 -1.241421700 -0.015794657 0.002137295 0.999872983 11.765506744
0.999815404 0.001340258 0.019171245 0.575192869 -0.001282641 0.999994636 -0.003017363 -1.376140952 -0.019175189 0.002992217 0.999811649 13.058532715
0.999750614 0.001543381 0.022275915 0.649789095 -0.001484112 0.999995291 -0.002676992 -1.529806852 -0.022279944 0.002643264 0.999748290 14.381252289
0.999676943 0.001347410 0.025380492 0.740136743 -0.001253195 0.999992192 -0.003727621 -1.668039322 -0.025385322 0.003694610 0.999670923 15.676316261
0.999582708 0.002351914 0.028788168 0.818545699 -0.002243944 0.999990344 -0.003782217 -1.803588748 -0.028796786 0.003716040 0.999578357 16.978298187
0.999491692 0.001859085 0.031825423 0.910727262 -0.001754696 0.999992967 -0.003307667 -1.943580270 -0.031831350 0.003250142 0.999487877 18.263551712
0.999414444 0.000470568 0.034212869 1.007009864 -0.000369904 0.999995589 -0.002948541 -2.087243319 -0.034214105 0.002934159 0.999410212 19.573167801
0.999358118 -0.001880528 0.035773579 1.100962877 0.002029669 0.999989390 -0.004133170 -2.227891922 -0.035765428 0.004203126 0.999351382 20.853414536
0.999312520 -0.001686923 0.037035149 1.205802441 0.001900428 0.999981761 -0.005730489 -2.372174740 -0.037024800 0.005796933 0.999297559 22.158355713
0.999262333 -0.001531237 0.038371947 1.284533739 0.001850518 0.999963880 -0.008286549 -2.516795874 -0.038357876 0.008351444 0.999229252 23.447256088
0.999237657 -0.001066988 0.039024517 1.398073077 0.001446527 0.999951899 -0.009698717 -2.660460949 -0.039012298 0.009747773 0.999191165 24.727548599
0.999209225 -0.000225526 0.039758280 1.501335263 0.000633413 0.999947369 -0.010246860 -2.807200909 -0.039753869 0.010263940 0.999156773 25.996839523
0.999171793 -0.001902048 0.040645014 1.594819784 0.002278854 0.999954820 -0.009226318 -2.953233719 -0.040625628 0.009311301 0.999130964 27.284288406
0.999176264 -0.004707831 0.040306926 1.699853659 0.005033546 0.999955475 -0.007983195 -3.099573612 -0.040267553 0.008179504 0.999155402 28.565246582
0.999185562 -0.006230480 0.039865620 1.790887833 0.006573589 0.999942362 -0.008481357 -3.243995428 -0.039810490 0.008736508 0.999168992 29.848268509
0.999207735 -0.007828566 0.039021306 1.891903996 0.008264142 0.999905169 -0.011013762 -3.386558771 -0.038931388 0.011327513 0.999177635 31.107936859
0.999229729 -0.007953613 0.038427968 1.996903896 0.008388068 0.999902546 -0.011157668 -3.534653187 -0.038335472 0.011471410 0.999199092 32.391887665
0.999242663 -0.008610167 0.037946068 2.093501329 0.009051031 0.999893367 -0.011461782 -3.677968979 -0.037843328 0.011796555 0.999214053 33.662685394
0.999261856 -0.009109185 0.037317835 2.190536499 0.009542658 0.999888837 -0.011454085 -3.823088646 -0.037209354 0.011801743 0.999237776 34.922161102
0.999264240 -0.009576239 0.037138183 2.279033422 0.010028960 0.999877393 -0.012023048 -3.965518951 -0.037018493 0.012386661 0.999237776 36.179794312
0.999314785 -0.010279319 0.035557490 2.395856380 0.010710535 0.999871135 -0.011958127 -4.125048637 -0.035430003 0.012330775 0.999296069 37.468963623
0.999309361 -0.009825305 0.035834298 2.480904579 0.010196533 0.999896109 -0.010191605 -4.269663811 -0.035730444 0.010549955 0.999305785 38.732524872
0.999279559 -0.009942094 0.036626745 2.590264320 0.010280157 0.999906123 -0.009053147 -4.408572674 -0.036533307 0.009423155 0.999288023 39.996189117
0.999207139 -0.011702129 0.038055722 2.706858397 0.011990552 0.999901056 -0.007359533 -4.549288273 -0.037965830 0.007810006 0.999248564 41.248779297
0.999091804 -0.012737628 0.040661726 2.795819759 0.013093379 0.999878168 -0.008494687 -4.692986012 -0.040548570 0.009019372 0.999136865 42.506603241
0.998951912 -0.014031966 0.043568183 2.884476662 0.014548354 0.999827325 -0.011557955 -4.841412544 -0.043398485 0.012179687 0.998983622 43.755779266
0.998861492 -0.014892888 0.045318987 2.992269039 0.015480654 0.999800205 -0.012646281 -4.985106945 -0.045121599 0.013333454 0.998892546 45.003620148
0.998749912 -0.014993181 0.047684435 3.122814178 0.015566900 0.999810636 -0.011683067 -5.115421772 -0.047500238 0.012410764 0.998794198 46.240318298
0.998537838 -0.016247915 0.051557101 3.221995831 0.016678024 0.999829471 -0.007923146 -5.271466732 -0.051419586 0.008771433 0.998638630 47.487323761
0.998270631 -0.019280773 0.055532303 3.330576420 0.019656768 0.999787331 -0.006232513 -5.403934479 -0.055400331 0.007313322 0.998437405 48.705455780
0.998026252 -0.021223575 0.059101820 3.467941761 0.021639951 0.999745250 -0.006413939 -5.546652317 -0.058950633 0.007680242 0.998231351 49.958877563
0.997744918 -0.024522809 0.062479284 3.610505104 0.025196100 0.999632418 -0.010011124 -5.679598331 -0.062210813 0.011562783 0.997996092 51.186172485
0.997459650 -0.025963515 0.066333339 3.742006540 0.026699537 0.999591112 -0.010233344 -5.811075211 -0.066040531 0.011978419 0.997744977 52.408123016
0.997116029 -0.028520590 0.070328988 3.873387814 0.029130857 0.999546170 -0.007666841 -5.949131489 -0.070078403 0.009693475 0.997494340 53.625869751
0.996836245 -0.030757036 0.073290102 4.027161598 0.031181211 0.999502897 -0.004650211 -6.077837944 -0.073110640 0.006920773 0.997299790 54.839992523
0.996576846 -0.033412918 0.075618386 4.174409866 0.033748981 0.999425352 -0.003170346 -6.201918602 -0.075468995 0.005711537 0.997131824 56.053806305
0.996402681 -0.036186382 0.076630920 4.329091072 0.036274776 0.999341726 0.000238603 -6.329681396 -0.076589108 0.002542024 0.997059464 57.263481140
0.996217489 -0.039131887 0.077585213 4.474602699 0.039111346 0.999233246 0.001784835 -6.457126617 -0.077595554 0.001256378 0.996984124 58.466686249
0.996194303 -0.041314259 0.076746710 4.630452633 0.041545648 0.999135613 -0.001420251 -6.582101822 -0.076621711 0.004603338 0.997049630 59.671131134
0.996188283 -0.042598404 0.076120257 4.777934074 0.043145277 0.999053419 -0.005553531 -6.711009026 -0.075811654 0.008816592 0.997083127 60.861370087
0.996217728 -0.043506633 0.075216092 4.909971237 0.044348452 0.998970389 -0.009557465 -6.838805676 -0.074722841 0.012857032 0.997121572 62.060745239
0.996277153 -0.044989165 0.073537745 5.060562611 0.045983490 0.998871505 -0.011883864 -6.970333099 -0.072920106 0.015221145 0.997221708 63.255924225
0.996404111 -0.045316197 0.071591280 5.192458630 0.046294346 0.998854995 -0.012062448 -7.101694584 -0.070962690 0.015333345 0.997361064 64.431922913
0.996605515 -0.044853859 0.069033347 5.324046612 0.045750957 0.998887002 -0.011468508 -7.233599663 -0.068442114 0.014587921 0.997548401 65.607009888
0.996874630 -0.043968879 0.065632902 5.449498177 0.044693802 0.998954415 -0.009617276 -7.371700287 -0.065141417 0.012520603 0.997797608 66.809242249
0.997254670 -0.040181000 0.062199064 5.567056656 0.040646140 0.999154150 -0.006230524 -7.497277260 -0.061896108 0.008741572 0.998044312 67.983367920
0.997486174 -0.038215727 0.059673965 5.675693989 0.038503069 0.999251783 -0.003672279 -7.622455120 -0.059488982 0.005960678 0.998211205 69.145675659
0.997763455 -0.037394628 0.055403586 5.813109398 0.037826303 0.999261439 -0.006762938 -7.765397072 -0.055109769 0.008843526 0.998441100 70.361984253
0.997941852 -0.037814960 0.051788431 5.923212051 0.038548741 0.999168992 -0.013243603 -7.895102978 -0.051244579 0.015212725 0.998570323 71.521575928
0.998015642 -0.040978018 0.047808167 6.038329601 0.041808210 0.998989463 -0.016495883 -8.028839111 -0.047083877 0.018461926 0.998720229 72.703590393
0.998030066 -0.044234488 0.044489130 6.135903358 0.044784624 0.998931110 -0.011445455 -8.164289474 -0.043935299 0.013415340 0.998944163 73.871002197
0.998047233 -0.048479076 0.039387658 6.253675461 0.048796598 0.998783231 -0.007139972 -8.284315109 -0.038993582 0.009048013 0.999198496 75.047096252
0.998130202 -0.050281353 0.034755103 6.350564957 0.050474536 0.998714328 -0.004702904 -8.401339531 -0.034473948 0.006448358 0.999384820 76.221748352
0.998326898 -0.049009930 0.030682819 6.441600323 0.049101535 0.998791218 -0.002238913 -8.528770447 -0.030536003 0.003741741 0.999526620 77.388229370
0.998439491 -0.048888627 0.026992068 6.528275490 0.048966929 0.998797834 -0.002247005 -8.646380424 -0.026849763 0.003565216 0.999633074 78.542160034
0.998611867 -0.046869870 0.024033524 6.606100559 0.046969999 0.998889744 -0.003618508 -8.778077126 -0.023837233 0.004742340 0.999704599 79.704101562
0.998746991 -0.045506354 0.020819673 6.673105717 0.045691352 0.998919487 -0.008497694 -8.909653664 -0.020410476 0.009438324 0.999747157 80.861434937
0.998660028 -0.048848342 0.017089043 6.756042480 0.049080875 0.998704076 -0.013462795 -9.038465500 -0.016409259 0.014283501 0.999763310 82.008056641
0.998496890 -0.052937858 0.014192797 6.817652225 0.053142883 0.998482049 -0.014480085 -9.168521881 -0.013404706 0.015212568 0.999794483 83.162300110
0.998556733 -0.052920699 0.009154494 6.897778988 0.053019233 0.998534262 -0.010878241 -9.302481651 -0.008565391 0.011347907 0.999898911 84.327636719
0.998546779 -0.053415641 0.007150246 6.942860603 0.053481836 0.998524427 -0.009411081 -9.418862343 -0.006636998 0.009779811 0.999930143 85.460922241
0.998670995 -0.051074162 0.006898225 6.987686634 0.051148381 0.998629928 -0.011049824 -9.542753220 -0.006324413 0.011387970 0.999915063 86.584594727
0.998847902 -0.047609180 0.006013907 7.044272900 0.047688242 0.998767436 -0.013768358 -9.673289299 -0.005350994 0.014039287 0.999887049 87.702796936
0.998929441 -0.045999177 0.004904629 7.103202343 0.046074152 0.998802364 -0.016461808 -9.807642937 -0.004141527 0.016670162 0.999852419 88.818237305
0.998862207 -0.047549687 0.003653353 7.156925678 0.047605611 0.998718917 -0.017156489 -9.937196732 -0.002832887 0.017310889 0.999846160 89.930549622
0.998826921 -0.048337646 0.002871909 7.209891796 0.048375398 0.998716831 -0.014983288 -10.064891815 -0.002143967 0.015104642 0.999883652 91.033638000
0.998737752 -0.050204039 0.001582941 7.268144131 0.050219052 0.998670876 -0.011594641 -10.199033737 -0.000998739 0.011659498 0.999931514 92.204826355
0.998791814 -0.049129050 0.001080919 7.316749096 0.049137879 0.998733342 -0.010828443 -10.322918892 -0.000547558 0.010868474 0.999940753 93.315658569
0.998745978 -0.050057605 0.000847067 7.364877224 0.050064456 0.998656750 -0.013357956 -10.448417664 -0.000177262 0.013383612 0.999910414 94.438789368
0.998741865 -0.050144572 0.000440511 7.422625065 0.050144888 0.998600304 -0.016816895 -10.587545395 0.000403382 0.016817829 0.999858499 95.552848816
0.998708665 -0.050802145 0.000401026 7.471291542 0.050801188 0.998548806 -0.017876791 -10.715050697 0.000507735 0.017874081 0.999840081 96.645576477
0.998688459 -0.051191926 0.000788307 7.515458107 0.051197965 0.998553574 -0.016420478 -10.844371796 0.000053429 0.016439304 0.999864817 97.736717224
0.998704612 -0.050871182 0.001086924 7.578714371 0.050880354 0.998637855 -0.011558855 -10.959896088 -0.000497431 0.011599185 0.999932587 98.821731567
0.998786211 -0.049200289 0.002316611 7.629249573 0.049217764 0.998754323 -0.008210353 -11.079154015 -0.001909773 0.008314406 0.999963582 99.889167786
0.998875618 -0.047233969 0.004044019 7.678795338 0.047266196 0.998847961 -0.008282975 -11.198656082 -0.003648121 0.008464808 0.999957502 100.963333130
0.998952925 -0.045354996 0.005985756 7.729843616 0.045414690 0.998915672 -0.010246208 -11.316665649 -0.005514549 0.010507321 0.999929547 102.002677917
0.998909593 -0.045840703 0.008847842 7.781054497 0.045947734 0.998868108 -0.012299053 -11.440692902 -0.008274030 0.012692182 0.999885142 103.019622803
0.998833001 -0.047079649 0.010778707 7.832111835 0.047220815 0.998796701 -0.013239700 -11.557334900 -0.010142417 0.013733226 0.999854207 104.042816162
0.998718023 -0.048997775 0.012712358 7.892153263 0.049155772 0.998713791 -0.012428445 -11.670693398 -0.012087042 0.013037397 0.999841928 105.024314880
0.998684824 -0.049106386 0.014738677 7.946330070 0.049269326 0.998726010 -0.010903727 -11.790877342 -0.014184459 0.011615552 0.999831915 105.998748779
0.998618186 -0.050283439 0.015274233 8.022740364 0.050430942 0.998683035 -0.009429946 -11.897647858 -0.014779949 0.010187211 0.999838889 106.955497742
0.998554766 -0.050863616 0.017351450 8.077304840 0.051041596 0.998646677 -0.009973069 -12.002748489 -0.016820701 0.010844301 0.999799788 107.872451782
0.998530746 -0.050802339 0.018852105 8.139128685 0.050963983 0.998666883 -0.008195256 -12.102954865 -0.018410638 0.009143993 0.999788702 108.783973694
0.998542547 -0.049908977 0.020543052 8.199096680 0.050045077 0.998727858 -0.006164710 -12.198332787 -0.020209249 0.007183803 0.999769986 109.656272888
0.998513460 -0.049916346 0.021890124 8.259096146 0.049990967 0.998745680 -0.002874946 -12.300915718 -0.021719154 0.003964982 0.999756277 110.515174866
0.998470128 -0.050147288 0.023293387 8.321085930 0.050223090 0.998734415 -0.002680344 -12.392429352 -0.023129495 0.003846110 0.999725103 111.340614319
0.998489797 -0.049141861 0.024561018 8.372124672 0.049200676 0.998787224 -0.001795265 -12.484175682 -0.024443006 0.003000973 0.999696732 112.157279968
0.998587132 -0.046756621 0.025250930 8.423296928 0.046810139 0.998902559 -0.001532232 -12.563583374 -0.025151577 0.002712067 0.999679983 112.935661316
0.998722374 -0.044292692 0.024327863 8.472848892 0.044264697 0.999018371 0.001688326 -12.640725136 -0.024378764 -0.000609304 0.999702632 113.690795898
0.998788834 -0.044408996 0.021183688 8.519578934 0.044368610 0.999012411 0.002373233 -12.722596169 -0.021268165 -0.001430468 0.999772787 114.444671631
0.998898983 -0.044501852 0.014844582 8.555141449 0.044469867 0.999007761 0.002477377 -12.796062469 -0.014940101 -0.001814513 0.999886692 115.139900208
0.999082983 -0.042602457 0.004291972 8.582856178 0.042598147 0.999091625 0.001091655 -12.867901802 -0.004334582 -0.000907823 0.999990284 115.817260742
0.999148965 -0.040113650 -0.009607490 8.583152771 0.040099572 0.999194324 -0.001653437 -12.935849190 0.009666078 0.001266773 0.999952495 116.454765320
0.998855114 -0.038546912 -0.028331103 8.579282761 0.038453154 0.999252975 -0.003847046 -13.009612083 0.028458228 0.002753222 0.999591172 117.071853638
0.998037517 -0.036837835 -0.050637633 8.544856071 0.036581513 0.999312758 -0.005979796 -13.079595566 0.050823115 0.004115660 0.998699188 117.661071777
0.996295035 -0.035382017 -0.078385651 8.503815651 0.034857623 0.999359846 -0.008048497 -13.144145966 0.078620248 0.005286340 0.996890604 118.227439880
0.993341208 -0.033138875 -0.110340714 8.431328773 0.032225192 0.999430001 -0.010054126 -13.211599350 0.110610999 0.006431427 0.993842900 118.769805908
0.988929868 -0.028688062 -0.145584255 8.318429947 0.027386921 0.999565184 -0.010934163 -13.281959534 0.145834610 0.006826017 0.989285469 119.310653687
0.982576609 -0.022656938 -0.184472233 8.209383011 0.021054558 0.999721706 -0.010640712 -13.337952614 0.184661984 0.006571333 0.982780039 119.839942932
0.974002659 -0.017428054 -0.225864902 8.064376831 0.015858850 0.999835849 -0.008760248 -13.393837929 0.225980535 0.004950549 0.974119186 120.348617554
0.962644041 -0.012564209 -0.270478278 7.896146774 0.011086833 0.999914050 -0.006989321 -13.454855919 0.270542860 0.003729481 0.962700665 120.833015442
0.948226333 -0.006815411 -0.317522258 7.701488495 0.004530996 0.999958277 -0.007932418 -13.506307602 0.317563117 0.006083036 0.948217571 121.313278198
0.930826724 0.001234177 -0.365458369 7.468257904 -0.004651842 0.999953210 -0.008471396 -13.562099457 0.365430892 0.009585458 0.930789113 121.782791138
0.909674644 0.005491755 -0.415285349 7.218902588 -0.010378344 0.999900877 -0.009510834 -13.610389709 0.415191948 0.012961740 0.909641504 122.213500977
0.884678841 0.010623697 -0.466080189 6.944160461 -0.016221227 0.999836385 -0.007999938 -13.671054840 0.465918988 0.014637767 0.884706259 122.631065369
0.855642557 0.013788991 -0.517383516 6.660686493 -0.020593688 0.999760509 -0.007412582 -13.718111992 0.517157435 0.016997352 0.855721533 123.023315430
0.823943615 0.023630289 -0.566178858 6.327728271 -0.031587973 0.999491990 -0.004253834 -13.763917923 0.565790594 0.021389361 0.824271560 123.401557922
0.790293396 0.036730777 -0.611626625 5.975254059 -0.044658717 0.998999715 0.002289865 -13.806788445 0.611098945 0.025504796 0.791143239 123.752853394
0.754411340 0.045514002 -0.654822111 5.625480652 -0.055812344 0.998428345 0.005096042 -13.844710350 0.654024780 0.032702643 0.755765915 124.053726196
0.714416146 0.049678091 -0.697955310 5.258052826 -0.063170999 0.997982383 0.006372152 -13.897656441 0.696863592 0.039538179 0.716112971 124.359878540
0.671752214 0.051174667 -0.739006102 4.882648468 -0.065548800 0.997803986 0.009512425 -13.940211296 0.737870097 0.042050969 0.673631489 124.645523071
0.627636135 0.054616496 -0.776588738 4.478424072 -0.069022596 0.997511566 0.014369927 -13.969333649 0.775440991 0.044583090 0.629843950 124.913566589
0.582481146 0.063569084 -0.810354769 4.047718048 -0.080233626 0.996565163 0.020504797 -14.005538940 0.808874726 0.053074036 0.585580826 125.146369934
0.537597895 0.072103523 -0.840112865 3.585315704 -0.091792680 0.995420277 0.026693741 -14.025307655 0.838190079 0.062765710 0.541754425 125.356719971
0.490598708 0.077193156 -0.867959678 3.138584137 -0.097517051 0.994675159 0.033342995 -14.048505783 0.865911782 0.068282843 0.495513976 125.551193237
0.443103135 0.078698382 -0.893009663 2.675666809 -0.096594408 0.994531155 0.039715927 -14.076302528 0.891251385 0.068661474 0.448281705 125.734481812
0.395722270 0.080635034 -0.914823413 2.200523376 -0.094340995 0.994437277 0.046843633 -14.100057602 0.913511753 0.067768283 0.401128113 125.907485962
0.350904197 0.083273463 -0.932701290 1.707897186 -0.095845185 0.994000912 0.052687198 -14.119179726 0.931493402 0.070906773 0.356780410 126.041442871
0.307255030 0.086752556 -0.947664678 1.209030151 -0.101476692 0.993144810 0.058014862 -14.138971329 0.946201205 0.078340523 0.313952059 126.157669067
0.265809536 0.088003695 -0.960000336 0.692205429 -0.105895273 0.992463887 0.061658841 -14.153499603 0.958191752 0.085269995 0.273125529 126.259170532
0.226402029 0.084478468 -0.970363557 0.162761688 -0.106096923 0.992443085 0.061646484 -14.169288635 0.968238354 0.088995703 0.233654022 126.360328674
0.190881982 0.079426058 -0.978394389 -0.369178772 -0.100907370 0.993028402 0.060927320 -14.192153931 0.976412714 0.087097265 0.197565913 126.456840515
0.160427123 0.074352257 -0.984243333 -0.915552139 -0.097974807 0.993433893 0.059077103 -14.212220192 0.982173145 0.086953476 0.166658401 126.537574768
0.133881599 0.072821669 -0.988318145 -1.484676361 -0.099284768 0.993264377 0.059736591 -14.231267929 0.986011326 0.090127297 0.140209913 126.604606628
0.111992858 0.071776316 -0.991113424 -2.077198982 -0.099811703 0.993156433 0.060645849 -14.241653442 0.988683581 0.092132814 0.118390545 126.661048889
0.093545072 0.073045731 -0.992931843 -2.666426659 -0.101726055 0.992786765 0.063451350 -14.255765915 0.990404606 0.095071487 0.100300968 126.716873169
0.077392176 0.071532272 -0.994431317 -3.276487350 -0.102528237 0.992705762 0.063428827 -14.280929565 0.991714895 0.097048394 0.084161751 126.766616821
0.063236959 0.070475645 -0.995507061 -3.896584511 -0.101440668 0.992791176 0.063839622 -14.309562683 0.992829740 0.096947871 0.069930181 126.818794250
0.050825246 0.068112649 -0.996382177 -4.535576820 -0.097153388 0.993277013 0.062944606 -14.331808090 0.993970811 0.093602739 0.057100914 126.863037109
0.038812809 0.065484211 -0.997098565 -5.178768158 -0.094921343 0.993579686 0.061558217 -14.348482132 0.994727850 0.092256680 0.044779472 126.901298523
0.028330529 0.064464763 -0.997517884 -5.855790615 -0.093990028 0.993669033 0.061546635 -14.367092133 0.995169878 0.092013091 0.034210209 126.934143066
0.018682413 0.065983593 -0.997645795 -6.526966095 -0.097317956 0.993201971 0.063867249 -14.388229370 0.995077908 0.095895655 0.024976790 126.954933167
0.010346705 0.065999687 -0.997766018 -7.205317497 -0.100147896 0.992870748 0.064637370 -14.415838242 0.994918823 0.099255390 0.016882671 126.969734192
0.003768750 0.065327622 -0.997856736 -7.892236710 -0.102297790 0.992653966 0.064600639 -14.436319351 0.994746685 0.101835065 0.010423936 126.988189697
-0.001116239 0.065921977 -0.997824132 -8.592075348 -0.103022859 0.992507815 0.065686002 -14.450926781 0.994678378 0.102872014 0.005683593 127.002441406
-0.004876692 0.068516813 -0.997637987 -9.311654091 -0.105193518 0.992079496 0.068649247 -14.470521927 0.994439840 0.105279833 0.002369457 127.025901794
-0.005572870 0.072795689 -0.997331262 -10.046270370 -0.107536905 0.991519511 0.072972380 -14.497419357 0.994185448 0.107656576 0.002302614 127.027030945
-0.006883123 0.075811587 -0.997098386 -10.756031036 -0.109816305 0.991033673 0.076108560 -14.511011124 0.993928194 0.110021524 0.001503942 127.042427063
-0.007734726 0.081338257 -0.996656537 -11.493288040 -0.114393450 0.990071297 0.081688590 -14.517500877 0.993405521 0.114642836 0.001646634 127.053359985
-0.008789482 0.085229710 -0.996322572 -12.236673355 -0.117566772 0.989362657 0.085671507 -14.530203819 0.993026078 0.117887430 0.001324198 127.061126709
-0.010357109 0.085997380 -0.996241510 -12.985218048 -0.117574342 0.989279270 0.086618707 -14.550617218 0.993010044 0.118029550 -0.000134987 127.080856323
-0.011922957 0.082841858 -0.996491373 -13.728498459 -0.115108341 0.989823401 0.083664782 -14.567459106 0.993281424 0.115702003 -0.002265834 127.102951050
-0.013270986 0.079118185 -0.996776879 -14.489856720 -0.118803144 0.989678621 0.080136493 -14.569513321 0.992829084 0.119483724 -0.003734522 127.112533569
-0.014339760 0.080915049 -0.996617794 -15.262316704 -0.124185957 0.988858938 0.082071923 -14.581079483 0.992155313 0.124942854 -0.004131489 127.111343384
-0.016330888 0.084405646 -0.996297657 -16.029661179 -0.121063843 0.988932610 0.085766114 -14.594464302 0.992510378 0.122016266 -0.005931676 127.130317688
-0.018008092 0.084576249 -0.996254325 -16.806213379 -0.120438866 0.988976717 0.086135462 -14.611268997 0.992557406 0.121538877 -0.007623319 127.140449524
-0.019551730 0.083692387 -0.996299803 -17.599655151 -0.123139858 0.988701820 0.085470669 -14.621523857 0.992196679 0.124355316 -0.009024965 127.145622253
-0.019952754 0.083415031 -0.996315122 -18.388193130 -0.127851382 0.988119304 0.085289270 -14.625907898 0.991592526 0.129082009 -0.009050976 127.142372131
-0.021458477 0.088064231 -0.995883703 -19.191156387 -0.129699558 0.987450063 0.090113126 -14.633565903 0.991321087 0.131099373 -0.009767283 127.149543762
-0.021570405 0.092119731 -0.995514274 -20.003910065 -0.128091738 0.987284780 0.094133668 -14.638762474 0.991527736 0.129547641 -0.009496356 127.159469604
-0.020944087 0.094822720 -0.995273769 -20.828540802 -0.129948735 0.986789227 0.096748941 -14.653909683 0.991299629 0.131360918 -0.008345305 127.174873352
-0.018771205 0.093418270 -0.995449960 -21.646713257 -0.129405886 0.987023890 0.095067732 -14.656539917 0.991414011 0.130601630 -0.006438754 127.182029724
-0.017769031 0.093273133 -0.995481968 -22.478063583 -0.129497632 0.987038314 0.094793469 -14.659342766 0.991420507 0.130596980 -0.005460066 127.195533752
-0.017877052 0.092548318 -0.995547712 -23.311439514 -0.128221557 0.987272859 0.094081551 -14.666611671 0.991584361 0.129332587 -0.005782843 127.218879700
-0.017316995 0.094425097 -0.995381415 -24.149684906 -0.129128113 0.986982226 0.095874824 -14.671108246 0.991476655 0.130191997 -0.004898637 127.239562988
-0.016789716 0.096546553 -0.995186806 -24.987751007 -0.130748197 0.986568332 0.097916290 -14.671633720 0.991273463 0.131762877 -0.003940915 127.257270813
-0.016451808 0.098919712 -0.994959414 -25.855342865 -0.133486450 0.985969007 0.100233071 -14.669630051 0.990913987 0.134462655 -0.003016531 127.269485474
-0.014803297 0.100073814 -0.994869828 -26.719169617 -0.135674953 0.985575676 0.101157695 -14.665551186 0.990642846 0.136476427 -0.001012256 127.281044006
-0.013202159 0.103169896 -0.994576156 -27.588296890 -0.142572373 0.984305680 0.103997044 -14.664709091 0.989696324 0.143172070 0.001714217 127.297103882
-0.010831097 0.107156381 -0.994183183 -28.470048904 -0.147425503 0.983205199 0.107579246 -14.658243179 0.989013851 0.147733182 0.005148390 127.310401917
-0.008803929 0.109089419 -0.993992925 -29.345142365 -0.150042102 0.982633650 0.109171689 -14.652005196 0.988640368 0.150101930 0.007716966 127.340934753
-0.004938918 0.109684199 -0.993954182 -30.240116119 -0.148510233 0.982863367 0.109198242 -14.649104118 0.988898516 0.148151726 0.011434943 127.364387512
-0.002331546 0.109740525 -0.993957579 -31.132795334 -0.151337087 0.982473254 0.108827554 -14.642492294 0.988479495 0.150676385 0.014317129 127.392631531
0.000144565 0.113462269 -0.993542314 -32.034420013 -0.151718050 0.982043326 0.112127014 -14.632067680 0.988423765 0.150722086 0.017356241 127.423652649
0.002681080 0.115463801 -0.993308067 -32.952381134 -0.150763541 0.982004523 0.113742940 -14.625265121 0.988566220 0.149449691 0.020040570 127.464851379
0.004476042 0.116628610 -0.993165433 -33.845226288 -0.151284441 0.981823027 0.114614844 -14.619550705 0.988480091 0.149737448 0.022038776 127.505882263
0.006816074 0.114896886 -0.993354023 -34.749118805 -0.152735904 0.981840909 0.112517208 -14.611244202 0.988243520 0.150953889 0.024241183 127.538009644
0.007174942 0.115910619 -0.993233681 -35.657432556 -0.156538844 0.981143713 0.113368914 -14.599278450 0.987645686 0.154666245 0.025184168 127.579277039
0.008228058 0.116630867 -0.993141234 -36.551235199 -0.157398984 0.980945170 0.113894582 -14.593561172 0.987500727 0.155382305 0.026428856 127.616622925
0.008665161 0.113313496 -0.993521452 -37.446403503 -0.158045843 0.981225789 0.110532723 -14.590270996 0.987393677 0.156064153 0.026411206 127.650138855
0.009636781 0.108918667 -0.994003952 -38.357845306 -0.159017310 0.981567383 0.106014259 -14.587434769 0.987228751 0.157042205 0.026779104 127.694381714
0.010069123 0.108002476 -0.994099617 -39.253959656 -0.158574522 0.981742322 0.105053745 -14.580141068 0.987295687 0.156581119 0.027011726 127.737396240
0.009681236 0.112266533 -0.993630946 -40.154392242 -0.160888761 0.980906129 0.109261222 -14.577205658 0.986925066 0.158806249 0.027558805 127.781677246
0.010249759 0.118439436 -0.992908359 -41.091445923 -0.161498711 0.980120540 0.115246907 -14.561441422 0.986819685 0.159172192 0.029173816 127.815017700
0.010455319 0.116925925 -0.993085504 -41.986289978 -0.159345508 0.980643749 0.113783434 -14.558741570 0.987167537 0.157054052 0.028884562 127.860313416
0.011312122 0.106803618 -0.994215786 -42.876449585 -0.158462733 0.981906474 0.103678323 -14.565877914 0.987300158 0.156373292 0.028031839 127.904228210
0.011623308 0.096298225 -0.995284677 -43.797981262 -0.160497636 0.982626259 0.093199126 -14.567547798 0.986967802 0.158657536 0.026877010 127.943466187
0.010380960 0.093070120 -0.995605469 -44.697750092 -0.157220811 0.983427227 0.090292372 -14.573715210 0.987508893 0.155592561 0.024841480 127.992309570
0.010480248 0.103153989 -0.994610190 -45.617374420 -0.149817720 0.983599424 0.100433394 -14.574944496 0.988658071 0.147957668 0.025762660 128.041458130
0.010453296 0.116295531 -0.993159652 -46.568237305 -0.144849300 0.982914150 0.113571256 -14.570240021 0.989398479 0.142671287 0.027120024 128.098068237
0.010665127 0.125187516 -0.992075801 -47.489875793 -0.145043194 0.981833160 0.122335777 -14.559436798 0.989367783 0.142589107 0.028628973 128.143737793
0.010426450 0.119612217 -0.992765963 -48.406421661 -0.145112932 0.982490778 0.116850197 -14.555669785 0.989360154 0.142844856 0.027601171 128.184844971
0.010698980 0.106084652 -0.994299471 -49.337585449 -0.145181403 0.983984888 0.103421956 -14.550970078 0.989347219 0.143247321 0.025929153 128.221359253
0.011228798 0.097259954 -0.995195627 -50.251953125 -0.145780250 0.984783947 0.094597585 -14.550045013 0.989253342 0.144017652 0.025236521 128.264724731
0.012010925 0.097323701 -0.995180249 -51.184654236 -0.144809678 0.984929502 0.094573475 -14.557868958 0.989386678 0.142975837 0.025923323 128.309432983
0.011213362 0.098992191 -0.995025039 -52.117942810 -0.147692531 0.984337449 0.096264482 -14.571158409 0.988969803 0.145878330 0.025658140 128.350692749
0.011773772 0.098171890 -0.995099843 -53.071689606 -0.152711347 0.983671188 0.095237553 -14.573344231 0.988200724 0.150841758 0.026573481 128.389251709
0.012144311 0.097656362 -0.995146155 -54.004096985 -0.154214486 0.983495176 0.094631076 -14.573354721 0.987962723 0.152316734 0.027003899 128.433166504
0.013102088 0.104991056 -0.994386852 -54.949634552 -0.163590118 0.981297731 0.101453610 -14.568403244 0.986441374 0.161342636 0.030032549 128.467269897
0.014539296 0.114668950 -0.993297398 -55.897171021 -0.169141680 0.979368150 0.110585131 -14.564269066 0.985484481 0.166400179 0.033634625 128.505508423
0.015699977 0.122639365 -0.992327094 -56.864509583 -0.169262126 0.978451848 0.118246615 -14.559414864 0.985446036 0.166106954 0.036119875 128.559326172
0.016533226 0.123618215 -0.992192090 -57.806373596 -0.170625225 0.978120983 0.119021907 -14.551525116 0.985197306 0.167325184 0.037263881 128.606307983
0.017912043 0.113861412 -0.993335128 -58.745449066 -0.172258511 0.978990138 0.109110899 -14.544935226 0.984888971 0.169156030 0.037149314 128.658584595
0.019028030 0.109038956 -0.993855357 -59.688953400 -0.170825258 0.979773521 0.104223438 -14.541860580 0.985117674 0.167792410 0.037269764 128.712539673
0.021098312 0.107364982 -0.993995786 -60.648902893 -0.169306025 0.980241299 0.102285676 -14.548194885 0.985337615 0.166131422 0.038858980 128.768661499
0.024803584 0.113673270 -0.993208587 -61.603649139 -0.170528427 0.979434073 0.107838117 -14.544657707 0.985040545 0.166695535 0.043677993 128.819763184
0.027849359 0.115969382 -0.992862225 -62.571105957 -0.173603535 0.978715003 0.109447412 -14.548641205 0.984421730 0.169316366 0.047389276 128.884841919
0.032132503 0.110642724 -0.993340731 -63.526321411 -0.173088133 0.979453385 0.103496850 -14.543930054 0.984382033 0.168609887 0.050623238 128.941619873
0.034857705 0.104813702 -0.993880749 -64.482139587 -0.172265500 0.980230033 0.097332351 -14.554831505 0.984433532 0.167818576 0.052224357 129.020401001
0.037690274 0.104828827 -0.993775785 -65.447525024 -0.170514315 0.980572164 0.096969061 -14.560235023 0.984634042 0.165798232 0.054832857 129.100296021
0.040603701 0.109446086 -0.993163049 -66.400840759 -0.168039560 0.980573118 0.101188689 -14.565899849 0.984943628 0.162782043 0.058206171 129.177474976
0.044346429 0.116625011 -0.992185533 -67.374023438 -0.167663023 0.979944646 0.107692361 -14.570841789 0.984846532 0.161577031 0.063010752 129.250915527
0.047599670 0.119720653 -0.991665900 -68.363960266 -0.165587693 0.980000317 0.110364132 -14.559695244 0.985045671 0.158954382 0.066471964 129.327835083
0.049122974 0.121298917 -0.991399705 -69.321624756 -0.165196747 0.979913950 0.111708246 -14.562259674 0.985036552 0.158288568 0.068174481 129.416107178
0.050874274 0.118600309 -0.991637886 -70.271903992 -0.163405851 0.980531454 0.108888708 -14.557688713 0.985246420 0.156499788 0.069263801 129.502319336
0.052379444 0.116741620 -0.991780043 -71.225685120 -0.161635548 0.981039047 0.106940739 -14.555593491 0.985459447 0.154705375 0.070255883 129.576034546
0.052637577 0.113679342 -0.992122054 -72.180145264 -0.158160239 0.981908739 0.104117803 -14.566411018 0.986009538 0.151433766 0.069664843 129.660583496
0.051614676 0.112947702 -0.992259383 -73.150833130 -0.157087371 0.982133210 0.103623800 -14.557900429 0.986234963 0.150522932 0.068435155 129.765625000
0.051549550 0.117796607 -0.991698861 -74.108116150 -0.153842568 0.982102573 0.108659826 -14.558460236 0.986749768 0.146964177 0.068749085 129.848434448
0.050982319 0.119844526 -0.991482794 -75.070007324 -0.147527322 0.982786119 0.111207440 -14.566801071 0.987743080 0.140601203 0.067785062 129.944702148
0.049354039 0.115483239 -0.992082596 -76.034568787 -0.144710839 0.983638763 0.107301265 -14.555800438 0.988242388 0.138269380 0.065258235 130.037200928
0.048829380 0.110933393 -0.992627561 -76.999176025 -0.146643400 0.983839691 0.102737606 -14.545932770 0.987983465 0.140545696 0.064307958 130.103698730
0.047560185 0.108416520 -0.992967248 -77.948432922 -0.143137679 0.984572172 0.100644045 -14.550252914 0.988559425 0.137344390 0.062344931 130.186492920
0.046407804 0.109521687 -0.992900431 -78.915512085 -0.143550858 0.984385610 0.101872936 -14.552407265 0.988554358 0.137804016 0.061405104 130.252883911
0.045502823 0.110071726 -0.992881536 -79.873405457 -0.144395873 0.984197795 0.102491528 -14.548643112 0.988473237 0.138704330 0.060677674 130.330093384
0.044006787 0.110581487 -0.992892385 -80.828575134 -0.146101326 0.983882189 0.103102542 -14.551520348 0.988290370 0.140525639 0.059453595 130.404571533
0.042895101 0.111438714 -0.992845118 -81.776885986 -0.145766556 0.983823836 0.104128435 -14.552613258 0.988388717 0.140257001 0.058445260 130.470718384
0.040511191 0.111619085 -0.992925048 -82.741935730 -0.145759091 0.983770370 0.104643010 -14.553648949 0.988490403 0.140488580 0.056123193 130.544967651
0.038879801 0.113586575 -0.992767036 -83.693916321 -0.146274716 0.983462632 0.106793456 -14.542081833 0.988479674 0.141064599 0.054851677 130.613464355
0.037477486 0.117360413 -0.992382050 -84.648345947 -0.147564694 0.982842386 0.110659443 -14.533608437 0.988342106 0.142293289 0.054152716 130.671386719
0.035166580 0.122283556 -0.991871953 -85.596824646 -0.148760006 0.982069552 0.115800798 -14.523700714 0.988247871 0.143478557 0.052726928 130.737762451
0.033122767 0.121772662 -0.992005169 -86.549613953 -0.148623809 0.982114315 0.115595989 -14.517082214 0.988338947 0.143606707 0.050628658 130.797607422
0.032062650 0.116788268 -0.992639124 -87.494606018 -0.148764446 0.982644796 0.110807247 -14.512735367 0.988352716 0.144116640 0.048880138 130.857955933
0.029485503 0.111941583 -0.993277252 -88.440406799 -0.152808696 0.982533574 0.106194638 -14.500375748 0.987815738 0.148650214 0.046076149 130.919113159
0.028565465 0.109979272 -0.993523300 -89.383911133 -0.150933638 0.983007669 0.104475610 -14.498176575 0.988131106 0.146971688 0.044679642 130.981353760
0.027859669 0.111030348 -0.993426383 -90.351257324 -0.146054298 0.983598948 0.105836034 -14.499310493 0.988884211 0.142145634 0.043619204 131.037246704
0.027170982 0.112201527 -0.993313909 -91.300201416 -0.143099427 0.983883142 0.107221931 -14.496639252 0.989335358 0.139229327 0.042789049 131.098526001
0.026254242 0.112342879 -0.993322730 -92.249946594 -0.137548715 0.984619737 0.107723109 -14.501008987 0.990146935 0.133802071 0.041303065 131.163192749
0.025001643 0.109541588 -0.993667781 -93.192680359 -0.133645937 0.985422254 0.105269961 -14.503417015 0.990713835 0.130167708 0.039276965 131.225982666
0.024260830 0.106418803 -0.994025290 -94.136085510 -0.128439456 0.986409366 0.102468662 -14.507696152 0.991420627 0.125186116 0.037599478 131.289886475
0.022236107 0.108902298 -0.993803680 -95.120460510 -0.126757458 0.986334383 0.105247624 -14.507925987 0.991684496 0.123631723 0.035736408 131.346633911
0.020805039 0.111323789 -0.993566394 -96.067214966 -0.126077935 0.986140192 0.107851677 -14.506086349 0.991802156 0.123022959 0.034552161 131.404846191
0.019754158 0.109072581 -0.993837476 -97.027603149 -0.122016378 0.986864209 0.105882004 -14.500940323 0.992331505 0.119172841 0.032803316 131.450271606
0.017467383 0.105997950 -0.994212925 -97.975624084 -0.119049974 0.987511337 0.103191853 -14.500202179 0.992734611 0.116558507 0.029868288 131.501235962
0.013748339 0.103033230 -0.994582891 -98.942596436 -0.117691524 0.987929463 0.100717090 -14.493439674 0.992955148 0.115669273 0.025708528 131.558334351
0.011072980 0.102127001 -0.994709790 -99.897872925 -0.112108275 0.988625765 0.100254372 -14.502575874 0.993634284 0.110405073 0.022396317 131.606613159
0.008934529 0.102362491 -0.994707108 -100.856422424 -0.105393521 0.989302516 0.100859679 -14.498816490 0.994390428 0.103934534 0.019627297 131.647399902
0.006455806 0.109789744 -0.993933856 -101.821395874 -0.095419601 0.989486694 0.108678766 -14.493972778 0.995416224 0.094139159 0.016864033 131.709838867
0.003717187 0.117936142 -0.993014216 -102.779930115 -0.087347180 0.989263892 0.117163755 -14.490085602 0.996171057 0.086301491 0.013978668 131.765090942
0.001151287 0.117368773 -0.993087709 -103.732284546 -0.083235361 0.989653587 0.116866395 -14.483075142 0.996529341 0.082525469 0.010908606 131.806961060
-0.001662361 0.107260354 -0.994229555 -104.692260742 -0.083840407 0.990715504 0.107021414 -14.481598854 0.996477723 0.083534531 0.007345825 131.839889526
-0.003776614 0.097874649 -0.995191514 -105.638977051 -0.085679166 0.991507411 0.097837463 -14.479852676 0.996315598 0.085636683 0.004641278 131.876358032
-0.004510685 0.099463694 -0.995030940 -106.591400146 -0.092918664 0.990694523 0.099451438 -14.484155655 0.995663524 0.092905536 0.004773322 131.902343750
-0.005021195 0.108760662 -0.994055390 -107.559616089 -0.096176118 0.989406943 0.108737901 -14.472146034 0.995351672 0.096150368 0.005492173 131.929733276
-0.006500627 0.120082669 -0.992742598 -108.523101807 -0.100158595 0.987693131 0.120127715 -14.460141182 0.994950235 0.100212634 0.005606687 131.957046509
-0.007906710 0.121762477 -0.992527723 -109.464836121 -0.107194304 0.986736178 0.121905908 -14.449835777 0.994206667 0.107357204 0.005250408 131.986923218
-0.007591822 0.118846759 -0.992883503 -110.456169128 -0.114350401 0.986295640 0.118932530 -14.431859970 0.993411481 0.114439540 0.006102394 132.000518799
-0.007790544 0.114973351 -0.993338048 -111.410530090 -0.122426338 0.985785604 0.115059361 -14.419664383 0.992447138 0.122507110 0.006395960 132.023559570
-0.005599090 0.117029540 -0.993112624 -112.378646851 -0.127181768 0.984979928 0.116788179 -14.401449203 0.991863608 0.126959771 0.009369029 132.045486450
-0.004054303 0.117950737 -0.993011177 -113.355651855 -0.135258615 0.983828962 0.117412306 -14.380808830 0.990802050 0.134789348 0.011965113 132.067672729
-0.003561066 0.120586790 -0.992696404 -114.319046021 -0.144435495 0.982231259 0.119833685 -14.363921165 0.989507854 0.143807337 0.013919222 132.088058472
-0.003338378 0.122705579 -0.992437541 -115.294548035 -0.149815917 0.981180727 0.121817738 -14.342494011 0.988708258 0.149089590 0.015107697 132.114288330
-0.002883827 0.122342706 -0.992483675 -116.268257141 -0.154270291 0.980551958 0.121320128 -14.331629753 0.988024473 0.153460607 0.016046103 132.151367188
-0.001291750 0.112846501 -0.993611574 -117.223335266 -0.153256565 0.981851995 0.111710176 -14.333726883 0.988185465 0.152421787 0.016026158 132.182586670
0.000157341 0.101411164 -0.994844615 -118.174629211 -0.156491861 0.982589781 0.100137204 -14.325097084 0.987679243 0.155669346 0.016024625 132.218002319
