1.000000000 0.000000000 0.000000000 0.000000000 0.000000000 1.000000000 0.000000000 0.000000000 0.000000000 0.000000000 1.000000000 0.000000000
0.999997795 -0.001594967 -0.001354062 0.049676616 0.001592082 0.999996483 -0.002129115 -0.132920206 0.001357453 0.002126955 0.999996841 1.297474623
0.999997675 -0.000000145 -0.002127083 0.104834042 -0.000013299 0.999980032 -0.006320307 -0.268547982 0.002127042 0.006320321 0.999977767 2.602507114
0.999996364 0.002376707 -0.001276943 0.147925705 -0.002386640 0.999966443 -0.007833475 -0.406852037 0.001258282 0.007836495 0.999968529 3.905716658
0.999983847 0.005675519 0.000272052 0.193086207 -0.005673616 0.999962509 -0.006548866 -0.545485198 -0.000309210 0.006547218 0.999978602 5.216221809
0.999975026 0.006604007 0.002503755 0.241545141 -0.006595921 0.999973059 -0.003224206 -0.689443469 -0.002524981 0.003207611 0.999991596 6.533867359
0.999959588 0.006883889 0.005786345 0.298474818 -0.006872716 0.999974489 -0.001948828 -0.826343238 -0.005799613 0.001908981 0.999981344 7.837880135
0.999942958 0.005287529 0.009282925 0.352223724 -0.005270914 0.999984384 -0.001813538 -0.960169137 -0.009292370 0.001764505 0.999955297 9.138677597
0.999912739 0.003935574 0.012614141 0.431066453 -0.003914556 0.999990761 -0.001690562 -1.097261786 -0.012620680 0.001641036 0.999919057 10.438089371
0.999869049 0.002607733 0.015967710 0.496286035 -0.002568524 0.999993622 -0.002475574 -1.233547926 -0.015974067 0.002434237 0.999869406 11.742124557
0.999810636 0.001618846 0.019391770 0.571986973 -0.001557257 0.999993682 -0.003190683 -1.372584105 -0.019396812 0.003159880 0.999806881 13.035338402
0.999742508 0.001606308 0.022633197 0.645959616 -0.001533768 0.999993742 -0.003221985 -1.516459227 -0.022638233 0.003186442 0.999738634 14.351428986
0.999660254 0.001552337 0.026016667 0.730792403 -0.001443053 0.999990046 -0.004218808 -1.655053258 -0.026022958 0.004179832 0.999652565 15.647347450
0.999570549 0.002410225 0.029202672 0.811301470 -0.002285129 0.999988079 -0.004316372 -1.790541291 -0.029212726 0.004247786 0.999564171 16.941274643
0.999474823 0.001930238 0.032348726 0.902656615 -0.001804578 0.999990702 -0.003913288 -1.929575205 -0.032355972 0.003852857 0.999468982 18.227874756
0.999403834 0.000480756 0.034521803 0.998754084 -0.000356836 0.999993384 -0.003595678 -2.073460817 -0.034523297 0.003581215 0.999397457 19.526149750
0.999340117 -0.002105470 0.036260530 1.093841076 0.002284252 0.999985456 -0.004889745 -2.213563681 -0.036249708 0.004969347 0.999330342 20.804569244
0.999300957 -0.001532043 0.037353262 1.192494631 0.001774977 0.999977469 -0.006471393 -2.356298685 -0.037342500 0.006533169 0.999281168 22.106828690
0.999260306 -0.001479055 0.038428638 1.280098438 0.001834488 0.999955833 -0.009215535 -2.496489048 -0.038413320 0.009279214 0.999218822 23.389158249
0.999215722 -0.000709950 0.039591495 1.378760576 0.001131765 0.999942839 -0.010632775 -2.641489506 -0.039581690 0.010669246 0.999159396 24.678415298
0.999168098 -0.000161033 0.040781666 1.477743626 0.000619764 0.999936640 -0.011236064 -2.789063215 -0.040777273 0.011251993 0.999104917 25.948804855
0.999145806 -0.001782795 0.041283846 1.576101542 0.002201904 0.999946475 -0.010108631 -2.936253309 -0.041263599 0.010190899 0.999096274 27.234889984
0.999146283 -0.004720730 0.041040301 1.682855844 0.005094213 0.999946475 -0.009000583 -3.081216812 -0.040995616 0.009201966 0.999116957 28.513286591
0.999171436 -0.006183098 0.040226799 1.778320312 0.006565477 0.999934554 -0.009380455 -3.230177402 -0.040166166 0.009636793 0.999146461 29.803108215
0.999186873 -0.007909783 0.039534930 1.882555246 0.008389623 0.999893010 -0.011985965 -3.374524593 -0.039435890 0.012307905 0.999146283 31.068435669
0.999217212 -0.007957538 0.038749490 1.989849925 0.008426552 0.999893010 -0.011955525 -3.524903536 -0.038650203 0.012272691 0.999177456 32.352668762
0.999237359 -0.008475473 0.038114153 2.091414452 0.008951760 0.999883711 -0.012343065 -3.666952133 -0.038005099 0.012674839 0.999197245 33.623065948
0.999250472 -0.009046020 0.037638031 2.184493065 0.009517889 0.999878109 -0.012376803 -3.812978983 -0.037521485 0.012725761 0.999214768 34.885498047
0.999255955 -0.009763088 0.037312578 2.277034521 0.010255195 0.999862611 -0.013020205 -3.954601288 -0.037180342 0.013393164 0.999218822 36.130458832
0.999305665 -0.010332990 0.035796177 2.392471552 0.010813956 0.999853432 -0.013268827 -4.112401962 -0.035653822 0.013646714 0.999270976 37.432952881
0.999301016 -0.009931144 0.036041088 2.481213570 0.010346950 0.999881744 -0.011368875 -4.260168552 -0.035923921 0.011733844 0.999285579 38.696697235
0.999264717 -0.009980973 0.037018366 2.582937479 0.010367276 0.999893665 -0.010258217 -4.400384903 -0.036912050 0.010634456 0.999261916 39.960933685
0.999190331 -0.011810144 0.038459741 2.696852207 0.012137359 0.999891996 -0.008285625 -4.546715260 -0.038357731 0.008745715 0.999225855 41.208595276
0.999066174 -0.012826483 0.041259073 2.783866405 0.013239928 0.999864697 -0.009763042 -4.688826084 -0.041128270 0.010300194 0.999100804 42.480773926
0.998936594 -0.014269165 0.043842860 2.879639387 0.014846322 0.999807000 -0.012866938 -4.836072922 -0.043650791 0.013504160 0.998955548 43.729705811
0.998847246 -0.015194825 0.045533404 2.990540981 0.015844729 0.999777198 -0.013946319 -4.983577251 -0.045311350 0.014651705 0.998865485 44.992649078
0.998720646 -0.015428435 0.048155881 3.119035721 0.016068568 0.999787271 -0.012934255 -5.116319180 -0.047946084 0.013691504 0.998756111 46.231369019
0.998510599 -0.016580367 0.051977072 3.217390060 0.017092604 0.999809623 -0.009426004 -5.269783497 -0.051810879 0.010300388 0.998603821 47.489570618
0.998239994 -0.019795323 0.055901188 3.337625980 0.020256869 0.999765158 -0.007701897 -5.405881882 -0.055735596 0.008820725 0.998406649 48.728118896
0.998000920 -0.021548901 0.059411865 3.466760159 0.022065712 0.999724030 -0.008056378 -5.545906067 -0.059221867 0.009351238 0.998201013 49.971889496
0.997722626 -0.024934871 0.062671460 3.608556509 0.025724653 0.999599099 -0.011826750 -5.681209564 -0.062351424 0.013412018 0.997964144 51.200428009
0.997434795 -0.025947714 0.066714279 3.741542816 0.026801122 0.999569595 -0.011928864 -5.816749096 -0.066376068 0.013686280 0.997700810 52.437328339
0.997086406 -0.028477529 0.070765764 3.873841047 0.029207086 0.999530077 -0.009296006 -5.958782196 -0.070467807 0.011335783 0.997449577 53.655921936
0.996808290 -0.031355247 0.073416971 4.029958725 0.031877454 0.999473929 -0.005951609 -6.093103409 -0.073191747 0.008272960 0.997283518 54.867031097
0.996576846 -0.033852357 0.075422384 4.182327747 0.034256414 0.999404788 -0.004069616 -6.224845886 -0.075239718 0.006639386 0.997143388 56.082195282
0.996366501 -0.037078749 0.076674268 4.334240437 0.037293449 0.999303401 -0.001369755 -6.345788956 -0.076570064 0.004224225 0.997055233 57.296237946
0.996229172 -0.040131275 0.076920703 4.490755081 0.040230885 0.999190390 0.000254778 -6.473739147 -0.076868646 0.002840770 0.997037172 58.495487213
0.996170819 -0.042173665 0.076583512 4.637075901 0.042527508 0.999090910 -0.002994628 -6.596730232 -0.076387592 0.006240068 0.997058690 59.700431824
0.996176839 -0.043336283 0.075852931 4.785585880 0.044009518 0.999004900 -0.007225834 -6.725766659 -0.075464331 0.010536460 0.997092783 60.887748718
0.996194243 -0.044448934 0.074976824 4.915503025 0.045416597 0.998904884 -0.011250073 -6.854886055 -0.074394651 0.014612449 0.997121811 62.094261169
0.996260107 -0.045961294 0.073167384 5.067749977 0.047102988 0.998792529 -0.013954718 -6.985775471 -0.072437644 0.017348930 0.997222006 63.288894653
0.996366620 -0.046363950 0.071442164 5.193296432 0.047477681 0.998774588 -0.013969978 -7.121891022 -0.070706919 0.017311130 0.997346818 64.459861755
0.996617556 -0.046227589 0.067943901 5.340715408 0.047229040 0.998796701 -0.013207017 -7.262610435 -0.067251638 0.016371274 0.997601688 65.680274963
0.996832430 -0.045338240 0.065340810 5.458271980 0.046164252 0.998871267 -0.011187056 -7.394537449 -0.064759851 0.014168027 0.997800350 66.860168457
0.997258663 -0.041671071 0.061143979 5.584583282 0.042200007 0.999081850 -0.007384380 -7.530761242 -0.060780130 0.009944413 0.998101652 68.048545837
0.997546673 -0.039736599 0.057633597 5.703711510 0.040095322 0.999182880 -0.005080656 -7.657413960 -0.057384618 0.007379027 0.998324871 69.224273682
0.997728825 -0.038554121 0.055234030 5.806695938 0.039078243 0.999200523 -0.008440373 -7.788887978 -0.054864455 0.010579654 0.998437822 70.399658203
0.997921109 -0.038806107 0.051454559 5.919317245 0.039640296 0.999096990 -0.015291549 -7.924808025 -0.050814696 0.017299434 0.998558283 71.586929321
0.997943759 -0.042647783 0.047850043 6.029671192 0.043571476 0.998880267 -0.018429309 -8.058933258 -0.047010496 0.020476310 0.998684525 72.760086060
0.997967243 -0.046560910 0.043514319 6.140186310 0.047194812 0.998792470 -0.013655418 -8.194143295 -0.042825960 0.015681311 0.998959482 73.930503845
0.997949660 -0.050387930 0.039464258 6.241587162 0.050756495 0.998675644 -0.008393006 -8.324055672 -0.038989082 0.010378866 0.999185741 75.090682983
0.998032689 -0.052283417 0.034598961 6.341132164 0.052517403 0.998602748 -0.005888405 -8.448370934 -0.034242749 0.007693870 0.999383867 76.276222229
0.998199821 -0.051564373 0.030629136 6.427940845 0.051694386 0.998656988 -0.003467896 -8.573715210 -0.030409178 0.005045008 0.999524832 77.435821533
0.998328328 -0.051187038 0.026841041 6.517838478 0.051301345 0.998676717 -0.003586935 -8.689333916 -0.026621923 0.004957920 0.999633312 78.591522217
0.998472869 -0.049835581 0.023839410 6.585059643 0.049972750 0.998737097 -0.005192784 -8.823572159 -0.023550518 0.006376175 0.999702334 79.764366150
0.998651743 -0.047621991 0.020656446 6.660097599 0.047844943 0.998800218 -0.010436705 -8.950964928 -0.020134650 0.011410941 0.999732137 80.908340454
0.998571277 -0.050877094 0.016339522 6.749775410 0.051131193 0.998571157 -0.015529022 -9.085966110 -0.015526106 0.016342295 0.999745846 82.071884155
0.998416364 -0.054519758 0.013879280 6.802606583 0.054744873 0.998365760 -0.016391072 -9.217124939 -0.012962963 0.017124925 0.999769330 83.203063965
0.998447180 -0.054811101 0.009951102 6.871020794 0.054939024 0.998404145 -0.013072601 -9.345060349 -0.009218695 0.013599004 0.999865115 84.341690063
0.998444498 -0.055255890 0.007438927 6.936180115 0.055332001 0.998413324 -0.010448643 -9.475928307 -0.006849776 0.010844002 0.999917686 85.476943970
0.998577297 -0.052927583 0.006487022 6.975891590 0.053001460 0.998524666 -0.011801608 -9.608078003 -0.005852820 0.012128640 0.999909341 86.613891602
0.998770177 -0.049191359 0.006199908 7.026613235 0.049279414 0.998673022 -0.014954883 -9.736045837 -0.005456031 0.015242017 0.999868989 87.733497620
0.998873651 -0.047205854 0.004792182 7.087630749 0.047282629 0.998729587 -0.017421622 -9.865246773 -0.003963692 0.017628586 0.999836802 88.841217041
0.998744369 -0.049937632 0.003974986 7.133586407 0.050002877 0.998578012 -0.018485276 -9.999797821 -0.003046222 0.018660828 0.999821246 89.990005493
0.998695850 -0.050991546 0.002541699 7.185293674 0.051025406 0.998572767 -0.015773155 -10.130967140 -0.001733774 0.015882276 0.999872386 91.104850769
0.998649240 -0.051920291 0.001999839 7.232624054 0.051941838 0.998566747 -0.012900239 -10.263326645 -0.001327188 0.012986694 0.999914765 92.220191956
0.998654127 -0.051850483 0.001227638 7.292322636 0.051861860 0.998574674 -0.012608081 -10.383137703 -0.000572153 0.012654781 0.999919772 93.344734192
0.998622954 -0.052449711 0.001126126 7.339744568 0.052460615 0.998514712 -0.014711582 -10.511034012 -0.000352835 0.014750401 0.999891162 94.453987122
0.998616517 -0.052581824 0.000552855 7.397681713 0.052583154 0.998449564 -0.018256087 -10.644062042 0.000407940 0.018259900 0.999833226 95.557518005
0.998599231 -0.052907828 0.000578165 7.446301460 0.052909013 0.998408079 -0.019541845 -10.779631615 0.000456672 0.019545065 0.999808967 96.664596558
0.998559654 -0.053649597 0.000248891 7.503092766 0.053645559 0.998402417 -0.017740555 -10.913062096 0.000703280 0.017728357 0.999842584 97.749717712
0.998623192 -0.052436110 0.001464956 7.542433739 0.052450605 0.998541355 -0.012808805 -11.034093857 -0.000791175 0.012868010 0.999916911 98.835060120
0.998713374 -0.050645299 0.002584669 7.594529152 0.050667498 0.998671293 -0.009397956 -11.154395103 -0.002105273 0.009516823 0.999952435 99.907432556
0.998813629 -0.048457604 0.004810206 7.638176441 0.048501115 0.998779058 -0.009383760 -11.275103569 -0.004349619 0.009605928 0.999944389 100.971626282
0.998892665 -0.046527170 0.006971101 7.689071178 0.046602793 0.998851776 -0.011110516 -11.397222519 -0.006446155 0.011423086 0.999913990 102.008796692
0.998850048 -0.046934400 0.009775361 7.738166809 0.047063880 0.998801112 -0.013465930 -11.519096375 -0.009131627 0.013910512 0.999861538 103.028457642
0.998767376 -0.048353948 0.011205930 7.792377949 0.048516486 0.998713970 -0.014717379 -11.628881454 -0.010479875 0.015242911 0.999828815 104.036041260
0.998662829 -0.050038863 0.012982018 7.855220318 0.050221499 0.998637915 -0.014145622 -11.741966248 -0.012256507 0.014778684 0.999815643 105.018745422
0.998621643 -0.050341304 0.014853388 7.907850742 0.050529070 0.998643756 -0.012548344 -11.863036156 -0.014201542 0.013281575 0.999810934 105.997543335
0.998565674 -0.051194232 0.015675779 7.985659122 0.051371943 0.998617291 -0.011151495 -11.966697693 -0.015083209 0.011940795 0.999814928 106.931449890
0.998493671 -0.051890809 0.017822120 8.039564133 0.052099258 0.998576403 -0.011437472 -12.075685501 -0.017203249 0.012348764 0.999775767 107.846755981
0.998498023 -0.051264621 0.019336130 8.103380203 0.051460378 0.998627305 -0.009765678 -12.175248146 -0.018808955 0.010746052 0.999765337 108.753166199
0.998507798 -0.050393589 0.021039443 8.162065506 0.050563920 0.998691559 -0.007644005 -12.273267746 -0.020626707 0.008696435 0.999749422 109.622581482
0.998470843 -0.050582770 0.022301424 8.223674774 0.050690662 0.998705149 -0.004298976 -12.377221107 -0.022055089 0.005422877 0.999742031 110.480079651
0.998428047 -0.050568748 0.024169724 8.280252457 0.050688710 0.998704910 -0.004376479 -12.468900681 -0.023917112 0.005594731 0.999698281 111.304847717
0.998451650 -0.049668860 0.025043255 8.334518433 0.049773932 0.998754025 -0.003589387 -12.556641579 -0.024833770 0.004830330 0.999679923 112.112609863
0.998559356 -0.047402121 0.025141317 8.390355110 0.047497828 0.998866200 -0.003223114 -12.637818336 -0.024960026 0.004412630 0.999678791 112.890830994
0.998685420 -0.044796605 0.024912026 8.431140900 0.044820774 0.998994887 -0.000412156 -12.714590073 -0.024868526 0.001528190 0.999689579 113.648742676
0.998758674 -0.044718809 0.021937048 8.476255417 0.044714548 0.998999536 0.000684938 -12.800103188 -0.021945732 0.000296817 0.999759257 114.392982483
0.998875678 -0.044805475 0.015484910 8.513216019 0.044797905 0.998995721 0.000835359 -12.875110626 -0.015506789 -0.000140728 0.999879718 115.089584351
0.999048471 -0.043356366 0.004726773 8.543146133 0.043358255 0.999059558 -0.000298340 -12.951683998 -0.004709393 0.000503001 0.999988854 115.754959106
0.999153793 -0.040213868 -0.008636378 8.537275314 0.040187091 0.999186933 -0.003250979 -13.020141602 0.008760091 0.002901157 0.999957383 116.400726318
0.998847008 -0.038948968 -0.028065320 8.546394348 0.038807530 0.999231219 -0.005567042 -13.090727806 0.028260579 0.004471477 0.999590576 117.027587891
0.998043180 -0.037185393 -0.050270624 8.510370255 0.036832910 0.999290109 -0.007920254 -13.160257339 0.050529458 0.006053140 0.998704255 117.614288330
0.996319652 -0.035559747 -0.077990934 8.469733238 0.034891769 0.999342024 -0.009911216 -13.225856781 0.078292057 0.007153498 0.996904790 118.185020447
0.993362248 -0.033288728 -0.110106468 8.397823334 0.032141376 0.999409139 -0.012179457 -13.292555809 0.110446855 0.008559639 0.993845165 118.728652954
0.988990068 -0.028631112 -0.145186335 8.285743713 0.026998451 0.999548316 -0.013203616 -13.361410141 0.145498767 0.009138438 0.989316225 119.270088196
0.982670963 -0.023025870 -0.183922812 8.182825089 0.021107156 0.999700487 -0.012383369 -13.423550606 0.184152886 0.008286687 0.982862592 119.774299622
0.974116027 -0.017543083 -0.225367039 8.040613174 0.015575808 0.999823511 -0.010504382 -13.480463982 0.225511521 0.006722212 0.974217296 120.276496887
0.962726951 -0.012926796 -0.270166099 7.868694305 0.010891543 0.999899924 -0.009031191 -13.538021088 0.270255834 0.005752046 0.962771356 120.773498535
0.948608160 -0.006510352 -0.316385895 7.673904419 0.003731641 0.999948978 -0.009387759 -13.596347809 0.316430867 0.007724668 0.948584080 121.232154846
0.931027591 0.001110499 -0.364947170 7.444400787 -0.005167007 0.999935210 -0.010139000 -13.654961586 0.364912271 0.011325375 0.930972993 121.716636658
0.909936607 0.005943081 -0.414704651 7.195217133 -0.011470689 0.999875367 -0.010839669 -13.706756592 0.414588571 0.014620358 0.909891486 122.140945435
0.884790123 0.010197810 -0.465878040 6.928127289 -0.016515501 0.999818623 -0.009480573 -13.760546684 0.465696901 0.016082527 0.884798110 122.553634644
0.855877697 0.013635382 -0.516998470 6.643833160 -0.021365741 0.999731183 -0.009003404 -13.807423592 0.516736686 0.018751869 0.855938971 122.949218750
0.824348092 0.023129841 -0.565610468 6.312370300 -0.032033660 0.999469817 -0.005815497 -13.855668068 0.565176129 0.022912567 0.824652076 123.320022583
0.790465117 0.035885919 -0.611454904 5.963897705 -0.044903234 0.998991191 0.000581043 -13.894211769 0.610858858 0.026997002 0.791279078 123.674896240
0.754441559 0.044687957 -0.654844165 5.608520508 -0.056226343 0.998412430 0.003355785 -13.935903549 0.653954446 0.034287743 0.755756497 123.990478516
0.714731038 0.048373304 -0.697724521 5.236858368 -0.063580573 0.997968376 0.004058933 -13.978569031 0.696503282 0.041460678 0.716354728 124.288604736
0.672086954 0.050105397 -0.738774955 4.863449097 -0.066074975 0.997785985 0.007561615 -14.028484344 0.737518191 0.043732461 0.673909724 124.570770264
0.628035009 0.054059301 -0.776305020 4.456554413 -0.069769606 0.997478187 0.013017074 -14.065707207 0.775051117 0.045987319 0.630222857 124.842971802
0.582935452 0.062759548 -0.810091019 4.032939911 -0.081106737 0.996527314 0.018839385 -14.098155975 0.808460236 0.054721691 0.586001337 125.072494507
0.537273824 0.071714476 -0.840353489 3.588249207 -0.092553407 0.995374143 0.025770381 -14.125194550 0.838314295 0.063931823 0.541425824 125.283676147
0.490122259 0.076516971 -0.868288636 3.137470245 -0.097867385 0.994671524 0.032411173 -14.151290894 0.866142154 0.069091707 0.494999200 125.486129761
0.443451464 0.077468351 -0.892944217 2.664527893 -0.097291507 0.994531572 0.037965048 -14.170418739 0.891002238 0.070040226 0.448563516 125.663352966
0.396573842 0.079269603 -0.914573908 2.191787720 -0.095010959 0.994458795 0.044995267 -14.192350388 0.913072824 0.069050595 0.401907831 125.829299927
0.350873917 0.082185306 -0.932809174 1.698539734 -0.096577935 0.994005203 0.051249411 -14.215135574 0.931429029 0.072106704 0.356707871 125.975059509
0.306873560 0.085274085 -0.947922409 1.195060730 -0.101797439 0.993205547 0.056392543 -14.234630585 0.946290612 0.079190686 0.313469231 126.093338013
0.264983684 0.087091640 -0.960311770 0.671602249 -0.107048124 0.992413580 0.060464665 -14.253591537 0.958292365 0.086777434 0.272296429 126.202568054
0.225935683 0.083679400 -0.970541537 0.145044327 -0.107466005 0.992363632 0.060543515 -14.270067215 0.968196392 0.090621285 0.233203009 126.296821594
0.191411942 0.078648061 -0.978353739 -0.391069412 -0.102331765 0.992951214 0.059800636 -14.288395882 0.976160645 0.088670142 0.198110849 126.384536743
0.161368743 0.073504522 -0.984153092 -0.946819305 -0.099935949 0.993313432 0.057802498 -14.305072784 0.981821358 0.089024760 0.167635471 126.458839417
0.133890375 0.071967177 -0.988379538 -1.504484177 -0.100167476 0.993234456 0.058751538 -14.329632759 0.985920787 0.091137215 0.140193298 126.540786743
0.111653008 0.071154229 -0.991196692 -2.086773872 -0.101386152 0.993044138 0.059866257 -14.344597816 0.988561749 0.093809359 0.118090414 126.605979919
0.093529925 0.072367586 -0.992982924 -2.692337036 -0.103682153 0.992639959 0.062576681 -14.356988907 0.990203023 0.097101815 0.100344762 126.652961731
0.077147804 0.070983551 -0.994489610 -3.294935226 -0.104345970 0.992559433 0.062751114 -14.382887840 0.991544306 0.098929867 0.083980612 126.707130432
0.063319288 0.070036210 -0.995532870 -3.914906979 -0.103859387 0.992580473 0.063222706 -14.410551071 0.992574394 0.099392205 0.070123382 126.753791809
0.051111922 0.067188889 -0.996430218 -4.561379910 -0.098435916 0.993214965 0.061922826 -14.430582047 0.993829966 0.094919525 0.057378925 126.802803040
0.038922496 0.064592034 -0.997152388 -5.208349228 -0.096105285 0.993524492 0.060605682 -14.448794365 0.994609892 0.093472704 0.044878095 126.845947266
0.028188817 0.064154923 -0.997541726 -5.867269516 -0.095515102 0.993544996 0.061198797 -14.469228745 0.995028853 0.093555175 0.034134626 126.879776001
0.019300245 0.065665089 -0.997655034 -6.538868904 -0.099195808 0.993043482 0.063442551 -14.491630554 0.994880736 0.097738758 0.025679685 126.888748169
0.010856198 0.064962178 -0.997828662 -7.237721443 -0.101955295 0.992758691 0.063522868 -14.514072418 0.994729877 0.101044297 0.017400822 126.907783508
0.004475970 0.064436503 -0.997911751 -7.924890518 -0.104562037 0.992481530 0.063616887 -14.535698891 0.994508207 0.104058944 0.011179931 126.924888611
-0.000575140 0.065870911 -0.997828007 -8.620282173 -0.105153657 0.992292166 0.065566100 -14.557847023 0.994455755 0.104962967 0.006355864 126.938499451
-0.004436438 0.068042926 -0.997672498 -9.344754219 -0.106632359 0.991961718 0.068127617 -14.576336861 0.994288623 0.106686428 0.002854801 126.962455750
-0.005375909 0.071551293 -0.997422397 -10.062396049 -0.108974122 0.991454661 0.071710527 -14.597592354 0.994029939 0.109078743 0.002467269 126.977172852
-0.006536648 0.075075977 -0.997156382 -10.795372963 -0.111773849 0.990873933 0.075335681 -14.612796783 0.993712127 0.111948468 0.001914538 126.989501953
-0.007889166 0.080530703 -0.996720910 -11.525591850 -0.116561584 0.989883065 0.080900848 -14.622558594 0.993152082 0.116817601 0.001577436 127.000564575
-0.009461595 0.084293984 -0.996396005 -12.264579773 -0.119372748 0.989219725 0.084820412 -14.637627602 0.992804348 0.119745076 0.000702808 127.020339966
-0.010698074 0.085034817 -0.996320546 -13.008481979 -0.118683793 0.989226520 0.085703723 -14.654607773 0.992874503 0.119163968 -0.000490563 127.034790039
-0.011712586 0.081659146 -0.996591508 -13.778664589 -0.117116109 0.989688098 0.082469895 -14.674295425 0.993049145 0.117682859 -0.002028207 127.049156189
-0.013533458 0.078286074 -0.996839046 -14.530723572 -0.120844223 0.989494860 0.079349920 -14.679756165 0.992579222 0.121536121 -0.003930869 127.062210083
-0.014739371 0.079910830 -0.996693075 -15.303211212 -0.125511020 0.988769174 0.081131622 -14.689220428 0.991982758 0.126291782 -0.004544145 127.063346863
-0.015847489 0.083138570 -0.996411979 -16.079565048 -0.123031534 0.988802135 0.084460385 -14.702943802 0.992276192 0.123928577 -0.005441367 127.075012207
-0.017993119 0.083201520 -0.996370256 -16.852731705 -0.121837884 0.988922656 0.084779836 -14.718625069 0.992386878 0.122921109 -0.007656704 127.091552734
-0.018280553 0.082490094 -0.996424139 -17.644035339 -0.125202388 0.988557279 0.084135808 -14.727616310 0.991962790 0.126292735 -0.007743419 127.085823059
-0.019701652 0.081967369 -0.996440232 -18.434062958 -0.128782123 0.988123357 0.083829477 -14.738923073 0.991477132 0.129975319 -0.008911730 127.100341797
-0.021031007 0.086134061 -0.996061683 -19.230424881 -0.130656645 0.987500787 0.088152498 -14.744113922 0.991204560 0.131995991 -0.009514151 127.110038757
-0.022034235 0.091052040 -0.995602429 -20.033096313 -0.129835233 0.987150133 0.093152516 -14.758116722 0.991290748 0.131316796 -0.009929334 127.127777100
-0.020739060 0.093569480 -0.995396733 -20.863061905 -0.130902797 0.986786008 0.095487438 -14.765707970 0.991178274 0.132280529 -0.008216504 127.136283875
-0.018923219 0.092458591 -0.995536625 -21.682003021 -0.130344883 0.986989021 0.094142355 -14.772620201 0.991288066 0.131544575 -0.006625506 127.148254395
-0.017820818 0.092314243 -0.995570421 -22.512500763 -0.130360693 0.987014413 0.093854353 -14.775835991 0.991306484 0.131455794 -0.005555256 127.160209656
-0.017596606 0.091317117 -0.995666385 -23.343580246 -0.128694341 0.987330198 0.092827007 -14.780473709 0.991528153 0.129770070 -0.005621668 127.181411743
-0.016804680 0.093071036 -0.995517612 -24.181777954 -0.129653797 0.987049043 0.094467886 -14.784818649 0.991416872 0.130660161 -0.004520031 127.199775696
-0.016541094 0.095052615 -0.995334804 -25.020265579 -0.131236091 0.986652553 0.096404441 -14.785653114 0.991213083 0.132218465 -0.003845981 127.219856262
-0.016138162 0.098025009 -0.995053232 -25.898166656 -0.134561703 0.985916436 0.099307328 -14.789676666 0.990773797 0.135498658 -0.002720468 127.227989197
-0.014504477 0.099171385 -0.994964600 -26.761863708 -0.136750475 0.985522509 0.100223780 -14.786585808 0.990499377 0.137515575 -0.000732757 127.239860535
-0.012999236 0.102461331 -0.994652033 -27.629573822 -0.143612161 0.984231651 0.103264801 -14.787670135 0.989548624 0.144186482 0.001920433 127.257247925
-0.010499680 0.106170394 -0.994292438 -28.513618469 -0.148269117 0.983190358 0.106550612 -14.781668663 0.988891423 0.148541614 0.005418606 127.269798279
-0.008613132 0.107953504 -0.994118512 -29.387784958 -0.150695458 0.982661605 0.108014971 -14.775480270 0.988542736 0.150739521 0.007804308 127.302017212
-0.004904733 0.108958974 -0.994034171 -30.285709381 -0.149674609 0.982768178 0.108462594 -14.777748108 0.988723159 0.149313673 0.011488176 127.324157715
-0.002372619 0.108737193 -0.994067669 -31.175354004 -0.152123138 0.982461810 0.107830741 -14.770182610 0.988358736 0.151476547 0.014210436 127.355278015
0.000086577 0.112688333 -0.993630409 -32.078247070 -0.152739778 0.981972992 0.111352965 -14.762207985 0.988266468 0.151757240 0.017297009 127.385314941
0.002462636 0.114849679 -0.993379831 -32.988746643 -0.152089864 0.981869459 0.113141872 -14.757015228 0.988363624 0.150804386 0.019885460 127.421981812
0.004269713 0.116106585 -0.993227601 -33.881206512 -0.152729586 0.981659591 0.114097744 -14.752349854 0.988258779 0.151208088 0.021924313 127.462799072
0.006748224 0.114267267 -0.993427098 -34.784461975 -0.154067621 0.981706560 0.111872569 -14.744585037 0.988037348 0.152300000 0.024229661 127.494407654
0.007258030 0.115327701 -0.993300974 -35.702308655 -0.158257365 0.980941057 0.112736240 -14.732593536 0.987371206 0.156378970 0.025371151 127.533699036
0.008199806 0.116018176 -0.993213177 -36.597686768 -0.158892632 0.980778515 0.113253884 -14.727090836 0.987261772 0.156885624 0.026476627 127.571037292
0.008671759 0.112625539 -0.993599653 -37.491493225 -0.159749523 0.981031358 0.109806679 -14.724811554 0.987119436 0.157774881 0.026499143 127.605125427
0.009323847 0.108331278 -0.994071126 -38.404617310 -0.160515994 0.981384933 0.105443217 -14.725160599 0.986989200 0.158581167 0.026539184 127.651473999
0.009786931 0.107629336 -0.994142890 -39.301151276 -0.160230368 0.981512785 0.104684554 -14.719858170 0.987031162 0.158267334 0.026851488 127.693473816
0.009504095 0.111705035 -0.993695974 -40.199989319 -0.162407309 0.980718970 0.108692929 -14.715723038 0.986677945 0.160350442 0.027462564 127.737785339
0.010302188 0.118016273 -0.992958128 -41.143203735 -0.163562089 0.979835510 0.114759609 -14.701797485 0.986479163 0.161228046 0.029397441 127.768203735
0.010543363 0.116691127 -0.993112206 -42.038570404 -0.161433741 0.980337799 0.113476269 -14.700956345 0.986827195 0.159125388 0.029173942 127.812042236
0.011424234 0.106267177 -0.994271934 -42.926265717 -0.160809755 0.981589556 0.103063971 -14.705677032 0.986919224 0.158711180 0.028302707 127.856697083
0.011514057 0.095898315 -0.995324492 -43.853862762 -0.162443072 0.982347250 0.092768796 -14.710966110 0.986650705 0.160615444 0.026888819 127.899368286
0.010534716 0.092892475 -0.995620370 -44.754390717 -0.159226879 0.983127296 0.090042062 -14.718549728 0.987185776 0.157580972 0.025147948 127.945137024
0.010324620 0.102809802 -0.994647563 -45.677185059 -0.151938215 0.983312070 0.100060999 -14.719820976 0.988336027 0.150091842 0.025773060 127.994895935
0.010399254 0.116111092 -0.993181765 -46.611862183 -0.147104561 0.982606471 0.113334484 -14.716249466 0.989066303 0.144923002 0.027298843 128.053741455
0.010709511 0.125084430 -0.992088318 -47.533103943 -0.147340119 0.981513023 0.122160546 -14.706031799 0.989027917 0.144866168 0.028941482 128.099166870
0.010466050 0.119532451 -0.992775083 -48.450073242 -0.147466570 0.982158363 0.116699532 -14.702301979 0.989011705 0.145179793 0.027906368 128.140167236
0.010687027 0.105884843 -0.994320989 -49.362754822 -0.147393107 0.983682692 0.103167802 -14.700118065 0.989020228 0.145453498 0.026119342 128.180313110
0.011081195 0.097043663 -0.995218396 -50.277561188 -0.147951022 0.984484017 0.094349593 -14.699697495 0.988932610 0.146198079 0.025266964 128.225158691
0.011444106 0.097026855 -0.995215952 -51.206554413 -0.146880731 0.984648228 0.094307572 -14.706121445 0.989087999 0.145098746 0.025519794 128.270492554
0.010936328 0.098652646 -0.995061815 -52.143486023 -0.150283322 0.983980477 0.095902324 -14.724299431 0.988582611 0.148492351 0.025586981 128.313827515
0.011802129 0.098029308 -0.995113552 -53.071739197 -0.154878318 0.983352125 0.095033810 -14.724761963 0.987863123 0.152999908 0.026788263 128.345367432
0.012332619 0.097355798 -0.995173156 -54.006252289 -0.156427026 0.983182907 0.094244294 -14.726173401 0.987612545 0.154509723 0.027354302 128.385299683
0.012788028 0.105174743 -0.994371533 -54.970474243 -0.165475547 0.980963469 0.101628497 -14.729507446 0.986130953 0.163244531 0.029948441 128.427886963
0.014142577 0.114527822 -0.993319333 -55.908946991 -0.170835733 0.979088724 0.110454753 -14.721029282 0.985197961 0.168132335 0.033412285 128.468200684
0.015393806 0.123010524 -0.992285967 -56.869033813 -0.171291724 0.978057027 0.118589282 -14.714490891 0.985100150 0.168144807 0.036126703 128.507797241
0.016488539 0.123204082 -0.992244303 -57.824295044 -0.172878385 0.977784276 0.118535832 -14.700906754 0.984805048 0.169583112 0.037421558 128.558166504
0.018316874 0.113999322 -0.993311822 -58.764148712 -0.174915686 0.978522778 0.109076530 -14.702005386 0.984413028 0.171747923 0.037863754 128.601226807
0.019640099 0.109064646 -0.993840575 -59.701560974 -0.173417941 0.979336917 0.104045920 -14.695187569 0.984652519 0.170306340 0.038148038 128.655715942
0.021509772 0.107389025 -0.993984401 -60.671577454 -0.171690404 0.979841232 0.102145627 -14.694000244 0.984916151 0.168460444 0.039513826 128.712875366
0.024372609 0.113086656 -0.993286192 -61.631256104 -0.173182935 0.979036570 0.107214876 -14.688707352 0.984588027 0.169407114 0.043446351 128.777557373
0.028005727 0.115633801 -0.992897034 -62.595855713 -0.176167220 0.978310645 0.108966045 -14.693621635 0.983961701 0.171864271 0.047769178 128.833221436
0.031873442 0.110609964 -0.993352652 -63.551395416 -0.175189704 0.979089797 0.103400528 -14.693048477 0.984018564 0.170729443 0.050584689 128.893890381
0.034900662 0.105120376 -0.993846893 -64.505241394 -0.175165340 0.979701996 0.097473018 -14.700456619 0.983920276 0.170685664 0.052605700 128.962860107
0.038839322 0.104341924 -0.993782818 -65.468124390 -0.172836065 0.980244815 0.096165687 -14.693111420 0.984184504 0.168026507 0.056106094 129.026382446
0.040924747 0.109041706 -0.993194401 -66.424201965 -0.170045882 0.980285883 0.100617714 -14.712091446 0.984586000 0.164770871 0.058660053 129.120025635
0.044497229 0.115764081 -0.992279530 -67.382713318 -0.169507310 0.979735911 0.106699392 -14.711267471 0.984523952 0.163450807 0.063218392 129.197662354
0.046968792 0.119500697 -0.991722524 -68.348159790 -0.167309284 0.979733944 0.110132180 -14.712048531 0.984785020 0.160751641 0.066010505 129.283065796
0.048875518 0.121289141 -0.991413236 -69.328132629 -0.166941926 0.979628503 0.111617349 -14.713418961 0.984754562 0.160053104 0.068128102 129.365188599
0.051349439 0.118627794 -0.991610169 -70.270835876 -0.165553465 0.980193138 0.108688988 -14.712651253 0.984863102 0.158583358 0.069971614 129.441345215
0.051916819 0.117247440 -0.991744816 -71.216552734 -0.163514048 0.980679750 0.107379504 -14.715476990 0.985174000 0.156589434 0.070085369 129.530487061
0.052665919 0.113461092 -0.992145717 -72.162536621 -0.160457790 0.981576443 0.103734858 -14.720097542 0.985636711 0.153734192 0.069901340 129.617248535
0.052013114 0.113234833 -0.992205858 -73.154373169 -0.158958495 0.981822252 0.103716962 -14.713005066 0.985914230 0.152324870 0.069067262 129.704895020
0.051783931 0.118041910 -0.991657436 -74.107116699 -0.155655116 0.981807947 0.108741239 -14.714373589 0.986453235 0.148725525 0.069215700 129.790603638
0.051366810 0.119697452 -0.991480589 -75.068794250 -0.149672776 0.982501149 0.110859096 -14.716494560 0.987400413 0.142703176 0.068383403 129.886138916
0.050545048 0.115165114 -0.992059588 -76.025581360 -0.146806449 0.983395875 0.106679633 -14.703668594 0.987873018 0.140248612 0.066612765 129.969726562
0.049399685 0.111281760 -0.992560327 -76.986244202 -0.149247006 0.983438551 0.102830999 -14.703792572 0.987565219 0.143056825 0.065190032 130.039489746
0.048207510 0.108729839 -0.992901683 -77.934402466 -0.145735696 0.984185338 0.100699544 -14.707109451 0.988148391 0.139846757 0.063290939 130.122268677
0.046858206 0.109377615 -0.992895246 -78.899414062 -0.145901158 0.984076500 0.101520538 -14.707206726 0.988188982 0.140107498 0.062070392 130.192489624
0.046069331 0.110513844 -0.992806196 -79.847351074 -0.146926165 0.983802259 0.102693714 -14.709425926 0.988074064 0.141138181 0.061560478 130.266296387
0.044936165 0.110901259 -0.992814958 -80.803749084 -0.148502573 0.983518541 0.103141390 -14.710861206 0.987890542 0.142800838 0.060664684 130.337249756
0.043370735 0.111455590 -0.992822468 -81.751724243 -0.148196638 0.983481348 0.103933081 -14.710120201 0.988006473 0.142625317 0.059171654 130.408615112
0.041233044 0.111593440 -0.992898107 -82.716712952 -0.148029506 0.983458638 0.104385167 -14.709784508 0.988123000 0.142674088 0.057070121 130.481231689
0.039465547 0.114424214 -0.992647707 -83.665306091 -0.148389220 0.983077466 0.107421383 -14.705603600 0.988141239 0.143058807 0.055776998 130.553848267
0.037957273 0.118133716 -0.992271960 -84.619117737 -0.149746984 0.982447147 0.111235790 -14.696695328 0.987995386 0.144367531 0.054981187 130.613555908
0.035177834 0.123290114 -0.991746962 -85.563987732 -0.150732636 0.981663406 0.116690017 -14.688131332 0.987948418 0.145383731 0.053116634 130.684936523
0.033291880 0.122858480 -0.991865575 -86.508216858 -0.150647938 0.981694043 0.116542071 -14.681217194 0.988026679 0.145542607 0.051190808 130.749160767
0.032211676 0.118614212 -0.992417812 -87.454696655 -0.151327968 0.982064903 0.112465069 -14.681271553 0.987958610 0.146557838 0.049583606 130.806350708
0.030264784 0.112915501 -0.993143559 -88.399894714 -0.154991820 0.982110858 0.106937975 -14.659375191 0.987452090 0.150692627 0.047224354 130.860687256
0.029006807 0.110874206 -0.993411064 -89.343055725 -0.152958661 0.982616842 0.105203204 -14.656554222 0.987806797 0.148899212 0.045461744 130.926971436
0.028837400 0.111885950 -0.993302524 -90.310874939 -0.148130745 0.983222067 0.106449977 -14.653639793 0.988547206 0.144068912 0.044927314 130.975173950
0.028090695 0.113211274 -0.993173718 -91.259674072 -0.145277336 0.983479023 0.107997194 -14.651316643 0.988992155 0.141251937 0.044073649 131.038055420
0.027256567 0.113150708 -0.993203819 -92.204742432 -0.139694840 0.984254539 0.108297504 -14.654358864 0.989819407 0.135793641 0.042633969 131.101715088
0.025738334 0.110289536 -0.993566215 -93.145210266 -0.135494679 0.985108614 0.105840728 -14.656496048 0.990443707 0.131898746 0.040298700 131.168701172
0.025237579 0.106860623 -0.993953645 -94.090812683 -0.130570158 0.986105382 0.102701545 -14.656398773 0.991117835 0.127188742 0.038839724 131.229858398
0.023314932 0.109088235 -0.993758619 -95.073348999 -0.128340557 0.986130476 0.105239816 -14.650532722 0.991455972 0.125085890 0.036992013 131.288681030
0.022152936 0.111562215 -0.993510485 -96.021415710 -0.127747625 0.985924125 0.107861854 -14.649132729 0.991559267 0.124529138 0.036092926 131.343704224
0.020582367 0.109526940 -0.993770778 -96.980606079 -0.123444624 0.986653924 0.106185868 -14.646096230 0.992137969 0.120490111 0.033828188 131.397033691
0.018428853 0.106431127 -0.994149327 -97.930191040 -0.120636880 0.987290680 0.103460558 -14.644886017 0.992525578 0.118024416 0.031034159 131.448287964
0.014727315 0.104203112 -0.994446993 -98.897048950 -0.119490825 0.987610996 0.101717204 -14.647337914 0.992726088 0.117329262 0.026996179 131.501342773
0.012034719 0.103352368 -0.994572043 -99.850784302 -0.113980807 0.988302708 0.101321682 -14.655960083 0.993410110 0.112142749 0.023674138 131.550979614
0.009984585 0.103649318 -0.994563758 -100.809967041 -0.107258193 0.988986075 0.101991251 -14.651207924 0.994181097 0.105656765 0.020991853 131.591720581
0.007172331 0.112025663 -0.993679404 -101.773124695 -0.097883418 0.989011526 0.110792905 -14.659203529 0.995171964 0.096470103 0.018058976 131.657257080
0.004572600 0.120372295 -0.992718220 -102.731369019 -0.089799382 0.988767266 0.119479574 -14.654593468 0.995949328 0.088599153 0.015330594 131.712371826
0.001093774 0.119238712 -0.992865026 -103.686035156 -0.085405163 0.989249170 0.118710376 -14.641640663 0.996345639 0.084665962 0.011265617 131.763839722
-0.001208893 0.109405652 -0.993996441 -104.635093689 -0.086237364 0.990282774 0.109101780 -14.641433716 0.996273875 0.085851528 0.008237710 131.793518066
-0.003352704 0.099935904 -0.994988263 -105.583480835 -0.087997556 0.991104484 0.099842340 -14.636543274 0.996115029 0.087891281 0.005471236 131.830307007
-0.003373335 0.101727165 -0.994806468 -106.548751831 -0.095818594 0.990202069 0.101581216 -14.639471054 0.995393097 0.095663644 0.006407072 131.842330933
-0.004451899 0.110806674 -0.993831992 -107.507949829 -0.098651215 0.988945186 0.110703737 -14.624659538 0.995112062 0.098535582 0.006528530 131.884078979
-0.005999811 0.122228220 -0.992483914 -108.470985413 -0.102619477 0.987186611 0.122196198 -14.611532211 0.994702578 0.102581330 0.006620064 131.912918091
-0.007721473 0.124001019 -0.992251992 -109.419258118 -0.109531023 0.986206174 0.124097832 -14.598715782 0.993953288 0.109640598 0.005966995 131.942153931
-0.007294451 0.121241756 -0.992596149 -110.405326843 -0.117002480 0.985701025 0.121259376 -14.583212852 0.993104815 0.117020734 0.006995438 131.960037231
-0.007537962 0.117279090 -0.993070424 -111.359405518 -0.125025138 0.985195398 0.117298082 -14.568209648 0.992124915 0.125042945 0.007236468 131.983917236
-0.005000432 0.119285285 -0.992847383 -112.326988220 -0.129793733 0.984383643 0.118922114 -14.547131538 0.991528332 0.129460067 0.010560140 132.003921509
-0.003592642 0.120110527 -0.992754042 -113.307609558 -0.138042599 0.983196437 0.119453728 -14.523977280 0.990419686 0.137471527 0.013048098 132.028411865
-0.003031726 0.122797638 -0.992427170 -114.271659851 -0.147265688 0.981556177 0.121902429 -14.505311966 0.989092290 0.146520033 0.015108073 132.048339844
-0.002930351 0.124843061 -0.992172182 -115.246833801 -0.152750269 0.980477095 0.123822637 -14.481481552 0.988260448 0.151917428 0.016196672 132.075393677
-0.002532825 0.124707691 -0.992190242 -116.233192444 -0.157003924 0.979838610 0.123556018 -14.470417023 0.987594724 0.156090692 0.017097840 132.117385864
-0.001240733 0.115170002 -0.993345082 -117.186859131 -0.155852780 0.981185198 0.113954820 -14.470625877 0.987779498 0.154956982 0.016732179 132.152359009
0.000284831 0.103674665 -0.994611204 -118.139022827 -0.159016982 0.981960356 0.102310449 -14.460104942 0.987275720 0.158130959 0.016765723 132.188735962
