1.000000000 0.000000000 0.000000000 0.000000000 0.000000000 1.000000000 0.000000000 0.000000000 0.000000000 0.000000000 1.000000000 0.000000000
0.999997854 -0.001550168 -0.001362764 0.049437422 0.001547275 0.999996543 -0.002121977 -0.132627234 0.001366049 0.002119864 0.999996841 1.298053503
0.999997795 0.000068544 -0.002102929 0.103909262 -0.000082014 0.999979436 -0.006405765 -0.267587245 0.002102447 0.006405923 0.999977231 2.606079340
0.999996006 0.002522371 -0.001271799 0.147077128 -0.002532428 0.999965012 -0.007969462 -0.405861050 0.001251652 0.007972652 0.999967396 3.909707308
0.999983251 0.005784397 0.000268593 0.192334130 -0.005782472 0.999960840 -0.006681950 -0.544240296 -0.000307234 0.006680285 0.999977648 5.222826958
0.999975145 0.006623904 0.002474329 0.241114497 -0.006615597 0.999972522 -0.003350838 -0.690608859 -0.002496457 0.003334385 0.999991298 6.538520813
0.999959648 0.006865737 0.005806847 0.298158020 -0.006853362 0.999974251 -0.002148485 -0.827415764 -0.005821449 0.002108601 0.999980807 7.841221333
0.999942541 0.005469951 0.009222102 0.354637176 -0.005451660 0.999983132 -0.002007354 -0.960293293 -0.009232925 0.001956963 0.999955475 9.147045135
0.999912441 0.004183454 0.012550984 0.433910012 -0.004160793 0.999989688 -0.001831100 -1.098081827 -0.012558515 0.001778718 0.999919593 10.446513176
0.999870777 0.002762877 0.015833860 0.501253963 -0.002721143 0.999992788 -0.002656604 -1.233804107 -0.015841084 0.002613175 0.999871135 11.753494263
0.999814510 0.001687784 0.019186322 0.578442574 -0.001620147 0.999992371 -0.003540301 -1.368892908 -0.019192150 0.003508559 0.999809623 13.045472145
0.999743342 0.001726677 0.022586904 0.645345747 -0.001651012 0.999992967 -0.003368190 -1.520539880 -0.022592561 0.003330034 0.999739170 14.370474815
0.999663115 0.001557302 0.025908522 0.731031656 -0.001442321 0.999989033 -0.004456065 -1.658627868 -0.025915176 0.004417195 0.999654293 15.666491508
0.999571323 0.002495497 0.029167967 0.812019467 -0.002367752 0.999987483 -0.004413392 -1.797571778 -0.029178614 0.004342439 0.999564767 16.969362259
0.999471545 0.002118776 0.032435849 0.901226640 -0.001993572 0.999990463 -0.003891908 -1.938086629 -0.032443780 0.003825188 0.999466300 18.255874634
0.999406755 0.000463259 0.034437358 1.000720978 -0.000335748 0.999993086 -0.003708383 -2.079114199 -0.034438837 0.003694621 0.999399960 19.556474686
0.999347866 -0.002112504 0.036045320 1.099476457 0.002294865 0.999984741 -0.005018621 -2.219438314 -0.036034171 0.005098068 0.999337554 20.831716537
0.999309897 -0.001695350 0.037106439 1.197546482 0.001948002 0.999975145 -0.006773765 -2.360221863 -0.037094031 0.006841373 0.999288499 22.135574341
0.999265075 -0.001522970 0.038301203 1.278442621 0.001888640 0.999952912 -0.009512856 -2.504493952 -0.038284916 0.009578202 0.999220967 23.425621033
0.999224067 -0.000963973 0.039374400 1.384245634 0.001390427 0.999940634 -0.010804814 -2.647397995 -0.039361648 0.010851178 0.999166131 24.708362579
0.999175429 -0.000364110 0.040599350 1.483420134 0.000828038 0.999934494 -0.011410754 -2.795615435 -0.040592540 0.011434963 0.999110341 25.978115082
0.999161661 -0.002048134 0.040891029 1.583475828 0.002476014 0.999942660 -0.010416013 -2.940875530 -0.040867355 0.010508528 0.999109328 27.269739151
0.999158978 -0.005105123 0.040685263 1.689761639 0.005487349 0.999941826 -0.009288581 -3.085486889 -0.040635478 0.009504025 0.999128819 28.546400070
0.999182224 -0.006481621 0.039908763 1.784186721 0.006874025 0.999929249 -0.009703146 -3.234632015 -0.039843053 0.009969546 0.999156237 29.839805603
0.999178767 -0.008036030 0.039711770 1.877690673 0.008532019 0.999887466 -0.012336016 -3.380315542 -0.039608169 0.012664708 0.999135077 31.100116730
0.999231279 -0.008140544 0.038347777 1.996100426 0.008623077 0.999885499 -0.012434519 -3.526902676 -0.038242165 0.012755637 0.999187112 32.389442444
0.999250889 -0.008724223 0.037702568 2.095498323 0.009213144 0.999875426 -0.012813660 -3.669601440 -0.037586093 0.013151423 0.999206781 33.661846161
0.999258399 -0.009228156 0.037382245 2.187920332 0.009715025 0.999870002 -0.012863482 -3.817667007 -0.037258673 0.013217111 0.999218166 34.931438446
0.999270201 -0.009846823 0.036908019 2.279409409 0.010346774 0.999856949 -0.013379394 -3.962909460 -0.036770992 0.013751508 0.999229074 36.196083069
0.999310613 -0.010292280 0.035670254 2.394398212 0.010782659 0.999849558 -0.013582592 -4.119608402 -0.035525098 0.013957851 0.999271274 37.483551025
0.999310076 -0.009979312 0.035773609 2.485303879 0.010406220 0.999876559 -0.011767380 -4.266354084 -0.035651766 0.012131528 0.999290645 38.741287231
0.999273241 -0.010001716 0.036783174 2.586188793 0.010402257 0.999888480 -0.010714031 -4.405979633 -0.036671910 0.011088870 0.999265850 40.013221741
0.999199450 -0.011774471 0.038235471 2.699964046 0.012131150 0.999884903 -0.009109921 -4.548576832 -0.038123798 0.009566465 0.999227285 41.260238647
0.999082029 -0.012940292 0.040835902 2.793962955 0.013368467 0.999858320 -0.010229569 -4.695490360 -0.040697746 0.010766092 0.999113500 42.529201508
0.998961926 -0.014121540 0.043309346 2.891816854 0.014712100 0.999802709 -0.013347515 -4.845224857 -0.043112315 0.013970830 0.998972535 43.779197693
0.998867095 -0.015389355 0.045029860 3.003749371 0.016053250 0.999767184 -0.014419121 -4.991300106 -0.044797473 0.015125660 0.998881578 45.041641235
0.998749316 -0.015447523 0.047552094 3.132689953 0.016104681 0.999779642 -0.013467787 -5.121787548 -0.047333565 0.014216755 0.998777986 46.278461456
0.998551369 -0.016902857 0.051082850 3.239047527 0.017421454 0.999800920 -0.009723933 -5.280897141 -0.050908323 0.010599784 0.998647034 47.533382416
0.998295665 -0.019989682 0.054828204 3.362861395 0.020451102 0.999759912 -0.007867616 -5.418050289 -0.054657768 0.008975503 0.998464763 48.768932343
0.998044193 -0.021886023 0.058557577 3.492295980 0.022408899 0.999714553 -0.008287451 -5.555093765 -0.058359485 0.009583453 0.998249590 50.026374817
0.997784555 -0.025142996 0.061593946 3.635713339 0.025934918 0.999590516 -0.012091498 -5.692816257 -0.061264709 0.013662143 0.998027980 51.259178162
0.997488976 -0.026814763 0.065549538 3.768459082 0.027658612 0.999545395 -0.011999829 -5.827167034 -0.065197952 0.013782708 0.997777164 52.478061676
0.997150660 -0.029118957 0.069590099 3.900247574 0.029862663 0.999507248 -0.009670355 -5.964545250 -0.069274217 0.011720948 0.997528791 53.698848724
0.996860802 -0.032093327 0.072377741 4.051919937 0.032638513 0.999446929 -0.006362075 -6.098513603 -0.072133534 0.008704404 0.997357011 54.906242371
0.996632338 -0.034618113 0.074334182 4.207241058 0.035037965 0.999376476 -0.004351172 -6.233536243 -0.074137218 0.006941037 0.997223914 56.117191315
0.996423542 -0.038117148 0.075413413 4.359549999 0.038323879 0.999264657 -0.001295609 -6.355513096 -0.075308554 0.004181110 0.997151434 57.335090637
0.996278107 -0.041077301 0.075779468 4.509885788 0.041202344 0.999150872 -0.000086840 -6.481885910 -0.075711556 0.003208809 0.997124612 58.539203644
0.996214569 -0.043110002 0.075485259 4.659162521 0.043467753 0.999050021 -0.003102169 -6.608530521 -0.075279795 0.006371601 0.997142076 59.752285004
0.996230781 -0.044308111 0.074572511 4.808734417 0.044981580 0.998960614 -0.007374976 -6.737086296 -0.074168213 0.010701568 0.997188330 60.940181732
0.996246874 -0.045400895 0.073693983 4.939116478 0.046362959 0.998859644 -0.011396291 -6.865675926 -0.073092565 0.014770193 0.997215748 62.145706177
0.996293128 -0.046896067 0.072116613 5.083229065 0.048019864 0.998749256 -0.013928158 -6.996625423 -0.071373247 0.017339561 0.997298956 63.335865021
0.996420681 -0.047499929 0.069925897 5.216028690 0.048597936 0.998719096 -0.014084940 -7.132883549 -0.069167294 0.017432779 0.997452736 64.510658264
0.996639073 -0.046986356 0.067103036 5.352797508 0.047993854 0.998756588 -0.013480908 -7.273809910 -0.066386200 0.016656132 0.997654974 65.732872009
0.996848941 -0.046172742 0.064498998 5.469013691 0.046999104 0.998830438 -0.011353169 -7.407124519 -0.063899361 0.014348792 0.997853160 66.913063049
0.997275293 -0.042435024 0.060343061 5.592598438 0.042980887 0.999045610 -0.007776427 -7.540164948 -0.059955470 0.010348837 0.998147428 68.100944519
0.997552693 -0.040553637 0.056957204 5.708983898 0.040930659 0.999147058 -0.005468034 -7.666872978 -0.056686874 0.007785947 0.998361647 69.277091980
0.997741461 -0.039459698 0.054358650 5.810536861 0.039990511 0.999162018 -0.008711714 -7.800975323 -0.053969331 0.010865869 0.998483479 70.443550110
0.997953475 -0.039428066 0.050341740 5.931091785 0.040269639 0.999063671 -0.015813369 -7.934755325 -0.049671117 0.017808249 0.998606861 71.632911682
0.997941256 -0.043482024 0.047143448 6.035468102 0.044403151 0.998839259 -0.018670332 -8.071537971 -0.046276905 0.020725211 0.998713672 72.804672241
0.997976601 -0.047193855 0.042607762 6.144545555 0.047826301 0.998758316 -0.013947434 -8.208719254 -0.041896630 0.015956985 0.998994529 73.976974487
0.997956991 -0.051362459 0.037998334 6.253025532 0.051745638 0.998618186 -0.009169447 -8.333155632 -0.037474863 0.011116960 0.999235749 75.130844116
0.998018444 -0.053003807 0.033908848 6.340614319 0.053239703 0.998563170 -0.006091452 -8.465835571 -0.033537257 0.007884678 0.999406338 76.321838379
0.998180807 -0.052354008 0.029902376 6.426755428 0.052480515 0.998615921 -0.003461058 -8.593446732 -0.029679788 0.005024054 0.999546766 77.479850769
0.998306572 -0.052131936 0.025810050 6.519166946 0.052248079 0.998626649 -0.003845572 -8.704724312 -0.025574129 0.005187586 0.999659419 78.632774353
0.998469889 -0.050375536 0.022807399 6.586741447 0.050515343 0.998707533 -0.005595516 -8.838012695 -0.022496046 0.006739079 0.999724150 79.795013428
0.998650670 -0.048141930 0.019474778 6.660571098 0.048357565 0.998772085 -0.010757101 -8.965838432 -0.018933002 0.011684338 0.999752462 80.939613342
0.998549342 -0.051527742 0.015624168 6.742282391 0.051772509 0.998535633 -0.015688566 -9.103160858 -0.014792888 0.016474709 0.999754846 82.098770142
0.998413861 -0.054716527 0.013270062 6.794038296 0.054931834 0.998354673 -0.016442604 -9.234827042 -0.012348547 0.017145466 0.999776721 83.233329773
0.998448610 -0.054879963 0.009408772 6.861570835 0.055000499 0.998400807 -0.013069930 -9.363530159 -0.008676448 0.013567140 0.999870241 84.370460510
0.998436272 -0.055512328 0.006590167 6.927886963 0.055579051 0.998399973 -0.010412874 -9.495615005 -0.006001580 0.010762863 0.999924004 85.503326416
0.998581827 -0.052963015 0.005412248 6.973232269 0.053026531 0.998516619 -0.012357016 -9.620002747 -0.004749755 0.012626486 0.999908984 86.649070740
0.998769224 -0.049330149 0.005146527 7.022430420 0.049404304 0.998659432 -0.015445377 -9.748746872 -0.004377705 0.015680628 0.999867439 87.768119812
0.998869181 -0.047390904 0.003805584 7.081791878 0.047452319 0.998709381 -0.018105716 -9.876806259 -0.002942627 0.018265821 0.999828815 88.867164612
0.998783469 -0.049207505 0.003195387 7.127770424 0.049259461 0.998605669 -0.018975921 -10.013326645 -0.002257174 0.019110240 0.999814749 90.018211365
0.998726130 -0.050427571 0.001806175 7.178393841 0.050450530 0.998590708 -0.016471159 -10.143620491 -0.000973029 0.016541298 0.999862671 91.131011963
0.998672366 -0.051503997 0.000889487 7.228886604 0.051511362 0.998577893 -0.013733650 -10.275094986 -0.000180884 0.013761238 0.999905288 92.249938965
0.998694003 -0.051091369 0.000098251 7.290725231 0.051088195 0.998606384 -0.013235624 -10.399804115 0.000578112 0.013223356 0.999912322 93.390266418
0.998665392 -0.051647879 0.000252773 7.334413052 0.051645741 0.998549700 -0.015209259 -10.529177666 0.000533119 0.015202014 0.999884248 94.497833252
0.998654068 -0.051864129 -0.000310549 7.391445160 0.051848512 0.998468816 -0.019277442 -10.658334732 0.001309881 0.019235393 0.999814153 95.605857849
0.998635769 -0.052216034 -0.000233958 7.436033249 0.052200425 0.998428583 -0.020380996 -10.795057297 0.001297805 0.020340979 0.999792218 96.716239929
0.998595119 -0.052985772 -0.000365246 7.490016937 0.052969798 0.998422325 -0.018626209 -10.928583145 0.001351594 0.018580696 0.999826550 97.799201965
0.998652458 -0.051892631 0.000652494 7.531734467 0.051896691 0.998558939 -0.013673428 -11.048953056 0.000057996 0.013688866 0.999906301 98.886062622
0.998736799 -0.050210040 0.001902776 7.581257343 0.050226856 0.998686075 -0.010172293 -11.170660019 -0.001389524 0.010255013 0.999946415 99.952323914
0.998834729 -0.048131116 0.003552535 7.630915165 0.048165642 0.998785436 -0.010373320 -11.289793968 -0.003048941 0.010532343 0.999939799 101.024581909
0.998906434 -0.046398278 0.005761287 7.677664280 0.046464913 0.998847485 -0.012028070 -11.412822723 -0.005196566 0.012282613 0.999911010 102.058578491
0.998873353 -0.046742842 0.008192394 7.733061314 0.046858206 0.998796225 -0.014506495 -11.533720970 -0.007504457 0.014874032 0.999861181 103.079124451
0.998800099 -0.047933258 0.010037838 7.785484314 0.048085712 0.998722315 -0.015539489 -11.649921417 -0.009280156 0.016003519 0.999828875 104.103172302
0.998690069 -0.049730130 0.012038764 7.842908859 0.049906440 0.998643935 -0.014815994 -11.765798569 -0.011285638 0.015397397 0.999817789 105.084869385
0.998666525 -0.049778860 0.013679966 7.903404713 0.049959537 0.998664021 -0.013199260 -11.887016296 -0.013004647 0.013865105 0.999819338 106.057312012
0.998569489 -0.051409069 0.014701814 7.972771645 0.051583048 0.998600066 -0.011710009 -11.996815681 -0.014079232 0.012451620 0.999823332 107.013046265
0.998504162 -0.052076720 0.016660392 8.029262543 0.052280571 0.998559833 -0.012043546 -12.105677605 -0.016009210 0.012896546 0.999788642 107.929939270
0.998484671 -0.051891550 0.018315380 8.091085434 0.052087028 0.998588800 -0.010362055 -12.207512856 -0.017751826 0.011300348 0.999778569 108.841323853
0.998510957 -0.050671868 0.020200184 8.146086693 0.050848871 0.998671412 -0.008346923 -12.305267334 -0.019750392 0.009361651 0.999761164 109.711357117
0.998465598 -0.051031061 0.021500189 8.207254410 0.051152889 0.998677552 -0.005154735 -12.409302711 -0.021208704 0.006246622 0.999755561 110.569702148
0.998421013 -0.051181938 0.023145296 8.266599655 0.051310282 0.998670340 -0.004985309 -12.502885818 -0.022859361 0.006165030 0.999719679 111.396484375
0.998446643 -0.050175425 0.024219416 8.319774628 0.050293002 0.998725355 -0.004270065 -12.595100403 -0.023974292 0.005481501 0.999697506 112.210556030
0.998553276 -0.047642887 0.024928320 8.369991302 0.047759291 0.998850465 -0.004095411 -12.675702095 -0.024704546 0.005280046 0.999680877 112.989212036
0.998686731 -0.045194857 0.024126284 8.417718887 0.045229711 0.998976111 -0.000900828 -12.756266594 -0.024060870 0.001990869 0.999708474 113.748809814
0.998743117 -0.045498256 0.021026418 8.463435173 0.045500744 0.998964250 0.000360634 -12.844423294 -0.021021046 0.000596537 0.999778986 114.501342773
0.998857677 -0.045505431 0.014575492 8.499604225 0.045501977 0.998964071 0.000568728 -12.920083046 -0.014586270 0.000095135 0.999893606 115.199020386
0.999028027 -0.043866746 0.004317783 8.525192261 0.043869615 0.999037087 -0.000571843 -12.996051788 -0.004288539 0.000760707 0.999990582 115.869812012
0.999102473 -0.041239697 -0.009677220 8.526212692 0.041207071 0.999144316 -0.003546863 -13.065323830 0.009815214 0.003144910 0.999946952 116.511466980
0.998817086 -0.039487194 -0.028375400 8.519893646 0.039329577 0.999207854 -0.006092036 -13.133811951 0.028593479 0.004968837 0.999578774 117.132308960
0.997992098 -0.037766665 -0.050846964 8.487063408 0.037374828 0.999263942 -0.008635398 -13.202051163 0.051135670 0.006717663 0.998669088 117.721069336
0.996241748 -0.036447763 -0.078574806 8.446152687 0.035742667 0.999307275 -0.010361910 -13.270348549 0.078898050 0.007514494 0.996854305 118.286674500
0.993281782 -0.034208234 -0.110548995 8.373871803 0.033069935 0.999379575 -0.012114567 -13.341824532 0.110894836 0.008377329 0.993796825 118.828102112
0.988887072 -0.029776014 -0.145656064 8.261394501 0.028094780 0.999512970 -0.013586394 -13.406678200 0.145989671 0.009343235 0.989242017 119.367340088
0.982620656 -0.023609318 -0.184117809 8.146139145 0.021573000 0.999682009 -0.013055429 -13.469500542 0.184367508 0.008856559 0.982817471 119.896858215
0.973915637 -0.018462792 -0.226158127 8.007946014 0.016375395 0.999804199 -0.011102511 -13.527062416 0.226318836 0.007109479 0.974027336 120.407600403
0.962464750 -0.013733532 -0.271059245 7.841970444 0.011583392 0.999887407 -0.009530690 -13.587383270 0.271159619 0.006033167 0.962515473 120.891273499
0.948004901 -0.007874981 -0.318158001 7.649265289 0.004942892 0.999937534 -0.010022067 -13.645017624 0.318217069 0.007928348 0.947984755 121.372749329
0.930757940 0.000030285 -0.365636110 7.413925171 -0.004245285 0.999933541 -0.010723906 -13.699462891 0.365611404 0.011533589 0.930696189 121.835258484
0.909525514 0.004449565 -0.415624142 7.168777466 -0.010247563 0.999878764 -0.011720666 -13.750974655 0.415521622 0.014919380 0.909460902 122.266136169
0.884325504 0.009171183 -0.466780812 6.894046783 -0.015686080 0.999826193 -0.010073267 -13.811588287 0.466607302 0.016230009 0.884315670 122.691246033
0.855140686 0.012321025 -0.518249750 6.610095978 -0.020362850 0.999744296 -0.009831596 -13.857073784 0.517996132 0.018960437 0.855172753 123.088317871
0.823463380 0.022092531 -0.566939235 6.282444000 -0.031344619 0.999486983 -0.006579095 -13.904068947 0.566502929 0.023188133 0.823733389 123.460250854
0.789411545 0.034900360 -0.612871408 5.932434082 -0.044229411 0.999021411 -0.000079952 -13.948364258 0.612268865 0.027170056 0.790182590 123.815513611
0.753578126 0.043656707 -0.655907035 5.579704285 -0.055539802 0.998452961 0.002646084 -13.986294746 0.655007958 0.034434918 0.754837036 124.120147705
0.714259207 0.048297208 -0.698212862 5.202396393 -0.063686006 0.997962356 0.003882043 -14.039869308 0.696977675 0.041693583 0.715879738 124.415100098
0.671596408 0.049812518 -0.739240825 4.826267242 -0.066171668 0.997782826 0.007117334 -14.083999634 0.737956405 0.044136818 0.673403621 124.700355530
0.627399266 0.053265501 -0.776873887 4.422279358 -0.069728330 0.997492850 0.012079757 -14.115500450 0.775569618 0.046591282 0.629540443 124.970230103
0.582132995 0.062344253 -0.810699880 3.994049072 -0.081139833 0.996533334 0.018371724 -14.153415680 0.809034884 0.055085268 0.585173666 125.204261780
0.537145257 0.070994772 -0.840496719 3.538444519 -0.092901297 0.995368779 0.024705026 -14.174692154 0.838358104 0.064813048 0.541253090 125.411270142
0.490133107 0.076156549 -0.868314385 3.091323853 -0.098749995 0.994613767 0.031492893 -14.199090958 0.866035759 0.070310332 0.495013595 125.605796814
0.442834765 0.077563375 -0.893242061 2.628463745 -0.097889163 0.994478226 0.037824422 -14.226881027 0.891243577 0.070688739 0.447982192 125.784774780
0.395170569 0.079541385 -0.915157616 2.152900696 -0.095605046 0.994395077 0.045145512 -14.251686096 0.913619101 0.069653511 0.400560230 125.961395264
0.350363940 0.082128964 -0.933005869 1.658138275 -0.097243898 0.993954241 0.050976824 -14.271212578 0.931551754 0.072868705 0.356232256 126.094909668
0.306763321 0.085564062 -0.947932005 1.159103394 -0.102933601 0.993091941 0.056329701 -14.291680336 0.946203411 0.080294177 0.313451588 126.210548401
0.265107810 0.086979799 -0.960287631 0.638423920 -0.107582636 0.992372692 0.060185496 -14.308481216 0.958198249 0.087354638 0.272443295 126.313514709
0.225681454 0.083255902 -0.970637023 0.113029480 -0.107742816 0.992362499 0.060068253 -14.323450089 0.968224883 0.091022879 0.232928038 126.415596008
0.190547824 0.078327596 -0.978548050 -0.423471451 -0.102489769 0.992951572 0.059523191 -14.346883774 0.976313174 0.088949166 0.197232559 126.506263733
0.160198867 0.073213726 -0.984365702 -0.971763611 -0.099624395 0.993352592 0.057668939 -14.367682457 0.982044458 0.088828348 0.166427776 126.585411072
0.133635864 0.071495287 -0.988448203 -1.538976669 -0.100867368 0.993195951 0.058201686 -14.386137009 0.985884070 0.091924325 0.139938131 126.652908325
0.111879155 0.070758402 -0.991199434 -2.131379128 -0.101375669 0.993070424 0.059449453 -14.398935318 0.988537371 0.093832344 0.118277058 126.708129883
0.093769930 0.072419137 -0.992956579 -2.720111847 -0.103728443 0.992633641 0.062599994 -14.415955544 0.990175545 0.097127825 0.100591123 126.759063721
0.077070221 0.070493966 -0.994530439 -3.330060959 -0.104307517 0.992593646 0.062273461 -14.439057350 0.991554379 0.098937586 0.083852455 126.814941406
0.062875368 0.069477260 -0.995600045 -3.949350834 -0.103211746 0.992677689 0.062755175 -14.469141960 0.992670119 0.098811865 0.069585837 126.867286682
0.050526761 0.067040421 -0.996470034 -4.589302063 -0.098963931 0.993170083 0.061800368 -14.491772652 0.993807316 0.095492028 0.056816250 126.910675049
0.038782254 0.064267337 -0.997178853 -5.238591194 -0.096711040 0.993486106 0.060268071 -14.506812096 0.994556606 0.094100863 0.044744994 126.943489075
0.028182929 0.063428029 -0.997588396 -5.909224033 -0.096116491 0.993532479 0.060454756 -14.527497292 0.994971156 0.094180889 0.034097131 126.979652405
0.018528355 0.065034404 -0.997711003 -6.580461979 -0.099504180 0.993048191 0.062882587 -14.550112724 0.994864583 0.098111309 0.024870746 127.000236511
0.010308167 0.064930283 -0.997836471 -7.258094788 -0.102368057 0.992715180 0.063539512 -14.578054428 0.994693160 0.101491623 0.016879866 127.014076233
0.003523916 0.064259730 -0.997926891 -7.948521137 -0.104594842 0.992483079 0.063539833 -14.597703934 0.994508684 0.104154125 0.010218663 127.034393311
-0.001515559 0.065068953 -0.997879684 -8.647513390 -0.105427653 0.992309213 0.064865828 -14.614610672 0.994425833 0.105302416 0.005356163 127.048851013
-0.005240397 0.067541905 -0.997702658 -9.367483139 -0.107459284 0.991900861 0.067713551 -14.634219170 0.994195700 0.107567251 0.002060049 127.072105408
-0.006038552 0.071598150 -0.997415304 -10.102651596 -0.109720513 0.991363883 0.071828015 -14.660663605 0.993944108 0.109870680 0.001869383 127.074211121
-0.007022360 0.074918985 -0.997164905 -10.814078331 -0.112298191 0.990822375 0.075233310 -14.678253174 0.993649721 0.112508118 0.001455355 127.086364746
-0.007720105 0.080396719 -0.996733069 -11.552348137 -0.117099717 0.989832103 0.080747068 -14.684870720 0.993090093 0.117340542 0.001772826 127.095237732
-0.008886552 0.084335007 -0.996397793 -12.294323921 -0.120130405 0.989130557 0.084791303 -14.698452950 0.992718339 0.120451160 0.001341239 127.103897095
-0.010293892 0.085194521 -0.996311128 -13.047514915 -0.120136067 0.989041626 0.085814141 -14.719757080 0.992704034 0.120576285 0.000053848 127.121002197
-0.011574951 0.081171893 -0.996632993 -13.812891960 -0.118292488 0.989589512 0.081972107 -14.727767944 0.992911339 0.118842989 -0.001852424 127.139991760
-0.013368090 0.077987522 -0.996864676 -14.563212395 -0.122108020 0.989364803 0.079038262 -14.735837936 0.992426753 0.122781783 -0.003703015 127.153160095
-0.014131731 0.079612032 -0.996725738 -15.340065002 -0.126911998 0.988620460 0.080764025 -14.744128227 0.991813362 0.127637789 -0.003867197 127.147361755
-0.015679579 0.082356580 -0.996479571 -16.110771179 -0.124291286 0.988711715 0.083670318 -14.754766464 0.992121875 0.125165626 -0.005266379 127.166328430
-0.017686406 0.082468815 -0.996436715 -16.885971069 -0.123214655 0.988816440 0.084025174 -14.770757675 0.992222369 0.124261685 -0.007327238 127.179893494
-0.018556278 0.081704840 -0.996483803 -17.674274445 -0.126301736 0.988479793 0.083400518 -14.780678749 0.991818249 0.127405256 -0.008023041 127.180793762
-0.019871380 0.081431888 -0.996480823 -18.463365555 -0.130126953 0.987989187 0.083332889 -14.795946121 0.991298139 0.131324932 -0.009036226 127.195777893
-0.021409869 0.085756995 -0.996086061 -19.259580612 -0.132045209 0.987343788 0.087842509 -14.802694321 0.991012454 0.133409128 -0.009815102 127.206871033
-0.022156036 0.090834133 -0.995619535 -20.062805176 -0.131146729 0.986994445 0.092965707 -14.818354607 0.991115332 0.132632002 -0.009955282 127.222770691
-0.020801827 0.092992164 -0.995449543 -20.883468628 -0.131771788 0.986724079 0.094930679 -14.824546814 0.991061807 0.133146897 -0.008271919 127.229667664
-0.018954327 0.091976978 -0.995580792 -21.701250076 -0.131226063 0.986916721 0.093674891 -14.832437515 0.991171241 0.132421702 -0.006636570 127.240638733
-0.017667966 0.091772407 -0.995623291 -22.532901764 -0.131248161 0.986949146 0.093301937 -14.835194588 0.991192102 0.132322177 -0.005392423 127.250045776
-0.017957434 0.090763718 -0.995710552 -23.366350174 -0.129625648 0.987254858 0.092330724 -14.841227531 0.991400361 0.130727664 -0.005963256 127.277160645
-0.016799293 0.092837833 -0.995539546 -24.204036713 -0.130545467 0.986953259 0.094240025 -14.848347664 0.991299927 0.131546348 -0.004460561 127.292549133
-0.016267700 0.095095947 -0.995335281 -25.040870667 -0.132312417 0.986507773 0.096415080 -14.850730896 0.991074562 0.133263662 -0.003465838 127.308082581
-0.016279925 0.097380653 -0.995114028 -25.912555695 -0.135489821 0.985851228 0.098690800 -14.851803780 0.990644991 0.136434510 -0.002855496 127.320617676
-0.014578023 0.098384708 -0.995041609 -26.776142120 -0.137728363 0.985464215 0.099455528 -14.848318100 0.990362823 0.138495356 -0.000815756 127.331718445
-0.013010632 0.101606309 -0.994739532 -27.644966125 -0.144371554 0.984208941 0.102418967 -14.849014282 0.989437997 0.144944653 0.001863885 127.348701477
-0.010427163 0.105201170 -0.994396269 -28.526020050 -0.149046168 0.983177781 0.105577238 -14.842171669 0.988775253 0.149311811 0.005428082 127.359046936
-0.008325483 0.107065901 -0.994216979 -29.400920868 -0.151527986 0.982634962 0.107087523 -14.837463379 0.988417923 0.151543260 0.008042569 127.389457703
-0.004613324 0.108015254 -0.994138479 -30.297044754 -0.150319174 0.982777894 0.107478462 -14.839611053 0.988626778 0.149933934 0.011702891 127.412017822
-0.001977938 0.107805125 -0.994170129 -31.188796997 -0.152851269 0.982457042 0.106839105 -14.832683563 0.988247156 0.152171522 0.014534915 127.440788269
0.000356853 0.111572124 -0.993756294 -32.090805054 -0.153163314 0.982036889 0.110201359 -14.824673653 0.988200843 0.152167708 0.017439201 127.473052979
0.002999665 0.113578834 -0.993524432 -33.009059906 -0.152315959 0.981988072 0.111800142 -14.821553230 0.988327324 0.150994241 0.020245504 127.513252258
0.004680357 0.114816293 -0.993375719 -33.901721954 -0.152966738 0.981777608 0.112755075 -14.818161964 0.988220215 0.151425734 0.022158148 127.555274963
0.007199063 0.112911277 -0.993578911 -34.804168701 -0.154287487 0.981832087 0.110458441 -14.810936928 0.987999797 0.152501613 0.024489066 127.586791992
0.007567722 0.114433452 -0.993402183 -35.712619781 -0.158717141 0.980974555 0.111792795 -14.801515579 0.987295091 0.156823963 0.025586296 127.623260498
0.009337674 0.114919521 -0.993331015 -36.627471924 -0.159752503 0.980786741 0.111966550 -14.795864105 0.987112939 0.157641560 0.027516948 127.653213501
0.009053437 0.111253135 -0.993750870 -37.511829376 -0.159582317 0.981215477 0.108395927 -14.794799805 0.987143099 0.157603681 0.026637409 127.699325562
0.009996573 0.107435331 -0.994161785 -38.410362244 -0.161621347 0.981312692 0.104421623 -14.795478821 0.986802161 0.159633905 0.027173610 127.732917786
0.010968822 0.106564403 -0.994245291 -39.332664490 -0.161477998 0.981443346 0.103410780 -14.790397644 0.986815333 0.159414470 0.027973088 127.773757935
0.010167909 0.110549331 -0.993818641 -40.232559204 -0.163411200 0.980692863 0.107417352 -14.784801483 0.986505628 0.161308900 0.028036596 127.818725586
0.010335559 0.117076643 -0.993069112 -41.140167236 -0.163956374 0.979879737 0.113815293 -14.779770851 0.986413479 0.161643669 0.029323069 127.855636597
0.011219741 0.115478091 -0.993246675 -42.063598633 -0.161427975 0.980488956 0.112171344 -14.780313492 0.986820638 0.159079283 0.029642226 127.899864197
0.011771398 0.105275370 -0.994373381 -42.952651978 -0.160866410 0.981688440 0.102028064 -14.785220146 0.986905992 0.158760294 0.028491119 127.944892883
0.012054347 0.094958760 -0.995408237 -43.847095490 -0.162744850 0.982393384 0.091746353 -14.790452003 0.986594558 0.160891607 0.027296156 127.985191345
0.011372762 0.091676116 -0.995723844 -44.780269623 -0.159465119 0.983210325 0.088702664 -14.798736572 0.987138033 0.157774433 0.025800960 128.030364990
0.011287658 0.101680346 -0.994753122 -45.693710327 -0.152143121 0.983408451 0.098794341 -14.801648140 0.988293946 0.150229707 0.026570344 128.083312988
0.011156183 0.114709519 -0.993336439 -46.636825562 -0.147187352 0.982765794 0.111835770 -14.796247482 0.989045739 0.144958869 0.027847698 128.138595581
0.011368710 0.123985961 -0.992218792 -47.557174683 -0.147554621 0.981628001 0.120971873 -14.789489746 0.988988519 0.145031169 0.029454544 128.184326172
0.011427922 0.118424818 -0.992897272 -48.475414276 -0.147674605 0.982273579 0.115458034 -14.787105560 0.988969982 0.145306244 0.028713688 128.226074219
0.011407912 0.104686722 -0.994439840 -49.403343201 -0.147566780 0.983791649 0.101872906 -14.785720825 0.988986313 0.145584092 0.026671287 128.264633179
0.011954582 0.095826954 -0.995326281 -50.319297791 -0.148091882 0.984589875 0.093014583 -14.785779953 0.988901377 0.146287769 0.025961548 128.309570312
0.012547266 0.095854916 -0.995316267 -51.252960205 -0.146942332 0.984764755 0.092986323 -14.792139053 0.989065468 0.145087332 0.026441244 128.354888916
0.012218243 0.097116396 -0.995198011 -52.211673737 -0.150494799 0.984113872 0.094187096 -14.807022095 0.988535225 0.148621306 0.026639655 128.390899658
0.012979226 0.096704975 -0.995228529 -53.140243530 -0.155109987 0.983458936 0.093538500 -14.810503006 0.987811923 0.153155819 0.027764445 128.424285889
0.013209380 0.096120104 -0.995282054 -54.079963684 -0.156683922 0.983271658 0.092880696 -14.815337181 0.987560451 0.154717773 0.028048888 128.468872070
0.013607146 0.103744894 -0.994510889 -55.032756805 -0.165417925 0.981131911 0.100085944 -14.817885399 0.986129582 0.163148031 0.030511672 128.513244629
0.015647298 0.112947874 -0.993477702 -55.989234924 -0.171771377 0.979131341 0.108611442 -14.806815147 0.985012710 0.168951541 0.034721967 128.547409058
0.016900808 0.121157601 -0.992489398 -56.933872223 -0.172048062 0.978177726 0.116480783 -14.799827576 0.984943509 0.168787241 0.037376922 128.593704224
0.017883692 0.122123733 -0.992353737 -57.875701904 -0.173506692 0.977832854 0.117209904 -14.795019150 0.984670341 0.170083836 0.038676549 128.639144897
0.019303158 0.112646602 -0.993447661 -58.815002441 -0.175150916 0.978648007 0.107565232 -14.792415619 0.984352291 0.171926901 0.038621146 128.692672729
0.020126535 0.107281178 -0.994025111 -59.791648865 -0.173729852 0.979476631 0.102193467 -14.790942192 0.984587669 0.170635015 0.038351417 128.761108398
0.022293266 0.105695851 -0.994148493 -60.743221283 -0.172536686 0.979882181 0.100310035 -14.788302422 0.984750867 0.169290870 0.040081188 128.815841675
0.025915073 0.111691177 -0.993404984 -61.702621460 -0.173520938 0.979156375 0.105562508 -14.785161018 0.984489083 0.169640884 0.044755664 128.869186401
0.029412564 0.114019878 -0.993042946 -62.690971375 -0.176394790 0.978473067 0.107122406 -14.793481827 0.983879924 0.172016859 0.048891917 128.920089722
0.033098713 0.108730510 -0.993520081 -63.633460999 -0.176041946 0.979157329 0.101293862 -14.793228149 0.983826041 0.171548486 0.051549960 128.994384766
0.036610112 0.102829814 -0.994025052 -64.582283020 -0.176061347 0.979796708 0.094873548 -14.799121857 0.983698130 0.171536028 0.053974822 129.059997559
0.040035255 0.103171080 -0.993857563 -65.546539307 -0.173427999 0.980275631 0.094775014 -14.806833267 0.984032393 0.168568373 0.057138339 129.130676270
0.042164046 0.107150882 -0.993348360 -66.514266968 -0.170982495 0.980339050 0.098490000 -14.813770294 0.984371424 0.165692434 0.059655987 129.213562012
0.045716152 0.114156373 -0.992410362 -67.481918335 -0.170902893 0.979696274 0.104821086 -14.819938660 0.984226644 0.164813802 0.064297602 129.296493530
0.048933595 0.118061259 -0.991799891 -68.435539246 -0.168709472 0.979698300 0.108296901 -14.821369171 0.984450400 0.162026703 0.067858212 129.375595093
0.051113535 0.119487919 -0.991519094 -69.403205872 -0.168178946 0.979668200 0.109390028 -14.820707321 0.984430492 0.161161318 0.070169650 129.459121704
0.053251576 0.117017671 -0.991701066 -70.359169006 -0.166424528 0.980260909 0.106731214 -14.819329262 0.984615207 0.159359813 0.071675040 129.539428711
0.052822422 0.115049899 -0.991954267 -71.311622620 -0.163773686 0.980889142 0.105045438 -14.823776245 0.985082746 0.156907201 0.070655085 129.644134521
0.053100038 0.111251548 -0.992372572 -72.253318787 -0.160673395 0.981778204 0.101466507 -14.832006454 0.985578239 0.154059947 0.070007622 129.736831665
0.053394061 0.111515649 -0.992327213 -73.222274780 -0.159773633 0.981896102 0.101746485 -14.831093788 0.985708594 0.153115049 0.070244677 129.814529419
0.052626368 0.116043530 -0.991848886 -74.170722961 -0.156524345 0.981907189 0.106575362 -14.834806442 0.986271024 0.149639800 0.069837846 129.913360596
0.051699728 0.117443375 -0.991732895 -75.140602112 -0.150565043 0.982626319 0.108515874 -14.836424828 0.987247348 0.143710077 0.068484396 130.014236450
0.050690845 0.113717563 -0.992219031 -76.090469360 -0.147547767 0.983447075 0.105174221 -14.834267616 0.987755179 0.141068354 0.066630535 130.099975586
0.049405500 0.110152788 -0.992685974 -77.037689209 -0.149112597 0.983574331 0.101720452 -14.837464333 0.987585306 0.142996445 0.065019146 130.181137085
0.048381604 0.105997436 -0.993188679 -78.023399353 -0.145645544 0.984473944 0.097972468 -14.834051132 0.988153219 0.139913440 0.063068487 130.251815796
0.047278374 0.107545845 -0.993075311 -78.961540222 -0.146191359 0.984226823 0.099627696 -14.844568253 0.988126040 0.140468761 0.062254902 130.319610596
0.046072546 0.109039091 -0.992969275 -79.909744263 -0.146662325 0.983991325 0.101248264 -14.847008705 0.988113165 0.140966386 0.061326914 130.400741577
0.045262255 0.110356368 -0.992860973 -80.877983093 -0.149343267 0.983458042 0.102503024 -14.857385635 0.987748921 0.143637583 0.060994502 130.464416504
0.043710474 0.110069051 -0.992962360 -81.830947876 -0.149264216 0.983475924 0.102446832 -14.849333763 0.987830698 0.143735752 0.059417564 130.540786743
0.041797604 0.110842623 -0.992958665 -82.785247803 -0.149428949 0.983342886 0.103479132 -14.851902008 0.987888575 0.144051597 0.057664469 130.609542847
0.039621197 0.113682486 -0.992726803 -83.729583740 -0.149387062 0.983014941 0.106608070 -14.852097511 0.987984717 0.144076601 0.055930920 130.684387207
0.037792876 0.117185816 -0.992390573 -84.691009521 -0.150369331 0.982459128 0.110286601 -14.841879845 0.987907290 0.145057067 0.054751106 130.742248535
0.035399716 0.121763058 -0.991927743 -85.639038086 -0.151421428 0.981744051 0.115109079 -14.829270363 0.987835228 0.146124288 0.053190999 130.809875488
0.033638090 0.122121170 -0.991944969 -86.587753296 -0.151676387 0.981634319 0.115708247 -14.829001427 0.987857640 0.146562427 0.051543199 130.871871948
0.032081269 0.116125852 -0.992716253 -87.528839111 -0.151554912 0.982307911 0.110010557 -14.820573807 0.987928092 0.146921739 0.049113132 130.939163208
0.029884588 0.111896113 -0.993270397 -88.466949463 -0.156416297 0.981995404 0.105919823 -14.815018654 0.987239003 0.152198270 0.046848901 130.999618530
0.029715726 0.109056257 -0.993591309 -89.440246582 -0.154544026 0.982578576 0.103225477 -14.804759979 0.987538874 0.150486186 0.046052031 131.046600342
0.028805958 0.110199854 -0.993491888 -90.391120911 -0.150470465 0.983056903 0.104679547 -14.810496330 0.988194704 0.146475777 0.044899728 131.108245850
0.028095413 0.111678131 -0.993347168 -91.341697693 -0.146899968 0.983411491 0.106406242 -14.809468269 0.988752246 0.142933130 0.044034865 131.173904419
0.026671447 0.111630186 -0.993391871 -92.286804199 -0.141877428 0.984108388 0.106777728 -14.811854362 0.989524841 0.138091937 0.042085402 131.242446899
0.025584808 0.108736768 -0.993741214 -93.241409302 -0.137783587 0.984962940 0.104228847 -14.813530922 0.990131855 0.134254590 0.040182233 131.304641724
0.024593482 0.105493926 -0.994115710 -94.182319641 -0.132462099 0.985992372 0.101354890 -14.817070961 0.990882814 0.129189953 0.038222931 131.369842529
0.023664396 0.107763104 -0.993894935 -95.147895813 -0.131249428 0.985903203 0.103771575 -14.819059372 0.991066873 0.127992436 0.037474647 131.425811768
0.022197034 0.110996380 -0.993572891 -96.115463257 -0.131064907 0.985563695 0.107173555 -14.825963974 0.991125286 0.127843589 0.036424316 131.486953735
0.020804198 0.108418152 -0.993887663 -97.054931641 -0.124859795 0.986601710 0.105009779 -14.816895485 0.991956353 0.121911980 0.034062531 131.533920288
0.018231174 0.104697704 -0.994337022 -98.005714417 -0.122373611 0.987258792 0.101708703 -14.810959816 0.992316663 0.119826347 0.030811122 131.588409424
0.015256109 0.102837093 -0.994581223 -98.961196899 -0.121125855 0.987561524 0.100253306 -14.820216179 0.992519915 0.118940003 0.027522575 131.641204834
0.012135686 0.101083763 -0.994803846 -99.913040161 -0.115724698 0.988333881 0.099014610 -14.829294205 0.993207276 0.113921754 0.023691997 131.702407837
0.009565654 0.102012441 -0.994737148 -100.853179932 -0.108525656 0.989012480 0.100381754 -14.833629608 0.994047642 0.106994286 0.020531518 131.748779297
0.007825541 0.109878406 -0.993914247 -101.812004089 -0.098725118 0.989173651 0.108577013 -14.833116531 0.995083988 0.097274639 0.018588578 131.804519653
0.004153183 0.117328316 -0.993084490 -102.778785706 -0.090810440 0.989033937 0.116469994 -14.828553200 0.995859504 0.089698717 0.014762275 131.871459961
0.001603039 0.116271585 -0.993216157 -103.730911255 -0.086344793 0.989524126 0.115700029 -14.816438675 0.996263981 0.085573554 0.011625691 131.912811279
-0.001518087 0.106353328 -0.994327188 -104.677131653 -0.086785220 0.990562797 0.106083177 -14.815539360 0.996225893 0.086453952 0.007726136 131.951721191
-0.003958917 0.097505905 -0.995227098 -105.627113342 -0.089433625 0.991212130 0.097468317 -14.824062347 0.995984912 0.089392625 0.004796180 131.989868164
-0.004016814 0.098068513 -0.995171547 -106.587379456 -0.096113615 0.990534306 0.097999491 -14.816823959 0.995362282 0.096043192 0.005446929 132.009445190
-0.004741485 0.108057275 -0.994133413 -107.546653748 -0.099635608 0.989146531 0.107990429 -14.812652588 0.995012701 0.099563114 0.006076329 132.040939331
-0.006536042 0.118797354 -0.992897034 -108.513961792 -0.102819785 0.987575710 0.118837520 -14.796665192 0.994678557 0.102866203 0.005759883 132.066482544
-0.006806854 0.120799251 -0.992653608 -109.496208191 -0.110877112 0.986464441 0.120806381 -14.787782669 0.993810773 0.110884905 0.006679154 132.084823608
-0.007013003 0.118077137 -0.992979586 -110.456428528 -0.118121572 0.985954046 0.118075937 -14.770878792 0.992974401 0.118120402 0.007032958 132.107376099
-0.007252811 0.113746807 -0.993483305 -111.411079407 -0.126253888 0.985454798 0.113749288 -14.758262634 0.991971493 0.126256138 0.007213659 132.132247925
-0.004759735 0.115894966 -0.993250072 -112.386543274 -0.131059095 0.984621525 0.115516208 -14.742676735 0.991363168 0.130724281 0.010502551 132.149536133
-0.003452441 0.118055329 -0.993001044 -113.349670410 -0.139602929 0.983225882 0.117378570 -14.732403755 0.990201473 0.139031127 0.013086344 132.173690796
-0.002962279 0.120847002 -0.992666721 -114.312118530 -0.148892686 0.981552660 0.119938292 -14.716321945 0.988848925 0.148156092 0.015085600 132.194763184
-0.002850851 0.123654038 -0.992321372 -115.283851624 -0.154750988 0.980316639 0.122602716 -14.699681282 0.987949371 0.153912202 0.016340848 132.222457886
-0.002403218 0.121926442 -0.992536187 -116.253921509 -0.158349112 0.979969859 0.120766185 -14.679567337 0.987380266 0.157457411 0.016951863 132.257019043
-0.000704975 0.112311155 -0.993672848 -117.210037231 -0.157281652 0.981293142 0.111023515 -14.681474686 0.987553418 0.156364784 0.016972698 132.287353516
0.000443273 0.100657180 -0.994921029 -118.159477234 -0.160483107 0.982032716 0.099281758 -14.672293663 0.987038493 0.159624010 0.016589085 132.327224731
