1.000000000 0.000000000 0.000000000 0.000000000 0.000000000 1.000000000 0.000000000 0.000000000 0.000000000 0.000000000 1.000000000 0.000000000
0.999997735 -0.001624668 -0.001374148 0.049860790 0.001621699 0.999996364 -0.002158973 -0.132632673 0.001377650 0.002156740 0.999996722 1.297331214
0.999997675 0.000036331 -0.002135237 0.104846977 -0.000049778 0.999980152 -0.006297953 -0.267534405 0.002134966 0.006298045 0.999977887 2.599700212
0.999996006 0.002532947 -0.001274826 0.148372754 -0.002542921 0.999965668 -0.007883838 -0.405460358 0.001254813 0.007887049 0.999968112 3.903520107
0.999983132 0.005810374 0.000242911 0.194189832 -0.005808617 0.999960661 -0.006697509 -0.543288410 -0.000281817 0.006695984 0.999977589 5.217551708
0.999974608 0.006658928 0.002532792 0.240333736 -0.006650568 0.999972463 -0.003294769 -0.687963545 -0.002554662 0.003277840 0.999991357 6.537385941
0.999958694 0.006925972 0.005880554 0.296678841 -0.006914675 0.999974251 -0.001939245 -0.825662613 -0.005893834 0.001898502 0.999980867 7.841219902
0.999942124 0.005273981 0.009376111 0.348377138 -0.005256552 0.999984324 -0.001882594 -0.959038377 -0.009385896 0.001833199 0.999954283 9.146588326
0.999908924 0.004113656 0.012855371 0.421840578 -0.004090718 0.999990046 -0.001810178 -1.095890164 -0.012862688 0.001757426 0.999915719 10.441585541
0.999868393 0.002611546 0.016012399 0.490712821 -0.002572728 0.999993682 -0.002444336 -1.234664440 -0.016018681 0.002402819 0.999868810 11.756915092
0.999813199 0.001462505 0.019270163 0.568928599 -0.001399303 0.999993563 -0.003292852 -1.370380163 -0.019274851 0.003265272 0.999808908 13.049848557
0.999742687 0.001429273 0.022639887 0.639610410 -0.001354581 0.999993563 -0.003314101 -1.515634298 -0.022644479 0.003282581 0.999738216 14.372181892
0.999661684 0.001337137 0.025974995 0.724731147 -0.001220878 0.999989152 -0.004491147 -1.652976871 -0.025980718 0.004457915 0.999652505 15.665025711
0.999567091 0.002480496 0.029315485 0.801701188 -0.002351706 0.999987423 -0.004426866 -1.789290428 -0.029326100 0.004356009 0.999560356 16.969852448
0.999468148 0.002013860 0.032547284 0.891904294 -0.001884891 0.999990284 -0.003992700 -1.928252101 -0.032555003 0.003929228 0.999462247 18.254856110
0.999402463 0.000556105 0.034560271 0.992922723 -0.000427826 0.999992907 -0.003719015 -2.072290659 -0.034562096 0.003702007 0.999395669 19.558233261
0.999341369 -0.001863533 0.036241014 1.090754986 0.002044478 0.999985695 -0.004956388 -2.213406086 -0.036231257 0.005027218 0.999330819 20.833570480
0.999300063 -0.001597881 0.037373725 1.188336015 0.001845314 0.999976575 -0.006586972 -2.357955694 -0.037362315 0.006651327 0.999279797 22.142629623
0.999252141 -0.001475323 0.038638115 1.270322323 0.001837591 0.999954641 -0.009342091 -2.500792742 -0.038622573 0.009406106 0.999209642 23.427196503
0.999217570 -0.000971830 0.039538223 1.376423955 0.001396312 0.999941647 -0.010709773 -2.644156218 -0.039525501 0.010756603 0.999160647 24.715003967
0.999173343 -0.000385894 0.040651418 1.478631139 0.000850056 0.999934614 -0.011401438 -2.789841413 -0.040644363 0.011426568 0.999108374 25.982784271
0.999153078 -0.001846739 0.041106749 1.575824261 0.002271472 0.999944508 -0.010288103 -2.937397957 -0.041085470 0.010372761 0.999101758 27.273386002
0.999155760 -0.004737169 0.040810123 1.682116032 0.005110310 0.999946117 -0.009043889 -3.084092855 -0.040765069 0.009244805 0.999126017 28.551961899
0.999173760 -0.006281702 0.040153302 1.776986599 0.006669364 0.999932468 -0.009527901 -3.231568813 -0.040090732 0.009787828 0.999148071 29.842615128
0.999194205 -0.007962754 0.039338175 1.882378340 0.008441060 0.999892294 -0.012007695 -3.377776384 -0.039238323 0.012330073 0.999153852 31.111087799
0.999222219 -0.008007663 0.038609706 1.986881256 0.008485024 0.999889374 -0.012215781 -3.525667429 -0.038507614 0.012533885 0.999179721 32.395374298
0.999233603 -0.008527992 0.038204484 2.082566261 0.009017736 0.999879122 -0.012665059 -3.668994188 -0.038091861 0.012999870 0.999189734 33.658943176
0.999252558 -0.009121074 0.037565671 2.180138350 0.009601971 0.999873936 -0.012641008 -3.813412428 -0.037445646 0.012992265 0.999214232 34.923358917
0.999264598 -0.009675873 0.037104730 2.274082661 0.010173279 0.999860525 -0.013240148 -3.957510948 -0.036971454 0.013607887 0.999223769 36.185066223
0.999303937 -0.010313780 0.035848927 2.386948824 0.010798870 0.999852359 -0.013364280 -4.113795757 -0.035705801 0.013742107 0.999267817 37.468250275
0.999310672 -0.009928031 0.035771940 2.480812073 0.010348355 0.999879301 -0.011584112 -4.259471416 -0.035652619 0.011946307 0.999292850 38.726478577
0.999266386 -0.010034524 0.036959454 2.579236507 0.010429614 0.999890327 -0.010512647 -4.400941849 -0.036849912 0.010890407 0.999261498 40.000659943
0.999191105 -0.011831875 0.038432825 2.694731712 0.012174393 0.999888062 -0.008690348 -4.546226978 -0.038325701 0.009151212 0.999223471 41.252643585
0.999081135 -0.012925615 0.040863708 2.788839817 0.013343454 0.999861240 -0.009969024 -4.689845085 -0.040729191 0.010505126 0.999114990 42.516185760
0.998955548 -0.014249387 0.043412212 2.884316444 0.014842280 0.999800622 -0.013365733 -4.834647179 -0.043213099 0.013996111 0.998967767 43.765705109
0.998856366 -0.015091663 0.045367546 2.991188526 0.015757322 0.999772847 -0.014350927 -4.979068756 -0.045140661 0.015049386 0.998867273 45.029071808
0.998725891 -0.015332777 0.048077703 3.114035606 0.015970591 0.999789119 -0.012910362 -5.115291595 -0.047869604 0.013661741 0.998760164 46.262790680
0.998524725 -0.016356446 0.051775400 3.219777107 0.016878575 0.999810994 -0.009663351 -5.270227909 -0.051607545 0.010522990 0.998611927 47.529399872
0.998254895 -0.019286076 0.055812653 3.333678484 0.019738222 0.999776721 -0.007561247 -5.409266949 -0.055654354 0.008649696 0.998412549 48.753234863
0.998019397 -0.021304484 0.059190046 3.472028255 0.021831254 0.999727488 -0.008267126 -5.547051907 -0.058997784 0.009542944 0.998212636 50.017230988
0.997759640 -0.024573518 0.062223956 3.618581772 0.025376339 0.999604225 -0.012144758 -5.682308197 -0.061900891 0.013696566 0.997988343 51.250183105
0.997458160 -0.025869241 0.066391930 3.748574972 0.026723804 0.999570549 -0.012015738 -5.820493698 -0.066052578 0.013759441 0.997721255 52.483417511
0.997108638 -0.028367762 0.070494831 3.879781723 0.029104372 0.999531686 -0.009443909 -5.960789680 -0.070193909 0.011468312 0.997467399 53.703182220
0.996835887 -0.031222604 0.073098101 4.037919044 0.031762365 0.999475956 -0.006232977 -6.094145775 -0.072865188 0.008535023 0.997305274 54.915515900
0.996623933 -0.033755053 0.074841805 4.193853378 0.034185998 0.999405444 -0.004484198 -6.226231098 -0.074645936 0.007027601 0.997185290 56.134090424
0.996402025 -0.037150081 0.076176360 4.343507767 0.037358504 0.999301076 -0.001312491 -6.350399494 -0.076074354 0.004153603 0.997093499 57.344371796
0.996263564 -0.040096410 0.076492511 4.501111507 0.040199343 0.999191761 0.000194320 -6.477442741 -0.076438457 0.002881354 0.997070134 58.546951294
0.996204376 -0.042063117 0.076207504 4.644437790 0.042438418 0.999093592 -0.003311294 -6.599184036 -0.075999156 0.006532852 0.997086406 59.755657196
0.996207058 -0.043420602 0.075407334 4.795145988 0.044102855 0.998999596 -0.007405329 -6.730709553 -0.075010344 0.010702918 0.997125268 60.945186615
0.996223211 -0.044641055 0.074474916 4.925921917 0.045619894 0.998892844 -0.011493425 -6.857526779 -0.073879391 0.014847556 0.997156680 62.146160126
0.996286571 -0.046039987 0.072755888 5.075815201 0.047183745 0.998786867 -0.014079791 -6.988755226 -0.072019413 0.017460400 0.997250378 63.338603973
0.996407032 -0.046582717 0.070732780 5.206714630 0.047695566 0.998762012 -0.014125785 -7.124798298 -0.069987193 0.017448675 0.997395277 64.523559570
0.996616066 -0.046151023 0.068018913 5.338995934 0.047157969 0.998799205 -0.013272508 -7.261930466 -0.067324691 0.016435228 0.997595668 65.699089050
0.996880531 -0.044775296 0.064995527 5.461545467 0.045611348 0.998893797 -0.011436014 -7.403619766 -0.064411581 0.014364872 0.997820020 66.902725220
0.997270525 -0.041047867 0.061373696 5.581809998 0.041607834 0.999102950 -0.007873256 -7.533360958 -0.060995471 0.010405391 0.998083770 68.077560425
0.997485697 -0.039285854 0.058981817 5.687538624 0.039693989 0.999195218 -0.005763759 -7.655291557 -0.058707923 0.008090490 0.998242378 69.240509033
0.997773767 -0.038090304 0.054740675 5.821916103 0.038616858 0.999217093 -0.008593210 -7.806749821 -0.054370500 0.010687992 0.998463631 70.458618164
0.997958958 -0.038551304 0.050908007 5.933213711 0.039371982 0.999108732 -0.015217263 -7.937137127 -0.050275996 0.017190555 0.998587430 71.617744446
0.998013616 -0.042007346 0.046948463 6.049209595 0.042909775 0.998909831 -0.018381795 -8.075346947 -0.046125121 0.020359837 0.998728096 72.801231384
0.998030007 -0.045184687 0.043525759 6.148649693 0.045819797 0.998855650 -0.013705621 -8.209404945 -0.042856667 0.015672963 0.998958290 73.969078064
0.998033166 -0.049405754 0.038584542 6.259998798 0.049785208 0.998719990 -0.008935715 -8.336668015 -0.038093671 0.010839081 0.999215364 75.141136169
0.998098493 -0.051354840 0.034087949 6.355887413 0.051599357 0.998647809 -0.006331873 -8.456787109 -0.033716679 0.008078748 0.999398708 76.316116333
0.998305440 -0.049867161 0.029991286 6.440753460 0.050008234 0.998740911 -0.003971833 -8.585488319 -0.029755464 0.005464915 0.999542296 77.474296570
0.998410702 -0.049703233 0.026564222 6.523855209 0.049813349 0.998752356 -0.003499392 -8.710334778 -0.026357148 0.004817084 0.999641061 78.628723145
0.998599410 -0.047601733 0.023094654 6.605630875 0.047735721 0.998845994 -0.005285169 -8.838858604 -0.022816425 0.006380206 0.999719322 79.796257019
0.998728096 -0.046353310 0.019836826 6.672986031 0.046567000 0.998860478 -0.010449480 -8.969877243 -0.019329853 0.011359931 0.999748588 80.937309265
0.998631001 -0.049704708 0.016296783 6.751920223 0.049954899 0.998633981 -0.015322087 -9.101196289 -0.015512940 0.016115215 0.999749780 82.081146240
0.998477697 -0.053587798 0.013063334 6.816028118 0.053803302 0.998411179 -0.016745327 -9.229516983 -0.012145231 0.017422684 0.999774396 83.236885071
0.998533487 -0.053397778 0.008918359 6.883042336 0.053512331 0.998480678 -0.013140357 -9.364398956 -0.008203143 0.013598328 0.999873877 84.395744324
0.998510957 -0.054125048 0.006793326 6.936762333 0.054193888 0.998476326 -0.010396251 -9.493375778 -0.006220276 0.010748928 0.999922812 85.526969910
0.998679101 -0.051049180 0.005825032 6.986543179 0.051114753 0.998623908 -0.011727013 -9.625417709 -0.005218361 0.012009268 0.999914169 86.662208557
0.998846829 -0.047733285 0.005137773 7.044295311 0.047806874 0.998739243 -0.015306046 -9.753482819 -0.004400688 0.015534019 0.999869645 87.803977966
0.998902559 -0.046657085 0.004085795 7.094608307 0.046722565 0.998750150 -0.017748980 -9.885604858 -0.003252572 0.017920405 0.999834061 88.923400879
0.998836875 -0.048114795 0.003144833 7.149548054 0.048164234 0.998673499 -0.018201105 -10.021312714 -0.002264920 0.018331403 0.999829352 90.052963257
0.998831689 -0.048269216 0.002307532 7.193207741 0.048300289 0.998702049 -0.016160117 -10.149545670 -0.001524501 0.016252691 0.999866784 91.182762146
0.998754323 -0.049879294 0.001342081 7.247381687 0.049892757 0.998665810 -0.013311697 -10.276678085 -0.000676312 0.013362077 0.999910593 92.291755676
0.998769879 -0.049568951 0.001293508 7.297063351 0.049581494 0.998687446 -0.012845295 -10.403833389 -0.000655082 0.012893626 0.999916732 93.431678772
0.998750567 -0.049966153 0.000796101 7.344275951 0.049972460 0.998641312 -0.014776017 -10.540678024 -0.000056718 0.014797341 0.999890506 94.571937561
0.998741984 -0.050142810 0.000330032 7.399381638 0.050140474 0.998575211 -0.018260898 -10.670608521 0.000586091 0.018254474 0.999833107 95.671119690
0.998693705 -0.051095732 -0.000195562 7.453302860 0.051082518 0.998509169 -0.019236542 -10.803911209 0.001178176 0.019201424 0.999814868 96.776435852
0.998680234 -0.051359344 0.000128970 7.503241062 0.051352851 0.998506904 -0.018620914 -10.929924965 0.000827581 0.018602964 0.999826610 97.850654602
0.998690784 -0.051151846 0.000499882 7.553869247 0.051154029 0.998606622 -0.012963590 -11.052738190 0.000163927 0.012972189 0.999915838 98.939598083
0.998774946 -0.049457531 0.001598141 7.604064941 0.049470823 0.998727858 -0.009761332 -11.173137665 -0.001113337 0.009828435 0.999951065 100.013053894
0.998842955 -0.047955699 0.003589753 7.658586025 0.047990214 0.998795271 -0.010242008 -11.283466339 -0.003094265 0.010402431 0.999941111 101.061096191
0.998925447 -0.046033077 0.005376188 7.709717751 0.046091769 0.998872757 -0.011358641 -11.413611412 -0.004847253 0.011594232 0.999921024 102.110931396
0.998900354 -0.046221655 0.007847216 7.763668537 0.046326607 0.998831451 -0.013766386 -11.533740044 -0.007201741 0.014114781 0.999874413 103.124427795
0.998824894 -0.047583777 0.009201169 7.831936836 0.047716118 0.998752058 -0.014742210 -11.648047447 -0.008488199 0.015163928 0.999848962 104.127944946
0.998712242 -0.049465835 0.011268310 7.887849331 0.049619369 0.998673081 -0.013779586 -11.774974823 -0.010571741 0.014320970 0.999841511 105.135871887
0.998702645 -0.049179003 0.013212919 7.944228172 0.049341578 0.998706460 -0.012272803 -11.889091492 -0.012592266 0.012908825 0.999837399 106.093917847
0.998621762 -0.050459672 0.014435469 8.003857613 0.050620314 0.998657525 -0.010987746 -11.997363091 -0.013861652 0.011703330 0.999835432 107.053627014
0.998555303 -0.051149547 0.016462568 8.058393478 0.051340550 0.998616219 -0.011396637 -12.103641510 -0.015856855 0.012225371 0.999799550 107.968330383
0.998539448 -0.050905813 0.018098157 8.122111320 0.051082876 0.998649597 -0.009459429 -12.207853317 -0.017592179 0.010370119 0.999791443 108.875190735
0.998551548 -0.049834948 0.020279568 8.174447060 0.049998023 0.998720288 -0.007614679 -12.304406166 -0.019874142 0.008617586 0.999765337 109.744964600
0.998520553 -0.050075620 0.021194190 8.237968445 0.050168213 0.998733461 -0.003859757 -12.413024902 -0.020974059 0.004917320 0.999767900 110.605812073
0.998488486 -0.050066214 0.022674680 8.298043251 0.050167963 0.998732984 -0.003940265 -12.503667831 -0.022448678 0.005071852 0.999735117 111.431068420
0.998496234 -0.049205851 0.024167309 8.344919205 0.049298368 0.998778820 -0.003247075 -12.593552589 -0.023978021 0.004433601 0.999702632 112.249702454
0.998579562 -0.047020897 0.025057819 8.392427444 0.047102246 0.998886585 -0.002666011 -12.675960541 -0.024904562 0.003842504 0.999682367 113.026771545
0.998727441 -0.044092309 0.024482088 8.433094978 0.044104945 0.999026895 0.000023825 -12.750911713 -0.024459319 0.001055987 0.999700308 113.783164978
0.998801410 -0.044280432 0.020852577 8.489169121 0.044266567 0.999019146 0.001126157 -12.837191582 -0.020881992 -0.000201735 0.999781907 114.537193298
0.998907745 -0.044337716 0.014746893 8.521942139 0.044322763 0.999016404 0.001339528 -12.911896706 -0.014791781 -0.000684442 0.999890268 115.234672546
0.999075472 -0.042749885 0.004539849 8.546424866 0.042748842 0.999085724 0.000327895 -12.988857269 -0.004549718 -0.000133518 0.999989569 115.900848389
0.999166548 -0.039802071 -0.009048421 8.540704727 0.039780244 0.999205112 -0.002579528 -13.057838440 0.009143900 0.002217430 0.999955714 116.541046143
0.998847187 -0.038490817 -0.028682973 8.551929474 0.038359161 0.999250889 -0.005126064 -13.125018120 0.028858788 0.004019899 0.999575436 117.170410156
0.998023927 -0.036755413 -0.050962590 8.516580582 0.036419913 0.999308407 -0.007496636 -13.194445610 0.051202890 0.005625769 0.998672426 117.758003235
0.996267855 -0.035186954 -0.078818545 8.477153778 0.034559093 0.999359190 -0.009316211 -13.262176514 0.079095848 0.006557541 0.996845543 118.325004578
0.993275464 -0.033096798 -0.110942408 8.406456947 0.032034438 0.999422371 -0.011345117 -13.328774452 0.111253828 0.007714851 0.993762136 118.869308472
0.988820314 -0.028582714 -0.146346629 8.298309326 0.027034422 0.999555647 -0.012557983 -13.394546509 0.146640539 0.008461192 0.989153683 119.404350281
0.982456148 -0.022501379 -0.185130820 8.186300278 0.020596661 0.999713361 -0.012205476 -13.453929901 0.185352400 0.008178270 0.982638061 119.941017151
0.973866761 -0.017266478 -0.226462811 8.041330338 0.015373988 0.999830723 -0.010117920 -13.510751724 0.226599097 0.006371870 0.973967254 120.434188843
0.962476850 -0.012524638 -0.271074563 7.873319626 0.010708150 0.999909103 -0.008179128 -13.574081421 0.271152407 0.004969514 0.962523580 120.918281555
0.947974682 -0.006655829 -0.318275958 7.681091309 0.004034795 0.999952316 -0.008893619 -13.628756523 0.318319917 0.007146748 0.947956383 121.399597168
0.930595279 0.001079738 -0.366048127 7.445781708 -0.005013249 0.999939442 -0.009795519 -13.680245399 0.366015375 0.010950754 0.930544376 121.864929199
0.909434795 0.005752039 -0.415806770 7.200309753 -0.011153809 0.999881983 -0.010563317 -13.732846260 0.415696979 0.014244475 0.909391582 122.292144775
0.884154975 0.010267798 -0.467080891 6.926704407 -0.016385481 0.999824882 -0.009037629 -13.790201187 0.466906250 0.015644010 0.884168386 122.716400146
0.854988337 0.013460891 -0.518472373 6.641712189 -0.020968372 0.999742985 -0.008622034 -13.836476326 0.518223047 0.018243263 0.855050921 123.113243103
0.823362052 0.023147460 -0.567044139 6.312294006 -0.031791281 0.999480009 -0.005361678 -13.883465767 0.566625237 0.022441665 0.823669910 123.484832764
0.789106846 0.036042124 -0.613197565 5.964546204 -0.044752128 0.998997450 0.001128144 -13.927450180 0.612623513 0.026551673 0.789928794 123.843307495
0.753670692 0.045028359 -0.655707836 5.605545044 -0.056180574 0.998412549 0.003988402 -13.964533806 0.654846549 0.033832107 0.755004168 124.141128540
0.713511109 0.049063858 -0.698923886 5.246471405 -0.063682333 0.997957408 0.005044305 -14.014601707 0.697743833 0.040909927 0.715178251 124.440124512
0.670834303 0.050594412 -0.739879429 4.869071960 -0.066058740 0.997780859 0.008336054 -14.059606552 0.738659322 0.043283388 0.672687888 124.724746704
0.626515925 0.054095592 -0.777529001 4.466293335 -0.069383457 0.997498810 0.013492033 -14.092684746 0.776314259 0.045494676 0.628702223 124.995300293
0.581285894 0.063237883 -0.811238289 4.037723541 -0.080653504 0.996543646 0.019891277 -14.131346703 0.809692383 0.053866688 0.584377170 125.227500916
0.536139369 0.071777008 -0.841072321 3.583328247 -0.092315629 0.995387673 0.026099902 -14.150772095 0.839066386 0.063650936 0.540292680 125.435745239
0.489184201 0.076935083 -0.868780613 3.135913849 -0.098165840 0.994629145 0.032805409 -14.174304008 0.866638482 0.069236688 0.494109333 125.628417969
0.441718191 0.078338251 -0.893727064 2.673461914 -0.097437575 0.994476736 0.039011490 -14.200513840 0.891846895 0.069850527 0.446911544 125.807121277
0.394280851 0.080232456 -0.915480852 2.196697235 -0.094937459 0.994407713 0.046261758 -14.225386620 0.914073110 0.068673298 0.399693042 125.983207703
0.349164665 0.082982980 -0.933379829 1.705062866 -0.096843056 0.993933201 0.052138869 -14.247137070 0.932043731 0.072186314 0.355082572 126.117919922
0.305552572 0.086511798 -0.948236942 1.205936432 -0.102436773 0.993070841 0.057593752 -14.267344475 0.946649015 0.079536416 0.312297285 126.232849121
0.264025480 0.087773763 -0.960513532 0.685514450 -0.107102782 0.992359936 0.061243590 -14.282585144 0.958550811 0.086703829 0.271409065 126.334129333
0.224516481 0.083898880 -0.970851898 0.159803391 -0.107027225 0.992382526 0.061008699 -14.295007706 0.968575001 0.090210110 0.231785774 126.435066223
0.189075083 0.079070933 -0.978773952 -0.370309830 -0.102050886 0.992937624 0.060501445 -14.320752144 0.976645410 0.088445410 0.195809051 126.528488159
0.158644438 0.073863238 -0.984569073 -0.918581009 -0.099277243 0.993337274 0.058524411 -14.340380669 0.982331872 0.088460721 0.164920330 126.606468201
0.132318705 0.072171219 -0.988576353 -1.485521317 -0.100480855 0.993184626 0.059058528 -14.357939720 0.986101091 0.091518432 0.138668716 126.671829224
0.110360451 0.071249984 -0.991334498 -2.074888229 -0.100808337 0.993085742 0.060153354 -14.369944572 0.988766074 0.093296222 0.116779990 126.728645325
0.091929495 0.072763711 -0.993103504 -2.670349121 -0.102796771 0.992691576 0.063217841 -14.384854317 0.990445256 0.096276246 0.098737493 126.780036926
0.075734563 0.071356937 -0.994571626 -3.279850960 -0.104150809 0.992546320 0.063280776 -14.411915779 0.991673768 0.098792888 0.082601935 126.835449219
0.061432302 0.070331261 -0.995630205 -3.898804665 -0.102977343 0.992637694 0.063765951 -14.440829277 0.992784858 0.098610066 0.068222553 126.887977600
0.049208201 0.067964889 -0.996473372 -4.539556026 -0.098761342 0.993123829 0.062859349 -14.463218689 0.993893743 0.095319860 0.055582136 126.929687500
0.037348107 0.065407120 -0.997159481 -5.188745499 -0.096506558 0.993427634 0.061547726 -14.478995323 0.994631410 0.093933731 0.043414854 126.962493896
0.026860220 0.064296626 -0.997569263 -5.862442017 -0.095876649 0.993494391 0.061452456 -14.498860359 0.995030761 0.093992978 0.032850027 126.999641418
0.017156115 0.065600336 -0.997698545 -6.534162521 -0.099090181 0.993044496 0.063590407 -14.518826485 0.994930565 0.097771160 0.023537133 127.020202637
0.008959485 0.065730192 -0.997797072 -7.211874485 -0.102017395 0.992690682 0.064477779 -14.547545433 0.994742274 0.101214990 0.015599623 127.033332825
0.002087344 0.065038957 -0.997880459 -7.911274910 -0.104202136 0.992464423 0.064467989 -14.566766739 0.994553924 0.103846699 0.008848813 127.054931641
-0.002837357 0.065863490 -0.997824550 -8.610011101 -0.104989894 0.992294312 0.065796994 -14.583223343 0.994469166 0.104948208 0.004099509 127.067817688
-0.006441794 0.068195105 -0.997651160 -9.329273224 -0.107299879 0.991864681 0.068492383 -14.600894928 0.994205832 0.107489064 0.000927938 127.089973450
-0.007381816 0.072533086 -0.997338653 -10.061764717 -0.109417468 0.991318643 0.072905138 -14.629050255 0.993968368 0.109664455 0.000618657 127.093322754
-0.008140248 0.075401418 -0.997119963 -10.785876274 -0.112354003 0.990769982 0.075838454 -14.638237953 0.993634820 0.112647772 0.000406539 127.096740723
-0.008770622 0.080908738 -0.996683002 -11.525682449 -0.116821714 0.989813209 0.081379078 -14.644866943 0.993114173 0.117147945 0.000770620 127.104919434
-0.009461495 0.084788002 -0.996354043 -12.269346237 -0.120270431 0.989068925 0.085310146 -14.657140732 0.992696047 0.120639078 0.000839420 127.106163025
-0.011311288 0.085227408 -0.996297240 -13.011861801 -0.119673900 0.989084184 0.085969053 -14.674903870 0.992748797 0.120203204 -0.000988319 127.130363464
-0.012720995 0.082228526 -0.996532261 -13.756691933 -0.117304273 0.989608586 0.083154634 -14.692966461 0.993014455 0.117955290 -0.002943046 127.150054932
-0.014244506 0.078640431 -0.996801257 -14.517821312 -0.121189274 0.989417374 0.079789706 -14.697646141 0.992527187 0.121938162 -0.004563386 127.161117554
-0.015444712 0.080052711 -0.996670961 -15.287082672 -0.126074076 0.988678515 0.081364438 -14.705405235 0.991900623 0.126910985 -0.005177285 127.161750793
-0.017325360 0.083817333 -0.996330500 -16.054264069 -0.123020396 0.988729954 0.085317142 -14.720561981 0.992253006 0.124047108 -0.006818865 127.178863525
-0.018780179 0.083810709 -0.996304691 -16.832098007 -0.122346453 0.988799095 0.085485518 -14.736774445 0.992309749 0.123499773 -0.008315883 127.185523987
-0.020352889 0.082769893 -0.996360838 -17.622543335 -0.124945357 0.988543928 0.084672824 -14.745118141 0.991954803 0.126213983 -0.009778012 127.189788818
-0.020890081 0.082655616 -0.996359229 -18.409435272 -0.129735067 0.987926602 0.084676147 -14.751376152 0.991328657 0.131031632 -0.009914533 127.187965393
-0.021539247 0.086968787 -0.995978236 -19.214630127 -0.131520465 0.987305105 0.089055762 -14.756756783 0.991079450 0.132909685 -0.009827635 127.186943054
-0.022487624 0.091207668 -0.995577931 -20.026672363 -0.130004913 0.987107575 0.093368143 -14.764450073 0.991258323 0.131529644 -0.010340254 127.203712463
-0.021678615 0.093771614 -0.995357692 -20.835916519 -0.131566256 0.986665606 0.095818251 -14.777969360 0.991070271 0.133032694 -0.009052362 127.214797974
-0.019749165 0.092507437 -0.995516121 -21.655548096 -0.131091610 0.986874580 0.094305061 -14.782930374 0.991173565 0.132366285 -0.007363001 127.223266602
-0.018615332 0.092529774 -0.995535791 -22.485904694 -0.131064549 0.986890435 0.094176978 -14.786331177 0.991199076 0.132232606 -0.006243918 127.235015869
-0.018313671 0.091708601 -0.995617449 -23.313251495 -0.129536092 0.987174213 0.093313605 -14.792986870 0.991405547 0.130677313 -0.006199212 127.255844116
-0.017467631 0.093838006 -0.995434225 -24.151721954 -0.130434170 0.986864388 0.095318958 -14.799814224 0.991303027 0.131503642 -0.004998502 127.272674561
-0.017115491 0.095903493 -0.995243490 -24.990087509 -0.132244557 0.986427188 0.097328186 -14.801422119 0.991069317 0.133281365 -0.004200473 127.291000366
-0.016959751 0.098352619 -0.995007217 -25.867023468 -0.135308370 0.985769928 0.099745870 -14.801111221 0.990658402 0.136324450 -0.003410484 127.302200317
-0.015301420 0.099431090 -0.994926751 -26.730390549 -0.137479186 0.985383511 0.100591712 -14.797157288 0.990386546 0.138320923 -0.001408061 127.313087463
-0.013615586 0.102535203 -0.994636178 -27.601255417 -0.144204944 0.984127998 0.103425950 -14.795717239 0.989454150 0.144839674 0.001386604 127.326965332
-0.011417866 0.106517643 -0.994245350 -28.479427338 -0.149115101 0.983010709 0.107026473 -14.791424751 0.988753915 0.149478987 0.004659504 127.344505310
-0.009384435 0.108425081 -0.994060278 -29.354204178 -0.151645586 0.982451856 0.108590543 -14.785851479 0.988390446 0.151763901 0.007222431 127.374816895
-0.005643136 0.109455183 -0.993975639 -30.254568100 -0.150866345 0.982520878 0.109050304 -14.787076950 0.988538086 0.150572821 0.010968602 127.395278931
-0.003126264 0.109182611 -0.994016767 -31.145318985 -0.153271720 0.982224047 0.108369328 -14.778411865 0.988179147 0.152693465 0.013663914 127.424903870
-0.000736337 0.113020621 -0.993592381 -32.047264099 -0.153921172 0.981739342 0.111786410 -14.769174576 0.988082826 0.153017208 0.016673377 127.455444336
0.001829742 0.115201138 -0.993340433 -32.963050842 -0.153213933 0.981646061 0.113562666 -14.762999535 0.988191307 0.151985839 0.019446576 127.490798950
0.003419014 0.116495192 -0.993185282 -33.854278564 -0.153830230 0.981430590 0.114586860 -14.758687019 0.988091290 0.152390152 0.021276005 127.533241272
0.005978618 0.114748411 -0.993376613 -34.757633209 -0.155095696 0.981479645 0.112440728 -14.751033783 0.987881362 0.153396204 0.023664881 127.563529968
0.006109919 0.115841158 -0.993248880 -35.671833038 -0.159444287 0.980672896 0.113393642 -14.739939690 0.987188041 0.157675028 0.024462044 127.605072021
0.007137629 0.116524957 -0.993162096 -36.565441132 -0.160283700 0.980479181 0.113884985 -14.734251022 0.987045228 0.158374861 0.025675353 127.641609192
0.007546111 0.113189563 -0.993544757 -37.461227417 -0.160872713 0.980768621 0.110512182 -14.730640411 0.986946404 0.159000307 0.025610102 127.674858093
0.008218212 0.108903393 -0.994018376 -38.372112274 -0.161747381 0.981106341 0.106151491 -14.730754852 0.986797929 0.159907505 0.025677782 127.720611572
0.008659708 0.108234823 -0.994087636 -39.267833710 -0.161317840 0.981254578 0.105432294 -14.725736618 0.986864507 0.159451053 0.025957586 127.761390686
0.008379824 0.112446487 -0.993622482 -40.167560577 -0.163718402 0.980403364 0.109569758 -14.720737457 0.986471474 0.161756098 0.026625162 127.804847717
0.009036409 0.118541479 -0.992908001 -41.100364685 -0.164890453 0.979532480 0.115443923 -14.705242157 0.986270487 0.162677869 0.028397812 127.835090637
0.009172279 0.117241628 -0.993061066 -41.994831085 -0.162673891 0.980048418 0.114202812 -14.704484940 0.986637294 0.160497576 0.028061427 127.879127502
0.010220966 0.106932379 -0.994213760 -42.884563446 -0.161968634 0.981312990 0.103879742 -14.708783150 0.986742973 0.159969687 0.027349662 127.921463013
0.010351416 0.096375979 -0.995291114 -43.811023712 -0.163457751 0.982119083 0.093400471 -14.712274551 0.986496031 0.161721259 0.025919722 127.961425781
0.009269377 0.093411639 -0.995584369 -44.714164734 -0.160350159 0.982881665 0.090726852 -14.719375610 0.987016618 0.158801138 0.024089277 128.006546021
0.009301623 0.103353813 -0.994601190 -45.634929657 -0.152944967 0.983087957 0.100727051 -14.719555855 0.988190949 0.151182324 0.024951760 128.053787231
0.009210342 0.116535753 -0.993143737 -46.577251434 -0.147990078 0.982407689 0.113903522 -14.715974808 0.988945901 0.145926327 0.026294447 128.113525391
0.009402357 0.125564411 -0.992040932 -47.497997284 -0.148080289 0.981321216 0.122804120 -14.705247879 0.988930643 0.145747080 0.027820347 128.159194946
0.009140645 0.119929828 -0.992740333 -48.415863037 -0.148358509 0.981957078 0.117261119 -14.701055527 0.988891304 0.146209642 0.026768330 128.198745728
0.009434072 0.106531367 -0.994264543 -49.338684082 -0.148275390 0.983466029 0.103967436 -14.700845718 0.988901138 0.146444172 0.025074068 128.234146118
0.009901337 0.097710945 -0.995165586 -50.252983093 -0.148813218 0.984275877 0.095161140 -14.699083328 0.988815725 0.147151545 0.024286328 128.276840210
0.010480802 0.097753979 -0.995155454 -51.172508240 -0.148325652 0.984352410 0.095130667 -14.708295822 0.988883018 0.146610022 0.024816226 128.322219849
0.009882742 0.099179462 -0.995020509 -52.124340057 -0.151101992 0.983790815 0.096559361 -14.719755173 0.988468766 0.149395287 0.024708761 128.361145020
0.010726834 0.098711379 -0.995058358 -53.054752350 -0.155679122 0.983146191 0.095851466 -14.719889641 0.987749398 0.153881624 0.025913354 128.390625000
0.010985661 0.098059915 -0.995119870 -53.992034912 -0.157327235 0.982954502 0.095124304 -14.721612930 0.987485468 0.155514464 0.026225902 128.433547974
0.011867746 0.105459139 -0.994352818 -54.945098877 -0.165902302 0.980848074 0.102046773 -14.719841003 0.986070752 0.163754359 0.029136369 128.466186523
0.013396782 0.115201332 -0.993251801 -55.896133423 -0.172419295 0.978727937 0.111191206 -14.716268539 0.984932542 0.169766188 0.032974735 128.514450073
0.014277091 0.123351336 -0.992260337 -56.843296051 -0.172639877 0.977762282 0.119065002 -14.706354141 0.984881520 0.169603795 0.035254963 128.562072754
0.015438719 0.124261640 -0.992129266 -57.784690857 -0.174291164 0.977391243 0.119703554 -14.699253082 0.984573126 0.171071321 0.036747377 128.604507446
0.016754344 0.114753738 -0.993252635 -58.722366333 -0.175582319 0.978292823 0.110063635 -14.696043015 0.984322131 0.172553584 0.036539383 128.652679443
0.017731817 0.109543391 -0.993823886 -59.657482147 -0.174036115 0.979144692 0.104820237 -14.688106537 0.984579563 0.171102598 0.036426514 128.710571289
0.019864388 0.107727155 -0.993982017 -60.634185791 -0.172490418 0.979640007 0.102725610 -14.683009148 0.984810948 0.169411808 0.038041852 128.762695312
0.023291212 0.113657162 -0.993246973 -61.593059540 -0.173898190 0.978831232 0.107929736 -14.678840637 0.984488070 0.170210078 0.042562943 128.823944092
0.027126160 0.115684219 -0.992915571 -62.551952362 -0.176810488 0.978175461 0.109136470 -14.675392151 0.983871043 0.172597393 0.046988323 128.876129150
0.030678026 0.111041024 -0.993342221 -63.499176025 -0.176054925 0.978872657 0.103986315 -14.680253983 0.983902156 0.171692714 0.049579199 128.944534302
0.033592988 0.104993455 -0.993905365 -64.462295532 -0.176229596 0.979506850 0.097516067 -14.683712006 0.983775735 0.171879634 0.051407516 129.013397217
0.037221976 0.104628533 -0.993814588 -65.413223267 -0.173570275 0.980064511 0.096680090 -14.684520721 0.984117866 0.168898016 0.054640342 129.082489014
0.039729025 0.109204784 -0.993225038 -66.365859985 -0.171102405 0.980071604 0.100914456 -14.694364548 0.984451950 0.165933952 0.057622481 129.163757324
0.042969842 0.116038807 -0.992314756 -67.341705322 -0.170441985 0.979523182 0.107162416 -14.695358276 0.984430373 0.164527342 0.061867837 129.241973877
0.046284333 0.119694106 -0.991731346 -68.295364380 -0.168303043 0.979537129 0.110367604 -14.692542076 0.984648168 0.161803111 0.065482110 129.317687988
0.047712028 0.121186838 -0.991482377 -69.259918213 -0.167605326 0.979510546 0.111658059 -14.692019463 0.984699011 0.160850316 0.067045994 129.408004761
0.050079010 0.118400492 -0.991702199 -70.216651917 -0.166066006 0.980112910 0.108630843 -14.684251785 0.984842300 0.159247890 0.068745390 129.485244751
0.050464492 0.117010370 -0.991847754 -71.172882080 -0.163889185 0.980620682 0.107347324 -14.687037468 0.985187054 0.157135889 0.068663262 129.570587158
0.050835997 0.113536209 -0.992232502 -72.114151001 -0.160886079 0.981471717 0.104062080 -14.694990158 0.985662878 0.154346317 0.068160482 129.659881592
0.051187161 0.113509461 -0.992217481 -73.081695557 -0.159784421 0.981652141 0.104057737 -14.689603806 0.985823870 0.153214484 0.068385020 129.736419678
0.050611395 0.117162429 -0.991822302 -74.029335022 -0.156390011 0.981773496 0.107995003 -14.681296349 0.986397743 0.149645314 0.068011962 129.827117920
0.049848065 0.119357444 -0.991599202 -75.011451721 -0.150687411 0.982367098 0.110671096 -14.685503960 0.987323821 0.143904775 0.066954769 129.920715332
0.048767835 0.115804031 -0.992074132 -75.960044861 -0.147660390 0.983177781 0.107506976 -14.683832169 0.987835109 0.141247183 0.065047108 130.005996704
0.047711927 0.111894727 -0.992573977 -76.908660889 -0.149259999 0.983347178 0.103679836 -14.681914330 0.987646222 0.143204823 0.063618794 130.083526611
0.046733122 0.108016782 -0.993050039 -77.891387939 -0.145619571 0.984252810 0.100206979 -14.677530289 0.988236248 0.139924556 0.061726548 130.152206421
0.045685243 0.109498814 -0.992936611 -78.845390320 -0.146351457 0.983982980 0.101777777 -14.684734344 0.988177121 0.140667975 0.060978819 130.208526611
0.044260673 0.110685222 -0.992869437 -79.794746399 -0.146771342 0.983779669 0.103129052 -14.684017181 0.988179743 0.141160205 0.059788175 130.291168213
0.043490160 0.111768782 -0.992782056 -80.760200500 -0.149254888 0.983296990 0.104162641 -14.690579414 0.987841904 0.143647507 0.059445783 130.354034424
0.042139433 0.111742795 -0.992843270 -81.715950012 -0.149152324 0.983294010 0.104337558 -14.680203438 0.987915933 0.143688142 0.058102153 130.424057007
0.040295158 0.112391636 -0.992846668 -82.670043945 -0.149322122 0.983172536 0.105236210 -14.680396080 0.987967193 0.144013450 0.056399655 130.491134644
0.038165003 0.115588479 -0.992563725 -83.615867615 -0.149177134 0.982815623 0.108717285 -14.680422783 0.988073766 0.143918604 0.054752313 130.564666748
0.036434621 0.118968055 -0.992229342 -84.581932068 -0.150045961 0.982284367 0.112265967 -14.667460442 0.988007426 0.144789651 0.053639833 130.617980957
0.034358818 0.123498835 -0.991749763 -85.532127380 -0.151166081 0.981560707 0.116992950 -14.652259827 0.987911046 0.145899177 0.052394092 130.681716919
0.032328125 0.123922229 -0.991765141 -86.478805542 -0.151375785 0.981444061 0.117698260 -14.650785446 0.987947524 0.146324277 0.050487060 130.745605469
0.031140244 0.117792383 -0.992549837 -87.427017212 -0.151284933 0.982146084 0.111811295 -14.639460564 0.987999558 0.146676019 0.048404481 130.808700562
0.028794395 0.113357067 -0.993137062 -88.365158081 -0.156090721 0.981870532 0.107545510 -14.631269455 0.987322927 0.151922777 0.045966353 130.869750977
0.028689854 0.110710621 -0.993438423 -89.339836121 -0.154321849 0.982422590 0.105026282 -14.618468285 0.987604022 0.150296092 0.045270626 130.915344238
0.027647143 0.111834079 -0.993342161 -90.291030884 -0.150248930 0.982897818 0.106476404 -14.622111320 0.988261580 0.146304816 0.043977268 130.977142334
0.027085841 0.112982146 -0.993227780 -91.243858337 -0.146688983 0.983285606 0.107850894 -14.615976334 0.988811910 0.142774329 0.043206345 131.039993286
0.025805064 0.113129243 -0.993245065 -92.189476013 -0.141765684 0.983948529 0.108387209 -14.618200302 0.989563763 0.138011158 0.041428700 131.106613159
0.024590982 0.110224426 -0.993602455 -93.143035889 -0.137637243 0.984811306 0.105842754 -14.620246887 0.990177393 0.134153932 0.039388463 131.169464111
0.023666399 0.107050695 -0.993971884 -94.084892273 -0.132185921 0.985855937 0.103029266 -14.621936798 0.990942359 0.128950745 0.037482254 131.232666016
0.022773700 0.109605618 -0.993714213 -95.050910950 -0.131228223 0.985699594 0.105714150 -14.625905991 0.991090596 0.127995864 0.036831379 131.288589478
0.021667168 0.112377003 -0.993429303 -96.007499695 -0.130738944 0.985448360 0.108622707 -14.626610756 0.991180062 0.127526373 0.036043927 131.341964722
0.019975685 0.110457115 -0.993680060 -96.955490112 -0.125597656 0.986282229 0.107109927 -14.624846458 0.991880119 0.122664310 0.033574823 131.390686035
0.017425872 0.106624477 -0.994146645 -97.905990601 -0.123115353 0.986959815 0.103695661 -14.616456032 0.992239356 0.120587744 0.030325748 131.444351196
0.014679764 0.104323842 -0.994435012 -98.860771179 -0.122124076 0.987283289 0.101770796 -14.619849205 0.992406249 0.119950481 0.027233537 131.494384766
0.011606002 0.102967121 -0.994616985 -99.812965393 -0.116511457 0.988047957 0.100927517 -14.629251480 0.993121445 0.114712924 0.023464132 131.551116943
0.008105594 0.103565067 -0.994589627 -100.751594543 -0.108937927 0.988793969 0.102073759 -14.627730370 0.994015515 0.107521176 0.019296926 131.614807129
0.006442677 0.111392841 -0.993755579 -101.708862305 -0.099238291 0.988941550 0.110209875 -14.624983788 0.995042861 0.097908556 0.017425869 131.668182373
0.002890765 0.118992910 -0.992890894 -102.677825928 -0.091248870 0.988784075 0.118235067 -14.619826317 0.995823920 0.090258382 0.013716312 131.733367920
0.000167132 0.117789902 -0.993038535 -103.632369995 -0.086518615 0.989316583 0.117333882 -14.604709625 0.996250153 0.085896701 0.010356368 131.776245117
-0.003219040 0.107795998 -0.994167864 -104.580665588 -0.087135747 0.990361333 0.107665420 -14.602061272 0.996191263 0.086974144 0.006204876 131.815322876
-0.005362979 0.098879918 -0.995085001 -105.529281616 -0.089507125 0.991057456 0.098962143 -14.607607841 0.995971739 0.089597926 0.003535439 131.850357056
-0.005293919 0.099422038 -0.995031238 -106.493629456 -0.096137382 0.990385532 0.099469304 -14.598108292 0.995353937 0.096186288 0.004315153 131.866226196
-0.005971872 0.109478503 -0.993971229 -107.453170776 -0.099661373 0.988975048 0.109526969 -14.592665672 0.995003521 0.099714607 0.005004745 131.896057129
-0.007744316 0.120409042 -0.992694199 -108.425880432 -0.102911159 0.987356842 0.120564513 -14.576961517 0.994660437 0.103092983 0.004745031 131.919250488
-0.008221541 0.122233391 -0.992467344 -109.399726868 -0.111124761 0.986241698 0.122387186 -14.566261292 0.993772388 0.111293904 0.005474732 131.937637329
-0.008442754 0.119476281 -0.992801130 -110.359176636 -0.118326537 0.985741735 0.119632974 -14.547489166 0.992938817 0.118484773 0.005814841 131.958557129
-0.008762171 0.115070738 -0.993318677 -111.315299988 -0.126597866 0.985236168 0.115251154 -14.532288551 0.991915405 0.126761869 0.005934905 131.980957031
-0.006234478 0.117184877 -0.993090570 -112.290557861 -0.131177604 0.984432101 0.116986699 -14.515818596 0.991339266 0.131000564 0.009234613 131.998214722
-0.005090233 0.119380184 -0.992835581 -113.264564514 -0.139820337 0.983010352 0.118915655 -14.503286362 0.990163803 0.139423907 0.011688026 132.021759033
-0.004636839 0.122345552 -0.992476761 -114.227066040 -0.149225637 0.981289864 0.121663690 -14.487252235 0.988792300 0.148667067 0.013707008 132.041748047
-0.004701306 0.125077933 -0.992135763 -115.198478699 -0.155084953 0.980051458 0.124289364 -14.468187332 0.987890065 0.154449642 0.014790183 132.068786621
-0.004077976 0.123470314 -0.992339909 -116.176017761 -0.158702835 0.979691327 0.122548722 -14.446500778 0.987317920 0.157986909 0.015599932 132.101119995
-0.002266726 0.113937914 -0.993485332 -117.132377625 -0.157732546 0.981010437 0.112867124 -14.446846962 0.987479210 0.156960785 0.015748037 132.129623413
-0.001037541 0.102382295 -0.994744599 -118.085182190 -0.161068022 0.981739938 0.101211809 -14.436623573 0.986942768 0.160326555 0.015471918 132.165374756
