1.000000000 0.000000000 0.000000000 0.000000000 0.000000000 1.000000000 0.000000000 0.000000000 0.000000000 0.000000000 1.000000000 0.000000000
0.999997795 -0.001589337 -0.001359524 0.048966184 0.001586430 0.999996483 -0.002136739 -0.132976755 0.001362915 0.002134578 0.999996781 1.297976494
0.999997735 0.000091553 -0.002122129 0.105422720 -0.000105083 0.999979615 -0.006376610 -0.267973632 0.002121503 0.006376818 0.999977350 2.606215715
0.999995887 0.002576774 -0.001275983 0.148807734 -0.002586772 0.999965429 -0.007896200 -0.406651467 0.001255592 0.007899468 0.999967933 3.909181595
0.999982595 0.005889061 0.000338278 0.192020014 -0.005886672 0.999960423 -0.006676578 -0.545349479 -0.000377583 0.006674469 0.999977648 5.222167492
0.999974847 0.006644124 0.002492653 0.240469500 -0.006636046 0.999972761 -0.003235115 -0.690701962 -0.002514080 0.003218492 0.999991596 6.542826653
0.999959052 0.006901730 0.005859700 0.296278119 -0.006890999 0.999974549 -0.001849325 -0.829074800 -0.005872316 0.001808870 0.999981105 7.846248150
0.999942899 0.005266087 0.009301904 0.351180077 -0.005249470 0.999984682 -0.001809904 -0.962313592 -0.009311290 0.001760971 0.999955118 9.153872490
0.999912262 0.003943879 0.012651217 0.428781748 -0.003922043 0.999990702 -0.001750330 -1.098608017 -0.012658004 0.001700558 0.999918401 10.453475952
0.999870718 0.002755448 0.015839020 0.497238696 -0.002716350 0.999993145 -0.002489442 -1.236871839 -0.015845772 0.002446096 0.999871373 11.763635635
0.999814093 0.001489895 0.019225104 0.573570073 -0.001427505 0.999993682 -0.003258596 -1.373095036 -0.019229839 0.003230547 0.999809802 13.057926178
0.999740064 0.001756294 0.022730500 0.640660048 -0.001684530 0.999993563 -0.003175920 -1.522542953 -0.022735927 0.003136805 0.999736607 14.381242752
0.999658883 0.001722753 0.026059987 0.726791143 -0.001611684 0.999989569 -0.004282427 -1.660344124 -0.026067091 0.004238966 0.999651194 15.676321030
0.999570370 0.002542559 0.029198540 0.808992684 -0.002421355 0.999988317 -0.004185617 -1.799234986 -0.029208841 0.004113120 0.999564886 16.983690262
0.999477208 0.002062027 0.032264750 0.900233984 -0.001941189 0.999991000 -0.003776064 -1.939036727 -0.032272242 0.003711457 0.999472260 18.270467758
0.999401391 0.000642634 0.034589816 0.999574423 -0.000521609 0.999993682 -0.003507764 -2.079926729 -0.034591857 0.003487623 0.999395370 19.569953918
0.999341667 -0.001941181 0.036224756 1.098070621 0.002109605 0.999987185 -0.004611756 -2.222501040 -0.036215339 0.004685140 0.999332964 20.845691681
0.999300420 -0.001595585 0.037365112 1.195009232 0.001839451 0.999977231 -0.006493090 -2.363996744 -0.037353892 0.006557278 0.999280512 22.155229568
0.999255538 -0.001521635 0.038551114 1.277983189 0.001876802 0.999956131 -0.009178358 -2.507649183 -0.038535461 0.009243878 0.999214411 23.440452576
0.999214649 -0.000994686 0.039611995 1.380574465 0.001413268 0.999943435 -0.010540460 -2.651566505 -0.039599273 0.010588164 0.999159455 24.727411270
0.999179602 -0.000285790 0.040496789 1.481800795 0.000734813 0.999938428 -0.011073422 -2.799872875 -0.040491130 0.011094095 0.999118268 25.998231888
0.999151945 -0.001828458 0.041132756 1.579046011 0.002242554 0.999947190 -0.010023401 -2.946380615 -0.041112266 0.010107144 0.999103367 27.286300659
0.999153793 -0.004784510 0.040850341 1.686613560 0.005154531 0.999946535 -0.008957443 -3.090172529 -0.040805303 0.009160428 0.999125123 28.563919067
0.999166071 -0.006326477 0.040336151 1.777199507 0.006707567 0.999934077 -0.009319515 -3.238966942 -0.040274527 0.009582303 0.999142706 29.851778030
0.999182284 -0.007960331 0.039639041 1.881024361 0.008443135 0.999892056 -0.012027542 -3.382502079 -0.039539017 0.012352385 0.999141693 31.118070602
0.999212682 -0.008075028 0.038843010 1.987181902 0.008545293 0.999891996 -0.011956079 -3.532663584 -0.038742270 0.012278590 0.999173820 32.399951935
0.999231160 -0.008744886 0.038216557 2.085665703 0.009223906 0.999880910 -0.012376069 -3.675109625 -0.038103774 0.012719058 0.999192894 33.667613983
0.999244153 -0.009126266 0.037787076 2.178986073 0.009596222 0.999878585 -0.012274336 -3.822180033 -0.037670478 0.012627671 0.999210417 34.930820465
0.999255419 -0.009601358 0.037370250 2.273927212 0.010087431 0.999866664 -0.012840205 -3.964844227 -0.037241988 0.013207613 0.999219000 36.177570343
0.999300718 -0.010248740 0.035957567 2.389008045 0.010724423 0.999857128 -0.013061173 -4.121876240 -0.035818577 0.013437664 0.999267876 37.478244781
0.999294996 -0.009897201 0.036214352 2.476255417 0.010316578 0.999881685 -0.011411913 -4.265476704 -0.036097120 0.011777475 0.999278843 38.740001678
0.999260843 -0.009885491 0.037147928 2.580705643 0.010272061 0.999894857 -0.010229892 -4.406462669 -0.037042890 0.010603917 0.999257326 40.006675720
0.999186337 -0.011579902 0.038632821 2.694734097 0.011920709 0.999891937 -0.008603103 -4.548099041 -0.038529012 0.009056634 0.999216378 41.257301331
0.999067366 -0.012679213 0.041274276 2.784787178 0.013086250 0.999868214 -0.009606581 -4.694149017 -0.041147038 0.010137748 0.999101698 42.518657684
0.998942018 -0.013844588 0.043853514 2.878602743 0.014418480 0.999814153 -0.012797395 -4.842566967 -0.043668192 0.013416156 0.998955965 43.770599365
0.998846591 -0.015013755 0.045606162 2.986651897 0.015659191 0.999781787 -0.013828223 -4.989406586 -0.045388598 0.014526430 0.998863757 45.021659851
0.998721719 -0.015160190 0.048217852 3.113637686 0.015794573 0.999793291 -0.012802925 -5.120727539 -0.048013791 0.013548139 0.998754740 46.255790710
0.998528779 -0.016610675 0.051617749 3.221494198 0.017110694 0.999810815 -0.009260239 -5.278232574 -0.051454157 0.010129833 0.998623908 47.516021729
0.998248875 -0.019658223 0.055791568 3.328194857 0.020082878 0.999773443 -0.007061050 -5.418614388 -0.055640120 0.008169142 0.998417377 48.727794647
0.998010337 -0.021690289 0.059202157 3.466083765 0.022172641 0.999725997 -0.007502774 -5.558284283 -0.059023201 0.008800514 0.998217762 49.988616943
0.997744501 -0.025004454 0.062295970 3.614065647 0.025761668 0.999603271 -0.011381499 -5.692209244 -0.061986674 0.012960675 0.997992814 51.221652985
0.997436762 -0.026280560 0.066552684 3.741107941 0.027092226 0.999568820 -0.011322603 -5.829013348 -0.066226415 0.013096639 0.997718811 52.453517914
0.997092009 -0.028739005 0.070579380 3.873130798 0.029418441 0.999530017 -0.008605714 -5.972103596 -0.070298888 0.010657026 0.997469068 53.673221588
0.996806085 -0.031454943 0.073404461 4.029889107 0.031932209 0.999475777 -0.005336939 -6.105086803 -0.073198110 0.007663860 0.997287989 54.886577606
0.996574879 -0.033883106 0.075434744 4.183999062 0.034258578 0.999406159 -0.003688523 -6.233036041 -0.075264983 0.006260177 0.997143984 56.095264435
0.996376932 -0.036847413 0.076650031 4.336349010 0.037013918 0.999314487 -0.000752242 -6.357881546 -0.076569788 0.003586635 0.997057736 57.322086334
0.996199667 -0.039789356 0.077479139 4.484094620 0.039835338 0.999205828 0.000952556 -6.488453388 -0.077455506 0.002137472 0.996993482 58.527111053
0.996170402 -0.041999146 0.076684855 4.638862133 0.042317435 0.999101043 -0.002529784 -6.611443996 -0.076509677 0.005765204 0.997052133 59.743568420
0.996194363 -0.043172967 0.075715393 4.790635109 0.043812312 0.999016643 -0.006802693 -6.739903450 -0.075347245 0.010094071 0.997106194 60.930786133
0.996183276 -0.044472259 0.075107016 4.918533325 0.045397930 0.998912096 -0.010662002 -6.868911743 -0.074551143 0.014031012 0.997118473 62.136093140
0.996231914 -0.045939390 0.073563434 5.066726685 0.047027338 0.998807371 -0.013125191 -7.000828266 -0.072872743 0.016535224 0.997204125 63.331367493
0.996361375 -0.046709985 0.071288891 5.203850746 0.047771808 0.998770237 -0.013262176 -7.136327744 -0.070581749 0.016619522 0.997367501 64.517326355
0.996586561 -0.045839474 0.068659760 5.336885452 0.046815678 0.998823166 -0.012676135 -7.269560337 -0.067997888 0.015847217 0.997559607 65.696090698
0.996825159 -0.044967245 0.065708332 5.451836586 0.045772497 0.998893440 -0.010800598 -7.407622814 -0.065149955 0.013773941 0.997780442 66.892379761
0.997219503 -0.041189134 0.062102482 5.571882248 0.041708328 0.999104738 -0.007086698 -7.538362503 -0.061754987 0.009657186 0.998044610 68.065811157
0.997445881 -0.039283581 0.059654813 5.680385590 0.039640453 0.999202430 -0.004810218 -7.662629604 -0.059418276 0.007162677 0.998207450 69.230819702
0.997725010 -0.038791567 0.055136006 5.818471432 0.039280362 0.999197721 -0.007809077 -7.806245804 -0.054788828 0.009957075 0.998448312 70.441543579
0.997910857 -0.039137945 0.051400989 5.929217339 0.039928533 0.999098122 -0.014444657 -7.935427189 -0.050789289 0.016466845 0.998573601 71.600990295
0.997954726 -0.042784773 0.047495015 6.046030998 0.043661494 0.998891890 -0.017577300 -8.071111679 -0.046690330 0.019615052 0.998716950 72.783180237
0.997968197 -0.045914881 0.044172674 6.144428253 0.046520665 0.998835564 -0.012784621 -8.204773903 -0.043534230 0.014813589 0.998942077 73.950706482
0.997972190 -0.050210867 0.039120488 6.258568764 0.050572574 0.998685777 -0.008311261 -8.330044746 -0.038651761 0.010272833 0.999199867 75.129226685
0.998047948 -0.052001398 0.034584235 6.355437279 0.052237500 0.998616934 -0.005958132 -8.447376251 -0.034226567 0.007753096 0.999383986 76.303230286
0.998247504 -0.050680865 0.030551238 6.443297386 0.050806317 0.998702943 -0.003343531 -8.577233315 -0.030342154 0.004889868 0.999527633 77.465675354
0.998351753 -0.050624948 0.027034661 6.528646469 0.050720498 0.998708844 -0.002859995 -8.700723648 -0.026854968 0.004226492 0.999630451 78.620880127
0.998558342 -0.048225965 0.023572747 6.612179279 0.048349723 0.998819351 -0.004707913 -8.828763008 -0.023317875 0.005840861 0.999711037 79.790184021
0.998668790 -0.047174335 0.020859178 6.672981262 0.047392666 0.998825252 -0.010099465 -8.954984665 -0.020358242 0.011074593 0.999731421 80.941864014
0.998572707 -0.050641071 0.016965169 6.758658409 0.050896004 0.998592079 -0.014947996 -9.087390900 -0.016184302 0.015790122 0.999744356 82.087646484
0.998418033 -0.054585826 0.013478704 6.825600624 0.054800384 0.998367608 -0.016098030 -9.218154907 -0.012577981 0.016811205 0.999779522 83.249748230
0.998483539 -0.054177128 0.009762944 6.891501427 0.054300111 0.998442471 -0.012805634 -9.350109100 -0.009053964 0.013316343 0.999870300 84.404006958
0.998468637 -0.054800909 0.007555971 6.946827888 0.054877810 0.998439074 -0.010376912 -9.476701736 -0.006975512 0.010775676 0.999917567 85.534614563
0.998629928 -0.051916379 0.006557049 7.000391006 0.051992584 0.998574853 -0.012041078 -9.607226372 -0.005922576 0.012365501 0.999906003 86.683105469
0.998796523 -0.048753135 0.005339590 7.058518410 0.048829712 0.998689950 -0.015298340 -9.738083839 -0.004586753 0.015540659 0.999868631 87.817123413
0.998859406 -0.047572769 0.004081205 7.111598015 0.047637843 0.998708069 -0.017689912 -9.870283127 -0.003234374 0.017864157 0.999835134 88.935409546
0.998809040 -0.048688348 0.003148525 7.167589188 0.048737567 0.998647392 -0.018110598 -10.005029678 -0.002262492 0.018242482 0.999830961 90.046226501
0.998760521 -0.049717851 0.002354548 7.209786415 0.049749278 0.998633206 -0.016013794 -10.137577057 -0.001555159 0.016111085 0.999868989 91.174850464
0.998666704 -0.051610410 0.001015276 7.269267082 0.051619217 0.998583376 -0.012905435 -10.266054153 -0.000347783 0.012940638 0.999916196 92.284515381
0.998693407 -0.051092960 0.000922232 7.319993019 0.051100556 0.998612463 -0.012716775 -10.390074730 -0.000271215 0.012747290 0.999918640 93.422294617
0.998661876 -0.051710777 0.000707734 7.362940311 0.051715583 0.998551726 -0.014832460 -10.525650978 0.000060289 0.014849213 0.999889731 94.575134277
0.998660564 -0.051739454 0.000317798 7.416814804 0.051736537 0.998491108 -0.018405154 -10.654100418 0.000634954 0.018396944 0.999830544 95.675094604
0.998606682 -0.052769635 -0.000272901 7.472953796 0.052754607 0.998422027 -0.019250251 -10.789469719 0.001288299 0.019209035 0.999814570 96.779823303
0.998601735 -0.052865181 0.000292084 7.518832207 0.052861631 0.998432875 -0.018367505 -10.917076111 0.000679376 0.018357262 0.999831259 97.851028442
0.998617470 -0.052562870 0.000603566 7.571144581 0.052566290 0.998536348 -0.012725452 -11.039144516 0.000066204 0.012739587 0.999918818 98.940254211
0.998709619 -0.050745528 0.001923000 7.619910717 0.050761692 0.998664796 -0.009585916 -11.160447121 -0.001433990 0.009671164 0.999952137 100.014045715
0.998789489 -0.049035303 0.003900433 7.673431873 0.049071386 0.998747647 -0.009765401 -11.273033142 -0.003416699 0.009944980 0.999944746 101.064689636
0.998858750 -0.047451559 0.005431373 7.731468201 0.047510106 0.998807847 -0.011211652 -11.401527405 -0.004892888 0.011456905 0.999922395 102.113937378
0.998831928 -0.047684878 0.007808256 7.784841537 0.047788922 0.998763084 -0.013729062 -11.518563271 -0.007143929 0.014086176 0.999875247 103.129356384
0.998744071 -0.049177233 0.009583568 7.850084782 0.049310159 0.998683035 -0.014165788 -11.639506340 -0.008874312 0.014620564 0.999853790 104.141334534
0.998650551 -0.050685998 0.011323202 7.914311409 0.050839033 0.998613417 -0.013661837 -11.759120941 -0.010615038 0.014219061 0.999842525 105.140449524
0.998632133 -0.050663199 0.012925167 7.976774216 0.050818823 0.998635709 -0.012010238 -11.874892235 -0.012299056 0.012650653 0.999844313 106.101638794
0.998568833 -0.051537707 0.014288155 8.034793854 0.051691666 0.998606563 -0.010623725 -11.986454964 -0.013720726 0.011347100 0.999841452 107.059852600
0.998502493 -0.052277848 0.016119758 8.093011856 0.052462637 0.998559356 -0.011261698 -12.091390610 -0.015507799 0.012090520 0.999806583 107.978683472
0.998492777 -0.051878884 0.017909328 8.151839256 0.052051358 0.998601079 -0.009301716 -12.193931580 -0.017401710 0.010219901 0.999796331 108.885200500
0.998505294 -0.050851800 0.020031976 8.205574036 0.051004946 0.998672307 -0.007209375 -12.291084290 -0.019638773 0.008220327 0.999773324 109.755859375
0.998476803 -0.051130831 0.020730315 8.273433685 0.051220506 0.998680055 -0.003817560 -12.395515442 -0.020507753 0.004873563 0.999777794 110.613716125
0.998440027 -0.051221084 0.022224048 8.334403038 0.051315241 0.998675644 -0.003687324 -12.487522125 -0.022005748 0.004822005 0.999746203 111.441444397
0.998455465 -0.050414011 0.023348413 8.385785103 0.050498370 0.998719513 -0.003036949 -12.578135490 -0.023165412 0.004211314 0.999722779 112.253875732
0.998552799 -0.048090801 0.024079164 8.434414864 0.048173200 0.998834908 -0.002853204 -12.657396317 -0.023913903 0.004009045 0.999705970 113.030334473
0.998689055 -0.045541488 0.023368677 8.480827332 0.045550339 0.998961985 0.000153837 -12.733936310 -0.023351429 0.000910815 0.999726892 113.786766052
0.998763502 -0.045501411 0.020026430 8.530343056 0.045486111 0.998964369 0.001219350 -12.818541527 -0.020061165 -0.000306918 0.999798715 114.541984558
0.998873532 -0.045435388 0.013683741 8.564774513 0.045421772 0.998967052 0.001304485 -12.892884254 -0.013728876 -0.000681475 0.999905527 115.238487244
0.999040365 -0.043674342 0.003314372 8.591108322 0.043674644 0.999045789 -0.000015124 -12.966382980 -0.003310548 0.000159863 0.999994457 115.910415649
0.999100864 -0.041044414 -0.010616416 8.590020180 0.041015483 0.999154210 -0.002929364 -13.034807205 0.010727672 0.002491293 0.999939382 116.548599243
0.998786747 -0.039644793 -0.029212130 8.582947731 0.039515149 0.999206424 -0.005002268 -13.108983040 0.029387264 0.003841878 0.999560654 117.164291382
0.997948468 -0.037977215 -0.051542558 8.548149109 0.037640542 0.999263227 -0.007487317 -13.176967621 0.051788930 0.005531867 0.998642743 117.750907898
0.996182680 -0.036567975 -0.079265356 8.507047653 0.035933815 0.999309719 -0.009412672 -13.243745804 0.079554848 0.006528433 0.996809065 118.318054199
0.993215263 -0.034219563 -0.111141533 8.433336258 0.033166066 0.999385715 -0.011314380 -13.313288689 0.111460455 0.007551488 0.993740201 118.861061096
0.988743186 -0.029949492 -0.146594673 8.324436188 0.028412286 0.999517262 -0.012569247 -13.380178452 0.146900356 0.008262667 0.989116728 119.400505066
0.982413709 -0.023829935 -0.185190380 8.209770203 0.021959780 0.999685109 -0.012143424 -13.440399170 0.185421407 0.007863128 0.982627630 119.927970886
0.973790288 -0.018483208 -0.226696104 8.067811966 0.016619777 0.999810517 -0.010126071 -13.495276451 0.226840392 0.006093031 0.973912895 120.427001953
0.962357461 -0.013712992 -0.271440983 7.901161194 0.011834907 0.999893367 -0.008554787 -13.555053711 0.271529347 0.005020285 0.962417126 120.911964417
0.947901726 -0.007713540 -0.318469644 7.706066132 0.005007707 0.999944091 -0.009314210 -13.609607697 0.318523675 0.007234153 0.947887242 121.392311096
0.930588365 0.000084323 -0.366067171 7.472640991 -0.004009956 0.999942243 -0.009963481 -13.664857864 0.366045237 0.010739813 0.930535078 121.852928162
0.909397542 0.004382524 -0.415905058 7.228279114 -0.009837280 0.999891400 -0.010973547 -13.714092255 0.415811718 0.014070692 0.909341931 122.281700134
0.884066880 0.009102819 -0.467271805 6.946689606 -0.015356006 0.999836266 -0.009575601 -13.774238586 0.467108130 0.015640900 0.884061873 122.718627930
0.854975343 0.012337325 -0.518521905 6.660957336 -0.020088742 0.999754667 -0.009336310 -13.819519043 0.518279433 0.018398769 0.855013311 123.112236023
0.823097646 0.021920824 -0.567476630 6.334835052 -0.030750070 0.999509156 -0.005991880 -13.868095398 0.567066669 0.022381850 0.823367715 123.489028931
0.789009392 0.034894098 -0.613389432 5.985034943 -0.043861933 0.999037564 0.000412520 -13.912539482 0.612813413 0.026578967 0.789780438 123.845764160
0.753441036 0.043737631 -0.656059206 5.628250122 -0.055289377 0.998465657 0.003068683 -13.948379517 0.655186772 0.033961032 0.754703224 124.143363953
0.713445067 0.047764637 -0.699081242 5.262046814 -0.062664166 0.998025656 0.004238275 -14.001955986 0.697903514 0.040783580 0.715029597 124.444999695
0.670655191 0.049180422 -0.740137160 4.887229919 -0.065114960 0.997851014 0.007302763 -14.045580864 0.738905728 0.043296374 0.672416329 124.730560303
0.626698732 0.052806336 -0.777470469 4.480361938 -0.068660788 0.997562826 0.012409488 -14.078367233 0.776230931 0.045604724 0.628797174 124.995910645
0.581306875 0.061896328 -0.811326742 4.052196503 -0.079958953 0.996621907 0.018742809 -14.117211342 0.809746146 0.053977523 0.584292412 125.230720520
0.536436319 0.070380554 -0.841000974 3.589851379 -0.091661401 0.995480299 0.024841769 -14.136614799 0.838948309 0.063761301 0.540462971 125.437759399
0.489640385 0.075512514 -0.868648410 3.141700745 -0.097549364 0.994732499 0.031486429 -14.160695076 0.866450489 0.069319092 0.494427353 125.628540039
0.442047775 0.076936036 -0.893685937 2.680191040 -0.096685231 0.994596958 0.037799463 -14.188955307 0.891765475 0.069697045 0.447097957 125.811264038
0.394375950 0.079078436 -0.915540338 2.206176758 -0.094557926 0.994494259 0.045166407 -14.213783264 0.914071321 0.068759046 0.399682105 125.985191345
0.349605799 0.081596486 -0.933337033 1.709377289 -0.096303016 0.994053364 0.050831761 -14.233613014 0.931934297 0.072112098 0.355384797 126.119384766
0.306045115 0.085042208 -0.948211014 1.210315704 -0.101990953 0.993198991 0.056158382 -14.254131317 0.946538031 0.079521954 0.312637180 126.234008789
0.264428288 0.086550735 -0.960513711 0.690170288 -0.106573343 0.992487311 0.060092323 -14.271829605 0.958498716 0.086475059 0.271665692 126.335235596
0.224897146 0.082473680 -0.970885813 0.164176941 -0.106497616 0.992522597 0.059642404 -14.284274101 0.968545079 0.089983620 0.231998771 126.438735962
0.189931676 0.077686444 -0.978718936 -0.371377945 -0.101737566 0.993055344 0.059081048 -14.310092926 0.976511836 0.088351123 0.196516320 126.526374817
0.159606442 0.072593756 -0.984507978 -0.919153214 -0.098955326 0.993445933 0.057210363 -14.331003189 0.982208490 0.088291168 0.165743947 126.604476929
0.133038059 0.071099997 -0.988557398 -1.486980438 -0.100243948 0.993273973 0.057948589 -14.351423264 0.986028314 0.091387540 0.139270589 126.671821594
0.111022934 0.070359610 -0.991324067 -2.079391479 -0.100583680 0.993164182 0.059225384 -14.365075111 0.988714635 0.093135670 0.117341042 126.728843689
0.092878446 0.071652114 -0.993095994 -2.669404030 -0.102910303 0.992756248 0.062003002 -14.379814148 0.990344882 0.096441075 0.099579424 126.780281067
0.076215304 0.069777578 -0.994646847 -3.280355453 -0.103324115 0.992730558 0.061725877 -14.402663231 0.991723359 0.098066561 0.082870983 126.834587097
0.062104996 0.068744808 -0.995699346 -3.899536133 -0.102314085 0.992807984 0.062163513 -14.432512283 0.992811501 0.098013401 0.068691894 126.885681152
0.049772114 0.066284277 -0.996558726 -4.539711952 -0.098076493 0.993297160 0.061169028 -14.455511093 0.993933439 0.094694458 0.055939436 126.928291321
0.037786748 0.063694768 -0.997253776 -5.189392567 -0.095833600 0.993597746 0.059830029 -14.472354889 0.994679868 0.093309633 0.043648925 126.961860657
0.027367750 0.062583126 -0.997664452 -5.859612465 -0.094921589 0.993691206 0.059730001 -14.491960526 0.995108426 0.093065210 0.033135585 126.995300293
0.017698159 0.064141139 -0.997783899 -6.530988693 -0.098334245 0.993213773 0.062103152 -14.514624596 0.994996011 0.097017214 0.023885325 127.015663147
0.009444989 0.064163499 -0.997894645 -7.208589077 -0.101139918 0.992882788 0.062883958 -14.543751717 0.994827390 0.100333042 0.015867257 127.029556274
0.002739337 0.063312776 -0.997989953 -7.900169373 -0.103530914 0.992648661 0.062689736 -14.562657356 0.994622469 0.103151090 0.009274031 127.046928406
-0.002258598 0.064105801 -0.997940540 -8.598945618 -0.104332089 0.992481649 0.063991256 -14.580046654 0.994539917 0.104261748 0.004446674 127.060562134
-0.006024092 0.066656470 -0.997757733 -9.317529678 -0.106494613 0.992058933 0.066918716 -14.601628304 0.994295001 0.106658965 0.001122302 127.084320068
-0.006740320 0.070553921 -0.997485101 -10.055905342 -0.108798660 0.991534472 0.070868202 -14.626590729 0.994040906 0.109002747 0.000992913 127.083763123
-0.007652234 0.073618189 -0.997257113 -10.765680313 -0.111518800 0.991002321 0.074012183 -14.639847755 0.993732870 0.111779287 0.000626430 127.094749451
-0.008296228 0.079214931 -0.996823013 -11.505813599 -0.116343811 0.990010679 0.079641871 -14.648167610 0.993174314 0.116634928 0.001002812 127.101882935
-0.009500719 0.083087645 -0.996496975 -12.246407509 -0.119351521 0.989323795 0.083627477 -14.662484169 0.992806613 0.119727939 0.000517351 127.110939026
-0.010931510 0.083690897 -0.996431828 -12.992500305 -0.119135208 0.989284515 0.084397569 -14.683325768 0.992817879 0.119632721 -0.000843841 127.131088257
-0.012450081 0.080623977 -0.996666849 -13.736536980 -0.116810650 0.989802301 0.081527829 -14.702145576 0.993076146 0.117436342 -0.002905380 127.151382446
-0.013949361 0.076829843 -0.996946752 -14.497144699 -0.120279655 0.989674747 0.077952385 -14.705547333 0.992641985 0.120999798 -0.004564264 127.162338257
-0.015111312 0.078580216 -0.996793270 -15.267180443 -0.125592157 0.988862574 0.079858966 -14.717546463 0.991966844 0.126396194 -0.005073954 127.161300659
-0.016840514 0.082163200 -0.996476591 -16.035438538 -0.122618765 0.988925517 0.083612852 -14.732966423 0.992310941 0.123594806 -0.006579264 127.176757812
-0.018777702 0.082122974 -0.996445298 -16.809896469 -0.121799804 0.989010394 0.083805487 -14.750809669 0.992376983 0.122940503 -0.008568780 127.189666748
-0.020292765 0.081220791 -0.996489525 -17.602945328 -0.124357037 0.988749743 0.083122380 -14.762401581 0.992030025 0.125607267 -0.009964090 127.193069458
-0.020816524 0.081043877 -0.996493161 -18.390316010 -0.129047483 0.988153636 0.083061397 -14.769303322 0.991419971 0.130323976 -0.010111415 127.190765381
-0.021818832 0.085519962 -0.996097565 -19.195463181 -0.130791113 0.987527966 0.087649107 -14.777345657 0.991169810 0.132193118 -0.010361457 127.192474365
-0.022591647 0.089806467 -0.995702982 -20.006769180 -0.129304931 0.987329304 0.091985025 -14.786984444 0.991347492 0.130827397 -0.010692974 127.207145691
-0.021571683 0.092344418 -0.995493531 -20.830059052 -0.131361723 0.986830771 0.094387405 -14.800901413 0.991099775 0.132805839 -0.009157078 127.217338562
-0.019564329 0.091012031 -0.995657563 -21.648059845 -0.130810022 0.987054944 0.092796065 -14.806468010 0.991214454 0.132057458 -0.007405783 127.225196838
-0.018294666 0.090908684 -0.995691121 -22.479778290 -0.130889982 0.987069666 0.092526495 -14.811005592 0.991228223 0.132018700 -0.006159076 127.235633850
-0.018405708 0.090167366 -0.995756447 -23.312604904 -0.129507080 0.987320125 0.091797270 -14.819669724 0.991407573 0.130647078 -0.006495017 127.257156372
-0.017642749 0.092060670 -0.995597064 -24.150928497 -0.130464152 0.987026751 0.093580127 -14.826722145 0.991295934 0.131540745 -0.005403248 127.276176453
-0.017036570 0.094202235 -0.995407283 -24.989862442 -0.132164046 0.986603916 0.095631115 -14.828996658 0.991081417 0.133186266 -0.004358198 127.291038513
-0.017042080 0.096537106 -0.995183468 -25.856462479 -0.134753793 0.986025274 0.097956322 -14.829605103 0.990732670 0.135774091 -0.003795179 127.305969238
-0.015389490 0.097656369 -0.995101213 -26.720655441 -0.136954769 0.985633373 0.098845266 -14.827394485 0.990457773 0.137805015 -0.001793887 127.316719055
-0.013797134 0.100790933 -0.994811952 -27.589895248 -0.143725932 0.984375179 0.101726875 -14.828032494 0.989521325 0.144383818 0.000904712 127.331840515
-0.011304449 0.104579523 -0.994452238 -28.474525452 -0.148649365 0.983289540 0.105095394 -14.822637558 0.988825381 0.149012715 0.004430132 127.342521667
-0.009143409 0.106269106 -0.994295299 -29.349975586 -0.151096195 0.982773185 0.106427096 -14.816731453 0.988476813 0.151207358 0.007070961 127.371429443
-0.005394235 0.107239656 -0.994218588 -30.244497299 -0.149919003 0.982909441 0.106833205 -14.819082260 0.988683581 0.149628505 0.010775217 127.393966675
-0.002598763 0.107081719 -0.994246781 -31.137393951 -0.152511597 0.982576609 0.106223464 -14.812585831 0.988298297 0.151910231 0.013777724 127.420227051
-0.000250631 0.110953599 -0.993825614 -32.040115356 -0.152939424 0.982129514 0.109686397 -14.805720329 0.988235474 0.152022600 0.016723027 127.450981140
0.002365752 0.113234758 -0.993565381 -32.964256287 -0.152272090 0.982022583 0.111556657 -14.804681778 0.988335907 0.151028365 0.019565716 127.488853455
0.004075164 0.114439324 -0.993421853 -33.857341766 -0.152886316 0.981822312 0.112475909 -14.801144600 0.988235354 0.151422262 0.021497296 127.530174255
0.006508330 0.112560950 -0.993623495 -34.759624481 -0.154269695 0.981861889 0.110218078 -14.794130325 0.988007367 0.152568668 0.023755025 127.561294556
0.006819270 0.113905065 -0.993468344 -35.666038513 -0.158462390 0.981061101 0.111394837 -14.786291122 0.987341464 0.156667724 0.024739789 127.600860596
0.007921954 0.114483200 -0.993393600 -36.560039520 -0.159282207 0.980885446 0.111771494 -14.781612396 0.987201214 0.157344505 0.026005669 127.637344360
0.007974369 0.111065656 -0.993781149 -37.456123352 -0.159578979 0.981217563 0.108381063 -14.780500412 0.987152874 0.157722339 0.025548337 127.674102783
0.009062327 0.106815144 -0.994237602 -38.365158081 -0.160920858 0.981474996 0.103977241 -14.778993607 0.986925840 0.159051284 0.026083231 127.714935303
0.009594750 0.105913520 -0.994329035 -39.262779236 -0.160570204 0.981634200 0.103011884 -14.773021698 0.986977816 0.158671260 0.026425088 127.755393982
0.009305771 0.110004090 -0.993887544 -40.166503906 -0.162860394 0.980826259 0.107033610 -14.769954681 0.986605227 0.160868913 0.027042655 127.796974182
0.009761682 0.116289876 -0.993167341 -41.098609924 -0.163674071 0.980005085 0.113139994 -14.757593155 0.986466169 0.161451280 0.028600136 127.833137512
0.009761615 0.114971086 -0.993320942 -41.992404938 -0.161458880 0.980514586 0.111902140 -14.758813858 0.986831188 0.159288123 0.028134506 127.878578186
0.010757853 0.104663022 -0.994449556 -42.883750916 -0.160852641 0.981736660 0.101584926 -14.765109062 0.986919820 0.158866972 0.027396699 127.920822144
0.011073731 0.094146848 -0.995496750 -43.808658600 -0.162368968 0.982514441 0.091112912 -14.770452499 0.986667991 0.160628796 0.026166631 127.962394714
0.009800259 0.091258511 -0.995778918 -44.707664490 -0.159045100 0.983292341 0.088548861 -14.780374527 0.987222672 0.157505944 0.024150737 128.010314941
0.009933120 0.101144187 -0.994822204 -45.628967285 -0.151851386 0.983485520 0.098475374 -14.781915665 0.988353372 0.150086984 0.025127966 128.057556152
0.010005584 0.114152312 -0.993412793 -46.576290131 -0.146954849 0.982843697 0.111457676 -14.776854515 0.989092529 0.144871697 0.026609162 128.115509033
0.010231898 0.123227946 -0.992325723 -47.497734070 -0.147095606 0.981767237 0.120400079 -14.769041061 0.989069343 0.144734815 0.028171631 128.160552979
0.010031865 0.117317177 -0.993043840 -48.412693024 -0.147220954 0.982444823 0.114577778 -14.765061378 0.989052832 0.145047426 0.027127303 128.201034546
0.010052111 0.104071207 -0.994519055 -49.337047577 -0.147252679 0.983880460 0.101469554 -14.766426086 0.989047766 0.145425647 0.025214840 128.240753174
0.010617906 0.095144086 -0.995406926 -50.253124237 -0.147722766 0.984689593 0.092543960 -14.766635895 0.988971710 0.146061659 0.024510292 128.284713745
0.011267398 0.095029756 -0.995410681 -51.188846588 -0.146471024 0.984893084 0.092367724 -14.771928787 0.989150703 0.144758090 0.025016293 128.326019287
0.010486733 0.096677266 -0.995260596 -52.115482330 -0.149495915 0.984280586 0.094035521 -14.790927887 0.988706648 0.147801265 0.024774747 128.366180420
0.011123296 0.096144311 -0.995305240 -53.074645996 -0.154667631 0.983552992 0.093280554 -14.797962189 0.987903953 0.152903914 0.025810767 128.404846191
0.011664630 0.095526285 -0.995358527 -54.006912231 -0.156266406 0.983369827 0.092544422 -14.798576355 0.987645984 0.154461637 0.026398197 128.446533203
0.012525500 0.102988929 -0.994603693 -54.954051971 -0.165534928 0.981170416 0.099513285 -14.796575546 0.986124396 0.163395211 0.029337917 128.481246948
0.014129871 0.112662531 -0.993532777 -55.902240753 -0.171334088 0.979209006 0.108601585 -14.794399261 0.985111713 0.168691516 0.033139035 128.516235352
0.015407301 0.120676339 -0.992572248 -56.874263763 -0.171552405 0.978289008 0.116276860 -14.789581299 0.985054493 0.168486640 0.035775106 128.567535400
0.016292702 0.121481463 -0.992459953 -57.816104889 -0.172861591 0.977987647 0.116872191 -14.781792641 0.984811306 0.169654056 0.036933538 128.613998413
0.017482810 0.111806042 -0.993576169 -58.754276276 -0.174436569 0.978829086 0.107077196 -14.778707504 0.984513164 0.171444058 0.036615744 128.666885376
0.018590046 0.107060015 -0.994078755 -59.696372986 -0.172901735 0.979615211 0.102268934 -14.779264450 0.984763563 0.169976726 0.036721949 128.722351074
0.020317938 0.105461575 -0.994215667 -60.645225525 -0.171297327 0.980084002 0.100461870 -14.788506508 0.985009730 0.168265358 0.037978567 128.784164429
0.024160212 0.111305311 -0.993492544 -61.640895844 -0.173299119 0.979203403 0.105490066 -14.780328751 0.984572768 0.169622704 0.042946886 128.832839966
0.027756786 0.113418691 -0.993159533 -62.601917267 -0.176035061 0.978569567 0.106832705 -14.780570984 0.983992517 0.171865582 0.047127612 128.887237549
0.031870160 0.108408086 -0.993595541 -63.551502228 -0.175455555 0.979270339 0.101217285 -14.784381866 0.983971298 0.171106040 0.050230302 128.948654175
0.034852624 0.102826044 -0.994088650 -64.509468079 -0.175309867 0.979898572 0.095211931 -14.791885376 0.983896136 0.170955136 0.052178457 129.012847900
0.038399443 0.102165826 -0.994025886 -65.477249146 -0.172864199 0.980441093 0.094091788 -14.790090561 0.984196782 0.168218419 0.055309199 129.082977295
0.040614575 0.107378043 -0.993388355 -66.447181702 -0.170574516 0.980359197 0.098995782 -14.811393738 0.984507322 0.165426075 0.058132827 129.169311523
0.044202358 0.114057817 -0.992490232 -67.404266357 -0.169965357 0.979836583 0.105033919 -14.812473297 0.984458208 0.164046243 0.062696956 129.248123169
0.046641942 0.118278988 -0.991884410 -68.369941711 -0.167610466 0.979813755 0.108957961 -14.820764542 0.984749317 0.161168203 0.065525211 129.331008911
0.048980348 0.120078415 -0.991555393 -69.356437683 -0.167502984 0.979674518 0.110365413 -14.819947243 0.984654069 0.160682738 0.068098292 129.409439087
0.051295042 0.117612161 -0.991733909 -70.311958313 -0.166246310 0.980191171 0.107644573 -14.820201874 0.984749198 0.159350470 0.069831550 129.486694336
0.051268339 0.115013368 -0.992040038 -71.241798401 -0.163102210 0.980973661 0.105301291 -14.816065788 0.985276222 0.156405300 0.069051839 129.583358765
0.051162113 0.111761153 -0.992417216 -72.183120728 -0.160038471 0.981794059 0.102314346 -14.827862740 0.985783994 0.153590292 0.068116732 129.677886963
0.051444009 0.112015463 -0.992373943 -73.154312134 -0.159198597 0.981902778 0.102580756 -14.827291489 0.985905349 0.152707383 0.068345711 129.753234863
0.049812209 0.115712956 -0.992032826 -74.106208801 -0.155539230 0.982046127 0.106738083 -14.824484825 0.986573040 0.148983181 0.066915780 129.860855103
0.050793126 0.117605165 -0.991760612 -75.075103760 -0.150166765 0.982652009 0.108834237 -14.826452255 0.987355053 0.143401474 0.067572355 129.938308716
0.049722131 0.113997996 -0.992235959 -76.024230957 -0.147114113 0.983464360 0.105618186 -14.825511932 0.987868965 0.140720353 0.065670654 130.024078369
0.048709359 0.110755980 -0.992653251 -76.974227905 -0.148721799 0.983558416 0.102443442 -14.830580711 0.987678647 0.142639235 0.064380318 130.101715088
0.047583573 0.106726564 -0.993149161 -77.955902100 -0.145015046 0.984479487 0.098846965 -14.827324867 0.988284588 0.139318064 0.062322002 130.172531128
0.046638966 0.108084299 -0.993047059 -78.901039124 -0.145952761 0.984197378 0.100266322 -14.837465286 0.988191605 0.140261680 0.061677154 130.236358643
0.045313753 0.109349869 -0.992969871 -79.849670410 -0.146388799 0.983987510 0.101680301 -14.837953568 0.988188744 0.140752137 0.060595769 130.318252563
0.044837374 0.110438079 -0.992870986 -80.821403503 -0.149063766 0.983483851 0.102662303 -14.844893456 0.987810552 0.143398002 0.060559146 130.379226685
0.042825349 0.110261679 -0.992979527 -81.768157959 -0.148770720 0.983514369 0.102794454 -14.837937355 0.987943947 0.143324107 0.058523051 130.457138062
0.041040976 0.110929884 -0.992980361 -82.721809387 -0.149093464 0.983371079 0.103694171 -14.839522362 0.987971067 0.143791169 0.056897424 130.524078369
0.038979251 0.113621458 -0.992759228 -83.668594360 -0.148939878 0.983076513 0.106665373 -14.838095665 0.988077700 0.143703669 0.055242352 130.597839355
0.037320506 0.117715076 -0.992345810 -84.629791260 -0.150338322 0.982396960 0.110880934 -14.829888344 0.987929940 0.145049483 0.054360636 130.651062012
0.035137605 0.122065745 -0.991899788 -85.579643250 -0.151283517 0.981724799 0.115454420 -14.815011024 0.987865686 0.146001309 0.052961998 130.716690063
0.033211727 0.122682944 -0.991890013 -86.525650024 -0.151557341 0.981578827 0.116332956 -14.815856934 0.987890303 0.146464601 0.051193431 130.780334473
0.031910207 0.116567113 -0.992670059 -87.472717285 -0.151835993 0.982214212 0.110458426 -14.805537224 0.987890422 0.147198305 0.049041741 130.844284058
0.029639237 0.111974023 -0.993269086 -88.412605286 -0.156541631 0.981963694 0.106028326 -14.797238350 0.987226546 0.152345330 0.046633251 130.905197144
0.029398337 0.109480076 -0.993554115 -89.383186340 -0.154967368 0.982464731 0.103672795 -14.787865639 0.987482071 0.150920644 0.045848675 130.951385498
0.028339639 0.110720709 -0.993447483 -90.334091187 -0.150882706 0.982933342 0.105244741 -14.793252945 0.988145292 0.146911427 0.044561818 131.013488770
0.027781302 0.111735687 -0.993349552 -91.285659790 -0.147541702 0.983307421 0.106479771 -14.788123131 0.988665581 0.143602371 0.043803241 131.078750610
0.026627760 0.111790314 -0.993374944 -92.231330872 -0.142674237 0.983978987 0.106908500 -14.791134834 0.989411414 0.138882279 0.042150751 131.144989014
0.025579467 0.108801261 -0.993734419 -93.177307129 -0.138519466 0.984856188 0.104263611 -14.792712212 0.990029275 0.134984553 0.040263183 131.206756592
0.024586145 0.105569214 -0.994107902 -94.138992310 -0.133116126 0.985899091 0.101405255 -14.797773361 0.990795434 0.129838645 0.038292427 131.264251709
0.023700798 0.108017802 -0.993866265 -95.099472046 -0.131207496 0.985882401 0.104021139 -14.800433159 0.991071582 0.127937362 0.037538946 131.319519043
0.022169096 0.110694095 -0.993607223 -96.046012878 -0.131176919 0.985581458 0.106873177 -14.803492546 0.991111100 0.127969056 0.036369953 131.380401611
0.020866768 0.108510643 -0.993876159 -97.000839233 -0.126531422 0.986385882 0.105036288 -14.799843788 0.991743088 0.123564832 0.034312695 131.429687500
0.017647875 0.105567038 -0.994255602 -97.954963684 -0.124274842 0.986930788 0.102583468 -14.803612709 0.992090881 0.121750578 0.030536564 131.489822388
0.014752800 0.103341065 -0.994536579 -98.905136108 -0.123170964 0.987257242 0.100757577 -14.807052612 0.992275834 0.121011585 0.027293425 131.541763306
0.012674979 0.102070339 -0.994696438 -99.867874146 -0.116798088 0.988117814 0.099906966 -14.813665390 0.993074715 0.114912324 0.024445994 131.585403442
0.009600049 0.102370262 -0.994700074 -100.811447144 -0.111214533 0.988683581 0.100677714 -14.812763214 0.993750036 0.109658606 0.020876475 131.645050049
0.007221024 0.109306209 -0.993981898 -101.798301697 -0.100575484 0.989046693 0.108032852 -14.805222511 0.994903207 0.099190116 0.018135460 131.705200195
0.004607107 0.117601767 -0.993050158 -102.756973267 -0.092741415 0.988831103 0.116671853 -14.802823067 0.995679557 0.091559373 0.015462208 131.759857178
0.001181209 0.116557337 -0.993183196 -103.709892273 -0.088704094 0.989280939 0.115993872 -14.794046402 0.996057272 0.087962419 0.011507659 131.809906006
-0.000992181 0.106798939 -0.994280100 -104.667755127 -0.089364938 0.990292966 0.106459841 -14.795886993 0.995998442 0.088959418 0.008561531 131.839233398
-0.003228963 0.097362794 -0.995243788 -105.615119934 -0.091212973 0.991071463 0.097250566 -14.794685364 0.995826125 0.091093168 0.005680618 131.876983643
-0.003327112 0.099068381 -0.995075107 -106.575958252 -0.098643593 0.990194857 0.098912336 -14.798255920 0.995117247 0.098486878 0.006477972 131.892868042
-0.004058098 0.108448282 -0.994093835 -107.543731689 -0.101953812 0.988876820 0.108295374 -14.788757324 0.994780958 0.101791114 0.007043758 131.927413940
-0.005502988 0.119704619 -0.992794275 -108.507171631 -0.105873510 0.987159431 0.119612053 -14.776884079 0.994364262 0.105768844 0.007241223 131.955215454
-0.007354454 0.121452153 -0.992570102 -109.449584961 -0.112773530 0.986163735 0.121503867 -14.767603874 0.993593454 0.112829223 0.006443891 131.990051270
-0.006679044 0.118402071 -0.992943287 -110.439208984 -0.120042801 0.985689759 0.118344605 -14.749228477 0.992746234 0.119986117 0.007629850 132.004867554
-0.007026821 0.114385150 -0.993411660 -111.393127441 -0.128165588 0.985139608 0.114339240 -14.737135887 0.991727829 0.128124624 0.007737838 132.029739380
-0.004877410 0.116255350 -0.993207455 -112.360122681 -0.132627711 0.984369576 0.115872189 -14.717957497 0.991153896 0.132291988 0.010617506 132.053924561
-0.003304232 0.117680475 -0.993045926 -113.342269897 -0.140771434 0.983107865 0.116971180 -14.702720642 0.990036607 0.140179023 0.013317637 132.076934814
-0.002716287 0.120479837 -0.992712021 -114.306327820 -0.150064722 0.981425226 0.119520634 -14.687210083 0.988672435 0.149295717 0.015413944 132.096694946
-0.002458911 0.123087563 -0.992392838 -115.281974792 -0.155787617 0.980232000 0.121965267 -14.668776512 0.987787485 0.154902413 0.016765218 132.122390747
-0.002518203 0.122284107 -0.992491961 -116.255668640 -0.159042105 0.979813278 0.121125512 -14.661096573 0.987268567 0.158153012 0.016980955 132.167282104
-0.001111467 0.112873927 -0.993608773 -117.210044861 -0.158019751 0.981105626 0.111630343 -14.664312363 0.987435222 0.157133892 0.016745843 132.200332642
0.000534299 0.100997955 -0.994886518 -118.161399841 -0.161032289 0.981911123 0.099594250 -14.653761864 0.986948907 0.160155654 0.016788563 132.235626221
