1.000000000 0.000000000 0.000000000 0.000000000 0.000000000 1.000000000 0.000000000 0.000000000 0.000000000 0.000000000 1.000000000 0.000000000
0.999997675 -0.001679287 -0.001353672 0.049255751 0.001676334 0.999996245 -0.002179471 -0.132958740 0.001357327 0.002177197 0.999996722 1.298030972
0.999997735 0.000040686 -0.002116758 0.104673788 -0.000054107 0.999979913 -0.006340586 -0.267427415 0.002116458 0.006340686 0.999977648 2.604363680
0.999996066 0.002530615 -0.001216674 0.147302017 -0.002540105 0.999965847 -0.007862967 -0.406372368 0.001196734 0.007866027 0.999968290 3.907513857
0.999983490 0.005734797 0.000270274 0.193776026 -0.005732893 0.999961913 -0.006584848 -0.544895709 -0.000308027 0.006583191 0.999978304 5.221499920
0.999973774 0.006745853 0.002635376 0.238725901 -0.006737507 0.999972284 -0.003162428 -0.691766858 -0.002656636 0.003144589 0.999991477 6.538696766
0.999957740 0.007010952 0.005955462 0.295595288 -0.006999586 0.999973595 -0.001927287 -0.828704774 -0.005968817 0.001885520 0.999980450 7.841986179
0.999941826 0.005428898 0.009318806 0.352967322 -0.005412595 0.999983788 -0.001773736 -0.962465405 -0.009328286 0.001723194 0.999954939 9.152150154
0.999911547 0.004075368 0.012666043 0.431443214 -0.004055006 0.999990463 -0.001632900 -1.099301457 -0.012672579 0.001581394 0.999918401 10.452618599
0.999868572 0.002848093 0.015961245 0.496766686 -0.002810719 0.999993265 -0.002363466 -1.238148212 -0.015967872 0.002318293 0.999869764 11.764502525
0.999813616 0.001576759 0.019240448 0.574413180 -0.001514887 0.999993622 -0.003229859 -1.372435570 -0.019245418 0.003200110 0.999809682 13.058638573
0.999739766 0.001936131 0.022728706 0.643061638 -0.001868743 0.999993801 -0.002985739 -1.524321675 -0.022734344 0.002942489 0.999737203 14.383282661
0.999657035 0.001768892 0.026126307 0.726693273 -0.001662707 0.999990225 -0.004085435 -1.661350489 -0.026133278 0.004040593 0.999650300 15.677973747
0.999571204 0.002659034 0.029160790 0.813783288 -0.002543031 0.999988735 -0.004014404 -1.800548553 -0.029171132 0.003938526 0.999566674 16.985275269
0.999474108 0.002295689 0.032346427 0.904545605 -0.002180322 0.999991179 -0.003601427 -1.939494729 -0.032354403 0.003529008 0.999470234 18.270149231
0.999408901 0.000387990 0.034375232 1.006094694 -0.000270682 0.999994040 -0.003417165 -2.081806183 -0.034376357 0.003405841 0.999403119 19.566781998
0.999350131 -0.002060613 0.035985339 1.103904843 0.002232642 0.999986291 -0.004741007 -2.221349478 -0.035975073 0.004818268 0.999341130 20.840976715
0.999305248 -0.001689224 0.037229601 1.199515939 0.001929817 0.999977469 -0.006427427 -2.365385771 -0.037217911 0.006494808 0.999286056 22.151153564
0.999255955 -0.001625262 0.038534723 1.282209396 0.001977186 0.999956667 -0.009096312 -2.508293152 -0.038518276 0.009165734 0.999215782 23.436880112
0.999220729 -0.001148609 0.039453868 1.385703564 0.001564429 0.999943674 -0.010510156 -2.651293278 -0.039439559 0.010563690 0.999166071 24.723583221
0.999174476 -0.000639856 0.040618930 1.486480474 0.001094557 0.999936998 -0.011173038 -2.797427654 -0.040609226 0.011208273 0.999112248 25.991561890
0.999162376 -0.002200607 0.040862147 1.588858604 0.002611839 0.999946415 -0.010013210 -2.945085049 -0.040837917 0.010111549 0.999114633 27.282377243
0.999157727 -0.005102644 0.040715382 1.692759275 0.005463706 0.999946713 -0.008761602 -3.092448473 -0.040668502 0.008976680 0.999132395 28.560678482
0.999183059 -0.006672676 0.039858874 1.791801333 0.007049940 0.999931633 -0.009331947 -3.236988544 -0.039793875 0.009605327 0.999161661 29.850515366
0.999208510 -0.008371067 0.038889140 1.900130033 0.008840236 0.999890029 -0.011908052 -3.382482767 -0.038785178 0.012242415 0.999172568 31.118907928
0.999232531 -0.008370416 0.038265411 2.005775452 0.008835958 0.999888897 -0.012013268 -3.531792641 -0.038160607 0.012342163 0.999195397 32.399375916
0.999241829 -0.008992546 0.037878532 2.100489378 0.009465182 0.999879360 -0.012316890 -3.675795555 -0.037763201 0.012666079 0.999206424 33.663230896
0.999261618 -0.009561430 0.037213165 2.195724487 0.010029108 0.999872804 -0.012401246 -3.820082188 -0.037089862 0.012765301 0.999230504 34.932838440
0.999272883 -0.010148244 0.036749724 2.289902210 0.010626592 0.999861062 -0.012844582 -3.965210199 -0.036614258 0.013225769 0.999241948 36.194389343
0.999318480 -0.010825619 0.035290200 2.407070160 0.011293248 0.999850690 -0.013078617 -4.120278358 -0.035143346 0.013468246 0.999291539 37.479549408
0.999311924 -0.010409742 0.035600368 2.499550343 0.010812305 0.999879599 -0.011134043 -4.266223907 -0.035480175 0.011511303 0.999303997 38.733676910
0.999275923 -0.010470755 0.036581401 2.595916510 0.010851697 0.999888778 -0.010230510 -4.404817104 -0.036470227 0.010620072 0.999278247 40.009670258
0.999192238 -0.012276973 0.038264893 2.701211929 0.012609878 0.999884486 -0.008470804 -4.548836708 -0.038156483 0.008946477 0.999231756 41.260051727
0.999081075 -0.013260829 0.040756565 2.798520088 0.013668794 0.999859095 -0.009747530 -4.689564228 -0.040621549 0.010295668 0.999121666 42.522361755
0.998960316 -0.014535033 0.043208923 2.894109488 0.015110621 0.999801040 -0.013024354 -4.836688042 -0.043011013 0.013663724 0.998981178 43.773765564
0.998859823 -0.015820587 0.045041271 3.001587629 0.016470082 0.999765158 -0.014085572 -4.983435154 -0.044807848 0.014811345 0.998885810 45.031829834
0.998735368 -0.015964225 0.047671102 3.129984379 0.016599679 0.999778211 -0.012963934 -5.115526199 -0.047453567 0.013738866 0.998778939 46.270248413
0.998535395 -0.017287470 0.051268738 3.233299732 0.017798437 0.999796212 -0.009526631 -5.269393444 -0.051093608 0.010425180 0.998639464 47.527961731
0.998255730 -0.020151254 0.055492677 3.339990616 0.020598944 0.999759614 -0.007507398 -5.407972813 -0.055328049 0.008637394 0.998430967 48.745464325
0.998024344 -0.022377785 0.058707871 3.479995728 0.022885863 0.999706030 -0.007996175 -5.547102451 -0.058511674 0.009323956 0.998243093 50.005558014
0.997758985 -0.025666546 0.061790887 3.627397537 0.026444582 0.999580503 -0.011806604 -5.682128429 -0.061461937 0.013414178 0.998019218 51.238307953
0.997467637 -0.026726075 0.065908201 3.755961418 0.027571561 0.999548376 -0.011952114 -5.816320419 -0.065558992 0.013739042 0.997754097 52.475330353
0.997124851 -0.029264798 0.069896385 3.888741016 0.029985100 0.999507248 -0.009278124 -5.958178043 -0.069590427 0.011347297 0.997511089 53.694534302
0.996855378 -0.031949192 0.072515368 4.051345825 0.032457925 0.999455988 -0.005847728 -6.092035770 -0.072289087 0.008183040 0.997350156 54.887954712
0.996539891 -0.034230784 0.075739533 4.158881664 0.034675103 0.999388218 -0.004558795 -6.229558468 -0.075537160 0.007169296 0.997117162 56.154682159
0.996355951 -0.037325341 0.076690525 4.315286636 0.037512261 0.999295592 -0.000997731 -6.356820583 -0.076599278 0.003870930 0.997054458 57.363670349
0.996187866 -0.039996337 0.077523381 4.457689762 0.040126327 0.999194622 -0.000119236 -6.478081226 -0.077456176 0.003229511 0.996990442 58.585330963
0.996147096 -0.041855361 0.077065274 4.604354858 0.042235818 0.999102175 -0.003312950 -6.603198528 -0.076857425 0.006555101 0.997020483 59.777263641
0.996178567 -0.042867370 0.076096058 4.761263847 0.043577753 0.999020338 -0.007698861 -6.732775688 -0.075691469 0.010985535 0.997070789 60.989540100
0.996190846 -0.044304114 0.075105339 4.899561882 0.045298833 0.998906255 -0.011592209 -6.863420010 -0.074509598 0.014950237 0.997108221 62.170295715
0.996203661 -0.046553046 0.073560074 5.041804314 0.047702324 0.998764396 -0.013943913 -7.000124931 -0.072820038 0.017399967 0.997193277 63.392147064
0.996339083 -0.046596199 0.071673281 5.178646088 0.047713879 0.998763502 -0.013961056 -7.132925987 -0.070934124 0.017329756 0.997330368 64.567253113
0.996584415 -0.045781255 0.068727896 5.312367439 0.046806756 0.998814285 -0.013384867 -7.277820110 -0.068033621 0.016556079 0.997545779 65.782424927
0.996813715 -0.044998318 0.065858327 5.433010578 0.045838140 0.998884916 -0.011296118 -7.409685612 -0.065276586 0.014278951 0.997765064 66.958915710
0.997225344 -0.041195504 0.062003378 5.556383133 0.041734032 0.999101222 -0.007415061 -7.546926022 -0.061642177 0.009982139 0.998048306 68.148300171
0.997499466 -0.039177608 0.058820833 5.673994064 0.039547060 0.999204576 -0.005129499 -7.673810959 -0.058573086 0.007442863 0.998255312 69.334625244
0.997688115 -0.038005188 0.056338929 5.774598598 0.038531858 0.999222934 -0.008291322 -7.808964252 -0.055980038 0.010442998 0.998377264 70.501266479
0.997885108 -0.038507346 0.052368939 5.891269207 0.039350901 0.999110222 -0.015172816 -7.949880600 -0.051738076 0.017201491 0.998512506 71.686302185
0.997894645 -0.042450499 0.049035057 5.999447823 0.043371160 0.998899281 -0.017866172 -8.087295532 -0.048222650 0.019955263 0.998637199 72.860336304
0.997936606 -0.046219844 0.044566937 6.112408638 0.046842277 0.998817384 -0.013024217 -8.224697113 -0.043912247 0.015084962 0.998921514 74.024948120
0.997927547 -0.049918592 0.040602569 6.214264393 0.050285298 0.998702407 -0.008060511 -8.352285385 -0.040147513 0.010085519 0.999142826 75.185340881
0.998004794 -0.052040558 0.035751518 6.315070152 0.052265301 0.998618722 -0.005380072 -8.476966858 -0.035422154 0.007237901 0.999346256 76.367408752
0.998179972 -0.051291324 0.031714700 6.405197144 0.051407654 0.998673677 -0.002863088 -8.602098465 -0.031525783 0.004488256 0.999492884 77.527381897
0.998308957 -0.051206004 0.027517058 6.501358986 0.051304832 0.998678803 -0.002897047 -8.716403961 -0.027332358 0.004303906 0.999617159 78.683113098
0.998463094 -0.049663879 0.024595395 6.569006920 0.049796898 0.998747706 -0.004824974 -8.846032143 -0.024324967 0.006042333 0.999685824 79.844367981
0.998656392 -0.047227465 0.021329986 6.645228386 0.047446750 0.998824775 -0.009894023 -8.974539757 -0.020837650 0.010892766 0.999723494 80.988754272
0.998573303 -0.050509632 0.017327167 6.728006363 0.050769396 0.998599350 -0.014894562 -9.111581802 -0.016550582 0.015753001 0.999738872 82.149421692
0.998420954 -0.054172438 0.014864995 6.788736820 0.054405317 0.998394847 -0.015736759 -9.242189407 -0.013988636 0.016520649 0.999765635 83.276390076
0.998452365 -0.054474853 0.011193410 6.856558323 0.054612976 0.998430192 -0.012429008 -9.369221687 -0.010498770 0.013021078 0.999860108 84.413848877
0.998454511 -0.055036563 0.007720263 6.930877209 0.055110857 0.998432457 -0.009765971 -9.500534058 -0.007170677 0.010176349 0.999922514 85.544029236
0.998596311 -0.052494209 0.007055275 6.971362114 0.052572392 0.998551965 -0.011394516 -9.629661560 -0.006446914 0.011749432 0.999910116 86.695991516
0.998787940 -0.048773188 0.006633176 7.023426056 0.048865188 0.998700023 -0.014497412 -9.757190704 -0.005917469 0.014803973 0.999872863 87.817504883
0.998862922 -0.047371626 0.005374019 7.087235451 0.047457825 0.998724401 -0.017242802 -9.884987831 -0.004550345 0.017478233 0.999836862 88.915283203
0.998768151 -0.049389035 0.004815735 7.129127026 0.049468208 0.998613477 -0.018008715 -10.021246910 -0.003919626 0.018224752 0.999826252 90.068984985
0.998722196 -0.050414477 0.003521184 7.180052757 0.050462592 0.998609304 -0.015263778 -10.152490616 -0.002746772 0.015421963 0.999877274 91.184616089
0.998674750 -0.051393595 0.002711420 7.231925964 0.051423378 0.998600125 -0.012382034 -10.284151077 -0.002071268 0.012505056 0.999919653 92.298835754
0.998674154 -0.051440302 0.001916117 7.296067238 0.051459581 0.998603761 -0.011944456 -10.406453133 -0.001299015 0.012027223 0.999926805 93.428001404
0.998642743 -0.052047785 0.001886016 7.343303680 0.052069154 0.998545229 -0.014003136 -10.533902168 -0.001154441 0.014082335 0.999900103 94.536201477
0.998636842 -0.052182224 0.001197594 7.402462959 0.052195288 0.998477817 -0.017824061 -10.664103508 -0.000265672 0.017862275 0.999840438 95.643821716
0.998632610 -0.052263223 0.001167003 7.449333191 0.052275978 0.998450041 -0.019093642 -10.799224854 -0.000167299 0.019128546 0.999817014 96.751091003
0.998591900 -0.053043481 0.000760782 7.507988930 0.053048685 0.998439968 -0.017416857 -10.930820465 0.000164256 0.017432690 0.999848008 97.836090088
0.998656750 -0.051777560 0.001932452 7.550399780 0.051797424 0.998582363 -0.012259612 -11.052309990 -0.001294940 0.012343240 0.999922931 98.928916931
0.998747468 -0.049934562 0.003158357 7.601757526 0.049960960 0.998711407 -0.008918557 -11.172234535 -0.002708943 0.009065184 0.999955177 99.996780396
0.998836935 -0.047903590 0.005477952 7.642467976 0.047950983 0.998810172 -0.008875472 -11.291530609 -0.005046268 0.009127823 0.999945581 101.060417175
0.998911917 -0.045988444 0.007741727 7.692615509 0.046068680 0.998882830 -0.010526340 -11.413758278 -0.007248987 0.010871539 0.999914587 102.096153259
0.998855650 -0.046652801 0.010524677 7.743596077 0.046785582 0.998823583 -0.012743870 -11.535695076 -0.009917759 0.013221690 0.999863386 103.116317749
0.998764992 -0.048142556 0.012277218 7.792492867 0.048313227 0.998733997 -0.014006545 -11.646953583 -0.011587366 0.014582399 0.999826550 104.131072998
0.998657048 -0.049873967 0.014022714 7.856719017 0.050057329 0.998661041 -0.013043910 -11.761829376 -0.013353386 0.013728330 0.999816597 105.115318298
0.998613238 -0.050174668 0.015938038 7.914167404 0.050364688 0.998661637 -0.011753190 -11.879714012 -0.015326995 0.012539607 0.999803901 106.090774536
0.998555601 -0.051046435 0.016760528 7.987835884 0.051222239 0.998634815 -0.010232491 -11.987636566 -0.016215315 0.011076221 0.999807298 107.023300171
0.998482764 -0.051696330 0.018965891 8.043364525 0.051905837 0.998594403 -0.010725387 -12.094661713 -0.018384773 0.011693553 0.999762595 107.940170288
0.998488486 -0.050979350 0.020539647 8.103976250 0.051171783 0.998649716 -0.008954172 -12.193300247 -0.020055432 0.009991686 0.999748945 108.838584900
0.998487115 -0.050377268 0.022035778 8.166623116 0.050536159 0.998699605 -0.006713565 -12.292139053 -0.021668913 0.007817010 0.999734640 109.711219788
0.998456359 -0.050357167 0.023429831 8.226152420 0.050456807 0.998719454 -0.003680941 -12.392239571 -0.023214471 0.004857454 0.999718666 110.563713074
0.998411059 -0.050393511 0.025217287 8.286243439 0.050504815 0.998716593 -0.003795990 -12.482864380 -0.024993632 0.005063552 0.999674737 111.388595581
0.998441100 -0.049206201 0.026345931 8.338354111 0.049299821 0.998779774 -0.002915386 -12.570266724 -0.026170332 0.004209690 0.999648631 112.195800781
0.998537481 -0.046923086 0.026853658 8.391963959 0.047012426 0.998890579 -0.002704744 -12.651108742 -0.026696954 0.003963244 0.999635756 112.972473145
0.998672247 -0.044384100 0.026151210 8.436922073 0.044385731 0.999014318 0.000518591 -12.730457306 -0.026148450 0.000642837 0.999657869 113.730278015
0.998752356 -0.044280559 0.023083147 8.483111382 0.044257633 0.999018967 0.001503352 -12.812968254 -0.023127073 -0.000479871 0.999732435 114.468109131
0.998870313 -0.044448055 0.016804775 8.519850731 0.044427153 0.999011219 0.001615727 -12.887589455 -0.016859978 -0.000867314 0.999857545 115.165473938
0.999061525 -0.042913150 0.005873643 8.553167343 0.042910267 0.999078691 0.000616706 -12.962874413 -0.005894696 -0.000364088 0.999982595 115.834770203
0.999163032 -0.040211543 -0.007494908 8.547686577 0.040194172 0.999188781 -0.002455197 -13.031453133 0.007587556 0.002151891 0.999968946 116.479476929
0.998882353 -0.038850594 -0.026924178 8.552244186 0.038737182 0.999238253 -0.004721581 -13.101691246 0.027087105 0.003673337 0.999626338 117.102363586
0.998103440 -0.036969598 -0.049222637 8.517976761 0.036665969 0.999302626 -0.007057558 -13.171595573 0.049449228 0.005239377 0.998762906 117.689491272
0.996419609 -0.035297699 -0.076825030 8.475839615 0.034709424 0.999357045 -0.008979523 -13.237432480 0.077092603 0.006280820 0.997004151 118.259742737
0.993491352 -0.033181757 -0.108967572 8.406486511 0.032166455 0.999421239 -0.011062524 -13.303579330 0.109271601 0.007485420 0.993983746 118.799758911
0.989201367 -0.028390495 -0.143786743 8.291614532 0.026857112 0.999559939 -0.012594406 -13.366018295 0.144081026 0.008596708 0.989528477 119.344627380
0.982862592 -0.022705581 -0.182935685 8.190284729 0.020886341 0.999711454 -0.011865518 -13.428880692 0.183152288 0.007841317 0.983053267 119.849609375
0.974342465 -0.017397737 -0.224397123 8.048835754 0.015596827 0.999830425 -0.009795742 -13.487422943 0.224529505 0.006044525 0.974448562 120.352340698
0.963045239 -0.012694711 -0.269039989 7.875434875 0.010875289 0.999906838 -0.008252044 -13.544274330 0.269119680 0.005021205 0.963093638 120.846893311
0.948915601 -0.006339156 -0.315466255 7.683082581 0.003759190 0.999954402 -0.008786083 -13.600129128 0.315507531 0.007151354 0.948896050 121.308670044
0.931363821 0.000996382 -0.364088178 7.463855743 -0.004873603 0.999940693 -0.009730542 -13.652509689 0.364056945 0.010837098 0.931313574 121.783088684
0.910395741 0.005983599 -0.413695306 7.200336456 -0.011307555 0.999881744 -0.010421820 -13.709197044 0.413584024 0.014165861 0.910355747 122.218887329
0.885273159 0.010252129 -0.464958370 6.935039520 -0.016377097 0.999824107 -0.009136044 -13.762579918 0.464782894 0.015702562 0.885285378 122.631034851
0.856410265 0.013509413 -0.516119182 6.645923615 -0.021223178 0.999733865 -0.009048167 -13.804539680 0.515859544 0.018702632 0.856469035 123.032379150
0.825139344 0.023427825 -0.564443350 6.318164825 -0.031831745 0.999480486 -0.005049163 -13.861268044 0.564031839 0.022133479 0.825456321 123.393249512
0.791204035 0.036555987 -0.610458612 5.973781586 -0.044928484 0.998988926 0.001591307 -13.904124260 0.609899640 0.026167931 0.792046428 123.746566772
0.755368173 0.045350201 -0.653729439 5.616939545 -0.056246761 0.998407781 0.004269307 -13.944560051 0.652882218 0.033545271 0.756716311 124.061782837
0.715345621 0.049166191 -0.697039068 5.251571655 -0.063220218 0.997984350 0.005513011 -13.991965294 0.695905089 0.040123250 0.717011988 124.363296509
0.672905207 0.050863534 -0.737977982 4.873779297 -0.066100918 0.997776747 0.008497271 -14.036340714 0.736769438 0.043063167 0.674771309 124.645767212
0.629145443 0.054637365 -0.775364816 4.467735291 -0.069662422 0.997475684 0.013763387 -14.071436882 0.774159491 0.045354620 0.631363451 124.912696838
0.584138989 0.063293912 -0.809182107 4.042621613 -0.080938235 0.996527970 0.019519681 -14.102766037 0.807608008 0.054091562 0.587233782 125.143218994
0.538449287 0.072061725 -0.839570880 3.600910187 -0.092269018 0.995387793 0.026260033 -14.127660751 0.837591052 0.063326687 0.542615116 125.356803894
0.491139829 0.077079996 -0.867663682 3.148918152 -0.097488843 0.994683385 0.033180516 -14.157669067 0.865608215 0.068291262 0.496043146 125.561943054
0.444623142 0.078199700 -0.892297566 2.679573059 -0.097298458 0.994503558 0.038674004 -14.175685883 0.890417457 0.069623820 0.449787974 125.736373901
0.397878826 0.079997636 -0.913943589 2.206329346 -0.094948374 0.994432271 0.045707729 -14.197341919 0.912511408 0.068591319 0.403259188 125.902503967
0.351578355 0.082829446 -0.932486951 1.713661194 -0.096387461 0.993987203 0.051951043 -14.220094681 0.931183219 0.071615182 0.357448071 126.054199219
0.307951868 0.085932136 -0.947513223 1.209259033 -0.101765655 0.993174255 0.056998305 -14.238497734 0.945943594 0.078871571 0.314594746 126.170585632
0.266558826 0.087723233 -0.959818244 0.686786652 -0.106520064 0.992430210 0.061121296 -14.255805969 0.957914352 0.085947469 0.273885310 126.273666382
0.227636054 0.084180072 -0.970100820 0.159978867 -0.106958568 0.992389500 0.061016131 -14.270909309 0.967854261 0.089871109 0.234907389 126.368003845
0.192957401 0.079477675 -0.977983057 -0.377407074 -0.101848647 0.992952466 0.060599320 -14.291549683 0.975906909 0.087913163 0.199692249 126.456909180
0.162376016 0.074156493 -0.983938396 -0.932077408 -0.099232867 0.993343711 0.058489267 -14.307823181 0.981726527 0.088141777 0.168653980 126.538764954
0.135354847 0.072460450 -0.988143921 -1.492622375 -0.099569164 0.993268132 0.059197333 -14.329513550 0.985781431 0.090376034 0.141658470 126.617790222
0.113201991 0.071643963 -0.990985513 -2.074379921 -0.100642152 0.993093669 0.060299851 -14.344405174 0.988461673 0.092908852 0.119630553 126.683509827
0.095186621 0.072845317 -0.992790520 -2.680896759 -0.103034437 0.992683291 0.062958732 -14.356617928 0.990112841 0.096298777 0.101995736 126.729804993
0.078739390 0.071148627 -0.994352937 -3.283438683 -0.103704728 0.992622733 0.062812798 -14.380546570 0.991486430 0.098173283 0.085536942 126.785827637
0.065236218 0.070252366 -0.995393753 -3.905645370 -0.103122234 0.992652476 0.063300453 -14.406482697 0.992527068 0.098517761 0.072001487 126.829025269
0.052609872 0.067639448 -0.996321797 -4.546752930 -0.097806118 0.993255615 0.062266737 -14.429173470 0.993813872 0.094170511 0.058870602 126.886108398
0.040327422 0.065104201 -0.997063279 -5.193662167 -0.095475957 0.993560076 0.061013822 -14.447595596 0.994614482 0.092735045 0.046283606 126.931015015
0.029627485 0.064708300 -0.997464418 -5.852611542 -0.094888888 0.993577898 0.061637722 -14.467916489 0.995046914 0.092822120 0.035577320 126.965698242
0.020762794 0.066104591 -0.997596622 -6.523359299 -0.098535784 0.993089139 0.063755102 -14.489997864 0.994916856 0.096975237 0.027132977 126.975769043
0.012220528 0.065436035 -0.997781932 -7.222516060 -0.101300038 0.992803633 0.063868858 -14.513402939 0.994780838 0.100294821 0.018761257 126.997581482
0.005754746 0.064931683 -0.997873127 -7.909458637 -0.103901803 0.992527366 0.063984603 -14.534868240 0.994570851 0.103312612 0.012458259 127.016082764
0.000630053 0.066367961 -0.997794926 -8.604560852 -0.104521610 0.992334306 0.065938756 -14.556576729 0.994522333 0.104249604 0.007562107 127.030494690
-0.003006129 0.068382412 -0.997654676 -9.330580711 -0.106096461 0.992006302 0.068314955 -14.573563576 0.994351327 0.106052987 0.004273033 127.053253174
-0.003883373 0.071874082 -0.997406185 -10.048591614 -0.108507149 0.991494238 0.071870513 -14.593490601 0.994088113 0.108504802 0.003948508 127.067115784
-0.004879562 0.075374015 -0.997143388 -10.781723976 -0.111272715 0.990921795 0.075448237 -14.608787537 0.993777931 0.111323029 0.003551808 127.079429626
-0.006523495 0.081113771 -0.996683598 -11.513607025 -0.115954168 0.989919841 0.081322268 -14.620891571 0.993233263 0.116100080 0.002947743 127.095878601
-0.007682928 0.084635325 -0.996382356 -12.251925468 -0.118853174 0.989271402 0.084947743 -14.633301735 0.992882133 0.119075865 0.002458678 127.111763000
-0.009201190 0.085230835 -0.996318698 -12.996769905 -0.118349053 0.989265144 0.085720398 -14.649270058 0.992929459 0.118702099 0.000984573 127.130470276
-0.010362040 0.081869952 -0.996589124 -13.767432213 -0.116366468 0.989772379 0.082519852 -14.666834831 0.993152261 0.116824627 -0.000729147 127.148200989
-0.012052621 0.078500472 -0.996841252 -14.519967079 -0.120073505 0.989586353 0.079380944 -14.672010422 0.992691815 0.120650969 -0.002501282 127.161064148
-0.013144897 0.080264777 -0.996686876 -15.292261124 -0.124880001 0.988837004 0.081279598 -14.682188034 0.992084742 0.125534683 -0.002974695 127.162300110
-0.014614109 0.083259337 -0.996420741 -16.064773560 -0.122094937 0.988921404 0.084423430 -14.694736481 0.992410839 0.122891702 -0.004286659 127.177360535
-0.016744217 0.083246678 -0.996388316 -16.838352203 -0.120840773 0.989054859 0.084664680 -14.709766388 0.992530704 0.121821985 -0.006501359 127.194427490
-0.017666355 0.082648739 -0.996422112 -17.626184464 -0.124138147 0.988685429 0.084207945 -14.720971107 0.992107749 0.125181645 -0.007206607 127.195732117
-0.018669443 0.082352497 -0.996428370 -18.421199799 -0.128356650 0.988157928 0.084073901 -14.733063698 0.991552353 0.129467860 -0.007877869 127.206176758
-0.019950077 0.086562321 -0.996046722 -19.217906952 -0.130250692 0.987529516 0.088430949 -14.738156319 0.991280317 0.131499961 -0.008426491 127.216110229
-0.020762585 0.091463335 -0.995591998 -20.021343231 -0.129497811 0.987171888 0.093390435 -14.751521111 0.991362333 0.130866036 -0.008651939 127.232757568
-0.019482037 0.093625538 -0.995416880 -20.854122162 -0.131033063 0.986779332 0.095377661 -14.754494667 0.991186559 0.132290646 -0.006956429 127.244934082
-0.017485349 0.092718631 -0.995538831 -21.673034668 -0.130414143 0.986973345 0.094211459 -14.763127327 0.991305351 0.131479681 -0.005165752 127.256164551
-0.016141729 0.092528559 -0.995579183 -22.503150940 -0.130477279 0.986999810 0.093846671 -14.764987946 0.991319895 0.131415337 -0.003859010 127.265548706
-0.016298188 0.091462336 -0.995675147 -23.327461243 -0.128821641 0.987315834 0.092803121 -14.770179749 0.991533816 0.129777029 -0.004309129 127.290702820
-0.015284574 0.093447186 -0.995506942 -24.164470673 -0.129782841 0.987015307 0.094642729 -14.776472092 0.991424620 0.130646288 -0.002958265 127.309318542
-0.014901131 0.095559746 -0.995312214 -25.005863190 -0.131367579 0.986606956 0.096690729 -14.777576447 0.991221786 0.132192537 -0.002148108 127.328491211
-0.014928236 0.098214000 -0.995053291 -25.876054764 -0.134675637 0.985898495 0.099330850 -14.780943871 0.990777254 0.135492280 -0.001490690 127.342941284
-0.013374929 0.099364072 -0.994961262 -26.738372803 -0.136862278 0.985503256 0.100259326 -14.777809143 0.990499794 0.137513623 0.000418157 127.356643677
-0.011817940 0.102643177 -0.994648039 -27.606779099 -0.143715560 0.984215617 0.103274137 -14.779341698 0.989548445 0.144166902 0.003120021 127.374298096
-0.009238241 0.106352583 -0.994285703 -28.490345001 -0.148538902 0.983150601 0.106541686 -14.772499084 0.988863409 0.148674309 0.006714913 127.386688232
-0.007107164 0.108203515 -0.994103432 -29.365329742 -0.151104748 0.982596815 0.108031400 -14.766445160 0.988492131 0.150981501 0.009366592 127.417770386
-0.003422588 0.109028332 -0.994032681 -30.257274628 -0.149829894 0.982761562 0.108307965 -14.766622543 0.988705814 0.149306521 0.012972118 127.443908691
-0.000709430 0.108940274 -0.994048059 -31.149953842 -0.152385011 0.982427299 0.107775457 -14.759805679 0.988320947 0.151554495 0.015903903 127.473648071
0.001669802 0.112843193 -0.993611455 -32.050670624 -0.152919605 0.981955349 0.111262426 -14.752792358 0.988237202 0.151756883 0.018895607 127.506248474
0.004067951 0.114862643 -0.993373036 -32.969936371 -0.152041882 0.981903136 0.112913772 -14.746751785 0.988365710 0.150574952 0.021458268 127.547416687
0.005991722 0.116059303 -0.993224084 -33.863460541 -0.152713135 0.981697679 0.113791138 -14.741748810 0.988252401 0.150996551 0.023605835 127.588317871
0.008377999 0.114216551 -0.993420541 -34.765441895 -0.154016018 0.981748343 0.111575678 -14.734420776 0.988032818 0.152067885 0.025816269 127.622337341
0.008828615 0.115623452 -0.993253827 -35.679656982 -0.158789784 0.980851173 0.112768233 -14.724405289 0.987273037 0.156722948 0.027019374 127.662643433
0.010053640 0.116352454 -0.993157089 -36.574806213 -0.159656495 0.980652571 0.113271303 -14.719071388 0.987121344 0.157425195 0.028435554 127.699737549
0.010301806 0.112888984 -0.993554235 -37.469871521 -0.160092756 0.980976164 0.109799907 -14.715772629 0.987048149 0.157929704 0.028178537 127.736038208
0.010804071 0.108581021 -0.994028866 -38.373073578 -0.160921574 0.981318474 0.105443560 -14.717079163 0.986908078 0.158821478 0.028075268 127.786483765
0.011402302 0.107744731 -0.994113147 -39.270496368 -0.160552964 0.981476247 0.104533568 -14.710626602 0.986961365 0.158415914 0.028489823 127.828788757
0.011022178 0.111835636 -0.993665636 -40.168258667 -0.163028955 0.980630517 0.108560152 -14.705047607 0.986559749 0.160799712 0.029041130 127.873565674
0.011520316 0.118122377 -0.992932200 -41.104286194 -0.163703173 0.979823232 0.114663564 -14.693918228 0.986442387 0.161225200 0.030624889 127.908683777
0.011923242 0.116695225 -0.993096173 -42.000007629 -0.161526650 0.980347753 0.113257892 -14.691997528 0.986796379 0.159061104 0.030538313 127.953742981
0.012817583 0.106479511 -0.994232237 -42.889755249 -0.160939917 0.981569946 0.103048563 -14.696801186 0.986880958 0.158690825 0.029718161 127.995925903
0.013001442 0.096015349 -0.995294869 -43.814594269 -0.162468299 0.982354820 0.092644699 -14.703983307 0.986628115 0.160499364 0.028371477 128.039093018
0.011923038 0.092938773 -0.995600402 -44.716030121 -0.159334615 0.983125985 0.089866139 -14.711322784 0.987152636 0.157562166 0.026530216 128.086471558
0.011594180 0.102903306 -0.994623840 -45.637943268 -0.151977152 0.983316064 0.099961855 -14.713516235 0.988316059 0.150001138 0.027039697 128.138565063
0.011806013 0.116298251 -0.993144274 -46.578769684 -0.147264615 0.982585192 0.113311186 -14.711599350 0.989026666 0.144917205 0.028727034 128.196990967
0.012110034 0.125141531 -0.992064953 -47.500740051 -0.147633195 0.981488287 0.122005194 -14.700756073 0.988968074 0.144984230 0.030360896 128.243255615
0.011786785 0.119433858 -0.992772162 -48.417304993 -0.147584870 0.982175171 0.116406783 -14.696851730 0.988979161 0.145146087 0.029203316 128.286010742
0.012133923 0.106135979 -0.994277596 -49.343475342 -0.147488922 0.983664632 0.103203148 -14.695434570 0.988989294 0.145392671 0.027589589 128.321350098
0.012676730 0.097203299 -0.995183766 -50.257286072 -0.148075119 0.984472752 0.094270930 -14.693713188 0.988894820 0.146166921 0.026873289 128.365798950
0.013059767 0.097393319 -0.995160341 -51.179828644 -0.147292674 0.984575450 0.094424471 -14.702793121 0.989006698 0.145346656 0.027203653 128.414077759
0.012330515 0.098878838 -0.995023012 -52.124191284 -0.150212795 0.983989418 0.095920920 -14.719341278 0.988576770 0.148282424 0.026985960 128.460784912
0.012914320 0.098364927 -0.995066583 -53.053161621 -0.154799372 0.983348608 0.095197536 -14.720368385 0.987861514 0.152806252 0.027926110 128.494857788
0.013314156 0.097628601 -0.995133817 -53.990821838 -0.156533763 0.983154893 0.094359078 -14.721282959 0.987582803 0.154515758 0.028372047 128.539703369
0.013923597 0.105738297 -0.994296491 -54.940414429 -0.165209159 0.980969071 0.102007501 -14.728122711 0.986160219 0.162846580 0.031127559 128.580352783
0.015882740 0.114773527 -0.993264735 -55.899703979 -0.171633929 0.978958070 0.110375874 -14.713757515 0.985032737 0.168724850 0.035247568 128.620681763
0.016896298 0.122820318 -0.992285132 -56.847473145 -0.171821922 0.978019834 0.118128903 -14.703343391 0.984983087 0.168500379 0.037628133 128.669433594
0.018030044 0.123653814 -0.992161691 -57.787796021 -0.173447728 0.977664232 0.118695036 -14.696739197 0.984678030 0.169948101 0.039074801 128.713226318
0.019510016 0.114046596 -0.993283808 -58.737907410 -0.175264671 0.978479505 0.108904250 -14.689764023 0.984328032 0.171962872 0.039078485 128.765487671
0.020729844 0.108892828 -0.993837357 -59.675315857 -0.173594013 0.979344010 0.103683941 -14.682700157 0.984599113 0.170374870 0.039204791 128.821609497
0.022931889 0.107009828 -0.993993461 -60.644950867 -0.172095060 0.979835689 0.101515338 -14.679260254 0.984813392 0.168733448 0.040885344 128.876693726
0.025846967 0.113229968 -0.993232548 -61.607540131 -0.173432127 0.979005635 0.107094839 -14.679061890 0.984506547 0.169490397 0.044942044 128.947219849
0.029861446 0.115126736 -0.992901921 -62.568347931 -0.176416919 0.978357852 0.108134650 -14.675575256 0.983862460 0.171935618 0.049525492 128.999511719
0.033816922 0.110331759 -0.993319273 -63.517166138 -0.175769165 0.979053080 0.102763206 -14.679178238 0.983850360 0.171119779 0.052501481 129.064453125
0.036486354 0.104618467 -0.993842900 -64.481979370 -0.175645709 0.979694486 0.096680753 -14.686326981 0.983777046 0.171036690 0.054121260 129.138534546
0.040112074 0.104379892 -0.993728280 -65.432479858 -0.173064440 0.980223119 0.095975548 -14.688801765 0.984093308 0.168129236 0.057383228 129.210006714
0.042587526 0.108884349 -0.993141770 -66.389717102 -0.170355141 0.980278194 0.100168943 -14.699964523 0.984461963 0.164920837 0.060296640 129.296295166
0.045856122 0.115847968 -0.992207825 -67.372833252 -0.170164838 0.979641855 0.106516398 -14.703050613 0.984348059 0.163954481 0.064635821 129.374969482
0.049518324 0.119411916 -0.991609216 -68.326942444 -0.168045327 0.979669571 0.109582387 -14.699406624 0.984534740 0.161208928 0.068578213 129.450820923
0.050952557 0.121118642 -0.991329432 -69.292686462 -0.167486265 0.979597032 0.111076683 -14.701024055 0.984556735 0.160374433 0.070198685 129.542053223
0.052641623 0.118302636 -0.991581261 -70.248619080 -0.165555269 0.980251253 0.108161800 -14.696467400 0.984794557 0.158467695 0.071187638 129.627227783
0.052954711 0.116859920 -0.991735637 -71.207794189 -0.163425073 0.980753541 0.106839612 -14.699540138 0.985133469 0.156416818 0.071033366 129.722518921
0.053294372 0.113116123 -0.992151380 -72.148239136 -0.160351425 0.981639326 0.103304185 -14.706151009 0.985620141 0.153587341 0.070454173 129.815032959
0.053363487 0.113411114 -0.992114067 -73.119903564 -0.159312740 0.981770933 0.103659704 -14.704427719 0.985784888 0.152524740 0.070458546 129.893569946
0.052325081 0.117132574 -0.991736948 -74.074584961 -0.155696079 0.981909871 0.107757241 -14.697854042 0.986418247 0.148771137 0.069615602 129.994003296
0.052415654 0.119013257 -0.991508186 -75.040847778 -0.150265232 0.982508361 0.109989278 -14.699470520 0.987255275 0.143224031 0.069382377 130.077636719
0.051317453 0.115440376 -0.991987944 -75.989349365 -0.147183344 0.983324409 0.106818102 -14.697630882 0.987777054 0.140522435 0.067452610 130.166320801
0.050153002 0.111920245 -0.992450774 -76.940284729 -0.148815930 0.983445704 0.103384398 -14.699674606 0.987592340 0.142507434 0.065978274 130.246093750
0.048932221 0.108097397 -0.992935359 -77.920333862 -0.145317361 0.984318733 0.099998042 -14.697487831 0.988174319 0.139397621 0.063873321 130.321609497
0.048311085 0.109202221 -0.992844880 -78.866477966 -0.146343470 0.984052539 0.101114228 -14.700532913 0.988053441 0.140411407 0.063521691 130.383789062
0.047250185 0.110383801 -0.992765307 -79.816329956 -0.146878898 0.983839691 0.102400765 -14.699111938 0.988025308 0.140977815 0.062699653 130.464401245
0.046556473 0.111529768 -0.992669880 -80.783470154 -0.149451837 0.983340144 0.103472196 -14.706809998 0.987672329 0.143539026 0.062449157 130.529357910
0.044763051 0.111694567 -0.992733896 -81.734329224 -0.149167582 0.983336926 0.103911221 -14.702117920 0.987798154 0.143432364 0.060678374 130.606964111
0.042996868 0.112276606 -0.992746353 -82.687927246 -0.149447501 0.983208120 0.104725145 -14.702136993 0.987834334 0.143860593 0.059054323 130.675506592
0.040922932 0.115748696 -0.992435157 -83.634429932 -0.149426982 0.982805669 0.108464003 -14.703820229 0.987925529 0.143857926 0.057515267 130.750350952
0.039165121 0.119104378 -0.992109001 -84.596511841 -0.150775224 0.982207119 0.111963578 -14.691219330 0.987791955 0.145200387 0.056426257 130.807128906
0.036940623 0.123648249 -0.991638303 -85.545585632 -0.151835129 0.981489122 0.116726562 -14.676737785 0.987715364 0.146253571 0.055030968 130.874877930
0.035095427 0.124191359 -0.991637468 -86.492996216 -0.152048036 0.981361091 0.117523186 -14.676125526 0.987749875 0.146652028 0.053324349 130.939239502
0.033735458 0.118038274 -0.992435813 -87.437309265 -0.152301371 0.982010663 0.111621223 -14.664420128 0.987758160 0.147383735 0.051105972 131.005767822
0.031616315 0.113679737 -0.993014216 -88.375877380 -0.157064855 0.981732488 0.107387446 -14.656305313 0.987082064 0.152572423 0.048893850 131.067321777
0.031420782 0.111080915 -0.993314445 -89.352287292 -0.155389935 0.982264519 0.104929872 -14.645280838 0.987353384 0.151054114 0.048124369 131.113754272
0.030607583 0.112276152 -0.993205488 -90.304214478 -0.151445553 0.982719839 0.106423698 -14.649464607 0.987991631 0.147159189 0.047082394 131.175460815
0.030024329 0.113385990 -0.993097246 -91.254669189 -0.147746384 0.983134985 0.107781723 -14.644328117 0.988569438 0.143490478 0.046270341 131.241104126
0.028782766 0.113567762 -0.993113220 -92.199882507 -0.142809823 0.983800113 0.108363792 -14.646717072 0.989331543 0.138707340 0.044535089 131.310455322
0.027659956 0.110610090 -0.993478835 -93.151596069 -0.138649285 0.984677136 0.105769925 -14.648908615 0.989955187 0.134819552 0.042572133 131.373382568
0.026700534 0.107352570 -0.993862510 -94.092712402 -0.133203238 0.985732853 0.102895908 -14.650487900 0.990729094 0.129638329 0.040619310 131.440124512
0.025636964 0.109826945 -0.993619978 -95.057662964 -0.132094547 0.985603333 0.105532594 -14.653965950 0.990905583 0.128546268 0.039775413 131.501586914
0.024299994 0.112712681 -0.993330479 -96.024902344 -0.131797865 0.985312164 0.108578630 -14.655736923 0.990978718 0.128280386 0.038798369 131.562088013
0.023325352 0.110552900 -0.993596494 -96.958938599 -0.125921592 0.986276448 0.106782325 -14.647687912 0.991765916 0.122624516 0.036926243 131.604614258
0.020645890 0.106704332 -0.994076431 -97.909446716 -0.123404533 0.986957192 0.103377171 -14.639640808 0.992141604 0.120539226 0.033544414 131.662963867
0.017809307 0.104566962 -0.994358361 -98.862449646 -0.122235388 0.987283766 0.101633705 -14.644719124 0.992341340 0.119735755 0.030364625 131.716995239
0.014527671 0.103121437 -0.994562626 -99.817245483 -0.116647907 0.988050759 0.100742348 -14.654731750 0.993067026 0.114550121 0.026382973 131.781402588
0.010972552 0.103509605 -0.994568050 -100.754127502 -0.108988762 0.988825798 0.101709597 -14.649936676 0.993982375 0.107280716 0.022131328 131.848510742
0.009307787 0.111468062 -0.993724406 -101.712417603 -0.099289000 0.988959551 0.110003591 -14.648808479 0.995015204 0.097642012 0.020272579 131.904434204
0.005727963 0.118967205 -0.992881656 -102.680702209 -0.091252863 0.988817394 0.117953792 -14.643492699 0.995811343 0.089927658 0.016520008 131.973114014
0.002934152 0.117645636 -0.993051291 -103.633766174 -0.086473413 0.989365518 0.116953492 -14.627038002 0.996249855 0.085529387 0.013076169 132.018188477
-0.000529827 0.107791185 -0.994173408 -104.581809998 -0.087080345 0.990392029 0.107427604 -14.625728607 0.996201158 0.086629882 0.008861758 132.060195923
-0.002768433 0.098688215 -0.995114565 -105.529670715 -0.089469582 0.991103053 0.098539293 -14.630550385 0.995985746 0.089305289 0.006085792 132.098571777
-0.002623596 0.099330500 -0.995050967 -106.490333557 -0.096318863 0.990402997 0.099120438 -14.622405052 0.995347023 0.096102260 0.006968981 132.117431641
-0.003477662 0.109627470 -0.993966699 -107.450096130 -0.099941909 0.988958001 0.109424725 -14.619377136 0.994987249 0.099719465 0.007517116 132.150817871
-0.005181009 0.120187797 -0.992737651 -108.417770386 -0.102912068 0.987415791 0.120080575 -14.600816727 0.994676948 0.102786809 0.007252964 132.177307129
-0.005874254 0.122441649 -0.992458284 -109.395256042 -0.111281045 0.986230910 0.122332014 -14.594372749 0.993771613 0.111160405 0.007832063 132.201202393
-0.006029359 0.119590439 -0.992805123 -110.355522156 -0.118322000 0.985763133 0.119460776 -14.574252129 0.992956936 0.118190937 0.008206659 132.224563599
-0.006237901 0.115377583 -0.993302107 -111.312149048 -0.126817748 0.985209763 0.115234025 -14.561197281 0.991906464 0.126687109 0.008486286 132.248092651
-0.003848411 0.117855452 -0.993023396 -112.287101746 -0.131522983 0.984344542 0.117335141 -14.547425270 0.991305709 0.131056920 0.011712537 132.267883301
-0.002696088 0.119848199 -0.992788553 -113.258415222 -0.139708832 0.983010292 0.119047180 -14.534855843 0.990188956 0.139022291 0.014093571 132.292007446
-0.002251793 0.122840881 -0.992423832 -114.220848083 -0.149223477 0.981273234 0.121799268 -14.518423080 0.988800883 0.148367196 0.016121121 132.313919067
-0.002517203 0.125653580 -0.992070913 -115.189941406 -0.154810354 0.980064869 0.124525726 -14.500916481 0.987940967 0.153896287 0.016985450 132.346725464
-0.001938868 0.124126099 -0.992264509 -116.167945862 -0.158107996 0.979747415 0.122869216 -14.483152390 0.987420022 0.157123148 0.017725721 132.378799438
-0.000276016 0.114629902 -0.993408263 -117.123565674 -0.157093391 0.981068909 0.113249712 -14.483711243 0.987583637 0.156089127 0.017736811 132.410293579
0.000952940 0.103225566 -0.994657457 -118.075752258 -0.160338938 0.981804788 0.101738103 -14.474325180 0.987061560 0.159385368 0.017486677 132.448623657
