1.000000000 0.000000000 0.000000000 0.000000000 0.000000000 1.000000000 0.000000000 0.000000000 0.000000000 0.000000000 1.000000000 0.000000000
0.999997675 -0.001633059 -0.001410112 0.050663564 0.001630002 0.999996305 -0.002166125 -0.132492483 0.001413644 0.002163822 0.999996662 1.296720266
0.999997616 -0.000009184 -0.002182394 0.105048843 -0.000004749 0.999979615 -0.006384367 -0.267197102 0.002182408 0.006384362 0.999977231 2.605144978
0.999996185 0.002396427 -0.001357338 0.147659212 -0.002407034 0.999966145 -0.007867464 -0.406269401 0.001338438 0.007870701 0.999968112 3.909622908
0.999983907 0.005668080 0.000234956 0.192141980 -0.005666417 0.999962330 -0.006565829 -0.544427395 -0.000272163 0.006564392 0.999978423 5.222288132
0.999975443 0.006603173 0.002353857 0.241706610 -0.006595676 0.999973178 -0.003178894 -0.691596627 -0.002374785 0.003163291 0.999992192 6.537888050
0.999961138 0.006818471 0.005590702 0.299441189 -0.006807931 0.999974966 -0.001902230 -0.828043520 -0.005603533 0.001864095 0.999982595 7.840490818
0.999943793 0.005410421 0.009116567 0.353733271 -0.005394550 0.999983847 -0.001764578 -0.962243497 -0.009125968 0.001715299 0.999956846 9.148346901
0.999913156 0.004063894 0.012534471 0.430763602 -0.004043201 0.999990523 -0.001675796 -1.098889947 -0.012541162 0.001624971 0.999920011 10.447369576
0.999869108 0.002954433 0.015906237 0.493948579 -0.002916354 0.999992847 -0.002416650 -1.237915754 -0.015913265 0.002369945 0.999870479 11.759598732
0.999810815 0.001903876 0.019358380 0.569780231 -0.001842061 0.999993205 -0.003210487 -1.376897931 -0.019364361 0.003174220 0.999807417 13.053806305
0.999742568 0.001784085 0.022616806 0.640099764 -0.001712054 0.999993324 -0.003203811 -1.520496607 -0.022622369 0.003164266 0.999739051 14.374032974
0.999656737 0.001726017 0.026142826 0.722677350 -0.001616572 0.999989808 -0.004206991 -1.659136772 -0.026149821 0.004163285 0.999649346 15.671619415
0.999567866 0.002592777 0.029279489 0.804088712 -0.002469121 0.999987841 -0.004258670 -1.796522498 -0.029290175 0.004184535 0.999562204 16.974887848
0.999469340 0.002195324 0.032500487 0.894130826 -0.002072228 0.999990642 -0.003820712 -1.935991287 -0.032508571 0.003751336 0.999464393 18.262388229
0.999404013 0.000597722 0.034514565 0.999660909 -0.000474781 0.999993503 -0.003570093 -2.078833103 -0.034516484 0.003551579 0.999397814 19.557373047
0.999345899 -0.001848788 0.036114752 1.095925212 0.002020051 0.999986947 -0.004706279 -2.220517874 -0.036105577 0.004776156 0.999336600 20.836080551
0.999301732 -0.001637804 0.037327554 1.198717356 0.001884209 0.999976635 -0.006566908 -2.362770319 -0.037315931 0.006632655 0.999281466 22.144596100
0.999255002 -0.001499167 0.038564082 1.281076074 0.001853226 0.999956429 -0.009146960 -2.506979465 -0.038548686 0.009211614 0.999214292 23.430690765
0.999220848 -0.001004415 0.039454438 1.388088703 0.001429034 0.999941349 -0.010735537 -2.647755861 -0.039441347 0.010783555 0.999163628 24.713159561
0.999186933 -0.000285124 0.040315486 1.490732789 0.000740268 0.999936223 -0.011275092 -2.795662165 -0.040309694 0.011295769 0.999123335 25.982366562
0.999158084 -0.002018207 0.040976007 1.587902546 0.002441417 0.999944150 -0.010280844 -2.941107988 -0.040952966 0.010372229 0.999107361 27.274457932
0.999158323 -0.005031086 0.040710937 1.693991184 0.005408902 0.999943256 -0.009175609 -3.085930347 -0.040662467 0.009388086 0.999128819 28.552345276
0.999180555 -0.006428926 0.039960500 1.789213419 0.006821842 0.999929607 -0.009704091 -3.231978655 -0.039895300 0.009968742 0.999154150 29.840167999
0.999193072 -0.008036681 0.039353043 1.890103936 0.008530522 0.999886811 -0.012397257 -3.376440287 -0.039248947 0.012722955 0.999148488 31.103315353
0.999229491 -0.008251430 0.038369503 2.001812220 0.008733234 0.999884903 -0.012406373 -3.525002241 -0.038262714 0.012731905 0.999186575 32.389938354
0.999250472 -0.008801606 0.037694629 2.101428270 0.009299042 0.999871731 -0.013041510 -3.665982246 -0.037575010 0.013382263 0.999204159 33.655502319
0.999254048 -0.009298620 0.037481636 2.189880371 0.009787450 0.999869168 -0.012879523 -3.813895941 -0.037356973 0.013236768 0.999214292 34.921672821
0.999262571 -0.009849871 0.037111025 2.280860901 0.010352650 0.999856889 -0.013380281 -3.958357334 -0.036973923 0.013754611 0.999221563 36.181118011
0.999307334 -0.010430015 0.035721309 2.396335602 0.010915797 0.999850214 -0.013431309 -4.119076729 -0.035575874 0.013811932 0.999271452 37.469234467
0.999301255 -0.010193661 0.035957105 2.484598637 0.010620917 0.999875009 -0.011711438 -4.264643669 -0.035833228 0.012085152 0.999284625 38.735309601
0.999267101 -0.010205987 0.036891960 2.589437962 0.010601153 0.999888361 -0.010531755 -4.406111717 -0.036780346 0.010915135 0.999263704 39.997974396
0.999191821 -0.011980341 0.038369399 2.706058025 0.012334452 0.999883354 -0.009005563 -4.546931744 -0.038257029 0.009471550 0.999223053 41.247726440
0.999076307 -0.013035262 0.040946338 2.797311068 0.013458579 0.999858558 -0.010079728 -4.693715572 -0.040809158 0.010621496 0.999110520 42.512153625
0.998950362 -0.014210109 0.043547664 2.889382839 0.014800166 0.999802530 -0.013257341 -4.842052460 -0.043350678 0.013887936 0.998963416 43.762752533
0.998858035 -0.015273164 0.045269690 3.000894308 0.015940767 0.999768913 -0.014423082 -4.985501289 -0.045038946 0.015128245 0.998870671 45.018585205
0.998739660 -0.015537368 0.047724802 3.130125046 0.016192945 0.999779403 -0.013380833 -5.117573261 -0.047506373 0.014136774 0.998770893 46.253734589
0.998533547 -0.016658569 0.051508170 3.233665228 0.017184841 0.999804378 -0.009791235 -5.277710915 -0.051334977 0.010662036 0.998624682 47.519241333
0.998256624 -0.019651992 0.055654097 3.350958347 0.020118801 0.999766827 -0.007839774 -5.415366173 -0.055487059 0.008945799 0.998419344 48.749446869
0.998029053 -0.021687036 0.058886651 3.483735085 0.022207774 0.999719739 -0.008202965 -5.556766987 -0.058692243 0.009494537 0.998230994 50.004436493
0.997760653 -0.025035644 0.062023472 3.629609108 0.025824348 0.999595165 -0.011947256 -5.693811417 -0.061699245 0.013522216 0.998003244 51.237033844
0.997455835 -0.026321271 0.066249296 3.754547358 0.027176732 0.999558210 -0.012044773 -5.829700470 -0.065902986 0.013814569 0.997730315 52.470027924
0.997097015 -0.028832253 0.070473380 3.884503841 0.029551592 0.999521077 -0.009185811 -5.972544670 -0.070174783 0.011241744 0.997471273 53.690341949
0.996827960 -0.031485777 0.073093377 4.040004730 0.032017596 0.999468625 -0.006115223 -6.107021332 -0.072861992 0.008436100 0.997306347 54.904273987
0.996604800 -0.034029558 0.074971184 4.194918633 0.034441944 0.999397755 -0.004214229 -6.240257740 -0.074782617 0.006782075 0.997176826 56.121322632
0.996391058 -0.037282612 0.076255240 4.348130703 0.037486438 0.999296486 -0.001242780 -6.362317085 -0.076155253 0.004096833 0.997087538 57.336170197
0.996214032 -0.040343370 0.077006742 4.493278027 0.040453888 0.999181390 0.000124878 -6.489641666 -0.076948747 0.002990816 0.997030616 58.544013977
0.996175289 -0.042508669 0.076341495 4.649459362 0.042861439 0.999076545 -0.002987760 -6.616946697 -0.076143987 0.006248439 0.997077227 59.747764587
0.996200562 -0.043738488 0.075308122 4.802251339 0.044408437 0.998987198 -0.007243953 -6.745628834 -0.074914999 0.010560747 0.997133970 60.936573029
0.996193826 -0.045224916 0.074514978 4.928676605 0.046183348 0.998870313 -0.011188949 -6.876082897 -0.073924772 0.014587713 0.997157097 62.136039734
0.996242821 -0.046724640 0.072918348 5.072722435 0.047849748 0.998759806 -0.013758741 -7.007693291 -0.072185047 0.017196171 0.997242987 63.327697754
0.996360898 -0.047245458 0.070942774 5.205950260 0.048347015 0.998733997 -0.013890397 -7.144121647 -0.070196688 0.017269719 0.997383654 64.515136719
0.996617198 -0.046594396 0.067699373 5.345267296 0.047601499 0.998777330 -0.013339032 -7.278718948 -0.066995077 0.016516501 0.997616589 65.691230774
0.996834874 -0.045636892 0.065096051 5.458908081 0.046471678 0.998854935 -0.011367132 -7.420012474 -0.064502753 0.014356276 0.997814238 66.892181396
0.997227848 -0.041872952 0.061508853 5.577277184 0.042440828 0.999067307 -0.007954561 -7.546953201 -0.061118409 0.010542994 0.998074830 68.064857483
0.997489095 -0.039987661 0.058451198 5.697538376 0.040387277 0.999167979 -0.005670904 -7.674815655 -0.058175810 0.008017350 0.998274148 69.258560181
0.997717917 -0.039071374 0.055067603 5.811244011 0.039598919 0.999179304 -0.008521126 -7.811388493 -0.054689486 0.010682299 0.998446226 70.421997070
0.997893155 -0.039374091 0.051565368 5.926848888 0.040217806 0.999071836 -0.015427719 -7.944067001 -0.050910067 0.017469063 0.998550355 71.598358154
0.997952044 -0.042665817 0.047659133 6.038292408 0.043591429 0.998877168 -0.018553497 -8.087105751 -0.046814024 0.020593030 0.998691320 72.786056519
0.998000145 -0.045810483 0.043555669 6.142202854 0.046437707 0.998829901 -0.013498764 -8.223836899 -0.042886317 0.015494393 0.998959780 73.956024170
0.997960508 -0.050378855 0.039202720 6.250685692 0.050774727 0.998668075 -0.009168195 -8.347543716 -0.038688630 0.011140004 0.999189198 75.124298096
0.998020291 -0.052245818 0.035013814 6.344826698 0.052505847 0.998599112 -0.006547676 -8.467968941 -0.034622684 0.008373144 0.999365389 76.295501709
0.998222709 -0.051317815 0.030296624 6.436409473 0.051465064 0.998666406 -0.004100408 -8.597890854 -0.030045796 0.005652339 0.999532640 77.460586548
0.998345971 -0.051087752 0.026371375 6.524756432 0.051207252 0.998680532 -0.003875518 -8.718814850 -0.026138591 0.005219513 0.999644697 78.616180420
0.998520553 -0.049328499 0.022878949 6.603111267 0.049461618 0.998762071 -0.005289066 -8.853341103 -0.022589725 0.006412871 0.999724150 79.778007507
0.998633444 -0.048109170 0.020414239 6.663969040 0.048335560 0.998773336 -0.010744792 -8.975499153 -0.019872278 0.011716843 0.999733865 80.933822632
0.998540938 -0.051347502 0.016712857 6.745184422 0.051615391 0.998538673 -0.016012542 -9.104446411 -0.015866233 0.016851820 0.999732077 82.084167480
0.998386562 -0.055355240 0.012648284 6.820157051 0.055563830 0.998314023 -0.016782288 -9.238014221 -0.011697973 0.017457999 0.999779165 83.242774963
0.998416007 -0.055605415 0.008572881 6.888497353 0.055719864 0.998351872 -0.013744637 -9.369136810 -0.007794474 0.014200544 0.999868810 84.404693604
0.998405159 -0.056071475 0.006561889 6.937174797 0.056144066 0.998356879 -0.011456906 -9.498212814 -0.005908702 0.011807044 0.999912798 85.534355164
0.998532176 -0.053790085 0.006330418 6.982735157 0.053869072 0.998462737 -0.013048948 -9.624277115 -0.005618782 0.013370809 0.999894798 86.661453247
0.998727858 -0.050052598 0.006120029 7.032394409 0.050143134 0.998619199 -0.015661597 -9.758097649 -0.005327676 0.015948553 0.999858618 87.773620605
0.998786509 -0.049067415 0.004226049 7.098893166 0.049137980 0.998618186 -0.018630153 -9.892012596 -0.003306077 0.018815197 0.999817610 88.892433167
0.998718619 -0.050522506 0.002931857 7.152430058 0.050569721 0.998535037 -0.019246817 -10.024438858 -0.001955164 0.019370416 0.999810457 90.004348755
0.998681843 -0.051284000 0.002090401 7.204699993 0.051312227 0.998537421 -0.017033480 -10.154870987 -0.001213799 0.017118294 0.999852717 91.107666016
0.998584688 -0.053175703 0.001003037 7.260224342 0.053184558 0.998486042 -0.014034607 -10.290114403 -0.000255218 0.014068089 0.999900997 92.299514771
0.998634219 -0.052246336 0.000360639 7.311523914 0.052246474 0.998544216 -0.013398700 -10.416647911 0.000339919 0.013399241 0.999910176 93.412979126
0.998589814 -0.053088859 0.000126579 7.355385780 0.053084087 0.998461783 -0.016000334 -10.543080330 0.000723056 0.015984489 0.999871969 94.530937195
0.998595774 -0.052974675 -0.000193369 7.416013241 0.052960888 0.998406887 -0.019463148 -10.683519363 0.001224115 0.019425573 0.999810696 95.655311584
0.998564839 -0.053555634 -0.000151701 7.462885380 0.053541388 0.998357117 -0.020404082 -10.815230370 0.001244205 0.020366676 0.999791861 96.748291016
0.998544633 -0.053930517 0.000331057 7.507924557 0.053927045 0.998363197 -0.019046215 -10.945034981 0.000696657 0.019036345 0.999818623 97.840118408
0.998550236 -0.053825237 0.000560396 7.568944454 0.053827830 0.998453200 -0.013916844 -11.066470146 0.000189549 0.013926831 0.999903023 98.927536011
0.998628855 -0.052316792 0.001848779 7.618680954 0.052333068 0.998576999 -0.010259428 -11.190431595 -0.001309408 0.010342113 0.999945700 99.994865417
0.998731971 -0.050231501 0.003351218 7.672203064 0.050264057 0.998681247 -0.010466265 -11.310693741 -0.002821061 0.010621438 0.999939561 101.070487976
0.998807251 -0.048480533 0.005798797 7.715606689 0.048549175 0.998744488 -0.012349322 -11.431640625 -0.005192814 0.012616118 0.999906957 102.105697632
0.998774290 -0.048868425 0.007854576 7.779174805 0.048979010 0.998693585 -0.014564364 -11.556475639 -0.007132578 0.014931221 0.999863088 103.125648499
0.998694003 -0.050161794 0.009699916 7.832777977 0.050311007 0.998608530 -0.015805008 -11.671081543 -0.008893610 0.016272375 0.999828041 104.154174805
0.998570979 -0.052210111 0.011403299 7.893880367 0.052376978 0.998516798 -0.014860827 -11.788331985 -0.010610500 0.015436862 0.999824524 105.135643005
0.998541117 -0.052281216 0.013501177 7.948657990 0.052461110 0.998533905 -0.013332416 -11.909445763 -0.012784348 0.014021253 0.999819994 106.107994080
0.998474419 -0.053333085 0.014296668 8.019762039 0.053505056 0.998496294 -0.011928323 -12.017108917 -0.013638996 0.012675068 0.999826670 107.066070557
0.998416066 -0.053836182 0.016341761 8.073881149 0.054041155 0.998462021 -0.012371432 -12.125090599 -0.015650596 0.013234963 0.999790013 107.982528687
0.998387039 -0.053846523 0.017997622 8.132663727 0.054042839 0.998482227 -0.010605290 -12.227688789 -0.017399253 0.011560826 0.999781787 108.892936707
0.998411834 -0.052757300 0.019760963 8.191455841 0.052933920 0.998561621 -0.008523854 -12.325643539 -0.019282848 0.009556341 0.999768436 109.765014648
0.998373449 -0.052954413 0.021125332 8.250791550 0.053078365 0.998576045 -0.005349983 -12.429152489 -0.020811945 0.006462579 0.999762535 110.623733521
0.998328388 -0.053164583 0.022671541 8.311321259 0.053293969 0.998565674 -0.005141215 -12.523273468 -0.022365691 0.006340878 0.999729753 111.450042725
0.998346806 -0.052401166 0.023617648 8.365537643 0.052518789 0.998610258 -0.004387422 -12.614857674 -0.023354918 0.005620540 0.999711394 112.258102417
0.998459220 -0.049995780 0.024077013 8.417598724 0.050108947 0.998735309 -0.004119637 -12.695414543 -0.023840601 0.005319763 0.999701619 113.038536072
0.998605490 -0.047374662 0.023297500 8.468400002 0.047413476 0.998874724 -0.001116167 -12.773983955 -0.023218401 0.002219226 0.999727964 113.801422119
0.998684347 -0.047083672 0.020318188 8.512386322 0.047092207 0.998890579 0.000058297 -12.856381416 -0.020298392 0.000898608 0.999793589 114.527076721
0.998789430 -0.047174364 0.013940476 8.546090126 0.047176212 0.998886585 0.000196446 -12.932941437 -0.013934220 0.000461452 0.999902785 115.230545044
0.998953521 -0.045568489 0.003927452 8.565546989 0.045574713 0.998959720 -0.001508839 -13.006652832 -0.003854611 0.001686253 0.999991179 115.907501221
0.999000967 -0.043350738 -0.010863274 8.581928253 0.043306645 0.999052703 -0.004262380 -13.074229240 0.011037763 0.003787670 0.999931991 116.556739807
0.998699188 -0.041681405 -0.029370831 8.569557190 0.041501120 0.999115825 -0.006721636 -13.147661209 0.029625028 0.005493970 0.999545991 117.161666870
0.997887135 -0.039952163 -0.051234953 8.525111198 0.039542954 0.999177575 -0.008976257 -13.216744423 0.051551435 0.006931311 0.998646259 117.740303040
0.996073961 -0.038639143 -0.079646960 8.487126350 0.037909377 0.999224305 -0.010654911 -13.291491508 0.079996891 0.007593713 0.996766150 118.330101013
0.993099988 -0.036377553 -0.111485884 8.418189049 0.035157517 0.999298632 -0.012890497 -13.358351707 0.111876622 0.008881986 0.993682444 118.868690491
0.988630116 -0.031834371 -0.146959454 8.322504044 0.030051511 0.999445438 -0.014336551 -13.423406601 0.147334367 0.009757191 0.989038646 119.395668030
0.982213855 -0.026215386 -0.185926467 8.210798264 0.024108758 0.999617040 -0.013582703 -13.489308357 0.186211377 0.008858662 0.982469738 119.927848816
0.973708570 -0.020800635 -0.226845354 8.055130005 0.018492220 0.999753356 -0.012296781 -13.538208008 0.227045208 0.007778607 0.973853171 120.437416077
0.962254941 -0.015648825 -0.271699309 7.881809235 0.013277319 0.999856055 -0.010564655 -13.605915070 0.271825582 0.006558451 0.962324202 120.919685364
0.947830021 -0.009798265 -0.318625510 7.688274384 0.006582193 0.999915957 -0.011168739 -13.664059639 0.318708122 0.008488811 0.947814941 121.387992859
0.930326760 -0.001917844 -0.366726577 7.465381622 -0.002589371 0.999926984 -0.011798074 -13.721026421 0.366722405 0.011925656 0.930253923 121.850814819
0.909419000 0.002676766 -0.415872455 7.211101532 -0.008775556 0.999880075 -0.012754427 -13.773835182 0.415788442 0.015248631 0.909333527 122.276031494
0.884166956 0.007322249 -0.467113733 6.944164276 -0.014343773 0.999831200 -0.011477458 -13.831155777 0.466950834 0.016848162 0.884122729 122.696090698
0.855051041 0.010567931 -0.518435955 6.644371033 -0.019095989 0.999755859 -0.011115538 -13.884708405 0.518191874 0.019404400 0.855044246 123.105957031
0.823177695 0.020115213 -0.567427397 6.323753357 -0.029679194 0.999530435 -0.007622975 -13.935428619 0.567007542 0.023115847 0.823388219 123.477066040
0.788974047 0.033489913 -0.613513231 5.987236023 -0.043224908 0.999064803 -0.001050895 -13.980354309 0.612904251 0.027348183 0.789683819 123.825386047
0.753198206 0.042438500 -0.656423211 5.623264313 -0.055085212 0.998480737 0.001346589 -14.021068573 0.655483007 0.035144962 0.754391730 124.140007019
0.713732958 0.046345875 -0.698882878 5.238880157 -0.062524699 0.998040676 0.002331046 -14.071993828 0.697621584 0.042033698 0.715232313 124.437057495
0.671096146 0.047753043 -0.739830792 4.862613678 -0.065254502 0.997855008 0.005215476 -14.113466263 0.738492966 0.044777200 0.672772765 124.722587585
0.627193093 0.051118594 -0.777184486 4.456672668 -0.068550438 0.997594476 0.010295197 -14.148076057 0.775841296 0.046819262 0.629188538 124.987075806
0.582203269 0.060275145 -0.810805976 4.028644562 -0.080114827 0.996648133 0.016563751 -14.186513901 0.809086502 0.055314112 0.585080624 125.216171265
0.536894739 0.069550596 -0.840777516 3.587276459 -0.092142001 0.995468438 0.023507839 -14.213949203 0.838602364 0.064849697 0.540870190 125.417236328
0.489611089 0.074618906 -0.868742228 3.134456635 -0.097627878 0.994757950 0.030421060 -14.242959976 0.866458237 0.069918975 0.494329393 125.617401123
0.442929476 0.075667761 -0.893357813 2.668655396 -0.097465299 0.994590580 0.035918649 -14.263720512 0.891242921 0.071161941 0.447908401 125.790748596
0.395499557 0.077575266 -0.915184200 2.191020966 -0.094650179 0.994564056 0.043400515 -14.292464256 0.913576126 0.069457479 0.400692195 125.969718933
0.349570930 0.080247425 -0.933466911 1.703022003 -0.096607611 0.994101763 0.049281742 -14.313399315 0.931915879 0.072952554 0.355261594 126.113327026
0.305937171 0.083565049 -0.948377252 1.200553894 -0.102605402 0.993232548 0.054417923 -14.331053734 0.946506500 0.080660157 0.312440872 126.226394653
0.264284432 0.084839031 -0.960705996 0.673583984 -0.107218169 0.992533267 0.058154590 -14.348775864 0.958466589 0.087635785 0.271407336 126.336318970
0.225085050 0.081872046 -0.970893264 0.138097763 -0.107635073 0.992453992 0.058736816 -14.372385979 0.968375683 0.091281392 0.232198805 126.429916382
0.190433532 0.076650418 -0.978703141 -0.397035599 -0.102744721 0.993028164 0.057780523 -14.391678810 0.976308703 0.089553222 0.196981281 126.518623352
0.159724087 0.071573079 -0.984563649 -0.944519043 -0.100230142 0.993389666 0.055954527 -14.414792061 0.982060254 0.089745641 0.165842026 126.598144531
0.133853972 0.070243843 -0.988508403 -1.518182755 -0.101592861 0.993202150 0.056820668 -14.436312675 0.985779941 0.092819728 0.140080273 126.657859802
0.111595869 0.069131598 -0.991346121 -2.104879379 -0.102122813 0.993093669 0.057757482 -14.448057175 0.988492548 0.094793558 0.117885061 126.720283508
0.092267215 0.070647389 -0.993224919 -2.688421249 -0.104326732 0.992675841 0.060916718 -14.469511986 0.990253866 0.097999297 0.098961845 126.787239075
0.076426916 0.068878986 -0.994693279 -3.297255516 -0.105160765 0.992603779 0.060654301 -14.492864609 0.991514087 0.099967092 0.083105005 126.831764221
0.062234096 0.067843869 -0.995753050 -3.916367054 -0.103462420 0.992750525 0.061172932 -14.522238731 0.992684424 0.099215984 0.068802223 126.883666992
0.050508820 0.065324031 -0.996585011 -4.554180622 -0.099714488 0.993202448 0.060048588 -14.545290947 0.993733287 0.096340969 0.056679238 126.920127869
0.038243435 0.062666930 -0.997301579 -5.209257603 -0.097298838 0.993522704 0.058698375 -14.563005447 0.994520128 0.094791457 0.044093154 126.957435608
0.027094821 0.061681360 -0.997727990 -5.879671097 -0.096592844 0.993585467 0.058802132 -14.585733414 0.994955122 0.094780162 0.032878995 126.998687744
0.017386219 0.063219629 -0.997848213 -6.551630974 -0.099975251 0.993107319 0.061177332 -14.608735085 0.994837999 0.098696493 0.023586780 127.018974304
0.009172482 0.062887475 -0.997978449 -7.228455067 -0.102747045 0.992797256 0.061616629 -14.635523796 0.994665265 0.101974174 0.015567917 127.032554626
0.002589882 0.062220484 -0.998059094 -7.922103882 -0.104728773 0.992590845 0.061607808 -14.657559395 0.994497478 0.104365945 0.009086967 127.049453735
-0.002642198 0.063019112 -0.998008788 -8.619896889 -0.105581477 0.992416441 0.062945500 -14.676294327 0.994407177 0.105537564 0.004031490 127.065376282
-0.006150734 0.065647073 -0.997823894 -9.340195656 -0.107867964 0.991976917 0.065927304 -14.697860718 0.994146287 0.108038723 0.000979831 127.085845947
-0.006969286 0.069413736 -0.997563601 -10.078241348 -0.109895006 0.991492093 0.069759026 -14.722609520 0.993918777 0.110113427 0.000718230 127.086494446
-0.008005152 0.072899692 -0.997307062 -10.790321350 -0.112548091 0.990936220 0.073337406 -14.741550446 0.993614018 0.112832092 0.000272127 127.099464417
-0.008638890 0.078475192 -0.996878624 -11.530820847 -0.117402747 0.989941418 0.078946501 -14.750080109 0.993046761 0.117718309 0.000661208 127.106124878
-0.009790023 0.082165062 -0.996570706 -12.273962021 -0.120104082 0.989306808 0.082746066 -14.764342308 0.992713034 0.120502286 0.000183025 127.115928650
-0.011388336 0.082713738 -0.996508300 -13.024569511 -0.120285347 0.989222825 0.083483666 -14.784383774 0.992674053 0.120816089 -0.001316352 127.134651184
-0.012892960 0.079684019 -0.996736825 -13.769186020 -0.117863372 0.989749372 0.080649972 -14.804165840 0.992946088 0.118518583 -0.003368973 127.154235840
-0.014484652 0.076173238 -0.996989489 -14.531570435 -0.121412449 0.989582121 0.077371210 -14.809632301 0.992496490 0.122167625 -0.005085374 127.164260864
-0.015471797 0.077652037 -0.996860445 -15.297205925 -0.126998201 0.988752782 0.078991540 -14.822093010 0.991782248 0.127821639 -0.005436111 127.163635254
-0.017199285 0.081274323 -0.996543348 -16.065174103 -0.123938397 0.988830745 0.082784347 -14.838143349 0.992140889 0.124933824 -0.006934171 127.178962708
-0.019051233 0.081171818 -0.996518016 -16.840906143 -0.122991376 0.988938689 0.082905754 -14.855755806 0.992224813 0.124142587 -0.008857070 127.189575195
-0.020589426 0.080215760 -0.996564746 -17.634660721 -0.125965834 0.988624871 0.082179151 -14.868899345 0.991820872 0.127225146 -0.010250776 127.194007874
-0.021167371 0.079946235 -0.996574402 -18.421726227 -0.130591065 0.988036513 0.082035087 -14.876021385 0.991210341 0.131880179 -0.010473872 127.191963196
-0.022309165 0.084546722 -0.996169746 -19.226251602 -0.132512555 0.987376153 0.086768009 -14.885723114 0.990930200 0.133940756 -0.010824034 127.194580078
-0.022848198 0.088671967 -0.995798767 -20.038532257 -0.130901918 0.987218261 0.090911388 -14.895069122 0.991131961 0.132429123 -0.010948825 127.207450867
-0.022076394 0.091315143 -0.995577276 -20.865703583 -0.132597029 0.986755311 0.093446247 -14.912197113 0.990924120 0.134073570 -0.009675877 127.219467163
-0.020086117 0.089939050 -0.995744705 -21.683738708 -0.132017955 0.986986279 0.091811031 -14.917922974 0.991043746 0.133300304 -0.007951150 127.227127075
-0.018531861 0.090308100 -0.995741427 -22.515333176 -0.132089213 0.986962020 0.091970176 -14.926314354 0.991064548 0.133231059 -0.006361520 127.233283997
-0.019066043 0.089348897 -0.995817840 -23.351915359 -0.130731925 0.987225115 0.091080934 -14.936145782 0.991234422 0.131921709 -0.007141725 127.261085510
-0.018139586 0.091304801 -0.995657742 -24.190820694 -0.131645426 0.986933887 0.092903197 -14.943213463 0.991130888 0.132759005 -0.005882710 127.276908875
-0.017714735 0.093662821 -0.995446324 -25.026805878 -0.133271873 0.986497343 0.095192477 -14.947901726 0.990921259 0.134351328 -0.004992915 127.292549133
-0.017603654 0.095666818 -0.995257676 -25.906206131 -0.136118397 0.985915065 0.097176366 -14.948471069 0.990536153 0.137183517 -0.004333694 127.304664612
-0.016134387 0.096778274 -0.995175123 -26.772592545 -0.138302892 0.985521376 0.098081708 -14.946815491 0.990258634 0.139218092 -0.002516070 127.316024780
-0.014353101 0.099879786 -0.994895875 -27.640300751 -0.144998521 0.984273195 0.100905173 -14.947402954 0.989327788 0.145706758 0.000355048 127.329551697
-0.011788406 0.103963725 -0.994511247 -28.523147583 -0.150099874 0.983126998 0.104552835 -14.945771217 0.988600552 0.150508493 0.004015442 127.340324402
-0.009657066 0.105726957 -0.994348347 -29.398797989 -0.152617380 0.982588708 0.105958804 -14.940721512 0.988238156 0.152778074 0.006646848 127.368766785
-0.005836166 0.106501341 -0.994295418 -30.295455933 -0.151272595 0.982775390 0.106155336 -14.941877365 0.988474786 0.151029214 0.010375096 127.390327454
-0.003062885 0.106577568 -0.994299650 -31.188001633 -0.154047891 0.982385337 0.105775028 -14.937541962 0.988058627 0.153493732 0.013409115 127.416221619
-0.000751351 0.110160924 -0.993913472 -32.089370728 -0.154383942 0.981984913 0.108955517 -14.929265022 0.988010705 0.153526157 0.016269263 127.447853088
0.001824611 0.112137422 -0.993691027 -33.007003784 -0.153515592 0.981944978 0.110530019 -14.924526215 0.988144517 0.152345344 0.019006513 127.483764648
0.003617276 0.113521002 -0.993528962 -33.900035858 -0.154246226 0.981708467 0.111608803 -14.923307419 0.988025784 0.152844399 0.021061296 127.523307800
0.005949705 0.111733519 -0.993720412 -34.800136566 -0.155485183 0.981755316 0.109457232 -14.918405533 0.987820268 0.153857589 0.023214065 127.556083679
0.006254374 0.112829514 -0.993594706 -35.707729340 -0.159690499 0.980975389 0.110391304 -14.910467148 0.987147331 0.157977238 0.024153195 127.596527100
0.007156220 0.113290295 -0.993536174 -36.600433350 -0.160297602 0.980842888 0.110688314 -14.906730652 0.987042844 0.158469349 0.025179287 127.634643555
0.007541876 0.109876648 -0.993916631 -37.498046875 -0.160737410 0.981153369 0.107245997 -14.906224251 0.986968279 0.158950806 0.025061024 127.667907715
0.008404256 0.105711669 -0.994361281 -38.405143738 -0.161740750 0.981446207 0.102971643 -14.909702301 0.986797512 0.159963325 0.025346212 127.712097168
0.008842151 0.104880050 -0.994445503 -39.301589966 -0.161350906 0.981602430 0.102090865 -14.905833244 0.986857533 0.159551978 0.025601966 127.753456116
0.008818307 0.108929478 -0.994010389 -40.206142426 -0.163985476 0.980748713 0.106021412 -14.900232315 0.986423433 0.162068278 0.026511395 127.789520264
0.008928602 0.115337282 -0.993286192 -41.137489319 -0.164370000 0.979983568 0.112315096 -14.894992828 0.986358345 0.162263617 0.027707867 127.830398560
0.009070663 0.114102207 -0.993427634 -42.032810211 -0.162187472 0.980481684 0.111134410 -14.896940231 0.986718237 0.160113439 0.027399570 127.874832153
0.010008328 0.103862740 -0.994541228 -42.923248291 -0.161284685 0.981736124 0.100902423 -14.905435562 0.986857176 0.159394369 0.026577007 127.915473938
0.010349995 0.093203321 -0.995593309 -43.845973969 -0.163031086 0.982481658 0.090281025 -14.910617828 0.986566663 0.161378279 0.025363721 127.954399109
0.009378438 0.090161048 -0.995883107 -44.748592377 -0.159968153 0.983235657 0.087509565 -14.919919968 0.987077713 0.158488885 0.023644108 127.997375488
0.009136721 0.100011297 -0.994944274 -45.670696259 -0.152610302 0.983469546 0.097456418 -14.923181534 0.988244295 0.150948316 0.024248438 128.045547485
0.009157832 0.113435529 -0.993503153 -46.619476318 -0.147597656 0.982815444 0.110854723 -14.922517776 0.989005089 0.145623550 0.025743272 128.105987549
0.009294022 0.122629017 -0.992409170 -47.542392731 -0.147803783 0.981719077 0.119923890 -14.915791512 0.988973022 0.145567238 0.027249152 128.149978638
0.009225594 0.116778053 -0.993115187 -48.457725525 -0.147921488 0.982390225 0.114142820 -14.913213730 0.988956094 0.145850047 0.026337123 128.189758301
0.009303026 0.103323676 -0.994604290 -49.384719849 -0.147947013 0.983842790 0.100821890 -14.914860725 0.988951445 0.146210775 0.024439141 128.229202271
0.009893187 0.094493158 -0.995476425 -50.298564911 -0.148513436 0.984622896 0.091986977 -14.915955544 0.988860786 0.146931589 0.023774562 128.270034790
0.010240762 0.094617754 -0.995460927 -51.230751038 -0.147313908 0.984793484 0.092088342 -14.926226616 0.989036739 0.145702198 0.024023544 128.317459106
0.009997011 0.095737904 -0.995356500 -52.186744690 -0.150825322 0.984162331 0.093146347 -14.939469337 0.988510013 0.149193734 0.024278378 128.351303101
0.010324609 0.095221817 -0.995402634 -53.113975525 -0.155264735 0.983534992 0.092476092 -14.943847656 0.987818956 0.153596133 0.024939205 128.385848999
0.010899588 0.094767019 -0.995439827 -54.054122925 -0.157026142 0.983309984 0.091892876 -14.949651718 0.987534344 0.155308485 0.025598573 128.426467896
0.011520147 0.102255456 -0.994691491 -55.011295319 -0.165560305 0.981222689 0.098953389 -14.952238083 0.986132503 0.163541466 0.028233271 128.468368530
0.013693353 0.111810267 -0.993635237 -55.961547852 -0.172078609 0.979165852 0.107810654 -14.945605278 0.984988034 0.169507042 0.032648221 128.494323730
0.015007754 0.119995072 -0.992661059 -56.906383514 -0.172374487 0.978219569 0.115643278 -14.938991547 0.984917104 0.169373870 0.035364971 128.538146973
0.015697282 0.121048085 -0.992522478 -57.847694397 -0.173891038 0.977848530 0.116508238 -14.935756683 0.984639764 0.170761913 0.036398742 128.583694458
0.017387170 0.111368708 -0.993627012 -58.784473419 -0.175588846 0.978672981 0.106620021 -14.930156708 0.984309912 0.172616005 0.036571462 128.632553101
0.018158143 0.106062129 -0.994193673 -59.766716003 -0.173826620 0.979549646 0.101325065 -14.930995941 0.984608829 0.170977414 0.036223222 128.702514648
0.020395901 0.104440942 -0.994321942 -60.717750549 -0.172695100 0.979948103 0.099388763 -14.929346085 0.984764040 0.169687420 0.038023360 128.754684448
0.023797883 0.110499807 -0.993591249 -61.678443909 -0.173861980 0.979184866 0.104733400 -14.926912308 0.984482408 0.170255303 0.042514242 128.807647705
0.027455177 0.112842955 -0.993233442 -62.660797119 -0.176598713 0.978527009 0.106290542 -14.937450409 0.983899891 0.172485501 0.046793550 128.855895996
0.030995216 0.107558616 -0.993715465 -63.611705780 -0.176323563 0.979189694 0.100486591 -14.936080933 0.983844161 0.172100857 0.049315315 128.929870605
0.034329310 0.101913705 -0.994200766 -64.560569763 -0.176275536 0.979808509 0.094351664 -14.944599152 0.983742118 0.172014251 0.051601041 128.994979858
0.037546724 0.101977527 -0.994077861 -65.527854919 -0.173675552 0.980305970 0.094004944 -14.951168060 0.984086990 0.169117436 0.054518286 129.065719604
0.040406108 0.106120445 -0.993531942 -66.491455078 -0.171300277 0.980358064 0.097746663 -14.958736420 0.984389961 0.166242748 0.057790905 129.136459351
0.043352511 0.113109931 -0.992636204 -67.465682983 -0.170845598 0.979774237 0.104182795 -14.967063904 0.984343529 0.165070981 0.061800014 129.226028442
0.046847481 0.117022388 -0.992023766 -68.420387268 -0.168562561 0.979798257 0.107619986 -14.968828201 0.984577000 0.162176356 0.065626666 129.299606323
0.048580796 0.118692473 -0.991741955 -69.386550903 -0.168094039 0.979723990 0.109020010 -14.971713066 0.984573126 0.161409646 0.067547277 129.385482788
0.050658133 0.116040178 -0.991951823 -70.343040466 -0.166387260 0.980326653 0.106182992 -14.969423294 0.984758377 0.159669131 0.068969123 129.465591431
0.050407227 0.114228457 -0.992174983 -71.300804138 -0.163869500 0.980920136 0.104607344 -14.975420952 0.985193431 0.157314196 0.068164013 129.563613892
0.050692923 0.110695980 -0.992560625 -72.242881775 -0.160757333 0.981783450 0.101283699 -14.985308647 0.985691249 0.154427022 0.067564651 129.653549194
0.050860886 0.111064434 -0.992510915 -73.213951111 -0.159795180 0.981898606 0.101688251 -14.987463951 0.985839069 0.153426498 0.067687809 129.728881836
0.049235750 0.115590632 -0.992075920 -74.160430908 -0.156371772 0.981923819 0.106647186 -14.992747307 0.986470342 0.149881810 0.066420861 129.835296631
0.049732633 0.116693981 -0.991921961 -75.138641357 -0.151012927 0.982611418 0.108027212 -14.988890648 0.987279892 0.144420579 0.066490158 129.914703369
0.048851430 0.112917222 -0.992402732 -76.090110779 -0.148015469 0.983436823 0.104610927 -14.986441612 0.987777770 0.141780585 0.064755805 129.996932983
0.047492381 0.109253965 -0.992878616 -77.036666870 -0.149595886 0.983567536 0.101073764 -14.990343094 0.987605870 0.143730342 0.063055910 130.076980591
0.046498872 0.105188616 -0.993364632 -78.021072388 -0.146088660 0.984464228 0.097407803 -14.988121033 0.988178074 0.140589967 0.061143342 130.145736694
0.045596171 0.106801972 -0.993234217 -78.981666565 -0.147003129 0.984161377 0.099077933 -14.998474121 0.988084555 0.141490966 0.060574211 130.210021973
0.044594146 0.108192779 -0.993129313 -79.932273865 -0.147474289 0.983939469 0.100569665 -15.000601768 0.988059998 0.141976193 0.059833601 130.287139893
0.043387406 0.109465256 -0.993043363 -80.898406982 -0.150031865 0.983421087 0.101849481 -15.012067795 0.987728715 0.144569173 0.059091371 130.353576660
0.041946281 0.109220125 -0.993132174 -81.855636597 -0.149892524 0.983444989 0.101823874 -15.003700256 0.987812042 0.144591913 0.057623148 130.426239014
0.040130667 0.109917969 -0.993130147 -82.809501648 -0.150134489 0.983310342 0.102764435 -15.006282806 0.987850726 0.144979089 0.055963375 130.492111206
0.038078170 0.113072529 -0.992856801 -83.755645752 -0.150056973 0.982958078 0.106190197 -15.009465218 0.987943828 0.144941583 0.054396570 130.565261841
0.036243808 0.116549693 -0.992523253 -84.721549988 -0.151150703 0.982389212 0.109840125 -14.998533249 0.987846076 0.146039575 0.053222090 130.618469238
0.034191020 0.120990798 -0.992064536 -85.671638489 -0.152222171 0.981693804 0.114479735 -14.985065460 0.987754703 0.147100061 0.051982600 130.681625366
0.032167032 0.121428244 -0.992078841 -86.617881775 -0.152441040 0.981575549 0.115199946 -14.986271858 0.987788975 0.147527859 0.050085023 130.745483398
0.030966245 0.115481667 -0.992826760 -87.566619873 -0.152738154 0.982183933 0.109479815 -14.977108955 0.987781405 0.148252353 0.048053000 130.805740356
0.028725976 0.111016050 -0.993403256 -88.505088806 -0.157540172 0.981895804 0.105174489 -14.971030235 0.987094641 0.153479695 0.045695402 130.865661621
0.028620085 0.108391151 -0.993696392 -89.480331421 -0.155826718 0.982433796 0.102674581 -14.960674286 0.987369716 0.151905894 0.045007568 130.910308838
0.027683841 0.109570086 -0.993593514 -90.432151794 -0.151789829 0.982909024 0.104162611 -14.966508865 0.988025069 0.147933796 0.043842331 130.970520020
0.026541423 0.110766448 -0.993491948 -91.384506226 -0.148207843 0.983294606 0.105670094 -14.964198112 0.988599956 0.144438654 0.042514488 131.039001465
0.025281316 0.110813774 -0.993519545 -92.330070496 -0.143267810 0.983979821 0.106104121 -14.968057632 0.989360988 0.139656931 0.040752359 131.104827881
0.024077488 0.107690454 -0.993892848 -93.283264160 -0.139399648 0.984830081 0.103331484 -14.969628334 0.989943385 0.136060342 0.038724244 131.167083740
0.023247221 0.104540668 -0.994248867 -94.224182129 -0.134082332 0.985858500 0.100523382 -14.974091530 0.990697563 0.130974308 0.036935519 131.229522705
0.022288082 0.107068717 -0.994001746 -95.190574646 -0.132782578 0.985757411 0.103203364 -14.978637695 0.990894616 0.129685909 0.036187507 131.284469604
0.020783065 0.109909661 -0.993724287 -96.156341553 -0.132322460 0.985497594 0.106232315 -14.984184265 0.990988851 0.129284203 0.035025176 131.343475342
0.019548526 0.107952699 -0.993963957 -97.085578918 -0.126889795 0.986382782 0.104633749 -14.981384277 0.991724193 0.124078445 0.032980420 131.388854980
0.017017448 0.104255758 -0.994404912 -98.036239624 -0.124384694 0.987043858 0.101355381 -14.976297379 0.992088199 0.121963933 0.029764788 131.441528320
0.013911089 0.102088287 -0.994678080 -98.988128662 -0.122938044 0.987401485 0.099622101 -14.984008789 0.992316902 0.120897926 0.026286364 131.494644165
0.010905448 0.100356035 -0.994891822 -99.942176819 -0.117635630 0.988170743 0.098388635 -14.993100166 0.992996931 0.115961760 0.022581894 131.552032471
0.007650904 0.101375587 -0.994818926 -100.880203247 -0.110615499 0.988828361 0.099914409 -14.997723579 0.993833840 0.109277941 0.018779138 131.609970093
0.005964239 0.109294049 -0.993991554 -101.837638855 -0.100891694 0.989002705 0.108140118 -14.997817039 0.994879544 0.099640526 0.016925510 131.662780762
0.002346664 0.116726249 -0.993161440 -102.807060242 -0.092883088 0.988896012 0.116005480 -14.993851662 0.995674253 0.091975667 0.013162499 131.727996826
-0.000272675 0.115190335 -0.993343413 -103.763412476 -0.088130370 0.989475489 0.114766017 -14.977468491 0.996108830 0.087575011 0.009881964 131.768920898
-0.003594954 0.105283841 -0.994435728 -104.711624146 -0.088802107 0.990479708 0.105186045 -14.978310585 0.996042788 0.088686138 0.005788700 131.806625366
-0.005822636 0.096332245 -0.995332181 -105.660102844 -0.091092661 0.991159558 0.096461281 -14.985973358 0.995825350 0.091229126 0.003004001 131.842193604
-0.005812732 0.097003244 -0.995267034 -106.621337891 -0.098162994 0.990421534 0.097104274 -14.980574608 0.995153368 0.098262839 0.003765074 131.858810425
-0.006504826 0.107199334 -0.994216263 -107.581443787 -0.101778060 0.989003241 0.107303143 -14.978732109 0.994785786 0.101887390 0.004477247 131.887573242
-0.008032578 0.117866270 -0.992997050 -108.551162720 -0.105289660 0.987409353 0.118054733 -14.963827133 0.994409144 0.105500586 0.004478658 131.907852173
-0.008560456 0.119703822 -0.992772698 -109.529243469 -0.112651139 0.986373544 0.119903609 -14.954191208 0.993597686 0.112863429 0.005040962 131.929473877
-0.008675808 0.117158346 -0.993075371 -110.488922119 -0.120028093 0.985810459 0.117349863 -14.939887047 0.992732704 0.120215066 0.005509589 131.948928833
-0.008901192 0.112875894 -0.993569195 -111.443489075 -0.128156707 0.985285819 0.113082960 -14.927798271 0.991714001 0.128339157 0.005695586 131.971481323
-0.006307929 0.114959612 -0.993350089 -112.418426514 -0.132940337 0.984456062 0.114774503 -14.912737846 0.991104007 0.132780284 0.009072890 131.987899780
-0.005395724 0.117449276 -0.993064225 -113.385238647 -0.141936526 0.982934237 0.117022403 -14.906478882 0.989861071 0.141583487 0.011366698 132.015060425
-0.004856513 0.120319396 -0.992723405 -114.348548889 -0.151273578 0.981221914 0.119665466 -14.891339302 0.988480031 0.150753960 0.013435828 132.033859253
-0.004988262 0.122843236 -0.992413521 -115.320556641 -0.157040805 0.980015397 0.122097932 -14.873080254 0.987579465 0.156458467 0.014402826 132.060104370
-0.004736679 0.121463634 -0.992584586 -116.294174194 -0.161022052 0.979550123 0.120637000 -14.854668617 0.986939430 0.160399377 0.014918506 132.100372314
-0.003018625 0.111977533 -0.993706167 -117.250099182 -0.159994006 0.980855405 0.111015469 -14.857536316 0.987113357 0.159322143 0.014954903 132.128890991
-0.001779971 0.100483626 -0.994937062 -118.200820923 -0.163282111 0.981556773 0.099424407 -14.849666595 0.986577809 0.162632406 0.014660037 132.163940430
