1.000000000 0.000000000 0.000000000 0.000000000 0.000000000 1.000000000 0.000000000 0.000000000 0.000000000 0.000000000 1.000000000 0.000000000
0.999997795 -0.001601904 -0.001347418 0.048968848 0.001599043 0.999996483 -0.002121644 -0.133044913 0.001350812 0.002119484 0.999996841 1.297984362
0.999997914 -0.000036538 -0.002029408 0.102551840 0.000023766 0.999980211 -0.006293588 -0.267849416 0.002029597 0.006293526 0.999978125 2.602417469
0.999996424 0.002361327 -0.001250955 0.146588236 -0.002371090 0.999966264 -0.007860706 -0.406688541 0.001232351 0.007863644 0.999968350 3.905388594
0.999984384 0.005579025 0.000222845 0.192259103 -0.005577427 0.999962509 -0.006617405 -0.544413209 -0.000259756 0.006616058 0.999978125 5.219573021
0.999975324 0.006537851 0.002574957 0.238127232 -0.006529470 0.999973416 -0.003249907 -0.691070616 -0.002596135 0.003233014 0.999991357 6.535951138
0.999960482 0.006716244 0.005818997 0.296422899 -0.006704821 0.999975622 -0.001980430 -0.828309476 -0.005832156 0.001941337 0.999981105 7.839680672
0.999942303 0.005361097 0.009306941 0.348488301 -0.005343255 0.999983847 -0.001940908 -0.960207462 -0.009317194 0.001891067 0.999954820 9.143595695
0.999908864 0.004126901 0.012850134 0.421376169 -0.004104157 0.999989986 -0.001795730 -1.097028375 -0.012857416 0.001742827 0.999915779 10.439777374
0.999867320 0.002944777 0.016018359 0.490437299 -0.002906308 0.999992788 -0.002424360 -1.236365199 -0.016025387 0.002377485 0.999868691 11.748757362
0.999811709 0.001833712 0.019322187 0.568702698 -0.001770593 0.999993026 -0.003283278 -1.372954607 -0.019328075 0.003248448 0.999807835 13.042537689
0.999738693 0.001825713 0.022785543 0.635957837 -0.001749340 0.999992788 -0.003371296 -1.518118143 -0.022791537 0.003330556 0.999734700 14.362907410
0.999656677 0.001671154 0.026148710 0.721981764 -0.001557995 0.999989331 -0.004347289 -1.656912804 -0.026155693 0.004305057 0.999648631 15.657824516
0.999563813 0.002522398 0.029421814 0.799061775 -0.002395262 0.999987662 -0.004355618 -1.793737173 -0.029432438 0.004283246 0.999557614 16.959440231
0.999464750 0.002062339 0.032648165 0.889388680 -0.001936395 0.999990642 -0.003888765 -1.933485985 -0.032655876 0.003823464 0.999459386 18.246212006
0.999393880 0.000518159 0.034807716 0.986053467 -0.000390945 0.999993205 -0.003661464 -2.076254368 -0.034809377 0.003645638 0.999387324 19.545494080
0.999334693 -0.002014898 0.036415614 1.083984375 0.002201251 0.999984741 -0.005078000 -2.215260029 -0.036404826 0.005154782 0.999323845 20.820489883
0.999299765 -0.001734771 0.037375975 1.184204221 0.001990802 0.999974787 -0.006814010 -2.356257915 -0.037363220 0.006883646 0.999278069 22.123949051
0.999251664 -0.001590670 0.038646650 1.267370224 0.001962108 0.999952197 -0.009575113 -2.499460936 -0.038629573 0.009643777 0.999207020 23.408466339
0.999208808 -0.001085535 0.039756276 1.368226290 0.001522368 0.999938786 -0.010959147 -2.641963720 -0.039741948 0.011010997 0.999149323 24.697721481
0.999161243 -0.000446960 0.040947102 1.467065930 0.000919141 0.999933302 -0.011513395 -2.788973808 -0.040939227 0.011541376 0.999094963 25.969287872
0.999150991 -0.002232983 0.041138187 1.569819808 0.002663655 0.999942183 -0.010417067 -2.936912060 -0.041112553 0.010517802 0.999099076 27.259529114
0.999152660 -0.005162127 0.040834621 1.674228191 0.005543870 0.999941945 -0.009240830 -3.085046530 -0.040784553 0.009459381 0.999123156 28.540784836
0.999167025 -0.006641438 0.040261470 1.767052650 0.007040058 0.999927521 -0.009767117 -3.230543375 -0.040193681 0.010042424 0.999141574 29.827209473
0.999186456 -0.008295137 0.039466731 1.873582125 0.008789561 0.999884903 -0.012370620 -3.376086473 -0.039359570 0.012707449 0.999144316 31.094604492
0.999214113 -0.008431699 0.038728364 1.980319977 0.008923790 0.999881387 -0.012550971 -3.522419453 -0.038617946 0.012886713 0.999170959 32.377494812
0.999224603 -0.009005270 0.038328171 2.076476574 0.009505048 0.999871850 -0.012877236 -3.667036057 -0.038207300 0.013231561 0.999182224 33.641983032
0.999242127 -0.009460567 0.037758198 2.171919584 0.009955176 0.999866784 -0.012932907 -3.812379360 -0.037630819 0.013298993 0.999203324 34.912101746
0.999253631 -0.010004563 0.037310287 2.265553713 0.010511462 0.999854684 -0.013414698 -3.958149910 -0.037170660 0.013796872 0.999213696 36.173915863
0.999298275 -0.010745557 0.035880595 2.385066032 0.011242302 0.999843359 -0.013671500 -4.113409519 -0.035728060 0.014065285 0.999262571 37.459564209
0.999296486 -0.010418581 0.036027409 2.476320744 0.010853885 0.999870241 -0.011908181 -4.259374142 -0.035898659 0.012290841 0.999279857 38.718013763
0.999254286 -0.010302300 0.037211601 2.575107574 0.010714830 0.999883115 -0.010903653 -4.398762226 -0.037094925 0.011294241 0.999247849 39.987895966
0.999165952 -0.012160245 0.038982004 2.680831909 0.012512744 0.999882817 -0.008811409 -4.546680927 -0.038870294 0.009291830 0.999201059 41.235610962
0.999062181 -0.013162713 0.041248139 2.782328606 0.013608630 0.999851763 -0.010548472 -4.684588909 -0.041103177 0.011099909 0.999093175 42.501499176
0.998937547 -0.014490751 0.043747459 2.878813267 0.015102470 0.999792278 -0.013685003 -4.833753109 -0.043540064 0.014331156 0.998948872 43.750335693
0.998837590 -0.015516843 0.045636833 2.988005638 0.016198918 0.999762118 -0.014614053 -4.983229637 -0.045399211 0.015336335 0.998851180 45.012336731
0.998707473 -0.015891759 0.048277292 3.110478163 0.016562460 0.999771416 -0.013524567 -5.116466522 -0.048051324 0.014306679 0.998742402 46.246921539
0.998511851 -0.016911248 0.051849004 3.220281363 0.017448561 0.999798417 -0.009927891 -5.273535252 -0.051670659 0.010817804 0.998605549 47.507461548
0.998241723 -0.019964691 0.055810921 3.336479425 0.020441383 0.999759138 -0.007983382 -5.411081791 -0.055638097 0.009110197 0.998409450 48.733421326
0.998002231 -0.021798439 0.059299085 3.470469952 0.022340100 0.999714434 -0.008486751 -5.549420357 -0.059097152 0.009794544 0.998204172 49.984943390
0.997734845 -0.025038391 0.062435452 3.615305185 0.025861705 0.999588430 -0.012413442 -5.682964802 -0.062098943 0.014000012 0.997971773 51.217864990
0.997429848 -0.026417363 0.066601813 3.745398998 0.027294351 0.999551773 -0.012292110 -5.823077202 -0.066247232 0.014078370 0.997703910 52.448055267
0.997082114 -0.028924691 0.070644632 3.874837637 0.029675515 0.999513447 -0.009601701 -5.963763237 -0.070332535 0.011670101 0.997455299 53.666263580
0.996798456 -0.031542022 0.073470622 4.031740665 0.032097850 0.999464273 -0.006396613 -6.100077629 -0.073229499 0.008734383 0.997276843 54.874240875
0.996577084 -0.034182180 0.075270750 4.187229156 0.034614287 0.999390841 -0.004443261 -6.234066010 -0.075073011 0.007033494 0.997153223 56.091060638
0.996365249 -0.037442837 0.076512694 4.340929508 0.037669830 0.999289095 -0.001525146 -6.355484486 -0.076401211 0.004401823 0.997067392 57.301715851
0.996194720 -0.040437587 0.077206917 4.488515854 0.040567730 0.999176800 -0.000117273 -6.482059002 -0.077138618 0.003248936 0.997015059 58.504856110
0.996154010 -0.042549632 0.076594576 4.642949581 0.042927239 0.999072790 -0.003289435 -6.607061863 -0.076383613 0.006564777 0.997056842 59.711868286
0.996167779 -0.043694623 0.075766146 4.792841911 0.044388045 0.998986244 -0.007491601 -6.737251759 -0.075361989 0.010826004 0.997097433 60.899139404
0.996177971 -0.045051079 0.074832410 4.924955368 0.046031345 0.998874664 -0.011425911 -6.867318153 -0.074233465 0.014826875 0.997130692 62.100322723
0.996239901 -0.046557557 0.073063821 5.076330185 0.047687631 0.998766959 -0.013798513 -7.000547886 -0.072331309 0.017230868 0.997231841 63.295703888
0.996350408 -0.046928752 0.071298957 5.205893993 0.048052650 0.998744845 -0.014129516 -7.134485722 -0.070546396 0.017504053 0.997354865 64.471076965
0.996584594 -0.046350412 0.068342470 5.341674805 0.047390848 0.998782754 -0.013680999 -7.268008709 -0.067625172 0.016873080 0.997568071 65.647705078
0.996809900 -0.045529302 0.065552138 5.457566261 0.046362985 0.998861194 -0.011252471 -7.411441326 -0.064965174 0.014255767 0.997785687 66.841613770
0.997208118 -0.041759729 0.061903235 5.578693390 0.042317078 0.999074340 -0.007719491 -7.541271210 -0.061523557 0.010317501 0.998052299 68.014289856
0.997429311 -0.039884645 0.059530985 5.685333252 0.040274836 0.999174297 -0.005368688 -7.666586399 -0.059267696 0.007752488 0.998211980 69.180244446
0.997710824 -0.038961466 0.055273488 5.815340996 0.039485682 0.999184728 -0.008423509 -7.808755875 -0.054900233 0.010586738 0.998435736 70.383178711
0.997895539 -0.039254926 0.051609769 5.926285744 0.040068787 0.999086857 -0.014830306 -7.940905571 -0.050980479 0.016867038 0.998557270 71.540908813
0.997952461 -0.042632893 0.047681574 6.035039902 0.043554880 0.998880386 -0.018467208 -8.072454453 -0.046840873 0.020506158 0.998691857 72.720893860
0.997982621 -0.046280172 0.043459643 6.157971382 0.046926443 0.998800635 -0.013969648 -8.207573891 -0.042760998 0.015980873 0.998957515 73.899749756
0.997969270 -0.050098587 0.039336968 6.261301041 0.050493762 0.998682678 -0.009117013 -8.334537506 -0.038828399 0.011084771 0.999184430 75.057533264
0.998027027 -0.052420590 0.034556184 6.356943130 0.052658439 0.998594522 -0.006008442 -8.466867447 -0.034192644 0.007816263 0.999384642 76.238212585
0.998210430 -0.051557712 0.030294290 6.447738171 0.051694628 0.998655856 -0.003753388 -8.589758873 -0.030060051 0.005312723 0.999534011 77.397979736
0.998336911 -0.051294763 0.026309544 6.544099808 0.051418383 0.998669088 -0.004043639 -8.702132225 -0.026067108 0.005389707 0.999645650 78.555908203
0.998473883 -0.049942113 0.023572586 6.601994038 0.050075047 0.998732507 -0.005083114 -8.842228889 -0.023288848 0.006255755 0.999709189 79.726387024
0.998666227 -0.047466055 0.020316856 6.678840637 0.047674723 0.998813689 -0.009912276 -8.971217155 -0.019822262 0.010867656 0.999744356 80.873252869
0.998580694 -0.050640956 0.016493738 6.763864994 0.050888248 0.998592675 -0.014935372 -9.111131668 -0.015714185 0.015753513 0.999752343 82.032600403
0.998422503 -0.054433152 0.013761429 6.820951462 0.054655969 0.998371005 -0.016369630 -9.235586166 -0.012847963 0.017095957 0.999771297 83.169761658
0.998454154 -0.054660715 0.010069968 6.886884689 0.054788042 0.998415470 -0.012834785 -9.366016388 -0.009352453 0.013366656 0.999866903 84.307250977
0.998449743 -0.055168185 0.007383124 6.952895164 0.055242475 0.998420119 -0.010267633 -9.496832848 -0.006805015 0.010659577 0.999920011 85.444046021
0.998584986 -0.052831270 0.006074824 6.997477531 0.052902307 0.998525143 -0.012196203 -9.623513222 -0.005421523 0.012500316 0.999907196 86.587356567
0.998776138 -0.049105067 0.005914622 7.046125889 0.049189556 0.998675168 -0.015105130 -9.753138542 -0.005165047 0.015377577 0.999868453 87.707710266
0.998852432 -0.047672156 0.004617422 7.107727051 0.047747299 0.998700380 -0.017822787 -9.882848740 -0.003761770 0.018022802 0.999830484 88.815597534
0.998758852 -0.049660392 0.003824513 7.153795242 0.049723312 0.998589158 -0.018634306 -10.019467354 -0.002893730 0.018801348 0.999819160 89.965248108
0.998707891 -0.050768178 0.002267902 7.206748486 0.050798073 0.998580575 -0.016012272 -10.150484085 -0.001451770 0.016106786 0.999869168 91.081352234
0.998655915 -0.051807962 0.001527322 7.255903244 0.051823683 0.998568296 -0.013250519 -10.281348228 -0.000838654 0.013311864 0.999910951 92.197021484
0.998666346 -0.051623706 0.000724310 7.319225311 0.051628724 0.998588145 -0.012490772 -10.408340454 -0.000078467 0.012511508 0.999921739 93.337158203
0.998636663 -0.052193038 0.000812948 7.363616943 0.052199345 0.998529792 -0.014609762 -10.536535263 -0.000049224 0.014632278 0.999893010 94.445968628
0.998622358 -0.052469842 -0.000385103 7.430557728 0.052453563 0.998449385 -0.018636100 -10.664312363 0.001362339 0.018590227 0.999826312 95.558929443
0.998608708 -0.052730441 -0.000077836 7.472817421 0.052718814 0.998417616 -0.019567568 -10.804073334 0.001109518 0.019536236 0.999808669 96.655410767
0.998568475 -0.053485751 -0.000418616 7.529839039 0.053469844 0.998410940 -0.017795002 -10.937333107 0.001369729 0.017747145 0.999841630 97.741836548
0.998611867 -0.052667513 0.000667225 7.573785305 0.052671738 0.998533964 -0.012475487 -11.061741829 -0.000009194 0.012493310 0.999921978 98.834434509
0.998678803 -0.051335152 0.002280477 7.608919621 0.051354922 0.998633444 -0.009683119 -11.175537109 -0.001780277 0.009787438 0.999950469 99.914619446
0.998755634 -0.049671240 0.004462287 7.658119202 0.049711592 0.998718977 -0.009438571 -11.291108131 -0.003987745 0.009648653 0.999945521 100.965538025
0.998838544 -0.047771547 0.006274999 7.711083889 0.047839317 0.998792946 -0.011134741 -11.421098709 -0.005735501 0.011422001 0.999918282 102.015205383
0.998809576 -0.047881167 0.009312877 7.757422447 0.048007384 0.998751104 -0.013838192 -11.536717415 -0.008638658 0.014268808 0.999860942 103.025245667
0.998715341 -0.049417771 0.011205971 7.818019867 0.049574647 0.998669744 -0.014183097 -11.657723427 -0.010490168 0.014720408 0.999836683 104.033180237
0.998610497 -0.051140863 0.012717827 7.872754574 0.051309079 0.998594642 -0.013272526 -11.784905434 -0.012021187 0.013906622 0.999830961 105.038314819
0.998588860 -0.051041245 0.014667048 7.932493687 0.051213071 0.998620510 -0.011588173 -11.899940491 -0.014055341 0.012322964 0.999825180 105.997886658
0.998528957 -0.051837195 0.015895607 7.991953373 0.052004334 0.998593867 -0.010288212 -12.008998871 -0.015339945 0.011099721 0.999820709 106.949195862
0.998462021 -0.052490175 0.017835682 8.049581528 0.052684903 0.998554587 -0.010629036 -12.116357803 -0.017251981 0.011552360 0.999784470 107.866737366
0.998431027 -0.052529827 0.019391311 8.112304688 0.052709397 0.998570502 -0.008867734 -12.216556549 -0.018897774 0.009875926 0.999772668 108.769767761
0.998439133 -0.051621132 0.021325666 8.169299126 0.051771410 0.998637497 -0.006555553 -12.315731049 -0.020958204 0.007649380 0.999751151 109.639251709
0.998418510 -0.051452719 0.022651557 8.229712486 0.051540907 0.998665333 -0.003326204 -12.418259621 -0.022450183 0.004488425 0.999737859 110.496574402
0.998376548 -0.051533177 0.024263617 8.289973259 0.051627498 0.998660982 -0.003276391 -12.509906769 -0.024062287 0.004523741 0.999700189 111.320701599
0.998397470 -0.050510671 0.025517188 8.340351105 0.050594363 0.998715758 -0.002644255 -12.598632812 -0.025350856 0.003931044 0.999670863 112.134521484
0.998487830 -0.048421524 0.026027277 8.393010139 0.048500337 0.998820245 -0.002404791 -12.677786827 -0.025880128 0.003663487 0.999658346 112.912780762
0.998614073 -0.045982677 0.025604879 8.434062958 0.045978520 0.998942077 0.000751426 -12.756259918 -0.025612349 0.000426890 0.999671876 113.667564392
0.998701513 -0.045690551 0.022528436 8.482286453 0.045662064 0.998955369 0.001777395 -12.841388702 -0.022586113 -0.000746392 0.999744594 114.416862488
0.998823166 -0.045666806 0.016335798 8.517919540 0.045642138 0.998956144 0.001880243 -12.915126801 -0.016404610 -0.001132429 0.999864817 115.115249634
0.999007225 -0.044193827 0.005616859 8.547157288 0.044190131 0.999022841 0.000781117 -12.991016388 -0.005645890 -0.000532132 0.999983907 115.780296326
0.999110818 -0.041406866 -0.007946610 8.544995308 0.041393694 0.999141216 -0.001814698 -13.061702728 0.008014927 0.001484144 0.999966741 116.420288086
0.998830736 -0.039917722 -0.027275844 8.549454689 0.039810095 0.999197245 -0.004477836 -13.130111694 0.027432699 0.003386747 0.999617875 117.056243896
0.998039186 -0.038396489 -0.049431358 8.514040947 0.038113944 0.999251246 -0.006646272 -13.200920105 0.049649544 0.004749215 0.998755455 117.642501831
0.996325970 -0.036809310 -0.077329658 8.476067543 0.036254533 0.999305844 -0.008566459 -13.268081665 0.077591307 0.005731435 0.996968687 118.212120056
0.993351161 -0.034849379 -0.109722726 8.406688690 0.033904392 0.999370217 -0.010466985 -13.335348129 0.110018402 0.006677310 0.993907154 118.762786865
0.989048481 -0.029575253 -0.144597650 8.291419983 0.028091930 0.999529839 -0.012289738 -13.399187088 0.144893140 0.008093120 0.989414215 119.305198669
0.982755959 -0.024110351 -0.183328763 8.186487198 0.022326242 0.999681234 -0.011789843 -13.457779884 0.183554560 0.007493498 0.982980967 119.818481445
0.974232793 -0.018686973 -0.224769026 8.044874191 0.016946249 0.999809623 -0.009671357 -13.517283440 0.224906981 0.005613161 0.974364102 120.322723389
0.962894619 -0.014112486 -0.269508719 7.872016907 0.012366625 0.999890089 -0.008174808 -13.575528145 0.269594491 0.004538564 0.962963283 120.817222595
0.948614240 -0.007918854 -0.316335440 7.684379578 0.005423389 0.999946833 -0.008768317 -13.632190704 0.316388071 0.006602140 0.948606908 121.277877808
0.931069613 -0.000162865 -0.364841431 7.462341309 -0.003524682 0.999949217 -0.009441309 -13.688724518 0.364824504 0.010076465 0.931021869 121.739257812
0.910185158 0.004549231 -0.414176643 7.193984985 -0.009717049 0.999898970 -0.010371279 -13.742650032 0.414087623 0.013464358 0.910137415 122.191986084
0.885101259 0.008793198 -0.465315521 6.926445007 -0.014800613 0.999847651 -0.009258626 -13.794626236 0.465163201 0.015081774 0.885096490 122.605674744
0.856082499 0.012058756 -0.516698718 6.643836975 -0.019668540 0.999763787 -0.009254878 -13.836943626 0.516464949 0.018085646 0.856117368 123.005050659
0.824723899 0.021681108 -0.565119803 6.311672211 -0.030389415 0.999520183 -0.006002575 -13.887356758 0.564718366 0.022124128 0.824986935 123.370628357
0.790481031 0.034633126 -0.611506581 5.969017029 -0.043243468 0.999064326 0.000682867 -13.930543900 0.610958040 0.025903871 0.791239083 123.728317261
0.754460275 0.043421999 -0.654907823 5.614177704 -0.054570034 0.998504341 0.003338087 -13.971899986 0.654073238 0.033219885 0.755701482 124.044494629
0.714581728 0.047208756 -0.697957218 5.244628906 -0.061665714 0.998087287 0.004374568 -14.019141197 0.696828723 0.039914045 0.716126144 124.344581604
0.671792865 0.048777502 -0.739131331 4.870990753 -0.064104930 0.997914255 0.007590714 -14.067747116 0.737959981 0.042282574 0.673518598 124.629959106
0.628525734 0.052555922 -0.776011050 4.454570770 -0.068169974 0.997597277 0.012349118 -14.099619865 0.774795651 0.045138933 0.630598247 124.895690918
0.583551764 0.061309941 -0.809758306 4.028881073 -0.079488143 0.996670067 0.018178677 -14.133000374 0.808176339 0.053757988 0.586481988 125.124465942
0.538077056 0.070040748 -0.839980662 3.586189270 -0.090899616 0.995551586 0.024784129 -14.157553673 0.837980032 0.063018151 0.542050064 125.333328247
0.491346717 0.075122297 -0.867718399 3.131702423 -0.096795067 0.994811654 0.031314988 -14.184028625 0.865568697 0.068604350 0.496068805 125.529205322
0.443867743 0.076101266 -0.892854989 2.665870667 -0.096414179 0.994658947 0.036847729 -14.205691338 0.890890419 0.069728352 0.448834240 125.715408325
0.396969527 0.077761449 -0.914531827 2.191722870 -0.094155334 0.994598031 0.043699488 -14.227236748 0.912989616 0.068760663 0.402146757 125.882293701
0.350863129 0.080695175 -0.932943344 1.698577881 -0.095603779 0.994161189 0.050035343 -14.252190590 0.931533635 0.071637355 0.356529295 126.031913757
0.306942225 0.083758399 -0.948035359 1.196788788 -0.101223975 0.993342936 0.054988347 -14.270786285 0.946329892 0.079085656 0.313377202 126.147132874
0.265575737 0.085456230 -0.960295141 0.671953201 -0.106079295 0.992606044 0.058994669 -14.288806915 0.958236396 0.086199865 0.272677183 126.252738953
0.226464868 0.082070522 -0.970555663 0.147514343 -0.106557116 0.992550552 0.059066907 -14.306134224 0.968173206 0.090043008 0.233523056 126.348693848
0.191895768 0.077033877 -0.978387296 -0.393367767 -0.101452284 0.993130863 0.058296416 -14.325182915 0.976157486 0.088072799 0.198392823 126.436790466
0.161401570 0.071817935 -0.984272122 -0.948215485 -0.098978452 0.993497849 0.056260563 -14.343834877 0.981912792 0.088341206 0.167460531 126.515510559
0.134401992 0.070196398 -0.988437414 -1.507989883 -0.099377841 0.993413687 0.057036974 -14.367185593 0.985931098 0.090562902 0.140492722 126.593986511
0.112268463 0.069422849 -0.991249859 -2.089861870 -0.100497112 0.993234873 0.058179621 -14.383799553 0.988582909 0.093086004 0.118485764 126.659004211
0.094123527 0.070765264 -0.993042350 -2.696913719 -0.103023715 0.992807686 0.060983658 -14.398405075 0.990215540 0.096566901 0.100737050 126.705307007
0.077797346 0.069091201 -0.994572282 -3.300875664 -0.103998393 0.992715657 0.060827274 -14.424002647 0.991530001 0.098701715 0.084416039 126.757980347
0.064270169 0.068110421 -0.995605469 -3.922692299 -0.103336014 0.992759109 0.061244965 -14.450219154 0.992567837 0.098945685 0.070843056 126.801116943
0.051625989 0.065527543 -0.996514380 -4.564942360 -0.098092094 0.993352592 0.060237806 -14.474962234 0.993837357 0.094640359 0.057710551 126.858940125
0.039455149 0.062966660 -0.997235417 -5.211995602 -0.095805585 0.993652999 0.058949959 -14.494458199 0.994617760 0.093214855 0.045237277 126.902122498
0.028727680 0.062597722 -0.997625351 -5.871292114 -0.095207594 0.993671179 0.059608024 -14.516350746 0.995042801 0.093269110 0.034505643 126.935997009
0.019888315 0.064065285 -0.997747481 -6.542577267 -0.098818116 0.993184507 0.061802529 -14.540130615 0.994906664 0.097366385 0.026083574 126.944786072
0.011429136 0.063238673 -0.997932971 -7.240049362 -0.101603910 0.992906153 0.061756480 -14.563186646 0.994759262 0.100688048 0.017773358 126.963867188
0.004908840 0.062755466 -0.998016834 -7.927222729 -0.104318194 0.992615640 0.061902732 -14.586219788 0.994531810 0.103807457 0.011419129 126.982635498
-0.000579033 0.064192988 -0.997937262 -8.622402191 -0.104921065 0.992425501 0.063899316 -14.609614372 0.994480431 0.104741670 0.006160551 126.999565125
-0.003829261 0.066008091 -0.997811675 -9.344455719 -0.106564872 0.992110193 0.066039883 -14.625188828 0.994298398 0.106584549 0.003235095 127.019447327
-0.004696981 0.069584921 -0.997564971 -10.063502312 -0.108973674 0.991599321 0.069681883 -14.647880554 0.994033575 0.109035626 0.002925401 127.032989502
-0.005597989 0.073148102 -0.997305393 -10.795330048 -0.111768931 0.991025984 0.073314913 -14.664624214 0.993718505 0.111878164 0.002627932 127.042922974
-0.007218276 0.078937478 -0.996853411 -11.524672508 -0.116546676 0.990019083 0.079240218 -14.680541039 0.993158937 0.116751932 0.002053670 127.059135437
-0.008526225 0.082429498 -0.996560395 -12.262343407 -0.119414359 0.989381075 0.082857318 -14.694253922 0.992807865 0.119710088 0.001407581 127.076919556
-0.009957428 0.083142437 -0.996487916 -13.008395195 -0.118888259 0.989370406 0.083736576 -14.712614059 0.992857754 0.119304523 0.000033075 127.092658997
-0.011008450 0.079565942 -0.996768832 -13.779730797 -0.117058590 0.989872515 0.080308281 -14.729319572 0.993063986 0.117564410 -0.001583086 127.107688904
-0.012779898 0.076288342 -0.997003913 -14.530683517 -0.120742545 0.989671528 0.077275015 -14.736963272 0.992601514 0.121368363 -0.003436653 127.121536255
-0.013470156 0.078110419 -0.996853709 -15.305756569 -0.125665396 0.988907397 0.079185851 -14.748611450 0.991981208 0.126336679 -0.003504960 127.117675781
-0.015229742 0.081039265 -0.996594548 -16.079044342 -0.122888446 0.989002109 0.082299821 -14.763046265 0.992303550 0.123723365 -0.005103460 127.135299683
-0.017230496 0.081078567 -0.996558785 -16.853836060 -0.121833026 0.989109397 0.082578994 -14.779849052 0.992401063 0.122836635 -0.007164798 127.149566650
-0.017450267 0.080624782 -0.996591806 -17.642944336 -0.125367463 0.988700747 0.082181580 -14.792295456 0.991956890 0.126374245 -0.007145371 127.144065857
-0.019065304 0.080153465 -0.996600330 -18.436075211 -0.128585562 0.988306820 0.081946358 -14.806537628 0.991515160 0.129710749 -0.008535793 127.162261963
-0.020447332 0.084396631 -0.996222496 -19.233230591 -0.130482391 0.987682939 0.086351328 -14.813573837 0.991239727 0.131755143 -0.009183209 127.172096252
-0.021341352 0.089401551 -0.995766997 -20.037334442 -0.129793569 0.987317085 0.091424659 -14.829174042 0.991311312 0.131195262 -0.009466934 127.187957764
-0.020106861 0.091724418 -0.995581388 -20.861953735 -0.130723253 0.986993134 0.093573265 -14.837390900 0.991214931 0.132027119 -0.007854821 127.197998047
-0.018309440 0.090573877 -0.995721400 -21.680992126 -0.130133450 0.987201095 0.092191748 -14.845643044 0.991327465 0.131264672 -0.006288406 127.210083008
-0.017208807 0.090706497 -0.995728970 -22.512239456 -0.130131662 0.987202525 0.092178777 -14.852391243 0.991347432 0.131162152 -0.005184793 127.222152710
-0.017035168 0.089447312 -0.995845854 -23.343458176 -0.128326893 0.987557471 0.090898052 -14.857135773 0.991585612 0.129342243 -0.005344713 127.243515015
-0.016044881 0.091428444 -0.995682299 -24.180952072 -0.129311264 0.987257838 0.092738651 -14.865211487 0.991474092 0.130240917 -0.004017708 127.261054993
-0.015716702 0.093463711 -0.995498598 -25.019529343 -0.130934373 0.986855865 0.094719440 -14.867542267 0.991266429 0.131833643 -0.003272507 127.281242371
-0.015412378 0.095885471 -0.995273054 -25.888788223 -0.133736268 0.986249804 0.097087167 -14.869504929 0.990897119 0.134600446 -0.002377092 127.290725708
-0.013723503 0.097078137 -0.995182216 -26.752777100 -0.135872617 0.985863268 0.098042779 -14.868499756 0.990631282 0.136563510 -0.000339234 127.302375793
-0.011531528 0.100256152 -0.994894862 -27.626848221 -0.142597795 0.984626949 0.100874253 -14.869209290 0.989713490 0.143033043 0.002942052 127.312850952
-0.009728874 0.104007751 -0.994529009 -28.504104614 -0.147281185 0.983579695 0.104303457 -14.866709709 0.989046812 0.147490144 0.005749264 127.334602356
-0.007704680 0.105732650 -0.994364679 -29.378837585 -0.149672598 0.983070433 0.105691418 -14.862215996 0.988705695 0.149643466 0.008251036 127.366027832
-0.003786730 0.106688932 -0.994285226 -30.277481079 -0.148677871 0.983181238 0.106063671 -14.865404129 0.988878429 0.148229852 0.012139237 127.387435913
-0.001075928 0.106546611 -0.994307041 -31.170263290 -0.151153862 0.982866049 0.105484173 -14.859313965 0.988509655 0.150406867 0.015047439 127.415641785
0.001359536 0.110392861 -0.993887067 -32.071674347 -0.151678145 0.982411504 0.108910747 -14.854080200 0.988428950 0.150602907 0.018079808 127.447113037
0.003734063 0.112471253 -0.993647933 -32.988059998 -0.150956467 0.982331276 0.110623054 -14.850935936 0.988533318 0.149584532 0.020646356 127.486740112
0.005541008 0.113664739 -0.993503749 -33.880859375 -0.151504889 0.982145309 0.111520283 -14.848412514 0.988440990 0.149902731 0.022662839 127.528266907
0.007960644 0.111808710 -0.993697822 -34.783260345 -0.152786300 0.982197523 0.109290712 -14.842889786 0.988227308 0.150953397 0.024901761 127.561668396
0.008546960 0.113141246 -0.993542135 -35.694664001 -0.157294780 0.981361210 0.110400990 -14.834348679 0.987514675 0.155335397 0.026184183 127.600654602
0.009648665 0.113817163 -0.993454933 -36.588630676 -0.158087671 0.981180370 0.110875547 -14.831247330 0.987377942 0.155983165 0.027460175 127.638175964
0.009964931 0.110341556 -0.993843794 -37.484657288 -0.158589989 0.981488049 0.107379645 -14.829633713 0.987294197 0.156543642 0.027279530 127.672996521
0.010554042 0.106140465 -0.994295061 -38.388763428 -0.159441590 0.981807470 0.103114970 -14.833976746 0.987150967 0.157443732 0.027285241 127.721519470
0.011007605 0.105366908 -0.994372487 -39.285205841 -0.159028754 0.981960416 0.102291264 -14.830135345 0.987212598 0.157007843 0.027565405 127.764694214
0.010708745 0.109639324 -0.993913889 -40.185047150 -0.161209449 0.981157660 0.106495276 -14.829299927 0.986862063 0.159087837 0.028181866 127.810104370
0.011329845 0.115457162 -0.993247807 -41.113773346 -0.162129655 0.980379939 0.112111971 -14.814971924 0.986704409 0.159764722 0.029826581 127.843139648
0.011719185 0.114372268 -0.993368864 -42.009166718 -0.160150543 0.980827212 0.111038923 -14.817409515 0.987023056 0.157787234 0.029811274 127.886787415
0.012620547 0.103843130 -0.994513631 -42.897926331 -0.159377679 0.982086480 0.100523017 -14.823442459 0.987136960 0.157234624 0.028944746 127.932174683
0.012741235 0.093581505 -0.995529950 -43.820964813 -0.161138117 0.982790112 0.090321615 -14.831945419 0.986849546 0.159267023 0.027601503 127.972503662
0.011560900 0.090444021 -0.995834351 -44.721225739 -0.157913402 0.983568788 0.087496772 -14.841236115 0.987385213 0.156244069 0.025653262 128.020996094
0.011533093 0.100703411 -0.994849622 -45.644424438 -0.150580227 0.983744979 0.097833700 -14.846488953 0.988530517 0.148676351 0.026509566 128.069702148
0.011550432 0.113761581 -0.993440926 -46.577861786 -0.145690322 0.983096778 0.110883132 -14.844638824 0.989262819 0.143453985 0.027929157 128.129974365
0.011909023 0.122569285 -0.992388487 -47.498950958 -0.146064162 0.982026637 0.119536661 -14.835813522 0.989203453 0.143528849 0.029597955 128.175582886
0.011628331 0.117068820 -0.993055701 -48.416137695 -0.146449700 0.982613087 0.114122897 -14.835502625 0.989149809 0.144105643 0.028570846 128.217300415
0.011536039 0.103582479 -0.994553983 -49.323356628 -0.145970985 0.984139681 0.100804679 -14.836683273 0.989221632 0.144013152 0.026473105 128.262649536
0.012063333 0.094737403 -0.995429218 -50.237461090 -0.146505743 0.984925926 0.091962315 -14.837356567 0.989136338 0.144726679 0.025761062 128.305953979
0.012399483 0.094565034 -0.995441496 -51.167182922 -0.145352021 0.985114515 0.091773428 -14.844598770 0.989302278 0.143551499 0.025960125 128.352447510
0.011892351 0.096420176 -0.995269597 -52.101676941 -0.148828983 0.984423935 0.093591109 -14.867078781 0.988791406 0.147011966 0.026057230 128.395889282
0.012576710 0.095856674 -0.995315671 -53.030231476 -0.153342158 0.983805001 0.092810497 -14.869308472 0.988093019 0.151456594 0.027071899 128.429214478
0.013150627 0.095201507 -0.995371044 -53.970619202 -0.155054092 0.983610153 0.092028089 -14.871833801 0.987818360 0.153126121 0.027696468 128.468887329
0.013761970 0.103142954 -0.994571328 -54.924365997 -0.164059550 0.981418610 0.099508829 -14.881273270 0.986354351 0.161799505 0.030427845 128.512054443
0.015170430 0.112407275 -0.993546426 -55.868434906 -0.169511169 0.979566455 0.108237378 -14.873123169 0.985411465 0.166775212 0.033914737 128.550262451
0.016689705 0.120703608 -0.992548347 -56.825317383 -0.169830412 0.978604376 0.116152175 -14.867421150 0.985331953 0.166626334 0.036831755 128.591537476
0.017613787 0.121350922 -0.992453396 -57.778190613 -0.171678737 0.978232622 0.116565183 -14.860074997 0.984995484 0.168329969 0.038063750 128.640335083
0.019297261 0.111753471 -0.993548572 -58.714279175 -0.173407152 0.979047179 0.106754355 -14.858887672 0.984661281 0.170228332 0.038271770 128.686157227
0.020476293 0.106802084 -0.994069338 -59.654258728 -0.171851978 0.979855597 0.101735055 -14.854668617 0.984910011 0.168749645 0.038417958 128.741271973
0.022524416 0.105149761 -0.994201303 -60.621597290 -0.170116693 0.980354071 0.099831104 -14.854878426 0.985166490 0.166881561 0.039969638 128.797332764
0.025467094 0.110772200 -0.993519485 -61.581409454 -0.171485439 0.979594111 0.104823887 -14.852491379 0.984857440 0.167704582 0.043943234 128.860366821
0.029094175 0.113336921 -0.993130565 -62.546867371 -0.174777836 0.978822052 0.106583834 -14.860393524 0.984177887 0.170476258 0.048286796 128.917572021
0.032936923 0.108171985 -0.993586421 -63.500118256 -0.173697188 0.979617178 0.100893170 -14.861413002 0.984248161 0.169260055 0.051054742 128.980697632
0.036265902 0.102646977 -0.994056463 -64.455924988 -0.173742071 0.980210006 0.094878614 -14.869607925 0.984123230 0.169268548 0.053382296 129.046447754
0.040255688 0.101925105 -0.993977249 -65.431640625 -0.171281010 0.980762839 0.093633257 -14.865131378 0.984399557 0.166480154 0.056939114 129.114410400
0.041877806 0.106720313 -0.993406713 -66.374877930 -0.168348387 0.980816960 0.098270923 -14.887449265 0.984837592 0.163123071 0.059040636 129.204605103
0.045424238 0.113370530 -0.992513895 -67.333595276 -0.167816192 0.980285943 0.104293384 -14.888315201 0.984771252 0.161822468 0.063554153 129.282577515
0.047840118 0.117065012 -0.991971254 -68.299415588 -0.165539026 0.980304301 0.107704669 -14.891560555 0.985042214 0.159057364 0.066276699 129.370254517
0.050077751 0.118942752 -0.991637468 -69.282173157 -0.165271550 0.980181575 0.109222442 -14.892815590 0.984975934 0.158419833 0.068743140 129.447662354
0.052089807 0.116342209 -0.991842270 -70.212799072 -0.164205700 0.980670094 0.106407940 -14.897964478 0.985049844 0.157323360 0.070186950 129.527664185
0.052593760 0.114925213 -0.991980791 -71.157608032 -0.162176758 0.981151700 0.105072156 -14.902750969 0.985359192 0.155350119 0.070240647 129.618347168
0.053163208 0.111641593 -0.992325425 -72.102973938 -0.159143656 0.981977224 0.101951346 -14.913913727 0.985823035 0.152502254 0.069972098 129.707580566
0.052914765 0.110874817 -0.992424726 -73.093780518 -0.157670230 0.982278705 0.101334527 -14.902976990 0.986073077 0.151113704 0.069458701 129.791854858
0.052783914 0.115330480 -0.991923749 -74.048202515 -0.154320270 0.982318163 0.106001697 -14.903380394 0.986609817 0.147478729 0.069648430 129.876907349
0.052067276 0.116935641 -0.991773784 -75.011619568 -0.148279741 0.983017564 0.108118698 -14.908357620 0.987573802 0.141430482 0.068522245 129.978775024
0.051102534 0.112077311 -0.992384672 -75.974494934 -0.145396635 0.983930647 0.103635401 -14.893269539 0.988052726 0.138993338 0.066577017 130.061065674
0.049843360 0.108751796 -0.992818475 -76.918609619 -0.147580490 0.983943999 0.100370578 -14.900139809 0.987793326 0.141517848 0.065092713 130.138626099
0.048656747 0.105989397 -0.993176103 -77.867660522 -0.144032449 0.984705567 0.098029137 -14.904154778 0.988375962 0.138279855 0.063178480 130.221084595
0.047396772 0.106822982 -0.993147790 -78.833206177 -0.144210503 0.984580338 0.099019207 -14.907231331 0.988411307 0.138529167 0.062070936 130.290740967
0.046469592 0.107837446 -0.993081927 -79.791160583 -0.145546079 0.984277487 0.100070819 -14.910581589 0.988259554 0.139888898 0.061434288 130.367431641
0.045419220 0.108149603 -0.993096530 -80.747360229 -0.147156984 0.984001458 0.100428917 -14.914058685 0.988069832 0.141579673 0.060607541 130.437484741
0.043704826 0.109149292 -0.993064046 -81.695434570 -0.146890596 0.983912945 0.101678796 -14.918634415 0.988186777 0.141427919 0.059034739 130.509643555
0.041727215 0.109198011 -0.993143857 -82.660110474 -0.146739796 0.983900547 0.102016374 -14.920365334 0.988294601 0.141476884 0.057079121 130.580978394
0.040128153 0.111526042 -0.992950976 -83.616699219 -0.146678388 0.983643293 0.104552902 -14.912710190 0.988369942 0.141448915 0.055830248 130.652145386
0.038439538 0.115285061 -0.992588282 -84.570320129 -0.148008734 0.983022690 0.108442165 -14.906966209 0.988238752 0.142743275 0.054850131 130.713394165
0.036392186 0.120222539 -0.992079616 -85.519958496 -0.149236515 0.982259095 0.113558054 -14.898628235 0.988131583 0.143921927 0.053688146 130.777725220
0.033974022 0.119957484 -0.992197573 -86.476310730 -0.149255961 0.982246280 0.113643669 -14.896307945 0.988214731 0.144230440 0.051275223 130.842498779
0.033003882 0.114907578 -0.992827833 -87.421218872 -0.149334908 0.982784688 0.108780980 -14.893683434 0.988235712 0.144673631 0.049595419 130.903015137
0.030439608 0.110032126 -0.993461907 -88.369506836 -0.153289214 0.982678473 0.104141057 -14.883200645 0.987712443 0.149116978 0.046779089 130.964599609
0.029237255 0.107865840 -0.993735373 -89.312927246 -0.151285484 0.983185470 0.102269612 -14.882181168 0.988057733 0.147347644 0.045064185 131.029403687
0.029104710 0.109071806 -0.993607700 -90.283859253 -0.146478340 0.983763337 0.103700534 -14.882884026 0.988785565 0.142523855 0.044608809 131.078384399
0.028624631 0.110378049 -0.993477345 -91.233314514 -0.143510923 0.984041929 0.105194844 -14.882508278 0.989234746 0.139563709 0.044008300 131.139175415
0.027339641 0.110125341 -0.993541598 -92.184318542 -0.138203725 0.984784544 0.105351709 -14.885378838 0.990026414 0.134430856 0.042143390 131.207641602
0.026040498 0.107275903 -0.993888199 -93.126487732 -0.134204835 0.985600173 0.102865092 -14.890181541 0.990611434 0.130705938 0.040062461 131.272384644
0.025389193 0.104200684 -0.994232118 -94.069808960 -0.129174277 0.986556828 0.100097626 -14.896658897 0.991296828 0.125887826 0.038507927 131.335693359
0.023423675 0.106980436 -0.993985176 -95.056442261 -0.127066761 0.986512780 0.103181846 -14.900379181 0.991617560 0.123885565 0.036701407 131.389968872
0.022026893 0.109254099 -0.993769705 -96.003761292 -0.126414031 0.986337066 0.105634980 -14.899106979 0.991733015 0.123299621 0.035537183 131.448562622
0.020650551 0.107128263 -0.994030833 -96.963546753 -0.122247927 0.987052798 0.103836618 -14.897581100 0.992284775 0.119373918 0.033479396 131.498703003
0.018620178 0.104073331 -0.994395375 -97.911659241 -0.119408958 0.987680793 0.101134643 -14.898753166 0.992670476 0.116856568 0.030818082 131.547897339
0.014981279 0.101484671 -0.994724274 -98.881713867 -0.117953427 0.988068938 0.099029221 -14.897142410 0.992906034 0.115847543 0.026773004 131.600830078
0.012287369 0.100552447 -0.994855881 -99.836235046 -0.112383865 0.988765955 0.098548859 -14.907581329 0.993588924 0.110594854 0.023449805 131.650787354
0.010093521 0.100444041 -0.994891465 -100.795890808 -0.105565861 0.989489198 0.098827623 -14.902502060 0.994361043 0.104029059 0.020590892 131.693130493
0.007226388 0.108653463 -0.994053423 -101.760505676 -0.095786206 0.989583492 0.107468538 -14.906741142 0.995375693 0.094439998 0.017558618 131.757385254
0.004426422 0.116799995 -0.993145525 -102.718605042 -0.087759815 0.989368677 0.115964659 -14.904046059 0.996131778 0.086644962 0.014629711 131.813674927
0.001626472 0.116394103 -0.993201792 -103.672225952 -0.083513588 0.989749253 0.115852736 -14.899292946 0.996505320 0.082757406 0.011330291 131.858871460
-0.000877902 0.106441095 -0.994318604 -104.626182556 -0.084420256 0.990761638 0.106134862 -14.902159691 0.996429801 0.084033787 0.008115994 131.889434814
-0.002952632 0.097127087 -0.995267510 -105.573028564 -0.086288653 0.991535008 0.097018808 -14.901503563 0.996265829 0.086166754 0.005453327 131.926147461
-0.003070119 0.098615699 -0.995120883 -106.536697388 -0.093531854 0.990734875 0.098469630 -14.904246330 0.995611548 0.093377799 0.006182036 131.941421509
-0.004049831 0.108041205 -0.994138181 -107.494934082 -0.097058252 0.989410102 0.107922755 -14.895096779 0.995270610 0.096926376 0.006479345 131.978973389
-0.005479707 0.119313546 -0.992841601 -108.458305359 -0.101018377 0.987711310 0.119254582 -14.883676529 0.994869471 0.100948706 0.006640492 132.007080078
-0.006895031 0.121240735 -0.992599189 -109.400268555 -0.108213283 0.986703038 0.121272244 -14.875873566 0.994103849 0.108248606 0.006316510 132.037445068
-0.007005540 0.117705680 -0.993023813 -110.381340027 -0.114977621 0.986367226 0.117727771 -14.854990959 0.993343294 0.115000285 0.006623482 132.057983398
-0.007318758 0.113871403 -0.993468523 -111.335243225 -0.123161979 0.985828221 0.113902986 -14.844645500 0.992359579 0.123191185 0.006809589 132.082183838
-0.004931820 0.115641877 -0.993278742 -112.303764343 -0.127659485 0.985090733 0.115322456 -14.824951172 0.991805732 0.127370209 0.009904493 132.103500366
-0.003554517 0.116969235 -0.993129194 -113.283256531 -0.135727733 0.983888626 0.116366684 -14.809785843 0.990739822 0.135208800 0.012378717 132.127059937
-0.003108941 0.119631529 -0.992813528 -114.246261597 -0.144882694 0.982288837 0.118817031 -14.794241905 0.989444077 0.144210860 0.014278658 132.148147583
-0.002883980 0.121764302 -0.992554784 -115.221160889 -0.150276944 0.981234491 0.120812193 -14.773582458 0.988639832 0.149506509 0.015468507 132.174438477
-0.002549726 0.121605538 -0.992575109 -116.198814392 -0.154351771 0.980635345 0.120539218 -14.769224167 0.988012671 0.153513074 0.016269680 132.213973999
-0.000834813 0.112171635 -0.993688464 -117.154762268 -0.153324172 0.981925070 0.110972546 -14.772426605 0.988175631 0.152449071 0.016378898 132.244400024
0.000421602 0.100548401 -0.994931996 -118.105339050 -0.156535029 0.982673645 0.099243231 -14.763766289 0.987672269 0.155699879 0.016153645 132.282150269
