1.000000000 0.000000000 0.000000000 0.000000000 0.000000000 1.000000000 0.000000000 0.000000000 0.000000000 0.000000000 1.000000000 0.000000000
0.999997854 -0.001581154 -0.001351310 0.049056452 0.001578308 0.999996543 -0.002104199 -0.133184820 0.001354633 0.002102062 0.999996901 1.297934294
0.999997497 0.000065102 -0.002234641 0.106598303 -0.000079076 0.999980450 -0.006254103 -0.269297659 0.002234190 0.006254263 0.999977946 2.606675863
0.999995947 0.002448274 -0.001397812 0.150358498 -0.002459112 0.999966502 -0.007805423 -0.407509804 0.001378656 0.007808830 0.999968529 3.911462784
0.999983490 0.005735078 0.000188864 0.194647059 -0.005733730 0.999962389 -0.006500665 -0.546198547 -0.000226139 0.006499475 0.999978960 5.225340366
0.999975920 0.006509420 0.002397473 0.244291157 -0.006501849 0.999973893 -0.003152455 -0.693546772 -0.002417932 0.003136792 0.999992073 6.545903683
0.999961674 0.006703957 0.005621625 0.301458418 -0.006693640 0.999975801 -0.001852004 -0.831521511 -0.005633905 0.001814304 0.999982476 7.849768162
0.999943852 0.005279027 0.009190014 0.358137965 -0.005262254 0.999984443 -0.001848365 -0.964040101 -0.009199628 0.001799901 0.999956071 9.158106804
0.999912739 0.003990667 0.012591992 0.436023116 -0.003968806 0.999990582 -0.001760559 -1.100463629 -0.012598898 0.001710430 0.999919176 10.458355904
0.999869704 0.002707828 0.015905399 0.502792418 -0.002667971 0.999993265 -0.002526607 -1.237005115 -0.015912136 0.002483842 0.999870241 11.772306442
0.999812484 0.001688524 0.019291278 0.579306185 -0.001624216 0.999993086 -0.003348767 -1.373122692 -0.019296801 0.003316806 0.999808252 13.065554619
0.999743462 0.001436874 0.022603136 0.647542179 -0.001360740 0.999993324 -0.003383329 -1.519520640 -0.022607846 0.003351704 0.999738812 14.398838043
0.999659359 0.001434157 0.026062701 0.732092559 -0.001321400 0.999989748 -0.004343076 -1.659225941 -0.026068661 0.004307157 0.999650955 15.695614815
0.999574959 0.002429602 0.029050028 0.818093538 -0.002302417 0.999987721 -0.004410797 -1.796686530 -0.029060381 0.004342038 0.999568164 17.002525330
0.999481499 0.002089629 0.032130115 0.909624934 -0.001961178 0.999989986 -0.004028825 -1.935733795 -0.032138206 0.003963723 0.999475539 18.288906097
0.999409080 0.000425196 0.034369849 1.005050182 -0.000297856 0.999993086 -0.003710038 -2.079570055 -0.034371193 0.003697608 0.999402225 19.596580505
0.999350727 -0.002159700 0.035968147 1.101539612 0.002344193 0.999984324 -0.005087961 -2.218984604 -0.035956595 0.005168973 0.999339998 20.873851776
0.999310374 -0.001742418 0.037094362 1.201382279 0.001992726 0.999975502 -0.006711970 -2.363573551 -0.037081752 0.006781259 0.999289215 22.183944702
0.999263287 -0.001671046 0.038341202 1.284787774 0.002038088 0.999952495 -0.009535953 -2.506658316 -0.038323447 0.009607071 0.999219120 23.470775604
0.999227524 -0.001280420 0.039277650 1.389154673 0.001712663 0.999938250 -0.010973128 -2.649129868 -0.039261177 0.011031920 0.999168098 24.758186340
0.999184966 -0.000704487 0.040362906 1.488525152 0.001168594 0.999933422 -0.011475903 -2.798337460 -0.040352143 0.011513716 0.999119282 26.028097153
0.999161005 -0.002207535 0.040895052 1.586531878 0.002637905 0.999941707 -0.010472798 -2.944414377 -0.040869549 0.010571889 0.999108553 27.315401077
0.999157667 -0.005118422 0.040716264 1.691447735 0.005507751 0.999940157 -0.009455627 -3.089104891 -0.040665429 0.009671916 0.999126017 28.592624664
0.999182582 -0.006654415 0.039876726 1.788845778 0.007053608 0.999926329 -0.009878309 -3.236182213 -0.039808057 0.010151507 0.999155760 29.886318207
0.999202311 -0.008394644 0.039043743 1.894715667 0.008882058 0.999884486 -0.012327177 -3.382893085 -0.038935751 0.012664133 0.999161422 31.153356552
0.999225497 -0.008478754 0.038426027 1.997510672 0.008962446 0.999882460 -0.012432847 -3.531865597 -0.038316097 0.012767608 0.999184072 32.434123993
0.999242544 -0.009095736 0.037838034 2.094868422 0.009587455 0.999871612 -0.012834260 -3.675579786 -0.037716441 0.013187309 0.999201417 33.701404572
0.999255240 -0.009528927 0.037395857 2.189927101 0.010013470 0.999867976 -0.012791269 -3.822154045 -0.037269041 0.013156202 0.999218643 34.969001770
0.999267161 -0.009964564 0.036958229 2.284988880 0.010464841 0.999855816 -0.013367650 -3.964834690 -0.036819704 0.013744614 0.999227405 36.219818115
0.999312520 -0.010680454 0.035501935 2.402746201 0.011169080 0.999845207 -0.013593577 -4.122422695 -0.035351250 0.013980755 0.999277115 37.516372681
0.999296069 -0.010192750 0.036103234 2.485325336 0.010629274 0.999872446 -0.011919713 -4.269385815 -0.035977133 0.012295073 0.999277055 38.782859802
0.999273062 -0.010443909 0.036664914 2.595510006 0.010841766 0.999884307 -0.010669166 -4.411204815 -0.036549240 0.011058926 0.999270618 40.048820496
0.999209166 -0.012222083 0.037840132 2.717358112 0.012573686 0.999879837 -0.009067786 -4.553042412 -0.037724767 0.009536406 0.999242604 41.303752899
0.999093235 -0.013232614 0.040467896 2.806459427 0.013650315 0.999856114 -0.010062871 -4.702409744 -0.040328927 0.010606145 0.999130189 42.563316345
0.998973191 -0.014290980 0.042993892 2.899021149 0.014873261 0.999801457 -0.013254046 -4.851348400 -0.042795949 0.013879893 0.998987436 43.813224792
0.998866856 -0.015599833 0.044961430 3.008848190 0.016262103 0.999763966 -0.014401712 -4.992851257 -0.044726159 0.015116560 0.998884916 45.075721741
0.998733580 -0.015615155 0.047826055 3.131859779 0.016264599 0.999780297 -0.013220312 -5.128142357 -0.047609109 0.013981441 0.998768210 46.318332672
0.998547912 -0.016917009 0.051145483 3.244235992 0.017432971 0.999801517 -0.009659003 -5.288100243 -0.050971925 0.010536597 0.998644531 47.581943512
0.998266578 -0.019760260 0.055436403 3.353783131 0.020224404 0.999764860 -0.007823978 -5.423211098 -0.055268768 0.008931585 0.998431563 48.803600311
0.998042285 -0.021931790 0.058570836 3.494667530 0.022452340 0.999713898 -0.008244265 -5.562040329 -0.058373261 0.009543179 0.998249233 50.071071625
0.997780144 -0.025111737 0.061677806 3.637900591 0.025891431 0.999594212 -0.011874763 -5.698390961 -0.061354581 0.013445327 0.998025477 51.301399231
0.997477889 -0.026830433 0.065711468 3.766996384 0.027673263 0.999545574 -0.011949621 -5.833009243 -0.065361008 0.013737936 0.997767091 52.515342712
0.997136474 -0.029289499 0.069720574 3.899634838 0.030023158 0.999504089 -0.009498125 -5.971208572 -0.069407813 0.011564159 0.997521281 53.733810425
0.996848464 -0.031861413 0.072648846 4.050745964 0.032397766 0.999455869 -0.006216224 -6.104707718 -0.072411232 0.008550294 0.997338176 54.943283081
0.996630371 -0.034324642 0.074496359 4.204468727 0.034748260 0.999386489 -0.004397344 -6.237781048 -0.074299708 0.006971144 0.997211635 56.158374786
0.996418238 -0.037589535 0.075747564 4.355970860 0.037806883 0.999284029 -0.001437081 -6.359880447 -0.075639315 0.004295713 0.997125924 57.380516052
0.996259928 -0.040529959 0.076311335 4.506864548 0.040640038 0.999173880 0.000110510 -6.488223553 -0.076252781 0.002991199 0.997084022 58.583477020
0.996224046 -0.042518493 0.075694926 4.658029556 0.042877641 0.999075472 -0.003125151 -6.613206863 -0.075492062 0.006358970 0.997126102 59.790405273
0.996236384 -0.043885648 0.074746482 4.808158398 0.044558231 0.998979747 -0.007353581 -6.742406368 -0.074347511 0.010656475 0.997175395 60.980087280
0.996241927 -0.044596273 0.074250840 4.932971001 0.045569234 0.998895466 -0.011460575 -6.867451668 -0.073657706 0.014801055 0.997173846 62.176799774
0.996296167 -0.046095580 0.072589129 5.082319736 0.047231365 0.998785794 -0.014007779 -6.999069214 -0.071855299 0.017384380 0.997263551 63.369552612
0.996396899 -0.046477888 0.070943981 5.205920219 0.047595803 0.998766482 -0.014148535 -7.132881165 -0.070198864 0.017474189 0.997379959 64.548851013
0.996607900 -0.045986902 0.068248890 5.337974548 0.046996903 0.998806894 -0.013266793 -7.269695759 -0.067557387 0.016429275 0.997580111 65.724105835
0.996867299 -0.044888660 0.065121830 5.459363461 0.045723192 0.998889267 -0.011380798 -7.412770271 -0.064538620 0.014322719 0.997812450 66.926879883
0.997256696 -0.041159749 0.061522730 5.578503132 0.041720282 0.999098420 -0.007853845 -7.541470051 -0.061143998 0.010399044 0.998074830 68.100723267
0.997506022 -0.039667983 0.058380440 5.693496704 0.040074226 0.999179840 -0.005803834 -7.664150238 -0.058102321 0.008128908 0.998277605 69.266731262
0.997759998 -0.037993357 0.055057872 5.816082954 0.038523320 0.999220729 -0.008596226 -7.811277390 -0.054688372 0.010697983 0.998446167 70.482872009
0.997938097 -0.038301133 0.051504266 5.925508499 0.039117984 0.999122798 -0.014946055 -7.944232464 -0.050886638 0.016929980 0.998560965 71.641708374
0.997999430 -0.041808605 0.047425747 6.036055565 0.042718928 0.998918712 -0.018345937 -8.077236176 -0.046607453 0.020335212 0.998706281 72.817878723
0.998025537 -0.045752477 0.043031607 6.158514023 0.046376757 0.998831153 -0.013622310 -8.213783264 -0.042358056 0.015591078 0.998980820 74.006278992
0.998023510 -0.049490642 0.038727347 6.262726307 0.049860626 0.998718679 -0.008645976 -8.341223717 -0.038249832 0.010559857 0.999212325 75.164405823
0.998078525 -0.051845267 0.033930738 6.360517502 0.052079342 0.998624742 -0.006051151 -8.468934059 -0.033570360 0.007806616 0.999405801 76.358268738
0.998252451 -0.050984144 0.029877264 6.447225571 0.051114231 0.998686314 -0.003606093 -8.594438553 -0.029654164 0.005126944 0.999547064 77.517265320
0.998385489 -0.050437264 0.026124345 6.538190842 0.050552901 0.998714149 -0.003784258 -8.710832596 -0.025899883 0.005098809 0.999651492 78.676284790
0.998525620 -0.049188141 0.022958659 6.609632492 0.049333081 0.998765707 -0.005789894 -8.838683128 -0.022645522 0.006913980 0.999719620 79.850334167
0.998714685 -0.046781141 0.019505477 6.688158989 0.046998505 0.998836160 -0.010838008 -8.968388557 -0.018975761 0.011740807 0.999750972 80.997589111
0.998610854 -0.050291922 0.015720494 6.769382000 0.050539564 0.998597503 -0.015773492 -9.105753899 -0.014905167 0.016546084 0.999751925 82.163497925
0.998483896 -0.053631619 0.012393104 6.832848549 0.053832345 0.998414099 -0.016472925 -9.240386963 -0.011489981 0.017115097 0.999787509 83.329627991
0.998518407 -0.053623825 0.009248237 6.893934250 0.053743165 0.998467803 -0.013179020 -9.368868828 -0.008527360 0.013656526 0.999870360 84.444389343
0.998512506 -0.054082833 0.006909443 6.950176716 0.054154307 0.998476148 -0.010614617 -9.496859550 -0.006324848 0.010973005 0.999919772 85.575767517
0.998642206 -0.051728681 0.006151402 7.003046989 0.051801015 0.998582244 -0.012247512 -9.627028465 -0.005509136 0.012549534 0.999906003 86.721183777
0.998836100 -0.047983073 0.004910183 7.057583809 0.048054233 0.998723269 -0.015577657 -9.756373405 -0.004156451 0.015795480 0.999866605 87.845375061
0.998896897 -0.046828102 0.003496018 7.110244751 0.046883468 0.998739481 -0.017925629 -9.889390945 -0.002652188 0.018069757 0.999833226 88.963676453
0.998852670 -0.047799803 0.002943589 7.160321712 0.047845758 0.998687685 -0.018271308 -10.025790215 -0.002066360 0.018391181 0.999828756 90.082443237
0.998803854 -0.048862290 0.001804346 7.207955837 0.048885532 0.998666763 -0.016581040 -10.155028343 -0.000991753 0.016649412 0.999860823 91.197990417
0.998715580 -0.050664406 0.000523720 7.266051769 0.050666831 0.998622000 -0.013673717 -10.282848358 0.000169772 0.013682691 0.999906361 92.307525635
0.998739123 -0.050198708 0.000509603 7.315094471 0.050201058 0.998651564 -0.013221908 -10.409841537 0.000154807 0.013230820 0.999912441 93.445625305
0.998713195 -0.050710663 0.000585515 7.355024815 0.050713688 0.998595834 -0.015311933 -10.542425156 0.000191786 0.015321924 0.999882519 94.577697754
0.998708665 -0.050803259 0.000118802 7.409704685 0.050796334 0.998528004 -0.019016057 -10.670922279 0.000847451 0.018997535 0.999819160 95.678131104
0.998665154 -0.051650252 -0.000386560 7.464445114 0.051632285 0.998467028 -0.019946449 -10.805157661 0.001416206 0.019899866 0.999800980 96.783020020
0.998667479 -0.051605813 0.000350084 7.505939007 0.051603157 0.998487651 -0.018968256 -10.935483932 0.000629318 0.018961048 0.999820054 97.855117798
0.998682618 -0.051306255 0.000861975 7.555007458 0.051313169 0.998594522 -0.013263546 -11.058812141 -0.000180261 0.013290307 0.999911666 98.943046570
0.998767138 -0.049602564 0.001951007 7.605880737 0.049620003 0.998715758 -0.010233023 -11.180553436 -0.001440917 0.010317214 0.999945760 100.018104553
0.998837888 -0.048044037 0.003831127 7.660109520 0.048081797 0.998788536 -0.010463258 -11.294471741 -0.003323789 0.010635304 0.999937952 101.068244934
0.998912275 -0.046290573 0.005594564 7.715335846 0.046353985 0.998855412 -0.011792794 -11.425172806 -0.005042266 0.012039297 0.999914825 102.122329712
0.998896062 -0.046303365 0.007917827 7.771592617 0.046413988 0.998818338 -0.014410335 -11.542570114 -0.007241225 0.014761926 0.999864817 103.135810852
0.998799324 -0.047995511 0.009801046 7.826370239 0.048138306 0.998729587 -0.014893224 -11.662325859 -0.009073787 0.015347150 0.999841034 104.151962280
0.998707950 -0.049490962 0.011533308 7.894360542 0.049652670 0.998665750 -0.014183406 -11.790934563 -0.010815972 0.014737739 0.999832869 105.161857605
0.998703241 -0.049200542 0.013075609 7.955593109 0.049366262 0.998700380 -0.012668582 -11.905925751 -0.012435315 0.013297652 0.999834180 106.119110107
0.998617232 -0.050547462 0.014440556 8.016142845 0.050710864 0.998650789 -0.011182043 -12.017100334 -0.013855847 0.011898873 0.999833226 107.078933716
0.998544037 -0.051390715 0.016392402 8.073876381 0.051584516 0.998601019 -0.011627533 -12.123962402 -0.015771918 0.012456197 0.999798059 107.997718811
0.998534799 -0.050961863 0.018197890 8.130902290 0.051144406 0.998644054 -0.009710649 -12.226750374 -0.017678341 0.010627142 0.999787211 108.900497437
0.998542547 -0.050095491 0.020082016 8.188885689 0.050257221 0.998707056 -0.007630832 -12.324106216 -0.019673781 0.008628977 0.999769270 109.771934509
0.998513401 -0.050192080 0.021253943 8.248915672 0.050293583 0.998725355 -0.004267987 -12.429572105 -0.021012630 0.005330579 0.999764979 110.626991272
0.998483181 -0.050103102 0.022824835 8.308924675 0.050215177 0.998728931 -0.004363453 -12.520336151 -0.022577202 0.005502988 0.999729931 111.452178955
0.998493850 -0.049308848 0.024054373 8.358725548 0.049406771 0.998772621 -0.003493378 -12.611428261 -0.023852598 0.004676566 0.999704540 112.266555786
0.998591721 -0.047139447 0.024336850 8.412834167 0.047231749 0.998878777 -0.003231541 -12.691262245 -0.024157232 0.004376463 0.999698520 113.046455383
0.998731911 -0.044390488 0.023748592 8.458763123 0.044407573 0.999013424 -0.000192386 -12.770291328 -0.023716627 0.001246760 0.999717951 113.806190491
0.998802185 -0.044420686 0.020517608 8.505790710 0.044413894 0.999012887 0.000786366 -12.854837418 -0.020532280 0.000125843 0.999789298 114.556556702
0.998907924 -0.044548508 0.014084038 8.541145325 0.044538815 0.999007106 0.001001364 -12.930101395 -0.014114663 -0.000372984 0.999900281 115.253654480
0.999072850 -0.042896345 0.003643237 8.566876411 0.042898137 0.999079287 -0.000414590 -13.003819466 -0.003622098 0.000570494 0.999993324 115.928024292
0.999147654 -0.039983973 -0.010253934 8.567144394 0.039953440 0.999196529 -0.003164553 -13.073971748 0.010372229 0.002752177 0.999942422 116.569374084
0.998825908 -0.038728677 -0.029100036 8.567852020 0.038584892 0.999240279 -0.005486526 -13.144455910 0.029290412 0.004357263 0.999561429 117.182266235
0.997989953 -0.037049539 -0.051413786 8.531968117 0.036702290 0.999296844 -0.007682044 -13.216588974 0.051662244 0.005779600 0.998647869 117.770751953
0.996215820 -0.035698839 -0.079244003 8.492535591 0.035055231 0.999340236 -0.009498596 -13.282855988 0.079530813 0.006684734 0.996809959 118.338371277
0.993260741 -0.033296861 -0.111015223 8.418000221 0.032206893 0.999413908 -0.011597538 -13.350275040 0.111336313 0.007943923 0.993751049 118.878387451
0.988819659 -0.028823301 -0.146304503 8.304021835 0.027233930 0.999546468 -0.012855275 -13.417029381 0.146608680 0.008727101 0.989156067 119.419799805
0.982405901 -0.022761125 -0.185365751 8.207262039 0.020785352 0.999704599 -0.012595350 -13.469898224 0.185597703 0.008520853 0.982588887 119.938301086
0.973775744 -0.017266681 -0.226853997 8.064664841 0.015249679 0.999827087 -0.010640888 -13.527823448 0.226998508 0.006902389 0.973870695 120.441642761
0.962361395 -0.012724036 -0.271474957 7.890707016 0.010657490 0.999901831 -0.009085302 -13.585289955 0.271563947 0.005850104 0.962402582 120.936347961
0.947994292 -0.006513931 -0.318220556 7.701011658 0.003735425 0.999949396 -0.009340815 -13.645297050 0.318265289 0.007666351 0.947970748 121.398139954
0.930482864 0.001242370 -0.366333365 7.475410461 -0.005314262 0.999934733 -0.010107027 -13.700232506 0.366296947 0.011351209 0.930428803 121.870994568
0.909426212 0.005862316 -0.415823996 7.210121155 -0.011351455 0.999877930 -0.010729805 -13.756811142 0.415710360 0.014478172 0.909381807 122.303253174
0.884176016 0.010136710 -0.467043936 6.943710327 -0.016461926 0.999819636 -0.009464543 -13.808897972 0.466863781 0.016056765 0.884183407 122.717842102
0.855234981 0.013294121 -0.518069983 6.652565002 -0.021224869 0.999730706 -0.009384274 -13.851045609 0.517805636 0.019021723 0.855286777 123.115417480
0.823639393 0.023094695 -0.566643357 6.327106476 -0.032119576 0.999466300 -0.005951859 -13.902967453 0.566203415 0.023102529 0.823941708 123.481857300
0.789418638 0.036382172 -0.612776041 5.983043671 -0.045368947 0.998969913 0.000864265 -13.945253372 0.612176299 0.027118737 0.790256023 123.842132568
0.753506660 0.045337301 -0.655875087 5.627674103 -0.056675255 0.998385012 0.003901501 -13.992331505 0.654992700 0.034232080 0.754859328 124.147033691
0.713627636 0.049137730 -0.698799849 5.260807037 -0.063796468 0.997950315 0.005023043 -14.037265778 0.697614312 0.040996373 0.715299666 124.441711426
0.671257019 0.050755374 -0.739484966 4.878738403 -0.066367164 0.997761309 0.008238604 -14.084109306 0.738247573 0.043547291 0.673122644 124.726951599
0.627028465 0.054346897 -0.777098298 4.470005035 -0.069511279 0.997487545 0.013672399 -14.121143341 0.775888920 0.045444109 0.629230738 124.996994019
0.582248449 0.063084252 -0.810559690 4.040287018 -0.080762908 0.996541679 0.019544518 -14.154903412 0.808989584 0.054083396 0.585329831 125.227218628
0.536488473 0.072139770 -0.840818644 3.602184296 -0.092344262 0.995374978 0.026479524 -14.180244446 0.838840008 0.063438818 0.540668905 125.432281494
0.489788681 0.077248268 -0.868412256 3.146850586 -0.098051064 0.994628191 0.033174347 -14.205670357 0.866310000 0.068900339 0.494731963 125.626770020
0.442557991 0.078799345 -0.893271029 2.685173035 -0.097364888 0.994465053 0.039488103 -14.232295036 0.891438425 0.069497466 0.447780728 125.805427551
0.395114601 0.080031484 -0.915139019 2.205200195 -0.093996130 0.994491279 0.046387892 -14.255460739 0.913810253 0.067690998 0.400460690 125.986839294
0.349370986 0.082598828 -0.933336616 1.716575623 -0.095714994 0.994042158 0.052142676 -14.273902893 0.932082891 0.071117178 0.355195463 126.128273010
0.305719018 0.085895821 -0.948239267 1.215545654 -0.101618849 0.993177354 0.057203896 -14.289919853 0.946683466 0.078870669 0.312361896 126.242019653
0.263944745 0.087264128 -0.960582137 0.688732147 -0.106139444 0.992478609 0.060997218 -14.306900024 0.958680153 0.085855760 0.271221668 126.351531982
0.224509507 0.084236749 -0.970824242 0.156309128 -0.105907515 0.992464721 0.061622642 -14.327971458 0.968699694 0.088982694 0.231739074 126.449325562
0.189609230 0.079165444 -0.978662908 -0.376472473 -0.100876071 0.993040442 0.060784414 -14.347199440 0.976663888 0.087198384 0.196275547 126.541229248
0.158944443 0.074117288 -0.984501660 -0.926767349 -0.098214373 0.993418753 0.058932256 -14.368667603 0.982390285 0.087325230 0.165177777 126.619949341
0.132709444 0.072470099 -0.988502204 -1.495914459 -0.099245124 0.993282616 0.059496619 -14.386550903 0.986173689 0.090208240 0.139010340 126.684127808
0.110439532 0.071546823 -0.991304278 -2.078330040 -0.099962167 0.993147612 0.060543254 -14.400470734 0.988843083 0.092406549 0.116834737 126.748855591
0.091700591 0.073123097 -0.993098199 -2.669558525 -0.101931281 0.992750764 0.063685387 -14.416864395 0.990555823 0.095387787 0.098489374 126.808479309
0.075841255 0.071393333 -0.994560778 -3.278482437 -0.102798760 0.992678404 0.063419178 -14.438925743 0.991806686 0.097429819 0.082625121 126.853279114
0.061613180 0.070254475 -0.995624483 -3.897013187 -0.101041883 0.992834091 0.063804708 -14.466134071 0.992972434 0.096668556 0.068270311 126.905540466
0.049718570 0.067802325 -0.996459186 -4.534501076 -0.097159907 0.993289471 0.062738806 -14.487524033 0.994026005 0.093696602 0.055972595 126.943428040
0.037534352 0.065149494 -0.997169375 -5.189973831 -0.094776519 0.993606389 0.061349235 -14.504614830 0.994790614 0.092205532 0.043469023 126.980445862
0.026294887 0.064039946 -0.997600853 -5.858440399 -0.094064422 0.993676603 0.061308663 -14.524884224 0.995218813 0.092226624 0.032152493 127.025367737
0.016711239 0.065692239 -0.997699976 -6.530561924 -0.097389661 0.993201554 0.063764796 -14.547055244 0.995105982 0.096100062 0.022995379 127.044242859
0.008494265 0.065501295 -0.997816324 -7.207142353 -0.100237660 0.992882133 0.064324081 -14.572325706 0.994927227 0.099472381 0.014999503 127.056877136
0.001573951 0.064687118 -0.997904360 -7.900340557 -0.102355383 0.992674887 0.064186685 -14.592207909 0.994746566 0.102039851 0.008183495 127.077857971
-0.003670049 0.065571502 -0.997841120 -8.597177505 -0.103059277 0.992509604 0.065600179 -14.609472275 0.994668305 0.103077553 0.003115191 127.092857361
-0.007098920 0.068011902 -0.997659206 -9.317701340 -0.105490550 0.992066443 0.068381242 -14.628226280 0.994394839 0.105729081 0.000132014 127.112571716
-0.007940618 0.071851045 -0.997383714 -10.056506157 -0.107665539 0.991555572 0.072288349 -14.651507378 0.994155347 0.107957885 -0.000137686 127.112998962
-0.009029634 0.075154349 -0.997130990 -10.770382881 -0.110166065 0.991026819 0.075691886 -14.667215347 0.993872285 0.110533468 -0.000669152 127.125473022
-0.009565450 0.080600381 -0.996700644 -11.510991096 -0.114923358 0.990052938 0.081165731 -14.672828674 0.993328273 0.115320571 -0.000207436 127.130249023
-0.010788735 0.084396534 -0.996373892 -12.251920700 -0.117821358 0.989383399 0.085080184 -14.685751915 0.992976129 0.118312016 -0.000730482 127.138603210
-0.012028926 0.084896483 -0.996317148 -13.000669479 -0.118053474 0.989300132 0.085723870 -14.702535629 0.992934406 0.118649870 -0.001877894 127.154075623
-0.013444191 0.081920415 -0.996548057 -13.744757652 -0.115761325 0.989809155 0.082928143 -14.720774651 0.993186057 0.116476633 -0.003823969 127.172431946
-0.015289134 0.078413226 -0.996803641 -14.507166862 -0.119213335 0.989666224 0.079680271 -14.724779129 0.992751002 0.120050550 -0.005783238 127.184745789
-0.016547687 0.080034129 -0.996654749 -15.272446632 -0.124709725 0.988842249 0.081477359 -14.735845566 0.992055237 0.125640810 -0.006382014 127.185142517
-0.017465184 0.083013415 -0.996395350 -16.062501907 -0.121534862 0.988981605 0.084526055 -14.750162125 0.992433488 0.122573040 -0.007183721 127.192161560
-0.019774340 0.083116032 -0.996343613 -16.835636139 -0.120304063 0.989100099 0.084899426 -14.765957832 0.992540061 0.121543027 -0.009559608 127.208587646
-0.020157862 0.082581699 -0.996380389 -17.630046844 -0.124172926 0.988659978 0.084453978 -14.776076317 0.992055833 0.125425875 -0.009674862 127.198661804
-0.021709608 0.081774816 -0.996414363 -18.423738480 -0.127891988 0.988233805 0.083889931 -14.784812927 0.991550386 0.129254624 -0.010995826 127.217025757
-0.022749472 0.085967034 -0.996038258 -19.221294403 -0.129745707 0.987616420 0.088203542 -14.789565086 0.991286218 0.131238282 -0.011313900 127.222305298
-0.023733122 0.090995535 -0.995568454 -20.024143219 -0.129123300 0.987228572 0.093311399 -14.803949356 0.991344452 0.130765676 -0.011680370 127.237625122
-0.022771036 0.093147561 -0.995391905 -20.852146149 -0.129960448 0.986925900 0.095328346 -14.809175491 0.991257668 0.131532297 -0.010367829 127.246902466
-0.020880058 0.091940224 -0.995545626 -21.671043396 -0.129338771 0.987146616 0.093877241 -14.815284729 0.991380572 0.130722776 -0.008720246 127.256019592
-0.019490227 0.091897473 -0.995577753 -22.501659393 -0.129416615 0.987157702 0.093653820 -14.818151474 0.991398752 0.130669639 -0.007346870 127.262619019
-0.019825848 0.090949595 -0.995658100 -23.330949783 -0.127829716 0.987450182 0.092745200 -14.824339867 0.991597950 0.129113480 -0.007950976 127.289634705
-0.018935580 0.092967987 -0.995489001 -24.169517517 -0.128748670 0.987151146 0.094638303 -14.830525398 0.991496444 0.129959956 -0.006722773 127.305496216
-0.018253818 0.095279969 -0.995283067 -25.007223129 -0.130403459 0.986719131 0.096851759 -14.833682060 0.991292953 0.131556287 -0.005586552 127.316528320
-0.018320141 0.097637698 -0.995053411 -25.877103806 -0.133641481 0.986050844 0.099214844 -14.834634781 0.990860403 0.134798050 -0.005016147 127.331260681
-0.016788278 0.098692589 -0.994976342 -26.740781784 -0.135783598 0.985672772 0.100060828 -14.831161499 0.990596294 0.136781335 -0.003146913 127.341987610
-0.014997648 0.101776443 -0.994694293 -27.609916687 -0.142487839 0.984435856 0.102875203 -14.830318451 0.989682913 0.143274739 -0.000262317 127.354598999
-0.012451129 0.105648838 -0.994325519 -28.491279602 -0.147315055 0.983357787 0.106328204 -14.825811386 0.989011168 0.147803083 0.003319752 127.365936279
-0.010329314 0.107541896 -0.994146883 -29.365962982 -0.149735630 0.982823789 0.107872806 -14.820389748 0.988672137 0.149973467 0.005950959 127.394813538
-0.006263840 0.108220555 -0.994107187 -30.267927170 -0.148726702 0.982969105 0.107945167 -14.819304466 0.988858461 0.148526415 0.009938120 127.411430359
-0.003453760 0.108001351 -0.994144738 -31.160562515 -0.151194692 0.982665479 0.107279539 -14.811152458 0.988497913 0.150679946 0.012935340 127.437103271
-0.001024269 0.111755177 -0.993735313 -32.062618256 -0.151622221 0.982229292 0.110617526 -14.802855492 0.988437951 0.150785625 0.015938502 127.466583252
0.001323042 0.114009649 -0.993478775 -32.976814270 -0.150857911 0.982132435 0.112506688 -14.799217224 0.988554537 0.149725288 0.018498659 127.506278992
0.003043610 0.115209125 -0.993336558 -33.869045258 -0.151389033 0.981945217 0.113424063 -14.795131683 0.988469601 0.150035024 0.020430055 127.546981812
0.005717943 0.113325045 -0.993541479 -34.773239136 -0.152716115 0.982001960 0.111129925 -14.786752701 0.988253474 0.151094377 0.022921592 127.575477600
0.005800544 0.114461385 -0.993410766 -35.680770874 -0.156882957 0.981229782 0.112141848 -14.776170731 0.987600148 0.155198708 0.023648707 127.618499756
0.006942241 0.115193270 -0.993318796 -36.575634003 -0.157793254 0.981023967 0.112664647 -14.771631241 0.987447739 0.155956835 0.024987219 127.653343201
0.007298191 0.111513056 -0.993736148 -37.471611023 -0.158129215 0.981387615 0.108966015 -14.767168999 0.987391353 0.156343415 0.024795827 127.686653137
0.008119586 0.107468307 -0.994175375 -38.377513885 -0.159283563 0.981653094 0.104813784 -14.768396378 0.987199485 0.157504722 0.025088549 127.729644775
0.008688443 0.106705576 -0.994252682 -39.274368286 -0.158998936 0.981788099 0.103978395 -14.762680054 0.987240553 0.157181725 0.025496282 127.770156860
0.008310012 0.110853456 -0.993802071 -40.175205231 -0.161150381 0.980994284 0.108077310 -14.759747505 0.986894965 0.159253433 0.026016148 127.812591553
0.008756616 0.116887070 -0.993106604 -41.109634399 -0.161768794 0.980228245 0.113944910 -14.744841576 0.986789823 0.159655884 0.027492158 127.845809937
0.009085728 0.115744315 -0.993237495 -42.004493713 -0.159609586 0.980711639 0.112824619 -14.745523453 0.987138391 0.157505110 0.027384384 127.888153076
0.009927727 0.105270244 -0.994394064 -42.896007538 -0.158933789 0.981967807 0.102367997 -14.750009537 0.987239361 0.157026529 0.026479710 127.930130005
0.010083365 0.094809160 -0.995444417 -43.817821503 -0.160543621 0.982734382 0.091972388 -14.755369186 0.986977160 0.158884838 0.025130277 127.970687866
0.008909173 0.091712847 -0.995745599 -44.718120575 -0.157380208 0.983503461 0.089177169 -14.763525009 0.987497807 0.155916169 0.023195993 128.016616821
0.009038754 0.101745300 -0.994769454 -45.641159058 -0.150024265 0.983688176 0.099248752 -14.765653610 0.988640964 0.148342445 0.024155580 128.061676025
0.008863519 0.114991285 -0.993326962 -46.592292786 -0.145098954 0.983000338 0.112501122 -14.761182785 0.989377439 0.143133566 0.025397962 128.122375488
0.009000109 0.124168120 -0.992220461 -47.513904572 -0.145238474 0.981900811 0.121559300 -14.752959251 0.989355683 0.143014520 0.026871204 128.166946411
0.008869552 0.118219256 -0.992947936 -48.430019379 -0.145306319 0.982599616 0.115689255 -14.747854233 0.989346981 0.143255472 0.025893226 128.205841064
0.009044781 0.104757413 -0.994456649 -49.355762482 -0.145459369 0.984057069 0.102338925 -14.745652199 0.989322901 0.143727407 0.024138529 128.243911743
0.009608182 0.095894679 -0.995345116 -50.272075653 -0.145887256 0.984875023 0.093477704 -14.745235443 0.989254594 0.144310027 0.023452671 128.287063599
0.010172441 0.095950305 -0.995334148 -51.208343506 -0.144752935 0.985042334 0.093478799 -14.751653671 0.989415526 0.143126622 0.023909379 128.327850342
0.009361029 0.097509146 -0.995190561 -52.140136719 -0.147694901 0.984453321 0.095067866 -14.768646240 0.988988638 0.146094635 0.023617104 128.366271973
0.010087919 0.096858427 -0.995247066 -53.089076996 -0.152987674 0.983729422 0.094186828 -14.772260666 0.988176525 0.151310399 0.024741933 128.404144287
0.010534358 0.096304446 -0.995296180 -54.021270752 -0.154540733 0.983549118 0.093532138 -14.773203850 0.987930298 0.152828515 0.025244020 128.445632935
0.011603575 0.103702672 -0.994540691 -54.967895508 -0.163897395 0.981353283 0.100415386 -14.770048141 0.986409068 0.161837459 0.028383810 128.475967407
0.013054317 0.112929963 -0.993517160 -55.914737701 -0.169540092 0.979465246 0.109105073 -14.762735367 0.985436797 0.167016700 0.031932410 128.514221191
0.014074625 0.121129401 -0.992536962 -56.889793396 -0.169576034 0.978545427 0.117017180 -14.759219170 0.985416591 0.166663527 0.034313299 128.569366455
0.014897552 0.122075528 -0.992408991 -57.831535339 -0.170930654 0.978219986 0.117764212 -14.751869202 0.985170424 0.167878732 0.035439536 128.614151001
0.016304057 0.112294793 -0.993541121 -58.770992279 -0.172497541 0.979089856 0.107830755 -14.746955872 0.984875083 0.169625342 0.035333708 128.664215088
0.017334865 0.107645035 -0.994038284 -59.714504242 -0.171113551 0.979839563 0.103123456 -14.747412682 0.985098839 0.168305784 0.035404917 128.718414307
0.019267866 0.105880678 -0.994192064 -60.663635254 -0.169604167 0.980311096 0.101115376 -14.752561569 0.985323906 0.166670859 0.036846310 128.777130127
0.022949148 0.111700006 -0.993476927 -61.663421631 -0.171503037 0.979447067 0.106160901 -14.742087364 0.984916210 0.167948022 0.041634370 128.828338623
0.026578046 0.113810763 -0.993146837 -62.625114441 -0.174265265 0.978812814 0.107504539 -14.741657257 0.984340012 0.170213744 0.045848187 128.880844116
0.030835882 0.108576156 -0.993609726 -63.573486328 -0.173664212 0.979544818 0.101649687 -14.742134094 0.984322071 0.169420019 0.049060918 128.939071655
0.033474475 0.103052445 -0.994112432 -64.530044556 -0.173675790 0.980136573 0.095755517 -14.750675201 0.984233797 0.169447899 0.050707266 129.008422852
0.037017349 0.102930807 -0.993999481 -65.503028870 -0.171080276 0.980649173 0.095177189 -14.751855850 0.984561384 0.166530535 0.053910471 129.074111938
0.039429758 0.107505240 -0.993422329 -66.474678040 -0.168626130 0.980652153 0.099430390 -14.769172668 0.984891057 0.163596466 0.056795083 129.162719727
0.042993095 0.114282437 -0.992517591 -67.434020996 -0.168045938 0.980109453 0.105574429 -14.770033836 0.984841228 0.162249580 0.061342634 129.238937378
0.045527395 0.118509144 -0.991908789 -68.397613525 -0.165694028 0.980080247 0.109490767 -14.778068542 0.985125840 0.159368515 0.064256757 129.320526123
0.047791705 0.120090783 -0.991611898 -69.383163452 -0.165534005 0.979970992 0.110702917 -14.774580956 0.985045373 0.158854812 0.066713601 129.399963379
0.049737204 0.117086932 -0.991875410 -70.327293396 -0.164003357 0.980581582 0.107529856 -14.773355484 0.985205114 0.157322675 0.067974038 129.481323242
0.050249863 0.115500957 -0.992035508 -71.273170471 -0.161926240 0.981090605 0.106024548 -14.775960922 0.985522568 0.155308887 0.068002306 129.569183350
0.050842371 0.111980006 -0.992408931 -72.219696045 -0.158843815 0.981951714 0.102662265 -14.783734322 0.985993743 0.152418435 0.067712091 129.655990601
0.050676830 0.111629039 -0.992456973 -73.205757141 -0.157160029 0.982244194 0.102455445 -14.774518967 0.986272037 0.150782451 0.067320645 129.734634399
0.050366912 0.116435729 -0.991920292 -74.159263611 -0.153940335 0.982217073 0.107480064 -14.776528358 0.986795545 0.147283092 0.067395397 129.819046021
0.049804501 0.118001252 -0.991763651 -75.123275757 -0.147972867 0.982909024 0.109516777 -14.779874802 0.987736464 0.141299650 0.066414267 129.913909912
0.049144056 0.113558188 -0.992315173 -76.086151123 -0.145126522 0.983783662 0.105394527 -14.766877174 0.988191843 0.138831735 0.064827427 129.993927002
0.047877293 0.109717928 -0.992808998 -77.041595459 -0.146925405 0.983910739 0.101649210 -14.768445015 0.987988114 0.141002178 0.063227341 130.072113037
0.046742897 0.106894188 -0.993171036 -77.991271973 -0.143385559 0.984679461 0.099231899 -14.770519257 0.988562405 0.137767971 0.061353847 130.152313232
0.045435481 0.107574001 -0.993158340 -78.959335327 -0.143509746 0.984575629 0.100079015 -14.771752357 0.988605320 0.137980759 0.060172588 130.220642090
0.044515427 0.108737968 -0.993073225 -79.917861938 -0.144662172 0.984283090 0.101290837 -14.773099899 0.988479197 0.139151156 0.059546050 130.298553467
0.043314379 0.109019801 -0.993095458 -80.872787476 -0.146299094 0.984004915 0.101640947 -14.775654793 0.988291681 0.140886471 0.058571056 130.368865967
0.041683696 0.110087179 -0.993047476 -81.822692871 -0.146162808 0.983890474 0.102936789 -14.779793739 0.988381922 0.140855834 0.057102852 130.437316895
0.039488014 0.110111073 -0.993134558 -82.784545898 -0.145993710 0.983879566 0.103280090 -14.779571533 0.988497138 0.140913084 0.054926973 130.509963989
0.037878532 0.112293981 -0.992952824 -83.738426208 -0.145651981 0.983674467 0.105688445 -14.769591331 0.988610506 0.140622243 0.053615995 130.582015991
0.036269672 0.116157725 -0.992568314 -84.692497253 -0.147008881 0.983036518 0.109670341 -14.763147354 0.988469958 0.141938627 0.052730627 130.640304565
0.034189753 0.121009737 -0.992062390 -85.642189026 -0.148258075 0.982273877 0.114706308 -14.753476143 0.988357544 0.143159479 0.051524378 130.703353882
0.031926554 0.120856471 -0.992156446 -86.594345093 -0.148257762 0.982253730 0.114879429 -14.750802994 0.988433182 0.143427238 0.049277887 130.763916016
0.030990956 0.115834385 -0.992784977 -87.539184570 -0.148378775 0.982789755 0.110036381 -14.746953011 0.988444805 0.143898100 0.047644962 130.822235107
0.028406704 0.110928349 -0.993422329 -88.485771179 -0.152346984 0.982693613 0.105374031 -14.735567093 0.987918735 0.148351565 0.044814695 130.882247925
0.027275918 0.108901665 -0.993678272 -89.429267883 -0.150369942 0.983184040 0.103623994 -14.733663559 0.988253534 0.146592945 0.043192789 130.944885254
0.026549101 0.109953433 -0.993582070 -90.394729614 -0.145730272 0.983739793 0.104970247 -14.735612869 0.988968074 0.142008096 0.042140950 130.999603271
0.026036941 0.111308627 -0.993444741 -91.343994141 -0.142734572 0.984013319 0.106511012 -14.733977318 0.989418447 0.139025718 0.041508287 131.058242798
0.024987292 0.111520059 -0.993447959 -92.293312073 -0.137133047 0.984746337 0.107094064 -14.740525246 0.990237415 0.133558527 0.039899234 131.121917725
0.023625592 0.108707890 -0.993793011 -93.236236572 -0.133223116 0.985546649 0.104638718 -14.743564606 0.990804434 0.129924044 0.037766524 131.184051514
0.023181237 0.105503283 -0.994148731 -94.180374146 -0.128142118 0.986526847 0.101706460 -14.747205734 0.991484880 0.125034630 0.036388326 131.243499756
0.021465808 0.108023159 -0.993916631 -95.163085938 -0.126478553 0.986451685 0.104480252 -14.749084473 0.991737068 0.123466380 0.034837604 131.294586182
0.020038541 0.110523574 -0.993671477 -96.110214233 -0.125761971 0.986255527 0.107162587 -14.748629570 0.991858006 0.122818701 0.033662792 131.351577759
0.018761558 0.108083993 -0.993964732 -97.070579529 -0.121694639 0.986995041 0.105029061 -14.743251801 0.992390215 0.118989669 0.031670809 131.399002075
0.016399646 0.105155461 -0.994320631 -98.020828247 -0.118736938 0.987622261 0.102488704 -14.744007111 0.992790282 0.116381802 0.028682491 131.450180054
0.012816814 0.102888532 -0.994610310 -98.985565186 -0.117487431 0.987956941 0.100686297 -14.744741440 0.992991626 0.115563735 0.024750572 131.502304077
0.010173247 0.101847619 -0.994747937 -99.940963745 -0.111955076 0.988660812 0.100079410 -14.752351761 0.993661165 0.110348962 0.021460250 131.549255371
0.007966666 0.102010950 -0.994751394 -100.898895264 -0.105218083 0.989346266 0.100613996 -14.747779846 0.994417310 0.103864260 0.018615190 131.590042114
0.005772911 0.109508112 -0.993969083 -101.868110657 -0.095261283 0.989525437 0.108465262 -14.743477821 0.995435536 0.094060600 0.016144320 131.646392822
0.003116963 0.117779084 -0.993034959 -102.826553345 -0.087188601 0.989289999 0.117061272 -14.740606308 0.996186912 0.086216435 0.013352576 131.700149536
-0.000095366 0.117614217 -0.993059337 -103.782173157 -0.082924381 0.989638090 0.117217004 -14.736428261 0.996555746 0.082359999 0.009658709 131.747177124
-0.002487351 0.107253239 -0.994228601 -104.734184265 -0.083911501 0.990702808 0.107082829 -14.734677315 0.996470094 0.083693542 0.006535553 131.776000977
-0.004588065 0.097768672 -0.995198607 -105.681175232 -0.085652918 0.991513193 0.097801492 -14.732110023 0.996314466 0.085690372 0.003825045 131.811538696
-0.004952309 0.099331662 -0.995042026 -106.639450073 -0.092953339 0.990700305 0.099360861 -14.735077858 0.995658159 0.092984550 0.004326956 131.830200195
-0.005909976 0.108459175 -0.994083345 -107.603675842 -0.096172601 0.989430904 0.108523317 -14.722502708 0.995347083 0.096244961 0.004583288 131.865783691
-0.007484378 0.119811855 -0.992768526 -108.566520691 -0.100130744 0.987716675 0.119957060 -14.711161613 0.994946122 0.100304462 0.004604407 131.893234253
-0.008848856 0.121625885 -0.992536545 -109.507865906 -0.107222453 0.986737490 0.121871166 -14.702187538 0.994195700 0.107500643 0.004309528 131.921661377
-0.008432048 0.118493788 -0.992918968 -110.490859985 -0.114422791 0.986317873 0.118677728 -14.683053017 0.993396342 0.114613250 0.005241711 131.935501099
-0.008670216 0.114520438 -0.993383050 -111.445404053 -0.122566506 0.985808074 0.114716932 -14.670687675 0.992422402 0.122750096 0.005489203 131.957702637
-0.006437940 0.116534360 -0.993165851 -112.411392212 -0.127169847 0.985026956 0.116403721 -14.652434349 0.991859972 0.127050146 0.008478112 131.979751587
-0.004907753 0.117785342 -0.993026972 -113.389984131 -0.135269582 0.983833313 0.117363393 -14.635394096 0.990796626 0.134902343 0.011104365 132.000305176
-0.004392150 0.120481834 -0.992705882 -114.353713989 -0.144484416 0.982222259 0.119848728 -14.618731499 0.989497364 0.143956929 0.013093676 132.019485474
-0.004123092 0.122716360 -0.992433250 -115.329017639 -0.149924502 0.981148541 0.121943839 -14.597764969 0.988688886 0.149292842 0.014352821 132.043930054
-0.004123077 0.121938840 -0.992529035 -116.302215576 -0.153851092 0.980642796 0.121117651 -14.586610794 0.988085449 0.153201088 0.014717162 132.086715698
-0.002513929 0.112499684 -0.993648648 -117.257423401 -0.152815863 0.981937647 0.111560404 -14.589071274 0.988251448 0.152125701 0.014723212 132.116821289
-0.001208451 0.100875229 -0.994898319 -118.206794739 -0.155883670 0.982717752 0.099829562 -14.580534935 0.987774670 0.155209035 0.014537237 132.153137207
