1.000000000 0.000000000 0.000000000 0.000000000 0.000000000 1.000000000 0.000000000 0.000000000 0.000000000 0.000000000 1.000000000 0.000000000
0.999997616 -0.001695779 -0.001390372 0.050700225 0.001692728 0.999996185 -0.002192116 -0.132383913 0.001394084 0.002189757 0.999996603 1.297025323
0.999997497 -0.000059580 -0.002213011 0.106261060 0.000045521 0.999979794 -0.006352580 -0.267240286 0.002213345 0.006352463 0.999977291 2.600628614
0.999996126 0.002384759 -0.001415158 0.150208682 -0.002395770 0.999966443 -0.007830180 -0.406833738 0.001396438 0.007833540 0.999968350 3.904395342
0.999983847 0.005677888 0.000097611 0.194964364 -0.005677131 0.999962568 -0.006526924 -0.545923471 -0.000134667 0.006526265 0.999978721 5.216681957
0.999975502 0.006569587 0.002458876 0.243175015 -0.006561611 0.999973178 -0.003238751 -0.690735042 -0.002480088 0.003222537 0.999991655 6.539826870
0.999960840 0.006817511 0.005648857 0.300561488 -0.006806970 0.999975026 -0.001883309 -0.828208804 -0.005661556 0.001844784 0.999982238 7.844192028
0.999944270 0.005162097 0.009211497 0.355572283 -0.005145834 0.999985158 -0.001788398 -0.962846339 -0.009220593 0.001740898 0.999955952 9.152003288
0.999914110 0.003783548 0.012548561 0.433859706 -0.003762871 0.999991536 -0.001670994 -1.099783778 -0.012554778 0.001623632 0.999919891 10.452274323
0.999870598 0.002625597 0.015871577 0.498648345 -0.002587608 0.999993742 -0.002413637 -1.237259030 -0.015877817 0.002372256 0.999871075 11.766218185
0.999813855 0.001375274 0.019243367 0.575414717 -0.001312723 0.999993861 -0.003262766 -1.371564507 -0.019247737 0.003236897 0.999809504 13.060573578
0.999742627 0.001511938 0.022632213 0.641975164 -0.001439334 0.999993861 -0.003223900 -1.522535682 -0.022636948 0.003190495 0.999738634 14.385817528
0.999661684 0.001505089 0.025964767 0.726913035 -0.001394822 0.999989927 -0.004264377 -1.661276460 -0.025970923 0.004226719 0.999653637 15.683274269
0.999576628 0.002144334 0.029017288 0.812969446 -0.002020735 0.999988735 -0.004288132 -1.799151421 -0.029026162 0.004227680 0.999569714 16.992731094
0.999476612 0.001700110 0.032305524 0.901425004 -0.001574517 0.999991059 -0.003912710 -1.937569022 -0.032311887 0.003859796 0.999470353 18.280179977
0.999408543 0.000094780 0.034386586 0.999721706 0.000025788 0.999993801 -0.003505776 -2.082958460 -0.034386706 0.003504590 0.999402463 19.587905884
0.999351144 -0.002453898 0.035933174 1.097347975 0.002630511 0.999984741 -0.004868602 -2.222241402 -0.035920683 0.004959966 0.999342322 20.866912842
0.999303877 -0.002053406 0.037250105 1.194970369 0.002298328 0.999976039 -0.006533443 -2.367356539 -0.037235800 0.006614508 0.999284565 22.179180145
0.999255478 -0.001975207 0.038530093 1.276634336 0.002330055 0.999955237 -0.009166892 -2.510941744 -0.038510259 0.009249844 0.999215424 23.465835571
0.999224246 -0.001663605 0.039345726 1.387371778 0.002078486 0.999942660 -0.010505968 -2.655421972 -0.039325997 0.010579596 0.999170363 24.752244949
0.999178052 -0.000958713 0.040526144 1.486603260 0.001411849 0.999936819 -0.011154194 -2.800990105 -0.040512890 0.011202239 0.999116302 26.022302628
0.999161065 -0.002575570 0.040875480 1.587253213 0.002989831 0.999944746 -0.010076819 -2.949393511 -0.040847279 0.010190573 0.999113441 27.319694519
0.999154627 -0.005525599 0.040736631 1.691384077 0.005898148 0.999941766 -0.009030808 -3.094805002 -0.040684365 0.009263445 0.999129057 28.597433090
0.999177158 -0.007059598 0.039938841 1.787517071 0.007439271 0.999928474 -0.009365750 -3.242025375 -0.039869856 0.009655160 0.999158204 29.889102936
0.999191165 -0.008608826 0.039280832 1.890669107 0.009080664 0.999888539 -0.011849356 -3.388213396 -0.039174441 0.012196466 0.999157965 31.156169891
0.999223888 -0.008810251 0.038392585 1.998943806 0.009285432 0.999882281 -0.012216209 -3.534667253 -0.038280442 0.012563220 0.999188066 32.446853638
0.999233961 -0.009312837 0.038009252 2.094172955 0.009791830 0.999874711 -0.012435340 -3.679565907 -0.037888676 0.012797995 0.999199986 33.712322235
0.999255538 -0.009920835 0.037281662 2.193619728 0.010397055 0.999866545 -0.012601452 -3.823257446 -0.037151664 0.012979686 0.999225318 34.983814240
0.999267042 -0.010554071 0.036797803 2.285286427 0.011044103 0.999852657 -0.013139103 -3.967718124 -0.036653716 0.013535870 0.999236345 36.242149353
0.999309599 -0.010981572 0.035492629 2.402346373 0.011458637 0.999846339 -0.013265968 -4.127756119 -0.035341494 0.013663505 0.999281883 37.533561707
0.999300957 -0.010684934 0.035825208 2.489074707 0.011110038 0.999869943 -0.011688067 -4.272195816 -0.035695657 0.012077915 0.999289691 38.800231934
0.999273717 -0.010697724 0.036571700 2.595369101 0.011083073 0.999884963 -0.010350337 -4.414138317 -0.036456775 0.010748148 0.999277413 40.065761566
0.999198318 -0.012362793 0.038078316 2.708834648 0.012699328 0.999882281 -0.008608751 -4.555019379 -0.037967406 0.009085419 0.999237597 41.314346313
0.999077380 -0.013507262 0.040766336 2.798835039 0.013921867 0.999854028 -0.009903510 -4.701935291 -0.040626626 0.010461917 0.999119759 42.580703735
0.998955131 -0.014735470 0.043260302 2.894975901 0.015309231 0.999798775 -0.012961768 -4.851449490 -0.043060597 0.013610507 0.998979807 43.831356049
0.998859465 -0.015857697 0.045037296 3.002840042 0.016510138 0.999763548 -0.014151849 -4.996897221 -0.044802237 0.014879278 0.998885036 45.090175629
0.998739183 -0.016150305 0.047532134 3.130287170 0.016793178 0.999772429 -0.013156916 -5.127923489 -0.047308825 0.013938543 0.998783052 46.326084137
0.998534858 -0.017422434 0.051230513 3.232460260 0.017931459 0.999794126 -0.009493159 -5.286609650 -0.051054575 0.010397890 0.998641670 47.582130432
0.998253405 -0.020427419 0.055432789 3.343969107 0.020875959 0.999753773 -0.007524593 -5.424319744 -0.055265434 0.008668663 0.998434126 48.804100037
0.998026371 -0.022571597 0.058598001 3.482396126 0.023072479 0.999702692 -0.007885193 -5.565366268 -0.058402602 0.009221632 0.998250544 50.064720154
0.997749448 -0.025787648 0.061895605 3.623685360 0.026556289 0.999579668 -0.011627916 -5.698742867 -0.061569732 0.013245466 0.998014987 51.295902252
0.997454226 -0.027272779 0.065887809 3.754776955 0.028107014 0.999535680 -0.011767605 -5.836173534 -0.065536276 0.013589557 0.997757673 52.525371552
0.997092724 -0.029813375 0.070123799 3.882946491 0.030534927 0.999491036 -0.009240150 -5.975823879 -0.069812611 0.011354513 0.997495532 53.743957520
0.996819794 -0.032541852 0.072741844 4.041769981 0.033056978 0.999436080 -0.005888417 -6.112701893 -0.072509192 0.008274315 0.997333407 54.960346222
0.996593893 -0.035035480 0.074652813 4.194964886 0.035429511 0.999364376 -0.003959943 -6.245758533 -0.074466623 0.006591367 0.997201681 56.174770355
0.996387184 -0.038498785 0.075699516 4.352279663 0.038688097 0.999250770 -0.001035442 -6.367564678 -0.075602956 0.003960372 0.997130156 57.391159058
0.996217787 -0.041472994 0.076355748 4.500420570 0.041568004 0.999135554 0.000345308 -6.493360519 -0.076304078 0.002829954 0.997080564 58.595100403
0.996174037 -0.043695383 0.075685471 4.656263351 0.044020414 0.999027193 -0.002630709 -6.621529102 -0.075496905 0.005952348 0.997128248 59.805789948
0.996181130 -0.044776164 0.074956037 4.803901672 0.045416437 0.998944581 -0.006858394 -6.750531673 -0.074569829 0.010236437 0.997163236 60.993919373
0.996197522 -0.046075918 0.073942937 4.935713768 0.046999905 0.998836458 -0.010804125 -6.879126549 -0.073359095 0.014238356 0.997203946 62.196235657
0.996258855 -0.047468640 0.072215341 5.085732937 0.048555210 0.998731077 -0.013364973 -7.009899139 -0.071489304 0.016821403 0.997299433 63.389968872
0.996360481 -0.047949512 0.070474215 5.212708473 0.049017146 0.998706818 -0.013497897 -7.144405365 -0.069735862 0.016903216 0.997422218 64.571434021
0.996588111 -0.047288734 0.067644596 5.346939087 0.048270885 0.998750210 -0.012958457 -7.278569221 -0.066947259 0.016179508 0.997625291 65.749206543
0.996824384 -0.046306606 0.064782105 5.462054253 0.047108591 0.998830199 -0.010906707 -7.418896675 -0.064201266 0.013923866 0.997839808 66.948234558
0.997222126 -0.042451449 0.061204400 5.581004620 0.042985633 0.999048054 -0.007437177 -7.547660351 -0.060830407 0.010047426 0.998097479 68.122856140
0.997433841 -0.040615022 0.058959033 5.684480190 0.040956896 0.999150395 -0.004601119 -7.677806854 -0.058722064 0.007004091 0.998249710 69.287040710
0.997711003 -0.039625537 0.054796193 5.815032005 0.040116798 0.999163747 -0.007894055 -7.817212582 -0.054437574 0.010074233 0.998466372 70.496620178
0.997896075 -0.039876822 0.051119674 5.925696373 0.040677410 0.999063909 -0.014717152 -7.944812298 -0.050484944 0.016765604 0.998584151 71.654708862
0.997968256 -0.043212514 0.046820939 6.036480427 0.044097491 0.998864412 -0.018035699 -8.077813148 -0.045988396 0.020063739 0.998740494 72.827438354
0.997944713 -0.047537964 0.042969964 6.156135082 0.048147146 0.998752236 -0.013254356 -8.215717316 -0.042286258 0.015295994 0.998988569 74.020057678
0.997935534 -0.051336888 0.038591929 6.260705948 0.051691927 0.998628914 -0.008258063 -8.342517853 -0.038115073 0.010235906 0.999220967 75.177665710
0.997985840 -0.053644806 0.033859558 6.358270645 0.053855639 0.998534441 -0.005344835 -8.473179817 -0.033523209 0.007157597 0.999412298 76.369583130
0.998167038 -0.052681964 0.029781865 6.445881844 0.052795131 0.998600781 -0.003025816 -8.595875740 -0.029580783 0.004592607 0.999551833 77.527976990
0.998292089 -0.052375734 0.025874875 6.538390636 0.052480511 0.998616219 -0.003386411 -8.706189156 -0.025661711 0.004738554 0.999659419 78.687744141
0.998455584 -0.050855938 0.022362893 6.611948490 0.050977241 0.998687863 -0.004887685 -8.842309952 -0.022084979 0.006020135 0.999737978 79.866775513
0.998645961 -0.048420403 0.019015145 6.688456535 0.048611052 0.998770714 -0.009695005 -8.971579552 -0.018522335 0.010606224 0.999772191 81.013740540
0.998531997 -0.052070212 0.014916129 6.773550987 0.052286815 0.998526573 -0.014519708 -9.111506462 -0.014138105 0.015278311 0.999783337 82.174438477
0.998388290 -0.055366591 0.012462326 6.827068329 0.055555645 0.998337269 -0.015372870 -9.243692398 -0.011590463 0.016040444 0.999804139 83.313659668
0.998410404 -0.055762101 0.008197675 6.901783466 0.055860691 0.998362422 -0.012333266 -9.369639397 -0.007496523 0.012771590 0.999890268 84.466232300
0.998395801 -0.056334756 0.005665230 6.959248543 0.056389146 0.998359323 -0.009947738 -9.495473862 -0.005095531 0.010251237 0.999934435 85.598930359
0.998526812 -0.054054793 0.004711558 7.012274265 0.054107442 0.998464525 -0.011871894 -9.621738434 -0.004062591 0.012109334 0.999918401 86.744201660
0.998723328 -0.050367806 0.003834144 7.063978195 0.050419196 0.998619080 -0.014757185 -9.754907608 -0.003085563 0.014931662 0.999883771 87.870765686
0.998778284 -0.049348157 0.002617803 7.114562988 0.049386203 0.998629630 -0.017310588 -9.885517120 -0.001759970 0.017418722 0.999846697 88.988372803
0.998734653 -0.050256651 0.001847640 7.160634995 0.050281338 0.998581707 -0.017501559 -10.021600723 -0.000965450 0.017572317 0.999845088 90.113487244
0.998680890 -0.051337607 0.000986860 7.206840515 0.051346712 0.998562455 -0.015385998 -10.155491829 -0.000195561 0.015416376 0.999881148 91.224853516
0.998583436 -0.053207498 -0.000367789 7.265018463 0.053198706 0.998505116 -0.012544291 -10.281859398 0.001034689 0.012506956 0.999921262 92.334686279
0.998609424 -0.052716561 -0.000362598 7.311913013 0.052708443 0.998538077 -0.011973487 -10.408267975 0.000993269 0.011937725 0.999928236 93.473907471
0.998590291 -0.053076688 -0.000495527 7.352916241 0.053064670 0.998494089 -0.013915335 -10.543245316 0.001233361 0.013869422 0.999903023 94.599723816
0.998584986 -0.053169262 -0.001074304 7.408183098 0.053142395 0.998433769 -0.017490616 -10.670693398 0.002002584 0.017408773 0.999846399 95.699096680
0.998529375 -0.054190259 -0.001579317 7.461022854 0.054151185 0.998356342 -0.018767783 -10.800305367 0.002593752 0.018654659 0.999822617 96.804931641
0.998527765 -0.054236215 -0.000774334 7.499007225 0.054214850 0.998380661 -0.017228240 -10.935297012 0.001707475 0.017160898 0.999851286 97.872047424
0.998550057 -0.053831533 -0.000381004 7.549306393 0.053823628 0.998484492 -0.011481921 -11.057761192 0.000998516 0.011444768 0.999933958 98.961723328
0.998645127 -0.052028582 0.000863632 7.597624302 0.052034128 0.998607278 -0.008707901 -11.174606323 -0.000409369 0.008741042 0.999961734 100.028190613
0.998724043 -0.050418690 0.002883255 7.649981022 0.050442755 0.998686492 -0.008989571 -11.286740303 -0.002426226 0.009123541 0.999955475 101.080490112
0.998822033 -0.048306931 0.004607725 7.703502178 0.048352279 0.998777270 -0.010298239 -11.414365768 -0.004104615 0.010508902 0.999936283 102.130455017
0.998796344 -0.048566137 0.006872347 7.758536339 0.048651729 0.998732626 -0.012890013 -11.530327797 -0.006237619 0.013208849 0.999893248 103.145805359
0.998704910 -0.050164424 0.008482565 7.819548607 0.050276838 0.998642683 -0.013603520 -11.645755768 -0.007788640 0.014012379 0.999871433 104.162956238
0.998620093 -0.051492669 0.010318472 7.885244846 0.051621594 0.998586774 -0.012644860 -11.772444725 -0.009652772 0.013160068 0.999866724 105.155136108
0.998610735 -0.051337853 0.011878207 7.946288109 0.051471226 0.998611510 -0.011208761 -11.885845184 -0.011286282 0.011804575 0.999866545 106.113365173
0.998538613 -0.052348092 0.013437395 8.002500534 0.052479777 0.998575449 -0.009641240 -11.995325089 -0.012913553 0.010332344 0.999863148 107.066513062
0.998472393 -0.053048655 0.015448291 8.056482315 0.053205751 0.998534083 -0.009942370 -12.101324081 -0.014898215 0.010749121 0.999831200 107.982521057
0.998461068 -0.052784164 0.017011225 8.118478775 0.052928858 0.998564839 -0.008170580 -12.203063965 -0.016555535 0.009058389 0.999821842 108.889022827
0.998470783 -0.051848885 0.019179096 8.169867516 0.051974982 0.998629570 -0.006135126 -12.299827576 -0.018834710 0.007122578 0.999797225 109.757728577
0.998442113 -0.052109536 0.019947659 8.234595299 0.052171573 0.998634756 -0.002601675 -12.404975891 -0.019784851 0.003638323 0.999797642 110.618255615
0.998408437 -0.052116103 0.021550234 8.293332100 0.052182440 0.998634398 -0.002527200 -12.495776176 -0.021389097 0.003647721 0.999764621 111.445228577
0.998426795 -0.051325981 0.022572177 8.344450951 0.051379453 0.998677611 -0.001794926 -12.585641861 -0.022450201 0.002951849 0.999743581 112.256340027
0.998534501 -0.048983615 0.023013316 8.395208359 0.049032062 0.998796046 -0.001545467 -12.664262772 -0.022909906 0.002671592 0.999733865 113.036537170
0.998672724 -0.046500791 0.022147464 8.443116188 0.046479940 0.998918176 0.001455429 -12.740249634 -0.022191182 -0.000424084 0.999753594 113.791023254
0.998736322 -0.046424948 0.019248292 8.485598564 0.046385843 0.998920500 0.002473522 -12.824955940 -0.019342348 -0.001577548 0.999811649 114.544967651
0.998839140 -0.046394017 0.012956234 8.519549370 0.046365365 0.998921454 0.002503504 -12.897760391 -0.013058407 -0.001899877 0.999912918 115.242378235
0.998998106 -0.044668112 0.002723513 8.543338776 0.044664476 0.999001145 0.001378792 -12.972245216 -0.002782380 -0.001255766 0.999995291 115.910522461
0.999055684 -0.042001739 -0.011112757 8.540682793 0.041987117 0.999117017 -0.001546012 -13.039962769 0.011167878 0.001077960 0.999936998 116.552917480
0.998714507 -0.040596537 -0.030351799 8.544239044 0.040491417 0.999171734 -0.004070122 -13.107393265 0.030491887 0.002835904 0.999530911 117.173591614
0.997858703 -0.038984895 -0.052517533 8.505830765 0.038716991 0.999231517 -0.006109475 -13.179538727 0.052715346 0.004063072 0.998601258 117.759727478
0.996053457 -0.037249103 -0.080560938 8.468219757 0.036702245 0.999292135 -0.008258786 -13.243691444 0.080811538 0.005269424 0.996715426 118.328277588
0.993030608 -0.035157319 -0.112489872 8.393162727 0.034191679 0.999360085 -0.010502568 -13.309890747 0.112787135 0.006583155 0.993597329 118.870857239
0.988595545 -0.030392595 -0.147496328 8.277412415 0.028954297 0.999509990 -0.011889225 -13.372617722 0.147785395 0.007482982 0.988991141 119.403091431
0.982158899 -0.024614852 -0.186434686 8.181005478 0.022931041 0.999674439 -0.011183066 -13.436190605 0.186649263 0.006708406 0.982403696 119.919921875
0.973500669 -0.019193113 -0.227877319 8.037828445 0.017598592 0.999804378 -0.009027284 -13.496076584 0.228006020 0.004777747 0.973648071 120.423820496
0.962042868 -0.014600800 -0.272507787 7.862701416 0.012989582 0.999885798 -0.007715723 -13.552735329 0.272589356 0.003883094 0.962122619 120.915962219
0.947734654 -0.008538503 -0.318945408 7.671257019 0.006235093 0.999946535 -0.008242274 -13.608793259 0.318998754 0.005822834 0.947737336 121.375289917
0.930142522 -0.000571814 -0.367198408 7.444755554 -0.003052708 0.999952197 -0.009289902 -13.663499832 0.367186189 0.009761881 0.930096328 121.843971252
0.908931434 0.003852740 -0.416927844 7.184032440 -0.008898087 0.999908745 -0.010158498 -13.716353416 0.416850686 0.012943241 0.908882797 122.285049438
0.883706391 0.008121570 -0.467971295 6.915054321 -0.013949489 0.999862254 -0.008989445 -13.770060539 0.467833787 0.014471992 0.883697927 122.695938110
0.854544461 0.011377142 -0.519253612 6.626583099 -0.018966852 0.999776721 -0.009308395 -13.809764862 0.519031763 0.017803043 0.854569435 123.095932007
0.822781861 0.021279981 -0.567958891 6.303092957 -0.029749263 0.999541521 -0.005646416 -13.864004135 0.567578316 0.021542124 0.823037565 123.464324951
0.789031982 0.034584228 -0.613377929 5.950241089 -0.043094218 0.999070525 0.000895648 -13.906618118 0.612838864 0.025726344 0.789789021 123.816436768
0.752507746 0.043024819 -0.657176554 5.605773926 -0.053970076 0.998536170 0.003574289 -13.950471878 0.656368315 0.032778185 0.753728211 124.129287720
0.712625206 0.046861831 -0.699978113 5.237636566 -0.061198004 0.998115420 0.004517682 -13.995839119 0.698870540 0.039617844 0.714150012 124.424728394
0.670139551 0.048654366 -0.740638733 4.856216431 -0.063781098 0.997933030 0.007846696 -14.045115471 0.739489675 0.041980375 0.671857595 124.707397461
0.626411200 0.052022386 -0.777754903 4.439113617 -0.067440428 0.997646153 0.012413272 -14.075907707 0.776569784 0.044676315 0.628445029 124.976646423
0.580675721 0.061025620 -0.811844528 4.030250549 -0.077904694 0.996775866 0.019205028 -14.118336678 0.810398936 0.052094605 0.583557725 125.200820923
0.535613894 0.069685370 -0.841582835 3.561199188 -0.091040306 0.995545924 0.024492584 -14.132101059 0.839541197 0.063499384 0.539572418 125.424148560
0.488757908 0.074737810 -0.869212270 3.111610413 -0.096930124 0.994807363 0.031033080 -14.155085564 0.867017984 0.069085211 0.493464261 125.614936829
0.440793931 0.076161064 -0.894371450 2.650379181 -0.096212290 0.994662404 0.037282899 -14.183537483 0.892437100 0.069615453 0.445768625 125.800598145
0.393798888 0.077795528 -0.915898621 2.173660278 -0.093804315 0.994611263 0.044149287 -14.206004143 0.914397597 0.068529308 0.398974359 125.969604492
0.348664582 0.080619000 -0.933773816 1.675262451 -0.095419325 0.994170308 0.050204519 -14.229884148 0.932377696 0.071595520 0.354324609 126.107833862
0.305064380 0.084127508 -0.948608637 1.175601959 -0.101116180 0.993321180 0.055574745 -14.251258850 0.946948349 0.078965820 0.311533511 126.222473145
0.263700426 0.085093401 -0.960844100 0.659061432 -0.105812415 0.992641985 0.058869600 -14.264800072 0.958783507 0.086145297 0.270764053 126.321273804
0.223818094 0.081945181 -0.971179962 0.128736496 -0.106149897 0.992581069 0.059287630 -14.284143448 0.968833148 0.089821003 0.230856046 126.425285339
0.188699573 0.077305637 -0.978987396 -0.408399582 -0.100985758 0.993139386 0.058958165 -14.309527397 0.976828694 0.087738402 0.195211768 126.513542175
0.158349067 0.071673229 -0.984778404 -0.960239410 -0.099017605 0.993486822 0.056385342 -14.326359749 0.982405901 0.088581823 0.164414614 126.592262268
0.131645158 0.070198394 -0.988808274 -1.522850037 -0.099961281 0.993345141 0.057212122 -14.348589897 0.986244082 0.091310836 0.137786195 126.661476135
0.109771788 0.069184288 -0.991546094 -2.108913422 -0.101044953 0.993183255 0.058112081 -14.363043785 0.988807440 0.093811654 0.116014227 126.720130920
0.091231793 0.070286140 -0.993346214 -2.714344978 -0.102735929 0.992847919 0.060815312 -14.374860764 0.990516067 0.096504048 0.097800218 126.771148682
0.075635776 0.069682978 -0.994697750 -3.319897652 -0.104679592 0.992597938 0.061576147 -14.409195900 0.991625667 0.099467203 0.082370296 126.811470032
0.061635099 0.068146810 -0.995769739 -3.959979057 -0.102579877 0.992815912 0.061595287 -14.434141159 0.992813349 0.098349497 0.068182804 126.863975525
0.049062368 0.065591663 -0.996639669 -4.590705872 -0.098703273 0.993275404 0.060511306 -14.457683563 0.993906736 0.095402762 0.055206552 126.912277222
0.037102446 0.063107118 -0.997316897 -5.241546154 -0.096127555 0.993601203 0.059295848 -14.476758957 0.994677365 0.093669601 0.042931363 126.950408936
0.026256178 0.062469430 -0.997701466 -5.902900696 -0.096098185 0.993580997 0.059682459 -14.496955872 0.995025575 0.094310261 0.032090832 126.978576660
0.016623655 0.064421833 -0.997784257 -6.585948944 -0.099838272 0.993041813 0.062452272 -14.528477669 0.994864821 0.098578893 0.022939745 127.000785828
0.008380301 0.063313618 -0.997958481 -7.267835617 -0.102223150 0.992819369 0.062129170 -14.546729088 0.994726181 0.101493813 0.014792244 127.015342712
0.001713573 0.062993020 -0.998012543 -7.953767300 -0.104902096 0.992518783 0.062466141 -14.571752548 0.994481087 0.104586579 0.008308857 127.029792786
-0.003470447 0.063944347 -0.997947454 -8.659465790 -0.105296962 0.992382228 0.063953929 -14.589902878 0.994434714 0.105302788 0.003289134 127.045707703
-0.006867874 0.066541947 -0.997759998 -9.368559837 -0.107623488 0.991938710 0.066894531 -14.610592842 0.994168103 0.107841842 0.000348968 127.062568665
-0.007658747 0.070079334 -0.997511983 -10.085123062 -0.109491006 0.991484761 0.070496544 -14.634304047 0.993958354 0.109758511 0.000079524 127.071609497
-0.009096620 0.073459409 -0.997256637 -10.818970680 -0.111745007 0.990976632 0.074016117 -14.651314735 0.993695378 0.112111740 -0.000805814 127.087982178
-0.009837002 0.078834623 -0.996839166 -11.557589531 -0.116523825 0.990005434 0.079444073 -14.659551620 0.993139148 0.116937011 -0.000552572 127.096824646
-0.010783464 0.082163192 -0.996560514 -12.304553032 -0.119530484 0.989366591 0.082863472 -14.668769836 0.992771864 0.120012917 -0.000847790 127.101791382
-0.012249188 0.083155863 -0.996461213 -13.050589561 -0.119715288 0.989246190 0.084025368 -14.691975594 0.992732704 0.120320871 -0.002162435 127.118064880
-0.014048692 0.080172621 -0.996681929 -13.791773796 -0.117071852 0.989792645 0.081268616 -14.711631775 0.993024111 0.117825106 -0.004519336 127.141265869
-0.015385889 0.076628052 -0.996941090 -14.553789139 -0.120945886 0.989595413 0.077930003 -14.718104362 0.992539883 0.121774934 -0.005957959 127.149177551
-0.016417895 0.078184210 -0.996803880 -15.326168060 -0.126173556 0.988806546 0.079635084 -14.728178024 0.991872311 0.127077699 -0.006369345 127.147506714
-0.018224753 0.081690177 -0.996491134 -16.094371796 -0.123023964 0.988900006 0.083317846 -14.742686272 0.992236376 0.124110743 -0.007972607 127.162612915
-0.020334071 0.081939600 -0.996429861 -16.863458633 -0.122055486 0.988977849 0.083817571 -14.763738632 0.992314994 0.123324089 -0.010108765 127.178024292
-0.021603767 0.080913186 -0.996487141 -17.663118362 -0.124968693 0.988683820 0.082988895 -14.773635864 0.991925478 0.126322582 -0.011247682 127.175689697
-0.022095717 0.080721028 -0.996491849 -18.450214386 -0.129694507 0.988081217 0.082915485 -14.780786514 0.991307795 0.131071597 -0.011363289 127.172157288
-0.023093993 0.085328355 -0.996085227 -19.253904343 -0.131711811 0.987406492 0.087638602 -14.789608002 0.991019011 0.133220136 -0.011564405 127.172653198
-0.023686726 0.089658730 -0.995690823 -20.068685532 -0.130148783 0.987217605 0.091991879 -14.798474312 0.991211534 0.131766915 -0.011714983 127.184288025
-0.023101004 0.091926903 -0.995497763 -20.895807266 -0.132430702 0.986706972 0.094188243 -14.812244415 0.990923047 0.134010285 -0.010619977 127.201080322
-0.021413438 0.090713762 -0.995646775 -21.713876724 -0.131829664 0.986923218 0.092754237 -14.818959236 0.991041005 0.133241951 -0.009174660 127.211738586
-0.020300705 0.090777487 -0.995664299 -22.545450211 -0.131922141 0.986918867 0.092669919 -14.824812889 0.991052151 0.133231416 -0.008059589 127.220939636
-0.020005412 0.089743033 -0.995763958 -23.380916595 -0.130587354 0.987196684 0.091594487 -14.832122803 0.991234958 0.131866589 -0.008029970 127.240760803
-0.019405214 0.091886401 -0.995580316 -24.219074249 -0.131422207 0.986893475 0.093646236 -14.840122223 0.991136491 0.132658616 -0.007074965 127.258865356
-0.018917283 0.093807176 -0.995410621 -25.056922913 -0.133099481 0.986491263 0.095496111 -14.840947151 0.990922093 0.134295166 -0.006176050 127.273742676
-0.018605445 0.096241698 -0.995184183 -25.932308197 -0.136091575 0.985848844 0.097883224 -14.843142509 0.990521550 0.137257293 -0.005244472 127.284065247
-0.017027695 0.097412974 -0.995098352 -26.795192719 -0.138279498 0.985449374 0.098834604 -14.841629028 0.990246892 0.139284611 -0.003309712 127.294235229
-0.015403005 0.100625388 -0.994805157 -27.664350510 -0.145168200 0.984156489 0.101795971 -14.843154907 0.989287138 0.145981997 -0.000551361 127.307090759
-0.012944306 0.104314633 -0.994460106 -28.545848846 -0.149743125 0.983125746 0.105074838 -14.838224411 0.988640189 0.150273696 0.002894521 127.319931030
-0.010845663 0.106175244 -0.994288266 -29.420501709 -0.152296975 0.982570648 0.106585234 -14.834108353 0.988275349 0.152583078 0.005513537 127.348274231
-0.007091796 0.107100777 -0.994222879 -30.319231033 -0.151367351 0.982676208 0.106936634 -14.836354256 0.988452137 0.151251256 0.009242622 127.367424011
-0.004640482 0.107040495 -0.994243801 -31.209201813 -0.153949842 0.982324958 0.106475838 -14.830904007 0.988067806 0.153557777 0.011920405 127.396392822
-0.002011487 0.111057438 -0.993811905 -32.113456726 -0.154572636 0.981835186 0.110031895 -14.824905396 0.987979412 0.153837442 0.015191490 127.421768188
0.000348417 0.112981126 -0.993597090 -33.022594452 -0.153799430 0.981781423 0.111583658 -14.818227768 0.988102019 0.152775764 0.017718503 127.458702087
0.002090916 0.114378870 -0.993435025 -33.914722443 -0.154525355 0.981541753 0.112684302 -14.816115379 0.987986624 0.153275236 0.019726751 127.497879028
0.004738580 0.112441733 -0.993647039 -34.820289612 -0.155783132 0.981609643 0.110336661 -14.808701515 0.987779856 0.154270634 0.022167958 127.525177002
0.004699649 0.113722116 -0.993501425 -35.727203369 -0.160104126 0.980781555 0.111508764 -14.800953865 0.987089038 0.158539623 0.022816708 127.567596436
0.005743774 0.114374630 -0.993421078 -36.621948242 -0.160897955 0.980599225 0.111968160 -14.796661377 0.986954331 0.159196317 0.024034988 127.601791382
0.006136040 0.110847712 -0.993818521 -37.516838074 -0.161446139 0.980908871 0.108411014 -14.794168472 0.986862361 0.159782961 0.023914829 127.634086609
0.006866922 0.106728524 -0.994264483 -38.420993805 -0.162293091 0.981224716 0.104207873 -14.796901703 0.986718714 0.160646647 0.024059292 127.677490234
0.007372072 0.105848089 -0.994354963 -39.318172455 -0.161875084 0.981392980 0.103268184 -14.791066170 0.986783743 0.160199985 0.024369067 127.716491699
0.007022785 0.110038579 -0.993902504 -40.218605042 -0.164229736 0.980557978 0.107400715 -14.789413452 0.986397207 0.162474081 0.024957851 127.758102417
0.007656709 0.116393641 -0.993173659 -41.153781891 -0.165009424 0.979734182 0.113546535 -14.775970459 0.986262262 0.163013607 0.026707591 127.785621643
0.007867401 0.114994287 -0.993335009 -42.048614502 -0.162819192 0.980256736 0.112190709 -14.775362015 0.986624599 0.160851344 0.026435347 127.828659058
0.008856149 0.104528882 -0.994482458 -42.939426422 -0.162140518 0.981510758 0.101721540 -14.781347275 0.986727953 0.160345033 0.025640776 127.868186951
0.008929987 0.094332524 -0.995500684 -43.870121002 -0.163773671 0.982235432 0.091606416 -14.788955688 0.986457467 0.162218735 0.024220532 127.908142090
0.007932516 0.091289826 -0.995792806 -44.769828796 -0.160630718 0.983008504 0.088838235 -14.797513962 0.986982703 0.159250215 0.022461681 127.951713562
0.007751426 0.101336531 -0.994821966 -45.693153381 -0.153393492 0.983197927 0.098957233 -14.800880432 0.988134861 0.151832148 0.023165546 127.998130798
0.007836580 0.114610121 -0.993379653 -46.639610291 -0.148565352 0.982518613 0.112185039 -14.797840118 0.988871515 0.146702647 0.024726678 128.055114746
0.008100056 0.123571128 -0.992302716 -47.561290741 -0.148808435 0.981434762 0.121003039 -14.788944244 0.988832831 0.146682858 0.026338095 128.098175049
0.007859040 0.117915541 -0.992992580 -48.478626251 -0.149069026 0.982065439 0.115438163 -14.786241531 0.988795578 0.147117198 0.025295641 128.135955811
0.007941773 0.104561985 -0.994486630 -49.393947601 -0.148944154 0.983547688 0.102222413 -14.787416458 0.988813639 0.147311121 0.023385009 128.176498413
0.008451344 0.095657818 -0.995378375 -50.308128357 -0.149582073 0.984334886 0.093326487 -14.786883354 0.988713145 0.148102015 0.022627648 128.217056274
0.008947849 0.095803708 -0.995360076 -51.229572296 -0.148864344 0.984435380 0.093413986 -14.797214508 0.988817096 0.147337735 0.023070334 128.260986328
0.008246975 0.097241826 -0.995226622 -52.181579590 -0.151697084 0.983863354 0.094874486 -14.812906265 0.988392651 0.150190577 0.022865193 128.302352905
0.008796658 0.096673079 -0.995277345 -53.109882355 -0.156354532 0.983206511 0.094118685 -14.815181732 0.987661839 0.154788226 0.023764208 128.332717896
0.009332139 0.096122652 -0.995325685 -54.050334930 -0.158220783 0.982971966 0.093446113 -14.818216324 0.987359643 0.156609178 0.024381828 128.371124268
0.010242338 0.103779569 -0.994547606 -55.018707275 -0.167099223 0.980791867 0.100623310 -14.820823669 0.985886872 0.165157467 0.027387088 128.406951904
0.011819862 0.113242015 -0.993497193 -55.958877563 -0.172533885 0.978895426 0.109524995 -14.813598633 0.984932601 0.170117378 0.031108495 128.441665649
0.013006246 0.121591441 -0.992495060 -56.914913177 -0.173018754 0.977880597 0.117533654 -14.808656693 0.984832644 0.170191586 0.033756152 128.483062744
0.013854241 0.122249931 -0.992402732 -57.864788055 -0.174673468 0.977532625 0.117979646 -14.799986839 0.984528959 0.171711892 0.034896787 128.527999878
0.015315644 0.112742998 -0.993506134 -58.809909821 -0.176448271 0.978333712 0.108301133 -14.800189018 0.984190702 0.173643753 0.034877121 128.571014404
0.016688379 0.107618034 -0.994052291 -59.748435974 -0.174906105 0.979175210 0.103071079 -14.793043137 0.984443724 0.172145680 0.035163898 128.621612549
0.018399574 0.106120192 -0.994183004 -60.718326569 -0.173233911 0.979650795 0.101362921 -14.793724060 0.984708786 0.170361191 0.036408771 128.677032471
0.021694260 0.111797392 -0.993494153 -61.676128387 -0.174922720 0.978824079 0.106326930 -14.790674210 0.984343171 0.171478018 0.040790766 128.733901978
0.025528474 0.114237934 -0.993125498 -62.653232574 -0.177967861 0.978098869 0.107934758 -14.791669846 0.983705103 0.173988968 0.045300052 128.777191162
0.029419582 0.109222122 -0.993581951 -63.609947205 -0.176997334 0.978873491 0.102364436 -14.791774750 0.983771503 0.172849834 0.048130073 128.835327148
0.032631990 0.103111081 -0.994134426 -64.566207886 -0.176921174 0.979552448 0.095791288 -14.794734001 0.983683944 0.172757581 0.050207276 128.898056030
0.036175624 0.103058144 -0.994017243 -65.522895813 -0.174399510 0.980055928 0.095263675 -14.796535492 0.984010100 0.169909924 0.053427424 128.967330933
0.038385835 0.107632615 -0.993449330 -66.482589722 -0.171718761 0.980103135 0.099551633 -14.812595367 0.984397888 0.166772529 0.056104612 129.049453735
0.041797020 0.114520557 -0.992541194 -67.441322327 -0.171125323 0.979550540 0.105815381 -14.814396858 0.984362364 0.165426150 0.060539663 129.125717163
0.044425245 0.118670367 -0.991939306 -68.406593323 -0.168968305 0.979507089 0.109615572 -14.821002960 0.984619856 0.162736595 0.063566372 129.205902100
0.046665296 0.120187432 -0.991653681 -69.388923645 -0.168608293 0.979439020 0.110772610 -14.818210602 0.984577894 0.162031800 0.065970413 129.282562256
0.048669405 0.117263742 -0.991907537 -70.330970764 -0.167018220 0.980057418 0.107667826 -14.817323685 0.984751821 0.160426497 0.067283995 129.358154297
0.049351808 0.115880325 -0.992036343 -71.277557373 -0.165056452 0.980536103 0.106325753 -14.820717812 0.985048592 0.158494651 0.067518026 129.443344116
0.049844846 0.112673610 -0.992380977 -72.222389221 -0.161941454 0.981379688 0.103290595 -14.831628799 0.985540628 0.155559123 0.067163244 129.530746460
0.049648169 0.111922495 -0.992475927 -73.216117859 -0.160461128 0.981686890 0.102678843 -14.820816994 0.985792637 0.154155985 0.066698179 129.608779907
0.049331870 0.116727687 -0.991938055 -74.169364929 -0.157111228 0.981689930 0.107708134 -14.823825836 0.986348033 0.150531158 0.066767827 129.692916870
0.048787359 0.118402213 -0.991766453 -75.131034851 -0.151062265 0.982401431 0.109853037 -14.826646805 0.987319648 0.144459054 0.065814875 129.788360596
0.047982655 0.114089429 -0.992311120 -76.087432861 -0.148302227 0.983258069 0.105877504 -14.817286491 0.987777352 0.142081633 0.064099051 129.869232178
0.046601087 0.109945923 -0.992844522 -77.055137634 -0.150479347 0.983354568 0.101831973 -14.815211296 0.987514198 0.144657120 0.062369984 129.943527222
0.045284361 0.107193716 -0.993206322 -78.004791260 -0.146973640 0.984121978 0.099512130 -14.817915916 0.988103271 0.141468838 0.060319979 130.024322510
0.043936118 0.107681476 -0.993214071 -78.969360352 -0.147123948 0.984031916 0.100177743 -14.817068100 0.988141716 0.141724184 0.059077062 130.092712402
0.042912718 0.108901717 -0.993125796 -79.922149658 -0.148465529 0.983699739 0.101452954 -14.820219040 0.987986088 0.143091351 0.058381382 130.166992188
0.041566659 0.109139271 -0.993157089 -80.876502991 -0.150040969 0.983425796 0.101790234 -14.822198868 0.987805605 0.144783139 0.057253096 130.237121582
0.040223818 0.109951258 -0.993122697 -81.827621460 -0.149825305 0.983353615 0.102801405 -14.824695587 0.987893939 0.144659862 0.056027714 130.303161621
0.038165841 0.110597342 -0.993132234 -82.794433594 -0.149882972 0.983246624 0.103736490 -14.828738213 0.987966835 0.144894436 0.054103095 130.370483398
0.036139291 0.112404294 -0.993005097 -83.740219116 -0.149768144 0.983041346 0.105825812 -14.818004608 0.988060474 0.144896045 0.052361008 130.446090698
0.034591801 0.115967333 -0.992650509 -84.693946838 -0.151078135 0.982437313 0.109509416 -14.809835434 0.987916470 0.146179616 0.051504403 130.502899170
0.031986371 0.121180356 -0.992115021 -85.639541626 -0.151976362 0.981670558 0.115004830 -14.803420067 0.987866402 0.147099450 0.049816631 130.570800781
0.029953983 0.120782144 -0.992227018 -86.583656311 -0.151867285 0.981697857 0.114915781 -14.798384666 0.987946868 0.147244617 0.047748614 130.632995605
0.028843176 0.116566442 -0.992763996 -87.530502319 -0.152456656 0.982070446 0.110881455 -14.800198555 0.987889171 0.148155302 0.046097364 130.686981201
0.027154192 0.110741936 -0.993478179 -88.478652954 -0.156241566 0.982100189 0.105203182 -14.778753281 0.987345517 0.152365893 0.043970641 130.736999512
0.025860526 0.108596206 -0.993749499 -89.421493530 -0.154163599 0.982623279 0.103368521 -14.777010918 0.987706780 0.150526792 0.042152733 130.800170898
0.025637340 0.109613232 -0.993643582 -90.389495850 -0.149317712 0.983239651 0.104612917 -14.775533676 0.988456786 0.145686626 0.041574847 130.847305298
0.025094204 0.110887982 -0.993516028 -91.338394165 -0.146489188 0.983508885 0.106071047 -14.774545670 0.988893926 0.142877623 0.040924262 130.905502319
0.023879135 0.110970266 -0.993536830 -92.284248352 -0.140985727 0.984261572 0.106545776 -14.780114174 0.989723623 0.137530297 0.039148550 130.969558716
0.022373112 0.108174123 -0.993880153 -93.224975586 -0.136839658 0.985104084 0.104138531 -14.784230232 0.990340531 0.133672342 0.036842354 131.032867432
0.021679159 0.104837656 -0.994252980 -94.171401978 -0.131862819 0.986098468 0.101102613 -14.787095070 0.991030931 0.128913179 0.035201982 131.092651367
0.019885289 0.107519053 -0.994004130 -95.147140503 -0.130002290 0.986038327 0.104056686 -14.788652420 0.991314292 0.127153650 0.033585377 131.145523071
0.018692710 0.110020325 -0.993753433 -96.095359802 -0.129355401 0.985839725 0.106710963 -14.788602829 0.991422117 0.126552671 0.032659732 131.196899414
0.017179288 0.107772715 -0.994027078 -97.053283691 -0.125122041 0.986590385 0.104804002 -14.784931183 0.991992652 0.122574240 0.030433662 131.246154785
0.015085347 0.104985818 -0.994359255 -98.004058838 -0.122312903 0.987197638 0.102374077 -14.788056374 0.992376924 0.120078638 0.027733339 131.293228149
0.011339560 0.102695242 -0.994648159 -98.966018677 -0.121407129 0.987494469 0.100572526 -14.791181564 0.992537975 0.119616933 0.023665689 131.342330933
0.008628022 0.101766124 -0.994771004 -99.921173096 -0.115892664 0.988205969 0.100089334 -14.799795151 0.993224204 0.114423089 0.020320214 131.388412476
0.006567164 0.102167420 -0.994745612 -100.879066467 -0.109154157 0.988896072 0.100846015 -14.797017097 0.994003177 0.107918337 0.017646244 131.425811768
0.003745508 0.110756747 -0.993840456 -101.840866089 -0.099890985 0.988918006 0.109831698 -14.807763100 0.994991362 0.098864324 0.014767601 131.486968994
0.001070627 0.119122006 -0.992879152 -102.799201965 -0.091825239 0.988696516 0.118521206 -14.804154396 0.995774627 0.091044441 0.011996932 131.539413452
-0.002151172 0.118825309 -0.992912948 -103.754432678 -0.087497003 0.989084721 0.118556745 -14.798053741 0.996162534 0.087131925 0.008269167 131.584304810
-0.004523003 0.109177522 -0.994011998 -104.705535889 -0.089066967 0.990027487 0.109145179 -14.803273201 0.996015310 0.089027293 0.005246214 131.608627319
-0.006515824 0.099475183 -0.995018721 -105.653160095 -0.090860739 0.990864873 0.099654920 -14.797091484 0.995842278 0.091057472 0.002582089 131.641021729
-0.007015276 0.101585478 -0.994802117 -106.613311768 -0.098457336 0.989922643 0.101781517 -14.803602219 0.995116472 0.098659590 0.003057255 131.657287598
-0.007753130 0.110126391 -0.993887365 -107.578109741 -0.101456344 0.988701642 0.110343240 -14.782382011 0.994809747 0.101691678 0.003507490 131.688537598
-0.009331001 0.121487841 -0.992549062 -108.541091919 -0.105472915 0.986935616 0.121792316 -14.769435883 0.994378388 0.105823487 0.003604577 131.714538574
-0.010884272 0.122944027 -0.992353916 -109.491920471 -0.112194322 0.985995948 0.123386905 -14.754794121 0.993626654 0.112679452 0.003061775 131.741317749
-0.010773440 0.120043814 -0.992710114 -110.475067139 -0.119591996 0.985487282 0.120468281 -14.736506462 0.992764652 0.120018028 0.003739192 131.755783081
-0.011201105 0.115865745 -0.993201673 -111.428153992 -0.127519697 0.984988511 0.116345726 -14.721369743 0.991772771 0.127955988 0.003742201 131.778396606
-0.008543320 0.118211567 -0.992951632 -112.396301270 -0.132372290 0.984115243 0.118298531 -14.703249931 0.991163254 0.132449940 0.007240325 131.793594360
-0.007323135 0.119122632 -0.992852569 -113.382682800 -0.140200853 0.982949674 0.118968584 -14.681490898 0.990096033 0.140069947 0.009502820 131.814849854
-0.006783335 0.121863082 -0.992523789 -114.346664429 -0.149504900 0.981267214 0.121502772 -14.663962364 0.988737702 0.149211377 0.011562862 131.831115723
-0.006470875 0.124078542 -0.992251337 -115.322326660 -0.155171067 0.980128229 0.123574503 -14.642179489 0.987866521 0.154768348 0.012911111 131.853042603
-0.006367025 0.123736084 -0.992294729 -116.293952942 -0.158981949 0.979568303 0.123169243 -14.629453659 0.987260938 0.158541173 0.013434868 131.884414673
-0.004842360 0.114179127 -0.993448317 -117.248748779 -0.157944351 0.980902493 0.113507070 -14.629693985 0.987436056 0.157459185 0.013284063 131.914108276
-0.003149809 0.102426313 -0.994735599 -118.201431274 -0.161094397 0.981696129 0.101593763 -14.617276192 0.986933947 0.160566315 0.013408150 131.943695068
