1.000000000 0.000000000 0.000000000 0.000000000 0.000000000 1.000000000 0.000000000 0.000000000 0.000000000 0.000000000 1.000000000 0.000000000
0.999997795 -0.001578475 -0.001366754 0.049844544 0.001575597 0.999996543 -0.002104431 -0.133092478 0.001370071 0.002102273 0.999996841 1.297500372
0.999997854 -0.000066492 -0.002058194 0.102405824 0.000053483 0.999980032 -0.006319986 -0.268691868 0.002058574 0.006319861 0.999977887 2.599228859
0.999996305 0.002430085 -0.001204452 0.146049216 -0.002439477 0.999966145 -0.007857868 -0.407118469 0.001185316 0.007860777 0.999968410 3.902085066
0.999983609 0.005726741 0.000375649 0.190314487 -0.005724142 0.999961913 -0.006588532 -0.545586288 -0.000413366 0.006586274 0.999978244 5.214477539
0.999976039 0.006465557 0.002476395 0.241147637 -0.006457626 0.999974012 -0.003196512 -0.690391004 -0.002496997 0.003180444 0.999991834 6.539175987
0.999960899 0.006715913 0.005749598 0.297636747 -0.006705808 0.999975860 -0.001774774 -0.829119742 -0.005761378 0.001736149 0.999981880 7.842432022
0.999942899 0.005096026 0.009393685 0.348960102 -0.005079138 0.999985397 -0.001820985 -0.961377203 -0.009402831 0.001773170 0.999954164 9.150721550
0.999909937 0.003975762 0.012817772 0.423306406 -0.003953553 0.999990642 -0.001757519 -1.097748637 -0.012824639 0.001706685 0.999916315 10.447335243
0.999868155 0.002630726 0.016020464 0.492044836 -0.002591752 0.999993563 -0.002453013 -1.237146735 -0.016026812 0.002411169 0.999868631 11.762457848
0.999810040 0.001522694 0.019431565 0.568262339 -0.001459529 0.999993622 -0.003264418 -1.373082519 -0.019436404 0.003235437 0.999805868 13.057046890
0.999736607 0.001669097 0.022888541 0.635921001 -0.001598368 0.999993920 -0.003108106 -1.522646546 -0.022893587 0.003070704 0.999733150 14.374005318
0.999651730 0.001528666 0.026344061 0.718664885 -0.001417547 0.999989986 -0.004236172 -1.659851074 -0.026350273 0.004197353 0.999643981 15.670114517
0.999567747 0.002302410 0.029308558 0.803661704 -0.002179989 0.999988794 -0.004208222 -1.798016906 -0.029317917 0.004142511 0.999561548 16.978977203
0.999469876 0.001953117 0.032500502 0.894189656 -0.001836076 0.999991715 -0.003630663 -1.939075708 -0.032507323 0.003569065 0.999465108 18.264759064
0.999402106 0.000249623 0.034577411 0.994923353 -0.000125367 0.999993622 -0.003595670 -2.080184221 -0.034578089 0.003589186 0.999395549 19.564758301
0.999337614 -0.002122513 0.036328226 1.088071346 0.002301075 0.999985456 -0.004874137 -2.219747543 -0.036317360 0.004954502 0.999327958 20.835380554
0.999297023 -0.001829167 0.037444975 1.189690113 0.002071782 0.999977112 -0.006441466 -2.364438534 -0.037432339 0.006514516 0.999277890 22.149967194
0.999253452 -0.001681554 0.038599152 1.274350405 0.002024907 0.999958754 -0.008857963 -2.509490728 -0.038582664 0.008929509 0.999215543 23.434814453
0.999211788 -0.001201283 0.039678689 1.375814557 0.001615914 0.999944389 -0.010419307 -2.652559757 -0.039663967 0.010475212 0.999158144 24.723007202
0.999170303 -0.000552534 0.040721957 1.476638079 0.001008119 0.999937177 -0.011168012 -2.799284220 -0.040713228 0.011199800 0.999108076 25.993360519
0.999143004 -0.002318407 0.041326601 1.573733807 0.002737701 0.999945343 -0.010092159 -2.944653034 -0.041300949 0.010196649 0.999094665 27.283658981
0.999141455 -0.005142420 0.041108415 1.679230332 0.005519058 0.999943793 -0.009053834 -3.090106487 -0.041059546 0.009272939 0.999113619 28.562303543
0.999166667 -0.006780142 0.040248860 1.775223732 0.007164550 0.999930024 -0.009414232 -3.237019777 -0.040182203 0.009694750 0.999145329 29.853250504
0.999180853 -0.008449795 0.039573953 1.878208637 0.008930998 0.999888182 -0.011998673 -3.381955385 -0.039468139 0.012342281 0.999144554 31.116624832
0.999215364 -0.008538179 0.038675547 1.988061905 0.009009220 0.999887168 -0.012021425 -3.530570745 -0.038568534 0.012360427 0.999179482 32.402515411
0.999224544 -0.009173553 0.038291540 2.084171534 0.009654050 0.999876797 -0.012382355 -3.673741341 -0.038173236 0.012742419 0.999189854 33.666870117
0.999240756 -0.009651251 0.037744552 2.178999901 0.010125324 0.999871910 -0.012389174 -3.819040298 -0.037620150 0.012761943 0.999210715 34.933578491
0.999254584 -0.010222793 0.037225243 2.275171280 0.010708539 0.999859810 -0.012872925 -3.964379311 -0.037088424 0.013261955 0.999223948 36.194377899
0.999297917 -0.010879112 0.035851929 2.391624451 0.011355240 0.999849617 -0.013103670 -4.119910240 -0.035703991 0.013501575 0.999271214 37.480945587
0.999292493 -0.010463803 0.036127061 2.478631973 0.010876871 0.999877512 -0.011256172 -4.267437458 -0.036004853 0.011641155 0.999283850 38.742862701
0.999255657 -0.010382637 0.037150972 2.582498074 0.010772469 0.999888778 -0.010308458 -4.404199123 -0.037039816 0.010700995 0.999256492 40.008537292
0.999172568 -0.012184685 0.038804140 2.690280437 0.012515763 0.999887168 -0.008300506 -4.550528049 -0.038698621 0.008779300 0.999212325 41.257350922
0.999066293 -0.013199049 0.041138593 2.789088249 0.013615681 0.999858618 -0.009863819 -4.689597130 -0.041002594 0.010414737 0.999104738 42.520149231
0.998939276 -0.014513370 0.043701325 2.883875370 0.015090966 0.999802709 -0.012916122 -4.839798927 -0.043505251 0.013561917 0.998961091 43.770137787
0.998837888 -0.015638756 0.045588627 2.992814541 0.016291108 0.999769747 -0.013973300 -4.986412048 -0.045359604 0.014699753 0.998862505 45.031448364
0.998721838 -0.015944779 0.047963317 3.121635914 0.016579291 0.999779940 -0.012860397 -5.118434906 -0.047747705 0.013639159 0.998766303 46.267120361
0.998508453 -0.017071385 0.051858611 3.224612951 0.017584823 0.999800622 -0.009460578 -5.274237633 -0.051686771 0.010358393 0.998609602 47.535778046
0.998238504 -0.019921938 0.055883221 3.338628292 0.020385653 0.999762237 -0.007740085 -5.408379555 -0.055715743 0.008865667 0.998407304 48.759014130
0.997999489 -0.022037834 0.059256632 3.473554373 0.022547377 0.999714196 -0.007943958 -5.550668240 -0.059064627 0.009264147 0.998211145 50.018230438
0.997725487 -0.025505994 0.062397346 3.619424820 0.026287576 0.999585509 -0.011737028 -5.686771393 -0.062072121 0.013350607 0.997982323 51.252231598
0.997420132 -0.026665013 0.066648692 3.745529413 0.027505692 0.999552786 -0.011727759 -5.820919991 -0.066306166 0.013530721 0.997707605 52.477058411
0.997051239 -0.029190663 0.070969857 3.869873524 0.029919384 0.999509752 -0.009226604 -5.959734440 -0.070665732 0.011322773 0.997435749 53.696407318
0.996790469 -0.031768356 0.073480517 4.032529831 0.032296438 0.999460399 -0.006009519 -6.092934608 -0.073249944 0.008363391 0.997278571 54.906562805
0.996570826 -0.034309857 0.075295173 4.189171314 0.034723740 0.999388158 -0.004194182 -6.225452423 -0.075105205 0.006794329 0.997152448 56.125083923
0.996329308 -0.037593566 0.076906756 4.333052635 0.037793618 0.999284923 -0.001146898 -6.347435951 -0.076808654 0.004049273 0.997037590 57.335464478
0.996189535 -0.040669166 0.077152245 4.492109299 0.040740624 0.999169528 0.000648134 -6.477127552 -0.077114530 0.002497566 0.997019112 58.538440704
0.996129334 -0.042663075 0.076851569 4.636174202 0.043008272 0.999070644 -0.002841485 -6.598710537 -0.076658912 0.006135739 0.997038484 59.743545532
0.996141076 -0.043946322 0.075971372 4.788066387 0.044633102 0.998976290 -0.007365192 -6.725682735 -0.075569928 0.010727607 0.997082829 60.933479309
0.996152341 -0.045264494 0.075044610 4.917436123 0.046233892 0.998867512 -0.011230242 -6.854455471 -0.074451290 0.014656637 0.997116923 62.141021729
0.996202528 -0.046704769 0.073479615 5.061673641 0.047835939 0.998761117 -0.013709636 -6.986927509 -0.072748274 0.017172541 0.997202456 63.332103729
0.996323347 -0.047467314 0.071322314 5.202559471 0.048579693 0.998721957 -0.013942508 -7.122341156 -0.070569359 0.017356059 0.997355878 64.526916504
0.996564150 -0.046829227 0.068314612 5.340191841 0.047848482 0.998765230 -0.013359839 -7.257062912 -0.067604624 0.016582685 0.997574389 65.703979492
0.996817827 -0.045598920 0.065383241 5.456850052 0.046437845 0.998856485 -0.011368291 -7.398265362 -0.064790092 0.014368375 0.997795463 66.907737732
0.997213364 -0.041816805 0.061780758 5.576943398 0.042386364 0.999069750 -0.007936806 -7.526985168 -0.061391398 0.010533351 0.998058140 68.081695557
0.997472465 -0.040168833 0.058609627 5.697891235 0.040556215 0.999162436 -0.005434613 -7.655467987 -0.058342233 0.007797861 0.998266280 69.272377014
0.997705996 -0.039354552 0.055079602 5.813598633 0.039873604 0.999169767 -0.008356346 -7.792055130 -0.054705020 0.010533399 0.998447001 70.436164856
0.997870803 -0.039377254 0.051992901 5.921502113 0.040230997 0.999070525 -0.015476769 -7.921904564 -0.051335145 0.017535539 0.998527467 71.608230591
0.997907996 -0.043143932 0.048148427 6.032238007 0.044079602 0.998855829 -0.018543029 -8.062653542 -0.047293324 0.020626599 0.998668075 72.792579651
0.997961223 -0.045991573 0.044251136 6.137515068 0.046642955 0.998816252 -0.013801415 -8.197509766 -0.043564014 0.015837282 0.998925090 73.960075378
0.997934520 -0.050409313 0.039823230 6.243111134 0.050806690 0.998667657 -0.009029708 -8.324703217 -0.039314996 0.011034342 0.999165952 75.130310059
0.997999430 -0.052360736 0.035431981 6.339674950 0.052618437 0.998594284 -0.006379534 -8.443715096 -0.035048138 0.008231146 0.999351740 76.301757812
0.998211622 -0.050980192 0.031216383 6.427580833 0.051121209 0.998685479 -0.003735639 -8.576934814 -0.030984903 0.005324778 0.999505699 77.468139648
0.998323917 -0.050836384 0.027658569 6.514680862 0.050956402 0.998694241 -0.003651254 -8.696896553 -0.027436834 0.005054515 0.999610722 78.624603271
0.998509943 -0.048878223 0.024266843 6.596729279 0.049019255 0.998784006 -0.005250786 -8.828463554 -0.023980692 0.006432505 0.999691725 79.792526245
0.998629928 -0.047797639 0.021299098 6.660265923 0.048024267 0.998793483 -0.010258607 -8.956858635 -0.020783063 0.011267425 0.999720514 80.934455872
0.998539507 -0.051136117 0.017438767 6.743484974 0.051410355 0.998554826 -0.015657488 -9.084464073 -0.016612904 0.016531151 0.999725342 82.077163696
0.998394489 -0.054972529 0.013651642 6.814740181 0.055192500 0.998342693 -0.016295601 -9.218195915 -0.012733206 0.017022908 0.999774039 83.239944458
0.998437703 -0.054907326 0.010362906 6.876893997 0.055041697 0.998397350 -0.013160134 -9.347324371 -0.009623710 0.013709965 0.999859691 84.386512756
0.998423159 -0.055572286 0.007947472 6.934928894 0.055657424 0.998390198 -0.010925116 -9.473000526 -0.007327544 0.011350224 0.999908745 85.516067505
0.998581469 -0.052742001 0.007315774 6.986048698 0.052828964 0.998528421 -0.012251876 -9.605834007 -0.006658820 0.012620980 0.999898136 86.658973694
0.998753607 -0.049482659 0.006538115 7.038945198 0.049578741 0.998650610 -0.015456947 -9.737254143 -0.005764442 0.015761836 0.999859154 87.791244507
0.998814702 -0.048353542 0.005576765 7.089663506 0.048447352 0.998661101 -0.018134916 -9.868777275 -0.004692410 0.018383600 0.999820054 88.909172058
0.998766303 -0.049442250 0.004621692 7.147290230 0.049519259 0.998604059 -0.018377764 -10.004512787 -0.003706601 0.018583957 0.999820411 90.026252747
0.998754382 -0.049753711 0.003778517 7.190628529 0.049809311 0.998623788 -0.016417710 -10.134692192 -0.002956475 0.016585466 0.999858081 91.144744873
0.998665512 -0.051578358 0.002602532 7.250329971 0.051608950 0.998575807 -0.013516000 -10.262531281 -0.001901692 0.013632275 0.999905288 92.253784180
0.998700023 -0.050905716 0.002634612 7.299893379 0.050935540 0.998619020 -0.012870325 -10.390757561 -0.001975801 0.012987790 0.999913692 93.388992310
0.998668194 -0.051535770 0.002408125 7.345852375 0.051566571 0.998553336 -0.015232190 -10.524149895 -0.001619639 0.015336083 0.999881089 94.544509888
0.998668730 -0.051544607 0.001983388 7.401758194 0.051572770 0.998493433 -0.018738950 -10.653674126 -0.001014509 0.018816294 0.999822438 95.643226624
0.998618603 -0.052527171 0.001369989 7.459974766 0.052544080 0.998417854 -0.020025343 -10.785181999 -0.000315947 0.020069668 0.999798536 96.748558044
0.998608947 -0.052693889 0.001863540 7.508479595 0.052719552 0.998434424 -0.018686417 -10.919273376 -0.000875962 0.018758669 0.999823570 97.826530457
0.998623133 -0.052402396 0.002430303 7.559376240 0.052429259 0.998543024 -0.012763848 -11.044039726 -0.001757905 0.012873692 0.999915540 98.915634155
0.998714626 -0.050571509 0.003394739 7.615407944 0.050603189 0.998668730 -0.010006006 -11.162674904 -0.002884200 0.010164930 0.999944091 99.990455627
0.998790145 -0.048888560 0.005302653 7.672481060 0.048941705 0.998747408 -0.010406286 -11.273767471 -0.004787263 0.010653217 0.999931753 101.038055420
0.998863220 -0.047149539 0.007012954 7.728904247 0.047229785 0.998814881 -0.011754544 -11.404243469 -0.006450422 0.012072405 0.999906301 102.093711853
0.998826981 -0.047497619 0.009415038 7.785583973 0.047630221 0.998761177 -0.014399694 -11.521125793 -0.008719423 0.014831246 0.999852002 103.109634399
0.998734295 -0.049100250 0.010906648 7.850746632 0.049260184 0.998674691 -0.014914780 -11.639237404 -0.010159872 0.015433167 0.999829292 104.115951538
0.998636723 -0.050607160 0.012801272 7.914768219 0.050786618 0.998609960 -0.014103693 -11.769365311 -0.012069732 0.014734596 0.999818504 105.121986389
0.998623788 -0.050407194 0.014478628 7.974900723 0.050589286 0.998641312 -0.012498178 -11.884734154 -0.013828957 0.013213443 0.999817014 106.078292847
0.998551905 -0.051460445 0.015688799 8.040187836 0.051640056 0.998602211 -0.011265866 -11.993310928 -0.015087125 0.012059720 0.999813437 107.041290283
0.998477161 -0.052302923 0.017542038 8.100397110 0.052513611 0.998550832 -0.011772336 -12.099674225 -0.016900891 0.012675605 0.999776840 107.960456848
0.998466969 -0.051825274 0.019439392 8.158163071 0.052023657 0.998597324 -0.009842258 -12.202511787 -0.018902047 0.010838477 0.999762595 108.863914490
0.998465061 -0.051092919 0.021380730 8.215905190 0.051264711 0.998656392 -0.007564592 -12.302385330 -0.020965509 0.008649057 0.999742806 109.733070374
0.998448372 -0.051027197 0.022296220 8.281228065 0.051137649 0.998681843 -0.004411903 -12.405444145 -0.022041703 0.005545235 0.999741673 110.592483521
0.998412848 -0.051100623 0.023677485 8.344181061 0.051215101 0.998678565 -0.004253441 -12.497603416 -0.023428842 0.005459336 0.999710619 111.418518066
0.998426497 -0.050147660 0.025092024 8.392860413 0.050252657 0.998730123 -0.003571082 -12.588648796 -0.024881078 0.004826404 0.999678791 112.232391357
0.998524487 -0.047808938 0.025753565 8.444606781 0.047909912 0.998846114 -0.003317898 -12.668745995 -0.025565222 0.004546854 0.999662876 113.012725830
0.998665035 -0.045131948 0.025127079 8.489149094 0.045157548 0.998979807 -0.000452092 -12.745653152 -0.025081038 0.001586165 0.999684215 113.766883850
0.998733461 -0.045363266 0.021764517 8.541491508 0.045354757 0.998970568 0.000884589 -12.831906319 -0.021782240 0.000103656 0.999762654 114.510955811
0.998852611 -0.045382399 0.015290627 8.577816963 0.045371771 0.998969674 0.001040857 -12.907135010 -0.015322108 -0.000345900 0.999882519 115.209678650
0.999039471 -0.043527991 0.005050672 8.602818489 0.043530773 0.999051988 -0.000443286 -12.980297089 -0.005026586 0.000662720 0.999987125 115.880439758
0.999126673 -0.040833227 -0.008856734 8.603057861 0.040807433 0.999162316 -0.003073381 -13.050957680 0.008974811 0.002709276 0.999956012 116.523902893
0.998835623 -0.039417814 -0.027814336 8.604149818 0.039279155 0.999213040 -0.005513920 -13.121327400 0.028009791 0.004414976 0.999597907 117.138526917
0.998019040 -0.037820090 -0.050276496 8.571855545 0.037482265 0.999268055 -0.007645576 -13.193716049 0.050528850 0.005745953 0.998706102 117.726173401
0.996301174 -0.036282439 -0.077895492 8.529773712 0.035634939 0.999317825 -0.009686829 -13.259225845 0.078193821 0.006875196 0.996914446 118.293853760
0.993333697 -0.034275856 -0.110060513 8.459256172 0.033199660 0.999381423 -0.011596397 -13.326850891 0.110389911 0.007865120 0.993857265 118.842346191
0.988935769 -0.029528519 -0.145375684 8.349416733 0.027924180 0.999524653 -0.013064470 -13.393493652 0.145692348 0.008860425 0.989290237 119.386291504
0.982679665 -0.023619255 -0.183800936 8.241041183 0.021719705 0.999687910 -0.012341452 -13.454669952 0.184035063 0.008135593 0.982886016 119.889678955
0.974116087 -0.018229909 -0.225311920 8.099460602 0.016307985 0.999812961 -0.010388387 -13.512295723 0.225459173 0.006445111 0.974231362 120.391777039
0.962753832 -0.013652236 -0.270034313 7.927249908 0.011706587 0.999892592 -0.008814452 -13.571215630 0.270125628 0.005324968 0.962810397 120.888771057
0.948467791 -0.007491305 -0.316784769 7.737060547 0.004779589 0.999944985 -0.009336321 -13.627786636 0.316837281 0.007341099 0.948451519 121.353370667
0.931075811 0.000416616 -0.364825428 7.501464844 -0.004485623 0.999936819 -0.010305936 -13.684393883 0.364798069 0.011232076 0.931018889 121.836425781
0.910001099 0.004899442 -0.414576799 7.247646332 -0.010411869 0.999884844 -0.011037605 -13.737266541 0.414474964 0.014360752 0.909947395 122.265357971
0.884836555 0.009260297 -0.465809464 6.980358124 -0.015619161 0.999830008 -0.009793020 -13.790179253 0.465639591 0.015940776 0.884830892 122.681091309
0.855952263 0.012622659 -0.516900718 6.695117950 -0.020460067 0.999745786 -0.009466788 -13.835802078 0.516649842 0.018678945 0.855992913 123.075134277
0.824289858 0.022058832 -0.565738440 6.368789673 -0.031010127 0.999499857 -0.006210525 -13.886134148 0.565318346 0.022662887 0.824561477 123.447357178
0.790350378 0.035158206 -0.611645460 6.021301270 -0.044369061 0.999015212 0.000092341 -13.926288605 0.611046374 0.027065152 0.791131973 123.798210144
0.754253745 0.043887146 -0.655114472 5.664829254 -0.055595756 0.998449326 0.002878538 -13.968393326 0.654224932 0.034250442 0.755524039 124.116409302
0.714428723 0.047639005 -0.698084533 5.295600891 -0.062948681 0.998009980 0.003684166 -14.013043404 0.696870863 0.041311421 0.716005862 124.415710449
0.671429515 0.049215913 -0.739432216 4.924045563 -0.065001383 0.997857809 0.007393022 -14.065540314 0.738212228 0.043100223 0.673190296 124.701545715
0.628117442 0.053202037 -0.776297629 4.513252258 -0.068729594 0.997553766 0.012754944 -14.103756905 0.775077224 0.045343019 0.630237520 124.963989258
0.583046496 0.061935250 -0.810074568 4.089408875 -0.079932913 0.996625483 0.018666968 -14.136604309 0.808497131 0.053867921 0.586029589 125.192749023
0.537535310 0.070826054 -0.840261579 3.644783020 -0.091475487 0.995483637 0.025390744 -14.162033081 0.838264942 0.063214920 0.541586459 125.401527405
0.490024358 0.075783767 -0.868408322 3.196243286 -0.096887477 0.994776309 0.032140031 -14.190957069 0.866307735 0.068388514 0.494807124 125.608566284
0.443716854 0.076893575 -0.892862022 2.727069855 -0.096840322 0.994592130 0.037528820 -14.207986832 0.890919328 0.069812894 0.448763639 125.778488159
0.396766067 0.078591228 -0.914549112 2.254131317 -0.094534494 0.994528651 0.044451579 -14.229580879 0.913038909 0.068819568 0.402024746 125.945541382
0.350610822 0.081415445 -0.932975709 1.763397217 -0.096188225 0.994076192 0.050599962 -14.251743317 0.931568503 0.072000384 0.356365025 126.094619751
0.306544244 0.084628589 -0.948086798 1.257522583 -0.101422913 0.993273377 0.055869061 -14.272946358 0.946437538 0.079031393 0.313065529 126.214324951
0.265486538 0.086490244 -0.960227191 0.739559174 -0.106571808 0.992497206 0.059931591 -14.291604996 0.958206415 0.086422123 0.272712052 126.310920715
0.225680843 0.083405107 -0.970624387 0.209888458 -0.106875740 0.992434323 0.060429439 -14.315883636 0.968321085 0.090098426 0.232887357 126.418365479
0.190925509 0.078137197 -0.978489637 -0.324211121 -0.101918302 0.993017137 0.059410717 -14.334449768 0.976299167 0.088382997 0.197555900 126.508773804
0.160131246 0.073459156 -0.984358490 -0.873451233 -0.099262871 0.993370414 0.057984013 -14.358443260 0.982092142 0.088425204 0.166361362 126.590080261
0.133481950 0.071433946 -0.988473475 -1.441360474 -0.100479521 0.993234873 0.058209438 -14.376020432 0.985944450 0.091551438 0.139756590 126.659049988
0.111740790 0.070202842 -0.991254568 -2.032179832 -0.101115040 0.993127406 0.058937158 -14.385703087 0.988579690 0.093645044 0.118071400 126.716346741
0.092933320 0.072138183 -0.993055642 -2.617192268 -0.103320487 0.992686152 0.062442269 -14.407152176 0.990297079 0.096800022 0.099706978 126.778976440
0.076822624 0.070411295 -0.994555414 -3.225914955 -0.104189351 0.992608964 0.062225569 -14.430549622 0.991585970 0.098841757 0.083590947 126.826431274
0.062919945 0.069407210 -0.995602131 -3.846446037 -0.102665380 0.992736697 0.062719218 -14.459237099 0.992723942 0.098267592 0.069588669 126.875160217
0.051178548 0.066780508 -0.996454298 -4.483895302 -0.098794572 0.993206263 0.061488688 -14.480301857 0.993790984 0.095297359 0.057428416 126.912010193
0.038805135 0.064222835 -0.997180820 -5.139148235 -0.096102454 0.993546307 0.060248945 -14.498203278 0.994614720 0.093493551 0.044726677 126.952804565
0.027482722 0.063255891 -0.997618854 -5.800657272 -0.095117040 0.993633032 0.060382854 -14.518459320 0.995086670 0.093231067 0.033324447 127.002227783
0.017923061 0.064797826 -0.997737408 -6.472583294 -0.098497175 0.993158102 0.062731043 -14.540581703 0.994975924 0.097149998 0.024182834 127.021438599
0.009536464 0.064494297 -0.997872531 -7.148137093 -0.101423427 0.992833793 0.063199356 -14.565328598 0.994797647 0.100604951 0.016009361 127.036071777
0.002903424 0.063888662 -0.997952819 -7.841717720 -0.103622556 0.992603898 0.063244745 -14.588407516 0.994612455 0.103226766 0.009502254 127.055915833
-0.002257888 0.064812481 -0.997894943 -8.538009644 -0.104385667 0.992430508 0.064693749 -14.606573105 0.994534314 0.104311995 0.004524696 127.071113586
-0.005840774 0.067191638 -0.997722983 -9.258442879 -0.106803805 0.991990983 0.067430846 -14.625537872 0.994262934 0.106954470 0.001382330 127.093544006
-0.006130354 0.071280263 -0.997437477 -9.993457794 -0.108848557 0.991481900 0.071523659 -14.650462151 0.994039416 0.109008089 0.001680619 127.089149475
-0.007533220 0.074244022 -0.997211635 -10.710887909 -0.111674577 0.990939319 0.074620657 -14.662944794 0.993716240 0.111925349 0.000826208 127.101974487
-0.008150961 0.079862028 -0.996772587 -11.451056480 -0.116527602 0.989938498 0.080267370 -14.671052933 0.993153989 0.116805784 0.001237180 127.108940125
-0.009368655 0.083478265 -0.996465504 -12.190773010 -0.119266182 0.989302576 0.083999515 -14.683355331 0.992818058 0.119631626 0.000687701 127.118583679
-0.010609705 0.084080160 -0.996402621 -12.937872887 -0.119694792 0.989187121 0.084745817 -14.701663017 0.992754161 0.120163314 -0.000431028 127.136718750
-0.012099161 0.081106089 -0.996631980 -13.681508064 -0.117309049 0.989706933 0.081966676 -14.720623970 0.993021727 0.117905684 -0.002460143 127.157440186
-0.013744581 0.077563606 -0.996892691 -14.444061279 -0.120931081 0.989539504 0.078658834 -14.725790977 0.992565751 0.121636458 -0.004220953 127.168411255
-0.015258199 0.079364091 -0.996728897 -15.208803177 -0.126245171 0.988714457 0.080658540 -14.738362312 0.991881728 0.127062917 -0.005066667 127.171783447
-0.016065339 0.082070224 -0.996497035 -16.002597809 -0.123064943 0.988885701 0.083427392 -14.749814034 0.992268503 0.123974152 -0.005786817 127.179428101
-0.018339509 0.082063802 -0.996458232 -16.776250839 -0.121864244 0.989011824 0.083693415 -14.765919685 0.992377281 0.122967511 -0.008137349 127.196205139
-0.019138843 0.081461117 -0.996492684 -17.568883896 -0.125524446 0.988593459 0.083226219 -14.776898384 0.991905928 0.126677066 -0.008695178 127.191635132
-0.020329909 0.081027277 -0.996504545 -18.362176895 -0.129264966 0.988131821 0.082983628 -14.789418221 0.991401672 0.130500197 -0.009614642 127.207092285
-0.021314893 0.085349537 -0.996123016 -19.159805298 -0.131155208 0.987500131 0.087417141 -14.795435905 0.991132736 0.132510006 -0.009854423 127.212921143
-0.022314625 0.090243869 -0.995669723 -19.962980270 -0.130480126 0.987136304 0.092394717 -14.809648514 0.991199732 0.131976858 -0.010252547 127.229171753
-0.021605821 0.092492998 -0.995478809 -20.796262741 -0.131317854 0.986822188 0.094538771 -14.817427635 0.991104841 0.132766783 -0.009175123 127.241661072
-0.019680861 0.091324180 -0.995626688 -21.614837646 -0.130731747 0.987034857 0.093120307 -14.824159622 0.991222441 0.131992698 -0.007486726 127.251350403
-0.018497996 0.091553338 -0.995628297 -22.446128845 -0.130640805 0.987040102 0.093190841 -14.830593109 0.991257310 0.131793529 -0.006297660 127.260955811
-0.018414754 0.090411201 -0.995734274 -23.271446228 -0.129185945 0.987339795 0.092038125 -14.835605621 0.991449296 0.130329773 -0.006501761 127.283401489
-0.017471511 0.092274062 -0.995580316 -24.109199524 -0.130025879 0.987066865 0.093766816 -14.841558456 0.991356671 0.131089449 -0.005247537 127.300323486
-0.016819952 0.094646707 -0.995368838 -24.947290421 -0.131748870 0.986619771 0.096041083 -14.845939636 0.991140366 0.132754147 -0.004125301 127.312728882
-0.016854400 0.096909001 -0.995150447 -25.819402695 -0.134815082 0.985982835 0.098299526 -14.845880508 0.990727544 0.135818064 -0.003553350 127.327667236
-0.015233038 0.097922504 -0.995077431 -26.683345795 -0.136974588 0.985606313 0.099087328 -14.842765808 0.990457475 0.137809753 -0.001600880 127.338722229
-0.013520595 0.101061590 -0.994788229 -27.552383423 -0.143722609 0.984352112 0.101954751 -14.843340874 0.989525735 0.144352049 0.001215809 127.353721619
-0.011107461 0.104900420 -0.994420826 -28.437170029 -0.148496509 0.983281732 0.105384067 -14.837822914 0.988850474 0.148838595 0.004655588 127.365745544
-0.009142810 0.106746741 -0.994244218 -29.311809540 -0.151042014 0.982730269 0.106899492 -14.833103180 0.988485038 0.151150003 0.007138326 127.396476746
-0.005025494 0.107403040 -0.994202852 -30.209344864 -0.149541870 0.982954860 0.106943823 -14.831764221 0.988742650 0.149212375 0.011121413 127.415740967
-0.002300509 0.107235752 -0.994230926 -31.099954605 -0.152014613 0.982641459 0.106337443 -14.825280190 0.988375604 0.151382282 0.014040822 127.444526672
0.000360749 0.110979237 -0.993822634 -32.004673004 -0.152615428 0.982186913 0.109624475 -14.817381859 0.988285661 0.151633114 0.017291468 127.472549438
0.002693767 0.113086998 -0.993581414 -32.925792694 -0.151743293 0.982125401 0.111371718 -14.814428329 0.988416255 0.150469244 0.019805808 127.513244629
0.004441977 0.114378624 -0.993427336 -33.818683624 -0.152430862 0.981905103 0.112370446 -14.811530113 0.988304198 0.150929824 0.021796431 127.554428101
0.007128689 0.112397708 -0.993637681 -34.723106384 -0.153649583 0.981986105 0.109977379 -14.803529739 0.988099575 0.151888013 0.024270134 127.583648682
0.007424533 0.113679528 -0.993489683 -35.630233765 -0.158012092 0.981168270 0.111088820 -14.794673920 0.987409413 0.156158581 0.025247460 127.624969482
0.008577395 0.114361994 -0.993402123 -36.524429321 -0.158845454 0.980980217 0.111560449 -14.790568352 0.987266243 0.156840518 0.026580140 127.661087036
0.008832749 0.110734180 -0.993810833 -37.422138214 -0.159104213 0.981344342 0.107931040 -14.788309097 0.987222373 0.157166138 0.026286244 127.697036743
0.009665588 0.106572300 -0.994257927 -38.327854156 -0.160158738 0.981632948 0.103662074 -14.790023804 0.987043977 0.158237129 0.026556542 127.742294312
0.010286788 0.105704628 -0.994344354 -39.224754333 -0.159879476 0.981778145 0.102714770 -14.784908295 0.987082958 0.157918662 0.026999343 127.783592224
0.010137934 0.109815098 -0.993900359 -40.126739502 -0.162513718 0.980917633 0.106722996 -14.779744148 0.986654222 0.160440505 0.027790941 127.823173523
0.010273277 0.116128512 -0.993181050 -41.064468384 -0.162836790 0.980169713 0.112922803 -14.769500732 0.986599445 0.160566315 0.028979544 127.862770081
0.010600210 0.114838019 -0.993327618 -41.959621429 -0.160667568 0.980672181 0.111660361 -14.770067215 0.986951590 0.158411935 0.028846076 127.907043457
0.011467841 0.104464978 -0.994462490 -42.851409912 -0.159743264 0.981946528 0.101308100 -14.777402878 0.987091959 0.157696888 0.027948383 127.949295044
0.011743367 0.093932718 -0.995509267 -43.772319794 -0.161779165 0.982639849 0.090809986 -14.781082153 0.986757040 0.159986258 0.026735857 127.990287781
0.010739827 0.090891130 -0.995802879 -44.674594879 -0.158609957 0.983407497 0.088049121 -14.789928436 0.987282932 0.156998605 0.024977863 128.035659790
0.010544502 0.100896195 -0.994841039 -45.595794678 -0.151108101 0.983631670 0.098157726 -14.792927742 0.988461018 0.149293497 0.025618134 128.085037231
0.010551897 0.114048995 -0.993419111 -46.544696808 -0.146104962 0.982988119 0.111299574 -14.792110443 0.989212811 0.143969014 0.027035514 128.145370483
0.010726677 0.123137124 -0.992331743 -47.467224121 -0.146268457 0.981907606 0.120262519 -14.784187317 0.989186823 0.143856794 0.028543685 128.190551758
0.010614351 0.117246971 -0.993046105 -48.382404327 -0.146469608 0.982572675 0.114444830 -14.781103134 0.989158213 0.144236311 0.027602488 128.231124878
0.010597271 0.103827231 -0.994538903 -49.298446655 -0.146379396 0.984041333 0.101171590 -14.781156540 0.989171743 0.144507825 0.025626322 128.272888184
0.011257236 0.094967395 -0.995416760 -50.215396881 -0.146916196 0.984833479 0.092296228 -14.781999588 0.989084899 0.145203814 0.025038751 128.316696167
0.011815228 0.095039912 -0.995403349 -51.149513245 -0.145715475 0.985009849 0.092317946 -14.789804459 0.989255965 0.143954933 0.025486900 128.359207153
0.011211608 0.096576296 -0.995262384 -52.083465576 -0.148940727 0.984383047 0.093842804 -14.805412292 0.988782585 0.147182986 0.025420666 128.396820068
0.011462605 0.095926985 -0.995322466 -53.035255432 -0.153720945 0.983724296 0.093038872 -14.812893867 0.988047838 0.151935443 0.026022032 128.437255859
0.011942346 0.095402963 -0.995367050 -53.966457367 -0.155251235 0.983543515 0.092407025 -14.815135956 0.987802863 0.153428420 0.026557244 128.479904175
0.012925600 0.102789320 -0.994619191 -54.913002014 -0.164592415 0.981352568 0.099279322 -14.812702179 0.986276984 0.162423536 0.029602913 128.512420654
0.014512303 0.112495437 -0.993546307 -55.861137390 -0.170246243 0.979420066 0.108409263 -14.810583115 0.985294640 0.167574272 0.033365566 128.548797607
0.015457006 0.120652154 -0.992574513 -56.817802429 -0.170174927 0.978527486 0.116294593 -14.805441856 0.985292673 0.167113751 0.035657074 128.590820312
0.016657500 0.121157430 -0.992493510 -57.782127380 -0.171699956 0.978232443 0.116534799 -14.801324844 0.985008478 0.168469906 0.037097629 128.646713257
0.018300476 0.111947387 -0.993545651 -58.714427948 -0.173413962 0.979006469 0.107115045 -14.801856995 0.984678984 0.170334429 0.037329532 128.692794800
0.019422453 0.106888577 -0.994081259 -59.663776398 -0.171528399 0.979883611 0.102010623 -14.800423622 0.984987676 0.168531865 0.037366167 128.750656128
0.021005234 0.105203763 -0.994228780 -60.613693237 -0.169832289 0.980370939 0.100149311 -14.802846909 0.985249102 0.166748509 0.038459912 128.814392090
0.024603505 0.110799514 -0.993538141 -61.590557098 -0.171545118 0.979565561 0.104993217 -14.795827866 0.984869003 0.167853415 0.043107856 128.862899780
0.028145228 0.112787165 -0.993220389 -62.550338745 -0.174314514 0.978943467 0.106226310 -14.796360016 0.984287739 0.170142993 0.047213033 128.919067383
0.032301273 0.107743181 -0.993653834 -63.495388031 -0.173806101 0.979630828 0.100572623 -14.798054695 0.984250009 0.169454485 0.050369740 128.979339600
0.035529852 0.101675525 -0.994182944 -64.457298279 -0.173720434 0.980293989 0.094046727 -14.802187920 0.984153986 0.169368431 0.052492812 129.044754028
0.037848942 0.102038525 -0.994060159 -65.423645020 -0.170911446 0.980776131 0.094167456 -14.815878868 0.984559178 0.166332111 0.054560903 129.138717651
0.041406114 0.106688529 -0.993430018 -66.379905701 -0.168479845 0.980790436 0.098308876 -14.822601318 0.984835088 0.163302332 0.058585592 129.208847046
0.044812620 0.113182694 -0.992563128 -67.355484009 -0.168142349 0.980241477 0.104186304 -14.822616577 0.984743595 0.162223011 0.062957995 129.283599854
0.046652716 0.117028028 -0.992032230 -68.325752258 -0.165811822 0.980243385 0.107839622 -14.828875542 0.985053301 0.159459636 0.065135643 129.377197266
0.048618149 0.118918493 -0.991712987 -69.288932800 -0.165396497 0.980138183 0.109422058 -14.837774277 0.985028028 0.158705950 0.067321204 129.462860107
0.050458919 0.116226271 -0.991940260 -70.240051270 -0.163650200 0.980743289 0.106589608 -14.834848404 0.985227108 0.156952783 0.068507686 129.546905518
0.051920682 0.114782773 -0.992032826 -71.194480896 -0.161935434 0.981193542 0.105053291 -14.838106155 0.985434473 0.155190825 0.069531634 129.620666504
0.052220225 0.110998951 -0.992447615 -72.144531250 -0.158484176 0.982130051 0.101505928 -14.846260071 0.985979676 0.151986569 0.068878613 129.705535889
0.051601462 0.110491522 -0.992536604 -73.125823975 -0.157269195 0.982358694 0.101182140 -14.839834213 0.986206830 0.150874272 0.068068035 129.805633545
0.051542699 0.115307920 -0.991991699 -74.083335876 -0.154039860 0.982342601 0.106182605 -14.841848373 0.986719310 0.147333324 0.068394601 129.888381958
0.050405666 0.117274791 -0.991819561 -75.046730042 -0.147843942 0.983016789 0.108720317 -14.852214813 0.987725377 0.141154408 0.066887997 129.991836548
0.049916040 0.112757020 -0.992367923 -76.009521484 -0.145060256 0.983889103 0.104497097 -14.842158318 0.988162816 0.138737068 0.065468416 130.069747925
0.048764031 0.108959891 -0.992849350 -76.972877502 -0.146718532 0.984030426 0.100785941 -14.841934204 0.987975597 0.140754700 0.063971728 130.143081665
0.047430970 0.106219523 -0.993210852 -77.922019958 -0.143230110 0.984777749 0.098477654 -14.846460342 0.988552153 0.137586772 0.061922807 130.226425171
0.046035469 0.106802233 -0.993214011 -78.887855530 -0.143341675 0.984684944 0.099241182 -14.847751617 0.988602042 0.137800351 0.060639646 130.296371460
0.044854306 0.108015373 -0.993136823 -79.850189209 -0.144569620 0.984374225 0.100532964 -14.850439072 0.988477468 0.139068067 0.059769176 130.378128052
0.043310504 0.108127736 -0.993193090 -80.804664612 -0.146185815 0.984111905 0.100764297 -14.852996826 0.988308609 0.140826598 0.058429122 130.451995850
0.042398296 0.109660544 -0.993064404 -81.755836487 -0.146014959 0.983966112 0.102421835 -14.859754562 0.988373458 0.140659735 0.057730563 130.514450073
0.039936829 0.109881923 -0.993141890 -82.719161987 -0.146044061 0.983902812 0.102986880 -14.863137245 0.988471627 0.140929520 0.055341557 130.587829590
0.038387448 0.111692853 -0.993000984 -83.678619385 -0.145779207 0.983727813 0.105014272 -14.852910995 0.988572121 0.140727639 0.054045308 130.660598755
0.036869776 0.115529448 -0.992619514 -84.632659912 -0.147166967 0.983092427 0.108954243 -14.847027779 0.988424182 0.142063662 0.053248517 130.718887329
0.034993846 0.120712228 -0.992070556 -85.582489014 -0.148484349 0.982288897 0.114284463 -14.839631081 0.988295376 0.143307701 0.052297957 130.780853271
0.032617707 0.120411962 -0.992187917 -86.533256531 -0.148306057 0.982309580 0.114337623 -14.836677551 0.988403380 0.143418059 0.049898501 130.845886230
0.031615797 0.115141064 -0.992845893 -87.477561951 -0.148375809 0.982876897 0.109260105 -14.832466125 0.988425612 0.143859953 0.048158586 130.905197144
0.029015170 0.110256307 -0.993479490 -88.425903320 -0.152608633 0.982734978 0.104606837 -14.819962502 0.987860620 0.148578390 0.045340288 130.967102051
0.028034478 0.108372062 -0.993714988 -89.369628906 -0.150705948 0.983201027 0.102973744 -14.819643021 0.988180995 0.146871954 0.043895844 131.028961182
0.027400265 0.109430082 -0.993616760 -90.334213257 -0.145975724 0.983772457 0.104320429 -14.821190834 0.988908589 0.142185554 0.042929772 131.081390381
0.026889399 0.110747106 -0.993484795 -91.283500671 -0.142981321 0.984051466 0.105825655 -14.820405006 0.989360094 0.139204189 0.042295322 131.140777588
0.025560429 0.110461898 -0.993551612 -92.234237671 -0.137820169 0.984775186 0.105940543 -14.821945190 0.990127385 0.134223580 0.040395156 131.207565308
0.024327010 0.107650772 -0.993891060 -93.176666260 -0.133909866 0.985576689 0.103472590 -14.826298714 0.990694880 0.130574659 0.038391635 131.270004272
0.023699261 0.104584299 -0.994233549 -94.121368408 -0.128596455 0.986569762 0.100712813 -14.831501007 0.991413832 0.125468105 0.036830142 131.330718994
0.021843575 0.107554920 -0.993959129 -95.106933594 -0.127061054 0.986433089 0.103948198 -14.840575218 0.991654277 0.124022916 0.035213269 131.384765625
0.020519957 0.109923080 -0.993728161 -96.054954529 -0.126439810 0.986242414 0.106484100 -14.839200020 0.991762042 0.123461753 0.034136303 131.439712524
0.019390278 0.107749529 -0.993988931 -97.012359619 -0.122415625 0.986951590 0.104598656 -14.835366249 0.992289484 0.119651586 0.032327492 131.485992432
0.017791439 0.104556233 -0.994359791 -97.962417603 -0.119372100 0.987625897 0.101712324 -14.835675240 0.992690086 0.116889223 0.030052386 131.530349731
0.014101428 0.101856589 -0.994699121 -98.932792664 -0.118113756 0.988002837 0.099496439 -14.829379082 0.992899954 0.116084605 0.025962915 131.581100464
0.011420025 0.100960419 -0.994824827 -99.887245178 -0.112533592 0.988699138 0.099046908 -14.839692116 0.993582308 0.110820092 0.022652406 131.629531860
0.009014267 0.100783281 -0.994867623 -100.847381592 -0.105717354 0.989428341 0.099274397 -14.833518982 0.994355440 0.104279876 0.019573515 131.674011230
0.007170304 0.108179629 -0.994105518 -101.813308716 -0.095716938 0.989640534 0.107003354 -14.827850342 0.995382905 0.094385453 0.017450644 131.726989746
0.004658748 0.116357759 -0.993196547 -102.770393372 -0.087673806 0.989430010 0.115505263 -14.825896263 0.996138334 0.086539201 0.014811035 131.780487061
0.000868981 0.116169482 -0.993229032 -103.729393005 -0.083308659 0.989785135 0.115693793 -14.822759628 0.996523440 0.082644045 0.010538029 131.832839966
-0.001192816 0.105594426 -0.994408548 -104.676452637 -0.084432386 0.990847766 0.105317585 -14.821201324 0.996428430 0.084085912 0.007733691 131.860580444
-0.003368508 0.096178837 -0.995358288 -105.623954773 -0.086295940 0.991622865 0.096109927 -14.820689201 0.996263802 0.086219132 0.004959553 131.897323608
-0.003581521 0.097548895 -0.995224237 -106.585609436 -0.093464091 0.990841508 0.097455636 -14.823046684 0.995616257 0.093366772 0.005568598 131.914031982
-0.004367213 0.107151352 -0.994233131 -107.546371460 -0.097035766 0.989505112 0.107068032 -14.817093849 0.995271325 0.096943758 0.006076133 131.948455811
-0.005846392 0.118429177 -0.992945313 -108.509773254 -0.100957558 0.987818956 0.118412174 -14.806511879 0.994873583 0.100937620 0.006181144 131.976409912
-0.007314053 0.120394096 -0.992699206 -109.451782227 -0.108100131 0.986812890 0.120476671 -14.799776077 0.994113147 0.108192086 0.005797016 132.006958008
-0.006682518 0.117745340 -0.993021250 -110.435226440 -0.115703531 0.986282706 0.117724933 -14.786782265 0.993261337 0.115682773 0.007032697 132.018814087
-0.006734377 0.113781579 -0.993482888 -111.390640259 -0.123786785 0.985769033 0.113737226 -14.775173187 0.992286026 0.123746023 0.007446116 132.041061401
-0.004254747 0.115712084 -0.993273675 -112.356979370 -0.128542870 0.984978855 0.115296409 -14.756842613 0.991694868 0.128168792 0.010683127 132.062011719
-0.003059268 0.116849236 -0.993144870 -113.335006714 -0.136713803 0.983775556 0.116168015 -14.739536285 0.990605891 0.136132017 0.012965270 132.087417603
-0.002555119 0.119641177 -0.992813945 -114.298728943 -0.145953104 0.982140839 0.118730642 -14.724786758 0.989288211 0.145207658 0.014952518 132.108123779
-0.002243591 0.121875219 -0.992542863 -115.273956299 -0.151634112 0.981026769 0.120803922 -14.705620766 0.988434196 0.150774390 0.016279422 132.134292603
-0.001960009 0.121776111 -0.992555797 -116.241996765 -0.155563056 0.980436981 0.120596483 -14.698869705 0.987824023 0.154641345 0.017022198 132.170349121
-0.000556453 0.111984067 -0.993709862 -117.196182251 -0.154362455 0.981790066 0.110727221 -14.700823784 0.988014162 0.153453112 0.016739812 132.205078125
0.001040995 0.100617833 -0.994924605 -118.146492004 -0.157724455 0.982488334 0.099195100 -14.692997932 0.987482607 0.156820700 0.016892660 132.238555908
