1.000000000 0.000000000 0.000000000 0.000000000 0.000000000 1.000000000 0.000000000 0.000000000 0.000000000 0.000000000 1.000000000 0.000000000
0.999997854 -0.001587405 -0.001336619 0.048882265 0.001584550 0.999996483 -0.002134568 -0.132836223 0.001340003 0.002132445 0.999996841 1.297960281
0.999997675 0.000001404 -0.002161225 0.105733559 -0.000015130 0.999979854 -0.006351310 -0.267646968 0.002161173 0.006351327 0.999977469 2.606087685
0.999996066 0.002501427 -0.001372003 0.151116163 -0.002512234 0.999965370 -0.007931999 -0.405701250 0.001352114 0.007935414 0.999967575 3.910977602
0.999983788 0.005686897 0.000103326 0.197468489 -0.005686083 0.999961674 -0.006663254 -0.544724405 -0.000141215 0.006662558 0.999977767 5.226867199
0.999975681 0.006534887 0.002438893 0.243370980 -0.006526975 0.999973476 -0.003238082 -0.690221488 -0.002459988 0.003222085 0.999991775 6.542891026
0.999961257 0.006736563 0.005683727 0.300733685 -0.006725434 0.999975502 -0.001974825 -0.827526033 -0.005696890 0.001936523 0.999981880 7.845664501
0.999943137 0.005375381 0.009210180 0.356187284 -0.005357885 0.999983788 -0.001923077 -0.960413396 -0.009220368 0.001873621 0.999955714 9.153579712
0.999912679 0.004023128 0.012588362 0.434110403 -0.004001956 0.999990523 -0.001706733 -1.097855926 -0.012595110 0.001656206 0.999919295 10.453765869
0.999869227 0.002657812 0.015951315 0.499913931 -0.002618472 0.999993622 -0.002486614 -1.235577226 -0.015957819 0.002444521 0.999869704 11.763738632
0.999813497 0.001570527 0.019249223 0.577181458 -0.001506391 0.999993265 -0.003345924 -1.370655656 -0.019254349 0.003316303 0.999809086 13.056747437
0.999743402 0.001337001 0.022612097 0.645725787 -0.001263406 0.999993801 -0.003268670 -1.520373583 -0.022616332 0.003239263 0.999738991 14.387915611
0.999657631 0.001283569 0.026133554 0.728174210 -0.001171138 0.999989986 -0.004317043 -1.658188581 -0.026138835 0.004284960 0.999649167 15.686179161
0.999574959 0.002146343 0.029071843 0.816835523 -0.002021932 0.999988616 -0.004308171 -1.798207879 -0.029080762 0.004247559 0.999567986 16.993364334
0.999477744 0.001779146 0.032266013 0.906555653 -0.001655420 0.999991119 -0.003860896 -1.937731028 -0.032272592 0.003805467 0.999471903 18.281085968
0.999408007 0.000152919 0.034403738 1.005466580 -0.000029684 0.999993563 -0.003582486 -2.080232620 -0.034404065 0.003579344 0.999401569 19.578727722
0.999352455 -0.002388623 0.035900656 1.103346109 0.002563467 0.999985039 -0.004825001 -2.220419168 -0.035888590 0.004913907 0.999343753 20.855827332
0.999313533 -0.001978383 0.036994252 1.206333518 0.002227474 0.999975145 -0.006693228 -2.360938549 -0.036980100 0.006771036 0.999293029 22.159105301
0.999267340 -0.001838983 0.038230192 1.288969040 0.002190168 0.999955833 -0.009146230 -2.506687880 -0.038211685 0.009223258 0.999227166 23.444143295
0.999224782 -0.001316685 0.039349500 1.387760878 0.001741869 0.999940455 -0.010773007 -2.649154663 -0.039332967 0.010833195 0.999167442 24.734100342
0.999173999 -0.000644196 0.040632188 1.485275149 0.001102274 0.999936044 -0.011252389 -2.797178984 -0.040622339 0.011287882 0.999110878 26.004337311
0.999161065 -0.002279314 0.040893212 1.585401893 0.002707933 0.999942064 -0.010429109 -2.942521572 -0.040867068 0.010531097 0.999109030 27.297666550
0.999154270 -0.005282461 0.040778100 1.689939737 0.005666737 0.999940574 -0.009313760 -3.088432312 -0.040726479 0.009536961 0.999124765 28.574932098
0.999176323 -0.006718307 0.040019371 1.784370422 0.007114537 0.999926984 -0.009766800 -3.235598564 -0.039950833 0.010043473 0.999151170 29.866760254
0.999195218 -0.008363805 0.039229251 1.890350342 0.008850169 0.999885976 -0.012240822 -3.382016897 -0.039122395 0.012578158 0.999155223 31.134344101
0.999226391 -0.008329820 0.038435243 1.996196747 0.008816034 0.999882996 -0.012498071 -3.529201746 -0.038326643 0.012827248 0.999182940 32.420352936
0.999242902 -0.008968260 0.037858102 2.094393253 0.009459849 0.999872983 -0.012825900 -3.673319101 -0.037738271 0.013174320 0.999200821 33.684852600
0.999252856 -0.009616746 0.037432913 2.187214851 0.010102720 0.999866843 -0.012815111 -3.819192171 -0.037304696 0.013183711 0.999216974 34.951248169
0.999264479 -0.010022240 0.037014771 2.279252052 0.010520939 0.999856174 -0.013302888 -3.965285301 -0.036876123 0.013682531 0.999226213 36.213199615
0.999304891 -0.010790295 0.035683133 2.394169331 0.011279591 0.999844670 -0.013539536 -4.122207642 -0.035531495 0.013932616 0.999271452 37.498523712
0.999307871 -0.010486015 0.035692297 2.485664368 0.010907326 0.999872923 -0.011629801 -4.269212723 -0.035565808 0.012011060 0.999295175 38.755325317
0.999262452 -0.010488211 0.036937479 2.583424568 0.010887944 0.999884129 -0.010637377 -4.409967422 -0.036821630 0.011031704 0.999260962 40.026306152
0.999187648 -0.012294455 0.038376499 2.698497534 0.012659309 0.999876857 -0.009278749 -4.548070431 -0.038257688 0.009757032 0.999220312 41.275382996
0.999071598 -0.013370038 0.040953789 2.787694693 0.013798447 0.999852777 -0.010196024 -4.697299957 -0.040811434 0.010751654 0.999109149 42.542255402
0.998941839 -0.014810433 0.043540645 2.882143259 0.015408961 0.999790907 -0.013443055 -4.844492912 -0.043332443 0.014099747 0.998961210 43.792289734
0.998845398 -0.015692288 0.045405112 2.990659475 0.016358051 0.999763548 -0.014328551 -4.995965004 -0.045169532 0.015054747 0.998866022 45.055603027
0.998733044 -0.015813198 0.047773499 3.120865822 0.016468965 0.999774992 -0.013364221 -5.126874924 -0.047551431 0.014134067 0.998768806 46.290470123
0.998507500 -0.017225901 0.051826499 3.212913036 0.017750142 0.999795794 -0.009672077 -5.285041809 -0.051649302 0.010577571 0.998609245 47.553867340
0.998232841 -0.020161796 0.055897992 3.322126150 0.020627070 0.999757230 -0.007759122 -5.423215866 -0.055727981 0.008898424 0.998406291 48.761104584
0.997989535 -0.022333600 0.059315592 3.456512928 0.022851374 0.999706328 -0.008065108 -5.565118313 -0.059118051 0.009404334 0.998206794 50.024581909
0.997712731 -0.025665540 0.062532857 3.602917671 0.026440471 0.999583125 -0.011596401 -5.701125622 -0.062209159 0.013223277 0.997975469 51.250873566
0.997408748 -0.026699906 0.066803746 3.727292299 0.027554410 0.999549448 -0.011902573 -5.834684849 -0.066455841 0.013712467 0.997695148 52.486568451
0.997051954 -0.029247683 0.070936054 3.856867075 0.029990280 0.999505818 -0.009425988 -5.973238468 -0.070625320 0.011525597 0.997436285 53.704292297
0.996766806 -0.031876519 0.073755085 4.013536453 0.032422155 0.999454916 -0.006212273 -6.105910778 -0.073516861 0.008583485 0.997257054 54.917366028
0.996543109 -0.034316752 0.075658455 4.168050766 0.034742128 0.999387026 -0.004312961 -6.239115715 -0.075464062 0.006926587 0.997124493 56.135379791
0.996303320 -0.037743501 0.077169776 4.312569618 0.037961733 0.999278247 -0.001362413 -6.360601902 -0.077062659 0.004286875 0.997017026 57.342788696
0.996179640 -0.040773731 0.077224120 4.474615097 0.040882852 0.999163926 0.000168053 -6.487443924 -0.077166408 0.002989731 0.997013748 58.544109344
0.996104240 -0.042588025 0.077217422 4.612776756 0.042951085 0.999072552 -0.003046517 -6.611679077 -0.077016048 0.006351222 0.997009575 59.752063751
0.996116877 -0.043863263 0.076336339 4.764507771 0.044544168 0.998981178 -0.007239347 -6.741593838 -0.075941026 0.010611574 0.997055769 60.938354492
0.996115863 -0.045072038 0.075641155 4.890731812 0.046049502 0.998875976 -0.011227519 -6.868832111 -0.075050071 0.014667146 0.997072041 62.143692017
0.996163011 -0.046350855 0.074235030 5.036090851 0.047488242 0.998778880 -0.013629438 -7.000752449 -0.073512629 0.017102432 0.997147679 63.329864502
0.996283948 -0.046944551 0.072211400 5.169106007 0.048064072 0.998748243 -0.013843658 -7.134780884 -0.071471125 0.017262986 0.997293293 64.519592285
0.996506214 -0.046491984 0.069381230 5.303504944 0.047505919 0.998785853 -0.013035310 -7.272222996 -0.068690963 0.016285786 0.997505069 65.695167542
0.996748447 -0.045500845 0.066499524 5.423042297 0.046337701 0.998864353 -0.011095863 -7.412533283 -0.065919109 0.014141222 0.997724771 66.894058228
0.997144341 -0.041703843 0.062961034 5.544374466 0.042265773 0.999077439 -0.007619033 -7.541769028 -0.062585190 0.010258370 0.997986972 68.069442749
0.997356355 -0.040075555 0.060615625 5.652093887 0.040453106 0.999168992 -0.005013713 -7.667572975 -0.060364321 0.007452547 0.998148680 69.234130859
0.997631788 -0.038795922 0.056795333 5.776602745 0.039302725 0.999196529 -0.007833452 -7.815897942 -0.056445792 0.010047112 0.998355091 70.439620972
0.997819185 -0.039071959 0.053200226 5.888639450 0.039886966 0.999101281 -0.014344732 -7.946340561 -0.052591935 0.016435444 0.998480797 71.598236084
0.997875094 -0.042545635 0.049347252 5.997508526 0.043458849 0.998900533 -0.017582681 -8.081778526 -0.048544928 0.019689897 0.998626828 72.773292542
0.997914314 -0.045816530 0.045474209 6.114161491 0.046452440 0.998835564 -0.013026447 -8.218658447 -0.044824425 0.015111665 0.998880684 73.963218689
0.997924268 -0.049551092 0.041131005 6.221284389 0.049917571 0.998721778 -0.007930860 -8.345766068 -0.040685449 0.009967556 0.999122202 75.120018005
0.997983515 -0.051995985 0.036403086 6.321734428 0.052233707 0.998619080 -0.005609259 -8.469994545 -0.036061157 0.007499414 0.999321461 76.310531616
0.998164713 -0.051257934 0.032244563 6.413217545 0.051389415 0.998673439 -0.003261681 -8.593926430 -0.032034598 0.004912724 0.999474645 77.470611572
0.998313427 -0.050659638 0.028355025 6.509191513 0.050769635 0.998705387 -0.003172366 -8.711840630 -0.028157603 0.004606588 0.999592841 78.628067017
0.998453677 -0.049697157 0.024907894 6.584039688 0.049834367 0.998745322 -0.004918025 -8.843864441 -0.024632230 0.006151689 0.999677598 79.797637939
0.998638511 -0.047408860 0.021759203 6.658666611 0.047630202 0.998817265 -0.009769057 -8.974102974 -0.021270329 0.010792153 0.999715507 80.942344666
0.998548388 -0.050698880 0.018186003 6.740823269 0.050965138 0.998595357 -0.014488403 -9.113535881 -0.017425908 0.015394222 0.999729633 82.107887268
0.998411298 -0.054194409 0.015421905 6.799445152 0.054438900 0.998390615 -0.015902122 -9.241425514 -0.014535275 0.016716413 0.999754548 83.240936279
0.998445332 -0.054509483 0.011642283 6.868031502 0.054655530 0.998425603 -0.012617886 -9.368648529 -0.010936158 0.013234584 0.999852598 84.377563477
0.998451531 -0.054851536 0.009268675 6.933407784 0.054943457 0.998439729 -0.009972356 -9.499335289 -0.008707214 0.010466166 0.999907315 85.515640259
0.998599589 -0.052280437 0.008091393 6.978512764 0.052369982 0.998564124 -0.011282910 -9.632273674 -0.007489900 0.011690858 0.999903560 86.660446167
0.998791456 -0.048546780 0.007659334 7.032242298 0.048652597 0.998713434 -0.014292983 -9.760269165 -0.006955601 0.014648356 0.999868512 87.779663086
0.998862863 -0.047268223 0.006222355 7.098242760 0.047369510 0.998727858 -0.017283527 -9.885532379 -0.005397479 0.017558623 0.999831259 88.880393982
0.998820364 -0.048186373 0.005986716 7.138446808 0.048286151 0.998674512 -0.017821945 -10.026449203 -0.005120005 0.018090000 0.999823391 90.024635315
0.998770595 -0.049363367 0.004522745 7.193089485 0.049426537 0.998663247 -0.015122263 -10.156536102 -0.003770214 0.015327217 0.999875426 91.138572693
0.998723686 -0.050367855 0.003745265 7.243691921 0.050410479 0.998652458 -0.012326654 -10.288004875 -0.003119351 0.012499724 0.999916971 92.255622864
0.998753428 -0.049830060 0.002934301 7.310487747 0.049861655 0.998685062 -0.011915118 -10.409322739 -0.002336712 0.012046575 0.999924660 93.378265381
0.998721480 -0.050473820 0.002772132 7.360234737 0.050507948 0.998624623 -0.014063039 -10.535889626 -0.002058504 0.014185077 0.999897301 94.487670898
0.998718262 -0.050564643 0.002280952 7.419766426 0.050597411 0.998559117 -0.017876711 -10.666043282 -0.001373736 0.017969208 0.999837518 95.595420837
0.998699605 -0.050937269 0.002127315 7.469799995 0.050968371 0.998522460 -0.018845266 -10.805328369 -0.001164246 0.018929180 0.999820292 96.705070496
0.998661995 -0.051681712 0.001782273 7.528182030 0.051704671 0.998516202 -0.017090335 -10.937304497 -0.000896370 0.017159618 0.999852300 97.789550781
0.998697698 -0.050940327 0.002877174 7.572173595 0.050971657 0.998626351 -0.012135230 -11.055963516 -0.002255050 0.012266081 0.999922216 98.873664856
0.998778284 -0.049238328 0.004200117 7.623909473 0.049273241 0.998747766 -0.008661324 -11.176043510 -0.003768389 0.008857694 0.999953628 99.944252014
0.998876095 -0.046961721 0.006403067 7.665906906 0.047016457 0.998856366 -0.008684711 -11.293800354 -0.005987895 0.008976000 0.999941707 100.997627258
0.998947442 -0.045030545 0.008732014 7.714802742 0.045120094 0.998928010 -0.010344680 -11.415798187 -0.008256827 0.010727779 0.999908328 102.032432556
0.998892009 -0.045650173 0.011432536 7.768754959 0.045795612 0.998868704 -0.012800083 -11.536455154 -0.010835277 0.013309462 0.999852657 103.054794312
0.998804390 -0.047093339 0.013116657 7.818071365 0.047273748 0.998786628 -0.013802064 -11.649679184 -0.012450757 0.014405637 0.999818683 104.057640076
0.998691261 -0.048851412 0.015148493 7.879544735 0.049050950 0.998710394 -0.013092483 -11.762998581 -0.014489371 0.013818394 0.999799490 105.039077759
0.998655081 -0.048978020 0.017007973 7.935130119 0.049184512 0.998718321 -0.011942552 -11.879392624 -0.016401252 0.012763017 0.999783993 106.019821167
0.998585343 -0.050087515 0.017847691 8.011898994 0.050269015 0.998686969 -0.009869958 -11.990659714 -0.017329894 0.010753182 0.999791980 106.951774597
0.998509049 -0.050772849 0.020045478 8.067938805 0.050987136 0.998645961 -0.010327347 -12.096779823 -0.019493986 0.011334012 0.999745727 107.867271423
0.998498321 -0.050408170 0.021450805 8.132736206 0.050602328 0.998681724 -0.008606675 -12.194725037 -0.020988680 0.009679209 0.999732852 108.769844055
0.998500228 -0.049543101 0.023299571 8.191986084 0.049708493 0.998742223 -0.006573145 -12.291645050 -0.022944612 0.007721474 0.999706864 109.640159607
0.998467505 -0.049754310 0.024231205 8.258313179 0.049846902 0.998751640 -0.003231678 -12.393542290 -0.024040168 0.004434575 0.999701142 110.496940613
0.998424828 -0.049773641 0.025891274 8.319851875 0.049879126 0.998749316 -0.003443897 -12.482576370 -0.025687478 0.004729906 0.999658823 111.321662903
0.998435915 -0.048832897 0.027221624 8.369715691 0.048919424 0.998799562 -0.002521614 -12.572140694 -0.027065806 0.003849335 0.999626160 112.128875732
0.998541772 -0.046485886 0.027447697 8.425369263 0.046563648 0.998912811 -0.002200508 -12.652921677 -0.027315568 0.003475364 0.999620736 112.909301758
0.998671710 -0.043990709 0.026821621 8.470788956 0.043981675 0.999031901 0.000926647 -12.730504990 -0.026836423 0.000254244 0.999639750 113.661781311
0.998741329 -0.043882478 0.024292666 8.514852524 0.043847490 0.999036252 0.001971180 -12.814631462 -0.024355756 -0.000903527 0.999702930 114.410476685
0.998872399 -0.043989614 0.017857894 8.553771973 0.043959338 0.999031126 0.002084481 -12.888853073 -0.017932290 -0.001297109 0.999838352 115.106513977
0.999064744 -0.042574115 0.007555384 8.580600739 0.042565227 0.999092817 0.001332632 -12.966457367 -0.007605264 -0.001009789 0.999970555 115.772796631
0.999190569 -0.039755646 -0.006146049 8.582043648 0.039745938 0.999208331 -0.001692875 -13.033896446 0.006208487 0.001447225 0.999979675 116.411048889
0.998936415 -0.038352735 -0.025594542 8.585481644 0.038260221 0.999259412 -0.004094767 -13.103904724 0.025732631 0.003111160 0.999664009 117.046203613
0.998190880 -0.036484513 -0.047789343 8.550859451 0.036212165 0.999322653 -0.006552734 -13.171482086 0.047996044 0.004810324 0.998835921 117.632736206
0.996516943 -0.035147183 -0.075622126 8.514636040 0.034641251 0.999367774 -0.007991947 -13.241329193 0.075855210 0.005344466 0.997104466 118.197601318
0.993647754 -0.032746270 -0.107665181 8.442542076 0.031822853 0.999440610 -0.010284141 -13.306730270 0.107941717 0.006792601 0.994133949 118.742637634
0.989345491 -0.028214423 -0.142827079 8.332555771 0.026825093 0.999572337 -0.011643983 -13.371328354 0.143094510 0.007688572 0.989679158 119.290016174
0.983104944 -0.022331435 -0.181675330 8.234001160 0.020661481 0.999725163 -0.011079613 -13.428585052 0.181872815 0.007138742 0.983296156 119.798835754
0.974641919 -0.016799828 -0.223138511 8.092750549 0.015144690 0.999843717 -0.009126832 -13.485540390 0.223256931 0.005516029 0.974744081 120.301040649
0.963382363 -0.012273053 -0.267850369 7.920091629 0.010604033 0.999914289 -0.007676909 -13.541125298 0.267921627 0.004555504 0.963429987 120.796554565
0.949271977 -0.006013162 -0.314398706 7.728847504 0.003714864 0.999961853 -0.007908793 -13.600612640 0.314434290 0.006339646 0.949258089 121.259651184
0.931960225 0.001600757 -0.362556756 7.496147156 -0.005125217 0.999948561 -0.008759515 -13.657078743 0.362524092 0.010021701 0.931920588 121.735740662
0.910807133 0.006282013 -0.412784278 7.249881744 -0.011136590 0.999894202 -0.009355824 -13.710188866 0.412681848 0.013118360 0.910780787 122.172042847
0.885830462 0.010572122 -0.463888705 6.982051849 -0.016270448 0.999833345 -0.008283230 -13.760991096 0.463723809 0.014885214 0.885854781 122.583663940
0.856866181 0.013648827 -0.515358269 6.696552277 -0.020753145 0.999752402 -0.008027853 -13.804582596 0.515121102 0.017574100 0.856937289 122.987060547
0.825319111 0.023568286 -0.564174533 6.374397278 -0.031667553 0.999487936 -0.004572371 -13.855239868 0.563777924 0.021639694 0.825642824 123.354293823
0.791267276 0.036162302 -0.610400140 6.027984619 -0.044250317 0.999018788 0.001823380 -13.893852234 0.609867156 0.025567617 0.792091131 123.712821960
0.755305111 0.044889327 -0.653834105 5.673492432 -0.055474509 0.998450100 0.004465307 -13.934241295 0.653021276 0.032898463 0.756624699 124.029144287
0.715397000 0.048700631 -0.697018862 5.306022644 -0.062413670 0.998034120 0.005673217 -13.981687546 0.695924938 0.039444901 0.717030406 124.329223633
0.673008323 0.050545175 -0.737905800 4.927761078 -0.065263696 0.997828960 0.008825556 -14.028432846 0.736749887 0.042218789 0.674846053 124.612503052
0.629351556 0.054047421 -0.775238991 4.516666412 -0.068595916 0.997548282 0.013858912 -14.062205315 0.774087310 0.044456113 0.631515980 124.883926392
0.584279776 0.062886983 -0.809112072 4.092071533 -0.079751484 0.996616781 0.019869987 -14.096020699 0.807624102 0.052918252 0.587318301 125.114227295
0.538694203 0.071625911 -0.839451134 3.649162292 -0.091214634 0.995481133 0.026404686 -14.119289398 0.837549090 0.062346179 0.542793274 125.324920654
0.491920114 0.076661982 -0.867258608 3.195594788 -0.096793495 0.994756281 0.033029728 -14.145460129 0.865242898 0.067697003 0.496761084 125.522689819
0.445078820 0.077809907 -0.892104447 2.722770691 -0.097112879 0.994536400 0.038293593 -14.162281036 0.890210032 0.069591165 0.450203478 125.706909180
0.398273587 0.079503879 -0.913814723 2.250183105 -0.094720311 0.994475365 0.045239005 -14.183452606 0.912362993 0.068539299 0.403603971 125.873939514
0.351995409 0.082265198 -0.932379544 1.758594513 -0.096330516 0.994024634 0.051337168 -14.205317497 0.931031406 0.071746156 0.357816815 126.026298523
0.307994127 0.085529290 -0.947535992 1.253074646 -0.101462781 0.993223786 0.056673091 -14.226449966 0.945962429 0.078684635 0.314585090 126.146133423
0.267005920 0.087404363 -0.959723055 0.734104156 -0.106624283 0.992443502 0.060720213 -14.245086670 0.957778156 0.086117119 0.274307787 126.243820190
0.227368817 0.084457874 -0.970139325 0.196252823 -0.106569499 0.992406428 0.061419997 -14.271029472 0.967959881 0.089422271 0.234642878 126.350440979
0.192548692 0.079120554 -0.978092492 -0.337800980 -0.101556286 0.992998540 0.060333822 -14.288501740 0.976018071 0.087714247 0.199235737 126.442855835
0.161733210 0.074445426 -0.984022498 -0.886940002 -0.098865852 0.993355930 0.058902025 -14.312503815 0.981869578 0.087759800 0.168018758 126.525733948
0.135158479 0.072448760 -0.988171756 -1.453258514 -0.099870905 0.993240118 0.059160367 -14.329920769 0.985777855 0.090693586 0.141480386 126.596244812
0.113129698 0.071777478 -0.990984142 -2.038252831 -0.100805528 0.993069708 0.060420677 -14.344778061 0.988453209 0.093061320 0.119581252 126.658935547
0.094857141 0.073443338 -0.992778122 -2.633158684 -0.103114061 0.992635369 0.063580535 -14.361472130 0.990136147 0.096338309 0.101731628 126.713935852
0.078494005 0.071779825 -0.994327128 -3.241614342 -0.104044124 0.992547393 0.063437924 -14.384754181 0.991470337 0.098474398 0.085377298 126.764968872
0.064577721 0.070726968 -0.995403111 -3.864959717 -0.102500781 0.992679477 0.063883595 -14.412459373 0.992634535 0.097904153 0.071354553 126.813064575
0.052848995 0.068361074 -0.996259809 -4.499887466 -0.098603353 0.993135929 0.062916070 -14.434430122 0.993722498 0.094909512 0.059226863 126.852989197
0.041157551 0.065475225 -0.997004986 -5.157872200 -0.095846146 0.993507624 0.061288893 -14.448230743 0.994544923 0.093036607 0.047165889 126.886894226
0.029807145 0.064384788 -0.997479916 -5.830783844 -0.094833747 0.993603826 0.061300751 -14.465390205 0.995046735 0.092767559 0.035722356 126.936889648
0.020118779 0.065773539 -0.997631788 -6.501119614 -0.098267488 0.993132353 0.063495182 -14.485701561 0.994956672 0.096757315 0.026444010 126.958168030
0.011941528 0.065521494 -0.997779727 -7.179454327 -0.101052724 0.992821336 0.063986473 -14.509840012 0.994809389 0.100064255 0.018476928 126.974189758
0.005016221 0.064841941 -0.997882962 -7.876476765 -0.103286825 0.992591798 0.063978925 -14.532424927 0.994638979 0.102747232 0.011676380 126.998954773
-0.000174958 0.065787986 -0.997833610 -8.574466705 -0.104081534 0.992412925 0.065448850 -14.550111771 0.994568765 0.103867501 0.006673686 127.016357422
-0.003766436 0.068097278 -0.997671545 -9.297189713 -0.106389433 0.991989076 0.068111062 -14.567421913 0.994317472 0.106398247 0.003508569 127.040092468
-0.003969802 0.072412759 -0.997366846 -10.033854485 -0.108360171 0.991470575 0.072415970 -14.593973160 0.994103789 0.108362332 0.003910719 127.036529541
-0.005334057 0.075418800 -0.997137666 -10.751491547 -0.110737182 0.990974367 0.075545028 -14.607207298 0.993835390 0.110823199 0.003065754 127.051872253
-0.006005098 0.080968253 -0.996698618 -11.490223885 -0.115385689 0.990002990 0.081119508 -14.613848686 0.993302584 0.115491882 0.003397513 127.061790466
-0.007201178 0.084750257 -0.996376157 -12.231751442 -0.118507124 0.989307940 0.085005529 -14.626357079 0.992927074 0.118689828 0.002919327 127.070785522
-0.008356527 0.085163802 -0.996331930 -12.983301163 -0.118675403 0.989240468 0.085553013 -14.642323494 0.992897928 0.118955009 0.001840235 127.086822510
-0.009889681 0.082198031 -0.996566951 -13.725985527 -0.116312690 0.989756107 0.082790531 -14.660514832 0.993163347 0.116732173 -0.000227697 127.109565735
-0.011463085 0.078777187 -0.996826410 -14.482328415 -0.119771451 0.989606559 0.079583965 -14.666507721 0.992735386 0.120303601 -0.001908685 127.126785278
-0.012580964 0.080199011 -0.996699452 -15.253602982 -0.125147700 0.988814235 0.081144229 -14.674421310 0.992058337 0.125755504 -0.002403514 127.125267029
-0.014279714 0.083723538 -0.996386647 -16.021867752 -0.122200958 0.988872409 0.084843442 -14.688318253 0.992402613 0.122970946 -0.003889718 127.142593384
-0.016151411 0.084021911 -0.996333003 -16.796360016 -0.121362679 0.988930702 0.085365057 -14.706941605 0.992476702 0.122296408 -0.005775503 127.156135559
-0.017524391 0.083039068 -0.996392190 -17.590076447 -0.124008134 0.988670170 0.084576555 -14.715614319 0.992126405 0.125042886 -0.007028326 127.159645081
-0.017896172 0.082842693 -0.996401846 -18.377788544 -0.128776863 0.988070071 0.084462911 -14.721269608 0.991512120 0.129825071 -0.007014449 127.158340454
-0.018846519 0.087186776 -0.996013641 -19.182323456 -0.130529597 0.987450123 0.088907018 -14.726963997 0.991265297 0.131684870 -0.007229547 127.163337708
-0.019345339 0.091616452 -0.995606422 -19.996173859 -0.129239529 0.987209260 0.093354955 -14.734544754 0.991424739 0.130477697 -0.007257430 127.177886963
-0.018725989 0.093793668 -0.995415449 -20.821994781 -0.130973235 0.986780882 0.095443964 -14.746588707 0.991209030 0.132160112 -0.006193987 127.195114136
-0.016798820 0.092410371 -0.995579302 -21.640476227 -0.130448431 0.987006545 0.093815744 -14.751064301 0.991312742 0.131447762 -0.004525758 127.206565857
-0.015611577 0.092453837 -0.995594561 -22.471622467 -0.130510271 0.987009048 0.093703039 -14.754944801 0.991324067 0.131398171 -0.003342595 127.219879150
-0.015851568 0.091707148 -0.995659828 -23.303865433 -0.128944531 0.987282336 0.092988409 -14.764406204 0.991525114 0.129858866 -0.003824838 127.246772766
-0.015027883 0.093611673 -0.995495319 -24.141521454 -0.129911706 0.986985862 0.094772607 -14.770455360 0.991411686 0.130750731 -0.002671058 127.267265320
-0.014551882 0.095854275 -0.995289028 -24.978982925 -0.131577060 0.986554980 0.096936882 -14.772315979 0.991199195 0.132367820 -0.001744005 127.286376953
-0.014353812 0.098249614 -0.995058298 -25.850364685 -0.134502515 0.985926569 0.099288158 -14.771980286 0.990809262 0.135263026 -0.000936984 127.300064087
-0.012814987 0.099375032 -0.994967580 -26.714168549 -0.136673152 0.985536277 0.100193381 -14.768689156 0.990533292 0.137269333 0.000952264 127.313865662
-0.011049353 0.102612294 -0.994660079 -27.583700180 -0.143501669 0.984261513 0.103133664 -14.769071579 0.989588320 0.143874928 0.003849583 127.329597473
-0.008810809 0.106375806 -0.994286954 -28.464715958 -0.148252591 0.983197987 0.106503174 -14.762687683 0.988910258 0.148343965 0.007107722 127.347862244
-0.006611773 0.108221039 -0.994104862 -29.340103149 -0.150739715 0.982658863 0.107977554 -14.756252289 0.988551319 0.150565013 0.009816093 127.378776550
-0.003046108 0.109045915 -0.994031966 -30.233390808 -0.149544790 0.982808888 0.108273000 -14.757503510 0.988750279 0.148982093 0.013313504 127.407066345
-0.000448214 0.109199502 -0.994019628 -31.125715256 -0.152461275 0.982391834 0.107990839 -14.752830505 0.988309324 0.151597932 0.016208373 127.437660217
0.002135414 0.112897865 -0.993604243 -32.027156830 -0.152846470 0.981968462 0.111247241 -14.743292809 0.988247633 0.151631325 0.019352950 127.469619751
0.003811368 0.114979923 -0.993360519 -32.928550720 -0.151607826 0.981951356 0.113077641 -14.739248276 0.988433361 0.150170282 0.021174435 127.521675110
0.005401385 0.116330326 -0.993195891 -33.820678711 -0.152273059 0.981723249 0.114158466 -14.735328674 0.988323569 0.150620401 0.023016641 127.565025330
0.008112794 0.114526317 -0.993387103 -34.732265472 -0.153630972 0.981768072 0.111932114 -14.727135658 0.988094985 0.151706964 0.025559664 127.592048645
0.008279678 0.115523979 -0.993270099 -35.630657196 -0.157198206 0.981104016 0.112798609 -14.716876984 0.987532377 0.155206352 0.026283385 127.639129639
0.009244606 0.116110794 -0.993193209 -36.525192261 -0.157720953 0.980972230 0.113214023 -14.711153030 0.987440467 0.155600786 0.027381808 127.678733826
0.009893942 0.112895034 -0.993557692 -37.423583984 -0.158513620 0.981219769 0.109914631 -14.709052086 0.987307191 0.156404942 0.027603537 127.710533142
0.010566011 0.108444028 -0.994046330 -38.338787079 -0.159423500 0.981568873 0.105388261 -14.706504822 0.987153888 0.157360777 0.027659792 127.758674622
0.011018643 0.107592002 -0.994134068 -39.235519409 -0.159123510 0.981714129 0.104484178 -14.700431824 0.987197220 0.157038838 0.027937576 127.802101135
0.010888734 0.111691326 -0.993683279 -40.139247894 -0.161583915 0.980878353 0.108481415 -14.692873001 0.986798882 0.159382015 0.028728046 127.841186523
0.011277480 0.118189670 -0.992927015 -41.077526093 -0.162399441 0.980023086 0.114809185 -14.683223724 0.986660659 0.159956008 0.030246124 127.880561829
0.011496092 0.116798580 -0.993089020 -41.972881317 -0.160241470 0.980534434 0.113467060 -14.681720734 0.987010896 0.157829612 0.029988294 127.926567078
0.012244193 0.106583163 -0.994228482 -42.861381531 -0.159473419 0.981784225 0.103285201 -14.688232422 0.987126291 0.157288328 0.029018342 127.972358704
0.012513191 0.096027426 -0.995300055 -43.788715363 -0.161210626 0.982550144 0.092770502 -14.690992355 0.986840725 0.159292057 0.027775479 128.014511108
0.011481890 0.093093112 -0.995591223 -44.690185547 -0.158021390 0.983314335 0.090122744 -14.699079514 0.987369001 0.156289965 0.026001010 128.060943604
0.011149984 0.102918684 -0.994627237 -45.612476349 -0.150792226 0.983487010 0.100075528 -14.699939728 0.988502622 0.148866236 0.026485199 128.112777710
0.011603542 0.116164684 -0.993162155 -46.554828644 -0.145813420 0.982808769 0.113250092 -14.696367264 0.989244044 0.143502295 0.028342431 128.168106079
0.011818076 0.125126287 -0.992070496 -47.476158142 -0.146104217 0.981707811 0.122078836 -14.686342239 0.989198506 0.143502951 0.029883379 128.215133667
0.011513385 0.119365737 -0.992783606 -48.393047333 -0.146153644 0.982387543 0.116420835 -14.681894302 0.989194930 0.143758535 0.028756347 128.257827759
0.011627210 0.105949335 -0.994303465 -49.311813354 -0.146032915 0.983889282 0.103131950 -14.680427551 0.989211380 0.144001886 0.026911981 128.302261353
0.012183223 0.097019948 -0.995207787 -50.225761414 -0.146602318 0.984699905 0.094200864 -14.678730011 0.989120483 0.144752100 0.026220165 128.346282959
0.012489760 0.097317107 -0.995175064 -51.148658752 -0.145867884 0.984783232 0.094470218 -14.689315796 0.989225268 0.143984199 0.026495149 128.395339966
0.012069972 0.098520748 -0.995061755 -52.100776672 -0.148751512 0.984238327 0.095644772 -14.701618195 0.988801062 0.146862477 0.026534839 128.435379028
0.012531125 0.098069414 -0.995100737 -53.027862549 -0.153337851 0.983596325 0.095004655 -14.703971863 0.988094389 0.151396081 0.027363317 128.471038818
0.013183565 0.097307973 -0.995166957 -53.965480804 -0.155126408 0.983402491 0.094102561 -14.704903603 0.987806678 0.153136060 0.028059784 128.511108398
0.014009724 0.105263561 -0.994345665 -54.931594849 -0.164049849 0.981209934 0.101561613 -14.707813263 0.986352563 0.161699399 0.031014955 128.551513672
0.015429407 0.114652857 -0.993285775 -55.872371674 -0.169471458 0.979330957 0.110409543 -14.698974609 0.985414386 0.166630030 0.034540880 128.591842651
0.016661674 0.122997127 -0.992267132 -56.832214355 -0.169837236 0.978331566 0.118417896 -14.692115784 0.985331297 0.166550875 0.037190132 128.633728027
0.017693587 0.123548195 -0.992180824 -57.783481598 -0.171548992 0.977995932 0.118722610 -14.681907654 0.985016704 0.168106988 0.038498819 128.684448242
0.019407880 0.113982879 -0.993293107 -58.717281342 -0.173507258 0.978789985 0.108928479 -14.679489136 0.984641433 0.170229524 0.038773093 128.726135254
0.020612942 0.108975463 -0.993830681 -59.657798767 -0.171954423 0.979615629 0.103850268 -14.672361374 0.984889269 0.168752939 0.038931582 128.781494141
0.022423882 0.107189886 -0.993985593 -60.624362946 -0.170219555 0.980127871 0.101855427 -14.670671463 0.985150933 0.166911811 0.040224094 128.840682983
0.025597790 0.113078296 -0.993256330 -61.591106415 -0.171651289 0.979322255 0.107068270 -14.667068481 0.984825134 0.167753071 0.044478528 128.903793335
0.029352648 0.115616046 -0.992860198 -62.562114716 -0.175038800 0.978534520 0.108773075 -14.672719955 0.984123886 0.170596272 0.048959874 128.956222534
0.033020232 0.110510014 -0.993326306 -63.515609741 -0.173856899 0.979351103 0.103175871 -14.672815323 0.984217107 0.169289753 0.051551335 129.021850586
0.036537018 0.104446471 -0.993859053 -64.473625183 -0.173928171 0.980009198 0.096596867 -14.673373222 0.984080315 0.169330731 0.053972792 129.085281372
0.040301930 0.104375191 -0.993721008 -65.439018250 -0.171533391 0.980486989 0.096028350 -14.673463821 0.984353602 0.166586220 0.057419352 129.153793335
0.042264652 0.108769991 -0.993168056 -66.395126343 -0.168567121 0.980582118 0.100218177 -14.687181473 0.984783649 0.163179785 0.059779011 129.240036011
0.045896623 0.115420274 -0.992255807 -67.354705811 -0.168167800 0.980018914 0.106218293 -14.686246872 0.984689355 0.161990404 0.064389534 129.317749023
0.048091453 0.119053595 -0.991722524 -68.318389893 -0.165852398 0.980040252 0.109608524 -14.687381744 0.984977245 0.159208342 0.066876881 129.408813477
0.050714061 0.120891042 -0.991369545 -69.302940369 -0.165419534 0.979952574 0.111036718 -14.686172485 0.984918475 0.158360749 0.069695123 129.482391357
0.052654121 0.118519939 -0.991554618 -70.242485046 -0.164622426 0.980377376 0.108442046 -14.690752029 0.984950185 0.157522216 0.071131952 129.561813354
0.053258535 0.116998352 -0.991702974 -71.188400269 -0.162576526 0.980878174 0.106990241 -14.692468643 0.985257566 0.155529484 0.071261324 129.651748657
0.053880922 0.113497429 -0.992076159 -72.135299683 -0.159626022 0.981721759 0.103643358 -14.700320244 0.985706031 0.152776763 0.071013212 129.741119385
0.053630207 0.113189198 -0.992124975 -73.129531860 -0.158204749 0.981969178 0.103478663 -14.692174911 0.985948801 0.151409283 0.070570275 129.825668335
0.053285979 0.117966078 -0.991586864 -74.082145691 -0.154905930 0.981953561 0.108495682 -14.693777084 0.986491084 0.147821397 0.070597999 129.913940430
0.052713960 0.119708791 -0.991408587 -75.043403625 -0.148869544 0.982637286 0.110734165 -14.696986198 0.987450778 0.141753316 0.069619685 130.012985229
0.052225944 0.114897810 -0.992003441 -76.004112244 -0.146092504 0.983551085 0.106227487 -14.680698395 0.987891376 0.139376476 0.068152584 130.093643188
0.050476134 0.111364603 -0.992496908 -76.955833435 -0.148193136 0.983597934 0.102829307 -14.684929848 0.987669408 0.141890749 0.066151693 130.175460815
0.049270190 0.108724698 -0.992850184 -77.904502869 -0.144646958 0.984354436 0.100616254 -14.687416077 0.988255918 0.138655379 0.064226031 130.258728027
0.048045795 0.109394357 -0.992836595 -78.867683411 -0.144808248 0.984246075 0.101440221 -14.687425613 0.988292634 0.138897136 0.063130096 130.329589844
0.047413778 0.110488228 -0.992745817 -79.828926086 -0.146516785 0.983883083 0.102504127 -14.687982559 0.988071263 0.140593857 0.062838003 130.403488159
0.046066158 0.110763356 -0.992778599 -80.783912659 -0.148015499 0.983620048 0.102873459 -14.689637184 0.987911642 0.142207608 0.061706290 130.478027344
0.044887707 0.111800812 -0.992716193 -81.732238770 -0.147747964 0.983532727 0.104085803 -14.691567421 0.988005877 0.141999617 0.060666870 130.546035767
0.042290535 0.112388663 -0.992763937 -82.699249268 -0.147924796 0.983406067 0.105027854 -14.695208549 0.988094032 0.142412722 0.058213830 130.623733521
0.040997006 0.114484854 -0.992578626 -83.654380798 -0.148490787 0.983080149 0.107256114 -14.684255600 0.988063633 0.142991588 0.057303298 130.691802979
0.039439585 0.118308879 -0.992193341 -84.608215332 -0.149776697 0.982447445 0.111193188 -14.675892830 0.987932920 0.144222021 0.056467231 130.753067017
0.037311334 0.123082809 -0.991694808 -85.557609558 -0.150847957 0.981707633 0.116167799 -14.664248466 0.987852633 0.145260751 0.055195615 130.820556641
0.035225932 0.123061948 -0.991773605 -86.512374878 -0.151039109 0.981645942 0.116440654 -14.660189629 0.987899959 0.145694867 0.053166561 130.880783081
0.034270607 0.118016317 -0.992420137 -87.456947327 -0.151132330 0.982195735 0.111581504 -14.654985428 0.987919331 0.146162778 0.051496524 130.942871094
0.031679802 0.113125019 -0.993075609 -88.401962280 -0.155174598 0.982083559 0.106922708 -14.642868996 0.987378955 0.150712773 0.048666347 131.006683350
0.030494833 0.110899381 -0.993363678 -89.345062256 -0.153127313 0.982612491 0.104998320 -14.638885498 0.987735927 0.148909211 0.046946336 131.073120117
0.030202385 0.112314098 -0.993213654 -90.311096191 -0.148442298 0.983152092 0.106662378 -14.640143394 0.988459766 0.144213453 0.046365716 131.126998901
0.029419845 0.113618530 -0.993088841 -91.259513855 -0.145475298 0.983427167 0.108203508 -14.637362480 0.988924384 0.141286552 0.045460965 131.191879272
0.028496990 0.113392405 -0.993141651 -92.211433411 -0.140066519 0.984195709 0.108351991 -14.637219429 0.989731908 0.136018172 0.043929100 131.259246826
0.027085174 0.110479794 -0.993509233 -93.152801514 -0.136047363 0.985033691 0.105828367 -14.638755798 0.990332007 0.132297918 0.041710299 131.326400757
0.026648784 0.107553467 -0.993842065 -94.097717285 -0.131035656 0.985992551 0.103190422 -14.642827988 0.991019309 0.127478838 0.040368848 131.388092041
0.024722004 0.110048912 -0.993618667 -95.079010010 -0.129198968 0.985938668 0.105983742 -14.643598557 0.991310596 0.125754356 0.038592581 131.445800781
0.023339698 0.112331472 -0.993396580 -96.027435303 -0.128536627 0.985757291 0.108447678 -14.639916420 0.991430104 0.125156701 0.037445985 131.505538940
0.022028800 0.110032797 -0.993683875 -96.985794067 -0.124391891 0.986503184 0.106480055 -14.633977890 0.991988540 0.121260568 0.035418671 131.557373047
0.020223193 0.107317917 -0.994019091 -97.935279846 -0.121537365 0.987112999 0.104099646 -14.635105133 0.992380857 0.118705221 0.033005714 131.605773926
0.015912870 0.104854472 -0.994360268 -98.900764465 -0.120123148 0.987483740 0.102207005 -14.632734299 0.992631555 0.117819265 0.028309150 131.667831421
0.013246723 0.103989810 -0.994490206 -99.855079651 -0.114645444 0.988176465 0.101802528 -14.640964508 0.993318081 0.112665229 0.025012055 131.718338013
0.011046880 0.104199320 -0.994495213 -100.814308167 -0.107863113 0.988876760 0.102412507 -14.635384560 0.994104385 0.106138006 0.022163268 131.762054443
0.008558779 0.111781605 -0.993695915 -101.779716492 -0.097718813 0.989069521 0.110419519 -14.630583763 0.995177209 0.096157745 0.019388400 131.824691772
0.006072653 0.119844623 -0.992774069 -102.737251282 -0.089666210 0.988858461 0.118823446 -14.624716759 0.995953441 0.088296734 0.016751010 131.880020142
0.003222385 0.119519062 -0.992826641 -103.690559387 -0.085434586 0.989234626 0.118809365 -14.617637634 0.996338546 0.084438883 0.013398759 131.926391602
0.000380840 0.109687977 -0.993965983 -104.642990112 -0.086269490 0.990263999 0.109246396 -14.618623734 0.996271789 0.085707337 0.009839857 131.961456299
-0.001733260 0.100253500 -0.994960427 -105.589347839 -0.088071592 0.991080284 0.100015968 -14.614105225 0.996112645 0.087801106 0.007111689 131.999938965
-0.002087664 0.101712272 -0.994811654 -106.548934937 -0.095259912 0.990269542 0.101447776 -14.614274025 0.995450318 0.094977446 0.007621751 132.020462036
-0.002943980 0.111086398 -0.993806422 -107.511573792 -0.098692223 0.988926589 0.110833295 -14.601563454 0.995113671 0.098407239 0.008051982 132.055999756
-0.004365791 0.122597665 -0.992446959 -108.475189209 -0.102752708 0.987148046 0.122395113 -14.588986397 0.994697392 0.102510951 0.008287562 132.084716797
-0.005922374 0.124420501 -0.992211998 -109.416534424 -0.109869190 0.986141264 0.124315046 -14.577801704 0.993928432 0.109749757 0.007829681 132.117935181
-0.005829095 0.120934159 -0.992643416 -110.400314331 -0.116941027 0.985766828 0.120783113 -14.553030968 0.993121684 0.116784818 0.008396038 132.136993408
-0.006018635 0.117193155 -0.993090928 -111.354972839 -0.125086278 0.985220373 0.117022455 -14.540094376 0.992127717 0.124926358 0.008729573 132.161087036
-0.003356619 0.119243495 -0.992859423 -112.319557190 -0.129915893 0.984398365 0.118666537 -14.519360542 0.991519392 0.129386500 0.012187375 132.181533813
-0.002206644 0.120225087 -0.992744148 -113.302467346 -0.137843147 0.983233333 0.119379669 -14.498922348 0.990451634 0.137106419 0.014402556 132.207931519
-0.001621299 0.122930661 -0.992413938 -114.266349792 -0.147067219 0.981594920 0.121830769 -14.480372429 0.989125192 0.146149114 0.016487613 132.229141235
-0.001206314 0.125292733 -0.992119074 -115.242294312 -0.152590439 0.980478466 0.124008209 -14.457912445 0.988288820 0.151537493 0.017935712 132.254989624
-0.000943163 0.124924265 -0.992165804 -116.217956543 -0.156592667 0.979907751 0.123529710 -14.448987961 0.987662852 0.155482382 0.018638009 132.293441772
0.000847466 0.115370080 -0.993322253 -117.173698425 -0.155620530 0.981236041 0.113833554 -14.448632240 0.987816572 0.154484853 0.018785520 132.325958252
0.002163424 0.103767827 -0.994599164 -118.122238159 -0.158902571 0.981999993 0.102107674 -14.437291145 0.987291813 0.157823503 0.018613458 132.364501953
