1.000000000 0.000000000 0.000000000 0.000000000 0.000000000 1.000000000 0.000000000 0.000000000 0.000000000 0.000000000 1.000000000 0.000000000
0.999997735 -0.001627325 -0.001390818 0.050432563 0.001624324 0.999996364 -0.002156107 -0.132559732 0.001394322 0.002153843 0.999996722 1.297033548
0.999997497 -0.000036821 -0.002247797 0.107289448 0.000022449 0.999979556 -0.006393604 -0.267630786 0.002247986 0.006393538 0.999977052 2.602549553
0.999996245 0.002367139 -0.001385426 0.150721878 -0.002378110 0.999965370 -0.007971007 -0.405653536 0.001366509 0.007974271 0.999967277 3.907590151
0.999983966 0.005662191 0.000079384 0.196928173 -0.005661536 0.999961853 -0.006659493 -0.544455111 -0.000117089 0.006658936 0.999977767 5.220017910
0.999975502 0.006562086 0.002447191 0.241883785 -0.006554000 0.999972999 -0.003297889 -0.688786983 -0.002468766 0.003281769 0.999991596 6.533617973
0.999960244 0.006829143 0.005743511 0.298355252 -0.006818463 0.999974966 -0.001877008 -0.826446414 -0.005756185 0.001837771 0.999981761 7.836475849
0.999943197 0.005295164 0.009251627 0.353867859 -0.005278523 0.999984324 -0.001822351 -0.960815132 -0.009261132 0.001773413 0.999955535 9.141268730
0.999913692 0.003971179 0.012526882 0.433851361 -0.003950438 0.999990761 -0.001679932 -1.097995877 -0.012533437 0.001630300 0.999920130 10.441131592
0.999869943 0.002633182 0.015908986 0.497736216 -0.002592944 0.999993384 -0.002549356 -1.233289480 -0.015915589 0.002507773 0.999870181 11.747735977
0.999810159 0.001618649 0.019414252 0.571352839 -0.001555889 0.999993503 -0.003247311 -1.372725010 -0.019419383 0.003216488 0.999806225 13.042336464
0.999744475 0.001486927 0.022556750 0.644777000 -0.001412962 0.999993503 -0.003294654 -1.517640233 -0.022561500 0.003261940 0.999740124 14.361240387
0.999663174 0.001464670 0.025907973 0.730866194 -0.001351453 0.999989510 -0.004386907 -1.655338883 -0.025914125 0.004350417 0.999654651 15.655378342
0.999576509 0.002262936 0.029009448 0.814590216 -0.002136282 0.999988079 -0.004396214 -1.792228818 -0.029019050 0.004332380 0.999569416 16.960700989
0.999476910 0.001792460 0.032289691 0.903668702 -0.001664081 0.999990523 -0.004002275 -1.930767894 -0.032296557 0.003946448 0.999470592 18.246852875
0.999406099 0.000479816 0.034456871 1.000336051 -0.000354216 0.999993205 -0.003651151 -2.074638605 -0.034458395 0.003636776 0.999399483 19.551155090
0.999354899 -0.002126688 0.035849947 1.101326704 0.002309403 0.999984503 -0.005056005 -2.213730335 -0.035838634 0.005135535 0.999344468 20.826160431
0.999304771 -0.001671809 0.037244216 1.196724892 0.001917857 0.999976575 -0.006571573 -2.358738184 -0.037232358 0.006638434 0.999284565 22.135354996
0.999257445 -0.001636779 0.038495921 1.280578136 0.001991561 0.999955833 -0.009179547 -2.503094673 -0.038479198 0.009249398 0.999216557 23.419906616
0.999225676 -0.001129749 0.039332666 1.386430383 0.001552549 0.999941349 -0.010720441 -2.646199942 -0.039318241 0.010773204 0.999168634 24.710456848
0.999187052 -0.000476536 0.040313154 1.487716913 0.000931121 0.999936223 -0.011258317 -2.793153048 -0.040305220 0.011286702 0.999123633 25.981609344
0.999158561 -0.002124560 0.040959861 1.585029840 0.002540770 0.999945641 -0.010112069 -2.941317081 -0.040936157 0.010207627 0.999109626 27.272037506
0.999161243 -0.005081025 0.040632278 1.690868020 0.005455167 0.999943733 -0.009102432 -3.087050676 -0.040583741 0.009316451 0.999132693 28.550430298
0.999179065 -0.006583361 0.039971881 1.786670685 0.006968589 0.999930501 -0.009505796 -3.232856512 -0.039906520 0.009776540 0.999155581 29.841135025
0.999198318 -0.008182927 0.039190646 1.891492605 0.008664798 0.999888778 -0.012141508 -3.376764536 -0.039086934 0.012471353 0.999157965 31.107906342
0.999224126 -0.008420699 0.038473744 1.998007536 0.008890644 0.999887764 -0.012060011 -3.528517246 -0.038367871 0.012392710 0.999186814 32.396739960
0.999234676 -0.008950910 0.038079772 2.093024492 0.009431042 0.999878109 -0.012447677 -3.672176361 -0.037963711 0.012797284 0.999197185 33.661041260
0.999251366 -0.009457421 0.037511364 2.190088034 0.009933187 0.999872327 -0.012517194 -3.816389799 -0.037388194 0.012880431 0.999217927 34.926551819
0.999260664 -0.009940642 0.037138619 2.280393124 0.010435702 0.999858916 -0.013160062 -3.958754301 -0.037002563 0.013537900 0.999223530 36.184703827
0.999304950 -0.010561270 0.035749692 2.394030094 0.011039522 0.999851823 -0.013206948 -4.118706703 -0.035604917 0.013592429 0.999273419 37.472740173
0.999303579 -0.010267818 0.035873733 2.486483097 0.010677535 0.999879718 -0.011248223 -4.265151024 -0.035753924 0.011623432 0.999293029 38.730201721
0.999265671 -0.010167406 0.036940593 2.586702585 0.010555525 0.999890983 -0.010326779 -4.402771950 -0.036831573 0.010709123 0.999264121 40.002147675
0.999189854 -0.011914790 0.038440257 2.702578545 0.012252753 0.999888241 -0.008568333 -4.546268940 -0.038333870 0.009032390 0.999224186 41.252929688
0.999072790 -0.012920653 0.041067880 2.792945385 0.013334691 0.999862731 -0.009823779 -4.692058563 -0.040935319 0.010362295 0.999108076 42.512599945
0.998945415 -0.014283039 0.043635301 2.889833212 0.014854649 0.999807715 -0.012803621 -4.841650009 -0.043444034 0.013438304 0.998965561 43.761493683
0.998853803 -0.015213841 0.045382760 2.999948025 0.015866481 0.999775469 -0.014055423 -4.985805035 -0.045158729 0.014759382 0.998870790 45.024806976
0.998708904 -0.015454840 0.048390284 3.116228580 0.016094925 0.999787807 -0.012865981 -5.120092869 -0.048181165 0.013628209 0.998745680 46.266490936
0.998533845 -0.016587410 0.051526189 3.236473322 0.017101459 0.999808133 -0.009551578 -5.272579670 -0.051357873 0.010418748 0.998625994 47.529819489
0.998257279 -0.019703517 0.055627417 3.351192951 0.020152353 0.999768615 -0.007519193 -5.411581516 -0.055466399 0.008627111 0.998423338 48.753952026
0.998027205 -0.021556687 0.058966134 3.483972788 0.022066275 0.999724448 -0.008004582 -5.549873829 -0.058777329 0.009289954 0.998227835 50.008277893
0.997753501 -0.024962833 0.062166825 3.629618645 0.025738498 0.999600172 -0.011707608 -5.685611248 -0.061849702 0.013281388 0.997997105 51.236545563
0.997462809 -0.026357323 0.066130765 3.758154154 0.027198046 0.999559820 -0.011844997 -5.822689533 -0.065789461 0.013613570 0.997740686 52.474582672
0.997108519 -0.028706638 0.070360415 3.886964560 0.029422026 0.999525130 -0.009152101 -5.963473320 -0.070064284 0.011195784 0.997479677 53.693584442
0.996823251 -0.031560082 0.073125646 4.040712833 0.032081380 0.999467432 -0.005965040 -6.098097801 -0.072898448 0.008292063 0.997304916 54.905067444
0.996622324 -0.034066379 0.074722201 4.199129581 0.034474663 0.999396801 -0.004180680 -6.229984760 -0.074534714 0.006742582 0.997195661 56.123092651
0.996390343 -0.037260178 0.076275937 4.348634720 0.037462950 0.999297202 -0.001228633 -6.351023674 -0.076176561 0.004081719 0.997085929 57.335853577
0.996233404 -0.040391654 0.076730743 4.505387783 0.040481564 0.999180198 0.000383883 -6.477667809 -0.076683350 0.002723744 0.997051716 58.540191650
0.996191978 -0.042400416 0.076182388 4.651405811 0.042752702 0.999081194 -0.002998705 -6.603064537 -0.075985245 0.006244288 0.997089386 59.748462677
0.996193290 -0.043484997 0.075552322 4.797372818 0.044161346 0.998997688 -0.007303787 -6.731177330 -0.075158991 0.010612477 0.997115135 60.935981750
0.996210158 -0.044909969 0.074486785 4.929776669 0.045867648 0.998884797 -0.011195727 -6.860971928 -0.073900908 0.014569832 0.997159123 62.142162323
0.996264279 -0.046181742 0.072970234 5.074989796 0.047292147 0.998789012 -0.013562537 -6.993464470 -0.072255507 0.016962793 0.997241795 63.327804565
0.996389925 -0.046854340 0.070794098 5.212540627 0.047954906 0.998752356 -0.013926250 -7.127449036 -0.070053287 0.017270898 0.997393727 64.518692017
0.996613860 -0.046304759 0.067946702 5.347340584 0.047327962 0.998787880 -0.013526398 -7.261418343 -0.067238003 0.016696375 0.997597218 65.695571899
0.996854305 -0.045435056 0.064938411 5.465005875 0.046252977 0.998867571 -0.011147258 -7.404467106 -0.064358406 0.014115789 0.997826993 66.893905640
0.997239351 -0.041689444 0.061447173 5.583745480 0.042232025 0.999079168 -0.007557366 -7.534593105 -0.061075546 0.010131541 0.998081684 68.068206787
0.997458696 -0.039818309 0.059082501 5.689450264 0.040197920 0.999177992 -0.005250094 -7.659368515 -0.058824882 0.007611744 0.998239279 69.230964661
0.997754514 -0.038837124 0.054567013 5.823752880 0.039342459 0.999191999 -0.008216918 -7.803500175 -0.054203801 0.010345268 0.998476326 70.442611694
0.997936904 -0.039161608 0.050874662 5.934005737 0.039947618 0.999096155 -0.014525777 -7.936338425 -0.050259832 0.016528130 0.998599410 71.601150513
0.997978032 -0.042603195 0.047166362 6.039258957 0.043500088 0.998888493 -0.018154889 -8.068220139 -0.046340469 0.020169925 0.998722017 72.782325745
0.998028696 -0.045916576 0.042783368 6.165550232 0.046541795 0.998821855 -0.013733347 -8.201382637 -0.042102374 0.015697489 0.998989940 73.965644836
0.998017728 -0.049656752 0.038665090 6.268065453 0.050030451 0.998709261 -0.008757483 -8.328379631 -0.038180314 0.010674557 0.999213874 75.122375488
0.998043954 -0.052444957 0.034027103 6.362780571 0.052669078 0.998595536 -0.005723531 -8.460767746 -0.033679146 0.007504511 0.999404550 76.306419373
0.998222888 -0.051630773 0.029756794 6.454114914 0.051753122 0.998654246 -0.003355924 -8.584289551 -0.029543480 0.004889967 0.999551535 77.467758179
0.998358309 -0.051066436 0.025937967 6.546699047 0.051186703 0.998681068 -0.003993887 -8.693696022 -0.025699805 0.005315009 0.999655545 78.625915527
0.998481810 -0.049928758 0.023264721 6.607251644 0.050068155 0.998730958 -0.005447622 -8.830226898 -0.022963203 0.006604173 0.999714494 79.806747437
0.998665392 -0.047610767 0.020020070 6.681730747 0.047822807 0.998803258 -0.010249093 -8.960353851 -0.019508146 0.011192831 0.999747097 80.950691223
0.998579264 -0.050775416 0.016170146 6.765988827 0.051023420 0.998580039 -0.015312357 -9.097832680 -0.015369693 0.016115656 0.999751925 82.115959167
0.998416305 -0.054479521 0.014034910 6.823753357 0.054703359 0.998372972 -0.016091138 -9.228418350 -0.013135443 0.016833410 0.999772012 83.235702515
0.998471320 -0.054432523 0.009592665 6.894336700 0.054554611 0.998426676 -0.012961044 -9.361019135 -0.008872068 0.013464558 0.999870002 84.411384583
0.998461604 -0.055003196 0.006993650 6.953873634 0.055073444 0.998429358 -0.010283296 -9.490161896 -0.006417050 0.010652642 0.999922693 85.544158936
0.998603106 -0.052445557 0.006429311 7.004633904 0.052519526 0.998548687 -0.011932037 -9.619091034 -0.005794197 0.012253035 0.999908149 86.688995361
0.998802066 -0.048598312 0.005738553 7.055928707 0.048681565 0.998695791 -0.015387641 -9.749595642 -0.004983256 0.015648568 0.999865115 87.816543579
0.998856604 -0.047592405 0.004527516 7.108521461 0.047666062 0.998703659 -0.017858611 -9.881339073 -0.003671712 0.018053997 0.999830246 88.934440613
0.998827398 -0.048268516 0.003744375 7.162778854 0.048328958 0.998665392 -0.018210873 -10.017417908 -0.002860366 0.018370479 0.999827087 90.052360535
0.998780251 -0.049295295 0.002794821 7.206310272 0.049334180 0.998651266 -0.016172847 -10.149016380 -0.001993806 0.016291002 0.999865234 91.166046143
0.998686373 -0.051215626 0.001542758 7.265802383 0.051231563 0.998599529 -0.013198947 -10.276939392 -0.000864605 0.013260647 0.999911726 92.275604248
0.998710215 -0.050734822 0.001954008 7.310395718 0.050755303 0.998633206 -0.012469656 -10.405466080 -0.001318692 0.012552749 0.999920368 93.412956238
0.998692453 -0.051099557 0.001492928 7.357882977 0.051116209 0.998580396 -0.014976967 -10.535545349 -0.000725492 0.015033697 0.999886751 94.556709290
0.998695195 -0.051054001 0.001141486 7.411843300 0.051066414 0.998521745 -0.018612150 -10.663242340 -0.000189574 0.018646158 0.999826133 95.656822205
0.998641849 -0.052098446 0.000487251 7.470062256 0.052097976 0.998449504 -0.019608147 -10.797046661 0.000535059 0.019606903 0.999807596 96.761535645
0.998643637 -0.052053653 0.001122843 7.514633656 0.052065510 0.998472750 -0.018481411 -10.929006577 -0.000159103 0.018514808 0.999828696 97.838836670
0.998656571 -0.051792201 0.001622615 7.564558029 0.051808625 0.998576820 -0.012652613 -11.053097725 -0.000964999 0.012719678 0.999918640 98.926147461
0.998748600 -0.049931996 0.002833154 7.615868568 0.049957402 0.998703778 -0.009745499 -11.173660278 -0.002342870 0.009874840 0.999948502 100.001838684
0.998825550 -0.048205413 0.004886298 7.668707371 0.048251498 0.998787105 -0.009799417 -11.288043022 -0.004407986 0.010023679 0.999940038 101.051750183
0.998897672 -0.046488374 0.006503057 7.724261284 0.046559721 0.998851717 -0.011287341 -11.416623116 -0.005970859 0.011577678 0.999915123 102.099716187
0.998867452 -0.046732102 0.008938019 7.776612282 0.046852935 0.998806119 -0.013824446 -11.534015656 -0.008281304 0.014227562 0.999864459 103.112640381
0.998781025 -0.048208002 0.010604026 7.844524384 0.048357807 0.998726845 -0.014355934 -11.653835297 -0.009898453 0.014851224 0.999840677 104.124908447
0.998676240 -0.049891673 0.012515294 7.904862881 0.050059903 0.998654842 -0.013509955 -11.779508591 -0.011824425 0.014118587 0.999830425 105.122436523
0.998652101 -0.049873453 0.014366124 7.965935707 0.050046034 0.998675823 -0.011915011 -11.895265579 -0.013752860 0.012617919 0.999825835 106.080940247
0.998592913 -0.050628308 0.015788026 8.024114609 0.050799906 0.998651922 -0.010663412 -12.003832817 -0.015226873 0.011450433 0.999818504 107.039070129
0.998516321 -0.051472120 0.017771916 8.081656456 0.051674847 0.998601794 -0.011142594 -12.110331535 -0.017173536 0.012044424 0.999779999 107.956283569
0.998513103 -0.050915893 0.019473348 8.142683029 0.051102597 0.998650908 -0.009213054 -12.212025642 -0.018977985 0.010194495 0.999767900 108.860687256
0.998516917 -0.050032996 0.021468455 8.199590683 0.050194491 0.998714507 -0.007050280 -12.310491562 -0.021088112 0.008117421 0.999744654 109.731597900
0.998488486 -0.050168548 0.022446850 8.263457298 0.050263897 0.998729050 -0.003703111 -12.414971352 -0.022232544 0.004825778 0.999741137 110.589141846
0.998452306 -0.050166041 0.024005549 8.324013710 0.050267588 0.998729169 -0.003644964 -12.506377220 -0.023792187 0.004846024 0.999705136 111.417274475
0.998466372 -0.049291603 0.025204701 8.375125885 0.049380708 0.998775721 -0.002924517 -12.596393585 -0.025029695 0.004164658 0.999678016 112.227981567
0.998567820 -0.046989288 0.025579205 8.428299904 0.047067843 0.998888612 -0.002477450 -12.677887917 -0.025434360 0.003677860 0.999669731 113.008155823
0.998700202 -0.044432588 0.024972668 8.475917816 0.044436391 0.999012113 0.000403027 -12.753952980 -0.024965905 0.000707191 0.999688089 113.765029907
0.998769581 -0.044532776 0.021822194 8.522321701 0.044509660 0.999007881 0.001544302 -12.840488434 -0.021869317 -0.000571104 0.999760687 114.511169434
0.998887956 -0.044554576 0.015421121 8.557952881 0.044535972 0.999006629 0.001547701 -12.913386345 -0.015474759 -0.000859185 0.999879897 115.208854675
0.999069870 -0.042809568 0.005174553 8.584054947 0.042809129 0.999083281 0.000195518 -12.987322807 -0.005178180 0.000026182 0.999986649 115.879966736
0.999152064 -0.040221315 -0.008797253 8.585893631 0.040201858 0.999188781 -0.002377576 -13.057131767 0.008885749 0.002021894 0.999958515 116.518363953
0.998867393 -0.038631815 -0.027774230 8.583197594 0.038511045 0.999246240 -0.004870266 -13.128059387 0.027941443 0.003795136 0.999602377 117.135231018
0.998057723 -0.037035607 -0.050092697 8.548746109 0.036725380 0.999300182 -0.007099483 -13.198273659 0.050320581 0.005246020 0.998719394 117.722946167
0.996322989 -0.035562836 -0.077946439 8.509720802 0.034964051 0.999347687 -0.009033591 -13.263962746 0.078216873 0.006275051 0.996916592 118.293228149
0.993401945 -0.033278577 -0.109750941 8.435611725 0.032281473 0.999419868 -0.010849971 -13.333993912 0.110048354 0.007235460 0.993900001 118.833595276
0.988938987 -0.028768569 -0.145506039 8.330387115 0.027289286 0.999553680 -0.012152681 -13.400800705 0.145790696 0.008047506 0.989282727 119.382537842
0.982686043 -0.022636585 -0.183890417 8.218990326 0.020867381 0.999715447 -0.011550681 -13.460690498 0.184099585 0.007513380 0.982878804 119.894256592
0.974132180 -0.017295385 -0.225316063 8.076601028 0.015527537 0.999833167 -0.009615930 -13.517380714 0.225444764 0.005868584 0.974238276 120.397445679
0.962795734 -0.012598127 -0.269936144 7.902786255 0.010813681 0.999908626 -0.008096779 -13.575149536 0.270013511 0.004876541 0.962844193 120.891822815
0.948506773 -0.006229930 -0.316695333 7.708648682 0.003737818 0.999957085 -0.008476019 -13.631793976 0.316734552 0.006855812 0.948489428 121.365348816
0.931074023 0.001504787 -0.364827067 7.479087830 -0.005212531 0.999944210 -0.009178454 -13.690167427 0.364792943 0.010447491 0.931029975 121.839035034
0.910067976 0.006035147 -0.414415151 7.218925476 -0.011304954 0.999883413 -0.010264669 -13.739109039 0.414304882 0.014026490 0.910030067 122.271789551
0.884850442 0.010238294 -0.465762615 6.954135895 -0.016257176 0.999828041 -0.008907184 -13.792763710 0.465591371 0.015453509 0.884864867 122.686866760
0.855943620 0.013407515 -0.516895235 6.664417267 -0.020923067 0.999743044 -0.008715296 -13.835437775 0.516645610 0.018274834 0.856004298 123.085739136
0.824341416 0.023170022 -0.565618515 6.341072083 -0.031884335 0.999476314 -0.005526153 -13.884597778 0.565194309 0.022589808 0.824648499 123.453567505
0.790347159 0.036314078 -0.611582100 5.991130829 -0.044837594 0.998993278 0.001373912 -13.928268433 0.611016333 0.026335998 0.791179776 123.811187744
0.754254758 0.044990093 -0.655038655 5.635139465 -0.056026798 0.998421013 0.004061701 -13.968750000 0.654187083 0.033636160 0.755584419 124.128753662
0.714612067 0.048941176 -0.697806835 5.264240265 -0.063213974 0.997986197 0.005258111 -14.015759468 0.696658850 0.040353633 0.716266692 124.424087524
0.671938062 0.050532810 -0.738881409 4.889324188 -0.065901481 0.997791529 0.008309178 -14.061765671 0.737669408 0.043110125 0.673784316 124.707908630
0.628145874 0.054139707 -0.776209831 4.474102020 -0.069115855 0.997515321 0.013643668 -14.098881721 0.775020003 0.045078192 0.630326986 124.982879639
0.583049715 0.062929027 -0.809995651 4.049774170 -0.080177076 0.996585667 0.019712396 -14.132928848 0.808470607 0.053449783 0.586104393 125.212898254
0.537511766 0.071823478 -0.840191901 3.605903625 -0.091718040 0.995434523 0.026417818 -14.157216072 0.838253379 0.062860876 0.541645229 125.420608521
0.490185261 0.076843902 -0.868224263 3.154300690 -0.097336628 0.994701445 0.033083349 -14.184607506 0.866166294 0.068293057 0.495067656 125.626892090
0.443613023 0.077663153 -0.892847061 2.681446075 -0.096854240 0.994557917 0.038388096 -14.202592850 0.890969515 0.069446571 0.448720932 125.800033569
0.396583945 0.079301558 -0.914566815 2.208690643 -0.094575897 0.994490147 0.045220654 -14.223023415 0.913113594 0.068562180 0.401898801 125.967849731
0.350527972 0.082207166 -0.932937384 1.715995789 -0.096017972 0.994045615 0.051515441 -14.246438026 0.931617200 0.071521156 0.356334150 126.116386414
0.306630433 0.085232265 -0.948004901 1.211071014 -0.101440020 0.993236661 0.056488328 -14.265260696 0.946407735 0.078844599 0.313202500 126.234695435
0.265319824 0.087310068 -0.960199118 0.691848755 -0.106586576 0.992443502 0.060790274 -14.284835815 0.958250821 0.086215481 0.272621036 126.336166382
0.226209044 0.083827771 -0.970464945 0.167329788 -0.106972128 0.992402017 0.060788151 -14.300697327 0.968187094 0.090061873 0.233457565 126.432029724
0.191491917 0.078809731 -0.978325009 -0.372533798 -0.101794809 0.992990375 0.060066365 -14.319097519 0.976201117 0.088086180 0.198172063 126.521232605
0.161041766 0.073642574 -0.984196305 -0.927228928 -0.099347614 0.993356884 0.058071986 -14.335880280 0.981934607 0.088425539 0.167288184 126.599212646
0.134090021 0.072043441 -0.988346875 -1.484024048 -0.099747382 0.993269801 0.058869451 -14.358903885 0.985936224 0.090691231 0.140373707 126.677780151
0.111999877 0.071369343 -0.991141975 -2.065454483 -0.100814015 0.993087292 0.060117371 -14.375331879 0.988581121 0.093187861 0.118420705 126.742446899
0.093813762 0.072585993 -0.992940128 -2.672986984 -0.103214383 0.992673635 0.062814750 -14.387588501 0.990225136 0.096592814 0.100618392 126.789093018
0.077601612 0.070868671 -0.994462490 -3.276237488 -0.104143202 0.992589831 0.062608540 -14.411756516 0.991530180 0.098707989 0.084407084 126.841354370
0.063836038 0.070016734 -0.995501161 -3.898945808 -0.103528112 0.992618144 0.063175276 -14.438833237 0.992575884 0.099029489 0.070613518 126.885528564
0.051230300 0.067386024 -0.996410966 -4.548108101 -0.097815789 0.993262410 0.062143914 -14.462817192 0.993884981 0.094281070 0.057476554 126.941917419
0.039122842 0.064802751 -0.997130930 -5.195698261 -0.095503695 0.993569016 0.060824156 -14.480569839 0.994659960 0.092850074 0.045060143 126.984062195
0.028278925 0.064469591 -0.997518897 -5.854287148 -0.094984867 0.993575811 0.061522003 -14.501821518 0.995076954 0.093009420 0.034220893 127.018974304
0.019423857 0.065920562 -0.997635782 -6.525076389 -0.098498777 0.993096113 0.063702829 -14.523873329 0.994947612 0.097028553 0.025782853 127.027297974
0.010883466 0.065261461 -0.997808874 -7.223339081 -0.101628758 0.992772937 0.063823588 -14.547414780 0.994762838 0.100711435 0.017437257 127.047927856
0.004508258 0.064687088 -0.997895479 -7.910396576 -0.104269043 0.992496371 0.063866049 -14.568140030 0.994538903 0.103761666 0.011219292 127.065467834
-0.001122780 0.066129029 -0.997810543 -8.605676651 -0.105006307 0.992286921 0.065881118 -14.590815544 0.994470894 0.104850352 0.005829848 127.082923889
-0.004476540 0.067935295 -0.997679710 -9.325121880 -0.106532060 0.991979599 0.068025157 -14.604643822 0.994299173 0.106589384 0.002796650 127.103897095
-0.005387663 0.071584314 -0.997420013 -10.044048309 -0.108929865 0.991456926 0.071744747 -14.625918388 0.994034767 0.109035365 0.002456033 127.116523743
-0.006244868 0.074988246 -0.997164845 -10.777187347 -0.111595504 0.990903080 0.075216226 -14.640350342 0.993734062 0.111748822 0.002180292 127.124992371
-0.007858913 0.080800556 -0.996699333 -11.504676819 -0.116373934 0.989883423 0.081165604 -14.654452324 0.993174374 0.116627671 0.001623671 127.142776489
-0.009178598 0.084333576 -0.996395350 -12.242244720 -0.119228974 0.989236653 0.084825978 -14.666999817 0.992824376 0.119577780 0.000975200 127.160140991
-0.010821201 0.085069895 -0.996316254 -12.987272263 -0.118579231 0.989234746 0.085753158 -14.684980392 0.992885649 0.119070373 -0.000617184 127.177688599
-0.011633743 0.081628039 -0.996594965 -13.758595467 -0.117121920 0.989690781 0.082429759 -14.700502396 0.993049502 0.117682077 -0.001953374 127.190910339
-0.013449483 0.078486793 -0.996824443 -14.509609222 -0.120887414 0.989474416 0.079539143 -14.708173752 0.992574990 0.121573269 -0.003819854 127.204711914
-0.014448186 0.080237024 -0.996671140 -15.283319473 -0.125666097 0.988726020 0.081419118 -14.717679977 0.991967320 0.126424134 -0.004202222 127.203086853
-0.015879922 0.083324529 -0.996395946 -16.058635712 -0.122917518 0.988800228 0.084648319 -14.732629776 0.992289841 0.123818740 -0.005460025 127.218070984
-0.017914908 0.083492480 -0.996347368 -16.833263397 -0.121888012 0.988892376 0.085059389 -14.748422623 0.992382109 0.122966617 -0.007539183 127.232154846
-0.018843755 0.083014160 -0.996370196 -17.623538971 -0.124840207 0.988552868 0.084723882 -14.759541512 0.991998017 0.125983581 -0.008264543 127.232543945
-0.019862473 0.082251683 -0.996413648 -18.419057846 -0.128528923 0.988130808 0.084130056 -14.767807007 0.991506755 0.129738986 -0.009054997 127.244926453
-0.021070661 0.086441047 -0.996034265 -19.216802597 -0.130474418 0.987497509 0.088460311 -14.772695541 0.991227627 0.131820887 -0.009528879 127.252517700
-0.021866938 0.091185212 -0.995593905 -20.021160126 -0.129674986 0.987160981 0.093261003 -14.785298347 0.991315305 0.131142944 -0.009761741 127.267333984
-0.020681668 0.093677834 -0.995387733 -20.841714859 -0.130665153 0.986808002 0.095585279 -14.791544914 0.991210818 0.132039323 -0.008168410 127.276885986
-0.018870354 0.092459738 -0.995537579 -21.660108566 -0.130139813 0.987016737 0.094135165 -14.797842026 0.991316020 0.131335437 -0.006592666 127.288513184
-0.017751481 0.092621610 -0.995543122 -22.491521835 -0.130110815 0.987019360 0.094148584 -14.802561760 0.991340578 0.131202236 -0.005469985 127.299766541
-0.017749250 0.091384739 -0.995657444 -23.324209213 -0.128338426 0.987368524 0.092911832 -14.804533958 0.991571605 0.129430220 -0.005796877 127.322830200
-0.016782802 0.093364187 -0.995490611 -24.161436081 -0.129305661 0.987067223 0.094754137 -14.810689926 0.991462708 0.130312771 -0.004493235 127.340583801
-0.016162962 0.095681779 -0.995280802 -24.998243332 -0.130807251 0.986653447 0.096976645 -14.813262939 0.991276145 0.131757349 -0.003431371 127.354873657
-0.016282149 0.097763970 -0.995076418 -25.871835709 -0.133824229 0.986041009 0.099066019 -14.809731483 0.990871310 0.134778321 -0.002971677 127.369934082
-0.014622456 0.098848425 -0.994995058 -26.734327316 -0.135968432 0.985661626 0.099919394 -14.806669235 0.990605235 0.136748970 -0.000972525 127.382476807
-0.012889495 0.101995416 -0.994701445 -27.604820251 -0.142724812 0.984410465 0.102789648 -14.806151390 0.989678442 0.143293455 0.001868721 127.396148682
-0.010578481 0.105735123 -0.994338036 -28.482694626 -0.147249654 0.983388245 0.106137305 -14.799745560 0.989042759 0.147538707 0.005166709 127.412765503
-0.008408481 0.107505433 -0.994168937 -29.357788086 -0.149686933 0.982866764 0.107549280 -14.793681145 0.988697648 0.149718434 0.007827742 127.442131042
-0.004453236 0.108479641 -0.994088709 -30.258466721 -0.148879841 0.982947469 0.107930802 -14.795638084 0.988845408 0.148480386 0.011773132 127.462905884
-0.001657709 0.108429536 -0.994102776 -31.151969910 -0.151478678 0.982605338 0.107428104 -14.788732529 0.988459170 0.150763422 0.014795889 127.489746094
0.000577974 0.112182781 -0.993687451 -32.052803040 -0.151884004 0.982168972 0.110794075 -14.781005859 0.988398194 0.150861159 0.017606439 127.523147583
0.002969707 0.113985553 -0.993477881 -32.964252472 -0.150695354 0.982188046 0.112239741 -14.772731781 0.988575697 0.149379224 0.020093905 127.566749573
0.004700510 0.115211777 -0.993329823 -33.857089996 -0.151212305 0.982000291 0.113182165 -14.768836975 0.988490045 0.149671659 0.022037342 127.608398438
0.007334695 0.113335013 -0.993529677 -34.761615753 -0.152484640 0.982063770 0.110901341 -14.761317253 0.988278568 0.150684595 0.024484985 127.638610840
0.007582770 0.114750899 -0.993365467 -35.668266296 -0.156884521 0.981228590 0.112151317 -14.754636765 0.987587810 0.154993221 0.025443073 127.678405762
0.008720464 0.115422420 -0.993278146 -36.562229156 -0.157711804 0.981042624 0.112615973 -14.749831200 0.987446606 0.155669615 0.026758626 127.715408325
0.008897152 0.111893095 -0.993680418 -37.456977844 -0.158074468 0.981382251 0.109092914 -14.746704102 0.987387180 0.156104863 0.026418945 127.751632690
0.009663191 0.107794978 -0.994126201 -38.361366272 -0.159367681 0.981631219 0.104891025 -14.748498917 0.987172008 0.157418013 0.026664728 127.798316956
0.010225359 0.106983043 -0.994208336 -39.258201599 -0.158993050 0.981785655 0.104011036 -14.742872238 0.987226725 0.157008678 0.027048672 127.840217590
0.009806760 0.111048691 -0.993766606 -40.156440735 -0.161452800 0.980950594 0.108023301 -14.737373352 0.986831725 0.159387052 0.027549071 127.883827209
0.010270440 0.117195427 -0.993055761 -41.098388672 -0.162021190 0.980180144 0.114000231 -14.724203110 0.986733794 0.159725249 0.029055024 127.918479919
0.010603068 0.115890101 -0.993205428 -41.994052887 -0.159823760 0.980688453 0.112723365 -14.723741531 0.987088680 0.157542601 0.028920297 127.962844849
0.011410194 0.105766609 -0.994325519 -42.885047913 -0.158994138 0.981931448 0.102623738 -14.731652260 0.987213612 0.156920969 0.028020300 128.005676270
0.011701150 0.095116243 -0.995397329 -43.803024292 -0.161001235 0.982656360 0.092006154 -14.734191895 0.986884832 0.159183621 0.026812041 128.046813965
0.010643482 0.092095397 -0.995693266 -44.705528259 -0.157906279 0.983410478 0.089271381 -14.742228508 0.987396657 0.156276062 0.025009358 128.092346191
0.010369053 0.102023907 -0.994727850 -45.622772217 -0.150549352 0.983601391 0.099313401 -14.744125366 0.988548160 0.148725808 0.025558650 128.144195557
0.010358557 0.115342081 -0.993271828 -46.573032379 -0.145374835 0.982945263 0.112626851 -14.743925095 0.989322424 0.143230051 0.026949726 128.203842163
0.010485012 0.124445334 -0.992171109 -47.495674133 -0.145631641 0.981836259 0.121610068 -14.734717369 0.989283323 0.143216431 0.028417742 128.249160767
0.010390451 0.118615545 -0.992885888 -48.412277222 -0.145708099 0.982520938 0.115852460 -14.730077744 0.989273071 0.143467769 0.027492084 128.289581299
0.010532314 0.105039552 -0.994412243 -49.341697693 -0.145790577 0.984002113 0.102395773 -14.729238510 0.989259422 0.143897474 0.025677586 128.331985474
0.011294262 0.096246526 -0.995293498 -50.257305145 -0.146301821 0.984804571 0.093572043 -14.728895187 0.989175558 0.144556418 0.025203679 128.373916626
0.011808250 0.096356243 -0.995276868 -51.190502167 -0.145366967 0.984937370 0.093630582 -14.737334251 0.989307344 0.143574744 0.025637399 128.418975830
0.011105568 0.097728923 -0.995151103 -52.132415771 -0.148366630 0.984357595 0.095013224 -14.749454498 0.988870084 0.146592036 0.025431560 128.455596924
0.011551258 0.097200103 -0.995197833 -53.079231262 -0.153215155 0.983683586 0.094297118 -14.755270004 0.988125265 0.151390165 0.026255311 128.499771118
0.012024404 0.096663199 -0.995244563 -54.011257172 -0.154775992 0.983500659 0.093652606 -14.756175995 0.987876356 0.152913854 0.026787156 128.542510986
0.013027837 0.104026683 -0.994489133 -54.957344055 -0.164136842 0.981305003 0.100497372 -14.752511024 0.986351490 0.161923066 0.029858895 128.574722290
0.014589685 0.113616847 -0.993417561 -55.906909943 -0.169722602 0.979387403 0.109519638 -14.747694969 0.985383868 0.167007551 0.033572305 128.611587524
0.015404208 0.121699959 -0.992447317 -56.877796173 -0.169715747 0.978480875 0.117353089 -14.745295525 0.985372663 0.166626215 0.035727125 128.673599243
0.016327752 0.122630432 -0.992318034 -57.819923401 -0.171080261 0.978157401 0.118065491 -14.737698555 0.985121787 0.167838290 0.036950760 128.719711304
0.017652474 0.112839758 -0.993456364 -58.759109497 -0.172725663 0.979016602 0.108130537 -14.732189178 0.984811783 0.169686615 0.036772385 128.771286011
0.018486509 0.108259395 -0.993950725 -59.711006165 -0.171321571 0.979760647 0.103527427 -14.733512878 0.985041678 0.168371335 0.036659520 128.833633423
0.020525832 0.106870882 -0.994060934 -60.651378632 -0.169610471 0.980230749 0.101881802 -14.740280151 0.985297382 0.166511923 0.038246479 128.888626099
0.024260629 0.112425201 -0.993363917 -61.643947601 -0.171636045 0.979370654 0.106649667 -14.729843140 0.984861612 0.167909697 0.043056365 128.941101074
0.027888181 0.114403084 -0.993042827 -62.604995728 -0.174460396 0.978739381 0.107855782 -14.728088379 0.984269202 0.170238808 0.047254063 128.995407104
0.032008693 0.109243341 -0.993499517 -63.553142548 -0.173809335 0.979472160 0.102101102 -14.728952408 0.984259069 0.169411391 0.050339140 129.056823730
0.034688383 0.103693031 -0.994004250 -64.510108948 -0.173741505 0.980083585 0.096177682 -14.736785889 0.984180152 0.169363543 0.052013293 129.127090454
0.038048193 0.103585199 -0.993892550 -65.475944519 -0.171070993 0.980604649 0.095651373 -14.739748955 0.984523773 0.166386843 0.055030659 129.199081421
0.040839851 0.108042851 -0.993307054 -66.455726624 -0.168788493 0.980594873 0.099720389 -14.754035950 0.984805763 0.163586244 0.058283746 129.282028198
0.044356767 0.114673078 -0.992412448 -67.414291382 -0.168205768 0.980065465 0.105728269 -14.753751755 0.984753430 0.162239730 0.062761210 129.360290527
0.046790741 0.118647903 -0.991833329 -68.379570007 -0.166010410 0.980036259 0.109404989 -14.757960320 0.985013247 0.159535527 0.065553419 129.446212769
0.048813384 0.120385513 -0.991526365 -69.359703064 -0.165620267 0.979942679 0.110825501 -14.757788658 0.984980702 0.158807084 0.067772605 129.528381348
0.051320601 0.117722891 -0.991719484 -70.309043884 -0.163993835 0.980541587 0.107909463 -14.754714966 0.985125482 0.157097921 0.069627792 129.600051880
0.051863719 0.116339557 -0.991854429 -71.256523132 -0.162005961 0.981015384 0.106596947 -14.757799149 0.985426009 0.155157804 0.069726802 129.688537598
0.051940374 0.112947553 -0.992242455 -72.199363708 -0.158854991 0.981867075 0.103451043 -14.767417908 0.985934734 0.152249396 0.068940826 129.782867432
0.052073624 0.112501897 -0.992286086 -73.187347412 -0.157461241 0.982129812 0.103087097 -14.759504318 0.986151278 0.150878444 0.068857759 129.860809326
0.051839985 0.117277652 -0.991745234 -74.141204834 -0.154139563 0.982119799 0.108082287 -14.761603355 0.986688137 0.147264212 0.068990201 129.946243286
0.051298529 0.118953735 -0.991573751 -75.102790833 -0.148131192 0.982804477 0.110238262 -14.764389992 0.987636387 0.141227946 0.068037182 130.044601440
0.050447069 0.114154071 -0.992181420 -76.061744690 -0.145466045 0.983692050 0.105781175 -14.749451637 0.988076270 0.138992369 0.066229910 130.127029419
0.049385000 0.110391319 -0.992660463 -77.030029297 -0.147691339 0.983754337 0.102053188 -14.750844955 0.987799764 0.141567498 0.064886555 130.200073242
0.048210245 0.107771166 -0.993006110 -77.979469299 -0.144182995 0.984500587 0.099848002 -14.753973961 0.988375902 0.138360918 0.063001789 130.281906128
0.047069356 0.108546741 -0.992976487 -78.945510864 -0.144512400 0.984359980 0.100754641 -14.754377365 0.988382876 0.138754949 0.062019557 130.350448608
0.045831602 0.109629996 -0.992915213 -79.899200439 -0.145506248 0.984091580 0.101939380 -14.756563187 0.988295197 0.139803335 0.061054345 130.428390503
0.044362031 0.109858043 -0.992956877 -80.853424072 -0.147072479 0.983823657 0.102276877 -14.758558273 0.988130331 0.141499430 0.059801515 130.502578735
0.043393690 0.111059278 -0.992865980 -81.804901123 -0.146950781 0.983702242 0.103611693 -14.761859894 0.988191485 0.141406357 0.059006713 130.567016602
0.041316222 0.111198388 -0.992938936 -82.769126892 -0.146966800 0.983654261 0.104043305 -14.761892319 0.988278091 0.141630411 0.056983355 130.637695312
0.039382443 0.113316789 -0.992778182 -83.723083496 -0.146775141 0.983427823 0.106427141 -14.753273010 0.988385618 0.141523749 0.055361874 130.714141846
0.037969653 0.117186196 -0.992383838 -84.677406311 -0.148176834 0.982781351 0.110382870 -14.746017456 0.988231719 0.142857075 0.054680146 130.772415161
0.035788402 0.122281373 -0.991849899 -85.626152039 -0.149494305 0.981973410 0.115669601 -14.737058640 0.988114715 0.144136310 0.053423628 130.837768555
0.033428259 0.121629082 -0.992012560 -86.577705383 -0.148994625 0.982082188 0.115390815 -14.731422424 0.988272727 0.143947229 0.050951388 130.906372070
0.032561962 0.116542667 -0.992651820 -87.522529602 -0.149202690 0.982616365 0.110470168 -14.726904869 0.988270342 0.144509211 0.049384400 130.965316772
0.030030675 0.111584984 -0.993301034 -88.469116211 -0.153085023 0.982538760 0.105747707 -14.714457512 0.987756610 0.148883834 0.046588298 131.028182983
0.028943436 0.109615602 -0.993552506 -89.412384033 -0.151014030 0.983039618 0.104056507 -14.712647438 0.988107860 0.147028595 0.045006037 131.092254639
0.028451316 0.110808089 -0.993434489 -90.376800537 -0.146090642 0.983626425 0.105530150 -14.713349342 0.988861918 0.142129019 0.044173494 131.145904541
0.028276926 0.112283587 -0.993273795 -91.326614380 -0.143248886 0.983870029 0.107142486 -14.711694717 0.989282668 0.139255673 0.043905318 131.203872681
0.026672317 0.112012424 -0.993348777 -92.278854370 -0.137823358 0.984624505 0.107327968 -14.713324547 0.990097642 0.134043977 0.041700151 131.274749756
0.025432490 0.109057389 -0.993710041 -93.221885681 -0.133911490 0.985444427 0.104722999 -14.715766907 0.990666807 0.130405828 0.039666340 131.337707520
0.024940282 0.105922759 -0.994061530 -94.165016174 -0.128804684 0.986423016 0.101877205 -14.719247818 0.991356313 0.125498906 0.038245011 131.399887085
0.023095978 0.108270228 -0.993853152 -95.153709412 -0.127015531 0.986380339 0.104504429 -14.717581749 0.991631806 0.123821177 0.036533423 131.452484131
0.021674439 0.110715896 -0.993615687 -96.100532532 -0.126331478 0.986186147 0.107132256 -14.716804504 0.991751313 0.123202898 0.035361931 131.511184692
0.020352652 0.108538605 -0.993883848 -97.060882568 -0.122126527 0.986915350 0.105276704 -14.713306427 0.992305756 0.119236924 0.033341788 131.560485840
0.018341834 0.105501719 -0.994249940 -98.010826111 -0.119316600 0.987541974 0.102588780 -14.712878227 0.992686868 0.116748877 0.030701440 131.610305786
0.014914704 0.102798238 -0.994590402 -98.982559204 -0.118014790 0.987929344 0.100340046 -14.708179474 0.992899776 0.115879826 0.026866386 131.660446167
0.012258069 0.101818673 -0.994727492 -99.937393188 -0.112406977 0.988636732 0.099810056 -14.716907501 0.993586719 0.110590816 0.023563907 131.709686279
0.010064478 0.102032825 -0.994730234 -100.896423340 -0.105654269 0.989320636 0.100408956 -14.713442802 0.994351983 0.104086928 0.020737197 131.752349854
0.007901194 0.109456658 -0.993960142 -101.864112854 -0.095829681 0.989499211 0.108203620 -14.708558083 0.995366395 0.094395950 0.018307425 131.811019897
0.005443647 0.117450476 -0.993063807 -102.821044922 -0.087771825 0.989301860 0.116524421 -14.704287529 0.996125698 0.086528704 0.015694251 131.865188599
0.001563983 0.117373466 -0.993086576 -103.780059814 -0.083326966 0.989649475 0.116835997 -14.700631142 0.996521056 0.082568169 0.011328170 131.919021606
-0.000384655 0.106969051 -0.994262278 -104.731597900 -0.084228367 0.990725756 0.106621169 -14.698492050 0.996446371 0.083786123 0.008628743 131.947540283
-0.002482644 0.097301565 -0.995251834 -105.679420471 -0.085894383 0.991555989 0.097154491 -14.694875717 0.996301174 0.085727759 0.005895976 131.984725952
-0.002619547 0.098746903 -0.995109141 -106.641975403 -0.093197487 0.990757346 0.098560400 -14.696250916 0.995644212 0.092999861 0.006607629 132.001068115
-0.003926928 0.108240582 -0.994116902 -107.596427917 -0.096410073 0.989452660 0.108113565 -14.688294411 0.995333910 0.096267454 0.006549972 132.043930054
-0.005438682 0.119605854 -0.992806613 -108.559593201 -0.100381583 0.987741113 0.119545504 -14.677157402 0.994934201 0.100309663 0.006634215 132.072998047
-0.006798337 0.121506974 -0.992567301 -109.502372742 -0.107508451 0.986748159 0.121530980 -14.668722153 0.994180918 0.107535571 0.006354776 132.102279663
-0.006477538 0.118394360 -0.992945552 -110.480789185 -0.114464663 0.986351848 0.118354894 -14.651115417 0.993406117 0.114423849 0.007162840 132.119812012
-0.006670876 0.114554755 -0.993394554 -111.435478210 -0.122802399 0.985803425 0.114504039 -14.640181541 0.992408693 0.122755066 0.007491427 132.143310547
-0.004369682 0.116569847 -0.993172824 -112.401321411 -0.127326950 0.985033631 0.116174735 -14.621771812 0.991851151 0.126965314 0.010538198 132.166748047
-0.003012898 0.117710888 -0.993043303 -113.379364014 -0.135349825 0.983861566 0.117033161 -14.603890419 0.990793288 0.134760872 0.012967875 132.191543579
-0.002548089 0.120322652 -0.992731571 -114.342453003 -0.144475594 0.982275009 0.119426094 -14.587335587 0.989505112 0.143729836 0.014880762 132.213104248
-0.002309923 0.122476943 -0.992468715 -115.317977905 -0.149891734 0.981216371 0.121437199 -14.566370964 0.988699794 0.149043351 0.016091747 132.240249634
-0.002193883 0.121928133 -0.992536426 -116.289390564 -0.153921530 0.980669677 0.120810553 -14.557401657 0.988080561 0.153037786 0.016615894 132.284545898
-0.000685115 0.112365499 -0.993666589 -117.244346619 -0.152824849 0.981982946 0.111149639 -14.559826851 0.988252997 0.151933104 0.016499469 132.317184448
0.000625975 0.101043582 -0.994881809 -118.193496704 -0.155967474 0.982716680 0.099709921 -14.553301811 0.987761974 0.155106783 0.016374668 132.355224609
