1.000000000 0.000000000 0.000000000 0.000000000 0.000000000 1.000000000 0.000000000 0.000000000 0.000000000 0.000000000 1.000000000 0.000000000
0.999997675 -0.001687955 -0.001344010 0.049406353 0.001685022 0.999996185 -0.002179695 -0.132740527 0.001347684 0.002177425 0.999996722 1.298146486
0.999997675 -0.000040100 -0.002127346 0.104510784 0.000026536 0.999979615 -0.006375770 -0.267234951 0.002127558 0.006375699 0.999977410 2.603099108
0.999996066 0.002454058 -0.001347949 0.148825169 -0.002464513 0.999966443 -0.007810341 -0.406774133 0.001328737 0.007813632 0.999968588 3.906235456
0.999983549 0.005740930 0.000211293 0.193116993 -0.005739431 0.999962270 -0.006516695 -0.545694649 -0.000248696 0.006515374 0.999978721 5.218868256
0.999975681 0.006556407 0.002417001 0.242045507 -0.006548513 0.999973238 -0.003259966 -0.689228177 -0.002438310 0.003244060 0.999991775 6.539840698
0.999960363 0.006764127 0.005782510 0.297706068 -0.006753003 0.999975264 -0.001941070 -0.827005506 -0.005795497 0.001901944 0.999981403 7.842991352
0.999944746 0.005152301 0.009159120 0.352244645 -0.005135783 0.999985158 -0.001826101 -0.960762858 -0.009168393 0.001778961 0.999956369 9.148818970
0.999914408 0.003931719 0.012475798 0.431014717 -0.003910628 0.999990880 -0.001714621 -1.097808599 -0.012482424 0.001665686 0.999920726 10.448641777
0.999872684 0.002606613 0.015740024 0.496975482 -0.002567914 0.999993622 -0.002478339 -1.235873222 -0.015746379 0.002437604 0.999872983 11.756932259
0.999815762 0.001449698 0.019137388 0.572788537 -0.001386532 0.999993503 -0.003313519 -1.370571494 -0.019142067 0.003286374 0.999811292 13.049349785
0.999744296 0.001443725 0.022566611 0.639822483 -0.001370427 0.999993742 -0.003263216 -1.521254659 -0.022571182 0.003231455 0.999740005 14.371391296
0.999664187 0.001343112 0.025875481 0.724455953 -0.001230703 0.999989748 -0.004359656 -1.658505082 -0.025881071 0.004326347 0.999655664 15.668652534
0.999574423 0.002089411 0.029100930 0.808147013 -0.001967828 0.999989212 -0.004205973 -1.799238682 -0.029109407 0.004146917 0.999567628 16.979759216
0.999477148 0.001796147 0.032283679 0.898409247 -0.001678860 0.999991894 -0.003659792 -1.940469146 -0.032289989 0.003603679 0.999472082 18.265697479
0.999410629 0.000067060 0.034327544 0.999270320 0.000053706 0.999993742 -0.003517122 -2.080535173 -0.034327559 0.003516893 0.999404430 19.565809250
0.999352157 -0.002466921 0.035905760 1.096184611 0.002646878 0.999984145 -0.004965266 -2.219001532 -0.035892941 0.005057088 0.999342859 20.844255447
0.999306321 -0.002003653 0.037187334 1.197536349 0.002248595 0.999976039 -0.006546059 -2.361704111 -0.037173335 0.006625137 0.999286890 22.149671555
0.999265254 -0.002039216 0.038275782 1.284810305 0.002388838 0.999955833 -0.009090766 -2.504829645 -0.038255557 0.009175520 0.999225855 23.432346344
0.999228656 -0.001380167 0.039247990 1.385774970 0.001799033 0.999941707 -0.010638966 -2.648307562 -0.039231036 0.010701367 0.999172807 24.724067688
0.999175310 -0.000734178 0.040596355 1.483263850 0.001193931 0.999935448 -0.011301898 -2.795260429 -0.040585436 0.011341048 0.999111652 25.994562149
0.999162674 -0.002351316 0.040845003 1.586110592 0.002776685 0.999942482 -0.010360611 -2.940101147 -0.040818293 0.010465349 0.999111772 27.283529282
0.999153972 -0.005273419 0.040788043 1.689717531 0.005652711 0.999941826 -0.009189362 -3.087109566 -0.040737204 0.009412148 0.999125540 28.561820984
0.999182820 -0.006747727 0.039850995 1.788594723 0.007135891 0.999928355 -0.009606165 -3.233843803 -0.039783310 0.009882689 0.999159575 29.853849411
0.999198139 -0.008415136 0.039145369 1.893002748 0.008894114 0.999887526 -0.012077854 -3.379658461 -0.039039329 0.012416331 0.999160528 31.121255875
0.999232411 -0.008564577 0.038225349 2.000787020 0.009040459 0.999883533 -0.012293931 -3.528069019 -0.038115606 0.012630067 0.999193490 32.410541534
0.999242246 -0.009057709 0.037854154 2.095041513 0.009540021 0.999875426 -0.012580182 -3.673436165 -0.037735496 0.012931779 0.999204040 33.676265717
0.999264061 -0.009781548 0.037090592 2.196748495 0.010264991 0.999864519 -0.012866206 -3.814661264 -0.036959715 0.013237473 0.999229074 34.945762634
0.999274492 -0.010246434 0.036680803 2.288845062 0.010744573 0.999852359 -0.013409121 -3.960365295 -0.036537994 0.013793511 0.999237061 36.206989288
0.999323189 -0.010928545 0.035125121 2.409028530 0.011409732 0.999843419 -0.013528083 -4.116873741 -0.034971781 0.013919696 0.999291301 37.499752045
0.999324024 -0.010784228 0.035147637 2.503638268 0.011194056 0.999871373 -0.011484336 -4.265779972 -0.035019267 0.011870016 0.999316156 38.759189606
0.999283493 -0.010472834 0.036369540 2.597519636 0.010865091 0.999884725 -0.010604442 -4.404019356 -0.036254287 0.010992002 0.999282241 40.032291412
0.999200761 -0.012342023 0.038019568 2.709578514 0.012686797 0.999880433 -0.008840411 -4.545885086 -0.037905913 0.009315693 0.999237835 41.281284332
0.999091685 -0.013487742 0.040420946 2.804601192 0.013906651 0.999852300 -0.010100402 -4.692859650 -0.040278744 0.010653346 0.999131680 42.547439575
0.998964012 -0.014824918 0.043024089 2.898913383 0.015404294 0.999794602 -0.013166141 -4.842680454 -0.042820062 0.013815258 0.998987317 43.797218323
0.998869181 -0.015849061 0.044823457 3.010333538 0.016507052 0.999760807 -0.014347726 -4.989296436 -0.044585340 0.015071404 0.998891890 45.066310883
0.998720407 -0.015903361 0.048006840 3.122508287 0.016549604 0.999777377 -0.013094067 -5.126271248 -0.047787916 0.013871808 0.998761117 46.309177399
0.998533428 -0.017133335 0.051356457 3.234530210 0.017653763 0.999797225 -0.009697167 -5.280327320 -0.051179897 0.010589584 0.998633265 47.580390930
0.998268187 -0.020071035 0.055298150 3.350931168 0.020542288 0.999757290 -0.007966856 -5.414724827 -0.055124827 0.009089010 0.998438120 48.805049896
0.998037636 -0.021950202 0.058642134 3.488549709 0.022470640 0.999713600 -0.008230123 -5.556139946 -0.058444690 0.009531699 0.998245120 50.065517426
0.997767568 -0.025278786 0.061811559 3.632700682 0.026082428 0.999584973 -0.012229256 -5.689106464 -0.061476760 0.013814151 0.998012900 51.301643372
0.997484207 -0.026584109 0.065715894 3.764684916 0.027438069 0.999549866 -0.012126341 -5.828086853 -0.065363936 0.013898947 0.997764707 52.531200409
0.997126400 -0.029001031 0.069985092 3.891901016 0.029750533 0.999510407 -0.009690812 -5.967445850 -0.069669791 0.011745058 0.997500956 53.750331879
0.996862292 -0.031715635 0.072524056 4.053815842 0.032261912 0.999459088 -0.006373016 -6.101000786 -0.072282709 0.008692782 0.997346222 54.944305420
0.996577740 -0.034167305 0.075270303 4.180504799 0.034614526 0.999389946 -0.004644646 -6.237158298 -0.075065687 0.007234197 0.997152328 56.205059052
0.996368825 -0.037093885 0.076637469 4.330914497 0.037289143 0.999303937 -0.001117904 -6.364696503 -0.076542661 0.003971590 0.997058332 57.410511017
0.996208787 -0.040211983 0.077143334 4.476051331 0.040334776 0.999186158 -0.000033648 -6.488425255 -0.077079192 0.003145080 0.997020006 58.628337860
0.996178508 -0.041947696 0.076608703 4.623088837 0.042322781 0.999098599 -0.003278480 -6.612557888 -0.076402128 0.006508244 0.997055829 59.821022034
0.996196985 -0.043207265 0.075661547 4.777171135 0.043903120 0.999007165 -0.007557107 -6.742665291 -0.075259902 0.010850145 0.997104883 61.029346466
0.996202290 -0.044524841 0.074822567 4.911443710 0.045510545 0.998897433 -0.011520031 -6.872633934 -0.074227147 0.014881499 0.997130334 62.209262848
0.996220291 -0.046661295 0.073265202 5.052608013 0.047804400 0.998759627 -0.013926144 -7.006688595 -0.072524510 0.017375907 0.997215271 63.425483704
0.996359825 -0.046769500 0.071273006 5.189696789 0.047883432 0.998754740 -0.014000443 -7.138592720 -0.070529468 0.017362274 0.997358561 64.599319458
0.996593237 -0.045833070 0.068565503 5.321971893 0.046856128 0.998811901 -0.013386897 -7.283938408 -0.067870498 0.016554007 0.997556806 65.821861267
0.996836543 -0.045123864 0.065426618 5.445092201 0.045984343 0.998873651 -0.011705361 -7.413083076 -0.064824738 0.014676935 0.997788668 66.997184753
0.997246683 -0.041210119 0.061650492 5.566181183 0.041769121 0.999096751 -0.007805491 -7.549557209 -0.061273135 0.010359085 0.998067260 68.187973022
0.997532964 -0.039284058 0.058178697 5.684846878 0.039677471 0.999196768 -0.005621922 -7.674938202 -0.057911113 0.007916436 0.998290300 69.368583679
0.997728527 -0.038188487 0.055492364 5.790412903 0.038732834 0.999211133 -0.008766721 -7.810812473 -0.055113807 0.010896185 0.998420596 70.539329529
0.997906864 -0.038444027 0.051999219 5.902463436 0.039301366 0.999106109 -0.015566409 -7.947515965 -0.051354304 0.017577464 0.998525798 71.720672607
0.997913361 -0.042289805 0.048791017 6.009112358 0.043234281 0.998894215 -0.018466786 -8.083983421 -0.047956120 0.020537691 0.998638272 72.890823364
0.997956276 -0.046268739 0.044075809 6.123332024 0.046906743 0.998807251 -0.013551904 -8.221374512 -0.043396216 0.015591660 0.998936296 74.058937073
0.997949481 -0.050078213 0.039863158 6.228059769 0.050444093 0.998692870 -0.008225255 -8.351508141 -0.039399154 0.010219250 0.999171317 75.217887878
0.997996151 -0.052343126 0.035551652 6.322293282 0.052583635 0.998599231 -0.005863563 -8.476727486 -0.035194948 0.007721249 0.999350667 76.401542664
0.998175502 -0.051611312 0.031337142 6.413401604 0.051745374 0.998654187 -0.003482018 -8.602047920 -0.031115262 0.005097217 0.999502838 77.561416626
0.998311520 -0.051224831 0.027390670 6.505208015 0.051333487 0.998676181 -0.003278145 -8.722661972 -0.027186487 0.004678668 0.999619424 78.717140198
0.998457551 -0.049759142 0.024627661 6.570691109 0.049903411 0.998740077 -0.005277867 -8.850667953 -0.024334004 0.006498730 0.999682784 79.882186890
0.998647094 -0.047446992 0.021274710 6.648195267 0.047669467 0.998812377 -0.010074863 -8.981006622 -0.020771420 0.011075391 0.999722898 81.026542664
0.998557210 -0.050834376 0.017301090 6.733998299 0.051097937 0.998578727 -0.015149189 -9.117044449 -0.016506402 0.016011385 0.999735534 82.186904907
0.998411775 -0.054195635 0.015387145 6.780001640 0.054439638 0.998390317 -0.015907355 -9.251416206 -0.014500269 0.016719760 0.999755085 83.317047119
0.998448133 -0.054474495 0.011560384 6.849696159 0.054619428 0.998427510 -0.012615318 -9.378314972 -0.010854993 0.013227165 0.999853611 84.454711914
0.998450100 -0.054951288 0.008814413 6.917709827 0.055038333 0.998434544 -0.009956718 -9.509197235 -0.008253480 0.010426416 0.999911547 85.590347290
0.998606086 -0.052178301 0.007956024 6.958473206 0.052268829 0.998565257 -0.011630438 -9.638476372 -0.007337753 0.012030077 0.999900699 86.734275818
0.998793960 -0.048522104 0.007498996 7.011981964 0.048629321 0.998706579 -0.014845185 -9.765949249 -0.006768979 0.015191953 0.999861598 87.853286743
0.998872817 -0.047022156 0.006470113 7.070254326 0.047128443 0.998737395 -0.017395107 -9.895146370 -0.005643988 0.017680427 0.999827683 88.961082458
0.998788714 -0.048837002 0.006007798 7.115482807 0.048939135 0.998635471 -0.018223684 -10.030456543 -0.005109610 0.018495625 0.999815881 90.093048096
0.998742700 -0.049929157 0.004490464 7.169547081 0.049993139 0.998629391 -0.015490507 -10.161578178 -0.003710882 0.015695522 0.999869883 91.208473206
0.998684347 -0.051129073 0.003934300 7.220372200 0.051176272 0.998604774 -0.013013359 -10.290415764 -0.003263450 0.013197578 0.999907553 92.322677612
0.998717427 -0.050515447 0.003416653 7.279874325 0.050553814 0.998645961 -0.012271864 -10.414675713 -0.002792109 0.012428849 0.999918818 93.444145203
0.998686075 -0.051137310 0.003335445 7.328732967 0.051180124 0.998586416 -0.014348192 -10.542222023 -0.002597002 0.014500048 0.999891460 94.552536011
0.998684466 -0.051203482 0.002740309 7.389411449 0.051245097 0.998519361 -0.018252587 -10.671688080 -0.001801655 0.018369000 0.999829590 95.656471252
0.998654962 -0.051765826 0.002917344 7.436905861 0.051812831 0.998468220 -0.019401152 -10.808011055 -0.001908558 0.019526208 0.999807537 96.759643555
0.998614967 -0.052550782 0.002570369 7.496847630 0.052587934 0.998461723 -0.017570484 -10.941268921 -0.001643073 0.017681317 0.999842346 97.844947815
0.998665452 -0.051514059 0.003684435 7.540778637 0.051556706 0.998590469 -0.012607994 -11.060865402 -0.003029753 0.012781125 0.999913692 98.929252625
0.998742342 -0.049880315 0.005076237 7.591718674 0.049924456 0.998712659 -0.008976331 -11.182770729 -0.004621962 0.009218467 0.999946833 99.994461060
0.998830199 -0.047826823 0.007120422 7.636517525 0.047890805 0.998811007 -0.009104233 -11.301779747 -0.006676530 0.009434589 0.999933183 101.054481506
0.998907506 -0.045807488 0.009237040 7.689458370 0.045907665 0.998885810 -0.010942760 -11.422595024 -0.008725486 0.011354857 0.999897420 102.091552734
0.998857081 -0.046258289 0.012025930 7.740931034 0.046414878 0.998836517 -0.013085889 -11.547209740 -0.011406606 0.013629118 0.999842048 103.112426758
0.998765588 -0.047707900 0.013827617 7.789013863 0.047904432 0.998750269 -0.014248842 -11.658431053 -0.013130552 0.014893656 0.999802887 104.121688843
0.998654127 -0.049417980 0.015736474 7.852771282 0.049633805 0.998674452 -0.013633161 -11.771440506 -0.015041890 0.014395873 0.999783278 105.103782654
0.998606443 -0.049641110 0.017911386 7.905642986 0.049865056 0.998680413 -0.012280345 -11.888677597 -0.017278139 0.013156384 0.999764204 106.084892273
0.998555660 -0.050489325 0.018368132 7.986989498 0.050688088 0.998659074 -0.010521014 -12.000095367 -0.017812304 0.011436864 0.999775946 107.022590637
0.998477936 -0.051169761 0.020578453 8.043937683 0.051400471 0.998619258 -0.010842563 -12.107834816 -0.019995231 0.011883804 0.999729455 107.938629150
0.998475194 -0.050634868 0.021987539 8.109750748 0.050852027 0.998661578 -0.009431755 -12.204403877 -0.021480540 0.010535483 0.999713778 108.847991943
0.998480320 -0.049730167 0.023748983 8.170480728 0.049917337 0.998726249 -0.007354327 -12.302555084 -0.023353003 0.008528637 0.999690890 109.719306946
0.998441756 -0.049869824 0.025042040 8.233897209 0.049986523 0.998741627 -0.004055958 -12.406140327 -0.024808260 0.005301402 0.999678195 110.574943542
0.998394966 -0.049960911 0.026674755 8.295696259 0.050087869 0.998736322 -0.004112453 -12.497456551 -0.026435589 0.005441933 0.999635696 111.399055481
0.998405576 -0.049137786 0.027780548 8.350008011 0.049242739 0.998782039 -0.003106066 -12.588908195 -0.027594086 0.004469105 0.999609232 112.212509155
0.998509407 -0.046713028 0.028229790 8.404665947 0.046816465 0.998899043 -0.003013774 -12.667902946 -0.028057929 0.004330900 0.999596894 112.992347717
0.998635888 -0.044326145 0.027594088 8.450417519 0.044339024 0.999016583 0.000145242 -12.747335434 -0.027573386 0.001078450 0.999619246 113.745521545
0.998717308 -0.044267382 0.024579829 8.497542381 0.044248942 0.999019682 0.001293909 -12.833133698 -0.024613015 -0.000204618 0.999697030 114.491645813
0.998856962 -0.044219080 0.018150842 8.535613060 0.044200767 0.999021590 0.001409178 -12.907352448 -0.018195398 -0.000605286 0.999834299 115.189125061
0.999057293 -0.042723861 0.007695528 8.565887451 0.042724412 0.999086857 0.000092637 -12.981041908 -0.007692460 0.000236237 0.999970436 115.858619690
0.999182880 -0.039917033 -0.006335977 8.567761421 0.039900459 0.999199927 -0.002721218 -13.050880432 0.006439533 0.002466186 0.999976218 116.501922607
0.998929262 -0.038736343 -0.025295777 8.573495865 0.038618334 0.999240816 -0.005137277 -13.118994713 0.025475573 0.004154895 0.999666810 117.123054504
0.998181939 -0.036998026 -0.047582548 8.539161682 0.036693022 0.999300122 -0.007267887 -13.190188408 0.047818143 0.005508725 0.998840868 117.708435059
0.996518433 -0.035575289 -0.075401865 8.502455711 0.034995586 0.999346912 -0.008995920 -13.258297920 0.075672656 0.006325867 0.997112572 118.276641846
0.993678451 -0.033079352 -0.107279405 8.427459717 0.032007623 0.999419093 -0.011697068 -13.319647789 0.107604034 0.008189365 0.994160116 118.823417664
0.989393950 -0.028516745 -0.142430812 8.319067001 0.026977614 0.999555111 -0.012725974 -13.389174461 0.142730325 0.008748557 0.989722908 119.367233276
0.983178735 -0.022572739 -0.181245774 8.214645386 0.020756681 0.999713540 -0.011910642 -13.451442719 0.181462735 0.007948230 0.983365655 119.874931335
0.974712789 -0.017167658 -0.222800836 8.075021744 0.015303398 0.999831975 -0.010091340 -13.507040024 0.222936645 0.006426550 0.974811733 120.378845215
0.963501573 -0.012527548 -0.267409503 7.901065826 0.010651379 0.999907434 -0.008465556 -13.565000534 0.267490804 0.005308298 0.963545740 120.873184204
0.949405849 -0.006329551 -0.313987553 7.710868835 0.003772779 0.999954581 -0.008749913 -13.624145508 0.314028710 0.007122615 0.949386775 121.336013794
0.931824327 0.001377599 -0.362907052 7.494216919 -0.005359087 0.999935925 -0.009964588 -13.673847198 0.362870097 0.011230096 0.931772113 121.817710876
0.910968542 0.006062604 -0.412431479 7.234737396 -0.011331983 0.999882400 -0.010331866 -13.732777596 0.412320375 0.014085671 0.910929978 122.249809265
0.885926306 0.010304685 -0.463711530 6.968639374 -0.016442237 0.999822497 -0.009194845 -13.784682274 0.463534474 0.015770409 0.885938525 122.664207458
0.856813729 0.013406924 -0.515451849 6.687011719 -0.021021428 0.999739110 -0.008939769 -13.826743126 0.515197515 0.018495249 0.856871903 123.067466736
0.825568557 0.023264652 -0.563822091 6.358463287 -0.031840302 0.999478459 -0.005380828 -13.880457878 0.563402832 0.022394506 0.825878680 123.433006287
0.791425049 0.036103677 -0.610199094 6.016944885 -0.044540852 0.999006689 0.001339026 -13.922733307 0.609641254 0.026119052 0.792246997 123.791473389
0.755507231 0.044858720 -0.653602719 5.661247253 -0.055713143 0.998438358 0.004126321 -13.964323997 0.652767062 0.033296797 0.756826639 124.107666016
0.715722740 0.048561297 -0.696694136 5.293052673 -0.062761322 0.998015702 0.005088625 -14.010735512 0.695558667 0.040083408 0.717350245 124.407676697
0.673123002 0.050446022 -0.737807930 4.918151855 -0.065615073 0.997810006 0.008360619 -14.057930946 0.736613870 0.042783596 0.674958885 124.689651489
0.629697502 0.054210886 -0.774946511 4.504268646 -0.069338523 0.997502685 0.013437334 -14.091951370 0.773739755 0.045272183 0.631883800 124.961326599
0.584531963 0.063075773 -0.808915198 4.081260681 -0.080489002 0.996563852 0.019545488 -14.126457214 0.807368577 0.053683821 0.587600231 125.192535400
0.539151073 0.071887352 -0.839135408 3.635517120 -0.092079587 0.995409191 0.026113205 -14.150210381 0.837160289 0.063188292 0.543295383 125.403259277
0.492038012 0.076669104 -0.867191076 3.184642792 -0.097324543 0.994714618 0.032722324 -14.176180840 0.865116417 0.068298347 0.496899247 125.606452942
0.445829093 0.078093700 -0.891704977 2.711772919 -0.097483575 0.994497716 0.038356848 -14.195047379 0.889793992 0.069825977 0.450988859 125.781433105
0.398909390 0.079745770 -0.913516164 2.239933014 -0.095113009 0.994436324 0.045276280 -14.216140747 0.912044287 0.068826154 0.404274881 125.949951172
0.352775216 0.082649589 -0.932050824 1.746841431 -0.096730217 0.993975878 0.051529035 -14.238505363 0.930694878 0.071979314 0.358644783 126.101570129
0.308668733 0.085975096 -0.947276056 1.242729187 -0.101951078 0.993159771 0.056918900 -14.260758400 0.945689976 0.079006739 0.315322578 126.225044250
0.267474234 0.087762959 -0.959559858 0.727325439 -0.106659152 0.992420435 0.061037544 -14.278375626 0.957643628 0.086019889 0.274807602 126.322471619
0.228009805 0.084769838 -0.969961584 0.185192108 -0.107235268 0.992328703 0.061516717 -14.303459167 0.967735589 0.089987695 0.235351041 126.428970337
0.193324208 0.079501614 -0.977908671 -0.348705292 -0.102246642 0.992917061 0.060508478 -14.321159363 0.975792766 0.088290133 0.200083703 126.520629883
0.162556797 0.074810646 -0.983859062 -0.898679733 -0.099547595 0.993277371 0.059079196 -14.344744682 0.981664717 0.088337086 0.168911219 126.603233337
0.135646313 0.073018439 -0.988062978 -1.465259552 -0.100539438 0.993146777 0.059591584 -14.364048004 0.985643029 0.091255903 0.142057925 126.675323486
0.113778904 0.072114594 -0.990885437 -2.055773735 -0.101284876 0.993007720 0.060638960 -14.375859261 0.988329828 0.093462273 0.120287441 126.736228943
0.095337324 0.073451936 -0.992731333 -2.643760681 -0.103376448 0.992612243 0.063515320 -14.392109871 0.990062654 0.096569680 0.102226205 126.796981812
0.079229042 0.071713261 -0.994273543 -3.252684593 -0.104238562 0.992536962 0.063281722 -14.414629936 0.991391480 0.098627903 0.086113051 126.845893860
0.064790264 0.070564978 -0.995400786 -3.871500969 -0.102614753 0.992679954 0.063692942 -14.442805290 0.992608845 0.098016120 0.071557000 126.901321411
0.053194687 0.068289019 -0.996246397 -4.507889271 -0.098792210 0.993124485 0.062800013 -14.465287209 0.993685305 0.095080741 0.059575368 126.939720154
0.040839396 0.065224364 -0.997034550 -5.166614532 -0.095858976 0.993519843 0.061067972 -14.477541924 0.994556725 0.093080744 0.046827100 126.979095459
0.030126976 0.064459167 -0.997465491 -5.832592964 -0.095245540 0.993562698 0.061330196 -14.500188828 0.994997799 0.093156442 0.036072496 127.020561218
0.020479187 0.065735519 -0.997626901 -6.502493858 -0.098679408 0.993096828 0.063411348 -14.519433022 0.994908512 0.097146623 0.026824564 127.041442871
0.012350496 0.065527663 -0.997774363 -7.180031300 -0.101438612 0.992784619 0.063944355 -14.544475555 0.994765103 0.100423083 0.018908415 127.056663513
0.005583681 0.064897560 -0.997876287 -7.877876282 -0.103463724 0.992573738 0.063973747 -14.565563202 0.994617581 0.102886789 0.012256757 127.078933716
0.000334429 0.065919101 -0.997824907 -8.575819016 -0.104327939 0.992382050 0.065524563 -14.583835602 0.994542956 0.104079105 0.007209085 127.096809387
-0.003193224 0.068330854 -0.997657657 -9.297672272 -0.106752008 0.991938472 0.068280824 -14.602714539 0.994280636 0.106719978 0.004126973 127.120841980
-0.003666433 0.072433554 -0.997366428 -10.033377647 -0.108831078 0.991420150 0.072401769 -14.627643585 0.994053543 0.108809911 0.004248045 127.120491028
-0.004936970 0.075452633 -0.997137189 -10.750701904 -0.111030191 0.990942478 0.075533614 -14.640027046 0.993804872 0.111085221 0.003485268 127.136543274
-0.005467832 0.081062920 -0.996694028 -11.491363525 -0.115823187 0.989949346 0.081149772 -14.647153854 0.993254840 0.115883984 0.003976091 127.144432068
-0.006592602 0.084839359 -0.996372819 -12.232428551 -0.118876733 0.989262283 0.085020475 -14.659504890 0.992887139 0.119006038 0.003563615 127.154754639
-0.008194584 0.085359864 -0.996316493 -12.979074478 -0.118819952 0.989207983 0.085728101 -14.678037643 0.992882013 0.119084775 0.002036304 127.177337646
-0.009744400 0.082287744 -0.996561050 -13.721244812 -0.116509318 0.989726901 0.082862683 -14.695867538 0.993141830 0.116916090 -0.000057005 127.200607300
-0.011302334 0.078760080 -0.996829569 -14.480572701 -0.120159231 0.989562452 0.079548314 -14.701538086 0.992690384 0.120677337 -0.001720614 127.216156006
-0.012372443 0.080346376 -0.996690214 -15.247058868 -0.125172630 0.988801241 0.081264257 -14.709070206 0.992057800 0.125763774 -0.002176721 127.214866638
-0.014172937 0.083880149 -0.996374965 -16.014854431 -0.122151799 0.988866210 0.084985569 -14.723215103 0.992410243 0.122913517 -0.003769026 127.233375549
-0.015791295 0.084109925 -0.996331334 -16.791488647 -0.121363945 0.988926709 0.085408390 -14.740458488 0.992482364 0.122267418 -0.005408523 127.243843079
-0.017182814 0.083101772 -0.996393025 -17.582855225 -0.123932950 0.988678038 0.084595561 -14.750743866 0.992141783 0.124939509 -0.006689223 127.247825623
-0.017724870 0.082899772 -0.996400237 -18.370191574 -0.128661364 0.988082290 0.084496483 -14.756410599 0.991530180 0.129695952 -0.006847632 127.248519897
-0.018614111 0.087314837 -0.996006906 -19.174676895 -0.130406544 0.987457752 0.089002512 -14.763021469 0.991285920 0.131542563 -0.006994221 127.252433777
-0.019416891 0.091670088 -0.995600045 -19.987432480 -0.129152134 0.987214804 0.093416825 -14.770955086 0.991434574 0.130397737 -0.007329252 127.269996643
-0.018913671 0.094111465 -0.995382130 -20.807790756 -0.130009994 0.986875832 0.095777623 -14.786693573 0.991332293 0.131221101 -0.006430015 127.290946960
-0.016769728 0.092980444 -0.995526731 -21.625860214 -0.129450515 0.987084746 0.094372585 -14.792405128 0.991444111 0.130454049 -0.004516775 127.300079346
-0.015693337 0.093014352 -0.995541036 -22.457050323 -0.129478335 0.987091362 0.094265923 -14.795756340 0.991458058 0.130380362 -0.003447413 127.313934326
-0.015695225 0.092028975 -0.995632648 -23.283906937 -0.127897322 0.987390757 0.093283355 -14.802184105 0.991663218 0.128802851 -0.003727057 127.341163635
-0.014682068 0.094091401 -0.995455325 -24.122348785 -0.128839403 0.987085342 0.095200524 -14.808226585 0.991556823 0.129651606 -0.002369771 127.358863831
-0.013983813 0.096237093 -0.995260239 -24.959077835 -0.130613342 0.986653149 0.097240008 -14.809762955 0.991334796 0.131354064 -0.001227324 127.374801636
-0.014212199 0.098638535 -0.995021820 -25.836643219 -0.133841589 0.985979497 0.099653848 -14.812652588 0.990900815 0.134591609 -0.000810997 127.394706726
-0.012626816 0.099741213 -0.994933248 -26.699768066 -0.136032209 0.985590518 0.100531019 -14.809013367 0.990623951 0.136612371 0.001123148 127.409027100
-0.010858107 0.102806054 -0.994642138 -27.570011139 -0.142944992 0.984324932 0.103300154 -14.807855606 0.989670992 0.143300787 0.004007705 127.423835754
-0.008783543 0.106785722 -0.994243264 -28.450565338 -0.147593692 0.983253002 0.106909215 -14.805027008 0.989009082 0.147683084 0.007124456 127.444938660
-0.006591002 0.108628571 -0.994060516 -29.325550079 -0.150147855 0.982704759 0.108383186 -14.798986435 0.988641560 0.149970427 0.009833338 127.476364136
-0.003017456 0.109337501 -0.994000077 -30.225587845 -0.148867264 0.982879341 0.108566158 -14.798866272 0.988852561 0.148301646 0.013310978 127.501129150
-0.000278798 0.109232999 -0.994016111 -31.118373871 -0.151475355 0.982541680 0.108014539 -14.790915489 0.988460958 0.150599077 0.016272176 127.530212402
0.002178763 0.113322474 -0.993555784 -32.019882202 -0.152043238 0.982044518 0.111676089 -14.784817696 0.988371372 0.150820151 0.019369556 127.562377930
0.004479648 0.115558282 -0.993290722 -32.946624756 -0.151384011 0.981931090 0.113553964 -14.781416893 0.988464892 0.149859652 0.021892376 127.606964111
0.006164633 0.116855368 -0.993129790 -33.839469910 -0.152091697 0.981703937 0.114566870 -14.776851654 0.988347173 0.150340557 0.023824576 127.650848389
0.008463798 0.114909515 -0.993339896 -34.741336823 -0.153344974 0.981774926 0.112265080 -14.767825127 0.988136470 0.151373506 0.025930339 127.685249329
0.008886128 0.116158821 -0.993190885 -35.648132324 -0.157596916 0.980979860 0.113320664 -14.756128311 0.987463534 0.155516863 0.027023386 127.726181030
0.009982637 0.116592564 -0.993129671 -36.542976379 -0.158135027 0.980865240 0.113563225 -14.749143600 0.987367034 0.155914932 0.028228994 127.765296936
0.010350247 0.113070667 -0.993533075 -37.440048218 -0.158702910 0.981178224 0.110011309 -14.745538712 0.987272143 0.156537965 0.028100083 127.800926208
0.011095649 0.109230310 -0.993954539 -38.347373962 -0.159767672 0.981439292 0.106071450 -14.745037079 0.987092257 0.157624871 0.028341178 127.847961426
0.011608801 0.108282201 -0.994052410 -39.243621826 -0.159404188 0.981606662 0.105064929 -14.737602234 0.987145245 0.157236397 0.028655913 127.891815186
0.011471665 0.112629957 -0.993570745 -40.143424988 -0.161970928 0.980723321 0.109303474 -14.732170105 0.986728907 0.159675702 0.029493311 127.935722351
0.011809045 0.118728302 -0.992856562 -41.068107605 -0.162742943 0.979914904 0.115245067 -14.717747688 0.986597955 0.160219461 0.030894052 127.971008301
0.012043100 0.117504388 -0.992999315 -41.964122772 -0.160652533 0.980397820 0.114064813 -14.716619492 0.986937582 0.158154160 0.030684404 128.017059326
0.012929437 0.107099600 -0.994164169 -42.851219177 -0.159608200 0.981720448 0.103683300 -14.722648621 0.987095773 0.157336205 0.029787071 128.064804077
0.013240237 0.097002469 -0.995196044 -43.744056702 -0.161422104 0.982435703 0.093611121 -14.724890709 0.986796618 0.159407213 0.028666021 128.104492188
0.012719661 0.093688585 -0.995520234 -44.650169373 -0.158406109 0.983217239 0.090506800 -14.730710030 0.987292051 0.156545252 0.027347030 128.146789551
0.012256771 0.103614233 -0.994542003 -45.574771881 -0.150818706 0.983429551 0.100597814 -14.734704018 0.988485396 0.148762569 0.027680634 128.206497192
0.012420184 0.117287055 -0.993020356 -46.496379852 -0.145945385 0.982674539 0.114239678 -14.731720924 0.989214659 0.143507823 0.029322498 128.260360718
0.012386816 0.126009047 -0.991951704 -47.423530579 -0.146371216 0.981570303 0.122862488 -14.717683792 0.989152193 0.143671289 0.030602627 128.309219360
0.012393198 0.120458834 -0.992641032 -48.341941833 -0.146603331 0.982208490 0.117362492 -14.712129593 0.989117801 0.144069999 0.029832372 128.358139038
0.012818003 0.106463403 -0.994234025 -49.260643005 -0.146645859 0.983764529 0.103451729 -14.699932098 0.989105999 0.144474253 0.028222313 128.396224976
0.013552863 0.098240413 -0.995070398 -50.190952301 -0.147591844 0.984457612 0.095182441 -14.710587502 0.988955498 0.145574272 0.027841704 128.431106567
0.014326680 0.098337747 -0.995049953 -51.110519409 -0.146911204 0.984559178 0.095185749 -14.717131615 0.989045918 0.144820303 0.028552379 128.476165771
0.013563037 0.099587932 -0.994936287 -52.034301758 -0.149616525 0.984028041 0.096456490 -14.725311279 0.988651097 0.147550672 0.028246406 128.520782471
0.013276833 0.099069834 -0.994991839 -52.974220276 -0.153868377 0.983429909 0.095865458 -14.732390404 0.988002121 0.151825026 0.028300548 128.578125000
0.014060579 0.098492503 -0.995038509 -53.901287079 -0.155325830 0.983271956 0.095132947 -14.731672287 0.987763226 0.153217554 0.029123802 128.618774414
0.014992695 0.106267445 -0.994224548 -54.845302582 -0.164749876 0.981008589 0.102370456 -14.730852127 0.986221373 0.162263557 0.032215510 128.658462524
0.016906215 0.115028933 -0.993218303 -55.788082123 -0.170266688 0.979182303 0.110505134 -14.717916489 0.985252917 0.167243734 0.036139861 128.693206787
0.017794572 0.123368524 -0.992201328 -56.755592346 -0.170649976 0.978172541 0.118563667 -14.711341858 0.985171020 0.167209342 0.038458988 128.746994019
0.018744551 0.124151483 -0.992086112 -57.694110870 -0.172163501 0.977840006 0.119115815 -14.701883316 0.984889984 0.168568239 0.039703526 128.795455933
0.019703524 0.114282228 -0.993252873 -58.634700775 -0.173700109 0.978729367 0.109165415 -14.694395065 0.984601498 0.170377195 0.039135251 128.854064941
0.020736817 0.109247237 -0.993798316 -59.574291229 -0.172123790 0.979560316 0.104090504 -14.690287590 0.984857023 0.168897852 0.039117008 128.910751343
0.023575773 0.107584663 -0.993916273 -60.523635864 -0.170510724 0.980058134 0.102040082 -14.690843582 0.985073745 0.167067692 0.041449964 128.959228516
0.027376663 0.113848478 -0.993120849 -61.478305817 -0.171930328 0.979224384 0.107515946 -14.686780930 0.984728575 0.167804152 0.046381906 129.010467529
0.030073535 0.116234228 -0.992766440 -62.443180084 -0.174724460 0.978534818 0.109275103 -14.693634033 0.984157979 0.170174316 0.049736965 129.084167480
0.034885347 0.110413693 -0.993273258 -63.397182465 -0.174441159 0.979293764 0.102733053 -14.685203552 0.984049439 0.169683844 0.053423688 129.140686035
0.036642004 0.104867436 -0.993810892 -64.354408264 -0.173914447 0.979972303 0.096994929 -14.697186470 0.984078944 0.169284001 0.054146111 129.230667114
0.040353816 0.104628541 -0.993692338 -65.304122925 -0.171572298 0.980456829 0.096267387 -14.698961258 0.984344780 0.166605294 0.057516523 129.301269531
0.042561322 0.109285474 -0.993098915 -66.252159119 -0.169019744 0.980459929 0.100650936 -14.711822510 0.984693408 0.163569480 0.060201075 129.389526367
0.045818746 0.115762949 -0.992219508 -67.234260559 -0.168718651 0.979890227 0.106533371 -14.709629059 0.984598756 0.162524760 0.064428709 129.471420288
0.049243253 0.119638830 -0.991595507 -68.185890198 -0.166460365 0.979897797 0.109960929 -14.709140778 0.984817803 0.159646511 0.068168476 129.550262451
0.050344415 0.121419109 -0.991323769 -69.149971008 -0.166021302 0.979789793 0.111574985 -14.711476326 0.984836280 0.158963695 0.069485106 129.645034790
0.052920841 0.119267300 -0.991450787 -70.105964661 -0.164228722 0.980362892 0.109167412 -14.710049629 0.985001743 0.157047465 0.071468748 129.723083496
0.053364739 0.116906859 -0.991708100 -71.060531616 -0.161670670 0.981032372 0.106948711 -14.704477310 0.985400856 0.154622853 0.071252950 129.811920166
0.053474203 0.113079078 -0.992146015 -72.000823975 -0.158557966 0.981923878 0.103368141 -14.711119652 0.985900521 0.151785120 0.070437185 129.906845093
0.053508539 0.113582872 -0.992086589 -72.971488953 -0.157605216 0.982017875 0.103929631 -14.711901665 0.986051440 0.150796890 0.070447609 129.986312866
0.051850580 0.117536962 -0.991713941 -73.923217773 -0.153556108 0.982178509 0.108378351 -14.709130287 0.986778677 0.146664262 0.068975054 130.095672607
0.052457843 0.118746936 -0.991537869 -74.895065308 -0.148811281 0.982748389 0.109821364 -14.699738503 0.987473190 0.141791001 0.069223747 130.178222656
0.051321093 0.115057521 -0.992032230 -75.843299866 -0.145709231 0.983574331 0.106538542 -14.697413445 0.987995446 0.139080554 0.067243055 130.267166138
0.050119765 0.111957029 -0.992448330 -76.793350220 -0.147350296 0.983651817 0.103523344 -14.703594208 0.987813771 0.141048968 0.065797284 130.347396851
0.048869811 0.107520640 -0.993001044 -77.775039673 -0.143665925 0.984607458 0.099541366 -14.695844650 0.988418818 0.137795851 0.063564621 130.424179077
0.047531985 0.108413376 -0.992968917 -78.721977234 -0.144464895 0.984386802 0.100561045 -14.698813438 0.988367796 0.138669267 0.062451772 130.502258301
0.046531763 0.109562218 -0.992890239 -79.672027588 -0.144986957 0.984182000 0.101806477 -14.697358131 0.988338828 0.139218897 0.061680812 130.581390381
0.045990944 0.111189418 -0.992734432 -80.640930176 -0.147772282 0.983609676 0.103321478 -14.709205627 0.987951577 0.141946793 0.061667856 130.642913818
0.044071946 0.110676669 -0.992878735 -81.594436646 -0.147316843 0.983699739 0.103114389 -14.697775841 0.988106966 0.141723320 0.059658106 130.723526001
0.042260136 0.111117221 -0.992908359 -82.548271179 -0.147522882 0.983597219 0.103796326 -14.697612762 0.988155425 0.142090276 0.057959281 130.791900635
0.039926678 0.114650667 -0.992603183 -83.491744995 -0.147584975 0.983176172 0.107625321 -14.701587677 0.988243222 0.142196178 0.056175683 130.868942261
0.038694445 0.118248209 -0.992229998 -84.458709717 -0.149137780 0.982535183 0.111276872 -14.688959122 0.988059044 0.143673167 0.055653945 130.919067383
0.036558490 0.122817017 -0.991755784 -85.407791138 -0.150211290 0.981819332 0.116049372 -14.675011635 0.987977803 0.144730359 0.054342333 130.986022949
0.034920920 0.123169690 -0.991771042 -86.356880188 -0.150468200 0.981712103 0.116622381 -14.673551559 0.987998009 0.145157427 0.052815411 131.047790527
0.033091094 0.117168322 -0.992560565 -87.299301147 -0.150560498 0.982355833 0.110944122 -14.663891792 0.988046825 0.145769149 0.050148144 131.119705200
0.030854983 0.112785347 -0.993140221 -88.237785339 -0.155280739 0.982090533 0.106706217 -14.656403542 0.987388432 0.150923118 0.047815781 131.181472778
0.030711599 0.110415444 -0.993410885 -89.207077026 -0.153761700 0.982571244 0.104457028 -14.648720741 0.987630486 0.149540544 0.047153991 131.230346680
0.029784065 0.111545533 -0.993312836 -90.158340454 -0.149694979 0.983044207 0.105903849 -14.652752876 0.988283455 0.145539731 0.045976847 131.293212891
0.029158076 0.112782061 -0.993191957 -91.110977173 -0.146152481 0.983416855 0.107381336 -14.648208618 0.988832235 0.142026439 0.045157921 131.359786987
0.027927916 0.112898603 -0.993213892 -92.056503296 -0.141404584 0.984055996 0.107881516 -14.650542259 0.989557862 0.137432098 0.043447018 131.427856445
0.026656345 0.110127777 -0.993559897 -93.003440857 -0.137133524 0.984919310 0.105490878 -14.652807236 0.990193844 0.133438379 0.041356556 131.493331909
0.025798576 0.106877983 -0.993937373 -93.971511841 -0.131664500 0.985970020 0.102603778 -14.658284187 0.990958571 0.128219232 0.039508659 131.548965454
0.024911461 0.109397590 -0.993685782 -94.930824280 -0.129768491 0.985938013 0.105291359 -14.660718918 0.991231382 0.126326114 0.038757522 131.605331421
0.023510804 0.112024292 -0.993427277 -95.875465393 -0.129740089 0.985640466 0.108075708 -14.662238121 0.991269231 0.126346424 0.037707236 131.666168213
0.022273026 0.110163815 -0.993663847 -96.827369690 -0.124792717 0.986443281 0.106566072 -14.659921646 0.991932809 0.121628463 0.035718720 131.714233398
0.018861786 0.106704623 -0.994111776 -97.783607483 -0.122380137 0.987058699 0.103625573 -14.653840065 0.992304027 0.119704962 0.031676210 131.781280518
0.015921641 0.104299180 -0.994418561 -98.733749390 -0.121220067 0.987410009 0.101623245 -14.655049324 0.992497921 0.118925460 0.028364340 131.835067749
0.013771689 0.102983557 -0.994587660 -99.694007874 -0.114813797 0.988265932 0.100739174 -14.659409523 0.993291497 0.112805046 0.025434025 131.881591797
0.010948364 0.103715874 -0.994546652 -100.640602112 -0.109134711 0.988788724 0.101914011 -14.661753654 0.993966699 0.107423775 0.022144619 131.939453125
0.008490348 0.111062631 -0.993777156 -101.622894287 -0.099132486 0.989010811 0.109683029 -14.659511566 0.995037973 0.097584344 0.019406963 131.998809814
0.005944128 0.119069062 -0.992868185 -102.581474304 -0.091218337 0.988810658 0.118036367 -14.653646469 0.995813072 0.089866184 0.016738899 132.054870605
0.002470635 0.118185170 -0.992988586 -103.534072876 -0.087195396 0.989234805 0.117521465 -14.643831253 0.996188104 0.086293675 0.012749240 132.106338501
0.000286347 0.108813412 -0.994062126 -104.488388062 -0.088014238 0.990207195 0.108366065 -14.648077965 0.996119142 0.087460592 0.009860671 132.136627197
-0.001940296 0.099360488 -0.995049655 -105.435279846 -0.089875907 0.991007209 0.099132091 -14.644651413 0.995951116 0.089623325 0.007007267 132.175415039
-0.002173031 0.100757897 -0.994908631 -106.396850586 -0.097082749 0.990190089 0.100492090 -14.644304276 0.995273948 0.096806824 0.007630141 132.193740845
-0.003084369 0.110189483 -0.993905842 -107.359886169 -0.100412399 0.988853037 0.109940916 -14.631155968 0.994941115 0.100139566 0.008014400 132.231338501
-0.004596666 0.121621199 -0.992565989 -108.322998047 -0.104393765 0.987094581 0.121434234 -14.618664742 0.994525492 0.104175873 0.008159150 132.260910034
-0.006098112 0.123048507 -0.992381930 -109.270919800 -0.111260787 0.986155093 0.122960113 -14.604708672 0.993772507 0.111163013 0.007676788 132.292175293
-0.005737233 0.120268211 -0.992724836 -110.261550903 -0.118763067 0.985633016 0.120095402 -14.587552071 0.992906034 0.118588082 0.008628616 132.309524536
-0.006091204 0.116214320 -0.993205488 -111.214920044 -0.126776710 0.985119879 0.116045736 -14.573463440 0.991912544 0.126622200 0.008732707 132.335388184
-0.003763040 0.118138492 -0.992989957 -112.181564331 -0.131368473 0.984332860 0.117606349 -14.553068161 0.991326511 0.130890161 0.011815589 132.358734131
-0.002665268 0.119661756 -0.992811143 -113.167312622 -0.139594316 0.983049214 0.118859909 -14.538165092 0.990205169 0.138907552 0.014084009 132.386703491
-0.002018374 0.122387744 -0.992480338 -114.131950378 -0.148836210 0.981391072 0.121322960 -14.519971848 0.988859773 0.147961840 0.016234912 132.406890869
-0.002181191 0.125041977 -0.992148995 -115.103538513 -0.154537916 0.980190396 0.123874553 -14.501868248 0.987984478 0.153594822 0.017185742 132.437530518
-0.001576817 0.124179095 -0.992258549 -116.081512451 -0.157829478 0.979792356 0.122869760 -14.489398956 0.987465084 0.156801388 0.018054167 132.472366333
-0.000011758 0.114857957 -0.993381917 -117.036270142 -0.156871468 0.981082678 0.113437742 -14.491086006 0.987618983 0.155834615 0.018006399 132.506103516
0.001629213 0.102889650 -0.994691432 -117.990333557 -0.159953147 0.981912494 0.101305805 -14.477830887 0.987123251 0.158939004 0.018057264 132.541091919
