1.000000000 0.000000000 0.000000000 0.000000000 0.000000000 1.000000000 0.000000000 0.000000000 0.000000000 0.000000000 1.000000000 0.000000000
0.999997914 -0.001560009 -0.001330481 0.049066924 0.001557224 0.999996603 -0.002091483 -0.132872328 0.001333740 0.002089407 0.999996901 1.297737837
0.999997854 -0.000010954 -0.002079028 0.103701063 -0.000002274 0.999979675 -0.006362593 -0.267675549 0.002079056 0.006362583 0.999977589 2.604443789
0.999996245 0.002431054 -0.001244889 0.147365898 -0.002440744 0.999966264 -0.007841634 -0.406915158 0.001225783 0.007844644 0.999968469 3.907329798
0.999983728 0.005695703 0.000317401 0.191844344 -0.005693509 0.999962449 -0.006529528 -0.545777321 -0.000354580 0.006527616 0.999978602 5.220818043
0.999974847 0.006634050 0.002495599 0.241001785 -0.006625836 0.999972641 -0.003285103 -0.691035628 -0.002517324 0.003268486 0.999991477 6.538410187
0.999959767 0.006899984 0.005731001 0.299007148 -0.006888410 0.999974191 -0.002036754 -0.827823460 -0.005744907 0.001997194 0.999981463 7.841468811
0.999943078 0.005448209 0.009164942 0.354392171 -0.005430855 0.999983430 -0.001917464 -0.960672975 -0.009175236 0.001867581 0.999956191 9.147516251
0.999913037 0.004124338 0.012529503 0.431807876 -0.004102001 0.999989986 -0.001807909 -1.097803354 -0.012536835 0.001756355 0.999919891 10.446851730
0.999868035 0.002927512 0.015976872 0.495548964 -0.002889419 0.999992907 -0.002406845 -1.238918900 -0.015983803 0.002360363 0.999869466 11.758531570
0.999810100 0.002019903 0.019383769 0.571217537 -0.001960547 0.999993324 -0.003080662 -1.378921747 -0.019389864 0.003042074 0.999807358 13.054166794
0.999740660 0.001920355 0.022692207 0.642292380 -0.001848625 0.999993205 -0.003181543 -1.525414824 -0.022698162 0.003138768 0.999737442 14.374577522
0.999659300 0.001744235 0.026042322 0.728822112 -0.001634063 0.999989629 -0.004251183 -1.662960410 -0.026049461 0.004207180 0.999651790 15.669183731
0.999568105 0.002662727 0.029266659 0.810015321 -0.002539077 0.999987721 -0.004261308 -1.801023722 -0.029277643 0.004185157 0.999562502 16.978170395
0.999470353 0.002226372 0.032468062 0.899817824 -0.002103751 0.999990582 -0.003810350 -1.939846158 -0.032476231 0.003740027 0.999465585 18.265247345
0.999398708 0.000645847 0.034667119 0.997200847 -0.000517825 0.999993026 -0.003701728 -2.081071854 -0.034669265 0.003681551 0.999392033 19.569288254
0.999336541 -0.001993774 0.036365088 1.094548941 0.002175373 0.999985397 -0.004954881 -2.221869707 -0.036354668 0.005030700 0.999326348 20.844331741
0.999298632 -0.001652538 0.037410196 1.193365335 0.001903455 0.999975860 -0.006672553 -2.364297867 -0.037398268 0.006739082 0.999277711 22.155210495
0.999254227 -0.001592683 0.038583353 1.277221441 0.001956937 0.999953926 -0.009404772 -2.507750988 -0.038566597 0.009473263 0.999211133 23.439651489
0.999207735 -0.000971273 0.039785966 1.376551270 0.001401862 0.999940753 -0.010796169 -2.651229858 -0.039773118 0.010843392 0.999149859 24.730766296
0.999153554 -0.000348537 0.041134052 1.473878384 0.000813803 0.999935865 -0.011294752 -2.798994541 -0.041127477 0.011318668 0.999089837 26.001092911
0.999140501 -0.001989864 0.041403983 1.574733019 0.002415876 0.999944568 -0.010241668 -2.946958780 -0.041381311 0.010332893 0.999090016 27.296052933
0.999138117 -0.004960653 0.041212164 1.680750608 0.005341878 0.999943852 -0.009145333 -3.092492580 -0.041164488 0.009357600 0.999108613 28.572214127
0.999161243 -0.006414660 0.040441111 1.776896238 0.006806728 0.999931037 -0.009564581 -3.239341259 -0.040376969 0.009831832 0.999136090 29.864595413
0.999181747 -0.008167206 0.039611641 1.884055138 0.008649801 0.999890208 -0.012027068 -3.385356903 -0.039509069 0.012359859 0.999142826 31.131586075
0.999213696 -0.008167138 0.038800847 1.993242025 0.008649223 0.999887228 -0.012272989 -3.536557436 -0.038696241 0.012598934 0.999171615 32.418144226
0.999225140 -0.008801387 0.038363207 2.090228558 0.009296863 0.999875426 -0.012756187 -3.678597689 -0.038246155 0.013102960 0.999182463 33.682098389
0.999243557 -0.009339098 0.037750188 2.187334538 0.009823618 0.999871433 -0.012669832 -3.825740099 -0.037627015 0.013031090 0.999207020 34.956378937
0.999254882 -0.009970096 0.037285626 2.279469967 0.010466311 0.999858975 -0.013137029 -3.970448732 -0.037149388 0.013517482 0.999218345 36.216594696
0.999301255 -0.010470319 0.035880528 2.399248600 0.010954620 0.999851167 -0.013327709 -4.126922607 -0.035735648 0.013711454 0.999267220 37.506587982
0.999303401 -0.010157396 0.035910744 2.493680954 0.010572979 0.999879062 -0.011401715 -4.273518562 -0.035790585 0.011773456 0.999289930 38.764686584
0.999264479 -0.010134568 0.036981937 2.592673302 0.010527182 0.999890089 -0.010437179 -4.413652420 -0.036872100 0.010818817 0.999261439 40.038585663
0.999177694 -0.011888116 0.038763765 2.697993755 0.012233742 0.999887407 -0.008691218 -4.557652950 -0.038656078 0.009158297 0.999210656 41.288002014
0.999070466 -0.013045412 0.041083571 2.799772263 0.013464483 0.999859929 -0.009940343 -4.700843334 -0.040948138 0.010484271 0.999106288 42.553989410
0.998945177 -0.014368755 0.043611977 2.894209385 0.014949831 0.999803364 -0.013027020 -4.849074841 -0.043416221 0.013665272 0.998963654 43.804489136
0.998845696 -0.015334442 0.045523152 3.003198385 0.015992595 0.999772310 -0.014128675 -4.997537136 -0.045296129 0.014840396 0.998863280 45.070594788
0.998699725 -0.015438409 0.048584692 3.119314671 0.016074447 0.999789894 -0.012727960 -5.135334969 -0.048377968 0.013492383 0.998737931 46.311882019
0.998518825 -0.016755234 0.051762242 3.239935875 0.017272163 0.999805152 -0.009555454 -5.284460068 -0.051592052 0.010435348 0.998613656 47.575325012
0.998238504 -0.019498749 0.056032252 3.348173618 0.019951712 0.999772549 -0.007535895 -5.423080921 -0.055872563 0.008640561 0.998400450 48.792804718
0.998011470 -0.022081176 0.059038840 3.489115238 0.022583909 0.999713957 -0.007861593 -5.562150002 -0.058848355 0.009179287 0.998224735 50.051006317
0.997732580 -0.025430217 0.062312912 3.632806778 0.026200101 0.999589741 -0.011569191 -5.696325302 -0.061993141 0.013175565 0.997989595 51.277732849
0.997446835 -0.026724948 0.066223755 3.763131142 0.027564049 0.999550521 -0.011789415 -5.831581593 -0.065878905 0.013584706 0.997735262 52.502975464
0.997106910 -0.029044278 0.070244305 3.894643545 0.029770454 0.999513388 -0.009312956 -5.970408916 -0.069939628 0.011377216 0.997486353 53.723609924
0.996820092 -0.031736441 0.073092699 4.052230835 0.032273140 0.999460042 -0.006173142 -6.099008560 -0.072857320 0.008512443 0.997305989 54.918617249
0.996529520 -0.034071673 0.075949192 4.179827213 0.034510620 0.999394238 -0.004474196 -6.234476566 -0.075750761 0.007079722 0.997101605 56.171424866
0.996348381 -0.036940482 0.076975837 4.332899570 0.037126817 0.999309957 -0.000990635 -6.362519741 -0.076886125 0.003844885 0.997032464 57.372257233
0.996172190 -0.039729331 0.077863991 4.479431152 0.039848279 0.999205768 0.000026144 -6.486309052 -0.077803202 0.003076702 0.996963918 58.600109100
0.996133745 -0.041559141 0.077397466 4.628046989 0.041934390 0.999115169 -0.003228718 -6.610734940 -0.077194795 0.006461851 0.996995091 59.794284821
0.996154010 -0.042933781 0.076380007 4.783814907 0.043621473 0.999021053 -0.007357303 -6.742321491 -0.075989366 0.010660816 0.997051597 60.997627258
0.996163130 -0.044166274 0.075553775 4.919606209 0.045160070 0.998913527 -0.011495057 -6.869625092 -0.074964009 0.014862966 0.997075498 62.176933289
0.996195674 -0.046324480 0.073811255 5.074491024 0.047445133 0.998782575 -0.013501447 -7.007321358 -0.073095940 0.016952073 0.997180820 63.390861511
0.996333122 -0.046240877 0.071987391 5.209142685 0.047334753 0.998786986 -0.013563435 -7.139586449 -0.071272880 0.016921204 0.997313321 64.566947937
0.996577144 -0.045468859 0.069042303 5.343697548 0.046477322 0.998833835 -0.013070235 -7.281850338 -0.068367511 0.016234394 0.997528136 65.793922424
0.996822596 -0.044722881 0.065912798 5.468027592 0.045556713 0.998898923 -0.011201458 -7.411059856 -0.065339282 0.014168639 0.997762501 66.972747803
0.997218966 -0.041231606 0.062081847 5.596498013 0.041780163 0.999098301 -0.007563411 -7.542575359 -0.061714020 0.010136168 0.998042405 68.159530640
0.997508049 -0.039242849 0.058631871 5.715209961 0.039632726 0.999199212 -0.005501133 -7.667017937 -0.058369033 0.007811165 0.998264492 69.341072083
0.997711897 -0.038036719 0.055893980 5.819509029 0.038575117 0.999218762 -0.008584913 -7.803269863 -0.055523772 0.010721385 0.998399854 70.512329102
0.997890949 -0.038401209 0.052335851 5.936962128 0.039246552 0.999113560 -0.015220992 -7.942053318 -0.051704951 0.017242890 0.998513520 71.696899414
0.997900724 -0.042404253 0.048950493 6.045709610 0.043344408 0.998892367 -0.018306617 -8.076819420 -0.048120003 0.020389913 0.998633385 72.867218018
0.997944057 -0.046119951 0.044503491 6.158055305 0.046752688 0.998818278 -0.013282845 -8.214651108 -0.043838296 0.015336195 0.998920858 74.038177490
0.997952342 -0.049829252 0.040103562 6.265455723 0.050204035 0.998703659 -0.008392440 -8.341598511 -0.039633393 0.010388615 0.999160230 75.197036743
0.997982979 -0.052261308 0.036041643 6.358164787 0.052492894 0.998606086 -0.005508333 -8.470157623 -0.035703521 0.007389151 0.999335110 76.392547607
0.998162806 -0.051532794 0.031862907 6.449420929 0.051657502 0.998659968 -0.003102507 -8.595008850 -0.031660330 0.004742765 0.999487400 77.551895142
0.998301566 -0.051176183 0.027840590 6.547219276 0.051287536 0.998678446 -0.003299619 -8.707330704 -0.027634934 0.004721889 0.999606907 78.711181641
0.998437047 -0.049866498 0.025235131 6.608904839 0.050004337 0.998737156 -0.004860488 -8.843067169 -0.024960885 0.006114757 0.999669671 79.888969421
0.998628438 -0.047529347 0.021960022 6.685102940 0.047755748 0.998809993 -0.009902660 -8.970932961 -0.021463223 0.010937795 0.999709845 81.033226013
0.998540282 -0.050945859 0.017937277 6.773550987 0.051213097 0.998578608 -0.014768014 -9.108168602 -0.017159408 0.015665080 0.999730051 82.194175720
0.998395145 -0.054377366 0.015824307 6.832056046 0.054619838 0.998389781 -0.015316506 -9.242587090 -0.014965955 0.016156245 0.999757469 83.320106506
0.998477280 -0.053848825 0.011974574 6.896989346 0.053993605 0.998467803 -0.012114878 -9.370065689 -0.011303857 0.012742981 0.999854863 84.484779358
0.998471856 -0.054419860 0.009605484 6.956922531 0.054511920 0.998466969 -0.009597318 -9.496804237 -0.009068474 0.010106266 0.999907792 85.617179871
0.998618066 -0.051857326 0.008514555 7.013909817 0.051952086 0.998585582 -0.011313830 -9.624470711 -0.007915804 0.011740546 0.999899745 86.755668640
0.998828769 -0.047694352 0.008144791 7.063999176 0.047810487 0.998748004 -0.014714725 -9.751920700 -0.007432784 0.015086897 0.999858558 87.889938354
0.998888135 -0.046657383 0.006759791 7.120347977 0.046766743 0.998760462 -0.017039232 -9.883744240 -0.005956406 0.017336421 0.999831915 89.007949829
0.998843074 -0.047713775 0.005993090 7.177739620 0.047812060 0.998703063 -0.017494006 -10.018143654 -0.005150612 0.017760307 0.999828994 90.123916626
0.998828769 -0.048110098 0.005150597 7.221080303 0.048183803 0.998721302 -0.015297260 -10.151851654 -0.004408059 0.015527520 0.999869645 91.245452881
0.998735189 -0.050122872 0.003964685 7.282495022 0.050168671 0.998663187 -0.012446894 -10.278292656 -0.003335511 0.012630055 0.999914706 92.354850769
0.998752296 -0.049768899 0.004110993 7.333425522 0.049814556 0.998687983 -0.011869687 -10.403976440 -0.003514858 0.012059664 0.999921143 93.492599487
0.998748899 -0.049814008 0.004380860 7.372724056 0.049870677 0.998658180 -0.013953283 -10.539102554 -0.003679913 0.014154305 0.999893010 94.644729614
0.998745084 -0.049935084 0.003865805 7.431908131 0.049995318 0.998596489 -0.017477594 -10.667369843 -0.002987634 0.017648932 0.999839783 95.744644165
0.998701572 -0.050841436 0.003226000 7.492216587 0.050892536 0.998533368 -0.018469600 -10.799366951 -0.002282247 0.018609796 0.999824166 96.849006653
0.998706520 -0.050696615 0.003894906 7.537676334 0.050757110 0.998558939 -0.017435526 -10.931784630 -0.003005370 0.017610669 0.999840379 97.934638977
0.998721361 -0.050350402 0.004518880 7.589579582 0.050401304 0.998657405 -0.011961077 -11.051837921 -0.003910568 0.012173542 0.999918222 99.023117065
0.998808324 -0.048468154 0.005722647 7.643885612 0.048516363 0.998785317 -0.008607808 -11.175835609 -0.005298490 0.008875191 0.999946594 100.102317810
0.998873532 -0.046800692 0.007821932 7.698775291 0.046869244 0.998862088 -0.008822962 -11.288132668 -0.007400111 0.009179632 0.999930441 101.150512695
0.998942912 -0.044986986 0.009458100 7.754474163 0.045084845 0.998928905 -0.010400511 -11.415849686 -0.008980086 0.010815934 0.999901175 102.209823608
0.998910487 -0.045139551 0.011841092 7.812814713 0.045292109 0.998889804 -0.012948926 -11.532230377 -0.011243438 0.013471125 0.999846041 103.226188660
0.998814523 -0.046704035 0.013722746 7.874869347 0.046891250 0.998806715 -0.013653174 -11.648336411 -0.013068712 0.014280465 0.999812663 104.242568970
0.998716474 -0.048248254 0.015410779 7.945719719 0.048446212 0.998744488 -0.012741016 -11.775784492 -0.014776697 0.013471254 0.999800086 105.249488831
0.998691916 -0.048220977 0.017003000 8.011515617 0.048414018 0.998765290 -0.011131279 -11.890592575 -0.016445244 0.011939903 0.999793470 106.207748413
0.998627067 -0.048841733 0.018931337 8.060802460 0.049027324 0.998752594 -0.009466458 -12.002476692 -0.018445363 0.010381614 0.999776006 107.162223816
0.998567343 -0.049530346 0.020253604 8.131298065 0.049742758 0.998710752 -0.010121652 -12.106353760 -0.019726168 0.011114621 0.999743581 108.091659546
0.998545229 -0.049090419 0.022303522 8.189716339 0.049287315 0.998749614 -0.008365462 -12.206047058 -0.021864971 0.009452572 0.999716282 108.980804443
0.998539150 -0.048336942 0.024147622 8.251977921 0.048497003 0.998804808 -0.006087024 -12.306484222 -0.023824532 0.007249220 0.999689817 109.863883972
0.998509943 -0.048115361 0.025744133 8.311937332 0.048206259 0.998833120 -0.002921697 -12.403674126 -0.025573514 0.004158372 0.999664247 110.717773438
0.998469949 -0.048267026 0.026982307 8.378205299 0.048363447 0.998825490 -0.002931708 -12.496201515 -0.026809109 0.004232179 0.999631524 111.550621033
0.998441875 -0.047953051 0.028537637 8.434592247 0.048031595 0.998843610 -0.002072764 -12.583314896 -0.028405242 0.003440242 0.999590516 112.354469299
0.998560309 -0.045306332 0.028716046 8.489763260 0.045374393 0.998968542 -0.001722563 -12.667888641 -0.028608382 0.003023057 0.999586105 113.140274048
0.998690784 -0.042794701 0.028023468 8.542955399 0.042780321 0.999083877 0.001112888 -12.742528915 -0.028045423 0.000087422 0.999606669 113.898574829
0.998774886 -0.042509653 0.025332231 8.589024544 0.042468417 0.999095380 0.002164171 -12.824830055 -0.025401317 -0.001085700 0.999676704 114.642868042
0.998909950 -0.042929694 0.018335290 8.631991386 0.042891141 0.999076605 0.002491402 -12.904647827 -0.018425321 -0.001702264 0.999828815 115.351371765
0.999119580 -0.041085903 0.008477670 8.656208038 0.041078500 0.999155343 0.001045638 -12.975976944 -0.008513470 -0.000696467 0.999963582 116.019668579
0.999217093 -0.039051637 -0.006338162 8.673472404 0.039044179 0.999236643 -0.001296670 -13.047721863 0.006383963 0.001048188 0.999979138 116.668762207
0.998999059 -0.037362367 -0.024592197 8.660520554 0.037275322 0.999297023 -0.003988503 -13.116248131 0.024723936 0.003067829 0.999689698 117.283653259
0.998246670 -0.035516184 -0.047350414 8.626960754 0.035265468 0.999359250 -0.006120190 -13.188935280 0.047537439 0.004439625 0.998859525 117.871978760
0.996624768 -0.033899613 -0.074764237 8.582676888 0.033395968 0.999410331 -0.007976768 -13.254614830 0.074990563 0.005453020 0.997169316 118.439125061
0.993788779 -0.031421904 -0.106755227 8.513707161 0.030522361 0.999483585 -0.010050099 -13.320631027 0.107015878 0.006729254 0.994234562 118.979728699
0.989464223 -0.026977398 -0.142242134 8.416250229 0.025601115 0.999606133 -0.011497204 -13.381681442 0.142496258 0.007734514 0.989765167 119.508728027
0.983280301 -0.021284023 -0.180850163 8.298566818 0.019685438 0.999749720 -0.010629751 -13.445279121 0.181031168 0.006891909 0.983453155 120.043098450
0.974828541 -0.016381942 -0.222353160 8.153141022 0.014794692 0.999851763 -0.008802352 -13.497294426 0.222464398 0.005291137 0.974926472 120.552490234
0.963573098 -0.011530724 -0.267196208 7.989540100 0.010004160 0.999924898 -0.007073903 -13.556798935 0.267257690 0.004143149 0.963616133 121.038764954
0.949285984 -0.005787978 -0.314360678 7.798385620 0.003531225 0.999963701 -0.007747878 -13.611108780 0.314394057 0.006244874 0.949272096 121.520538330
0.932104409 0.002075879 -0.362183511 7.570640564 -0.005513731 0.999948978 -0.008458700 -13.663473129 0.362147510 0.009881374 0.932068408 121.976219177
0.910895169 0.006238614 -0.412590653 7.326869965 -0.010924536 0.999899805 -0.008999520 -13.716577530 0.412493169 0.012704981 0.910872161 122.418525696
0.885884762 0.011132387 -0.463771969 7.050781250 -0.016406454 0.999838471 -0.007339027 -13.774940491 0.463615417 0.014110385 0.885924220 122.843261719
0.856904745 0.014281293 -0.515276849 6.767955780 -0.020843193 0.999758661 -0.006953134 -13.820351601 0.515053153 0.016698191 0.856995583 123.241531372
0.825183749 0.024096286 -0.564350128 6.443428040 -0.031579372 0.999495089 -0.003499003 -13.867839813 0.563980937 0.020709138 0.825528204 123.617408752
0.790990829 0.037072413 -0.610703707 6.099193573 -0.044443857 0.999007225 0.003079929 -13.911280632 0.610211492 0.024705833 0.791853130 123.979400635
0.755773365 0.045920052 -0.653221190 5.740795135 -0.055916898 0.998420358 0.005491270 -13.943888664 0.652441561 0.032375947 0.757147133 124.274467468
0.716300070 0.049825735 -0.696011186 5.371246338 -0.063051119 0.997988760 0.006554500 -13.994326591 0.694937825 0.039189294 0.718001068 124.574142456
0.674015224 0.051340755 -0.736931205 4.993942261 -0.065491848 0.997806847 0.009615079 -14.037034035 0.735808551 0.041782282 0.675899386 124.857131958
0.629722476 0.054816458 -0.774883687 4.593948364 -0.068801649 0.997522712 0.014653446 -14.067763329 0.773767352 0.044085670 0.631933987 125.131240845
0.584415197 0.063961022 -0.808930159 4.170440674 -0.080137335 0.996564627 0.020901443 -14.104666710 0.807488024 0.052610382 0.587533295 125.363281250
0.539512932 0.072825044 -0.838822007 3.710269928 -0.091750093 0.995404840 0.027407531 -14.127148628 0.836963415 0.062175278 0.543715477 125.576942444
0.492832482 0.077972017 -0.866623640 3.262535095 -0.097460710 0.994656146 0.034067310 -14.149814606 0.864648759 0.067672282 0.497798145 125.769363403
0.445851624 0.079227023 -0.891593754 2.798099518 -0.096780248 0.994502664 0.039975457 -14.173936844 0.889859557 0.068465531 0.451068342 125.948394775
0.398330092 0.081270963 -0.913634598 2.324390411 -0.094214097 0.994423866 0.047381606 -14.198671341 0.912390709 0.067203745 0.403765798 126.125816345
0.353119820 0.083952941 -0.931803703 1.832424164 -0.095811330 0.993974388 0.053245321 -14.218604088 0.930659235 0.070475392 0.359035671 126.265449524
0.309572846 0.087463439 -0.946844578 1.333702087 -0.101319999 0.993125796 0.058611810 -14.238269806 0.945462227 0.077789664 0.316306591 126.382675171
0.267933786 0.088766545 -0.959339261 0.813739777 -0.105801649 0.992435038 0.062279526 -14.252459526 0.957610369 0.084812902 0.275298536 126.487693787
0.228496104 0.085117459 -0.969816744 0.287647247 -0.105819613 0.992439866 0.062171128 -14.267720222 0.967776775 0.088419780 0.235775709 126.591903687
0.193368047 0.080441184 -0.977823019 -0.244798660 -0.101027682 0.992968023 0.061708495 -14.291112900 0.975910962 0.086854734 0.200135052 126.683700562
0.163023740 0.075229198 -0.983749926 -0.792936325 -0.098166272 0.993377864 0.059697680 -14.310156822 0.981726348 0.086838908 0.169329122 126.763710022
0.136406958 0.073665917 -0.987910092 -1.359760284 -0.099234618 0.993231654 0.060360767 -14.328454971 0.985670149 0.089801259 0.142793909 126.835029602
0.114517480 0.072578102 -0.990766466 -1.948825836 -0.099821441 0.993120730 0.061212722 -14.338621140 0.988393366 0.091889828 0.120974533 126.893302917
0.096349232 0.074435584 -0.992560387 -2.543964386 -0.102086529 0.992680013 0.064534865 -14.355518341 0.990098536 0.095109157 0.103242815 126.945831299
0.079899646 0.072536305 -0.994160175 -3.149626732 -0.102836892 0.992626905 0.064159520 -14.377803802 0.991484046 0.097110026 0.086769931 127.002540588
0.065661170 0.071485005 -0.995278120 -3.768677711 -0.101622432 0.992723584 0.064597219 -14.406132698 0.992653787 0.096901059 0.072447874 127.057182312
0.053379565 0.069079116 -0.996182144 -4.408499718 -0.097405627 0.993207157 0.063653409 -14.427494049 0.993812323 0.093635954 0.059745654 127.102172852
0.041504927 0.066520780 -0.996921480 -5.054779530 -0.095296286 0.993496001 0.062324729 -14.443817139 0.994583309 0.092416137 0.047574166 127.138061523
0.030957589 0.065436788 -0.997376382 -5.726730347 -0.094201013 0.993604124 0.062265374 -14.462053299 0.995071769 0.092026293 0.036923800 127.175300598
0.021367561 0.066946507 -0.997527719 -6.397710323 -0.097534604 0.993135810 0.064562514 -14.482641220 0.995002747 0.095913917 0.027750492 127.197357178
0.012898201 0.067058243 -0.997665644 -7.077479362 -0.100403480 0.992792785 0.065432668 -14.510202408 0.994863272 0.099325135 0.019538125 127.214897156
0.006249399 0.066306256 -0.997779667 -7.763150215 -0.102503419 0.992585719 0.065319076 -14.527773857 0.994712949 0.101867631 0.012999682 127.236160278
0.001336448 0.067015417 -0.997750998 -8.461323738 -0.103336416 0.992419600 0.066518918 -14.542984962 0.994645476 0.103015102 0.008251449 127.252418518
-0.002339131 0.069541678 -0.997576237 -9.182300568 -0.105546065 0.991989732 0.069399729 -14.561666489 0.994411707 0.105452605 0.005019458 127.277664185
-0.002891274 0.073665343 -0.997278690 -9.919059753 -0.107843272 0.991443813 0.073546961 -14.585912704 0.994163692 0.107762456 0.005077772 127.277923584
-0.004355696 0.076688111 -0.997045755 -10.628939629 -0.110486671 0.990913570 0.076699160 -14.599120140 0.993868053 0.110494331 0.004156896 127.297767639
-0.004942305 0.082265981 -0.996598125 -11.367517471 -0.115261294 0.989921093 0.082286417 -14.605241776 0.993322849 0.115275890 0.004589590 127.307685852
-0.006359485 0.086116940 -0.996264756 -12.109880447 -0.118214905 0.989233971 0.086263791 -14.617127419 0.992967606 0.118321933 0.003889285 127.320465088
-0.007593012 0.086627126 -0.996211886 -12.862411499 -0.118434027 0.989150643 0.086915798 -14.634470940 0.992932856 0.118645333 0.002748967 127.339714050
-0.009106188 0.083557665 -0.996461332 -13.607198715 -0.116067439 0.989678681 0.084049597 -14.651575089 0.993199587 0.116422094 0.000686123 127.363121033
-0.010648966 0.079854749 -0.996749759 -14.367584229 -0.119526081 0.989557624 0.080555551 -14.653071404 0.992773950 0.119995423 -0.000993038 127.376686096
-0.011937420 0.081579424 -0.996595383 -15.132873535 -0.124755181 0.988757312 0.082432181 -14.663724899 0.992115796 0.125314489 -0.001625752 127.381126404
-0.013345731 0.084995590 -0.996291935 -15.911796570 -0.121712141 0.988833606 0.085989721 -14.682085991 0.992475688 0.122408420 -0.002851710 127.397460938
-0.015541694 0.085048065 -0.996255636 -16.686698914 -0.120573528 0.988945663 0.086304992 -14.696655273 0.992582738 0.121463388 -0.005115346 127.415199280
-0.016059104 0.084520169 -0.996292353 -17.479236603 -0.124239922 0.988530099 0.085864276 -14.705235481 0.992122233 0.125158191 -0.005374131 127.411560059
-0.017390843 0.083888292 -0.996323407 -18.271320343 -0.128012359 0.988086402 0.085429214 -14.713648796 0.991620064 0.129027426 -0.006444916 127.430938721
-0.018673398 0.088190205 -0.995928526 -19.068220139 -0.129815608 0.987456620 0.089874007 -14.717901230 0.991362274 0.130965322 -0.006990704 127.442085266
-0.019632965 0.093035974 -0.995469153 -19.871089935 -0.129076928 0.987092912 0.094798818 -14.730008125 0.991440177 0.130353287 -0.007370759 127.460990906
-0.018732235 0.095410436 -0.995261729 -20.703145981 -0.129849419 0.986773670 0.097040676 -14.736941338 0.991356790 0.131051943 -0.006095488 127.476715088
-0.016711200 0.094542548 -0.995380521 -21.521266937 -0.129196495 0.986969709 0.095912717 -14.744106293 0.991478205 0.130202517 -0.004278879 127.487327576
-0.015619208 0.094108611 -0.995439351 -22.352754593 -0.129258245 0.987016976 0.095340528 -14.743535995 0.991487920 0.130157858 -0.003252112 127.501640320
-0.015652580 0.093306877 -0.995514333 -23.178485870 -0.127553672 0.987315297 0.094543926 -14.747353554 0.991708159 0.128461361 -0.003552399 127.529174805
-0.014575105 0.095257103 -0.995345950 -24.016647339 -0.128504589 0.987018168 0.096341826 -14.751536369 0.991601825 0.129310697 -0.002144920 127.547012329
-0.014309110 0.097355671 -0.995146751 -24.853279114 -0.130183086 0.986595929 0.098391019 -14.752099991 0.991386771 0.130959123 -0.001443253 127.567481995
-0.014160817 0.099805690 -0.994906187 -25.725973129 -0.133079201 0.985965788 0.100802995 -14.750490189 0.991004229 0.133828729 -0.000680020 127.581604004
-0.012599391 0.100846693 -0.994822264 -26.589891434 -0.135218814 0.985590518 0.101623423 -14.745296478 0.990735650 0.135799065 0.001218531 127.595657349
-0.010927422 0.104054190 -0.994511604 -27.458627701 -0.141919568 0.984341502 0.104549482 -14.743916512 0.989817917 0.142283112 0.004011008 127.613212585
-0.008500221 0.107858934 -0.994129896 -28.340764999 -0.146523595 0.983300924 0.107936844 -14.736635208 0.989170611 0.146581009 0.007445603 127.629478455
-0.006452695 0.109580390 -0.993956983 -29.214830399 -0.148958415 0.982782483 0.109315477 -14.728691101 0.988822460 0.148763627 0.009981325 127.662635803
-0.002435723 0.110687859 -0.993852258 -30.112199783 -0.148058996 0.982861400 0.109826654 -14.729810715 0.988975525 0.147416264 0.013994357 127.685714722
0.000086433 0.110603705 -0.993864596 -31.004041672 -0.150699571 0.982515812 0.109327607 -14.721793175 0.988579571 0.149765536 0.016752850 127.717147827
0.002561832 0.114242792 -0.993449569 -31.904262543 -0.151059896 0.982096672 0.112547718 -14.710545540 0.988521278 0.149782062 0.019773472 127.751564026
0.005095814 0.116358928 -0.993194282 -32.817066193 -0.150338531 0.982007682 0.114277042 -14.703915596 0.988621473 0.148733005 0.022497365 127.793395996
0.006891856 0.117472179 -0.993052244 -33.709663391 -0.150852412 0.981833041 0.115098067 -14.697330475 0.988532305 0.149011075 0.024487611 127.836761475
0.009709278 0.115449190 -0.993265986 -34.614807129 -0.152017727 0.981937528 0.112646498 -14.686279297 0.988330185 0.149900272 0.027084228 127.867782593
0.009731178 0.116772950 -0.993110955 -35.523021698 -0.156437024 0.981106758 0.113828570 -14.676191330 0.987640023 0.154251635 0.027814938 127.915115356
0.010794370 0.117457032 -0.993019283 -36.416469574 -0.157262489 0.980918109 0.114316188 -14.670145988 0.987497926 0.154930681 0.029059980 127.954505920
0.011047060 0.113826901 -0.993439257 -37.313556671 -0.157374516 0.981316149 0.110687882 -14.665359497 0.987477183 0.155119240 0.028754117 127.993545532
0.011918454 0.109779030 -0.993884563 -38.224254608 -0.158745155 0.981557310 0.106513783 -14.664546967 0.987247646 0.156504869 0.029125532 128.040191650
0.012601118 0.109028235 -0.993958771 -39.122894287 -0.158528835 0.981683254 0.105671935 -14.656990051 0.987273932 0.156239539 0.029654423 128.082153320
0.012378805 0.113025188 -0.993515134 -40.026218414 -0.160821334 0.980881155 0.109584160 -14.649963379 0.986905873 0.158421889 0.030319002 128.125350952
0.012665310 0.119280443 -0.992779732 -40.959472656 -0.161560267 0.980058253 0.115690857 -14.636190414 0.986781597 0.158928528 0.031683721 128.166641235
0.012969079 0.118094794 -0.992917538 -41.854064941 -0.159361333 0.980552912 0.114542663 -14.635529518 0.987135231 0.156747177 0.031536613 128.213043213
0.013737703 0.107557297 -0.994103789 -42.744441986 -0.158569068 0.981851101 0.104040287 -14.637657166 0.987252295 0.156204864 0.030543637 128.259872437
0.014064163 0.097106099 -0.995174587 -43.665843964 -0.160268158 0.982624054 0.093616493 -14.641347885 0.986973226 0.158178151 0.029382801 128.302734375
0.013053428 0.094093949 -0.995477736 -44.567783356 -0.157151371 0.983383179 0.090890087 -14.648049355 0.987488091 0.155254275 0.027623516 128.350311279
0.012897857 0.104133897 -0.994479597 -45.489227295 -0.149662182 0.983560026 0.101049438 -14.649194717 0.988653004 0.147532672 0.028270721 128.402359009
0.012934660 0.117261544 -0.993016839 -46.438568115 -0.144904152 0.982836425 0.114171915 -14.643204689 0.989361167 0.142415449 0.029704342 128.466842651
0.013150210 0.126422107 -0.991889358 -47.360965729 -0.145084009 0.981718779 0.123202331 -14.633454323 0.989332020 0.142287180 0.031251635 128.514328003
0.012994294 0.120483905 -0.992630243 -48.275352478 -0.145345137 0.982398272 0.117339276 -14.627214432 0.989295721 0.142749265 0.030277319 128.558395386
0.013232944 0.107028931 -0.994167864 -49.205986023 -0.145019352 0.983947992 0.103998415 -14.624757767 0.989340305 0.142797336 0.028541792 128.597976685
0.013796294 0.098171487 -0.995073915 -50.121696472 -0.145474210 0.984777153 0.095138684 -14.622575760 0.989265800 0.143445045 0.027867693 128.645004272
0.014337864 0.098093100 -0.995073974 -51.055637360 -0.144323021 0.984958231 0.095016375 -14.626506805 0.989426732 0.142249763 0.028279290 128.691162109
0.013871102 0.099546254 -0.994936168 -52.004764557 -0.147918954 0.984288275 0.096418679 -14.642238617 0.988902330 0.145832479 0.028377943 128.733535767
0.014486246 0.099054992 -0.994976521 -52.934150696 -0.152463809 0.983663857 0.095708996 -14.642797470 0.988202870 0.150311455 0.029351903 128.769027710
0.014821557 0.098633565 -0.995013416 -53.877452850 -0.154205948 0.983442605 0.095189564 -14.644714355 0.987927556 0.152026117 0.029786034 128.815338135
0.015611169 0.106007352 -0.994242787 -54.827465057 -0.162987426 0.981333971 0.102071844 -14.643229485 0.986504614 0.160455629 0.032597639 128.860412598
0.017409554 0.115285806 -0.993179798 -55.780971527 -0.169305280 0.979325831 0.110709891 -14.631918907 0.985409856 0.166223168 0.036568120 128.895858765
0.018662864 0.123629540 -0.992152929 -56.725452423 -0.169646174 0.978328586 0.118715785 -14.623846054 0.985328257 0.166099370 0.039231692 128.943786621
0.019392608 0.124482356 -0.992032349 -57.669120789 -0.171100721 0.977994859 0.119376168 -14.616527557 0.985062659 0.167422429 0.040264890 128.994171143
0.021015659 0.114855118 -0.993159950 -58.604396820 -0.172674745 0.978868067 0.109548450 -14.609844208 0.984754622 0.169191420 0.040404141 129.046279907
0.021698223 0.109834746 -0.993713021 -59.583885193 -0.170828521 0.979737163 0.104559869 -14.611010551 0.985061824 0.167485729 0.040021461 129.118133545
0.023958394 0.108298831 -0.993829668 -60.536987305 -0.169692427 0.980129659 0.102715105 -14.605820656 0.985205829 0.166184485 0.041859820 129.173751831
0.027481774 0.114166945 -0.993081450 -61.498317719 -0.170876831 0.979370713 0.107862018 -14.598918915 0.984909117 0.166730329 0.046423327 129.230361938
0.030770076 0.116638437 -0.992697656 -62.477088928 -0.173765242 0.978668869 0.109603986 -14.606618881 0.984306276 0.169123814 0.050381422 129.285797119
0.034757137 0.111496784 -0.993156791 -63.430679321 -0.173230246 0.979386806 0.103888422 -14.606742859 0.984267890 0.168433905 0.053355288 129.354660034
0.038100090 0.105883248 -0.993648410 -64.381851196 -0.173141643 0.980029941 0.097793162 -14.611680031 0.984159708 0.168315992 0.055672023 129.423278809
0.041651078 0.105573826 -0.993538857 -65.346473694 -0.170610249 0.980548382 0.097041160 -14.611530304 0.984457910 0.165466025 0.058852877 129.494033813
0.043851234 0.109963432 -0.992967844 -66.313095093 -0.168210596 0.980546772 0.101159424 -14.620088577 0.984775186 0.162591726 0.061495200 129.579772949
0.047154654 0.116666801 -0.992051065 -67.289245605 -0.167879760 0.979954422 0.107264481 -14.620172501 0.984679043 0.161487266 0.065795407 129.670867920
0.050542802 0.120428272 -0.991434634 -68.245216370 -0.165705740 0.979955137 0.110586323 -14.617991447 0.984879255 0.158697054 0.069485337 129.750701904
0.052230064 0.122034743 -0.991150737 -69.208534241 -0.165178001 0.979890108 0.111944027 -14.617024422 0.984879732 0.157869413 0.071337193 129.840515137
0.054271832 0.119471163 -0.991353273 -70.163940430 -0.163388476 0.980497599 0.109218180 -14.613692284 0.985067904 0.156048223 0.072733626 129.923645020
0.054106098 0.117703401 -0.991573691 -71.117980957 -0.160808191 0.981093585 0.107684746 -14.614985466 0.985501528 0.153626725 0.072010830 130.022796631
0.054385275 0.113926992 -0.991999388 -72.059173584 -0.157717749 0.981978774 0.104129456 -14.620593071 0.985985458 0.150792807 0.071373492 130.116821289
0.054736029 0.114341848 -0.991932452 -73.030319214 -0.156896368 0.982065916 0.104546800 -14.618193626 0.986097097 0.149908110 0.071694210 130.194992065
0.053375494 0.118213505 -0.991552591 -73.979797363 -0.153317571 0.982164681 0.108841136 -14.613339424 0.986734390 0.146213025 0.070547722 130.301147461
0.053384524 0.120054044 -0.991330981 -74.946914673 -0.147599936 0.982790649 0.111071318 -14.614309311 0.987605333 0.140390933 0.070185795 130.390609741
0.052570794 0.116381511 -0.991812289 -75.897956848 -0.144613653 0.983603776 0.107753068 -14.609972954 0.988090694 0.137764946 0.068539180 130.476470947
0.051261146 0.112968542 -0.992275357 -76.847412109 -0.146469891 0.983688056 0.104424231 -14.612938881 0.987886071 0.139985591 0.066971466 130.557937622
0.049941462 0.108779281 -0.992810547 -77.825584412 -0.142648444 0.984636664 0.100708030 -14.605826378 0.988512635 0.136593372 0.064691380 130.636840820
0.049199276 0.110031776 -0.992709577 -78.764839172 -0.142973170 0.984453321 0.102030806 -14.611690521 0.988502979 0.136910990 0.064165957 130.700576782
0.047850307 0.111474387 -0.992614627 -79.712089539 -0.143384695 0.984227359 0.103620425 -14.612114906 0.988509655 0.137367472 0.063079312 130.785491943
0.047082722 0.112639651 -0.992519796 -80.680419922 -0.146071598 0.983716667 0.104711331 -14.618350983 0.988152981 0.140048832 0.062769510 130.851516724
0.045680095 0.112397581 -0.992612720 -81.629272461 -0.145769209 0.983764112 0.104687303 -14.607995033 0.988263428 0.139910221 0.061322544 130.927719116
0.043727733 0.113261476 -0.992602587 -82.583168030 -0.145960152 0.983616114 0.105806008 -14.608910561 0.988323629 0.140253782 0.059542965 130.998580933
0.041634388 0.116342455 -0.992336094 -83.528015137 -0.145928755 0.983254731 0.109155163 -14.607561111 0.988418698 0.140265793 0.057914916 131.075637817
0.039787542 0.119716525 -0.992010534 -84.487464905 -0.147058114 0.982687235 0.112693191 -14.594695091 0.988327324 0.141399413 0.056703996 131.135238647
0.037423529 0.124412552 -0.991524637 -85.434890747 -0.148066550 0.981957734 0.117623612 -14.580171585 0.988269150 0.142409727 0.055169661 131.205184937
0.035594158 0.124399982 -0.991593480 -86.383651733 -0.148302823 0.981893718 0.117859632 -14.575655937 0.988301337 0.142860994 0.053398550 131.269760132
0.034095708 0.118567355 -0.992360413 -87.323921204 -0.148350656 0.982538283 0.112296760 -14.565114975 0.988346875 0.143388510 0.051089894 131.339660645
0.031972319 0.114233322 -0.992939353 -88.262100220 -0.153106317 0.982281983 0.108077265 -14.556361198 0.987692416 0.148569793 0.048895683 131.401962280
0.031889990 0.111761846 -0.993223190 -89.235351562 -0.151368350 0.982806623 0.105729654 -14.545790672 0.987962842 0.146970853 0.048258912 131.449645996
0.031050310 0.112835377 -0.993128359 -90.187171936 -0.147372544 0.983264625 0.107107066 -14.548692703 0.988593578 0.143034145 0.047159512 131.512359619
0.030208359 0.114205547 -0.992997885 -91.138442993 -0.143981010 0.983587503 0.108743183 -14.544463158 0.989119291 0.139687866 0.046155989 131.581069946
0.029142836 0.114178523 -0.993032634 -92.083503723 -0.138965473 0.984269917 0.109092735 -14.544324875 0.989868224 0.134818003 0.044551283 131.649581909
0.027991364 0.111471988 -0.993373275 -93.031501770 -0.134933323 0.985088587 0.106740177 -14.545080185 0.990459204 0.131051332 0.042615261 131.714508057
0.026680250 0.107986987 -0.993794203 -94.002586365 -0.129628196 0.986127913 0.103673846 -14.546567917 0.991203666 0.126057729 0.040308304 131.778839111
0.025760658 0.110274576 -0.993567228 -94.961448669 -0.127678037 0.986120224 0.106137685 -14.545597076 0.991481006 0.124122523 0.039482746 131.836975098
0.024410706 0.112969406 -0.993298590 -95.904731750 -0.127507016 0.985831499 0.108986638 -14.546827316 0.991537213 0.123992093 0.038469240 131.897369385
0.023127139 0.110802896 -0.993573189 -96.861221313 -0.122876719 0.986618757 0.107167162 -14.540568352 0.992152333 0.119608529 0.036432762 131.947921753
0.019889291 0.107761197 -0.993977785 -97.821617126 -0.120720357 0.987159610 0.104606405 -14.536913872 0.992487311 0.117912814 0.032642871 132.014312744
0.016897792 0.105438367 -0.994282305 -98.771072388 -0.119544722 0.987504005 0.102687918 -14.537830353 0.992685080 0.117125988 0.029291233 132.069412231
0.014927470 0.103878178 -0.994477928 -99.733627319 -0.113302924 0.988358438 0.101538256 -14.540028572 0.993448377 0.111161560 0.026523396 132.115249634
0.011904703 0.104292914 -0.994475365 -100.677642822 -0.107610293 0.988903463 0.102420397 -14.537120819 0.994121969 0.105796494 0.022995587 132.176528931
0.009901517 0.111746356 -0.993687451 -101.674285889 -0.097404227 0.989118159 0.110261947 -14.531639099 0.995195627 0.095697582 0.020678340 132.233764648
0.007507425 0.119852640 -0.992763281 -102.633125305 -0.089463465 0.988890648 0.118708566 -14.525732040 0.995961845 0.087924860 0.018146457 132.290039062
0.003810471 0.118755773 -0.992916286 -103.585716248 -0.085483059 0.989327550 0.117998503 -14.514559746 0.996332228 0.084427893 0.013921415 132.344741821
0.001805520 0.109279111 -0.994009435 -104.547431946 -0.086297713 0.990319848 0.108716749 -14.514794350 0.996267736 0.085584447 0.011218579 132.375045776
-0.000426829 0.099961773 -0.994991183 -105.494018555 -0.088132143 0.991115689 0.099610247 -14.512290955 0.996108711 0.087733202 0.008386808 132.415405273
-0.000542511 0.101346076 -0.994851053 -106.456542969 -0.095442086 0.990304470 0.100934967 -14.510910034 0.995434761 0.095005400 0.009135431 132.433959961
-0.001175011 0.110653974 -0.993858278 -107.424667358 -0.098681204 0.988995135 0.110229202 -14.496446609 0.995118320 0.098204650 0.009757388 132.470001221
-0.002755883 0.122056969 -0.992519200 -108.387344360 -0.102528431 0.987258017 0.121694617 -14.483303070 0.994726241 0.102096796 0.009793538 132.502304077
-0.004476942 0.123727493 -0.992306054 -109.339363098 -0.109417416 0.986297250 0.123471931 -14.470280647 0.993985772 0.109128326 0.009122347 132.536346436
-0.003788929 0.120743699 -0.992676616 -110.327850342 -0.116870560 0.985827327 0.120356701 -14.449790001 0.993139923 0.116470680 0.010376157 132.552917480
-0.004147775 0.116633929 -0.993166268 -111.281295776 -0.124828495 0.985345960 0.116236873 -14.434597015 0.992169678 0.124457568 0.010472248 132.581390381
-0.001828600 0.118570946 -0.992943943 -112.248420715 -0.129340887 0.984576881 0.117810018 -14.413781166 0.991598427 0.128643677 0.013535677 132.606536865
-0.000400567 0.119933531 -0.992781758 -113.232490540 -0.137528107 0.983341753 0.118848599 -14.394429207 0.990497708 0.136583000 0.016100336 132.633407593
0.000158524 0.122649297 -0.992450058 -114.196617126 -0.146824747 0.981697321 0.121296972 -14.376386642 0.989162445 0.145697027 0.018163573 132.656219482
0.000369365 0.124868289 -0.992173254 -115.171882629 -0.152318895 0.980603099 0.123355448 -14.353518486 0.988331258 0.151081190 0.019382000 132.685317993
0.000999192 0.124165520 -0.992260993 -116.149513245 -0.156557262 0.980045199 0.122479267 -14.338299751 0.987668514 0.155223265 0.020418266 132.724777222
0.002684980 0.114782296 -0.993386984 -117.104774475 -0.155525014 0.981350899 0.112971187 -14.339753151 0.987828314 0.154193223 0.020486426 132.759002686
0.003897637 0.103043042 -0.994669259 -118.055587769 -0.158726692 0.982130349 0.101122111 -14.328622818 0.987314999 0.157486424 0.020183668 132.800979614
