1.000000000 0.000000000 0.000000000 0.000000000 0.000000000 1.000000000 0.000000000 0.000000000 0.000000000 0.000000000 1.000000000 0.000000000
0.999997735 -0.001604587 -0.001395664 0.050760474 0.001601582 0.999996424 -0.002151292 -0.132479697 0.001399111 0.002149052 0.999996722 1.296956778
0.999997795 -0.000013074 -0.002095230 0.103995256 -0.000000290 0.999979675 -0.006378512 -0.267001450 0.002095271 0.006378499 0.999977469 2.602138758
0.999996185 0.002480626 -0.001210558 0.147041246 -0.002490164 0.999965310 -0.007942293 -0.405227751 0.001190814 0.007945277 0.999967694 3.905817509
0.999983966 0.005656351 0.000267335 0.192265809 -0.005654437 0.999961615 -0.006687720 -0.543241620 -0.000305153 0.006686101 0.999977648 5.218781948
0.999974906 0.006629375 0.002498524 0.241963163 -0.006621184 0.999972641 -0.003272544 -0.690776050 -0.002520151 0.003255918 0.999991536 6.539907455
0.999959171 0.006903431 0.005839775 0.298545986 -0.006891829 0.999974191 -0.002004385 -0.828016758 -0.005853462 0.001964056 0.999980986 7.843376637
0.999942839 0.005505489 0.009166746 0.355104089 -0.005489157 0.999983251 -0.001805775 -0.962082326 -0.009176534 0.001755354 0.999956310 9.150821686
0.999913573 0.004139590 0.012480175 0.433063537 -0.004118436 0.999990046 -0.001720227 -1.098930120 -0.012487170 0.001668680 0.999920607 10.450303078
0.999869764 0.002975141 0.015860533 0.498587132 -0.002937739 0.999992847 -0.002380900 -1.239116192 -0.015867503 0.002333995 0.999871373 11.760903358
0.999813199 0.001891796 0.019232605 0.574821472 -0.001830610 0.999993205 -0.003198468 -1.375277162 -0.019238526 0.003162662 0.999809861 13.053292274
0.999743521 0.001695040 0.022580011 0.643391371 -0.001620964 0.999993265 -0.003298535 -1.521437764 -0.022585448 0.003261088 0.999739587 14.389306068
0.999659956 0.001473321 0.026034823 0.726685524 -0.001359681 0.999989510 -0.004382096 -1.659198761 -0.026041001 0.004345207 0.999651432 15.683335304
0.999570370 0.002595916 0.029194262 0.808028698 -0.002470052 0.999987483 -0.004346474 -1.796660304 -0.029205181 0.004272495 0.999564290 16.991874695
0.999473333 0.002193892 0.032377329 0.899032414 -0.002069085 0.999990284 -0.003887780 -1.936878800 -0.032385543 0.003818740 0.999468207 18.277746201
0.999404311 0.000623727 0.034503352 1.000931025 -0.000497979 0.999993205 -0.003652991 -2.079833031 -0.034505393 0.003633634 0.999397933 19.583084106
0.999345303 -0.001778182 0.036137946 1.099066257 0.001955113 0.999986231 -0.004861214 -2.221456766 -0.036128812 0.004928684 0.999335051 20.858793259
0.999305725 -0.001649225 0.037220415 1.199743629 0.001895870 0.999976397 -0.006592282 -2.364491940 -0.037208673 0.006658270 0.999285340 22.169124603
0.999259055 -0.001521463 0.038458161 1.281977773 0.001876751 0.999955833 -0.009203892 -2.508501768 -0.038442463 0.009269251 0.999217808 23.454193115
0.999223471 -0.001006674 0.039387129 1.386975646 0.001427779 0.999942064 -0.010664763 -2.651770353 -0.039374117 0.010712721 0.999167085 24.740737915
0.999178231 -0.000412521 0.040532783 1.487253785 0.000875197 0.999934733 -0.011397769 -2.797828913 -0.040525436 0.011423875 0.999113142 26.010286331
0.999166071 -0.002024583 0.040780611 1.589730024 0.002450595 0.999943018 -0.010399139 -2.943259716 -0.040757235 0.010490405 0.999113977 27.295682907
0.999163747 -0.005060538 0.040572934 1.695923090 0.005439502 0.999942482 -0.009235350 -3.089322090 -0.040523876 0.009448325 0.999133885 28.573120117
0.999187768 -0.006488056 0.039769839 1.793347359 0.006878812 0.999929249 -0.009696471 -3.235706329 -0.039704114 0.009962163 0.999161839 29.862575531
0.999207556 -0.008064355 0.038977824 1.898610353 0.008552074 0.999886990 -0.012362218 -3.379851818 -0.038873728 0.012685764 0.999163568 31.130960464
0.999238729 -0.008188865 0.038142659 2.007885695 0.008668401 0.999885261 -0.012423836 -3.528625727 -0.038036544 0.012745013 0.999195039 32.411594391
0.999250650 -0.008765717 0.037699088 2.103054047 0.009249923 0.999876738 -0.012688723 -3.674334526 -0.037583202 0.013027930 0.999208570 33.675201416
0.999271631 -0.009473865 0.036969494 2.203620911 0.009956618 0.999867260 -0.012895945 -3.815661192 -0.036842413 0.013254639 0.999233186 34.942955017
0.999282062 -0.010056349 0.036529981 2.295923710 0.010550637 0.999855101 -0.013363584 -3.961103439 -0.036390290 0.013739402 0.999243259 36.203174591
0.999321759 -0.010705360 0.035234511 2.408780336 0.011187681 0.999845922 -0.013520259 -4.117975712 -0.035084352 0.013905281 0.999287546 37.489902496
0.999325037 -0.010413087 0.035229623 2.502851963 0.010828391 0.999873757 -0.011618241 -4.264419556 -0.035104197 0.011991878 0.999311745 38.748775482
0.999287009 -0.010472095 0.036273815 2.600837708 0.010863783 0.999884605 -0.010617828 -4.403449059 -0.036158439 0.011004330 0.999285460 40.013969421
0.999199986 -0.012255320 0.038067210 2.705681086 0.012603706 0.999880731 -0.008925357 -4.546727180 -0.037953291 0.009398004 0.999235272 41.262798309
0.999093354 -0.013289293 0.040445875 2.803847551 0.013707601 0.999855161 -0.010082658 -4.693035603 -0.040306028 0.010627930 0.999130845 42.520225525
0.998970091 -0.014610188 0.042956855 2.898765564 0.015189342 0.999797642 -0.013186846 -4.842563629 -0.042755503 0.013825750 0.998989880 43.770351410
0.998863280 -0.015713155 0.045003209 3.003607512 0.016375128 0.999762535 -0.014378728 -4.989210606 -0.044766586 0.015099318 0.998883307 45.035243988
0.998733222 -0.015678070 0.047812175 3.121340036 0.016319143 0.999781728 -0.013047333 -5.127824783 -0.047597181 0.013811059 0.998771131 46.275260925
0.998540819 -0.016982209 0.051265094 3.235377312 0.017499231 0.999800265 -0.009653267 -5.279878616 -0.051090915 0.010536281 0.998638451 47.534969330
0.998267651 -0.020135982 0.055283144 3.352932692 0.020588106 0.999758959 -0.007621055 -5.418372154 -0.055116363 0.008746027 0.998441637 48.762901306
0.998039126 -0.022257559 0.058502499 3.486726761 0.022769129 0.999707997 -0.008092343 -5.557607174 -0.058305308 0.009408526 0.998254478 50.012413025
0.997774422 -0.025614668 0.061563134 3.634614944 0.026395068 0.999580860 -0.011896598 -5.692475319 -0.061232600 0.013495086 0.998032272 51.242797852
0.997496843 -0.027006384 0.065350734 3.771536589 0.027842956 0.999541104 -0.011924354 -5.830102921 -0.064998709 0.013714061 0.997791052 52.479560852
0.997137308 -0.029545497 0.069600642 3.898824930 0.030273590 0.999497116 -0.009429330 -5.970484257 -0.069287032 0.011509398 0.997530341 53.697086334
0.996877670 -0.032079350 0.072151609 4.062072277 0.032611381 0.999448895 -0.006207611 -6.101703644 -0.071912706 0.008541192 0.997374356 54.895843506
0.996606767 -0.034667440 0.074653015 4.196831226 0.035114173 0.999372363 -0.004679526 -6.233666420 -0.074443914 0.007285026 0.997198582 56.146873474
0.996412694 -0.037622690 0.075803265 4.349252224 0.037837531 0.999282956 -0.001399542 -6.359999180 -0.075696252 0.004262730 0.997121751 57.353553772
0.996244013 -0.040770564 0.076391377 4.494491577 0.040895410 0.999163449 -0.000070142 -6.485830307 -0.076324604 0.003193936 0.997077823 58.582401276
0.996208966 -0.042493332 0.075907439 4.641254902 0.042874210 0.999074697 -0.003394407 -6.609294415 -0.075692937 0.006636010 0.997109115 59.775238037
0.996213555 -0.044072609 0.074940376 4.792487144 0.044773918 0.998967469 -0.007703359 -6.738415718 -0.074523479 0.011029567 0.997158229 60.984687805
0.996225893 -0.045345843 0.074011512 4.928341866 0.046321396 0.998860240 -0.011517363 -6.868750572 -0.073404893 0.014902212 0.997190833 62.164798737
0.996264338 -0.047802716 0.071918398 5.087732792 0.048918113 0.998706996 -0.013827605 -7.006988525 -0.071164422 0.017294062 0.997314632 63.381690979
0.996387243 -0.047832876 0.070174687 5.220643997 0.048932362 0.998703420 -0.014032451 -7.138092995 -0.069412492 0.017415570 0.997436047 64.558242798
0.996628702 -0.046963744 0.067271903 5.348895550 0.047955725 0.998762131 -0.013206827 -7.284428120 -0.066568404 0.016388375 0.997647226 65.775619507
0.996863186 -0.046276424 0.064206734 5.471008301 0.047104124 0.998824537 -0.011436897 -7.413874149 -0.063602000 0.014425421 0.997871101 66.951316833
0.997267306 -0.042543355 0.060397267 5.593701839 0.043057054 0.999046564 -0.007229042 -7.554214954 -0.060032129 0.009809818 0.998148203 68.134300232
0.997553885 -0.040565416 0.056926154 5.711729050 0.040936448 0.999147236 -0.005366365 -7.675853729 -0.056659922 0.007683593 0.998364031 69.316085815
0.997748435 -0.039243661 0.054386407 5.812994003 0.039749701 0.999175549 -0.008253792 -7.813957691 -0.054017656 0.010397051 0.998485863 70.485794067
0.997930467 -0.039559241 0.050692406 5.928528786 0.040379889 0.999067724 -0.015267885 -7.950266838 -0.050041158 0.017283246 0.998597622 71.679260254
0.997925282 -0.043556895 0.047412202 6.034099102 0.044455837 0.998847842 -0.018073360 -8.086309433 -0.046570361 0.020143613 0.998711884 72.850006104
0.997944832 -0.047557525 0.042946152 6.145608902 0.048163556 0.998752415 -0.013187993 -8.224769592 -0.042265378 0.015229327 0.998990357 74.020324707
0.997924745 -0.051236417 0.038998824 6.245580673 0.051586080 0.998636425 -0.008012440 -8.353554726 -0.038535111 0.010007609 0.999207199 75.180549622
0.997987926 -0.053438671 0.034123860 6.345000744 0.053659208 0.998543739 -0.005579447 -8.477977753 -0.033776008 0.007399281 0.999402046 76.368949890
0.998151779 -0.052763131 0.030148912 6.431825638 0.052878577 0.998596430 -0.003044483 -8.603857040 -0.029945949 0.004633088 0.999540806 77.528114319
0.998282552 -0.052416068 0.026161814 6.525088310 0.052518658 0.998614609 -0.003249346 -8.716361046 -0.025955245 0.004617749 0.999652505 78.681404114
0.998430848 -0.050917171 0.023306767 6.589996338 0.051040076 0.998685479 -0.004708924 -8.853694916 -0.023036366 0.005891114 0.999717295 79.861862183
0.998610139 -0.048677053 0.020207996 6.663460732 0.048881669 0.998756945 -0.009757616 -8.981393814 -0.019707901 0.010731854 0.999748230 81.005836487
0.998515606 -0.051947366 0.016370924 6.743640900 0.052187551 0.998530507 -0.014602395 -9.120605469 -0.015588311 0.015435078 0.999759316 82.176460266
0.998359799 -0.055524748 0.013950996 6.804220200 0.055742931 0.998320580 -0.015769880 -9.246976852 -0.013051948 0.016521689 0.999778330 83.317443848
0.998386085 -0.055869628 0.010198237 6.870261669 0.055994339 0.998354256 -0.012382157 -9.375542641 -0.009489667 0.012933215 0.999871373 84.453796387
0.998386204 -0.056299895 0.007447425 6.936381817 0.056371693 0.998361647 -0.009809574 -9.506122589 -0.006882945 0.010213568 0.999924183 85.589385986
0.998534620 -0.053725276 0.006496697 6.977931976 0.053796824 0.998486936 -0.011389604 -9.635048866 -0.005874959 0.011722414 0.999914050 86.729125977
0.998728752 -0.050042458 0.006048266 7.030257702 0.050126854 0.998634338 -0.014717328 -9.761184692 -0.005303515 0.015001801 0.999873459 87.848228455
0.998802185 -0.048695188 0.004794976 7.093557358 0.048772179 0.998656213 -0.017519120 -9.888021469 -0.003935437 0.017731996 0.999835014 88.953216553
0.998705864 -0.050669339 0.004410925 7.129514694 0.050740432 0.998552084 -0.017862383 -10.026910782 -0.003499464 0.018063074 0.999830723 90.100273132
0.998663366 -0.051592592 0.003108343 7.181223869 0.051633865 0.998551726 -0.015114583 -10.157653809 -0.002324041 0.015254875 0.999880910 91.214202881
0.998605609 -0.052735563 0.002403998 7.229885101 0.052761536 0.998529434 -0.012459505 -10.287534714 -0.001743404 0.012568970 0.999919415 92.329513550
0.998635650 -0.052195355 0.001563286 7.291625023 0.052210193 0.998566508 -0.011791629 -10.410833359 -0.000945577 0.011857160 0.999929249 93.452217102
0.998604119 -0.052797660 0.001500841 7.338782787 0.052813619 0.998504460 -0.014127513 -10.535710335 -0.000752697 0.014187058 0.999899030 94.560661316
0.998596549 -0.052943610 0.001388349 7.392955303 0.052959897 0.998440504 -0.017655496 -10.667628288 -0.000451438 0.017704243 0.999843121 95.662895203
0.998567402 -0.053495985 0.001122735 7.441637993 0.053507622 0.998391747 -0.018738875 -10.803718567 -0.000118475 0.018772107 0.999823809 96.763168335
0.998527408 -0.054244202 0.000791056 7.499514103 0.054249812 0.998382628 -0.017004292 -10.935339928 0.000132608 0.017022168 0.999855161 97.848587036
0.998581886 -0.053211603 0.001659428 7.545458794 0.053227890 0.998508453 -0.012150774 -11.054018021 -0.001010390 0.012221872 0.999924779 98.931251526
0.998663068 -0.051600080 0.003098994 7.594974041 0.051624630 0.998630762 -0.008445892 -11.175937653 -0.002658943 0.008594584 0.999959469 99.999702454
0.998768330 -0.049363472 0.005010610 7.640447140 0.049405817 0.998740733 -0.008708983 -11.293208122 -0.004574396 0.008945810 0.999949455 101.058776855
0.998849094 -0.047442399 0.007053784 7.692371368 0.047513939 0.998817027 -0.010346923 -11.415454865 -0.006554556 0.010670167 0.999921560 102.096199036
0.998803794 -0.047867142 0.009990536 7.738889694 0.047990382 0.998769760 -0.012483065 -11.538891792 -0.009380717 0.012947582 0.999872148 103.115371704
0.998714387 -0.049279679 0.011879844 7.787122726 0.049442355 0.998681605 -0.013812430 -11.647179604 -0.011183506 0.014382039 0.999834001 104.123878479
0.998602450 -0.051084522 0.013548056 7.850959778 0.051260538 0.998600960 -0.012979399 -11.761966705 -0.012866054 0.013655739 0.999823987 105.108230591
0.998567343 -0.051173769 0.015633142 7.905972481 0.051356263 0.998614192 -0.011503839 -11.878642082 -0.015022781 0.012290216 0.999811649 106.081077576
0.998496354 -0.052445196 0.015954936 7.988470078 0.052609470 0.998564482 -0.010056130 -11.985732079 -0.015404635 0.010880389 0.999822259 107.018554688
0.998430848 -0.052954324 0.018210992 8.042029381 0.053147398 0.998533726 -0.010286453 -12.093407631 -0.017639576 0.011238179 0.999781251 107.934364319
0.998417497 -0.052705199 0.019609148 8.105370522 0.052883253 0.998562992 -0.008674813 -12.193614960 -0.019123768 0.009698081 0.999770105 108.837295532
0.998426855 -0.051804610 0.021446757 8.163585663 0.051953912 0.998628616 -0.006463354 -12.291114807 -0.021082511 0.007567430 0.999749124 109.708091736
0.998398662 -0.051926773 0.022442447 8.229142189 0.052013725 0.998640835 -0.003307965 -12.391855240 -0.022240177 0.004469983 0.999742687 110.562568665
0.998342335 -0.052201159 0.024242504 8.287153244 0.052293684 0.998626649 -0.003197848 -12.483677864 -0.024042279 0.004460277 0.999700963 111.386383057
0.998375475 -0.051036239 0.025332740 8.339306831 0.051113132 0.998690128 -0.002397330 -12.573194504 -0.025177203 0.003688273 0.999676228 112.194877625
0.998485744 -0.048766825 0.025457852 8.394687653 0.048836224 0.998804629 -0.002111253 -12.652906418 -0.025324460 0.003351321 0.999673665 112.973411560
0.998620987 -0.046153259 0.025019424 8.434499741 0.046143018 0.998934388 0.000986693 -12.730813980 -0.025038298 0.000169140 0.999686539 113.720962524
0.998690844 -0.046197757 0.021961773 8.487160683 0.046161793 0.998931646 0.002142136 -12.816590309 -0.022037273 -0.001125537 0.999756515 114.477088928
0.998808980 -0.046254884 0.015522698 8.523206711 0.046226233 0.998928607 0.002199746 -12.890367508 -0.015607818 -0.001479571 0.999877036 115.174064636
0.998983502 -0.044800188 0.004965754 8.551083565 0.044795189 0.998995602 0.001113200 -12.965956688 -0.005010638 -0.000889626 0.999987066 115.842063904
0.999074042 -0.042009458 -0.009287462 8.556512833 0.041993897 0.999116182 -0.001863904 -13.033102989 0.009357559 0.001472161 0.999955118 116.490272522
0.998779476 -0.040665381 -0.028032716 8.556368828 0.040554386 0.999167085 -0.004517101 -13.097856522 0.028193062 0.003374738 0.999596775 117.107116699
0.997982621 -0.038960766 -0.050126519 8.518779755 0.038671926 0.999229372 -0.006719630 -13.168562889 0.050349690 0.004767586 0.998720348 117.691909790
0.996261537 -0.037283760 -0.077929035 8.479930878 0.036688171 0.999285698 -0.009061050 -13.230725288 0.078211188 0.006168102 0.996917784 118.261787415
0.993299663 -0.035101231 -0.110108115 8.406864166 0.034069754 0.999356329 -0.011235866 -13.297380447 0.110431626 0.007409226 0.993856072 118.807601929
0.988985717 -0.030329008 -0.144870669 8.291290283 0.028841244 0.999507546 -0.012359253 -13.367141724 0.145174176 0.008044875 0.989373386 119.350051880
0.982674539 -0.024164457 -0.183757573 8.184085846 0.022320114 0.999677598 -0.012098902 -13.425501823 0.183990687 0.007787794 0.982897043 119.880241394
0.974104881 -0.019082118 -0.225290418 8.040855408 0.017284969 0.999801040 -0.009946964 -13.483833313 0.225435480 0.005795247 0.974240899 120.365592957
0.962744474 -0.014432835 -0.270027220 7.874456406 0.012626725 0.999884725 -0.008424574 -13.543670654 0.270117700 0.004701153 0.962815881 120.850975037
0.948312461 -0.008459318 -0.317225248 7.682811737 0.005866131 0.999940991 -0.009128827 -13.599105835 0.317283809 0.006796095 0.948306322 121.330787659
0.931049824 -0.000672467 -0.364891410 7.455432892 -0.003139335 0.999946535 -0.009853093 -13.651962280 0.364878535 0.010319237 0.930997968 121.786140442
0.909956396 0.003973105 -0.414684951 7.202373505 -0.009251993 0.999899626 -0.010721884 -13.706527710 0.414600819 0.013593107 0.909901917 122.223739624
0.884886205 0.008379756 -0.465731889 6.924163818 -0.014457702 0.999850512 -0.009479525 -13.762408257 0.465582788 0.015121712 0.884875119 122.647743225
0.855924726 0.011289630 -0.516977191 6.638610840 -0.018661823 0.999784768 -0.009064069 -13.810280800 0.516763568 0.017405897 0.855951250 123.041732788
0.824274421 0.021075344 -0.565798163 6.310588837 -0.029708629 0.999540269 -0.006048819 -13.856248856 0.565410495 0.021794973 0.824521661 123.416885376
0.790084422 0.034072112 -0.612050414 5.967044830 -0.042727731 0.999086618 0.000461526 -13.901233673 0.611507177 0.025786879 0.790818632 123.775344849
0.754522324 0.043131839 -0.654855490 5.614372253 -0.054290231 0.998520017 0.003214156 -13.940506935 0.654024959 0.033127099 0.755747259 124.077041626
0.714633703 0.046848036 -0.697928429 5.248840332 -0.061538752 0.998096704 0.003984957 -13.985848427 0.696786761 0.040101863 0.716156304 124.374420166
0.672361493 0.048540138 -0.738629758 4.867057800 -0.064205632 0.997911096 0.007133952 -14.032572746 0.737433136 0.042627599 0.674073577 124.657165527
0.628815889 0.052273765 -0.775795043 4.450008392 -0.068054393 0.997608662 0.012058700 -14.064440727 0.774570286 0.045213554 0.630869627 124.926849365
0.583380759 0.060889035 -0.809913218 4.030349731 -0.079074599 0.996706665 0.017974652 -14.100461960 0.808340311 0.053557489 0.586274266 125.158767700
0.537746251 0.069753215 -0.840216339 3.592155457 -0.090823762 0.995565057 0.024521932 -14.124237061 0.838200450 0.063125029 0.541696608 125.364189148
0.490821004 0.074906118 -0.868034422 3.140102386 -0.096405007 0.994848847 0.031338215 -14.153092384 0.865910411 0.068301417 0.495514035 125.562545776
0.443603456 0.076699667 -0.892935157 2.680393219 -0.096022822 0.994663715 0.037734337 -14.179895401 0.891064346 0.069003060 0.448601127 125.739555359
0.396368265 0.077668309 -0.914800406 2.203258514 -0.092780016 0.994702756 0.044252079 -14.201734543 0.913391531 0.067335077 0.401474684 125.918815613
0.350781798 0.080280781 -0.933009684 1.715087891 -0.094595745 0.994260013 0.049986091 -14.221671104 0.931667209 0.070724539 0.356362522 126.059547424
0.306901157 0.083608031 -0.948061883 1.213340759 -0.100494310 0.993412018 0.055075943 -14.239686966 0.946420848 0.078371949 0.313281536 126.176116943
0.265395641 0.085081205 -0.960378230 0.686241150 -0.105170920 0.992709339 0.058882009 -14.257949829 0.958386302 0.085376821 0.272408843 126.284347534
0.225846365 0.081988595 -0.970706582 0.159765244 -0.104977377 0.992697716 0.059421804 -14.281187057 0.968490124 0.088482037 0.232804120 126.382873535
0.190919101 0.076988436 -0.978581965 -0.374067307 -0.100024141 0.993256211 0.058628429 -14.302133560 0.976496279 0.086688541 0.197332293 126.476173401
0.160353929 0.071987629 -0.984431028 -0.923496246 -0.097369835 0.993626058 0.056799468 -14.324697495 0.982245147 0.086745866 0.166341245 126.554527283
0.134556502 0.070518903 -0.988393426 -1.494674683 -0.098960832 0.993433952 0.057406355 -14.344954491 0.985951960 0.090087838 0.140651599 126.612991333
0.111854084 0.069369502 -0.991300464 -2.072340012 -0.099691197 0.993311226 0.058261488 -14.359373093 0.988711417 0.092307135 0.118021466 126.684310913
0.093300499 0.070772216 -0.993119419 -2.667548180 -0.101386495 0.992960632 0.061235946 -14.374805450 0.990462363 0.094975546 0.099819072 126.743309021
0.077421755 0.068855464 -0.994617939 -3.276667595 -0.102379665 0.992887616 0.060766369 -14.397576332 0.991727948 0.097124003 0.083920501 126.788764954
0.063250393 0.067868091 -0.995687306 -3.895055294 -0.100832611 0.993014336 0.061280571 -14.427908897 0.992890835 0.096521743 0.069651857 126.841430664
0.051163845 0.065200418 -0.996559739 -4.531289577 -0.096721731 0.993499219 0.060034450 -14.449278831 0.993995667 0.093317375 0.057137534 126.881896973
0.039279137 0.062451690 -0.997274697 -5.188974380 -0.094576381 0.993796825 0.058508851 -14.467403412 0.994742453 0.092020467 0.044941925 126.917755127
0.028302487 0.061629847 -0.997697711 -5.864407539 -0.094247177 0.993815780 0.058716469 -14.488781929 0.995146394 0.092368364 0.033935901 126.956260681
0.018780416 0.063103117 -0.997830331 -6.535801888 -0.097623490 0.993353367 0.060982592 -14.510869980 0.995046198 0.096266404 0.024815936 126.975303650
0.010767143 0.062898830 -0.997961879 -7.210699558 -0.100544624 0.993029773 0.061503179 -14.538327217 0.994874299 0.099677481 0.017016232 126.986946106
0.003716743 0.062078439 -0.998064339 -7.910726547 -0.102425098 0.992845654 0.061372422 -14.560327530 0.994733751 0.101998731 0.010048543 127.011978149
-0.001596796 0.062980913 -0.998013437 -8.607564926 -0.103178404 0.992677748 0.062809289 -14.579917908 0.994661510 0.103073716 0.004913168 127.028907776
-0.005073833 0.065547250 -0.997836530 -9.330994606 -0.105459429 0.992249727 0.065716505 -14.600794792 0.994410634 0.105564699 0.001878067 127.050659180
-0.005596973 0.069607057 -0.997558713 -10.067456245 -0.107571959 0.991743565 0.069804840 -14.627159119 0.994181514 0.107700050 0.001937007 127.049064636
-0.006673179 0.072663985 -0.997334182 -10.783184052 -0.110266015 0.991220832 0.072956376 -14.644091606 0.993879735 0.110458910 0.001397775 127.061309814
-0.007140399 0.078188226 -0.996913135 -11.524004936 -0.115043171 0.990254700 0.078490004 -14.652346611 0.993334889 0.115248479 0.001924208 127.067398071
-0.008290997 0.081878878 -0.996607780 -12.268511772 -0.117874347 0.989613414 0.082284860 -14.666172981 0.992993951 0.118156701 0.001446536 127.077354431
-0.009918755 0.082357004 -0.996553659 -13.018162727 -0.118003510 0.989542365 0.082952082 -14.685803413 0.992963552 0.118419573 -0.000096617 127.095962524
-0.011525285 0.079172760 -0.996794283 -13.761524200 -0.115591310 0.990072012 0.079975344 -14.705439568 0.993229926 0.116142482 -0.002259178 127.118072510
-0.013055617 0.075773388 -0.997039616 -14.523236275 -0.119196557 0.989896595 0.076791354 -14.712261200 0.992784858 0.119846247 -0.003891782 127.129241943
-0.014229994 0.077440538 -0.996895373 -15.291301727 -0.124367572 0.989117265 0.078611583 -14.725254059 0.992134154 0.125100091 -0.004444040 127.131797791
-0.016005788 0.081083797 -0.996578693 -16.060058594 -0.121328034 0.989183903 0.082430735 -14.741662025 0.992483318 0.122232288 -0.005994930 127.147880554
-0.017557429 0.081291847 -0.996535778 -16.834686279 -0.120521881 0.989249825 0.082820922 -14.761317253 0.992555380 0.121558435 -0.007571236 127.157173157
-0.019107431 0.080205627 -0.996595204 -17.627847672 -0.123034962 0.989012599 0.081954278 -14.773265839 0.992218494 0.124181956 -0.009029397 127.161270142
-0.019700672 0.080032751 -0.996597528 -18.414943695 -0.127744347 0.988419712 0.081901260 -14.781166077 0.991611421 0.128923193 -0.009248800 127.160484314
-0.020546738 0.084545180 -0.996207774 -19.218479156 -0.129588693 0.987787426 0.086503327 -14.789964676 0.991354942 0.130874634 -0.009339709 127.161643982
-0.021412559 0.088686891 -0.995829344 -20.031740189 -0.128015757 0.987615407 0.090707988 -14.800000191 0.991540909 0.129424125 -0.009794053 127.178535461
-0.020460894 0.091227747 -0.995619833 -20.854766846 -0.129943579 0.987138808 0.093121126 -14.813932419 0.991310239 0.131279737 -0.008343280 127.191169739
-0.018585345 0.089940615 -0.995773613 -21.673027039 -0.129370600 0.987356961 0.091594972 -14.821140289 0.991422117 0.130526170 -0.006714699 127.201652527
-0.017146477 0.089872129 -0.995805740 -22.504156113 -0.129405364 0.987376034 0.091339536 -14.825470924 0.991443574 0.130428761 -0.005300085 127.210090637
-0.017354395 0.089088753 -0.995872438 -23.335029602 -0.127866477 0.987646282 0.090581074 -14.835448265 0.991639555 0.128910691 -0.005748541 127.236572266
-0.016703883 0.090995908 -0.995711148 -24.173387527 -0.128876984 0.987346947 0.092393540 -14.843115807 0.991519868 0.129867598 -0.004765254 127.256484985
-0.016089752 0.092970893 -0.995538771 -25.011890411 -0.130533561 0.986951053 0.094278559 -14.845617294 0.991313457 0.131468132 -0.003743979 127.273323059
-0.015950821 0.095641032 -0.995288074 -25.878362656 -0.133581534 0.986287534 0.096916959 -14.849658012 0.990909398 0.134498015 -0.002956220 127.285858154
-0.014376732 0.096753120 -0.995204568 -26.741912842 -0.135763004 0.985901475 0.097809911 -14.848199844 0.990637004 0.136518165 -0.001038546 127.298179626
-0.012567631 0.099864200 -0.994921744 -27.611013412 -0.142687753 0.984638512 0.100634441 -14.849776268 0.989687979 0.143227905 0.001874827 127.311386108
-0.010502152 0.103730887 -0.994549930 -28.492147446 -0.147243604 0.983602226 0.104143895 -14.846285820 0.989044487 0.147534862 0.004943768 127.330368042
-0.008283304 0.105524279 -0.994382262 -29.367715836 -0.149758801 0.983070195 0.105571344 -14.842024803 0.988687873 0.149792001 0.007660119 127.359306335
-0.004439877 0.106491007 -0.994303703 -30.268709183 -0.148878604 0.983161807 0.105962455 -14.845402718 0.988845527 0.148501039 0.011489114 127.379928589
-0.001697111 0.106367223 -0.994325459 -31.161445618 -0.151471451 0.982826591 0.105395667 -14.839900017 0.988460183 0.150790766 0.014443633 127.407272339
0.000728930 0.110338628 -0.993893802 -32.063423157 -0.152036950 0.982352078 0.108945780 -14.834084511 0.988374531 0.151029184 0.017491613 127.437965393
0.002944343 0.112425372 -0.993655741 -32.975635529 -0.151341394 0.982264817 0.110688090 -14.833093643 0.988477111 0.150055379 0.019906737 127.480438232
0.004603560 0.113787107 -0.993494451 -33.867900848 -0.152000546 0.982040286 0.111770913 -14.831684113 0.988369644 0.150497168 0.021816583 127.522476196
0.007185521 0.111956164 -0.993687093 -34.770904541 -0.153252348 0.982096910 0.109542109 -14.826130867 0.988160908 0.151497781 0.024214424 127.553703308
0.007309180 0.113200814 -0.993545353 -35.684024811 -0.157543615 0.981293917 0.110645927 -14.818615913 0.987485111 0.155718014 0.025006525 127.597175598
0.008294106 0.113740265 -0.993475854 -36.577850342 -0.158176810 0.981150985 0.111008659 -14.814714432 0.987376034 0.156224146 0.026128840 127.635200500
0.008653570 0.110039979 -0.993889511 -37.474235535 -0.158573553 0.981500804 0.107287668 -14.811605453 0.987309277 0.156676188 0.025942916 127.668556213
0.009604942 0.106173903 -0.994301200 -38.384567261 -0.160070881 0.981687546 0.103280671 -14.816370010 0.987058818 0.158166662 0.026424399 127.714759827
0.010017727 0.105553500 -0.994363189 -39.281978607 -0.159743160 0.981810987 0.102611743 -14.813205719 0.987107813 0.157814741 0.026696967 127.756637573
0.009994117 0.109825894 -0.993900657 -40.187294006 -0.162199244 0.980965137 0.106765531 -14.810029984 0.986707509 0.160142884 0.027617557 127.794548035
0.010387453 0.115915641 -0.993204713 -41.122234344 -0.162942022 0.980178833 0.112691246 -14.799198151 0.986580908 0.160664260 0.029069085 127.834358215
0.010595796 0.114542939 -0.993361771 -42.016731262 -0.160683244 0.980702698 0.111369282 -14.800191879 0.986949086 0.158436522 0.028796455 127.879074097
0.011621465 0.104292363 -0.994478762 -42.907867432 -0.160179377 0.981896639 0.101100996 -14.807298660 0.987019479 0.158120021 0.028116561 127.921134949
0.011624047 0.093738221 -0.995529115 -43.830574036 -0.161857441 0.982643068 0.090635017 -14.812146187 0.986745715 0.160080150 0.026594521 127.963912964
0.010638969 0.090762831 -0.995815635 -44.730293274 -0.158636048 0.983413339 0.087937586 -14.821708679 0.987279773 0.157036692 0.024860753 128.009735107
0.010646572 0.100532629 -0.994876802 -45.652526855 -0.151330411 0.983635426 0.097777247 -14.823553085 0.988425910 0.149514079 0.025685994 128.057952881
0.010592621 0.113831744 -0.993443549 -46.587539673 -0.146268561 0.982989252 0.111074276 -14.823669434 0.989188135 0.144133016 0.027062446 128.115768433
0.010673495 0.122927830 -0.992358208 -47.508392334 -0.146417350 0.981910229 0.120058790 -14.816514969 0.989165366 0.144016996 0.028479181 128.162399292
0.010585011 0.117178358 -0.993054450 -48.425540924 -0.146626413 0.982557178 0.114376806 -14.813796043 0.989135325 0.144397333 0.027581822 128.202224731
0.010554236 0.103694066 -0.994553208 -49.338443756 -0.146590158 0.984023452 0.101040579 -14.815099716 0.989140987 0.144725338 0.025586143 128.249679565
0.011073386 0.094844587 -0.995430589 -50.253490448 -0.147132486 0.984810710 0.092195988 -14.815929413 0.989054739 0.145439252 0.024859907 128.292861938
0.011554763 0.094819285 -0.995427489 -51.176940918 -0.146206304 0.984955251 0.092124596 -14.825331688 0.989186585 0.144473284 0.025244100 128.338409424
0.011034295 0.096519440 -0.995269954 -52.126415253 -0.149399832 0.984317541 0.093800947 -14.843560219 0.988715291 0.147658139 0.025281234 128.380050659
0.011968548 0.095911689 -0.995317876 -53.053745270 -0.154162928 0.983664930 0.092935003 -14.846387863 0.987972915 0.152328834 0.026559070 128.411209106
0.012472992 0.095226623 -0.995377421 -53.993778229 -0.155805558 0.983481288 0.092136130 -14.848313332 0.987709045 0.153936133 0.027103785 128.451019287
0.013036910 0.102920637 -0.994604051 -54.954128265 -0.164871931 0.981295288 0.099382356 -14.854423523 0.986228824 0.162686661 0.029761782 128.490097046
0.014500901 0.112492688 -0.993546724 -55.893589020 -0.170248941 0.979419708 0.108408384 -14.849233627 0.985294402 0.167578265 0.033354230 128.529022217
0.015701788 0.120819852 -0.992550194 -56.850028992 -0.170736790 0.978417218 0.116398498 -14.844022751 0.985191584 0.167637169 0.035991289 128.572082520
0.016872097 0.121336125 -0.992467999 -57.811523438 -0.172565073 0.978067517 0.116641916 -14.834432602 0.984853625 0.169297338 0.037440423 128.619293213
0.018403737 0.111942738 -0.993544221 -58.736469269 -0.174258009 0.978862703 0.107060716 -14.838005066 0.984528005 0.171162754 0.037521657 128.662261963
0.019525575 0.107042827 -0.994062603 -59.674163818 -0.172681212 0.979671657 0.102101341 -14.834133148 0.984784186 0.169662386 0.037612941 128.718566895
0.021431554 0.105525643 -0.994185686 -60.641788483 -0.171087727 0.980132401 0.100345902 -14.835739136 0.985022724 0.167942375 0.039059911 128.774383545
0.024731429 0.111228250 -0.993487060 -61.604534149 -0.172730893 0.979319632 0.105342217 -14.833640099 0.984658480 0.169000670 0.043432534 128.834472656
0.028102765 0.113577209 -0.993131578 -62.574562073 -0.175531730 0.978646815 0.106953628 -14.837686539 0.984072506 0.171320394 0.047439083 128.892013550
0.031837568 0.108511627 -0.993585169 -63.528839111 -0.174519762 0.979421496 0.101372615 -14.839438438 0.984138787 0.170172766 0.050119817 128.954666138
0.034971539 0.102900036 -0.994076729 -64.484725952 -0.174367651 0.980056703 0.095314533 -14.847263336 0.984059274 0.170001522 0.052216534 129.022003174
0.038922403 0.102768376 -0.993943512 -65.452842712 -0.172199070 0.980505764 0.094635740 -14.847270012 0.984292924 0.167472675 0.055860259 129.083831787
0.040788859 0.107286543 -0.993391097 -66.408882141 -0.169365376 0.980573654 0.098948076 -14.867971420 0.984708905 0.164210081 0.058167104 129.178894043
0.044356372 0.113854565 -0.992506683 -67.367515564 -0.168776169 0.980058193 0.104883716 -14.867830276 0.984655857 0.162859231 0.062687755 129.256210327
0.047258526 0.117856212 -0.991905570 -68.334808350 -0.166576162 0.980039895 0.108509958 -14.872929573 0.984895408 0.160099819 0.065947279 129.335769653
0.049019873 0.119848497 -0.991581321 -69.317138672 -0.166222200 0.979909062 0.110220335 -14.875401497 0.984869182 0.159419850 0.067956492 129.417663574
0.051151820 0.116785944 -0.991838992 -70.258331299 -0.165173590 0.980451226 0.106926613 -14.874520302 0.984937131 0.158356100 0.069441810 129.494812012
0.051731244 0.115262024 -0.991987109 -71.204254150 -0.163133398 0.980950058 0.105472319 -14.877764702 0.985246897 0.156370029 0.069548853 129.583572388
0.052401058 0.111879855 -0.992339194 -72.152030945 -0.160148472 0.981784463 0.102233142 -14.887552261 0.985701025 0.153564468 0.069363937 129.670730591
0.051936358 0.111360043 -0.992422044 -73.138671875 -0.158659518 0.982061446 0.101894356 -14.879685402 0.985966444 0.152165160 0.068673022 129.754196167
0.051738139 0.116032831 -0.991896868 -74.091407776 -0.155322507 0.982075572 0.106782161 -14.881646156 0.986507952 0.148539245 0.068833269 129.839248657
0.051139906 0.117713280 -0.991729975 -75.052536011 -0.149394080 0.982757509 0.108944617 -14.885761261 0.987454355 0.142587155 0.067843787 129.936477661
0.050421927 0.113074407 -0.992306352 -76.010856628 -0.146501452 0.983659863 0.104644977 -14.873437881 0.987924576 0.140097946 0.066163599 130.018692017
0.049047653 0.109379947 -0.992789209 -76.968513489 -0.148969069 0.983668685 0.101015449 -14.876305580 0.987624645 0.142940313 0.064540870 130.090194702
0.047781128 0.106717229 -0.993140638 -77.917274475 -0.145435259 0.984423876 0.098783515 -14.880578041 0.988213301 0.139717683 0.062557325 130.172790527
0.046439331 0.107356705 -0.993135452 -78.881469727 -0.145581573 0.984320343 0.099596389 -14.882675171 0.988255739 0.139956996 0.061340336 130.242752075
0.045826703 0.108122192 -0.993080795 -79.841888428 -0.147047117 0.984025836 0.100350693 -14.880414009 0.988067329 0.141430929 0.060993712 130.314498901
0.044547424 0.108397111 -0.993109047 -80.797302246 -0.148568407 0.983760357 0.100712448 -14.883957863 0.987898231 0.143058151 0.059928373 130.386657715
0.043302629 0.109400705 -0.993053913 -81.745544434 -0.148309678 0.983677030 0.101900548 -14.888402939 0.987992465 0.142866954 0.058820982 130.453582764
0.041153338 0.109729767 -0.993109226 -82.711074829 -0.148538947 0.983577967 0.102521360 -14.892216682 0.988049865 0.143296301 0.056776658 130.525787354
0.039275430 0.111806139 -0.992953598 -83.660049438 -0.148763552 0.983300090 0.104834959 -14.882661819 0.988092542 0.143597856 0.055252209 130.597930908
0.037846137 0.115609840 -0.992573440 -84.614326477 -0.150032282 0.982683361 0.108737260 -14.876310349 0.987956405 0.144802764 0.054535959 130.656204224
0.035530988 0.120596297 -0.992065489 -85.563148499 -0.151293725 0.981899977 0.113941938 -14.868408203 0.987850070 0.146044835 0.053133320 130.722259521
0.033375386 0.120186605 -0.992190242 -86.515182495 -0.151142940 0.981932640 0.113859959 -14.864532471 0.987948298 0.146162391 0.050937746 130.783432007
0.032348849 0.115230598 -0.992811978 -87.460021973 -0.151222855 0.982460320 0.109101862 -14.862009048 0.987970233 0.146606520 0.049206968 130.843658447
0.029813493 0.110234492 -0.993458331 -88.408958435 -0.155385002 0.982328534 0.104336448 -14.851739883 0.987403989 0.151257902 0.046415433 130.904663086
0.028618673 0.108100921 -0.993727863 -89.351921082 -0.153371483 0.982838273 0.102499321 -14.850765228 0.987754166 0.149476126 0.044707127 130.969055176
0.028314883 0.109439164 -0.993590117 -90.319587708 -0.148733437 0.983385205 0.104076602 -14.853369713 0.988471806 0.144833177 0.044121694 131.019943237
0.027487494 0.110668883 -0.993477046 -91.268005371 -0.145728797 0.983678341 0.105545327 -14.852721214 0.988942564 0.141877055 0.043166492 131.083084106
0.026476895 0.110435434 -0.993530512 -92.221481323 -0.140408009 0.984437287 0.105682887 -14.854756355 0.989739597 0.136701509 0.041570868 131.148513794
0.025235634 0.107577994 -0.993876398 -93.164413452 -0.136448622 0.985259235 0.103180677 -14.859056473 0.990325689 0.133009240 0.039542511 131.211380005
0.024448365 0.104639344 -0.994209647 -94.109848022 -0.131339461 0.986222982 0.100569017 -14.865445137 0.991035938 0.128120214 0.037854820 131.273757935
0.022631649 0.107021816 -0.993999064 -95.087524414 -0.129590347 0.986179650 0.103229336 -14.868647575 0.991309285 0.126476452 0.036187861 131.330291748
0.021367712 0.109240130 -0.993785739 -96.036293030 -0.128976345 0.986007750 0.105611980 -14.866963387 0.991417468 0.125918180 0.035158124 131.385803223
0.019949075 0.107084870 -0.994049788 -96.994911194 -0.124814518 0.986736298 0.103792176 -14.865370750 0.991979539 0.122001275 0.033050217 131.435989380
0.017833550 0.103950240 -0.994422674 -97.942718506 -0.121932030 0.987383425 0.101027742 -14.865358353 0.992378235 0.119450301 0.030283414 131.486267090
0.013907076 0.101645052 -0.994723499 -98.911575317 -0.120446205 0.987746179 0.099248141 -14.867629051 0.992622435 0.118430406 0.025979422 131.541748047
0.011283306 0.100771636 -0.994845510 -99.866867065 -0.114926875 0.988446534 0.098819956 -14.878174782 0.993309855 0.113219470 0.022734312 131.589050293
0.009105440 0.100973040 -0.994847536 -100.824943542 -0.108187430 0.989148200 0.099404395 -14.875543594 0.994088888 0.106724851 0.019930644 131.630355835
0.006723200 0.108843170 -0.994036198 -101.791206360 -0.098282248 0.989317715 0.107661761 -14.876734734 0.995135844 0.096972287 0.017348735 131.687454224
0.004034846 0.116980135 -0.993126094 -102.748977661 -0.090319745 0.989117563 0.116141029 -14.873601913 0.995904624 0.089230284 0.014556551 131.742279053
0.000753640 0.116582885 -0.993180633 -103.704017639 -0.085788622 0.989527047 0.116088897 -14.868714333 0.996313095 0.085116126 0.010747235 131.791625977
-0.001240230 0.106523804 -0.994309366 -104.652763367 -0.086981773 0.990530133 0.106227398 -14.870607376 0.996209145 0.086618558 0.008037144 131.816726685
-0.003307758 0.097029485 -0.995276093 -105.599899292 -0.088802874 0.991320789 0.096939027 -14.868847847 0.996043742 0.088704012 0.005337448 131.852554321
-0.003370248 0.098978549 -0.995083928 -106.564735413 -0.096352458 0.990427494 0.098841727 -14.875279427 0.995341539 0.096211873 0.006198841 131.866333008
-0.004557954 0.108157314 -0.994123340 -107.521820068 -0.099621795 0.989139020 0.108071789 -14.863157272 0.995014966 0.099528939 0.006266377 131.906524658
-0.006034550 0.119567916 -0.992807686 -108.484809875 -0.103501782 0.987418711 0.119548008 -14.852347374 0.994611084 0.103478789 0.006416864 131.934707642
-0.007731216 0.121452659 -0.992567122 -109.429321289 -0.110619508 0.986400783 0.121559769 -14.844312668 0.993832886 0.110737093 0.005808957 131.966262817
-0.007531760 0.117892027 -0.992997885 -110.410659790 -0.117592111 0.986031592 0.117956899 -14.823585510 0.993033409 0.117657125 0.006436621 131.984359741
-0.007794949 0.113936260 -0.993457437 -111.365303040 -0.125683531 0.985497653 0.114009514 -14.811901093 0.992039740 0.125749946 0.006638009 132.007232666
-0.005282639 0.115738139 -0.993265688 -112.330169678 -0.130321711 0.984728694 0.115436509 -14.792598724 0.991457701 0.130053878 0.009881226 132.027099609
-0.003927324 0.117184900 -0.993102312 -113.313446045 -0.138594925 0.983461738 0.116595395 -14.777759552 0.990341365 0.138096854 0.012378857 132.050201416
-0.003426494 0.119807385 -0.992791235 -114.277130127 -0.147800758 0.981832564 0.118995041 -14.761599541 0.989011228 0.147143021 0.014343381 132.070343018
-0.003044344 0.121781588 -0.992552280 -115.251876831 -0.153368548 0.980756938 0.120804779 -14.740416527 0.988164425 0.152594090 0.015691707 132.094818115
-0.003055963 0.121537372 -0.992582083 -116.234756470 -0.157229155 0.980182648 0.120503187 -14.732875824 0.987557411 0.156431079 0.016113816 132.137496948
-0.001628608 0.112197444 -0.993684590 -117.189376831 -0.156198815 0.981460452 0.111073218 -14.736559868 0.987724185 0.155393288 0.015926694 132.169998169
-0.000170457 0.100463688 -0.994940698 -118.140930176 -0.159110412 0.982263267 0.099210829 -14.728379250 0.987260759 0.158322334 0.015817381 132.206207275
