1.000000000 0.000000000 0.000000000 0.000000000 0.000000000 1.000000000 0.000000000 0.000000000 0.000000000 0.000000000 1.000000000 0.000000000
0.999997675 -0.001628511 -0.001406114 0.050766028 0.001625488 0.999996364 -0.002147997 -0.132581368 0.001409607 0.002145706 0.999996722 1.296946764
0.999997556 0.000026247 -0.002213860 0.106142662 -0.000040412 0.999979556 -0.006398505 -0.267612159 0.002213647 0.006398579 0.999977052 2.603075266
0.999996066 0.002486100 -0.001298650 0.149648175 -0.002496416 0.999964774 -0.008003129 -0.405010700 0.001278708 0.008006338 0.999967158 3.906839848
0.999983251 0.005771699 0.000285983 0.193490922 -0.005769658 0.999961019 -0.006690146 -0.544076681 -0.000324586 0.006688385 0.999977589 5.219630241
0.999974608 0.006653676 0.002545563 0.241243809 -0.006645162 0.999972284 -0.003338679 -0.688770473 -0.002567707 0.003321678 0.999991119 6.537548065
0.999958634 0.006926470 0.005901707 0.297478735 -0.006915092 0.999974191 -0.001946101 -0.827281952 -0.005915034 0.001905210 0.999980748 7.841163635
0.999942124 0.005313721 0.009356348 0.353113949 -0.005295884 0.999984086 -0.001930244 -0.960684657 -0.009366455 0.001880582 0.999954283 9.147625923
0.999912798 0.003943298 0.012605019 0.433279753 -0.003920783 0.999990582 -0.001810385 -1.097769618 -0.012612042 0.001760805 0.999918878 10.447193146
0.999869466 0.002615488 0.015941529 0.495710492 -0.002572640 0.999993026 -0.002707750 -1.232676029 -0.015948499 0.002666385 0.999869287 11.759696960
0.999810338 0.001596094 0.019410441 0.570012808 -0.001527432 0.999992609 -0.003551689 -1.368830562 -0.019415963 0.003521367 0.999805331 13.052496910
0.999741256 0.001487954 0.022698967 0.642987609 -0.001411787 0.999993324 -0.003371220 -1.519625068 -0.022703826 0.003338302 0.999736667 14.373137474
0.999661207 0.001431807 0.025989858 0.728628039 -0.001315813 0.999989092 -0.004479588 -1.657471657 -0.025995988 0.004443873 0.999652147 15.667064667
0.999570966 0.002426317 0.029185936 0.812499583 -0.002300147 0.999987841 -0.004355775 -1.795240760 -0.029196149 0.004286775 0.999564528 16.968975067
0.999472499 0.001953282 0.032416653 0.902308226 -0.001825965 0.999990523 -0.003956656 -1.934431553 -0.032424074 0.003895378 0.999466598 18.254568100
0.999404192 0.000424174 0.034512643 1.003340006 -0.000296811 0.999993145 -0.003695349 -2.078661919 -0.034513973 0.003682903 0.999397457 19.558670044
0.999348521 -0.002029077 0.036035933 1.103041887 0.002204372 0.999985933 -0.004825373 -2.220626593 -0.036025636 0.004901665 0.999338806 20.832752228
0.999309242 -0.001840701 0.037115045 1.201588988 0.002089386 0.999975562 -0.006662712 -2.362157106 -0.037101880 0.006735657 0.999288797 22.142395020
0.999265313 -0.001726676 0.038286027 1.286769152 0.002087310 0.999953806 -0.009381497 -2.505546808 -0.038268059 0.009454520 0.999222755 23.430347443
0.999226570 -0.001352215 0.039298538 1.386332631 0.001776560 0.999940455 -0.010765068 -2.649101973 -0.039281651 0.010826561 0.999169528 24.712465286
0.999186218 -0.000837987 0.040325325 1.487797379 0.001298650 0.999934196 -0.011398831 -2.796475410 -0.040313113 0.011441926 0.999121606 25.981666565
0.999163747 -0.002403684 0.040816359 1.584731221 0.002827914 0.999942482 -0.010339051 -2.942958117 -0.040789165 0.010445829 0.999113142 27.276678085
0.999157965 -0.005338746 0.040679682 1.689275265 0.005718014 0.999941230 -0.009212635 -3.090232134 -0.040628109 0.009437485 0.999129772 28.555173874
0.999178708 -0.006903942 0.039928418 1.783196449 0.007286600 0.999928832 -0.009446017 -3.238699198 -0.039860360 0.009729200 0.999157846 29.846267700
0.999196410 -0.008417974 0.039186742 1.888142705 0.008898676 0.999887109 -0.012108728 -3.383984089 -0.039080393 0.012447709 0.999158561 31.115089417
0.999230206 -0.008754781 0.038239811 1.999828815 0.009228055 0.999882698 -0.012217632 -3.531865358 -0.038128369 0.012561105 0.999193847 32.398811340
0.999238670 -0.009425562 0.037858780 2.094897509 0.009900000 0.999874532 -0.012363925 -3.676406622 -0.037737492 0.012729314 0.999206662 33.664318085
0.999264538 -0.009960698 0.037027624 2.198084831 0.010431197 0.999867022 -0.012535297 -3.821610212 -0.036897834 0.012912321 0.999235570 34.935012817
0.999277771 -0.010369588 0.036558732 2.290721655 0.010857387 0.999854326 -0.013169672 -3.965867043 -0.036416840 0.013557093 0.999244750 36.197578430
0.999319136 -0.011090939 0.035186656 2.405286312 0.011564564 0.999844790 -0.013285581 -4.121648312 -0.035033852 0.013683453 0.999292433 37.480075836
0.999319017 -0.010792365 0.035284702 2.498091221 0.011200762 0.999872386 -0.011397250 -4.267894268 -0.035157189 0.011784705 0.999312282 38.738761902
0.999282062 -0.010405769 0.036428008 2.595398426 0.010790064 0.999888003 -0.010368771 -4.405044079 -0.036316048 0.010754390 0.999282479 40.006465912
0.999201477 -0.012212947 0.038043775 2.703496933 0.012549108 0.999884129 -0.008609941 -4.548334122 -0.037934218 0.009080481 0.999238968 41.255371094
0.999087870 -0.013191324 0.040612757 2.799276829 0.013605068 0.999858081 -0.009928047 -4.691503525 -0.040476024 0.010471529 0.999125659 42.516475677
0.998962045 -0.014517153 0.043173905 2.894306421 0.015092354 0.999801159 -0.013026893 -4.840242863 -0.042976204 0.013664966 0.998982668 43.766269684
0.998885274 -0.015651606 0.044533432 3.016923904 0.016297841 0.999766529 -0.014185347 -4.986175060 -0.044301014 0.014895332 0.998907089 45.028121948
0.998746395 -0.015703440 0.047529466 3.131928444 0.016335247 0.999782860 -0.012933842 -5.123052597 -0.047316037 0.013694033 0.998786032 46.269790649
0.998565376 -0.017306764 0.050672151 3.253543377 0.017809054 0.999796450 -0.009477823 -5.277121544 -0.050497815 0.010366646 0.998670340 47.530860901
0.998295844 -0.020206571 0.054744124 3.358095884 0.020644361 0.999759197 -0.007443310 -5.416864395 -0.054580536 0.008560784 0.998472571 48.743854523
0.998069584 -0.022328066 0.057952669 3.505842209 0.022819407 0.999709070 -0.007830450 -5.556222916 -0.057760950 0.009137779 0.998288572 50.008621216
0.997799039 -0.025681840 0.061134245 3.649865150 0.026439471 0.999582946 -0.011616318 -5.689379692 -0.060810417 0.013207110 0.998061895 51.236251831
0.997523308 -0.027247222 0.064844750 3.784512281 0.028050316 0.999540210 -0.011506704 -5.830315113 -0.064501427 0.013297120 0.997829020 52.459896088
0.997141361 -0.029684646 0.069483064 3.903526545 0.030379483 0.999498129 -0.008964590 -5.969805241 -0.069182098 0.011049822 0.997542918 53.681961060
0.996899188 -0.032291919 0.071757913 4.067392349 0.032788135 0.999445796 -0.005747726 -6.102502823 -0.071532540 0.008082711 0.997405529 54.889785767
0.996666908 -0.034904156 0.073733695 4.218305111 0.035301439 0.999368370 -0.004091380 -6.231205940 -0.073544309 0.006680650 0.997269511 56.105026245
0.996447861 -0.038140982 0.075079404 4.368568897 0.038317181 0.999265134 -0.000907230 -6.357569695 -0.074989632 0.003780839 0.997177124 57.317169189
0.996308684 -0.041261464 0.075275436 4.524870396 0.041323528 0.999145567 0.000733550 -6.483819485 -0.075241372 0.002379804 0.997162461 58.517875671
0.996240795 -0.043315873 0.075019389 4.668190002 0.043622218 0.999045074 -0.002448997 -6.610456944 -0.074841671 0.005712302 0.997179091 59.729202271
0.996260643 -0.044404633 0.074115328 4.816108227 0.045030281 0.998962522 -0.006791138 -6.737183094 -0.073736861 0.010103177 0.997226596 60.917182922
0.996258795 -0.045677397 0.073362038 4.945268154 0.046594545 0.998855054 -0.010838402 -6.863637924 -0.072782971 0.014216125 0.997246504 62.124099731
0.996306360 -0.047136847 0.071776815 5.088477612 0.048216164 0.998747349 -0.013378496 -6.994365215 -0.071056277 0.016789885 0.997331023 63.313121796
0.996420920 -0.047536120 0.069896892 5.219027042 0.048594140 0.998727143 -0.013514266 -7.128727913 -0.069165498 0.016862480 0.997462690 64.504226685
0.996627569 -0.047033768 0.067241848 5.349884033 0.048004784 0.998763859 -0.012897568 -7.263697147 -0.066552103 0.016082000 0.997653306 65.679473877
0.996887028 -0.046128668 0.063940510 5.472565651 0.046904359 0.998842239 -0.010682981 -7.406854153 -0.063373707 0.013648815 0.997896552 66.883232117
0.997273564 -0.042328022 0.060446396 5.590661049 0.042841993 0.999055624 -0.007231734 -7.535145283 -0.060083218 0.009801663 0.998145223 68.058502197
0.997492611 -0.040619783 0.057953387 5.696585655 0.040966511 0.999148965 -0.004806892 -7.658583641 -0.057708811 0.007168988 0.998307645 69.223281860
0.997782707 -0.039041236 0.053901285 5.824547768 0.039524939 0.999187052 -0.007936741 -7.804422379 -0.053547602 0.010049588 0.998514712 70.442985535
0.997946739 -0.039429042 0.050473437 5.932050228 0.040201236 0.999088168 -0.014375866 -7.935731888 -0.049860585 0.016375445 0.998621941 71.602233887
0.998007953 -0.043005038 0.046159670 6.042845726 0.043864127 0.998879611 -0.017762050 -8.069703102 -0.045344088 0.019751420 0.998776138 72.776641846
0.998026431 -0.046452783 0.042254198 6.158114433 0.047042932 0.998807132 -0.013080563 -8.206881523 -0.041596178 0.015042509 0.999021232 73.965087891
0.998017550 -0.050269563 0.037868705 6.262286186 0.050608288 0.998686254 -0.008039190 -8.333807945 -0.037414826 0.009939725 0.999250352 75.122871399
0.998062193 -0.052637637 0.033180851 6.357288361 0.052850295 0.998586893 -0.005564318 -8.458798409 -0.032841068 0.007307154 0.999433875 76.304840088
0.998223186 -0.052029397 0.029036373 6.444966793 0.052141733 0.998634756 -0.003124442 -8.583957672 -0.028834164 0.004632897 0.999573469 77.465309143
0.998368979 -0.051426951 0.024790647 6.545177460 0.051531166 0.998664856 -0.003583006 -8.693829536 -0.024573287 0.004854653 0.999686241 78.625595093
0.998502493 -0.050290804 0.021529140 6.614438057 0.050409470 0.998716116 -0.005004953 -8.827086449 -0.021249795 0.006082729 0.999755621 79.784828186
0.998682737 -0.047965754 0.018226482 6.687692642 0.048156269 0.998788118 -0.010161212 -8.954172134 -0.017717006 0.011025544 0.999782205 80.929771423
0.998579681 -0.051300135 0.014383184 6.768585682 0.051516209 0.998558342 -0.015078163 -9.091612816 -0.013588937 0.015797716 0.999782801 82.091865540
0.998425663 -0.054910764 0.011444776 6.822133064 0.055091359 0.998351336 -0.016111277 -9.222394943 -0.010541225 0.016716421 0.999804676 83.231880188
0.998447418 -0.055178311 0.007628581 6.886476040 0.055271562 0.998391807 -0.012607598 -9.351536751 -0.006920648 0.013009667 0.999891341 84.369018555
0.998443484 -0.055567693 0.004793636 6.951045036 0.055614300 0.998400152 -0.010205786 -9.480820656 -0.004218854 0.010456491 0.999936402 85.507125854
0.998569787 -0.053329039 0.003784583 6.991529942 0.053370029 0.998506010 -0.011715048 -9.611556053 -0.003154177 0.011900275 0.999924242 86.643440247
0.998763561 -0.049612693 0.003165862 7.042208672 0.049654227 0.998657346 -0.014765648 -9.739599228 -0.002429047 0.014904588 0.999885976 87.763084412
0.998839974 -0.048109915 0.002042252 7.101200104 0.048138347 0.998687267 -0.017502349 -9.867338181 -0.001197534 0.017580356 0.999844730 88.865219116
0.998767436 -0.049616490 0.001367093 7.142399788 0.049633112 0.998603761 -0.018092398 -10.006171227 -0.000467503 0.018137950 0.999835312 90.000320435
0.998711586 -0.050747499 0.000034660 7.190696716 0.050741926 0.998591006 -0.015526572 -10.135832787 0.000753324 0.015508322 0.999879479 91.114273071
0.998644173 -0.052036084 -0.001444992 7.242992878 0.052013423 0.998564482 -0.012790261 -10.266339302 0.002108472 0.012697762 0.999917090 92.228462219
0.998666465 -0.051600542 -0.001629099 7.297399998 0.051576976 0.998594820 -0.012175872 -10.389197350 0.002255092 0.012075613 0.999924541 93.362037659
0.998636127 -0.052184548 -0.001642494 7.340187073 0.052155908 0.998537004 -0.014267501 -10.516990662 0.002384634 0.014162377 0.999896824 94.471115112
0.998625696 -0.052329749 -0.002892863 7.402004242 0.052269090 0.998468935 -0.018104393 -10.645840645 0.003835834 0.017928304 0.999831855 95.576675415
0.998605490 -0.052746434 -0.002192288 7.439685345 0.052694134 0.998422027 -0.019406337 -10.781440735 0.003212444 0.019263754 0.999809265 96.694297791
0.998565853 -0.053484514 -0.002401457 7.492678165 0.053434089 0.998415709 -0.017627930 -10.914343834 0.003340474 0.017474329 0.999841690 97.779609680
0.998624802 -0.052407239 -0.001371984 7.530088902 0.052385923 0.998547792 -0.012569671 -11.035663605 0.002028733 0.012480515 0.999920070 98.862548828
0.998709440 -0.050786778 -0.000165956 7.578270912 0.050783172 0.998668313 -0.009093781 -11.155943871 0.000627578 0.009073620 0.999958634 99.932662964
0.998824120 -0.048447952 0.001750148 7.620256901 0.048462003 0.998782992 -0.009157605 -11.276603699 -0.001304351 0.009231652 0.999956548 100.999771118
0.998898804 -0.046753950 0.003915668 7.665473461 0.046794042 0.998845458 -0.010865010 -11.398015976 -0.003403164 0.011036278 0.999933302 102.032859802
0.998866141 -0.047168266 0.006456345 7.716205120 0.047250502 0.998795271 -0.013240569 -11.518518448 -0.005824032 0.013530621 0.999891460 103.052726746
0.998778343 -0.048725314 0.008222778 7.766784191 0.048837896 0.998707354 -0.014096268 -11.635391235 -0.007525302 0.014480634 0.999866784 104.077171326
0.998670101 -0.050565235 0.010054432 7.825982571 0.050696984 0.998625398 -0.013310649 -11.749567986 -0.009367554 0.013802676 0.999860823 105.059135437
0.998635173 -0.050871585 0.011829367 7.881151199 0.051012363 0.998626947 -0.011920237 -11.868220329 -0.011206722 0.012507413 0.999858975 106.035690308
0.998580933 -0.051667891 0.012904685 7.949139595 0.051804174 0.998602450 -0.010459215 -11.977971077 -0.012346244 0.011112889 0.999862015 106.988929749
0.998517871 -0.052358601 0.014847892 8.003722191 0.052522134 0.998560786 -0.010846037 -12.085582733 -0.014258640 0.011609806 0.999830842 107.906677246
0.998500407 -0.052246854 0.016341511 8.065157890 0.052400716 0.998584330 -0.009133123 -12.185609818 -0.015841205 0.009975734 0.999824703 108.818695068
0.998519480 -0.051256761 0.018208144 8.121415138 0.051391929 0.998653829 -0.007034470 -12.283160210 -0.017823067 0.007959806 0.999809563 109.689903259
0.998496294 -0.051280398 0.019377323 8.182154655 0.051365361 0.998672187 -0.003912081 -12.384408951 -0.019150984 0.004901522 0.999804556 110.551376343
0.998450756 -0.051497951 0.021073436 8.238626480 0.051585846 0.998661876 -0.003648258 -12.477099419 -0.020857362 0.004729697 0.999771297 111.376968384
0.998485148 -0.050444115 0.021973189 8.291106224 0.050523426 0.998718143 -0.003069193 -12.566287041 -0.021790195 0.004174704 0.999753833 112.189521790
0.998586237 -0.048156708 0.022508964 8.340995789 0.048232622 0.998831987 -0.002841900 -12.646407127 -0.022345819 0.003923549 0.999742568 112.970954895
0.998719990 -0.045541774 0.022007918 8.383745193 0.045547690 0.998962045 0.000232589 -12.725579262 -0.021995667 0.000770119 0.999757767 113.727729797
0.998780072 -0.045564793 0.019029943 8.427164078 0.045544866 0.998961151 0.001479844 -12.811991692 -0.019077605 -0.000611322 0.999817848 114.480690002
0.998877645 -0.045661647 0.012589619 8.461511612 0.045645520 0.998956382 0.001565626 -12.885652542 -0.012647970 -0.000989209 0.999919534 115.178344727
0.999024689 -0.044105686 0.002084808 8.488279343 0.044104811 0.999026835 0.000466076 -12.961824417 -0.002103332 -0.000373672 0.999997675 115.850341797
0.999077678 -0.041229039 -0.011999240 8.488012314 0.041203510 0.999147952 -0.002366642 -13.031333923 0.012086589 0.001870048 0.999925196 116.494132996
0.998748541 -0.039616462 -0.030525768 8.480759621 0.039483510 0.999207973 -0.004946318 -13.100741386 0.030697545 0.003734864 0.999521732 117.113998413
0.997876227 -0.038001563 -0.052904584 8.445859909 0.037668422 0.999263704 -0.007280350 -13.169761658 0.053142302 0.005272056 0.998573005 117.702255249
0.996061683 -0.036503032 -0.080800794 8.405056000 0.035871934 0.999313533 -0.009248821 -13.235966682 0.081082940 0.006313914 0.996687353 118.269500732
0.993057311 -0.034236800 -0.112540022 8.328783989 0.033173893 0.999385655 -0.011304330 -13.304193497 0.112857908 0.007492455 0.993582904 118.810256958
0.988590300 -0.029617613 -0.147688732 8.214414597 0.028053723 0.999526262 -0.012661364 -13.369113922 0.147993758 0.008373684 0.988952875 119.350830078
0.982216835 -0.023702860 -0.186247557 8.096143723 0.021816408 0.999687850 -0.012172069 -13.430928230 0.186477914 0.007892361 0.982427478 119.881874084
0.973530710 -0.018538721 -0.227803051 7.941209793 0.016650639 0.999809265 -0.010207378 -13.489135742 0.227948830 0.006144129 0.973653734 120.402435303
0.962013900 -0.013787256 -0.272652119 7.775764465 0.011900746 0.999892414 -0.008571686 -13.549671173 0.272740901 0.005001317 0.962074518 120.886932373
0.947470546 -0.007905174 -0.319745362 7.581043243 0.005239564 0.999943912 -0.009196065 -13.605014801 0.319800138 0.007037675 0.947458804 121.367927551
0.930033982 -0.000137864 -0.367473364 7.350757599 -0.003784030 0.999943376 -0.009952106 -13.658512115 0.367453933 0.010646327 0.929980755 121.826942444
0.908748806 0.004388835 -0.417320430 7.106269836 -0.009732572 0.999895632 -0.010677848 -13.712852478 0.417230010 0.013765083 0.908696651 122.255538940
0.883540332 0.009140379 -0.468265891 6.827026367 -0.015330887 0.999838293 -0.009410374 -13.768682480 0.468104124 0.015493379 0.883537412 122.677505493
0.854352593 0.012283240 -0.519548833 6.541587830 -0.019972870 0.999758124 -0.009207224 -13.813166618 0.519309998 0.018243093 0.854391158 123.072784424
0.822568655 0.022102464 -0.568236232 6.212951660 -0.030847821 0.999507368 -0.005777310 -13.862219810 0.567828596 0.022281084 0.822845221 123.444297791
0.788553238 0.035012651 -0.613969088 5.861454010 -0.044033591 0.999029934 0.000416726 -13.903829575 0.613388062 0.026706653 0.789330006 123.798744202
0.752798021 0.044196565 -0.656766176 5.508861542 -0.055532482 0.998450577 0.003537560 -13.948147774 0.655904949 0.033808783 0.754086018 124.100189209
0.712808311 0.047940221 -0.699718595 5.142356873 -0.062808357 0.998016059 0.004394325 -13.992950439 0.698541105 0.040815860 0.714405119 124.396987915
0.670364261 0.049653698 -0.740368962 4.760223389 -0.065451480 0.997826397 0.007657582 -14.039945602 0.739139915 0.043324869 0.672157049 124.680267334
0.626529098 0.053246692 -0.777577102 4.345108032 -0.068964720 0.997537792 0.012741089 -14.073668480 0.776340842 0.045642722 0.628658593 124.949966431
0.581129193 0.061955426 -0.811449587 3.924884796 -0.080038972 0.996614933 0.018772243 -14.108963966 0.809865832 0.054038495 0.584120870 125.178260803
0.535416782 0.070815042 -0.841614068 3.485866547 -0.091694728 0.995462418 0.025425933 -14.132867813 0.839595795 0.063558094 0.539480686 125.382431030
0.488353580 0.076122969 -0.869319379 3.033172607 -0.097235143 0.994731247 0.032481469 -14.162693977 0.867211759 0.068665959 0.493182361 125.579780579
0.441245288 0.077906303 -0.893998504 2.571853638 -0.096854702 0.994539499 0.038863860 -14.189082146 0.892144620 0.069439456 0.446381330 125.754898071
0.393926829 0.078848951 -0.915753484 2.096813202 -0.093382910 0.994591594 0.045466889 -14.209677696 0.914385736 0.067605101 0.399159402 125.930641174
0.348056525 0.081424311 -0.933930755 1.608070374 -0.095116854 0.994147241 0.051226176 -14.228812218 0.932635725 0.071002945 0.353764236 126.072357178
0.304287016 0.084812880 -0.948797226 1.105953217 -0.100994550 0.993287086 0.056400031 -14.247170448 0.947211444 0.078661568 0.310810000 126.185600281
0.262985170 0.086249746 -0.960936904 0.577960968 -0.105643302 0.992581606 0.060178008 -14.263464928 0.958998561 0.085690618 0.270145953 126.290824890
0.223488271 0.082922384 -0.971172929 0.046892166 -0.105807260 0.992550611 0.060399115 -14.283816338 0.968946755 0.089258656 0.230597183 126.386650085
0.188804448 0.077854924 -0.978923678 -0.488176346 -0.100724600 0.993130147 0.059558082 -14.303249359 0.976835430 0.087356880 0.195349291 126.475006104
0.158069134 0.072902709 -0.984733045 -1.037252426 -0.098140270 0.993492842 0.057797756 -14.326141357 0.982538879 0.087505929 0.164195210 126.554458618
0.131888062 0.071550541 -0.988678932 -1.610254288 -0.099599987 0.993300557 0.058598541 -14.346821785 0.986248136 0.090743966 0.138130933 126.614341736
0.109134324 0.070397377 -0.991531074 -2.186396599 -0.100169189 0.993190348 0.059489906 -14.359821320 0.988967001 0.092828497 0.115442812 126.685867310
0.090564713 0.071763419 -0.993301570 -2.779657364 -0.102037646 0.992820024 0.062425282 -14.376261711 0.990649462 0.095700637 0.097237036 126.742897034
0.074670598 0.069979921 -0.994749784 -3.388867378 -0.102900021 0.992750347 0.062115107 -14.398712158 0.991885066 0.097721584 0.081330195 126.787155151
0.060556419 0.068812929 -0.995789945 -4.007707119 -0.101249427 0.992898703 0.062455900 -14.426970482 0.993016362 0.097041056 0.067093655 126.837539673
0.048818588 0.066304751 -0.996604443 -4.646587372 -0.097454801 0.993349373 0.061314382 -14.448912621 0.994041979 0.094130591 0.054955628 126.872215271
0.036233701 0.063759871 -0.997307301 -5.293343067 -0.094958827 0.993666768 0.060077120 -14.468139648 0.994821608 0.092526302 0.042058788 126.917304993
0.025435949 0.063001081 -0.997689247 -5.962019920 -0.095306888 0.993618965 0.060314223 -14.492452621 0.995122910 0.093552507 0.031278081 126.951278687
0.015659742 0.064487390 -0.997795701 -6.633517742 -0.098643087 0.993149459 0.062638991 -14.514221191 0.994999647 0.097444735 0.021913702 126.971183777
0.007571384 0.064312153 -0.997901142 -7.311215401 -0.101466991 0.992828369 0.063215390 -14.540373802 0.994810164 0.100775391 0.014042649 126.982238770
0.000712193 0.063439399 -0.997985542 -8.002377510 -0.103420854 0.992638767 0.063025743 -14.560729980 0.994637370 0.103167631 0.007267910 127.002105713
-0.004630277 0.064362943 -0.997915745 -8.699998856 -0.104203403 0.992462575 0.064494722 -14.579385757 0.994545162 0.104284860 0.002111460 127.018150330
-0.008009830 0.066844806 -0.997731209 -9.421049118 -0.106553227 0.992025554 0.067317978 -14.598113060 0.994274795 0.106850684 -0.000823426 127.035751343
-0.008599228 0.070879236 -0.997447729 -10.156457901 -0.108705640 0.991506934 0.071394242 -14.624370575 0.994036794 0.109042130 -0.000821222 127.033874512
-0.009853442 0.074187078 -0.997195661 -10.875985146 -0.110961676 0.991004050 0.074822873 -14.642000198 0.993775964 0.111387752 -0.001532878 127.045242310
-0.010511391 0.079578169 -0.996773243 -11.614645004 -0.115617864 0.990045786 0.080260307 -14.648374557 0.993238151 0.116088443 -0.001206102 127.051834106
-0.011719298 0.083154492 -0.996467769 -12.357494354 -0.118640065 0.989381373 0.083958440 -14.659626961 0.992868066 0.119204961 -0.001729400 127.059036255
-0.012819053 0.083742969 -0.996404946 -13.109825134 -0.119039625 0.989272296 0.084674992 -14.677965164 0.992806673 0.119697131 -0.002712802 127.071655273
-0.014373682 0.080790445 -0.996627450 -13.853434563 -0.116658650 0.989787936 0.081918508 -14.697467804 0.993067980 0.117442690 -0.004801991 127.091461182
-0.015851980 0.077195227 -0.996889949 -14.616494179 -0.120492548 0.989601910 0.078546882 -14.702470779 0.992587686 0.121362932 -0.006385699 127.098823547
-0.017051436 0.079141907 -0.996717513 -15.383307457 -0.125875875 0.988761187 0.080663592 -14.715333939 0.991899490 0.126838103 -0.006897742 127.097366333
-0.018324928 0.081782952 -0.996481597 -16.173902512 -0.122278355 0.988984168 0.083416276 -14.727851868 0.992326677 0.123376742 -0.008122778 127.107826233
-0.020616936 0.081842497 -0.996431947 -16.947523117 -0.120984606 0.989115536 0.083744809 -14.744268417 0.992440224 0.122279517 -0.010490850 127.123497009
-0.021028509 0.081316397 -0.996466398 -17.742532730 -0.124771751 0.988681376 0.083314165 -14.754934311 0.991962671 0.126082838 -0.010644505 127.112419128
-0.022692770 0.080863617 -0.996466935 -18.531082153 -0.128767073 0.988184929 0.083124004 -14.768088341 0.991415143 0.130198479 -0.012012079 127.131904602
-0.023796564 0.085151799 -0.996083796 -19.328605652 -0.130631834 0.987558305 0.087543800 -14.773963928 0.991145313 0.132203490 -0.012376961 127.136833191
-0.024535602 0.090081356 -0.995632112 -20.132186890 -0.129994556 0.987188637 0.092520908 -14.787745476 0.991211116 0.131696820 -0.012511181 127.149032593
-0.023698684 0.092221007 -0.995456517 -20.964372635 -0.130782962 0.986892998 0.094541200 -14.794705391 0.991127729 0.132429242 -0.011327130 127.160110474
-0.021783605 0.091193140 -0.995594919 -21.782812119 -0.130154148 0.987097681 0.093262613 -14.802808762 0.991254389 0.131612405 -0.009633379 127.167663574
-0.020392153 0.091015510 -0.995640635 -22.614339828 -0.130176306 0.987128615 0.092903607 -14.805808067 0.991281152 0.131503329 -0.008281615 127.174232483
-0.020647569 0.090137519 -0.995715261 -23.444770813 -0.128472894 0.987431765 0.092051685 -14.812243462 0.991498053 0.129823074 -0.008807836 127.199577332
-0.019568244 0.092101574 -0.995557249 -24.283718109 -0.129438534 0.987134635 0.093866557 -14.818714142 0.991394341 0.130700290 -0.007394997 127.212478638
-0.019092886 0.094320960 -0.995358706 -25.121147156 -0.131137565 0.986703575 0.096016251 -14.821950912 0.991180360 0.132362142 -0.006469999 127.225944519
-0.019087765 0.096639216 -0.995136321 -25.990928650 -0.133916721 0.986102045 0.098330535 -14.822340965 0.990808725 0.135142297 -0.005880877 127.238426208
-0.017490767 0.097642958 -0.995067775 -26.854911804 -0.136047736 0.985731483 0.099118188 -14.819111824 0.990547836 0.137110353 -0.003957098 127.247817993
-0.015648071 0.100658461 -0.994797945 -27.725048065 -0.142851666 0.984488428 0.101862334 -14.818338394 0.989620388 0.143702462 -0.001026117 127.259101868
-0.013367363 0.104551174 -0.994429588 -28.601236343 -0.147261426 0.983468115 0.105378240 -14.814876556 0.989007294 0.147849724 0.002249981 127.273216248
-0.011225371 0.106476568 -0.994251847 -29.475728989 -0.149801120 0.982914329 0.106953703 -14.810541153 0.988652349 0.150140643 0.004916732 127.300872803
-0.007272908 0.107346423 -0.994195044 -30.375833511 -0.148951679 0.983013451 0.107228734 -14.812604904 0.988817751 0.148866892 0.008840060 127.318634033
-0.004574493 0.107336059 -0.994212270 -31.268314362 -0.151628926 0.982652247 0.106785700 -14.806934357 0.988426983 0.151239797 0.011780113 127.344047546
-0.002044050 0.111032732 -0.993814647 -32.169528961 -0.152004436 0.982233763 0.110051528 -14.799030304 0.988377750 0.151289180 0.014869732 127.372756958
0.000255401 0.113274261 -0.993563712 -33.083080292 -0.151304141 0.982129514 0.111931771 -14.795599937 0.988487244 0.150301680 0.017389702 127.411247253
0.002014418 0.114494927 -0.993421793 -33.976383209 -0.151816517 0.981943727 0.112864174 -14.791724205 0.988406718 0.150590464 0.019360265 127.450363159
0.004602779 0.112665698 -0.993622363 -34.879791260 -0.153113574 0.981995583 0.110638089 -14.785071373 0.988197923 0.151627809 0.021770556 127.478500366
0.004869215 0.113787644 -0.993493140 -35.782470703 -0.157211095 0.981237471 0.111613482 -14.776397705 0.987553000 0.155644700 0.022666540 127.517517090
0.006041634 0.114408657 -0.993415356 -36.676147461 -0.158030391 0.981059015 0.112024531 -14.771823883 0.987415791 0.156313002 0.024007246 127.551467896
0.006176915 0.110804468 -0.993822992 -37.573192596 -0.158189848 0.981436014 0.108440191 -14.769710541 0.987389386 0.156542897 0.023590393 127.585792542
0.007074310 0.106786594 -0.994256794 -38.483291626 -0.159514934 0.981670260 0.104299784 -14.769916534 0.987170279 0.157860965 0.023978693 127.627723694
0.007688733 0.105951488 -0.994341612 -39.381458282 -0.159235954 0.981812239 0.103385150 -14.763570786 0.987210631 0.157540053 0.024420183 127.665351868
0.007479130 0.110062167 -0.993896604 -40.287914276 -0.161432698 0.981019855 0.107421443 -14.759995461 0.986855388 0.159643978 0.025104810 127.704589844
0.007693291 0.116318777 -0.993182063 -41.218048096 -0.162175104 0.980207860 0.113543019 -14.748718262 0.986731946 0.160195902 0.026405031 127.740219116
0.007950559 0.115110122 -0.993320823 -42.112262726 -0.160022616 0.980696917 0.112366378 -14.749858856 0.987081289 0.158060476 0.026217317 127.782493591
0.008656840 0.104679711 -0.994468272 -43.002349854 -0.159221664 0.981961906 0.101977237 -14.755017281 0.987204909 0.157458097 0.025167966 127.824951172
0.008973738 0.094195187 -0.995513320 -43.925174713 -0.161021337 0.982697427 0.091531076 -14.760169029 0.986910224 0.159477532 0.023985902 127.863143921
0.007871252 0.091146052 -0.995806396 -44.826541901 -0.157892376 0.983458400 0.088767782 -14.768558502 0.987424910 0.156531557 0.022132315 127.906738281
0.007634907 0.101256579 -0.994831085 -45.747756958 -0.150518596 0.983641565 0.098962508 -14.772495270 0.988577724 0.148985013 0.022751009 127.954330444
0.007591828 0.114275470 -0.993420064 -46.697433472 -0.145144179 0.983053863 0.111973807 -14.767570496 0.989381313 0.143339068 0.024049593 128.013717651
0.007620823 0.123378962 -0.992330372 -47.620143890 -0.145425439 0.981945753 0.120970979 -14.759763718 0.989339828 0.143388197 0.025425673 128.056777954
0.007621804 0.117609672 -0.993030667 -48.536449432 -0.145545065 0.982614875 0.115258984 -14.755947113 0.989322245 0.143652260 0.024606809 128.094619751
0.007706262 0.104103953 -0.994536579 -49.463417053 -0.145497769 0.984098613 0.101883933 -14.757191658 0.989328563 0.143917710 0.022730617 128.133789062
0.008379665 0.095400870 -0.995403767 -50.379207611 -0.145857990 0.984908819 0.093167141 -14.757987976 0.989270091 0.144406870 0.022168187 128.173873901
0.008886036 0.095233545 -0.995415390 -51.316104889 -0.144771948 0.985089183 0.092953265 -14.762483597 0.989425182 0.143282205 0.022540685 128.214172363
0.008190807 0.096823618 -0.995267808 -52.258445740 -0.147996485 0.984457552 0.094553962 -14.777918816 0.988954008 0.146521702 0.022393053 128.249053955
0.008788583 0.096190758 -0.995324254 -53.207557678 -0.152874112 0.983790994 0.093726337 -14.785278320 0.988206565 0.151335552 0.023351209 128.288574219
0.009192131 0.095605433 -0.995376825 -54.140033722 -0.154311582 0.983630478 0.093052186 -14.785962105 0.987979472 0.152742818 0.023794688 128.329147339
0.010349585 0.102982968 -0.994629323 -55.087070465 -0.163620234 0.981450498 0.099915907 -14.782670975 0.986469150 0.161707357 0.027007697 128.357192993
0.011970681 0.112561136 -0.993572652 -56.037464142 -0.169390604 0.979510844 0.108927257 -14.779817581 0.985476315 0.166997954 0.030792210 128.391174316
0.012770050 0.120573387 -0.992622256 -57.011135101 -0.169392794 0.978615761 0.116692781 -14.776575089 0.985465825 0.166652888 0.032921229 128.449356079
0.013689847 0.121554233 -0.992490411 -57.953815460 -0.170771748 0.978284419 0.117458843 -14.769559860 0.985215485 0.167881280 0.034150586 128.492248535
0.015174121 0.111716494 -0.993624270 -58.895061493 -0.172583237 0.979116857 0.107449748 -14.763999939 0.984878123 0.169852406 0.034137629 128.538772583
0.016258329 0.107066818 -0.994118810 -59.836978912 -0.170964792 0.979905903 0.102740005 -14.764688492 0.985143006 0.168288961 0.034236282 128.588684082
0.018218555 0.105519012 -0.994250357 -60.783416748 -0.169738829 0.980307162 0.100928940 -14.769662857 0.985320687 0.166924104 0.035770446 128.649398804
0.021786911 0.111264765 -0.993551910 -61.782287598 -0.171272308 0.979511738 0.105936721 -14.765239716 0.984982789 0.167859942 0.040397104 128.700698853
0.025342872 0.113304295 -0.993237019 -62.742961884 -0.174063981 0.978879213 0.107225083 -14.764696121 0.984408140 0.170169443 0.044529807 128.753463745
0.029806383 0.108069234 -0.993696451 -63.693668365 -0.173472345 0.979611516 0.101334028 -14.764756203 0.984387636 0.169358447 0.047945693 128.808227539
0.032322425 0.102384314 -0.994219661 -64.651092529 -0.173405871 0.980228126 0.095305972 -14.771657944 0.984319866 0.169323042 0.049437393 128.877105713
0.035783961 0.102458477 -0.994093418 -65.621696472 -0.170895472 0.980705678 0.094926976 -14.776922226 0.984639108 0.166489229 0.052603230 128.942993164
0.038403597 0.106998704 -0.993517220 -66.601356506 -0.168364614 0.980729282 0.099113472 -14.793779373 0.984976411 0.163466826 0.055678330 129.025131226
0.041732982 0.113678217 -0.992640734 -67.557952881 -0.167693511 0.980209708 0.105204351 -14.795085907 0.984955490 0.162068889 0.059970170 129.103881836
0.044325948 0.117643282 -0.992066205 -68.526947021 -0.165575996 0.980173290 0.108834967 -14.799205780 0.985200346 0.159438103 0.062925994 129.184997559
0.046530366 0.119416937 -0.991753161 -69.509315491 -0.165093318 0.980094612 0.110267378 -14.800029755 0.985179782 0.158601031 0.065319076 129.262619019
0.048639815 0.116536386 -0.991994679 -70.456611633 -0.163557991 0.980693400 0.107189104 -14.796778679 0.985333920 0.157034993 0.066761196 129.336425781
0.049175370 0.115151748 -0.992129982 -71.402717590 -0.161519513 0.981173813 0.105874337 -14.800685883 0.985643506 0.155041948 0.066848844 129.423202515
0.049486578 0.111816265 -0.992495894 -72.349678040 -0.158340260 0.982024729 0.102741592 -14.810735703 0.986143649 0.152067766 0.066302054 129.511779785
0.049652096 0.111411512 -0.992533207 -73.338035583 -0.157264724 0.982234418 0.102388196 -14.803878784 0.986307502 0.151006699 0.066291101 129.585678101
0.049390648 0.116060324 -0.992013395 -74.291732788 -0.153973743 0.982236981 0.107250445 -14.805105209 0.986839652 0.147446886 0.066383556 129.668899536
0.048820548 0.117794305 -0.991837263 -75.253204346 -0.147957325 0.982918561 0.109452285 -14.808669090 0.987788081 0.141406044 0.065415151 129.763717651
0.048156798 0.113107890 -0.992414951 -76.216110229 -0.145101175 0.983820319 0.105087303 -14.794321060 0.988244236 0.138939932 0.063789718 129.841415405
0.046593137 0.109670497 -0.992875338 -77.170890808 -0.147516713 0.983812273 0.101746805 -14.802244186 0.987961471 0.141725048 0.062017128 129.920501709
0.045323838 0.106918022 -0.993234217 -78.120574951 -0.143934503 0.984580517 0.099418394 -14.804800034 0.988548696 0.138454661 0.060014173 130.001037598
0.043927293 0.107611641 -0.993222117 -79.084403992 -0.144092724 0.984468937 0.100290470 -14.806673050 0.988588691 0.138710618 0.058751114 130.069702148
0.043347955 0.108876191 -0.993109703 -80.046508789 -0.145801827 0.984090865 0.101523377 -14.809144020 0.988363683 0.140396386 0.058532681 130.137741089
0.042009175 0.109095596 -0.993143141 -81.000816345 -0.147315443 0.983832479 0.101841517 -14.810941696 0.988197029 0.142027065 0.057401460 130.208175659
0.040782724 0.110364988 -0.993053973 -81.952110291 -0.147321180 0.983682394 0.103273273 -14.815739632 0.988247573 0.142086163 0.056376353 130.271224976
0.038760222 0.110639676 -0.993104517 -82.915542603 -0.147230208 0.983636558 0.103838578 -14.817410469 0.988342524 0.142190188 0.054415476 130.340209961
0.036902644 0.112333231 -0.992985129 -83.873985291 -0.147349730 0.983412266 0.105774298 -14.805610657 0.988395810 0.142412722 0.052842796 130.411560059
0.035498928 0.116327718 -0.992576241 -84.828422546 -0.148816407 0.982744098 0.109853074 -14.799787521 0.988227487 0.143811986 0.052197833 130.467163086
0.033624269 0.121228807 -0.992054939 -85.778266907 -0.150018468 0.981982350 0.114913292 -14.789871216 0.988111317 0.144962683 0.051205002 130.527893066
0.031049499 0.120925047 -0.992175937 -86.725463867 -0.149685949 0.982022703 0.115003251 -14.786553383 0.988245904 0.144944012 0.048592094 130.594055176
0.029872334 0.115589738 -0.992847800 -87.670845032 -0.149688676 0.982607067 0.109893732 -14.781347275 0.988281786 0.145335302 0.046655256 130.653854370
0.027500017 0.110828899 -0.993458927 -88.617691040 -0.153607115 0.982499480 0.105354272 -14.768707275 0.987749279 0.149705097 0.044042859 130.711654663
0.026438363 0.108719327 -0.993720829 -89.562088013 -0.151542529 0.983015418 0.103516214 -14.766262054 0.988097131 0.147854179 0.042464916 130.772827148
0.025751082 0.110023148 -0.993595362 -90.528556824 -0.147225469 0.983504236 0.105090097 -14.769569397 0.988767624 0.143576384 0.041524515 130.826339722
0.025207153 0.111415371 -0.993454158 -91.477828979 -0.144169629 0.983786464 0.106673107 -14.768114090 0.989231884 0.140536979 0.040861163 130.884506226
0.024256270 0.111490689 -0.993469536 -92.426620483 -0.138730362 0.984522045 0.107099384 -14.772993088 0.990033090 0.135226503 0.039347976 130.945938110
0.022965513 0.108659253 -0.993813813 -93.370010376 -0.134898663 0.985321522 0.104613453 -14.776250839 0.990593195 0.131661654 0.037286405 131.006759644
0.022307554 0.105522655 -0.994166672 -94.313407898 -0.129597589 0.986328959 0.101782769 -14.779946327 0.991315722 0.126571089 0.035678063 131.067993164
0.020249935 0.107940666 -0.993951023 -95.296966553 -0.127878413 0.986269057 0.104501121 -14.781130791 0.991583109 0.124988742 0.033775158 131.122985840
0.018957319 0.110339500 -0.993713081 -96.245452881 -0.127270907 0.986072838 0.107063159 -14.779678345 0.991686821 0.124441154 0.032736301 131.176773071
0.017837714 0.108127400 -0.993977010 -97.203704834 -0.123130403 0.986805439 0.105137601 -14.775742531 0.992230177 0.120513357 0.030916123 131.221679688
0.015818732 0.105362512 -0.994308054 -98.153556824 -0.120163143 0.987425506 0.102721490 -14.777714729 0.992628157 0.117854245 0.028280504 131.267639160
0.011953985 0.102005750 -0.994711995 -99.121055603 -0.118910193 0.987869084 0.099875003 -14.768799782 0.992833078 0.117087469 0.023938496 131.321762085
0.009331517 0.101266876 -0.994815528 -100.075714111 -0.113357656 0.988552749 0.099566065 -14.780327797 0.993510425 0.111840844 0.020704078 131.367630005
0.007089918 0.101309016 -0.994829714 -101.035011292 -0.106607296 0.989261508 0.099982195 -14.775579453 0.994275987 0.105347238 0.017814063 131.407852173
0.004698272 0.109508954 -0.993974626 -101.998321533 -0.097010240 0.989347160 0.108540572 -14.780402184 0.995272279 0.095915779 0.015271712 131.465133667
0.002061117 0.117651224 -0.993052781 -102.955894470 -0.088963829 0.989138901 0.117002867 -14.776301384 0.996032655 0.088104621 0.012505432 131.517700195
-0.000844340 0.117249452 -0.993102193 -103.909126282 -0.084627882 0.989531517 0.116899833 -14.770277977 0.996412218 0.084142834 0.009087070 131.561203003
-0.003518564 0.106398806 -0.994317293 -104.865699768 -0.085037366 0.990689933 0.106311567 -14.763412476 0.996371508 0.084928200 0.005562069 131.593093872
-0.005601252 0.097111881 -0.995257616 -105.812530518 -0.086897224 0.991461098 0.097230472 -14.763614655 0.996201515 0.087029740 0.002885329 131.627258301
-0.005893549 0.098577693 -0.995111883 -106.772079468 -0.094126165 0.990656376 0.098693751 -14.766078949 0.995542824 0.094247751 0.003440259 131.644027710
-0.006736516 0.108124301 -0.994114578 -107.736335754 -0.097593777 0.989320278 0.108264178 -14.757528305 0.995203555 0.097748727 0.003887688 131.676010132
-0.008241082 0.119502738 -0.992799759 -108.699562073 -0.101586498 0.987596750 0.119719729 -14.746472359 0.994792521 0.101841666 0.004001000 131.702056885
-0.009568272 0.121220775 -0.992579520 -109.642059326 -0.108660147 0.986621022 0.121540546 -14.736898422 0.994032860 0.109016746 0.003731609 131.729385376
-0.009127548 0.117925413 -0.992980480 -110.624877930 -0.115899138 0.986204565 0.118186064 -14.717075348 0.993219078 0.116164319 0.004665825 131.742111206
-0.009297814 0.114140801 -0.993421078 -111.579750061 -0.124119639 0.985649288 0.114409558 -14.706502914 0.992223740 0.124366812 0.005002730 131.762969971
-0.006969038 0.116069332 -0.993216634 -112.545829773 -0.128731117 0.984872043 0.115997426 -14.687952995 0.991655171 0.128666282 0.008078124 131.783462524
-0.005496211 0.117215432 -0.993091285 -113.527000427 -0.136889249 0.983669043 0.116860919 -14.670042992 0.990571082 0.136585832 0.010639075 131.803390503
-0.005032764 0.119822025 -0.992782593 -114.490509033 -0.146046042 0.982061863 0.119268470 -14.653640747 0.989264965 0.145592228 0.012557048 131.822463989
-0.004669526 0.121953659 -0.992524803 -115.465881348 -0.151467904 0.980997443 0.121249884 -14.632793427 0.988451064 0.150901854 0.013891277 131.845458984
-0.004575727 0.121296354 -0.992605805 -116.436378479 -0.155498415 0.980455577 0.120528415 -14.620965004 0.987825513 0.154900163 0.014375095 131.884765625
-0.003167748 0.111937761 -0.993710160 -117.390792847 -0.154491916 0.981729805 0.111080706 -14.624851227 0.987988949 0.153872073 0.014183606 131.916091919
-0.001618982 0.100252673 -0.994960666 -118.342781067 -0.157451853 0.982525885 0.099255942 -14.616528511 0.987525284 0.156819120 0.014194279 131.949203491
