1.000000000 0.000000000 0.000000000 0.000000000 0.000000000 1.000000000 0.000000000 0.000000000 0.000000000 0.000000000 1.000000000 0.000000000
0.999997854 -0.001566492 -0.001340567 0.049031574 0.001563651 0.999996543 -0.002117794 -0.132966936 0.001343880 0.002115693 0.999996841 1.297978997
0.999997318 0.000002406 -0.002288477 0.107415073 -0.000017092 0.999979377 -0.006417521 -0.267466605 0.002288414 0.006417544 0.999976814 2.605254889
0.999995887 0.002453882 -0.001487328 0.151924282 -0.002465702 0.999964952 -0.007998146 -0.405179083 0.001467649 0.008001780 0.999966919 3.910209179
0.999983609 0.005728251 0.000071031 0.196244702 -0.005727641 0.999960840 -0.006740153 -0.543522894 -0.000109638 0.006739635 0.999977350 5.222192764
0.999975681 0.006562280 0.002328515 0.243065938 -0.006554675 0.999973238 -0.003258292 -0.690024614 -0.002349834 0.003242951 0.999991953 6.538187981
0.999961019 0.006784470 0.005653949 0.298877686 -0.006773932 0.999975383 -0.001880815 -0.827730894 -0.005666570 0.001842442 0.999982238 7.840752602
0.999945939 0.005225540 0.008979800 0.355685323 -0.005209347 0.999984741 -0.001825722 -0.961897433 -0.008989204 0.001778844 0.999957979 9.148157120
0.999916375 0.003954642 0.012303882 0.433762699 -0.003932795 0.999990642 -0.001799247 -1.098137617 -0.012310882 0.001750708 0.999922752 10.448206902
0.999872208 0.002793280 0.015739528 0.495975971 -0.002754506 0.999993145 -0.002484652 -1.238315582 -0.015746361 0.002440980 0.999873042 11.758297920
0.999814093 0.001783027 0.019196033 0.571616113 -0.001720572 0.999993205 -0.003269543 -1.375150919 -0.019201731 0.003235907 0.999810338 13.051140785
0.999743879 0.001635299 0.022569979 0.637796164 -0.001562930 0.999993563 -0.003223703 -1.523736238 -0.022575105 0.003187602 0.999740005 14.370914459
0.999662280 0.001539460 0.025940262 0.721827865 -0.001428106 0.999989688 -0.004310688 -1.661245704 -0.025946632 0.004272188 0.999654174 15.668433189
0.999574065 0.002341585 0.029089028 0.805399060 -0.002220815 0.999988794 -0.004183348 -1.801364064 -0.029098498 0.004116965 0.999568045 16.975368500
0.999484003 0.002032831 0.032057587 0.897558808 -0.001914477 0.999991238 -0.003722181 -1.941812754 -0.032064874 0.003658886 0.999479115 18.261688232
0.999412119 0.000313596 0.034282632 0.998073339 -0.000189942 0.999993443 -0.003610103 -2.081375360 -0.034283530 0.003601468 0.999405682 19.556844711
0.999355733 -0.002081181 0.035829253 1.094488621 0.002255114 0.999985933 -0.004814765 -2.221725464 -0.035818726 0.004892463 0.999346316 20.834775925
0.999306738 -0.001741392 0.037189297 1.191135645 0.001982513 0.999977231 -0.006447719 -2.365235806 -0.037177227 0.006516979 0.999287367 22.143070221
0.999267280 -0.001772630 0.038236089 1.278848886 0.002124719 0.999955595 -0.009169612 -2.506016254 -0.038218148 0.009244132 0.999226630 23.426950455
0.999225616 -0.001162363 0.039330199 1.379796624 0.001579203 0.999942899 -0.010569053 -2.652550220 -0.039315678 0.010622979 0.999170303 24.716436386
0.999193132 -0.000509701 0.040160455 1.483125210 0.000955675 0.999938071 -0.011086392 -2.800960064 -0.040152319 0.011115827 0.999131739 25.984455109
0.999163151 -0.002033157 0.040851317 1.579683423 0.002445807 0.999946475 -0.010053837 -2.946110725 -0.040828690 0.010145336 0.999114633 27.281444550
0.999163508 -0.004966203 0.040589713 1.685222864 0.005332904 0.999945879 -0.008931055 -3.091691971 -0.040543169 0.009140046 0.999135911 28.558486938
0.999184251 -0.006488080 0.039857730 1.781609535 0.006864647 0.999933004 -0.009318183 -3.238563299 -0.039794602 0.009584192 0.999161839 29.851879120
0.999193132 -0.008189311 0.039317835 1.883265972 0.008668415 0.999890029 -0.012030439 -3.381602526 -0.039214987 0.012361556 0.999154270 31.116609573
0.999231696 -0.008328849 0.038296703 1.994773269 0.008792572 0.999889851 -0.011956234 -3.531913280 -0.038192905 0.012283775 0.999194860 32.403285980
0.999255836 -0.008800914 0.037554245 2.093362570 0.009273857 0.999879658 -0.012438037 -3.675201178 -0.037440263 0.012777053 0.999217153 33.670036316
0.999257088 -0.009278491 0.037403271 2.182037354 0.009750476 0.999874890 -0.012456249 -3.820772648 -0.037283011 0.012811693 0.999222636 34.941383362
0.999274015 -0.009782934 0.036819905 2.276100874 0.010272402 0.999861062 -0.013127973 -3.962589502 -0.036686361 0.013496671 0.999235690 36.199199677
0.999304354 -0.010406458 0.035811134 2.380625725 0.010878433 0.999856174 -0.013010006 -4.125588894 -0.035670597 0.013390525 0.999273896 37.489147186
0.999297678 -0.009986142 0.036116738 2.468049288 0.010402340 0.999881506 -0.011354174 -4.269903660 -0.035999075 0.011721898 0.999283075 38.755184174
0.999273181 -0.010206001 0.036730524 2.579195023 0.010585748 0.999892354 -0.010159058 -4.410167217 -0.036622893 0.010540492 0.999273479 40.019359589
0.999193370 -0.011813677 0.038380664 2.692384720 0.012142932 0.999891400 -0.008356863 -4.552659512 -0.038277764 0.008816177 0.999228179 41.274414062
0.999082506 -0.012915763 0.040832378 2.785409212 0.013324188 0.999863744 -0.009746224 -4.693828106 -0.040700931 0.010281338 0.999118388 42.531398773
0.998942673 -0.014112622 0.043753624 2.876737356 0.014689612 0.999808967 -0.012893874 -4.843051434 -0.043563299 0.013522964 0.998959064 43.776359558
0.998864830 -0.015318011 0.045103997 2.990781784 0.015962206 0.999775171 -0.013956996 -4.990434647 -0.044880062 0.014661112 0.998884797 45.044101715
0.998740733 -0.015715126 0.047642801 3.115360498 0.016346045 0.999783456 -0.012882160 -5.122561932 -0.047430035 0.013644711 0.998781383 46.279182434
0.998539090 -0.016837765 0.051343031 3.224149227 0.017336369 0.999806643 -0.009281484 -5.281309605 -0.051176824 0.010158028 0.998637915 47.551307678
0.998266220 -0.019845817 0.055414353 3.339170218 0.020273538 0.999768734 -0.007167111 -5.420465469 -0.055259299 0.008278131 0.998437643 48.777976990
0.998027921 -0.022047859 0.058772065 3.471134663 0.022526635 0.999718070 -0.007496146 -5.561949730 -0.058590222 0.008805299 0.998243213 50.027965546
0.997757018 -0.025450986 0.061913319 3.619149923 0.026206722 0.999591231 -0.011424934 -5.695864677 -0.061597236 0.013021853 0.998016059 51.263454437
0.997457266 -0.026809534 0.066033751 3.742036819 0.027609112 0.999555767 -0.011225751 -5.833952904 -0.065703481 0.013020338 0.997754216 52.492202759
0.997089982 -0.029141439 0.070444509 3.864409685 0.029843247 0.999514699 -0.008930531 -5.970049858 -0.070150077 0.011006836 0.997475684 53.711177826
0.996823967 -0.032004479 0.072922274 4.025505066 0.032491863 0.999456763 -0.005506932 -6.105334759 -0.072706401 0.007858822 0.997322440 54.923786163
0.996606112 -0.034481123 0.074748933 4.179246902 0.034877509 0.999383509 -0.004003626 -6.233688354 -0.074564815 0.006597096 0.997194290 56.141681671
0.996385992 -0.037638959 0.076145925 4.328244209 0.037813939 0.999284446 -0.000857032 -6.355539322 -0.076059178 0.003733312 0.997096300 57.349899292
0.996208251 -0.040739842 0.076873161 4.474782467 0.040805936 0.999166846 0.000711481 -6.483114719 -0.076838113 0.002428098 0.997040570 58.552017212
0.996163249 -0.042844247 0.076309621 4.626538754 0.043161243 0.999064922 -0.002508815 -6.605947971 -0.076130785 0.005792807 0.997080982 59.757427216
0.996178508 -0.043994166 0.075451501 4.776571751 0.044640731 0.998979270 -0.006903501 -6.733502388 -0.075070746 0.010245331 0.997125506 60.945713043
0.996192455 -0.045539573 0.074343458 4.912564754 0.046450607 0.998864651 -0.010570737 -6.865937233 -0.073777646 0.013983781 0.997176647 62.146652222
0.996254802 -0.047036480 0.072553270 5.057705879 0.048103791 0.998757303 -0.013033143 -6.996927738 -0.071850069 0.016474416 0.997279406 63.337486267
0.996372223 -0.047691375 0.070483804 5.195246696 0.048731152 0.998725891 -0.013105928 -7.133426666 -0.069768973 0.016493140 0.997426748 64.517135620
0.996583223 -0.047182880 0.067791730 5.326461315 0.048118830 0.998766601 -0.012239316 -7.268718243 -0.067130633 0.015459553 0.997624397 65.691925049
0.996849060 -0.046180826 0.064491436 5.450312138 0.046963330 0.998839617 -0.010669850 -7.405472755 -0.063923851 0.013664962 0.997861207 66.890541077
0.997243583 -0.042406548 0.060884278 5.568666458 0.042923529 0.999052346 -0.007208008 -7.532461643 -0.060520921 0.009801509 0.998118699 68.063552856
0.997501969 -0.040328853 0.057993408 5.682964325 0.040667538 0.999161839 -0.004671309 -7.662631035 -0.057756409 0.007018090 0.998305976 69.249244690
0.997720897 -0.039510958 0.054696303 5.795393467 0.039981719 0.999171972 -0.007539103 -7.797080994 -0.054353133 0.009708773 0.998474598 70.413696289
0.997895002 -0.039792497 0.051205255 5.906222820 0.040601950 0.999064744 -0.014865794 -7.925778389 -0.050565816 0.016913537 0.998577476 71.593009949
0.997958362 -0.042831365 0.047376640 6.014433861 0.043704275 0.998890460 -0.017544663 -8.074526787 -0.046572614 0.019579403 0.998722970 72.764488220
0.997973502 -0.046181593 0.043772146 6.115003586 0.046763401 0.998829484 -0.012361798 -8.211040497 -0.043150023 0.014383681 0.998965085 73.930999756
0.997960865 -0.050757620 0.038704515 6.228715897 0.051108576 0.998659909 -0.008132028 -8.333070755 -0.038239878 0.010093575 0.999217749 75.107872009
0.998015344 -0.052572977 0.034663536 6.322823048 0.052795682 0.998589814 -0.005540403 -8.451944351 -0.034323376 0.007359493 0.999383688 76.282325745
0.998213291 -0.051610105 0.030110206 6.410773277 0.051722735 0.998656988 -0.002973417 -8.582263947 -0.029916311 0.004525487 0.999542177 77.438987732
0.998339057 -0.051257137 0.026297227 6.500111580 0.051350787 0.998676479 -0.002898074 -8.700777054 -0.026113870 0.004243644 0.999650002 78.598724365
0.998512745 -0.049466953 0.022919327 6.580801964 0.049574219 0.998761833 -0.004135705 -8.834191322 -0.022686366 0.005265761 0.999728739 79.765518188
0.998635411 -0.048025612 0.020511713 6.633494854 0.048233647 0.998788297 -0.009770768 -8.955586433 -0.020017611 0.010746792 0.999741793 80.908935547
0.998544693 -0.051201470 0.016935943 6.714252472 0.051456660 0.998562634 -0.014991350 -9.082870483 -0.016144024 0.015841000 0.999744177 82.053489685
0.998368323 -0.055530600 0.013306811 6.788592339 0.055739012 0.998319805 -0.015838586 -9.214354515 -0.012404924 0.016554449 0.999786019 83.212951660
0.998420119 -0.055385698 0.009471444 6.848301411 0.055498358 0.998385727 -0.012076736 -9.352773666 -0.008787277 0.012583305 0.999882162 84.368476868
0.998410523 -0.055924073 0.006984548 6.906584740 0.055989213 0.998386145 -0.009507717 -9.479944229 -0.006441564 0.009883665 0.999930441 85.501144409
0.998567760 -0.053111240 0.006454637 6.954263687 0.053179607 0.998525143 -0.010927577 -9.609079361 -0.005864741 0.011255180 0.999919474 86.638656616
0.998740613 -0.049911533 0.005098791 7.014232635 0.049980469 0.998645961 -0.014430346 -9.737120628 -0.004371646 0.014667013 0.999882877 87.774147034
0.998802423 -0.048775710 0.003816453 7.067102432 0.048833188 0.998665869 -0.016789185 -9.868854523 -0.002992456 0.016955448 0.999851763 88.892379761
0.998747110 -0.049951810 0.002988082 7.120656013 0.049996462 0.998597324 -0.017427245 -10.001564980 -0.002113368 0.017554805 0.999843657 90.009048462
0.998705924 -0.050803106 0.002391335 7.159520149 0.050833836 0.998590112 -0.015282278 -10.131815910 -0.001611576 0.015384059 0.999880373 91.138061523
0.998617530 -0.052554257 0.001074704 7.218791962 0.052563440 0.998544037 -0.012112536 -10.259913445 -0.000436575 0.012152279 0.999926090 92.247909546
0.998637736 -0.052171648 0.000832676 7.270020485 0.052177880 0.998566151 -0.011958919 -10.382737160 -0.000207566 0.011986076 0.999928176 93.387123108
0.998624921 -0.052419461 0.000720174 7.313322067 0.052424401 0.998523414 -0.014235950 -10.513114929 0.000027131 0.014254129 0.999898434 94.527595520
0.998623967 -0.052440166 0.000234440 7.368901253 0.052436069 0.998466492 -0.017747382 -10.641620636 0.000696595 0.017735258 0.999842465 95.626960754
0.998566091 -0.053527810 -0.000700819 7.428746700 0.053505190 0.998390496 -0.018804874 -10.773458481 0.001706275 0.018740416 0.999822974 96.732696533
0.998537540 -0.054062206 0.000338724 7.464008331 0.054059993 0.998388529 -0.017254723 -10.913492203 0.000594650 0.017247800 0.999850988 97.809669495
0.998559713 -0.053648103 0.000614098 7.516613960 0.053651612 0.998489916 -0.011801836 -11.032568932 0.000019975 0.011817787 0.999930143 98.900047302
0.998638391 -0.052138727 0.001664511 7.566702366 0.052151177 0.998602152 -0.008617792 -11.150765419 -0.001212863 0.008692866 0.999961495 99.963729858
0.998731017 -0.050234698 0.003566647 7.621455193 0.050264876 0.998695910 -0.008947735 -11.262081146 -0.003112509 0.009115660 0.999953568 101.015213013
0.998797476 -0.048706111 0.005580291 7.668889046 0.048761092 0.998758554 -0.010179748 -11.391996384 -0.005077548 0.010439605 0.999932587 102.068168640
0.998770773 -0.048896864 0.008118542 7.721708775 0.048997834 0.998717725 -0.012742314 -11.507942200 -0.007485072 0.013124445 0.999885857 103.078315735
0.998681664 -0.050446510 0.009481877 7.790241718 0.050572429 0.998628557 -0.013545270 -11.621157646 -0.008785561 0.014006935 0.999863267 104.081977844
0.998586714 -0.051848643 0.011666915 7.838421345 0.051995132 0.998567522 -0.012624125 -11.751726151 -0.010995658 0.013212909 0.999852240 105.088500977
0.998574495 -0.051739268 0.013115117 7.901134014 0.051886939 0.998590291 -0.011181070 -11.864654541 -0.012518130 0.011845633 0.999851465 106.047599792
0.998495042 -0.052845385 0.014662382 7.959080219 0.052990157 0.998548150 -0.009667531 -11.974100113 -0.014130211 0.010429943 0.999845684 107.003929138
0.998431563 -0.053480975 0.016558371 8.016076088 0.053653289 0.998508036 -0.010143023 -12.078734398 -0.015991211 0.011015521 0.999811351 107.919288635
0.998412251 -0.053294737 0.018245760 8.075724602 0.053450402 0.998537183 -0.008152010 -12.181807518 -0.017784612 0.009114309 0.999800324 108.826538086
0.998429179 -0.052247364 0.020234173 8.131817818 0.052386198 0.998606503 -0.006393339 -12.276512146 -0.019871937 0.007443286 0.999774873 109.697296143
0.998394251 -0.052512649 0.021243630 8.194771767 0.052580811 0.998613119 -0.002662140 -12.382428169 -0.021074375 0.003774873 0.999770761 110.551727295
0.998356581 -0.052517533 0.022932207 8.254230499 0.052585460 0.998613656 -0.002368948 -12.474502563 -0.022776000 0.003570956 0.999734163 111.377288818
0.998373985 -0.051670264 0.024073692 8.304764748 0.051731814 0.998659134 -0.001940574 -12.561000824 -0.023941142 0.003182794 0.999708295 112.190147400
0.998468459 -0.049570188 0.024564348 8.356258392 0.049624972 0.998766601 -0.001625457 -12.640577316 -0.024453470 0.002841973 0.999696910 112.969573975
0.998611867 -0.046912633 0.023947200 8.400369644 0.046894327 0.998898983 0.001325647 -12.717219353 -0.023983022 -0.000200819 0.999712348 113.722831726
0.998680115 -0.046881516 0.020979743 8.447765350 0.046838716 0.998899281 0.002527060 -12.803824425 -0.021075126 -0.001541060 0.999776721 114.476959229
0.998788118 -0.046932891 0.014817143 8.482203484 0.046897832 0.998895943 0.002705181 -12.878059387 -0.014927746 -0.002007011 0.999886572 115.173866272
0.998956442 -0.045447543 0.004532117 8.504707336 0.045440093 0.998965561 0.001733714 -12.954217911 -0.004606219 -0.001525965 0.999988258 115.836357117
0.999066651 -0.042329468 -0.008605447 8.498363495 0.042316534 0.999102831 -0.001679674 -13.016642570 0.008668825 0.001313954 0.999961615 116.472091675
0.998744011 -0.041180018 -0.028544523 8.506013870 0.041085426 0.999148190 -0.003893008 -13.089761734 0.028680526 0.002715355 0.999584854 117.111991882
0.997915089 -0.039618414 -0.050949868 8.472475052 0.039363064 0.999206960 -0.006005932 -13.160956383 0.051147413 0.003987867 0.998683095 117.700744629
0.996195912 -0.037946511 -0.078445032 8.429818153 0.037428103 0.999266744 -0.008068940 -13.225832939 0.078693703 0.005102196 0.996885777 118.266098022
0.993245006 -0.035802454 -0.110374279 8.355820656 0.034917288 0.999340713 -0.009942858 -13.295135498 0.110657491 0.006021722 0.993840396 118.809280396
0.988845825 -0.030880388 -0.145706177 8.246709824 0.029523691 0.999498427 -0.011464948 -13.360706329 0.145987108 0.007035282 0.989261448 119.350891113
0.982513130 -0.025106287 -0.184492856 8.146886826 0.023487423 0.999664128 -0.010955156 -13.419248581 0.184705898 0.006430323 0.982772827 119.859069824
0.973910213 -0.019587776 -0.226086795 8.005687714 0.017974475 0.999796212 -0.009192300 -13.475731850 0.226220757 0.004888684 0.974063754 120.363227844
0.962533772 -0.015056353 -0.270743549 7.832414627 0.013499023 0.999879837 -0.007613404 -13.534672737 0.270825684 0.003673384 0.962621450 120.856872559
0.948252738 -0.009004877 -0.317388892 7.641822815 0.006791731 0.999944329 -0.008078721 -13.592925072 0.317443997 0.005505049 0.948261082 121.318222046
0.930850625 -0.000907767 -0.365399122 7.413337708 -0.002629938 0.999954462 -0.009183947 -13.644985199 0.365390778 0.009509859 0.930805683 121.783584595
0.909780025 0.003571997 -0.415075362 7.150241852 -0.008520347 0.999912918 -0.010070350 -13.701138496 0.415003300 0.012698391 0.909731269 122.230697632
0.884591758 0.007869398 -0.466299742 6.882572174 -0.013639770 0.999866486 -0.009001248 -13.753490448 0.466166675 0.014322652 0.884580970 122.642196655
0.855375707 0.011114568 -0.517888784 6.605918884 -0.018538622 0.999786198 -0.009162771 -13.794397354 0.517676234 0.017438559 0.855398715 123.042449951
0.824024022 0.020607553 -0.566179931 6.271179199 -0.028878191 0.999566913 -0.005647839 -13.849395752 0.565818429 0.021004211 0.824262321 123.411285400
0.789899647 0.034042735 -0.612290502 5.925163269 -0.042592574 0.999092340 0.000600991 -13.888355255 0.611755252 0.025604304 0.790632665 123.769332886
0.754238248 0.042871274 -0.655199766 5.567779541 -0.053766381 0.998547554 0.003443763 -13.933510780 0.654395759 0.032630298 0.755447805 124.075881958
0.714277267 0.046675444 -0.698304832 5.202304840 -0.060856335 0.998136580 0.004468210 -13.979457855 0.697212100 0.039304730 0.715786636 124.372978210
0.671608984 0.048473019 -0.739318371 4.826065063 -0.063608170 0.997945607 0.007647071 -14.027421951 0.738170207 0.041890841 0.673312545 124.659790039
0.628190279 0.052206084 -0.776306272 4.407485962 -0.067086473 0.997664988 0.012805653 -14.063838959 0.775162041 0.044035256 0.630225837 124.925231934
0.582855523 0.060703773 -0.810305059 3.989414215 -0.078010857 0.996779859 0.018559949 -14.100140572 0.808822274 0.052394845 0.585714161 125.156082153
0.537122428 0.069938339 -0.840599895 3.551837921 -0.089814253 0.995633364 0.025448142 -14.127118111 0.838709116 0.061829079 0.541058481 125.361511230
0.490518153 0.074807629 -0.868214130 3.093795776 -0.095301867 0.994937718 0.031883411 -14.151752472 0.866204083 0.067103051 0.495164245 125.556533813
0.443371385 0.076037779 -0.893106997 2.628616333 -0.094870232 0.994779348 0.037596926 -14.174788475 0.891303182 0.068059862 0.448270440 125.740280151
0.396355093 0.077813014 -0.914793909 2.156204224 -0.092584506 0.994710088 0.044496413 -14.197515488 0.913417041 0.067059368 0.401462764 125.908676147
0.350733191 0.080358371 -0.933021367 1.664485931 -0.094216324 0.994284451 0.050217815 -14.218385696 0.931723952 0.070292778 0.356299669 126.050643921
0.307383239 0.083859123 -0.947883546 1.158073425 -0.099547058 0.993477583 0.055611320 -14.238893509 0.946364582 0.077265054 0.313726276 126.164184570
0.265227497 0.085452713 -0.960391700 0.632045746 -0.104657143 0.992731214 0.059427444 -14.258012772 0.958489060 0.084750041 0.272242904 126.273063660
0.225984886 0.081992596 -0.970674038 0.107723236 -0.105151534 0.992682278 0.059371069 -14.274806976 0.968438983 0.088650905 0.232952833 126.369911194
0.191174522 0.077127717 -0.978521109 -0.433073044 -0.099915989 0.993258715 0.058768682 -14.296229362 0.976457536 0.086534820 0.197592020 126.460960388
0.161053106 0.071845189 -0.984327257 -0.987165451 -0.097737245 0.993605435 0.056530878 -14.313847542 0.982094407 0.087100968 0.167045116 126.536041260
0.133842632 0.070475079 -0.988493443 -1.545120239 -0.098088801 0.993512154 0.057551607 -14.338280678 0.986136198 0.089257292 0.139887094 126.617042542
0.111688659 0.069778696 -0.991290390 -2.126825333 -0.099143364 0.993337154 0.058752295 -14.354992867 0.988785267 0.091717891 0.117862597 126.681350708
0.093271539 0.070947334 -0.993109703 -2.730861664 -0.101518147 0.992937088 0.061400548 -14.368383408 0.990451634 0.095091738 0.099815205 126.730873108
0.076756991 0.069234833 -0.994643152 -3.336473465 -0.102405980 0.992857873 0.061207850 -14.393805504 0.991776824 0.097159281 0.083298832 126.785148621
0.063387349 0.068286501 -0.995649993 -3.955165386 -0.101444930 0.992929637 0.061641496 -14.419419289 0.992819726 0.097096369 0.069866471 126.826042175
0.051077243 0.065678924 -0.996532619 -4.614772797 -0.096331097 0.993506551 0.060542013 -14.443440437 0.994037867 0.092904784 0.057072498 126.878684998
0.038778324 0.063146472 -0.997250676 -5.262215137 -0.094054647 0.993801117 0.059270717 -14.463068008 0.994811475 0.091497645 0.044477161 126.922225952
0.028075708 0.062891930 -0.997625291 -5.920715809 -0.093494192 0.993809044 0.060020190 -14.485174179 0.995223820 0.091587074 0.033781923 126.956283569
0.019285221 0.064311013 -0.997743487 -6.591507912 -0.097080834 0.993334174 0.062150348 -14.508308411 0.995089591 0.095663197 0.025400035 126.963188171
0.010815043 0.063527294 -0.997921526 -7.287017822 -0.099748008 0.993070722 0.062137470 -14.531810760 0.994953930 0.098868661 0.017076820 126.982879639
0.004508344 0.063041784 -0.998000741 -7.974438190 -0.102409683 0.992792606 0.062250171 -14.554373741 0.994732082 0.101924270 0.010931941 126.999412537
-0.001119867 0.064590514 -0.997911274 -8.667653084 -0.103177577 0.992578447 0.064361133 -14.578819275 0.994662344 0.103034139 0.005552741 127.017906189
-0.004719736 0.066512384 -0.997774422 -9.384747505 -0.104520507 0.992287457 0.066641033 -14.596157074 0.994511485 0.104602411 0.002268574 127.042999268
-0.005844381 0.069867395 -0.997539103 -10.102542877 -0.106740117 0.991813362 0.070091732 -14.616929054 0.994269788 0.106887087 0.001661118 127.060623169
-0.006939458 0.073347487 -0.997282386 -10.836774826 -0.109635830 0.991238236 0.073665850 -14.632431030 0.993947566 0.109849066 0.001162856 127.071319580
-0.008133715 0.079224810 -0.996823728 -11.566948891 -0.114526525 0.990223229 0.079634726 -14.649064064 0.993386865 0.114810482 0.001019149 127.080421448
-0.009480742 0.083025001 -0.996502399 -12.305244446 -0.117516242 0.989548922 0.083563708 -14.664174080 0.993025661 0.117897458 0.000375128 127.097518921
-0.010811226 0.083602756 -0.996440589 -13.051851273 -0.116741344 0.989578724 0.084293664 -14.681365967 0.993103504 0.117237106 -0.000938660 127.111946106
-0.011943497 0.080049895 -0.996719241 -13.818944931 -0.115067028 0.990058482 0.080893777 -14.699169159 0.993285954 0.115655698 -0.002613657 127.129486084
-0.013748730 0.076801367 -0.996951520 -14.571102142 -0.118857928 0.989851296 0.077893496 -14.706571579 0.992816150 0.119566560 -0.004480745 127.141807556
-0.014664131 0.078635156 -0.996795654 -15.342549324 -0.123689994 0.989103198 0.079847939 -14.719137192 0.992212653 0.124464557 -0.004777957 127.141204834
-0.016234085 0.081534818 -0.996538281 -16.124061584 -0.120878533 0.989199340 0.082903527 -14.733225822 0.992534697 0.121805936 -0.006202937 127.155899048
-0.018448746 0.081710652 -0.996485353 -16.897975922 -0.119603790 0.989317775 0.083337247 -14.750091553 0.992650270 0.120720886 -0.008478773 127.171974182
-0.019155057 0.081006080 -0.996529579 -17.687133789 -0.123077616 0.988940537 0.082754962 -14.761548996 0.992212176 0.124235660 -0.008973178 127.169914246
-0.020494752 0.080809303 -0.996518850 -18.482492447 -0.127246603 0.988411665 0.082768872 -14.778179169 0.991659343 0.128499970 -0.009974542 127.183975220
-0.021764193 0.085018679 -0.996141613 -19.279275894 -0.129097313 0.987796903 0.087127060 -14.784109116 0.991392970 0.130495459 -0.010522915 127.192337036
-0.022506956 0.089882247 -0.995698094 -20.083089828 -0.128386706 0.987443984 0.092039213 -14.798002243 0.991468668 0.129905924 -0.010684672 127.206253052
-0.021486746 0.092125110 -0.995515585 -20.910343170 -0.129759207 0.987066090 0.094143867 -14.804490089 0.991312623 0.131200150 -0.009254756 127.216796875
-0.019650510 0.091044597 -0.995652854 -21.728622437 -0.129098281 0.987277508 0.092826642 -14.812665939 0.991437018 0.130361199 -0.007646804 127.227592468
-0.018503657 0.091301903 -0.995651305 -22.560178757 -0.129027992 0.987276852 0.092931859 -14.819480896 0.991468310 0.130186498 -0.006487729 127.237869263
-0.018227875 0.090086505 -0.995767057 -23.387397766 -0.127475902 0.987595320 0.091680713 -14.824157715 0.991674185 0.128607482 -0.006517908 127.258514404
-0.017313480 0.092089944 -0.995600164 -24.224201202 -0.128522038 0.987283885 0.093555711 -14.831883430 0.991555572 0.129576325 -0.005257729 127.275909424
-0.017067801 0.093990661 -0.995426714 -25.064060211 -0.130052432 0.986905336 0.095415950 -14.832473755 0.991360247 0.131086230 -0.004620590 127.294586182
-0.016816566 0.096768565 -0.995164752 -25.938903809 -0.133313715 0.986201763 0.098149776 -14.836894035 0.990931332 0.134319663 -0.003683951 127.303512573
-0.015238152 0.097886249 -0.995080948 -26.802284241 -0.135459766 0.985819399 0.099049561 -14.834786415 0.990665615 0.136302769 -0.001762414 127.315155029
-0.013657212 0.100972883 -0.994795382 -27.671897888 -0.142139226 0.984588861 0.101888299 -14.834819794 0.989752531 0.142790958 0.000905471 127.330558777
-0.011377633 0.104730554 -0.994435489 -28.554065704 -0.146663979 0.983569562 0.105264217 -14.830518723 0.989120960 0.147045523 0.004169503 127.346122742
-0.009302441 0.106534049 -0.994265556 -29.428493500 -0.149119645 0.983042538 0.106726713 -14.825812340 0.988775373 0.149257347 0.006741623 127.376327515
-0.005765435 0.107599743 -0.994177580 -30.325185776 -0.148254186 0.983115137 0.107262224 -14.829300880 0.988932610 0.148009360 0.010284028 127.399322510
-0.003032343 0.107544728 -0.994195640 -31.217287064 -0.150826558 0.982777476 0.106769629 -14.823196411 0.988555610 0.150274858 0.013240483 127.426498413
-0.000551770 0.111431055 -0.993771970 -32.118370056 -0.151476443 0.982295513 0.110228315 -14.817130089 0.988460720 0.150593847 0.016337179 127.455902100
0.001576930 0.113481067 -0.993538916 -33.039062500 -0.150445357 0.982258856 0.111953899 -14.812494278 0.988617063 0.149296775 0.018621655 127.495468140
0.003385182 0.114745192 -0.993389189 -33.932281494 -0.151104167 0.982047021 0.112920165 -14.808835983 0.988512099 0.149722993 0.020662885 127.534652710
0.005995473 0.112920702 -0.993585825 -34.836570740 -0.152433380 0.982095003 0.110694952 -14.801609039 0.988295555 0.150791988 0.023101009 127.564125061
0.006348012 0.114221618 -0.993435025 -35.752605438 -0.157145754 0.981225133 0.111813650 -14.790724754 0.987555027 0.155404285 0.024178274 127.602005005
0.007492705 0.115010463 -0.993335962 -36.647235870 -0.158017516 0.981019020 0.112392448 -14.786630630 0.987407923 0.156122386 0.025524154 127.637580872
0.007855958 0.111498907 -0.993733525 -37.542148590 -0.158517882 0.981337130 0.108854860 -14.783515930 0.987324893 0.156669408 0.025383918 127.671264648
0.008494713 0.107254907 -0.994195223 -38.451946259 -0.159398869 0.981663406 0.104541011 -14.784905434 0.987177730 0.157585546 0.025435260 127.716224670
0.008937743 0.106383510 -0.994284987 -39.349243164 -0.159055889 0.981816649 0.103619710 -14.778929710 0.987229109 0.157220751 0.025696151 127.757377625
0.008593383 0.110768534 -0.993809104 -40.248531342 -0.161172703 0.981004894 0.107947759 -14.778234482 0.986888766 0.159247249 0.026283016 127.801620483
0.009297349 0.116872720 -0.993103385 -41.183536530 -0.162242427 0.980163097 0.113830946 -14.764293671 0.986707151 0.160065189 0.028074631 127.831779480
0.009553870 0.115428023 -0.993269861 -42.079055786 -0.160120100 0.980674505 0.112424165 -14.763152122 0.987051368 0.157968402 0.027851580 127.875579834
0.010572054 0.105257839 -0.994388759 -42.968212128 -0.159539804 0.981883168 0.102237910 -14.770054817 0.987134874 0.157563731 0.027173340 127.917381287
0.010637295 0.094750665 -0.995444298 -43.882690430 -0.161090165 0.982659996 0.091812402 -14.775152206 0.986882329 0.159379631 0.025716253 127.958129883
0.009465163 0.091810390 -0.995731533 -44.782711029 -0.157756209 0.983443081 0.089177772 -14.784053802 0.987432778 0.156238735 0.023792107 128.004928589
0.009590635 0.101973504 -0.994740844 -45.706317902 -0.150538474 0.983596385 0.099379674 -14.787899971 0.988557637 0.148793653 0.024784250 128.050506592
0.009300023 0.115158334 -0.993303597 -46.640312195 -0.145397276 0.982945442 0.112596154 -14.784715652 0.989329636 0.143376499 0.025885126 128.112091064
0.009526080 0.123894840 -0.992249548 -47.561145782 -0.145822465 0.981858969 0.121197455 -14.774526596 0.989264846 0.143537745 0.027419919 128.156539917
0.009205822 0.118310638 -0.992933929 -48.479164124 -0.146059647 0.982485354 0.115711480 -14.771919250 0.989232898 0.143962368 0.026324995 128.196487427
0.009433674 0.104899429 -0.994438112 -49.402191162 -0.145500705 0.984042287 0.102422528 -14.771320343 0.989313185 0.143725246 0.024546074 128.238342285
0.009995741 0.095970958 -0.995334029 -50.316547394 -0.146034360 0.984851837 0.093493700 -14.770769119 0.989229083 0.144418404 0.023859380 128.280639648
0.010294290 0.095882453 -0.995339453 -51.247585297 -0.144975916 0.985018075 0.093388766 -14.776576996 0.989381611 0.143338874 0.024040706 128.324737549
0.009850358 0.097626656 -0.995174348 -52.190692902 -0.148435012 0.984339416 0.095094524 -14.797273636 0.988873124 0.146782011 0.024187310 128.364532471
0.010496136 0.097214654 -0.995208025 -53.119068146 -0.153059959 0.983690500 0.094475314 -14.799749374 0.988161147 0.151334897 0.025204621 128.396163940
0.011084970 0.096246161 -0.995295763 -54.060020447 -0.154711038 0.983536243 0.093385927 -14.799212456 0.987897575 0.152948067 0.025792819 128.435775757
0.011626947 0.104083665 -0.994500577 -55.008750916 -0.163115382 0.981443226 0.100810066 -14.804187775 0.986538470 0.161046267 0.028388835 128.473403931
0.013523625 0.113574602 -0.993437350 -55.966705322 -0.169850409 0.979350388 0.109651923 -14.794863701 0.985377073 0.167252809 0.032535050 128.510406494
0.014642180 0.121612862 -0.992469609 -56.915550232 -0.170022830 0.978423893 0.117383368 -14.784708023 0.985331297 0.167023718 0.035003219 128.555786133
0.015710464 0.122435279 -0.992352128 -57.853679657 -0.171760827 0.978051960 0.117951691 -14.777759552 0.985013366 0.168594182 0.036395233 128.598602295
0.017217724 0.112794749 -0.993469059 -58.804832458 -0.173367888 0.978902459 0.108136289 -14.773187637 0.984706581 0.170373783 0.036409464 128.644668579
0.018241169 0.107493788 -0.994038522 -59.740699768 -0.171705425 0.979770124 0.102799952 -14.765848160 0.984979510 0.168806598 0.036329422 128.702575684
0.020439621 0.105922766 -0.994164288 -60.712501526 -0.170064613 0.980249166 0.100943729 -14.765237808 0.985220909 0.167008892 0.038049646 128.755477905
0.023290763 0.111995183 -0.993435740 -61.673820496 -0.171099067 0.979490519 0.106411703 -14.764480591 0.984978437 0.167497531 0.041975357 128.821319580
0.027295277 0.114021920 -0.993103206 -62.634181976 -0.174260050 0.978804231 0.107590690 -14.762504578 0.984321237 0.170121521 0.046586201 128.871124268
0.030817151 0.109427877 -0.993516922 -63.582305908 -0.173453242 0.979493380 0.102503069 -14.769582748 0.984359860 0.169169858 0.049165811 128.937835693
0.033917941 0.103438504 -0.994057357 -64.542922974 -0.173317403 0.980168223 0.096079536 -14.775211334 0.984281719 0.169028640 0.051172990 129.003952026
0.037401140 0.102990299 -0.993978918 -65.492950439 -0.170648962 0.980722547 0.095195629 -14.777097702 0.984621763 0.166061044 0.054255333 129.074157715
0.039790981 0.107646734 -0.993392527 -66.448501587 -0.168078184 0.980734885 0.099542655 -14.789062500 0.984970212 0.163006708 0.057117477 129.156600952
0.043357253 0.114468075 -0.992480457 -67.427490234 -0.167750627 0.980144620 0.105717041 -14.791431427 0.984875560 0.161905617 0.061698489 129.232009888
0.046683282 0.118231192 -0.991888106 -68.381225586 -0.165661246 0.980136812 0.109033585 -14.790352821 0.985077262 0.159227386 0.065342322 129.308197021
0.048295818 0.119688973 -0.991636038 -69.348121643 -0.165045395 0.980103552 0.110258795 -14.790576935 0.985102832 0.158339903 0.067089014 129.395721436
0.050582945 0.117277227 -0.991810143 -70.305229187 -0.163344443 0.980680525 0.107630521 -14.788228989 0.985271513 0.156562418 0.068762302 129.473190308
0.050609000 0.115563370 -0.992009997 -71.254013062 -0.161147654 0.981212258 0.106084310 -14.791546822 0.985631824 0.154491276 0.068280943 129.563705444
0.050802354 0.111778080 -0.992433727 -72.194488525 -0.157949522 0.982109725 0.102529906 -14.799056053 0.986139476 0.151545644 0.067548782 129.655166626
0.051269457 0.112015888 -0.992382944 -73.162872314 -0.156991035 0.982239366 0.102760293 -14.796470642 0.986268342 0.150526747 0.067944355 129.730194092
0.050462723 0.115517244 -0.992022872 -74.112663269 -0.153693333 0.982354522 0.106573269 -14.789649963 0.986829281 0.147089332 0.067326508 129.824996948
0.049954344 0.117839687 -0.991775393 -75.078971863 -0.148047164 0.982918561 0.109330416 -14.795028687 0.987717986 0.141368017 0.066546872 129.912231445
0.049009182 0.114155434 -0.992253304 -76.027770996 -0.144993141 0.983736813 0.106014147 -14.793253899 0.988218188 0.138674289 0.064763896 129.996978760
0.047959056 0.110419221 -0.992727339 -76.978500366 -0.146836460 0.983852565 0.102338359 -14.792672157 0.987997472 0.140860543 0.063398205 130.072067261
0.046789583 0.106587239 -0.993201852 -77.956909180 -0.142963573 0.984769404 0.098947324 -14.792204857 0.988621414 0.137361974 0.061315030 130.143417358
0.045286413 0.108046792 -0.993113756 -78.899673462 -0.143577784 0.984516263 0.100564212 -14.802694321 0.988602281 0.138034895 0.060098331 130.210845947
0.043773446 0.109427102 -0.993030488 -79.847763062 -0.143968359 0.984299183 0.102118731 -14.804369926 0.988613665 0.138494894 0.058840211 130.294036865
0.042990167 0.109978631 -0.993003786 -80.816291809 -0.146609902 0.983857155 0.102618434 -14.807956696 0.988259792 0.141172588 0.058420137 130.356430054
0.042051461 0.110251285 -0.993013740 -81.773887634 -0.146346927 0.983852625 0.103036754 -14.800950050 0.988339067 0.140991673 0.057507373 130.422424316
0.040094368 0.110825107 -0.993030846 -82.727539062 -0.146564946 0.983732581 0.103869729 -14.801809311 0.988388181 0.141378909 0.055685215 130.490203857
0.038103346 0.114082471 -0.992740273 -83.672706604 -0.146451324 0.983371973 0.107384801 -14.804241180 0.988483787 0.141296402 0.054177284 130.562118530
0.036634345 0.117802508 -0.992361069 -84.635284424 -0.148087382 0.982703865 0.111189283 -14.792530060 0.988295436 0.142882839 0.053445790 130.614257812
0.034436386 0.122266836 -0.991899669 -85.584915161 -0.149129137 0.982005417 0.115869820 -14.778339386 0.988217950 0.143931031 0.052050266 130.679275513
0.032637205 0.122770235 -0.991898358 -86.532417297 -0.149422020 0.981872916 0.116612822 -14.777874947 0.988234699 0.144405529 0.050390165 130.741104126
0.031252656 0.116601259 -0.992686987 -87.476387024 -0.149488464 0.982546568 0.110703833 -14.767120361 0.988269389 0.144935429 0.048137732 130.806091309
0.028982330 0.112041645 -0.993280828 -88.414382935 -0.154230759 0.982299626 0.106302768 -14.759304047 0.987609744 0.150113553 0.045749605 130.866836548
0.028884150 0.109717742 -0.993543029 -89.387680054 -0.152884915 0.982747972 0.104080938 -14.750278473 0.987821758 0.148891479 0.045160025 130.911666870
0.027832888 0.110933073 -0.993438065 -90.338775635 -0.148802280 0.983210087 0.105621994 -14.755115509 0.988475263 0.144886106 0.043872669 130.973281860
0.027181117 0.112067111 -0.993328929 -91.292228699 -0.145268470 0.983590126 0.106993333 -14.751217842 0.989018798 0.141391143 0.043014903 131.039184570
0.025896890 0.112246297 -0.993342936 -92.237670898 -0.140393466 0.984236360 0.107557155 -14.754421234 0.989757061 0.136673436 0.041247308 131.105743408
0.024930920 0.109174594 -0.993709862 -93.183631897 -0.136222422 0.985118151 0.104813010 -14.754631996 0.990364492 0.132752463 0.039431926 131.166610718
0.023904147 0.105942808 -0.994084835 -94.144088745 -0.130907431 0.986138821 0.101948127 -14.759051323 0.991106510 0.127696127 0.037441503 131.223831177
0.022997282 0.108421423 -0.993838906 -95.103790283 -0.128951266 0.986119330 0.104595348 -14.761203766 0.991384149 0.125751376 0.036659148 131.278167725
0.021613784 0.110816196 -0.993605852 -96.048576355 -0.128556207 0.985895574 0.107159808 -14.759793282 0.991466641 0.125418052 0.035555046 131.338058472
0.020354889 0.108768359 -0.993858635 -97.009536743 -0.124019101 0.986661792 0.105440728 -14.756208420 0.992071092 0.121111214 0.033572745 131.387161255
0.017295025 0.106232047 -0.994190872 -97.958396912 -0.122267880 0.987101734 0.103347562 -14.762399673 0.992346406 0.119770214 0.030060716 131.443481445
0.014284292 0.103882097 -0.994487107 -98.908462524 -0.121136919 0.987442493 0.101406299 -14.764524460 0.992532969 0.119020566 0.026688876 131.497177124
0.012069995 0.102418616 -0.994668186 -99.870964050 -0.114780918 0.988307178 0.100370809 -14.769591331 0.993317425 0.112957455 0.023684569 131.543197632
0.009361178 0.103502229 -0.994585276 -100.816566467 -0.108942546 0.988813758 0.101876266 -14.772197723 0.994003952 0.107398927 0.020532260 131.598464966
0.006880363 0.111806795 -0.993706167 -101.811103821 -0.099349141 0.988889515 0.110576965 -14.776456833 0.995028853 0.097963043 0.017911833 131.654602051
0.004303827 0.119997278 -0.992764950 -102.770713806 -0.091438666 0.988662183 0.119104959 -14.770740509 0.995801389 0.090264484 0.015227423 131.709609985
0.001064588 0.118879199 -0.992908180 -103.721321106 -0.087511063 0.989110470 0.118330680 -14.759140015 0.996162951 0.086764470 0.011456240 131.757934570
-0.001322563 0.109862432 -0.993945837 -104.679084778 -0.089005329 0.989989042 0.109543495 -14.765445709 0.996030271 0.088611364 0.008469018 131.786407471
-0.003543462 0.100539081 -0.994926751 -105.626281738 -0.090864368 0.990784943 0.100444138 -14.762063026 0.995857000 0.090759307 0.005624611 131.823944092
-0.003693724 0.102008045 -0.994776607 -106.586891174 -0.098194994 0.989938915 0.101876564 -14.761320114 0.995160341 0.098058417 0.006360120 131.840072632
-0.004468068 0.110821575 -0.993830264 -107.555870056 -0.101179972 0.988689721 0.110703237 -14.742529869 0.994858086 0.101050355 0.006795390 131.874725342
-0.005898299 0.122082084 -0.992502511 -108.519561768 -0.105139323 0.986942887 0.122023039 -14.728192329 0.994440019 0.105070762 0.007014342 131.902236938
-0.007678932 0.123725347 -0.992286801 -109.467262268 -0.111966744 0.985969484 0.123804122 -14.715179443 0.993682325 0.112053797 0.006281930 131.934661865
-0.007347035 0.120686650 -0.992663443 -110.457771301 -0.119380400 0.985484898 0.120697476 -14.694490433 0.992821395 0.119391330 0.007167230 131.950744629
-0.007533562 0.116650596 -0.993144453 -111.412063599 -0.127393380 0.984968126 0.116656587 -14.679777145 0.991823614 0.127398863 0.007440194 131.973510742
-0.004876337 0.118483089 -0.992944062 -112.380897522 -0.132012755 0.984189093 0.118086725 -14.657602310 0.991235971 0.131657109 0.010842044 131.992156982
-0.003975508 0.119885050 -0.992779851 -113.365943909 -0.140067428 0.982933939 0.119256936 -14.640382767 0.990134001 0.139530241 0.012884324 132.019836426
-0.003406961 0.122543767 -0.992457330 -114.330238342 -0.149292603 0.981278062 0.121675909 -14.621668816 0.988787174 0.148581088 0.014951698 132.039428711
-0.003250482 0.125392318 -0.992101908 -115.304199219 -0.155126080 0.980033994 0.124375306 -14.603590012 0.987889409 0.154305130 0.016266033 132.065185547
-0.002820147 0.124434195 -0.992223978 -116.282958984 -0.158463731 0.979635119 0.123305857 -14.589989662 0.987360775 0.157579243 0.016955595 132.099273682
-0.001293277 0.114779696 -0.993390083 -117.238037109 -0.157369033 0.980989754 0.113551788 -14.589639664 0.987538993 0.156475708 0.016794082 132.132308960
0.000123438 0.103138261 -0.994666994 -118.190284729 -0.160733983 0.981736183 0.101777501 -14.577833176 0.986997724 0.159864172 0.016699007 132.167343140
