1.000000000 0.000000000 0.000000000 0.000000000 0.000000000 1.000000000 0.000000000 0.000000000 0.000000000 0.000000000 1.000000000 0.000000000
0.999997616 -0.001699199 -0.001371818 0.049884133 0.001696226 0.999996245 -0.002165778 -0.132865861 0.001375493 0.002163446 0.999996722 1.297509789
0.999997616 -0.000054059 -0.002185459 0.105779544 0.000040148 0.999979734 -0.006364703 -0.266636223 0.002185759 0.006364601 0.999977291 2.602004528
0.999996066 0.002430037 -0.001344373 0.150235146 -0.002440568 0.999965906 -0.007888203 -0.405166000 0.001325159 0.007891454 0.999967933 3.906824112
0.999983728 0.005703205 0.000150868 0.195420250 -0.005702076 0.999961674 -0.006647368 -0.543600619 -0.000188774 0.006646399 0.999977946 5.221399307
0.999974668 0.006678790 0.002471916 0.241863981 -0.006670468 0.999972105 -0.003359537 -0.687680364 -0.002494285 0.003342963 0.999991298 6.536582470
0.999960601 0.006830599 0.005673395 0.299990177 -0.006818766 0.999974549 -0.002102342 -0.825620651 -0.005687611 0.002063574 0.999981701 7.840606213
0.999941766 0.005473711 0.009293282 0.353458792 -0.005455735 0.999983191 -0.001958466 -0.958351135 -0.009303846 0.001907650 0.999954879 9.145750046
0.999911666 0.004128017 0.012627239 0.431954920 -0.004105767 0.999989927 -0.001787372 -1.095638990 -0.012634490 0.001735370 0.999918640 10.445779800
0.999870420 0.002777564 0.015855711 0.500609219 -0.002738497 0.999993086 -0.002485128 -1.233092189 -0.015862500 0.002441386 0.999871194 11.753582954
0.999812722 0.001948470 0.019246355 0.576302290 -0.001885149 0.999992728 -0.003307603 -1.369461417 -0.019252662 0.003270703 0.999809265 13.047378540
0.999746501 0.001671386 0.022451013 0.650984466 -0.001597427 0.999993205 -0.003311815 -1.515310407 -0.022456395 0.003275112 0.999742448 14.365834236
0.999663532 0.001575903 0.025889836 0.736495733 -0.001464291 0.999989629 -0.004329424 -1.653837919 -0.025896389 0.004290058 0.999655366 15.660726547
0.999573767 0.002480900 0.029085329 0.816064715 -0.002353017 0.999987364 -0.004430188 -1.788786888 -0.029095950 0.004359862 0.999567032 16.958435059
0.999478102 0.002031700 0.032238264 0.906619906 -0.001903149 0.999990106 -0.004017712 -1.927851915 -0.032246113 0.003954261 0.999472082 18.245342255
0.999406695 0.000516141 0.034438241 1.003913879 -0.000387465 0.999992847 -0.003742998 -2.070296764 -0.034439933 0.003727433 0.999399841 19.544414520
0.999348402 -0.002049339 0.036035795 1.102710366 0.002237261 0.999984145 -0.005175314 -2.209561586 -0.036024619 0.005252563 0.999337137 20.818880081
0.999305248 -0.001629979 0.037233531 1.200176001 0.001883031 0.999975383 -0.006762287 -2.352943182 -0.037221603 0.006827703 0.999283671 22.125909805
0.999258757 -0.001530180 0.038464472 1.283196688 0.001899584 0.999952376 -0.009569060 -2.494755030 -0.038447998 0.009635034 0.999214172 23.411262512
0.999224842 -0.001119268 0.039349563 1.387092829 0.001553163 0.999938309 -0.010997848 -2.637860537 -0.039334822 0.011050439 0.999164999 24.695203781
0.999173820 -0.000507034 0.040637303 1.484510303 0.000975478 0.999933362 -0.011508426 -2.785737753 -0.040628765 0.011538559 0.999107659 25.965501785
0.999162436 -0.002200901 0.040859561 1.584464312 0.002636187 0.999940455 -0.010602417 -2.932054043 -0.040833790 0.010701254 0.999108672 27.256969452
0.999155998 -0.005146471 0.040754147 1.688631058 0.005532207 0.999940991 -0.009357790 -3.080316544 -0.040703576 0.009575352 0.999125421 28.534589767
0.999180734 -0.006695150 0.039913151 1.784766197 0.007090175 0.999927223 -0.009763770 -3.227463961 -0.039844871 0.010038763 0.999155462 29.821725845
0.999193192 -0.008340538 0.039287657 1.886191010 0.008831802 0.999884784 -0.012347305 -3.371782541 -0.039180148 0.012684321 0.999151707 31.084806442
0.999223292 -0.008638887 0.038444716 1.995054007 0.009126089 0.999880016 -0.012515374 -3.520017624 -0.038331985 0.012856503 0.999182284 32.375144958
0.999237120 -0.009209820 0.037952974 2.092630148 0.009708467 0.999868631 -0.012975248 -3.663063526 -0.037828494 0.013333813 0.999195337 33.638988495
0.999260724 -0.009969462 0.037129056 2.192962646 0.010453355 0.999862671 -0.012861513 -3.809690952 -0.036995735 0.013240128 0.999227703 34.911064148
0.999271512 -0.010511693 0.036685433 2.285351515 0.011007479 0.999850512 -0.013338854 -3.956148148 -0.036539733 0.013732951 0.999237835 36.173213959
0.999312878 -0.010954365 0.035409138 2.397369862 0.011439246 0.999843180 -0.013520200 -4.111717701 -0.035255477 0.013915963 0.999281466 37.458671570
0.999316096 -0.010643085 0.035414036 2.492640972 0.011061205 0.999871194 -0.011631672 -4.257940769 -0.035285674 0.012015440 0.999305010 38.716285706
0.999273181 -0.010664429 0.036595274 2.587743282 0.011061467 0.999881923 -0.010664223 -4.395561218 -0.036477219 0.011061270 0.999273241 39.987010956
0.999190688 -0.012412856 0.038260460 2.698677063 0.012772480 0.999876380 -0.009169322 -4.536884308 -0.038141917 0.009650582 0.999225676 41.236396790
0.999083459 -0.013519850 0.040616687 2.795960188 0.013949874 0.999849319 -0.010322628 -4.681571960 -0.040471006 0.010879760 0.999121487 42.501148224
0.998951614 -0.014766084 0.043332037 2.889435768 0.015357243 0.999793112 -0.013341482 -4.832142830 -0.043126073 0.013992955 0.998971701 43.749935150
0.998859525 -0.016041782 0.044969961 3.003737450 0.016709374 0.999755025 -0.014508930 -4.979260921 -0.044726200 0.015243803 0.998882890 45.016292572
0.998742998 -0.016287336 0.047403511 3.131860256 0.016937803 0.999767303 -0.013352677 -5.112998962 -0.047175005 0.014138805 0.998786509 46.251861572
0.998528123 -0.017454270 0.051350866 3.229599714 0.017988129 0.999788582 -0.009952545 -5.268692493 -0.051166300 0.010861602 0.998631060 47.517253876
0.998262703 -0.020334795 0.055298943 3.347240925 0.020810926 0.999751031 -0.008047884 -5.405953884 -0.055121519 0.009184725 0.998437345 48.746742249
0.998022497 -0.022449303 0.058712073 3.478909731 0.022973394 0.999701917 -0.008266652 -5.547850609 -0.058508988 0.009599121 0.998240650 49.992935181
0.997747660 -0.025933344 0.061861075 3.624583721 0.026718417 0.999572217 -0.011897505 -5.684030056 -0.061526068 0.013523538 0.998013854 51.220638275
0.997472525 -0.027052756 0.065701932 3.762122154 0.027917327 0.999534786 -0.012276540 -5.818775654 -0.065339237 0.014079732 0.997763753 52.462642670
0.997111320 -0.029557815 0.069967099 3.887081385 0.030313283 0.999492764 -0.009760270 -5.959372044 -0.069643110 0.011853009 0.997501493 53.683639526
0.996856332 -0.032190204 0.072395884 4.056339264 0.032737099 0.999443650 -0.006380084 -6.091643333 -0.072150216 0.008730061 0.997355521 54.874301910
0.996579051 -0.034958228 0.074886978 4.193604946 0.035408136 0.999361932 -0.004688179 -6.229392052 -0.074675299 0.007323749 0.997180998 56.123374939
0.996381700 -0.037864164 0.076091155 4.345259666 0.038084321 0.999273479 -0.001443866 -6.354358196 -0.075981200 0.004336522 0.997099757 57.331951141
0.996228337 -0.040712435 0.076626256 4.493412018 0.040852431 0.999165177 -0.000259709 -6.481039047 -0.076551713 0.003389099 0.997059882 58.557300568
0.996182501 -0.042513579 0.076242499 4.638680458 0.042897444 0.999073744 -0.003403420 -6.606457233 -0.076027185 0.006661037 0.997083485 59.747615814
0.996204972 -0.043951027 0.075126544 4.793567657 0.044654753 0.998972714 -0.007712480 -6.736697197 -0.074710391 0.011037967 0.997144163 60.956714630
0.996213019 -0.045143209 0.074307829 4.928008080 0.046137571 0.998866320 -0.011719048 -6.865644455 -0.073694550 0.015103050 0.997166455 62.137416840
0.996254981 -0.047497511 0.072249539 5.085071087 0.048629776 0.998718798 -0.013993089 -7.003561974 -0.071492337 0.017454162 0.997288406 63.353855133
0.996396422 -0.047490027 0.070277251 5.219803333 0.048597295 0.998718500 -0.014129747 -7.136593342 -0.069516160 0.017494112 0.997427464 64.529823303
0.996634841 -0.046583176 0.067445934 5.352456570 0.047592521 0.998776495 -0.013435732 -7.280926704 -0.066737548 0.016600437 0.997632444 65.748725891
0.996871531 -0.045854773 0.064377420 5.474002838 0.046692170 0.998842359 -0.011563120 -7.410840988 -0.063772686 0.014532865 0.997858584 66.924377441
0.997293651 -0.041871659 0.060432505 5.598537445 0.042414293 0.999070227 -0.007723947 -7.549353123 -0.060052905 0.010266245 0.998142421 68.118942261
0.997559547 -0.039868027 0.057317860 5.713732719 0.040252086 0.999174058 -0.005561328 -7.674763203 -0.057048805 0.007854920 0.998340487 69.299293518
0.997769892 -0.038865030 0.054265108 5.821024418 0.039390374 0.999186456 -0.008644966 -7.810121536 -0.053884979 0.010763209 0.998489141 70.467590332
0.997944295 -0.039166357 0.050725970 5.932982445 0.040006991 0.999076724 -0.015663655 -7.946490765 -0.050065644 0.017660853 0.998589754 71.652481079
0.997937799 -0.043100167 0.047564078 6.037158966 0.044022478 0.998858929 -0.018516293 -8.083427429 -0.046711750 0.020571999 0.998696566 72.822731018
0.997968376 -0.047048811 0.042958722 6.150358200 0.047675502 0.998769164 -0.013681659 -8.220693588 -0.042262141 0.015701940 0.998983264 73.999786377
0.997968078 -0.050673902 0.038626425 6.254076481 0.051044676 0.998658717 -0.008673361 -8.348610878 -0.038135104 0.010627409 0.999216080 75.158226013
0.998024821 -0.052819263 0.034007158 6.349838734 0.053061951 0.998571515 -0.006273254 -8.471713066 -0.033627238 0.008065350 0.999401867 76.347557068
0.998189092 -0.052146327 0.029991440 6.437039375 0.052281320 0.998625398 -0.003734106 -8.598395348 -0.029755497 0.005295336 0.999543250 77.506584167
0.998305619 -0.051886804 0.026336867 6.528185368 0.052000344 0.998640358 -0.003643842 -8.717455864 -0.026111994 0.005007193 0.999646485 78.667907715
0.998463094 -0.050377995 0.023098383 6.594876289 0.050523698 0.998706162 -0.005767811 -8.844791412 -0.022777930 0.006925961 0.999716580 79.840850830
0.998646140 -0.048084013 0.019843793 6.669024944 0.048302725 0.998775542 -0.010693410 -8.973983765 -0.019305313 0.011637442 0.999745905 80.984741211
0.998548508 -0.051422719 0.016019255 6.753502369 0.051671378 0.998543561 -0.015515497 -9.113160133 -0.015198074 0.016320713 0.999751210 82.146575928
0.998405278 -0.054891296 0.013192752 6.812321663 0.055109482 0.998339176 -0.016786424 -9.240905762 -0.012249416 0.017486699 0.999772072 83.288192749
0.998434424 -0.055117775 0.009527911 6.877471924 0.055242885 0.998382926 -0.013407474 -9.370396614 -0.008773513 0.013912831 0.999864757 84.425735474
0.998417616 -0.055839926 0.006643396 6.945807934 0.055909123 0.998378277 -0.010732799 -9.502843857 -0.006033304 0.011087244 0.999920309 85.563041687
0.998574078 -0.053095572 0.005533162 6.988315105 0.053161334 0.998507619 -0.012505675 -9.630539894 -0.004860908 0.012781991 0.999906480 86.705772400
0.998762429 -0.049454745 0.005269979 7.037541866 0.049532227 0.998648226 -0.015755722 -9.758138657 -0.004483660 0.015997259 0.999861956 87.825294495
0.998853445 -0.047708079 0.003947573 7.097638130 0.047772627 0.998690546 -0.018300999 -9.887071609 -0.003069299 0.018468605 0.999824703 88.927696228
0.998785853 -0.049129657 0.003613474 7.135756493 0.049189392 0.998610854 -0.018895563 -10.029872894 -0.002680121 0.019050367 0.999815047 90.082023621
0.998733163 -0.050270613 0.002239497 7.186069489 0.050300419 0.998602271 -0.016231388 -10.161245346 -0.001420405 0.016323470 0.999865770 91.196998596
0.998687029 -0.051204052 0.001568232 7.234258652 0.051220566 0.998596489 -0.013477317 -10.293494225 -0.000875937 0.013539951 0.999907911 92.312980652
0.998702765 -0.050914142 0.000746275 7.297266006 0.050919537 0.998618722 -0.012950775 -10.415509224 -0.000085866 0.012971974 0.999915838 93.426284790
0.998675168 -0.051451784 0.000833441 7.341740131 0.051458512 0.998560429 -0.015140506 -10.543423653 -0.000053235 0.015163338 0.999884963 94.534606934
0.998655796 -0.051831476 0.000316769 7.400085449 0.051828112 0.998474658 -0.019030418 -10.672774315 0.000670089 0.019021258 0.999818802 95.641685486
0.998653471 -0.051873855 0.000617223 7.441028118 0.051875759 0.998450816 -0.020120872 -10.811756134 0.000427480 0.020125799 0.999797344 96.757461548
0.998611331 -0.052682806 0.000342409 7.497618198 0.052680202 0.998442590 -0.018362146 -10.944957733 0.000625494 0.018354684 0.999831378 97.842231750
0.998658657 -0.051762436 0.001175967 7.540589333 0.051773455 0.998571992 -0.013168396 -11.069450378 -0.000492659 0.013211617 0.999912620 98.929176331
0.998738170 -0.050160579 0.002396405 7.590470791 0.050181467 0.998693466 -0.009644364 -11.190975189 -0.001909508 0.009752452 0.999950647 99.994293213
0.998849213 -0.047767904 0.004284306 7.636705399 0.047807928 0.998808622 -0.009782804 -11.311683655 -0.003811898 0.009976371 0.999942899 101.067398071
0.998919189 -0.046008967 0.006608046 7.682428360 0.046082888 0.998871267 -0.011506405 -11.433851242 -0.006071189 0.011798485 0.999911964 102.101699829
0.998878837 -0.046439912 0.009181494 7.734020233 0.046564333 0.998819351 -0.013835752 -11.557372093 -0.008528125 0.014247770 0.999862134 103.122276306
0.998785138 -0.048037380 0.010983457 7.784785271 0.048198890 0.998725951 -0.014946041 -11.671717644 -0.010251496 0.015457273 0.999827981 104.141891479
0.998670101 -0.049917188 0.012891277 7.845453739 0.050097018 0.998645842 -0.014026315 -11.788223267 -0.012173662 0.014653476 0.999818563 105.124015808
0.998639882 -0.049997490 0.014790659 7.899885654 0.050187998 0.998657703 -0.012802550 -11.906239510 -0.014130709 0.013527450 0.999808669 106.102874756
0.998580933 -0.050956395 0.015479740 7.979397297 0.051130563 0.998630524 -0.011071604 -12.018596649 -0.014894372 0.011847377 0.999818861 107.054267883
0.998515129 -0.051556494 0.017591722 8.034548759 0.051763628 0.998592794 -0.011529597 -12.126360893 -0.016972540 0.012423088 0.999778748 107.971786499
0.998500943 -0.051288120 0.019113326 8.097740173 0.051483683 0.998624921 -0.009883654 -12.225982666 -0.018580131 0.010852864 0.999768436 108.882415771
0.998502851 -0.050486259 0.021054968 8.155860901 0.050657250 0.998686731 -0.007667769 -12.325173378 -0.020640204 0.008722877 0.999748945 109.753501892
0.998476803 -0.050509553 0.022199914 8.218751907 0.050623603 0.998707294 -0.004605668 -12.427543640 -0.021938583 0.005722493 0.999742925 110.612022400
0.998423398 -0.050804753 0.023868166 8.277009964 0.050920967 0.998693466 -0.004285981 -12.522169113 -0.023619236 0.005494613 0.999705851 111.438491821
0.998461723 -0.049568653 0.024841968 8.331665993 0.049673468 0.998758912 -0.003619456 -12.613177299 -0.024631729 0.004847876 0.999684751 112.253524780
0.998556852 -0.047378633 0.025287431 8.384809494 0.047479142 0.998866558 -0.003388818 -12.693252563 -0.025098212 0.004584554 0.999674439 113.034904480
0.998682797 -0.044765241 0.025071966 8.426359177 0.044792123 0.998996198 -0.000511438 -12.771962166 -0.025023906 0.001633791 0.999685466 113.790069580
0.998764455 -0.044643637 0.021829013 8.476796150 0.044639602 0.999002934 0.000672388 -12.858336449 -0.021837261 0.000302881 0.999761522 114.544509888
0.998881698 -0.044702146 0.015394221 8.512884140 0.044694979 0.999000311 0.000809062 -12.932809830 -0.015415003 -0.000120113 0.999881089 115.242752075
0.999051332 -0.043249574 0.005093120 8.539817810 0.043251369 0.999064088 -0.000242333 -13.009810448 -0.005077871 0.000462388 0.999987066 115.912239075
0.999148905 -0.040346902 -0.008584898 8.537571907 0.040320035 0.999181390 -0.003280266 -13.078389168 0.008710219 0.002931331 0.999957800 116.550170898
0.998869240 -0.038690295 -0.027624868 8.534996033 0.038546674 0.999240458 -0.005712853 -13.149255753 0.027824916 0.004641546 0.999602020 117.177558899
0.998051286 -0.037115101 -0.050158247 8.503126144 0.036766414 0.999292970 -0.007856904 -13.220520973 0.050414391 0.005997455 0.998710334 117.766471863
0.996321738 -0.035638463 -0.077928051 8.462793350 0.034977902 0.999339759 -0.009825625 -13.286923409 0.078226775 0.007063725 0.996910572 118.332641602
0.993403614 -0.033300892 -0.109728135 8.387967110 0.032194871 0.999411523 -0.011836437 -13.354130745 0.110057741 0.008225674 0.993891120 118.877212524
0.989013016 -0.028875262 -0.144980490 8.275917053 0.027258167 0.999542236 -0.013128379 -13.421720505 0.145293236 0.009032235 0.989347458 119.424140930
0.982756257 -0.022907684 -0.183480889 8.157129288 0.020971702 0.999702156 -0.012485178 -13.484973907 0.183712274 0.008421980 0.982943952 119.950042725
0.974147081 -0.017693957 -0.225220829 8.021696091 0.015739314 0.999821424 -0.010471443 -13.541399956 0.225365862 0.006655904 0.974251449 120.453407288
0.962773502 -0.012910156 -0.270001054 7.856143951 0.010926113 0.999901116 -0.008850003 -13.601611137 0.270088583 0.005570487 0.962819338 120.938125610
0.948371410 -0.007078726 -0.317083180 7.663505554 0.004319403 0.999946356 -0.009404320 -13.657676697 0.317132771 0.007549179 0.948351145 121.416542053
0.930984199 0.000701986 -0.365058661 7.432147980 -0.004651731 0.999939859 -0.009940171 -13.712927818 0.365029752 0.010952298 0.930931389 121.885322571
0.909906805 0.005237669 -0.414779633 7.183727264 -0.010677688 0.999884665 -0.010797627 -13.765892029 0.414675266 0.014253722 0.909857810 122.314826965
0.884820461 0.010088656 -0.465822875 6.904613495 -0.016355112 0.999822080 -0.009412332 -13.824162483 0.465644926 0.015946813 0.884827852 122.743721008
0.855744958 0.013250841 -0.517228186 6.620643616 -0.020989578 0.999738216 -0.009114652 -13.869372368 0.516972065 0.018656220 0.855798900 123.138244629
0.824079096 0.022966295 -0.566008985 6.292213440 -0.031819955 0.999476969 -0.005773544 -13.916830063 0.565580308 0.022768240 0.824378848 123.512588501
0.789933622 0.035893686 -0.612140834 5.945655823 -0.044732414 0.998998582 0.000852913 -13.962326050 0.611558497 0.026708795 0.790748239 123.872657776
0.754116893 0.044582948 -0.655225277 5.592647552 -0.056036931 0.998422801 0.003440399 -13.996717453 0.654345214 0.034122344 0.755425751 124.178085327
0.714121699 0.048612926 -0.698331535 5.229629517 -0.063332282 0.997981489 0.004708117 -14.049232483 0.697150767 0.040864766 0.715758979 124.476058960
0.671439588 0.050137866 -0.739361286 4.854080200 -0.065745853 0.997804701 0.007957450 -14.093565941 0.738137066 0.043266989 0.673261881 124.760604858
0.627452850 0.053550173 -0.776810944 4.447158813 -0.069456398 0.997504592 0.012661932 -14.122480392 0.775550604 0.046009716 0.629606545 125.028396606
0.582174301 0.062729165 -0.810640514 4.020587921 -0.080740958 0.996551454 0.019129975 -14.161191940 0.809045136 0.054314919 0.585231483 125.260665894
0.537052155 0.071385898 -0.840523064 3.565120697 -0.092429936 0.995393038 0.025480961 -14.184104919 0.838469982 0.064004891 0.541176081 125.469673157
0.490254879 0.076649077 -0.868202269 3.117084503 -0.098268636 0.994634926 0.032321006 -14.208721161 0.866021574 0.069471523 0.495156735 125.660621643
0.442808509 0.077911779 -0.893224835 2.654354095 -0.097583584 0.994487464 0.038368229 -14.234565735 0.891290069 0.070174284 0.447970420 125.842994690
0.395539403 0.079779536 -0.914977551 2.177951813 -0.095033005 0.994428039 0.045624852 -14.258640289 0.913519144 0.068906642 0.400917053 126.015563965
0.350239217 0.082357891 -0.933032513 1.686824799 -0.096596003 0.993991554 0.051478732 -14.278607368 0.931666076 0.072097331 0.356090367 126.153694153
0.306707025 0.085827589 -0.947926342 1.187717438 -0.102207705 0.993137181 0.056851204 -14.298967361 0.946300387 0.079448722 0.313374400 126.268493652
0.265092880 0.087046854 -0.960285723 0.669273376 -0.106829852 0.992436767 0.060470197 -14.314180374 0.958286583 0.086556971 0.272387087 126.372299194
0.225590438 0.083241343 -0.970659494 0.140649796 -0.106880851 0.992443562 0.060269356 -14.327855110 0.968341529 0.090148732 0.232782662 126.472312927
0.190463811 0.078736827 -0.978531480 -0.392675400 -0.102033176 0.992967606 0.060038410 -14.354372025 0.976377368 0.088407539 0.197158158 126.563476562
0.160117388 0.073563524 -0.984353065 -0.940834045 -0.099163689 0.993373156 0.058107402 -14.374438286 0.982104361 0.088308066 0.166351110 126.641487122
0.133587331 0.071910389 -0.988424718 -1.507850647 -0.100429237 0.993211985 0.058685500 -14.393479347 0.985935330 0.091427095 0.139902458 126.710113525
0.111438490 0.070950560 -0.991235316 -2.096849442 -0.100910753 0.993100286 0.059739292 -14.405796051 0.988634646 0.093369052 0.117829256 126.768661499
0.093371302 0.072666265 -0.992976069 -2.691775322 -0.103173949 0.992669880 0.062942229 -14.422158241 0.990271211 0.096572258 0.100184157 126.818733215
0.077063516 0.070946209 -0.994498730 -3.294666290 -0.104114205 0.992584348 0.062741838 -14.446549416 0.991575241 0.098706357 0.083878540 126.872596741
0.062784970 0.069878921 -0.995577693 -3.913964748 -0.102931596 0.992679596 0.063184246 -14.475522041 0.992705047 0.098509379 0.069518104 126.925704956
0.050566338 0.067473970 -0.996438801 -4.553819180 -0.098698974 0.993168771 0.062243856 -14.497830391 0.993831694 0.095200047 0.056880519 126.968101501
0.038735241 0.064796053 -0.997146428 -5.200129509 -0.096600391 0.993464231 0.060804222 -14.514509201 0.994569242 0.093969472 0.044741403 127.001525879
0.028133906 0.063826337 -0.997564375 -5.870376587 -0.095665842 0.993550539 0.060871497 -14.534096718 0.995015979 0.093720280 0.034058463 127.037605286
0.018521026 0.065283798 -0.997694910 -6.541425705 -0.098976701 0.993084192 0.063144721 -14.555524826 0.994917333 0.097579040 0.024854518 127.057769775
0.010111678 0.065357298 -0.997810721 -7.221148014 -0.101919256 0.992732286 0.063991837 -14.583808899 0.994741321 0.101049051 0.016699357 127.072776794
0.003406709 0.064696625 -0.997899175 -7.906006813 -0.103892811 0.992527723 0.063993707 -14.603110313 0.994582653 0.103456557 0.010102768 127.093666077
-0.001476581 0.065484315 -0.997852564 -8.604248047 -0.104754493 0.992353380 0.065278463 -14.619654655 0.994496882 0.104625925 0.005394488 127.107612610
-0.005247156 0.067993000 -0.997671962 -9.324089050 -0.106951453 0.991924942 0.068163842 -14.639244080 0.994250357 0.107060142 0.002067168 127.131835938
-0.005784839 0.072053716 -0.997383893 -10.062132835 -0.109154344 0.991395295 0.072254166 -14.663976669 0.994007945 0.109286778 0.002129911 127.129989624
-0.007181766 0.075176403 -0.997144401 -10.771499634 -0.111740485 0.990864515 0.075507745 -14.678295135 0.993711472 0.111963682 0.001284091 127.146781921
-0.007820380 0.080801375 -0.996699572 -11.509893417 -0.116530001 0.989865363 0.081161663 -14.685924530 0.993156374 0.116780110 0.001674660 127.154945374
-0.009102435 0.084530011 -0.996379375 -12.252377510 -0.119445011 0.989194572 0.085011661 -14.697623253 0.992799163 0.119786367 0.001092608 127.164283752
-0.010547505 0.085509829 -0.996281564 -13.003423691 -0.119489811 0.989089966 0.086157613 -14.720149040 0.992779434 0.119954236 -0.000214879 127.182899475
-0.011571453 0.081531569 -0.996603608 -13.769951820 -0.117543563 0.989649296 0.082327448 -14.728532791 0.993000329 0.118096985 -0.001868168 127.200469971
-0.013404155 0.078480020 -0.996825576 -14.520660400 -0.121346243 0.989419043 0.079528645 -14.737212181 0.992519855 0.122027047 -0.003739071 127.214340210
-0.014098303 0.079897508 -0.996703386 -15.296291351 -0.126364097 0.988668025 0.081040800 -14.744073868 0.991883814 0.127090052 -0.003842364 127.208702087
-0.015777215 0.082701646 -0.996449471 -16.067697525 -0.123567536 0.988772690 0.084021010 -14.754590988 0.992210686 0.124454409 -0.005380844 127.228790283
-0.017847436 0.082882009 -0.996399581 -16.842559814 -0.122561961 0.988861382 0.084450275 -14.770952225 0.992300391 0.123627909 -0.007490457 127.242866516
-0.018645301 0.081995487 -0.996458292 -17.631462097 -0.125611469 0.988542855 0.083694540 -14.779686928 0.991904259 0.126727089 -0.008132107 127.242919922
-0.019977195 0.081729211 -0.996454358 -18.423477173 -0.129506573 0.988045096 0.083635882 -14.794508934 0.991377294 0.130718216 -0.009153901 127.257850647
-0.021575784 0.086122639 -0.996050894 -19.219390869 -0.131342143 0.987403810 0.088220030 -14.801318169 0.991102278 0.132726848 -0.009992483 127.269599915
-0.022498092 0.091152325 -0.995582819 -20.022554398 -0.130387694 0.987061620 0.093318649 -14.817296982 0.991207778 0.131911218 -0.010321864 127.288024902
-0.020970292 0.093270510 -0.995419919 -20.844087601 -0.131173059 0.986775517 0.095223926 -14.821695328 0.991137683 0.132569134 -0.008458395 127.292335510
-0.019051621 0.092170618 -0.995560884 -21.662395477 -0.130591094 0.986981988 0.093875438 -14.828870773 0.991253257 0.131799892 -0.006766941 127.302665710
-0.017700022 0.091953889 -0.995605886 -22.493181229 -0.130729616 0.987000763 0.093483254 -14.830986977 0.991260111 0.131809831 -0.005448839 127.311271667
-0.018028097 0.091237649 -0.995665967 -23.323890686 -0.129078373 0.987281978 0.092806548 -14.838974953 0.991470516 0.130192071 -0.006022008 127.338714600
-0.016938001 0.093175367 -0.995505691 -24.162170410 -0.130014792 0.986989737 0.094590455 -14.844295502 0.991367400 0.131032646 -0.004603455 127.354454041
-0.016363755 0.095373236 -0.995307088 -25.000743866 -0.131851077 0.986541569 0.096701033 -14.846401215 0.991134524 0.132814690 -0.003568463 127.368988037
-0.016649200 0.097749017 -0.995071769 -25.869655609 -0.134724170 0.985914886 0.099103615 -14.847541809 0.990743399 0.135710225 -0.003245539 127.385978699
-0.014964127 0.098721936 -0.995002508 -26.733264923 -0.136951849 0.985533297 0.099842057 -14.843638420 0.990464687 0.137761548 -0.001227491 127.397308350
-0.013253868 0.101843491 -0.994712114 -27.602649689 -0.143631265 0.984289050 0.102690123 -14.843227386 0.989542544 0.144232810 0.001582277 127.412147522
-0.010725345 0.105763435 -0.994333506 -28.484228134 -0.148374423 0.983214438 0.106181167 -14.837907791 0.988873124 0.148672476 0.005147272 127.425109863
-0.008657157 0.107610092 -0.994155407 -29.358884811 -0.150834531 0.982676864 0.107681073 -14.832603455 0.988521218 0.150885180 0.007724129 127.455619812
-0.004727903 0.108682789 -0.994065225 -30.260030746 -0.150049284 0.982744575 0.108158752 -14.834949493 0.988667130 0.149670154 0.011661459 127.474945068
-0.002064999 0.108489528 -0.994095445 -31.150791168 -0.152558506 0.982426882 0.107533000 -14.827583313 0.988292217 0.151879787 0.014522290 127.504356384
0.000440784 0.112349786 -0.993668556 -32.054004669 -0.153086141 0.981963813 0.110958450 -14.818981171 0.988212705 0.152067989 0.017632030 127.534347534
0.002816670 0.114291906 -0.993443131 -32.967731476 -0.152180180 0.981925130 0.112535320 -14.813005447 0.988348722 0.150865436 0.020158725 127.573333740
0.004678059 0.115448229 -0.993302464 -33.860542297 -0.152712464 0.981744587 0.113385700 -14.808378220 0.988259614 0.151159257 0.022223046 127.614158630
0.007160073 0.113895886 -0.993466914 -34.763168335 -0.154267147 0.981724620 0.111437872 -14.803147316 0.988003194 0.152461410 0.024599615 127.645797729
0.007474963 0.114860706 -0.993353426 -35.672370911 -0.158313319 0.980988801 0.112239689 -14.791637421 0.987360597 0.156422123 0.025516836 127.687713623
0.008556300 0.115552194 -0.993264616 -36.565814972 -0.159093991 0.980806053 0.112732328 -14.787015915 0.987226367 0.157057822 0.026775729 127.725051880
0.008800155 0.111949138 -0.993675053 -37.461566925 -0.159512818 0.981146038 0.109124914 -14.783337593 0.987156689 0.157543555 0.026491556 127.760635376
0.009746556 0.107827134 -0.994121850 -38.367500305 -0.160654426 0.981423140 0.104874685 -14.783010483 0.986962557 0.158687904 0.026888400 127.804496765
0.010204515 0.106967159 -0.994210184 -39.265083313 -0.160166219 0.981599629 0.103966422 -14.776475906 0.987037420 0.158177927 0.027149269 127.846336365
0.010030579 0.111204430 -0.993747056 -40.168994904 -0.162627935 0.980747104 0.108108178 -14.773428917 0.986636460 0.160526618 0.027922411 127.887199402
0.010312399 0.117295362 -0.993043542 -41.099521637 -0.162944630 0.980019510 0.114064857 -14.760785103 0.986581326 0.160634831 0.029218994 127.925796509
0.010669243 0.116034545 -0.993187904 -41.994586945 -0.160847813 0.980509222 0.112825416 -14.760510445 0.986921549 0.158548310 0.029125189 127.970092773
0.011403932 0.105582945 -0.994345129 -42.883575439 -0.159970492 0.981794477 0.102415629 -14.765555382 0.987055957 0.157897934 0.028086476 128.014526367
0.011698915 0.095141307 -0.995395005 -43.804782867 -0.161948308 0.982500672 0.092005476 -14.769525528 0.986729920 0.160126194 0.026902171 128.053527832
0.010622286 0.092095450 -0.995693505 -44.705043793 -0.158801943 0.983267963 0.089252040 -14.777818680 0.987253368 0.157169968 0.025069492 128.100311279
0.010537162 0.102282748 -0.994699538 -45.626525879 -0.151440933 0.983443618 0.099521071 -14.780427933 0.988410234 0.149589524 0.025852500 128.149276733
0.010525877 0.115286738 -0.993276477 -46.572437286 -0.146393165 0.982806325 0.112520151 -14.777332306 0.989170432 0.144224495 0.027222088 128.207275391
0.010608379 0.124375835 -0.992178500 -47.495147705 -0.146597266 0.981706619 0.121495731 -14.768352509 0.989139438 0.144161776 0.028647471 128.253204346
0.010573216 0.118426427 -0.992906570 -48.414421082 -0.146523386 0.982427478 0.115616277 -14.760485649 0.989150763 0.144261599 0.027739659 128.291671753
0.010788750 0.105103128 -0.994402826 -49.339492798 -0.146735251 0.983861566 0.102396972 -14.763626099 0.989116967 0.144809231 0.026036970 128.332138062
0.011454770 0.096339956 -0.995282531 -50.255371094 -0.147187024 0.984668255 0.093618520 -14.763793945 0.989042401 0.145420268 0.025459135 128.375411987
0.011858164 0.096250229 -0.995286584 -51.190803528 -0.145985752 0.984858096 0.093502417 -14.769428253 0.989215612 0.144188851 0.025729772 128.420578003
0.011354236 0.097932659 -0.995128274 -52.127727509 -0.149188071 0.984219491 0.095156908 -14.783791542 0.988743663 0.147380799 0.025785446 128.458404541
0.011846578 0.097242184 -0.995190203 -53.076782227 -0.154240116 0.983526230 0.094266407 -14.789420128 0.987962365 0.152381524 0.026650060 128.499710083
0.012315118 0.096635953 -0.995243728 -54.008121490 -0.155855030 0.983339846 0.093551591 -14.789512634 0.987703085 0.153961614 0.027171146 128.542938232
0.013220747 0.104168057 -0.994471908 -54.955707550 -0.165109888 0.981133640 0.100575894 -14.787364006 0.986186504 0.162867412 0.030170495 128.576400757
0.014762694 0.113855414 -0.993387699 -55.905158997 -0.170792267 0.979182601 0.109689184 -14.783489227 0.985196352 0.168043628 0.033900999 128.613540649
0.015949033 0.121923015 -0.992411435 -56.872791290 -0.170840517 0.978274584 0.117440641 -14.780883789 0.985169590 0.167671040 0.036431924 128.668273926
0.016771764 0.122838467 -0.992284954 -57.815017700 -0.172148272 0.977959216 0.118155360 -14.773117065 0.984928310 0.168838471 0.037548527 128.715774536
0.017987845 0.112941623 -0.993438840 -58.752834320 -0.173754409 0.978833973 0.108135149 -14.767164230 0.984624743 0.170669258 0.037231222 128.769805908
0.018937245 0.108368263 -0.993930519 -59.694183350 -0.172198415 0.979607046 0.103525735 -14.768321991 0.984880209 0.169192746 0.037211906 128.828262329
0.020922160 0.106567934 -0.994085312 -60.645507812 -0.170852676 0.980057955 0.101468287 -14.772363663 0.985074401 0.167719230 0.038712349 128.888336182
0.024486991 0.112227879 -0.993380725 -61.643188477 -0.172793999 0.979197860 0.106366180 -14.760110855 0.984653533 0.169045672 0.043369923 128.943527222
0.028132115 0.114320502 -0.993045509 -62.604537964 -0.175571442 0.978560030 0.107679136 -14.759498596 0.984064698 0.171321228 0.047600385 128.997573853
0.032255746 0.109126702 -0.993504345 -63.553932190 -0.174945414 0.979292274 0.101885766 -14.760525703 0.984049678 0.170522600 0.050679009 129.059890747
0.035050120 0.103486232 -0.994013131 -64.514755249 -0.174881399 0.979912698 0.095851727 -14.767169952 0.983965456 0.170474783 0.052443877 129.125518799
0.038433101 0.102860220 -0.993953109 -65.482383728 -0.172392949 0.980455995 0.094797589 -14.765530586 0.984278202 0.167707130 0.055414349 129.196151733
0.041180480 0.107953273 -0.993302703 -66.454315186 -0.169971928 0.980412245 0.099505611 -14.785274506 0.984588087 0.164735883 0.058722865 129.282165527
0.044724055 0.114774354 -0.992384255 -67.413414001 -0.169388965 0.979865491 0.105692580 -14.786630630 0.984533966 0.163371921 0.063265063 129.360122681
0.047390454 0.118555598 -0.991815865 -68.377151489 -0.167068660 0.979885221 0.109146692 -14.790297508 0.984805703 0.160528854 0.066244140 129.443222046
0.049533240 0.120370604 -0.991492510 -69.361968994 -0.166848525 0.979758501 0.110610619 -14.789075851 0.984737575 0.159950122 0.068614259 129.524765015
0.051569108 0.117725097 -0.991706252 -70.309738159 -0.165309817 0.980334818 0.107779011 -14.790566444 0.984892666 0.158380747 0.070016094 129.604766846
0.052147340 0.116111197 -0.991866291 -71.256027222 -0.163237721 0.980849981 0.106239364 -14.792623520 0.985207617 0.156369939 0.070102431 129.693450928
0.052757617 0.112517707 -0.992248118 -72.201683044 -0.160093218 0.981732965 0.102813207 -14.799138069 0.985691071 0.153428048 0.069807209 129.781875610
0.052355923 0.112489022 -0.992272675 -73.184005737 -0.158717141 0.981942654 0.102943480 -14.795490265 0.985934973 0.152100995 0.069264472 129.866302490
0.052018847 0.117315963 -0.991731346 -74.136680603 -0.155476555 0.981917977 0.107999943 -14.798192978 0.986469030 0.148572922 0.069318116 129.953079224
0.051223755 0.118713737 -0.991606414 -75.101928711 -0.149451151 0.982640266 0.109920070 -14.798647881 0.987441421 0.142566219 0.068076432 130.055252075
0.050790899 0.113796227 -0.992204964 -76.062187195 -0.146705627 0.983560026 0.105294891 -14.780865669 0.987875462 0.140214041 0.066650428 130.132659912
0.049194355 0.110599279 -0.992646694 -77.017852783 -0.148609787 0.983597934 0.102226138 -14.790204048 0.987671554 0.142488077 0.064823598 130.215957642
0.048031949 0.107883386 -0.993002594 -77.967391968 -0.145059019 0.984363854 0.099928282 -14.792591095 0.988256454 0.139244199 0.062930375 130.297790527
0.047007702 0.108744778 -0.992957592 -78.934005737 -0.145328909 0.984224021 0.100908279 -14.793959618 0.988266051 0.139561966 0.062069867 130.365509033
0.045877654 0.109704822 -0.992904842 -79.889251709 -0.146454856 0.983950078 0.101948366 -14.794884682 0.988152921 0.140738592 0.061208114 130.444808960
0.044724692 0.110112555 -0.992912292 -80.844429016 -0.148059919 0.983660877 0.102417395 -14.797480583 0.987966537 0.142429933 0.060297191 130.515670776
0.043147497 0.110944293 -0.992889583 -81.795143127 -0.147911415 0.983572662 0.103475526 -14.799877167 0.988058925 0.142394990 0.058848627 130.586013794
0.041330874 0.111110732 -0.992948174 -82.757286072 -0.147826687 0.983540058 0.103904784 -14.799274445 0.988149226 0.142489761 0.057075705 130.655059814
0.039559864 0.113183185 -0.992786229 -83.714317322 -0.148172408 0.983243823 0.106191017 -14.789956093 0.988169968 0.142902657 0.055667620 130.728469849
0.038260292 0.117079616 -0.992385268 -84.668884277 -0.149579957 0.982594073 0.110157587 -14.782941818 0.988009095 0.144226268 0.055107102 130.785980225
0.036286943 0.122309700 -0.991828442 -85.618377686 -0.150927499 0.981768668 0.115547337 -14.774584770 0.987878561 0.145501360 0.054085281 130.849884033
0.033578563 0.121966705 -0.991966009 -86.567695618 -0.150653780 0.981802464 0.115617327 -14.770668030 0.988016129 0.145561188 0.051342268 130.917114258
0.032699730 0.116887353 -0.992606759 -87.512954712 -0.150813788 0.982343316 0.110710472 -14.766038895 0.988021135 0.146078572 0.049750585 130.976501465
0.030029187 0.111962870 -0.993258476 -88.461456299 -0.154889673 0.982224762 0.106036335 -14.754960060 0.987475216 0.150661290 0.046837304 131.039993286
0.028946863 0.109980099 -0.993512154 -89.404861450 -0.152706727 0.982748210 0.104339287 -14.752309799 0.987847447 0.148695707 0.045242183 131.103836060
0.028345075 0.111126326 -0.993402004 -90.370979309 -0.147764638 0.983348906 0.105785519 -14.754047394 0.988616228 0.143791229 0.044293642 131.159622192
0.027926993 0.112574883 -0.993250787 -91.320159912 -0.144881815 0.983601987 0.107407697 -14.752338409 0.989054799 0.140904382 0.043779109 131.219680786
0.026489064 0.112236969 -0.993328333 -92.272781372 -0.139663249 0.984346807 0.107497729 -14.752284050 0.989844680 0.135883927 0.041749801 131.289306641
0.025220314 0.109328628 -0.993685663 -93.214385986 -0.135607392 0.985188186 0.104951926 -14.754510880 0.990441620 0.132104188 0.039672527 131.353530884
0.024443539 0.106377617 -0.994025290 -94.160232544 -0.130557120 0.986146450 0.102323987 -14.759821892 0.991139412 0.127275899 0.037993260 131.416305542
0.022588123 0.108822748 -0.993804514 -95.143096924 -0.128532350 0.986124575 0.105060376 -14.761066437 0.991447985 0.125362918 0.036261950 131.472244263
0.021276172 0.110905029 -0.993603349 -96.091522217 -0.127975598 0.985954702 0.107310936 -14.756706238 0.991549075 0.124873817 0.035170473 131.528884888
0.019900585 0.108870924 -0.993856788 -97.049964905 -0.123776622 0.986674547 0.105605714 -14.754108429 0.992110491 0.120914616 0.033111077 131.578384399
0.018201642 0.105826303 -0.994218111 -98.000068665 -0.120930672 0.987315536 0.102877654 -14.752135277 0.992494106 0.118358925 0.030768402 131.624069214
0.014425676 0.103270791 -0.994548678 -98.971160889 -0.119502798 0.987700880 0.100826390 -14.748889923 0.992729068 0.117396869 0.026589403 131.677703857
0.011794769 0.102442220 -0.994669020 -99.925979614 -0.113968909 0.988393605 0.100444458 -14.758847237 0.993414283 0.112176619 0.023333102 131.726181030
0.009589110 0.102569267 -0.994679749 -100.885208130 -0.107206397 0.989097476 0.100960135 -14.753848076 0.994190574 0.105667911 0.020480650 131.768600464
0.007419980 0.109754346 -0.993931174 -101.850891113 -0.097177446 0.989332914 0.108521156 -14.745472908 0.995239437 0.095782459 0.018006479 131.827774048
0.004704129 0.117896907 -0.993014634 -102.809204102 -0.089113921 0.989124298 0.117012836 -14.741905212 0.996010363 0.087941006 0.015159223 131.883712769
0.001937038 0.117421359 -0.993080258 -103.762527466 -0.084910527 0.989515007 0.116834179 -14.735522270 0.996386766 0.084096640 0.011887038 131.928482056
-0.000639819 0.107445426 -0.994210899 -104.718910217 -0.085937731 0.990526974 0.107102618 -14.736342430 0.996300280 0.085508741 0.008599860 131.960250854
-0.002759543 0.097851366 -0.995197237 -105.665351868 -0.087629475 0.991348922 0.097715966 -14.732337952 0.996149302 0.087478273 0.005838993 131.997650146
-0.002913367 0.099383682 -0.995044887 -106.628280640 -0.094796471 0.990540564 0.099211358 -14.734216690 0.995492399 0.094615780 0.006535414 132.013732910
-0.004215723 0.108748786 -0.994060338 -107.584762573 -0.098223850 0.989217043 0.108635515 -14.725438118 0.995155394 0.098098412 0.006511461 132.055587769
-0.005743492 0.120119974 -0.992742777 -108.548103333 -0.102218077 0.987488389 0.120075598 -14.713895798 0.994745433 0.102165923 0.006606802 132.084182739
-0.007091830 0.122016385 -0.992502749 -109.490043640 -0.109358221 0.986479998 0.122057378 -14.705230713 0.993977070 0.109403960 0.006347548 132.113983154
-0.006794234 0.118984126 -0.992872894 -110.470321655 -0.116673522 0.986020029 0.118961275 -14.686904907 0.993147016 0.116650224 0.007183047 132.130935669
-0.006962477 0.115097918 -0.993329763 -111.425262451 -0.124786913 0.985489011 0.115064055 -14.674895287 0.992159069 0.124755688 0.007501270 132.154235840
-0.004410771 0.117212065 -0.993097126 -112.391845703 -0.129575729 0.984667242 0.116792619 -14.656444550 0.991559625 0.129196435 0.010844698 132.174057007
-0.003307432 0.118250191 -0.992978275 -113.364868164 -0.137467742 0.983502746 0.117579646 -14.638797760 0.990500689 0.136891395 0.013002721 132.201202393
-0.002866155 0.121031493 -0.992644489 -114.328277588 -0.146700516 0.981858134 0.120139889 -14.622771263 0.989176869 0.145965829 0.014941222 132.222351074
-0.002584629 0.123140000 -0.992385983 -115.303298950 -0.152163997 0.980784655 0.122096762 -14.601090431 0.988351882 0.151320964 0.016202508 132.249008179
-0.002585718 0.122594304 -0.992453516 -116.270362854 -0.156049505 0.980248868 0.121493287 -14.591191292 0.987745821 0.155186042 0.016596138 132.292343140
-0.001138068 0.113115147 -0.993581235 -117.224983215 -0.154964164 0.981559396 0.111924022 -14.593715668 0.987919331 0.154096857 0.016411712 132.325500488
0.000258434 0.101700306 -0.994814992 -118.174926758 -0.157973960 0.982327580 0.100382671 -14.586096764 0.987443268 0.157128915 0.016319865 132.362182617
