1.000000000 0.000000000 0.000000000 0.000000000 0.000000000 1.000000000 0.000000000 0.000000000 0.000000000 0.000000000 1.000000000 0.000000000
0.999997854 -0.001589960 -0.001347994 0.049238145 0.001587057 0.999996424 -0.002151900 -0.132777452 0.001351410 0.002149756 0.999996781 1.298135519
0.999997795 0.000099203 -0.002097442 0.104392543 -0.000112581 0.999979615 -0.006379336 -0.266882241 0.002096767 0.006379558 0.999977469 2.605272770
0.999996126 0.002449570 -0.001304418 0.147802979 -0.002459863 0.999965370 -0.007949031 -0.405037224 0.001284901 0.007952209 0.999967575 3.909230947
0.999983728 0.005696740 0.000292066 0.192261264 -0.005694672 0.999961615 -0.006651414 -0.543509603 -0.000329946 0.006649642 0.999977827 5.219743252
0.999975681 0.006530783 0.002456822 0.242664710 -0.006522843 0.999973476 -0.003225779 -0.690948009 -0.002477824 0.003209676 0.999991775 6.533293724
0.999960780 0.006794591 0.005681895 0.300410002 -0.006783484 0.999975145 -0.001971723 -0.827966273 -0.005695149 0.001933102 0.999981940 7.836289406
0.999942720 0.005424088 0.009221925 0.355551928 -0.005406818 0.999983549 -0.001896477 -0.960044444 -0.009232061 0.001846507 0.999955654 9.142595291
0.999913514 0.004082684 0.012504829 0.435433328 -0.004061363 0.999990344 -0.001729927 -1.097636342 -0.012511770 0.001678991 0.999920249 10.442192078
0.999869883 0.002688751 0.015901130 0.501449585 -0.002650331 0.999993443 -0.002436736 -1.233685255 -0.015907580 0.002394276 0.999870598 11.747258186
0.999814093 0.001560051 0.019222261 0.577608109 -0.001497578 0.999993563 -0.003263996 -1.368869662 -0.019227233 0.003234601 0.999809921 13.040129662
0.999745488 0.001513579 0.022508621 0.647539139 -0.001441082 0.999993742 -0.003236762 -1.515875459 -0.022513377 0.003203501 0.999741435 14.367493629
0.999662936 0.001471464 0.025920335 0.731531143 -0.001361888 0.999990165 -0.004244538 -1.654180527 -0.025926320 0.004207808 0.999655008 15.661948204
0.999576092 0.002364079 0.029015554 0.817668736 -0.002238714 0.999988019 -0.004352320 -1.791011453 -0.029025495 0.004285517 0.999569476 16.962705612
0.999477983 0.001948073 0.032249443 0.906928301 -0.001821364 0.999990523 -0.003957946 -1.929514527 -0.032256853 0.003897142 0.999472022 18.248504639
0.999410570 0.000344406 0.034326952 1.005474567 -0.000217956 0.999993324 -0.003687385 -2.072227001 -0.034327980 0.003677730 0.999403834 19.547288895
0.999350727 -0.002249152 0.035960060 1.102666855 0.002429476 0.999984741 -0.004971628 -2.213037968 -0.035948325 0.005055764 0.999340832 20.822193146
0.999305308 -0.001746980 0.037227646 1.198827147 0.001999559 0.999975204 -0.006748582 -2.353011370 -0.037214927 0.006818333 0.999284029 22.127716064
0.999259233 -0.001689174 0.038447451 1.279284239 0.002057509 0.999952197 -0.009542676 -2.495599031 -0.038429491 0.009614713 0.999215066 23.416715622
0.999219418 -0.001128617 0.039486561 1.384647846 0.001560259 0.999939322 -0.010902252 -2.638615847 -0.039471850 0.010955352 0.999160647 24.702650070
0.999182820 -0.000384433 0.040418476 1.487207055 0.000850538 0.999933302 -0.011515410 -2.786481142 -0.040411349 0.011540377 0.999116480 25.971429825
0.999160588 -0.002061299 0.040911332 1.585319996 0.002492547 0.999941826 -0.010492827 -2.932657480 -0.040887322 0.010585994 0.999107659 27.264461517
0.999153972 -0.005066724 0.040811829 1.688548803 0.005451612 0.999941647 -0.009325017 -3.079741955 -0.040762201 0.009539617 0.999123275 28.542301178
0.999175966 -0.006562990 0.040053986 1.784769058 0.006959959 0.999927938 -0.009779495 -3.226677656 -0.039986923 0.010050211 0.999149621 29.832710266
0.999173403 -0.008205217 0.039814804 1.879113436 0.008706387 0.999884844 -0.012430513 -3.370772600 -0.039708227 0.012766883 0.999129713 31.091690063
0.999217570 -0.008249260 0.038679291 1.994702816 0.008736184 0.999884427 -0.012436699 -3.520020247 -0.038572233 0.012764878 0.999174297 32.380420685
0.999240935 -0.008765312 0.037957013 2.093381405 0.009254364 0.999876201 -0.012727852 -3.665373802 -0.037840750 0.013069459 0.999198318 33.647949219
0.999247670 -0.009403229 0.037623703 2.185764074 0.009892739 0.999868572 -0.012845764 -3.809301138 -0.037497967 0.013208302 0.999209344 34.912746429
0.999257267 -0.009869907 0.037248325 2.275182724 0.010371493 0.999857843 -0.013296904 -3.954510927 -0.037111796 0.013673347 0.999217570 36.170810699
0.999304354 -0.010469318 0.035793513 2.395343781 0.010959261 0.999848545 -0.013519358 -4.112570763 -0.035646562 0.013902222 0.999267757 37.459266663
0.999304116 -0.010171969 0.035885420 2.486188650 0.010604453 0.999873102 -0.011882159 -4.255662918 -0.035760012 0.012254434 0.999285221 38.715682983
0.999265730 -0.010061607 0.036969122 2.586997986 0.010461016 0.999888837 -0.010626295 -4.399065495 -0.036858097 0.011005227 0.999259889 39.984523773
0.999193609 -0.011891155 0.038351730 2.703581572 0.012243487 0.999884844 -0.008965090 -4.541710377 -0.038240712 0.009427418 0.999224007 41.233489990
0.999069393 -0.013067737 0.041104935 2.788917542 0.013490777 0.999858618 -0.010031196 -4.689198971 -0.040968034 0.010576398 0.999104500 42.495010376
0.998949945 -0.014068780 0.043600488 2.884502888 0.014654883 0.999806046 -0.013152211 -4.839246750 -0.043406993 0.013777361 0.998962462 43.744434357
0.998849690 -0.015474671 0.045385648 2.995266914 0.016138710 0.999767601 -0.014301330 -4.984235764 -0.045153785 0.015017346 0.998867154 45.002693176
0.998727262 -0.015671834 0.047940172 3.123455524 0.016325492 0.999778748 -0.013273835 -5.115533829 -0.047721535 0.014039588 0.998762012 46.239517212
0.998522580 -0.016872164 0.051651437 3.222963810 0.017391382 0.999802589 -0.009619487 -5.275560856 -0.051478937 0.010503567 0.998618841 47.494602203
0.998248518 -0.020004181 0.055674337 3.330136299 0.020462856 0.999761164 -0.007680596 -5.414077759 -0.055507392 0.008806400 0.998419464 48.713932037
0.998001516 -0.021885796 0.059279192 3.464730740 0.022395296 0.999717593 -0.007944203 -5.552594185 -0.059088588 0.009255901 0.998209834 49.968738556
0.997726738 -0.025151050 0.062520057 3.606151342 0.025944401 0.999592423 -0.011910180 -5.689197063 -0.062195025 0.013505151 0.997972608 51.205001831
0.997425318 -0.026721925 0.066546947 3.737802505 0.027553197 0.999552906 -0.011605032 -5.824968815 -0.066207081 0.013408736 0.997715831 52.429286957
0.997065544 -0.029208055 0.070760950 3.861938953 0.029944779 0.999507666 -0.009372873 -5.963651180 -0.070452347 0.011464290 0.997449279 53.657043457
0.996791780 -0.031761706 0.073466249 4.023020267 0.032283705 0.999461174 -0.005928361 -6.099010944 -0.073238380 0.008281104 0.997280061 54.868965149
0.996521831 -0.034512833 0.075848982 4.166939259 0.034927581 0.999381304 -0.004147959 -6.231551647 -0.075658895 0.006782755 0.997110605 56.085727692
0.996335626 -0.037504524 0.076868497 4.323933601 0.037710514 0.999287963 -0.001229475 -6.355224133 -0.076767653 0.004123720 0.997040510 57.301654816
0.996182621 -0.040572379 0.077291571 4.478450298 0.040652249 0.999173224 0.000540475 -6.482989311 -0.077249601 0.002603663 0.997008383 58.502681732
0.996126115 -0.042536307 0.076963507 4.624345779 0.042875215 0.999076605 -0.002755774 -6.609413147 -0.076775230 0.006044926 0.997030020 59.709300995
0.996165454 -0.043696798 0.075794898 4.778450012 0.044367786 0.998989344 -0.007190680 -6.736481667 -0.075404093 0.010525960 0.997097492 60.896522522
0.996161461 -0.044976059 0.075095832 4.907729626 0.045936272 0.998882592 -0.011107555 -6.863291740 -0.074512340 0.014514539 0.997114480 62.097057343
0.996206105 -0.046570312 0.073514976 5.057692528 0.047684200 0.998771548 -0.013469104 -6.995571613 -0.072797425 0.016923508 0.997203171 63.291004181
0.996323168 -0.047155011 0.071530372 5.188910484 0.048258618 0.998739839 -0.013778524 -7.129058838 -0.070790514 0.017179817 0.997343183 64.467666626
0.996548772 -0.046361938 0.068855077 5.322425842 0.047391377 0.998786688 -0.013392456 -7.262411118 -0.068150617 0.016609374 0.997536719 65.644943237
0.996809125 -0.045578670 0.065530181 5.444334984 0.046403918 0.998860776 -0.011126179 -7.405350685 -0.064948417 0.014131535 0.997788489 66.840629578
0.997212052 -0.041736815 0.061856590 5.564488888 0.042300787 0.999074161 -0.007835403 -7.532454491 -0.061472289 0.010430140 0.998054206 68.016807556
0.997460365 -0.040037811 0.058904067 5.682596207 0.040402707 0.999170840 -0.005016368 -7.663924694 -0.058654387 0.007383512 0.998251021 69.202102661
0.997699320 -0.039195590 0.055315580 5.798970222 0.039699201 0.999179363 -0.008034395 -7.797827721 -0.054955274 0.010211895 0.998436570 70.365364075
0.997874677 -0.039325558 0.051958784 5.911492825 0.040159531 0.999079168 -0.015105062 -7.928327560 -0.051316924 0.017159598 0.998534977 71.539680481
0.997897685 -0.042849809 0.048621539 6.013209820 0.043771647 0.998878539 -0.018055197 -8.069908142 -0.047793344 0.020145485 0.998654068 72.716354370
0.997968256 -0.046001479 0.044080876 6.124438286 0.046626654 0.998824358 -0.013260108 -8.203596115 -0.043419067 0.015288511 0.998939931 73.885513306
0.997907937 -0.050529450 0.040330078 6.224625587 0.050912883 0.998666584 -0.008536947 -8.331835747 -0.039844926 0.010572407 0.999149919 75.054710388
0.997976184 -0.052475717 0.035913795 6.321849823 0.052723348 0.998591185 -0.005982372 -8.449871063 -0.035549276 0.007863759 0.999336958 76.224037170
0.998183072 -0.051179759 0.031798691 6.410791397 0.051317438 0.998676300 -0.003528736 -8.580958366 -0.031575993 0.005154151 0.999488056 77.390640259
0.998300791 -0.050971117 0.028238181 6.494195938 0.051073316 0.998690724 -0.002909444 -8.706619263 -0.028052911 0.004346718 0.999597013 78.541450500
0.998483241 -0.049043119 0.025020251 6.577639580 0.049171083 0.998780251 -0.004524853 -8.836557388 -0.024767814 0.005748262 0.999676704 79.712295532
0.998616755 -0.047514845 0.022511540 6.633669853 0.047748208 0.998809874 -0.009944807 -8.962841034 -0.022012217 0.011005937 0.999697149 80.859016418
0.998532414 -0.050640423 0.019197745 6.713309288 0.050936181 0.998585463 -0.015243371 -9.089140892 -0.018398663 0.016198859 0.999699533 81.999893188
0.998387992 -0.054697812 0.015151298 6.793307304 0.054942615 0.998357356 -0.016242035 -9.219102859 -0.014238007 0.017048309 0.999753237 83.165534973
0.998437464 -0.054673292 0.011549041 6.853025436 0.054818142 0.998416543 -0.012622617 -9.356348038 -0.010840633 0.013235993 0.999853611 84.328247070
0.998428762 -0.055272039 0.009214585 6.912347317 0.055363923 0.998415828 -0.010034414 -9.484085083 -0.008645364 0.010528803 0.999907196 85.459938049
0.998585582 -0.052447304 0.008722323 6.962612152 0.052545894 0.998552442 -0.011485647 -9.614599228 -0.008107306 0.011927724 0.999896049 86.601188660
0.998772025 -0.048930373 0.007764425 7.020576477 0.049041457 0.998686790 -0.014828204 -9.744089127 -0.007028679 0.015190776 0.999859929 87.732566833
0.998837233 -0.047770094 0.006489708 7.076047897 0.047876552 0.998702109 -0.017380416 -9.875188828 -0.005651021 0.017670913 0.999827862 88.850036621
0.998777330 -0.049067590 0.006017440 7.132143974 0.049166542 0.998635948 -0.017577961 -10.010320663 -0.005146725 0.017852323 0.999827325 89.964828491
0.998788893 -0.048922557 0.005223658 7.172456741 0.048998043 0.998679221 -0.015460512 -10.141827583 -0.004460391 0.015697736 0.999866843 91.088302612
0.998698592 -0.050840966 0.004037494 7.233849049 0.050887898 0.998625934 -0.012523684 -10.268741608 -0.003395230 0.012712846 0.999913394 92.198066711
0.998730540 -0.050206088 0.004089259 7.284633160 0.050253212 0.998659909 -0.012377636 -10.392123222 -0.003462346 0.012567423 0.999915004 93.334297180
0.998709619 -0.050638970 0.003843033 7.329404831 0.050688773 0.998613417 -0.014210112 -10.525546074 -0.003118119 0.014386578 0.999891639 94.484413147
0.998705685 -0.050748888 0.003405890 7.386861324 0.050801292 0.998552859 -0.017642949 -10.655020714 -0.002505601 0.017793134 0.999838531 95.583938599
0.998651028 -0.051852643 0.002695247 7.447631836 0.051894385 0.998474181 -0.018872257 -10.786018372 -0.001712558 0.018986670 0.999818206 96.687683105
0.998664200 -0.051545937 0.003569944 7.491240501 0.051601250 0.998511255 -0.017681221 -10.918725014 -0.002653234 0.017841814 0.999837220 97.767028809
0.998678386 -0.051240642 0.003980487 7.545467854 0.051285230 0.998611331 -0.012047100 -11.040210724 -0.003357659 0.012235317 0.999919474 98.856079102
0.998751223 -0.049710914 0.004967659 7.602530479 0.049753252 0.998722792 -0.008796226 -11.161434174 -0.004524046 0.009032399 0.999948978 99.935974121
0.998809159 -0.048259795 0.007156276 7.657135010 0.048323225 0.998791397 -0.008972988 -11.273330688 -0.006714593 0.009308115 0.999934077 100.981414795
0.998885274 -0.046389867 0.008720499 7.711160660 0.046481784 0.998862326 -0.010652044 -11.398793221 -0.008216429 0.011045515 0.999905229 102.032600403
0.998856843 -0.046451859 0.011284551 7.765260696 0.046599627 0.998826325 -0.013204212 -11.515504837 -0.010657946 0.013714973 0.999849141 103.043823242
0.998760879 -0.048092037 0.012810109 7.835393429 0.048266646 0.998740733 -0.013689023 -11.634842873 -0.012135645 0.014290360 0.999824226 104.053184509
0.998641610 -0.050012156 0.014618337 7.901595116 0.050202306 0.998655200 -0.012943403 -11.757076263 -0.013951349 0.013659693 0.999809504 105.047668457
0.998622119 -0.049883906 0.016292173 7.964090824 0.050075751 0.998678267 -0.011587476 -11.869713783 -0.015692610 0.012387352 0.999800205 106.005577087
0.998541236 -0.050737984 0.018468454 8.009747505 0.050924856 0.998654544 -0.009792758 -11.981671333 -0.017946739 0.010718977 0.999781489 106.962417603
0.998482585 -0.051416043 0.019719820 8.081340790 0.051624522 0.998614371 -0.010212150 -12.090270996 -0.019167429 0.011214681 0.999753416 107.888206482
0.998454094 -0.050960504 0.022189233 8.135310173 0.051153060 0.998657167 -0.008198303 -12.190832138 -0.021741653 0.009320676 0.999720216 108.776344299
0.998462379 -0.050069336 0.023794586 8.196917534 0.050227888 0.998719096 -0.006112362 -12.290957451 -0.023458069 0.007298113 0.999698162 109.654174805
0.998441935 -0.049727745 0.025316607 8.257938385 0.049818583 0.998753905 -0.002970019 -12.387225151 -0.025137370 0.004226629 0.999675035 110.504135132
0.998396099 -0.050004505 0.026545659 8.322445869 0.050105613 0.998738945 -0.003156639 -12.478723526 -0.026354341 0.004481663 0.999642551 111.333831787
0.998372853 -0.049611550 0.028114550 8.378904343 0.049696848 0.998761654 -0.002342913 -12.564503670 -0.027963500 0.003736305 0.999601960 112.137634277
0.998488367 -0.046912324 0.028640119 8.429649353 0.046988666 0.998893440 -0.001997736 -12.648292542 -0.028514709 0.003340477 0.999587774 112.922767639
0.998616695 -0.044500206 0.028007356 8.482922554 0.044495396 0.999009252 0.000795172 -12.724032402 -0.028014997 0.000452127 0.999607384 113.681838989
0.998700142 -0.044350147 0.025122678 8.535977364 0.044309773 0.999015510 0.002162141 -12.807593346 -0.025193838 -0.001046150 0.999682009 114.428909302
0.998846769 -0.044310339 0.018484559 8.566159248 0.044276614 0.999016821 0.002230137 -12.883459091 -0.018565204 -0.001409132 0.999826670 115.118171692
0.999055266 -0.042649247 0.008343741 8.593719482 0.042642422 0.999089897 0.000994022 -12.958095551 -0.008378539 -0.000637286 0.999964654 115.787139893
0.999172032 -0.040263336 -0.005834091 8.604100227 0.040253442 0.999187827 -0.001804075 -13.025926590 0.005901996 0.001567739 0.999981344 116.435348511
0.998949349 -0.038661398 -0.024606027 8.595523834 0.038563520 0.999246240 -0.004440548 -13.095090866 0.024759158 0.003486988 0.999687433 117.046073914
0.998196304 -0.036940541 -0.047323123 8.566523552 0.036668800 0.999305665 -0.006597863 -13.167410851 0.047534004 0.004850680 0.998857856 117.634849548
0.996560872 -0.035369176 -0.074935511 8.522644997 0.034837734 0.999357760 -0.008387642 -13.234142303 0.075184062 0.005748212 0.997153103 118.200210571
0.993709624 -0.033060551 -0.106996067 8.456035614 0.032128278 0.999429345 -0.010425691 -13.302294731 0.107279688 0.006922510 0.994204760 118.745727539
0.989358127 -0.028593097 -0.142663240 8.363355637 0.027142797 0.999558270 -0.012102064 -13.361681938 0.142946273 0.008100996 0.989697337 119.274711609
0.983150601 -0.022925828 -0.181354076 8.248317719 0.021208296 0.999709964 -0.011404406 -13.423897743 0.181562960 0.007366037 0.983351767 119.816406250
0.974766016 -0.017419774 -0.222548380 8.097051620 0.015659001 0.999830544 -0.009674169 -13.479574203 0.222679213 0.005945167 0.974873662 120.327590942
0.963531971 -0.012809750 -0.267286539 7.924633026 0.011067216 0.999906480 -0.008024861 -13.536788940 0.267364383 0.004774090 0.963583589 120.806030273
0.949253619 -0.007035705 -0.314432979 7.735301971 0.004610282 0.999953628 -0.008456659 -13.594726562 0.314477831 0.006577888 0.949241936 121.276634216
0.932017684 0.000810234 -0.362411857 7.511203766 -0.004425830 0.999948382 -0.009146390 -13.648079872 0.362385720 0.010128572 0.931973100 121.738533020
0.911019862 0.005538160 -0.412325233 7.267127991 -0.010474574 0.999897897 -0.009713087 -13.701699257 0.412229389 0.013167746 0.910984814 122.168273926
0.886098564 0.010019570 -0.463388801 6.999843597 -0.015707353 0.999841154 -0.008416872 -13.754850388 0.463230908 0.014736788 0.886115074 122.585784912
0.857111454 0.013165723 -0.514962792 6.706104279 -0.020207031 0.999763250 -0.008072573 -13.806551933 0.514734566 0.017324962 0.857174516 122.997192383
0.825540066 0.022840416 -0.563881099 6.385772705 -0.030653128 0.999520481 -0.004390861 -13.856640816 0.563510358 0.020909553 0.825844228 123.366050720
0.791504979 0.036020640 -0.610100508 6.050704956 -0.044050463 0.999027669 0.001834880 -13.895974159 0.609573364 0.025422890 0.792321980 123.716186523
0.755843401 0.045328528 -0.653181672 5.687816620 -0.055404659 0.998450637 0.005176274 -13.943807602 0.652404189 0.032276850 0.757183552 124.032180786
0.716527700 0.048890971 -0.695843160 5.315753937 -0.062769547 0.998012960 0.005486432 -13.984375000 0.694728732 0.039746571 0.718172789 124.324264526
0.673877060 0.050279312 -0.737130761 4.942111969 -0.065259516 0.997832954 0.008402118 -14.025149345 0.735955775 0.042442799 0.675697923 124.614028931
0.630033374 0.053436704 -0.774727345 4.537052155 -0.068292543 0.997577131 0.013270024 -14.056763649 0.773559451 0.044547547 0.632156134 124.882049561
0.584972620 0.063077204 -0.808596492 4.109100342 -0.079602420 0.996622801 0.020157086 -14.098879814 0.807137191 0.052574888 0.588018179 125.114715576
0.539496958 0.072395541 -0.838869393 3.667629242 -0.091442846 0.995441556 0.027098823 -14.124680519 0.837007284 0.062088877 0.543657780 125.320442200
0.492846936 0.077518202 -0.866656065 3.218181610 -0.096874081 0.994719744 0.033882845 -14.151507378 0.864706397 0.067257464 0.497754157 125.515495300
0.446472883 0.078827627 -0.891318142 2.757930756 -0.096158706 0.994570374 0.039792016 -14.174785614 0.889615357 0.067941941 0.451628566 125.685829163
0.398712724 0.080216266 -0.913560987 2.267009735 -0.093753971 0.994513273 0.046406586 -14.196184158 0.912270904 0.067147076 0.404045731 125.876777649
0.352909565 0.082698323 -0.931995571 1.779819489 -0.095460236 0.994071007 0.052059434 -14.213981628 0.930775046 0.070596248 0.358711600 126.021865845
0.309173822 0.086208619 -0.947090030 1.277259827 -0.101463877 0.993188739 0.057282243 -14.232550621 0.945577323 0.078385256 0.315815091 126.139129639
0.267828852 0.087487206 -0.959486127 0.751052856 -0.105825618 0.992514491 0.060958833 -14.248200417 0.957637012 0.085211687 0.275082409 126.247314453
0.228519708 0.084606081 -0.969855964 0.213304520 -0.106298938 0.992428839 0.061528821 -14.271310806 0.967718601 0.089034118 0.235783055 126.345932007
0.193795100 0.079422385 -0.977821767 -0.320985794 -0.101207837 0.993018091 0.060598224 -14.289113045 0.975807548 0.087219603 0.200480163 126.438003540
0.163351446 0.074399062 -0.983758628 -0.869552612 -0.098525897 0.993397713 0.058767978 -14.310770988 0.981635809 0.087325856 0.169603199 126.517341614
0.137254834 0.073059633 -0.987837732 -1.442470551 -0.099738553 0.993227124 0.059600078 -14.329201698 0.985501468 0.090345122 0.143612087 126.580986023
0.115172192 0.071581170 -0.990763068 -2.028683662 -0.100553989 0.993117034 0.060062241 -14.339474678 0.988242924 0.092707686 0.121577233 126.644546509
0.095834129 0.073268481 -0.992697120 -2.614833832 -0.102183916 0.992742658 0.063407108 -14.358592033 0.990138531 0.095361099 0.102625474 126.715415955
0.080016032 0.071469985 -0.994228065 -3.223313332 -0.103125408 0.992667496 0.063058212 -14.380485535 0.991444767 0.097484484 0.086799696 126.762382507
0.065833107 0.070580840 -0.995331287 -3.841893196 -0.101440780 0.992800713 0.063691899 -14.409786224 0.992660940 0.096774139 0.072518930 126.816505432
0.054014128 0.067859009 -0.996231735 -4.479506016 -0.097443536 0.993284583 0.062374998 -14.429372787 0.993774354 0.093707219 0.060263813 126.856216431
0.041758839 0.065406144 -0.996984601 -5.135964394 -0.094666883 0.993624866 0.061220583 -14.446460724 0.994632840 0.091824926 0.047684398 126.896263123
0.030689122 0.064159028 -0.997467697 -5.811027527 -0.094389930 0.993664086 0.061010275 -14.466790199 0.995062113 0.092278562 0.036550641 126.940811157
0.020780303 0.065604009 -0.997629344 -6.480571270 -0.097739488 0.993198395 0.063276745 -14.487993240 0.994994998 0.096192874 0.027051065 126.964874268
0.012821069 0.065360874 -0.997779310 -7.156963825 -0.100564979 0.992886126 0.063748121 -14.512725830 0.994847894 0.099524327 0.019302875 126.978164673
0.005968092 0.064798281 -0.997880459 -7.856200695 -0.102406405 0.992691338 0.063848853 -14.534765244 0.994724751 0.101808310 0.012560233 127.002059937
0.000739850 0.065699257 -0.997839153 -8.552827835 -0.103136197 0.992523193 0.065272793 -14.552512169 0.994666874 0.102865055 0.007510290 127.020355225
-0.002746673 0.068174817 -0.997669518 -9.274972916 -0.105570242 0.992078424 0.068083398 -14.571494102 0.994408011 0.105511211 0.004472316 127.043884277
-0.003256723 0.072277904 -0.997379124 -10.010777473 -0.107966490 0.991528809 0.072206482 -14.597077370 0.994149089 0.107918695 0.004574456 127.043876648
-0.004393072 0.075320870 -0.997149646 -10.722634315 -0.110080078 0.991062760 0.075346038 -14.610166550 0.993912995 0.110097297 0.003937516 127.059692383
-0.004910704 0.080936447 -0.996707201 -11.463380814 -0.114887528 0.990073562 0.080963813 -14.617353439 0.993366301 0.114906825 0.004436629 127.068061829
-0.006248596 0.084887877 -0.996370971 -12.207088470 -0.117845066 0.989384770 0.085031718 -14.631804466 0.993012309 0.117948718 0.003821351 127.081642151
-0.007827593 0.085283622 -0.996325910 -12.952010155 -0.117882185 0.989330351 0.085610934 -14.649499893 0.992996752 0.118119210 0.002309342 127.103698730
-0.009454720 0.082111008 -0.996578336 -13.695501328 -0.115527563 0.989859521 0.082653455 -14.667112350 0.993259311 0.115913734 0.000127240 127.127799988
-0.010900416 0.078581393 -0.996848106 -14.455863953 -0.118902348 0.989732504 0.079320639 -14.670805931 0.992846072 0.119392194 -0.001444987 127.140907288
-0.012054305 0.080243245 -0.996702433 -15.219017982 -0.124347806 0.988917112 0.081120335 -14.681709290 0.992165446 0.124915585 -0.001942638 127.143798828
-0.013692955 0.083867118 -0.996382833 -15.987135887 -0.121270090 0.988981128 0.084910668 -14.695777893 0.992525041 0.121994101 -0.003371502 127.161468506
-0.015474622 0.084049284 -0.996341467 -16.765789032 -0.120677896 0.989019513 0.085305922 -14.713573456 0.992571056 0.121556468 -0.005161814 127.172164917
-0.016949747 0.082786798 -0.996423125 -17.552194595 -0.123434380 0.988769829 0.084250621 -14.722974777 0.992207944 0.124420881 -0.006540662 127.180946350
-0.017484795 0.082620181 -0.996427715 -18.339694977 -0.128120661 0.988179207 0.084184431 -14.728923798 0.991604328 0.129134953 -0.006692761 127.181594849
-0.018461758 0.087046228 -0.996033192 -19.144794464 -0.129885912 0.987552404 0.088712528 -14.735272408 0.991357088 0.131008491 -0.006925877 127.185798645
-0.019345405 0.091217756 -0.995643020 -19.955951691 -0.128438383 0.987351537 0.092953682 -14.743316650 0.991528690 0.129677013 -0.007384855 127.205200195
-0.018557442 0.094095521 -0.995390177 -20.772756577 -0.129800886 0.986909568 0.095713779 -14.761297226 0.991366386 0.130978748 -0.006100836 127.222221375
-0.016486688 0.092996113 -0.995530009 -21.590797424 -0.129170939 0.987123549 0.094350025 -14.767322540 0.991485238 0.130149081 -0.004262001 127.232917786
-0.015229916 0.092857465 -0.995562851 -22.422693253 -0.129339799 0.987130105 0.094049551 -14.769577980 0.991483331 0.130198315 -0.003023742 127.244178772
-0.015237834 0.091990389 -0.995643258 -23.249994278 -0.127935618 0.987394929 0.093186304 -14.777527809 0.991665363 0.128798187 -0.003276911 127.271301270
-0.014454076 0.094024122 -0.995464981 -24.086698532 -0.128819227 0.987097204 0.095104195 -14.783679962 0.991562784 0.129609659 -0.002155464 127.292938232
-0.014008668 0.096085079 -0.995274603 -24.927129745 -0.130503193 0.986682236 0.097092435 -14.783442497 0.991348982 0.131246626 -0.001282693 127.311943054
-0.014105820 0.098640390 -0.995023310 -25.794763565 -0.133407071 0.986039639 0.099641047 -14.788013458 0.990960956 0.134148613 -0.000749572 127.329902649
-0.012540198 0.099587724 -0.994949758 -26.662712097 -0.135764956 0.985644102 0.100367442 -14.783027649 0.990661800 0.136337936 0.001160351 127.341773987
-0.011040404 0.103097983 -0.994609952 -27.530105591 -0.142753914 0.984319508 0.103615932 -14.784800529 0.989696622 0.143128410 0.003850355 127.361755371
-0.008679849 0.106926717 -0.994228959 -28.410209656 -0.147412673 0.983266652 0.107034653 -14.781203270 0.989036918 0.147491008 0.007227745 127.378425598
-0.006539580 0.108544797 -0.994069993 -29.285123825 -0.149829119 0.982763112 0.108295813 -14.773141861 0.988690197 0.149648845 0.009836312 127.410118103
-0.003134580 0.109641358 -0.993966281 -30.180969238 -0.148726240 0.982865393 0.108885877 -14.775849342 0.988873363 0.148170218 0.013225678 127.438179016
-0.000459941 0.109546944 -0.993981540 -31.073131561 -0.151281908 0.982533991 0.108355306 -14.767819405 0.988490582 0.150421247 0.016120559 127.467842102
0.002031874 0.113360770 -0.993551850 -31.975400925 -0.151738390 0.982084095 0.111742027 -14.758929253 0.988418519 0.150532901 0.019196650 127.499687195
0.004052599 0.115605406 -0.993286967 -32.885562897 -0.151100710 0.981961071 0.113670722 -14.755451202 0.988510013 0.149625719 0.021447552 127.546005249
0.005758158 0.116938524 -0.993122458 -33.778011322 -0.151846558 0.981724381 0.114716023 -14.751051903 0.988387287 0.150141671 0.023409633 127.588493347
0.008461360 0.115079142 -0.993320227 -34.682258606 -0.153145447 0.981786072 0.112438351 -14.742080688 0.988167465 0.151171088 0.025931094 127.618873596
0.008544598 0.116266355 -0.993181288 -35.587982178 -0.157451242 0.980984449 0.113483958 -14.730960846 0.987489820 0.155407935 0.026688399 127.663482666
0.009852843 0.116701722 -0.993118107 -36.483974457 -0.158013925 0.980869472 0.113694720 -14.723039627 0.987387657 0.155806303 0.028104855 127.699844360
0.010107208 0.113410994 -0.993496776 -37.379310608 -0.158670202 0.981141448 0.110386394 -14.721252441 0.987279952 0.156522632 0.027911548 127.737274170
0.010745574 0.109291926 -0.993951619 -38.285945892 -0.159643695 0.981446505 0.106191002 -14.720008850 0.987116218 0.157536969 0.027993975 127.785858154
0.011384501 0.108538195 -0.994027078 -39.182559967 -0.159317940 0.981589437 0.105355501 -14.713338852 0.987161696 0.157166913 0.028466992 127.828384399
0.011156740 0.112604842 -0.993577182 -40.080337524 -0.161724672 0.980760276 0.109336279 -14.706661224 0.986772895 0.159466058 0.029153064 127.873474121
0.011766310 0.118871488 -0.992839932 -41.010520935 -0.162781969 0.979891181 0.115392007 -14.694959641 0.986591876 0.160258651 0.030879840 127.905654907
0.011950154 0.117325731 -0.993021607 -41.904869080 -0.160485372 0.980443537 0.113908313 -14.692002296 0.986966014 0.158004180 0.030545512 127.953079224
0.013058295 0.107159078 -0.994156122 -42.795497894 -0.159880698 0.981672883 0.103713468 -14.696790695 0.987049997 0.157592043 0.029951638 127.995376587
0.013026998 0.096675403 -0.995230675 -43.718837738 -0.161459252 0.982457101 0.093321189 -14.702428818 0.986793399 0.159473494 0.028407605 128.041748047
0.012008367 0.093704045 -0.995527685 -44.618740082 -0.158244878 0.983231127 0.090637840 -14.709983826 0.987326860 0.156448722 0.026635189 128.089492798
0.012141959 0.103623211 -0.994542480 -45.542160034 -0.150984719 0.983401954 0.100619145 -14.710390091 0.988461554 0.148939013 0.027585948 128.138031006
0.011912583 0.116943158 -0.993067086 -46.480972290 -0.146027356 0.982693672 0.113969862 -14.709145546 0.989208817 0.143657297 0.028783314 128.200225830
0.012034516 0.125995949 -0.991957843 -47.402370453 -0.146178439 0.981593549 0.122906081 -14.699039459 0.989185035 0.143523738 0.030230897 128.248382568
0.012121093 0.120171547 -0.992679119 -48.318599701 -0.146401331 0.982267201 0.117123447 -14.693219185 0.989151061 0.143909901 0.029499426 128.288772583
0.012139664 0.106898390 -0.994195819 -49.233154297 -0.146449730 0.983737469 0.103985652 -14.693853378 0.989143550 0.144337371 0.027597485 128.332962036
0.012603842 0.098078758 -0.995098829 -50.148010254 -0.147010624 0.984545231 0.095176540 -14.692230225 0.989054561 0.145090520 0.026827671 128.378479004
0.013184069 0.098206021 -0.995078743 -51.069847107 -0.146390975 0.984631836 0.095235415 -14.700979233 0.989138901 0.144414961 0.027357932 128.425674438
0.012496939 0.099642105 -0.994944870 -52.016975403 -0.149069294 0.984088778 0.096682511 -14.713916779 0.988747716 0.147107467 0.027151674 128.470352173
0.013239572 0.099061802 -0.994993150 -52.946395874 -0.153639555 0.983465195 0.095869727 -14.713208199 0.988038242 0.151601061 0.028240472 128.503601074
0.013596897 0.098289177 -0.995064974 -53.884502411 -0.155411512 0.983271182 0.095000617 -14.712297440 0.987756252 0.153352872 0.028644703 128.547943115
0.014284086 0.106243357 -0.994237483 -54.837501526 -0.164363578 0.981062472 0.102474079 -14.718013763 0.986296356 0.161952689 0.031476110 128.590393066
0.015583367 0.115800187 -0.993150294 -55.778560638 -0.169594109 0.979184926 0.111510776 -14.709568024 0.985390782 0.166694716 0.034898028 128.631790161
0.016816724 0.124310322 -0.992100835 -56.734054565 -0.170130983 0.978127420 0.119675614 -14.704114914 0.985277951 0.166774541 0.037597936 128.675354004
0.017950691 0.124649838 -0.992038369 -57.691020966 -0.172066286 0.977780342 0.119744807 -14.690170288 0.984921813 0.168546870 0.038999867 128.723968506
0.019456144 0.115142271 -0.993158460 -58.620681763 -0.173934519 0.978589118 0.110045753 -14.690017700 0.984565020 0.170603499 0.039066788 128.772750854
0.020577103 0.110186420 -0.993697822 -59.557853699 -0.172334984 0.979422390 0.105034851 -14.683561325 0.984823465 0.169087589 0.039142650 128.830780029
0.022678256 0.108915344 -0.993792295 -60.522964478 -0.170922771 0.979834735 0.103485227 -14.684813499 0.985023439 0.167514876 0.040837061 128.885925293
0.025895657 0.114457324 -0.993090570 -61.490234375 -0.172234327 0.979078770 0.108351275 -14.676150322 0.984715641 0.168238446 0.045067370 128.948318481
0.029199939 0.116722390 -0.992735207 -62.456947327 -0.174978986 0.978420079 0.109892510 -14.679701805 0.984139025 0.170498952 0.048993777 129.007873535
0.032799758 0.111837856 -0.993184984 -63.413448334 -0.173876613 0.979204893 0.104521379 -14.680357933 0.984221041 0.169263363 0.051563676 129.072586060
0.036225550 0.105860248 -0.993720949 -64.368591309 -0.173893556 0.979871392 0.098045684 -14.681013107 0.984097898 0.169249907 0.053904805 129.138488770
0.039700117 0.106184356 -0.993553579 -65.329414368 -0.171718597 0.980269194 0.097903125 -14.683233261 0.984345853 0.166724861 0.057150625 129.209320068
0.041869272 0.110055417 -0.993043303 -66.287094116 -0.168438748 0.980466247 0.101559743 -14.692229271 0.984822452 0.163014710 0.059589006 129.298477173
0.045407798 0.116583891 -0.992142320 -67.245346069 -0.167976588 0.979916513 0.107459433 -14.689675331 0.984744728 0.161777169 0.064079218 129.377380371
0.047650129 0.120531231 -0.991565228 -68.210678101 -0.165749267 0.979884565 0.111146204 -14.691759109 0.985016048 0.159055069 0.066669583 129.466781616
0.049594585 0.122193165 -0.991266489 -69.187278748 -0.165326178 0.979800582 0.112508245 -14.690394402 0.984991193 0.158302486 0.068794534 129.551025391
0.052603930 0.119723253 -0.991412818 -70.135124207 -0.164354235 0.980286896 0.109659165 -14.687305450 0.984997749 0.157174394 0.071243986 129.613433838
0.053323690 0.118583359 -0.991511226 -71.080551147 -0.162336230 0.980744898 0.108565219 -14.690130234 0.985293627 0.155169114 0.071547307 129.701904297
0.054018546 0.115025245 -0.991892755 -72.024261475 -0.159317985 0.981610835 0.105156437 -14.696957588 0.985748410 0.152345955 0.071350798 129.791366577
0.053420398 0.114098512 -0.992032170 -73.021560669 -0.157612547 0.981961250 0.104452848 -14.681643486 0.986054957 0.150776818 0.070440121 129.880493164
0.053254630 0.118857928 -0.991482139 -73.976776123 -0.154338345 0.981939971 0.109424181 -14.681757927 0.986581743 0.147196352 0.070637189 129.966674805
0.052440774 0.120773949 -0.991293967 -74.939819336 -0.148244217 0.982602775 0.111872740 -14.686706543 0.987559438 0.141086876 0.069432475 130.068252563
0.051923156 0.116320685 -0.991853595 -75.899467468 -0.145523459 0.983473182 0.107719749 -14.672814369 0.987991452 0.138744786 0.067992426 130.147903442
0.050625149 0.112146392 -0.992401183 -76.869575500 -0.147540212 0.983612359 0.103626788 -14.667898178 0.987759590 0.141172945 0.066341624 130.222732544
0.049330074 0.109487318 -0.992763400 -77.818168640 -0.144063830 0.984359264 0.101402007 -14.670330048 0.988337994 0.138019100 0.064331688 130.308242798
0.047881838 0.109801367 -0.992799640 -78.781761169 -0.144168451 0.984291792 0.101907328 -14.666851997 0.988394082 0.138250828 0.062959604 130.382110596
0.047141626 0.110801443 -0.992724001 -79.737548828 -0.145257413 0.984025002 0.102932669 -14.664747238 0.988270164 0.139348090 0.062483273 130.457290649
0.045722272 0.111060336 -0.992761314 -80.692115784 -0.146895558 0.983744681 0.103286266 -14.665654182 0.988094747 0.141109765 0.061293308 130.533416748
0.044680662 0.111936919 -0.992710233 -81.641723633 -0.146671861 0.983669460 0.104315959 -14.666117668 0.988175571 0.140941769 0.060368992 130.598632812
0.042437717 0.112705104 -0.992721736 -82.606964111 -0.146716133 0.983548224 0.105391651 -14.669169426 0.988267839 0.141175717 0.058275193 130.672271729
0.040377785 0.114493437 -0.992603004 -83.557525635 -0.147030890 0.983279824 0.107436985 -14.658039093 0.988307357 0.141605273 0.056536727 130.751647949
0.038879409 0.118339121 -0.992211699 -84.511314392 -0.148376688 0.982638359 0.111383207 -14.649744034 0.988166332 0.142890587 0.055763155 130.811843872
0.036829229 0.123150758 -0.991704285 -85.460327148 -0.149502560 0.981888413 0.116379678 -14.637879372 0.988075197 0.143976167 0.054573551 130.877548218
0.034552954 0.122960523 -0.991809785 -86.411895752 -0.149308056 0.981900215 0.116530307 -14.633476257 0.988186836 0.144058749 0.052286547 130.940963745
0.033704247 0.118072577 -0.992432833 -87.356864929 -0.149474338 0.982423961 0.111805461 -14.628584862 0.988191009 0.144574910 0.050760675 131.001525879
0.030987764 0.112941757 -0.993118227 -88.301841736 -0.153006256 0.982420743 0.106951021 -14.613262177 0.987739265 0.148639098 0.047723815 131.065917969
0.029876372 0.111023538 -0.993368566 -89.245826721 -0.151156694 0.982884645 0.105305642 -14.610730171 0.988058150 0.147008166 0.046146974 131.131057739
0.029524706 0.111854814 -0.993285835 -90.210899353 -0.146726459 0.983439684 0.106384687 -14.606828690 0.988736391 0.142600343 0.045447838 131.182937622
0.028834455 0.113170750 -0.993156970 -91.159912109 -0.143647313 0.983726382 0.107925572 -14.603927612 0.989208817 0.139552400 0.044621885 131.246170044
0.027665386 0.113099188 -0.993198395 -92.112007141 -0.138166517 0.984474659 0.108257160 -14.605360031 0.990022540 0.134231791 0.042862404 131.315002441
0.026356857 0.110275440 -0.993551612 -93.053268433 -0.134028062 0.985312879 0.105805553 -14.607447624 0.990626991 0.130375087 0.040749770 131.380142212
0.026032222 0.107007764 -0.993917286 -94.008132935 -0.129027262 0.986297369 0.102807954 -14.607705116 0.991299212 0.125566125 0.039482433 131.436111450
0.024233762 0.109759010 -0.993662775 -94.985076904 -0.127021417 0.986236930 0.105840929 -14.609785080 0.991603851 0.123651527 0.037841972 131.494064331
0.022928862 0.112270810 -0.993413031 -95.933853149 -0.126367122 0.986029863 0.108519711 -14.608094215 0.991718531 0.123046502 0.036795877 131.551559448
0.021497805 0.109931648 -0.993706644 -96.891960144 -0.122198686 0.986772954 0.106520936 -14.601715088 0.992272794 0.119139679 0.034646954 131.604858398
0.019591825 0.107184000 -0.994046152 -97.839248657 -0.119310491 0.987383127 0.104114018 -14.603462219 0.992663682 0.116560347 0.032132804 131.653106689
0.015563408 0.104238369 -0.994430482 -98.809646606 -0.117921047 0.987801671 0.101697989 -14.598833084 0.992900968 0.115681544 0.027665459 131.713806152
0.012902917 0.103535689 -0.994542003 -99.764129639 -0.112389542 0.988472223 0.101445705 -14.608816147 0.993580461 0.110467166 0.024390504 131.763793945
0.010917082 0.103753075 -0.994543195 -100.722763062 -0.105757430 0.989143848 0.102028899 -14.603815079 0.994332016 0.104066469 0.021771224 131.804855347
0.008581422 0.111468442 -0.993730843 -101.692825317 -0.095774546 0.989290595 0.110143259 -14.601444244 0.995365977 0.094228946 0.019165358 131.864929199
0.005940676 0.119541526 -0.992811382 -102.650650024 -0.087693207 0.989066243 0.118565843 -14.595838547 0.996129811 0.086358450 0.016358702 131.921646118
0.002776321 0.118970506 -0.992893875 -103.606071472 -0.083333619 0.989471674 0.118327416 -14.587102890 0.996517837 0.082412921 0.012661330 131.971679688
0.000304195 0.109513171 -0.993985295 -104.555786133 -0.084531978 0.990430474 0.109095663 -14.592393875 0.996420741 0.083990373 0.009558651 132.003189087
-0.001766128 0.100003779 -0.994985521 -105.503036499 -0.086338915 0.991256416 0.099782221 -14.587620735 0.996264219 0.086082190 0.006883534 132.040832520
-0.001994194 0.101601824 -0.994823158 -106.464797974 -0.093646370 0.990434408 0.101341330 -14.588313103 0.995603621 0.093363658 0.007539524 132.058654785
-0.002895491 0.110726692 -0.993846774 -107.422714233 -0.097014420 0.989131689 0.110484034 -14.573668480 0.995278716 0.096737370 0.007878065 132.096618652
-0.004494854 0.122097299 -0.992507875 -108.385635376 -0.101047471 0.987382412 0.121924356 -14.560581207 0.994871497 0.100838453 0.007899483 132.127456665
-0.005957107 0.123759478 -0.992294312 -109.327217102 -0.107974485 0.986430705 0.123676367 -14.548286438 0.994135916 0.107879229 0.007486592 132.159927368
-0.005922973 0.120722361 -0.992668629 -110.305801392 -0.115148105 0.986000478 0.120598473 -14.528669357 0.993330657 0.115018219 0.008060897 132.178146362
-0.006325682 0.116794802 -0.993135870 -111.259826660 -0.123251483 0.985492110 0.116680905 -14.514986992 0.992355347 0.123143576 0.008161221 132.204269409
-0.003533568 0.118623592 -0.992932975 -112.227272034 -0.127724946 0.984753013 0.118100882 -14.492751122 0.991803288 0.127239630 0.011671497 132.222702026
-0.002328011 0.119858578 -0.992788255 -113.207855225 -0.136037350 0.983523667 0.119059063 -14.473044395 0.990700960 0.135333464 0.014015590 132.249450684
-0.001775251 0.122215107 -0.992502093 -114.171470642 -0.145106494 0.981967509 0.121177450 -14.452838898 0.989414513 0.144233629 0.015990967 132.271575928
-0.001452698 0.124659903 -0.992198467 -115.146926880 -0.150636315 0.980850399 0.123454690 -14.431459427 0.988588095 0.149640441 0.017353427 132.297714233
-0.001410978 0.124584883 -0.992207944 -116.119728088 -0.154908642 0.980204642 0.123297974 -14.422211647 0.987927735 0.153875560 0.017916229 132.337829590
0.000136695 0.115235731 -0.993338108 -117.074584961 -0.153929904 0.981501698 0.113841422 -14.423373222 0.988081872 0.152888909 0.017872393 132.371078491
0.001509769 0.103614099 -0.994616389 -118.024772644 -0.157006696 0.982306361 0.102093369 -14.412408829 0.987596393 0.156007305 0.017751161 132.409652710
