1.000000000 0.000000000 0.000000000 0.000000000 0.000000000 1.000000000 0.000000000 0.000000000 0.000000000 0.000000000 1.000000000 0.000000000
0.999997795 -0.001628645 -0.001339460 0.049180277 0.001625797 0.999996424 -0.002124401 -0.132839739 0.001342915 0.002122219 0.999996841 1.297796488
0.999997735 0.000049471 -0.002118699 0.103323668 -0.000062899 0.999979854 -0.006338489 -0.267312407 0.002118343 0.006338607 0.999977648 2.604154587
0.999996126 0.002431212 -0.001357525 0.147163317 -0.002441720 0.999966681 -0.007792848 -0.406317919 0.001338534 0.007796133 0.999968648 3.907851458
0.999983788 0.005686766 0.000229297 0.191580072 -0.005685160 0.999962807 -0.006485417 -0.545388281 -0.000266170 0.006484007 0.999978960 5.220406055
0.999975264 0.006609936 0.002394695 0.240722194 -0.006602289 0.999973118 -0.003187359 -0.690718055 -0.002415699 0.003171470 0.999992073 6.535388470
0.999960780 0.006832371 0.005632633 0.298749655 -0.006821500 0.999974906 -0.001947042 -0.827065945 -0.005645794 0.001908543 0.999982238 7.838450432
0.999943852 0.005442139 0.009089254 0.353370130 -0.005426115 0.999983668 -0.001786624 -0.960043848 -0.009098828 0.001737205 0.999957085 9.142428398
0.999914408 0.004085802 0.012435772 0.430804372 -0.004065349 0.999990284 -0.001669502 -1.096698999 -0.012442473 0.001618803 0.999921203 10.442047119
0.999871254 0.002888785 0.015780536 0.496636897 -0.002850451 0.999992847 -0.002451101 -1.234657645 -0.015787501 0.002405803 0.999872446 11.749354362
0.999812484 0.001868784 0.019273521 0.571334243 -0.001808087 0.999993324 -0.003166215 -1.373852611 -0.019279309 0.003130774 0.999809206 13.044566154
0.999748349 0.001743409 0.022365777 0.644258499 -0.001673716 0.999993682 -0.003134407 -1.520398021 -0.022371102 0.003096184 0.999744892 14.364520073
0.999665916 0.001579980 0.025799083 0.729016483 -0.001472127 0.999990046 -0.004198967 -1.658082962 -0.025805462 0.004159584 0.999658346 15.660639763
0.999574482 0.002476229 0.029062152 0.808349669 -0.002354974 0.999988377 -0.004205759 -1.795315981 -0.029072231 0.004135530 0.999568760 16.961719513
0.999479830 0.002032844 0.032187190 0.900848866 -0.001914899 0.999991357 -0.003694745 -1.935549736 -0.032194421 0.003631188 0.999475062 18.246259689
0.999409735 0.000484232 0.034353562 0.998358786 -0.000364814 0.999993861 -0.003482311 -2.077320337 -0.034355041 0.003467723 0.999403656 19.551006317
0.999344289 -0.002077396 0.036147114 1.093013883 0.002251369 0.999986053 -0.004772907 -2.217232704 -0.036136694 0.004851158 0.999335051 20.829723358
0.999308705 -0.001626727 0.037141588 1.196249008 0.001870542 0.999977052 -0.006530667 -2.359499454 -0.037130106 0.006595628 0.999288678 22.135854721
0.999262929 -0.001522609 0.038357817 1.278887630 0.001874369 0.999956489 -0.009136184 -2.503536701 -0.038342237 0.009201348 0.999222279 23.421091080
0.999224424 -0.001046350 0.039360933 1.382748723 0.001467612 0.999941945 -0.010675167 -2.644969225 -0.039347474 0.010724659 0.999168038 24.707799911
0.999172032 -0.000380363 0.040681496 1.479876757 0.000840753 0.999935806 -0.011300441 -2.790601015 -0.040674590 0.011325289 0.999108255 25.978767395
0.999161243 -0.002031373 0.040900968 1.583741546 0.002449234 0.999945223 -0.010168890 -2.939902306 -0.040878072 0.010260536 0.999111414 27.272033691
0.999155104 -0.005019821 0.040790681 1.687347412 0.005393133 0.999944568 -0.009047008 -3.086315632 -0.040743005 0.009259352 0.999126792 28.549503326
0.999180853 -0.006643755 0.039918810 1.785946608 0.007024504 0.999931037 -0.009405388 -3.235269070 -0.039853569 0.009678094 0.999158621 29.845279694
0.999199212 -0.008232162 0.039158475 1.890685797 0.008706036 0.999890745 -0.011946318 -3.381024837 -0.039055850 0.012277665 0.999161661 31.111999512
0.999227822 -0.008388531 0.038383584 1.998415470 0.008858848 0.999887526 -0.012099427 -3.531986475 -0.038277768 0.012430118 0.999189854 32.403266907
0.999248028 -0.009160300 0.037676282 2.097167015 0.009640614 0.999874234 -0.012586571 -3.674115419 -0.037556253 0.012940329 0.999210775 33.670989990
0.999259174 -0.009466413 0.037302535 2.192654848 0.009937420 0.999872983 -0.012461549 -3.822111607 -0.037179831 0.012823010 0.999226332 34.943973541
0.999271870 -0.010006659 0.036818791 2.286754847 0.010488367 0.999861658 -0.012913398 -3.966488600 -0.036684476 0.013290165 0.999238491 36.206081390
0.999305665 -0.010419663 0.035771448 2.392666340 0.010893114 0.999855220 -0.013066151 -4.124811172 -0.035630118 0.013446743 0.999274552 37.491523743
0.999303818 -0.010088087 0.035916187 2.483697891 0.010498926 0.999881327 -0.011268679 -4.269641399 -0.035798248 0.011637916 0.999291182 38.748329163
0.999266565 -0.010176622 0.036916014 2.584677696 0.010561544 0.999891698 -0.010246967 -4.409601212 -0.036807738 0.010629342 0.999265850 40.021293640
0.999181807 -0.011940456 0.038642488 2.692209721 0.012266810 0.999890864 -0.008219444 -4.556415081 -0.038540136 0.008686737 0.999219298 41.270622253
0.999075532 -0.013050538 0.040963676 2.793456078 0.013466745 0.999860287 -0.009900943 -4.693867683 -0.040828735 0.010443433 0.999111593 42.538166046
0.998961389 -0.014383581 0.043235570 2.891132832 0.014964004 0.999801815 -0.013131130 -4.841615677 -0.043038122 0.013764467 0.998978674 43.787818909
0.998850763 -0.015389113 0.045390435 2.995166063 0.016041541 0.999772668 -0.014044617 -4.991691113 -0.045163982 0.014756612 0.998870611 45.055107117
0.998726666 -0.015677927 0.047949076 3.120507956 0.016315060 0.999783337 -0.012925318 -5.124563217 -0.047736045 0.013691155 0.998766184 46.287658691
0.998522878 -0.016673289 0.051710904 3.227607727 0.017189307 0.999806643 -0.009550144 -5.277643204 -0.051541679 0.010424913 0.998616397 47.560153961
0.998242378 -0.019594992 0.055929698 3.340636969 0.020046925 0.999770701 -0.007530697 -5.417012215 -0.055769309 0.008638679 0.998406291 48.791969299
0.998014927 -0.021597529 0.059157930 3.476938009 0.022099029 0.999725044 -0.007836106 -5.556282997 -0.058972429 0.009127885 0.998217881 50.045841217
0.997734904 -0.024964660 0.062464692 3.620155811 0.025749434 0.999598920 -0.011790054 -5.689471722 -0.062145300 0.013371779 0.997977495 51.280536652
0.997448802 -0.026180351 0.066410705 3.752340794 0.027019288 0.999565661 -0.011765826 -5.827160358 -0.066073827 0.013530177 0.997722983 52.509399414
0.997087419 -0.028697882 0.070662349 3.877884388 0.029424606 0.999523997 -0.009264885 -5.966502190 -0.070362836 0.011317112 0.997457266 53.730529785
0.996816933 -0.031385988 0.073287636 4.043378830 0.031892557 0.999474764 -0.005751855 -6.101642132 -0.073068611 0.008070877 0.997294307 54.920799255
0.996532559 -0.033875898 0.075995587 4.174953938 0.034290463 0.999403238 -0.004156470 -6.237469196 -0.075809434 0.006747980 0.997099519 56.172004700
0.996324122 -0.036769286 0.077370256 4.326819897 0.036966935 0.999315858 -0.001123418 -6.360142708 -0.077276014 0.003979429 0.997001827 57.379707336
0.996166527 -0.039830059 0.077883422 4.470767498 0.039905563 0.999203265 0.000587375 -6.490985870 -0.077844769 0.002522858 0.996962249 58.595417023
0.996125400 -0.041590910 0.077487677 4.617614746 0.041924283 0.999117136 -0.002679848 -6.614356041 -0.077307813 0.005918081 0.996989667 59.789318085
0.996134222 -0.042976387 0.076613262 4.768776894 0.043632448 0.999023736 -0.006909425 -6.743858814 -0.076241516 0.010225538 0.997037053 60.993339539
0.996150255 -0.044353347 0.075613946 4.908201694 0.045308210 0.998912930 -0.010958944 -6.870987892 -0.075045682 0.014342685 0.997076929 62.172359467
0.996182740 -0.046691820 0.073754758 5.060349941 0.047782838 0.998771906 -0.013096974 -7.009409904 -0.073052675 0.016571192 0.997190416 63.389324188
0.996321917 -0.046674728 0.071861014 5.196979523 0.047735620 0.998773932 -0.013116289 -7.141840935 -0.071160704 0.016498378 0.997328460 64.565254211
0.996559918 -0.045790486 0.069075242 5.328654766 0.046764541 0.998827100 -0.012550017 -7.284809113 -0.068419561 0.015737116 0.997532487 65.783706665
0.996790648 -0.045018364 0.066193976 5.449731350 0.045830529 0.998890817 -0.010801749 -7.413371563 -0.065634280 0.013800785 0.997748315 66.959144592
0.997223794 -0.041432705 0.061870813 5.581512928 0.041934211 0.999097049 -0.006828917 -7.549346924 -0.061531991 0.009404461 0.998060942 68.148712158
0.997511744 -0.039453845 0.058427218 5.699927807 0.039799202 0.999196351 -0.004758544 -7.673262596 -0.058192525 0.007072059 0.998280346 69.329963684
0.997720361 -0.038432803 0.055471953 5.806185246 0.038921714 0.999212205 -0.007759974 -7.809088230 -0.055130012 0.009901349 0.998430133 70.500152588
0.997891605 -0.038594190 0.052181177 5.920877934 0.039412439 0.999114394 -0.014743781 -7.942563057 -0.051565934 0.016769281 0.998528779 71.685768127
0.997895479 -0.042598125 0.048888639 6.028094292 0.043504730 0.998897672 -0.017632149 -8.077657700 -0.048083648 0.019721925 0.998648584 72.856369019
0.997935534 -0.046379831 0.044425007 6.141117096 0.046991345 0.998812973 -0.012820521 -8.212873459 -0.043777667 0.014881645 0.998930395 74.026725769
0.997940779 -0.050067283 0.040093381 6.245719433 0.050427221 0.998695552 -0.008016476 -8.338721275 -0.039639726 0.010021769 0.999163806 75.186096191
0.997997105 -0.052248277 0.035663065 6.341735840 0.052464038 0.998609543 -0.005140742 -8.465303421 -0.035344884 0.007001474 0.999350667 76.373298645
0.998169065 -0.051527139 0.031675626 6.431056023 0.051635139 0.998662651 -0.002600536 -8.590508461 -0.031499259 0.004231350 0.999494791 77.531944275
0.998307168 -0.051121149 0.027737260 6.525893211 0.051205885 0.998685360 -0.002352884 -8.709482193 -0.027580513 0.003769211 0.999612451 78.689903259
0.998450756 -0.049725778 0.024969833 6.590243816 0.049855739 0.998745799 -0.004609336 -8.835254669 -0.024709312 0.005847086 0.999677598 79.862281799
0.998635292 -0.047465011 0.021783264 6.665556908 0.047681790 0.998816907 -0.009542214 -8.963461876 -0.021304572 0.010567857 0.999717236 81.006317139
0.998551250 -0.050737757 0.017923584 6.750916481 0.050998777 0.998594642 -0.014418964 -9.100053787 -0.017166801 0.015312156 0.999735415 82.164535522
0.998396337 -0.054420769 0.015593470 6.812170506 0.054657370 0.998389900 -0.015171376 -9.231714249 -0.014742724 0.015999343 0.999763310 83.296745300
0.998468459 -0.054058991 0.011760566 6.874763489 0.054199476 0.998458326 -0.011972949 -9.363723755 -0.011095193 0.012592030 0.999859095 84.454307556
0.998471379 -0.054486703 0.009282587 6.935182095 0.054573275 0.998466074 -0.009342499 -9.491025925 -0.008759307 0.009834799 0.999913156 85.587005615
0.998604596 -0.052144069 0.008357231 6.992413044 0.052238144 0.998568833 -0.011463710 -9.615870476 -0.007747507 0.011884280 0.999899328 86.729934692
0.998801708 -0.048407692 0.007194938 7.049641132 0.048506875 0.998720229 -0.014317364 -9.749192238 -0.006492659 0.014649212 0.999871612 87.856605530
0.998862982 -0.047318675 0.005807869 7.105188370 0.047409758 0.998735964 -0.016701367 -9.880445480 -0.005010240 0.016957726 0.999843657 88.974746704
0.998821795 -0.048245184 0.005239502 7.159526825 0.048329085 0.998681903 -0.017283566 -10.013586044 -0.004398748 0.017516421 0.999836862 90.090232849
0.998797774 -0.048815846 0.004478593 7.201499939 0.048878163 0.998691380 -0.015058092 -10.145960808 -0.003737658 0.015258895 0.999876618 91.205566406
0.998703361 -0.050805718 0.003217418 7.262866974 0.050841648 0.998631120 -0.012292879 -10.271388054 -0.002588464 0.012440518 0.999919236 92.314956665
0.998722434 -0.050430268 0.003206843 7.315644264 0.050464511 0.998657584 -0.011684289 -10.397342682 -0.002613296 0.011831193 0.999926627 93.452659607
0.998722374 -0.050416768 0.003461031 7.353473186 0.050460327 0.998628974 -0.013926279 -10.528454781 -0.002754169 0.014083131 0.999897003 94.601531982
0.998716235 -0.050566647 0.002978012 7.411590099 0.050611086 0.998565853 -0.017452084 -10.657068253 -0.002091248 0.017580401 0.999843240 95.701843262
0.998673797 -0.051432062 0.002334943 7.470438957 0.051466536 0.998503506 -0.018492309 -10.789577484 -0.001380351 0.018587958 0.999826252 96.806533813
0.998675942 -0.051344387 0.003175365 7.516198158 0.051392324 0.998524964 -0.017520046 -10.918518066 -0.002271126 0.017660037 0.999841392 97.883125305
0.998691320 -0.051009711 0.003696357 7.568657398 0.051050436 0.998624861 -0.011919934 -11.039316177 -0.003083242 0.012093034 0.999922097 98.971435547
0.998776317 -0.049210019 0.004920094 7.621163368 0.049251825 0.998747885 -0.008772521 -11.161138535 -0.004482238 0.009004110 0.999949336 100.043220520
0.998844266 -0.047568861 0.006874530 7.677524090 0.047628392 0.998826623 -0.008772342 -11.274622917 -0.006449173 0.009089626 0.999937892 101.093658447
0.998912692 -0.045796741 0.008721495 7.735385895 0.045886833 0.998892248 -0.010427217 -11.401814461 -0.008234302 0.010816080 0.999907553 102.145263672
0.998879969 -0.045999959 0.011075663 7.792665482 0.046142437 0.998850584 -0.012972103 -11.518165588 -0.010466216 0.013468635 0.999854505 103.160392761
0.998792768 -0.047446899 0.012710590 7.862597942 0.047617834 0.998774409 -0.013501111 -11.638072968 -0.012054424 0.014090065 0.999828041 104.172988892
0.998686731 -0.049121544 0.014557229 7.923350811 0.049306627 0.998703837 -0.012640121 -11.765010834 -0.013917456 0.013341289 0.999814153 105.179817200
0.998661995 -0.049155012 0.016065791 7.989604473 0.049334224 0.998722315 -0.010955190 -11.879899979 -0.015506759 0.011733125 0.999810934 106.140190125
0.998590231 -0.050137140 0.017428298 8.052070618 0.050311416 0.998686492 -0.009709614 -11.987566948 -0.016918590 0.010572768 0.999800980 107.093513489
0.998515010 -0.050974298 0.019220749 8.113648415 0.051176708 0.998637617 -0.010190063 -12.092758179 -0.018675130 0.011158585 0.999763310 108.012474060
0.998494506 -0.050653446 0.021046055 8.174926758 0.050835036 0.998673499 -0.008184636 -12.195027351 -0.020603562 0.009242191 0.999745011 108.913322449
0.998492718 -0.049774915 0.023124658 8.233009338 0.049926434 0.998734653 -0.006021479 -12.292477608 -0.022795683 0.007166934 0.999714434 109.783897400
0.998464167 -0.049923975 0.024019962 8.298515320 0.050006602 0.998744786 -0.002851012 -12.394242287 -0.023847479 0.004047790 0.999707401 110.638679504
0.998414338 -0.050127532 0.025616458 8.360820770 0.050212674 0.998734951 -0.002690648 -12.486149788 -0.025449174 0.003972651 0.999668241 111.464416504
0.998425007 -0.049270444 0.026830591 8.413055420 0.049337018 0.998780549 -0.001824639 -12.577908516 -0.026707970 0.003145506 0.999638259 112.273727417
0.998528183 -0.046885066 0.027265152 8.467827797 0.046944566 0.998896301 -0.001545748 -12.657213211 -0.027162587 0.002823424 0.999627054 113.055412292
0.998661578 -0.044471614 0.026406083 8.517732620 0.044442061 0.999010623 0.001705302 -12.735257149 -0.026455792 -0.000529479 0.999649823 113.807655334
0.998733461 -0.044545516 0.023391722 8.567347527 0.044497035 0.999006093 0.002589330 -12.819309235 -0.023483818 -0.001545188 0.999722958 114.557556152
0.998865485 -0.044471473 0.017028566 8.603479385 0.044433881 0.999009013 0.002579949 -12.891963005 -0.017126426 -0.001820377 0.999851644 115.256050110
0.999060035 -0.042845305 0.006582424 8.632402420 0.042836439 0.999080956 0.001482198 -12.966925621 -0.006639883 -0.001198838 0.999977171 115.927803040
0.999171436 -0.040062986 -0.007175524 8.629749298 0.040054645 0.999196589 -0.001302466 -13.035879135 0.007221937 0.001013973 0.999973357 116.566726685
0.998905301 -0.038714111 -0.026256850 8.632265091 0.038628019 0.999246538 -0.003778344 -13.104600906 0.026383340 0.002759958 0.999648094 117.192413330
0.998131633 -0.037160918 -0.048501641 8.598768234 0.036915615 0.999300659 -0.005943862 -13.174635887 0.048688605 0.004142289 0.998805404 117.778976440
0.996463120 -0.035536677 -0.076147079 8.557332993 0.035043191 0.999355316 -0.007807498 -13.241622925 0.076375447 0.005111448 0.997066021 118.349037170
0.993559361 -0.033498030 -0.108249210 8.487214088 0.032627206 0.999419451 -0.009806292 -13.308047295 0.108514853 0.006211264 0.994075477 118.897468567
0.989248693 -0.028905146 -0.143357933 8.376203537 0.027625324 0.999558806 -0.010910296 -13.377654076 0.143610045 0.006832686 0.989610851 119.438835144
0.982972205 -0.022983981 -0.182311341 8.270507812 0.021392096 0.999713898 -0.010693646 -13.431735039 0.182504952 0.006611535 0.983182728 119.955673218
0.974482775 -0.017480573 -0.223780379 8.129585266 0.015926315 0.999834776 -0.008748611 -13.488252640 0.223896384 0.004961374 0.974600315 120.459564209
0.963193417 -0.012906007 -0.268499285 7.956638336 0.011404471 0.999909341 -0.007151333 -13.546399117 0.268567264 0.003826024 0.963253319 120.954643250
0.949036539 -0.006792782 -0.315092921 7.757026672 0.004479847 0.999957442 -0.008064155 -13.597662926 0.315134287 0.006241609 0.949026585 121.433647156
0.931578100 0.001062606 -0.363539875 7.537849426 -0.004474947 0.999953449 -0.008544330 -13.656789780 0.363513857 0.009586533 0.931539476 121.901214600
0.910627961 0.005587125 -0.413189471 7.285972595 -0.010331608 0.999903798 -0.009249178 -13.711478233 0.413098067 0.012691471 0.910598099 122.324981689
0.885514557 0.009894900 -0.464506358 7.019660950 -0.015343710 0.999850631 -0.007951789 -13.764368057 0.464358300 0.014168674 0.885534048 122.740051270
0.856497884 0.012948547 -0.515988111 6.735359192 -0.019952703 0.999768674 -0.008030990 -13.804126740 0.515764832 0.017173884 0.856558084 123.143753052
0.825155020 0.022846902 -0.564444065 6.406669617 -0.030751841 0.999516904 -0.004498539 -13.857065201 0.564068556 0.021069689 0.825459063 123.507598877
0.790951490 0.035593737 -0.610842705 6.060493469 -0.043176033 0.999064803 0.002308785 -13.900448799 0.610353589 0.024547627 0.791748643 123.871688843
0.755077422 0.044387683 -0.654131293 5.704742432 -0.054470550 0.998503447 0.004879402 -13.940396309 0.653368890 0.031946562 0.756365240 124.186614990
0.715389788 0.048188988 -0.697061896 5.333324432 -0.061592054 0.998084664 0.005787659 -13.986054420 0.696005464 0.038793035 0.716987610 124.485099792
0.672699630 0.050036069 -0.738221943 4.958820343 -0.064135477 0.997898877 0.009193741 -14.035458565 0.737130761 0.041161586 0.674495280 124.770263672
0.629148722 0.053518962 -0.775440276 4.541507721 -0.067387350 0.997626066 0.014179361 -14.070607185 0.774358332 0.043333944 0.631261706 125.042526245
0.584092140 0.062156573 -0.809303999 4.118080139 -0.078634836 0.996706843 0.019797143 -14.101184845 0.807869434 0.052076120 0.587056279 125.272796631
0.538519144 0.070898846 -0.839625120 3.674106598 -0.090056755 0.995589137 0.026307968 -14.125010490 0.837786913 0.061446581 0.542528749 125.483673096
0.491410166 0.075998157 -0.867606103 3.222721100 -0.095488973 0.994881272 0.033062123 -14.152811050 0.865677774 0.066599764 0.496151716 125.687477112
0.444577992 0.076932013 -0.892430365 2.750751495 -0.095137924 0.994724870 0.038355909 -14.171834946 0.890673459 0.067851782 0.449551880 125.866859436
0.397650689 0.078547023 -0.914168596 2.278007507 -0.092706874 0.994669735 0.045137621 -14.192788124 0.912841320 0.066800714 0.402812928 126.034683228
0.351548374 0.081423327 -0.932622194 1.786968231 -0.094345003 0.994220138 0.051238209 -14.215679169 0.931403697 0.069975533 0.357198298 126.184066772
0.307818472 0.084628619 -0.947673857 1.281898499 -0.099736139 0.993418872 0.056317933 -14.235634804 0.946203232 0.077181637 0.314233184 126.300163269
0.266516119 0.086505502 -0.959940732 0.754592896 -0.104687728 0.992669940 0.060389619 -14.253896713 0.958128214 0.084399194 0.273618639 126.405799866
0.227439046 0.083026484 -0.970246434 0.228065491 -0.105234630 0.992619276 0.060272537 -14.270044327 0.968089402 0.088395193 0.234497666 126.501327515
0.192852184 0.078078248 -0.978116572 -0.311265945 -0.099996909 0.993203282 0.059566468 -14.289288521 0.976119161 0.086321086 0.199349016 126.590736389
0.162181675 0.072941802 -0.984061360 -0.864271164 -0.097338617 0.993582904 0.057605334 -14.307011604 0.981948256 0.086444624 0.168240964 126.672088623
0.135350809 0.071337827 -0.988226235 -1.424942017 -0.098045975 0.993473411 0.058287911 -14.330161095 0.985934675 0.089002296 0.141461819 126.749961853
0.113100506 0.070611112 -0.991071343 -2.006504059 -0.099196777 0.993290365 0.059448935 -14.346359253 0.988619328 0.091587380 0.119346038 126.816680908
0.094976842 0.071852751 -0.992883027 -2.612987518 -0.101558693 0.992887080 0.062138185 -14.359245300 0.990285456 0.094934210 0.101598546 126.863403320
0.078789517 0.070207193 -0.994415998 -3.215353966 -0.102524057 0.992798388 0.061969817 -14.384267807 0.991605401 0.097068973 0.085420027 126.916259766
0.064974964 0.069210701 -0.995483816 -3.837632179 -0.101989485 0.992828429 0.062369246 -14.411309242 0.992661297 0.097476445 0.071567759 126.961364746
0.052461337 0.066551134 -0.996402860 -4.485877514 -0.096317135 0.993462324 0.061283570 -14.434243202 0.993967235 0.092755646 0.058528371 127.017906189
0.040324531 0.063982382 -0.997136116 -5.133433342 -0.094026722 0.993762255 0.059963420 -14.452786446 0.994752705 0.091339447 0.046089053 127.061134338
0.029506663 0.063618757 -0.997537971 -5.792010307 -0.093477704 0.993774652 0.060613722 -14.474248886 0.995184004 0.091459043 0.035269909 127.096397400
0.020606950 0.065079875 -0.997667313 -6.463052750 -0.096980818 0.993303537 0.062792070 -14.497279167 0.995072901 0.095460638 0.026780460 127.107192993
0.012039054 0.064498380 -0.997845113 -7.158968449 -0.100064561 0.992985904 0.062976994 -14.521825790 0.994908094 0.099090740 0.018408611 127.127677917
0.005712810 0.063943170 -0.997937202 -7.846086979 -0.102746777 0.992709339 0.063019998 -14.543090820 0.994691133 0.102174819 0.012241115 127.145530701
0.000033147 0.065369926 -0.997861207 -8.540966988 -0.103451945 0.992507279 0.065015756 -14.566199303 0.994634569 0.103228517 0.006795544 127.164566040
-0.003165353 0.067337647 -0.997725189 -9.263225555 -0.105025686 0.992189825 0.067297250 -14.582033157 0.994464397 0.104999803 0.003931552 127.184120178
-0.004175321 0.070942156 -0.997471690 -9.982009888 -0.107342996 0.991685092 0.070979923 -14.603425980 0.994213283 0.107367948 0.003474540 127.198829651
-0.005076027 0.074369922 -0.997217834 -10.715348244 -0.109948538 0.991143048 0.074476555 -14.619133949 0.993924260 0.110020667 0.003145797 127.208984375
-0.006651347 0.080120511 -0.996762991 -11.444634438 -0.114811391 0.990132153 0.080353633 -14.632498741 0.993365049 0.114974208 0.002613034 127.227272034
-0.007844090 0.083701275 -0.996460021 -12.182710648 -0.117682651 0.989488602 0.084042095 -14.645578384 0.993020296 0.117925286 0.002088552 127.243370056
-0.009530446 0.084426299 -0.996384144 -12.928354263 -0.117057838 0.989484191 0.084961310 -14.663951874 0.993079364 0.117444307 0.000452533 127.263031006
-0.010467004 0.081116103 -0.996649802 -13.703245163 -0.115556225 0.989928603 0.081782669 -14.681429863 0.993245721 0.116025090 -0.000988116 127.278900146
-0.012312665 0.077931359 -0.996882617 -14.453066826 -0.119428538 0.989707172 0.078845516 -14.689554214 0.992766440 0.120027035 -0.002878702 127.293518066
-0.013183729 0.079776295 -0.996725559 -15.227158546 -0.124232605 0.988958001 0.080797814 -14.700045586 0.992165565 0.124891035 -0.003127336 127.292282104
-0.014791062 0.082536362 -0.996478379 -16.001983643 -0.121402331 0.989066064 0.083724432 -14.714071274 0.992493153 0.122213148 -0.004609233 127.310035706
-0.016861688 0.082708225 -0.996431053 -16.775705338 -0.120240934 0.989172578 0.084140450 -14.730677605 0.992601514 0.121230565 -0.006734208 127.325614929
-0.017718535 0.082123332 -0.996464670 -17.564632416 -0.123364978 0.988826275 0.083687425 -14.741236687 0.992203176 0.124411657 -0.007389413 127.326744080
-0.018733187 0.081587635 -0.996490061 -18.357772827 -0.127091974 0.988385797 0.083313324 -14.753247261 0.991713941 0.128206670 -0.008146483 127.340339661
-0.020101743 0.085852377 -0.996105075 -19.154550552 -0.129034877 0.987751067 0.087736331 -14.759306908 0.991436243 0.130295932 -0.008777571 127.350753784
-0.020903671 0.090642087 -0.995664179 -19.957365036 -0.128294006 0.987405062 0.092583694 -14.772979736 0.991515815 0.129673064 -0.009011560 127.367530823
-0.019746108 0.093220823 -0.995449603 -20.781261444 -0.129405960 0.987030506 0.094999373 -14.779640198 0.991395056 0.130693004 -0.007426682 127.377876282
-0.017941086 0.092004552 -0.995596945 -21.599290848 -0.128802031 0.987247527 0.093554035 -14.786079407 0.991508007 0.129913375 -0.005861919 127.390617371
-0.016730566 0.092205234 -0.995599449 -22.431396484 -0.128761828 0.987248838 0.093595646 -14.792351723 0.991534412 0.129761085 -0.004644718 127.401824951
-0.016661711 0.091059208 -0.995706081 -23.260253906 -0.127092242 0.987573802 0.092442185 -14.795351982 0.991750956 0.128086731 -0.004881754 127.425697327
-0.015659425 0.093120463 -0.995531678 -24.098499298 -0.127926216 0.987284601 0.094361283 -14.802125931 0.991659999 0.128832236 -0.003547758 127.442611694
-0.015031708 0.095353529 -0.995329976 -24.936025620 -0.129689604 0.986847758 0.096499518 -14.804969788 0.991440654 0.130534515 -0.002467647 127.457733154
-0.015213103 0.097563162 -0.995113075 -25.805822372 -0.132563785 0.986245930 0.098720416 -14.804681778 0.991057694 0.133417785 -0.002070518 127.476028442
-0.013589205 0.098627031 -0.995031774 -26.669536591 -0.134758100 0.985864282 0.099558763 -14.801519394 0.990785301 0.135441527 -0.000106319 127.488555908
-0.011940505 0.101893075 -0.994723737 -27.538921356 -0.141491935 0.984612823 0.102555826 -14.802090645 0.989867330 0.141969949 0.002660274 127.504699707
-0.009446970 0.105545804 -0.994369566 -28.421747208 -0.145959467 0.983617842 0.105791278 -14.795538902 0.989245474 0.146137089 0.006113202 127.518394470
-0.007338216 0.107341327 -0.994195163 -29.296350479 -0.148432493 0.983090878 0.107238032 -14.789834976 0.988895357 0.148357794 0.008718807 127.549774170
-0.003482447 0.108230196 -0.994119763 -30.192226410 -0.147155091 0.983247519 0.107562020 -14.790845871 0.989107251 0.146664336 0.012502517 127.572776794
-0.000970600 0.108036764 -0.994146407 -31.081382751 -0.149703830 0.982927978 0.106963776 -14.784355164 0.988730490 0.148931354 0.015219485 127.605270386
0.001486440 0.111880817 -0.993720591 -31.986101151 -0.150188923 0.982475042 0.110390075 -14.776107788 0.988656223 0.149081692 0.018263651 127.636024475
0.003913890 0.113824442 -0.993493319 -32.899703979 -0.149239868 0.982440829 0.111970253 -14.770849228 0.988793254 0.147830531 0.020832309 127.676155090
0.005696835 0.114979357 -0.993351519 -33.792320251 -0.149773732 0.982260525 0.112836629 -14.766871452 0.988703787 0.148135170 0.022816662 127.718338013
0.008246381 0.113121964 -0.993546844 -34.695465088 -0.151143074 0.982306540 0.110587679 -14.759678841 0.988477468 0.149255767 0.025198070 127.750495911
0.008643740 0.114561409 -0.993378580 -35.606273651 -0.155681595 0.981456518 0.111831859 -14.750829697 0.987769485 0.153684109 0.026318561 127.791877747
0.009806904 0.115174986 -0.993296802 -36.499732971 -0.156411931 0.981293917 0.112238951 -14.745889664 0.987643182 0.154262736 0.027638193 127.829528809
0.010123917 0.111683339 -0.993692338 -37.396682739 -0.157000855 0.981595576 0.108724207 -14.743097305 0.987546504 0.154909819 0.027471973 127.864234924
0.010808746 0.107533447 -0.994142711 -38.303703308 -0.158032045 0.981889904 0.104489900 -14.744923592 0.987374842 0.155976996 0.027606731 127.913902283
0.011341426 0.106698237 -0.994226754 -39.200496674 -0.157618374 0.982051432 0.103593573 -14.739384651 0.987435043 0.155533493 0.027955459 127.957031250
0.011226727 0.110898532 -0.993768394 -40.105438232 -0.160146430 0.981201589 0.107686967 -14.735277176 0.987029493 0.157939464 0.028775681 127.996574402
0.011388217 0.116932228 -0.993074596 -41.040019989 -0.160887390 0.980413675 0.113596447 -14.720310211 0.986907065 0.158479497 0.029978085 128.039001465
0.011616424 0.115611628 -0.993226528 -41.934608459 -0.158630088 0.980927944 0.112324789 -14.720899582 0.987269700 0.156250820 0.029734360 128.084594727
0.012557664 0.105327576 -0.994358301 -42.824733734 -0.158182740 0.982123911 0.102033958 -14.725959778 0.987329960 0.156008989 0.028994188 128.127517700
0.012893301 0.094785996 -0.995414317 -43.749004364 -0.159780160 0.982900560 0.091524839 -14.730396271 0.987068415 0.157867387 0.027817760 128.171096802
0.011867563 0.091821425 -0.995704770 -44.650878906 -0.156630144 0.983653367 0.088843234 -14.739027977 0.987585962 0.154903054 0.026055574 128.217620850
0.011802594 0.101781055 -0.994736850 -45.570686340 -0.149169832 0.983853400 0.098897569 -14.740982056 0.988741100 0.147217482 0.026794691 128.268463135
0.011734716 0.114985369 -0.993297994 -46.520793915 -0.144161314 0.983182847 0.112111337 -14.741411209 0.989484608 0.141879544 0.028113814 128.327911377
0.011976235 0.124026291 -0.992206693 -47.443332672 -0.144423380 0.982087791 0.121018179 -14.732434273 0.989443541 0.141848519 0.029674007 128.373825073
0.011863264 0.118125685 -0.992927790 -48.357074738 -0.144651532 0.982755125 0.115187228 -14.727559090 0.989411473 0.142262042 0.028745746 128.416061401
0.011860637 0.104806408 -0.994421899 -49.278316498 -0.144542277 0.984226584 0.102007896 -14.729087830 0.989427567 0.142526120 0.026822509 128.458038330
0.012405490 0.095854655 -0.995318055 -50.193748474 -0.144998938 0.985045910 0.093058154 -14.728247643 0.989354014 0.143165603 0.026118800 128.503738403
0.012850154 0.095867805 -0.995311081 -51.127685547 -0.143817574 0.985220909 0.093039133 -14.735079765 0.989520788 0.141947642 0.026447713 128.549606323
0.012024228 0.097466819 -0.995166123 -52.054393768 -0.146689609 0.984642625 0.094663732 -14.752270699 0.989109457 0.144842252 0.026136929 128.593765259
0.012852976 0.096743286 -0.995226383 -53.024650574 -0.151859954 0.983951926 0.093686126 -14.755443573 0.988318443 0.149930909 0.027338147 128.627029419
0.013345021 0.096201085 -0.995272458 -53.955543518 -0.153308526 0.983789086 0.093035504 -14.757060051 0.988088191 0.151342228 0.027877130 128.670944214
0.014429912 0.103648841 -0.994509280 -54.902305603 -0.162662923 0.981606841 0.099943958 -14.754546165 0.986576200 0.160327643 0.031024322 128.703277588
0.016606774 0.113355100 -0.993415773 -55.846164703 -0.168552786 0.979651153 0.108966783 -14.752159119 0.985552728 0.165633410 0.035375159 128.736129761
0.017278675 0.121453688 -0.992446840 -56.805942535 -0.168709680 0.978716671 0.116836190 -14.747986794 0.985514462 0.165416569 0.037401348 128.794723511
0.018120419 0.122293852 -0.992328525 -57.748928070 -0.170038864 0.978410244 0.117473595 -14.739768028 0.985270798 0.166605711 0.038523916 128.842941284
0.019432995 0.112611182 -0.993449152 -58.686515808 -0.171649784 0.979259312 0.107645065 -14.735889435 0.984966397 0.168433443 0.038359627 128.897018433
0.020479403 0.107955046 -0.993944824 -59.630653381 -0.170103177 0.980034828 0.102939427 -14.736555099 0.985213518 0.166965023 0.038434029 128.955505371
0.022419678 0.106190704 -0.994093001 -60.575794220 -0.168287665 0.980555117 0.100949213 -14.742027283 0.985482991 0.165030330 0.039854325 129.017150879
0.026160954 0.111785784 -0.993387938 -61.564662933 -0.170480505 0.979669750 0.105752468 -14.730132103 0.985013723 0.166586652 0.044686392 129.070037842
0.029771309 0.114006147 -0.993033886 -62.525199890 -0.173308417 0.979015946 0.107201003 -14.731328011 0.984417558 0.168909609 0.048904806 129.126098633
0.034103822 0.108793303 -0.993479252 -63.473655701 -0.172740117 0.979738355 0.101358809 -14.732179642 0.984376788 0.168157011 0.052205786 129.186782837
0.036802214 0.103109792 -0.993988931 -64.428619385 -0.172606051 0.980369270 0.095306292 -14.740060806 0.984303236 0.168061018 0.053877134 129.258743286
0.040316764 0.102946222 -0.993869543 -65.395820618 -0.170018986 0.980879545 0.094703823 -14.742250443 0.984615743 0.165158525 0.057048704 129.331024170
0.042750079 0.107456550 -0.993290246 -66.371368408 -0.167787731 0.980850756 0.098889418 -14.758447647 0.984895706 0.162434414 0.059961341 129.416763306
0.046179570 0.114101663 -0.992395222 -67.329582214 -0.167121857 0.980335712 0.104938358 -14.759460449 0.984854221 0.161004946 0.064340360 129.497756958
0.048699383 0.118001416 -0.991818488 -68.295928955 -0.164928645 0.980315745 0.108534679 -14.763854027 0.985102475 0.158293769 0.067202568 129.584320068
0.051024966 0.119942799 -0.991468668 -69.277404785 -0.164435223 0.980221927 0.110119700 -14.765907288 0.985067189 0.157413542 0.069738604 129.665008545
0.053271499 0.117096320 -0.991690755 -70.224540710 -0.162819341 0.980829418 0.107067533 -14.762613297 0.985216677 0.155762777 0.071315788 129.738449097
0.053833313 0.115663782 -0.991828561 -71.171783447 -0.160849497 0.981301963 0.105705820 -14.766160011 0.985509753 0.153844595 0.071431197 129.828140259
0.054160640 0.112103894 -0.992219448 -72.113304138 -0.157693714 0.982168555 0.102360539 -14.775907516 0.986001670 0.150922880 0.070872940 129.920349121
0.054034427 0.111865565 -0.992253184 -73.108413696 -0.156298876 0.982403636 0.102243692 -14.769240379 0.986230671 0.149563402 0.070568085 130.004989624
0.053767867 0.116557077 -0.991727591 -74.061759949 -0.153007001 0.982397377 0.107165024 -14.770939827 0.986761272 0.145979211 0.070655458 130.092224121
0.053231202 0.118341446 -0.991545141 -75.023857117 -0.147036269 0.983058691 0.109434932 -14.775126457 0.987697661 0.139967754 0.069729894 130.191101074
0.052544929 0.114079595 -0.992081106 -75.982894897 -0.144261241 0.983899832 0.105498113 -14.766559601 0.988143563 0.137575433 0.068156213 130.273162842
0.051493924 0.109858893 -0.992612422 -76.942077637 -0.146446496 0.984017074 0.101310365 -14.763199806 0.987877429 0.140147805 0.066759348 130.346313477
0.050280605 0.107192859 -0.992965996 -77.891014099 -0.142938271 0.984760821 0.099069163 -14.767089844 0.988453627 0.136951596 0.064836338 130.430892944
0.048802979 0.107991375 -0.992953300 -78.855033875 -0.143132031 0.984633386 0.100051686 -14.770101547 0.988499641 0.137240589 0.063510068 130.504241943
0.047541823 0.109113388 -0.992891729 -79.802169800 -0.144158050 0.984358788 0.101273060 -14.772897720 0.988411963 0.138318598 0.062527798 130.584869385
0.046270669 0.109483510 -0.992911041 -80.758453369 -0.145715550 0.984083354 0.101719655 -14.776102066 0.988243878 0.139975935 0.061487652 130.658843994
0.044789717 0.110178016 -0.992902040 -81.705642700 -0.145460993 0.984026372 0.102631375 -14.777933121 0.988349617 0.139831707 0.060100868 130.731018066
0.042531058 0.110299394 -0.992987931 -82.675170898 -0.145541564 0.983969212 0.103063874 -14.777814865 0.988437593 0.140137583 0.057902407 130.802093506
0.041046228 0.112682685 -0.992782891 -83.626510620 -0.145854473 0.983652234 0.105616041 -14.772346497 0.988454163 0.140466705 0.056810487 130.878799438
0.039597817 0.116316773 -0.992422521 -84.580390930 -0.147180781 0.983047068 0.109345369 -14.764657021 0.988316596 0.141735688 0.056046098 130.939239502
0.036845800 0.121764064 -0.991874874 -85.525863647 -0.148353800 0.982217193 0.115067467 -14.759554863 0.988247693 0.142908663 0.054254737 131.011428833
0.034907971 0.121481299 -0.991979718 -86.469261169 -0.148192823 0.982240677 0.115073718 -14.754931450 0.988342166 0.142987281 0.052290697 131.077301025
0.033595592 0.116981357 -0.992565632 -87.415824890 -0.148990840 0.982615292 0.110765681 -14.755659103 0.988267720 0.144161969 0.050440688 131.138153076
0.031643480 0.111451603 -0.993265927 -88.359733582 -0.152699634 0.982636690 0.105394222 -14.737258911 0.987765908 0.148336336 0.048112649 131.194061279
0.030465750 0.109401576 -0.993530571 -89.301681519 -0.150621369 0.983143985 0.103639185 -14.735666275 0.988121986 0.146489516 0.046430431 131.261184692
0.030263893 0.110317528 -0.993435502 -90.272338867 -0.145775840 0.983750939 0.104801200 -14.733167648 0.988854587 0.141647205 0.045853771 131.311340332
0.029510150 0.111637525 -0.993310630 -91.220672607 -0.142950386 0.984000146 0.106344186 -14.732460022 0.989289761 0.138855904 0.044996615 131.375488281
0.028376557 0.111526698 -0.993356228 -92.166046143 -0.137269437 0.984776378 0.106642134 -14.737422943 0.990127206 0.133331299 0.043253776 131.443038940
0.026961964 0.108805321 -0.993697464 -93.107559204 -0.133296505 0.985572755 0.104298986 -14.741760254 0.990709424 0.129644275 0.041076344 131.509918213
0.026413053 0.105485544 -0.994069993 -94.052284241 -0.128247231 0.986557007 0.101280712 -14.745061874 0.991390347 0.124811575 0.039586209 131.572326660
0.024771586 0.108378336 -0.993801057 -95.036018372 -0.126954213 0.986398458 0.104406565 -14.754247665 0.991599202 0.123580903 0.038193747 131.627975464
0.023303751 0.110605083 -0.993591189 -95.982643127 -0.126360998 0.986216187 0.106820434 -14.751837730 0.991710544 0.123061888 0.036958709 131.688339233
0.022233019 0.108455896 -0.993852615 -96.941490173 -0.122267246 0.986931086 0.104965404 -14.747134209 0.992248118 0.119181946 0.035203066 131.736312866
0.019980559 0.105427355 -0.994226277 -97.892478943 -0.119333409 0.987567484 0.102323070 -14.749464989 0.992653191 0.116599940 0.032313161 131.790603638
0.016110567 0.103928909 -0.994454265 -98.856124878 -0.118502088 0.987771869 0.101310775 -14.758570671 0.992823064 0.116212733 0.028229363 131.847061157
0.013170891 0.103019491 -0.994592190 -99.811874390 -0.113100804 0.988448441 0.100885399 -14.767375946 0.993496239 0.111160420 0.024670333 131.900024414
0.011381533 0.103156753 -0.994599938 -100.769332886 -0.106232814 0.989159882 0.101376869 -14.761498451 0.994276226 0.104505323 0.022216786 131.939926147
0.008556537 0.110411383 -0.993849158 -101.735290527 -0.096061610 0.989379525 0.109087795 -14.754729271 0.995338619 0.094537325 0.019071959 132.007919312
0.006021613 0.118436426 -0.992943406 -102.692481995 -0.088015385 0.989170492 0.117452629 -14.749839783 0.996101022 0.086687036 0.016380627 132.063507080
0.002582998 0.118172869 -0.992989659 -103.648590088 -0.083671778 0.989536405 0.117544256 -14.744359016 0.996490002 0.082781583 0.012443705 132.115142822
0.000350923 0.107737690 -0.994179308 -104.597747803 -0.084448472 0.990631163 0.107323378 -14.741583824 0.996427774 0.083919272 0.009445920 132.145797729
-0.001730690 0.098066352 -0.995178401 -105.544662476 -0.086173311 0.991463304 0.097850122 -14.736804008 0.996278584 0.085927151 0.006734786 132.184036255
-0.002447129 0.099961199 -0.994988322 -106.496810913 -0.093612261 0.990599155 0.099750474 -14.744277000 0.995605707 0.093387216 0.006933469 132.211090088
-0.002754942 0.108919859 -0.994046628 -107.471000671 -0.096937910 0.989339769 0.108672775 -14.727060318 0.995286763 0.096660197 0.007832889 132.238555908
-0.004316641 0.120292351 -0.992729187 -108.433830261 -0.100836568 0.987625957 0.120112456 -14.715549469 0.994893730 0.100621872 0.007866643 132.269165039
-0.005773875 0.122015283 -0.992511451 -109.380310059 -0.107759893 0.986672342 0.121924341 -14.704084396 0.994160235 0.107656904 0.007451431 132.299270630
-0.005238613 0.119437434 -0.992827892 -110.365097046 -0.115520574 0.986122072 0.119240247 -14.688932419 0.993291199 0.115316696 0.008631567 132.315795898
-0.005520384 0.115125887 -0.993335545 -111.318962097 -0.123530783 0.985663593 0.114923261 -14.673728943 0.992325425 0.123341933 0.008780350 132.342163086
-0.002983726 0.117149249 -0.993109763 -112.287612915 -0.128144383 0.984881639 0.116563633 -14.654117584 0.991751015 0.127609253 0.012073399 132.363311768
-0.001737637 0.118766733 -0.992920637 -113.268768311 -0.136297658 0.983627975 0.117893733 -14.638938904 0.990666330 0.135537639 0.014478441 132.391113281
-0.001369614 0.121453010 -0.992596269 -114.231971741 -0.145555988 0.982001841 0.120357543 -14.622056007 0.989349008 0.144643188 0.016333252 132.414413452
-0.000869066 0.123705417 -0.992318690 -115.207702637 -0.151167125 0.980899215 0.122414231 -14.602136612 0.988507867 0.150112361 0.017847728 132.440338135
-0.000839415 0.123259954 -0.992374182 -116.179153442 -0.154933482 0.980375290 0.121900693 -14.591606140 0.987924457 0.153854296 0.018274155 132.484191895
0.000505424 0.113618612 -0.993524253 -117.133110046 -0.153771460 0.981716812 0.112190075 -14.592702866 0.988106251 0.152718976 0.017967483 132.519989014
0.002128448 0.101791717 -0.994803429 -118.085105896 -0.156904951 0.982517719 0.100198887 -14.581474304 0.987611353 0.155876264 0.018062863 132.556716919
