1.000000000 0.000000000 0.000000000 0.000000000 0.000000000 1.000000000 0.000000000 0.000000000 0.000000000 0.000000000 1.000000000 0.000000000
0.999997854 -0.001577749 -0.001340891 0.048943684 0.001574871 0.999996483 -0.002144429 -0.132737204 0.001344269 0.002142312 0.999996781 1.298187375
0.999997795 -0.000016381 -0.002109602 0.104401864 0.000003193 0.999980450 -0.006251449 -0.269741654 0.002109663 0.006251428 0.999978244 2.605799913
0.999996126 0.002470522 -0.001270317 0.147734478 -0.002480419 0.999966085 -0.007849610 -0.407382697 0.001250882 0.007852730 0.999968410 3.908480644
0.999983132 0.005778434 0.000339569 0.190929249 -0.005776070 0.999961615 -0.006592973 -0.546054244 -0.000377654 0.006590902 0.999978244 5.221334934
0.999974787 0.006633830 0.002534431 0.239916474 -0.006625761 0.999972939 -0.003179230 -0.691190839 -0.002555453 0.003162357 0.999991655 6.540902138
0.999958336 0.006965580 0.005917653 0.295765519 -0.006954880 0.999974132 -0.001826814 -0.828696370 -0.005930226 0.001785581 0.999980748 7.844216347
0.999943018 0.005205936 0.009320620 0.349605232 -0.005190114 0.999984980 -0.001720695 -0.962809205 -0.009329437 0.001672222 0.999955058 9.150314331
0.999912620 0.003878733 0.012639435 0.427858591 -0.003857599 0.999991119 -0.001696062 -1.099168062 -0.012645902 0.001647156 0.999918640 10.450223923
0.999868095 0.002682447 0.016016047 0.491768718 -0.002643816 0.999993503 -0.002432723 -1.236003876 -0.016022470 0.002390059 0.999868691 11.758799553
0.999810040 0.001649358 0.019418295 0.567289412 -0.001586424 0.999993443 -0.003255906 -1.372824073 -0.019423537 0.003224482 0.999806106 13.052868843
0.999739766 0.001520384 0.022758218 0.638004720 -0.001447642 0.999993801 -0.003212422 -1.518807530 -0.022762958 0.003178641 0.999735832 14.372654915
0.999659836 0.001414836 0.026039319 0.724217176 -0.001303268 0.999989867 -0.004301054 -1.656698942 -0.026045144 0.004265655 0.999651611 15.669019699
0.999568105 0.002278026 0.029298278 0.805774629 -0.002153040 0.999988437 -0.004296848 -1.794969678 -0.029307727 0.004231912 0.999561489 16.975650787
0.999469638 0.001981768 0.032504842 0.896685123 -0.001857767 0.999990821 -0.003844603 -1.935014606 -0.032512166 0.003782177 0.999464273 18.262012482
0.999406576 0.000352116 0.034444425 1.001073360 -0.000227412 0.999993384 -0.003624295 -2.076269150 -0.034445480 0.003614310 0.999400020 19.556594849
0.999346197 -0.002085319 0.036094267 1.099012375 0.002259892 0.999985814 -0.004796468 -2.217946529 -0.036083758 0.004874902 0.999336839 20.831844330
0.999300957 -0.001764223 0.037343133 1.194975495 0.002010572 0.999976456 -0.006560389 -2.358415604 -0.037330676 0.006630885 0.999280930 22.136770248
0.999253154 -0.001774308 0.038601633 1.280346751 0.002128021 0.999956071 -0.009124004 -2.503988981 -0.038583752 0.009199334 0.999212980 23.424737930
0.999215126 -0.001183631 0.039594568 1.379878759 0.001609840 0.999941051 -0.010734193 -2.645087719 -0.039579537 0.010789510 0.999158144 24.708538055
0.999164701 -0.000570096 0.040861245 1.477926493 0.001034413 0.999935150 -0.011343041 -2.791609764 -0.040852129 0.011375832 0.999100447 25.979398727
0.999148488 -0.002160801 0.041201685 1.577139616 0.002584887 0.999944150 -0.010242439 -2.939041376 -0.041177258 0.010340220 0.999098361 27.268377304
0.999147177 -0.005085887 0.040976562 1.683890820 0.005463665 0.999943554 -0.009112674 -3.085736752 -0.040927902 0.009328784 0.999118567 28.546686172
0.999167979 -0.006538509 0.040256836 1.776226521 0.006927428 0.999930561 -0.009529024 -3.231271029 -0.040191736 0.009799973 0.999143898 29.835100174
0.999185741 -0.008187477 0.039508305 1.878914595 0.008672057 0.999889076 -0.012109511 -3.375499725 -0.039404772 0.012442267 0.999145806 31.097948074
0.999218047 -0.008423017 0.038628623 1.987670422 0.008896916 0.999887049 -0.012112637 -3.526676655 -0.038522229 0.012446844 0.999180198 32.386257172
0.999228656 -0.009108936 0.038197253 2.085189342 0.009592758 0.999875844 -0.012502341 -3.669367790 -0.038078621 0.012859114 0.999192059 33.650047302
0.999245882 -0.009521729 0.037643876 2.180210590 0.010002329 0.999870598 -0.012599357 -3.813043356 -0.037519045 0.012966382 0.999211788 34.916816711
0.999259055 -0.010029975 0.037158616 2.273790598 0.010521800 0.999859273 -0.013063974 -3.959000349 -0.037022360 0.013445268 0.999224007 36.179325104
0.999300241 -0.010525769 0.035891313 2.384530544 0.011006086 0.999852180 -0.013211398 -4.115147591 -0.035746962 0.013597176 0.999268353 37.461277008
0.999302089 -0.010157992 0.035945337 2.478006363 0.010574853 0.999878824 -0.011426041 -4.260701656 -0.035824925 0.011798183 0.999288380 38.721939087
0.999260843 -0.009999526 0.037116807 2.574657917 0.010393250 0.999891579 -0.010429961 -4.400529385 -0.037008490 0.010808016 0.999256492 39.989974976
0.999186575 -0.011762987 0.038571578 2.688476324 0.012113973 0.999887168 -0.008878562 -4.541596413 -0.038462792 0.009338595 0.999216437 41.238647461
0.999059677 -0.012878198 0.041400094 2.772971630 0.013298311 0.999862611 -0.009888284 -4.689287186 -0.041267063 0.010429534 0.999093711 42.505733490
0.998935044 -0.014133485 0.043920115 2.869092703 0.014719146 0.999806583 -0.013040034 -4.838099003 -0.043727316 0.013672615 0.998949885 43.755882263
0.998842239 -0.015242627 0.045626391 2.979617596 0.015895745 0.999775767 -0.013986036 -4.986432076 -0.045402974 0.014695111 0.998860657 45.013862610
0.998724937 -0.015404769 0.048075557 3.110861778 0.016047001 0.999786675 -0.013001498 -5.116868973 -0.047865018 0.013756389 0.998759031 46.252243042
0.998512983 -0.016623674 0.051916361 3.211316109 0.017137604 0.999808311 -0.009469614 -5.275166988 -0.051748991 0.010345257 0.998606563 47.518905640
0.998227477 -0.019610511 0.056188885 3.317528009 0.020061625 0.999770761 -0.007475637 -5.413946629 -0.056029402 0.008589625 0.998392165 48.734458923
0.997990549 -0.021751128 0.059512518 3.456639767 0.022258587 0.999721229 -0.007877309 -5.554075241 -0.059324581 0.009186144 0.998196483 49.995246887
0.997709036 -0.024928007 0.062890857 3.597815752 0.025726346 0.999598026 -0.011916244 -5.686540127 -0.062568530 0.013506896 0.997949243 51.229270935
0.997413218 -0.026343856 0.066879347 3.722900867 0.027193563 0.999560237 -0.011826530 -5.824961662 -0.066538364 0.013614623 0.997690976 52.453311920
0.997069657 -0.028759576 0.070885941 3.856245756 0.029488778 0.999522209 -0.009261850 -5.964760303 -0.070585698 0.011325049 0.997441411 53.672233582
0.996769309 -0.031594370 0.073842302 4.005391598 0.032119580 0.999466360 -0.005935550 -6.099268913 -0.073615365 0.008288156 0.997252285 54.881668091
0.996544421 -0.034139883 0.075720407 4.160323143 0.034545660 0.999394894 -0.004055202 -6.231760025 -0.075536117 0.006656999 0.997120857 56.096500397
0.996306300 -0.037268728 0.077360570 4.304101467 0.037479095 0.999296606 -0.001268732 -6.351132393 -0.077258863 0.004163451 0.997002363 57.308757782
0.996179461 -0.040298082 0.077475518 4.463686943 0.040399909 0.999183536 0.000253224 -6.477720261 -0.077422462 0.002877747 0.996994197 58.507934570
0.996102571 -0.042210523 0.077445768 4.604297161 0.042578135 0.999088347 -0.003100937 -6.600912571 -0.077244259 0.006386346 0.996991694 59.713153839
0.996115029 -0.043329731 0.076664135 4.754413128 0.044015124 0.999004424 -0.007272501 -6.730918407 -0.076272704 0.010618629 0.997030437 60.900878906
0.996124327 -0.044490140 0.075874738 4.882329941 0.045473125 0.998901904 -0.011276398 -6.860625267 -0.075289726 0.014682954 0.997053683 62.103229523
0.996190250 -0.045968723 0.074107446 5.034757137 0.047123883 0.998792112 -0.013914314 -6.991472244 -0.073378325 0.017353535 0.997153103 63.297077179
0.996296823 -0.046459168 0.072347686 5.161581039 0.047579043 0.998771608 -0.013832486 -7.129086018 -0.071616173 0.017223498 0.997283518 64.467964172
0.996514618 -0.046027470 0.069570489 5.294212341 0.047048133 0.998806655 -0.013103380 -7.268515110 -0.068884350 0.016330872 0.997491002 65.683517456
0.996721566 -0.045114424 0.067162253 5.411890507 0.045960508 0.998881519 -0.011105474 -7.399902344 -0.066586114 0.014155877 0.997680247 66.863929749
0.997161806 -0.041415129 0.062873729 5.536841869 0.041955296 0.999092877 -0.007294815 -7.536090851 -0.062514573 0.009911995 0.997994959 68.046440125
0.997445464 -0.039549407 0.059482727 5.657660484 0.039911885 0.999191046 -0.004917735 -7.662497997 -0.059240110 0.007279240 0.998217225 69.229202271
0.997646689 -0.038447399 0.056768455 5.763514519 0.038948290 0.999211192 -0.007743074 -7.799888611 -0.056425977 0.009935887 0.998357356 70.394744873
0.997848153 -0.038311336 0.053210203 5.877822876 0.039162733 0.999119461 -0.015050812 -7.931726933 -0.052586731 0.017102279 0.998469830 71.568222046
0.997857869 -0.042264175 0.049932864 5.986387730 0.043221518 0.998898745 -0.018250473 -8.064786911 -0.049106527 0.020369556 0.998585761 72.737991333
0.997912288 -0.045913544 0.045418777 6.099230289 0.046569645 0.998823822 -0.013493968 -8.201019287 -0.044745799 0.015580934 0.998876870 73.910614014
0.997914016 -0.049500193 0.041439097 6.201998711 0.049885079 0.998720348 -0.008305426 -8.330703735 -0.040974952 0.010355296 0.999106467 75.071502686
0.997988403 -0.051868569 0.036452562 6.303295612 0.052101038 0.998626888 -0.005456002 -8.458933830 -0.036119513 0.007344243 0.999320507 76.253791809
0.998172998 -0.050980952 0.032429159 6.393230438 0.051111061 0.998687863 -0.003195363 -8.581776619 -0.032223705 0.004847014 0.999468923 77.411277771
0.998316109 -0.050796531 0.028011896 6.493272781 0.050912663 0.998697162 -0.003447913 -8.694898605 -0.027800262 0.004868267 0.999601662 78.570388794
0.998453259 -0.049300399 0.025700236 6.552916527 0.049430892 0.998767555 -0.004467040 -8.836282730 -0.025448333 0.005730516 0.999659657 79.750434875
0.998637974 -0.047110155 0.022421442 6.630023003 0.047330830 0.998834789 -0.009414883 -8.964588165 -0.021951783 0.010463286 0.999704242 80.894371033
0.998568714 -0.050302736 0.018169224 6.720879555 0.050562426 0.998620987 -0.014127995 -9.103478432 -0.017433491 0.015026453 0.999735057 82.055427551
0.998427272 -0.053837340 0.015636353 6.782622337 0.054070443 0.998426139 -0.014888499 -9.236272812 -0.014810184 0.015710548 0.999766946 83.187103271
0.998483300 -0.053762298 0.011861250 6.855517864 0.053903025 0.998475432 -0.011881829 -9.363656998 -0.011204373 0.012503166 0.999858975 84.350006104
0.998484671 -0.054246508 0.009258815 6.917165279 0.054336019 0.998475492 -0.009706905 -9.487116814 -0.008718135 0.010195281 0.999909997 85.481933594
0.998619378 -0.051868122 0.008303285 6.973179817 0.051959660 0.998586237 -0.011216301 -9.616779327 -0.007709777 0.011632252 0.999902546 86.622673035
0.998809338 -0.048224367 0.007372821 7.030928612 0.048326842 0.998727500 -0.014418665 -9.746631622 -0.006668108 0.014757805 0.999868870 87.755371094
0.998868346 -0.047170270 0.006078511 7.085584164 0.047266997 0.998739362 -0.016895557 -9.877533913 -0.005273880 0.017163752 0.999838829 88.873046875
0.998825610 -0.048192397 0.004991658 7.144000530 0.048272740 0.998681426 -0.017467912 -10.010653496 -0.004143257 0.017688358 0.999834955 89.989906311
0.998779297 -0.049196087 0.004430009 7.186865807 0.049257576 0.998672724 -0.015049402 -10.143589020 -0.003683758 0.015249243 0.999876916 91.106620789
0.998691380 -0.051056422 0.002947976 7.249794483 0.051088687 0.998619914 -0.012170047 -10.269700050 -0.002322549 0.012304730 0.999921560 92.215995789
0.998712420 -0.050644368 0.002941868 7.301891804 0.050675642 0.998645902 -0.011761731 -10.394058228 -0.002342219 0.011895670 0.999926507 93.353874207
0.998692393 -0.051038489 0.002932137 7.345421791 0.051074889 0.998595476 -0.014087806 -10.520995140 -0.002208998 0.014219146 0.999896407 94.484550476
0.998690248 -0.051108655 0.002406402 7.403981686 0.051143140 0.998536766 -0.017569108 -10.649791718 -0.001504947 0.017669169 0.999842703 95.584823608
0.998638451 -0.052129425 0.001969146 7.460230827 0.052157015 0.998466849 -0.018532192 -10.782900810 -0.001000055 0.018609663 0.999826312 96.691299438
0.998642564 -0.052013401 0.002760852 7.503530025 0.052053604 0.998493552 -0.017351259 -10.913578033 -0.001854194 0.017471422 0.999845624 97.758659363
0.998664320 -0.051565729 0.003224496 7.556587696 0.051600602 0.998597145 -0.011875628 -11.033185959 -0.002607598 0.012026155 0.999924242 98.847724915
0.998743057 -0.049949743 0.004155923 7.614644527 0.049984079 0.998712838 -0.008611746 -11.154632568 -0.003720419 0.008808650 0.999954283 99.923439026
0.998814762 -0.048282582 0.006148599 7.669363022 0.048336256 0.998791397 -0.008901998 -11.266468048 -0.005711357 0.009188648 0.999941468 100.974182129
0.998893261 -0.046381414 0.007803755 7.729110241 0.046460610 0.998867095 -0.010294550 -11.393768311 -0.007317438 0.010645726 0.999916553 102.019859314
0.998864532 -0.046579048 0.010006519 7.788924694 0.046706144 0.998825788 -0.012866189 -11.510164261 -0.009395475 0.013318943 0.999867082 103.036369324
0.998768508 -0.048236784 0.011606830 7.850842953 0.048394162 0.998734593 -0.013683122 -11.623804092 -0.010932115 0.014227973 0.999839008 104.050079346
0.998664141 -0.049944073 0.013247646 7.922309875 0.050110877 0.998664498 -0.012572860 -11.751852989 -0.012602014 0.013219917 0.999833167 105.040580750
0.998648345 -0.049818546 0.014817066 7.984688759 0.049986072 0.998687506 -0.011158999 -11.865259171 -0.014241694 0.011884563 0.999827981 105.997871399
0.998575807 -0.050807752 0.016277574 8.045679092 0.050970744 0.998652458 -0.009759662 -11.970790863 -0.015759772 0.010575439 0.999819994 106.950126648
0.998509884 -0.051466946 0.018146640 8.103042603 0.051655460 0.998614073 -0.010077157 -12.076988220 -0.017602850 0.010999511 0.999784589 107.865943909
0.998484671 -0.051420685 0.019603075 8.168977737 0.051590480 0.998634160 -0.008256619 -12.177711487 -0.019151742 0.009255441 0.999773741 108.769851685
0.998495996 -0.050283868 0.021846024 8.222063065 0.050432235 0.998707652 -0.006293933 -12.275648117 -0.021501308 0.007386212 0.999741495 109.640357971
0.998457909 -0.050639119 0.022745591 8.287456512 0.050714370 0.998709440 -0.002743630 -12.377955437 -0.022577299 0.003892928 0.999737501 110.495086670
0.998415351 -0.050861385 0.024082502 8.351902008 0.050943948 0.998697519 -0.002826951 -12.467457771 -0.023907350 0.004049329 0.999705970 111.321243286
0.998425484 -0.049913015 0.025598109 8.400077820 0.049980745 0.998748243 -0.002012858 -12.558238983 -0.025465593 0.003289102 0.999670386 112.130882263
0.998526394 -0.047561899 0.026131734 8.451828003 0.047624853 0.998863697 -0.001791801 -12.636877060 -0.026016816 0.003033681 0.999656916 112.909469604
0.998655975 -0.045170609 0.025415057 8.496206284 0.045154702 0.998979270 0.001199611 -12.713523865 -0.025443302 -0.000050389 0.999676287 113.663047791
0.998737693 -0.044980589 0.022355564 8.544355392 0.044937588 0.998986840 0.002422454 -12.800249100 -0.022441879 -0.001414790 0.999747157 114.415031433
0.998856008 -0.044997744 0.016183525 8.579775810 0.044964183 0.998985648 0.002431456 -12.873126030 -0.016276520 -0.001700995 0.999866128 115.112045288
0.999039054 -0.043428238 0.005908009 8.605020523 0.043420773 0.999055922 0.001385308 -12.947826385 -0.005962593 -0.001127447 0.999981582 115.777526855
0.999150693 -0.040504113 -0.007570013 8.600837708 0.040493499 0.999178469 -0.001549961 -13.016265869 0.007626571 0.001242108 0.999970078 116.414932251
0.998862624 -0.039102100 -0.027290152 8.609259605 0.039010640 0.999231219 -0.003875921 -13.087384224 0.027420735 0.002806906 0.999619961 117.044563293
0.998064995 -0.037378848 -0.049689025 8.576683044 0.037108447 0.999291003 -0.006353618 -13.154878616 0.049891286 0.004497441 0.998744488 117.632637024
0.996366739 -0.035815038 -0.077270195 8.534557343 0.035289772 0.999343812 -0.008153058 -13.221847534 0.077511497 0.005396588 0.996976793 118.202995300
0.993365407 -0.033860683 -0.109902710 8.467248917 0.032958049 0.999406517 -0.010019727 -13.289129257 0.110176742 0.006331071 0.993891835 118.748657227
0.989036918 -0.028924070 -0.144807994 8.355466843 0.027500607 0.999551892 -0.011822486 -13.349727631 0.145085037 0.007710567 0.989389122 119.287315369
0.982753754 -0.023076151 -0.183473453 8.252891541 0.021409895 0.999709606 -0.011057709 -13.411159515 0.183675334 0.006938857 0.982962608 119.796882629
0.974252582 -0.017688654 -0.224764168 8.109489441 0.016052609 0.999829590 -0.009104429 -13.468292236 0.224886954 0.005261960 0.974370778 120.301200867
0.962936401 -0.013076359 -0.269411355 7.934650421 0.011479530 0.999905884 -0.007501814 -13.526556969 0.269484162 0.004131052 0.962996006 120.794952393
0.948754847 -0.006917761 -0.315937221 7.744403839 0.004648366 0.999957681 -0.007936109 -13.583853722 0.315978765 0.006060830 0.948746920 121.254722595
0.931252837 0.000989739 -0.364372373 7.523284912 -0.004482079 0.999951661 -0.008739032 -13.639230728 0.364346147 0.009771394 0.931212425 121.727523804
0.910149872 0.005454655 -0.414243281 7.257495880 -0.010419311 0.999898434 -0.009726251 -13.690100670 0.414148092 0.013168473 0.910114229 122.173004150
0.885063589 0.009820846 -0.465366542 6.988758087 -0.015648784 0.999840081 -0.008661762 -13.740999222 0.465207040 0.014948628 0.885075629 122.586967468
0.856167257 0.013262001 -0.516528487 6.707233429 -0.020484239 0.999755859 -0.008284485 -13.786488533 0.516292512 0.017673597 0.856229901 122.979171753
0.824674606 0.022622420 -0.565154731 6.374332428 -0.030872259 0.999510646 -0.005039715 -13.836086273 0.564764202 0.021603728 0.824969530 123.352653503
0.790363193 0.035166997 -0.611628413 6.030479431 -0.043487791 0.999053180 0.001246757 -13.874346733 0.611093163 0.025612978 0.791144192 123.713325500
0.754297316 0.044058990 -0.655053020 5.675617218 -0.054835841 0.998487353 0.004014655 -13.916057587 0.654238939 0.032892138 0.755572259 124.029647827
0.714757323 0.047854602 -0.697733402 5.302658081 -0.062132824 0.998056352 0.004803689 -13.959789276 0.696607113 0.039918672 0.716341436 124.324958801
0.671771407 0.049267758 -0.739118338 4.930671692 -0.064385630 0.997893035 0.007998092 -14.008859634 0.737955093 0.042215697 0.673528075 124.612251282
0.628702879 0.053075500 -0.775832295 4.519973755 -0.067899138 0.997604549 0.013224476 -14.044377327 0.774675667 0.044364084 0.630800605 124.869491577
0.583690882 0.061761584 -0.809623659 4.095272064 -0.079131946 0.996683478 0.018981840 -14.076662064 0.808110774 0.052987564 0.586642325 125.098968506
0.538065314 0.070602760 -0.839941084 3.652839661 -0.090469144 0.995566845 0.025729734 -14.102390289 0.838034034 0.062144466 0.542067409 125.308914185
0.491546601 0.075842410 -0.867542386 3.192993164 -0.096537046 0.994806111 0.032270521 -14.128675461 0.865483999 0.067887507 0.496315122 125.509613037
0.444070280 0.077071175 -0.892671108 2.732059479 -0.095821284 0.994664967 0.038209632 -14.154911041 0.890853524 0.068569124 0.449086159 125.691604614
0.397180885 0.078539565 -0.914373517 2.257270813 -0.093135156 0.994637012 0.044978183 -14.173187256 0.913002253 0.067295857 0.402365625 125.862991333
0.351120263 0.081847288 -0.932746291 1.753742218 -0.095154509 0.994133830 0.051414300 -14.201042175 0.931482792 0.070702426 0.356848627 126.014686584
0.307556838 0.085106075 -0.947716117 1.253845215 -0.100797892 0.993301988 0.056488384 -14.220630646 0.946175754 0.078154407 0.314075291 126.130783081
0.266149908 0.086555488 -0.960037768 0.732278824 -0.105590314 0.992584825 0.060217239 -14.236310959 0.958130956 0.085343875 0.273315787 126.231040955
0.226631418 0.083276451 -0.970413983 0.205419540 -0.105795391 0.992547691 0.060468309 -14.254007339 0.968217731 0.088961318 0.233752757 126.334915161
0.191740587 0.077750430 -0.978361070 -0.339044571 -0.101534754 0.993079662 0.059021190 -14.272783279 0.976179421 0.088020876 0.198308080 126.424461365
0.161171198 0.072575971 -0.984254360 -0.886964798 -0.098794051 0.993469596 0.057078000 -14.293812752 0.981969297 0.088039137 0.167288795 126.505714417
0.135244146 0.071009107 -0.988264441 -1.455097198 -0.099940129 0.993319273 0.057695486 -14.312551498 0.985759079 0.090964310 0.141437292 126.568679810
0.113162518 0.070333421 -0.991083920 -2.048935890 -0.100182943 0.993215382 0.059045747 -14.326356888 0.988512814 0.092607938 0.119440980 126.626472473
0.094112717 0.071718983 -0.992974877 -2.642101288 -0.102243751 0.992824376 0.062017590 -14.342696190 0.990297496 0.095688820 0.100770198 126.685783386
0.078303449 0.070170842 -0.994456947 -3.256464005 -0.103996217 0.992652416 0.061854869 -14.368595123 0.991490483 0.098576300 0.085025609 126.739738464
0.063723825 0.069064267 -0.995574951 -3.875938416 -0.102807783 0.992749095 0.062287815 -14.398632050 0.992657959 0.098383635 0.070362121 126.795982361
0.051853985 0.066719636 -0.996423364 -4.514628887 -0.098462142 0.993245900 0.061382897 -14.420802116 0.993788898 0.094927028 0.058073107 126.837326050
0.039538067 0.064325906 -0.997145355 -5.163419724 -0.096424386 0.993514061 0.060268298 -14.439844131 0.994554698 0.093766242 0.045484219 126.877372742
0.029489210 0.063090838 -0.997571945 -5.834579468 -0.095627256 0.993606508 0.060013201 -14.456438065 0.994980276 0.093625322 0.035333872 126.911270142
0.019877300 0.064628318 -0.997711360 -6.505788803 -0.098952882 0.993136227 0.062360518 -14.478981972 0.994893491 0.097486869 0.026136024 126.932746887
0.011731282 0.064694613 -0.997836113 -7.183472157 -0.101786554 0.992798507 0.063171320 -14.507973671 0.994737089 0.100825213 0.018231841 126.946311951
0.004606955 0.063782297 -0.997953176 -7.880108833 -0.104005955 0.992581964 0.062958889 -14.527393341 0.994566023 0.103503026 0.011206521 126.971725464
-0.000571345 0.064483993 -0.997918546 -8.578114510 -0.104657158 0.992434621 0.064189568 -14.544624329 0.994508266 0.104475975 0.006181692 126.989875793
-0.004306972 0.066932723 -0.997748137 -9.301671982 -0.107064858 0.991991401 0.067008689 -14.564494133 0.994242668 0.107112378 0.002893662 127.014236450
-0.005272442 0.070743889 -0.997480452 -10.031826973 -0.108976036 0.991512954 0.070896663 -14.589456558 0.994030476 0.109075263 0.002481693 127.020294189
-0.005786124 0.073799200 -0.997256279 -10.752921104 -0.111774065 0.990975738 0.073982947 -14.600501060 0.993716776 0.111895464 0.002514929 127.024566650
-0.006405222 0.079294510 -0.996830642 -11.491191864 -0.116572306 0.989995241 0.079499818 -14.608489990 0.993161440 0.116712071 0.002902404 127.033683777
-0.007633145 0.083265297 -0.996498227 -12.234293938 -0.119588614 0.989299238 0.083579808 -14.622739792 0.992794096 0.119807810 0.002406117 127.043357849
-0.008970810 0.083607927 -0.996458292 -12.989280701 -0.119693264 0.989244163 0.084080175 -14.640237808 0.992770374 0.120023601 0.001132982 127.061012268
-0.010378661 0.080588803 -0.996693373 -13.733997345 -0.117337689 0.989762664 0.081250280 -14.659585953 0.993037760 0.117792979 -0.000816306 127.081573486
-0.011886013 0.077150941 -0.996948481 -14.497029305 -0.120785393 0.989607632 0.078022897 -14.664369583 0.992607474 0.121344209 -0.002443784 127.092765808
-0.012586946 0.078629427 -0.996824443 -15.264287949 -0.126227289 0.988803327 0.079590604 -14.675474167 0.991921425 0.126828238 -0.002520832 127.090576172
-0.014329976 0.081914499 -0.996536255 -16.053224564 -0.122966565 0.988929033 0.083057426 -14.692728996 0.992307365 0.123730861 -0.004098583 127.107551575
-0.016607933 0.081995152 -0.996494293 -16.826719284 -0.121826239 0.989040256 0.083412193 -14.709826469 0.992412508 0.122784451 -0.006436755 127.126045227
-0.017011261 0.081652597 -0.996515572 -17.620809555 -0.125601217 0.988590360 0.083147295 -14.721982956 0.991934955 0.126578033 -0.006561502 127.119438171
-0.018648861 0.080845982 -0.996552110 -18.412784576 -0.129325673 0.988157094 0.082585059 -14.732688904 0.991426826 0.130419865 -0.007972545 127.139869690
-0.019740736 0.085250162 -0.996163964 -19.210638046 -0.131163359 0.987526178 0.087110162 -14.739275932 0.991164267 0.132379815 -0.008312799 127.147888184
-0.020562563 0.090161346 -0.995714903 -20.013936996 -0.130434558 0.987171650 0.092081375 -14.755184174 0.991243720 0.131769046 -0.008538623 127.164047241
-0.019739106 0.092512593 -0.995515823 -20.843896866 -0.130875245 0.986903071 0.094307229 -14.763915062 0.991202295 0.132149905 -0.007372975 127.179512024
-0.017847784 0.091572888 -0.995638430 -21.662284851 -0.130270123 0.987095654 0.093122423 -14.773213387 0.991317868 0.131363973 -0.005688258 127.190994263
-0.016871493 0.091297194 -0.995680690 -22.493330002 -0.130259559 0.987134814 0.092720807 -14.776321411 0.991336405 0.131261259 -0.004762104 127.205421448
-0.016641971 0.090302378 -0.995775342 -23.324010849 -0.128514975 0.987459242 0.091696031 -14.780405045 0.991567910 0.129498079 -0.004828059 127.226715088
-0.015695963 0.092259280 -0.995611310 -24.161209106 -0.129477099 0.987162709 0.093517609 -14.787706375 0.991458178 0.130376711 -0.003549003 127.245582581
-0.015629763 0.094404384 -0.995411277 -24.998413086 -0.131137088 0.986739993 0.095641099 -14.790639877 0.991241038 0.132030189 -0.003042595 127.267616272
-0.015046168 0.096839435 -0.995186210 -25.867496490 -0.134223640 0.986094892 0.097984098 -14.791257858 0.990836740 0.135051847 -0.001838808 127.275840759
-0.013393440 0.097943872 -0.995101810 -26.731733322 -0.136438385 0.985703945 0.098855257 -14.788945198 0.990558028 0.137094110 0.000161337 127.288314819
-0.011490797 0.100879416 -0.994832337 -27.603776932 -0.143179685 0.984479904 0.101483434 -14.787661552 0.989630044 0.143605888 0.003131422 127.301765442
-0.009367785 0.105034195 -0.994424462 -28.483882904 -0.148020402 0.983366728 0.105260640 -14.786142349 0.988939941 0.148181200 0.006335237 127.320777893
-0.007363187 0.106858790 -0.994246900 -29.358566284 -0.150520444 0.982826948 0.106746115 -14.781508446 0.988579512 0.150440514 0.008847695 127.352706909
-0.003391586 0.107831359 -0.994163394 -30.256858826 -0.149550036 0.982934058 0.107123546 -14.784046173 0.988748372 0.149040461 0.012792477 127.376091003
-0.000749484 0.107804649 -0.994171798 -31.148324966 -0.152307957 0.982560933 0.106660411 -14.779369354 0.988332808 0.151500210 0.015683090 127.406745911
0.001658405 0.111509942 -0.993761897 -32.050533295 -0.152770415 0.982126534 0.109949373 -14.770988464 0.988260329 0.151635095 0.018664183 127.438835144
0.004234217 0.113286421 -0.993553340 -32.967041016 -0.151446506 0.982174397 0.111343563 -14.762955666 0.988456368 0.149998769 0.021315577 127.480224609
0.005947860 0.114485912 -0.993407071 -33.859283447 -0.152077034 0.981972873 0.112257645 -14.760299683 0.988350689 0.150406748 0.023251319 127.523147583
0.008673185 0.112682000 -0.993593216 -34.763057709 -0.153154671 0.982056797 0.110036768 -14.753289223 0.988164127 0.151219100 0.025775338 127.554275513
0.008845003 0.113623686 -0.993484497 -35.674907684 -0.157571346 0.981269240 0.110823780 -14.743202209 0.987468004 0.155564457 0.026583167 127.599258423
0.009992315 0.114640124 -0.993356824 -36.569362640 -0.158628762 0.981008649 0.111619398 -14.741487503 0.987287700 0.156459644 0.027987773 127.636291504
0.010077147 0.110981859 -0.993771315 -37.464656830 -0.158832073 0.981382191 0.107987680 -14.739114761 0.987254143 0.156754553 0.027517013 127.674514771
0.011066898 0.106648333 -0.994235158 -38.380752563 -0.159885138 0.981692255 0.103523217 -14.740341187 0.987073600 0.157817736 0.027915774 127.719688416
0.011626760 0.106043287 -0.994293511 -39.278785706 -0.159696087 0.981794536 0.102842830 -14.736579895 0.987097800 0.157589063 0.028349791 127.761009216
0.011427601 0.110016122 -0.993864179 -40.182281494 -0.161773592 0.981038570 0.106736280 -14.731819153 0.986761689 0.159561247 0.029008621 127.803596497
0.011923092 0.116231821 -0.993150532 -41.108917236 -0.162664607 0.980216384 0.112765245 -14.722436905 0.986609340 0.160205930 0.030594014 127.842887878
0.012081606 0.115086541 -0.993281960 -42.002861023 -0.160551965 0.980689406 0.111674659 -14.724643707 0.986953557 0.158124179 0.030325675 127.889068604
0.012899617 0.104489014 -0.994442344 -42.893432617 -0.159712285 0.981972218 0.101106986 -14.729824066 0.987079382 0.157520413 0.029355241 127.934883118
0.013092740 0.094242871 -0.995463133 -43.811450958 -0.161213785 0.982722938 0.090916395 -14.740098953 0.986832678 0.159292027 0.028059786 127.976951599
0.012026603 0.091025688 -0.995775878 -44.711711884 -0.158050388 0.983502388 0.087994881 -14.747959137 0.987357855 0.156324461 0.026214836 128.025360107
0.012596126 0.101057962 -0.994800866 -45.632781982 -0.150765792 0.983697951 0.098021083 -14.751024246 0.988489270 0.148747250 0.027626868 128.070617676
0.012141929 0.114079408 -0.993397355 -46.571067810 -0.146014467 0.983023942 0.111103438 -14.746931076 0.989207923 0.143701375 0.028593048 128.134170532
0.012369724 0.123124324 -0.992314160 -47.493412018 -0.146211594 0.981946230 0.120015293 -14.739133835 0.989175975 0.143603310 0.030148612 128.180480957
0.012209182 0.117252283 -0.993027151 -48.408782959 -0.146406442 0.982607961 0.114221983 -14.736076355 0.989149094 0.143991023 0.029163333 128.223648071
0.012363853 0.103974782 -0.994503081 -49.325271606 -0.146221340 0.984075546 0.101066746 -14.737421036 0.989174545 0.144168004 0.027370302 128.263336182
0.012834593 0.095086060 -0.995386302 -50.239086151 -0.146818936 0.984858215 0.092187256 -14.738441467 0.989080071 0.144958422 0.026600691 128.308715820
0.013145365 0.095218934 -0.995369554 -51.167160034 -0.145876780 0.984987736 0.092299245 -14.749013901 0.989215374 0.143988013 0.026838252 128.356445312
0.012623825 0.096551552 -0.995248020 -52.105102539 -0.149088323 0.984383225 0.093606494 -14.765495300 0.988743305 0.147198156 0.026821390 128.400131226
0.013418322 0.096053682 -0.995285690 -53.036056519 -0.153748140 0.983736455 0.092866264 -14.768117905 0.988018870 0.151777253 0.027968172 128.432189941
0.013854318 0.095322318 -0.995350003 -53.971717834 -0.155437797 0.983549654 0.092028670 -14.771317482 0.987748563 0.153440014 0.028443098 128.475418091
0.014881287 0.103298865 -0.994539022 -54.925910950 -0.163868934 0.981452584 0.099487662 -14.778642654 0.986369908 0.161493540 0.031532757 128.510559082
0.016436687 0.112625375 -0.993501544 -55.869781494 -0.170444012 0.979407907 0.108207844 -14.770112038 0.985230267 0.167557821 0.035294544 128.552993774
0.017451085 0.120834790 -0.992519200 -56.818508148 -0.170686662 0.978458881 0.116121888 -14.762394905 0.985170722 0.167383358 0.037700057 128.601715088
0.018602736 0.121470809 -0.992420614 -57.758541107 -0.172361225 0.978121519 0.116489723 -14.756333351 0.984858096 0.168887824 0.039132595 128.646652222
0.020190299 0.111936994 -0.993510187 -58.700897217 -0.173724860 0.978989065 0.106770486 -14.755184174 0.984587252 0.170441672 0.039212324 128.691085815
0.021292010 0.106834359 -0.994048774 -59.637069702 -0.172173455 0.979811311 0.101616345 -14.751343727 0.984836400 0.168985203 0.039256193 128.749389648
0.023475047 0.105286792 -0.994164824 -60.603385925 -0.170618862 0.980271161 0.099786609 -14.752739906 0.985057354 0.167280778 0.040975831 128.806365967
0.026590742 0.111018866 -0.993462563 -61.554130554 -0.171920076 0.979514182 0.104858585 -14.749262810 0.984751940 0.168007925 0.045132391 128.871032715
0.029869992 0.113538221 -0.993084431 -62.530868530 -0.174851552 0.978802085 0.106646143 -14.758083344 0.984141588 0.170456842 0.049089141 128.928848267
0.033754643 0.108237945 -0.993551672 -63.485496521 -0.173848316 0.979598761 0.100811645 -14.757420540 0.984193742 0.169324443 0.051882993 128.992492676
0.037272386 0.102621868 -0.994021893 -64.439865112 -0.173855335 0.980209470 0.094676927 -14.765428543 0.984065473 0.169287160 0.054376110 129.057510376
0.040606655 0.102480657 -0.993905783 -65.408981323 -0.171290457 0.980714321 0.094122335 -14.768566132 0.984383345 0.166424572 0.057377487 129.135787964
0.042400010 0.107088350 -0.993344963 -66.360595703 -0.167984337 0.980849087 0.098570965 -14.787555695 0.984877408 0.162686974 0.059577167 129.224090576
0.046051808 0.113671459 -0.992450476 -67.320373535 -0.167526007 0.980312824 0.104507685 -14.787732124 0.984791517 0.161448494 0.064188093 129.300994873
0.048582725 0.117297791 -0.991907775 -68.285064697 -0.165194675 0.980347574 0.107839674 -14.790508270 0.985063672 0.158618689 0.067004927 129.387832642
0.050640754 0.119343653 -0.991560638 -69.267425537 -0.164881185 0.980209947 0.109556712 -14.793444633 0.985012531 0.157941669 0.069316104 129.469131470
0.052921087 0.116696760 -0.991756558 -70.211723328 -0.163801536 0.980710685 0.106656417 -14.793637276 0.985072792 0.156806886 0.071015395 129.550765991
0.053470209 0.115141615 -0.991908967 -71.157775879 -0.161789492 0.981204271 0.105177529 -14.797224045 0.985375583 0.154856578 0.071093902 129.641662598
0.053928137 0.111602500 -0.992288649 -72.105102539 -0.158611596 0.982075453 0.101833731 -14.805799484 0.985867202 0.151896775 0.070662960 129.733398438
0.053855289 0.111221917 -0.992335141 -73.096450806 -0.156957924 0.982366741 0.101586320 -14.797725677 0.986135900 0.150283903 0.070362791 129.814544678
0.053692106 0.115856871 -0.991813719 -74.052299500 -0.153696373 0.982369244 0.106433243 -14.799237251 0.986658275 0.146723524 0.070552252 129.900650024
0.052851278 0.117561735 -0.991658211 -75.014472961 -0.147730529 0.983039737 0.108666606 -14.805461884 0.987614453 0.140755028 0.069322370 130.002380371
0.052350245 0.112885594 -0.992227912 -75.974128723 -0.145086601 0.983907819 0.104284205 -14.790331841 0.988032997 0.138499662 0.067886017 130.082946777
0.050909970 0.108978756 -0.992739558 -76.943061829 -0.146710008 0.984060824 0.100502394 -14.794241905 0.987868547 0.140528247 0.066086777 130.160385132
0.049656432 0.106472805 -0.993074954 -77.891914368 -0.143207178 0.984786451 0.098423421 -14.800787926 0.988446176 0.137328073 0.064148657 130.244995117
0.048251688 0.106943496 -0.993093610 -78.859024048 -0.143364474 0.984698415 0.099073753 -14.800909042 0.988493085 0.137593850 0.062845260 130.316055298
0.047371119 0.108135156 -0.993006885 -79.813835144 -0.144579187 0.984396636 0.100300401 -14.805027962 0.988358676 0.138816819 0.062266052 130.396850586
0.046094120 0.108477823 -0.993029654 -80.768417358 -0.146214709 0.984112442 0.100716762 -14.808496475 0.988178492 0.140553087 0.061222851 130.470199585
0.044805929 0.109462149 -0.992980540 -81.720954895 -0.146035656 0.984018803 0.101884738 -14.812646866 0.988264203 0.140445530 0.060075253 130.538650513
0.042523131 0.109629326 -0.993062556 -82.670600891 -0.146055058 0.983965456 0.102370940 -14.816592216 0.988362134 0.140688628 0.057853211 130.614318848
0.040484548 0.112278089 -0.992851853 -83.616928101 -0.145783067 0.983696818 0.105298333 -14.814360619 0.988487840 0.140478000 0.056192767 130.688446045
0.039071545 0.116699688 -0.992398441 -84.575950623 -0.147497520 0.982950866 0.109781615 -14.810794830 0.988290370 0.142086983 0.055618320 130.746810913
0.036650989 0.120948970 -0.991981864 -85.530792236 -0.148080766 0.982347667 0.114303127 -14.797991753 0.988295913 0.142704085 0.053914227 130.817199707
0.034928296 0.120415352 -0.992109001 -86.474456787 -0.148059472 0.982383490 0.114022352 -14.792427063 0.988361478 0.142908514 0.052141618 130.881301880
0.033541437 0.115459502 -0.992745638 -87.416320801 -0.147810742 0.982954562 0.109326757 -14.791782379 0.988446712 0.143071502 0.050035853 130.946502686
0.031467505 0.111127704 -0.993307769 -88.354888916 -0.152257919 0.982734442 0.105121352 -14.785601616 0.987839639 0.147931129 0.047844287 131.008270264
0.031170096 0.108746797 -0.993580699 -89.331520081 -0.150985241 0.983168840 0.102870606 -14.778995514 0.988044500 0.146809518 0.047064632 131.056076050
0.030434906 0.109970935 -0.993468702 -90.282699585 -0.147051856 0.983606517 0.104374304 -14.785017967 0.988660514 0.142914802 0.046107408 131.117507935
0.029321784 0.111124605 -0.993373752 -91.237533569 -0.143309399 0.984001517 0.105846040 -14.782983780 0.989243388 0.139256254 0.044777881 131.186538696
0.028194912 0.111375712 -0.993378282 -92.182762146 -0.138439268 0.984631658 0.106465757 -14.787190437 0.989969492 0.134520754 0.043180376 131.254043579
0.026958657 0.107951336 -0.993790567 -93.133506775 -0.134527966 0.985500038 0.103401415 -14.786436081 0.990543008 0.130905107 0.041090231 131.316925049
0.026103260 0.104703479 -0.994160831 -94.074462891 -0.129109308 0.986523509 0.100509167 -14.790060043 0.991286695 0.125731811 0.039269675 131.381515503
0.025342885 0.107281685 -0.993905604 -95.038650513 -0.128037080 0.986384869 0.103205189 -14.794929504 0.991445541 0.124641262 0.038733870 131.438461304
0.024265688 0.110005550 -0.993634641 -95.996322632 -0.127896607 0.986101568 0.106048152 -14.799577713 0.991490602 0.124509171 0.037997767 131.494018555
0.022139009 0.108372077 -0.993863881 -96.938385010 -0.121907786 0.986981869 0.104906082 -14.800755501 0.992294490 0.118837222 0.035062194 131.548294067
0.019672617 0.104404256 -0.994340360 -97.889106750 -0.119425885 0.987657726 0.101339787 -14.792992592 0.992648184 0.116756365 0.031898383 131.602630615
0.017249649 0.101847664 -0.994650483 -98.837791443 -0.118485577 0.987996995 0.099111557 -14.797184944 0.992805958 0.116142079 0.029110083 131.651916504
0.013850732 0.100650892 -0.994825363 -99.781089783 -0.113047332 0.988699377 0.098457158 -14.812973022 0.993493080 0.111098669 0.025072526 131.721099854
0.009624387 0.101683311 -0.994770229 -100.720443726 -0.105381362 0.989379823 0.100112714 -14.816713333 0.994385302 0.103866719 0.020237695 131.785858154
0.007979793 0.109615073 -0.993942082 -101.678878784 -0.095666751 0.989498138 0.108356938 -14.816782951 0.995381474 0.094222561 0.018382510 131.839324951
0.004315238 0.116979152 -0.993125021 -102.645912170 -0.087675847 0.989353955 0.116154015 -14.811722755 0.996139705 0.086571835 0.014525542 131.906723022
0.001479512 0.115713730 -0.993281484 -103.595359802 -0.082624681 0.989900351 0.115196779 -14.796860695 0.996579647 0.081899129 0.011025380 131.953674316
-0.001593506 0.105624259 -0.994404852 -104.541488647 -0.083127461 0.990950346 0.105390541 -14.795281410 0.996537685 0.082830273 0.007201189 131.991287231
-0.003824400 0.096404031 -0.995334923 -105.488861084 -0.085344866 0.991679132 0.096377864 -14.799763680 0.996344090 0.085315309 0.004435011 132.028198242
-0.004033335 0.097243294 -0.995252490 -106.450775146 -0.092216976 0.990983427 0.097199894 -14.794261932 0.995730758 0.092171200 0.004970513 132.048385620
-0.004862817 0.107217982 -0.994223654 -107.409133911 -0.095720083 0.989620090 0.107189707 -14.791131020 0.995396376 0.095688418 0.005450571 132.081710815
-0.006335389 0.118423156 -0.992943048 -108.379455566 -0.099263228 0.987984180 0.118465081 -14.779789925 0.995041072 0.099313252 0.005495800 132.103027344
-0.007189713 0.120199397 -0.992723703 -109.357849121 -0.106826916 0.986975908 0.120277129 -14.770923615 0.994251549 0.106914394 0.005744459 132.126571655
-0.007435900 0.117850706 -0.993003488 -110.317184448 -0.114245050 0.986428738 0.117925905 -14.757439613 0.993424833 0.114322618 0.006128873 132.148117065
-0.007485388 0.113255225 -0.993537724 -111.273223877 -0.122470282 0.985982001 0.113316625 -14.742381096 0.992443979 0.122527055 0.006489943 132.168945312
-0.005223785 0.115327522 -0.993313849 -112.246948242 -0.127089366 0.985195875 0.115053371 -14.728062630 0.991877556 0.126840636 0.009510452 132.189819336
-0.003591501 0.117428727 -0.993074834 -113.221450806 -0.135302886 0.983891964 0.116832204 -14.716763496 0.990797698 0.134785503 0.012354800 132.209426880
-0.003106351 0.120493010 -0.992709398 -114.184150696 -0.144712627 0.982210219 0.119671486 -14.702924728 0.989468813 0.144029275 0.014385768 132.230438232
-0.003172528 0.122768462 -0.992430270 -115.154724121 -0.150368273 0.981092691 0.121846639 -14.683559418 0.988624930 0.149616554 0.015347938 132.259246826
-0.002464325 0.121534958 -0.992584109 -116.129005432 -0.154006094 0.980699360 0.120462082 -14.667463303 0.988066792 0.153160885 0.016300369 132.288818359
-0.001007245 0.112047471 -0.993702352 -117.083503723 -0.153041169 0.981979549 0.110880762 -14.670741081 0.988219321 0.152189046 0.016158786 132.321990967
0.000523956 0.100422323 -0.994944692 -118.037208557 -0.156308666 0.982723475 0.099106483 -14.661383629 0.987708092 0.155466512 0.016211782 132.356323242
