1.000000000 0.000000000 0.000000000 0.000000000 0.000000000 1.000000000 0.000000000 0.000000000 0.000000000 0.000000000 1.000000000 0.000000000
0.999997795 -0.001587714 -0.001387588 0.050660584 0.001584698 0.999996364 -0.002171972 -0.132060573 0.001391032 0.002169768 0.999996662 1.297039151
0.999997616 -0.000104581 -0.002188798 0.104943246 0.000090658 0.999979794 -0.006360094 -0.267109871 0.002189419 0.006359880 0.999977350 2.602609396
0.999996066 0.002438239 -0.001363676 0.147845313 -0.002448938 0.999965727 -0.007900194 -0.405955613 0.001344367 0.007903502 0.999967873 3.906862020
0.999983788 0.005692750 0.000123193 0.194166496 -0.005691804 0.999961615 -0.006650401 -0.544189751 -0.000161048 0.006649592 0.999977946 5.220649719
0.999975145 0.006640665 0.002365821 0.242444739 -0.006633014 0.999972761 -0.003227224 -0.689899862 -0.002387188 0.003211451 0.999992013 6.540922165
0.999959826 0.006885236 0.005735431 0.297998220 -0.006874185 0.999974489 -0.001944377 -0.826712668 -0.005748671 0.001904873 0.999981761 7.843593597
0.999944568 0.005284340 0.009104886 0.354343265 -0.005268354 0.999984503 -0.001778832 -0.961590946 -0.009114148 0.001730765 0.999956906 9.152086258
0.999913394 0.003978009 0.012546249 0.428308219 -0.003955905 0.999990523 -0.001786207 -1.097817183 -0.012553237 0.001736420 0.999919713 10.448527336
0.999871433 0.002728743 0.015802573 0.498584509 -0.002689879 0.999993324 -0.002480094 -1.234880567 -0.015809240 0.002437268 0.999872029 11.755572319
0.999813557 0.001732362 0.019231461 0.574538887 -0.001669311 0.999993265 -0.003294090 -1.371328354 -0.019237038 0.003261373 0.999809563 13.048407555
0.999746442 0.001464187 0.022469802 0.645495236 -0.001390311 0.999993563 -0.003303060 -1.516756892 -0.022474494 0.003270983 0.999742091 14.372513771
0.999663472 0.001482097 0.025896497 0.729067147 -0.001371406 0.999989808 -0.004291588 -1.656324625 -0.025902599 0.004254630 0.999655426 15.670745850
0.999574006 0.002173211 0.029103206 0.808759391 -0.002048405 0.999988556 -0.004317517 -1.794955373 -0.029112255 0.004256063 0.999567091 16.977018356
0.999477625 0.001803969 0.032268662 0.899465680 -0.001678981 0.999990940 -0.003900024 -1.934174418 -0.032275409 0.003843807 0.999471664 18.262598038
0.999411881 0.000192888 0.034291387 1.000748515 -0.000068580 0.999993443 -0.003626193 -2.078001738 -0.034291871 0.003621709 0.999405324 19.560424805
0.999350429 -0.002268165 0.035965756 1.098347545 0.002447280 0.999984860 -0.004936921 -2.217852116 -0.035954017 0.005021733 0.999340832 20.835422516
0.999308050 -0.001901964 0.037146010 1.194867134 0.002147981 0.999975979 -0.006584181 -2.361721277 -0.037132591 0.006659412 0.999288082 22.145751953
0.999255896 -0.001685557 0.038532171 1.275305271 0.002038425 0.999956310 -0.009120300 -2.506182909 -0.038515117 0.009192059 0.999215722 23.431209564
0.999224901 -0.001240399 0.039345860 1.382195592 0.001661015 0.999941826 -0.010659320 -2.648747206 -0.039330348 0.010716412 0.999168813 24.719484329
0.999178052 -0.000659444 0.040533688 1.482200861 0.001115876 0.999936223 -0.011238958 -2.795341969 -0.040523700 0.011274951 0.999114990 25.988670349
0.999164164 -0.002224487 0.040814873 1.585366845 0.002644428 0.999944091 -0.010237820 -2.941091776 -0.040789817 0.010337197 0.999114215 27.273696899
0.999164104 -0.005283678 0.040535405 1.692093372 0.005661238 0.999941587 -0.009205199 -3.085308552 -0.040484399 0.009426985 0.999135733 28.549999237
0.999180079 -0.006646720 0.039937414 1.785302162 0.007032184 0.999929905 -0.009518969 -3.234862804 -0.039871335 0.009792013 0.999156773 29.843618393
0.999204755 -0.008308402 0.038999662 1.892852902 0.008783856 0.999888957 -0.012035768 -3.380963564 -0.038895331 0.012368764 0.999166667 31.111885071
0.999225974 -0.008474716 0.038413275 1.997077346 0.008949687 0.999885380 -0.012209719 -3.527938604 -0.038305402 0.012544056 0.999187291 32.397171021
0.999234200 -0.009045810 0.038067240 2.091752768 0.009530796 0.999875367 -0.012578067 -3.671854258 -0.037948720 0.012931247 0.999196053 33.661552429
0.999254048 -0.009603652 0.037404332 2.188939333 0.010086170 0.999868035 -0.012732791 -3.815121889 -0.037277106 0.013100560 0.999219120 34.933349609
0.999266505 -0.010094588 0.036937643 2.283484936 0.010587029 0.999857306 -0.013160511 -3.960737705 -0.036799520 0.013541918 0.999230921 36.193386078
0.999306142 -0.010581920 0.035709914 2.391788483 0.011059496 0.999851644 -0.013202800 -4.122490406 -0.035564911 0.013588573 0.999274909 37.483268738
0.999304652 -0.010198862 0.035861120 2.483956337 0.010608249 0.999880493 -0.011244240 -4.268625259 -0.035742149 0.011616845 0.999293506 38.739860535
0.999269307 -0.010216917 0.036829829 2.581917763 0.010602328 0.999890864 -0.010284474 -4.408017159 -0.036720734 0.010667440 0.999268651 40.010189056
0.999189138 -0.012077099 0.038407553 2.691466331 0.012407325 0.999888062 -0.008371233 -4.553568363 -0.038302153 0.008840980 0.999227107 41.258785248
0.999073267 -0.013055883 0.041014612 2.783539295 0.013464573 0.999862254 -0.009704087 -4.697590828 -0.040882267 0.010247338 0.999111414 42.518539429
0.998945951 -0.014240858 0.043638792 2.876277447 0.014814650 0.999807596 -0.012853485 -4.846646786 -0.043447360 0.013486427 0.998964667 43.769634247
0.998849392 -0.015469921 0.045391995 2.988094330 0.016115583 0.999773622 -0.013892859 -4.992769718 -0.045166790 0.014608392 0.998872578 45.036991119
0.998704970 -0.015733708 0.048382230 3.103315830 0.016361436 0.999786735 -0.012605758 -5.127715111 -0.048173577 0.013381036 0.998749316 46.275600433
0.998527765 -0.016897932 0.051544335 3.222929478 0.017400302 0.999805212 -0.009313244 -5.281886101 -0.051376924 0.010196419 0.998627245 47.536155701
0.998246193 -0.020103659 0.055680830 3.339540958 0.020539638 0.999762595 -0.007268753 -5.420744419 -0.055521488 0.008399669 0.998422146 48.762680054
0.998016059 -0.021940110 0.059015267 3.470543146 0.022433341 0.999718606 -0.007707993 -5.561116219 -0.058829550 0.009016609 0.998227298 50.019180298
0.997726321 -0.025346193 0.062447190 3.611457586 0.026113845 0.999592721 -0.011507369 -5.696609497 -0.062130094 0.013111943 0.997981846 51.251136780
0.997446895 -0.026635861 0.066259161 3.745797157 0.027475333 0.999552906 -0.011790510 -5.828429699 -0.065915480 0.013580897 0.997732878 52.484203339
0.997074068 -0.029154625 0.070664756 3.868110418 0.029877102 0.999511302 -0.009188480 -5.968538761 -0.070362352 0.011272851 0.997457743 53.703453064
0.996821940 -0.031896826 0.072998896 4.036391735 0.032412309 0.999457240 -0.005887562 -6.102428913 -0.072771490 0.008234913 0.997314632 54.913051605
0.996565819 -0.034312285 0.075360686 4.182003021 0.034731537 0.999387622 -0.004259391 -6.232091427 -0.075168386 0.006862158 0.997147202 56.133129120
0.996370435 -0.037580822 0.076377884 4.336253643 0.037771098 0.999285877 -0.001047716 -6.357473373 -0.076283969 0.003928790 0.997078419 57.346771240
0.996224880 -0.040648412 0.076704033 4.492979527 0.040732775 0.999170005 0.000465023 -6.484592915 -0.076659270 0.002661100 0.997053802 58.547466278
0.996161222 -0.042820979 0.076349124 4.638864517 0.043162879 0.999064028 -0.002832970 -6.608171463 -0.076156355 0.006117542 0.997077107 59.757228851
0.996165872 -0.043936867 0.075651146 4.785163879 0.044598393 0.998979986 -0.007076534 -6.736208916 -0.075263061 0.010423321 0.997109115 60.944583893
0.996186733 -0.045223359 0.074610792 4.918499947 0.046184190 0.998870134 -0.011202297 -6.862221718 -0.074019879 0.014605422 0.997149825 62.144828796
0.996237993 -0.046529893 0.073108055 5.064232349 0.047649156 0.998771012 -0.013639928 -6.992990971 -0.072383545 0.017072152 0.997230768 63.329620361
0.996354997 -0.047326386 0.070970833 5.199963093 0.048423700 0.998731256 -0.013820607 -7.129251480 -0.070226699 0.017206904 0.997382581 64.519577026
0.996586442 -0.046868794 0.067961954 5.336549282 0.047870111 0.998766601 -0.013179688 -7.264596939 -0.067260422 0.016388044 0.997600853 65.696838379
0.996841848 -0.045522135 0.065069631 5.454762936 0.046353698 0.998860836 -0.011326800 -7.405556679 -0.064479873 0.014307246 0.997816443 66.903007507
0.997231901 -0.041766439 0.061514862 5.575821877 0.042320453 0.999074221 -0.007730464 -7.535856247 -0.061135024 0.010312403 0.998076200 68.077941895
0.997442961 -0.039731219 0.059403781 5.680338860 0.040125500 0.999179840 -0.005458781 -7.659985065 -0.059138171 0.007828427 0.998219132 69.245323181
0.997738659 -0.038940657 0.054783259 5.816888332 0.039459623 0.999185681 -0.008423083 -7.805493832 -0.054410640 0.010565761 0.998462737 70.459053040
0.997914970 -0.039297450 0.051198605 5.926215172 0.040106039 0.999084949 -0.014862268 -7.937198162 -0.050567694 0.016884655 0.998577952 71.618515015
0.997963309 -0.042806413 0.047295418 6.040977955 0.043708012 0.998878658 -0.018195864 -8.074180603 -0.046463475 0.020225992 0.998715222 72.799110413
0.997991383 -0.045822904 0.043741308 6.142666817 0.046451725 0.998829722 -0.013468932 -8.207571983 -0.043072928 0.015473739 0.998952091 73.967727661
0.997981071 -0.050208993 0.038898375 6.253982544 0.050578132 0.998683393 -0.008563867 -8.337112427 -0.038417190 0.010513984 0.999206483 75.139053345
0.998036563 -0.052250516 0.034534857 6.348811150 0.052485697 0.998604059 -0.005938323 -8.456654549 -0.034176368 0.007739251 0.999385893 76.312896729
0.998267353 -0.050676797 0.029902127 6.444368362 0.050812244 0.998700976 -0.003786749 -8.584255219 -0.029671390 0.005299581 0.999545634 77.480628967
0.998374283 -0.050475493 0.026475333 6.527299881 0.050581954 0.998714268 -0.003366811 -8.708145142 -0.026271347 0.004700512 0.999643803 78.634956360
0.998566866 -0.048294537 0.023063773 6.609403133 0.048424546 0.998813689 -0.005111658 -8.837735176 -0.022789545 0.006221185 0.999720871 79.802574158
0.998677254 -0.047346737 0.020055972 6.670949936 0.047559049 0.998815835 -0.010244336 -8.969020844 -0.019547187 0.011184627 0.999746323 80.948173523
0.998579860 -0.050825179 0.015968313 6.756823063 0.051069971 0.998577535 -0.015315723 -9.098582268 -0.015167173 0.016109470 0.999755204 82.092109680
0.998434305 -0.054534767 0.012442158 6.823587418 0.054736663 0.998364389 -0.016507981 -9.229784012 -0.011521549 0.017163178 0.999786258 83.257827759
0.998468339 -0.054769866 0.007826373 6.901122093 0.054869149 0.998407781 -0.013091766 -9.361935616 -0.007096875 0.013501139 0.999883652 84.412765503
0.998450100 -0.055332795 0.005968865 6.947816849 0.055397265 0.998401105 -0.011236512 -9.486331940 -0.005337575 0.011549755 0.999918997 85.550773621
0.998573780 -0.053108018 0.005473181 6.994837284 0.053174421 0.998503208 -0.012798248 -9.612788200 -0.004785300 0.013071026 0.999903083 86.678573608
0.998763680 -0.049407888 0.005471610 7.042225361 0.049487352 0.998654604 -0.015489119 -9.745299339 -0.004698965 0.015740745 0.999865055 87.787162781
0.998838663 -0.048029788 0.003801911 7.105819702 0.048091773 0.998674095 -0.018363459 -9.880400658 -0.002914877 0.018524969 0.999824166 88.893814087
0.998767436 -0.049551703 0.002844273 7.157004833 0.049597051 0.998587489 -0.019061867 -10.012101173 -0.001895707 0.019179443 0.999814272 90.006423950
0.998732626 -0.050301097 0.001693975 7.210289955 0.050322715 0.998587132 -0.017069107 -10.140477180 -0.000832987 0.017132722 0.999852836 91.107902527
0.998675406 -0.051449895 0.000571032 7.265466213 0.051452838 0.998576939 -0.014021568 -10.270408630 0.000151189 0.014032376 0.999901533 92.273185730
0.998728633 -0.050411157 -0.000078734 7.316135883 0.050405689 0.998640895 -0.013255082 -10.396972656 0.000746831 0.013234262 0.999912143 93.380683899
0.998686671 -0.051231597 -0.000492294 7.362774849 0.051218092 0.998570442 -0.015294390 -10.531914711 0.001275146 0.015249090 0.999882936 94.506919861
0.998672009 -0.051515657 -0.000434828 7.420339584 0.051497940 0.998489857 -0.019127829 -10.665410995 0.001419554 0.019080037 0.999816895 95.616706848
0.998640358 -0.052124791 -0.000601304 7.470723152 0.052102137 0.998438537 -0.020144239 -10.796397209 0.001650379 0.020085523 0.999796927 96.713958740
0.998643219 -0.052073762 -0.000100357 7.517354012 0.052062422 0.998462498 -0.019029908 -10.927809715 0.001091161 0.018998869 0.999818861 97.794166565
0.998660564 -0.051739730 0.000131162 7.570118904 0.051736735 0.998568475 -0.013575575 -11.050569534 0.000571422 0.013564180 0.999907851 98.880928040
0.998734355 -0.050276436 0.001390846 7.619547367 0.050288144 0.998681307 -0.010326902 -11.174410820 -0.000869812 0.010383775 0.999945700 99.946861267
0.998798788 -0.048886169 0.003320955 7.673633575 0.048918094 0.998749375 -0.010329348 -11.289817810 -0.002811839 0.010479397 0.999941111 100.999343872
0.998889983 -0.046815418 0.005195268 7.725619793 0.046874639 0.998829544 -0.011931488 -11.419734955 -0.004630609 0.012161771 0.999915302 102.059539795
0.998863399 -0.047060836 0.007572599 7.778635979 0.047167275 0.998781025 -0.014550583 -11.536786079 -0.006878606 0.014891221 0.999865413 103.074119568
0.998783112 -0.048459955 0.009152154 7.846074581 0.048592985 0.998707294 -0.014919991 -11.660080910 -0.008417299 0.015346565 0.999846756 104.083961487
0.998674035 -0.050341196 0.010760053 7.915730953 0.050489094 0.998627245 -0.013946208 -11.790239334 -0.010043213 0.014470983 0.999844790 105.092514038
0.998649001 -0.050484471 0.012299000 7.978503227 0.050635494 0.998641551 -0.012294085 -11.906190872 -0.011661632 0.012900243 0.999848723 106.052742004
0.998593688 -0.051232230 0.013636848 8.036664009 0.051384211 0.998617947 -0.011037821 -12.015890121 -0.013052512 0.011723017 0.999846041 107.013259888
0.998531103 -0.051950548 0.015386682 8.095172882 0.052131381 0.998572886 -0.011594317 -12.121490479 -0.014762392 0.012379416 0.999814451 107.932159424
0.998520434 -0.051565375 0.017262625 8.152179718 0.051736530 0.998614430 -0.009618663 -12.224888802 -0.016742716 0.010497540 0.999804854 108.838378906
0.998528361 -0.050779629 0.019045576 8.209802628 0.050930712 0.998673737 -0.007532759 -12.322958946 -0.018637808 0.008491674 0.999790311 109.709068298
0.998496532 -0.050918985 0.020295266 8.269170761 0.051017068 0.998688340 -0.004344744 -12.424442291 -0.020047417 0.005373616 0.999784589 110.561065674
0.998458028 -0.050937321 0.022066453 8.325929642 0.051044792 0.998686969 -0.004334333 -12.515735626 -0.021816703 0.005454026 0.999747157 111.387504578
0.998481691 -0.050047759 0.023010932 8.378943443 0.050144464 0.998735309 -0.003644870 -12.605915070 -0.022799410 0.004793207 0.999728501 112.200279236
0.998586833 -0.047745075 0.023334602 8.431072235 0.047835477 0.998849630 -0.003331101 -12.686336517 -0.023148717 0.004442616 0.999722064 112.982093811
0.998714983 -0.045298282 0.022723546 8.475040436 0.045316678 0.998972535 -0.000294833 -12.764267921 -0.022686845 0.001324209 0.999741733 113.737007141
0.998790681 -0.044992834 0.019820008 8.518606186 0.044984259 0.998987198 0.000878610 -12.852476120 -0.019839467 0.000014041 0.999803185 114.485855103
0.998896182 -0.045038950 0.013335085 8.553833008 0.045028616 0.998985112 0.001074300 -12.927767754 -0.013369938 -0.000472653 0.999910474 115.183677673
0.999051750 -0.043453891 0.002695963 8.581323624 0.043454327 0.999055386 -0.000103256 -13.003759384 -0.002688928 0.000220310 0.999996305 115.849891663
0.999120116 -0.040532514 -0.010775384 8.578413963 0.040501226 0.999174654 -0.003107015 -13.070815086 0.010892427 0.002667865 0.999937117 116.489723206
0.998780906 -0.039265782 -0.029914921 8.577946663 0.039117984 0.999219418 -0.005510443 -13.142525673 0.030107941 0.004333515 0.999537230 117.112297058
0.997918248 -0.037550993 -0.052431412 8.544884682 0.037191384 0.999277651 -0.007818024 -13.211877823 0.052687109 0.005851752 0.998593867 117.700355530
0.996124208 -0.036262661 -0.080134712 8.502935410 0.035614505 0.999320447 -0.009503376 -13.281219482 0.080424860 0.006612583 0.996738732 118.268608093
0.993134618 -0.033978589 -0.111933775 8.427204132 0.032873858 0.999390960 -0.011700999 -13.348658562 0.112263188 0.007940971 0.993646681 118.808341980
0.988594949 -0.029593207 -0.147662923 8.323419571 0.027964450 0.999523282 -0.013094580 -13.414492607 0.147980019 0.008815922 0.988951027 119.354049683
0.982266009 -0.023490869 -0.186015204 8.208581924 0.021554548 0.999690413 -0.012425315 -13.474450111 0.186249495 0.008195492 0.982468247 119.863296509
0.973598778 -0.018068863 -0.227550074 8.066286087 0.016090892 0.999814928 -0.010544675 -13.531579018 0.227698505 0.006604799 0.973709285 120.368827820
0.962213457 -0.013283091 -0.271972150 7.889577866 0.011272456 0.999896348 -0.008953871 -13.589812279 0.272062927 0.005549742 0.962263405 120.860008240
0.947846413 -0.007113535 -0.318648160 7.694320679 0.004294944 0.999945223 -0.009547198 -13.646038055 0.318698585 0.007680700 0.947825015 121.331176758
0.930215299 0.000588546 -0.367013872 7.466899872 -0.004688615 0.999936163 -0.010280022 -13.704557419 0.366984427 0.011283419 0.930158675 121.807693481
0.909131587 0.005272212 -0.416475475 7.208705902 -0.010787725 0.999882519 -0.010891088 -13.758614540 0.416369140 0.014394254 0.909081697 122.232612610
0.883903146 0.009464206 -0.467574179 6.940677643 -0.015882228 0.999825954 -0.009786239 -13.810458183 0.467400253 0.016076205 0.883899570 122.644874573
0.854816198 0.012599212 -0.518777907 6.653289795 -0.020536060 0.999743402 -0.009558186 -13.853691101 0.518524408 0.018824147 0.854855537 123.044822693
0.822996795 0.022217572 -0.567611337 6.327697754 -0.031184377 0.999495029 -0.006092710 -13.905881882 0.567189395 0.022714887 0.823274076 123.414550781
0.789219916 0.035454214 -0.613086462 5.972808838 -0.044680722 0.999001324 0.000254266 -13.943723679 0.612483084 0.027192475 0.790015757 123.767044067
0.752727568 0.044466447 -0.656828701 5.631439209 -0.055883206 0.998431027 0.003550161 -13.994243622 0.655955970 0.034033388 0.754031479 124.078308105
0.712696791 0.048414733 -0.699799538 5.265316010 -0.063148044 0.997992933 0.004733012 -14.040314674 0.698624015 0.040817764 0.714323640 124.375320435
0.670255899 0.050000392 -0.740443707 4.883495331 -0.065682948 0.997809112 0.007922907 -14.087519646 0.739217639 0.043324154 0.672071636 124.657577515
0.626499295 0.053343955 -0.777594388 4.469837189 -0.068948232 0.997537076 0.012881472 -14.120650291 0.776366413 0.045543522 0.628634214 124.921203613
0.581411839 0.062149089 -0.811232209 4.041976929 -0.080256440 0.996596396 0.018830022 -14.157131195 0.809641421 0.054158602 0.584420741 125.154205322
0.535709679 0.071187288 -0.841396153 3.602256775 -0.092032596 0.995426238 0.025622815 -14.181949615 0.839371920 0.063709497 0.539811015 125.357666016
0.488797784 0.076179028 -0.869064748 3.148788452 -0.097568467 0.994704008 0.032315589 -14.208080292 0.866923988 0.068997532 0.493641764 125.553512573
0.441682607 0.077367283 -0.893829286 2.682243347 -0.097208254 0.994536400 0.038049102 -14.228471756 0.891889572 0.070081957 0.446790159 125.736045837
0.394830704 0.079129621 -0.915339947 2.210231781 -0.094831206 0.994472802 0.045065220 -14.250328064 0.913846612 0.069009654 0.400152415 125.901039124
0.348606765 0.081594698 -0.933710694 1.718799591 -0.096415803 0.994040370 0.050869308 -14.270525932 0.932296753 0.072291084 0.354396224 126.047355652
0.305779994 0.085145287 -0.948287368 1.213874817 -0.101657398 0.993219495 0.056399740 -14.289506912 0.946659505 0.079154514 0.312362313 126.152679443
0.263483375 0.086775474 -0.960753083 0.687503815 -0.106718346 0.992454767 0.060371641 -14.309174538 0.958742797 0.086623065 0.270755768 126.261688232
0.224254563 0.083418742 -0.970953763 0.162555695 -0.107271381 0.992388308 0.060484536 -14.325588226 0.968608737 0.090591617 0.231496051 126.357673645
0.189449027 0.078185394 -0.978772759 -0.377655029 -0.102037027 0.992995262 0.059571449 -14.343281746 0.976574421 0.088585317 0.196099803 126.447135925
0.159340814 0.073052585 -0.984517038 -0.931138992 -0.099992119 0.993323982 0.057522684 -14.361098289 0.982146680 0.089278243 0.165581778 126.520790100
0.132192209 0.071550399 -0.988638341 -1.489564896 -0.099835955 0.993280530 0.058537167 -14.385292053 0.986183584 0.090963498 0.138447225 126.600532532
0.109982163 0.070878342 -0.991403222 -2.070770264 -0.100874171 0.993099749 0.059809089 -14.401992798 0.988801420 0.093429036 0.116373070 126.664962769
0.091909334 0.072120383 -0.993152201 -2.678030014 -0.103252172 0.992687702 0.062531374 -14.414035797 0.990399778 0.096797906 0.098683849 126.709236145
0.075514823 0.070689835 -0.994635820 -3.279973030 -0.104266711 0.992575526 0.062627256 -14.441370964 0.991678417 0.098978102 0.082324758 126.762367249
0.061914064 0.069565050 -0.995654225 -3.899278641 -0.103211492 0.992666185 0.062938154 -14.465188980 0.992730677 0.098866202 0.068639912 126.805725098
0.049222235 0.066887200 -0.996545672 -4.551945210 -0.097566202 0.993305385 0.061850633 -14.489664078 0.994011045 0.094184756 0.055418629 126.860633850
0.037158385 0.064226061 -0.997243345 -5.198951244 -0.095273815 0.993614435 0.060442340 -14.507314682 0.994757354 0.092765227 0.043040171 126.901664734
0.026310239 0.064032041 -0.997601032 -5.857985497 -0.094707854 0.993617356 0.061278578 -14.529181480 0.995157421 0.092868403 0.032206647 126.934402466
0.017368924 0.065542340 -0.997698665 -6.528785706 -0.098257996 0.993130982 0.063531719 -14.552163124 0.995009363 0.096928388 0.023689684 126.944496155
0.008868420 0.064733684 -0.997863173 -7.226665020 -0.101181969 0.992838800 0.063508481 -14.574131012 0.994828403 0.100402541 0.015354793 126.960746765
0.002436842 0.064159267 -0.997936726 -7.913839817 -0.103829578 0.992562115 0.063560165 -14.594980240 0.994592130 0.103460476 0.009080347 126.977226257
-0.003301830 0.065712892 -0.997833073 -8.607926369 -0.104508154 0.992351711 0.065697722 -14.619246483 0.994518578 0.104498617 0.003590955 126.994697571
-0.006739343 0.067632884 -0.997687519 -9.326724052 -0.105964541 0.992044389 0.067966126 -14.634155273 0.994347036 0.106177554 0.000480959 127.015899658
-0.007651967 0.070923381 -0.997452378 -10.045188904 -0.108280331 0.991557658 0.071334913 -14.652644157 0.994090974 0.108550340 0.000092239 127.027336121
-0.008491176 0.074508429 -0.997184336 -10.777975082 -0.111017868 0.990985155 0.074990563 -14.668746948 0.993782163 0.111342043 -0.000142864 127.033615112
-0.009967998 0.080314256 -0.996719778 -11.510248184 -0.116027907 0.989943504 0.080928594 -14.683083534 0.993195951 0.116454013 -0.000549063 127.047065735
-0.011304250 0.083896428 -0.996410310 -12.247683525 -0.118798599 0.989303887 0.084645830 -14.696130753 0.992854118 0.119329005 -0.001216562 127.063163757
-0.012635525 0.084502190 -0.996343255 -12.993986130 -0.118218742 0.989308059 0.085404754 -14.712470055 0.992907166 0.118865587 -0.002510684 127.075653076
-0.013785728 0.081203938 -0.996602178 -13.764848709 -0.116595797 0.989767015 0.082259826 -14.730979919 0.993083775 0.117333621 -0.004176623 127.091278076
-0.015676096 0.077977113 -0.996831894 -14.515335083 -0.120357119 0.989558220 0.079300866 -14.738374710 0.992606878 0.121218942 -0.006127308 127.104316711
-0.016670909 0.079483792 -0.996696770 -15.287797928 -0.125112429 0.988834739 0.080949463 -14.746658325 0.992002487 0.126048654 -0.006540363 127.102241516
-0.017966056 0.082587220 -0.996421874 -16.068037033 -0.122505702 0.988892019 0.084171958 -14.760918617 0.992305160 0.123579592 -0.007649084 127.112777710
-0.020414414 0.082650743 -0.996369421 -16.840648651 -0.121130578 0.989031434 0.084523857 -14.776773453 0.992426634 0.122416325 -0.010178965 127.129737854
-0.021123199 0.082129672 -0.996397734 -17.631050110 -0.124521203 0.988643825 0.084130317 -14.787732124 0.991992056 0.125849783 -0.010656435 127.125785828
-0.022052925 0.081735425 -0.996410191 -18.427009583 -0.128944054 0.988095641 0.083907239 -14.800105095 0.991406620 0.130331531 -0.011251101 127.136772156
-0.023331724 0.085821435 -0.996037364 -19.223865509 -0.130735934 0.987490773 0.088147484 -14.804556847 0.991142631 0.132274523 -0.011819921 127.144042969
-0.024213403 0.090806611 -0.995574176 -20.026844025 -0.129959106 0.987129569 0.093197122 -14.818947792 0.991223633 0.131640583 -0.012100620 127.158699036
-0.023027133 0.093145251 -0.995386243 -20.854974747 -0.131048724 0.986777842 0.095371358 -14.825307846 0.991108418 0.132640243 -0.010516100 127.167449951
-0.021166600 0.092161849 -0.995519042 -21.673410416 -0.130459368 0.986973703 0.094144575 -14.833578110 0.991227686 0.131867513 -0.008867501 127.176269531
-0.020216111 0.092154235 -0.995539427 -22.505279541 -0.130446762 0.986988127 0.094011582 -14.837577820 0.991249204 0.131765470 -0.007931837 127.188034058
-0.019902593 0.090914555 -0.995659769 -23.336452484 -0.128756821 0.987331390 0.092727855 -14.839457512 0.991476476 0.130043492 -0.007944585 127.206359863
-0.018897099 0.092986964 -0.995487928 -24.174098969 -0.129758999 0.987016916 0.094658859 -14.846469879 0.991365492 0.130962327 -0.006585860 127.221549988
-0.018698322 0.095037356 -0.995298088 -25.013784409 -0.131304264 0.986617029 0.096675195 -14.847762108 0.991165817 0.132494584 -0.005969271 127.240341187
-0.018475648 0.097563446 -0.995057821 -25.889478683 -0.134510979 0.985937476 0.099166758 -14.848585129 0.990739822 0.135678396 -0.005092476 127.247695923
-0.016889473 0.098652646 -0.994978666 -26.752384186 -0.136654899 0.985554576 0.100037925 -14.845355988 0.990474701 0.137658283 -0.003164132 127.258102417
-0.015409729 0.101722784 -0.994693518 -27.621500015 -0.143321916 0.984314024 0.102881663 -14.844729424 0.989556134 0.144146755 -0.000588909 127.273788452
-0.012770428 0.105602928 -0.994326293 -28.507293701 -0.148114458 0.983237803 0.106327526 -14.839384079 0.988887787 0.148631960 0.003084952 127.282096863
-0.010585299 0.107292943 -0.994171083 -29.382753372 -0.150551319 0.982722521 0.107660353 -14.832359314 0.988545537 0.150813401 0.005750680 127.309852600
-0.006681179 0.108189985 -0.994107783 -30.277860641 -0.149313122 0.982877314 0.107971273 -14.832799911 0.988767385 0.149154723 0.009587405 127.330162048
-0.004106647 0.108002476 -0.994142115 -31.169599533 -0.151868314 0.982551575 0.107370645 -14.825581551 0.988392115 0.151419610 0.012367161 127.357498169
-0.001717315 0.111986555 -0.993708193 -32.072147369 -0.152406648 0.982071817 0.110938556 -14.818220139 0.988316357 0.151638284 0.015380970 127.386978149
0.000751738 0.113775291 -0.993506372 -32.984687805 -0.151212499 0.982095361 0.112354137 -14.811798096 0.988501012 0.150146097 0.017942527 127.425430298
0.002532823 0.114876032 -0.993376672 -33.877323151 -0.151737973 0.981921136 0.113164440 -14.807159424 0.988417506 0.150446326 0.019918088 127.464736938
0.005169042 0.113050483 -0.993575871 -34.782413483 -0.153149307 0.981956840 0.110931732 -14.799516678 0.988189518 0.151592031 0.022389382 127.492729187
0.005454373 0.114466965 -0.993412077 -35.694850922 -0.157598779 0.981110215 0.112184174 -14.791214943 0.987488151 0.155948624 0.023391197 127.532669067
0.006611626 0.115190700 -0.993321419 -36.588924408 -0.158446133 0.980914891 0.112697355 -14.786705017 0.987345397 0.156642810 0.024736963 127.567268372
0.006771049 0.111385770 -0.993754148 -37.485145569 -0.158470064 0.981338382 0.108914353 -14.782684326 0.987340510 0.156742826 0.024296002 127.602912903
0.007571904 0.107315361 -0.994196177 -38.395359039 -0.159620464 0.981606185 0.104740687 -14.784027100 0.987149417 0.157900944 0.024562355 127.646591187
0.008084827 0.106479153 -0.994282067 -39.292316437 -0.159238532 0.981763482 0.103843711 -14.778285027 0.987206995 0.157488465 0.024892977 127.686958313
0.008042293 0.110504240 -0.993843079 -40.196975708 -0.161863506 0.980912209 0.107756644 -14.770984650 0.986780405 0.160000339 0.025775388 127.722518921
0.008220682 0.116956279 -0.993102968 -41.130004883 -0.162274957 0.980128288 0.114084989 -14.762876511 0.986711323 0.160217866 0.027036399 127.761543274
0.008389245 0.115565799 -0.993264377 -42.024963379 -0.160058558 0.980647564 0.112745956 -14.762413025 0.987071872 0.158034623 0.026724195 127.805473328
0.009374972 0.105332203 -0.994392872 -42.916019440 -0.159217820 0.981907129 0.102508545 -14.769143105 0.987198889 0.157364041 0.025976118 127.845405579
0.009774263 0.094691738 -0.995458782 -43.839424133 -0.161162153 0.982640803 0.091890022 -14.771308899 0.986879528 0.159532085 0.024865322 127.882225037
0.008750228 0.091691501 -0.995749056 -44.741916656 -0.158056408 0.983396113 0.089165069 -14.779609680 0.987391233 0.156604335 0.023097372 127.925392151
0.008518791 0.101735666 -0.994774997 -45.664352417 -0.150473431 0.983613789 0.099305637 -14.782445908 0.988577425 0.148841232 0.023687713 127.974388123
0.008600408 0.115020007 -0.993325949 -46.613578796 -0.145827010 0.982887208 0.112548679 -14.779924393 0.989272654 0.143885776 0.025226258 128.032302856
0.008801140 0.124228843 -0.992214561 -47.534748077 -0.145929813 0.981789529 0.121629164 -14.771493912 0.989255786 0.143723205 0.026769558 128.076629639
0.008736013 0.118320771 -0.992937088 -48.451316833 -0.146277085 0.982444465 0.115783483 -14.766674042 0.989205062 0.144232437 0.025890267 128.114776611
0.008826046 0.104609832 -0.994474113 -49.383869171 -0.145949855 0.983997524 0.102212451 -14.763044357 0.989252627 0.144241214 0.023952600 128.152938843
0.009390652 0.095812216 -0.995355248 -50.300029755 -0.146391243 0.984806120 0.093415655 -14.762926102 0.989182234 0.144834012 0.023274042 128.195556641
0.009839579 0.095848337 -0.995347321 -51.233818054 -0.145296931 0.984968424 0.093412556 -14.769845963 0.989339173 0.143701777 0.023618145 128.238372803
0.009374439 0.097238161 -0.995216966 -52.184329987 -0.148794919 0.984316230 0.094771534 -14.785801888 0.988823652 0.147194803 0.023695961 128.275833130
0.010056715 0.096718296 -0.995260894 -53.112850189 -0.153326556 0.983690321 0.094044566 -14.787850380 0.988124430 0.151654139 0.024722178 128.307113647
0.010468884 0.096188784 -0.995307982 -54.053134918 -0.154961810 0.983493805 0.093417093 -14.792176247 0.987865031 0.153256789 0.025201667 128.347946167
0.011037980 0.103921354 -0.994524240 -55.014297485 -0.163684845 0.981356680 0.100728735 -14.794094086 0.986450911 0.161676705 0.027842548 128.388992310
0.013058922 0.113092847 -0.993498623 -55.965744019 -0.170075879 0.979356527 0.109247476 -14.781756401 0.985344410 0.167543486 0.032023706 128.416183472
0.014288698 0.121332280 -0.992509186 -56.910945892 -0.170406520 0.978384912 0.117152371 -14.774364471 0.985270262 0.167456061 0.034655660 128.459960938
0.015172246 0.122201979 -0.992389262 -57.853645325 -0.171849221 0.978053570 0.117809363 -14.767618179 0.985006392 0.168753862 0.035839580 128.503997803
0.016569549 0.112509310 -0.993512571 -58.791503906 -0.173496023 0.978899240 0.107960925 -14.762359619 0.984695137 0.170581624 0.035739835 128.555557251
0.017313074 0.107496805 -0.994054675 -59.777019501 -0.171840698 0.979730248 0.102954850 -14.763595581 0.984972537 0.169036612 0.035434466 128.623306274
0.019561442 0.105927214 -0.994181454 -60.730831146 -0.170626864 0.980138063 0.101073667 -14.759794235 0.985141575 0.167656913 0.037246946 128.674652100
0.023066161 0.111806549 -0.993462324 -61.691577911 -0.171708584 0.979402840 0.106237538 -14.754806519 0.984877706 0.168135509 0.041789204 128.727920532
0.026551899 0.114174575 -0.993105829 -62.673328400 -0.174703613 0.978696883 0.107847102 -14.762523651 0.984263003 0.170635626 0.045932971 128.776489258
0.030573519 0.108953945 -0.993576527 -63.620315552 -0.174512014 0.979355156 0.102024511 -14.760580063 0.984180272 0.170271784 0.048956115 128.840621948
0.033855017 0.103165194 -0.994087875 -64.571624756 -0.174415842 0.980004251 0.095763646 -14.766311646 0.984089851 0.170142591 0.051171705 128.905410767
0.037528176 0.103169963 -0.993955493 -65.536712646 -0.171833381 0.980506897 0.095286213 -14.770809174 0.984410942 0.167218819 0.054524679 128.970199585
0.039833412 0.107419737 -0.993415415 -66.501716614 -0.169476062 0.980525970 0.099230424 -14.779104233 0.984728932 0.164407447 0.057262775 129.052032471
0.043038402 0.114227541 -0.992522061 -67.473564148 -0.169203013 0.979924798 0.105440676 -14.781505585 0.984641075 0.163399711 0.061502039 129.136810303
0.046735849 0.117883623 -0.991927028 -68.429557800 -0.167044535 0.979951203 0.108589888 -14.779832840 0.984840989 0.160620943 0.065490663 129.208801270
0.048367474 0.119731180 -0.991627514 -69.394943237 -0.166536048 0.979859471 0.110187329 -14.782516479 0.984848440 0.159812212 0.067332871 129.295043945
0.050020717 0.117167249 -0.991851747 -70.350021362 -0.164676875 0.980470002 0.107517801 -14.780717850 0.985078335 0.157956943 0.068338551 129.380126953
0.049998306 0.115252882 -0.992077053 -71.312240601 -0.162083849 0.981087983 0.105807610 -14.783396721 0.985509515 0.155509472 0.067733362 129.474166870
0.050241955 0.111541584 -0.992488921 -72.254592896 -0.159004152 0.981962621 0.102309436 -14.791464806 0.985998631 0.152669653 0.067071304 129.564376831
0.050373085 0.111734636 -0.992460489 -73.224891663 -0.158175856 0.982072651 0.102536790 -14.789692879 0.986125231 0.151818216 0.067143746 129.640472412
0.049302809 0.116141438 -0.992008209 -74.179061890 -0.154562667 0.982138634 0.107304156 -14.790871620 0.986752033 0.148037076 0.066373326 129.739776611
0.049227666 0.117484212 -0.991853893 -75.148178101 -0.148688614 0.982854128 0.109038509 -14.787648201 0.987657964 0.142109662 0.065852173 129.825790405
0.048218720 0.113743737 -0.992339373 -76.098281860 -0.145737305 0.983664095 0.105667844 -14.784991264 0.988147557 0.139525712 0.064007729 129.909027100
0.046855111 0.110178411 -0.992806792 -77.045799255 -0.147292688 0.983796000 0.102227002 -14.788071632 0.987982512 0.141443312 0.062324349 129.988418579
0.045882404 0.105898075 -0.993317962 -78.031112671 -0.143757552 0.984714687 0.098340578 -14.782412529 0.988548756 0.138284832 0.060404725 130.056823730
0.044897184 0.107639402 -0.993175745 -78.958930969 -0.144297510 0.984451115 0.100170754 -14.792834282 0.988515317 0.138815373 0.059731178 130.118972778
0.043604255 0.108924784 -0.993093193 -79.907112122 -0.144704983 0.984244764 0.101600625 -14.793624878 0.988513589 0.139275298 0.058679216 130.198867798
0.043138199 0.110288732 -0.992962956 -80.878181458 -0.147401899 0.983713806 0.102857716 -14.802521706 0.988135457 0.141927570 0.058692422 130.256561279
0.041411966 0.110026225 -0.993065596 -81.827011108 -0.147104710 0.983758032 0.102860563 -14.794062614 0.988253593 0.141824991 0.056924738 130.330902100
0.039345499 0.110651210 -0.993080139 -82.780342102 -0.147280738 0.983636856 0.103763804 -14.795747757 0.988311887 0.142178953 0.054998476 130.399353027
0.037338894 0.113814354 -0.992800176 -83.726287842 -0.147066429 0.983300984 0.107194252 -14.797243118 0.988421679 0.142005056 0.053453635 130.471008301
0.035628788 0.117489308 -0.992434800 -84.688125610 -0.148565993 0.982653379 0.110997759 -14.786727905 0.988260448 0.143487349 0.052465662 130.522583008
0.033394817 0.122057118 -0.991961181 -85.638374329 -0.149622977 0.981940091 0.115786962 -14.773206711 0.988178968 0.144553483 0.051054262 130.586395264
0.031568900 0.122342043 -0.991985857 -86.585166931 -0.149746165 0.981857419 0.116327412 -14.771980286 0.988220334 0.144873738 0.049316414 130.648208618
0.030101752 0.116468981 -0.992738008 -87.526245117 -0.150060385 0.982458353 0.110712826 -14.761824608 0.988218486 0.145638004 0.047051091 130.713653564
0.027847204 0.112070337 -0.993310034 -88.464645386 -0.154811099 0.982189596 0.106475592 -14.754920006 0.987551630 0.150810376 0.044700973 130.773056030
0.027749661 0.109575897 -0.993591130 -89.442443848 -0.153316557 0.982679605 0.104090653 -14.744485855 0.987787426 0.149445444 0.044068821 130.814224243
0.026733555 0.110638820 -0.993501067 -90.391838074 -0.149188429 0.983167410 0.105473608 -14.749019623 0.988447309 0.145399228 0.042789593 130.875671387
0.026494335 0.111867718 -0.993369997 -91.344955444 -0.145750493 0.983531952 0.106872492 -14.744733810 0.988966525 0.141952634 0.042362802 130.932586670
0.025222464 0.111934304 -0.993395448 -92.290573120 -0.140862241 0.984195054 0.107321113 -14.747430801 0.989707887 0.137225002 0.040591139 130.998489380
0.023974802 0.109315149 -0.993717968 -93.240844727 -0.136333063 0.985074818 0.105075158 -14.752639771 0.990373015 0.132957429 0.038520250 131.059936523
0.022996934 0.105971053 -0.994103253 -94.181991577 -0.130975574 0.986115158 0.102089629 -14.754451752 0.991118789 0.127855495 0.036557246 131.123367310
0.021963563 0.108338028 -0.993871450 -95.148353577 -0.130225018 0.985951722 0.104596920 -14.758456230 0.991241097 0.127129599 0.035763346 131.179000854
0.020143243 0.111038148 -0.993611991 -96.096374512 -0.129312009 0.985755444 0.107538663 -14.762131691 0.991399348 0.126319781 0.034214877 131.241836548
0.018348146 0.109210923 -0.993849277 -97.046493530 -0.124831334 0.986488938 0.106097534 -14.761482239 0.992008328 0.122116841 0.031733189 131.298278809
0.015884522 0.105250388 -0.994318843 -98.003250122 -0.122370631 0.987173319 0.102539115 -14.751682281 0.992357373 0.120046653 0.028560329 131.349060059
0.012906770 0.102926843 -0.994605243 -98.968864441 -0.121238798 0.987510383 0.100619368 -14.755166054 0.992539406 0.119286060 0.025224298 131.394866943
0.010402184 0.102233335 -0.994706035 -99.910629272 -0.115448236 0.988230407 0.100360475 -14.772928238 0.993259013 0.113793075 0.022082411 131.448211670
0.007688443 0.103716865 -0.994577169 -100.862609863 -0.108789019 0.988789856 0.102272362 -14.777610779 0.994035065 0.107412770 0.018885508 131.499862671
0.005424611 0.110443637 -0.993867576 -101.841285706 -0.099010408 0.989057779 0.109368756 -14.768129349 0.995071530 0.097809963 0.016300324 131.555953979
0.002724791 0.117875054 -0.993024707 -102.804901123 -0.090522811 0.988980412 0.117146589 -14.756906509 0.995890617 0.089572199 0.013365148 131.611175537
-0.001032362 0.116678111 -0.993169248 -103.752761841 -0.085814893 0.989495695 0.116335757 -14.745148659 0.996310592 0.085348815 0.008991202 131.668151855
-0.002809813 0.108113848 -0.994134545 -104.717567444 -0.087644652 0.990286052 0.107943051 -14.757777214 0.996147871 0.087433882 0.006693082 131.687500000
-0.004421507 0.097947896 -0.995181739 -105.669624329 -0.089796320 0.991132081 0.097948261 -14.754886627 0.995950341 0.089796729 0.004413062 131.715850830
-0.005281189 0.098878369 -0.995085478 -106.628005981 -0.096274979 0.990426540 0.098926388 -14.746771812 0.995340705 0.096324280 0.004288883 131.736373901
-0.006067574 0.109316930 -0.993988335 -107.581565857 -0.100093305 0.988948286 0.109373614 -14.745889664 0.994959593 0.100155205 0.004941374 131.770782471
-0.007163709 0.120117143 -0.992733836 -108.565170288 -0.104607068 0.987222433 0.120205112 -14.729010582 0.994487822 0.104708090 0.005492925 131.794448853
-0.008395548 0.121339679 -0.992575467 -109.521263123 -0.111493565 0.986307740 0.121516511 -14.710933685 0.993729711 0.111685969 0.005248001 131.816833496
-0.008587729 0.119340815 -0.992816210 -110.485862732 -0.119199254 0.985651433 0.119510636 -14.700469017 0.992833197 0.119369261 0.005760828 131.836608887
-0.008058159 0.115471683 -0.993278027 -111.443634033 -0.127346531 0.985104144 0.115554549 -14.686965942 0.991825581 0.127421662 0.006766794 131.853469849
-0.006027008 0.116759010 -0.993142009 -112.405952454 -0.131666496 0.984420776 0.116532721 -14.665593147 0.991275728 0.131465882 0.009440137 131.881500244
-0.005410188 0.118812151 -0.992901981 -113.369682312 -0.139795780 0.983076274 0.118398122 -14.653666496 0.990165472 0.139444068 0.011290812 131.905029297
-0.004436392 0.121546760 -0.992575705 -114.333595276 -0.148950055 0.981432498 0.120847940 -14.637280464 0.988834739 0.148380339 0.013750378 131.923248291
-0.004022040 0.123379722 -0.992351353 -115.318099976 -0.155195862 0.980258465 0.122505218 -14.612288475 0.987875521 0.154501557 0.015205387 131.944290161
-0.003496846 0.122803159 -0.992424905 -116.279563904 -0.158793926 0.979770303 0.121796794 -14.597251892 0.987305522 0.158016965 0.016074292 131.970520020
-0.001952871 0.113115758 -0.993579924 -117.234008789 -0.157228798 0.981189013 0.112014152 -14.600170135 0.987560213 0.156438127 0.015868923 132.001312256
-0.000860503 0.101881497 -0.994796216 -118.185630798 -0.160440013 0.981895447 0.100699067 -14.594622612 0.987045169 0.159691721 0.015500942 132.034286499
