1.000000000 0.000000000 0.000000000 0.000000000 0.000000000 1.000000000 0.000000000 0.000000000 0.000000000 0.000000000 1.000000000 0.000000000
0.999997795 -0.001583318 -0.001362894 0.049985524 0.001580389 0.999996424 -0.002147204 -0.132698298 0.001366289 0.002145045 0.999996781 1.297536016
0.999997556 0.000004495 -0.002218499 0.105848283 -0.000018890 0.999978900 -0.006488439 -0.266047955 0.002218423 0.006488465 0.999976516 2.604975939
0.999996006 0.002438687 -0.001429420 0.149860337 -0.002449895 0.999965787 -0.007892574 -0.406093866 0.001410124 0.007896043 0.999967813 3.908220053
0.999983490 0.005746004 0.000097532 0.195048675 -0.005745234 0.999961734 -0.006605762 -0.544492602 -0.000135485 0.006605092 0.999978185 5.220378399
0.999975741 0.006540667 0.002388590 0.242581710 -0.006532629 0.999972999 -0.003357123 -0.688599944 -0.002410483 0.003341438 0.999991536 6.540259838
0.999959290 0.006870314 0.005846279 0.296897382 -0.006858520 0.999974430 -0.002035066 -0.826148748 -0.005860111 0.001994886 0.999980927 7.843099117
0.999943852 0.005301982 0.009175438 0.353191435 -0.005283676 0.999984026 -0.002018210 -0.959329903 -0.009185993 0.001969617 0.999955893 9.146489143
0.999913573 0.003979651 0.012531551 0.431455612 -0.003954853 0.999990225 -0.002002994 -1.096109152 -0.012539399 0.001953260 0.999919474 10.445068359
0.999869585 0.002800109 0.015905477 0.496391058 -0.002757752 0.999992609 -0.002684351 -1.233097672 -0.015912879 0.002640137 0.999869883 11.752881050
0.999813199 0.001594668 0.019256353 0.574855745 -0.001528834 0.999992907 -0.003433090 -1.369359016 -0.019261690 0.003403009 0.999808669 13.044422150
0.999743462 0.001597608 0.022590715 0.642763019 -0.001518582 0.999992609 -0.003514870 -1.516928434 -0.022596167 0.003479663 0.999738634 14.373133659
0.999662519 0.001534240 0.025930237 0.727040529 -0.001415759 0.999988437 -0.004586978 -1.655394197 -0.025936972 0.004548719 0.999653339 15.670125961
0.999573469 0.002336747 0.029109640 0.807537973 -0.002205452 0.999987245 -0.004541649 -1.793084860 -0.029119885 0.004475512 0.999565899 16.965957642
0.999472082 0.001912501 0.032433063 0.896378398 -0.001781039 0.999990046 -0.004081720 -1.933299541 -0.032440551 0.004021801 0.999465585 18.252550125
0.999400616 0.000444464 0.034618244 0.992455006 -0.000314947 0.999992907 -0.003746656 -2.076761723 -0.034619659 0.003733507 0.999393582 19.551362991
0.999338865 -0.002055425 0.036298960 1.089087963 0.002238491 0.999984920 -0.005003350 -2.217654943 -0.036288131 0.005081297 0.999328434 20.828681946
0.999301314 -0.001789427 0.037331618 1.187965274 0.002045688 0.999974608 -0.006827389 -2.358298063 -0.037318461 0.006898988 0.999279618 22.135158539
0.999258041 -0.001707760 0.038475208 1.271791101 0.002081152 0.999951124 -0.009666784 -2.501328707 -0.038456820 0.009739685 0.999212861 23.426359177
0.999214768 -0.001356373 0.039598126 1.374582291 0.001792616 0.999938071 -0.010983340 -2.643359900 -0.039580774 0.011045701 0.999155343 24.701686859
0.999181867 -0.000520736 0.040439706 1.477125645 0.000994204 0.999931157 -0.011688759 -2.791063786 -0.040430829 0.011719400 0.999113619 25.971479416
0.999152541 -0.002275274 0.041097749 1.574162722 0.002711450 0.999940574 -0.010560533 -2.937332869 -0.041071285 0.010663019 0.999099314 27.263311386
0.999153733 -0.005306672 0.040787507 1.680825949 0.005694705 0.999939561 -0.009403205 -3.082886219 -0.040735140 0.009627520 0.999123573 28.540599823
0.999175370 -0.006715843 0.040043171 1.776011229 0.007118835 0.999925315 -0.009929841 -3.229201794 -0.039973497 0.010206715 0.999148607 29.831155777
0.999194503 -0.008256231 0.039268233 1.880231023 0.008751630 0.999884129 -0.012460606 -3.376536369 -0.039160799 0.012794232 0.999151051 31.099172592
0.999220967 -0.008571909 0.038522869 1.987151384 0.009064763 0.999879062 -0.012637344 -3.522006512 -0.038409881 0.012976701 0.999177814 32.379539490
0.999241173 -0.009199463 0.037847441 2.087892532 0.009702014 0.999866903 -0.013116156 -3.664651632 -0.037721738 0.013473400 0.999197483 33.651912689
0.999250174 -0.009734481 0.037475146 2.181247711 0.010229287 0.999862731 -0.013034608 -3.812144518 -0.037343115 0.013408178 0.999212563 34.914478302
0.999256372 -0.010082506 0.037218027 2.273232460 0.010602274 0.999848604 -0.013794681 -3.953516245 -0.037073303 0.014179016 0.999211967 36.174190521
0.999306619 -0.010894781 0.035602979 2.389592171 0.011390395 0.999840617 -0.013747517 -4.113646030 -0.035447523 0.014143515 0.999271452 37.463310242
0.999299526 -0.010507900 0.035915993 2.475885868 0.010951801 0.999865890 -0.012185145 -4.257646561 -0.035783134 0.012569955 0.999280512 38.727577209
0.999273539 -0.010555477 0.036619116 2.583809376 0.010958671 0.999881327 -0.010827280 -4.401430607 -0.036500484 0.011220711 0.999270618 39.991661072
0.999182940 -0.012368346 0.038475566 2.688435078 0.012715853 0.999880433 -0.008800318 -4.548758030 -0.038362116 0.009282378 0.999220788 41.239955902
0.999088645 -0.013442591 0.040511109 2.795453072 0.013874795 0.999849558 -0.010406578 -4.687662601 -0.040365130 0.010959178 0.999124825 42.505405426
0.998969376 -0.014741580 0.042927805 2.891956091 0.015343072 0.999788165 -0.013716111 -4.835195065 -0.042716511 0.014360620 0.998983920 43.753353119
0.998864055 -0.015964521 0.044897210 2.998768091 0.016633926 0.999755383 -0.014575844 -4.985941410 -0.044653535 0.015306101 0.998885274 45.017238617
0.998751879 -0.016156467 0.047261812 3.129088402 0.016807158 0.999768913 -0.013402904 -5.119396687 -0.047034349 0.014180514 0.998792529 46.254756927
0.998552620 -0.017335735 0.050912753 3.243061066 0.017873317 0.999789119 -0.010122672 -5.271598339 -0.050726525 0.011018001 0.998651803 47.521121979
0.998279214 -0.020288320 0.055017218 3.353811741 0.020750677 0.999753892 -0.007845639 -5.413331985 -0.054844499 0.008973783 0.998454571 48.744190216
0.998053253 -0.022289747 0.058248159 3.492236376 0.022817297 0.999704242 -0.008407486 -5.552982807 -0.058043543 0.009720183 0.998266757 50.004188538
0.997786760 -0.025644787 0.061350867 3.636437893 0.026452493 0.999573290 -0.012389404 -5.686064720 -0.061006971 0.013984866 0.998039305 51.236473083
0.997508168 -0.027159326 0.065114327 3.774537086 0.028009824 0.999533355 -0.012184437 -5.827248096 -0.064753026 0.013977916 0.997803390 52.466503143
0.997155368 -0.029617332 0.069310747 3.902123928 0.030359928 0.999492228 -0.009685075 -5.967528343 -0.068988703 0.011761796 0.997548044 53.685253143
0.996883750 -0.032526746 0.071866594 4.064190388 0.033063039 0.999433517 -0.006284999 -6.100361347 -0.071621448 0.008641542 0.997394323 54.880962372
0.996625364 -0.034894139 0.074298270 4.195266724 0.035351295 0.999363184 -0.004846334 -6.235313416 -0.074081853 0.007456519 0.997224271 56.132110596
0.996437967 -0.037845179 0.075359263 4.348510265 0.038066130 0.999274075 -0.001497235 -6.361418724 -0.075247899 0.004360537 0.997155309 57.338871002
0.996269941 -0.040752735 0.076061927 4.493320465 0.040906645 0.999162853 -0.000466096 -6.484691143 -0.075979255 0.003575797 0.997102976 58.555450439
0.996218920 -0.042644154 0.075692482 4.637853622 0.043042414 0.999066651 -0.003637343 -6.609313965 -0.075466722 0.006881577 0.997124553 59.748775482
0.996240258 -0.043974873 0.074643254 4.791913033 0.044685595 0.998970032 -0.007877573 -6.739893913 -0.074219950 0.011183434 0.997179151 60.951095581
0.996242464 -0.045345262 0.073790073 4.928351879 0.046351381 0.998853326 -0.011979103 -6.869820118 -0.073162265 0.015354363 0.997201800 62.132850647
0.996274531 -0.047728065 0.071826957 5.080632687 0.048859116 0.998706639 -0.014072289 -7.008701324 -0.071062408 0.017529266 0.997317851 63.351524353
0.996406794 -0.047621556 0.070041999 5.213174343 0.048714809 0.998714805 -0.013983048 -7.143140793 -0.069286101 0.017344883 0.997446060 64.528800964
0.996649206 -0.046730086 0.067131609 5.346266747 0.047737807 0.998768866 -0.013485228 -7.286563873 -0.066418797 0.016644757 0.997653008 65.746635437
0.996874452 -0.046023436 0.064211383 5.465506554 0.046868686 0.998832345 -0.011719174 -7.416245461 -0.063597046 0.014692048 0.997867525 66.922042847
0.997287691 -0.042246599 0.060270213 5.587922096 0.042794157 0.999053299 -0.007822788 -7.556147099 -0.059882659 0.010380783 0.998151422 68.122100830
0.997571170 -0.040204965 0.056880269 5.705872536 0.040600158 0.999158621 -0.005808845 -7.680520535 -0.056598864 0.008104085 0.998364031 69.305320740
0.997766972 -0.039228451 0.054057207 5.811318398 0.039755479 0.999171495 -0.008708363 -7.817252159 -0.053670801 0.010837987 0.998499811 70.471328735
0.997958124 -0.039212003 0.050417736 5.923599243 0.040050432 0.999073863 -0.015727786 -7.954717159 -0.049754329 0.017714925 0.998604298 71.659271240
0.997958302 -0.043079399 0.047152102 6.028259277 0.043994032 0.998859763 -0.018534064 -8.091762543 -0.046299897 0.020570634 0.998715699 72.830619812
0.997979224 -0.047004003 0.042756177 6.138799667 0.047625974 0.998772025 -0.013645811 -8.232247353 -0.042062260 0.015654540 0.998992324 74.004356384
0.997962534 -0.050850458 0.038532671 6.240737915 0.051212385 0.998651862 -0.008464013 -8.361679077 -0.038050331 0.010420120 0.999221444 75.165855408
0.998010933 -0.053023160 0.034098968 6.336832047 0.053259820 0.998562157 -0.006069032 -8.486127853 -0.033728153 0.007873065 0.999399960 76.351501465
0.998188078 -0.052210502 0.029910367 6.426171303 0.052336153 0.998623550 -0.003433133 -8.612659454 -0.029689947 0.004992305 0.999546647 77.509429932
0.998313844 -0.052005570 0.025785090 6.522647858 0.052117467 0.998634160 -0.003686533 -8.725596428 -0.025558155 0.005024171 0.999660671 78.666618347
0.998446465 -0.050609615 0.023309983 6.579605579 0.050749842 0.998696387 -0.005463423 -8.858230591 -0.023003098 0.006637912 0.999713302 79.831878662
0.998632133 -0.048268855 0.020100135 6.652939320 0.048482075 0.998771310 -0.010258595 -8.988686562 -0.019580266 0.011219058 0.999745309 80.975921631
0.998532832 -0.051702294 0.016100917 6.737779140 0.051943313 0.998538494 -0.014928616 -9.129028320 -0.015305542 0.015743047 0.999758840 82.135284424
0.998389602 -0.054995600 0.013911347 6.786710739 0.055218305 0.998343408 -0.016165696 -9.258211136 -0.012999258 0.016907830 0.999772549 83.264907837
0.998421669 -0.055237826 0.010148337 6.854024887 0.055364221 0.998386323 -0.012626680 -9.388359070 -0.009434490 0.013168608 0.999868751 84.403213501
0.998431206 -0.055525426 0.007224270 6.924062729 0.055597533 0.998401284 -0.010196136 -9.517671585 -0.006646575 0.010581791 0.999921858 85.536537170
0.998552680 -0.053403981 0.006366662 6.963470936 0.053476971 0.998498082 -0.011905435 -9.646606445 -0.005721302 0.012228675 0.999908805 86.681190491
0.998742223 -0.049754914 0.006202283 7.012382030 0.049843803 0.998642683 -0.015112190 -9.773798943 -0.005441959 0.015402327 0.999866605 87.801040649
0.998814702 -0.048407905 0.005089466 7.075001717 0.048491310 0.998665154 -0.017790036 -9.901902199 -0.004221495 0.018015746 0.999828756 88.895652771
0.998776197 -0.049261577 0.004398787 7.113294125 0.049333896 0.998616278 -0.018213339 -10.046073914 -0.003495483 0.018408058 0.999824464 90.050338745
0.998719990 -0.050492138 0.002949923 7.166292191 0.050532117 0.998600960 -0.015577320 -10.176410675 -0.002159264 0.015706446 0.999874353 91.164512634
0.998672903 -0.051432740 0.002633833 7.213103771 0.051462531 0.998591840 -0.012882166 -10.307287216 -0.001967559 0.013000613 0.999913573 92.278839111
0.998686790 -0.051204141 0.001681752 7.278622150 0.051221076 0.998610675 -0.012370005 -10.430973053 -0.001046020 0.012439902 0.999922037 93.434173584
0.998656094 -0.051792525 0.001869544 7.322886467 0.051814444 0.998548925 -0.014675285 -10.557096481 -0.001106761 0.014752433 0.999890566 94.542800903
0.998641610 -0.052094691 0.000970593 7.387727261 0.052103724 0.998469174 -0.018557128 -10.685846329 -0.000002380 0.018582491 0.999827385 95.650177002
0.998638093 -0.052155819 0.001315332 7.425239086 0.052171584 0.998446703 -0.019552756 -10.821574211 -0.000293499 0.019594753 0.999807954 96.744049072
0.998594880 -0.052984178 0.001006312 7.483539104 0.052993696 0.998437107 -0.017750807 -10.955174446 -0.000064227 0.017779190 0.999841928 97.829612732
0.998651862 -0.051869735 0.001975311 7.526978493 0.051890727 0.998571932 -0.012707191 -11.075834274 -0.001313371 0.012792558 0.999917328 98.912109375
0.998737216 -0.050129548 0.003301908 7.577946663 0.050158121 0.998698652 -0.009229595 -11.196684837 -0.002834936 0.009383559 0.999951899 99.981506348
0.998835027 -0.047958195 0.005347108 7.621793270 0.048006088 0.998804450 -0.009219415 -11.317500114 -0.004898569 0.009465368 0.999943197 101.042396545
0.998914301 -0.045992821 0.007408807 7.673776150 0.046072427 0.998878002 -0.010959100 -11.439925194 -0.006896456 0.011288545 0.999912441 102.079322815
0.998876452 -0.046305019 0.010085949 7.724256516 0.046436027 0.998834491 -0.013167068 -11.563416481 -0.009464491 0.013620624 0.999862432 103.099853516
0.998785675 -0.047765166 0.012071336 7.770750999 0.047938108 0.998745441 -0.014467823 -11.673587799 -0.011365134 0.015028932 0.999822438 104.110534668
0.998680711 -0.049430698 0.013907134 7.833192825 0.049623284 0.998671770 -0.013861736 -11.786815643 -0.013203467 0.014533566 0.999807179 105.094657898
0.998635232 -0.049778957 0.015798144 7.889946938 0.049972758 0.998677015 -0.012119308 -11.907184601 -0.015173959 0.012892245 0.999801695 106.066131592
0.998570502 -0.050784398 0.016671686 7.964781284 0.050966430 0.998643279 -0.010681002 -12.015020370 -0.016106639 0.011515432 0.999803960 107.002952576
0.998502314 -0.051291212 0.019040372 8.016400337 0.051505011 0.998613119 -0.010913172 -12.124287605 -0.018454216 0.011877500 0.999759197 107.920082092
0.998491466 -0.051002756 0.020335227 8.080084801 0.051201824 0.998644114 -0.009390984 -12.222733498 -0.019828690 0.010418016 0.999749124 108.820373535
0.998495996 -0.050062407 0.022351172 8.137145996 0.050238233 0.998709977 -0.007375553 -12.320253372 -0.021953100 0.008487342 0.999723017 109.690376282
0.998453498 -0.050421041 0.023413466 8.202007294 0.050525609 0.998715103 -0.003896042 -12.424955368 -0.023186944 0.005072996 0.999718189 110.542877197
0.998419166 -0.050344735 0.024990989 8.263220787 0.050459649 0.998718143 -0.003989001 -12.515640259 -0.024758123 0.005243732 0.999679685 111.367431641
0.998433173 -0.049516346 0.026068129 8.314748764 0.049612645 0.998763859 -0.003059757 -12.605505943 -0.025884395 0.004348272 0.999655485 112.173622131
0.998534918 -0.047168873 0.026516644 8.367318153 0.047258072 0.998878956 -0.002747439 -12.686172485 -0.026357321 0.003996540 0.999644578 112.953094482
0.998659432 -0.044853751 0.025836661 8.414272308 0.044858467 0.998993278 0.000397335 -12.765164375 -0.025828470 0.000762190 0.999666095 113.704666138
0.998742163 -0.044573594 0.022964004 8.455768585 0.044551492 0.999005973 0.001473489 -12.850020409 -0.023006853 -0.000448555 0.999735236 114.448196411
0.998868227 -0.044559006 0.016631106 8.492657661 0.044540212 0.999006391 0.001499040 -12.923602104 -0.016681373 -0.000756590 0.999860644 115.144813538
0.999048591 -0.043164898 0.006214129 8.521229744 0.043162573 0.999067903 0.000506959 -13.000259399 -0.006230218 -0.000238259 0.999980628 115.814353943
0.999157012 -0.040406581 -0.007253736 8.520519257 0.040390044 0.999180973 -0.002413140 -13.067896843 0.007345308 0.002118127 0.999970794 116.445808411
0.998889208 -0.038846392 -0.026674621 8.523200989 0.038732048 0.999238253 -0.004789942 -13.137775421 0.026840372 0.003751459 0.999632716 117.075401306
0.998122871 -0.037054073 -0.048761088 8.486335754 0.036741421 0.999298215 -0.007293004 -13.205265999 0.048997104 0.005487762 0.998783946 117.660758972
0.996423185 -0.035679463 -0.076601587 8.448783875 0.035101686 0.999344230 -0.008876340 -13.274631500 0.076868057 0.006155748 0.997022331 118.230529785
0.993468642 -0.033466291 -0.109087080 8.381167412 0.032434639 0.999410868 -0.011218345 -13.339115143 0.109398253 0.007606874 0.993968964 118.777130127
0.989156544 -0.028681967 -0.144036382 8.270339966 0.027157141 0.999552488 -0.012541730 -13.403886795 0.144331634 0.008494118 0.989492953 119.313354492
0.982885718 -0.022988655 -0.182776913 8.163967133 0.021172658 0.999705255 -0.011881059 -13.465912819 0.182996184 0.007807851 0.983082592 119.827835083
0.974380493 -0.017572716 -0.224217787 8.021970749 0.015775396 0.999827445 -0.009804968 -13.523828506 0.224351406 0.006016647 0.974489689 120.329727173
0.963109374 -0.012889991 -0.268801332 7.848733902 0.011081490 0.999904633 -0.008244284 -13.582035065 0.268881977 0.004961428 0.963160336 120.825508118
0.949002624 -0.006559042 -0.315199912 7.656333923 0.003964368 0.999952853 -0.008872261 -13.637187958 0.315243304 0.007170231 0.948983848 121.284561157
0.931294084 0.000985775 -0.364266992 7.440975189 -0.004840011 0.999941587 -0.009668050 -13.692929268 0.364236176 0.010766855 0.931244373 121.766426086
0.910284638 0.005609086 -0.413944900 7.183025360 -0.010840337 0.999888301 -0.010289617 -13.748538971 0.413840920 0.013853781 0.910243809 122.197006226
0.885182679 0.009917507 -0.465137959 6.915832520 -0.015966399 0.999831438 -0.009066865 -13.800970078 0.464969575 0.015452408 0.885191858 122.610069275
0.856099069 0.013119777 -0.516645193 6.637718201 -0.020660579 0.999747396 -0.008847537 -13.843475342 0.516398549 0.018248556 0.856153905 123.006011963
0.824855983 0.022943765 -0.564877152 6.300903320 -0.031503178 0.999489009 -0.005405673 -13.896164894 0.564464450 0.022254327 0.825157344 123.375335693
0.790947616 0.035943352 -0.610827267 5.955463409 -0.044430990 0.999011695 0.001252798 -13.937777519 0.610268593 0.026148764 0.791762888 123.726272583
0.754993439 0.044629287 -0.654211640 5.598526001 -0.055695612 0.998440385 0.003836448 -13.977891922 0.653362572 0.033540230 0.756301761 124.043090820
0.714781225 0.048256092 -0.697681189 5.235851288 -0.062624365 0.998025298 0.004870527 -14.024040222 0.696538568 0.040210485 0.716391683 124.346801758
0.672827482 0.050429448 -0.738078594 4.852321625 -0.065952480 0.997790277 0.008052482 -14.070379257 0.736853719 0.043260183 0.674666643 124.625061035
0.628877461 0.053872045 -0.775635839 4.447818756 -0.069123656 0.997520268 0.013238364 -14.105248451 0.774425626 0.045289468 0.631041884 124.893890381
0.583811700 0.062732741 -0.809461892 4.023006439 -0.080448121 0.996573627 0.019211821 -14.139026642 0.807893634 0.053903598 0.586858094 125.124931335
0.538223743 0.071547262 -0.839759707 3.580154419 -0.091968052 0.995425940 0.025865279 -14.163790703 0.837769091 0.063309751 0.542341948 125.334533691
0.491251498 0.076583698 -0.867644429 3.129108429 -0.097430907 0.994707108 0.032634646 -14.191005707 0.865551353 0.068503574 0.496113002 125.536384583
0.444108814 0.077320479 -0.892630339 2.656352997 -0.096870638 0.994572997 0.037954967 -14.209478378 0.890720725 0.069613516 0.449188799 125.719329834
0.397368848 0.079152085 -0.914239049 2.182857513 -0.094521232 0.994504392 0.045018133 -14.231990814 0.912778139 0.068526193 0.402666628 125.884902954
0.350923568 0.082095198 -0.932798505 1.691165924 -0.096006177 0.994054377 0.051368285 -14.255625725 0.931469500 0.071528077 0.356718779 126.037872314
0.307213157 0.085106522 -0.947827518 1.187240601 -0.101473585 0.993244171 0.056294568 -14.273838043 0.946215272 0.078885019 0.313773781 126.152664185
0.266011864 0.086794630 -0.960054338 0.669523239 -0.106275760 0.992507696 0.060281720 -14.291469574 0.958093524 0.085994840 0.273243010 126.252235413
0.226929083 0.083373070 -0.970336080 0.145261765 -0.106685676 0.992461264 0.060323894 -14.307668686 0.968050241 0.089831717 0.234113097 126.348121643
0.192497164 0.078519337 -0.978151083 -0.394018173 -0.101663679 0.993025601 0.059706260 -14.327672958 0.976017058 0.087949164 0.199137151 126.434692383
0.161791384 0.073175922 -0.984108150 -0.948999405 -0.099010557 0.993418515 0.057590473 -14.344915390 0.981845379 0.088119455 0.167971820 126.515907288
0.134837031 0.071601965 -0.988277495 -1.507116318 -0.099299215 0.993341088 0.058420822 -14.367192268 0.985879540 0.090257876 0.141049206 126.594360352
0.112803027 0.070931561 -0.991082430 -2.089072227 -0.100467384 0.993150949 0.059644602 -14.383872032 0.988525033 0.092843361 0.119156793 126.658546448
0.094526432 0.072166562 -0.992903113 -2.695001602 -0.102847137 0.992740273 0.062363457 -14.396739006 0.990195513 0.096222252 0.101262346 126.706817627
0.078129709 0.070499562 -0.994447470 -3.298826218 -0.103726968 0.992657483 0.062223274 -14.421214104 0.991532385 0.098289527 0.084868759 126.760841370
0.064603798 0.069581047 -0.995482266 -3.921337128 -0.103105351 0.992692590 0.062694833 -14.448144913 0.992570221 0.098589219 0.071305916 126.804512024
0.051870827 0.067068927 -0.996399105 -4.562010288 -0.097223356 0.993341923 0.061801866 -14.473737717 0.993909895 0.093667559 0.058046129 126.863258362
0.039802201 0.064423472 -0.997128665 -5.209554195 -0.094896972 0.993652403 0.060410898 -14.491447449 0.994691133 0.092219986 0.045663152 126.905578613
0.028918281 0.064295314 -0.997511864 -5.868333817 -0.094406344 0.993644118 0.061309144 -14.513769150 0.995113552 0.092398480 0.034804374 126.941421509
0.020039503 0.065724827 -0.997636616 -6.538964272 -0.097989641 0.993161976 0.063461736 -14.535922050 0.994985640 0.096486300 0.026342824 126.951126099
0.011610535 0.064857207 -0.997826993 -7.238457203 -0.100756533 0.992891312 0.063364007 -14.558589935 0.994843364 0.099801913 0.018062789 126.970924377
0.005209804 0.064230546 -0.997921467 -7.925487518 -0.103380159 0.992622495 0.063349776 -14.579592705 0.994628251 0.102835231 0.011811534 126.989212036
-0.000447419 0.065772839 -0.997834444 -8.620620728 -0.104066476 0.992413759 0.065462179 -14.602924347 0.994570255 0.103870414 0.006400724 127.007728577
-0.003637202 0.067752622 -0.997695446 -9.345503807 -0.105675176 0.992089570 0.067757159 -14.618000031 0.994394004 0.105678089 0.003551339 127.026527405
-0.004593711 0.071423203 -0.997435451 -10.063586235 -0.108015902 0.991574585 0.071500994 -14.639963150 0.994138479 0.108067349 0.003159834 127.040740967
-0.005624395 0.074880391 -0.997176647 -10.797593117 -0.110797621 0.991005838 0.075041935 -14.655584335 0.993826985 0.110906847 0.002722760 127.054008484
-0.007195431 0.080646016 -0.996716797 -11.528442383 -0.115509465 0.990003467 0.080936708 -14.669151306 0.993280232 0.115712613 0.002191876 127.067642212
-0.008240120 0.084292032 -0.996407032 -12.266592979 -0.118559740 0.989330113 0.084673807 -14.682034492 0.992912769 0.118831493 0.001841442 127.082633972
-0.009913507 0.084820576 -0.996347010 -13.010111809 -0.117866546 0.989350677 0.085397728 -14.698064804 0.992979944 0.118282571 0.000189574 127.102180481
-0.010830277 0.081452668 -0.996618390 -13.784778595 -0.115896270 0.989857495 0.082159556 -14.715332031 0.993202269 0.116394162 -0.001280371 127.115753174
-0.012555910 0.078027345 -0.996872187 -14.538317680 -0.119559549 0.989681363 0.078970402 -14.720592499 0.992747605 0.120177127 -0.003097435 127.128433228
-0.013565673 0.079950154 -0.996706545 -15.310029030 -0.124392532 0.988919914 0.081018589 -14.732348442 0.992140353 0.125081927 -0.003470163 127.128257751
-0.015180328 0.082756996 -0.996454120 -16.083660126 -0.121778719 0.988997042 0.083992891 -14.744832993 0.992441177 0.122621946 -0.004935258 127.146492004
-0.017104175 0.082801960 -0.996419251 -16.857320786 -0.120712809 0.989104450 0.084266223 -14.760616302 0.992540061 0.121721879 -0.006922559 127.161247253
-0.017554827 0.082373731 -0.996446848 -17.648229599 -0.124167226 0.988706112 0.083921328 -14.771755219 0.992106020 0.125199273 -0.007128445 127.155761719
-0.018896928 0.081645384 -0.996482253 -18.441183090 -0.127740398 0.988295078 0.083397008 -14.781850815 0.991627574 0.128866971 -0.008246328 127.172142029
-0.020283723 0.085866079 -0.996100187 -19.237291336 -0.129603744 0.987672925 0.087778755 -14.787472725 0.991358340 0.130878806 -0.008905119 127.183090210
-0.021142561 0.090625614 -0.995660603 -20.039901733 -0.128676593 0.987353623 0.092601918 -14.801935196 0.991461217 0.130076051 -0.009213788 127.200683594
-0.019780617 0.093298353 -0.995441675 -20.863033295 -0.129883975 0.986959457 0.095084317 -14.809200287 0.991331875 0.131172732 -0.007404708 127.209457397
-0.017940240 0.092159986 -0.995582581 -21.681076050 -0.129294693 0.987168133 0.093710952 -14.816737175 0.991443872 0.130404755 -0.005794236 127.222602844
-0.016820727 0.092038326 -0.995613337 -22.511886597 -0.129362106 0.987184644 0.093444675 -14.819559097 0.991454780 0.130366459 -0.004698894 127.234420776
-0.016756168 0.091054156 -0.995704889 -23.341726303 -0.127552360 0.987513542 0.092451587 -14.825496674 0.991690218 0.128553629 -0.004932770 127.256324768
-0.016079061 0.093007594 -0.995535493 -24.178213120 -0.128503174 0.987214923 0.094305709 -14.832291603 0.991578758 0.129445836 -0.003921719 127.277343750
-0.015595149 0.094800197 -0.995374143 -25.018573761 -0.130099520 0.986839950 0.096025743 -14.831465721 0.991378307 0.130995259 -0.003056454 127.295722961
-0.015215747 0.097763054 -0.995093405 -25.884353638 -0.133334577 0.986121953 0.098920472 -14.836406708 0.990954280 0.134185523 -0.001969387 127.305076599
-0.013557098 0.098897830 -0.995005190 -26.748180389 -0.135474101 0.985739470 0.099822715 -14.833529472 0.990688264 0.136150762 0.000034329 127.317611694
-0.011488354 0.102076434 -0.994710326 -27.621557236 -0.142324224 0.984480798 0.102670476 -14.833311081 0.989753425 0.142750874 0.003217883 127.328750610
-0.009607765 0.105900511 -0.994330287 -28.500017166 -0.146987095 0.983425140 0.106159329 -14.828631401 0.989091754 0.147173673 0.006117491 127.350433350
-0.007418093 0.107834741 -0.994141042 -29.375192642 -0.149627507 0.982856274 0.107727155 -14.823824883 0.988714635 0.149549991 0.008844120 127.380981445
-0.003692146 0.108499646 -0.994089544 -30.273609161 -0.148406342 0.983028650 0.107843585 -14.823839188 0.988919556 0.147927389 0.012472553 127.404853821
-0.001054115 0.108384863 -0.994108438 -31.165918350 -0.150938511 0.982702315 0.107301347 -14.816654205 0.988542497 0.150162354 0.015323568 127.434219360
0.001338791 0.112242244 -0.993680000 -32.067985535 -0.151487410 0.982235730 0.110745452 -14.808959961 0.988458216 0.150381774 0.018318297 127.467346191
0.003700939 0.114455849 -0.993421376 -32.984722137 -0.150775999 0.982135057 0.112593785 -14.805804253 0.988561034 0.149367377 0.020892018 127.506881714
0.005517119 0.115597315 -0.993280828 -33.877929688 -0.151354015 0.981948972 0.113437839 -14.800828934 0.988464236 0.149711192 0.022913644 127.548690796
0.008146523 0.113811202 -0.993468940 -34.781352997 -0.152591616 0.982008040 0.111246973 -14.793623924 0.988255739 0.150688753 0.025366586 127.580078125
0.008490379 0.114865497 -0.993344724 -35.692604065 -0.157137349 0.981192052 0.112117112 -14.782106400 0.987540245 0.155139640 0.026380351 127.622444153
0.009448664 0.115513630 -0.993260920 -36.585849762 -0.157861486 0.981021702 0.112588517 -14.777627945 0.987416029 0.155733824 0.027504496 127.661926270
0.009858713 0.111991219 -0.993660331 -37.481681824 -0.158393830 0.981337667 0.109030858 -14.774269104 0.987326741 0.156314760 0.027413448 127.695899963
0.010784158 0.107833982 -0.994110346 -38.393943787 -0.159759745 0.981583357 0.104742073 -14.773782730 0.987096965 0.157689288 0.027813084 127.741485596
0.011182641 0.107172132 -0.994177580 -39.289608002 -0.159295678 0.981733501 0.104038887 -14.770171165 0.987167597 0.157204762 0.028050436 127.784866333
0.011157396 0.111269332 -0.993727624 -40.196613312 -0.161647558 0.980918765 0.108020149 -14.763823509 0.986785531 0.159428418 0.028930914 127.824989319
0.011507141 0.117340893 -0.993025124 -41.121280670 -0.162744626 0.980069220 0.113924064 -14.752119064 0.986601055 0.160298541 0.030374398 127.866394043
0.011922740 0.116133161 -0.993162036 -42.017734528 -0.160688356 0.980546474 0.112728953 -14.752367020 0.986933172 0.158245578 0.030352045 127.909599304
0.012563860 0.105667211 -0.994322181 -42.905220032 -0.159958810 0.981806815 0.102316022 -14.758372307 0.987043738 0.157765076 0.029237684 127.957817078
0.012898362 0.095335342 -0.995361626 -43.829216003 -0.161608249 0.982555807 0.092014626 -14.764344215 0.986770689 0.159671813 0.028080342 127.998062134
0.011788881 0.092361398 -0.995655775 -44.730278015 -0.158397004 0.983325243 0.089342080 -14.772829056 0.987305164 0.156655684 0.026222074 128.045684814
0.011799634 0.102387160 -0.994674623 -45.652366638 -0.151208073 0.983487368 0.099441856 -14.775491714 0.988431454 0.149229452 0.027086554 128.094650269
0.011863390 0.115406998 -0.993247390 -46.586883545 -0.146204203 0.982842207 0.112451740 -14.771450996 0.989183307 0.143882841 0.028532825 128.154220581
0.012017258 0.124379598 -0.992161930 -47.508113861 -0.146430641 0.981755555 0.121301450 -14.762315750 0.989147902 0.143825203 0.030010998 128.201782227
0.011812315 0.118729219 -0.992856443 -48.424858093 -0.146478772 0.982419789 0.115738466 -14.758907318 0.989143252 0.144065246 0.028995963 128.243896484
0.012002125 0.105290376 -0.994369090 -49.345523834 -0.146699905 0.983865738 0.102407515 -14.758381844 0.989108205 0.144644767 0.027254561 128.288055420
0.012481008 0.096472219 -0.995257378 -50.260082245 -0.147178635 0.984671235 0.093600385 -14.758210182 0.989031196 0.145312384 0.026488340 128.333389282
0.013160237 0.096277066 -0.995267570 -51.181224823 -0.146535993 0.984793067 0.093326196 -14.765476227 0.989117801 0.144614324 0.027068164 128.379165649
0.012386539 0.097914033 -0.995117784 -52.132156372 -0.149326682 0.984215260 0.094982564 -14.780529022 0.988710284 0.147421136 0.026812198 128.423187256
0.013112426 0.097343825 -0.995164394 -53.058689117 -0.153891847 0.983588696 0.094183825 -14.782179832 0.988000691 0.151912704 0.027877655 128.457778931
0.013793406 0.096642077 -0.995223582 -53.999561310 -0.155600905 0.983400404 0.093337402 -14.782462120 0.987723649 0.153570265 0.028602034 128.496856689
0.014419329 0.104416430 -0.994429111 -54.958724976 -0.164722785 0.981192291 0.100638039 -14.786422729 0.986234486 0.162353978 0.031347893 128.536956787
0.015854549 0.113870025 -0.993369043 -55.898448944 -0.170055330 0.979326785 0.109546177 -14.779359818 0.985306919 0.167190894 0.034890987 128.577560425
0.017093735 0.122434318 -0.992329359 -56.857048035 -0.170481488 0.978298187 0.117766418 -14.774826050 0.985212564 0.167160720 0.037595548 128.619995117
0.017934360 0.122821897 -0.992266655 -57.808731079 -0.172140330 0.977986336 0.117942981 -14.764253616 0.984909117 0.168693870 0.038682159 128.672882080
0.019937156 0.113182016 -0.993374169 -58.741363525 -0.174212053 0.978765309 0.108021066 -14.760167122 0.984506309 0.170904115 0.039231464 128.712097168
0.021014566 0.108127035 -0.993915021 -59.680667877 -0.172696382 0.979583740 0.102916591 -14.754274368 0.984750867 0.169482782 0.039258674 128.769500732
0.023010578 0.106521517 -0.994044125 -60.648674011 -0.171048164 0.980065584 0.101064079 -14.753591537 0.984993994 0.167703897 0.040772177 128.826126099
0.026083419 0.112290382 -0.993333042 -61.604686737 -0.172476754 0.979274809 0.106172204 -14.752231598 0.984668136 0.168557525 0.044910319 128.892913818
0.029677404 0.114715874 -0.992954969 -62.573223114 -0.175422251 0.978572249 0.107811235 -14.755710602 0.984045804 0.170986861 0.049165215 128.948150635
0.033445489 0.109676756 -0.993404508 -63.526588440 -0.174406767 0.979350090 0.102253228 -14.756362915 0.984105587 0.169836521 0.051883206 129.012496948
0.036806218 0.103998400 -0.993896306 -64.482940674 -0.174428239 0.979970932 0.096081838 -14.762121201 0.983981788 0.169827163 0.054209277 129.078598022
0.040865649 0.103413418 -0.993798614 -65.457176208 -0.171884701 0.980529130 0.094964609 -14.758110046 0.984269023 0.166937947 0.057845138 129.144821167
0.042468552 0.108090594 -0.993233502 -66.403442383 -0.168942645 0.980591595 0.099491186 -14.778045654 0.984710515 0.163574278 0.059905417 129.238677979
0.046012782 0.114551269 -0.992351115 -67.362663269 -0.168436706 0.980069458 0.105323553 -14.776643753 0.984637976 0.162302077 0.064390354 129.317794800
0.048344694 0.118391201 -0.991789520 -68.327621460 -0.166090995 0.980079055 0.108897261 -14.780652046 0.984924614 0.159462675 0.067045338 129.406158447
0.050645202 0.120203048 -0.991456628 -69.309783936 -0.165782765 0.979969800 0.110341936 -14.779181480 0.984860957 0.158778101 0.069558360 129.485382080
0.052900828 0.117607906 -0.991650045 -70.257064819 -0.164513826 0.980498254 0.107509136 -14.780649185 0.984955192 0.157452777 0.071217276 129.563171387
0.053431120 0.116345845 -0.991770566 -71.203147888 -0.162515402 0.980960906 0.106322333 -14.785454750 0.985258281 0.155497059 0.071321823 129.653900146
0.053954124 0.113048673 -0.992123425 -72.147178650 -0.159440562 0.981798470 0.103201404 -14.795060158 0.985732079 0.152616575 0.070996612 129.743713379
0.053673267 0.112282969 -0.992225647 -73.141853333 -0.158202901 0.982064247 0.102575287 -14.785683632 0.985946774 0.151467428 0.070474088 129.828186035
0.053464450 0.117026262 -0.991688728 -74.095260620 -0.154839575 0.982068777 0.107543245 -14.788215637 0.986491859 0.147802904 0.070626080 129.915115356
0.053031325 0.118760698 -0.991505623 -75.056678772 -0.148826882 0.982753754 0.109752297 -14.791219711 0.987440288 0.141742378 0.069791533 130.011947632
0.052322250 0.113955021 -0.992107153 -76.016464233 -0.145952612 0.983672798 0.105288893 -14.776327133 0.987906992 0.139291719 0.068100005 130.095413208
0.051137403 0.110179581 -0.992595255 -76.974494934 -0.148474857 0.983689249 0.101541728 -14.778927803 0.987593114 0.142182872 0.066662200 130.168426514
0.049891021 0.107469827 -0.992955744 -77.923034668 -0.144952700 0.984446585 0.099265724 -14.782174110 0.988179862 0.138979122 0.064693078 130.252822876
0.048413806 0.108190805 -0.992950499 -78.886985779 -0.145089716 0.984334052 0.100177743 -14.784455299 0.988233328 0.139216915 0.063352734 130.326690674
0.047612436 0.109514542 -0.992844224 -79.833862305 -0.146388516 0.984004200 0.101519287 -14.789591789 0.988080680 0.140507445 0.062882513 130.399215698
0.046342790 0.109919935 -0.992859483 -80.789695740 -0.147955462 0.983719885 0.102002107 -14.792729378 0.987907588 0.142171919 0.061851580 130.473205566
0.044971686 0.110773265 -0.992827654 -81.739212036 -0.147703901 0.983647585 0.103058532 -14.795007706 0.988008618 0.142009825 0.060597941 130.543426514
0.042899743 0.110810012 -0.992915273 -82.697967529 -0.147474438 0.983645856 0.103403755 -14.795785904 0.988135040 0.141993657 0.058539789 130.617095947
0.040943339 0.113578208 -0.992685020 -83.644515991 -0.147164732 0.983367980 0.106442377 -14.793119431 0.988264203 0.141730145 0.056977071 130.691177368
0.039148342 0.118015006 -0.992239833 -84.603111267 -0.148964539 0.982593894 0.110990405 -14.789887428 0.988067329 0.143463463 0.056046963 130.752883911
0.036817867 0.122389071 -0.991799057 -85.559188843 -0.149449751 0.981984913 0.115630075 -14.776216507 0.988083601 0.143966854 0.054445602 130.823333740
0.035026416 0.122217320 -0.991885066 -86.502876282 -0.149474263 0.981971025 0.115717337 -14.771330833 0.988144934 0.144208133 0.052663267 130.887741089
0.034456320 0.117723681 -0.992448390 -87.446876526 -0.149873003 0.982417166 0.111330420 -14.770010948 0.988104641 0.144905180 0.051494088 130.945663452
0.031602912 0.112187669 -0.993184388 -88.403282166 -0.153434217 0.982447088 0.106092580 -14.752159119 0.987653315 0.149035648 0.048261616 131.008071899
0.030185621 0.110239103 -0.993446648 -89.345710754 -0.151373953 0.982940018 0.104473777 -14.750573158 0.988015592 0.147228330 0.046357986 131.076339722
0.030375874 0.111048438 -0.993350685 -90.314384460 -0.146631137 0.983552635 0.105469204 -14.747941971 0.988724768 0.142452434 0.046159431 131.125061035
0.029699013 0.112291597 -0.993231416 -91.263053894 -0.143756434 0.983819306 0.106928967 -14.746210098 0.989167333 0.139607728 0.045361102 131.188827515
0.028526155 0.112422690 -0.993250906 -92.209281921 -0.138099387 0.984569907 0.107473925 -14.751377106 0.990007579 0.134101510 0.043611497 131.257354736
0.027179398 0.109607704 -0.993603289 -93.150512695 -0.133945778 0.985406160 0.105039433 -14.754230499 0.990615904 0.130234078 0.041464232 131.324142456
0.026469097 0.106570102 -0.993952811 -94.095321655 -0.128888324 0.986365795 0.102324322 -14.758068085 0.991305828 0.125400454 0.039843854 131.389205933
0.024952898 0.108949147 -0.993734002 -95.073364258 -0.127142385 0.986317217 0.104943410 -14.759639740 0.991570532 0.123727083 0.038463525 131.441970825
0.023632821 0.111356393 -0.993499458 -96.021835327 -0.126513392 0.986120641 0.107519902 -14.758110046 0.991683304 0.123149969 0.037392884 131.499908447
0.022143029 0.109143130 -0.993779302 -96.980110168 -0.122252673 0.986858845 0.105659090 -14.753937721 0.992251933 0.119152583 0.035195082 131.554077148
0.019831486 0.106489994 -0.994115949 -97.928031921 -0.119419813 0.987445533 0.103393160 -14.757821083 0.992645741 0.116666690 0.032299530 131.608413696
0.015744181 0.103593245 -0.994495153 -98.896560669 -0.118228160 0.987833679 0.101027653 -14.754629135 0.992861629 0.115986712 0.027800269 131.671630859
0.012813812 0.103019349 -0.994596839 -99.851539612 -0.112787202 0.988479555 0.100932628 -14.767040253 0.993536532 0.110884458 0.024285452 131.724395752
0.010969447 0.102963120 -0.994624674 -100.808692932 -0.106016859 0.989197910 0.101232119 -14.759519577 0.994303763 0.104336515 0.021766782 131.764099121
0.007887641 0.111687131 -0.993712127 -101.774940491 -0.096709609 0.989169896 0.110408984 -14.771071434 0.995281398 0.095230624 0.018603437 131.832534790
0.005242730 0.120059438 -0.992752850 -102.732894897 -0.088632829 0.988914967 0.119127251 -14.767070770 0.996050596 0.087365948 0.015825827 131.888610840
0.002216629 0.119924374 -0.992780566 -103.687805176 -0.084363103 0.989266217 0.119311497 -14.761547089 0.996432662 0.083489574 0.012310030 131.935958862
-0.000431106 0.109249353 -0.994014263 -104.638137817 -0.085198030 0.990396261 0.108888619 -14.757510185 0.996363938 0.084735006 0.008880862 131.969863892
-0.002548899 0.099753708 -0.995008886 -105.585426331 -0.086987481 0.991218269 0.099596523 -14.753570557 0.996206105 0.086807184 0.006150809 132.007827759
-0.003021131 0.101733349 -0.994807124 -106.543388367 -0.094664522 0.990315080 0.101561449 -14.759140968 0.995504677 0.094479792 0.006638668 132.027999878
-0.003984625 0.111027397 -0.993809342 -107.507507324 -0.097730450 0.989016414 0.110883780 -14.743455887 0.995204926 0.097567260 0.006909898 132.064559937
-0.005490127 0.122378357 -0.992468297 -108.470382690 -0.101729013 0.987265944 0.122299619 -14.729890823 0.994797051 0.101634257 0.007029214 132.093475342
-0.006810216 0.124116689 -0.992244244 -109.416282654 -0.108690538 0.986296594 0.124118723 -14.716421127 0.994052351 0.108692832 0.006773416 132.121261597
-0.006674958 0.120843261 -0.992649138 -110.412658691 -0.115786277 0.985900998 0.120800331 -14.694499016 0.993251860 0.115741491 0.007411140 132.141418457
-0.007008872 0.116617091 -0.993152142 -111.366249084 -0.123794645 0.985435367 0.116584606 -14.678424835 0.992283106 0.123764053 0.007529780 132.166748047
-0.004487043 0.118872903 -0.992899299 -112.335792542 -0.128434464 0.984617412 0.118461773 -14.658712387 0.991707861 0.128054023 0.010849355 132.186233521
-0.003255108 0.119682573 -0.992806792 -113.319389343 -0.136308327 0.983492613 0.119006619 -14.635961533 0.990661263 0.135715231 0.013112353 132.213989258
-0.002735152 0.122372895 -0.992480338 -114.283309937 -0.145596653 0.981859446 0.121464573 -14.618065834 0.989340305 0.144834027 0.015131546 132.234313965
-0.002439806 0.124788634 -0.992180347 -115.258682251 -0.151274994 0.980718911 0.123719096 -14.596966743 0.988488734 0.150393918 0.016484635 132.260177612
-0.002137120 0.123873711 -0.992295682 -116.231819153 -0.155107483 0.980247676 0.122703716 -14.580902100 0.987895310 0.154174715 0.017118828 132.298904419
-0.000420583 0.114523329 -0.993420482 -117.187820435 -0.154163390 0.981537223 0.113218673 -14.582107544 0.988045335 0.153196692 0.017242489 132.330184937
0.000771655 0.102702901 -0.994711757 -118.137809753 -0.157216147 0.982354522 0.101305068 -14.570604324 0.987563908 0.156306550 0.016904593 132.369201660
