1.000000000 0.000000000 0.000000000 0.000000000 0.000000000 1.000000000 0.000000000 0.000000000 0.000000000 0.000000000 1.000000000 0.000000000
0.999997735 -0.001620512 -0.001396185 0.050238468 0.001617491 0.999996364 -0.002161742 -0.132131860 0.001399683 0.002159479 0.999996662 1.297134399
0.999997735 0.000007152 -0.002131569 0.105312206 -0.000020602 0.999980092 -0.006310133 -0.267763525 0.002131481 0.006310163 0.999977827 2.604284525
0.999996066 0.002462003 -0.001353188 0.150542215 -0.002472528 0.999966383 -0.007832167 -0.406701565 0.001333860 0.007835483 0.999968350 3.908310413
0.999983966 0.005665983 0.000128913 0.196539000 -0.005665021 0.999962568 -0.006522913 -0.545441270 -0.000165867 0.006522077 0.999978721 5.224071503
0.999975801 0.006524782 0.002403827 0.244515106 -0.006517116 0.999973714 -0.003182815 -0.690865338 -0.002424531 0.003167072 0.999992073 6.541272640
0.999960124 0.006790084 0.005788038 0.299283475 -0.006778925 0.999975145 -0.001945299 -0.827816188 -0.005801103 0.001905985 0.999981403 7.845067978
0.999943674 0.005345031 0.009160304 0.359373301 -0.005329323 0.999984384 -0.001738261 -0.962577701 -0.009169449 0.001689345 0.999956489 9.154325485
0.999913573 0.003994282 0.012527399 0.437531531 -0.003974012 0.999990702 -0.001642551 -1.099227309 -0.012533842 0.001592625 0.999920130 10.454539299
0.999872208 0.002668889 0.015760658 0.503207326 -0.002631522 0.999993682 -0.002391215 -1.236328840 -0.015766941 0.002349435 0.999872923 11.766429901
0.999813497 0.001649181 0.019239843 0.578160346 -0.001587022 0.999993443 -0.003245590 -1.371821046 -0.019245069 0.003214451 0.999809563 13.059387207
0.999745965 0.001556122 0.022481671 0.649344623 -0.001484378 0.999993682 -0.003207560 -1.519480228 -0.022486523 0.003173374 0.999742091 14.384982109
0.999663651 0.001439433 0.025890507 0.734325051 -0.001330882 0.999990165 -0.004209420 -1.657758117 -0.025896316 0.004173547 0.999655843 15.682291985
0.999576390 0.002456419 0.028997596 0.817856610 -0.002336695 0.999988616 -0.004161936 -1.796776891 -0.029007491 0.004092415 0.999570787 16.983327866
0.999479175 0.002012782 0.032208439 0.907580137 -0.001895280 0.999991417 -0.003678282 -1.936908007 -0.032215565 0.003615323 0.999474406 18.269720078
0.999411106 0.000474279 0.034314387 1.004663706 -0.000353220 0.999993682 -0.003533913 -2.077392101 -0.034315851 0.003519711 0.999404848 19.573507309
0.999352753 -0.002078904 0.035911445 1.101861238 0.002249893 0.999986231 -0.004721658 -2.218616724 -0.035901137 0.004799400 0.999343812 20.848138809
0.999311030 -0.001689045 0.037079733 1.198903322 0.001932991 0.999976695 -0.006544084 -2.360394239 -0.037067823 0.006611248 0.999290824 22.156999588
0.999263406 -0.001576901 0.038341932 1.282496333 0.001930231 0.999955952 -0.009179965 -2.503026009 -0.038325768 0.009247212 0.999222517 23.441272736
0.999221265 -0.001072672 0.039442062 1.382076502 0.001495191 0.999941766 -0.010684473 -2.647161007 -0.039428297 0.010735124 0.999164760 24.731958389
0.999173522 -0.000436108 0.040647902 1.481098413 0.000899380 0.999934852 -0.011379602 -2.792948961 -0.040640287 0.011406753 0.999108791 26.002264023
0.999162793 -0.002075143 0.040857911 1.584412336 0.002493542 0.999944925 -0.010192043 -2.941063404 -0.040834509 0.010285391 0.999113083 27.292312622
0.999156594 -0.004995449 0.040757373 1.688543081 0.005365882 0.999945283 -0.008984395 -3.088483095 -0.040710259 0.009195517 0.999128759 28.570289612
0.999179244 -0.006444942 0.039991319 1.783087611 0.006831789 0.999931097 -0.009544191 -3.233343601 -0.039927058 0.009809573 0.999154389 29.861543655
0.999203563 -0.008149915 0.039060533 1.890251637 0.008632116 0.999888301 -0.012192229 -3.377890110 -0.038956810 0.012519693 0.999162555 31.130018234
0.999223411 -0.008250436 0.038529340 1.993785262 0.008723645 0.999888361 -0.012129868 -3.528119326 -0.038424965 0.012456562 0.999183834 32.417301178
0.999234259 -0.008794497 0.038126629 2.089678288 0.009280415 0.999877691 -0.012586616 -3.670178413 -0.038011275 0.012930808 0.999193668 33.681472778
0.999256194 -0.009546188 0.037364837 2.188507318 0.010023802 0.999870181 -0.012616012 -3.815384865 -0.037239552 0.012981163 0.999222040 34.954093933
0.999264598 -0.009962090 0.037028365 2.280265570 0.010453082 0.999859691 -0.013089935 -3.961673260 -0.036892761 0.013467369 0.999228537 36.216396332
0.999308169 -0.010569579 0.035656296 2.392269611 0.011046135 0.999851882 -0.013194859 -4.120395184 -0.035511546 0.013579594 0.999276996 37.501697540
0.999302626 -0.010219426 0.035913661 2.484381676 0.010635221 0.999878347 -0.011405755 -4.265949726 -0.035792731 0.011779752 0.999289751 38.761505127
0.999272168 -0.010147317 0.036771569 2.587780476 0.010534698 0.999890864 -0.010356336 -4.405712128 -0.036662467 0.010736174 0.999270022 40.033416748
0.999199688 -0.012079759 0.038130429 2.709338188 0.012426064 0.999883592 -0.008858224 -4.546707153 -0.038018979 0.009324946 0.999233544 41.291667938
0.999077201 -0.013094380 0.040903799 2.786649704 0.013509494 0.999859869 -0.009888666 -4.693963051 -0.040768575 0.010432132 0.999114156 42.548500061
0.998952866 -0.014451065 0.043407962 2.882413864 0.015030416 0.999801934 -0.013050014 -4.841885090 -0.043210771 0.013688790 0.998972237 43.799640656
0.998854101 -0.015404069 0.045312159 2.987491608 0.016058194 0.999771655 -0.014107592 -4.985550404 -0.045084495 0.014819061 0.998873174 45.050704956
0.998722374 -0.015640626 0.048051976 3.109994650 0.016277950 0.999784291 -0.012900684 -5.119228363 -0.047839828 0.013666391 0.998761475 46.282890320
0.998528004 -0.016822854 0.051563572 3.217303276 0.017336588 0.999804378 -0.009532013 -5.275001526 -0.051393125 0.010411917 0.998624206 47.550785065
0.998250484 -0.019798310 0.055713218 3.334801674 0.020256896 0.999765337 -0.007678462 -5.411354542 -0.055548128 0.008793605 0.998417318 48.778034210
0.998007655 -0.021932660 0.059160292 3.460000992 0.022447065 0.999715686 -0.008044509 -5.551875591 -0.058967039 0.009356455 0.998216093 50.033695221
0.997736514 -0.025304317 0.062300518 3.605844021 0.026083760 0.999591053 -0.011729622 -5.687000275 -0.061978213 0.013328104 0.997988522 51.261405945
0.997442663 -0.026525658 0.066366434 3.734188318 0.027371079 0.999554873 -0.011861834 -5.821178436 -0.066022255 0.013648017 0.997724831 52.493701935
0.997083127 -0.028915821 0.070632912 3.858644247 0.029661685 0.999514520 -0.009533554 -5.958740234 -0.070322961 0.011600838 0.997456789 53.714530945
0.996801794 -0.031876881 0.073280238 4.018198490 0.032409798 0.999456108 -0.006094419 -6.093867302 -0.073046118 0.008449926 0.997292697 54.932338715
0.996573985 -0.034193378 0.075306006 4.171131611 0.034632292 0.999389887 -0.004529803 -6.223067760 -0.075105168 0.007122302 0.997150183 56.150756836
0.996356010 -0.037510503 0.076601028 4.318740845 0.037723500 0.999287248 -0.001335093 -6.347795486 -0.076496348 0.004219887 0.997060895 57.362144470
0.996204674 -0.040639918 0.076972783 4.475515842 0.040737752 0.999169827 0.000299459 -6.476294041 -0.076921061 0.002837376 0.997033179 58.563587189
0.996156812 -0.042644560 0.076504886 4.622242451 0.043008324 0.999069870 -0.003112744 -6.601511478 -0.076300994 0.006391128 0.997064292 59.779209137
0.996163666 -0.043823190 0.075745784 4.771165371 0.044510156 0.998981476 -0.007404340 -6.730468750 -0.075344153 0.010747392 0.997099698 60.967041016
0.996175051 -0.044845164 0.074994236 4.898667336 0.045824833 0.998884499 -0.011392983 -6.858106136 -0.074399672 0.014786005 0.997118831 62.170394897
0.996221781 -0.046235345 0.073514968 5.042967796 0.047382422 0.998779595 -0.013935646 -6.989328384 -0.072780944 0.017366311 0.997196734 63.359703064
0.996371031 -0.046947248 0.070997916 5.181194782 0.048067361 0.998743773 -0.014150392 -7.124086380 -0.070244431 0.017511724 0.997376144 64.533699036
0.996590734 -0.046085086 0.068431772 5.317888260 0.047118966 0.998797119 -0.013570945 -7.263998032 -0.067724019 0.016749110 0.997563422 65.752609253
0.996803522 -0.045124076 0.065927133 5.434298515 0.045984600 0.998874843 -0.011593296 -7.396263599 -0.065329805 0.014587874 0.997757077 66.937103271
0.997237265 -0.041651655 0.061505709 5.563256741 0.042208973 0.999078453 -0.007789374 -7.532163620 -0.061124589 0.010363948 0.998076439 68.120147705
0.997512877 -0.039706923 0.058236614 5.682088852 0.040094163 0.999180853 -0.005495708 -7.659534931 -0.057970699 0.007816987 0.998287618 69.297309875
0.997702479 -0.038665928 0.055629827 5.785060883 0.039198305 0.999195218 -0.008510441 -7.794593811 -0.055255994 0.010671484 0.998415172 70.469406128
0.997907698 -0.038635526 0.051841427 5.897623062 0.039488431 0.999099433 -0.015529623 -7.931124687 -0.051194739 0.017544270 0.998534560 71.655029297
0.997912169 -0.042608377 0.048536859 6.004592896 0.043554973 0.998877525 -0.018614456 -8.066229820 -0.047689248 0.020689614 0.998647869 72.828384399
0.997970521 -0.046096936 0.043930341 6.117729187 0.046738349 0.998813331 -0.013686392 -8.203186989 -0.043247309 0.015711846 0.998940825 73.998626709
0.997981489 -0.049810912 0.039392035 6.224503994 0.050190363 0.998701751 -0.008702671 -8.330491066 -0.038907409 0.010662207 0.999185860 75.155578613
0.998022914 -0.052299529 0.034857929 6.320839882 0.052535519 0.998601675 -0.005888504 -8.458625793 -0.034501221 0.007708141 0.999374926 76.346580505
0.998192668 -0.051594879 0.030813221 6.410343170 0.051725410 0.998655319 -0.003453812 -8.583418846 -0.030593589 0.005041397 0.999519169 77.506713867
0.998315156 -0.051386524 0.026950682 6.504033566 0.051500347 0.998666704 -0.003546239 -8.697278976 -0.026732514 0.004928234 0.999630451 78.664718628
0.998469710 -0.049702659 0.024247054 6.562829971 0.049845546 0.998742759 -0.005324301 -8.831984520 -0.023951935 0.006524762 0.999691844 79.835372925
0.998650134 -0.047487378 0.021040887 6.637895584 0.047714867 0.998806357 -0.010444837 -8.959527969 -0.020519773 0.011434700 0.999724090 80.979446411
0.998566270 -0.050748527 0.017032877 6.724092007 0.051011499 0.998579681 -0.015376829 -9.096153259 -0.016228335 0.016223656 0.999736726 82.140769958
0.998435736 -0.053991403 0.014534185 6.783596039 0.054224081 0.998398662 -0.016121291 -9.229357719 -0.013640502 0.016884174 0.999764502 83.273315430
0.998482168 -0.053985182 0.010899520 6.847705364 0.054119982 0.998456478 -0.012476603 -9.362870216 -0.010209146 0.013047550 0.999862731 84.419937134
0.998480618 -0.054473873 0.008307262 6.908191204 0.054557353 0.998458743 -0.010176936 -9.488040924 -0.007740084 0.010614697 0.999913633 85.553619385
0.998618186 -0.052001156 0.007590567 6.961659431 0.052089062 0.998571694 -0.011882553 -9.616752625 -0.006961820 0.012261519 0.999900579 86.695724487
0.998819530 -0.048099667 0.006780600 7.014861107 0.048196979 0.998725116 -0.015003373 -9.748285294 -0.006050299 0.015312467 0.999864399 87.829055786
0.998884916 -0.046907254 0.005363011 7.070679665 0.046993859 0.998744369 -0.017358588 -9.880403519 -0.004542033 0.017591260 0.999834895 88.947303772
0.998832524 -0.048095956 0.004528021 7.125789642 0.048169535 0.998679578 -0.017855240 -10.015197754 -0.003663277 0.018052509 0.999830306 90.063529968
0.998803496 -0.048743233 0.003945178 7.165465832 0.048799273 0.998686194 -0.015636694 -10.149096489 -0.003177812 0.015810508 0.999869883 91.192100525
0.998713613 -0.050633363 0.002705205 7.225781918 0.050663982 0.998633683 -0.012799190 -10.275636673 -0.002053443 0.012919785 0.999914467 92.302040100
0.998728216 -0.050345469 0.002709965 7.275275707 0.050375428 0.998652875 -0.012438362 -10.400514603 -0.002080100 0.012559062 0.999918938 93.443565369
0.998725057 -0.050409205 0.002680701 7.318195820 0.050442703 0.998623133 -0.014397259 -10.536930084 -0.001951256 0.014514125 0.999892712 94.574333191
0.998726487 -0.050405510 0.002166619 7.376061916 0.050436284 0.998566866 -0.017897347 -10.665778160 -0.001261389 0.017983828 0.999837518 95.674186707
0.998674393 -0.051442157 0.001765139 7.430697918 0.051466342 0.998496592 -0.018861428 -10.798714638 -0.000792213 0.018927271 0.999820530 96.778945923
0.998662770 -0.051640406 0.002431522 7.473638535 0.051675495 0.998506486 -0.017727798 -10.932254791 -0.001512419 0.017829744 0.999839902 97.853721619
0.998680055 -0.051280227 0.002911225 7.526066780 0.051311955 0.998608828 -0.012140402 -11.053235054 -0.002284613 0.012273761 0.999922037 98.943702698
0.998773873 -0.049330868 0.004142588 7.577929497 0.049366280 0.998740792 -0.008932551 -11.174957275 -0.003696721 0.009126105 0.999951541 100.019836426
0.998850048 -0.047547784 0.006144721 7.633189678 0.047602963 0.998824179 -0.009169568 -11.287155151 -0.005701504 0.009451532 0.999939084 101.068923950
0.998918355 -0.045810152 0.007974845 7.687934399 0.045894030 0.998889267 -0.010673268 -11.415493011 -0.007477046 0.011027722 0.999911189 102.121788025
0.998885572 -0.046068788 0.010260964 7.745511055 0.046202894 0.998844266 -0.013239969 -11.531901360 -0.009639157 0.013699301 0.999859750 103.137329102
0.998791814 -0.047614682 0.012154747 7.805849075 0.047781285 0.998762369 -0.013805610 -11.649049759 -0.011482355 0.014369701 0.999830842 104.151985168
0.998697698 -0.049081843 0.013923026 7.870551586 0.049262207 0.998702288 -0.012921209 -11.779674530 -0.013270760 0.013590264 0.999819517 105.157646179
0.998676658 -0.049030725 0.015521682 7.935093880 0.049208529 0.998724759 -0.011287801 -11.894794464 -0.014948438 0.012036663 0.999815822 106.116218567
0.998600006 -0.050090104 0.017006896 7.995164394 0.050263666 0.998686552 -0.009935400 -12.002480507 -0.016486889 0.010776317 0.999805987 107.073539734
0.998524308 -0.050904438 0.018916074 8.054999352 0.051105648 0.998640060 -0.010310072 -12.108676910 -0.018365517 0.011261575 0.999767900 107.992019653
0.998502910 -0.050671987 0.020596795 8.116815567 0.050854746 0.998670340 -0.008448399 -12.210528374 -0.020141309 0.009483196 0.999752164 108.896591187
0.998497486 -0.049891286 0.022662766 8.174820900 0.050044790 0.998727441 -0.006257382 -12.308541298 -0.022321735 0.007382133 0.999723613 109.766937256
0.998472989 -0.049901132 0.023695845 8.238068581 0.049987894 0.998745084 -0.003083121 -12.410720825 -0.023512257 0.004262919 0.999714375 110.622566223
0.998420894 -0.050092380 0.025426120 8.298525810 0.050181497 0.998736024 -0.002878990 -12.503391266 -0.025249759 0.004150365 0.999672532 111.449066162
0.998438835 -0.049082514 0.026660487 8.350900650 0.049156159 0.998788834 -0.002113677 -12.593788147 -0.026524454 0.003420904 0.999642313 112.259727478
0.998534203 -0.046812855 0.027165439 8.404731750 0.046881273 0.998898685 -0.001886725 -12.672728539 -0.027047198 0.003157509 0.999629140 113.041709900
0.998674810 -0.044196956 0.026365589 8.454177856 0.044178437 0.999022901 0.001284677 -12.751344681 -0.026396608 -0.000118183 0.999651492 113.799690247
0.998747468 -0.044256009 0.023339670 8.502155304 0.044217784 0.999019623 0.002151445 -12.832475662 -0.023412000 -0.001116721 0.999725282 114.550148010
0.998872042 -0.044338971 0.016989458 8.538587570 0.044306602 0.999015331 0.002277339 -12.906271935 -0.017073706 -0.001522025 0.999853134 115.247467041
0.999061942 -0.042758197 0.006854841 8.562812805 0.042751230 0.999085069 0.001160026 -12.982198715 -0.006898170 -0.000865885 0.999975860 115.915306091
0.999169946 -0.040070988 -0.007322816 8.567931175 0.040059347 0.999195814 -0.001729791 -13.048139572 0.007386241 0.001435008 0.999971688 116.558959961
0.998915613 -0.038397424 -0.026327772 8.567256927 0.038304750 0.999258041 -0.004015405 -13.121658325 0.026462417 0.003002572 0.999645293 117.181930542
0.998130798 -0.036801808 -0.048790928 8.535105705 0.036538411 0.999312580 -0.006279699 -13.191115379 0.048988488 0.004485217 0.998789310 117.770034790
0.996450782 -0.035251047 -0.076441206 8.494540215 0.034728248 0.999363482 -0.008158143 -13.257068634 0.076680131 0.005474518 0.997040689 118.335708618
0.993568897 -0.033082370 -0.108288884 8.421849251 0.032166250 0.999430478 -0.010196265 -13.323883057 0.108564526 0.006647443 0.994067132 118.878173828
0.989196301 -0.028735256 -0.143753335 8.317247391 0.027394693 0.999560893 -0.011296506 -13.390111923 0.144014850 0.007236383 0.989549041 119.412033081
0.982954144 -0.022673290 -0.182447568 8.206604004 0.021084210 0.999720991 -0.010645011 -13.452478409 0.182638034 0.006616793 0.983157933 119.939804077
0.974464893 -0.017160976 -0.223883003 8.065107346 0.015583873 0.999839723 -0.008809471 -13.507491112 0.223998323 0.005095554 0.974576175 120.442634583
0.963147342 -0.012693356 -0.268674403 7.894050598 0.011195123 0.999912024 -0.007107814 -13.566941261 0.268741012 0.003838030 0.963204801 120.939430237
0.948960900 -0.006341032 -0.315329909 7.694232941 0.004042064 0.999960363 -0.007944122 -13.619013786 0.315367818 0.006264078 0.948948801 121.422332764
0.931622803 0.001364167 -0.363424301 7.468765259 -0.004795878 0.999952018 -0.008540564 -13.677609444 0.363395214 0.009699521 0.931584597 121.888412476
0.910570443 0.006145609 -0.413308322 7.217433929 -0.010979276 0.999896288 -0.009320966 -13.729249954 0.413208097 0.013025223 0.910543442 122.316741943
0.885396242 0.010345003 -0.464721829 6.952774048 -0.015903106 0.999841154 -0.008041782 -13.782215118 0.464564800 0.014510684 0.885420203 122.732704163
0.856575966 0.013534505 -0.515843391 6.660938263 -0.020678965 0.999753237 -0.008106997 -13.822627068 0.515606403 0.017611369 0.856644511 123.135437012
0.825043797 0.023336761 -0.564586759 6.340499878 -0.031357545 0.999497950 -0.004510025 -13.874690056 0.564198017 0.021425022 0.825361490 123.500129700
0.791010857 0.035890374 -0.610748470 5.993103027 -0.043885101 0.999034762 0.001870056 -13.913526535 0.610226095 0.025323516 0.791822493 123.856079102
0.755147099 0.044584040 -0.654037476 5.637176514 -0.055160049 0.998467922 0.004375563 -13.952898979 0.653230488 0.032772548 0.756449461 124.171112061
0.715516865 0.048474744 -0.696911633 5.265239716 -0.062289275 0.998043180 0.005468209 -13.999607086 0.695812941 0.039497521 0.717136264 124.469535828
0.672601402 0.050057717 -0.738309920 4.894813538 -0.064665347 0.997868657 0.008745681 -14.048522949 0.737174153 0.041860711 0.674404979 124.755043030
0.628882408 0.053923041 -0.775628209 4.487838745 -0.068096988 0.997578442 0.014140116 -14.085036278 0.774512589 0.043925472 0.631031454 125.020774841
0.583954215 0.062727794 -0.809359372 4.062839508 -0.079174668 0.996657670 0.020119315 -14.118659973 0.807916403 0.052332003 0.586968839 125.249458313
0.538233459 0.071621932 -0.839746892 3.620128632 -0.090783812 0.995512068 0.026719481 -14.142670631 0.837892056 0.061854135 0.542320013 125.461265564
0.491716802 0.076614358 -0.867378056 3.163818359 -0.096505955 0.994779944 0.033158340 -14.167414665 0.865390778 0.067402638 0.496543765 125.662803650
0.444265604 0.077831909 -0.892507851 2.701580048 -0.095727354 0.994639874 0.039087996 -14.192420959 0.890766203 0.068071969 0.449334919 125.844665527
0.397238553 0.079144932 -0.914296210 2.226116180 -0.092916213 0.994623244 0.045728605 -14.210535049 0.912999570 0.066787794 0.402456522 126.017677307
0.351247370 0.082555287 -0.932636023 1.729568481 -0.094927274 0.994112253 0.052245747 -14.236937523 0.931458056 0.070181429 0.357016057 126.166839600
0.307999611 0.085865542 -0.947503805 1.229675293 -0.100570075 0.993277311 0.057321940 -14.255406380 0.946055889 0.077635393 0.314564586 126.279067993
0.266282916 0.087286778 -0.959934592 0.708889008 -0.105186731 0.992575169 0.061076295 -14.271224022 0.958138347 0.084708810 0.273487270 126.383010864
0.226859182 0.083997063 -0.970298648 0.180496216 -0.105301403 0.992549002 0.061303418 -14.288365364 0.968218148 0.088266566 0.234013855 126.486358643
0.191593230 0.078489162 -0.978330970 -0.350608826 -0.100701816 0.993108571 0.059953623 -14.307207108 0.976294637 0.087033011 0.198176861 126.581314087
0.161128059 0.073255964 -0.984210908 -0.898729324 -0.098025255 0.993498325 0.057899218 -14.327041626 0.982053459 0.087148368 0.167261332 126.661468506
0.134999618 0.071675047 -0.988249779 -1.466089249 -0.099095486 0.993356347 0.058508500 -14.345849991 0.985877931 0.090032488 0.141205385 126.726715088
0.112983815 0.071051404 -0.991053164 -2.059887886 -0.099430375 0.993241668 0.059872866 -14.359818459 0.988609254 0.091776118 0.119284898 126.784126282
0.093908578 0.072061047 -0.992969513 -2.652145386 -0.101312682 0.992891192 0.062473875 -14.372841835 0.990412533 0.094733573 0.100541696 126.845169067
0.078068167 0.070740178 -0.994435251 -3.261315346 -0.102790497 0.992734432 0.062549628 -14.399833679 0.991634727 0.097335346 0.084772378 126.895309448
0.063761339 0.069649309 -0.995531797 -3.880355835 -0.101529166 0.992838442 0.062958181 -14.429313660 0.992787182 0.097061202 0.070376121 126.949356079
0.051740337 0.067218736 -0.996395767 -4.520435333 -0.097337358 0.993321180 0.061956812 -14.450896263 0.993905604 0.093780875 0.057937644 126.991043091
0.039370045 0.064801820 -0.997121215 -5.165618896 -0.095012940 0.993616223 0.060822565 -14.469099045 0.994697213 0.092344820 0.045275722 127.032272339
0.029303789 0.063565560 -0.997547328 -5.837800980 -0.094606824 0.993672252 0.060539477 -14.486799240 0.995083332 0.092600748 0.035132106 127.062225342
0.019721881 0.065065168 -0.997686088 -6.508830070 -0.097894929 0.993210912 0.062838152 -14.508782387 0.995001316 0.096429124 0.025957536 127.083106995
0.011282073 0.065107487 -0.997814417 -7.186622620 -0.100804947 0.992868483 0.063644975 -14.537138939 0.994842231 0.099866591 0.017764773 127.099555969
0.004636685 0.064379856 -0.997914612 -7.873643875 -0.102786660 0.992670417 0.063563935 -14.556751251 0.994692624 0.102277592 0.011220090 127.119163513
-0.000332497 0.065029785 -0.997883260 -8.572303772 -0.103606105 0.992510915 0.064714208 -14.572593689 0.994618297 0.103408322 0.006407478 127.134582520
-0.004070928 0.067711584 -0.997696579 -9.292002678 -0.105792604 0.992076755 0.067761853 -14.594098091 0.994379878 0.105824769 0.003124712 127.159484863
-0.004825236 0.071749888 -0.997410953 -10.029284477 -0.108150795 0.991534650 0.071850382 -14.618467331 0.994122803 0.108217478 0.002975420 127.160865784
-0.006041975 0.074564293 -0.997197926 -10.741860390 -0.110567190 0.991051793 0.074774645 -14.631116867 0.993850291 0.110709153 0.002256454 127.175987244
-0.006544910 0.080169395 -0.996759892 -11.482169151 -0.115483247 0.990051150 0.080388114 -14.638673782 0.993287802 0.115635172 0.002778427 127.182853699
-0.007905439 0.083892345 -0.996443570 -12.222023010 -0.118428715 0.989382982 0.084237494 -14.651678085 0.992931068 0.118673444 0.002113756 127.194908142
-0.009088468 0.084355049 -0.996394277 -12.974799156 -0.118671380 0.989302635 0.084837109 -14.669317245 0.992891967 0.119014531 0.001019284 127.211067200
-0.010459266 0.081316270 -0.996633470 -13.719093323 -0.116343133 0.989819884 0.081981301 -14.687644958 0.993153989 0.116808929 -0.000892200 127.231773376
-0.011887435 0.077645488 -0.996910095 -14.480849266 -0.119829066 0.989685237 0.078511640 -14.691097260 0.992723405 0.120392099 -0.002460633 127.242996216
-0.013046831 0.079162411 -0.996776402 -15.245864868 -0.125016242 0.988910079 0.080174014 -14.701967239 0.992068827 0.125659272 -0.003005553 127.245887756
-0.014671820 0.082687944 -0.996467471 -16.024679184 -0.121980898 0.988983095 0.083862908 -14.722629547 0.992423952 0.122780435 -0.004423832 127.261222839
-0.016839560 0.082805492 -0.996423423 -16.799182892 -0.120877258 0.989086747 0.084238626 -14.738890648 0.992524624 0.121863477 -0.006646482 127.277618408
-0.017606229 0.082165137 -0.996463180 -17.591375351 -0.124311827 0.988704801 0.083721831 -14.749166489 0.992087007 0.125346199 -0.007193265 127.274971008
-0.018800840 0.081564151 -0.996490896 -18.384845734 -0.128259793 0.988235354 0.083308332 -14.759405136 0.991562366 0.129375964 -0.008118255 127.291496277
-0.020031791 0.085880011 -0.996104062 -19.181728363 -0.130043641 0.987616420 0.087763444 -14.765481949 0.991305828 0.131295085 -0.008615577 127.300926208
-0.020875571 0.090922624 -0.995639145 -19.985092163 -0.129422531 0.987231195 0.092868388 -14.780187607 0.991369605 0.130796835 -0.008841578 127.316978455
-0.019769305 0.092932813 -0.995476127 -20.809705734 -0.130220026 0.986949980 0.094722912 -14.785502434 0.991288006 0.131503522 -0.007409603 127.328155518
-0.017903168 0.091891333 -0.995608091 -21.628128052 -0.129599482 0.987153769 0.093441509 -14.793848038 0.991404772 0.130703166 -0.005764111 127.340003967
-0.016508363 0.091760024 -0.995644271 -22.459222794 -0.129616797 0.987181008 0.093129165 -14.796408653 0.991426706 0.130589634 -0.004403105 127.348976135
-0.016681120 0.090976194 -0.995713353 -23.284152985 -0.127964512 0.987468243 0.092366651 -14.804071426 0.991638601 0.128956750 -0.004830347 127.376876831
-0.015739743 0.092741281 -0.995565832 -24.121904373 -0.128886208 0.987194240 0.093999103 -14.809272766 0.991534531 0.129794255 -0.003585108 127.395042419
-0.015503833 0.094816692 -0.995374024 -24.961303711 -0.130584598 0.986775339 0.096031591 -14.811141968 0.991316020 0.131469369 -0.002917198 127.416412354
-0.015283355 0.097389407 -0.995128989 -25.835149765 -0.133700877 0.986108541 0.098560005 -14.813491821 0.990903854 0.134555951 -0.002049997 127.427375793
-0.013784622 0.098434187 -0.995048046 -26.698282242 -0.135841876 0.985732138 0.099394463 -14.810504913 0.990634680 0.136539280 -0.000216460 127.441085815
-0.012015256 0.101577446 -0.994755030 -27.567771912 -0.142548800 0.984492004 0.102251254 -14.810453415 0.989714861 0.143029705 0.002650817 127.456459045
-0.009565850 0.105371431 -0.994386911 -28.447671890 -0.147214562 0.983448267 0.105628468 -14.805749893 0.989058316 0.147398666 0.006104688 127.471412659
-0.007537124 0.107096404 -0.994219959 -29.321838379 -0.149607003 0.982937157 0.107015185 -14.799730301 0.988716781 0.149548873 0.008613853 127.503341675
-0.003471460 0.108273484 -0.994115114 -30.219434738 -0.148758516 0.983004093 0.107582793 -14.803824425 0.988867462 0.148256540 0.012694143 127.524261475
-0.000798600 0.108081847 -0.994141698 -31.112281799 -0.151334628 0.982678950 0.106957205 -14.796839714 0.988482237 0.150533468 0.015571759 127.553039551
0.001541446 0.111845553 -0.993724465 -32.011844635 -0.151808575 0.982234359 0.110316850 -14.788658142 0.988408685 0.150685877 0.018493179 127.587814331
0.004008051 0.114032522 -0.993468940 -32.921882629 -0.151024804 0.982150555 0.112124063 -14.785182953 0.988521874 0.149589047 0.021158248 127.628707886
0.005764510 0.115131684 -0.993333459 -33.813995361 -0.151504248 0.981983602 0.112936951 -14.780666351 0.988439739 0.149843231 0.023103587 127.671195984
0.008407364 0.113270380 -0.993528605 -34.718120575 -0.152804062 0.982040524 0.110667601 -14.773157120 0.988220692 0.150884792 0.025564544 127.702919006
0.008607938 0.114490241 -0.993387103 -35.625583649 -0.157205194 0.981225610 0.111726388 -14.764578819 0.987528443 0.155203849 0.026444791 127.746948242
0.009778657 0.115069628 -0.993309379 -36.519485474 -0.157991588 0.981057227 0.112094946 -14.759668350 0.987392008 0.155838385 0.027773459 127.784240723
0.009924266 0.111431643 -0.993722677 -37.416763306 -0.158092603 0.981447637 0.108476333 -14.757074356 0.987374425 0.156023651 0.027356671 127.821914673
0.010856587 0.107364103 -0.994160414 -38.326038361 -0.159509137 0.981674016 0.104273736 -14.757974625 0.987136722 0.157445610 0.027783185 127.868431091
0.011443502 0.106536217 -0.994242966 -39.224182129 -0.159207672 0.981818199 0.103372425 -14.752296448 0.987178802 0.157108173 0.028196823 127.910285950
0.011336989 0.110579900 -0.993802547 -40.128280640 -0.161519468 0.981017292 0.107314728 -14.747170448 0.986804366 0.159301817 0.028982589 127.950798035
0.011473482 0.116841383 -0.993084311 -41.057647705 -0.162129879 0.980225384 0.113455333 -14.736577988 0.986702740 0.159706920 0.030190079 127.994026184
0.011748295 0.115678415 -0.993217230 -41.952186584 -0.159899786 0.980720937 0.112331606 -14.738309860 0.987063348 0.157495543 0.030018751 128.039230347
0.012668200 0.105251625 -0.994364977 -42.843299866 -0.159193888 0.981973052 0.101911858 -14.742418289 0.987166107 0.157005757 0.029195245 128.083160400
0.012877274 0.094691500 -0.995423377 -43.761386871 -0.160838857 0.982739091 0.091404200 -14.748683929 0.986896694 0.158925697 0.027885076 128.125335693
0.011890803 0.091658719 -0.995719492 -44.663391113 -0.157758012 0.983490705 0.088649087 -14.757263184 0.987406254 0.156028628 0.026154391 128.171112061
0.011738726 0.101641014 -0.994751930 -45.585399628 -0.150414199 0.983680367 0.098734781 -14.760233879 0.988553405 0.148465782 0.026835408 128.220977783
0.011676056 0.114841215 -0.993315160 -46.530921936 -0.145319238 0.983031392 0.111944087 -14.756949425 0.989315927 0.143040761 0.028166564 128.284591675
0.011786017 0.124166593 -0.992191374 -47.453701019 -0.145519912 0.981909573 0.121151268 -14.749717712 0.989285111 0.142955706 0.029641511 128.331069946
0.011887672 0.118207514 -0.992917717 -48.369300842 -0.145582721 0.982611835 0.115237594 -14.745326042 0.989274681 0.143181771 0.028889941 128.371948242
0.011807840 0.104707867 -0.994432926 -49.302799225 -0.145653754 0.984075129 0.101887763 -14.744846344 0.989265084 0.143639833 0.026870899 128.415710449
0.012380456 0.095773600 -0.995326102 -50.218730927 -0.146083504 0.984895587 0.092952862 -14.744329453 0.989194810 0.144249931 0.026184399 128.461135864
0.012879002 0.095792882 -0.995317936 -51.153804779 -0.144949093 0.985065341 0.092930555 -14.750646591 0.989355266 0.143073559 0.026571745 128.505996704
0.012469108 0.097116597 -0.995194912 -52.108791351 -0.148327246 0.984440804 0.094208717 -14.765192032 0.988859713 0.146439791 0.026680138 128.545547485
0.013114029 0.096650071 -0.995231986 -53.036781311 -0.152935043 0.983800828 0.093524739 -14.768340111 0.988149226 0.150979355 0.027682772 128.579940796
0.013561517 0.096141681 -0.995275319 -53.976455688 -0.154572695 0.983603239 0.092907995 -14.773505211 0.987888336 0.152582392 0.028200034 128.622848511
0.014143809 0.103839092 -0.994493544 -54.932773590 -0.163023382 0.981524348 0.100166373 -14.776073456 0.986520767 0.160708964 0.030810691 128.666748047
0.016274642 0.113125227 -0.993447423 -55.880683899 -0.169924989 0.979438484 0.108746298 -14.762983322 0.985322595 0.167041734 0.035162821 128.697021484
0.017631287 0.121371791 -0.992450535 -56.825668335 -0.170274734 0.978469431 0.116636977 -14.755879402 0.985238850 0.166932777 0.037918221 128.743362427
0.018375844 0.122326560 -0.992319763 -57.766990662 -0.171816871 0.978109360 0.117393062 -14.751125336 0.984957516 0.168340087 0.038991343 128.790817261
0.019791359 0.112680182 -0.993434131 -58.705493927 -0.173383504 0.978960574 0.107584327 -14.745903969 0.984655440 0.170115873 0.038911838 128.844635010
0.020693611 0.107572012 -0.993981898 -59.674953461 -0.171682909 0.979809165 0.102463953 -14.748620987 0.984934807 0.168529361 0.038744066 128.910064697
0.022887556 0.106026858 -0.994099736 -60.627281189 -0.170592576 0.980191171 0.100615785 -14.745742798 0.985075772 0.167283207 0.040521573 128.965072632
0.026436722 0.111929506 -0.993364394 -61.588417053 -0.171527088 0.979481876 0.105800360 -14.741052628 0.984824598 0.167591885 0.045093223 129.021072388
0.029917942 0.114432171 -0.992980421 -62.572132111 -0.174391195 0.978786170 0.107542105 -14.752056122 0.984221816 0.169949636 0.049239233 129.073471069
0.033597134 0.108958386 -0.993478358 -63.531234741 -0.174212530 0.979459941 0.101529472 -14.746917725 0.984134734 0.169665322 0.051888973 129.147888184
0.036905374 0.103211209 -0.993974507 -64.482391357 -0.174151450 0.980096221 0.095304027 -14.753141403 0.984026968 0.169584900 0.054145195 129.215118408
0.040296108 0.103109978 -0.993853271 -65.449691772 -0.171600327 0.980597198 0.094777070 -14.757122040 0.984342158 0.166726470 0.057207949 129.287170410
0.042906199 0.107316479 -0.993298531 -66.413742065 -0.169271037 0.980621457 0.098635048 -14.765428543 0.984635115 0.163904622 0.060240306 129.364990234
0.046079338 0.114364028 -0.992369652 -67.388397217 -0.168723851 0.980043054 0.105108999 -14.773283005 0.984585702 0.162593082 0.064455688 129.455947876
0.049680047 0.118100233 -0.991758049 -68.344047546 -0.166507423 0.980067253 0.108367212 -14.772397995 0.984787881 0.159751400 0.068354361 129.531692505
0.051161896 0.119801678 -0.991478682 -69.307853699 -0.165967852 0.979993701 0.109849729 -14.774904251 0.984803140 0.158933461 0.070021570 129.622207642
0.053332236 0.117113411 -0.991685450 -70.264297485 -0.164263546 0.980599225 0.106970213 -14.772395134 0.984973729 0.157192811 0.071535021 129.702285767
0.052977994 0.115383200 -0.991907418 -71.224212646 -0.161987960 0.981139123 0.105478816 -14.776256561 0.985369563 0.155088961 0.070669495 129.805908203
0.053242568 0.111711100 -0.992313385 -72.165679932 -0.158838138 0.982018530 0.102029666 -14.784755707 0.985867918 0.152184889 0.070029169 129.898880005
0.054034613 0.111834340 -0.992256701 -73.136924744 -0.157816544 0.982175469 0.102104008 -14.781195641 0.985988855 0.151077360 0.070720777 129.972198486
0.052992463 0.116074085 -0.991825938 -74.087516785 -0.154667050 0.982189894 0.106682636 -14.781213760 0.986544430 0.147749439 0.070001490 130.071777344
0.052317839 0.117596455 -0.991682291 -75.055580139 -0.148664936 0.982893944 0.108711228 -14.783699036 0.987502813 0.141740829 0.068905346 130.167755127
0.051258173 0.113914452 -0.992167354 -76.005378723 -0.145642638 0.983704805 0.105418511 -14.781952858 0.988008499 0.139098302 0.067013711 130.254913330
0.050026413 0.110171661 -0.992652774 -76.954261780 -0.147314832 0.983840048 0.101769380 -14.783730507 0.987823725 0.141141340 0.065447912 130.335891724
0.048916392 0.106220447 -0.993138731 -77.935638428 -0.143794611 0.984719574 0.098237470 -14.780735970 0.988397837 0.138002589 0.063442864 130.409713745
0.048261791 0.107636489 -0.993018210 -78.882095337 -0.144171149 0.984516501 0.099708110 -14.788226128 0.988375127 0.138352513 0.063032605 130.468048096
0.046768855 0.109109111 -0.992928863 -79.829376221 -0.144636780 0.984281003 0.101346150 -14.791584969 0.988378942 0.138874203 0.061814878 130.552993774
0.045991037 0.110446543 -0.992817402 -80.797294617 -0.147238895 0.983763158 0.102618650 -14.801326752 0.988031149 0.141461819 0.061506324 130.617599487
0.044170126 0.109848768 -0.992966413 -81.745819092 -0.146978900 0.983835280 0.102300555 -14.790470123 0.988152921 0.141426474 0.059601586 130.697753906
0.042115439 0.110378630 -0.992996812 -82.699035645 -0.147117153 0.983730257 0.103108965 -14.791832924 0.988222003 0.141744390 0.057668824 130.768554688
0.039896600 0.113278449 -0.992761970 -83.644096375 -0.146980971 0.983410418 0.106304601 -14.792719841 0.988334358 0.141675934 0.055884514 130.845016479
0.038239077 0.117194511 -0.992372513 -84.607154846 -0.147961944 0.982815742 0.110364504 -14.784593582 0.988253653 0.142613113 0.054922294 130.899612427
0.035976067 0.121863604 -0.991894603 -85.556732178 -0.149051368 0.982089818 0.115252897 -14.772012711 0.988174915 0.143696934 0.053495660 130.966003418
0.034177739 0.122065455 -0.991933405 -86.503318787 -0.149161831 0.982019842 0.115706027 -14.771304131 0.988222003 0.144004077 0.051770717 131.029846191
0.032924980 0.116211638 -0.992678583 -87.448692322 -0.149402767 0.982629895 0.110079855 -14.763193130 0.988228202 0.144684553 0.049715400 131.093154907
0.030720409 0.111855015 -0.993249536 -88.386665344 -0.154178232 0.982355773 0.105859593 -14.756602287 0.987565279 0.149885401 0.047423981 131.154693604
0.030477483 0.109314956 -0.993539751 -89.359962463 -0.152610809 0.982856214 0.103458039 -14.746721268 0.987816274 0.148471802 0.046637628 131.202682495
0.029537680 0.110492826 -0.993437827 -90.311447144 -0.148536608 0.983322024 0.104951292 -14.751868248 0.988465726 0.144461915 0.045457281 131.264678955
0.028829785 0.111453511 -0.993351340 -91.262199402 -0.145131886 0.983700633 0.106158555 -14.747334480 0.988992214 0.141106412 0.044535331 131.333129883
0.027620312 0.111525759 -0.993377626 -92.207771301 -0.140223131 0.984363139 0.106614873 -14.750724792 0.989734590 0.136349797 0.042826906 131.400650024
0.026650781 0.108548604 -0.993733883 -93.153457642 -0.136125341 0.985221088 0.103968009 -14.752220154 0.990333021 0.132501528 0.041033126 131.462356567
0.025609374 0.105451040 -0.994094610 -94.121566772 -0.130734369 0.986233830 0.101249255 -14.760041237 0.991086602 0.127369374 0.039042909 131.520935059
0.024604801 0.107960060 -0.993850648 -95.081756592 -0.128785476 0.986210108 0.103941731 -14.763583183 0.991367221 0.125436053 0.038169190 131.578842163
0.023488369 0.110537320 -0.993594289 -96.025337219 -0.128803939 0.985919714 0.106638618 -14.765764236 0.991391897 0.125474095 0.037395284 131.636093140
0.022087567 0.108288623 -0.993874073 -96.982719421 -0.123968504 0.986741066 0.104756385 -14.759392738 0.992040277 0.120895267 0.035219092 131.686416626
0.018680774 0.105370030 -0.994257629 -97.942916870 -0.121772498 0.987267733 0.102341324 -14.764108658 0.992382228 0.119161412 0.031274091 131.750961304
0.015797844 0.102932326 -0.994562924 -98.892265320 -0.120745599 0.987603903 0.100294165 -14.766627312 0.992557704 0.118504673 0.028030641 131.803894043
0.013472913 0.101520658 -0.994742155 -99.854522705 -0.114387073 0.988457978 0.099330030 -14.772699356 0.993344843 0.112447374 0.024930062 131.852172852
0.010475104 0.101323761 -0.994798422 -100.798263550 -0.108585700 0.989085138 0.099598452 -14.766963005 0.994031906 0.106977582 0.021363081 131.913696289
0.008538219 0.109021284 -0.994002700 -101.794357300 -0.098202348 0.989325285 0.107664734 -14.766241074 0.995129824 0.096694149 0.019153221 131.963989258
0.006002137 0.117377482 -0.993069232 -102.753837585 -0.090330958 0.989090800 0.116361268 -14.764559746 0.995893717 0.089006484 0.016539477 132.019729614
0.002563784 0.116561234 -0.993180215 -103.705802917 -0.086281277 0.989505529 0.115907229 -14.757061958 0.996267498 0.085395709 0.012593931 132.070526123
0.000422359 0.106460057 -0.994316876 -104.662551880 -0.087235756 0.990530252 0.106017590 -14.757630348 0.996187568 0.086695194 0.009705484 132.098999023
-0.001728409 0.097027384 -0.995280087 -105.609695435 -0.089057818 0.991311848 0.096795201 -14.757117271 0.996024966 0.088804774 0.006927654 132.137313843
-0.002428093 0.098781228 -0.995106220 -106.560768127 -0.096453793 0.990446210 0.098554000 -14.763102531 0.995334506 0.096221060 0.007122928 132.164871216
-0.002918287 0.108187847 -0.994126201 -107.533370972 -0.099768266 0.989138782 0.107937954 -14.751912117 0.995006442 0.099497244 0.007907123 132.193634033
-0.004347480 0.119622841 -0.992810011 -108.496536255 -0.103702039 0.987412453 0.119426601 -14.741447449 0.994598925 0.103475623 0.008112377 132.222763062
-0.005800743 0.121383674 -0.992588758 -109.438598633 -0.110908203 0.986403286 0.121275432 -14.732670784 0.993813813 0.110789724 0.007740577 132.254714966
-0.005393900 0.118374653 -0.992954493 -110.422859192 -0.118164487 0.985936463 0.118179910 -14.715832710 0.992979348 0.117969401 0.008669638 132.272079468
-0.005618905 0.114467606 -0.993411183 -111.377273560 -0.126280025 0.985392511 0.114257932 -14.704331398 0.991978765 0.126089990 0.008918146 132.297180176
-0.003816098 0.116560847 -0.993176281 -112.340858459 -0.130997822 0.984566391 0.116053715 -14.687725067 0.991375446 0.130546778 0.011512014 132.326019287
-0.002013071 0.117624618 -0.993056118 -113.325279236 -0.138973117 0.983388662 0.116761245 -14.669451714 0.990294099 0.138243124 0.014367024 132.347137451
-0.001462253 0.120479159 -0.992714822 -114.289230347 -0.148258343 0.981718779 0.119363040 -14.654334068 0.988947570 0.147352800 0.016426519 132.368301392
-0.001140267 0.122785069 -0.992432654 -115.264900208 -0.153784499 0.980606139 0.121498577 -14.635022163 0.988103747 0.152759328 0.017764287 132.395706177
-0.001035760 0.122132033 -0.992513299 -116.236793518 -0.157471985 0.980110765 0.120770209 -14.625136375 0.987522900 0.156418100 0.018217212 132.436386108
0.000337609 0.112800889 -0.993617594 -117.190979004 -0.156524748 0.981376171 0.111358024 -14.629083633 0.987673938 0.155488104 0.017987454 132.471420288
0.001867746 0.100966834 -0.994888008 -118.142623901 -0.159521550 0.982179701 0.099377647 -14.619720459 0.987192690 0.158520445 0.017940849 132.508361816
