1.000000000 0.000000000 0.000000000 0.000000000 0.000000000 1.000000000 0.000000000 0.000000000 0.000000000 0.000000000 1.000000000 0.000000000
0.999997675 -0.001686762 -0.001357551 0.049872324 0.001683832 0.999996245 -0.002156189 -0.133193091 0.001361183 0.002153899 0.999996781 1.297455549
0.999997795 0.000055249 -0.002107141 0.104491375 -0.000068743 0.999979436 -0.006404525 -0.267327815 0.002106744 0.006404656 0.999977291 2.603253841
0.999996066 0.002524283 -0.001191218 0.147858813 -0.002533583 0.999965727 -0.007870710 -0.406726420 0.001171310 0.007873696 0.999968290 3.907186747
0.999983013 0.005818373 0.000395554 0.191400364 -0.005815639 0.999961317 -0.006593374 -0.545945585 -0.000433902 0.006590961 0.999978125 5.219818592
0.999974310 0.006723388 0.002494968 0.241344869 -0.006715337 0.999972284 -0.003220959 -0.690999448 -0.002516554 0.003204122 0.999991715 6.538121700
0.999958336 0.007001613 0.005860898 0.296797484 -0.006990821 0.999973893 -0.001859584 -0.828220487 -0.005873765 0.001818534 0.999981105 7.841269970
0.999942541 0.005319518 0.009308101 0.350857556 -0.005303465 0.999984324 -0.001748411 -0.962856710 -0.009317256 0.001698945 0.999955118 9.148300171
0.999909878 0.004117368 0.012777752 0.424174398 -0.004095888 0.999990165 -0.001706778 -1.099489212 -0.012784655 0.001654288 0.999916971 10.444372177
0.999868751 0.002833631 0.015948420 0.494326115 -0.002795659 0.999993205 -0.002402643 -1.237758875 -0.015955120 0.002357741 0.999869943 11.758059502
0.999812126 0.001600490 0.019316167 0.569930911 -0.001539594 0.999993682 -0.003167038 -1.373356462 -0.019321118 0.003136704 0.999808431 13.051542282
0.999746382 0.001391639 0.022477427 0.643360138 -0.001320843 0.999994099 -0.003164183 -1.521741390 -0.022481702 0.003133691 0.999742329 14.373355865
0.999667645 0.001340447 0.025743028 0.730443895 -0.001233949 0.999990642 -0.004152396 -1.660549879 -0.025748348 0.004119251 0.999659956 15.666715622
0.999570906 0.002178251 0.029210459 0.804352283 -0.002056694 0.999989092 -0.004190789 -1.796677470 -0.029219270 0.004128913 0.999564469 16.968616486
0.999472439 0.001771399 0.032429289 0.895025611 -0.001650222 0.999991536 -0.003763037 -1.935667157 -0.032435685 0.003707536 0.999466956 18.255313873
0.999403775 0.000174852 0.034526244 0.993827820 -0.000051043 0.999993563 -0.003586785 -2.075909853 -0.034526650 0.003582883 0.999397337 19.552759171
0.999346852 -0.002323585 0.036059119 1.092252612 0.002502038 0.999984801 -0.004904553 -2.215745687 -0.036047168 0.004991572 0.999337614 20.829946518
0.999309659 -0.002003168 0.037096061 1.197124124 0.002247241 0.999976099 -0.006538960 -2.360475540 -0.037082084 0.006617811 0.999290228 22.131515503
0.999260902 -0.001984269 0.038389117 1.279783607 0.002335157 0.999955833 -0.009097631 -2.505387783 -0.038369369 0.009180551 0.999221444 23.418186188
0.999227822 -0.001442491 0.039264176 1.385565996 0.001859691 0.999942124 -0.010591005 -2.647230387 -0.039246626 0.010655846 0.999172688 24.701887131
0.999186695 -0.000855181 0.040314332 1.488289356 0.001309968 0.999935865 -0.011255980 -2.792886257 -0.040302105 0.011299636 0.999123693 25.969089508
0.999161303 -0.002267871 0.040884674 1.583776474 0.002688247 0.999943972 -0.010229951 -2.939654589 -0.040859185 0.010331278 0.999111593 27.257720947
0.999161005 -0.005440134 0.040591910 1.691290498 0.005808064 0.999943018 -0.008951688 -3.086333036 -0.040540908 0.009179939 0.999135673 28.535139084
0.999179482 -0.006724398 0.039938182 1.784927130 0.007107504 0.999930024 -0.009458238 -3.233765364 -0.039871782 0.009734336 0.999157369 29.823904037
0.999199927 -0.008396831 0.039102919 1.890900135 0.008869931 0.999889433 -0.011941094 -3.379530907 -0.038998328 0.012278377 0.999163806 31.090780258
0.999222815 -0.008364939 0.038517844 1.994588137 0.008837787 0.999887466 -0.012122241 -3.528519630 -0.038412105 0.012453234 0.999184310 32.378353119
0.999235868 -0.009028230 0.038027134 2.090383291 0.009517595 0.999873877 -0.012707522 -3.669077396 -0.037907615 0.013059739 0.999195874 33.645408630
0.999253571 -0.009618583 0.037413940 2.187880039 0.010099991 0.999868333 -0.012699429 -3.814814329 -0.037286870 0.013067828 0.999219298 34.916149139
0.999259412 -0.010178601 0.037109058 2.279253244 0.010674664 0.999855936 -0.013194225 -3.959688663 -0.036969412 0.013580580 0.999224186 36.173942566
0.999306381 -0.010855618 0.035622317 2.396391153 0.011340342 0.999845445 -0.013433625 -4.116801262 -0.035470981 0.013828277 0.999275029 37.465171814
0.999302983 -0.010419805 0.035846114 2.485203743 0.010845666 0.999872684 -0.011706363 -4.262363911 -0.035719577 0.012086981 0.999288738 38.728576660
0.999267757 -0.010464496 0.036802139 2.586657524 0.010856083 0.999886394 -0.010456610 -4.404376507 -0.036688529 0.010848481 0.999267876 39.992774963
0.999189794 -0.012200709 0.038350917 2.700252056 0.012550641 0.999881625 -0.008896959 -4.545352459 -0.038237836 0.009371079 0.999224722 41.240043640
0.999073386 -0.013299850 0.040931914 2.790322542 0.013720451 0.999855757 -0.010011831 -4.691470146 -0.040792849 0.010564159 0.999111772 42.503818512
0.998943269 -0.014485763 0.043618299 2.882711411 0.015071955 0.999800026 -0.013140331 -4.841620922 -0.043419234 0.013783857 0.998961866 43.755462646
0.998855352 -0.015681989 0.045187335 2.997853756 0.016339827 0.999765396 -0.014225587 -4.987288952 -0.044953644 0.014947659 0.998877168 45.017894745
0.998739898 -0.015828183 0.047623400 3.127598524 0.016468842 0.999778688 -0.013090394 -5.119696617 -0.047405660 0.013858202 0.998779535 46.255744934
0.998521268 -0.017027667 0.051627155 3.226465464 0.017540762 0.999801099 -0.009501740 -5.279160976 -0.051455088 0.010393270 0.998621225 47.520488739
0.998252094 -0.019966006 0.055624489 3.343080282 0.020424413 0.999761879 -0.007684798 -5.415310860 -0.055457804 0.008807464 0.998422146 48.749065399
0.998018146 -0.022073394 0.058929887 3.480159283 0.022588121 0.999712169 -0.008082705 -5.555397987 -0.058734510 0.009397800 0.998229384 50.011669159
0.997750223 -0.025249930 0.062102854 3.622038126 0.026033044 0.999590993 -0.011833107 -5.689526558 -0.061778672 0.013423214 0.997999549 51.240345001
0.997439146 -0.026824253 0.066299476 3.748779058 0.027663011 0.999547958 -0.011765349 -5.826569080 -0.065953903 0.013569262 0.997730374 52.467510223
0.997094870 -0.029191019 0.070352465 3.878655672 0.029909549 0.999510527 -0.009181391 -5.965597630 -0.070050009 0.011258934 0.997479856 53.689334869
0.996803224 -0.031953093 0.073228285 4.031551838 0.032482348 0.999454021 -0.006047668 -6.098206043 -0.072995059 0.008406962 0.997296870 54.899272919
0.996575594 -0.034483153 0.075153649 4.186600685 0.034907047 0.999381125 -0.004333719 -6.229279995 -0.074957684 0.006942269 0.997162521 56.108863831
0.996356308 -0.037738875 0.076484337 4.331945419 0.037951045 0.999278665 -0.001321915 -6.352092743 -0.076379277 0.004219759 0.997069836 57.327163696
0.996216536 -0.040687818 0.076792091 4.487550735 0.040793724 0.999167502 0.000189577 -6.478748798 -0.076735884 0.002943776 0.997047007 58.524677277
0.996139169 -0.042816006 0.076639384 4.631203651 0.043173447 0.999063075 -0.003012449 -6.604827881 -0.076438598 0.006309604 0.997054279 59.732868195
0.996143937 -0.044093762 0.075848863 4.780709267 0.044772688 0.998970687 -0.007273206 -6.733780861 -0.075450085 0.010641115 0.997092724 60.921741486
0.996151328 -0.045195930 0.075099096 4.907958984 0.046178289 0.998868108 -0.011395475 -6.860745430 -0.074499063 0.014819562 0.997111082 62.127063751
0.996189892 -0.046674617 0.073670231 5.053250790 0.047812790 0.998761594 -0.013761391 -6.993346691 -0.072936691 0.017231338 0.997187734 63.312808990
0.996308982 -0.047196500 0.071699955 5.186656952 0.048311464 0.998735666 -0.013895633 -7.130057335 -0.070953473 0.017308271 0.997329593 64.500701904
0.996528625 -0.046718080 0.068905331 5.321560383 0.047728710 0.998774588 -0.013093385 -7.266044140 -0.068209194 0.016336694 0.997537255 65.677543640
0.996794462 -0.045777034 0.065614745 5.443299294 0.046611372 0.998849869 -0.011240979 -7.406947613 -0.065024711 0.014263339 0.997781634 66.884582520
0.997187734 -0.042007823 0.062064651 5.563728809 0.042570487 0.999063194 -0.007770810 -7.536020756 -0.061680079 0.010391081 0.998041809 68.059967041
0.997451663 -0.040298901 0.058874231 5.683783531 0.040683441 0.999157727 -0.005347106 -7.662296295 -0.058609162 0.007728687 0.998251081 69.248924255
0.997678101 -0.039383635 0.055562787 5.798520088 0.039903302 0.999169290 -0.008274167 -7.797576904 -0.055190753 0.010472094 0.998420894 70.413734436
0.997836769 -0.039686963 0.052410603 5.906407356 0.040533237 0.999062777 -0.015183408 -7.930301666 -0.051758908 0.017274931 0.998510182 71.583496094
0.997895896 -0.043222029 0.048328709 6.022310257 0.044153281 0.998855889 -0.018370045 -8.073293686 -0.047479421 0.020465262 0.998662472 72.769111633
0.997917414 -0.046568718 0.044633701 6.126043320 0.047204796 0.998796701 -0.013304099 -8.210828781 -0.043960441 0.015383319 0.998914778 73.936019897
0.997913539 -0.050605398 0.040094294 6.232307434 0.051002927 0.998658359 -0.008954273 -8.334003448 -0.039587371 0.010980515 0.999155760 75.107658386
0.997976184 -0.052600995 0.035732348 6.328500271 0.052861184 0.998581469 -0.006375395 -8.452523232 -0.035346314 0.008251346 0.999341071 76.277687073
0.998190820 -0.051284380 0.031384811 6.417506218 0.051425572 0.998670042 -0.003708065 -8.584373474 -0.031152900 0.005315339 0.999500513 77.442565918
0.998303831 -0.051220804 0.027673917 6.505511284 0.051333088 0.998675883 -0.003361979 -8.707263947 -0.027465072 0.004776864 0.999611318 78.599639893
0.998512805 -0.048964191 0.023974169 6.589505672 0.049094193 0.998782277 -0.004863657 -8.838255882 -0.023706831 0.006033414 0.999700785 79.767486572
0.998616159 -0.047936514 0.021629063 6.650027752 0.048169538 0.998785198 -0.010384521 -8.960645676 -0.021104988 0.011412015 0.999712050 80.911460876
0.998533070 -0.051161367 0.017721137 6.735583782 0.051442754 0.998550951 -0.015804579 -9.086750031 -0.016886871 0.016693026 0.999718070 82.053527832
0.998378932 -0.055145863 0.014088796 6.807821274 0.055376772 0.998328149 -0.016562302 -9.220558167 -0.013151902 0.017315641 0.999763548 83.219978333
0.998414040 -0.055270821 0.010713715 6.863633633 0.055407092 0.998380899 -0.012867827 -9.357163429 -0.009985155 0.013441032 0.999859750 84.369842529
0.998404860 -0.055834975 0.008370638 6.922420979 0.055919915 0.998382330 -0.010281578 -9.485360146 -0.007783026 0.010733264 0.999912143 85.501121521
0.998563766 -0.053007592 0.007780499 6.970991611 0.053097703 0.998518765 -0.011870789 -9.615201950 -0.007139731 0.012266868 0.999899328 86.646110535
0.998744071 -0.049577963 0.007233624 7.026286602 0.049683306 0.998649478 -0.015193437 -9.746955872 -0.006470595 0.015533750 0.999858379 87.791908264
0.998803258 -0.048556149 0.005874030 7.082604885 0.048653688 0.998657227 -0.017790612 -9.877586365 -0.005002300 0.018055113 0.999824405 88.909820557
0.998756051 -0.049582802 0.005297130 7.138489246 0.049670763 0.998603165 -0.018012278 -10.014042854 -0.004396633 0.018252982 0.999823630 90.023384094
0.998722970 -0.050337244 0.004305476 7.180489540 0.050399918 0.998601556 -0.015956294 -10.146368027 -0.003496259 0.016152916 0.999863386 91.170341492
0.998629153 -0.052247737 0.003151007 7.240423203 0.052284312 0.998548508 -0.012927124 -10.274399757 -0.002471020 0.013074148 0.999911487 92.279937744
0.998651981 -0.051824503 0.002908073 7.292936325 0.051857267 0.998574615 -0.012629056 -10.399122238 -0.002249433 0.012762836 0.999916017 93.417633057
0.998626351 -0.052329697 0.002637241 7.339695454 0.052362416 0.998524070 -0.014416859 -10.537339211 -0.001878919 0.014535147 0.999892592 94.567779541
0.998623848 -0.052396234 0.002219912 7.395658493 0.052427489 0.998466432 -0.017773507 -10.667300224 -0.001285243 0.017865434 0.999839544 95.666893005
0.998570323 -0.053431306 0.001525899 7.454164028 0.053450789 0.998385429 -0.019221541 -10.796456337 -0.000496403 0.019275621 0.999814034 96.768638611
0.998578548 -0.053245421 0.002401839 7.495888233 0.053280067 0.998417914 -0.017965807 -10.928478241 -0.001441442 0.018068241 0.999835730 97.843406677
0.998596191 -0.052893668 0.002815719 7.549570084 0.052924387 0.998523176 -0.012260929 -11.050924301 -0.002163035 0.012392738 0.999920905 98.933120728
0.998677850 -0.051263034 0.003820687 7.605206490 0.051296763 0.998639882 -0.009324873 -11.168346405 -0.003337469 0.009508532 0.999949217 100.010147095
0.998745799 -0.049708713 0.006003632 7.658903599 0.049764797 0.998714924 -0.009585176 -11.281311035 -0.005519451 0.009871923 0.999935985 101.061386108
0.998829365 -0.047765270 0.007653342 7.712616920 0.047847550 0.998794615 -0.010952954 -11.408908844 -0.007120946 0.011306325 0.999910712 102.105056763
0.998796225 -0.048015397 0.010028280 7.768702507 0.048149358 0.998747945 -0.013573377 -11.524987221 -0.009363992 0.014039895 0.999857545 103.120750427
0.998699725 -0.049663994 0.011499738 7.839873314 0.049826767 0.998655081 -0.014329176 -11.642690659 -0.010772629 0.014883540 0.999831200 104.131668091
0.998593152 -0.051264115 0.013554936 7.896051884 0.051443808 0.998587847 -0.013257443 -11.765693665 -0.012856162 0.013936107 0.999820232 105.129928589
0.998581767 -0.051033076 0.015170700 7.958905697 0.051218320 0.998614371 -0.012083633 -11.877400398 -0.014533013 0.012843513 0.999811947 106.090072632
0.998497307 -0.052244149 0.016543059 8.020140648 0.052420840 0.998570502 -0.010432866 -11.987087250 -0.015974350 0.011284390 0.999808848 107.040039062
0.998423696 -0.053095847 0.018194754 8.082131386 0.053298958 0.998519421 -0.010865169 -12.093854904 -0.017590923 0.011817803 0.999775469 107.958061218
0.998415291 -0.052571375 0.020078935 8.142115593 0.052761789 0.998565912 -0.009074057 -12.193368912 -0.019573104 0.010119078 0.999757230 108.861640930
0.998417139 -0.051765293 0.021988608 8.200014114 0.051928461 0.998626828 -0.006915612 -12.291711807 -0.021600425 0.008046500 0.999734342 109.732315063
0.998387694 -0.051860310 0.023073614 8.263414383 0.051956363 0.998642921 -0.003582891 -12.396116257 -0.022856491 0.004775936 0.999727309 110.584739685
0.998340607 -0.052013010 0.024708942 8.324485779 0.052115917 0.998634815 -0.003539016 -12.487583160 -0.024491129 0.004820873 0.999688387 111.411300659
0.998361170 -0.050909031 0.026139379 8.372787476 0.051000305 0.998694599 -0.002836619 -12.576769829 -0.025960851 0.004165085 0.999654233 112.220008850
0.998458087 -0.048677031 0.026683142 8.425468445 0.048763830 0.998806834 -0.002611522 -12.656184196 -0.026524188 0.003908667 0.999640524 113.001426697
0.998605251 -0.046062030 0.025802668 8.473619461 0.046065941 0.998938262 0.000443404 -12.733648300 -0.025795694 0.000745838 0.999666929 113.751770020
0.998673856 -0.046165913 0.022787454 8.519388199 0.046139490 0.998933613 0.001684494 -12.820444107 -0.022840925 -0.000630859 0.999738872 114.498901367
0.998798788 -0.046134666 0.016513672 8.555237770 0.046114191 0.998934925 0.001618510 -12.893207550 -0.016570752 -0.000855051 0.999862373 115.195404053
0.998982012 -0.044668000 0.006301986 8.579377174 0.044662528 0.999001682 0.001006241 -12.973372459 -0.006340640 -0.000723754 0.999979675 115.860031128
0.999100327 -0.041737020 -0.007522028 8.576601028 0.041720215 0.999126554 -0.002376842 -13.037568092 0.007614659 0.002060883 0.999968886 116.510574341
0.998827159 -0.040394254 -0.026695557 8.580027580 0.040283460 0.999177337 -0.004675279 -13.107551575 0.026862446 0.003594407 0.999632657 117.130882263
0.998054564 -0.038702875 -0.048881229 8.544573784 0.038414314 0.999238551 -0.006829387 -13.178259850 0.049108326 0.004938361 0.998781264 117.719055176
0.996371448 -0.037042737 -0.076628566 8.505558014 0.036473840 0.999295712 -0.008810798 -13.244249344 0.076900981 0.005983889 0.997020721 118.286514282
0.993427694 -0.035183787 -0.108919226 8.435370445 0.034220144 0.999356925 -0.010704470 -13.312415123 0.109225802 0.006906886 0.993992925 118.833396912
0.989073753 -0.030469667 -0.144237816 8.333276749 0.028965199 0.999502003 -0.012519396 -13.372827530 0.144547433 0.008204727 0.989463985 119.359916687
0.982932389 -0.024513718 -0.182326704 8.212221146 0.022681471 0.999669194 -0.012127984 -13.431045532 0.182563692 0.007785550 0.983163297 119.881050110
0.974371791 -0.019207729 -0.224121869 8.077344894 0.017344106 0.999796689 -0.010281092 -13.487530708 0.224273771 0.006130412 0.974506974 120.380218506
0.963081419 -0.014311874 -0.268829703 7.907733917 0.012492638 0.999885976 -0.008476814 -13.551647186 0.268920362 0.004805470 0.963150501 120.873092651
0.948879242 -0.008416406 -0.315527022 7.700351715 0.005810153 0.999940813 -0.009199763 -13.608895302 0.315585792 0.006896205 0.948871911 121.357070923
0.931580901 -0.000605383 -0.363533437 7.474689484 -0.003188261 0.999946594 -0.009835340 -13.665453911 0.363519937 0.010321455 0.931529284 121.816230774
0.910425067 0.004303655 -0.413651615 7.239692688 -0.009543640 0.999898314 -0.010602043 -13.719942093 0.413563907 0.013600107 0.910373449 122.241889954
0.885358989 0.008735645 -0.464826077 6.966911316 -0.014745019 0.999848068 -0.009294480 -13.774195671 0.464674175 0.015082819 0.885353267 122.659133911
0.856503963 0.011861949 -0.516004086 6.664001465 -0.019413119 0.999768972 -0.009240639 -13.821497917 0.515775204 0.017931895 0.856536269 123.075286865
0.824899435 0.021545429 -0.564868569 6.342075348 -0.030114302 0.999529362 -0.005852667 -13.869940758 0.564476728 0.021838486 0.825160027 123.443252563
0.791079760 0.034973361 -0.610712409 6.007095337 -0.043669410 0.999045849 0.000645149 -13.912808418 0.610152304 0.026159082 0.791852295 123.785232544
0.755412936 0.044177186 -0.653758049 5.642532349 -0.055512335 0.998452485 0.003325523 -13.954949379 0.652893245 0.033779491 0.756696343 124.104553223
0.715944469 0.047936924 -0.696509600 5.266197205 -0.062658496 0.998025835 0.004281758 -14.005040169 0.695339799 0.040576745 0.717534721 124.402694702
0.673305094 0.049253721 -0.737722397 4.892002106 -0.065006502 0.997858107 0.007291394 -14.047614098 0.736501455 0.043047413 0.675064802 124.691131592
0.629505157 0.052667089 -0.775209308 4.489421844 -0.068446971 0.997580290 0.012192730 -14.078397751 0.773975611 0.045385342 0.631586909 124.954452515
0.584751010 0.062136430 -0.808829606 4.059787750 -0.080087595 0.996613085 0.018662382 -14.120949745 0.807249784 0.053864375 0.587746859 125.184608459
0.539445698 0.071761690 -0.838956833 3.618141174 -0.091872856 0.995429337 0.026071990 -14.150247574 0.836993217 0.063012943 0.543573141 125.387626648
0.492382228 0.076737955 -0.866989672 3.168731689 -0.097345054 0.994711399 0.032758337 -14.176655769 0.864918232 0.068267539 0.497248352 125.587646484
0.445913911 0.077799261 -0.891688287 2.701419830 -0.097086675 0.994541705 0.038222220 -14.196704865 0.889794827 0.069527239 0.451033294 125.764732361
0.399169058 0.079574428 -0.913417697 2.228473663 -0.094696254 0.994477093 0.045253254 -14.218593597 0.911974072 0.068433531 0.404499888 125.932342529
0.353199780 0.082115829 -0.931937099 1.739074707 -0.096268937 0.994042575 0.051102649 -14.239103317 0.930581629 0.071667150 0.359000921 126.079231262
0.309120923 0.085704900 -0.947153032 1.231227875 -0.102021784 0.993172228 0.056572326 -14.260937691 0.945534647 0.079142563 0.315754145 126.202346802
0.267635107 0.087358475 -0.959551990 0.716602325 -0.106692135 0.992443919 0.060594786 -14.278632164 0.957595050 0.086159348 0.274933368 126.306068420
0.228729546 0.083772145 -0.969878912 0.191452026 -0.106925264 0.992424488 0.060502984 -14.293992996 0.967600048 0.089865737 0.235954180 126.400718689
0.193630874 0.078774467 -0.977906764 -0.345960617 -0.101652808 0.993017077 0.059863858 -14.314325333 0.975793898 0.087815478 0.200286433 126.495689392
0.163431495 0.074185468 -0.983761489 -0.896793365 -0.099789865 0.993297517 0.058326576 -14.337196350 0.981494844 0.088637009 0.169739068 126.572792053
0.136832401 0.072513081 -0.987936676 -1.459890366 -0.100721851 0.993166864 0.058946677 -14.357454300 0.985460281 0.091440991 0.143201053 126.644477844
0.115066424 0.071884505 -0.990753472 -2.045502663 -0.101739779 0.992986083 0.060230412 -14.372493744 0.988133907 0.093868546 0.121572897 126.705513000
0.096608296 0.073190339 -0.992627800 -2.652894974 -0.103917591 0.992583930 0.063073248 -14.386314392 0.989882827 0.097058110 0.103497624 126.758193970
0.080618553 0.071745947 -0.994159579 -3.257172585 -0.105217457 0.992445946 0.063089967 -14.413622856 0.991176069 0.099516712 0.087558523 126.807266235
0.066923894 0.071047962 -0.995225310 -3.913528442 -0.103966288 0.992528260 0.063864231 -14.444517136 0.992326796 0.099195838 0.073810436 126.854728699
0.054669771 0.068423003 -0.996157408 -4.544540405 -0.099870145 0.993021309 0.062726662 -14.465248108 0.993497431 0.096057117 0.061121654 126.903259277
0.042409472 0.066114657 -0.996910393 -5.195430756 -0.097527258 0.993316770 0.061727434 -14.484383583 0.994328856 0.094608106 0.048574008 126.947143555
0.032108448 0.065690018 -0.997323453 -5.857017517 -0.097508349 0.993283808 0.062284708 -14.503384590 0.994716585 0.095247477 0.038298130 126.974624634
0.022359021 0.067464203 -0.997471273 -6.541662216 -0.101490945 0.992719352 0.064867832 -14.531486511 0.994585276 0.099783890 0.029043244 127.001541138
0.013975537 0.066543415 -0.997685671 -7.222633362 -0.103834048 0.992485285 0.064742059 -14.549179077 0.994496346 0.102688938 0.020779986 127.021041870
0.007759244 0.065814286 -0.997801721 -7.910257339 -0.106464542 0.992214501 0.064617850 -14.569298744 0.994286180 0.105729118 0.014705726 127.036323547
0.002118208 0.067281149 -0.997731745 -8.615190506 -0.106903113 0.992031634 0.066669807 -14.591753960 0.994267106 0.106519416 0.009293892 127.059242249
-0.001098947 0.069905221 -0.997553051 -9.324360847 -0.109305441 0.991568148 0.069606230 -14.610267639 0.994007647 0.109114476 0.006551341 127.078895569
-0.002091335 0.073559158 -0.997288644 -10.041872978 -0.111114495 0.991098106 0.073335551 -14.632946968 0.993805408 0.110966608 0.006100770 127.093719482
-0.003765407 0.077185087 -0.997009695 -10.778876305 -0.113206275 0.990574539 0.077114433 -14.653022766 0.993564367 0.113158144 0.005007919 127.117263794
-0.004442004 0.082442947 -0.996585906 -11.519432068 -0.118115179 0.989576042 0.082389511 -14.657475471 0.992989957 0.118077897 0.005342063 127.127525330
-0.005651259 0.086062133 -0.996273696 -12.264421463 -0.120966010 0.988914549 0.086112566 -14.666704178 0.992640495 0.121001907 0.004821981 127.140380859
-0.007328258 0.086871199 -0.996192575 -13.009257317 -0.120675951 0.988861740 0.087119646 -14.687635422 0.992664933 0.120854914 0.003236629 127.164833069
-0.009170130 0.083703496 -0.996448398 -13.751088142 -0.118040070 0.989432633 0.084200434 -14.704305649 0.992966533 0.118392989 0.000807141 127.192283630
-0.010643824 0.080390342 -0.996706605 -14.511713028 -0.121810734 0.989235520 0.081088558 -14.708796501 0.992496312 0.122272648 -0.000736843 127.206527710
-0.011666852 0.081965275 -0.996566892 -15.290498734 -0.127068952 0.988433242 0.082783900 -14.718338013 0.991825223 0.127598554 -0.001116665 127.208847046
-0.013561752 0.085745968 -0.996224821 -16.058553696 -0.123957366 0.988486707 0.086767390 -14.732258797 0.992194951 0.124666110 -0.002776768 127.228477478
-0.016297322 0.086092651 -0.996153891 -16.825641632 -0.123098187 0.988534033 0.087448031 -14.752545357 0.992260695 0.124049932 -0.005512609 127.253753662
-0.016785743 0.084942959 -0.996244431 -17.626688004 -0.125898868 0.988274753 0.086384729 -14.758971214 0.991900980 0.126876071 -0.005894704 127.249778748
-0.017255954 0.084668547 -0.996259689 -18.413316727 -0.130568355 0.987684727 0.086201333 -14.762822151 0.991289139 0.131567493 -0.005988409 127.250633240
-0.018252056 0.089291200 -0.995838284 -19.217208862 -0.132664979 0.986981213 0.090928569 -14.769360542 0.990992785 0.133772478 -0.006168623 127.255577087
-0.018925222 0.093391016 -0.995449603 -20.028535843 -0.130987346 0.986814976 0.095071234 -14.774842262 0.991203308 0.132190555 -0.006442650 127.272743225
-0.019130303 0.096043259 -0.995193303 -20.851982117 -0.132983103 0.986287117 0.097740062 -14.787371635 0.990933657 0.134213671 -0.006095841 127.299285889
-0.017363166 0.094797090 -0.995345235 -21.669996262 -0.132432550 0.986506283 0.096265487 -14.791176796 0.991039872 0.133487567 -0.004574654 127.313034058
-0.016197098 0.094912484 -0.995353818 -22.501276016 -0.132516727 0.986499012 0.096224517 -14.793941498 0.991048455 0.133459568 -0.003400933 127.326087952
-0.016100945 0.093847536 -0.995456338 -23.334220886 -0.131168291 0.986783206 0.095151447 -14.798629761 0.991229355 0.132104337 -0.003578319 127.350357056
-0.015237149 0.095881335 -0.995276153 -24.172492981 -0.132092506 0.986474395 0.097055681 -14.803535461 0.991120279 0.132947385 -0.002365852 127.370201111
-0.014812521 0.097814657 -0.995094419 -25.009790421 -0.133734301 0.986068130 0.098918103 -14.801756859 0.990906477 0.134543478 -0.001524982 127.391075134
-0.014575028 0.100550875 -0.994825125 -25.881584167 -0.136874169 0.985364377 0.101599954 -14.803110123 0.990481198 0.137646675 -0.000598896 127.402862549
-0.012994424 0.101750538 -0.994725108 -26.745639801 -0.139060184 0.984957993 0.102568045 -14.798456192 0.990198672 0.139659494 0.001350489 127.416351318
-0.011423492 0.104875341 -0.994419813 -27.614921570 -0.145768628 0.983686149 0.105417877 -14.796471596 0.989252806 0.146159425 0.004050404 127.434768677
-0.009061659 0.108854212 -0.994016409 -28.496976852 -0.150663316 0.982560635 0.108973190 -14.790395737 0.988543570 0.150749266 0.007496710 127.450279236
-0.007003075 0.110605665 -0.993839622 -29.372156143 -0.153063104 0.982033551 0.110370308 -14.781798363 0.988191605 0.152893081 0.010052392 127.482345581
-0.003257894 0.111516550 -0.993757248 -30.269586563 -0.152184546 0.982131839 0.110710882 -14.780742645 0.988346636 0.151595190 0.013771416 127.507225037
-0.000782428 0.111365408 -0.993779182 -31.159168243 -0.154741853 0.981795907 0.110144354 -14.771619797 0.987954617 0.153865397 0.016464705 127.540046692
0.002003453 0.115330659 -0.993325114 -32.063964844 -0.155292988 0.981312335 0.113622703 -14.761664391 0.987866402 0.154028773 0.019876054 127.567871094
0.003923086 0.117644452 -0.993048012 -32.976093292 -0.154615939 0.981185138 0.115628220 -14.757966042 0.987966835 0.153087422 0.022038972 127.614952087
0.005688282 0.119045116 -0.992872477 -33.868751526 -0.155310243 0.980945349 0.116725273 -14.752170563 0.987849295 0.153539315 0.024068821 127.657363892
0.008335295 0.117117144 -0.993083060 -34.771736145 -0.156543180 0.981025517 0.114381261 -14.741029739 0.987635851 0.154506996 0.026511028 127.689682007
0.008301691 0.118364975 -0.992935479 -35.679729462 -0.161030263 0.980168223 0.115496717 -14.729872704 0.986914515 0.158933848 0.027197396 127.735534668
0.009283296 0.118916444 -0.992860913 -36.572624207 -0.161766753 0.980003595 0.115863994 -14.721813202 0.986785352 0.159536272 0.028334390 127.774948120
0.009675973 0.115576304 -0.993251503 -37.471488953 -0.162266806 0.980313957 0.112490118 -14.717353821 0.986699581 0.160083294 0.028239688 127.810287476
0.010491879 0.111404307 -0.993719876 -38.386295319 -0.163337022 0.980617881 0.108210951 -14.715086937 0.986514688 0.161175877 0.028484976 127.857971191
0.010992090 0.110598713 -0.993804336 -39.282890320 -0.162995994 0.980769813 0.107345283 -14.706318855 0.986565471 0.160806209 0.028807860 127.901237488
0.010951711 0.114762306 -0.993332565 -40.188892365 -0.165422052 0.979912460 0.111388028 -14.698167801 0.986162066 0.163099229 0.029715931 127.940826416
0.011285068 0.121202283 -0.992563665 -41.122375488 -0.166417539 0.979010940 0.117655240 -14.687303543 0.985990763 0.163852245 0.031218391 127.982429504
0.011451939 0.119960584 -0.992712557 -42.017032623 -0.164256275 0.979517341 0.116471186 -14.684629440 0.986351311 0.161725461 0.030921653 128.028869629
0.012430584 0.109571353 -0.993901253 -42.906536102 -0.163533479 0.980817556 0.106083669 -14.686859131 0.986459553 0.161217406 0.030110722 128.074172974
0.012391458 0.099160835 -0.994994283 -43.833160400 -0.165063128 0.981621981 0.095772497 -14.690047264 0.986205161 0.163050056 0.028531525 128.116302490
0.011342392 0.096146598 -0.995302618 -44.732734680 -0.161830053 0.982421160 0.093058050 -14.695237160 0.986753464 0.160014316 0.026702417 128.164306641
0.011490890 0.106003843 -0.994299293 -45.656532288 -0.154568315 0.982601523 0.102970406 -14.692676544 0.987915218 0.152503982 0.027675802 128.213287354
0.011389323 0.119257383 -0.992798030 -46.591087341 -0.149579585 0.981894195 0.116231613 -14.687772751 0.988684118 0.147178486 0.029021578 128.273529053
0.011639312 0.128078356 -0.991695762 -47.511741638 -0.149925739 0.980775356 0.124908336 -14.674404144 0.988628805 0.147226870 0.030617796 128.320678711
0.011699538 0.122284964 -0.992426038 -48.428718567 -0.150384814 0.981420517 0.119156018 -14.667058945 0.988558352 0.147851750 0.029871969 128.360321045
0.011674165 0.108875863 -0.993986785 -49.343555450 -0.150074631 0.982985795 0.105908275 -14.662189484 0.988605738 0.147935808 0.027815046 128.406143188
0.012243115 0.100010663 -0.994911075 -50.257919312 -0.150604665 0.983819664 0.097042434 -14.658533096 0.988518238 0.148650154 0.027107092 128.450973511
0.012670820 0.099942356 -0.994912565 -51.181106567 -0.149729848 0.983963728 0.096935600 -14.662511826 0.988645792 0.147739843 0.027431976 128.497833252
0.012049273 0.101752304 -0.994736731 -52.126625061 -0.152727932 0.983323753 0.098734848 -14.677625656 0.988194764 0.150734395 0.027388752 128.541732788
0.012753899 0.101212770 -0.994783103 -53.054733276 -0.157398447 0.982664287 0.097961798 -14.676082611 0.987452805 0.155327931 0.028463539 128.575515747
0.013303631 0.100641787 -0.994833708 -53.996585846 -0.159122452 0.982456207 0.097261705 -14.674725533 0.987169206 0.157006487 0.029084599 128.615966797
0.013757298 0.108378492 -0.994014502 -54.955219269 -0.167954981 0.980234742 0.104551531 -14.676120758 0.985698581 0.165511325 0.031688090 128.659500122
0.015071314 0.117880739 -0.992913425 -55.895141602 -0.173353031 0.978296161 0.113514043 -14.665771484 0.984744430 0.170413733 0.035179190 128.700744629
0.016225088 0.126170278 -0.991875887 -56.852661133 -0.173805773 0.977259994 0.121467970 -14.655765533 0.984646201 0.170422941 0.037785251 128.744934082
0.017485227 0.126524061 -0.991809487 -57.809368134 -0.175719634 0.976910532 0.121525541 -14.638904572 0.984284937 0.172155455 0.039314263 128.791595459
0.019032786 0.117058888 -0.992942572 -58.756546021 -0.177394718 0.977760971 0.111868806 -14.635185242 0.983955860 0.174013570 0.039375141 128.841705322
0.020169854 0.111868344 -0.993518353 -59.693367004 -0.175736547 0.978645742 0.106626026 -14.625111580 0.984230578 0.172446832 0.039398499 128.899871826
0.022092640 0.110273242 -0.993655741 -60.664512634 -0.174276471 0.979105711 0.104783721 -14.620313644 0.984448910 0.170855865 0.040849064 128.958038330
0.025353942 0.116323881 -0.992887676 -61.628925323 -0.176041812 0.978205204 0.110108405 -14.614461899 0.984056115 0.171998024 0.045279231 129.020187378
0.028879633 0.118558027 -0.992527068 -62.598800659 -0.178601727 0.977574766 0.111575194 -14.614967346 0.983497441 0.174044803 0.049406674 129.074523926
0.032604828 0.113692544 -0.992980778 -63.555778503 -0.177669987 0.978344917 0.106182911 -14.613445282 0.983549833 0.172960818 0.052098513 129.137985229
0.035854794 0.107882500 -0.993516982 -64.511512756 -0.177620634 0.979015470 0.099897742 -14.615161896 0.983445644 0.172887251 0.054264564 129.205001831
0.039543562 0.107392803 -0.993430018 -65.468070984 -0.175059840 0.979575217 0.098926790 -14.608911514 0.983763278 0.169997752 0.057536069 129.276489258
0.041648529 0.112105280 -0.992823064 -66.424301147 -0.172383100 0.979590178 0.103379637 -14.625273705 0.984149098 0.166840300 0.060123533 129.366226196
0.045270074 0.118688069 -0.991899014 -67.382850647 -0.171806797 0.979047477 0.109309062 -14.621049881 0.984089971 0.165466577 0.064712971 129.444763184
0.047992889 0.122261643 -0.991336823 -68.348228455 -0.169630259 0.979061484 0.112535529 -14.617016792 0.984338403 0.162759826 0.067727253 129.528717041
0.049943794 0.124342181 -0.990981579 -69.330612183 -0.169436455 0.978892207 0.114285968 -14.617645264 0.984274685 0.162200555 0.069957688 129.612442017
0.052305084 0.121457279 -0.991217613 -70.273223877 -0.168156281 0.979474485 0.111144990 -14.613153458 0.984371722 0.160866052 0.071655303 129.686828613
0.052967187 0.120001145 -0.991359770 -71.218704224 -0.166127101 0.979978204 0.109747440 -14.613055229 0.984680831 0.158878684 0.071842134 129.776458740
0.053745966 0.116245292 -0.991765320 -72.165695190 -0.162988529 0.980902255 0.106139302 -14.615098953 0.985163093 0.155941784 0.071666181 129.864685059
0.053443681 0.115891330 -0.991823077 -73.161651611 -0.161504671 0.981168747 0.105943859 -14.603648186 0.985423803 0.154522032 0.071154252 129.950317383
0.053166654 0.120790161 -0.991253257 -74.114830017 -0.158235967 0.981134415 0.111069992 -14.604282379 0.985968947 0.150946721 0.071276993 130.038299561
0.052616797 0.122212403 -0.991108298 -75.076393127 -0.152155131 0.981876016 0.112996250 -14.601730347 0.986955106 0.144856691 0.070258424 130.137680054
0.052026249 0.117518269 -0.991707027 -76.034355164 -0.149457946 0.982783735 0.108620092 -14.584961891 0.987398446 0.142567411 0.068694599 130.220153809
0.050394122 0.114165887 -0.992182732 -76.993316650 -0.151808500 0.982776940 0.105373092 -14.587939262 0.987124443 0.145311579 0.066857554 130.296218872
0.049176652 0.111582994 -0.992537677 -77.942398071 -0.148287848 0.983542264 0.103224583 -14.588615417 0.987720907 0.142105043 0.064913727 130.380462646
0.047820054 0.112398572 -0.992511868 -78.906394958 -0.148488417 0.983407795 0.104213253 -14.587768555 0.987757266 0.142393023 0.063716501 130.452392578
0.047129586 0.113319196 -0.992440224 -79.860877991 -0.149640039 0.983133376 0.105150312 -14.583592415 0.987616658 0.143553108 0.063291758 130.527267456
0.045638394 0.113596462 -0.992478192 -80.815132141 -0.151232585 0.982847810 0.105539881 -14.582411766 0.987444103 0.145278350 0.062035080 130.603103638
0.044392187 0.114264026 -0.992458105 -81.764144897 -0.150879189 0.982809007 0.106404357 -14.579566002 0.987554967 0.145017728 0.060869105 130.671615601
0.042217165 0.114828669 -0.992487848 -82.730133057 -0.151049420 0.982688785 0.107269809 -14.580707550 0.987624288 0.145386115 0.058831144 130.746032715
0.040657613 0.116936862 -0.992306769 -83.679946899 -0.151287168 0.982398331 0.109570540 -14.566937447 0.987653375 0.145668373 0.057633016 130.818862915
0.039139137 0.120604448 -0.991928816 -84.633552551 -0.152516559 0.981778979 0.113352448 -14.555439949 0.987525642 0.146849051 0.056820162 130.879943848
0.037075005 0.125588879 -0.991389275 -85.582252502 -0.153652996 0.980990589 0.118525393 -14.542355537 0.987429082 0.147935614 0.055667333 130.946166992
0.034790419 0.125375748 -0.991499126 -86.537315369 -0.153794840 0.980953753 0.118645810 -14.534537315 0.987490118 0.148359686 0.053409938 131.009353638
0.033820007 0.120278388 -0.992163956 -87.481903076 -0.153884098 0.981520295 0.113742627 -14.526702881 0.987510026 0.148831457 0.051703956 131.071487427
0.031265255 0.115444258 -0.992821753 -88.430763245 -0.157967359 0.981394231 0.109140880 -14.511690140 0.986949265 0.153421089 0.048919961 131.133956909
0.030057095 0.113233060 -0.993113697 -89.373161316 -0.155880854 0.981937170 0.107240908 -14.505820274 0.987318456 0.151584074 0.047165040 131.200912476
0.029572990 0.114418544 -0.992992342 -90.338081360 -0.151278973 0.982495904 0.108703732 -14.504141808 0.988048613 0.147004172 0.046364460 131.256423950
0.029039307 0.115920670 -0.992833853 -91.286956787 -0.148257837 0.982766390 0.110408805 -14.499771118 0.988522351 0.143989205 0.045724992 131.319168091
0.027867023 0.115614355 -0.992903173 -92.239051819 -0.142869070 0.983552098 0.110515714 -14.497988701 0.989349186 0.138775438 0.043926384 131.388626099
0.026543394 0.112730160 -0.993271053 -93.180686951 -0.138869107 0.984402776 0.108012624 -14.497698784 0.989954948 0.135067657 0.041784126 131.454910278
0.025930610 0.109716363 -0.993624687 -94.125602722 -0.133659616 0.985414922 0.105321720 -14.499122620 0.990687966 0.130076408 0.040217057 131.518051147
0.024375606 0.112677075 -0.993332624 -95.105766296 -0.132277146 0.985255063 0.108514808 -14.504286766 0.990913033 0.128750101 0.038920786 131.571502686
0.023032330 0.114984646 -0.993100226 -96.054397583 -0.131649226 0.985062122 0.111000709 -14.498508453 0.991028845 0.128184289 0.037825912 131.630447388
0.021711640 0.112758912 -0.993385136 -97.012771606 -0.127445966 0.985825300 0.109115303 -14.491580009 0.991607904 0.124233849 0.035774548 131.682205200
0.019814868 0.109986983 -0.993735552 -97.960639954 -0.124666817 0.986445427 0.106694296 -14.489830017 0.992000818 0.121771716 0.033258021 131.731857300
0.015685078 0.107979171 -0.994029403 -98.931724548 -0.123194687 0.986785591 0.105248369 -14.490867615 0.992258549 0.120808318 0.028780267 131.791580200
0.012990417 0.107015736 -0.994172513 -99.885681152 -0.117630310 0.987516046 0.104762211 -14.495282173 0.992972493 0.115583934 0.025416544 131.843521118
0.010920000 0.107187659 -0.994178832 -100.844802856 -0.110919744 0.988232076 0.105328187 -14.486546516 0.993769348 0.109123886 0.022680724 131.886093140
0.007746446 0.115059286 -0.993328333 -101.807388306 -0.101462506 0.988322020 0.113688134 -14.486533165 0.994809210 0.099904910 0.019330185 131.958602905
0.005184640 0.123237662 -0.992363691 -102.765602112 -0.093393013 0.988099277 0.122220129 -14.478237152 0.995615840 0.092046179 0.016632473 132.014251709
0.002106426 0.123132318 -0.992388010 -103.720138550 -0.089055113 0.988470197 0.122457176 -14.469746590 0.996024430 0.088119268 0.013047701 132.062683105
-0.000218868 0.113561988 -0.993530869 -104.668449402 -0.090349898 0.989465237 0.113117158 -14.471631050 0.995910048 0.089790173 0.010043748 132.092453003
-0.002326039 0.104151972 -0.994558692 -105.615341187 -0.092115290 0.990310550 0.103922516 -14.464056015 0.995745599 0.091855794 0.007290488 132.130630493
-0.002492444 0.105989724 -0.994364083 -106.581878662 -0.099720225 0.989384413 0.105708882 -14.462969780 0.995012403 0.099421695 0.008103333 132.144699097
-0.003456820 0.114306688 -0.993439436 -107.542221069 -0.102434628 0.988179088 0.114057861 -14.438828468 0.994733751 0.102156863 0.008293006 132.186325073
-0.004974682 0.125778198 -0.992045879 -108.505256653 -0.106450833 0.986354589 0.125590399 -14.423056602 0.994305611 0.106228873 0.008482391 132.216079712
-0.006332599 0.127158314 -0.991862178 -109.450401306 -0.113303915 0.985403240 0.127053663 -14.404531479 0.993540287 0.113186441 0.008167369 132.245941162
-0.006420793 0.124417663 -0.992209136 -110.433113098 -0.120763920 0.984870970 0.124278992 -14.382996559 0.992660463 0.120621040 0.008701514 132.267471313
-0.006693628 0.120276138 -0.992717862 -111.387252808 -0.128829092 0.984363258 0.120132573 -14.364245415 0.991644204 0.128695101 0.008906104 132.292541504
-0.004418562 0.122453287 -0.992464423 -112.355537415 -0.133442730 0.983525515 0.121944495 -14.341155052 0.991046607 0.132975981 0.011994733 132.315643311
-0.002897553 0.123526514 -0.992337048 -113.340423584 -0.141554236 0.982298076 0.122690164 -14.316796303 0.989926219 0.140825063 0.014639441 132.339065552
-0.002460263 0.126294240 -0.991989791 -114.303886414 -0.150806144 0.980600834 0.125218287 -14.295601845 0.988560319 0.149906263 0.016633410 132.360961914
-0.002123693 0.128559291 -0.991699517 -115.279251099 -0.156408608 0.979453623 0.127306715 -14.270371437 0.987690151 0.155380726 0.018027723 132.387496948
-0.001883205 0.128136635 -0.991754711 -116.259735107 -0.159994289 0.978941917 0.126785025 -14.256603241 0.987116277 0.158913791 0.018657578 132.426956177
-0.000211941 0.118497886 -0.992954314 -117.215606689 -0.158886537 0.980336666 0.117026031 -14.252674103 0.987296820 0.157791883 0.018619943 132.459732056
0.001152115 0.107077770 -0.994249940 -118.164619446 -0.162248537 0.981096745 0.105473183 -14.239367485 0.986749232 0.161194116 0.018503549 132.498382568
