1.000000000 0.000000000 0.000000000 0.000000000 0.000000000 1.000000000 0.000000000 0.000000000 0.000000000 0.000000000 1.000000000 0.000000000
0.999997795 -0.001601904 -0.001347418 0.048968848 0.001599043 0.999996483 -0.002121644 -0.133044913 0.001350812 0.002119484 0.999996841 1.297984362
0.999997675 -0.000076255 -0.002167533 0.104576819 0.000062428 0.999979675 -0.006378504 -0.267073154 0.002167976 0.006378352 0.999977291 2.603546858
0.999996006 0.002466886 -0.001316017 0.148620605 -0.002477245 0.999965489 -0.007928871 -0.405681521 0.001296412 0.007932099 0.999967694 3.907753944
0.999983668 0.005701995 0.000170570 0.193917647 -0.005700733 0.999961674 -0.006662089 -0.543704867 -0.000208551 0.006661009 0.999977708 5.221803665
0.999975204 0.006615594 0.002405004 0.241172582 -0.006607492 0.999972522 -0.003361337 -0.689642966 -0.002427175 0.003345363 0.999991477 6.539597034
0.999959648 0.006867354 0.005785932 0.297549486 -0.006855696 0.999974430 -0.002032352 -0.827353537 -0.005799741 0.001992603 0.999981284 7.842180252
0.999944270 0.005460414 0.009035947 0.353626609 -0.005443052 0.999983251 -0.001944881 -0.960349858 -0.009046414 0.001895589 0.999957263 9.149234772
0.999915063 0.004138885 0.012359034 0.430888802 -0.004115823 0.999989808 -0.001890869 -1.097225070 -0.012366734 0.001839841 0.999921799 10.448328972
0.999869347 0.002861397 0.015908396 0.493345171 -0.002823006 0.999993026 -0.002435202 -1.237823248 -0.015915254 0.002389975 0.999870479 11.757505417
0.999811590 0.001864445 0.019319307 0.568997502 -0.001801341 0.999993026 -0.003283241 -1.374107242 -0.019325295 0.003247822 0.999808013 13.050101280
0.999742329 0.001734058 0.022632830 0.639466465 -0.001661227 0.999993384 -0.003236328 -1.523362160 -0.022638293 0.003197897 0.999738574 14.373337746
0.999657810 0.001552161 0.026109062 0.723186314 -0.001441992 0.999989986 -0.004237853 -1.661625624 -0.026115375 0.004198754 0.999650121 15.669970512
0.999575198 0.002387085 0.029047372 0.808989167 -0.002264350 0.999988317 -0.004257529 -1.799729228 -0.029057201 0.004189948 0.999568939 16.972011566
0.999479949 0.002016045 0.032184649 0.899900556 -0.001896520 0.999991179 -0.003743825 -1.940404773 -0.032191914 0.003680839 0.999474943 18.258256912
0.999405324 0.000434452 0.034479350 0.995689034 -0.000312398 0.999993682 -0.003545224 -2.081381798 -0.034480676 0.003532345 0.999399066 19.560485840
0.999349535 -0.002116025 0.036001213 1.095489502 0.002290413 0.999985933 -0.004803395 -2.221951723 -0.035990540 0.004882729 0.999340177 20.835443497
0.999308765 -0.001749608 0.037134435 1.191771269 0.001995474 0.999976337 -0.006584942 -2.364135742 -0.037122037 0.006654491 0.999288499 22.142181396
0.999267936 -0.001666127 0.038220100 1.278292298 0.002022933 0.999954700 -0.009298769 -2.508182526 -0.038202878 0.009369278 0.999226034 23.429061890
0.999222636 -0.001043230 0.039408974 1.376391411 0.001469051 0.999940813 -0.010777773 -2.650440931 -0.039395399 0.010827288 0.999164999 24.720457077
0.999185741 -0.000401529 0.040344048 1.477378845 0.000858741 0.999935567 -0.011316138 -2.798370123 -0.040336896 0.011341568 0.999121785 25.989282608
0.999157429 -0.002174175 0.040984806 1.573104382 0.002600760 0.999942958 -0.010357924 -2.943706989 -0.040959954 0.010455788 0.999106109 27.284805298
0.999153435 -0.005058736 0.040826865 1.678919673 0.005435456 0.999943554 -0.009121536 -3.091390848 -0.040778410 0.009335725 0.999124706 28.562295914
0.999177456 -0.006551052 0.040018003 1.773767710 0.006947010 0.999928296 -0.009763458 -3.235291004 -0.039951168 0.010033431 0.999151230 29.852819443
0.999202132 -0.008254101 0.039076630 1.881693602 0.008743647 0.999885142 -0.012373568 -3.380513430 -0.038970016 0.012705367 0.999159575 31.120819092
0.999227643 -0.008247344 0.038419314 1.986501932 0.008733587 0.999883592 -0.012505669 -3.529526234 -0.038311698 0.012831546 0.999183476 32.404170990
0.999238253 -0.008810648 0.038016945 2.082832575 0.009308485 0.999872923 -0.012938079 -3.672826767 -0.037898127 0.013282103 0.999193370 33.667942047
0.999252021 -0.009386335 0.037513822 2.173872948 0.009878163 0.999867320 -0.012946796 -3.819230080 -0.037387323 0.013307679 0.999212265 34.939727783
0.999262273 -0.009910922 0.037102357 2.264497519 0.010416711 0.999855101 -0.013463851 -3.963919640 -0.036963541 0.013840403 0.999220848 36.200313568
0.999306321 -0.010500300 0.035728119 2.381168365 0.010994093 0.999846339 -0.013652601 -4.119582653 -0.035579275 0.014035928 0.999268293 37.482223511
0.999303937 -0.010150702 0.035896309 2.476352930 0.010578576 0.999875009 -0.011749999 -4.266425133 -0.035772547 0.012121551 0.999286413 38.738040924
0.999266505 -0.010109193 0.036934029 2.571896553 0.010509836 0.999887764 -0.010669525 -4.408800602 -0.036822025 0.011049869 0.999260664 40.009246826
0.999180675 -0.011994879 0.038655173 2.677974224 0.012339771 0.999885976 -0.008696067 -4.556184769 -0.038546458 0.009165938 0.999214768 41.258640289
0.999070406 -0.012935163 0.041121181 2.775725126 0.013368379 0.999857843 -0.010277665 -4.695384502 -0.040982384 0.010817835 0.999101281 42.531642914
0.998940945 -0.014398804 0.043699086 2.870006800 0.014998179 0.999797523 -0.013419196 -4.843403339 -0.043497019 0.014060390 0.998954535 43.780883789
0.998850524 -0.015270781 0.045436595 2.982211351 0.015944222 0.999767900 -0.014496259 -4.989624500 -0.045204677 0.015204050 0.998861969 45.037437439
0.998723984 -0.015598866 0.048032716 3.105640411 0.016246926 0.999781847 -0.013131303 -5.126139641 -0.047817402 0.013894930 0.998759389 46.270492554
0.998513222 -0.016567735 0.051931478 3.204455853 0.017104691 0.999804676 -0.009912381 -5.280255795 -0.051757097 0.010785916 0.998601437 47.530502319
0.998242199 -0.019646950 0.055914443 3.322076559 0.020117454 0.999766707 -0.007864336 -5.418591499 -0.055746894 0.008975369 0.998404622 48.759094238
0.998003542 -0.021619758 0.059342518 3.451448441 0.022151973 0.999719977 -0.008325234 -5.557997227 -0.059145916 0.009623167 0.998202980 50.007553101
0.997742772 -0.024995608 0.062326837 3.602433920 0.025810875 0.999591112 -0.012309676 -5.691678047 -0.061993673 0.013890600 0.997979820 51.234600067
0.997443736 -0.026062962 0.066533998 3.729884624 0.026940310 0.999561071 -0.012323440 -5.827531815 -0.066183597 0.014084385 0.997708082 52.472267151
0.997082472 -0.028698253 0.070733607 3.858580112 0.029451797 0.999519706 -0.009633260 -5.969784737 -0.070423186 0.011688386 0.997448742 53.691474915
0.996796787 -0.031299993 0.073597103 4.017584801 0.031845484 0.999473333 -0.006249773 -6.103247166 -0.073362730 0.008573491 0.997268498 54.884883881
0.996521950 -0.033602133 0.076255403 4.141935825 0.034065928 0.999408126 -0.004789096 -6.242179394 -0.076049365 0.007370150 0.997076750 56.143642426
0.996343255 -0.036696661 0.077157870 4.300301552 0.036904741 0.999318004 -0.001272165 -6.372379780 -0.077058576 0.004115004 0.997018039 57.350639343
0.996162653 -0.039229639 0.078237049 4.439815998 0.039373394 0.999224544 -0.000295118 -6.492544174 -0.078164801 0.003374444 0.996934712 58.571670532
0.996129036 -0.041017685 0.077745840 4.589453697 0.041423693 0.999135196 -0.003616131 -6.616277695 -0.077530287 0.006822654 0.996966600 59.766231537
0.996142626 -0.042381968 0.076835036 4.742871761 0.043104246 0.999040365 -0.007765682 -6.748430252 -0.076432183 0.011047642 0.997013569 60.977096558
0.996149063 -0.043760680 0.075973511 4.880925179 0.044781592 0.998927355 -0.011785826 -6.878667831 -0.075376257 0.015142653 0.997040153 62.157936096
0.996168852 -0.046103749 0.074310407 5.025640965 0.047270633 0.998783708 -0.014020421 -7.016004086 -0.073573641 0.017479409 0.997136533 63.378261566
0.996346116 -0.046039991 0.071935154 5.169487000 0.047152091 0.998791814 -0.013837880 -7.150924683 -0.071211152 0.017179212 0.997313321 64.553710938
0.996560454 -0.044970874 0.069604419 5.295865536 0.046012919 0.998850346 -0.013439961 -7.295351982 -0.068920009 0.016596437 0.997484148 65.775825500
0.996805787 -0.044306736 0.066446699 5.420372963 0.045174792 0.998911560 -0.011618230 -7.425723553 -0.065859608 0.014582834 0.997722268 66.951545715
0.997203708 -0.040203821 0.062994644 5.539402008 0.040766284 0.999139309 -0.007668739 -7.563039303 -0.062632099 0.010215352 0.997984350 68.143524170
0.997477233 -0.038341545 0.059742916 5.659619808 0.038734674 0.999234736 -0.005435784 -7.689061642 -0.059488766 0.007736193 0.998198986 69.328552246
0.997669697 -0.037276324 0.057146877 5.765043259 0.037812971 0.999250054 -0.008337970 -7.827682972 -0.056793205 0.010479433 0.998331010 70.493629456
0.997881651 -0.037641451 0.053059865 5.883231640 0.038504794 0.999140620 -0.015343570 -7.964597702 -0.052436709 0.017354129 0.998473465 71.688430786
0.997902095 -0.041613929 0.049594425 5.994067669 0.042563606 0.998927176 -0.018248860 -8.100529671 -0.048781797 0.020321492 0.998602748 72.862274170
0.997937799 -0.045442246 0.045334108 6.104518890 0.046100803 0.998844385 -0.013587966 -8.236324310 -0.044664245 0.015649883 0.998879492 74.029899597
0.997935772 -0.049230572 0.041237105 6.207830429 0.049626529 0.998730600 -0.008633368 -8.363877296 -0.040759735 0.010662000 0.999112129 75.189834595
0.998022556 -0.051158428 0.036520664 6.308234215 0.051408775 0.998659909 -0.005948318 -8.489218712 -0.036167417 0.007814038 0.999315202 76.379425049
0.998199701 -0.050480247 0.032387223 6.400683880 0.050619703 0.998711824 -0.003499886 -8.614784241 -0.032168824 0.005133017 0.999469280 77.540069580
0.998335361 -0.050250750 0.028307520 6.498175621 0.050354067 0.998727024 -0.002948412 -8.738226891 -0.028123325 0.004368903 0.999594867 78.697357178
0.998488784 -0.048566919 0.025714671 6.557924271 0.048722092 0.998797476 -0.005442326 -8.862636566 -0.025419433 0.006686975 0.999654472 79.868644714
0.998678446 -0.046259221 0.022388544 6.636642456 0.046506893 0.998860955 -0.010671024 -8.989378929 -0.021869408 0.011698145 0.999692440 81.013420105
0.998595357 -0.049669504 0.018446542 6.725818634 0.049958855 0.998629928 -0.015570771 -9.126458168 -0.017647875 0.016470468 0.999708652 82.176483154
0.998461604 -0.053059295 0.016100375 6.784658432 0.053323131 0.998442233 -0.016425198 -9.257577896 -0.015203780 0.017258450 0.999735534 83.303367615
0.998537660 -0.052720595 0.011962513 6.857358456 0.052874170 0.998517752 -0.012907783 -9.394339561 -0.011264276 0.013521416 0.999845088 84.462532043
0.998537064 -0.053238314 0.009462318 6.918508053 0.053335749 0.998522878 -0.010361730 -9.521979332 -0.008896701 0.010851251 0.999901533 85.595031738
0.998673320 -0.050730985 0.008833254 6.972951412 0.050835252 0.998634815 -0.012009233 -9.651827812 -0.008211956 0.012442342 0.999888897 86.738914490
0.998864651 -0.047034498 0.007551156 7.030866146 0.047145303 0.998771846 -0.015236286 -9.782026291 -0.006825252 0.015574990 0.999855399 87.866996765
0.998926640 -0.045909956 0.006136253 7.086800575 0.046010882 0.998788297 -0.017464714 -9.915000916 -0.005327013 0.017728304 0.999828637 88.985412598
0.998883843 -0.046908442 0.005535820 7.139418602 0.047001619 0.998730600 -0.018110292 -10.049394608 -0.004679268 0.018350272 0.999820650 90.105552673
0.998854041 -0.047628131 0.004705883 7.186473846 0.047697797 0.998733580 -0.016006174 -10.182410240 -0.003937579 0.016212290 0.999860823 91.224761963
0.998771250 -0.049433500 0.003499839 7.247075081 0.049475420 0.998689115 -0.013122885 -10.309530258 -0.002846541 0.013279916 0.999907792 92.334632874
0.998779833 -0.049257398 0.003536262 7.299416542 0.049299072 0.998701274 -0.012864656 -10.433896065 -0.002897989 0.013023291 0.999911010 93.472160339
0.998762310 -0.049617104 0.003458566 7.341505051 0.049663570 0.998653710 -0.014975920 -10.568286896 -0.002710848 0.015129151 0.999881864 94.619247437
0.998762488 -0.049640562 0.003026834 7.398643494 0.049688023 0.998595178 -0.018403420 -10.698428154 -0.002109025 0.018531041 0.999826074 95.718849182
0.998713553 -0.050653804 0.002357533 7.457849979 0.050690141 0.998525321 -0.019429751 -10.831932068 -0.001369866 0.019524256 0.999808431 96.823883057
0.998713255 -0.050622474 0.003033960 7.503077030 0.050669871 0.998546124 -0.018391069 -10.963088036 -0.002098547 0.018521136 0.999826193 97.892768860
0.998727441 -0.050307456 0.003543327 7.555952549 0.050348595 0.998651266 -0.012678387 -11.085562706 -0.002900731 0.012840649 0.999913275 98.982055664
0.998818815 -0.048345421 0.004852233 7.607607841 0.048390605 0.998781681 -0.009672645 -11.205828667 -0.004378693 0.009896022 0.999941468 100.057998657
0.998889863 -0.046605930 0.006855888 7.662985325 0.046672385 0.998861492 -0.009873824 -11.318803787 -0.006387902 0.010182844 0.999927759 101.107810974
0.998953164 -0.044936944 0.008556598 7.719375134 0.045032736 0.998920918 -0.011352822 -11.448435783 -0.008037204 0.011726266 0.999898970 102.157127380
0.998917103 -0.045261472 0.010774571 7.778546333 0.045408767 0.998872519 -0.013842594 -11.566278458 -0.010135887 0.014316862 0.999846101 103.172843933
0.998822391 -0.046859153 0.012569455 7.840723038 0.047039066 0.998788953 -0.014421615 -11.684024811 -0.011878448 0.014995888 0.999816954 104.188514709
0.998723567 -0.048407260 0.014418115 7.906926155 0.048603684 0.998725653 -0.013599765 -11.814153671 -0.013741412 0.014283183 0.999803543 105.189537048
0.998703063 -0.048369844 0.015893677 7.973360062 0.048561107 0.998749495 -0.011876574 -11.930480957 -0.015299337 0.012632984 0.999803185 106.148475647
0.998633325 -0.049263109 0.017455174 8.032196045 0.049453679 0.998719513 -0.010659870 -12.038916588 -0.016907685 0.011508523 0.999790847 107.107559204
0.998559594 -0.050056491 0.019309333 8.093469620 0.050278593 0.998672545 -0.011193453 -12.144671440 -0.018723395 0.012148176 0.999750912 108.026046753
0.998544037 -0.049571235 0.021272751 8.151888847 0.049775772 0.998718083 -0.009195423 -12.247593880 -0.020789651 0.010240903 0.999731362 108.928436279
0.998538792 -0.048789285 0.023240339 8.210559845 0.048961885 0.998776674 -0.006916192 -12.347208977 -0.022874475 0.008043977 0.999705970 109.798645020
0.998507857 -0.048937459 0.024229476 8.275443077 0.049042203 0.998789668 -0.003747315 -12.451078415 -0.024016766 0.004929990 0.999699354 110.655632019
0.998469055 -0.048923623 0.025807921 8.337484360 0.049032193 0.998790681 -0.003590297 -12.543046951 -0.025601059 0.004850219 0.999660492 111.483604431
0.998479307 -0.048126172 0.026886674 8.391601562 0.048222225 0.998832345 -0.002935228 -12.633658409 -0.026714018 0.004227300 0.999634147 112.296188354
0.998579323 -0.045779936 0.027265256 8.446418762 0.045867633 0.998944163 -0.002599525 -12.714484215 -0.027117459 0.003846424 0.999624848 113.076477051
0.998700678 -0.043254785 0.026945537 8.491338730 0.043261893 0.999063730 0.000319241 -12.790936470 -0.026934119 0.000846889 0.999636829 113.832038879
0.998788118 -0.043168515 0.023637675 8.543795586 0.043146867 0.999067724 0.001424929 -12.875339508 -0.023677155 -0.000403310 0.999719501 114.582618713
0.998916626 -0.043229576 0.017222965 8.580534935 0.043208636 0.999064863 0.001585971 -12.949895859 -0.017275417 -0.000840072 0.999850392 115.280273438
0.999112129 -0.041567672 0.006863449 8.609766006 0.041566294 0.999135673 0.000342910 -13.024224281 -0.006871767 -0.000057317 0.999976397 115.950683594
0.999225616 -0.038757086 -0.006782031 8.608983994 0.038741127 0.999246180 -0.002468860 -13.093199730 0.006872602 0.002204204 0.999973953 116.586021423
0.998962879 -0.037386455 -0.025989674 8.611511230 0.037267562 0.999292731 -0.005043878 -13.160741806 0.026159866 0.004070076 0.999649465 117.210922241
0.998186946 -0.035847656 -0.048348874 8.579380035 0.035541587 0.999342442 -0.007175752 -13.231444359 0.048574314 0.005444347 0.998804688 117.799522400
0.996514678 -0.034408808 -0.075990714 8.538221359 0.033825751 0.999387681 -0.008947045 -13.298809052 0.076252043 0.006345417 0.997068286 118.367057800
0.993598998 -0.032340530 -0.108236529 8.468586922 0.031362321 0.999450564 -0.010728340 -13.367877960 0.108524002 0.007265119 0.994067252 118.915359497
0.989264131 -0.027432419 -0.143540904 8.358743668 0.025947040 0.999588728 -0.012210215 -13.433036804 0.143816829 0.008354666 0.989569008 119.460464478
0.983014166 -0.021551922 -0.182259932 8.256835938 0.019742463 0.999736190 -0.011736617 -13.489015579 0.182464838 0.007938999 0.983180344 119.972702026
0.974521875 -0.016032355 -0.223718941 8.114694595 0.014202962 0.999851286 -0.009784034 -13.545752525 0.223842546 0.006357282 0.974604607 120.476028442
0.963256001 -0.011417452 -0.268342167 7.942043304 0.009612652 0.999921381 -0.008038654 -13.604449272 0.268412888 0.005163803 0.963290155 120.970954895
0.949191511 -0.005020230 -0.314659208 7.749153137 0.002436084 0.999960065 -0.008605246 -13.659256935 0.314689875 0.007401488 0.949165702 121.432502747
0.931577742 0.002523340 -0.363533497 7.528717041 -0.006305129 0.999937594 -0.009216573 -13.717029572 0.363487601 0.010878081 0.931535602 121.914085388
0.910577595 0.007238228 -0.413274854 7.268337250 -0.012349293 0.999876738 -0.009697308 -13.773409843 0.413153708 0.013933803 0.910554707 122.345916748
0.885548472 0.011532180 -0.464403838 7.000686646 -0.017398998 0.999813735 -0.008349681 -13.825876236 0.464221060 0.015474210 0.885584235 122.759628296
0.856629312 0.014816004 -0.515719712 6.717006683 -0.022147728 0.999722183 -0.008067379 -13.870035172 0.515456855 0.018332772 0.856719434 123.157882690
0.825081885 0.024334315 -0.564488947 6.389835358 -0.032598697 0.999458134 -0.004562468 -13.919771194 0.564072013 0.022166014 0.825428069 123.526664734
0.790971458 0.037396904 -0.610709071 6.043823242 -0.045446377 0.998964131 0.002311048 -13.962919235 0.610162914 0.025926545 0.791851640 123.883712769
0.754992723 0.046247575 -0.654100120 5.688690186 -0.056705233 0.998377740 0.005137609 -14.003774643 0.653276682 0.033212043 0.756390452 124.199966431
0.715387046 0.050051875 -0.696933389 5.316398621 -0.063941702 0.997935414 0.006034257 -14.047456741 0.695796609 0.040246285 0.717110395 124.497467041
0.672849834 0.051659286 -0.737973094 4.941459656 -0.066359356 0.997752070 0.009340819 -14.094470978 0.736796796 0.042686462 0.674765348 124.780326843
0.629164636 0.055510379 -0.775287271 4.532882690 -0.069636106 0.997461081 0.014906555 -14.131938934 0.774146318 0.044609316 0.631432831 125.047561646
0.584076941 0.064212501 -0.809154391 4.109333038 -0.080780081 0.996515453 0.020771028 -14.163321495 0.807668686 0.053231679 0.587228775 125.278114319
0.538527012 0.073154531 -0.839426517 3.665477753 -0.092097506 0.995365739 0.027659964 -14.188762665 0.837559938 0.062413462 0.542768776 125.488143921
0.491413474 0.078042738 -0.867422640 3.215747833 -0.097753406 0.994625986 0.034107916 -14.211343765 0.865423024 0.068032436 0.496401608 125.690841675
0.444753349 0.079056129 -0.892157257 2.748786926 -0.096988402 0.994490445 0.039773963 -14.233456612 0.890386224 0.068839304 0.449970514 125.865226746
0.397880703 0.080643445 -0.913886011 2.275177002 -0.094623245 0.994424045 0.046553954 -14.252847672 0.912544489 0.067951933 0.403292894 126.032928467
0.351820946 0.083503351 -0.932335317 1.782917023 -0.096020810 0.993978500 0.052790448 -14.275190353 0.931129456 0.070950799 0.357720464 126.183074951
0.307945192 0.086489953 -0.947464645 1.280662537 -0.101492569 0.993163168 0.057674423 -14.291934013 0.945975184 0.078400053 0.314617872 126.298789978
0.266502470 0.088531852 -0.959759653 0.756177902 -0.106199279 0.992406607 0.062054321 -14.311408997 0.957965612 0.085388146 0.273880839 126.404014587
0.227406859 0.085098878 -0.970074415 0.231407166 -0.106606640 0.992362380 0.062063124 -14.326931000 0.967946827 0.089302801 0.234742135 126.500488281
0.192967474 0.080240853 -0.977918804 -0.307445526 -0.101492517 0.992936850 0.061446160 -14.345883369 0.975941956 0.087394312 0.199748352 126.587989807
0.162316203 0.074885182 -0.983893156 -0.863996506 -0.098903418 0.993329227 0.059286952 -14.360865593 0.981769562 0.087687165 0.168639839 126.669509888
0.135509446 0.073401757 -0.988053262 -1.421064377 -0.099171244 0.993248463 0.060186576 -14.383881569 0.985800326 0.089830622 0.141873911 126.746421814
0.113284074 0.072691411 -0.990899980 -2.002240181 -0.100279786 0.993063688 0.061385736 -14.399230003 0.988489151 0.092413194 0.119787782 126.813499451
0.095127620 0.073983669 -0.992712021 -2.609109879 -0.102655537 0.992646754 0.064141750 -14.411197662 0.990157902 0.095805734 0.102022946 126.860633850
0.078840375 0.072230376 -0.994267106 -3.212500572 -0.103411026 0.992583394 0.063908115 -14.434217453 0.991509199 0.097779632 0.085725069 126.914047241
0.065133311 0.071533374 -0.995309293 -3.833990097 -0.102811590 0.992600143 0.064610653 -14.461683273 0.992566109 0.098121047 0.072005786 126.958206177
0.052740410 0.068546519 -0.996252835 -4.477685452 -0.097070679 0.993268728 0.063202389 -14.480060577 0.993879139 0.093373641 0.059039250 127.014274597
0.040591192 0.065995052 -0.996993959 -5.124984741 -0.094706975 0.993577957 0.061913088 -14.497537613 0.994677365 0.091909163 0.046580702 127.058105469
0.029746899 0.065567411 -0.997404635 -5.783670425 -0.094107635 0.993597627 0.062510461 -14.517359734 0.995117605 0.092003912 0.035726830 127.094032288
0.020973809 0.066944659 -0.997536242 -6.455636978 -0.097644433 0.993122876 0.064595453 -14.537926674 0.995000303 0.096049055 0.027366344 127.103622437
0.012131969 0.066427998 -0.997717440 -7.153639793 -0.100341514 0.992835343 0.064882807 -14.561890602 0.994879007 0.099325329 0.018710533 127.128227234
0.005716577 0.065864831 -0.997812092 -7.840787411 -0.102985181 0.992561519 0.064928234 -14.582088470 0.994666398 0.102388695 0.012457157 127.146713257
0.000271695 0.067107320 -0.997745752 -8.535724640 -0.103545062 0.992384493 0.066718526 -14.602582932 0.994624674 0.103293508 0.007218256 127.164321899
-0.003194761 0.069269828 -0.997592866 -9.258295059 -0.105188727 0.992040157 0.069221139 -14.619338989 0.994447172 0.105156660 0.004117075 127.185989380
-0.004158685 0.072899573 -0.997330606 -9.976968765 -0.107588619 0.991517425 0.072923280 -14.639433861 0.994186819 0.107604697 0.003719756 127.200492859
-0.005206386 0.076265424 -0.997073948 -10.709961891 -0.110104039 0.990981400 0.076374330 -14.653698921 0.993906498 0.110179514 0.003237700 127.212257385
-0.006672590 0.082104139 -0.996601403 -11.442813873 -0.114934869 0.989955723 0.082326181 -14.665656090 0.993350625 0.115093581 0.002831060 127.228820801
-0.007846624 0.085625485 -0.996296406 -12.180975914 -0.117836490 0.989306211 0.085952766 -14.676808357 0.993001997 0.118074514 0.002327092 127.244804382
-0.009412194 0.086169407 -0.996235967 -12.925527573 -0.117260203 0.989311337 0.086678311 -14.692001343 0.993056655 0.117634661 0.000792651 127.263824463
-0.010351956 0.083000451 -0.996495724 -13.693056107 -0.115515031 0.989777923 0.083640933 -14.710688591 0.993251801 0.115976088 -0.000658336 127.278602600
-0.012160332 0.079786003 -0.996737838 -14.444425583 -0.119339354 0.989570916 0.080668278 -14.716938019 0.992779076 0.119931005 -0.002511904 127.292976379
-0.013072386 0.081251644 -0.996607840 -15.217724800 -0.124022558 0.988864839 0.082247168 -14.723788261 0.992193282 0.124677017 -0.002849788 127.292098999
-0.014574762 0.084454194 -0.996320903 -15.997549057 -0.121281244 0.988920212 0.085601069 -14.737107277 0.992511094 0.122082636 -0.004170569 127.308845520
-0.016759522 0.084610328 -0.996273160 -16.774690628 -0.120280281 0.989006519 0.086016566 -14.751856804 0.992598414 0.121273600 -0.006398323 127.323143005
-0.017541071 0.084168971 -0.996297061 -17.561443329 -0.123307168 0.988661528 0.085694887 -14.761706352 0.992213428 0.124353752 -0.006963545 127.325439453
-0.018322114 0.083603971 -0.996330559 -18.355081558 -0.127538607 0.988161862 0.085263915 -14.771442413 0.991664290 0.128632799 -0.007442479 127.336334229
-0.019692294 0.087772727 -0.995945871 -19.152013779 -0.129436404 0.987532139 0.089590497 -14.775487900 0.991392076 0.130675897 -0.008085787 127.347358704
-0.020446328 0.092875868 -0.995467782 -19.952728271 -0.128552437 0.987166822 0.094741777 -14.789335251 0.991491854 0.129906923 -0.008244517 127.362419128
-0.019459927 0.095194049 -0.995268524 -20.781492233 -0.129583478 0.986820519 0.096919686 -14.795700073 0.991377532 0.130856439 -0.006867881 127.379066467
-0.017682742 0.094140261 -0.995401919 -21.599357605 -0.128962830 0.987026751 0.095639132 -14.801840782 0.991491735 0.130061015 -0.005312748 127.392219543
-0.016718350 0.094365701 -0.995397270 -22.430576324 -0.128904894 0.987024784 0.095737025 -14.806543350 0.991516054 0.129912198 -0.004337227 127.407150269
-0.016501743 0.093015701 -0.995527864 -23.263334274 -0.127159968 0.987383544 0.094362505 -14.806891441 0.991744936 0.128148451 -0.004465674 127.428710938
-0.015671074 0.095105432 -0.995343804 -24.100433350 -0.128039837 0.987079501 0.096331678 -14.812865257 0.991645157 0.128953278 -0.003291314 127.448822021
-0.015067920 0.097253829 -0.995145500 -24.938402176 -0.129715547 0.986657798 0.098388419 -14.812482834 0.991436720 0.130568340 -0.002251547 127.464462280
-0.015121062 0.099520415 -0.994920611 -25.809654236 -0.132852525 0.986012220 0.100648448 -14.810274124 0.991020441 0.133699626 -0.001688014 127.480590820
-0.013436398 0.100605689 -0.994835615 -26.672544479 -0.135051861 0.985626280 0.101498395 -14.805558205 0.990747452 0.135718182 0.000343723 127.493301392
-0.011884041 0.103845626 -0.994522452 -27.540788651 -0.141871706 0.984355867 0.104479365 -14.804991722 0.989813745 0.142336220 0.003034631 127.511146545
-0.009320218 0.107527673 -0.994158328 -28.419870377 -0.146485984 0.983329058 0.107729688 -14.797224998 0.989168823 0.146634355 0.006586455 127.524269104
-0.007230959 0.109434232 -0.993967712 -29.294668198 -0.148975715 0.982783079 0.109286599 -14.790828705 0.988814414 0.148867309 0.009196579 127.555938721
-0.003307208 0.110209882 -0.993902862 -30.195569992 -0.147964880 0.982913911 0.109483719 -14.789467812 0.988987088 0.147424757 0.013056491 127.577224731
-0.000703929 0.110061608 -0.993924558 -31.085779190 -0.150487483 0.982594311 0.108913533 -14.780961990 0.988611698 0.149649858 0.015871216 127.608634949
0.001705573 0.113836892 -0.993498027 -31.989496231 -0.150894195 0.982152998 0.112277925 -14.771273613 0.988548458 0.149721563 0.018852459 127.640289307
0.004116056 0.115753360 -0.993269384 -32.909198761 -0.149936691 0.982120812 0.113832787 -14.763225555 0.988687038 0.148459002 0.021398138 127.682708740
0.005915054 0.116920739 -0.993123651 -33.802383423 -0.150506318 0.981931865 0.114706710 -14.757456779 0.988591373 0.148792848 0.023405489 127.724937439
0.008384262 0.115302883 -0.993295014 -34.705043793 -0.152043805 0.981927395 0.112699933 -14.750238419 0.988338172 0.150079459 0.025763826 127.758018494
0.008822259 0.116473660 -0.993154585 -35.616809845 -0.156358138 0.981137037 0.113675356 -14.736984253 0.987661004 0.154284924 0.026867451 127.799797058
0.009872483 0.117071420 -0.993074477 -36.510147095 -0.157144323 0.980964363 0.114081576 -14.730569839 0.987526238 0.154929742 0.028081667 127.838630676
0.010118710 0.113461763 -0.993490875 -37.408008575 -0.157362998 0.981342375 0.110471614 -14.726127625 0.987488925 0.155220881 0.027784603 127.875762939
0.011063657 0.109433316 -0.993932545 -38.316474915 -0.158611670 0.981601000 0.106310040 -14.725625038 0.987279058 0.156473130 0.028217496 127.921058655
0.011529357 0.108639784 -0.994014382 -39.213706970 -0.158122778 0.981770694 0.105467610 -14.719187737 0.987352073 0.155960307 0.028497612 127.963462830
0.011538242 0.112840407 -0.993546128 -40.118244171 -0.160861775 0.980880141 0.109533757 -14.712429047 0.986909509 0.158559784 0.029469339 128.003952026
0.011615086 0.118853487 -0.992843866 -41.050106049 -0.161107272 0.980161130 0.115450442 -14.698312759 0.986868560 0.158613414 0.030532818 128.046981812
0.011831273 0.117559627 -0.992995381 -41.944644928 -0.158913195 0.980664909 0.114206411 -14.697046280 0.987221658 0.156448856 0.030284287 128.093841553
0.012652868 0.107305408 -0.994145572 -42.835289001 -0.158028305 0.981944978 0.103977188 -14.702865601 0.987353563 0.155787513 0.029381707 128.138442993
0.013024867 0.096797958 -0.995218813 -43.754653931 -0.160036147 0.982674539 0.093483403 -14.704807281 0.987025201 0.158053413 0.028290376 128.178817749
0.011974002 0.093748912 -0.995523810 -44.655948639 -0.156900972 0.983438551 0.090723641 -14.711275101 0.987541676 0.155112341 0.026484987 128.226119995
0.011837986 0.103842810 -0.994523227 -45.577690125 -0.149382725 0.983615279 0.100925699 -14.713080406 0.988708615 0.147369847 0.027156342 128.277008057
0.011827733 0.116931573 -0.993069530 -46.525413513 -0.144515276 0.982912064 0.114014320 -14.707176208 0.989431858 0.142165199 0.028524019 128.338729858
0.011934989 0.126107559 -0.991944790 -47.448181152 -0.144741654 0.981785417 0.123074464 -14.697383881 0.989397526 0.142106846 0.029970611 128.385757446
0.011766675 0.120377131 -0.992658496 -48.363368988 -0.144783497 0.982470930 0.117425464 -14.692495346 0.989393353 0.142338887 0.028989037 128.429168701
0.012041667 0.106742390 -0.994213760 -49.287643433 -0.144893497 0.983978152 0.103888541 -14.687614441 0.989373922 0.142804146 0.027315017 128.467727661
0.012617580 0.097894594 -0.995116889 -50.203872681 -0.145340860 0.984806597 0.095037483 -14.685773849 0.989301205 0.143431991 0.026653960 128.513656616
0.013154700 0.097941063 -0.995105267 -51.139030457 -0.144203737 0.984973729 0.095037602 -14.690807343 0.989460528 0.142247707 0.027080506 128.558151245
0.012317237 0.099521540 -0.994959235 -52.067268372 -0.147175968 0.984377801 0.096641168 -14.706856728 0.989033580 0.145243764 0.026772000 128.600997925
0.013047182 0.098879471 -0.995013893 -53.023231506 -0.152388871 0.983671069 0.095754057 -14.708019257 0.988234401 0.150379762 0.027902268 128.640182495
0.013498144 0.098249026 -0.995070338 -53.954833984 -0.154099524 0.983476341 0.095013924 -14.706798553 0.987963140 0.152057350 0.028415231 128.684799194
0.014475412 0.105646901 -0.994298398 -54.901748657 -0.163226083 0.981313109 0.101890884 -14.701473236 0.986482441 0.160820499 0.031449247 128.719070435
0.016033744 0.115389414 -0.993191004 -55.851528168 -0.168969691 0.979344904 0.111052990 -14.696437836 0.985490859 0.166038573 0.035199877 128.756790161
0.017141636 0.123364337 -0.992213368 -56.821807861 -0.168909490 0.978453636 0.118735425 -14.691202164 0.985482514 0.165558934 0.037609704 128.813690186
0.018053193 0.124290280 -0.992081583 -57.763809204 -0.170271322 0.978131294 0.119444065 -14.682253838 0.985231817 0.166766718 0.038821466 128.861572266
0.019314446 0.114404522 -0.993246496 -58.701633453 -0.171822563 0.979031742 0.109425999 -14.674730301 0.984938622 0.168548629 0.038566731 128.915695190
0.020391839 0.109825104 -0.993741810 -59.643985748 -0.170310974 0.979802728 0.104789771 -14.674175262 0.985179424 0.167108297 0.038684405 128.972656250
0.022222305 0.108265236 -0.993873656 -60.594276428 -0.168846950 0.980245173 0.103005365 -14.680149078 0.985391796 0.165523499 0.040063560 129.035903931
0.025944922 0.113807462 -0.993164003 -61.589290619 -0.171020359 0.979357243 0.107757665 -14.664945602 0.984925807 0.167055503 0.044872742 129.090347290
0.029605649 0.116050988 -0.992801905 -62.549869537 -0.173830584 0.978700280 0.109218940 -14.663983345 0.984330535 0.169345796 0.049148265 129.146301270
0.033921473 0.110809304 -0.993262589 -63.499355316 -0.173131943 0.979460359 0.103356808 -14.662990570 0.984314322 0.168459475 0.052409373 129.206283569
0.036597211 0.105185740 -0.993778884 -64.455749512 -0.173113093 0.980078042 0.097360440 -14.670043945 0.984221816 0.168473020 0.054077141 129.279418945
0.040163420 0.105131462 -0.993646920 -65.423500061 -0.170518830 0.980582535 0.096856803 -14.670107841 0.984535575 0.165545389 0.057310440 129.348937988
0.042309552 0.109494016 -0.993086576 -66.396011353 -0.167777702 0.980639935 0.100973696 -14.682983398 0.984916627 0.162345633 0.059861094 129.444305420
0.045589186 0.116407804 -0.992154598 -67.354988098 -0.167098731 0.980082572 0.107313268 -14.684050560 0.984885573 0.160895467 0.064132765 129.526031494
0.048180513 0.120138384 -0.991587341 -68.319671631 -0.165045440 0.980051398 0.110721283 -14.685892105 0.985108435 0.158322349 0.067047670 129.612304688
0.050588254 0.122099526 -0.991227746 -69.303810120 -0.164706156 0.979928672 0.112301759 -14.684514046 0.985044539 0.157580197 0.069683440 129.691162109
0.052560918 0.119408891 -0.991452932 -70.244316101 -0.163400039 0.980472684 0.109423988 -14.684140205 0.985158741 0.156252012 0.071045950 129.775650024
0.053102091 0.117992483 -0.991593659 -71.189910889 -0.161382958 0.980955362 0.108084187 -14.686122894 0.985462189 0.154286817 0.071132742 129.866729736
0.053408407 0.114430904 -0.991994619 -72.136848450 -0.158103526 0.981850743 0.104748577 -14.692036629 0.985977113 0.151243389 0.070531026 129.959869385
0.053401828 0.114098489 -0.992033184 -73.120544434 -0.156802133 0.982084513 0.104513481 -14.683861732 0.986185193 0.149971709 0.070335999 130.039916992
0.053089689 0.118848786 -0.991492033 -74.073516846 -0.153563738 0.982053459 0.109494783 -14.684359550 0.986711442 0.146444157 0.070387781 130.127624512
0.052324560 0.120241567 -0.991364777 -75.038772583 -0.147500306 0.982766807 0.111413613 -14.683171272 0.987676919 0.140396938 0.069158509 130.230789185
0.051842093 0.116029181 -0.991892040 -76.000732422 -0.144656926 0.983624756 0.107501492 -14.671649933 0.988122880 0.137910917 0.067777604 130.308059692
0.050466388 0.112253167 -0.992397308 -76.967262268 -0.146505490 0.983746171 0.103824377 -14.672345161 0.987921715 0.140152007 0.066091813 130.389526367
0.049282171 0.109682135 -0.992744267 -77.916015625 -0.143040091 0.984481037 0.101668335 -14.674594879 0.988489091 0.136991814 0.064206317 130.472869873
0.047769252 0.110630833 -0.992713034 -78.881004333 -0.143149063 0.984346747 0.102810152 -14.676607132 0.988547623 0.137194782 0.062858202 130.546417236
0.047342531 0.111519255 -0.992633879 -79.835380554 -0.144462630 0.984064937 0.103666566 -14.674562454 0.988377094 0.138490677 0.062698483 130.619171143
0.045910329 0.111864999 -0.992662370 -80.789970398 -0.145998061 0.983791173 0.104112916 -14.675914764 0.988219023 0.140146941 0.061498240 130.694885254
0.044519290 0.112692960 -0.992632031 -81.739013672 -0.145797387 0.983711660 0.105141245 -14.675278664 0.988312304 0.140042365 0.060224473 130.764511108
0.042539399 0.113130897 -0.992668986 -82.709861755 -0.145821184 0.983631790 0.105851993 -14.674924850 0.988395929 0.140249297 0.058339987 130.834518433
0.040823244 0.115359060 -0.992484570 -83.652671814 -0.146287680 0.983298838 0.108274192 -14.666311264 0.988399386 0.140768141 0.057017051 130.910278320
0.039523669 0.119174115 -0.992086470 -84.607017517 -0.147628441 0.982662559 0.112160727 -14.656717300 0.988252878 0.142027169 0.056431923 130.969467163
0.037618667 0.124364495 -0.991523266 -85.556152344 -0.148920298 0.981843412 0.117500290 -14.646041870 0.988133371 0.143237770 0.055456039 131.034423828
0.034912001 0.123992056 -0.991668880 -86.506355286 -0.148773640 0.981862247 0.117528290 -14.640789986 0.988254786 0.143431038 0.052725535 131.104370117
0.033816911 0.118720755 -0.992351711 -87.451324463 -0.148858890 0.982442379 0.112462521 -14.633554459 0.988280058 0.143917248 0.050895814 131.167388916
0.031473659 0.114096090 -0.992971063 -88.397819519 -0.152942106 0.982313395 0.108023763 -14.620042801 0.987733781 0.148467168 0.048367102 131.229019165
0.030340141 0.112163566 -0.993226469 -89.342010498 -0.151025981 0.982790053 0.106371589 -14.616172791 0.988064051 0.146775648 0.046757597 131.294662476
0.029846417 0.113086581 -0.993136704 -90.308731079 -0.146499172 0.983344734 0.107568882 -14.614771843 0.988760352 0.142283171 0.045916408 131.351303101
0.029348772 0.114465207 -0.992993653 -91.258064270 -0.143491045 0.983614802 0.109143071 -14.610897064 0.989216387 0.139282450 0.045292620 131.413269043
0.028231762 0.114513658 -0.993020415 -92.207115173 -0.138173014 0.984327078 0.109582871 -14.613312721 0.990005672 0.134114906 0.043611988 131.480834961
0.027012995 0.111641839 -0.993381262 -93.148841858 -0.134080812 0.985168815 0.107072823 -14.613750458 0.990602255 0.130301014 0.041581389 131.545867920
0.026022853 0.108652234 -0.993739128 -94.097358704 -0.128604859 0.986179173 0.104457900 -14.614342690 0.991354525 0.125081360 0.039636403 131.612152100
0.024388105 0.110990457 -0.993522167 -95.081123352 -0.127296641 0.986072719 0.107033476 -14.612175941 0.991564751 0.123861708 0.038177159 131.670379639
0.022893321 0.113200724 -0.993308306 -96.027488708 -0.126704007 0.985885561 0.109434560 -14.607185364 0.991676331 0.123350836 0.036913175 131.730972290
0.021842130 0.110878237 -0.993593931 -96.985801697 -0.122673273 0.986618400 0.107403085 -14.598859787 0.992206693 0.119541526 0.035151646 131.778366089
0.019799933 0.107958682 -0.993958175 -97.936492920 -0.119662128 0.987262905 0.104847752 -14.598505974 0.992617249 0.116863199 0.032466307 131.829956055
0.016401920 0.105131313 -0.994323015 -98.904434204 -0.118434258 0.987660170 0.102473170 -14.588212013 0.992826343 0.116081178 0.028650673 131.881607056
0.013761930 0.104338609 -0.994446635 -99.858619690 -0.112868324 0.988346517 0.102136619 -14.596502304 0.993514597 0.110835910 0.025378082 131.932434082
0.011515196 0.104181245 -0.994491637 -100.817321777 -0.106010348 0.989079714 0.102386817 -14.587551117 0.994298279 0.104247399 0.022433739 131.977767944
0.009220187 0.111796103 -0.993688405 -101.783027649 -0.096036159 0.989235938 0.110404111 -14.582731247 0.995335102 0.094412081 0.019857412 132.040176392
0.006483072 0.119847186 -0.992771149 -102.740997314 -0.087980874 0.989010394 0.118818633 -14.576817513 0.996101081 0.086574554 0.016956083 132.098266602
0.004134420 0.118901283 -0.992897451 -103.692581177 -0.083867751 0.989449024 0.118139081 -14.565579414 0.996468365 0.082783647 0.014062779 132.141403198
0.001171098 0.109571308 -0.993978381 -104.650611877 -0.084700614 0.990417898 0.109079048 -14.569637299 0.996405780 0.084062830 0.010440633 132.178070068
-0.000907077 0.100189701 -0.994967997 -105.597618103 -0.086460195 0.991234601 0.099892594 -14.566272736 0.996254861 0.086115718 0.007763294 132.217102051
-0.001264458 0.101638161 -0.994820595 -106.556617737 -0.093680568 0.990434527 0.101309098 -14.565678596 0.995601535 0.093323454 0.008269157 132.238479614
-0.002365155 0.111093409 -0.993807137 -107.515960693 -0.097120456 0.989086211 0.110796846 -14.554944992 0.995269835 0.096781053 0.008450103 132.278259277
-0.003812416 0.122357257 -0.992478848 -108.479598999 -0.101072259 0.987356305 0.122114003 -14.540421486 0.994871795 0.100777626 0.008602715 132.307800293
-0.005144144 0.124237336 -0.992239177 -109.421745300 -0.108191408 0.986358643 0.124061927 -14.529236794 0.994116783 0.107989952 0.008367442 132.339279175
-0.004843885 0.120980494 -0.992643058 -110.401397705 -0.115372300 0.985958338 0.120728768 -14.506515503 0.993310511 0.115108296 0.009181930 132.358520508
-0.005002061 0.117073417 -0.993110657 -111.356422424 -0.123510674 0.985446632 0.116792008 -14.492321014 0.992330611 0.123243958 0.009530554 132.383483887
-0.002805579 0.119116046 -0.992876410 -112.323036194 -0.128082126 0.984659672 0.118492201 -14.471999168 0.991759658 0.127502143 0.012494096 132.409271240
-0.001432633 0.120360278 -0.992729187 -113.301689148 -0.136296049 0.983442664 0.119431041 -14.452576637 0.990667105 0.135476157 0.014995717 132.434692383
-0.000954216 0.123063855 -0.992398322 -114.265113831 -0.145493090 0.981821835 0.121892199 -14.434051514 0.989358783 0.144503430 0.016968073 132.457611084
-0.000569337 0.125393435 -0.992106974 -115.240852356 -0.150981754 0.980723262 0.124041289 -14.411513329 0.988536417 0.149860665 0.018373758 132.484680176
-0.000691214 0.124655075 -0.992199898 -116.211044312 -0.154806331 0.980225682 0.123258524 -14.398344040 0.987944543 0.153684035 0.018619847 132.532409668
0.000886198 0.115143068 -0.993348539 -117.166114807 -0.153820589 0.981542528 0.113637358 -14.398476601 0.988098383 0.152696729 0.018581213 132.566299438
0.002223837 0.103532791 -0.994623542 -118.115882874 -0.156844407 0.982351899 0.101904728 -14.387242317 0.987620831 0.155774534 0.018423131 132.605911255
