1.000000000 0.000000000 0.000000000 0.000000000 0.000000000 1.000000000 0.000000000 0.000000000 0.000000000 0.000000000 1.000000000 0.000000000
0.999997735 -0.001610643 -0.001397830 0.051129974 0.001607653 0.999996424 -0.002137214 -0.132334709 0.001401267 0.002134962 0.999996722 1.297205210
0.999997795 0.000106384 -0.002090789 0.103254102 -0.000119788 0.999979436 -0.006411932 -0.267479062 0.002090064 0.006412168 0.999977231 2.604982138
0.999995887 0.002558036 -0.001279767 0.146272019 -0.002568051 0.999965608 -0.007885689 -0.406242698 0.001259551 0.007888943 0.999968112 3.908824444
0.999982595 0.005892002 0.000309017 0.190559462 -0.005889842 0.999961019 -0.006578124 -0.545287311 -0.000347764 0.006576190 0.999978304 5.220718861
0.999975443 0.006543530 0.002514926 0.239297569 -0.006535232 0.999973238 -0.003293780 -0.688742161 -0.002536412 0.003277263 0.999991417 6.535289764
0.999960303 0.006768255 0.005793933 0.296289176 -0.006757260 0.999975324 -0.001915064 -0.826069355 -0.005806752 0.001875836 0.999981403 7.837976933
0.999943435 0.005161908 0.009300494 0.350422233 -0.005144953 0.999984980 -0.001846118 -0.960906684 -0.009309885 0.001798163 0.999954998 9.142568588
0.999913931 0.003863485 0.012538438 0.428988606 -0.003840747 0.999990940 -0.001836999 -1.097234011 -0.012545422 0.001788684 0.999919713 10.441929817
0.999869585 0.002692031 0.015925521 0.493832707 -0.002653735 0.999993563 -0.002425338 -1.235835433 -0.015931949 0.002382759 0.999870181 11.749565125
0.999813080 0.001637394 0.019262712 0.570692480 -0.001575270 0.999993563 -0.003239837 -1.371943474 -0.019267892 0.003208888 0.999809206 13.044169426
0.999743938 0.001603707 0.022572907 0.642697036 -0.001530414 0.999993503 -0.003263852 -1.518854141 -0.022577994 0.003228470 0.999739885 14.361057281
0.999661446 0.001602701 0.025970967 0.727050900 -0.001490693 0.999989569 -0.004331603 -1.656767130 -0.025977636 0.004291422 0.999653339 15.655041695
0.999576628 0.002336470 0.029001245 0.813110888 -0.002212387 0.999988258 -0.004309910 -1.795156240 -0.029010974 0.004243924 0.999570072 16.958780289
0.999481082 0.001952488 0.032152478 0.904490709 -0.001828268 0.999990821 -0.003892415 -1.934313178 -0.032159779 0.003831612 0.999475360 18.244899750
0.999405444 0.000342062 0.034476280 1.000514388 -0.000216037 0.999993265 -0.003659065 -2.076398611 -0.034477297 0.003649442 0.999398768 19.544246674
0.999348700 -0.002246496 0.036012765 1.100543499 0.002423841 0.999985158 -0.004881601 -2.217232943 -0.036001258 0.004965712 0.999339521 20.817710876
0.999305248 -0.001807080 0.037225712 1.197145939 0.002058560 0.999975443 -0.006718357 -2.357503414 -0.037212662 0.006790321 0.999284327 22.123708725
0.999258399 -0.001788019 0.038464256 1.279592514 0.002149236 0.999953985 -0.009351706 -2.502245665 -0.038445767 0.009427439 0.999216259 23.413307190
0.999226093 -0.001127982 0.039319023 1.385699868 0.001552825 0.999940753 -0.010776135 -2.644669771 -0.039304543 0.010828852 0.999168515 24.695379257
0.999181807 -0.000438034 0.040444143 1.486270547 0.000901015 0.999934316 -0.011429907 -2.791197062 -0.040436480 0.011456994 0.999116421 25.964998245
0.999164045 -0.002104775 0.040824402 1.584583044 0.002526619 0.999943852 -0.010284306 -2.939458609 -0.040800471 0.010378859 0.999113381 27.254779816
0.999158680 -0.005030021 0.040699843 1.689073563 0.005402904 0.999944329 -0.009056943 -3.087262630 -0.040652022 0.009269222 0.999130309 28.532636642
0.999180257 -0.006547549 0.039949942 1.782003522 0.006933687 0.999930501 -0.009534658 -3.234100103 -0.039884731 0.009803840 0.999156177 29.819593430
0.999193430 -0.008218404 0.039306764 1.882933378 0.008695702 0.999890387 -0.011987385 -3.379161119 -0.039203946 0.012319515 0.999155283 31.082284927
0.999229074 -0.008406586 0.038348492 1.993620276 0.008884030 0.999884903 -0.012296828 -3.526941299 -0.038240705 0.012628039 0.999188781 32.373764038
0.999238431 -0.008989423 0.037970554 2.087531567 0.009474589 0.999875426 -0.012616900 -3.671181202 -0.037852414 0.012967047 0.999199271 33.641883850
0.999259353 -0.009593632 0.037266068 2.186748981 0.010069953 0.999869704 -0.012615013 -3.818006992 -0.037140191 0.012980937 0.999225736 34.909915924
0.999269783 -0.010076352 0.036857504 2.276467800 0.010571077 0.999856234 -0.013252457 -3.960974455 -0.036718667 0.013632402 0.999232709 36.167346954
0.999316156 -0.010665002 0.035403676 2.394059420 0.011141382 0.999849617 -0.013285670 -4.119862080 -0.035256669 0.013671028 0.999284804 37.456249237
0.999310255 -0.010315828 0.035674594 2.480681896 0.010728954 0.999877334 -0.011408365 -4.266759396 -0.035552535 0.011783246 0.999298394 38.721710205
0.999272287 -0.010349117 0.036710862 2.578107834 0.010738837 0.999887884 -0.010434679 -4.405459881 -0.036598761 0.010821318 0.999271452 39.986080170
0.999195099 -0.012086865 0.038251042 2.692377090 0.012432107 0.999883950 -0.008800707 -4.547562599 -0.038140234 0.009269163 0.999229431 41.235694885
0.999076784 -0.013195741 0.040881343 2.780743599 0.013614383 0.999857545 -0.009979002 -4.693239212 -0.040743828 0.010526365 0.999114156 42.497787476
0.998951256 -0.014471563 0.043438263 2.876125097 0.015054204 0.999800622 -0.013116025 -4.842352867 -0.043239795 0.013756200 0.998970032 43.747524261
0.998864830 -0.015638601 0.044994675 2.992736578 0.016293045 0.999766231 -0.014215197 -4.989402294 -0.044761851 0.014932164 0.998886049 45.009925842
0.998737991 -0.015894486 0.047642626 3.115949392 0.016543897 0.999775231 -0.013267675 -5.120844841 -0.047421023 0.014039126 0.998776317 46.245281219
0.998539746 -0.016993390 0.051279750 3.220662117 0.017506205 0.999800980 -0.009567915 -5.277376652 -0.051106956 0.010451659 0.998638451 47.508148193
0.998258650 -0.020086726 0.055463545 3.335651875 0.020548064 0.999758720 -0.007760050 -5.414525986 -0.055294294 0.008886204 0.998430610 48.736312866
0.998021066 -0.021984642 0.058912195 3.460999012 0.022498114 0.999714255 -0.008066714 -5.556253433 -0.058718029 0.009376163 0.998230577 49.991622925
0.997739196 -0.025376052 0.062229972 3.604293108 0.026159594 0.999588013 -0.011808725 -5.692000866 -0.061904680 0.013409941 0.997991979 51.221900940
0.997460842 -0.026622484 0.066053964 3.735918522 0.027469452 0.999551237 -0.011947251 -5.825421333 -0.065706253 0.013731381 0.997744501 52.454975128
0.997106791 -0.029206945 0.070178419 3.864251614 0.029936336 0.999507964 -0.009364052 -5.965544701 -0.069870390 0.011437844 0.997490406 53.675849915
0.996820331 -0.031823851 0.073051170 4.016985416 0.032345112 0.999458969 -0.005963385 -6.101193428 -0.072821863 0.008307272 0.997310340 54.881088257
0.996585369 -0.034326211 0.075094558 4.168227673 0.034746327 0.999386907 -0.004294833 -6.231506824 -0.074901082 0.006889428 0.997167170 56.096023560
0.996371150 -0.037530966 0.076393150 4.317602158 0.037745025 0.999286592 -0.001359722 -6.351200104 -0.076287605 0.004238249 0.997076869 57.309146881
0.996245921 -0.040543329 0.076487094 4.475977421 0.040653944 0.999173224 0.000110892 -6.478482723 -0.076428369 0.002999026 0.997070551 58.509376526
0.996160030 -0.042528380 0.076527953 4.616102219 0.042895392 0.999074519 -0.003157644 -6.602212906 -0.076322846 0.006428215 0.997062445 59.716243744
0.996162534 -0.043703698 0.075830579 4.764102936 0.044394996 0.998986185 -0.007453949 -6.730778217 -0.075427935 0.010791842 0.997092843 60.902214050
0.996178389 -0.045168445 0.074755110 4.896706104 0.046139952 0.998870790 -0.011319391 -6.860974312 -0.074159399 0.014725330 0.997137666 62.105640411
0.996240318 -0.046742462 0.072940916 5.048673153 0.047880448 0.998755872 -0.013930807 -6.992017746 -0.072199002 0.017370876 0.997238934 63.299896240
0.996346354 -0.047143053 0.071214333 5.174310207 0.048257165 0.998736739 -0.014004988 -7.127888203 -0.070464134 0.017390421 0.997362733 64.480842590
0.996563911 -0.046614997 0.068463370 5.308309555 0.047630079 0.998776853 -0.013269003 -7.263523579 -0.067761101 0.016484324 0.997565389 65.657928467
0.996812344 -0.045765746 0.065349072 5.428283215 0.046592195 0.998851359 -0.011178321 -7.406519413 -0.064762436 0.014187447 0.997799873 66.852706909
0.997195125 -0.042036839 0.061925516 5.546554089 0.042585880 0.999064147 -0.007572615 -7.536410809 -0.061549220 0.010188527 0.998052001 68.026756287
0.997417808 -0.040330838 0.059423294 5.654141426 0.040708020 0.999157846 -0.005149917 -7.662319660 -0.059165534 0.007555623 0.998219609 69.192131042
0.997706115 -0.038915783 0.055390496 5.783129692 0.039426494 0.999189198 -0.008157067 -7.807012081 -0.055028148 0.010322209 0.998431385 70.399070740
0.997887135 -0.039328091 0.051716082 5.893589020 0.040142111 0.999084473 -0.014796451 -7.937294006 -0.051086821 0.016841181 0.998552203 71.558731079
0.997932553 -0.042658538 0.048070103 6.000278473 0.043556020 0.998892784 -0.017779630 -8.074684143 -0.047258422 0.019836614 0.998685777 72.733299255
0.997972012 -0.046292368 0.043689810 6.125112534 0.046917804 0.998808861 -0.013399761 -8.210022926 -0.043017458 0.015422417 0.998955250 73.917922974
0.997969449 -0.050071973 0.039368916 6.230226517 0.050447624 0.998689592 -0.008606195 -8.336173058 -0.038886398 0.010574787 0.999187708 75.076118469
0.998027682 -0.052374803 0.034605499 6.328038692 0.052597456 0.998600364 -0.005554645 -8.467823982 -0.034266144 0.007363852 0.999385595 76.261886597
0.998202801 -0.051543929 0.030566130 6.415513039 0.051665746 0.998659372 -0.003208645 -8.591417313 -0.030359760 0.004782101 0.999527574 77.421768188
0.998337984 -0.051128212 0.026592460 6.509258747 0.051242322 0.998679698 -0.003626891 -8.701832771 -0.026371911 0.004983523 0.999639750 78.576622009
0.998493612 -0.049854878 0.022913873 6.588570118 0.049982037 0.998737574 -0.005010497 -8.839947701 -0.022635143 0.006148232 0.999724865 79.747901917
0.998675466 -0.047562733 0.019629095 6.663371086 0.047764231 0.998809278 -0.009926953 -8.969331741 -0.019133570 0.010851371 0.999758005 80.892646790
0.998579741 -0.050970960 0.015512371 6.749706268 0.051201884 0.998577595 -0.014871607 -9.105691910 -0.014732286 0.015644746 0.999768972 82.051933289
0.998448014 -0.054255627 0.012563260 6.810172081 0.054454047 0.998387575 -0.016031027 -9.236143112 -0.011673232 0.016690264 0.999792576 83.196281433
0.998477578 -0.054460708 0.008736414 6.876188278 0.054569196 0.998429179 -0.012702108 -9.364352226 -0.008030925 0.013159511 0.999881148 84.333679199
0.998470068 -0.054977503 0.005909346 6.941837788 0.055035546 0.998432696 -0.010156367 -9.494606972 -0.005341713 0.010466050 0.999930978 85.468719482
0.998599052 -0.052719973 0.004516122 6.988095284 0.052771308 0.998533070 -0.012121486 -9.620432854 -0.003870452 0.012342826 0.999916315 86.615570068
0.998787403 -0.049073916 0.003939311 7.038928509 0.049128402 0.998676956 -0.015190519 -9.748825073 -0.003188640 0.015365631 0.999876857 87.735290527
0.998869479 -0.047455072 0.002759334 7.096547604 0.047496680 0.998713911 -0.017739283 -9.878197670 -0.001913967 0.017850291 0.999838829 88.840431213
0.998773754 -0.049469184 0.001944287 7.142980099 0.049497016 0.998597682 -0.018779717 -10.009043694 -0.001012543 0.018852921 0.999821723 89.988983154
0.998722196 -0.050535552 0.000282495 7.194335461 0.050533518 0.998591542 -0.016161347 -10.139802933 0.000534625 0.016154973 0.999869347 91.103637695
0.998664021 -0.051669627 -0.000752795 7.243704319 0.051655006 0.998575807 -0.013345431 -10.271241188 0.001441276 0.013288718 0.999910653 92.219665527
0.998667300 -0.051588342 -0.001510240 7.306282997 0.051564068 0.998582900 -0.013167349 -10.391819954 0.002187382 0.013071928 0.999912143 93.361457825
0.998638630 -0.052138560 -0.001617425 7.350277424 0.052108321 0.998527527 -0.015088360 -10.522480965 0.002401728 0.014983537 0.999884844 94.470199585
0.998623550 -0.052379832 -0.002692984 7.412683487 0.052319318 0.998449028 -0.019037366 -10.651104927 0.003685981 0.018870268 0.999815047 95.577957153
0.998597682 -0.052894846 -0.002190410 7.449939251 0.052840635 0.998402596 -0.020003183 -10.787357330 0.003244977 0.019859390 0.999797523 96.671104431
0.998556316 -0.053661045 -0.002421229 7.503092289 0.053608041 0.998394728 -0.018279674 -10.920568466 0.003398249 0.018123487 0.999830008 97.756149292
0.998606503 -0.052747063 -0.001674978 7.548361301 0.052720044 0.998519719 -0.013376668 -11.038492203 0.002378079 0.013269724 0.999909103 98.839767456
0.998691440 -0.051138490 -0.000491199 7.596176147 0.051131181 0.998643398 -0.009849771 -11.160106659 0.000994234 0.009811767 0.999951363 99.906745911
0.998794854 -0.049059801 0.001489890 7.637066364 0.049072199 0.998746037 -0.009912753 -11.279571533 -0.001001705 0.009973917 0.999949753 100.965286255
0.998885214 -0.047067247 0.003612304 7.683852196 0.047106214 0.998822629 -0.011590013 -11.402980804 -0.003062541 0.011747254 0.999926329 102.002502441
0.998851478 -0.047510151 0.006205984 7.733036518 0.047593288 0.998768449 -0.014015272 -11.524499893 -0.005532474 0.014294539 0.999882519 103.023612976
0.998765767 -0.048975289 0.008266878 7.773920059 0.049095783 0.998680472 -0.015063914 -11.635469437 -0.007518211 0.015451190 0.999852359 104.035308838
0.998662710 -0.050721638 0.009997454 7.834020138 0.050863292 0.998600841 -0.014464836 -11.749094009 -0.009249787 0.014953997 0.999845326 105.018653870
0.998627722 -0.051003333 0.011887363 7.887049198 0.051152557 0.998611271 -0.012606759 -11.871677399 -0.011227870 0.013197528 0.999849856 105.993301392
0.998547196 -0.052351147 0.012757150 7.960793495 0.052498031 0.998555243 -0.011464672 -11.974374771 -0.012138528 0.012117740 0.999852896 106.925979614
0.998491228 -0.052840255 0.014936833 8.010771751 0.053020630 0.998521984 -0.011949303 -12.083050728 -0.014283350 0.012723235 0.999816954 107.843475342
0.998485029 -0.052495878 0.016495461 8.068945885 0.052666876 0.998560965 -0.010108025 -12.185304642 -0.015941096 0.010961475 0.999812841 108.745727539
0.998496532 -0.051649701 0.018356906 8.124249458 0.051806327 0.998623788 -0.008161315 -12.283006668 -0.017910115 0.009100049 0.999798179 109.615692139
0.998457253 -0.052034743 0.019377867 8.187198639 0.052138843 0.998627782 -0.004905836 -12.385403633 -0.019096006 0.005908608 0.999800205 110.471572876
0.998420894 -0.052058361 0.021109918 8.244178772 0.052170683 0.998626590 -0.004805425 -12.478242874 -0.020830765 0.005899156 0.999765635 111.297042847
0.998444438 -0.051159326 0.022163233 8.292970657 0.051257625 0.998678029 -0.003889950 -12.570401192 -0.021934927 0.005019935 0.999746799 112.102767944
0.998550594 -0.048849743 0.022591641 8.344112396 0.048942603 0.998795211 -0.003575546 -12.650886536 -0.022389760 0.004676057 0.999738336 112.880996704
0.998688757 -0.046357207 0.021719476 8.387899399 0.046378877 0.998923719 -0.000494538 -12.729213715 -0.021673178 0.001501215 0.999764025 113.632835388
0.998750567 -0.046164583 0.019133344 8.426898956 0.046160277 0.998933852 0.000667338 -12.816260338 -0.019143753 0.000216696 0.999816716 114.385421753
0.998848915 -0.046200156 0.012893748 8.459614754 0.046194386 0.998932183 0.000745317 -12.890587807 -0.012914414 -0.000148840 0.999916613 115.083068848
0.998994708 -0.044774417 0.002195144 8.488090515 0.044774599 0.998997092 -0.000030161 -12.970181465 -0.002191590 0.000128418 0.999997556 115.750801086
0.999058783 -0.041780636 -0.011660419 8.487401962 0.041746154 0.999123216 -0.003184703 -13.037073135 0.011783250 0.002694927 0.999926925 116.400634766
0.998728752 -0.040378321 -0.030171897 8.475977898 0.040222440 0.999174178 -0.005755781 -13.107238770 0.030379388 0.004534876 0.999528170 117.009048462
0.997867763 -0.038619902 -0.052615233 8.441755295 0.038244992 0.999235511 -0.008114107 -13.176520348 0.052888371 0.006084537 0.998581946 117.596969604
0.996079147 -0.037175108 -0.080276623 8.399934769 0.036475141 0.999282777 -0.010168843 -13.242760658 0.080597088 0.007200871 0.996720791 118.161979675
0.993079782 -0.034759387 -0.112179056 8.326256752 0.033599947 0.999360800 -0.012210250 -13.311596870 0.112531781 0.008356543 0.993613064 118.703598022
0.988618076 -0.030448588 -0.147333786 8.214269638 0.028776439 0.999495149 -0.013468134 -13.377630234 0.147669494 0.009075098 0.988995135 119.244049072
0.982231736 -0.024193259 -0.186105698 8.100131989 0.022135282 0.999668777 -0.013128367 -13.439622879 0.186361700 0.008775597 0.982442021 119.772972107
0.973545134 -0.019053711 -0.227699012 7.960121155 0.017010015 0.999795616 -0.010934596 -13.497138023 0.227860793 0.006772160 0.973670185 120.274993896
0.962073624 -0.014233774 -0.272418529 7.792297363 0.012110489 0.999881744 -0.009474052 -13.556076050 0.272521138 0.005815615 0.962132215 120.759597778
0.947561026 -0.008281589 -0.319467574 7.599273682 0.005314145 0.999934256 -0.010159307 -13.612131119 0.319530725 0.007928868 0.947542727 121.235565186
0.930147588 -0.000393273 -0.367185831 7.362247467 -0.003893349 0.999932706 -0.010933533 -13.667203903 0.367165387 0.011599383 0.930083394 121.704154968
0.908893168 0.004041268 -0.417009652 7.114242554 -0.009881765 0.999880970 -0.011847883 -13.719084740 0.416912198 0.014889252 0.908824861 122.134010315
0.883755326 0.008885401 -0.467864960 6.834857941 -0.015494155 0.999827087 -0.010278980 -13.781877518 0.467692733 0.016333275 0.883740187 122.556503296
0.854510367 0.011830148 -0.519299626 6.551071167 -0.019989757 0.999749005 -0.010118011 -13.826373100 0.519049525 0.019026622 0.854532361 122.953651428
0.822780132 0.021662774 -0.567946672 6.222232819 -0.030790286 0.999504864 -0.006482284 -13.879403114 0.567525148 0.022820737 0.823039830 123.325630188
0.789021730 0.034736603 -0.613382578 5.866920471 -0.044282220 0.999019027 -0.000386555 -13.918711662 0.612767398 0.027466943 0.789785862 123.675537109
0.752929389 0.043800604 -0.656642258 5.520725250 -0.055841878 0.998436213 0.002569324 -13.960394859 0.655727983 0.034733616 0.754197836 123.977577209
0.712607265 0.047454726 -0.699956417 5.162181854 -0.062954985 0.998009920 0.003568965 -14.010540962 0.698732853 0.041522477 0.714176655 124.278930664
0.670091391 0.048850682 -0.740669489 4.783367157 -0.065569423 0.997826874 0.006490100 -14.053197861 0.739376903 0.044216312 0.671838343 124.561035156
0.625917017 0.052367527 -0.778129578 4.380134583 -0.069377936 0.997526228 0.011326060 -14.081920624 0.776797652 0.046895862 0.628001809 124.826095581
0.580303192 0.061673641 -0.812061906 3.957870483 -0.080283903 0.996603668 0.018317780 -14.127616882 0.810433567 0.054565638 0.583283722 125.057769775
0.535308182 0.070017852 -0.841749787 3.497501373 -0.091980003 0.995464087 0.024309628 -14.147151947 0.839633763 0.064410985 0.539320290 125.267288208
0.488399029 0.075167313 -0.869376957 3.049102783 -0.097920731 0.994711399 0.030993937 -14.171835899 0.867108881 0.069992617 0.493176520 125.458106995
0.440760523 0.076709896 -0.894340992 2.587333679 -0.097125426 0.994567633 0.037440024 -14.200694084 0.892354608 0.070361167 0.445816517 125.639518738
0.393144310 0.078488559 -0.916120708 2.109596252 -0.094771385 0.994502485 0.044533677 -14.225462914 0.914579630 0.069313869 0.398421466 125.816207886
0.348187119 0.081110440 -0.933909416 1.617198944 -0.096654095 0.994046330 0.050298046 -14.245034218 0.932428896 0.072753035 0.353953838 125.948127747
0.304583967 0.084469594 -0.948732674 1.117145538 -0.102367334 0.993193626 0.055563834 -14.265045166 0.946968555 0.080195367 0.311157733 126.062156677
0.263073921 0.085913330 -0.960942805 0.597211838 -0.107035130 0.992477477 0.059430070 -14.282741547 0.958819866 0.087220125 0.270290613 126.163009644
0.223468408 0.081847429 -0.971268713 0.071516037 -0.107140943 0.992492616 0.058985069 -14.295609474 0.968804777 0.090881340 0.230559915 126.265197754
0.188213065 0.077295877 -0.979081929 -0.459718704 -0.102177568 0.993029475 0.058754992 -14.322268486 0.976798654 0.088981740 0.194799066 126.355377197
0.157815829 0.072108611 -0.984832227 -1.007492065 -0.099400207 0.993424535 0.056809209 -14.342849731 0.982452929 0.088927142 0.163945749 126.432785034
0.131211281 0.070620887 -0.988835812 -1.576198578 -0.100605436 0.993258357 0.057587139 -14.363223076 0.986236334 0.091926172 0.137431577 126.499465942
0.109285496 0.069718324 -0.991562486 -2.168067932 -0.101022892 0.993151188 0.058695748 -14.376194954 0.988863587 0.093755923 0.115580164 126.554824829
0.091061063 0.071230926 -0.993294597 -2.757937431 -0.103340469 0.992729485 0.061716601 -14.392632484 0.990468979 0.097027548 0.097760066 126.606117249
0.074649885 0.069430582 -0.994789839 -3.361638069 -0.104053259 0.992670000 0.061474398 -14.417736053 0.991766274 0.098922074 0.081327170 126.658042908
0.060257569 0.068220355 -0.995848894 -3.980334282 -0.103005514 0.992760658 0.061776057 -14.447149277 0.992853880 0.098855458 0.066848412 126.710540771
0.048021503 0.065948635 -0.996666849 -4.620389938 -0.098680280 0.993249774 0.060967918 -14.470763206 0.993959904 0.095423579 0.054205194 126.751525879
0.035707600 0.063150123 -0.997365117 -5.258425236 -0.096273243 0.993577182 0.059463516 -14.488572121 0.994714260 0.093896270 0.041557927 126.795318604
0.025589025 0.062159788 -0.997738123 -5.938279152 -0.095462561 0.993655741 0.059457120 -14.506166458 0.995104074 0.093725190 0.031360611 126.819236755
0.015964519 0.063658595 -0.997844100 -6.609889030 -0.098745659 0.993192971 0.061782040 -14.528807640 0.994984686 0.097546443 0.022141853 126.838127136
0.007693952 0.063527100 -0.997950435 -7.286615849 -0.101890668 0.992835641 0.062415946 -14.557114601 0.994765878 0.101201616 0.014111644 126.849159241
0.000983868 0.063024394 -0.998011529 -7.977183342 -0.103709072 0.992636800 0.062582739 -14.579138756 0.994607210 0.103441291 0.007512825 126.867835999
-0.003993826 0.063881367 -0.997949421 -8.675816536 -0.104453303 0.992471695 0.063948721 -14.597270966 0.994521737 0.104494527 0.002708859 126.881355286
-0.007861613 0.066169016 -0.997777462 -9.401316643 -0.106774338 0.992048264 0.066630363 -14.616442680 0.994252205 0.107060857 -0.000733946 126.903335571
-0.008442569 0.070242919 -0.997494161 -10.131351471 -0.109082505 0.991512060 0.070744909 -14.643457413 0.993996799 0.109406449 -0.000708634 126.902732849
-0.009356197 0.073357269 -0.997261822 -10.855529785 -0.111551017 0.991003871 0.073943488 -14.658411980 0.993714690 0.111937389 -0.001088949 126.909843445
-0.010149616 0.078895494 -0.996831179 -11.597026825 -0.116112627 0.990045965 0.079540722 -14.666831017 0.993184209 0.116551988 -0.000887824 126.917549133
-0.011192890 0.082784638 -0.996504545 -12.337568283 -0.119427428 0.989322960 0.083529443 -14.681393623 0.992779851 0.119944915 -0.001186628 126.922424316
-0.012746699 0.083311528 -0.996441960 -13.079014778 -0.119253650 0.989283919 0.084238522 -14.701619148 0.992781997 0.119903125 -0.002674901 126.944595337
-0.013957093 0.080427542 -0.996662736 -13.823524475 -0.116870597 0.989796638 0.081510097 -14.721240997 0.993049026 0.117618233 -0.004415070 126.961006165
-0.015728375 0.076972917 -0.996909022 -14.583524704 -0.120631047 0.989603639 0.078312054 -14.728322029 0.992572844 0.121489912 -0.006279533 126.973640442
-0.016951980 0.078662425 -0.996757150 -15.343200684 -0.125249878 0.988880694 0.080170967 -14.739356041 0.991980433 0.126202762 -0.006911028 126.977684021
-0.018430270 0.081479609 -0.996504605 -16.137395859 -0.122554220 0.988974035 0.083130516 -14.753571510 0.992290616 0.123657964 -0.008241389 126.986938477
-0.020798139 0.081447460 -0.996460676 -16.911390305 -0.121314481 0.989105999 0.083378427 -14.770140648 0.992396235 0.122619219 -0.010690806 127.002723694
-0.021391351 0.080925837 -0.996490598 -17.703271866 -0.124821536 0.988703728 0.082972981 -14.781145096 0.991948605 0.126158386 -0.011048419 126.995658875
-0.022595754 0.080380261 -0.996508121 -18.495582581 -0.128911406 0.988207161 0.082633756 -14.792793274 0.991398633 0.130328462 -0.011967354 127.007484436
-0.023940371 0.084711790 -0.996117890 -19.292354584 -0.130730659 0.987582028 0.087127827 -14.799684525 0.991128802 0.132309049 -0.012568651 127.014808655
-0.024669057 0.089667819 -0.995666087 -20.096073151 -0.130113676 0.987209499 0.092129968 -14.814533234 0.991192102 0.131822556 -0.012686516 127.026985168
-0.023729431 0.091714099 -0.995502591 -20.920846939 -0.130711630 0.986950099 0.094041906 -14.820672035 0.991136432 0.132355317 -0.011431666 127.038887024
-0.021604322 0.090636499 -0.995649636 -21.739049911 -0.130081475 0.987161636 0.092686400 -14.828445435 0.991267979 0.131518006 -0.009536830 127.044555664
-0.020032005 0.090411827 -0.995702982 -22.570106506 -0.130196631 0.987186611 0.092257865 -14.831536293 0.991285920 0.131485313 -0.008004013 127.048355103
-0.020583905 0.089554422 -0.995769203 -23.397426605 -0.128347307 0.987502575 0.091464072 -14.838340759 0.991515636 0.129686981 -0.008832589 127.076278687
-0.019861113 0.091597170 -0.995598018 -24.236156464 -0.129381299 0.987186015 0.093404241 -14.845728874 0.991395950 0.130666882 -0.007755651 127.092292786
-0.019575870 0.093422435 -0.995434105 -25.074630737 -0.130928218 0.986811578 0.095187984 -14.846743584 0.991198540 0.132193819 -0.007086059 127.109710693
-0.019139720 0.096175082 -0.995180428 -25.950004578 -0.133985355 0.986137807 0.097878061 -14.850016594 0.990798473 0.135212958 -0.005988354 127.115928650
-0.017582228 0.097222812 -0.995107293 -26.813318253 -0.136184663 0.985753059 0.098715082 -14.847899437 0.990527451 0.137253985 -0.004091479 127.126091003
-0.015814051 0.100262463 -0.994835317 -27.682601929 -0.142894149 0.984520197 0.101494342 -14.848245621 0.989611626 0.143761173 -0.001242334 127.137886047
-0.013573258 0.104142003 -0.994469762 -28.564073563 -0.147533998 0.983467340 0.105003469 -14.842954636 0.988963783 0.148143306 0.002015630 127.151565552
-0.011455433 0.105875999 -0.994313240 -29.438562393 -0.150091529 0.982930779 0.106393158 -14.838225365 0.988605738 0.150456816 0.004631191 127.179298401
-0.007515252 0.106940724 -0.994236946 -30.337398529 -0.149270847 0.983005047 0.106860928 -14.841779709 0.988767922 0.149213642 0.008575600 127.197616577
-0.004824828 0.106881395 -0.994260013 -31.230239868 -0.151931778 0.982650518 0.106370658 -14.836753845 0.988379180 0.151572928 0.011497559 127.223373413
-0.002507336 0.110676683 -0.993853331 -32.129978180 -0.152480528 0.982192338 0.109762795 -14.829755783 0.988303304 0.151818484 0.014413351 127.254486084
-0.000230645 0.112656422 -0.993633926 -33.042015076 -0.151276916 0.982194901 0.111394554 -14.825232506 0.988491416 0.150339559 0.016815776 127.294555664
0.001521573 0.113933831 -0.993487179 -33.935298920 -0.152009875 0.981969297 0.112380140 -14.822301865 0.988377750 0.150848880 0.018813200 127.333198547
0.004018080 0.112226762 -0.993674517 -34.837936401 -0.153107405 0.982035339 0.110293128 -14.816739082 0.988201320 0.151695758 0.021128647 127.361885071
0.004253769 0.113205768 -0.993562400 -35.746772766 -0.157271117 0.981282413 0.111133270 -14.807085037 0.987546325 0.155785948 0.021978145 127.399909973
0.005196475 0.113979794 -0.993469536 -36.639728546 -0.158150703 0.981073260 0.111730352 -14.804006577 0.987401307 0.156537294 0.023124106 127.435569763
0.005506907 0.110420756 -0.993869662 -37.537429810 -0.158451483 0.981424749 0.108160123 -14.802394867 0.987351418 0.156884477 0.022900946 127.467056274
0.006479982 0.106240653 -0.994319320 -38.452533722 -0.159765869 0.981677234 0.103848688 -14.803311348 0.987133682 0.158185318 0.023334885 127.508407593
0.006989982 0.105452016 -0.994399905 -39.351161957 -0.159482136 0.981813252 0.102996200 -14.798172951 0.987176061 0.157869086 0.023680570 127.546203613
0.006826887 0.109564446 -0.993956327 -40.257480621 -0.161921144 0.980983078 0.107022256 -14.793982506 0.986780107 0.160211906 0.024437863 127.583541870
0.007258242 0.115738317 -0.993253171 -41.190666199 -0.162566707 0.980202198 0.113029569 -14.783346176 0.986670852 0.160649508 0.025929743 127.619400024
0.007383202 0.114402421 -0.993407071 -42.085575104 -0.160306990 0.980720937 0.111750036 -14.784633636 0.987039626 0.158425003 0.025580373 127.661682129
0.008194502 0.104144931 -0.994528413 -42.976036072 -0.159767449 0.981921852 0.101508364 -14.791411400 0.987120628 0.158061460 0.024685327 127.702850342
0.008486401 0.093577012 -0.995575905 -43.898746490 -0.161126688 0.982729793 0.090996124 -14.797443390 0.986897230 0.159641609 0.023417590 127.740226746
0.007297208 0.090617768 -0.995859027 -44.799045563 -0.157886565 0.983498096 0.088336088 -14.807043076 0.987430215 0.156588122 0.021484125 127.784957886
0.007028619 0.100562647 -0.994905949 -45.722297668 -0.150662169 0.983679473 0.098363549 -14.810159683 0.988560319 0.149203315 0.022064896 127.831809998
0.007475232 0.113874406 -0.993467033 -46.658161163 -0.145738572 0.983010709 0.111579292 -14.809499741 0.989294887 0.143952370 0.023944126 127.881080627
0.007586892 0.122736759 -0.992410243 -47.579326630 -0.145959184 0.981945634 0.120326713 -14.800664902 0.989261508 0.143938482 0.025364475 127.924949646
0.007516990 0.117101967 -0.993091404 -48.497142792 -0.146021411 0.982602596 0.114759885 -14.798152924 0.989252865 0.144149959 0.024485609 127.960624695
0.007594246 0.103708491 -0.994578838 -49.417854309 -0.145979166 0.984067202 0.101497784 -14.799240112 0.989258468 0.144416958 0.022612531 128.002197266
0.008058848 0.094845682 -0.995459318 -50.333183289 -0.146539554 0.984856546 0.092649125 -14.799589157 0.989171982 0.145127475 0.021835450 128.043106079
0.008666172 0.094753809 -0.995463014 -51.259887695 -0.145695165 0.984996855 0.092489183 -14.807497025 0.989291608 0.144232601 0.022341324 128.084884644
0.008064469 0.096519135 -0.995298564 -52.204200745 -0.149061829 0.984326184 0.094247341 -14.829056740 0.988794982 0.147600964 0.022325387 128.124679565
0.008877628 0.096128531 -0.995329261 -53.132553101 -0.153724030 0.983667731 0.093631133 -14.832672119 0.988073945 0.152174786 0.023509897 128.153701782
0.009090709 0.095414370 -0.995396018 -54.073093414 -0.155442923 0.983471394 0.092851691 -14.835082054 0.987803042 0.153883219 0.023771940 128.192504883
0.009924489 0.103195034 -0.994611681 -55.025093079 -0.163870662 0.981381178 0.100187168 -14.840406418 0.986431897 0.161993399 0.026650347 128.224990845
0.011811072 0.112394445 -0.993593454 -55.993534088 -0.170514748 0.979335010 0.108754605 -14.827674866 0.985284328 0.168137848 0.030731909 128.262695312
0.012844075 0.120536193 -0.992625833 -56.941146851 -0.170809999 0.978380978 0.116596214 -14.819498062 0.985220253 0.168052867 0.033155188 128.306915283
0.014016452 0.121638030 -0.992475510 -57.881587982 -0.172497362 0.977985501 0.117426001 -14.815895081 0.984910250 0.169553503 0.034690127 128.346481323
0.015246894 0.112235926 -0.993564606 -58.823963165 -0.174023896 0.978812337 0.107898958 -14.814031601 0.984623432 0.171258882 0.034455582 128.395263672
0.016118579 0.106935263 -0.994135261 -59.777675629 -0.171932772 0.979751170 0.102600344 -14.813410759 0.984976828 0.169270635 0.034177866 128.461669922
0.018390477 0.105290450 -0.994271398 -60.730693817 -0.170652494 0.980177999 0.100641541 -14.809146881 0.985159636 0.167824060 0.035994016 128.510650635
0.021861926 0.111135930 -0.993564725 -61.687747955 -0.171725854 0.979449451 0.105778478 -14.804515839 0.984902143 0.168308213 0.040497556 128.561996460
0.025234420 0.113369793 -0.993232429 -62.662353516 -0.174656719 0.978767455 0.107281342 -14.812850952 0.984305918 0.170767516 0.044499423 128.613174438
0.029155033 0.108441286 -0.993675232 -63.614459991 -0.174565196 0.979373336 0.101758651 -14.811491013 0.984213889 0.170494333 0.047483735 128.676437378
0.032603972 0.102578834 -0.994190454 -64.565383911 -0.174502715 0.980024874 0.095394522 -14.816575050 0.984116852 0.170378685 0.049852986 128.738311768
0.035926394 0.102339491 -0.994100511 -65.531272888 -0.171892181 0.980550230 0.094732419 -14.819805145 0.984460533 0.167474732 0.052818991 128.808181763
0.038709201 0.106628627 -0.993545115 -66.491043091 -0.169646442 0.980557561 0.098625243 -14.828504562 0.984744489 0.164733663 0.056045756 128.878341675
0.041966658 0.113587864 -0.992641151 -67.471900940 -0.169427007 0.979936540 0.104971074 -14.833522797 0.984648824 0.163774922 0.060369506 128.964141846
0.045309152 0.117467433 -0.992042542 -68.427116394 -0.167159081 0.979952574 0.108401254 -14.834439278 0.984888196 0.160917386 0.064036570 129.039382935
0.047413271 0.118952952 -0.991767168 -69.392951965 -0.166748613 0.979893923 0.109557137 -14.833690643 0.984858811 0.160181358 0.066295214 129.118164062
0.048756596 0.116410404 -0.992003739 -70.341583252 -0.164782867 0.980512917 0.106962949 -14.834450722 0.985124111 0.158250079 0.066988915 129.209426880
0.048938446 0.114303716 -0.992239654 -71.297760010 -0.162448823 0.981113315 0.105009779 -14.834842682 0.985502541 0.156049177 0.066582657 129.296997070
0.049158975 0.110548764 -0.992654204 -72.239044189 -0.159338072 0.981995463 0.101470858 -14.843223572 0.985999286 0.153179437 0.065888517 129.386779785
0.049446430 0.110963121 -0.992593706 -73.209167480 -0.158419386 0.982099831 0.101898268 -14.843935013 0.986133099 0.152207598 0.066140033 129.459609985
0.047681607 0.115052946 -0.992214322 -74.153289795 -0.154783607 0.982196331 0.106453069 -14.845328331 0.986797154 0.148502648 0.064641014 129.566635132
0.047924202 0.116384432 -0.992047369 -75.126876831 -0.149351388 0.982858300 0.108091466 -14.843909264 0.987622023 0.142983437 0.064484879 129.647613525
0.046899397 0.112731799 -0.992518008 -76.076713562 -0.146291062 0.983673155 0.104814507 -14.843325615 0.988129199 0.140280813 0.062625326 129.729873657
0.045828201 0.109440878 -0.992936373 -77.026786804 -0.147966549 0.983759761 0.101600170 -14.848299980 0.987930000 0.142265216 0.061277539 129.804809570
0.044767596 0.105717301 -0.993387997 -78.006958008 -0.144479051 0.984615803 0.098272726 -14.849722862 0.988494694 0.139124334 0.059352826 129.871444702
0.043590937 0.106473349 -0.993359566 -78.955383301 -0.144843146 0.984472871 0.099164769 -14.853158951 0.988493979 0.139558643 0.058336031 129.937484741
0.042360116 0.107784718 -0.993271351 -79.904800415 -0.145416915 0.984242320 0.100603297 -14.854901314 0.988463223 0.140176922 0.057366338 130.014984131
0.041673344 0.108902954 -0.993178427 -80.873672485 -0.147962153 0.983754158 0.101661146 -14.863700867 0.988114655 0.142716244 0.057109844 130.075057983
0.040042467 0.109026708 -0.993232012 -81.824302673 -0.147802308 0.983740509 0.102026097 -14.858500481 0.988205969 0.142716616 0.055505790 130.147659302
0.037958339 0.109462209 -0.993265867 -82.777709961 -0.147957355 0.983641982 0.102747321 -14.859837532 0.988264978 0.143060848 0.053533152 130.214797974
0.035738938 0.112508446 -0.993007898 -83.722763062 -0.147894442 0.983297050 0.106085405 -14.861234665 0.988357186 0.143068954 0.051781375 130.286270142
0.034243170 0.116352022 -0.992617488 -84.680412292 -0.149242565 0.982658982 0.110036135 -14.852551460 0.988207519 0.144372806 0.051014036 130.338134766
0.031965625 0.121057272 -0.992130756 -85.629348755 -0.150285989 0.981934607 0.114971101 -14.840716362 0.988125741 0.145428240 0.049581368 130.401718140
0.030250911 0.121294320 -0.992155552 -86.578285217 -0.150463834 0.981851578 0.115446985 -14.839771271 0.988152683 0.145791143 0.047952320 130.460144043
0.028654365 0.115219936 -0.992926657 -87.520500183 -0.150636032 0.982488215 0.109661527 -14.830082893 0.988173902 0.146428242 0.045508850 130.525009155
0.026557159 0.110771097 -0.993491054 -88.458976746 -0.155455172 0.982208490 0.105357625 -14.823680878 0.987485886 0.151645318 0.043304607 130.581726074
0.026384920 0.108404055 -0.993756711 -89.432243347 -0.153755456 0.982713580 0.103117116 -14.816445351 0.987756550 0.150074810 0.042596530 130.624298096
0.025360547 0.109547623 -0.993658006 -90.382034302 -0.149640217 0.983194709 0.104574904 -14.822166443 0.988415241 0.146039099 0.041327085 130.683853149
0.024674961 0.110893182 -0.993525982 -91.333976746 -0.146211550 0.983541965 0.106147550 -14.820862770 0.988945484 0.142645776 0.040482722 130.745147705
0.023528438 0.111009888 -0.993540764 -92.279960632 -0.141293481 0.984209418 0.106621265 -14.824300766 0.989688039 0.137872189 0.038841881 130.808242798
0.022477135 0.108256608 -0.993868887 -93.227890015 -0.137221277 0.985045373 0.104192160 -14.826360703 0.990285337 0.134037986 0.036996111 130.866027832
0.021507412 0.104832418 -0.994257331 -94.199508667 -0.132136971 0.986061096 0.101109900 -14.832127571 0.990998089 0.129203528 0.035059862 130.920623779
0.020480819 0.107092895 -0.994038045 -95.158882141 -0.130230039 0.986061633 0.103550330 -14.833480835 0.991272151 0.127332836 0.034142062 130.974548340
0.019206323 0.109613553 -0.993788719 -96.104751587 -0.130003765 0.985807359 0.106220722 -14.834992409 0.991327465 0.127156153 0.033183910 131.030532837
0.018051079 0.107860893 -0.994002104 -97.061279297 -0.125350744 0.986564159 0.104777426 -14.834967613 0.991948247 0.122707568 0.031328987 131.073211670
0.014579644 0.104755789 -0.994391084 -98.023284912 -0.123611152 0.987056971 0.102170803 -14.837192535 0.992223620 0.121428199 0.027339922 131.135467529
0.011644336 0.102335766 -0.994681776 -98.973060608 -0.122505330 0.987401605 0.100152642 -14.839499474 0.992399573 0.120687604 0.024034318 131.185119629
0.009465554 0.101020843 -0.994839251 -99.934288025 -0.116139852 0.988261759 0.099247903 -14.846227646 0.993187726 0.114601031 0.021086991 131.228271484
0.006778073 0.101936944 -0.994767725 -100.878417969 -0.110290311 0.988797784 0.100573689 -14.848107338 0.993876278 0.109031551 0.017944800 131.279373169
0.003693663 0.109560274 -0.993973255 -101.873229980 -0.100500606 0.988988101 0.108637318 -14.849071503 0.994930148 0.099493638 0.014663862 131.341476440
0.001122597 0.117820844 -0.993034244 -102.832901001 -0.092551142 0.988784969 0.117212042 -14.845733643 0.995707333 0.091774859 0.012014459 131.393096924
-0.003080695 0.116635010 -0.993170142 -103.787322998 -0.088241048 0.989268839 0.116450571 -14.834914207 0.996094346 0.087997131 0.007244362 131.446746826
-0.004700000 0.107156754 -0.994230986 -104.742561340 -0.089294650 0.990225315 0.107147127 -14.837965012 0.995994151 0.089283116 0.004914466 131.466125488
-0.006786981 0.097767062 -0.995186150 -105.689949036 -0.091119230 0.991008341 0.097978055 -14.836654663 0.995816886 0.091345586 0.002182506 131.499130249
-0.007759455 0.099171191 -0.995040119 -106.638999939 -0.098143585 0.990190327 0.099453181 -14.839253426 0.995142043 0.098428503 0.002049680 131.526306152
-0.008020854 0.108723469 -0.994039595 -107.614761353 -0.101685829 0.988829911 0.108974144 -14.826630592 0.994784236 0.101953804 0.003124377 131.545410156
-0.009596771 0.119976714 -0.992730260 -108.577934265 -0.105542332 0.987109125 0.120317638 -14.814320564 0.994368553 0.105929747 0.003189561 131.571014404
-0.011333106 0.121910021 -0.992476463 -109.528648376 -0.112637401 0.986067414 0.122408971 -14.804807663 0.993571579 0.113177240 0.002556421 131.598693848
-0.010631710 0.118518651 -0.992895007 -110.519561768 -0.119882420 0.985638082 0.118936129 -14.782441139 0.992731094 0.120295145 0.003729286 131.607055664
-0.010942294 0.114573136 -0.993354619 -111.473281860 -0.127953589 0.985086918 0.115029022 -14.770210266 0.991719782 0.128361955 0.003880932 131.628417969
-0.009003598 0.116648600 -0.993132412 -112.437248230 -0.132742509 0.984243572 0.116807960 -14.753047943 0.991109610 0.132882580 0.006622494 131.650558472
-0.007447460 0.117767952 -0.993013203 -113.423446655 -0.140580237 0.983055234 0.117641300 -14.734018326 0.990041256 0.140474156 0.009234582 131.667663574
-0.006874384 0.120270602 -0.992717326 -114.387443542 -0.149756014 0.981421351 0.119939089 -14.716349602 0.988699138 0.149489909 0.011264581 131.684005737
-0.006795119 0.122221865 -0.992479563 -115.362152100 -0.155085608 0.980364859 0.121791787 -14.693712234 0.987877607 0.154746890 0.012293155 131.707916260
-0.006286893 0.121757157 -0.992540002 -116.340362549 -0.159163430 0.979784369 0.121200562 -14.683193207 0.987232208 0.158738047 0.013219486 131.739501953
-0.004648980 0.112514585 -0.993639231 -117.295364380 -0.158207968 0.981052697 0.111829571 -14.686685562 0.987394869 0.157721549 0.013239807 131.767501831
-0.003130329 0.100898549 -0.994891763 -118.249275208 -0.161413252 0.981799364 0.100078627 -14.677867889 0.986881912 0.160902008 0.013213010 131.798370361
