1.000000000 0.000000000 0.000000000 0.000000000 0.000000000 1.000000000 0.000000000 0.000000000 0.000000000 0.000000000 1.000000000 0.000000000
0.999997854 -0.001597487 -0.001340558 0.049049061 0.001594618 0.999996424 -0.002138512 -0.132957101 0.001343970 0.002136370 0.999996841 1.298008800
0.999997616 0.000020678 -0.002193621 0.106147096 -0.000034589 0.999979913 -0.006341400 -0.267823547 0.002193446 0.006341461 0.999977469 2.605368376
0.999995828 0.002531685 -0.001363356 0.149951100 -0.002542400 0.999965370 -0.007916052 -0.405960143 0.001343268 0.007919484 0.999967754 3.909756660
0.999983191 0.005812633 0.000203763 0.194394112 -0.005811150 0.999961019 -0.006647191 -0.544738531 -0.000242393 0.006645894 0.999977887 5.222937584
0.999974608 0.006714346 0.002380082 0.242971554 -0.006706412 0.999971926 -0.003326090 -0.689382434 -0.002402347 0.003310044 0.999991655 6.542283535
0.999960184 0.006972942 0.005566549 0.300808489 -0.006962671 0.999974072 -0.001862483 -0.827833772 -0.005579392 0.001823651 0.999982715 7.847061157
0.999943435 0.005233410 0.009254785 0.351191759 -0.005217103 0.999984801 -0.001785240 -0.961867690 -0.009263987 0.001736856 0.999955595 9.149134636
0.999912798 0.003889889 0.012621794 0.429050922 -0.003868646 0.999991119 -0.001706925 -1.098583937 -0.012628321 0.001657947 0.999918878 10.449124336
0.999868929 0.002894507 0.015924394 0.494522393 -0.002855023 0.999992788 -0.002501599 -1.236749291 -0.015931519 0.002455807 0.999870062 11.759730339
0.999812841 0.001718299 0.019269640 0.572314262 -0.001655148 0.999993205 -0.003292691 -1.372398853 -0.019275162 0.003260180 0.999808908 13.053518295
0.999739468 0.001727827 0.022759356 0.637862027 -0.001652064 0.999993145 -0.003347225 -1.519472599 -0.022764977 0.003308753 0.999735355 14.376982689
0.999658108 0.001615199 0.026096305 0.723369658 -0.001501003 0.999989152 -0.004394922 -1.657550097 -0.026103120 0.004354249 0.999649823 15.673571587
0.999570310 0.002563902 0.029199926 0.806024671 -0.002438248 0.999987602 -0.004338012 -1.796160340 -0.029210690 0.004264952 0.999564171 16.978841782
0.999470770 0.002200664 0.032457374 0.896308303 -0.002078500 0.999990642 -0.003797106 -1.936651587 -0.032465421 0.003727634 0.999465883 18.265054703
0.999403536 0.000658907 0.034527276 0.998162866 -0.000530817 0.999992967 -0.003718846 -2.076296329 -0.034529485 0.003698300 0.999396861 19.563217163
0.999343455 -0.001907005 0.036181606 1.096987963 0.002081308 0.999986470 -0.004780383 -2.219472647 -0.036172003 0.004852549 0.999333858 20.838182449
0.999301314 -0.001520984 0.037346631 1.193551540 0.001769706 0.999976456 -0.006627681 -2.360615969 -0.037335675 0.006689142 0.999280393 22.148954391
0.999252617 -0.001328922 0.038630448 1.275111079 0.001687037 0.999955833 -0.009239146 -2.504829645 -0.038616471 0.009297414 0.999210775 23.434535980
0.999217927 -0.000966888 0.039530467 1.379267573 0.001394738 0.999940753 -0.010797156 -2.647157907 -0.039517682 0.010843847 0.999159992 24.726243973
0.999168158 -0.000303493 0.040779561 1.477524638 0.000764975 0.999935865 -0.011301363 -2.794990063 -0.040773511 0.011323157 0.999104261 25.996559143
0.999152839 -0.001973885 0.041106079 1.579232574 0.002402708 0.999943197 -0.010385317 -2.940613270 -0.041083243 0.010475283 0.999100804 27.288188934
0.999146521 -0.005048806 0.040996168 1.684170008 0.005422957 0.999944627 -0.009020409 -3.088371515 -0.040948357 0.009235030 0.999118626 28.565647125
0.999170125 -0.006426844 0.040220730 1.779776812 0.006817474 0.999930799 -0.009582529 -3.235248804 -0.040156361 0.009848779 0.999144852 29.858104706
0.999192595 -0.007993679 0.039373342 1.885696054 0.008475673 0.999890983 -0.012089911 -3.380699158 -0.039272401 0.012413865 0.999151468 31.125583649
0.999219894 -0.008069765 0.038656510 1.992480040 0.008553073 0.999887109 -0.012353652 -3.529523849 -0.038552452 0.012674646 0.999176204 32.415939331
0.999233186 -0.008692442 0.038176980 2.089397669 0.009178307 0.999878824 -0.012569943 -3.675344944 -0.038063090 0.012910703 0.999191940 33.679695129
0.999249935 -0.009099702 0.037639376 2.186016083 0.009586897 0.999872327 -0.012783529 -3.818604946 -0.037518248 0.013134787 0.999209583 34.950546265
0.999265790 -0.009755145 0.037049469 2.281456470 0.010253922 0.999858916 -0.013296423 -3.963737726 -0.036914535 0.013666565 0.999225020 36.212059021
0.999304295 -0.010114246 0.035897356 2.391662121 0.010601096 0.999853969 -0.013397912 -4.123105526 -0.035756610 0.013769143 0.999265611 37.502208710
0.999307275 -0.009803372 0.035901986 2.487081051 0.010221260 0.999881923 -0.011474635 -4.268407822 -0.035785254 0.011833649 0.999289453 38.758251190
0.999265313 -0.009663616 0.037085153 2.581654310 0.010058274 0.999894619 -0.010470183 -4.409852982 -0.036980066 0.010835504 0.999257267 40.032703400
0.999177814 -0.011465447 0.038886540 2.687489033 0.011808475 0.999893248 -0.008603058 -4.554842949 -0.038783751 0.009055176 0.999206662 41.280822754
0.999067068 -0.012418455 0.041361231 2.781262398 0.012841695 0.999867678 -0.009982803 -4.699173927 -0.041231789 0.010504637 0.999094367 42.548015594
0.998936296 -0.013800253 0.043998256 2.876327038 0.014385194 0.999812007 -0.013005822 -4.848648548 -0.043810502 0.013624912 0.998946905 43.797500610
0.998840749 -0.014714776 0.045832615 2.987700701 0.015375889 0.999782383 -0.014105539 -4.997664452 -0.045615070 0.014793905 0.998849511 45.065471649
0.998706937 -0.014743851 0.048651077 3.106414795 0.015394967 0.999796510 -0.013035857 -5.133286953 -0.048448972 0.013767983 0.998730719 46.305519104
0.998512208 -0.016159844 0.052079145 3.216947556 0.016678976 0.999815285 -0.009548976 -5.286392212 -0.051915210 0.010403397 0.998597324 47.567836761
0.998242199 -0.019381698 0.056006890 3.337629318 0.019839162 0.999774098 -0.007623538 -5.425783157 -0.055846483 0.008721267 0.998401284 48.803764343
0.997997522 -0.021351732 0.059539881 3.463571548 0.021866197 0.999728799 -0.008002530 -5.563864231 -0.059352864 0.009288413 0.998193979 50.047893524
0.997706950 -0.024630213 0.063041344 3.600987196 0.025409224 0.999609888 -0.011585260 -5.700157642 -0.062731408 0.013160524 0.997943699 51.277164459
0.997424126 -0.025971051 0.066862099 3.735620737 0.026832227 0.999567747 -0.012014083 -5.831715107 -0.066521168 0.013777194 0.997689903 52.515636444
0.997060061 -0.028471071 0.071137980 3.862336397 0.029223677 0.999527156 -0.009561053 -5.971157074 -0.070832126 0.011611857 0.997420669 53.735519409
0.996797562 -0.030999504 0.073713526 4.026483536 0.031561673 0.999480844 -0.006473513 -6.100637436 -0.073474556 0.008779304 0.997258484 54.929233551
0.996506870 -0.033417825 0.076534353 4.155172825 0.033881579 0.999414504 -0.004768654 -6.236171246 -0.076330177 0.007345102 0.997055531 56.186611176
0.996312737 -0.036389053 0.077696711 4.310925007 0.036595237 0.999329388 -0.001231000 -6.364913464 -0.077599809 0.004069790 0.996976197 57.393745422
0.996144593 -0.039143424 0.078509517 4.451352119 0.039288901 0.999227762 -0.000308531 -6.484986305 -0.078436822 0.003391894 0.996913314 58.613517761
0.996108353 -0.040947381 0.078048483 4.598489761 0.041349109 0.999138474 -0.003537336 -6.609893322 -0.077836409 0.006750806 0.996943235 59.802791595
0.996114790 -0.042379882 0.077196196 4.750332355 0.043099709 0.999041259 -0.007681792 -6.742952347 -0.076796629 0.010979081 0.996986330 61.011150360
0.996139288 -0.043624777 0.076179549 4.889075756 0.044631865 0.998936534 -0.011567038 -6.873044491 -0.075593904 0.014922418 0.997026980 62.190071106
0.996156573 -0.045768104 0.074681446 5.036623001 0.046932347 0.998801231 -0.013908898 -7.007157326 -0.073955335 0.017360421 0.997110426 63.402713776
0.996306062 -0.045767631 0.072659232 5.176148415 0.046898376 0.998802543 -0.013932474 -7.140040874 -0.071934551 0.017288610 0.997259438 64.578254700
0.996550202 -0.045052834 0.069699235 5.309362411 0.046094790 0.998847008 -0.013412999 -7.283879280 -0.069014564 0.016579498 0.997477889 65.793159485
0.996776402 -0.044338889 0.066865198 5.431728840 0.045198224 0.998913050 -0.011393491 -7.415421486 -0.066287354 0.014378951 0.997696936 66.969543457
0.997192323 -0.040483464 0.062996887 5.556229591 0.041044649 0.999128044 -0.007639046 -7.551859379 -0.062632710 0.010203284 0.997984469 68.156974792
0.997486055 -0.038595311 0.059430409 5.675312042 0.038994435 0.999223828 -0.005570175 -7.677307129 -0.059169315 0.007873626 0.998216927 69.334495544
0.997662544 -0.037164625 0.057343099 5.776196957 0.037717097 0.999251604 -0.008582038 -7.812548161 -0.056981243 0.010724793 0.998317599 70.510765076
0.997880638 -0.037622537 0.053091232 5.899492264 0.038501628 0.999136209 -0.015633332 -7.947734833 -0.052457210 0.017644301 0.998467207 71.697570801
0.997882783 -0.041687969 0.049920693 6.004715919 0.042662460 0.998916030 -0.018616542 -8.083168030 -0.049090501 0.020706866 0.998579562 72.867759705
0.997935772 -0.045650989 0.045168374 6.124746323 0.046310991 0.998833477 -0.013674633 -8.220890045 -0.044491421 0.015738197 0.998885810 74.038993835
0.997952282 -0.049244002 0.040820181 6.229720592 0.049653098 0.998725295 -0.009068789 -8.346793175 -0.040321562 0.011077067 0.999125421 75.199424744
0.998007953 -0.051508866 0.036425341 6.327332497 0.051765587 0.998640358 -0.006139619 -8.473774910 -0.036059570 0.008012968 0.999317527 76.383522034
0.998186767 -0.050733443 0.032391947 6.418572426 0.050877023 0.998698354 -0.003623252 -8.599651337 -0.032165974 0.005264690 0.999468684 77.542556763
0.998317361 -0.050592031 0.028333662 6.515675545 0.050702747 0.998708725 -0.003202391 -8.721977234 -0.028135061 0.004633598 0.999593377 78.700881958
0.998464882 -0.049046513 0.025739992 6.577794075 0.049199432 0.998774707 -0.005340878 -8.848315239 -0.025446504 0.006599071 0.999654412 79.872497559
0.998651862 -0.046794873 0.022461250 6.654891491 0.047036618 0.998839498 -0.010357853 -8.976623535 -0.021950483 0.011400392 0.999694049 81.016433716
0.998579264 -0.050039515 0.018312883 6.745824814 0.050319239 0.998618305 -0.015146511 -9.115118027 -0.017529653 0.016046483 0.999717593 82.179382324
0.998445272 -0.053468466 0.015750691 6.810954094 0.053725820 0.998421073 -0.016395999 -9.243555069 -0.014849151 0.017216725 0.999741554 83.312713623
0.998492301 -0.053514812 0.012220459 6.873620510 0.053667348 0.998480380 -0.012515845 -9.380794525 -0.011532106 0.013152815 0.999846995 84.467170715
0.998493314 -0.053985860 0.009827374 6.934074402 0.054083414 0.998486936 -0.009946836 -9.508148193 -0.009275515 0.010463348 0.999902189 85.599029541
0.998629451 -0.051561039 0.008983880 6.989923477 0.051663868 0.998596966 -0.011616061 -9.637552261 -0.008372338 0.012064282 0.999892175 86.741783142
0.998819172 -0.047936618 0.007908677 7.046661377 0.048050940 0.998732865 -0.014960807 -9.765989304 -0.007181486 0.015323159 0.999856830 87.867858887
0.998879850 -0.046855737 0.006584032 7.102138996 0.046963409 0.998747170 -0.017281279 -9.898376465 -0.005766055 0.017571133 0.999828994 88.985649109
0.998840630 -0.047771059 0.005941357 7.158147812 0.047869399 0.998696983 -0.017688103 -10.033585548 -0.005088636 0.017952004 0.999825895 90.101325989
0.998796582 -0.048801981 0.004872885 7.206515312 0.048873518 0.998679399 -0.015836237 -10.163259506 -0.004093610 0.016055340 0.999862671 91.221450806
0.998709619 -0.050656006 0.003612278 7.267968178 0.050698742 0.998630345 -0.012928248 -10.290565491 -0.002952437 0.013094705 0.999909937 92.331130981
0.998727918 -0.050289497 0.003657698 7.318379402 0.050332297 0.998651206 -0.012740086 -10.414426804 -0.003012072 0.012907981 0.999912143 93.472053528
0.998712957 -0.050591920 0.003596873 7.364804268 0.050639044 0.998611569 -0.014507724 -10.552250862 -0.002857906 0.014671193 0.999888301 94.598579407
0.998714626 -0.050594162 0.003054210 7.423903465 0.050640889 0.998556554 -0.017894963 -10.682049751 -0.002144421 0.018026631 0.999835193 95.697761536
0.998658478 -0.051718414 0.002538105 7.481124878 0.051757205 0.998481333 -0.018872734 -10.815134048 -0.001558183 0.018978782 0.999818683 96.803489685
0.998652220 -0.051800214 0.003233418 7.522373676 0.051849879 0.998495340 -0.017851483 -10.948739052 -0.002303843 0.017995073 0.999835372 97.876388550
0.998666227 -0.051496785 0.003733316 7.575308323 0.051538687 0.998596966 -0.012163273 -11.070812225 -0.003101709 0.012339462 0.999919057 98.965393066
0.998756230 -0.049612775 0.004960248 7.629135609 0.049656756 0.998724163 -0.009176220 -11.190980911 -0.004498661 0.009411115 0.999945581 100.037338257
0.998826325 -0.047945958 0.006865382 7.686899185 0.048009612 0.998802304 -0.009428493 -11.303825378 -0.006405102 0.009747031 0.999931991 101.090049744
0.998906314 -0.045945022 0.008671978 7.740583420 0.046037048 0.998882115 -0.010728527 -11.434239388 -0.008169360 0.011116027 0.999904871 102.140487671
0.998875439 -0.046128117 0.010960143 7.798556328 0.046272427 0.998840332 -0.013299922 -11.549853325 -0.010333933 0.013792118 0.999851525 103.154037476
0.998781383 -0.047717832 0.012596445 7.862671375 0.047892928 0.998754561 -0.013985082 -11.666265488 -0.011913421 0.014571320 0.999822915 104.170822144
0.998681068 -0.049188949 0.014714893 7.929493427 0.049381267 0.998695314 -0.013004739 -11.798357010 -0.014056006 0.013714226 0.999807119 105.167625427
0.998668015 -0.048955411 0.016296657 7.994750977 0.049145307 0.998725891 -0.011463320 -11.912479401 -0.015714703 0.012248953 0.999801517 106.125892639
0.998581529 -0.050199635 0.017746380 8.056602478 0.050385684 0.998677790 -0.010196683 -12.020436287 -0.017211044 0.011076383 0.999790549 107.087524414
0.998508930 -0.050908003 0.019702017 8.116855621 0.051127262 0.998633862 -0.010789463 -12.125365257 -0.019125830 0.011780688 0.999747694 108.006088257
0.998500168 -0.050289340 0.021643417 8.175338745 0.050488960 0.998686075 -0.008777263 -12.228657722 -0.021173576 0.009856853 0.999727190 108.908409119
0.998497546 -0.049475592 0.023554385 8.235284805 0.049642913 0.998745441 -0.006572281 -12.327280045 -0.023199663 0.007731716 0.999700963 109.779296875
0.998456120 -0.049820725 0.024562761 8.300765991 0.049919326 0.998747408 -0.003417071 -12.428261757 -0.024361750 0.004637951 0.999692559 110.637435913
0.998411894 -0.049838576 0.026264166 8.361797333 0.049941719 0.998746753 -0.003285417 -12.519850731 -0.026067514 0.004591877 0.999649644 111.464859009
0.998428047 -0.048970550 0.027262639 8.417395592 0.049057674 0.998792708 -0.002535599 -12.609871864 -0.027105559 0.003869056 0.999625087 112.276435852
0.998526394 -0.046678822 0.027677476 8.471857071 0.046756044 0.998904049 -0.002149514 -12.690500259 -0.027546810 0.003440436 0.999614656 113.056030273
0.998659253 -0.044157252 0.027016003 8.521738052 0.044151459 0.999024510 0.000811241 -12.766302109 -0.027025474 0.000382643 0.999634624 113.813079834
0.998739839 -0.044205558 0.023762541 8.569359779 0.044171236 0.999022007 0.001967462 -12.853593826 -0.023826275 -0.000915361 0.999715686 114.561782837
0.998871386 -0.044220395 0.017336242 8.606545448 0.044191051 0.999020994 0.002072359 -12.927250862 -0.017410908 -0.001303913 0.999847591 115.259391785
0.999077678 -0.042363785 0.007011158 8.634405136 0.042360235 0.999102235 0.000654189 -12.999733925 -0.007032581 -0.000356591 0.999975204 115.932548523
0.999185443 -0.039782520 -0.006766636 8.634763718 0.039770249 0.999207020 -0.001939121 -13.070222855 0.006838411 0.001668431 0.999975264 116.570297241
0.998922050 -0.038507711 -0.025920201 8.639944077 0.038406145 0.999252498 -0.004404818 -13.140084267 0.026070448 0.003404576 0.999654233 117.194366455
0.998154998 -0.036849611 -0.048257090 8.606960297 0.036563747 0.999308288 -0.006793520 -13.208803177 0.048474044 0.005016527 0.998811841 117.782554626
0.996479630 -0.035496131 -0.075948946 8.566618919 0.034956429 0.999353290 -0.008424116 -13.277356148 0.076198861 0.005739557 0.997076094 118.351287842
0.993626595 -0.033172317 -0.107729957 8.493835449 0.032219905 0.999424815 -0.010569865 -13.343569756 0.108018637 0.007031451 0.994123995 118.892570496
0.989250362 -0.028651342 -0.143397003 8.387912750 0.027212169 0.999557912 -0.011987829 -13.408120155 0.143677056 0.007956821 0.989592612 119.444374084
0.983088374 -0.022528790 -0.181740463 8.273387909 0.020833693 0.999719799 -0.011230960 -13.469918251 0.181942537 0.007254700 0.983282387 119.956321716
0.974580109 -0.017164975 -0.223381117 8.134302139 0.015500850 0.999837518 -0.009201181 -13.526824951 0.223502755 0.005504691 0.974687755 120.460861206
0.963364601 -0.012401823 -0.267908633 7.960432053 0.010775158 0.999913394 -0.007541188 -13.585560799 0.267978996 0.004378155 0.963414848 120.955390930
0.949225843 -0.006223565 -0.314534128 7.765678406 0.003867920 0.999959648 -0.008112920 -13.640538216 0.314571917 0.006484399 0.949211538 121.427101135
0.931883216 0.001500532 -0.362755239 7.536525726 -0.005112372 0.999946356 -0.008996932 -13.696578979 0.362722307 0.010238631 0.931841016 121.896987915
0.910868406 0.006056076 -0.412652463 7.282348633 -0.011046425 0.999891818 -0.009708944 -13.749207497 0.412549078 0.013401902 0.910836816 122.335266113
0.885823607 0.010270858 -0.463908285 7.016296387 -0.016052697 0.999834836 -0.008516120 -13.800752640 0.463744164 0.014990760 0.885842323 122.749145508
0.856801093 0.013440271 -0.515471995 6.737117767 -0.020688064 0.999751329 -0.008319796 -13.842616081 0.515232027 0.017792527 0.856866002 123.148719788
0.825376391 0.023172624 -0.564107120 6.405433655 -0.031364951 0.999496341 -0.004834082 -13.895373344 0.563710928 0.021683127 0.825687468 123.521606445
0.791841149 0.036470965 -0.609637201 6.055862427 -0.044488210 0.999007881 0.001980180 -13.940275192 0.609104633 0.025553677 0.792678118 123.864982605
0.755887568 0.045167875 -0.653141558 5.701820374 -0.055694133 0.998437285 0.004591328 -13.980402946 0.652328253 0.032905623 0.757221937 124.182815552
0.715975702 0.048945073 -0.696407318 5.334026337 -0.062657453 0.998018742 0.005724913 -14.026752472 0.695307672 0.039536208 0.717623949 124.484924316
0.673471808 0.050729875 -0.737470150 4.959354401 -0.065056838 0.997838914 0.009229247 -14.077389717 0.736344576 0.041761838 0.675316691 124.767547607
0.629915178 0.054458175 -0.774752319 4.547760010 -0.068787493 0.997530401 0.014189554 -14.109441757 0.773611724 0.044355065 0.632105589 125.037483215
0.585028470 0.063242130 -0.808543205 4.122673035 -0.080019198 0.996591508 0.020052202 -14.141812325 0.807055473 0.052967861 0.588095069 125.266891479
0.539113283 0.072260022 -0.839127839 3.680366516 -0.091506273 0.995440185 0.026930708 -14.168123245 0.837247491 0.062266741 0.543267310 125.482002258
0.492110074 0.077079743 -0.867113769 3.230823517 -0.096862778 0.994735420 0.033452123 -14.193023682 0.865127206 0.067528926 0.496985495 125.684776306
0.445420384 0.077878825 -0.891928017 2.755393982 -0.095850959 0.994632185 0.038979404 -14.213363647 0.890175998 0.068129919 0.450494260 125.864967346
0.398627073 0.079706147 -0.913642943 2.283023834 -0.093548745 0.994553804 0.045949027 -14.235088348 0.912329435 0.067153633 0.403912544 126.032012939
0.352408171 0.082488932 -0.932203889 1.789932251 -0.094976388 0.994117141 0.052062869 -14.257030487 0.931014419 0.070189990 0.358169496 126.183723450
0.308524251 0.085702494 -0.947347879 1.285659790 -0.100296728 0.993312180 0.057196900 -14.277088165 0.945914030 0.077369258 0.315056562 126.303413391
0.267359316 0.087688640 -0.959598601 0.762802124 -0.105428465 0.992534220 0.061324257 -14.295923233 0.957812011 0.084773399 0.274608195 126.404991150
0.228452817 0.084217802 -0.969905555 0.236614227 -0.105802193 0.992498517 0.061258797 -14.311624527 0.967788875 0.088623390 0.235649511 126.499572754
0.193981647 0.078983948 -0.977820337 -0.300039291 -0.100689724 0.993092358 0.060242560 -14.328130722 0.975824118 0.086770505 0.200594544 126.587898254
0.163452387 0.073948592 -0.983775854 -0.855653763 -0.098287985 0.993446171 0.058345128 -14.346181870 0.981642962 0.087156691 0.169649422 126.669662476
0.136279166 0.072483785 -0.988015115 -1.413629532 -0.098366603 0.993381262 0.059309505 -14.370535851 0.985774815 0.089105070 0.142507181 126.749534607
0.114117473 0.071730807 -0.990874290 -1.995014191 -0.099461801 0.993203819 0.060444571 -14.385866165 0.988475859 0.091656394 0.120476410 126.816154480
0.095875308 0.072930254 -0.992718041 -2.602049828 -0.101805612 0.992800772 0.063104101 -14.397245407 0.990173519 0.095014155 0.102609798 126.864921570
0.079421856 0.071444213 -0.994277596 -3.204219818 -0.102526389 0.992724121 0.063142896 -14.422827721 0.991554499 0.096924767 0.086168945 126.921356201
0.066078641 0.070433065 -0.995325387 -3.826668739 -0.102091245 0.992747962 0.063472942 -14.448804855 0.992577910 0.097419813 0.072790034 126.963142395
0.053389724 0.067704253 -0.996275902 -4.468302727 -0.096374996 0.993390739 0.062343504 -14.471042633 0.993912160 0.092687570 0.059561852 127.021965027
0.041260246 0.065086596 -0.997026205 -5.115142345 -0.094050340 0.993698359 0.060977224 -14.488816261 0.994712055 0.091254726 0.047121644 127.066322327
0.030477623 0.064694211 -0.997439563 -5.774026871 -0.093515225 0.993710756 0.061594903 -14.509221077 0.995151222 0.091398530 0.036335826 127.102172852
0.021479014 0.066222124 -0.997573733 -6.444255352 -0.097232141 0.993212223 0.063839063 -14.532193184 0.995029867 0.095625050 0.027772136 127.113143921
0.012976722 0.065706022 -0.997754633 -7.139230728 -0.100026220 0.992918670 0.064086638 -14.556255341 0.994900167 0.098970003 0.019457160 127.134384155
0.006668760 0.065205902 -0.997849524 -7.826650620 -0.102731287 0.992636561 0.064178683 -14.577377319 0.994686842 0.102082379 0.013318341 127.152534485
0.001109555 0.066513285 -0.997784972 -8.521699905 -0.103236295 0.992461860 0.066043645 -14.598072052 0.994656205 0.102934361 0.007967778 127.171409607
-0.002421347 0.068520583 -0.997646868 -9.241599083 -0.104915589 0.992126346 0.068396054 -14.614649773 0.994478106 0.104834318 0.004786595 127.195007324
-0.003288531 0.071937390 -0.997403681 -9.960306168 -0.107320890 0.991623044 0.071874298 -14.633962631 0.994219005 0.107278608 0.004459400 127.208999634
-0.004163993 0.075531363 -0.997134805 -10.693102837 -0.110098593 0.991046727 0.075529963 -14.649727821 0.993911922 0.110097639 0.004189186 127.219207764
-0.005613368 0.081200756 -0.996681988 -11.422507286 -0.114762112 0.990059972 0.081307597 -14.661005974 0.993377268 0.114837721 0.003761199 127.234992981
-0.007051905 0.085030332 -0.996353328 -12.160365105 -0.117693871 0.989382386 0.085268401 -14.675413132 0.993024886 0.117866009 0.003030519 127.254783630
-0.008492407 0.085543379 -0.996298313 -12.908173561 -0.117092177 0.989394963 0.085948735 -14.691088676 0.993084729 0.117388643 0.001614116 127.271415710
-0.009405377 0.082208201 -0.996570766 -13.676023483 -0.115325496 0.989875436 0.082744308 -14.709476471 0.993283153 0.115708254 0.000170549 127.287452698
-0.011475120 0.079006225 -0.996808052 -14.426245689 -0.119173340 0.989660442 0.079811625 -14.716799736 0.992807150 0.119708791 -0.001941036 127.304779053
-0.012280210 0.080878392 -0.996648312 -15.198742867 -0.123884335 0.988921165 0.081777774 -14.726704597 0.992220640 0.124473378 -0.002124594 127.304374695
-0.013587462 0.083777636 -0.996391773 -15.978180885 -0.121019021 0.989020705 0.084808148 -14.739349365 0.992557287 0.121734679 -0.003299593 127.318817139
-0.015903888 0.083962254 -0.996342003 -16.753086090 -0.119873345 0.989120781 0.085267171 -14.754962921 0.992661774 0.120790906 -0.005666029 127.336250305
-0.016662160 0.083460659 -0.996371746 -17.541496277 -0.123030759 0.988766193 0.084881000 -14.765592575 0.992262959 0.123998657 -0.006206753 127.338066101
-0.017558044 0.082942858 -0.996399641 -18.335968018 -0.127038404 0.988291383 0.084506527 -14.776277542 0.991742313 0.128064767 -0.006815534 127.351379395
-0.018881777 0.087074377 -0.996022880 -19.133104324 -0.128947377 0.987668514 0.088788502 -14.780674934 0.991471529 0.130111024 -0.007420922 127.362541199
-0.019728709 0.091982871 -0.995565236 -19.935577393 -0.128172800 0.987309813 0.093760096 -14.793316841 0.991555572 0.129454091 -0.007688649 127.380554199
-0.018465571 0.094435118 -0.995359778 -20.761419296 -0.129038155 0.986978471 0.096033812 -14.800580978 0.991467714 0.130212694 -0.006039389 127.392044067
-0.016715344 0.093383230 -0.995489955 -21.579534531 -0.128406793 0.987183869 0.094760172 -14.807597160 0.991580725 0.129411623 -0.004510080 127.406211853
-0.015689766 0.093644738 -0.995482087 -22.411472321 -0.128385961 0.987174511 0.094886757 -14.813267708 0.991600275 0.129294649 -0.003465867 127.420951843
-0.015469120 0.092162721 -0.995623708 -23.239326477 -0.126719370 0.987533212 0.093382657 -14.812677383 0.991818011 0.127609372 -0.003597465 127.443412781
-0.014580223 0.094277859 -0.995439172 -24.077585220 -0.127562866 0.987234771 0.095369227 -14.819037437 0.991723359 0.128371596 -0.002367750 127.462806702
-0.013931573 0.096486896 -0.995236754 -24.914251328 -0.129305765 0.986801744 0.097479194 -14.821228027 0.991506934 0.130047917 -0.001271391 127.479461670
-0.014038152 0.098746352 -0.995013535 -25.777687073 -0.132052660 0.986212313 0.099735975 -14.818796158 0.991143286 0.132794276 -0.000804881 127.498184204
-0.012336427 0.099815220 -0.994929492 -26.640756607 -0.134195223 0.985838711 0.100567117 -14.814355850 0.990878165 0.134755388 0.001232997 127.511299133
-0.010701783 0.103132218 -0.994610071 -27.510721207 -0.141038477 0.984567761 0.103608452 -14.815425873 0.989946246 0.141387090 0.004008983 127.528839111
-0.008333281 0.106690839 -0.994257331 -28.390674591 -0.145495385 0.983581364 0.106764719 -14.807792664 0.989323854 0.145549536 0.007326567 127.545684814
-0.006237612 0.108592391 -0.994066715 -29.265306473 -0.148039863 0.983031929 0.108315870 -14.802203178 0.988961756 0.147837147 0.009944229 127.578140259
-0.002346260 0.109428525 -0.993991911 -30.163827896 -0.146998465 0.983158767 0.108582869 -14.802681923 0.989133894 0.146370068 0.013779080 127.601478577
0.000310368 0.109259412 -0.994013190 -31.055662155 -0.149533793 0.982842207 0.107984833 -14.794649124 0.988756537 0.148605064 0.016643018 127.632186890
0.002784874 0.113025576 -0.993588209 -31.958135605 -0.149970159 0.982402146 0.111332759 -14.785383224 0.988686562 0.148698553 0.019686330 127.665443420
0.005183808 0.115025803 -0.993348956 -32.869571686 -0.148904338 0.982376397 0.112978168 -14.778992653 0.988838017 0.147328347 0.022220295 127.707893372
0.006948814 0.116213225 -0.993200004 -33.761634827 -0.149502665 0.982181609 0.113878012 -14.774104118 0.988736928 0.147694692 0.024199184 127.751602173
0.009525767 0.114360332 -0.993393600 -34.665466309 -0.150860563 0.982232153 0.111628801 -14.766133308 0.988509178 0.148800582 0.026608979 127.784660339
0.009812282 0.115545787 -0.993253708 -35.576019287 -0.155099675 0.981456041 0.112641171 -14.756148338 0.987850070 0.152948037 0.027551446 127.828811646
0.011030233 0.116337597 -0.993148446 -36.470764160 -0.155988604 0.981249511 0.113211296 -14.751390457 0.987697184 0.153671086 0.028970748 127.866577148
0.011289399 0.112744048 -0.993559957 -37.367073059 -0.156487137 0.981579423 0.109606460 -14.747241974 0.987615466 0.154241949 0.028724430 127.903686523
0.012158329 0.108499356 -0.994022191 -38.274414062 -0.157428116 0.981905580 0.105251223 -14.747252464 0.987455606 0.155207351 0.029019183 127.951866150
0.012734395 0.107670888 -0.994105041 -39.170837402 -0.157054901 0.982060969 0.104354560 -14.740666389 0.987507761 0.154800162 0.029416192 127.995727539
0.012396968 0.111922085 -0.993639708 -40.071441650 -0.159326077 0.981241405 0.108537771 -14.738189697 0.987148166 0.156967193 0.029996525 128.042114258
0.012695553 0.118088380 -0.992921948 -41.009658813 -0.159706473 0.980493844 0.114568256 -14.724737167 0.987082899 0.157121524 0.031307384 128.080520630
0.012848241 0.116846949 -0.993066788 -41.904159546 -0.157551721 0.980979621 0.113386326 -14.724275589 0.987427235 0.155002549 0.031013295 128.128540039
0.013739394 0.106465325 -0.994221449 -42.795871735 -0.156655043 0.982265770 0.103020199 -14.730648041 0.987557888 0.154334337 0.030174067 128.173355103
0.014121667 0.095915318 -0.995289326 -43.719177246 -0.158509791 0.983016431 0.092483580 -14.732513428 0.987256348 0.156457081 0.029085349 128.215805054
0.013061980 0.092776231 -0.995601296 -44.621444702 -0.155364528 0.983782113 0.089636512 -14.739381790 0.987770855 0.153510287 0.027264280 128.264068604
0.013027511 0.102885582 -0.994607925 -45.541725159 -0.147961065 0.983940363 0.099844076 -14.741825104 0.988907397 0.145862520 0.028041353 128.315292358
0.012975994 0.116021119 -0.993161917 -46.493190765 -0.143096656 0.983237565 0.112992153 -14.738545418 0.989623666 0.140651941 0.029360721 128.378341675
0.013212381 0.125160158 -0.992048562 -47.415550232 -0.143242210 0.982139051 0.122002184 -14.729395866 0.989599466 0.140491307 0.030904615 128.425262451
0.013128828 0.119148612 -0.992789686 -48.330764771 -0.143481851 0.982824445 0.116055243 -14.724283218 0.989565849 0.140923634 0.029999001 128.468429565
0.013201331 0.105773173 -0.994302630 -49.262104034 -0.143329695 0.984320581 0.102808312 -14.722546577 0.989586949 0.141155884 0.028154783 128.509933472
0.013745427 0.096896291 -0.995199561 -50.177417755 -0.143805370 0.985138118 0.093930468 -14.721586227 0.989510536 0.141823888 0.027475351 128.556991577
0.014225062 0.096974596 -0.995185196 -51.110828400 -0.142666578 0.985299587 0.093972072 -14.728209496 0.989668608 0.140642896 0.027850984 128.604141235
0.013807344 0.098234192 -0.995067477 -52.060558319 -0.146036983 0.984689474 0.095183268 -14.741846085 0.989182770 0.144002438 0.027941773 128.644500732
0.014457342 0.097843274 -0.995096922 -52.990283966 -0.150613531 0.984059036 0.094569780 -14.744064331 0.988486946 0.148507863 0.028963406 128.679351807
0.014838240 0.097289525 -0.995145440 -53.928691864 -0.152213633 0.983875275 0.093918093 -14.747472763 0.988236189 0.150081158 0.029407769 128.725097656
0.015510640 0.104859263 -0.994366169 -54.884105682 -0.160806775 0.981801867 0.101025976 -14.747893333 0.986864030 0.158333823 0.032090455 128.771057129
0.017386746 0.114229411 -0.993302226 -55.835872650 -0.167375728 0.979766190 0.109743014 -14.736093521 0.985739887 0.164346606 0.036154173 128.804199219
0.018729890 0.122413464 -0.992302477 -56.780261993 -0.167644739 0.978810012 0.117584661 -14.727845192 0.985669494 0.164151907 0.038854979 128.851394653
0.019577755 0.123403139 -0.992163420 -57.722568512 -0.169100299 0.978465915 0.118362695 -14.721611023 0.985404432 0.165457845 0.040023662 128.899841309
0.020979170 0.113699846 -0.993293583 -58.658588409 -0.170804769 0.979313612 0.108492061 -14.715581894 0.985081553 0.167383164 0.039965656 128.956253052
0.021752980 0.108709820 -0.993835449 -59.641582489 -0.169123724 0.980144382 0.103510439 -14.717359543 0.985354722 0.165829480 0.039706461 129.027343750
0.024005543 0.107066102 -0.993962109 -60.594921112 -0.167956799 0.980548441 0.101564832 -14.712484360 0.985502005 0.164504558 0.041521080 129.083068848
0.027620807 0.113056116 -0.993204653 -61.554450989 -0.168964118 0.979815185 0.106833145 -14.707797050 0.985235095 0.164865121 0.046165716 129.138977051
0.030982502 0.115529545 -0.992820680 -62.537200928 -0.171815664 0.979127645 0.108574368 -14.716379166 0.984641790 0.167218223 0.050185602 129.192901611
0.034555487 0.110365935 -0.993290067 -63.485511780 -0.171568647 0.979783833 0.102896549 -14.714097023 0.984565973 0.166861787 0.052792247 129.270095825
0.037841413 0.104582511 -0.993795991 -64.435722351 -0.171454176 0.980439961 0.096648410 -14.718986511 0.984465063 0.166733190 0.055032335 129.339141846
0.041359831 0.104468569 -0.993667722 -65.399734497 -0.168899253 0.980937183 0.096099988 -14.721723557 0.984765112 0.163855106 0.058216065 129.410293579
0.043778040 0.108996257 -0.993077636 -66.362655640 -0.166526675 0.980920315 0.100320876 -14.730912209 0.985064685 0.160982102 0.061093546 129.489791870
0.046717558 0.115799949 -0.992173254 -67.335647583 -0.166168377 0.980319440 0.106592223 -14.735836029 0.984990120 0.159888133 0.065040432 129.588684082
0.050216399 0.119547598 -0.991557777 -68.291992188 -0.163901657 0.980336487 0.109894067 -14.733837128 0.985197663 0.156999484 0.068823040 129.666549683
0.051776011 0.121365987 -0.991256595 -69.254119873 -0.163367927 0.980245888 0.111484714 -14.735888481 0.985205591 0.156167313 0.070580550 129.757705688
0.054004740 0.118486747 -0.991486013 -70.212150574 -0.161597401 0.980883181 0.108417705 -14.729791641 0.985377967 0.154366493 0.072119489 129.839477539
0.054228153 0.117466144 -0.991595268 -71.164482117 -0.159630880 0.981304228 0.107517198 -14.736276627 0.985686243 0.152458742 0.071965545 129.929962158
0.054505967 0.113202587 -0.992075741 -72.130783081 -0.156222135 0.982283950 0.103502221 -14.743328094 0.986216903 0.149342686 0.071225107 130.028411865
0.054208264 0.113330528 -0.992077410 -73.082901001 -0.154947728 0.982458115 0.103765145 -14.738293648 0.986434281 0.148095205 0.070817664 130.118041992
0.053688716 0.118296929 -0.991525710 -74.032775879 -0.151810318 0.982382655 0.108985901 -14.743150711 0.986950457 0.144672528 0.070701562 130.210876465
0.053740583 0.119031683 -0.991434932 -75.007507324 -0.146323219 0.983090937 0.110098459 -14.730706215 0.987776041 0.139153212 0.070248984 130.296676636
0.053477842 0.115070760 -0.991916776 -75.978210449 -0.143421233 0.983924270 0.106411196 -14.733647346 0.988215804 0.136571288 0.069121726 130.376037598
0.052466471 0.112006985 -0.992321372 -76.929992676 -0.145379335 0.983960390 0.103376687 -14.737491608 0.987983823 0.138839200 0.067908436 130.453857422
0.051107395 0.109150164 -0.992710531 -77.897109985 -0.141985461 0.984706640 0.100960322 -14.737400055 0.988548517 0.135790661 0.065823533 130.534576416
0.049248133 0.109013803 -0.992819548 -78.854354858 -0.142147228 0.984672189 0.101068109 -14.735132217 0.988619626 0.136149108 0.063989282 130.620712280
0.048350822 0.110701449 -0.992676914 -79.805091858 -0.142794311 0.984396935 0.102822937 -14.737879753 0.988570690 0.136777058 0.063403949 130.700881958
0.047203805 0.111574210 -0.992634475 -80.770736694 -0.145217329 0.983951151 0.103692532 -14.744172096 0.988273025 0.139253020 0.062648751 130.770874023
0.046049573 0.111900210 -0.992651820 -81.728652954 -0.145178065 0.983905435 0.104179360 -14.738694191 0.988333285 0.139313862 0.061553884 130.844116211
0.044007126 0.111877210 -0.992747128 -82.680839539 -0.145255476 0.983866692 0.104437470 -14.735042572 0.988414943 0.139605939 0.059547924 130.917633057
0.041767944 0.115185760 -0.992465436 -83.625373840 -0.145245850 0.983480096 0.108030222 -14.736018181 0.988513589 0.139639258 0.057808191 130.996017456
0.040200744 0.119102374 -0.992067814 -84.589065552 -0.146322086 0.982868493 0.112068675 -14.724983215 0.988419771 0.140656203 0.056939352 131.051589966
0.038135927 0.123773322 -0.991577506 -85.539169312 -0.147494629 0.982127666 0.116921164 -14.710628510 0.988327444 0.141793445 0.055710256 131.118789673
0.036298335 0.123880729 -0.991632938 -86.485771179 -0.147702321 0.982054055 0.117277481 -14.707400322 0.988365650 0.142209515 0.053944394 131.184982300
0.034749478 0.118058957 -0.992398381 -87.433044434 -0.147986054 0.982659161 0.111718513 -14.697568893 0.988378704 0.142978981 0.051617973 131.254959106
0.032546144 0.113630623 -0.992989898 -88.371444702 -0.152727589 0.982413590 0.107414551 -14.689056396 0.987732351 0.148160994 0.049328297 131.318893433
0.032326367 0.111448064 -0.993244350 -89.342864990 -0.151199773 0.982871950 0.105363235 -14.681616783 0.987974644 0.146772295 0.048623595 131.368637085
0.031350758 0.112430774 -0.993164837 -90.293930054 -0.147106007 0.983351469 0.106676213 -14.684129715 0.988623798 0.142756149 0.047368053 131.433364868
0.030582083 0.113752872 -0.993038416 -91.244323730 -0.143659085 0.983688116 0.108257629 -14.680045128 0.989154577 0.139348224 0.046424869 131.503768921
0.029244222 0.113961868 -0.993054628 -92.189453125 -0.138769865 0.984321833 0.108873107 -14.682155609 0.989892781 0.134622142 0.044600196 131.574295044
0.028317055 0.111097202 -0.993406057 -93.136444092 -0.134687677 0.985165894 0.106336392 -14.682968140 0.990483344 0.130788386 0.042860419 131.638641357
0.027683910 0.107859679 -0.993780553 -94.098892212 -0.129172385 0.986212313 0.103439890 -14.688011169 0.991235614 0.125505388 0.041234702 131.694305420
0.026826605 0.110279381 -0.993538499 -95.057601929 -0.127286941 0.986182809 0.106026039 -14.687690735 0.991503060 0.123620197 0.040493067 131.752334595
0.025170621 0.112919219 -0.993285298 -96.004478455 -0.127302110 0.985873103 0.108850650 -14.690237999 0.991544604 0.123707481 0.039189897 131.817611694
0.024003668 0.110645823 -0.993569970 -96.957542419 -0.122282252 0.986718476 0.106928609 -14.682186127 0.992205024 0.118929312 0.037214890 131.867660522
0.020626584 0.108047396 -0.993931770 -97.917610168 -0.120716751 0.987139225 0.104803801 -14.689455986 0.992472649 0.117822476 0.033404443 131.932693481
0.017686982 0.105727032 -0.994237959 -98.867309570 -0.119649656 0.987471521 0.102878980 -14.690053940 0.992658675 0.117140606 0.030115597 131.988479614
0.015371080 0.103887767 -0.994470298 -99.827262878 -0.113298111 0.988363087 0.101498581 -14.690231323 0.993442059 0.111111447 0.026962500 132.040435791
0.012629570 0.105034858 -0.994388342 -100.772949219 -0.107492231 0.988847315 0.103084333 -14.693786621 0.994125664 0.105587102 0.023779146 132.096740723
0.010023856 0.112036325 -0.993653536 -101.773452759 -0.097331107 0.989094198 0.110540397 -14.683259010 0.995201707 0.095605336 0.020819152 132.157669067
0.007392313 0.120074816 -0.992737174 -102.731834412 -0.089411438 0.988867283 0.118940942 -14.676939011 0.995967388 0.087882809 0.018046075 132.216583252
0.002881050 0.119036131 -0.992885768 -103.687316895 -0.085201062 0.989308655 0.118360050 -14.665563583 0.996359646 0.084253915 0.012992247 132.278457642
0.001675578 0.109510936 -0.993984103 -104.644081116 -0.086234078 0.990298688 0.108959533 -14.666638374 0.996273518 0.085532755 0.011102898 132.301757812
-0.000409256 0.099963382 -0.994991064 -105.590888977 -0.087993376 0.991127849 0.099611469 -14.661602974 0.996120989 0.087593377 0.008390490 132.341018677
-0.001190295 0.102168866 -0.994766295 -106.541938782 -0.095755331 0.990184367 0.101812825 -14.670866013 0.995404184 0.095375367 0.008604602 132.370742798
-0.001687025 0.111021109 -0.993816614 -107.514945984 -0.098560914 0.988960683 0.110645942 -14.650676727 0.995129585 0.098138139 0.009273940 132.401458740
-0.003230937 0.122385599 -0.992477477 -108.478103638 -0.102582827 0.987206101 0.122069530 -14.637237549 0.994719207 0.102205545 0.009365062 132.432708740
-0.004854172 0.123872414 -0.992286325 -109.427314758 -0.109327205 0.986284077 0.123657942 -14.622020721 0.993993998 0.109084137 0.008755031 132.466308594
-0.004113244 0.121511966 -0.992581546 -110.414436340 -0.116993181 0.985714853 0.121156193 -14.608004570 0.993124187 0.116623610 0.010161587 132.479797363
-0.004380591 0.117276020 -0.993089676 -111.368446350 -0.124898091 0.985258579 0.116902165 -14.591279984 0.992159963 0.124547116 0.010331539 132.507217407
-0.002342125 0.119531803 -0.992827535 -112.332717896 -0.129818961 0.984392285 0.118822485 -14.572795868 0.991535008 0.129166156 0.013211928 132.534896851
-0.000674043 0.120700441 -0.992688775 -113.315582275 -0.137835190 0.983202696 0.119640633 -14.550670624 0.990454972 0.136908084 0.015974049 132.558822632
-0.000207891 0.123341769 -0.992364228 -114.279052734 -0.147018254 0.981577277 0.122031845 -14.531449318 0.989133716 0.145921037 0.017929431 132.582580566
0.000034059 0.125685200 -0.992070138 -115.254379272 -0.152584329 0.980454087 0.124208331 -14.509039879 0.988290489 0.151370108 0.019210985 132.611175537
0.000645172 0.124965407 -0.992160916 -116.230415344 -0.156574681 0.979936540 0.123323910 -14.493795395 0.987665892 0.155267730 0.020198649 132.648315430
0.001953757 0.115500174 -0.993305564 -117.183967590 -0.155481890 0.981262684 0.113794021 -14.494582176 0.987836778 0.154218718 0.019875333 132.685836792
0.003536915 0.103880055 -0.994583547 -118.135711670 -0.158626750 0.982055008 0.102007411 -14.483294487 0.987332284 0.157406762 0.019951604 132.724151611
