1.000000000 0.000000000 0.000000000 0.000000000 0.000000000 1.000000000 0.000000000 0.000000000 0.000000000 0.000000000 1.000000000 0.000000000
0.999997795 -0.001606302 -0.001333991 0.048925932 0.001603438 0.999996424 -0.002145445 -0.132933035 0.001337432 0.002143302 0.999996781 1.297920704
0.999997795 -0.000009932 -0.002098223 0.103812411 -0.000003336 0.999980032 -0.006323634 -0.268655956 0.002098244 0.006323627 0.999977827 2.604911327
0.999996126 0.002481998 -0.001275366 0.147466138 -0.002491979 0.999965727 -0.007884206 -0.406870753 0.001255754 0.007887352 0.999968112 3.907785177
0.999983191 0.005793352 0.000266365 0.192267478 -0.005791476 0.999961495 -0.006574260 -0.546205103 -0.000304442 0.006572605 0.999978364 5.222404003
0.999975324 0.006609016 0.002371751 0.242314339 -0.006601204 0.999972820 -0.003287132 -0.689961910 -0.002393411 0.003271395 0.999991775 6.541644573
0.999959767 0.006857881 0.005778028 0.297272891 -0.006846617 0.999974608 -0.001967156 -0.827492177 -0.005791372 0.001927517 0.999981284 7.844933033
0.999944806 0.005288116 0.009071520 0.354385734 -0.005271093 0.999984324 -0.001899270 -0.961251438 -0.009081420 0.001851349 0.999957025 9.149282455
0.999915481 0.003918679 0.012397095 0.432250977 -0.003896966 0.999990821 -0.001775115 -1.098276496 -0.012403939 0.001726654 0.999921501 10.449300766
0.999869823 0.002769387 0.015891103 0.495649993 -0.002730927 0.999993205 -0.002441391 -1.238029718 -0.015897756 0.002397676 0.999870777 11.757015228
0.999811411 0.001698388 0.019340426 0.571361184 -0.001636478 0.999993503 -0.003216417 -1.375292301 -0.019345764 0.003184161 0.999807775 13.051393509
0.999744594 0.001593503 0.022540826 0.642935693 -0.001522386 0.999993801 -0.003171850 -1.524217248 -0.022545740 0.003136724 0.999740899 14.372034073
0.999667168 0.001531839 0.025750963 0.731163979 -0.001425239 0.999990344 -0.004157473 -1.662793636 -0.025757082 0.004119388 0.999659717 15.666425705
0.999568999 0.002395846 0.029258678 0.806282640 -0.002276872 0.999989033 -0.004098945 -1.799518943 -0.029268170 0.004030560 0.999563396 16.966535568
0.999475062 0.001958619 0.032338358 0.898691058 -0.001841836 0.999991655 -0.003640662 -1.938690424 -0.032345217 0.003579188 0.999470353 18.253313065
0.999406219 0.000317732 0.034455154 0.997568309 -0.000200253 0.999994159 -0.003413013 -2.080689669 -0.034456033 0.003404086 0.999400377 19.548763275
0.999347091 -0.002168477 0.036063854 1.094341040 0.002342938 0.999985814 -0.004795998 -2.219400883 -0.036052935 0.004877361 0.999338031 20.826093674
0.999307752 -0.001935532 0.037152018 1.197625041 0.002178798 0.999976456 -0.006508512 -2.362683058 -0.037138544 0.006584953 0.999288440 22.128429413
0.999266267 -0.002023100 0.038246460 1.285525560 0.002374443 0.999955356 -0.009143079 -2.503586531 -0.038226254 0.009227185 0.999226511 23.409904480
0.999224722 -0.001257835 0.039349198 1.385525703 0.001675023 0.999942720 -0.010571024 -2.649650335 -0.039333653 0.010628738 0.999169707 24.700628281
0.999182880 -0.000566935 0.040413268 1.486261487 0.001021020 0.999936640 -0.011216290 -2.795461178 -0.040404342 0.011248390 0.999120057 25.970956802
0.999161005 -0.002214115 0.040894520 1.585243464 0.002634473 0.999944150 -0.010228057 -2.942365408 -0.040869594 0.010327212 0.999111116 27.260183334
0.999159038 -0.005084311 0.040685631 1.687928081 0.005455951 0.999944329 -0.009028616 -3.088579178 -0.040637463 0.009243005 0.999131143 28.535894394
0.999186993 -0.006730583 0.039750502 1.788661480 0.007112416 0.999929845 -0.009472165 -3.237101793 -0.039683957 0.009747189 0.999164879 29.830802917
0.999190927 -0.008439569 0.039323863 1.885745525 0.008923294 0.999886453 -0.012141800 -3.381242514 -0.039216936 0.012482876 0.999152780 31.089563370
0.999228656 -0.008457381 0.038347717 1.998569965 0.008928779 0.999886394 -0.012138130 -3.530865431 -0.038240697 0.012471166 0.999190748 32.382690430
0.999249041 -0.009050263 0.037673980 2.097720623 0.009530853 0.999875188 -0.012596541 -3.672281265 -0.037555266 0.012946147 0.999210656 33.656391144
0.999262512 -0.009552565 0.037190605 2.193794489 0.010024890 0.999871194 -0.012534382 -3.820345640 -0.037066080 0.012897972 0.999229550 34.917575836
0.999277472 -0.010050510 0.036655158 2.284823179 0.010536520 0.999858797 -0.013090008 -3.963387489 -0.036518428 0.013466770 0.999242127 36.174499512
0.999315083 -0.010662590 0.035434701 2.398976326 0.011137308 0.999850512 -0.013226646 -4.121792793 -0.035288375 0.013612233 0.999284446 37.464466095
0.999311864 -0.010248918 0.035645261 2.487450600 0.010662758 0.999877751 -0.011439342 -4.268284798 -0.035523657 0.011811549 0.999299049 38.727458954
0.999282062 -0.010300469 0.036458500 2.593394995 0.010685391 0.999889135 -0.010378772 -4.407090664 -0.036347549 0.010760895 0.999281287 39.993995667
0.999205828 -0.012126663 0.037956435 2.707342863 0.012465449 0.999884427 -0.008701765 -4.549069405 -0.037846532 0.009167999 0.999241471 41.241535187
0.999086738 -0.013232298 0.040625941 2.798002243 0.013640865 0.999858975 -0.009796125 -4.696907043 -0.040490575 0.010341350 0.999126375 42.506076813
0.998964787 -0.014409630 0.043148115 2.892516136 0.014981546 0.999803722 -0.012960823 -4.845910072 -0.042952880 0.013593828 0.998984635 43.758632660
0.998864830 -0.015559080 0.045021970 3.000155210 0.016205572 0.999770343 -0.014030288 -4.994747162 -0.044793330 0.014743966 0.998887479 45.024135590
0.998750925 -0.015708970 0.047431689 3.130663872 0.016345754 0.999781013 -0.013067367 -5.125656128 -0.047216032 0.013826349 0.998789012 46.259361267
0.998539329 -0.016941620 0.051303245 3.235697746 0.017454948 0.999801815 -0.009574289 -5.282292366 -0.051130868 0.010455799 0.998637199 47.528045654
0.998272121 -0.019979566 0.055258632 3.344736814 0.020427054 0.999762893 -0.007545159 -5.421377659 -0.055094779 0.008660892 0.998443544 48.739662170
0.998040617 -0.022309957 0.058457263 3.487271309 0.022805480 0.999709308 -0.007823136 -5.562188148 -0.058265738 0.009140952 0.998259246 50.006114960
0.997760057 -0.025529832 0.061831854 3.628166199 0.026309809 0.999583840 -0.011833145 -5.694479465 -0.061504029 0.013433423 0.998016417 51.238464355
0.997486472 -0.026942059 0.065535188 3.763905525 0.027771920 0.999544799 -0.011784820 -5.832923412 -0.065187842 0.013575234 0.997780800 52.468112946
0.997141898 -0.029421767 0.069587536 3.894839287 0.030126754 0.999504626 -0.009103017 -5.974552155 -0.069285236 0.011173445 0.997534394 53.687210083
0.996877849 -0.032046709 0.072163932 4.056761265 0.032565188 0.999451458 -0.006019329 -6.104167461 -0.071931459 0.008350568 0.997374594 54.878906250
0.996608377 -0.034512214 0.074703783 4.189672947 0.034915563 0.999381959 -0.004099736 -6.240732670 -0.074516103 0.006694156 0.997197330 56.128620148
0.996425331 -0.037541397 0.075678669 4.344716072 0.037733268 0.999287128 -0.001106472 -6.359794617 -0.075583205 0.003958120 0.997131586 57.328758240
0.996240556 -0.040354881 0.076656558 4.485423565 0.040453244 0.999181390 0.000269885 -6.489078522 -0.076604702 0.002832135 0.997057438 58.559082031
0.996207297 -0.042017922 0.076194339 4.631973743 0.042362548 0.999098003 -0.002911692 -6.613735199 -0.076003276 0.006128436 0.997088730 59.751541138
0.996212721 -0.043407332 0.075339384 4.782477856 0.044079598 0.999001503 -0.007282611 -6.742031097 -0.074948043 0.010575961 0.997131348 60.954166412
0.996222556 -0.044697981 0.074450240 4.918708324 0.045652702 0.998894989 -0.011170764 -6.871853828 -0.073868655 0.014527423 0.997162104 62.135787964
0.996248126 -0.046989437 0.072675057 5.068087101 0.048092749 0.998751581 -0.013505711 -7.006104469 -0.071949698 0.016950186 0.997264206 63.347888947
0.996384144 -0.047048558 0.070746385 5.202402115 0.048100315 0.998754799 -0.013236172 -7.142523766 -0.070035562 0.016591234 0.997406483 64.522018433
0.996621549 -0.046190560 0.067911074 5.334569454 0.047167823 0.998804212 -0.012857148 -7.283675194 -0.067235999 0.016016928 0.997608483 65.742477417
0.996851683 -0.045416839 0.064991452 5.455678463 0.046231274 0.998869300 -0.011082180 -7.412369728 -0.064414658 0.014051927 0.997824311 66.918273926
0.997256160 -0.041631162 0.061213177 5.578793049 0.042143259 0.999086499 -0.007098330 -7.548412323 -0.060861740 0.009658577 0.998099446 68.102661133
0.997534215 -0.039616443 0.057931453 5.695906162 0.039969783 0.999188662 -0.004952862 -7.674043179 -0.057688236 0.007256155 0.998308241 69.287170410
0.997708797 -0.038615938 0.055552140 5.794414520 0.039101370 0.999205768 -0.007677631 -7.812794685 -0.055211544 0.009832204 0.998426259 70.455108643
0.997909725 -0.038842924 0.051647194 5.913084030 0.039660718 0.999101996 -0.014904387 -7.944390774 -0.051021878 0.016921595 0.998554170 71.641777039
0.997911870 -0.042845402 0.048334915 6.020405293 0.043758553 0.998880088 -0.017994462 -8.078419685 -0.047509793 0.020071952 0.998669147 72.813888550
0.997940779 -0.046939764 0.043713320 6.134552479 0.047545522 0.998785436 -0.012921871 -8.217427254 -0.043053687 0.014973633 0.998960495 73.984771729
0.997936308 -0.050536882 0.039613519 6.236663342 0.050888035 0.998673022 -0.007906150 -8.345071793 -0.039161406 0.009905688 0.999183834 75.145668030
0.997994661 -0.052674793 0.035099480 6.332649231 0.052888937 0.998586774 -0.005200091 -8.470929146 -0.034775965 0.007046036 0.999370277 76.327987671
0.998169065 -0.051897246 0.031070571 6.422403336 0.052009284 0.998642623 -0.002808060 -8.595046997 -0.030882671 0.004418876 0.999513268 77.487709045
0.998295009 -0.051819108 0.026865862 6.520500183 0.051906049 0.998648703 -0.002548527 -8.714879036 -0.026697498 0.003938683 0.999635756 78.648200989
0.998438358 -0.050301563 0.024300180 6.579618931 0.050423365 0.998718083 -0.004425224 -8.844002724 -0.024046434 0.005643610 0.999694884 79.814819336
0.998628139 -0.047945995 0.021048523 6.655293465 0.048153151 0.998795271 -0.009447760 -8.971716881 -0.020570183 0.010448352 0.999733746 80.958908081
0.998538673 -0.051314864 0.016948726 6.742458344 0.051552478 0.998573720 -0.013893105 -9.112475395 -0.016211633 0.014746550 0.999759734 82.118949890
0.998381615 -0.054944228 0.014671848 6.798312187 0.055165906 0.998362064 -0.015157113 -9.241385460 -0.013815023 0.015941968 0.999777436 83.254013062
0.998414755 -0.055249233 0.010743910 6.868331909 0.055374619 0.998396456 -0.011745019 -9.369102478 -0.010077778 0.012321338 0.999873400 84.392715454
0.998411059 -0.055865511 0.007384853 6.942176342 0.055932630 0.998391986 -0.009216630 -9.497780800 -0.006858085 0.009615039 0.999930322 85.521736145
0.998563647 -0.053134166 0.006885058 6.980850697 0.053207088 0.998524129 -0.010880942 -9.626110077 -0.006296747 0.011231644 0.999917090 86.672592163
0.998750448 -0.049513221 0.006788904 7.030711651 0.049606528 0.998665869 -0.014343497 -9.750469208 -0.006069655 0.014662348 0.999874055 87.792793274
0.998820305 -0.048243098 0.005532160 7.095227242 0.048330832 0.998686552 -0.017005570 -9.876750946 -0.004704494 0.017252883 0.999840021 88.886032104
0.998783231 -0.049074788 0.004869372 7.136386395 0.049151741 0.998643279 -0.017194558 -10.021440506 -0.004018946 0.017412974 0.999840260 90.039970398
0.998722255 -0.050420664 0.003395543 7.189559460 0.050465010 0.998619497 -0.014570288 -10.150220871 -0.002656211 0.014723030 0.999888122 91.153152466
0.998670340 -0.051488318 0.002551810 7.240380287 0.051515784 0.998597383 -0.012217393 -10.277463913 -0.001919178 0.012332606 0.999922097 92.269546509
0.998688340 -0.051171303 0.001769912 7.305069923 0.051187959 0.998626351 -0.011191792 -10.400686264 -0.001194783 0.011267709 0.999935806 93.406242371
0.998659313 -0.051728897 0.001907253 7.350179672 0.051749714 0.998571873 -0.013271326 -10.527237892 -0.001218018 0.013352235 0.999910116 94.513809204
0.998646498 -0.051993411 0.001366891 7.409214973 0.052009124 0.998502791 -0.016951758 -10.657547951 -0.000483465 0.016999910 0.999855340 95.619720459
0.998640120 -0.052120499 0.001157964 7.456986904 0.052132927 0.998476088 -0.018101493 -10.794589043 -0.000212741 0.018137245 0.999835491 96.731033325
0.998601675 -0.052856710 0.000911637 7.513422012 0.052864552 0.998467803 -0.016354328 -10.925878525 -0.000045805 0.016379653 0.999865830 97.815544128
0.998651624 -0.051873665 0.002014467 7.554864883 0.051893264 0.998588085 -0.011345681 -11.045063019 -0.001423081 0.011434919 0.999933600 98.899246216
0.998732448 -0.050217558 0.003410882 7.603692055 0.050243087 0.998706102 -0.007863943 -11.164059639 -0.003011560 0.008025352 0.999963284 99.964866638
0.998836040 -0.047925942 0.005435233 7.650024414 0.047968537 0.998816848 -0.007998408 -11.282129288 -0.005045471 0.008249817 0.999953270 101.033111572
0.998917758 -0.045937985 0.007284910 7.705154896 0.046009142 0.998891830 -0.009920579 -11.400913239 -0.006821105 0.010245018 0.999924242 102.071891785
0.998870134 -0.046400581 0.010258391 7.751050472 0.046524324 0.998843014 -0.012172422 -11.521759987 -0.009681715 0.012635937 0.999873281 103.091629028
0.998782814 -0.047927942 0.011649793 7.807407856 0.048081215 0.998755574 -0.013254430 -11.631298065 -0.011000035 0.013798436 0.999844253 104.108352661
0.998668253 -0.049734004 0.013728663 7.865846634 0.049906798 0.998675108 -0.012543478 -11.743872643 -0.013086638 0.013211925 0.999827087 105.088668823
0.998619974 -0.050106432 0.015731195 7.922712326 0.050278280 0.998677611 -0.010725760 -11.864173889 -0.015172964 0.011501897 0.999818683 106.063194275
0.998571634 -0.050891757 0.016271895 7.997986317 0.051051274 0.998650372 -0.009543308 -11.967366219 -0.015764257 0.010360375 0.999822199 106.996017456
0.998502374 -0.051553741 0.018315118 8.054469109 0.051739529 0.998612285 -0.009818104 -12.074825287 -0.017783541 0.010751014 0.999784112 107.912590027
0.998498619 -0.051105328 0.019717041 8.118711472 0.051274065 0.998651385 -0.008148794 -12.174613953 -0.019274008 0.009147532 0.999772370 108.816558838
0.998504817 -0.050220694 0.021587884 8.176959991 0.050361745 0.998712838 -0.006040189 -12.270473480 -0.021256752 0.007118361 0.999748707 109.688163757
0.998476088 -0.050286908 0.022729317 8.239666939 0.050367098 0.998726308 -0.002969198 -12.370959282 -0.022551054 0.004109482 0.999737263 110.545806885
0.998432636 -0.050232898 0.024675716 8.295484543 0.050322574 0.998728454 -0.003026132 -12.461307526 -0.024492329 0.004263135 0.999690950 111.368247986
0.998457432 -0.049324110 0.025492661 8.352336884 0.049396180 0.998776853 -0.002204627 -12.548164368 -0.025352739 0.003460467 0.999672592 112.180107117
0.998553157 -0.047006883 0.026111085 8.403907776 0.047073513 0.998889625 -0.001942248 -12.628142357 -0.025990790 0.003168578 0.999657214 112.958053589
0.998687446 -0.044495955 0.025362169 8.449237823 0.044481594 0.999009609 0.001130376 -12.706594467 -0.025387347 -0.000000743 0.999677718 113.714790344
0.998772681 -0.044193681 0.022368072 8.500575066 0.044156373 0.999022305 0.002159633 -12.787755966 -0.022441650 -0.001169290 0.999747455 114.453819275
0.998887479 -0.044325493 0.016095016 8.535894394 0.044294432 0.999015927 0.002281866 -12.862109184 -0.016180320 -0.001566407 0.999867857 115.151763916
0.999066174 -0.042886119 0.005261164 8.565979004 0.042878557 0.999079168 0.001543091 -12.940869331 -0.005322495 -0.001316059 0.999984980 115.817291260
0.999172628 -0.039833233 -0.008213829 8.561651230 0.039820045 0.999205291 -0.001762970 -13.005295753 0.008277526 0.001434436 0.999964714 116.461311340
0.998866379 -0.038637947 -0.027802629 8.572581291 0.038536906 0.999248505 -0.004160915 -13.074220657 0.027942505 0.003084770 0.999604702 117.090812683
0.998064578 -0.036842603 -0.050096914 8.537048340 0.036567636 0.999310672 -0.006394376 -13.144077301 0.050297972 0.004550073 0.998723865 117.677124023
0.996350288 -0.035315394 -0.077711061 8.495967865 0.034764223 0.999359965 -0.008434366 -13.208602905 0.077959172 0.005702017 0.996940315 118.246894836
0.993366718 -0.033216711 -0.110087156 8.426555634 0.032265417 0.999425054 -0.010411879 -13.275343895 0.110369720 0.006790805 0.993867457 118.793052673
0.989019990 -0.028468585 -0.145013943 8.315162659 0.027052555 0.999565184 -0.011727708 -13.341013908 0.145284772 0.007675940 0.989360094 119.333343506
0.982683837 -0.022644646 -0.183901161 8.214632034 0.020955661 0.999718547 -0.011122718 -13.399364471 0.184101254 0.007076344 0.982881725 119.837722778
0.974141598 -0.017187385 -0.225283414 8.072401047 0.015538222 0.999837935 -0.009091495 -13.456995964 0.225403160 0.005355899 0.974250853 120.341491699
0.962770522 -0.012662896 -0.270023346 7.898868561 0.011062957 0.999911129 -0.007446306 -13.515675545 0.270093679 0.004181826 0.962825000 120.835464478
0.948496163 -0.006478030 -0.316722274 7.710609436 0.004255104 0.999961138 -0.007709678 -13.574316978 0.316760004 0.005964910 0.948486924 121.299598694
0.930942237 0.001106178 -0.365164876 7.485843658 -0.004603111 0.999951541 -0.008705935 -13.626916885 0.365137577 0.009785618 0.930902183 121.764923096
0.910015464 0.006173291 -0.414528251 7.220821381 -0.011116673 0.999892950 -0.009513750 -13.682107925 0.414425135 0.013265834 0.909986734 122.207824707
0.884857357 0.010415015 -0.465745658 6.954040527 -0.016170138 0.999834299 -0.008362886 -13.733860970 0.465581477 0.014931132 0.884879112 122.620903015
0.856051326 0.013550982 -0.516713142 6.662269592 -0.020901527 0.999746144 -0.008409384 -13.774627686 0.516468108 0.017998960 0.856117368 123.020240784
0.824479997 0.023333808 -0.565409899 6.337715149 -0.031545408 0.999491036 -0.004751634 -13.827075958 0.565011322 0.021753712 0.824796379 123.386344910
0.790363133 0.036324285 -0.611560702 5.990772247 -0.044386100 0.999012530 0.001974082 -13.869505882 0.611028612 0.025584552 0.791195095 123.742721558
0.754389644 0.045026384 -0.654880881 5.633914948 -0.055608671 0.998442113 0.004589589 -13.909332275 0.654067218 0.032954708 0.755718231 124.058677673
0.714568496 0.048848260 -0.697857976 5.264640808 -0.062745012 0.998013914 0.005610913 -13.955189705 0.696745872 0.039777726 0.716214299 124.356369019
0.672060847 0.050763793 -0.738753915 4.888008118 -0.065498807 0.997812212 0.008979385 -14.003514290 0.737593532 0.042352807 0.673915386 124.638679504
0.628439069 0.054140136 -0.775972366 4.475524902 -0.068822183 0.997532666 0.013861327 -14.035984039 0.774808288 0.044693120 0.630614460 124.908020020
0.583356738 0.062972248 -0.809771299 4.049968719 -0.080017999 0.996595621 0.019856032 -14.069591522 0.808264911 0.053213120 0.586409628 125.138008118
0.537728071 0.071690649 -0.840064943 3.606632233 -0.091404125 0.995462656 0.026444159 -14.093044281 0.838149011 0.062565617 0.541841149 125.348007202
0.490551531 0.076680072 -0.868031859 3.156108856 -0.096942179 0.994739830 0.033088181 -14.119902611 0.866003096 0.067917429 0.495404661 125.549980164
0.443659186 0.077737257 -0.892817676 2.680473328 -0.096808136 0.994558573 0.038489867 -14.138106346 0.890951574 0.069355637 0.448770642 125.733459473
0.396810651 0.079342894 -0.914464891 2.207649231 -0.094460547 0.994497597 0.045297910 -14.158664703 0.913027108 0.068406150 0.402121991 125.899475098
0.350977659 0.082321614 -0.932758212 1.715103149 -0.096049294 0.994038820 0.051588643 -14.181970596 0.931444705 0.071484327 0.356792361 126.046707153
0.306877196 0.085417628 -0.947908342 1.210609436 -0.101439521 0.993226886 0.056661181 -14.200929642 0.946327865 0.078767352 0.313463390 126.165290833
0.265280634 0.087271042 -0.960213423 0.687349319 -0.106380172 0.992464125 0.060812306 -14.218897820 0.958284616 0.086015344 0.272565335 126.273056030
0.226208597 0.083782591 -0.970468998 0.162265778 -0.106749773 0.992425621 0.060795609 -14.234830856 0.968211830 0.089844868 0.233438984 126.368400574
0.191659361 0.078884020 -0.978286207 -0.376453400 -0.101552367 0.993008494 0.060175702 -14.254096985 0.976193547 0.087814048 0.198330209 126.455947876
0.161179870 0.073763922 -0.984164536 -0.931974411 -0.099158421 0.993367314 0.058214191 -14.270712852 0.981931090 0.088205233 0.167425096 126.534553528
0.134260088 0.072132692 -0.988317311 -1.494485855 -0.099443018 0.993293345 0.058986813 -14.293968201 0.985943854 0.090361685 0.140532777 126.610633850
0.112002045 0.071317263 -0.991145432 -2.076304436 -0.100498147 0.993120193 0.060102802 -14.309066772 0.988613009 0.092876635 0.118398733 126.676513672
0.093806297 0.072667859 -0.992934883 -2.682078362 -0.103030749 0.992686331 0.062915958 -14.322550774 0.990244985 0.096400909 0.100607261 126.723670959
0.077430010 0.071027070 -0.994464517 -3.286070824 -0.103772379 0.992615521 0.062815189 -14.347301483 0.991582513 0.098334171 0.084228858 126.777778625
0.063999407 0.070047155 -0.995488584 -3.908391953 -0.103135437 0.992656291 0.063217349 -14.372371674 0.992606282 0.098624274 0.070753753 126.819259644
0.051354419 0.067308322 -0.996409714 -4.550320625 -0.097901821 0.993259788 0.062049728 -14.394897461 0.993870199 0.094363809 0.057597890 126.876571655
0.039104898 0.064749368 -0.997135043 -5.197310925 -0.095562331 0.993566632 0.060769964 -14.413266182 0.994655073 0.092912152 0.045040924 126.920318604
0.028393064 0.064381406 -0.997521281 -5.856397152 -0.094998486 0.993580639 0.061423063 -14.433801651 0.995072424 0.093019031 0.034326933 126.954170227
0.019539822 0.065775581 -0.997643173 -6.526193619 -0.098616935 0.993094623 0.063544191 -14.456246376 0.994933605 0.097142860 0.025891483 126.963233948
0.010909110 0.065065406 -0.997821331 -7.224014282 -0.101556569 0.992792904 0.063627206 -14.479627609 0.994769931 0.100641191 0.017438306 126.983901978
0.004383099 0.064523846 -0.997906625 -7.910904884 -0.104193963 0.992513835 0.063717499 -14.501082420 0.994547307 0.103696562 0.011073281 127.002418518
-0.001033379 0.066001602 -0.997819066 -8.606188774 -0.104840823 0.992313385 0.065746017 -14.523406029 0.994488478 0.104680106 0.005894227 127.018394470
-0.004503112 0.068094149 -0.997668743 -9.324043274 -0.106076770 0.992017210 0.068187200 -14.542264938 0.994347751 0.106136523 0.002756042 127.042083740
-0.005505539 0.071612194 -0.997417331 -10.041811943 -0.108381636 0.991514027 0.071786582 -14.563101768 0.994094074 0.108496934 0.002302627 127.057525635
-0.006698502 0.075123318 -0.997151732 -10.775559425 -0.111154266 0.990938604 0.075401932 -14.577977180 0.993780494 0.111342736 0.001712474 127.071075439
-0.007598415 0.081067987 -0.996679604 -11.505594254 -0.116377406 0.989863753 0.081400812 -14.592808723 0.993175983 0.116609521 0.001913087 127.077400208
-0.008815518 0.084475674 -0.996386468 -12.243415833 -0.119312912 0.989218116 0.084923536 -14.603792191 0.992817521 0.119630426 0.001358569 127.094253540
-0.010502083 0.085169792 -0.996311188 -12.988063812 -0.118561275 0.989231646 0.085814349 -14.621320724 0.992891133 0.119025134 -0.000291155 127.112327576
-0.011516977 0.081567064 -0.996601224 -13.755075455 -0.116253458 0.989799500 0.082353801 -14.634121895 0.993152797 0.116806820 -0.001917046 127.126838684
-0.012960354 0.078349076 -0.996841729 -14.516525269 -0.119420931 0.989668846 0.079337925 -14.643270493 0.992759049 0.120072022 -0.003469938 127.138259888
-0.014545882 0.079755701 -0.996708274 -15.281545639 -0.124509118 0.988910913 0.080948837 -14.652857780 0.992111802 0.125276759 -0.004454269 127.144989014
-0.015967302 0.083970211 -0.996340334 -16.047214508 -0.121977217 0.988861084 0.085294671 -14.670912743 0.992404521 0.122892722 -0.005546991 127.156272888
-0.017691454 0.082865939 -0.996403635 -16.832233429 -0.120703138 0.989094079 0.084401183 -14.675693512 0.992530942 0.121762231 -0.007496333 127.168777466
-0.019585595 0.082181551 -0.996424854 -17.613433838 -0.123755872 0.988752544 0.083981290 -14.687560081 0.992119431 0.124958254 -0.009194853 127.181007385
-0.019232599 0.082047157 -0.996442795 -18.414659500 -0.128737852 0.988127589 0.083847292 -14.694202423 0.991492152 0.129892513 -0.008441682 127.167556763
-0.020884784 0.086751208 -0.996011078 -19.211378098 -0.129670396 0.987578630 0.088735737 -14.709138870 0.991337121 0.131006405 -0.009376301 127.180732727
-0.021305030 0.090905987 -0.995631635 -20.016052246 -0.128695801 0.987323046 0.092901275 -14.717689514 0.991455197 0.130112872 -0.009335729 127.191154480
-0.020062611 0.093617424 -0.995406091 -20.828475952 -0.130013138 0.986908376 0.095438652 -14.725766182 0.991309285 0.131330639 -0.007628461 127.199943542
-0.019106314 0.092333034 -0.995544851 -21.655561447 -0.128957048 0.987181842 0.094032317 -14.732483864 0.991466045 0.130179182 -0.006954415 127.218055725
-0.017865455 0.092300601 -0.995570898 -22.476230621 -0.128762543 0.987225771 0.093837544 -14.737404823 0.991514444 0.129868716 -0.005752376 127.233047485
-0.016995272 0.091647975 -0.995646477 -23.307374954 -0.128154904 0.987376988 0.093074337 -14.743293762 0.991608560 0.129178792 -0.005035604 127.246162415
-0.016797094 0.093367666 -0.995490015 -24.145256042 -0.128781512 0.987135470 0.094757043 -14.749437332 0.991530716 0.129792377 -0.004556978 127.270561218
-0.016346600 0.095707566 -0.995275319 -24.991657257 -0.131166145 0.986600757 0.097027697 -14.752653122 0.991225600 0.132132471 -0.003573973 127.283325195
-0.015889365 0.098334514 -0.995026469 -25.841278076 -0.133189201 0.986075640 0.099576801 -14.754169464 0.990963280 0.134108990 -0.002571015 127.302368164
-0.014713044 0.098764762 -0.995001972 -26.714530945 -0.133918926 0.985949516 0.099846430 -14.740942955 0.990883052 0.134718642 -0.001279850 127.316879272
-0.012227318 0.102186754 -0.994690061 -27.586994171 -0.140519604 0.984717250 0.102889575 -14.738618851 0.990002334 0.141031519 0.002318792 127.324165344
-0.010006510 0.105708152 -0.994346917 -28.459781647 -0.145768508 0.983619988 0.106034711 -14.731411934 0.989268124 0.146005496 0.005566315 127.343238831
-0.007521905 0.107308373 -0.994197309 -29.353487015 -0.148526326 0.983077407 0.107231885 -14.720539093 0.988879979 0.148471057 0.008543508 127.363342285
-0.004595852 0.107484415 -0.994196057 -30.237247467 -0.146251366 0.983443916 0.106998049 -14.719339371 0.989236772 0.145894289 0.011199979 127.396797180
-0.001550796 0.107115977 -0.994245291 -31.132701874 -0.149201587 0.983092964 0.106147185 -14.709999084 0.988805592 0.148507625 0.014457300 127.427192688
0.001694032 0.111388989 -0.993775368 -32.035579681 -0.150101870 0.982546210 0.109874465 -14.709174156 0.988669217 0.148981407 0.018384160 127.453201294
0.003379656 0.113987423 -0.993476391 -32.933216095 -0.149593830 0.982360601 0.112203136 -14.707523346 0.988741696 0.148238748 0.020371858 127.494346619
0.005542013 0.115505487 -0.993291378 -33.835132599 -0.150450796 0.982096314 0.113364235 -14.706063271 0.988601923 0.148813218 0.022820685 127.528663635
0.008381677 0.113191299 -0.993537843 -34.739814758 -0.151446059 0.982255220 0.110628285 -14.694049835 0.988429964 0.149540126 0.025375329 127.567398071
0.008325933 0.114350848 -0.993405581 -35.635673523 -0.155368790 0.981523275 0.111680910 -14.683372498 0.987821460 0.153414384 0.025938656 127.605018616
0.009381268 0.115086660 -0.993311107 -36.528358459 -0.156009465 0.981359124 0.112228453 -14.681873322 0.987711012 0.153913081 0.027160997 127.641372681
0.009684797 0.111293942 -0.993740320 -37.433811188 -0.156413361 0.981722653 0.108423620 -14.675870895 0.987644196 0.154384196 0.026915642 127.689468384
0.010450746 0.107165404 -0.994186223 -38.326953888 -0.157761842 0.981965244 0.104189694 -14.673089981 0.987421870 0.155755803 0.027168883 127.729255676
0.010726508 0.106714956 -0.994231761 -39.225952148 -0.157729208 0.982021987 0.103702717 -14.671858788 0.987424076 0.155707031 0.027365733 127.773796082
0.010855477 0.110653065 -0.993799806 -40.139980316 -0.160009056 0.981243730 0.107507206 -14.663360596 0.987055838 0.157849923 0.028357357 127.806976318
0.010392219 0.116855197 -0.993094623 -41.042354584 -0.159695506 0.980595112 0.113713264 -14.655401230 0.987111568 0.157411024 0.028851803 127.852066040
0.011107966 0.115642115 -0.993228853 -41.949432373 -0.157857105 0.981037378 0.112457260 -14.657667160 0.987399459 0.155539036 0.029152261 127.890335083
0.012424739 0.104905702 -0.994404495 -42.851383209 -0.156904206 0.982366264 0.101675212 -14.659734726 0.987535655 0.154762983 0.028665788 127.933433533
0.012620240 0.094883479 -0.995408475 -43.742321014 -0.158758804 0.983050406 0.091692701 -14.664162636 0.987236738 0.156872660 0.027469924 127.974266052
0.012197262 0.091828316 -0.995700061 -44.650329590 -0.156216487 0.983722150 0.088809997 -14.674365997 0.987647533 0.154461518 0.026343808 128.011566162
0.011771891 0.101374745 -0.994778574 -45.578678131 -0.148292691 0.984023631 0.098523855 -14.676090240 0.988873422 0.146358594 0.026616948 128.067169189
0.012149963 0.115038179 -0.993286669 -46.501976013 -0.143410400 0.983290970 0.112126291 -14.673522949 0.989588678 0.141085327 0.028444614 128.117401123
0.011746461 0.123595499 -0.992263138 -47.431842804 -0.143740028 0.982234120 0.120644651 -14.662086487 0.989545763 0.141210824 0.029303394 128.171020508
0.012061519 0.118027009 -0.992937088 -48.349067688 -0.143774927 0.982895613 0.115086928 -14.657226562 0.989536941 0.141371340 0.028824538 128.215316772
0.012502385 0.104001246 -0.994498551 -49.273414612 -0.143745109 0.984432638 0.101141497 -14.646110535 0.989535749 0.141689807 0.027257431 128.248107910
0.012594119 0.095757268 -0.995325029 -50.192626953 -0.144642889 0.985109150 0.092944175 -14.662151337 0.989403784 0.142796129 0.026257185 128.294525146
0.013349323 0.096007891 -0.995290995 -51.115768433 -0.143788546 0.985218704 0.093107700 -14.670694351 0.989518404 0.141868562 0.026956834 128.338394165
0.012891707 0.097188607 -0.995182455 -52.037788391 -0.146877676 0.984653473 0.094257683 -14.680879593 0.989070654 0.144954935 0.026968703 128.377899170
0.012583571 0.096648470 -0.995239079 -52.981819153 -0.151116207 0.984069526 0.093653098 -14.688882828 0.988435924 0.149218261 0.026988259 128.434402466
0.013323903 0.095952749 -0.995296717 -53.926761627 -0.152826399 0.983885646 0.092806801 -14.691873550 0.988163233 0.150871053 0.027773315 128.468475342
0.014314374 0.103463769 -0.994530141 -54.866020203 -0.161720455 0.981776178 0.099809274 -14.686401367 0.986732781 0.159407184 0.030785719 128.503417969
0.016381836 0.113022342 -0.993457377 -55.821598053 -0.168119624 0.979756117 0.108691350 -14.677238464 0.985630453 0.165239125 0.035051472 128.534088135
0.017865375 0.121252418 -0.992460966 -56.779853821 -0.168041244 0.978863895 0.116566285 -14.670312881 0.985618055 0.164691851 0.037863173 128.574371338
0.018042622 0.121847160 -0.992384851 -57.728401184 -0.169606507 0.978534520 0.117062971 -14.672840118 0.985346675 0.166202798 0.038321402 128.637466431
0.019748013 0.112616815 -0.993442237 -58.660381317 -0.171437174 0.979301035 0.107605845 -14.672510147 0.984997153 0.168187961 0.038645953 128.683731079
0.020728616 0.107483178 -0.993990779 -59.608234406 -0.169439077 0.980200350 0.102458507 -14.667465210 0.985322595 0.166297033 0.038530044 128.743286133
0.023018412 0.105353124 -0.994168401 -60.557991028 -0.167888016 0.980716884 0.100040458 -14.662707329 0.985537291 0.164606214 0.040262066 128.802215576
0.025812192 0.111607060 -0.993417144 -61.540752411 -0.169205546 0.979897320 0.105691649 -14.666244507 0.985242665 0.165363565 0.044177826 128.867385864
0.029624626 0.113563575 -0.993088961 -62.501438141 -0.172156900 0.979257882 0.106846370 -14.664867401 0.984623909 0.167801857 0.048560902 128.921798706
0.033627544 0.108588688 -0.993517816 -63.448825836 -0.171541750 0.979954958 0.101300143 -14.666727066 0.984602809 0.167023286 0.051580962 128.984420776
0.036708295 0.102556258 -0.994049609 -64.400001526 -0.171372175 0.980630636 0.094843380 -14.670873642 0.984522223 0.166870877 0.053572558 129.053268433
0.039474398 0.103036426 -0.993893921 -65.365829468 -0.168761596 0.981067657 0.095004059 -14.683383942 0.984866083 0.163980916 0.056115653 129.137100220
0.042981353 0.107691862 -0.993254721 -66.322631836 -0.166287974 0.981077194 0.099175699 -14.689828873 0.985140026 0.160903648 0.060075890 129.210449219
0.046689432 0.114127591 -0.992368400 -67.296836853 -0.165921628 0.980537176 0.104960591 -14.688625336 0.985033154 0.159754813 0.064716965 129.283462524
0.048918791 0.117650345 -0.991849422 -68.269500732 -0.163668856 0.980559468 0.108238891 -14.690091133 0.985301733 0.157039955 0.067223474 129.374008179
0.050640784 0.119628221 -0.991526425 -69.222343445 -0.163181663 0.980449438 0.109957516 -14.698479652 0.985295534 0.156230584 0.069171861 129.456680298
0.052517939 0.117010936 -0.991741121 -70.174743652 -0.161423683 0.981045604 0.107200786 -14.695648193 0.985486925 0.154460520 0.070410818 129.542221069
0.053646747 0.115100935 -0.991904140 -71.124397278 -0.159572095 0.981557488 0.105269916 -14.696112633 0.985727608 0.152632788 0.071024261 129.622177124
0.054023579 0.111756466 -0.992266119 -72.071487427 -0.156022727 0.982456565 0.102157056 -14.706498146 0.986275017 0.149297163 0.070512377 129.708190918
0.053479493 0.111411288 -0.992334366 -73.039230347 -0.154874608 0.982656777 0.101978168 -14.702860832 0.986485600 0.148233652 0.069806762 129.812942505
0.053051122 0.116215721 -0.991806209 -73.994049072 -0.151711956 0.982613564 0.107023604 -14.704877853 0.987000108 0.144791141 0.069760062 129.900665283
0.052394584 0.118574098 -0.991561890 -74.956542969 -0.145502895 0.983236134 0.109890021 -14.716638565 0.987969518 0.138517469 0.068769105 129.998306274
0.051424008 0.113812961 -0.992170453 -75.918769836 -0.142774880 0.984117508 0.105489209 -14.704437256 0.988418460 0.136232331 0.066856906 130.086929321
0.050172891 0.109675683 -0.992700279 -76.883262634 -0.144274294 0.984322667 0.101458222 -14.701056480 0.988264918 0.138130724 0.065209694 130.162429810
0.049023714 0.106797121 -0.993071556 -77.831703186 -0.140778571 0.985080063 0.098988056 -14.703679085 0.988826573 0.134950444 0.063327044 130.245346069
0.047535613 0.107658900 -0.993050814 -78.796752930 -0.140927911 0.984952986 0.100035019 -14.706190109 0.988877833 0.135193348 0.061992489 130.318008423
0.046582744 0.108990252 -0.992950678 -79.758285522 -0.142154917 0.984636128 0.101408638 -14.709245682 0.988747835 0.136428922 0.061360542 130.395751953
0.045119211 0.109246649 -0.992990136 -80.712142944 -0.143786699 0.984362364 0.101764113 -14.711393356 0.988579631 0.138187259 0.060121875 130.470336914
0.043809749 0.110179350 -0.992945731 -81.664176941 -0.143542469 0.984281659 0.102884740 -14.713781357 0.988674045 0.138022512 0.058936551 130.538543701
0.041391943 0.110456586 -0.993018687 -82.624862671 -0.143455133 0.984229922 0.103499360 -14.716425896 0.988790870 0.138169572 0.056584753 130.613967896
0.040079731 0.112592071 -0.992832661 -83.593101501 -0.143644273 0.983959079 0.105786994 -14.707806587 0.988817453 0.138374805 0.055610012 130.681701660
0.038494322 0.116369404 -0.992459714 -84.546607971 -0.145044446 0.983328044 0.109672859 -14.700933456 0.988676012 0.139728978 0.054731272 130.742218018
0.036757216 0.121665724 -0.991890311 -85.497634888 -0.146414191 0.982505679 0.115088820 -14.693328857 0.988540173 0.140996471 0.053927761 130.804824829
0.034398131 0.121407054 -0.992006540 -86.449981689 -0.146426633 0.982494831 0.115165554 -14.688224792 0.988623202 0.141294762 0.051573217 130.865173340
0.033467371 0.116160199 -0.992666483 -87.394973755 -0.146475852 0.983068168 0.110098645 -14.682915688 0.988647878 0.141716957 0.049915366 130.926254272
0.030787563 0.111239627 -0.993316591 -88.343925476 -0.150325969 0.982999444 0.105424888 -14.669398308 0.988156974 0.146075517 0.046986349 130.988327026
0.029688681 0.109089926 -0.993588448 -89.287132263 -0.148234501 0.983515561 0.103554703 -14.667044640 0.988506496 0.144209683 0.045370176 131.052947998
0.029033769 0.110446401 -0.993457854 -90.252426147 -0.143421099 0.984053552 0.105209410 -14.669276237 0.989235759 0.139428228 0.044411127 131.108032227
0.028885415 0.111913159 -0.993298113 -91.202011108 -0.140548587 0.984295309 0.106811635 -14.667795181 0.989652336 0.136521354 0.044161014 131.166564941
0.027338494 0.111708060 -0.993364930 -92.153465271 -0.135261416 0.985010386 0.107045993 -14.669255257 0.990432739 0.131437466 0.042038482 131.236648560
0.026128909 0.108743779 -0.993726432 -93.096565247 -0.131366238 0.985818624 0.104424298 -14.671887398 0.990989506 0.127813563 0.040043630 131.300018311
0.025504595 0.105601259 -0.994081378 -94.039306641 -0.126163140 0.986793816 0.101590201 -14.675196648 0.991681635 0.122825406 0.038490765 131.362854004
0.023502540 0.108110592 -0.993861020 -95.026298523 -0.124536991 0.986708522 0.104387552 -14.677034378 0.991936505 0.121319100 0.036653928 131.419982910
0.022125673 0.110490665 -0.993630826 -95.972740173 -0.123895288 0.986515939 0.106940664 -14.675702095 0.992048502 0.120740056 0.035516601 131.478759766
0.020734653 0.108416177 -0.993889332 -96.933990479 -0.119716853 0.987219751 0.105191089 -14.673498154 0.992591560 0.116804190 0.033448905 131.528549194
0.019034024 0.105483010 -0.994238853 -97.881240845 -0.116883710 0.987835169 0.102565952 -14.674144745 0.992963135 0.114258088 0.031131726 131.574035645
0.015124246 0.102608107 -0.994606853 -98.851654053 -0.115352400 0.988258004 0.100199059 -14.667927742 0.993209600 0.113214836 0.026782747 131.632720947
0.012453679 0.101730891 -0.994733989 -99.807296753 -0.109823972 0.988931835 0.099762537 -14.677598000 0.993873060 0.108003229 0.023488330 131.682205200
0.010297300 0.101869933 -0.994744480 -100.765174866 -0.103077523 0.989605784 0.100276679 -14.673357964 0.994619966 0.101503216 0.020690769 131.724411011
0.007696338 0.109536320 -0.993952990 -101.734275818 -0.093058124 0.989747405 0.108352304 -14.670719147 0.995630860 0.091661490 0.017810678 131.786712646
0.005070193 0.117649667 -0.993042111 -102.692428589 -0.084984124 0.989513099 0.116797626 -14.666974068 0.996369362 0.083800629 0.015015374 131.842010498
0.002301564 0.117078714 -0.993119895 -103.646163940 -0.080808006 0.989896536 0.116511412 -14.660060883 0.996726990 0.079983890 0.011739210 131.887176514
-0.000502925 0.107209995 -0.994236290 -104.597869873 -0.081640244 0.990912974 0.106892981 -14.661730766 0.996661723 0.081223443 0.008254297 131.920654297
-0.002613165 0.097655609 -0.995216846 -105.544654846 -0.083386712 0.991732836 0.097532690 -14.658842087 0.996513844 0.083242722 0.005551619 131.958267212
-0.003063278 0.099050745 -0.995077610 -106.503417969 -0.090531640 0.990968525 0.098920435 -14.660379410 0.995888829 0.090389013 0.005931615 131.978713989
-0.003877990 0.108834557 -0.994052231 -107.464996338 -0.094147734 0.989604592 0.108714893 -14.652575493 0.995550632 0.094009377 0.006408853 132.013000488
-0.005319558 0.120379373 -0.992713749 -108.428588867 -0.098256268 0.987860918 0.120317437 -14.642022133 0.995146990 0.098180391 0.006573044 132.041107178
-0.006884112 0.121903762 -0.992518127 -109.373291016 -0.105172068 0.986948371 0.121949166 -14.630362511 0.994430244 0.105224684 0.006026609 132.073699951
-0.006776196 0.118511401 -0.992929578 -110.353286743 -0.112179816 0.986594379 0.118520834 -14.608877182 0.993664801 0.112189777 0.006609230 132.092636108
-0.006896976 0.114727676 -0.993372977 -111.308158875 -0.120317563 0.986084521 0.114721261 -14.597923279 0.992711484 0.120311461 0.007002753 132.115142822
-0.004171154 0.116876937 -0.993137598 -112.273612976 -0.125171617 0.985274076 0.116477251 -14.579878807 0.992126286 0.124798484 0.010519944 132.133697510
-0.003323779 0.117836185 -0.993027508 -113.260231018 -0.132893205 0.984173000 0.117230281 -14.561876297 0.991124928 0.132356241 0.012388453 132.161727905
-0.002727899 0.120551266 -0.992703438 -114.224472046 -0.142165631 0.982577145 0.119712226 -14.545531273 0.989839137 0.141454846 0.014457876 132.181427002
-0.002449235 0.122697659 -0.992441177 -115.199363708 -0.147683352 0.981517255 0.121711582 -14.525004387 0.989031672 0.146865129 0.015716435 132.207702637
-0.002516598 0.122388363 -0.992479086 -116.178657532 -0.151224300 0.981021523 0.121358916 -14.518985748 0.988496244 0.150392339 0.016039258 132.251251221
-0.000886331 0.113137223 -0.993579090 -117.134468079 -0.150261298 0.982283533 0.111985080 -14.522132874 0.988645911 0.149395704 0.016129520 132.282302856
0.000291359 0.101546437 -0.994830787 -118.085746765 -0.153311953 0.983074248 0.100301497 -14.513388634 0.988177776 0.152490228 0.015854709 132.320556641
