1.000000000 0.000000000 0.000000000 0.000000000 0.000000000 1.000000000 0.000000000 0.000000000 0.000000000 0.000000000 1.000000000 0.000000000
0.999997914 -0.001564490 -0.001328801 0.048871476 0.001561668 0.999996543 -0.002122459 -0.132892177 0.001332117 0.002120379 0.999996841 1.298063159
0.999997556 -0.000013644 -0.002197346 0.106487565 -0.000000265 0.999979973 -0.006329783 -0.267650992 0.002197388 0.006329769 0.999977529 2.604064465
0.999996066 0.002435297 -0.001364617 0.150034696 -0.002445934 0.999966145 -0.007848348 -0.406578869 0.001345458 0.007851655 0.999968290 3.907757282
0.999984264 0.005612442 0.000081084 0.196716949 -0.005611787 0.999962568 -0.006585225 -0.545238972 -0.000118040 0.006584665 0.999978364 5.222074032
0.999975324 0.006584894 0.002428260 0.243682325 -0.006576983 0.999972999 -0.003251598 -0.691384554 -0.002449606 0.003235548 0.999991775 6.540415287
0.999960244 0.006828417 0.005737951 0.300395668 -0.006817054 0.999974787 -0.001997440 -0.828503907 -0.005751445 0.001958244 0.999981582 7.843974590
0.999943554 0.005327754 0.009183027 0.357218087 -0.005311371 0.999984264 -0.001807557 -0.962432504 -0.009192512 0.001758681 0.999956191 9.152122498
0.999913394 0.004010375 0.012530782 0.435500264 -0.003990098 0.999990642 -0.001642741 -1.099246740 -0.012537254 0.001592600 0.999920070 10.452589989
0.999870479 0.002656424 0.015875120 0.500002205 -0.002616850 0.999993443 -0.002513100 -1.235175133 -0.015881691 0.002471232 0.999870837 11.764223099
0.999813795 0.001579030 0.019228445 0.576765895 -0.001513602 0.999992967 -0.003416748 -1.369969130 -0.019233707 0.003387008 0.999809265 13.058359146
0.999744713 0.001619195 0.022541856 0.646495104 -0.001547799 0.999993742 -0.003184364 -1.521548629 -0.022546874 0.003148661 0.999740839 14.384702682
0.999660611 0.001594853 0.026001669 0.730797648 -0.001486862 0.999990225 -0.004172001 -1.659814477 -0.026008071 0.004131925 0.999653161 15.678332329
0.999576747 0.002424391 0.028994063 0.813698947 -0.002300874 0.999988139 -0.004292706 -1.796154499 -0.029004129 0.004224177 0.999570370 16.983446121
0.999476314 0.002032218 0.032295238 0.902019143 -0.001905750 0.999990344 -0.003946298 -1.934619784 -0.032302946 0.003882685 0.999470592 18.270605087
0.999411285 0.000475201 0.034305088 1.002065778 -0.000348905 0.999993145 -0.003687446 -2.077866793 -0.034306612 0.003673306 0.999404609 19.575139999
0.999351621 -0.002028612 0.035947040 1.099854946 0.002207908 0.999985337 -0.004948798 -2.218743801 -0.035936475 0.005024957 0.999341428 20.850753784
0.999311388 -0.001602333 0.037070476 1.197052121 0.001852606 0.999975741 -0.006717899 -2.360433340 -0.037058819 0.006781950 0.999290049 22.160995483
0.999265850 -0.001502235 0.038281508 1.281483293 0.001861301 0.999954581 -0.009345688 -2.503378630 -0.038265731 0.009410080 0.999223232 23.447496414
0.999224544 -0.000918787 0.039361104 1.381234646 0.001343308 0.999941230 -0.010760203 -2.646915436 -0.039348900 0.010804738 0.999167085 24.731065750
0.999178171 -0.000338630 0.040532608 1.481384754 0.000802505 0.999934435 -0.011428770 -2.792942762 -0.040526077 0.011451904 0.999112844 25.999717712
0.999166965 -0.002059332 0.040756360 1.583838105 0.002484318 0.999943018 -0.010379584 -2.940253735 -0.040732663 0.010472189 0.999115229 27.285432816
0.999157012 -0.005033236 0.040743452 1.686713219 0.005411850 0.999943197 -0.009187672 -3.087810278 -0.040694904 0.009400424 0.999127448 28.564371109
0.999188006 -0.006575384 0.039749805 1.786169648 0.006962045 0.999929726 -0.009596743 -3.234104872 -0.039683912 0.009865693 0.999163568 29.848541260
0.999206424 -0.008271062 0.038962204 1.889999151 0.008750726 0.999887884 -0.012156595 -3.378586769 -0.038857289 0.012487896 0.999166727 31.115045547
0.999236524 -0.008451889 0.038143661 1.998283386 0.008924711 0.999885142 -0.012242617 -3.528760910 -0.038035810 0.012573692 0.999197245 32.396411896
0.999247313 -0.008970601 0.037739959 2.093281746 0.009453950 0.999875307 -0.012648433 -3.673084021 -0.037621800 0.012995705 0.999207497 33.660118103
0.999266028 -0.009715756 0.037054509 2.192793608 0.010192449 0.999867380 -0.012697475 -3.816034317 -0.036926229 0.013065826 0.999232709 34.926841736
0.999274611 -0.010190419 0.036691710 2.282227755 0.010678280 0.999856830 -0.013124891 -3.962489605 -0.036552709 0.013507174 0.999240518 36.187229156
0.999318182 -0.010790455 0.035307389 2.397562504 0.011264763 0.999848545 -0.013262491 -4.119461536 -0.035158928 0.013651178 0.999288440 37.472473145
0.999322653 -0.010401101 0.035298359 2.489736080 0.010811659 0.999875903 -0.011460227 -4.264353752 -0.035174776 0.011834101 0.999311149 38.730411530
0.999281108 -0.010565178 0.036408704 2.586635113 0.010949424 0.999886274 -0.010370527 -4.404484749 -0.036294997 0.010761727 0.999283195 39.995193481
0.999198079 -0.012409477 0.038065799 2.694385052 0.012742176 0.999882579 -0.008510004 -4.548476696 -0.037955731 0.008988221 0.999239028 41.243625641
0.999086440 -0.013413848 0.040573355 2.790258408 0.013827791 0.999854982 -0.009938954 -4.690326691 -0.040434156 0.010490916 0.999127150 42.505672455
0.998957336 -0.014778898 0.043195732 2.883324623 0.015353384 0.999797642 -0.012998189 -4.839879990 -0.042994887 0.013647838 0.998982131 43.756565094
0.998861134 -0.015787238 0.045024492 2.990593433 0.016434385 0.999766350 -0.014039422 -4.989854336 -0.044792332 0.014763382 0.998887181 45.021228790
0.998730719 -0.015816521 0.047819149 3.110240936 0.016442638 0.999783814 -0.012728445 -5.126806736 -0.047607489 0.013498564 0.998774946 46.259574890
0.998533726 -0.017123552 0.051352113 3.222653627 0.017634723 0.999799192 -0.009517736 -5.279835224 -0.051178820 0.010409362 0.998635232 47.523223877
0.998260200 -0.020078450 0.055437431 3.336787701 0.020529227 0.999760628 -0.007573796 -5.417325020 -0.055272076 0.008698708 0.998433411 48.744922638
0.998042166 -0.022197768 0.058472548 3.476408243 0.022709152 0.999709249 -0.008095716 -5.553519726 -0.058275845 0.009407727 0.998256326 50.006645203
0.997768402 -0.025680933 0.061632242 3.621310234 0.026445560 0.999582648 -0.011622649 -5.692416191 -0.061308049 0.013226613 0.998031259 51.240226746
0.997482777 -0.026675148 0.065700449 3.752359629 0.027515499 0.999550343 -0.011918992 -5.826177597 -0.065352976 0.013696769 0.997768164 52.474517822
0.997129738 -0.029232638 0.069840088 3.879508495 0.029952290 0.999508321 -0.009279162 -5.966842175 -0.069534495 0.011344398 0.997515023 53.694988251
0.996880651 -0.031847335 0.072213218 4.046062946 0.032355223 0.999459147 -0.005874053 -6.100201607 -0.071987085 0.008192204 0.997371912 54.887718201
0.996606886 -0.034207333 0.074863434 4.180777073 0.034644134 0.999389410 -0.004543402 -6.230379105 -0.074662305 0.007121565 0.997183383 56.139820099
0.996411204 -0.037124459 0.076068662 4.332981586 0.037306663 0.999303401 -0.000975086 -6.358180046 -0.075979464 0.003809454 0.997102082 57.347740173
0.996255398 -0.039974768 0.076664306 4.481047630 0.040102422 0.999195576 -0.000125608 -6.480912209 -0.076597624 0.003199561 0.997056961 58.570343018
0.996231735 -0.041727852 0.076031201 4.630511761 0.042108525 0.999107242 -0.003409925 -6.604986668 -0.075821027 0.006598639 0.997099578 59.765396118
0.996233940 -0.043326639 0.075104050 4.782593727 0.044017185 0.999002159 -0.007563035 -6.738948822 -0.074701443 0.010840422 0.997146964 60.973361969
0.996244490 -0.044761684 0.074116945 4.920804024 0.045740865 0.998886287 -0.011566060 -6.868807793 -0.073516704 0.014912794 0.997182429 62.155082703
0.996278346 -0.047006108 0.072248362 5.072580814 0.048130766 0.998744249 -0.013904360 -7.006022453 -0.071504042 0.017329983 0.997289717 63.376098633
0.996411979 -0.047092468 0.070323355 5.208439827 0.048173893 0.998744190 -0.013761017 -7.141755104 -0.069587000 0.017099392 0.997429311 64.552810669
0.996673882 -0.046026569 0.067253120 5.344693184 0.047019754 0.998805940 -0.013259414 -7.284781933 -0.066562541 0.016377535 0.997647762 65.768943787
0.996904731 -0.045447044 0.064153686 5.466567993 0.046263263 0.998865485 -0.011294504 -7.415452957 -0.063567586 0.014227502 0.997876108 66.945259094
0.997321308 -0.041369136 0.060322277 5.590193748 0.041889600 0.999094903 -0.007388570 -7.554865837 -0.059962019 0.009895654 0.998151600 68.134590149
0.997601628 -0.039386291 0.056918051 5.707595348 0.039743297 0.999196589 -0.005153547 -7.680133820 -0.056669340 0.007403298 0.998365521 69.317642212
0.997801602 -0.038278278 0.054099634 5.813124180 0.038793921 0.999210835 -0.008513169 -7.812391281 -0.053731069 0.010593190 0.998499215 70.484207153
0.997992158 -0.038595758 0.050219700 5.930622578 0.039414845 0.999103904 -0.015422857 -7.949969292 -0.049579442 0.017371289 0.998619080 71.669853210
0.997987926 -0.042526655 0.047026187 6.034581184 0.043430403 0.998887658 -0.018365609 -8.085881233 -0.046192851 0.020371022 0.998724699 72.840415955
0.998028219 -0.046416357 0.042251587 6.151058197 0.047019824 0.998803973 -0.013402198 -8.223938942 -0.041578978 0.015362434 0.999017060 74.011299133
0.998024046 -0.050082754 0.037941407 6.253019810 0.050438728 0.998691082 -0.008483507 -8.351159096 -0.037466865 0.010380460 0.999243975 75.171089172
0.998085976 -0.052156538 0.033228152 6.350441933 0.052385032 0.998608708 -0.006042645 -8.473135948 -0.032866757 0.007771736 0.999429524 76.356880188
0.998250186 -0.051456075 0.029134372 6.437036037 0.051576030 0.998663425 -0.003380463 -8.600548744 -0.028921485 0.004877184 0.999569714 77.515480042
0.998387814 -0.050829429 0.025259195 6.520701885 0.050927490 0.998697102 -0.003253483 -8.723316193 -0.025060907 0.004534625 0.999675572 78.664123535
0.998529017 -0.049686607 0.021704521 6.599596024 0.049820393 0.998742104 -0.005667495 -8.843702316 -0.021395627 0.006740486 0.999748290 79.831764221
0.998708606 -0.047364894 0.018377041 6.672692299 0.047564320 0.998812258 -0.010570601 -8.972403526 -0.017854542 0.011431039 0.999775290 80.976013184
0.998607278 -0.050708372 0.014565561 6.753211021 0.050929435 0.998586178 -0.015229723 -9.114308357 -0.013772695 0.015950328 0.999777853 82.137046814
0.998461843 -0.054178104 0.011769885 6.812505245 0.054369606 0.998382688 -0.016610416 -9.239336014 -0.010850929 0.017224792 0.999792755 83.269172668
0.998485446 -0.054432575 0.007988039 6.877470016 0.054535292 0.998423696 -0.013259687 -9.368355751 -0.007253691 0.013675239 0.999880135 84.406929016
0.998468995 -0.055087063 0.005030980 6.944274902 0.055137213 0.998424172 -0.010442505 -9.501257896 -0.004447805 0.010703910 0.999932826 85.542037964
0.998606861 -0.052620552 0.003951428 6.985808849 0.052666195 0.998533905 -0.012502341 -9.626554489 -0.003287756 0.012693029 0.999914050 86.680023193
0.998795688 -0.048925381 0.003657941 7.033277035 0.048976578 0.998678982 -0.015537658 -9.755737305 -0.002892923 0.015698100 0.999872625 87.800430298
0.998858809 -0.047689747 0.002604405 7.091996193 0.047729854 0.998689234 -0.018483805 -9.882227898 -0.001719504 0.018587019 0.999825835 88.901496887
0.998792112 -0.049106136 0.001655864 7.136379719 0.049128957 0.998606443 -0.019270761 -10.021600723 -0.000707244 0.019328838 0.999812901 90.049835205
0.998736084 -0.050259296 0.000373801 7.184588432 0.050258562 0.998597860 -0.016626740 -10.153282166 0.000462372 0.016624512 0.999861658 91.165786743
0.998679161 -0.051372685 -0.000798059 7.235502243 0.051356476 0.998581886 -0.014022062 -10.284015656 0.001517278 0.013962559 0.999901295 92.281021118
0.998681188 -0.051312540 -0.001685905 7.298341751 0.051285129 0.998592377 -0.013530481 -10.407677650 0.002377815 0.013426177 0.999907017 93.416740417
0.998652339 -0.051874071 -0.001615827 7.340434074 0.051842183 0.998530388 -0.015792411 -10.535542488 0.002432668 0.015687359 0.999873936 94.525032043
0.998630822 -0.052266020 -0.002178568 7.396483898 0.052213639 0.998444676 -0.019542266 -10.666389465 0.003196575 0.019401759 0.999806643 95.631423950
0.998625934 -0.052367318 -0.001980367 7.437491417 0.052315686 0.998418868 -0.020562066 -10.803884506 0.003054017 0.020430207 0.999786556 96.733192444
0.998587489 -0.053085305 -0.002208904 7.490894318 0.053034414 0.998414695 -0.018853672 -10.937459946 0.003206256 0.018709894 0.999819815 97.818237305
0.998658657 -0.051765185 -0.001095964 7.528085709 0.051745199 0.998565137 -0.013789802 -11.060359001 0.001808223 0.013714594 0.999904275 98.902336121
0.998744369 -0.050095428 0.000147618 7.575401306 0.050094288 0.998691380 -0.010299955 -11.181848526 0.000368556 0.010294418 0.999946892 99.968383789
0.998842835 -0.048053067 0.001929619 7.621264458 0.048070610 0.998789728 -0.010407941 -11.302288055 -0.001427150 0.010488658 0.999943972 101.039695740
0.998918712 -0.046303682 0.004165631 7.666702271 0.046351355 0.998850882 -0.012186056 -11.424266815 -0.003596585 0.012365961 0.999917090 102.073600769
0.998888433 -0.046675455 0.006581251 7.721807480 0.046766639 0.998801112 -0.014458533 -11.547760010 -0.005898503 0.014750244 0.999873817 103.092445374
0.998814046 -0.047950219 0.008435366 7.770317078 0.048078019 0.998720765 -0.015663605 -11.660340309 -0.007673501 0.016050586 0.999841750 104.111137390
0.998709381 -0.049734063 0.010302644 7.829571724 0.049885120 0.998642862 -0.014963659 -11.775484085 -0.009544458 0.015458296 0.999835014 105.093536377
0.998679638 -0.049938291 0.012046225 7.885577679 0.050098676 0.998654306 -0.013402373 -11.896469116 -0.011360724 0.013988177 0.999837637 106.067832947
0.998616397 -0.050907820 0.013177259 7.951587677 0.051062856 0.998626828 -0.011708294 -12.009923935 -0.012563122 0.012364965 0.999844611 107.015487671
0.998554289 -0.051576503 0.015139388 8.006185532 0.051763263 0.998584688 -0.012214012 -12.117834091 -0.014488005 0.012980017 0.999810696 107.932960510
0.998538494 -0.051393747 0.016720749 8.067145348 0.051573053 0.998614311 -0.010474842 -12.219564438 -0.016159236 0.011321872 0.999805450 108.845130920
0.998559415 -0.050326657 0.018613577 8.121812820 0.050489213 0.998689592 -0.008368526 -12.318381310 -0.018168027 0.009296255 0.999791741 109.715110779
0.998532355 -0.050357614 0.019931061 8.180595398 0.050469134 0.998712420 -0.005132183 -12.421602249 -0.019646954 0.006130555 0.999788165 110.576271057
0.998484671 -0.050652176 0.021508582 8.238361359 0.050770078 0.998697996 -0.004970878 -12.515649796 -0.021228788 0.006055338 0.999756217 111.403572083
0.998510957 -0.049692236 0.022506088 8.291187286 0.049801558 0.998749793 -0.004322979 -12.606252670 -0.022263136 0.005437380 0.999737382 112.214447021
0.998615146 -0.047206022 0.023222137 8.340166092 0.047315896 0.998871148 -0.004204909 -12.686404228 -0.022997422 0.005297862 0.999721527 112.993110657
0.998745143 -0.044830061 0.022321764 8.387708664 0.044858165 0.998993099 -0.000759661 -12.769706726 -0.022265231 0.001760022 0.999750614 113.753341675
0.998806775 -0.044823553 0.019387376 8.428556442 0.044828080 0.998994708 0.000201284 -12.853182793 -0.019376906 0.000668055 0.999812126 114.502349854
0.998905659 -0.044954002 0.012903398 8.464371681 0.044952970 0.998988926 0.000370783 -12.928647995 -0.012907022 0.000209669 0.999916673 115.200477600
0.999064505 -0.043170478 0.002532873 8.489725113 0.043172352 0.999067426 -0.000691620 -13.005093575 -0.002500651 0.000800323 0.999996483 115.872016907
0.999114990 -0.040509839 -0.011323117 8.488060951 0.040469408 0.999173582 -0.003777425 -13.073823929 0.011466786 0.003315842 0.999928772 116.512092590
0.998778760 -0.039054077 -0.030259972 8.483154297 0.038884826 0.999224722 -0.006161695 -13.143402100 0.030477148 0.004977516 0.999522984 117.138465881
0.997907519 -0.037435081 -0.052716777 8.449281693 0.037037943 0.999277830 -0.008490589 -13.213889122 0.052996546 0.006520303 0.998573363 117.727005005
0.996105015 -0.036002401 -0.080489509 8.407286644 0.035282280 0.999323845 -0.010351610 -13.280991554 0.080807775 0.007471438 0.996701658 118.292854309
0.993101299 -0.033624906 -0.112334579 8.332732201 0.032431949 0.999396622 -0.012430729 -13.349209785 0.112684764 0.008701744 0.993592620 118.836647034
0.988620639 -0.029298324 -0.147549883 8.220806122 0.027575374 0.999525666 -0.013709588 -13.414985657 0.147881553 0.009484839 0.988959551 119.375350952
0.982259631 -0.023116451 -0.186095834 8.105838776 0.021070039 0.999693930 -0.012967090 -13.479888916 0.186338603 0.008816003 0.982446015 119.901611328
0.973530173 -0.018096987 -0.227840990 7.963996887 0.015968716 0.999810100 -0.011181130 -13.535242081 0.228000015 0.007246841 0.973634183 120.409530640
0.962005258 -0.013278030 -0.272708029 7.798709869 0.011074794 0.999892473 -0.009616843 -13.595255852 0.272806406 0.006231268 0.962048769 120.895011902
0.947507560 -0.007473055 -0.319646150 7.603630066 0.004474856 0.999938846 -0.010113171 -13.652064323 0.319702208 0.008151934 0.947483122 121.372665405
0.930108428 0.000295822 -0.367284924 7.374168396 -0.004592848 0.999930859 -0.010825517 -13.704544067 0.367256343 0.011755789 0.930045485 121.827674866
0.908822000 0.004439771 -0.417160749 7.115203857 -0.010354818 0.999875367 -0.011917397 -13.755569458 0.417055845 0.015150416 0.908754587 122.274543762
0.883658051 0.009762999 -0.468031138 6.839538574 -0.016426893 0.999813437 -0.010158679 -13.821366310 0.467844635 0.016665095 0.883653581 122.693534851
0.854422748 0.012765659 -0.519421697 6.554893494 -0.020931736 0.999732316 -0.009861562 -13.867466927 0.519156694 0.019298339 0.854461193 123.088882446
0.822704911 0.022477467 -0.568024158 6.225391388 -0.031710479 0.999476790 -0.006377652 -13.916552544 0.567583561 0.023259243 0.822987199 123.461418152
0.788858116 0.035506070 -0.613548875 5.870063782 -0.044986706 0.998987496 -0.000029346 -13.957862854 0.612926662 0.027624691 0.789656818 123.813110352
0.752796590 0.044331025 -0.656758666 5.516838074 -0.056391124 0.998404980 0.002754829 -13.998325348 0.655833125 0.034961525 0.754095793 124.121292114
0.712953866 0.048169047 -0.699554563 5.148551941 -0.063831709 0.997953951 0.003661515 -14.043371201 0.698299587 0.042043276 0.714569807 124.416793823
0.670243382 0.049859628 -0.740464807 4.769165039 -0.066357762 0.997770548 0.007120681 -14.091861725 0.739168823 0.044362996 0.672057569 124.702301025
0.626464307 0.053366013 -0.777621150 4.354019165 -0.069931403 0.997478247 0.012116324 -14.124405861 0.776306689 0.046789695 0.628616333 124.970977783
0.581309855 0.062171441 -0.811303496 3.927352905 -0.081098087 0.996538818 0.018258439 -14.162757874 0.809630752 0.055181362 0.584339797 125.201911926
0.535687745 0.071115606 -0.841416240 3.488182068 -0.092889287 0.995362759 0.024989041 -14.187095642 0.839291513 0.064772211 0.539809585 125.404640198
0.488788933 0.076197140 -0.869068146 3.034889221 -0.098318979 0.994643211 0.031909734 -14.215245247 0.866844177 0.069848768 0.493662238 125.600982666
0.441473216 0.077473186 -0.893923521 2.570976257 -0.097950548 0.994472623 0.037813555 -14.235971451 0.891912043 0.070866622 0.446621567 125.782035828
0.394411981 0.079134271 -0.915520072 2.099170685 -0.095627531 0.994410515 0.044756312 -14.257162094 0.913944483 0.069896512 0.399774820 125.948654175
0.348423958 0.081801936 -0.933760762 1.608028412 -0.097217493 0.993965745 0.050800402 -14.278820992 0.932281852 0.073077820 0.354274094 126.092712402
0.304565638 0.085272856 -0.948666573 1.101200104 -0.102365427 0.993146241 0.056406986 -14.299479485 0.946974635 0.079931021 0.311207265 126.209922791
0.263041526 0.086654998 -0.960885048 0.586446762 -0.107083850 0.992426693 0.060185384 -14.316256523 0.958823383 0.087064020 0.270328760 126.311416626
0.223849535 0.082922958 -0.971089602 0.061061859 -0.107365645 0.992407858 0.059994094 -14.329940796 0.968691885 0.090832017 0.231053054 126.406005859
0.188887507 0.078164533 -0.978882909 -0.474729538 -0.102114499 0.992986381 0.059586480 -14.352738380 0.976675034 0.088703007 0.195544451 126.494483948
0.158516690 0.073238827 -0.984636247 -1.024700165 -0.100053437 0.993303180 0.057775874 -14.375048637 0.982273757 0.089357816 0.164782941 126.574012756
0.131792963 0.071636282 -0.988685429 -1.587846756 -0.100977063 0.993167341 0.058500651 -14.395843506 0.986120820 0.092124589 0.138126090 126.643806458
0.110262752 0.070988052 -0.991364181 -2.174915314 -0.101861693 0.993001044 0.059775870 -14.411347389 0.988668978 0.094390973 0.116722003 126.699844360
0.091779143 0.072305687 -0.993150830 -2.780606270 -0.104002267 0.992601514 0.062654644 -14.423643112 0.990333378 0.097539559 0.098620094 126.749168396
0.076008752 0.070842907 -0.994587302 -3.388010025 -0.105520032 0.992443144 0.062626086 -14.451970100 0.991507947 0.100188762 0.082909741 126.792770386
0.061935108 0.069800362 -0.995636463 -4.035370350 -0.103909738 0.992581606 0.063122340 -14.482172012 0.992656469 0.099546835 0.068728589 126.842529297
0.049471710 0.067171440 -0.996514142 -4.667068005 -0.099980414 0.993057489 0.061974898 -14.504397392 0.993758798 0.096565902 0.055844061 126.890235901
0.037447643 0.064570226 -0.997210324 -5.316476345 -0.097446963 0.993390262 0.060663488 -14.521306992 0.994535983 0.094903402 0.043492287 126.929443359
0.026945345 0.064324602 -0.997565210 -5.979837894 -0.097529076 0.993335724 0.061417524 -14.541952133 0.994867802 0.095636681 0.033039294 126.953483582
0.017272837 0.066001184 -0.997670054 -6.666840076 -0.101023249 0.992827713 0.063931808 -14.569682121 0.994734108 0.099683598 0.023816610 126.978302002
0.009061901 0.065035231 -0.997841775 -7.348061085 -0.103443757 0.992589951 0.063753523 -14.587779999 0.994593978 0.102642797 0.015722245 126.992858887
0.002545379 0.064522423 -0.997913003 -8.036024094 -0.106039725 0.992307246 0.063889496 -14.610860825 0.994358599 0.105655819 0.009367738 127.005691528
-0.002263926 0.065485150 -0.997851014 -8.733909607 -0.106836669 0.992126524 0.065351881 -14.627362251 0.994273961 0.106755026 0.004750118 127.012901306
-0.006704589 0.067881845 -0.997670949 -9.462449074 -0.108041942 0.991803646 0.068208702 -14.648651123 0.994123757 0.108247608 0.000684450 127.051483154
-0.007557131 0.071530305 -0.997409701 -10.180613518 -0.110427670 0.991277933 0.071927249 -14.670769691 0.993855417 0.110685207 0.000407706 127.060737610
-0.008319617 0.074848980 -0.997160137 -10.915157318 -0.113244072 0.990708888 0.075309575 -14.683853149 0.993532360 0.113549031 0.000233884 127.068756104
-0.009104486 0.079734892 -0.996774554 -11.652423859 -0.117983624 0.989767253 0.080252022 -14.689286232 0.992973804 0.118333712 0.000396087 127.073059082
-0.011336179 0.083762810 -0.996421218 -12.393768311 -0.120919622 0.989057541 0.084519491 -14.706042290 0.992597520 0.121445023 -0.001083566 127.097190857
-0.012792412 0.084513135 -0.996340156 -13.137346268 -0.120438367 0.989037216 0.085440025 -14.724767685 0.992638350 0.121090584 -0.002473548 127.111679077
-0.013829602 0.081530973 -0.996574819 -13.884567261 -0.118525870 0.989509583 0.082597747 -14.744724274 0.992854595 0.119262204 -0.004020992 127.124000549
-0.015526051 0.078130834 -0.996822238 -14.646322250 -0.122154340 0.989326358 0.079445928 -14.749592781 0.992389679 0.122999653 -0.005816311 127.138221741
-0.016704423 0.079639010 -0.996683776 -15.425636292 -0.126967415 0.988584399 0.081119806 -14.764265060 0.991766214 0.127901465 -0.006402170 127.138221741
-0.018706294 0.083149001 -0.996361494 -16.193607330 -0.123849429 0.988668144 0.084832214 -14.777977943 0.992124677 0.124985687 -0.008196363 127.154853821
-0.021229424 0.083478875 -0.996283412 -16.968681335 -0.122795731 0.988745272 0.085463852 -14.796604156 0.992204964 0.124153689 -0.010739645 127.168479919
-0.021980653 0.082597978 -0.996340632 -17.761234283 -0.125975594 0.988409102 0.084719673 -14.808370590 0.991789818 0.127376795 -0.011320551 127.166847229
-0.022305204 0.082355104 -0.996353388 -18.549121857 -0.130715817 0.987805903 0.084574915 -14.813530922 0.991169035 0.132125616 -0.011268099 127.161521912
-0.023581812 0.086850382 -0.995942175 -19.351230621 -0.132480875 0.987161636 0.089221567 -14.820956230 0.990904987 0.134047300 -0.011773049 127.164665222
-0.024428044 0.091276020 -0.995526016 -20.164623260 -0.130905241 0.986956656 0.093702473 -14.830638885 0.991093934 0.132608533 -0.012160916 127.179512024
-0.024036068 0.093861207 -0.995295107 -20.996801376 -0.133275390 0.986395180 0.096240461 -14.842706680 0.990787566 0.134961560 -0.011199674 127.199462891
-0.022042496 0.092569232 -0.995462179 -21.815210342 -0.132784024 0.986611784 0.094686449 -14.847011566 0.990899861 0.134268597 -0.009455672 127.205238342
-0.020584917 0.092302650 -0.995518208 -22.646360397 -0.132841825 0.986648083 0.094227076 -14.848190308 0.990923464 0.134186104 -0.008048416 127.211387634
-0.020812320 0.091696434 -0.995569468 -23.474878311 -0.131582469 0.986872017 0.093646094 -14.858002663 0.991086721 0.132948473 -0.008473451 127.235755920
-0.019922091 0.093452826 -0.995424390 -24.313880920 -0.132542565 0.986587524 0.095275879 -14.862171173 0.990977049 0.133834228 -0.007268408 127.250740051
-0.019492311 0.095934078 -0.995196819 -25.152030945 -0.134234339 0.986122847 0.097688533 -14.865876198 0.990757883 0.135493770 -0.006344166 127.265594482
-0.019493649 0.098270118 -0.994968832 -26.018247604 -0.137232617 0.985475957 0.100021243 -14.865864754 0.990347028 0.138491973 -0.005724661 127.278366089
-0.017826272 0.099399328 -0.994887888 -26.882535934 -0.139426723 0.985076547 0.100917302 -14.862023354 0.990071952 0.140512943 -0.003701321 127.287246704
-0.016260527 0.102548577 -0.994595170 -27.752475739 -0.146243110 0.983785272 0.103824951 -14.861127853 0.989115059 0.147140935 -0.000999841 127.300086975
-0.013877253 0.106552444 -0.994210243 -28.634941101 -0.151140317 0.982657969 0.107423976 -14.856422424 0.988415003 0.151755989 0.002467777 127.313446045
-0.011835579 0.108330332 -0.994044542 -29.509681702 -0.153614104 0.982116222 0.108859427 -14.849813461 0.988060057 0.153987676 0.005017154 127.341453552
-0.007924107 0.109317608 -0.993975222 -30.408025742 -0.152884409 0.982187808 0.109240055 -14.851442337 0.988212287 0.152828902 0.008929998 127.360549927
-0.005286213 0.109333828 -0.993991077 -31.301109314 -0.155690804 0.981793463 0.108820155 -14.844395638 0.987791657 0.155330494 0.011832299 127.385673523
-0.002977981 0.113190494 -0.993568897 -32.201358795 -0.156185538 0.981327116 0.112264007 -14.835473061 0.987723291 0.155515403 0.014756344 127.416450500
-0.000373207 0.115060806 -0.993358374 -33.117725372 -0.155108511 0.981329620 0.113725767 -14.828420639 0.987897396 0.154120788 0.017480664 127.453277588
0.001542645 0.116383135 -0.993203163 -34.011928558 -0.155800983 0.981103837 0.114723355 -14.823635101 0.987787306 0.154565051 0.019646101 127.490417480
0.004192199 0.114453577 -0.993419707 -34.915985107 -0.156873628 0.981203556 0.112384126 -14.813957214 0.987609804 0.155370221 0.022068145 127.517669678
0.004333069 0.115703270 -0.993274391 -35.824874878 -0.161303952 0.980357051 0.113494918 -14.804512024 0.986895204 0.159727320 0.022911349 127.557640076
0.005327040 0.116466053 -0.993180394 -36.718406677 -0.162218541 0.980139732 0.114066765 -14.799261093 0.986740410 0.160504669 0.024114199 127.592460632
0.005567716 0.113007411 -0.993578553 -37.616939545 -0.162626266 0.980468869 0.110605031 -14.796304703 0.986671925 0.160966188 0.023836946 127.625297546
0.006521343 0.108746700 -0.994048119 -38.525100708 -0.163665459 0.980780602 0.106221572 -14.795488358 0.986494362 0.161998630 0.024194086 127.667984009
0.007111226 0.108029753 -0.994122267 -39.423217773 -0.163436264 0.980904758 0.105424345 -14.788780212 0.986528337 0.161725909 0.024631416 127.706085205
0.006829249 0.112074986 -0.993676364 -40.326965332 -0.165673316 0.980093300 0.109404370 -14.782199860 0.986157119 0.163878500 0.025261134 127.744583130
0.007065719 0.118355446 -0.992946088 -41.263168335 -0.166214809 0.979296625 0.115545690 -14.769598007 0.986064374 0.164225921 0.026591856 127.782653809
0.007310668 0.117019102 -0.993102789 -42.158153534 -0.164025337 0.979818106 0.114246279 -14.767781258 0.986429155 0.162058756 0.026357217 127.825111389
0.008196276 0.106593303 -0.994268835 -43.049678802 -0.163090706 0.981131315 0.103840411 -14.772382736 0.986577034 0.161304906 0.025425997 127.865028381
0.008514510 0.096235007 -0.995322227 -43.970958710 -0.165249512 0.981808245 0.093514763 -14.774970055 0.986215055 0.163680300 0.024262406 127.902023315
0.007539378 0.093113460 -0.995626986 -44.874149323 -0.162124321 0.982596099 0.090667114 -14.781000137 0.986741543 0.160731778 0.022504121 127.944229126
0.007320726 0.103056073 -0.994648516 -45.795387268 -0.154648006 0.982824862 0.100692801 -14.780939102 0.987942517 0.153083295 0.023132408 127.991500854
0.007319345 0.116326876 -0.993184149 -46.743473053 -0.149601698 0.982160151 0.113933198 -14.778516769 0.988719165 0.147748113 0.024591466 128.049697876
0.007409084 0.125402406 -0.992078364 -47.664745331 -0.149695039 0.981065214 0.122892343 -14.768285751 0.988704443 0.147598669 0.026040908 128.093887329
0.007416388 0.119538702 -0.992801905 -48.581787109 -0.149816200 0.981756151 0.117089584 -14.762596130 0.988686025 0.147869438 0.025189921 128.130004883
0.007374152 0.106128924 -0.994325042 -49.510799408 -0.150004596 0.983218014 0.103830963 -14.761171341 0.988657773 0.148387641 0.023170227 128.170684814
0.008115939 0.097346783 -0.995217443 -50.425617218 -0.150536120 0.984027028 0.095024578 -14.760098457 0.988571167 0.149044961 0.022640511 128.210037231
0.008611139 0.097444504 -0.995203733 -51.356197357 -0.149465993 0.984185576 0.095072389 -14.766894341 0.988729298 0.147930443 0.023039600 128.252990723
0.007852545 0.098981567 -0.995058239 -52.294601440 -0.152443573 0.983576417 0.096636400 -14.780525208 0.988280952 0.150931403 0.022812683 128.290298462
0.008255870 0.098236829 -0.995128810 -53.248630524 -0.157329172 0.982895970 0.095723972 -14.783176422 0.987511694 0.155772507 0.023570182 128.324874878
0.008647230 0.097681373 -0.995180249 -54.180397034 -0.158817276 0.982719302 0.095078319 -14.782770157 0.987270117 0.157229662 0.024011293 128.365814209
0.009683237 0.104931891 -0.994432271 -55.127456665 -0.168195024 0.980480850 0.101821974 -14.776876450 0.985706151 0.166272581 0.027143251 128.395019531
0.011238446 0.114605889 -0.993347526 -56.076877594 -0.173770592 0.978518546 0.110929042 -14.771996498 0.984722018 0.171367928 0.030912161 128.428436279
0.012065287 0.122696020 -0.992370963 -57.037387848 -0.173667729 0.977617323 0.118760422 -14.763669968 0.984730363 0.170909971 0.033103570 128.473602295
0.013228238 0.123511635 -0.992254972 -57.999202728 -0.175436109 0.977235317 0.119303234 -14.760982513 0.984401882 0.172499165 0.034595497 128.524932861
0.014836341 0.114390917 -0.993324995 -58.931110382 -0.177097723 0.978028536 0.109984249 -14.760070801 0.984081388 0.174283817 0.034768738 128.568206787
0.015993379 0.109205812 -0.993890464 -59.883975983 -0.175232247 0.978939474 0.104743250 -14.753763199 0.984397233 0.172486469 0.034792926 128.622650146
0.017529875 0.107733175 -0.994025290 -60.832820892 -0.173625126 0.979401469 0.103086330 -14.756528854 0.984655797 0.170780689 0.035873972 128.683593750
0.021311445 0.113294177 -0.993332922 -61.813358307 -0.175285935 0.978592217 0.107852265 -14.746803284 0.984286904 0.171818838 0.040714089 128.727264404
0.024932481 0.115244627 -0.993024230 -62.773742676 -0.178160831 0.977943301 0.109021224 -14.744413376 0.983685553 0.174199849 0.044914633 128.779052734
0.029167812 0.110122606 -0.993489921 -63.720512390 -0.177546710 0.978679061 0.103268325 -14.742307663 0.983680129 0.173378751 0.048097827 128.835983276
0.032132946 0.104331449 -0.994023442 -64.679443359 -0.177499861 0.979323685 0.097050719 -14.746425629 0.983596146 0.173320487 0.049987376 128.903060913
0.034646962 0.104275547 -0.993944764 -65.652984619 -0.174832299 0.979837954 0.096701294 -14.753784180 0.983988464 0.170423225 0.052179143 128.988372803
0.037964642 0.108950749 -0.993322015 -66.609329224 -0.172319397 0.979860961 0.100888290 -14.759119034 0.984309316 0.167338431 0.055974409 129.058609009
0.041576929 0.115557067 -0.992430329 -67.584312439 -0.172044635 0.979280651 0.106818281 -14.757277489 0.984211385 0.166301146 0.060596455 129.127929688
0.043551765 0.119268253 -0.991906404 -68.558433533 -0.169775426 0.979291081 0.110297002 -14.760026932 0.984519958 0.163597688 0.062898681 129.218002319
0.045634035 0.120997384 -0.991603315 -69.518280029 -0.169395775 0.979199052 0.111688085 -14.763435364 0.984490991 0.162876710 0.065181255 129.296554565
0.047488015 0.118351638 -0.991835535 -70.471961975 -0.167641774 0.979815781 0.108890854 -14.758763313 0.984703600 0.161102071 0.066370182 129.377182007
0.048627738 0.117019922 -0.991938293 -71.424362183 -0.165772140 0.980285287 0.107518561 -14.761220932 0.984964490 0.159207344 0.067067713 129.452713013
0.048657153 0.113365963 -0.992361128 -72.377975464 -0.162206918 0.981245756 0.104142867 -14.768904686 0.985556424 0.155900568 0.066133365 129.540359497
0.048560869 0.112764575 -0.992434382 -73.355140686 -0.161271587 0.981454611 0.103625819 -14.758853912 0.985714734 0.155019328 0.065846004 129.627319336
0.048485860 0.117526829 -0.991885424 -74.312469482 -0.158100456 0.981437087 0.108560488 -14.758218765 0.986231923 0.151553884 0.066166863 129.707702637
0.047797471 0.119583763 -0.991672933 -75.273628235 -0.151829392 0.982141018 0.111116327 -14.766824722 0.987250328 0.145254031 0.065100193 129.801467896
0.046745874 0.115283646 -0.992232084 -76.240081787 -0.149107456 0.982994437 0.107185639 -14.755414009 0.987715423 0.142938748 0.063140593 129.883941650
0.045592114 0.110812731 -0.992794991 -77.202018738 -0.150927946 0.983184159 0.102808923 -14.748233795 0.987492859 0.145153269 0.061550181 129.955154419
0.044309631 0.108014464 -0.993161440 -78.151893616 -0.147468999 0.983954251 0.100433826 -14.750288010 0.988073647 0.142010346 0.059527427 130.035278320
0.042816643 0.108923376 -0.993127584 -79.116752625 -0.147554442 0.983827770 0.101541869 -14.752519608 0.988126695 0.142192736 0.058196321 130.103683472
0.042078003 0.110079966 -0.993031621 -80.075843811 -0.148690760 0.983533502 0.102726556 -14.752894402 0.987988114 0.143332139 0.057752993 130.175292969
0.040620744 0.110153213 -0.993084133 -81.029594421 -0.150294259 0.983269811 0.102917030 -14.752614975 0.987806439 0.145074263 0.056496542 130.245986938
0.039277844 0.111498840 -0.992988050 -81.981437683 -0.150085136 0.983139575 0.104456328 -14.756363869 0.987892568 0.144929931 0.055349920 130.309982300
0.036427751 0.111723810 -0.993071437 -82.944114685 -0.149974555 0.983087838 0.105099283 -14.758288383 0.988018513 0.145106897 0.052567407 130.385467529
0.035380907 0.113894857 -0.992862582 -83.903106689 -0.150464326 0.982767045 0.107374936 -14.747852325 0.987982094 0.145591393 0.051908303 130.448486328
0.033940945 0.117683396 -0.992470980 -84.857482910 -0.151854441 0.982120454 0.111262910 -14.739411354 0.987819910 0.146934748 0.051204838 130.503585815
0.031918503 0.122819088 -0.991915643 -85.807807922 -0.153158262 0.981301486 0.116576411 -14.729308128 0.987686038 0.148199156 0.050132431 130.563262939
0.029641220 0.122512497 -0.992024243 -86.758682251 -0.152909905 0.981334567 0.116623476 -14.724352837 0.987795532 0.148233473 0.047821328 130.626068115
0.028559947 0.117369413 -0.992677569 -87.703971863 -0.152904883 0.981908262 0.111696951 -14.718684196 0.987828195 0.148595199 0.045989610 130.683700562
0.026002657 0.112548821 -0.993305922 -88.648826599 -0.157063738 0.981760859 0.107129082 -14.707275391 0.987246096 0.153226703 0.043205727 130.742156982
0.024864232 0.110520504 -0.993562758 -89.593116760 -0.154955208 0.982284248 0.105388105 -14.703802109 0.987608612 0.151337340 0.041549467 130.803024292
0.024463492 0.111681513 -0.993443012 -90.561126709 -0.150257081 0.982862294 0.106791995 -14.705562592 0.988344193 0.146659344 0.040825181 130.852523804
0.024041500 0.112955041 -0.993309200 -91.510520935 -0.147336394 0.983146787 0.108233355 -14.702101707 0.988794208 0.143748492 0.040278707 130.908874512
0.022781191 0.112895876 -0.993345618 -92.459365845 -0.142133430 0.983876348 0.108560026 -14.704389572 0.989585280 0.138714492 0.038460150 130.971130371
0.021544872 0.110056385 -0.993691862 -93.402389526 -0.138042077 0.984730065 0.106070854 -14.705869675 0.990192056 0.134885997 0.036408294 131.030456543
0.020841902 0.106762663 -0.994066000 -94.346893311 -0.132856727 0.985759914 0.103085063 -14.706523895 0.990916133 0.129919842 0.034729250 131.090713501
0.018629156 0.108891301 -0.993879080 -95.340072632 -0.131000504 0.985747933 0.105544992 -14.698956490 0.991207242 0.128232405 0.032628462 131.147903442
0.017301587 0.111195982 -0.993647814 -96.287506104 -0.130411670 0.985557973 0.108019926 -14.695662498 0.991308928 0.127714336 0.031552970 131.201431274
0.016087582 0.109168284 -0.993893027 -97.247680664 -0.126212344 0.986292422 0.106290489 -14.691845894 0.991872787 0.123731628 0.029645443 131.246032715
0.014164764 0.106446676 -0.994217575 -98.198043823 -0.123297714 0.986914754 0.103908166 -14.693897247 0.992268562 0.121112935 0.027104048 131.289520264
0.010481530 0.103733152 -0.994549930 -99.168815613 -0.122083962 0.987296641 0.101689994 -14.688994408 0.992464364 0.120352723 0.023012534 131.339324951
0.007821785 0.102758721 -0.994675517 -100.123886108 -0.116481334 0.988028109 0.101156011 -14.696269035 0.993162036 0.115069911 0.019697614 131.384307861
0.005641758 0.102705866 -0.994695783 -101.082839966 -0.109668903 0.988775015 0.101472504 -14.689002037 0.993952155 0.108514719 0.016842071 131.423263550
0.002996422 0.110565424 -0.993864298 -102.048316956 -0.100053832 0.988914669 0.109713145 -14.688691139 0.994977534 0.099111170 0.014025698 131.485046387
0.000283371 0.118668757 -0.992933810 -103.006149292 -0.092039466 0.988722384 0.118139155 -14.683365822 0.995755374 0.091355622 0.011202384 131.536483765
-0.002248556 0.118486069 -0.992953181 -103.959938049 -0.087798849 0.989097655 0.118224822 -14.677886009 0.996135771 0.087445974 0.008178896 131.575027466
-0.005308014 0.108011097 -0.994135499 -104.914146423 -0.088481538 0.990199447 0.108055860 -14.673397064 0.996063650 0.088536203 0.004300993 131.608474731
-0.007486849 0.098615780 -0.995097458 -105.861221313 -0.090315081 0.990991533 0.098888397 -14.671219826 0.995885074 0.090612657 0.001487088 131.641952515
-0.007685184 0.099951908 -0.994962513 -106.823959351 -0.097516775 0.990174532 0.100224130 -14.670001984 0.995204151 0.097795777 0.002137313 131.653854370
-0.008402689 0.109515607 -0.993949533 -107.787933350 -0.101007283 0.988807738 0.109802984 -14.661275864 0.994850218 0.101318784 0.002753230 131.684692383
-0.009952467 0.120874584 -0.992617905 -108.751152039 -0.104977243 0.987055361 0.121249765 -14.648766518 0.994424760 0.105409034 0.002865446 131.709701538
-0.011332574 0.122629397 -0.992387772 -109.693199158 -0.112070642 0.986042857 0.123125114 -14.638472557 0.993635654 0.112612881 0.002568750 131.735763550
-0.010839983 0.119469069 -0.992778718 -110.678527832 -0.119380258 0.985581458 0.119906455 -14.617991447 0.992789447 0.119817950 0.003578565 131.747848511
-0.010997402 0.115458898 -0.993251383 -111.633499146 -0.127470627 0.985045493 0.115916416 -14.604376793 0.991781414 0.127885163 0.003884680 131.767059326
-0.008627050 0.117465466 -0.993039489 -112.600128174 -0.132114142 0.984237134 0.117572002 -14.584822655 0.991196990 0.132208869 0.007027787 131.785720825
-0.007324081 0.118451893 -0.992932796 -113.581390381 -0.140106946 0.983043134 0.118305571 -14.565225601 0.990109205 0.139983237 0.009396045 131.806976318
-0.006894199 0.121250786 -0.992597997 -114.544853210 -0.149375156 0.981359541 0.120915458 -14.548731804 0.988756478 0.149103105 0.011346166 131.824371338
-0.006694149 0.123501167 -0.992321849 -115.518768311 -0.154877812 0.980241477 0.123042494 -14.528365135 0.987910926 0.154512331 0.012565710 131.847625732
-0.006169913 0.122912928 -0.992398262 -116.491752625 -0.158404559 0.979766607 0.122333251 -14.517206192 0.987354994 0.157955199 0.013424889 131.878204346
-0.004650073 0.113469750 -0.993530571 -117.446601868 -0.157395408 0.981074154 0.112783782 -14.518966675 0.987524688 0.156901583 0.013297551 131.907257080
-0.003150907 0.101791255 -0.994800746 -118.398773193 -0.160595506 0.981841803 0.100973919 -14.507810593 0.987015307 0.160078675 0.013253529 131.939041138
