1.000000000 0.000000000 0.000000000 0.000000000 0.000000000 1.000000000 0.000000000 0.000000000 0.000000000 0.000000000 1.000000000 0.000000000
0.999997914 -0.001548222 -0.001338900 0.049559947 0.001545383 0.999996543 -0.002119057 -0.132730216 0.001342176 0.002116983 0.999996841 1.297722816
0.999997318 -0.000072221 -0.002303738 0.106718689 0.000057775 0.999980330 -0.006270104 -0.268462151 0.002304146 0.006269953 0.999977708 2.604700804
0.999995947 0.002440684 -0.001465107 0.150442988 -0.002452135 0.999966085 -0.007865311 -0.406061083 0.001445861 0.007868872 0.999967933 3.908803701
0.999983668 0.005700250 0.000103648 0.194886073 -0.005699444 0.999962151 -0.006581870 -0.544799566 -0.000141162 0.006581172 0.999978364 5.221914768
0.999975741 0.006583031 0.002278486 0.244395971 -0.006575517 0.999972939 -0.003289556 -0.688456178 -0.002300079 0.003274494 0.999992013 6.540802956
0.999961019 0.006779075 0.005653537 0.300023675 -0.006768214 0.999975264 -0.001938179 -0.826255620 -0.005666536 0.001899839 0.999982178 7.843519211
0.999944985 0.005339571 0.009044874 0.355078012 -0.005322869 0.999984086 -0.001869671 -0.958898902 -0.009054714 0.001821423 0.999957323 9.146939278
0.999915600 0.003987394 0.012366241 0.432928503 -0.003965401 0.999990523 -0.001802495 -1.095792413 -0.012373309 0.001753306 0.999921918 10.446733475
0.999871314 0.002763250 0.015798094 0.497001410 -0.002722986 0.999992967 -0.002569578 -1.233674049 -0.015805079 0.002526230 0.999871850 11.757512093
0.999813974 0.001691891 0.019211929 0.573615849 -0.001627418 0.999993026 -0.003371035 -1.370009661 -0.019217495 0.003339142 0.999809742 13.051780701
0.999745011 0.001624166 0.022523822 0.641809464 -0.001548317 0.999993086 -0.003384520 -1.520211816 -0.022529164 0.003348784 0.999740541 14.377786636
0.999662995 0.001589205 0.025910575 0.726626873 -0.001476356 0.999989331 -0.004373879 -1.658471465 -0.025917247 0.004334152 0.999654770 15.673213005
0.999573231 0.002414224 0.029113200 0.807687700 -0.002289599 0.999988019 -0.004313285 -1.796551466 -0.029123267 0.004244787 0.999566734 16.976543427
0.999478817 0.001994743 0.032219008 0.899080276 -0.001870451 0.999990761 -0.003887395 -1.936025620 -0.032226454 0.003825105 0.999473274 18.262207031
0.999412656 0.000532737 0.034264442 1.000037432 -0.000409124 0.999993384 -0.003614550 -2.078724146 -0.034266140 0.003598409 0.999406278 19.562276840
0.999343634 -0.001979636 0.036171261 1.092262030 0.002155214 0.999986112 -0.004815727 -2.220103502 -0.036161229 0.004890522 0.999334037 20.839794159
0.999309659 -0.001710985 0.037111886 1.193762064 0.001957768 0.999976218 -0.006614372 -2.360424995 -0.037099689 0.006682463 0.999289155 22.144556046
0.999258578 -0.001651122 0.038464032 1.275828600 0.002014397 0.999953747 -0.009407718 -2.503176451 -0.038446721 0.009478224 0.999215662 23.431802750
0.999225557 -0.001200684 0.039328624 1.379706383 0.001627034 0.999940217 -0.010810474 -2.645688295 -0.039313290 0.010866092 0.999167860 24.718259811
0.999185443 -0.000530738 0.040351994 1.481477976 0.000987340 0.999935746 -0.011296360 -2.793331385 -0.040343408 0.011326999 0.999121666 25.988019943
0.999165654 -0.002134030 0.040785622 1.579995871 0.002559403 0.999942958 -0.010380136 -2.939368486 -0.040761147 0.010475861 0.999113977 27.281393051
0.999160945 -0.005079482 0.040641483 1.684630156 0.005456515 0.999943137 -0.009171506 -3.086703062 -0.040592581 0.009385573 0.999131680 28.559263229
0.999184847 -0.006641132 0.039818186 1.780503154 0.007027708 0.999929428 -0.009576424 -3.233589888 -0.039751779 0.009848450 0.999161065 29.850786209
0.999195755 -0.008368013 0.039215285 1.882891536 0.008851153 0.999886751 -0.012162770 -3.378456116 -0.039109077 0.012500090 0.999156773 31.115629196
0.999234915 -0.008520934 0.038170677 1.994680762 0.008994497 0.999884427 -0.012251959 -3.526998281 -0.038061865 0.012585910 0.999196231 32.403812408
0.999255717 -0.009057078 0.037496157 2.092027664 0.009536888 0.999874651 -0.012637217 -3.671952963 -0.037376992 0.012985409 0.999216855 33.672100067
0.999264121 -0.009489784 0.037163045 2.186141014 0.009965152 0.999870479 -0.012627217 -3.817066908 -0.037038401 0.012988260 0.999229372 34.936382294
0.999268055 -0.009875716 0.036956850 2.273059845 0.010371012 0.999858618 -0.013234432 -3.959815025 -0.036820922 0.013608025 0.999229193 36.193996429
0.999315023 -0.010618352 0.035451166 2.391985416 0.011091889 0.999851525 -0.013187571 -4.121204376 -0.035305873 0.013571758 0.999284387 37.483287811
0.999314845 -0.010188413 0.035583168 2.479517937 0.010602466 0.999878049 -0.011466915 -4.266193390 -0.035461999 0.011836326 0.999300897 38.747070312
0.999273360 -0.010205785 0.036723707 2.577656507 0.010594084 0.999889851 -0.010394556 -4.403621674 -0.036613576 0.010776054 0.999271393 40.010295868
0.999194682 -0.011979492 0.038296986 2.688935757 0.012327489 0.999884665 -0.008863601 -4.544262409 -0.038186397 0.009328566 0.999227047 41.257316589
0.999078333 -0.013053397 0.040891547 2.781241894 0.013471320 0.999859631 -0.009961518 -4.689697742 -0.040755767 0.010503196 0.999113917 42.520397186
0.998956144 -0.014242608 0.043403361 2.877380133 0.014825911 0.999803603 -0.013147044 -4.838079929 -0.043207586 0.013776813 0.998971105 43.767910004
0.998853326 -0.015346769 0.045348186 2.984608412 0.016003881 0.999771595 -0.014162928 -4.986809254 -0.045120467 0.014872433 0.998870850 45.034744263
0.998732805 -0.015589384 0.047850780 3.113232136 0.016224299 0.999785066 -0.012908993 -5.121299744 -0.047639251 0.013668981 0.998771071 46.273307800
0.998517454 -0.016809918 0.051771473 3.210306883 0.017329860 0.999803662 -0.009610648 -5.274451733 -0.051599760 0.010493593 0.998612642 47.529518127
0.998243153 -0.019729951 0.055869129 3.318054676 0.020175347 0.999768972 -0.007419274 -5.415316582 -0.055709839 0.008533418 0.998410523 48.746479034
0.997999251 -0.021772074 0.059357535 3.453143597 0.022285584 0.999719620 -0.008002862 -5.551753044 -0.059166651 0.009309671 0.998204708 50.005722046
0.997735858 -0.025214251 0.062348709 3.601104736 0.025998820 0.999592304 -0.011804349 -5.685188293 -0.062025648 0.013398617 0.997984707 51.230697632
0.997433484 -0.026152372 0.066651709 3.728824615 0.027003495 0.999564409 -0.011900815 -5.820878029 -0.066311449 0.013670102 0.997705340 52.470722198
0.997080982 -0.028642969 0.070774972 3.856301785 0.029377950 0.999524474 -0.009365536 -5.960511684 -0.070473067 0.011417421 0.997448325 53.689487457
0.996811986 -0.031253688 0.073410556 4.019576550 0.031776845 0.999477148 -0.005969053 -6.094234943 -0.073185608 0.008282779 0.997283995 54.882530212
0.996526361 -0.033732139 0.076140329 4.149149418 0.034171268 0.999405921 -0.004471472 -6.226378918 -0.075944267 0.007057751 0.997087061 56.131225586
0.996350765 -0.036858432 0.076984189 4.311849594 0.037048556 0.999312937 -0.001042399 -6.350220680 -0.076892883 0.003890748 0.997031689 57.333965302
0.996167183 -0.039327733 0.078129694 4.445732594 0.039453417 0.999221325 -0.000064974 -6.473325253 -0.078066312 0.003147208 0.996943116 58.558490753
0.996136785 -0.041106693 0.077599064 4.594996452 0.041489944 0.999133289 -0.003332468 -6.597159863 -0.077394821 0.006539176 0.996979058 59.751804352
0.996123254 -0.042336576 0.077110909 4.740533352 0.043040685 0.999045193 -0.007491387 -6.730030060 -0.076720119 0.010781252 0.996994317 60.954681396
0.996148467 -0.043522306 0.076119274 4.879304886 0.044525709 0.998941600 -0.011534180 -6.859804630 -0.075536698 0.014879018 0.997031987 62.135681152
0.996140957 -0.046010554 0.074740089 5.018214226 0.047171935 0.998790801 -0.013847834 -6.995828629 -0.074012570 0.017320031 0.997106910 63.354789734
0.996308565 -0.046061438 0.072438180 5.160846233 0.047173519 0.998792529 -0.013716158 -7.129984379 -0.071718924 0.017082693 0.997278571 64.530143738
0.996509671 -0.045285210 0.070126288 5.288583279 0.046324007 0.998838603 -0.013257756 -7.272465229 -0.069444463 0.016460020 0.997449934 65.746650696
0.996764660 -0.044503320 0.066930234 5.413223267 0.045357246 0.998906970 -0.011292677 -7.403533936 -0.066354498 0.014291912 0.997693658 66.922370911
0.997169256 -0.040591802 0.063291311 5.533512115 0.041147709 0.999124885 -0.007504059 -7.538259029 -0.062931322 0.010087109 0.997966886 68.117630005
0.997455597 -0.038548376 0.059970059 5.653793335 0.038941916 0.999226809 -0.005406959 -7.663440704 -0.059715267 0.007728551 0.998185515 69.300880432
0.997656286 -0.037462045 0.057258047 5.759839535 0.038011059 0.999240935 -0.008529224 -7.798443317 -0.056895059 0.010685673 0.998323023 70.465812683
0.997839928 -0.037572101 0.053885579 5.872579575 0.038455516 0.999140859 -0.015451808 -7.934430599 -0.053258728 0.017490627 0.998427570 71.649955750
0.997864902 -0.041568752 0.050375674 5.983893871 0.042531189 0.998929679 -0.018185835 -8.072211266 -0.049565785 0.020289546 0.998564839 72.820983887
0.997905672 -0.045451693 0.046025503 6.096272945 0.046108969 0.998847604 -0.013320723 -8.209544182 -0.045367017 0.015415014 0.998851418 73.986053467
0.997911394 -0.049452789 0.041560460 6.205318451 0.049833339 0.998724103 -0.008170458 -8.337869644 -0.041103378 0.010224488 0.999102533 75.143943787
0.997964084 -0.051565174 0.037533436 6.300148964 0.051805474 0.998642266 -0.005457477 -8.466346741 -0.037201069 0.007390804 0.999280453 76.335502625
0.998153448 -0.050760806 0.033362675 6.392105103 0.050888386 0.998699903 -0.002985429 -8.591587067 -0.033167761 0.004677688 0.999438822 77.493766785
0.998284161 -0.050621893 0.029429980 6.485413551 0.050724417 0.998708904 -0.002747291 -8.712231636 -0.029252911 0.004235397 0.999563038 78.647430420
0.998431504 -0.049250305 0.026622934 6.555314064 0.049394466 0.998767912 -0.004784425 -8.839060783 -0.026354501 0.006091947 0.999634087 79.809036255
0.998631895 -0.046775285 0.023372265 6.633160114 0.047017697 0.998844743 -0.009931704 -8.965853691 -0.022880707 0.011017028 0.999677479 80.953071594
0.998551786 -0.050146997 0.019480936 6.716430664 0.050437804 0.998618543 -0.014734348 -9.106653214 -0.018715139 0.015695583 0.999701679 82.119239807
0.998408794 -0.053757060 0.017036865 6.776917458 0.054024588 0.998416960 -0.015651343 -9.234916687 -0.016168524 0.016546847 0.999732375 83.244926453
0.998450756 -0.054112777 0.012951948 6.851059914 0.054269977 0.998452842 -0.012110000 -9.363524437 -0.012276603 0.012794142 0.999842763 84.384086609
0.998443723 -0.054907177 0.009767114 6.924137592 0.055002727 0.998438239 -0.009798130 -9.492087364 -0.009213872 0.010320101 0.999904275 85.507293701
0.998602509 -0.051916339 0.009883209 6.960488796 0.052027237 0.998581588 -0.011315109 -9.622993469 -0.009281752 0.011813494 0.999887168 86.666687012
0.998790145 -0.048231341 0.009582603 7.015014648 0.048368581 0.998722255 -0.014646808 -9.748819351 -0.008863922 0.015092585 0.999846816 87.786628723
0.998865068 -0.046963628 0.007932546 7.083731651 0.047096577 0.998737097 -0.017497975 -9.874892235 -0.007100759 0.017851710 0.999815404 88.882827759
0.998813152 -0.048143290 0.007396462 7.129663467 0.048267625 0.998678207 -0.017667143 -10.019353867 -0.006536132 0.018003182 0.999816537 90.036064148
0.998763263 -0.049352158 0.006018114 7.185077190 0.049437504 0.998665035 -0.014970079 -10.149512291 -0.005271276 0.015249087 0.999869764 91.152000427
0.998712480 -0.050466519 0.005142267 7.239002705 0.050526440 0.998647273 -0.012276386 -10.279492378 -0.004515764 0.012520400 0.999911368 92.268028259
0.998717368 -0.050445538 0.004338291 7.308550835 0.050493374 0.998655558 -0.011734544 -10.401672363 -0.003740503 0.011938551 0.999921739 93.397293091
0.998685241 -0.051069323 0.004428606 7.357189178 0.051126853 0.998593569 -0.014029824 -10.527353287 -0.003705883 0.014237799 0.999891818 94.506271362
0.998677850 -0.051277861 0.003645144 7.421695709 0.051334657 0.998524308 -0.017717490 -10.657938004 -0.002731250 0.017881183 0.999836385 95.615112305
0.998653114 -0.051754158 0.003672232 7.468879223 0.051814541 0.998478115 -0.018887339 -10.792813301 -0.002689145 0.019052172 0.999814868 96.719642639
0.998609781 -0.052607737 0.003303757 7.529976845 0.052656844 0.998465598 -0.017141961 -10.924838066 -0.002396888 0.017292095 0.999847651 97.804824829
0.998663843 -0.051499687 0.004302462 7.577464581 0.051548615 0.998596430 -0.012163021 -11.043406487 -0.003670032 0.012368554 0.999916792 98.894195557
0.998737574 -0.049912665 0.005652437 7.629068851 0.049960684 0.998713374 -0.008701038 -11.163697243 -0.005210873 0.008972451 0.999946177 99.956886292
0.998826802 -0.047806010 0.007721259 7.677656174 0.047872514 0.998815954 -0.008671249 -11.285763741 -0.007297579 0.009030712 0.999932587 101.028068542
0.998897076 -0.045964155 0.009589510 7.732692719 0.046063412 0.998884439 -0.010399837 -11.407052994 -0.009100792 0.010830093 0.999899924 102.066459656
0.998853207 -0.046284702 0.012242489 7.789156437 0.046438430 0.998841882 -0.012585627 -11.530607224 -0.011645787 0.013139716 0.999845862 103.087402344
0.998746336 -0.047985200 0.014254896 7.833643913 0.048182249 0.998742998 -0.013817694 -11.638734818 -0.013573931 0.014487204 0.999802887 104.090972900
0.998626709 -0.049904790 0.015944250 7.900460720 0.050114974 0.998657942 -0.013066041 -11.752767563 -0.015270793 0.013847145 0.999787509 105.073135376
0.998588324 -0.050064787 0.017742315 7.957390785 0.050281748 0.998663008 -0.012000660 -11.868251801 -0.017117782 0.012875834 0.999770582 106.054443359
0.998534799 -0.050880555 0.018424343 8.038837433 0.051076952 0.998641014 -0.010350675 -11.974765778 -0.017872658 0.011276566 0.999776661 106.979248047
0.998454511 -0.051680200 0.020443780 8.097408295 0.051902223 0.998597205 -0.010482581 -12.084229469 -0.019873360 0.011527457 0.999736011 107.895347595
0.998446763 -0.051193424 0.021983018 8.160872459 0.051400650 0.998637795 -0.008966511 -12.182786942 -0.021494050 0.010082526 0.999718070 108.797164917
0.998449385 -0.050156027 0.024145549 8.217838287 0.050338916 0.998707473 -0.007026923 -12.279444695 -0.023761895 0.008231487 0.999683797 109.665885925
0.998417318 -0.050388549 0.024974793 8.285492897 0.050497442 0.998717129 -0.003748310 -12.381011009 -0.024753882 0.005003541 0.999681056 110.516433716
0.998362780 -0.050500307 0.026859274 8.344853401 0.050615005 0.998711705 -0.003607487 -12.473246574 -0.026642492 0.004961063 0.999632716 111.342002869
0.998385489 -0.049479395 0.027893769 8.399011612 0.049576715 0.998766303 -0.002807850 -12.563533783 -0.027720422 0.004186199 0.999606967 112.146011353
0.998486340 -0.047111697 0.028379213 8.453016281 0.047208384 0.998881280 -0.002746484 -12.641920090 -0.028218076 0.004082063 0.999593496 112.925186157
0.998623073 -0.044631332 0.027568672 8.500870705 0.044629995 0.999003291 0.000664350 -12.722489357 -0.027570847 0.000566954 0.999619722 113.676490784
0.998704791 -0.044553101 0.024569452 8.550032616 0.044526935 0.999006808 0.001611079 -12.805559158 -0.024616830 -0.000514990 0.999696791 114.424118042
0.998840928 -0.044524521 0.018285947 8.587104797 0.044500906 0.999007881 0.001696941 -12.879603386 -0.018343357 -0.000881233 0.999831319 115.119567871
0.999032557 -0.043279614 0.007797241 8.617989540 0.043272965 0.999062717 0.001019871 -12.958486557 -0.007834075 -0.000681475 0.999969065 115.788307190
0.999173760 -0.040233716 -0.005741168 8.617262840 0.040220588 0.999187946 -0.002383693 -13.022078514 0.005832413 0.002150810 0.999980688 116.426383972
0.998917699 -0.039022222 -0.025307806 8.624506950 0.038914237 0.999231398 -0.004745509 -13.090944290 0.025473531 0.003755539 0.999668419 117.049118042
0.998168230 -0.037267290 -0.047659598 8.591777802 0.036970306 0.999291182 -0.007097973 -13.159667969 0.047890335 0.005322981 0.998838425 117.636322021
0.996517777 -0.035828248 -0.075291276 8.551473618 0.035261981 0.999339104 -0.008837377 -13.227928162 0.075558133 0.006151683 0.997122347 118.201766968
0.993647993 -0.033434611 -0.107451573 8.483785629 0.032448113 0.999413788 -0.010916606 -13.294956207 0.107753575 0.007360662 0.994150341 118.746597290
0.989330709 -0.029151758 -0.142740637 8.374486923 0.027660161 0.999540150 -0.012423246 -13.357820511 0.143037170 0.008342471 0.989682138 119.287841797
0.983196616 -0.022992808 -0.181096062 8.265560150 0.021233456 0.999706686 -0.011647974 -13.421062469 0.181310788 0.007606950 0.983396351 119.791831970
0.974727571 -0.017670358 -0.222696960 8.126918793 0.015945259 0.999827325 -0.009542201 -13.479676247 0.222827137 0.005750085 0.974841058 120.295829773
0.963520586 -0.012931868 -0.267321527 7.954351425 0.011214834 0.999905527 -0.007948935 -13.537776947 0.267399073 0.004660996 0.963574588 120.791465759
0.949411154 -0.006735879 -0.313963532 7.763622284 0.004287614 0.999954760 -0.008487823 -13.593591690 0.314006507 0.006712279 0.949397087 121.254829407
0.931962013 0.001056549 -0.362554431 7.536754608 -0.004846677 0.999942720 -0.009544585 -13.648940086 0.362523586 0.010652374 0.931913674 121.741523743
0.911069632 0.005925900 -0.412209868 7.285224915 -0.011101805 0.999886751 -0.010162997 -13.703070641 0.412102997 0.013835473 0.911032140 122.163253784
0.886074662 0.010145442 -0.463431537 7.018791199 -0.016108155 0.999830604 -0.008910283 -13.755818367 0.463262588 0.015360204 0.886087954 122.577560425
0.857185483 0.013473861 -0.514831424 6.735206604 -0.020947523 0.999742627 -0.008712602 -13.799344063 0.514581561 0.018252762 0.857247114 122.975807190
0.825628519 0.023143934 -0.563739240 6.409927368 -0.031534027 0.999489427 -0.005150032 -13.852136612 0.563332260 0.022028983 0.825936675 123.348999023
0.791782677 0.035951827 -0.609744132 6.069057465 -0.044188097 0.999022067 0.001524091 -13.893183708 0.609202683 0.025736678 0.792596877 123.694152832
0.755864441 0.044631884 -0.653205216 5.714103699 -0.055615559 0.998444796 0.003865010 -13.930793762 0.652361870 0.033406943 0.757171154 124.010711670
0.715894163 0.048340835 -0.696533382 5.346664429 -0.062594242 0.998026907 0.004930996 -13.976673126 0.695397377 0.040068906 0.717507482 124.314361572
0.673758209 0.050284173 -0.737239003 4.967090607 -0.065433055 0.997822821 0.008258702 -14.025514603 0.736049294 0.042675439 0.675581455 124.595565796
0.630095541 0.053925999 -0.774642885 4.562911987 -0.068797931 0.997539461 0.013482394 -14.061068535 0.773463964 0.044798624 0.632255197 124.858963013
0.585309863 0.062611975 -0.808388650 4.137149811 -0.080077633 0.996603429 0.019209927 -14.092299461 0.806845725 0.053490080 0.588335693 125.087600708
0.539566517 0.071591981 -0.838893712 3.695007324 -0.091327071 0.995475829 0.026214354 -14.120185852 0.836975098 0.062469311 0.543663740 125.301948547
0.493055552 0.076770127 -0.866604090 3.242145538 -0.097261555 0.994718790 0.032782391 -14.146046638 0.864544094 0.068123713 0.497918338 125.501113892
0.445784807 0.078166954 -0.891720772 2.780605316 -0.096279122 0.994587898 0.039052736 -14.173074722 0.889947295 0.068444960 0.450898081 125.682228088
0.398956120 0.079536952 -0.913514018 2.307140350 -0.093612932 0.994558752 0.045709990 -14.190849304 0.912179053 0.067280442 0.404231012 125.853050232
0.352804422 0.082994983 -0.932009041 1.806224823 -0.095511034 0.994050086 0.052364793 -14.218542099 0.930809677 0.070542634 0.358632147 126.006439209
0.309388936 0.086209372 -0.947019756 1.306907654 -0.101136491 0.993216753 0.057373766 -14.236864090 0.945542037 0.078027435 0.316009283 126.121795654
0.268002003 0.087545663 -0.959432423 0.786382675 -0.105823204 0.992511868 0.061004080 -14.251274109 0.957588732 0.085180998 0.275259614 126.223609924
0.228417769 0.084374793 -0.969900131 0.259418488 -0.106334768 0.992439449 0.061293051 -14.270771980 0.967738748 0.089133680 0.235662788 126.329154968
0.193460330 0.079047658 -0.977918506 -0.279727936 -0.101510428 0.993012190 0.060186047 -14.288887978 0.975842595 0.087625317 0.200132623 126.419097900
0.162943766 0.073731124 -0.983876586 -0.827610016 -0.098837912 0.993407369 0.058076411 -14.308309555 0.981672168 0.087781101 0.169156969 126.500961304
0.136754751 0.072345264 -0.987959623 -1.395708084 -0.099989325 0.993244171 0.058891568 -14.328175545 0.985545695 0.090731725 0.143064573 126.566909790
0.114753880 0.071613260 -0.990809321 -1.987774849 -0.100255847 0.993140697 0.060170278 -14.340683937 0.988321900 0.092429653 0.121146366 126.625419617
0.095708795 0.073171273 -0.992716372 -2.581235886 -0.102769285 0.992691576 0.063261360 -14.357497215 0.990090013 0.095966078 0.102529079 126.686912537
0.079885803 0.070951454 -0.994275630 -3.191213608 -0.103502095 0.992662311 0.062520377 -14.378711700 0.991415858 0.097915135 0.086643256 126.740715027
0.065413237 0.069836892 -0.995411336 -3.810878754 -0.102375425 0.992753744 0.062922858 -14.408216476 0.992592692 0.097789675 0.072088830 126.797264099
0.053505048 0.067428365 -0.996288478 -4.450156212 -0.098041624 0.993251741 0.061957583 -14.429775238 0.993742943 0.094362698 0.059754789 126.838806152
0.041302521 0.065168366 -0.997019112 -5.098738670 -0.095847562 0.993527055 0.060969517 -14.448940277 0.994538784 0.093043655 0.047281403 126.876846313
0.030900013 0.063779794 -0.997485518 -5.767227173 -0.094835937 0.993646860 0.060596533 -14.465976715 0.995013237 0.092725031 0.036752321 126.916213989
0.021130599 0.065339424 -0.997639358 -6.438910007 -0.098117709 0.993180692 0.062969208 -14.488645554 0.994950473 0.096555509 0.027397450 126.940223694
0.012678310 0.065538399 -0.997769535 -7.116808891 -0.101105735 0.992819667 0.063928545 -14.517478943 0.994794965 0.100069717 0.019213581 126.956527710
0.006337130 0.064488940 -0.997898281 -7.806128502 -0.103072904 0.992645144 0.063494883 -14.534472466 0.994653583 0.102453895 0.012937587 126.975410461
0.001273805 0.065167919 -0.997873425 -8.504504204 -0.103856787 0.992486715 0.064683557 -14.550816536 0.994591415 0.103553548 0.008032367 126.993316650
-0.002412727 0.067579120 -0.997710943 -9.227609634 -0.106158808 0.992058575 0.067452990 -14.570259094 0.994346321 0.106078550 0.004780552 127.018867493
-0.003404975 0.071445487 -0.997438610 -9.959449768 -0.108162299 0.991566241 0.071394086 -14.595368385 0.994127452 0.108128354 0.004351449 127.026153564
-0.003843180 0.074768186 -0.997193456 -10.687015533 -0.110836267 0.991024911 0.074732855 -14.608739853 0.993831277 0.110812418 0.004478341 127.029869080
-0.004538520 0.080284879 -0.996761680 -11.428302765 -0.115583748 0.990049064 0.080270484 -14.615714073 0.993287325 0.115573756 0.004786271 127.040451050
-0.005689205 0.084376283 -0.996417701 -12.172261238 -0.118541799 0.989350975 0.084454708 -14.631564140 0.992932796 0.118597619 0.004373499 127.052017212
-0.007244657 0.084560625 -0.996391952 -12.923691750 -0.118365608 0.989340544 0.084822819 -14.646625519 0.992943585 0.118553065 0.002841638 127.074089050
-0.008699249 0.081461675 -0.996638477 -13.667728424 -0.116088234 0.989854932 0.081920475 -14.665376663 0.993200779 0.116410650 0.000845749 127.096389771
-0.009924483 0.077851161 -0.996915638 -14.428130150 -0.119876377 0.989682138 0.078479670 -14.670501709 0.992739201 0.120285496 -0.000489568 127.109252930
-0.011224805 0.079296395 -0.996787846 -15.194677353 -0.124759860 0.988950193 0.080077812 -14.679108620 0.992123604 0.125257984 -0.001207765 127.113151550
-0.013153974 0.082876682 -0.996473014 -15.962705612 -0.121600889 0.989029944 0.083862826 -14.694013596 0.992491961 0.122275144 -0.002931797 127.133354187
-0.015063270 0.082855105 -0.996447742 -16.739810944 -0.120980769 0.989088178 0.084072016 -14.712209702 0.992540598 0.121817403 -0.004875030 127.146682739
-0.016342049 0.082264721 -0.996476531 -17.522050858 -0.123781078 0.988776684 0.083659045 -14.724904060 0.992174983 0.124712102 -0.005975819 127.155151367
-0.016893759 0.081997663 -0.996489346 -18.308963776 -0.128477141 0.988191545 0.083492979 -14.730954170 0.991568565 0.129436582 -0.006159447 127.156379700
-0.017801939 0.086515918 -0.996091425 -19.112947464 -0.130328670 0.987548590 0.088103153 -14.738544464 0.991311014 0.131387636 -0.006304774 127.160644531
-0.018802015 0.090924256 -0.995680392 -19.927127838 -0.128940329 0.987319827 0.092595652 -14.749538422 0.991474092 0.130124331 -0.006839800 127.181762695
-0.017173726 0.093750767 -0.995447576 -20.742719650 -0.129961357 0.986938953 0.095191576 -14.761371613 0.991370320 0.131004497 -0.004765442 127.187774658
-0.016473070 0.092067152 -0.995616496 -21.566366196 -0.129597619 0.987155259 0.093428984 -14.765981674 0.991429806 0.130568594 -0.004329791 127.212417603
-0.015594209 0.092134118 -0.995624423 -22.396846771 -0.129436910 0.987180948 0.093380094 -14.772547722 0.991465032 0.130326748 -0.003468752 127.227943420
-0.014398804 0.091625191 -0.995689452 -23.230794907 -0.128798291 0.987326860 0.092718214 -14.779644966 0.991566300 0.129578128 -0.002415158 127.246253967
-0.013757087 0.093675487 -0.995507717 -24.065023422 -0.129495099 0.987050533 0.094669200 -14.785865784 0.991484702 0.130215764 -0.001448423 127.265518188
-0.013657369 0.095618695 -0.995324314 -24.913009644 -0.131192580 0.986640692 0.096584670 -14.790983200 0.991262794 0.131898269 -0.000930451 127.282333374
-0.013028709 0.098099776 -0.995091200 -25.767959595 -0.133925796 0.986037850 0.098960735 -14.788488388 0.990905702 0.134557724 0.000291288 127.298133850
-0.011569543 0.099059284 -0.995014310 -26.637542725 -0.135664314 0.985724449 0.099711873 -14.782562256 0.990687251 0.136141568 0.002034428 127.313537598
-0.009822376 0.102000222 -0.994735777 -27.507257462 -0.142044008 0.984553814 0.102358736 -14.782157898 0.989811599 0.142301634 0.004817865 127.333610535
-0.007473817 0.105727717 -0.994367003 -28.380792618 -0.147165164 0.983450890 0.105673157 -14.775968552 0.989083707 0.147125989 0.008209305 127.355590820
-0.004738789 0.107892059 -0.994151413 -29.270120621 -0.150069848 0.982826948 0.107378423 -14.769977570 0.988664031 0.149700999 0.011533939 127.378273010
-0.001974941 0.108124226 -0.994135380 -30.152711868 -0.147766203 0.983192503 0.107227586 -14.769924164 0.989020288 0.147111386 0.014035356 127.416351318
0.000819272 0.108265042 -0.994121671 -31.040981293 -0.150894314 0.982752562 0.106902555 -14.767759323 0.988549531 0.149919748 0.017141726 127.452507019
0.002991191 0.112106532 -0.993691683 -31.931951523 -0.151448801 0.982284546 0.110363714 -14.761152267 0.988460600 0.150163293 0.019916598 127.494491577
0.005442250 0.114365093 -0.993423879 -32.841983795 -0.150574312 0.982205510 0.112248726 -14.755863190 0.988583684 0.148973256 0.022565855 127.528388977
0.008261082 0.115607083 -0.993260682 -33.755947113 -0.152227193 0.981862783 0.113014385 -14.745052338 0.988310993 0.150267646 0.025709791 127.563438416
0.009774769 0.113639109 -0.993474007 -34.644084930 -0.152657986 0.982044935 0.110829778 -14.737547874 0.988230765 0.150578395 0.026947174 127.613365173
0.010697365 0.114997834 -0.993308187 -35.551181793 -0.157200381 0.981206119 0.111903802 -14.728466988 0.987508833 0.154951334 0.028574023 127.639320374
0.011812051 0.115768470 -0.993205965 -36.455200195 -0.158523515 0.980930567 0.112452343 -14.725431442 0.987284541 0.156118214 0.029938830 127.677268982
0.011557745 0.111932464 -0.993648529 -37.340713501 -0.158140495 0.981413662 0.108714789 -14.723143578 0.987348914 0.155879572 0.029043984 127.726188660
0.012586205 0.107903868 -0.994081557 -38.238994598 -0.160202309 0.981535614 0.104513682 -14.721866608 0.987003922 0.157938719 0.029640259 127.759796143
0.013015305 0.107498996 -0.994119942 -39.156642914 -0.159710273 0.981663823 0.104061060 -14.724163055 0.987078071 0.157416791 0.029945347 127.810676575
0.012313820 0.111930750 -0.993639708 -40.056159973 -0.161791593 0.980843902 0.108484313 -14.719930649 0.986748219 0.159426674 0.030187391 127.857017517
0.012439860 0.118169963 -0.992915452 -40.964508057 -0.162304565 0.980062485 0.114606842 -14.713512421 0.986662388 0.159729004 0.031371366 127.896102905
0.013032043 0.116947554 -0.993052602 -41.881999969 -0.160046369 0.980576575 0.113377988 -14.718506813 0.987023473 0.157456934 0.031495959 127.941101074
0.013857400 0.106677711 -0.994197130 -42.771697998 -0.159505188 0.981796026 0.103123844 -14.722123146 0.987099886 0.157150567 0.030620785 127.986152649
0.013989080 0.096426785 -0.995241761 -43.666389465 -0.161394954 0.982505322 0.092924222 -14.726808548 0.986790717 0.159327090 0.029307146 128.027801514
0.013272229 0.093122669 -0.995566189 -44.594974518 -0.158306122 0.983292162 0.089864172 -14.732629776 0.987300873 0.156411469 0.027792372 128.073272705
0.013365556 0.103134491 -0.994577706 -45.507072449 -0.151122048 0.983449161 0.099949650 -14.734696388 0.988424778 0.148966715 0.028730236 128.127319336
0.013089017 0.116260678 -0.993132472 -46.448123932 -0.146143585 0.982774377 0.113122009 -14.729046822 0.989176750 0.143659309 0.029854305 128.186233521
0.013141204 0.125541538 -0.992001295 -47.370075226 -0.146533698 0.981617987 0.122286350 -14.721172333 0.989118397 0.143754646 0.031295706 128.234512329
0.013172101 0.120098650 -0.992674589 -48.291366577 -0.146580845 0.982267678 0.116894528 -14.718410492 0.989111006 0.143967345 0.030542688 128.281906128
0.013434350 0.106293641 -0.994244039 -49.212753296 -0.146714598 0.983781517 0.103192694 -14.716630936 0.989087582 0.144483775 0.028811296 128.316268921
0.014031063 0.097626887 -0.995124161 -50.127075195 -0.147185072 0.984582603 0.094517425 -14.716197968 0.989009440 0.145141229 0.028183959 128.361923218
0.014584729 0.097786695 -0.995100558 -51.050899506 -0.146597624 0.984661162 0.094612226 -14.726164818 0.989088714 0.144499466 0.028696314 128.411727905
0.013910681 0.099198498 -0.994970381 -52.003692627 -0.149739861 0.984052241 0.096016437 -14.740381241 0.988627553 0.147651047 0.028542809 128.453140259
0.014399301 0.098701693 -0.995012879 -52.930408478 -0.154293105 0.983416557 0.095318526 -14.742145538 0.987920165 0.152151123 0.029389501 128.490921021
0.014930639 0.098130181 -0.995061636 -53.868873596 -0.155980781 0.983217478 0.094621740 -14.744240761 0.987647295 0.153797686 0.029986495 128.534881592
0.015676143 0.105654210 -0.994279385 -54.825778961 -0.164968684 0.981046915 0.101647176 -14.745189667 0.986174226 0.162431538 0.032808669 128.579238892
0.016992092 0.114778653 -0.993245721 -55.765445709 -0.170354366 0.979196846 0.110240810 -14.734792709 0.985236466 0.167330503 0.036191646 128.622375488
0.018317346 0.123426370 -0.992184699 -56.719745636 -0.170818672 0.978147447 0.118526578 -14.730154037 0.985132158 0.167312577 0.039000589 128.667480469
0.019008081 0.123741955 -0.992132366 -57.671684265 -0.172254160 0.977878988 0.118664041 -14.719032288 0.984869182 0.168643340 0.039902672 128.720352173
0.020880172 0.114407711 -0.993214369 -58.613838196 -0.174166188 0.978657246 0.109069407 -14.718568802 0.984494865 0.170706972 0.040360484 128.764129639
0.021936420 0.109246232 -0.993772686 -59.550907135 -0.172449082 0.979526162 0.103873499 -14.710426331 0.984774113 0.169096559 0.040326711 128.823913574
0.023902506 0.107607536 -0.993906081 -60.522373199 -0.171052530 0.979969442 0.101985008 -14.709150314 0.984971881 0.167572483 0.041830268 128.882736206
0.027026039 0.113086551 -0.993217468 -61.482128143 -0.172433048 0.979214251 0.106800161 -14.701216698 0.984650373 0.168377116 0.045964144 128.946517944
0.031248843 0.115874276 -0.992772162 -62.449218750 -0.175315082 0.978494346 0.108689509 -14.707646370 0.984016299 0.170651525 0.050891321 128.996871948
0.035071883 0.110850126 -0.993218184 -63.403759003 -0.174382657 0.979261816 0.103134826 -14.707382202 0.984053135 0.169582874 0.053674903 129.061431885
0.038188197 0.105095543 -0.993728697 -64.357269287 -0.174361795 0.979899049 0.096932344 -14.712668419 0.983940840 0.169566661 0.055745218 129.133132935
0.042028360 0.104594074 -0.993626535 -65.320915222 -0.172313020 0.980361938 0.095909297 -14.706373215 0.984145164 0.167183861 0.059225932 129.194763184
0.044152364 0.109364443 -0.993020654 -66.268959045 -0.169301972 0.980431855 0.100450382 -14.724224091 0.984574854 0.163685247 0.061803993 129.290145874
0.047992926 0.115911916 -0.992099345 -67.227828979 -0.168725654 0.979911447 0.106325835 -14.722011566 0.984493911 0.162289754 0.066586137 129.368377686
0.050424241 0.119838879 -0.991512060 -68.192199707 -0.166499212 0.979890525 0.109966777 -14.726023674 0.984751344 0.159540981 0.069363303 129.456527710
0.052459929 0.121235728 -0.991236508 -69.177665710 -0.166160956 0.979826152 0.111046314 -14.721183777 0.984702170 0.158879325 0.071546257 129.540771484
0.054545183 0.118712187 -0.991429389 -70.104049683 -0.165072054 0.980317473 0.108299941 -14.724103928 0.984772086 0.157750055 0.073067665 129.620208740
0.055153552 0.117190905 -0.991576612 -71.049369812 -0.163022399 0.980819285 0.106851868 -14.725903511 0.985079587 0.155755937 0.073200412 129.712173462
0.055983860 0.113845818 -0.991919875 -71.995193481 -0.159965292 0.981666863 0.103640623 -14.734544754 0.985533893 0.152870536 0.073168881 129.801574707
0.055457361 0.113266200 -0.992015779 -72.973800659 -0.158328459 0.981971383 0.103268214 -14.725019455 0.985827863 0.151337340 0.072390787 129.892776489
0.055179045 0.117959872 -0.991484165 -73.926239014 -0.155005068 0.981970310 0.108201504 -14.726235390 0.986371458 0.147714615 0.072468571 129.982498169
0.054548070 0.119919419 -0.991284013 -74.885871887 -0.148977339 0.982627630 0.110674351 -14.731830597 0.987334907 0.141641781 0.071465708 130.084457397
0.054123051 0.115132324 -0.991874635 -75.844383240 -0.146218911 0.983536780 0.106185868 -14.716416359 0.987770498 0.139283717 0.070066534 130.165924072
0.052215189 0.111088343 -0.992437899 -76.807098389 -0.148132443 0.983660996 0.102312230 -14.716336250 0.987588167 0.141669989 0.067817830 130.254592896
0.051076476 0.108421676 -0.992792070 -77.756103516 -0.144607231 0.984416246 0.100067310 -14.719264030 0.988169968 0.138453797 0.065959074 130.339096069
0.049721599 0.109038703 -0.992793202 -78.720672607 -0.144776627 0.984310806 0.100856304 -14.719183922 0.988214314 0.138718486 0.064727753 130.412765503
0.049095374 0.110263102 -0.992689133 -79.682075500 -0.146288618 0.983963251 0.102058873 -14.719573975 0.988022923 0.140208468 0.064438261 130.488891602
0.047620770 0.110413060 -0.992744327 -80.635520935 -0.147749647 0.983717501 0.102321744 -14.720606804 0.987877727 0.141804948 0.063158885 130.566650391
0.046111390 0.111435875 -0.992701232 -81.584724426 -0.147631183 0.983606040 0.103557356 -14.723765373 0.987967014 0.141778469 0.061806858 130.639160156
0.044011209 0.111835353 -0.992751658 -82.547470093 -0.147768915 0.983512878 0.104243614 -14.725167274 0.988042176 0.142109960 0.059811376 130.713577271
0.042336922 0.113738872 -0.992608130 -83.505958557 -0.147134319 0.983376443 0.106405467 -14.713959694 0.988210022 0.141541809 0.058368023 130.792526245
0.040877320 0.117251150 -0.992260635 -84.459754944 -0.148439571 0.982782841 0.110016078 -14.704831123 0.988076270 0.142793581 0.057578240 130.854583740
0.038601596 0.122296870 -0.991742551 -85.408409119 -0.149725050 0.981985688 0.115265980 -14.696124077 0.987973809 0.144039243 0.056217130 130.923599243
0.036433168 0.122226894 -0.991833210 -86.357437134 -0.149563223 0.981980801 0.115518801 -14.693389893 0.988080680 0.144133031 0.054057304 130.989547729
0.035616651 0.117137305 -0.992476881 -87.302558899 -0.149844706 0.982505918 0.110583067 -14.688762665 0.988067806 0.144778818 0.052545972 131.051422119
0.032926206 0.112268031 -0.993132412 -88.250732422 -0.153723955 0.982416034 0.105960071 -14.676145554 0.987565100 0.149179369 0.049605526 131.116012573
0.031735960 0.110099733 -0.993413746 -89.194610596 -0.151634827 0.982940078 0.104094751 -14.672871590 0.987926960 0.147332549 0.047889490 131.183502197
0.031259630 0.111257218 -0.993299842 -90.163230896 -0.146769971 0.983523846 0.105543286 -14.674338341 0.988676608 0.142487347 0.047073815 131.240509033
0.030774387 0.112610810 -0.993162513 -91.111732483 -0.143865675 0.983785748 0.107089765 -14.672577858 0.989118576 0.139586374 0.046476237 131.303909302
0.029652128 0.112477213 -0.993211746 -92.059692383 -0.138434321 0.984535098 0.107361674 -14.675969124 0.989927590 0.134311125 0.044764269 131.373504639
0.028220493 0.109550655 -0.993580520 -93.000137329 -0.134303719 0.985379517 0.104831822 -14.678567886 0.990538239 0.130483150 0.042520963 131.441833496
0.027834559 0.106421396 -0.993931353 -93.945861816 -0.129324242 0.986343622 0.101987295 -14.681273460 0.991211534 0.125700668 0.041217308 131.504287720
0.025931217 0.109303892 -0.993670106 -94.926223755 -0.127656698 0.986228347 0.105153918 -14.686402321 0.991479397 0.124121882 0.039527476 131.561569214
0.024810033 0.111555532 -0.993448436 -95.873832703 -0.127088562 0.986043394 0.107550144 -14.683158875 0.991581082 0.123587638 0.038641207 131.618667603
0.023226596 0.109281905 -0.993739486 -96.832901001 -0.122834630 0.986787975 0.105646454 -14.678366661 0.992155373 0.119611800 0.036343329 131.674743652
0.021128871 0.106281407 -0.994111657 -97.780639648 -0.120016336 0.987412810 0.103014424 -14.678165436 0.992547035 0.117133066 0.033618420 131.727462769
0.017125607 0.104124770 -0.994416773 -98.747085571 -0.118943222 0.987712383 0.101374350 -14.682386398 0.992753327 0.116543025 0.029300112 131.786788940
0.014477137 0.103211187 -0.994554102 -99.701614380 -0.113380633 0.988412499 0.100923434 -14.690709114 0.993446052 0.111302078 0.026011534 131.838150024
0.012300950 0.103386588 -0.994565129 -100.659393311 -0.106707029 0.989096403 0.101498336 -14.685832024 0.994214416 0.104878567 0.023198903 131.882598877
0.009677904 0.112149417 -0.993644238 -101.621948242 -0.097661398 0.989046156 0.110679254 -14.698906898 0.995172620 0.095969521 0.020524565 131.946594238
0.007328568 0.120431520 -0.992694557 -102.579284668 -0.089575216 0.988809347 0.119298905 -14.693925858 0.995953083 0.088046536 0.018034237 132.001815796
0.004386789 0.119996518 -0.992764592 -103.532943726 -0.085391425 0.989192903 0.119187482 -14.686259270 0.996337771 0.084250718 0.014586052 132.050155640
0.001670118 0.110147879 -0.993913829 -104.486198425 -0.086528279 0.990203321 0.109591290 -14.687439919 0.996247947 0.085818619 0.011184664 132.084243774
-0.000420118 0.100968055 -0.994889617 -105.433105469 -0.088433161 0.990988016 0.100609444 -14.685009003 0.996082008 0.088023491 0.008512593 132.123733521
-0.000775345 0.102683440 -0.994713843 -106.393142700 -0.095874451 0.990124226 0.102284402 -14.687260628 0.995393157 0.095446937 0.009077031 132.144958496
-0.001717032 0.111068547 -0.993811369 -107.357734680 -0.098401055 0.988970816 0.110697590 -14.664375305 0.995145321 0.097982153 0.009231169 132.184539795
-0.003177748 0.122645028 -0.992445469 -108.320846558 -0.102470413 0.987186313 0.122323215 -14.652218819 0.994731009 0.102085002 0.009430456 132.214889526
-0.004817688 0.124092668 -0.992258906 -109.271911621 -0.109281100 0.986262202 0.123873278 -14.637191772 0.993999243 0.109031908 0.008809477 132.247787476
-0.004602837 0.120652348 -0.992684066 -110.261497498 -0.116272949 0.985896766 0.120366521 -14.613899231 0.993206739 0.115976319 0.009490682 132.270126343
-0.004946230 0.116674379 -0.993157864 -111.215019226 -0.124255121 0.985401332 0.116381988 -14.599557877 0.992237985 0.123980612 0.009623368 132.297576904
-0.002448414 0.118663616 -0.992931485 -112.183319092 -0.128881276 0.984616041 0.117987633 -14.578770638 0.991656959 0.128259152 0.012882771 132.319610596
-0.001242889 0.120019384 -0.992770731 -113.170700073 -0.136650637 0.983438253 0.119062223 -14.560830116 0.990618467 0.135810748 0.015178416 132.348907471
-0.000766456 0.122696377 -0.992444038 -114.134109497 -0.145948455 0.981803596 0.121493630 -14.542815208 0.989291906 0.144938797 0.017154839 132.371612549
-0.000574910 0.124933645 -0.992164969 -115.107261658 -0.151457131 0.980708420 0.123578809 -14.521346092 0.988463700 0.150341481 0.018358273 132.401412964
-0.000490025 0.124247216 -0.992251158 -116.088409424 -0.154985905 0.980252147 0.122821271 -14.508207321 0.987916589 0.153845131 0.018776223 132.445816040
0.001148931 0.114920892 -0.993373930 -117.043617249 -0.154014140 0.981542647 0.113374010 -14.509592056 0.988067985 0.152863368 0.018827168 132.479034424
0.002612658 0.103022464 -0.994675696 -117.995292664 -0.157011211 0.982383966 0.101336993 -14.497377396 0.987593353 0.155910432 0.018742321 132.517974854
