1.000000000 0.000000000 0.000000000 0.000000000 0.000000000 1.000000000 0.000000000 0.000000000 0.000000000 0.000000000 1.000000000 0.000000000
0.999997675 -0.001632643 -0.001414427 0.050258353 0.001629580 0.999996305 -0.002164309 -0.132252365 0.001417956 0.002161999 0.999996662 1.297511816
0.999997795 0.000010783 -0.002087181 0.102919213 -0.000023948 0.999980092 -0.006307256 -0.268393219 0.002087071 0.006307292 0.999977887 2.600931168
0.999996185 0.002450538 -0.001274798 0.147154629 -0.002460445 0.999966264 -0.007828148 -0.407009631 0.001255572 0.007831254 0.999968529 3.905548096
0.999983251 0.005780520 0.000348084 0.191202715 -0.005778130 0.999962151 -0.006514358 -0.545232058 -0.000385727 0.006512238 0.999978721 5.219717503
0.999974787 0.006609202 0.002586790 0.239135176 -0.006601081 0.999973297 -0.003135496 -0.692118227 -0.002607444 0.003118341 0.999991715 6.532411098
0.999959111 0.006853972 0.005884783 0.296424717 -0.006843430 0.999974906 -0.001809583 -0.829192281 -0.005897039 0.001769236 0.999981105 7.834945679
0.999940693 0.005528283 0.009384320 0.350728959 -0.005510957 0.999983072 -0.001871060 -0.960801065 -0.009394507 0.001819233 0.999954224 9.141620636
0.999910593 0.004174724 0.012699677 0.428965926 -0.004151681 0.999989629 -0.001840308 -1.097086787 -0.012707228 0.001787418 0.999917626 10.441438675
0.999866784 0.002906825 0.016059177 0.494963080 -0.002867417 0.999992847 -0.002476358 -1.235868096 -0.016066261 0.002429980 0.999867916 11.748260498
0.999810100 0.001970788 0.019388502 0.571252763 -0.001910522 0.999993265 -0.003126376 -1.376212120 -0.019394536 0.003088740 0.999807119 13.044301033
0.999743402 0.001608661 0.022599248 0.646090388 -0.001533309 0.999993145 -0.003351249 -1.518808722 -0.022604488 0.003315738 0.999738991 14.362145424
0.999662638 0.001474352 0.025929235 0.732927263 -0.001360986 0.999989390 -0.004389229 -1.657372475 -0.025935430 0.004352460 0.999654114 15.656504631
0.999570549 0.002409274 0.029202309 0.810756922 -0.002282753 0.999987841 -0.004365091 -1.793490767 -0.029212466 0.004296555 0.999563992 16.955831528
0.999469757 0.002070163 0.032495335 0.900316119 -0.001942944 0.999990344 -0.003946073 -1.933016539 -0.032503188 0.003880844 0.999464154 18.242744446
0.999402463 0.000495075 0.034560092 0.999810815 -0.000363873 0.999992669 -0.003802528 -2.073500156 -0.034561716 0.003787681 0.999395370 19.541553497
0.999341369 -0.001989805 0.036233883 1.096070766 0.002175346 0.999984741 -0.005081951 -2.214038849 -0.036223225 0.005157424 0.999330401 20.815242767
0.999301434 -0.001632236 0.037336454 1.194146752 0.001885543 0.999975443 -0.006750224 -2.356939077 -0.037324518 0.006815909 0.999279976 22.121801376
0.999250770 -0.001454176 0.038675837 1.276172161 0.001818366 0.999954343 -0.009382974 -2.499956608 -0.038660426 0.009446273 0.999207735 23.408418655
0.999213040 -0.001099556 0.039649669 1.378745437 0.001534649 0.999938905 -0.010944681 -2.642556667 -0.039635211 0.010996917 0.999153674 24.697156906
0.999170363 -0.000524731 0.040721666 1.479779840 0.000991517 0.999933958 -0.011443494 -2.791203022 -0.040712971 0.011474377 0.999104977 25.967536926
0.999155521 -0.002046131 0.041037489 1.582462788 0.002483853 0.999940515 -0.010618240 -2.935348749 -0.041013315 0.010711202 0.999101281 27.254877090
0.999151051 -0.005085453 0.040880777 1.686588764 0.005473919 0.999940813 -0.009396107 -3.083170414 -0.040830579 0.009611909 0.999119818 28.532161713
0.999173701 -0.006482197 0.040123038 1.781148791 0.006888882 0.999926150 -0.010006009 -3.229035616 -0.040055215 0.010274145 0.999144673 29.823789597
0.999190688 -0.008049679 0.039410405 1.884719849 0.008548722 0.999885201 -0.012510594 -3.376256466 -0.039305173 0.012837378 0.999144793 31.090049744
0.999222040 -0.008290216 0.038556762 1.994125485 0.008772934 0.999885142 -0.012367342 -3.528505564 -0.038449805 0.012695975 0.999179840 32.371593475
0.999231756 -0.008941314 0.038156606 2.088512897 0.009436972 0.999873102 -0.012829838 -3.670675516 -0.038037047 0.013180064 0.999189436 33.637100220
0.999248624 -0.009295477 0.037624590 2.184710503 0.009792024 0.999867082 -0.013034709 -3.814771175 -0.037498422 0.013393337 0.999206901 34.903724670
0.999261022 -0.009796887 0.037166346 2.278687000 0.010306021 0.999855340 -0.013532014 -3.960528612 -0.037028395 0.013905054 0.999217391 36.164657593
0.999294162 -0.010440261 0.036085404 2.384708881 0.010938057 0.999847353 -0.013625205 -4.117352962 -0.035937645 0.014010292 0.999255836 37.444568634
0.999296010 -0.010116989 0.036125287 2.481509209 0.010546713 0.999875605 -0.011724741 -4.263908386 -0.036002163 0.012097488 0.999278605 38.700710297
0.999255419 -0.010092746 0.037237659 2.573582888 0.010502951 0.999886036 -0.010836712 -4.402021408 -0.037124056 0.011219749 0.999247611 39.970695496
0.999167860 -0.011915428 0.039008301 2.680524826 0.012266599 0.999886215 -0.008775560 -4.550237656 -0.038899295 0.009246754 0.999200344 41.217998505
0.999066591 -0.012846707 0.041241895 2.782059431 0.013281351 0.999858916 -0.010282225 -4.691781044 -0.041103993 0.010820374 0.999096274 42.479679108
0.998940051 -0.014266032 0.043765146 2.877421379 0.014871357 0.999797702 -0.013536932 -4.838809013 -0.043563180 0.014173428 0.998950124 43.730895996
0.998843312 -0.014997290 0.045687534 2.988296509 0.015682215 0.999769330 -0.014670129 -4.983094215 -0.045456983 0.015369639 0.998848081 44.995971680
0.998721182 -0.015309480 0.048183575 3.117916822 0.015984010 0.999779105 -0.013645122 -5.115695000 -0.047964033 0.014397836 0.998745382 46.231880188
0.998506069 -0.016444130 0.052106559 3.215851307 0.016991669 0.999804914 -0.010082613 -5.272268772 -0.051930595 0.010952929 0.998590648 47.484268188
0.998229206 -0.019720620 0.056120105 3.333646774 0.020221386 0.999760509 -0.008369181 -5.409363747 -0.055941623 0.009489188 0.998388946 48.713973999
0.997993052 -0.021531364 0.059550516 3.459015608 0.022052955 0.999723852 -0.008115424 -5.557976723 -0.059359338 0.009412401 0.998192310 49.949825287
0.997725487 -0.024928268 0.062629059 3.608159781 0.025710629 0.999600768 -0.011717169 -5.695974827 -0.062311966 0.013300750 0.997968078 51.183311462
0.997415543 -0.025898719 0.067018978 3.728151798 0.026781911 0.999565482 -0.012313362 -5.826280594 -0.066670969 0.014076437 0.997675717 52.415142059
0.997044384 -0.028400900 0.071385436 3.851819038 0.029174291 0.999526203 -0.009814658 -5.966019154 -0.071072847 0.011868268 0.997400463 53.633224487
0.996792555 -0.030987501 0.073786236 4.020539284 0.031551998 0.999481082 -0.006496828 -6.098752022 -0.073546626 0.008804091 0.997253001 54.824596405
0.996505141 -0.033413190 0.076557241 4.147075176 0.033876669 0.999414682 -0.004763005 -6.237475872 -0.076353289 0.007339863 0.997053802 56.069107056
0.996295393 -0.036305849 0.077956580 4.299058914 0.036528144 0.999331534 -0.001426972 -6.365089417 -0.077852651 0.004269294 0.996955752 57.277500153
0.996142328 -0.039187308 0.078516334 4.440288544 0.039317366 0.999226689 -0.000110498 -6.491356850 -0.078451291 0.003197126 0.996912837 58.495658875
0.996097863 -0.040946528 0.078181460 4.587203026 0.041349344 0.999138474 -0.003539714 -6.614039421 -0.077969164 0.006758653 0.996932864 59.687145233
0.996121287 -0.042364407 0.077120967 4.741703987 0.043078531 0.999042571 -0.007619057 -6.748181820 -0.076724350 0.010911762 0.996992648 60.898559570
0.996139288 -0.043627832 0.076177664 4.880268574 0.044637848 0.998935878 -0.011605880 -6.877885818 -0.075590245 0.014961481 0.997026682 62.078773499
0.996143043 -0.045740508 0.074878387 5.018035412 0.046904054 0.998803318 -0.013854132 -7.013508320 -0.074155077 0.017312797 0.997096419 63.295356750
0.996285439 -0.045847531 0.072893746 5.154810905 0.046973906 0.998800516 -0.013812854 -7.147620678 -0.072173044 0.017185647 0.997244060 64.470077515
0.996544957 -0.044937849 0.069847919 5.295093536 0.045980431 0.998852551 -0.013390169 -7.289061069 -0.069166034 0.016555537 0.997467756 65.693176270
0.996779382 -0.044154935 0.066941336 5.417721272 0.045013182 0.998921752 -0.011366481 -7.420718193 -0.066367276 0.014343118 0.997692168 66.870086670
0.997185230 -0.040369652 0.063181311 5.540793419 0.040934302 0.999132395 -0.007667678 -7.557087421 -0.062816955 0.010232378 0.997972608 68.059638977
0.997460485 -0.038399462 0.059983552 5.659095287 0.038793199 0.999232531 -0.005412851 -7.683296680 -0.059729669 0.007726060 0.998184681 69.244163513
0.997655630 -0.037006587 0.057565447 5.759487152 0.037569430 0.999255896 -0.008725624 -7.817425728 -0.057199713 0.010867868 0.998303592 70.414436340
0.997872174 -0.037420921 0.053392731 5.883207798 0.038295493 0.999146938 -0.015451588 -7.956838131 -0.052768972 0.017463408 0.998454034 71.602828979
0.997886479 -0.041468225 0.050028548 5.992463589 0.042443749 0.998925745 -0.018596632 -8.090597153 -0.049203631 0.020680727 0.998574615 72.773757935
0.997937977 -0.045333914 0.045438211 6.108201027 0.045993872 0.998849332 -0.013585035 -8.229770660 -0.044770066 0.015646901 0.998874784 73.947502136
0.997945309 -0.049066134 0.041201871 6.213855743 0.049469665 0.998736501 -0.008831465 -8.356756210 -0.040716492 0.010851557 0.999111772 75.108512878
0.997993410 -0.051501434 0.036837589 6.312241554 0.051748652 0.998643339 -0.005788486 -8.485954285 -0.036489502 0.007683165 0.999304473 76.298355103
0.998174667 -0.050783969 0.032685366 6.403728962 0.050919250 0.998697221 -0.003319442 -8.611564636 -0.032474212 0.004977697 0.999460161 77.457405090
0.998328447 -0.050187424 0.028660361 6.500462532 0.050302498 0.998728514 -0.003307915 -8.729640007 -0.028457902 0.004744073 0.999583721 78.615547180
0.998460531 -0.049016487 0.025959773 6.566092968 0.049164891 0.998777568 -0.005109341 -8.860917091 -0.025677599 0.006377785 0.999649942 79.791038513
0.998647034 -0.046747535 0.022776278 6.642031193 0.046989929 0.998843014 -0.010225677 -8.988455772 -0.022271903 0.011282098 0.999688268 80.935050964
0.998576880 -0.049986180 0.018595090 6.731242180 0.050269041 0.998622060 -0.015068095 -9.127032280 -0.017816272 0.015981406 0.999713540 82.098365784
0.998432159 -0.053517248 0.016404863 6.792689800 0.053780850 0.998423338 -0.016071940 -9.255875587 -0.015518876 0.016929010 0.999736309 83.220733643
0.998511016 -0.053202782 0.012052053 6.867083549 0.053351402 0.998499334 -0.012365618 -9.391523361 -0.011376080 0.012990201 0.999850929 84.373428345
0.998509049 -0.053725380 0.009659315 6.927044868 0.053820815 0.998501360 -0.009907370 -9.517888069 -0.009112561 0.010412471 0.999904335 85.506599426
0.998652279 -0.051161673 0.008735014 6.984551907 0.051261153 0.998618186 -0.011571622 -9.646831512 -0.008130922 0.012003792 0.999894917 86.650024414
0.998831689 -0.047691494 0.007793576 7.039065361 0.047803983 0.998744905 -0.014948083 -9.775878906 -0.007070896 0.015303185 0.999857903 87.778030396
0.998899519 -0.046452697 0.006476260 7.094205379 0.046557970 0.998767793 -0.017180532 -9.908755302 -0.005670198 0.017463148 0.999831378 88.896156311
0.998850524 -0.047584143 0.005777228 7.150612831 0.047679808 0.998705149 -0.017737446 -10.042650223 -0.004925726 0.017992517 0.999826014 90.011871338
0.998812795 -0.048425127 0.005287636 7.190264702 0.048502430 0.998700738 -0.015631331 -10.176083565 -0.004523817 0.015869237 0.999863863 91.136238098
0.998728096 -0.050260633 0.003982778 7.252740383 0.050307814 0.998651743 -0.012796870 -10.302450180 -0.003334229 0.012980960 0.999910176 92.245658875
0.998746336 -0.049900677 0.003959350 7.306611061 0.049945395 0.998678207 -0.012140501 -10.430083275 -0.003348297 0.012323035 0.999918461 93.384170532
0.998733521 -0.050168958 0.003836773 7.350447655 0.050219219 0.998634756 -0.014371076 -10.561558723 -0.003110553 0.014545555 0.999889314 94.526535034
0.998731673 -0.050237078 0.003361467 7.408458710 0.050289225 0.998575628 -0.017824076 -10.690770149 -0.002461249 0.017970517 0.999835491 95.626258850
0.998687208 -0.051145524 0.002827674 7.467927456 0.051190041 0.998509288 -0.018940054 -10.822456360 -0.001854760 0.019059941 0.999816597 96.731475830
0.998691380 -0.051022805 0.003530243 7.512488842 0.051078074 0.998534143 -0.017901383 -10.952392578 -0.002611690 0.018058268 0.999833465 97.803947449
0.998703897 -0.050741158 0.003994400 7.565426350 0.050786756 0.998633862 -0.012288103 -11.073934555 -0.003365430 0.012475037 0.999916553 98.892005920
0.998784602 -0.049018398 0.005155085 7.621480942 0.049064379 0.998753130 -0.009205909 -11.193895340 -0.004697398 0.009447649 0.999944329 99.970184326
0.998846292 -0.047493957 0.007102843 7.677521229 0.047559910 0.998823881 -0.009423340 -11.306923866 -0.006646937 0.009750278 0.999930382 101.020355225
0.998915613 -0.045701779 0.008878016 7.736017704 0.045796089 0.998893201 -0.010726832 -11.435635567 -0.008377954 0.011121778 0.999903023 102.070053101
0.998882532 -0.045935649 0.011109316 7.794633865 0.046081398 0.998849988 -0.013240034 -11.552785873 -0.010488350 0.013737172 0.999850631 103.085800171
0.998791754 -0.047436148 0.012836957 7.865581036 0.047612749 0.998770237 -0.013819914 -11.672185898 -0.012165609 0.014414419 0.999822140 104.098762512
0.998689115 -0.049034368 0.014685495 7.929908752 0.049226787 0.998702466 -0.013041607 -11.795568466 -0.014026952 0.013747429 0.999807119 105.096542358
0.998666644 -0.048923917 0.016470287 7.993170261 0.049114920 0.998728096 -0.011399267 -11.910332680 -0.015891640 0.012193006 0.999799430 106.056678772
0.998594522 -0.049966432 0.017672982 8.056167603 0.050148584 0.998691499 -0.010017603 -12.020840645 -0.017149312 0.010889798 0.999793649 107.012802124
0.998522341 -0.050715923 0.019518588 8.117603302 0.050930653 0.998645186 -0.010665787 -12.125172615 -0.018951219 0.011644123 0.999752641 107.931976318
0.998507142 -0.050314378 0.021255659 8.178745270 0.050505493 0.998687088 -0.008551563 -12.228805542 -0.020797485 0.009612324 0.999737501 108.835838318
0.998501837 -0.049490478 0.023337565 8.236692429 0.049652137 0.998746037 -0.006398819 -12.326932907 -0.022991626 0.007547994 0.999707103 109.706581116
0.998479605 -0.049466331 0.024327338 8.301244736 0.049557187 0.998766363 -0.003145394 -12.428913116 -0.024141740 0.004346206 0.999699056 110.561637878
0.998432636 -0.049579930 0.025964303 8.363458633 0.049673285 0.998761117 -0.002962517 -12.521386147 -0.025785254 0.004247606 0.999658465 111.388153076
0.998446524 -0.048687015 0.027093453 8.416488647 0.048768356 0.998807371 -0.002348945 -12.609933853 -0.026946776 0.003666600 0.999630094 112.203598022
0.998539805 -0.046446044 0.027588068 8.470968246 0.046522100 0.998914957 -0.002121042 -12.689307213 -0.027459625 0.003401400 0.999617100 112.983749390
0.998670995 -0.043963961 0.026892511 8.517861366 0.043950070 0.999033093 0.001107798 -12.769705772 -0.026915211 0.000075602 0.999637723 113.739677429
0.998745501 -0.044163488 0.023601085 8.572150230 0.044123493 0.999023616 0.002212918 -12.852530479 -0.023675773 -0.001168780 0.999718964 114.485931396
0.998878062 -0.044132024 0.017177410 8.609020233 0.044096984 0.999024332 0.002413654 -12.926967621 -0.017267169 -0.001653474 0.999849558 115.184936523
0.999083579 -0.042229239 0.006974608 8.634702682 0.042223670 0.999107778 0.000942163 -12.999163628 -0.007008169 -0.000646806 0.999975264 115.856239319
0.999182701 -0.039811675 -0.006985363 8.635976791 0.039799906 0.999205947 -0.001814978 -13.067468643 0.007052077 0.001535479 0.999973953 116.502548218
0.998936355 -0.038222328 -0.025791382 8.636939049 0.038132593 0.999264777 -0.003962437 -13.141243935 0.025923878 0.002974731 0.999659479 117.111412048
0.998161793 -0.036592133 -0.048311591 8.605833054 0.036332667 0.999320209 -0.006238315 -13.210468292 0.048507024 0.004471558 0.998812854 117.700187683
0.996485829 -0.035214476 -0.075999424 8.565286636 0.034695271 0.999364734 -0.008141623 -13.275918961 0.076237865 0.005476191 0.997074604 118.267471313
0.993619680 -0.032960244 -0.107857853 8.493415833 0.032069199 0.999435723 -0.009985873 -13.344861031 0.108126134 0.006463247 0.994116127 118.807533264
0.989290416 -0.028525928 -0.143146202 8.383169174 0.027191313 0.999566674 -0.011271450 -13.412179947 0.143405706 0.007258403 0.989637375 119.351860046
0.983079910 -0.022382351 -0.181804761 8.273323059 0.020762563 0.999725997 -0.010808080 -13.469045639 0.181996867 0.006850473 0.983275235 119.872550964
0.974586129 -0.016912326 -0.223373815 8.132715225 0.015325666 0.999843538 -0.008834952 -13.525757790 0.223488271 0.005187069 0.974692762 120.377227783
0.963271976 -0.012427757 -0.268240035 7.963228226 0.010888007 0.999914587 -0.007227046 -13.582874298 0.268306911 0.004041011 0.963324964 120.872352600
0.949106514 -0.006269630 -0.314892709 7.766773224 0.004027453 0.999961734 -0.007770610 -13.638339996 0.314929366 0.006106921 0.949095428 121.345382690
0.931677639 0.001539789 -0.363282621 7.541942596 -0.005016427 0.999950230 -0.008626836 -13.692776680 0.363251269 0.009859812 0.931638956 121.822113037
0.910802186 0.006277801 -0.412795246 7.285865784 -0.011151109 0.999893606 -0.009397686 -13.745815277 0.412692368 0.013162559 0.910775363 122.246452332
0.885774732 0.010521575 -0.463996053 7.019851685 -0.016079133 0.999838471 -0.008022942 -13.798734665 0.463836759 0.014567172 0.885800898 122.659782410
0.856687069 0.013558118 -0.515658259 6.740451813 -0.020832468 0.999748290 -0.008323729 -13.836176872 0.515415668 0.017873265 0.856753886 123.060211182
0.825418413 0.023341229 -0.564038634 6.410167694 -0.031453535 0.999494314 -0.004667944 -13.889773369 0.563644469 0.021594014 0.825735211 123.428222656
0.791215122 0.036302540 -0.610459387 6.070495605 -0.044179037 0.999021292 0.002149017 -13.933288574 0.609939992 0.025269171 0.792044520 123.780883789
0.755380392 0.044993773 -0.653740048 5.714057922 -0.055342883 0.998455942 0.004771581 -13.973173141 0.652945340 0.032575503 0.756704152 124.095046997
0.715720952 0.048759103 -0.696681976 5.342540741 -0.062332019 0.998038530 0.005814872 -14.019001007 0.695599079 0.039263777 0.717356443 124.394157410
0.673360765 0.050673380 -0.737575471 4.965583801 -0.065324508 0.997824192 0.008915924 -14.065583229 0.736422420 0.042178124 0.675205827 124.676757812
0.629503965 0.054309774 -0.775096893 4.561119080 -0.068328612 0.997559011 0.014403444 -14.104012489 0.773986936 0.043894280 0.631678224 124.945205688
0.584543467 0.063058496 -0.808908284 4.137752533 -0.079569869 0.996624649 0.020192171 -14.135640144 0.807451129 0.052561518 0.587588072 125.174499512
0.538834393 0.071880236 -0.839339495 3.694564819 -0.091137953 0.995479107 0.026743650 -14.159069061 0.837467074 0.062085290 0.542949438 125.387306213
0.491819203 0.076986298 -0.867287159 3.243854523 -0.096478194 0.994768083 0.033591747 -14.187979698 0.865335643 0.067153223 0.496673524 125.589767456
0.444733083 0.077688806 -0.892287493 2.772628784 -0.096082032 0.994620442 0.038709514 -14.203581810 0.890494645 0.068517394 0.449805111 125.772781372
0.397863269 0.079472832 -0.913996100 2.300750732 -0.093842760 0.994540989 0.045626450 -14.225116730 0.912632644 0.067618817 0.403149307 125.940155029
0.351985306 0.082291842 -0.932381034 1.807308197 -0.095299818 0.994101882 0.051762462 -14.247322083 0.931141376 0.070636123 0.357751667 126.088531494
0.307850718 0.085465483 -0.947588265 1.304180145 -0.100517705 0.993305027 0.056932792 -14.266615868 0.946110070 0.077722602 0.314380467 126.208084106
0.266793907 0.087213092 -0.959799409 0.782693863 -0.105706058 0.992536664 0.060804859 -14.282938004 0.957939208 0.085234217 0.274021626 126.309944153
0.227783054 0.083764210 -0.970102310 0.257982254 -0.105995581 0.992505431 0.060810555 -14.299210548 0.967925489 0.088974930 0.234954506 126.405815125
0.193331689 0.078552999 -0.977983773 -0.280227661 -0.100901529 0.993096352 0.059820272 -14.316110611 0.975931168 0.087114908 0.199923083 126.493385315
0.163156301 0.073593900 -0.983851552 -0.835475922 -0.098615542 0.993436456 0.057957038 -14.334280968 0.981659293 0.087567009 0.169342846 126.570220947
0.135776147 0.072099008 -0.988112569 -1.393169403 -0.098840222 0.993358612 0.058900189 -14.359235764 0.985796809 0.089668021 0.142000690 126.651481628
0.113615543 0.071312077 -0.990962207 -1.975127220 -0.100035369 0.993173003 0.060001947 -14.374520302 0.988475859 0.092314109 0.119973630 126.717468262
0.095468558 0.072549582 -0.992785096 -2.580440521 -0.102309451 0.992773831 0.062710457 -14.386533737 0.990160823 0.095584407 0.102201208 126.765762329
0.078920886 0.070966400 -0.994351625 -3.183294296 -0.103026651 0.992702305 0.062671527 -14.411781311 0.991542697 0.097498633 0.085656360 126.822113037
0.065404750 0.070170797 -0.995388508 -3.803388596 -0.102579899 0.992712319 0.063241839 -14.439850807 0.992572188 0.097970538 0.072126217 126.867424011
0.052893750 0.067291886 -0.996330321 -4.448379993 -0.097043797 0.993350863 0.061938737 -14.460161209 0.993873596 0.093411498 0.059072308 126.921310425
0.040731557 0.064667247 -0.997075260 -5.095337868 -0.094705090 0.993660629 0.060576987 -14.478101730 0.994671762 0.091960721 0.046597660 126.965484619
0.029992165 0.064305350 -0.997479439 -5.754091740 -0.094146989 0.993673742 0.061229184 -14.498975754 0.995106459 0.092073299 0.035856571 127.000579834
0.020989135 0.065795347 -0.997612357 -6.424638748 -0.097786672 0.993183017 0.063445844 -14.521172523 0.994985998 0.096221514 0.027279962 127.010879517
0.012475874 0.065307170 -0.997787237 -7.122120857 -0.100784600 0.992865324 0.063724861 -14.546541214 0.994830072 0.099766560 0.018968819 127.031242371
0.006095701 0.064760275 -0.997882247 -7.809270859 -0.103470340 0.992585242 0.063784443 -14.567697525 0.994613886 0.102862395 0.012751266 127.049736023
0.000580775 0.066079907 -0.997814238 -8.504693985 -0.103949219 0.992412746 0.065661691 -14.588661194 0.994582474 0.103683867 0.007445322 127.067749023
-0.002930900 0.068048880 -0.997677684 -9.226502419 -0.105707340 0.992071033 0.067977019 -14.605421066 0.994392991 0.105661079 0.004285606 127.090530396
-0.003895774 0.071534641 -0.997430503 -9.943446159 -0.108069062 0.991566241 0.071536154 -14.625737190 0.994135737 0.108070068 0.003867763 127.106033325
-0.004825176 0.075094394 -0.997164726 -10.678559303 -0.110728242 0.991004169 0.075166263 -14.641922951 0.993838966 0.110776991 0.003533301 127.115745544
-0.006196982 0.080799013 -0.996711135 -11.408110619 -0.115523763 0.989998817 0.080973133 -14.653502464 0.993285358 0.115645610 0.003199203 127.131469727
-0.007472223 0.084558651 -0.996390402 -12.146256447 -0.118454903 0.989327729 0.084847599 -14.667165756 0.992931247 0.118661329 0.002623908 127.149406433
-0.008946666 0.084942147 -0.996345639 -12.890353203 -0.117737412 0.989365458 0.085404262 -14.682836533 0.993004441 0.118071251 0.001149347 127.167228699
-0.009948158 0.081594877 -0.996615887 -13.660762787 -0.116421826 0.989792526 0.082198337 -14.700839996 0.993150055 0.116845578 -0.000347189 127.183914185
-0.011777505 0.078409180 -0.996851683 -14.411541939 -0.120201305 0.989580631 0.079257399 -14.708270073 0.992679596 0.120756328 -0.002229907 127.198699951
-0.012986348 0.079984315 -0.996711552 -15.183107376 -0.124860682 0.988863885 0.080981396 -14.717589378 0.992089272 0.125501722 -0.002854834 127.201469421
-0.014239970 0.083118193 -0.996437907 -15.963822365 -0.122202322 0.988923907 0.084237799 -14.731722832 0.992402971 0.122966573 -0.003925009 127.214965820
-0.016439900 0.083335273 -0.996385992 -16.739692688 -0.121119268 0.989016235 0.084717296 -14.747850418 0.992501795 0.122074284 -0.006165822 127.230392456
-0.017213136 0.082862899 -0.996412277 -17.527996063 -0.124258161 0.988656938 0.084364533 -14.759375572 0.992100596 0.125264540 -0.006721491 127.231811523
-0.018135127 0.082176805 -0.996452749 -18.321474075 -0.128364965 0.988177538 0.083830543 -14.769571304 0.991561174 0.129429922 -0.007372101 127.245613098
-0.019560684 0.086308353 -0.996076405 -19.118059158 -0.130206734 0.987562478 0.088127621 -14.774467468 0.991293848 0.131419688 -0.008079469 127.257156372
-0.020376720 0.091244534 -0.995620072 -19.920751572 -0.129436180 0.987205386 0.093122467 -14.788673401 0.991378367 0.130766764 -0.008305664 127.274856567
-0.019107046 0.093896963 -0.995398581 -20.748157501 -0.130535066 0.986824393 0.095593810 -14.796255112 0.991259515 0.131760940 -0.006598452 127.285530090
-0.017406620 0.092749469 -0.995537400 -21.565809250 -0.129886061 0.987041295 0.094228961 -14.802703857 0.991376162 0.130946651 -0.005134189 127.299850464
-0.016165683 0.092888966 -0.995545208 -22.397615433 -0.129871577 0.987045527 0.094204754 -14.808104515 0.991399109 0.130815923 -0.003892627 127.311286926
-0.015998147 0.091533400 -0.995673478 -23.227176666 -0.128410235 0.987366617 0.092832990 -14.808451653 0.991592050 0.129339799 -0.004042211 127.333419800
-0.015196978 0.093574613 -0.995496273 -24.065044403 -0.129344702 0.987061977 0.094756335 -14.815264702 0.991483212 0.130202189 -0.002896976 127.354103088
-0.014421033 0.095839337 -0.995292306 -24.903144836 -0.131046370 0.986628830 0.096903853 -14.817737579 0.991271317 0.131826907 -0.001668811 127.368103027
-0.014565310 0.098031774 -0.995076716 -25.768888474 -0.133875117 0.986030757 0.099100158 -14.816453934 0.990891099 0.134659410 -0.001237830 127.386611938
-0.012850064 0.099139951 -0.994990468 -26.633043289 -0.136055097 0.985644996 0.099965870 -14.812928200 0.990617990 0.136658102 0.000822895 127.398963928
-0.011078754 0.102367945 -0.994684994 -27.504407883 -0.142761230 0.984393716 0.102898918 -14.813254356 0.989695132 0.143142417 0.003708318 127.414955139
-0.008906569 0.106015697 -0.994324565 -28.385150909 -0.147415638 0.983360171 0.106167123 -14.807123184 0.989034534 0.147524595 0.006870003 127.433036804
-0.006766603 0.107908517 -0.994137764 -29.259719849 -0.149953440 0.982809603 0.107699573 -14.801734924 0.988669872 0.149803102 0.009530968 127.464698792
-0.003017090 0.108667105 -0.994073570 -30.156372070 -0.148714259 0.982975304 0.107905269 -14.802368164 0.988875568 0.148158476 0.013194627 127.488922119
-0.000252597 0.108528435 -0.994093359 -31.048618317 -0.151223883 0.982656717 0.107318282 -14.794813156 0.988499582 0.150357753 0.016163876 127.518173218
0.002149596 0.112364277 -0.993664801 -31.951059341 -0.151777864 0.982191741 0.110738553 -14.787437439 0.988412321 0.150578290 0.019165728 127.550750732
0.004577562 0.114444345 -0.993419051 -32.865730286 -0.150818616 0.982145011 0.112450570 -14.782562256 0.988550842 0.149311304 0.021756159 127.591239929
0.006291602 0.115644552 -0.993270755 -33.758056641 -0.151364684 0.981955409 0.113368347 -14.778495789 0.988457859 0.149632871 0.023682572 127.634513855
0.008918213 0.113791130 -0.993464649 -34.661468506 -0.152714744 0.982004762 0.111107618 -14.770665169 0.988230050 0.150725812 0.026135307 127.666687012
0.009315589 0.114963107 -0.993326068 -35.572719574 -0.156954363 0.981224239 0.112090550 -14.759826660 0.987561882 0.154862657 0.027184641 127.709197998
0.010462020 0.115517952 -0.993250310 -36.466533661 -0.157739893 0.981058359 0.112438507 -14.754595757 0.987425327 0.155498892 0.028485645 127.747581482
0.010797565 0.112117112 -0.993636370 -37.364452362 -0.158085689 0.981388867 0.109017298 -14.752719879 0.987366378 0.155902550 0.028320719 127.783576965
0.011470712 0.107864097 -0.994099438 -38.268592834 -0.159364343 0.981654823 0.104674920 -14.752449036 0.987153113 0.157223269 0.028449971 127.832389832
0.011968991 0.107062288 -0.994180381 -39.165359497 -0.158984333 0.981807709 0.103815861 -14.746901512 0.987208486 0.156816527 0.028772473 127.876129150
0.011945867 0.111184277 -0.993728101 -40.069721222 -0.161669984 0.980938196 0.107809812 -14.740149498 0.986772537 0.159368128 0.029693319 127.915122986
0.012048854 0.117313355 -0.993021727 -41.006172180 -0.162183776 0.980173290 0.113827564 -14.727647781 0.986687005 0.159680545 0.030836279 127.959327698
0.012315029 0.116111554 -0.993159890 -41.901878357 -0.160026953 0.980661929 0.112666093 -14.727920532 0.987035811 0.157544836 0.030657858 128.005813599
0.013262045 0.105655849 -0.994314313 -42.791812897 -0.159334376 0.981919050 0.102213532 -14.733023643 0.987135649 0.157072857 0.029856861 128.049438477
0.013412477 0.095113494 -0.995376050 -43.709884644 -0.160921693 0.982694805 0.091733359 -14.737157822 0.986876011 0.158947244 0.028486190 128.094223022
0.012442605 0.092040598 -0.995677471 -44.611755371 -0.157773376 0.983461916 0.088939749 -14.744783401 0.987396836 0.155984759 0.026758380 128.140930176
0.012217027 0.101785742 -0.994731367 -45.531322479 -0.150315553 0.983687818 0.098809600 -14.745071411 0.988562584 0.148316428 0.027317721 128.193634033
0.012237203 0.115251787 -0.993261039 -46.473369598 -0.145302758 0.982996643 0.112270623 -14.745688438 0.989311516 0.142949656 0.028775536 128.251556396
0.012498991 0.124184996 -0.992180407 -47.395751953 -0.145510063 0.981921256 0.121067867 -14.736398697 0.989277780 0.142858997 0.030343194 128.297882080
0.012364377 0.118511401 -0.992875695 -48.311355591 -0.145729482 0.982563257 0.115465708 -14.732897758 0.989247203 0.143263564 0.029419387 128.340499878
0.012378342 0.105107650 -0.994383812 -49.234588623 -0.145588130 0.984052122 0.102203257 -14.731967926 0.989267826 0.143505350 0.027483357 128.386032104
0.013085447 0.096249647 -0.995271206 -50.150268555 -0.146033511 0.984867871 0.093323581 -14.731262207 0.989193022 0.144121781 0.026943112 128.430191040
0.013546159 0.096214935 -0.995268404 -51.086986542 -0.144788519 0.985058069 0.093257226 -14.737136841 0.989369810 0.142840177 0.027274571 128.476165771
0.012804917 0.097877771 -0.995116055 -52.017093658 -0.147892714 0.984437406 0.094924405 -14.754274368 0.988920450 0.145954952 0.027081052 128.519882202
0.013448747 0.097230412 -0.995171010 -52.972602844 -0.153087169 0.983727694 0.094043560 -14.759597778 0.988121092 0.151083171 0.028114635 128.558578491
0.013927449 0.096656904 -0.995220304 -53.903976440 -0.154566050 0.983561337 0.093361527 -14.760196686 0.987884223 0.152527004 0.028638380 128.603332520
0.015003652 0.104033351 -0.994460583 -54.849925995 -0.163962156 0.981365681 0.100189701 -14.756254196 0.986352384 0.161550730 0.031781606 128.636856079
0.016893487 0.113730073 -0.993368089 -55.792442322 -0.169683114 0.979424655 0.109248012 -14.752571106 0.985353768 0.166712254 0.035843976 128.672210693
0.017521223 0.121773437 -0.992403388 -56.765888214 -0.169736356 0.978510976 0.117072016 -14.749798775 0.985333681 0.166395694 0.037814096 128.733367920
0.018403074 0.122741364 -0.992268085 -57.708259583 -0.171064779 0.978188932 0.117827155 -14.742680550 0.985087812 0.167573765 0.038998406 128.781692505
0.019604737 0.112934969 -0.993408918 -58.645214081 -0.172744364 0.979039669 0.107892327 -14.737673759 0.984771550 0.169490606 0.038702697 128.836975098
0.020874169 0.108237647 -0.993905962 -59.589603424 -0.171186388 0.979828417 0.103109300 -14.737649918 0.985017538 0.167990848 0.038981915 128.892318726
0.022979854 0.106653325 -0.994030714 -60.541591644 -0.169863001 0.980252683 0.101248167 -14.742901802 0.985199749 0.166522339 0.040642519 128.952178955
0.026330503 0.112114646 -0.993346393 -61.528560638 -0.171589330 0.979449570 0.105997875 -14.731541634 0.984816611 0.167656675 0.045027077 129.013442993
0.029977201 0.114189006 -0.993006647 -62.488819122 -0.174381927 0.978815317 0.107292779 -14.731124878 0.984221697 0.169946119 0.049254633 129.069686890
0.034318436 0.108927928 -0.993457079 -63.437633514 -0.173835784 0.979540646 0.101396985 -14.731217384 0.984176457 0.169218615 0.052551873 129.130630493
0.037151679 0.103108145 -0.993975997 -64.395324707 -0.173763603 0.980176806 0.095181972 -14.737695694 0.984086394 0.169180691 0.054331660 129.201629639
0.040590368 0.103195779 -0.993832469 -65.367759705 -0.171250209 0.980652928 0.094833009 -14.742495537 0.984391034 0.166344717 0.057477355 129.274795532
0.042955708 0.107623011 -0.993263364 -66.341247559 -0.168929264 0.980648637 0.098950490 -14.755313873 0.984691799 0.163540751 0.060305133 129.362915039
0.046413790 0.114280209 -0.992363691 -67.299896240 -0.168334678 0.980122030 0.104997285 -14.756246567 0.984636664 0.162175924 0.064728491 129.443588257
0.048882701 0.118177451 -0.991788507 -68.264373779 -0.166090935 0.980112255 0.108599946 -14.760854721 0.984898090 0.159418434 0.067538723 129.530761719
0.051334441 0.120061986 -0.991438329 -69.248802185 -0.165739328 0.980004847 0.110095784 -14.761240959 0.984832525 0.158668637 0.070206985 129.611129761
0.053507954 0.117324844 -0.991650999 -70.194053650 -0.164089456 0.980607212 0.107164212 -14.759627342 0.984993100 0.156985328 0.071722038 129.688629150
0.054082777 0.115871377 -0.991790712 -71.141250610 -0.162084177 0.981090665 0.105782747 -14.762911797 0.985293806 0.155032590 0.071841031 129.778503418
0.054551989 0.112314552 -0.992174208 -72.082611084 -0.159048393 0.981944680 0.102411740 -14.772294044 0.985762477 0.152216941 0.071430475 129.869583130
0.054298516 0.112206779 -0.992200375 -73.071578979 -0.157635257 0.982168972 0.102445737 -14.767299652 0.986003458 0.150843069 0.071018070 129.957015991
0.053949974 0.116855115 -0.991682649 -74.023948669 -0.154321685 0.982172728 0.107339025 -14.768452644 0.986546636 0.147247195 0.071021460 130.045867920
0.053236127 0.118572213 -0.991517365 -74.989845276 -0.148312047 0.982851624 0.109572805 -14.772822380 0.987506688 0.141220719 0.069908909 130.148071289
0.052525546 0.113820359 -0.992111862 -75.949562073 -0.145648152 0.983732939 0.105148025 -14.758182526 0.987941086 0.138976321 0.068248838 130.230834961
0.051549494 0.110429086 -0.992546260 -76.895881653 -0.147536516 0.983804286 0.101793930 -14.763002396 0.987712264 0.141189396 0.067006946 130.304687500
0.050274596 0.107767895 -0.992904127 -77.844520569 -0.144048184 0.984548807 0.099567316 -14.766636848 0.988292754 0.138020337 0.065021560 130.389862061
0.048862789 0.108470641 -0.992897987 -78.808517456 -0.144091874 0.984452128 0.100456856 -14.768339157 0.988357186 0.138159946 0.063732818 130.463500977
0.047986843 0.109687835 -0.992807031 -79.763984680 -0.145139948 0.984168589 0.101718165 -14.771128654 0.988246679 0.139214814 0.063147247 130.538162231
0.046505030 0.109828167 -0.992861986 -80.718132019 -0.146764338 0.983902335 0.101962723 -14.772850990 0.988077641 0.140974954 0.061875254 130.614471436
0.045321759 0.110868096 -0.992801130 -81.667938232 -0.146531567 0.983810663 0.103174895 -14.775071144 0.988167286 0.140800625 0.060833700 130.682540894
0.042590741 0.111407235 -0.992861748 -82.633422852 -0.146635771 0.983698785 0.104088873 -14.779572487 0.988273203 0.141155824 0.058232743 130.761383057
0.041731399 0.113706477 -0.992637455 -83.589912415 -0.147014648 0.983387828 0.106466271 -14.770130157 0.988253593 0.141489267 0.057754658 130.826705933
0.040325385 0.117414847 -0.992263913 -84.543807983 -0.148348674 0.982769012 0.110262461 -14.761866570 0.988112628 0.142754644 0.057048872 130.887573242
0.038495049 0.122706689 -0.991696060 -85.493873596 -0.149671048 0.981944203 0.115690187 -14.753297806 0.987986207 0.143974707 0.056165617 130.951919556
0.035991862 0.122248650 -0.991846621 -86.447372437 -0.149676412 0.981954217 0.115597941 -14.748275757 0.988079727 0.144295469 0.053640090 131.023208618
0.035049543 0.117044732 -0.992507935 -87.392486572 -0.149838880 0.982507885 0.110574000 -14.742743492 0.988088965 0.144840732 0.051974304 131.085571289
0.032745112 0.112330265 -0.993131161 -88.337829590 -0.153954774 0.982371628 0.106037162 -14.729962349 0.987535179 0.149425089 0.049461648 131.147766113
0.031544607 0.110303260 -0.993397295 -89.281555176 -0.151946664 0.982869089 0.104309298 -14.727577209 0.987885177 0.147652999 0.047764439 131.215164185
0.030892672 0.111553021 -0.993278205 -90.241920471 -0.147529036 0.983376980 0.105852626 -14.730279922 0.988575161 0.143267289 0.046836454 131.272140503
0.030078640 0.112917058 -0.993148983 -91.189956665 -0.144490436 0.983653665 0.107461415 -14.728487015 0.989048958 0.140268236 0.045902401 131.337905884
0.029401660 0.112997003 -0.993160188 -92.138923645 -0.139031947 0.984393954 0.107883677 -14.732397079 0.989851356 0.134909049 0.044653002 131.401657104
0.028184766 0.110178508 -0.993512154 -93.082008362 -0.135156378 0.985199928 0.105422474 -14.734985352 0.990423322 0.131308168 0.042658959 131.467147827
0.027559590 0.107093498 -0.993866861 -94.025657654 -0.129754886 0.986216068 0.102671042 -14.737747192 0.991163015 0.126129478 0.041075621 131.532135010
0.025545083 0.109593518 -0.993648171 -95.007186890 -0.128693491 0.986062169 0.105448313 -14.742143631 0.991355360 0.125182375 0.039293021 131.595108032
0.024085432 0.111692250 -0.993450940 -95.955726624 -0.128076255 0.985895038 0.107737660 -14.737051964 0.991471827 0.124642566 0.038050834 131.655487061
0.022832826 0.109520152 -0.993722260 -96.913444519 -0.124064319 0.986608446 0.105885483 -14.732607841 0.992011428 0.120867819 0.036114596 131.707092285
0.020812111 0.106366619 -0.994109094 -97.862838745 -0.120985866 0.987285137 0.103103586 -14.731217384 0.992435992 0.118127368 0.033416349 131.760635376
0.016821982 0.103879526 -0.994447529 -98.826629639 -0.120032318 0.987605155 0.101134330 -14.727811813 0.992627442 0.117664561 0.029082373 131.823410034
0.014192681 0.103095725 -0.994570076 -99.780212402 -0.114496335 0.988295317 0.100811392 -14.738002777 0.993322253 0.112443849 0.025830643 131.873931885
0.011990706 0.103024960 -0.994606435 -100.740127563 -0.107683577 0.989026368 0.101148732 -14.731410980 0.994112909 0.105889931 0.022953220 131.919250488
0.009825878 0.110568568 -0.993819952 -101.704605103 -0.097788252 0.989210308 0.109088890 -14.727348328 0.995158672 0.096112035 0.020532168 131.981185913
0.007094657 0.118609458 -0.992915630 -102.662178040 -0.089727461 0.989010692 0.117501862 -14.722702980 0.995941103 0.088258155 0.017659217 132.039382935
0.004395413 0.117925137 -0.993012726 -103.615447998 -0.085523956 0.989428222 0.117120907 -14.714358330 0.996326327 0.084411576 0.014434371 132.086227417
0.001569761 0.108163677 -0.994131982 -104.571426392 -0.086370856 0.990432739 0.107624836 -14.715754509 0.996261775 0.085695095 0.010896933 132.123291016
-0.000502050 0.098699644 -0.995117188 -105.519096375 -0.088208251 0.991234004 0.098358996 -14.712997437 0.996101916 0.087826915 0.008208474 132.162139893
-0.000899034 0.100207552 -0.994966149 -106.477447510 -0.095410988 0.990418911 0.099835768 -14.714399338 0.995437562 0.095020466 0.008670479 132.184631348
-0.001994468 0.109282851 -0.994008720 -107.435623169 -0.098536156 0.989151716 0.108946599 -14.701171875 0.995131493 0.098163091 0.008795482 132.226318359
-0.003465371 0.120732360 -0.992679060 -108.398956299 -0.102605186 0.987402856 0.120448835 -14.689947128 0.994716227 0.102271438 0.008966052 132.256500244
-0.004957955 0.122278579 -0.992483556 -109.340431213 -0.109471545 0.986464143 0.122083835 -14.678175926 0.993977547 0.109253988 0.008495182 132.290191650
-0.004636710 0.119501375 -0.992823184 -110.324775696 -0.116806209 0.985972703 0.119222343 -14.661184311 0.993143857 0.116520725 0.009386832 132.308532715
-0.004766842 0.115558878 -0.993289053 -111.279846191 -0.124954842 0.985446513 0.115246110 -14.648300171 0.992151022 0.124665663 0.009742174 132.333465576
-0.002488668 0.117756970 -0.993039250 -112.246551514 -0.129693136 0.984617293 0.117083289 -14.630497932 0.991551042 0.129081771 0.012821885 132.358322144
-0.001043612 0.118660524 -0.992934346 -113.226005554 -0.137681291 0.983461678 0.117673218 -14.609289169 0.990475953 0.136831269 0.015310983 132.384582520
-0.000570301 0.121437050 -0.992599010 -114.189308167 -0.146891251 0.981821835 0.120202959 -14.592836380 0.989152491 0.145872653 0.017278105 132.407882690
-0.000109946 0.123629533 -0.992328465 -115.165573120 -0.152317569 0.980747521 0.122203581 -14.570803642 0.988331676 0.151162490 0.018723117 132.434661865
-0.000193515 0.123092815 -0.992395103 -116.135551453 -0.156323671 0.980190814 0.121609516 -14.561543465 0.987705886 0.155158415 0.019052638 132.481613159
0.001253879 0.113639958 -0.993521273 -117.090270996 -0.155283377 0.981492579 0.112068154 -14.564064026 0.987869143 0.154136807 0.018877072 132.517013550
0.002771656 0.101963498 -0.994784296 -118.041198730 -0.158205703 0.982304513 0.100243546 -14.554932594 0.987402260 0.157102749 0.018853819 132.554946899
