1.000000000 0.000000000 0.000000000 0.000000000 0.000000000 1.000000000 0.000000000 0.000000000 0.000000000 0.000000000 1.000000000 0.000000000
0.999997735 -0.001603601 -0.001384352 0.050069038 0.001600628 0.999996424 -0.002145832 -0.132263854 0.001387788 0.002143611 0.999996722 1.297104359
0.999997735 -0.000017120 -0.002133021 0.105385475 0.000003501 0.999979556 -0.006384593 -0.267159075 0.002133087 0.006384571 0.999977350 2.601575136
0.999995947 0.002488981 -0.001324028 0.149338499 -0.002499389 0.999965549 -0.007917830 -0.405937046 0.001304275 0.007921107 0.999967754 3.905559301
0.999983132 0.005798347 0.000249980 0.193445027 -0.005796559 0.999961197 -0.006638796 -0.544512570 -0.000288464 0.006637234 0.999977946 5.217750072
0.999975443 0.006554089 0.002487554 0.242673695 -0.006545836 0.999973238 -0.003311553 -0.688561201 -0.002509192 0.003295189 0.999991357 6.535531044
0.999960363 0.006783721 0.005780320 0.299539983 -0.006772455 0.999975145 -0.001966505 -0.826671362 -0.005793517 0.001927280 0.999981403 7.839162827
0.999944270 0.005138689 0.009236531 0.355380207 -0.005121801 0.999985099 -0.001851243 -0.960718751 -0.009245908 0.001803832 0.999955654 9.142844200
0.999914587 0.003762786 0.012515763 0.434569538 -0.003741326 0.999991536 -0.001737705 -1.097486973 -0.012522195 0.001690731 0.999920189 10.443513870
0.999871910 0.002533933 0.015798900 0.503206849 -0.002494650 0.999993682 -0.002505616 -1.233348489 -0.015805153 0.002465883 0.999871969 11.750243187
0.999815106 0.001339024 0.019179413 0.579315543 -0.001274971 0.999993682 -0.003351492 -1.367811203 -0.019183779 0.003326419 0.999810398 13.042508125
0.999747515 0.001347427 0.022426473 0.651289463 -0.001273133 0.999993682 -0.003326723 -1.515689492 -0.022430811 0.003297332 0.999742985 14.361149788
0.999665320 0.001368219 0.025830414 0.735204816 -0.001254952 0.999989510 -0.004400730 -1.653867841 -0.025836164 0.004366841 0.999656677 15.658141136
0.999581575 0.002137422 0.028846849 0.822628856 -0.002012305 0.999988437 -0.004365596 -1.791391492 -0.028855845 0.004305720 0.999574244 16.958778381
0.999480665 0.001706117 0.032179523 0.911535859 -0.001579323 0.999990880 -0.003965200 -1.929881573 -0.032185998 0.003912318 0.999474227 18.244920731
0.999416053 0.000213093 0.034168616 1.012118101 -0.000086186 0.999993086 -0.003715545 -2.073003769 -0.034169178 0.003710430 0.999409199 19.546911240
0.999360621 -0.002358757 0.035674229 1.109208822 0.002542730 0.999983728 -0.005112547 -2.212508678 -0.035661593 0.005199989 0.999350369 20.825138092
0.999311984 -0.001926458 0.037036475 1.206392288 0.002177592 0.999974906 -0.006741581 -2.355621815 -0.037022553 0.006817593 0.999291182 22.131710052
0.999263108 -0.001826607 0.038337678 1.288109064 0.002183303 0.999954700 -0.009264275 -2.500021219 -0.038319010 0.009341151 0.999221921 23.417737961
0.999230921 -0.001430836 0.039185997 1.393443823 0.001854030 0.999940336 -0.010765421 -2.644475222 -0.039168254 0.010829794 0.999173939 24.707031250
0.999188721 -0.000793967 0.040265620 1.494836450 0.001256949 0.999933422 -0.011474185 -2.789716959 -0.040253829 0.011515488 0.999123096 25.976860046
0.999168336 -0.002362488 0.040706914 1.592882752 0.002785411 0.999942660 -0.010335861 -2.939023256 -0.040680166 0.010440648 0.999117672 27.267385483
0.999153435 -0.005276277 0.040798962 1.690996170 0.005656659 0.999941647 -0.009213479 -3.084863901 -0.040747970 0.009436466 0.999124944 28.544246674
0.999184906 -0.006903674 0.039771542 1.793372750 0.007290587 0.999927402 -0.009591618 -3.233572960 -0.039702442 0.009873758 0.999162734 29.835374832
0.999195218 -0.008634829 0.039169539 1.893860936 0.009118285 0.999884188 -0.012180874 -3.377749681 -0.039059822 0.012528230 0.999158323 31.099107742
0.999231637 -0.008671526 0.038219951 2.003560305 0.009145514 0.999883175 -0.012244252 -3.527918816 -0.038109306 0.012584386 0.999194324 32.386638641
0.999246120 -0.009272192 0.037697818 2.100492477 0.009753978 0.999872863 -0.012616473 -3.669834614 -0.037576038 0.012974666 0.999209583 33.652709961
0.999259889 -0.009744285 0.037212059 2.195652962 0.010223106 0.999867082 -0.012698869 -3.815832138 -0.037083376 0.013069892 0.999226630 34.920948029
0.999270201 -0.010260164 0.036795273 2.285072803 0.010753574 0.999854565 -0.013236871 -3.960005999 -0.036654111 0.013622891 0.999235153 36.179237366
0.999314904 -0.010821565 0.035392456 2.400596142 0.011300347 0.999846935 -0.013355853 -4.119130611 -0.035242513 0.013746650 0.999284267 37.466819763
0.999303520 -0.010526215 0.035799682 2.487250328 0.010951609 0.999871433 -0.011707365 -4.264365673 -0.035671841 0.012091275 0.999290407 38.735431671
0.999274969 -0.010549231 0.036581613 2.588961840 0.010935230 0.999886453 -0.010367757 -4.406163216 -0.036468085 0.010760268 0.999276876 39.991195679
0.999200881 -0.012197037 0.038063932 2.703968287 0.012533873 0.999884248 -0.008623144 -4.549754143 -0.037954349 0.009093340 0.999238074 41.240673065
0.999082029 -0.013517053 0.040652040 2.793793201 0.013930622 0.999853849 -0.009907326 -4.694196701 -0.040512182 0.010464540 0.999124169 42.499427795
0.998951852 -0.014923050 0.043270886 2.888332129 0.015499760 0.999795020 -0.013023177 -4.843245029 -0.043067660 0.013680214 0.998978496 43.747817993
0.998860836 -0.015897203 0.044991747 3.000310898 0.016546017 0.999763846 -0.014085204 -4.989787102 -0.044757210 0.014813595 0.998888075 45.010219574
0.998743176 -0.016014870 0.047493827 3.127357483 0.016657047 0.999774635 -0.013156470 -5.120555401 -0.047272433 0.013931042 0.998784900 46.246234894
0.998535216 -0.017404353 0.051229283 3.227147341 0.017911252 0.999794900 -0.009452314 -5.278404236 -0.051054258 0.010356048 0.998642147 47.509765625
0.998252273 -0.020495092 0.055427238 3.333942175 0.020942092 0.999752641 -0.007495813 -5.416384697 -0.055259898 0.008643474 0.998434544 48.725269318
0.998029172 -0.022527723 0.058567967 3.478620052 0.023028713 0.999703646 -0.007893123 -5.555138111 -0.058372799 0.009226311 0.998252213 49.986537933
0.997741163 -0.025834667 0.062008616 3.615756989 0.026601974 0.999579072 -0.011580570 -5.689497471 -0.061683331 0.013203965 0.998008370 51.214782715
0.997460127 -0.027167201 0.065842092 3.750697136 0.028010687 0.999536514 -0.011921507 -5.824901104 -0.065487683 0.013735510 0.997758865 52.450710297
0.997113049 -0.029740920 0.069864824 3.882707119 0.030458765 0.999493361 -0.009231819 -5.966168404 -0.069554873 0.011333164 0.997513771 53.671199799
0.996835709 -0.032301627 0.072630689 4.038441181 0.032825299 0.999442935 -0.006027604 -6.099511623 -0.072395548 0.008392653 0.997340798 54.883811951
0.996596932 -0.034945555 0.074654721 4.188021183 0.035366539 0.999365151 -0.004324214 -6.228157997 -0.074456200 0.006949776 0.997200072 56.100921631
0.996389210 -0.038142312 0.075852469 4.342062473 0.038350094 0.999263525 -0.001283982 -6.353243828 -0.075747624 0.004188295 0.997118235 57.314441681
0.996233523 -0.041141886 0.076328859 4.495471478 0.041253336 0.999148786 0.000116617 -6.478659153 -0.076268688 0.003032643 0.997082710 58.515197754
0.996167541 -0.043154716 0.076077908 4.638551235 0.043503907 0.999048889 -0.002937804 -6.607937813 -0.075878792 0.006236232 0.997097552 59.727149963
0.996167958 -0.044249739 0.075440861 4.784047604 0.044931561 0.998962879 -0.007363789 -6.734385014 -0.075036764 0.010725243 0.997123063 60.916091919
0.996184945 -0.045563214 0.074428290 4.915695190 0.046522830 0.998854280 -0.011209807 -6.863796234 -0.073832259 0.014629658 0.997163296 62.115898132
0.996229887 -0.047023237 0.072903290 5.062952518 0.048154444 0.998744071 -0.013836434 -6.995020866 -0.072161093 0.017294889 0.997243047 63.309734344
0.996338189 -0.047428254 0.071138024 5.189756870 0.048529502 0.998725951 -0.013831887 -7.130611897 -0.070391349 0.017233532 0.997370601 64.490074158
0.996566176 -0.046812750 0.068296522 5.324850082 0.047831424 0.998766065 -0.013356240 -7.264533520 -0.067587018 0.016577097 0.997575700 65.666481018
0.996804118 -0.045746308 0.065489523 5.438883781 0.046575848 0.998852015 -0.011195746 -7.406324387 -0.064902179 0.014210196 0.997790456 66.861282349
0.997183442 -0.041944984 0.062176652 5.556262970 0.042497974 0.999067724 -0.007597670 -7.535993576 -0.061800003 0.010218655 0.998036146 68.036193848
0.997411549 -0.040117279 0.059673306 5.665215969 0.040488612 0.999167383 -0.005026290 -7.663833141 -0.059421979 0.007429369 0.998205245 69.200942993
0.997695446 -0.039185215 0.055391062 5.795900345 0.039712597 0.999175370 -0.008452239 -7.802545071 -0.055014189 0.010632486 0.998428941 70.418052673
0.997872829 -0.039436389 0.051908921 5.905518532 0.040256515 0.999078929 -0.014849223 -7.935072422 -0.051275514 0.016907312 0.998541415 71.576217651
0.997932076 -0.042805079 0.047950719 6.013242722 0.043723091 0.998876750 -0.018262118 -8.068104744 -0.047115147 0.020320909 0.998682737 72.754158020
0.997960269 -0.046487469 0.043750793 6.133146763 0.047129683 0.998793900 -0.013763196 -8.206563950 -0.043058217 0.015797082 0.998947680 73.945327759
0.997952998 -0.050304942 0.039485458 6.237521172 0.050691120 0.998675227 -0.008840178 -8.333626747 -0.038988441 0.010823643 0.999181032 75.102439880
0.998015940 -0.052530546 0.034708492 6.335795403 0.052763931 0.998589933 -0.005842382 -8.465335846 -0.034352642 0.007662148 0.999380350 76.293388367
0.998195291 -0.051750191 0.030463692 6.426759720 0.051874541 0.998648167 -0.003305092 -8.590215683 -0.030251464 0.004879416 0.999530375 77.453903198
0.998339713 -0.051199771 0.026388403 6.520075798 0.051318314 0.998674989 -0.003834462 -8.700416565 -0.026157111 0.005182304 0.999644399 78.610649109
0.998477638 -0.049892407 0.023523305 6.590313435 0.050022431 0.998735726 -0.004970686 -8.840181351 -0.023245567 0.006139812 0.999710917 79.781845093
0.998667061 -0.047451213 0.020312374 6.664811134 0.047659606 0.998814583 -0.009900803 -8.968721390 -0.019818489 0.010855685 0.999744594 80.926338196
0.998570323 -0.050932683 0.016218148 6.752812862 0.051173318 0.998580337 -0.014785120 -9.107060432 -0.015442073 0.015593920 0.999759078 82.086357117
0.998433352 -0.054353870 0.013280907 6.815546989 0.054564908 0.998380721 -0.016080571 -9.234636307 -0.012385360 0.016780050 0.999782503 83.234756470
0.998460352 -0.054651592 0.009489449 6.882133961 0.054769311 0.998419225 -0.012622883 -9.364032745 -0.008784591 0.013123176 0.999875247 84.372787476
0.998461187 -0.055054020 0.006667183 6.948415756 0.055120621 0.998427033 -0.010254184 -9.492839813 -0.006092163 0.010605901 0.999925137 85.507629395
0.998577833 -0.053049546 0.005287540 6.996629715 0.053110536 0.998514593 -0.012153825 -9.620853424 -0.004634931 0.012417366 0.999912143 86.657112122
0.998767436 -0.049396191 0.004866402 7.047139645 0.049464826 0.998660624 -0.015171004 -9.749320984 -0.004110494 0.015393021 0.999873042 87.777122498
0.998830676 -0.048237540 0.003246913 7.113386631 0.048288468 0.998670340 -0.018044218 -9.875329971 -0.002372187 0.018179907 0.999831915 88.870536804
0.998761892 -0.049664214 0.002856267 7.152467251 0.049708556 0.998593628 -0.018433273 -10.017251968 -0.001936776 0.018552434 0.999826133 90.013534546
0.998696923 -0.051018935 0.001207364 7.205237865 0.051031731 0.998569131 -0.015980106 -10.146128654 -0.000390348 0.016020896 0.999871612 91.127502441
0.998640120 -0.052136153 0.000061555 7.256554127 0.052132424 0.998552918 -0.013199246 -10.277393341 0.000626692 0.013184503 0.999912918 92.242301941
0.998650014 -0.051942747 -0.000391571 7.315172672 0.051933620 0.998569965 -0.012680275 -10.403503418 0.001049660 0.012642820 0.999919534 93.387321472
0.998620391 -0.052508976 -0.000426683 7.359605789 0.052497253 0.998515368 -0.014529929 -10.534146309 0.001189001 0.014487484 0.999894321 94.495414734
0.998597682 -0.052921630 -0.001471260 7.423943043 0.052885693 0.998430908 -0.018402955 -10.663712502 0.002442866 0.018299337 0.999829531 95.608467102
0.998582244 -0.053220082 -0.001081387 7.462601185 0.053188950 0.998394072 -0.019500395 -10.800939560 0.002117464 0.019415230 0.999809265 96.707977295
0.998537719 -0.054041881 -0.001335090 7.517343521 0.054009795 0.998382986 -0.017730227 -10.933886528 0.002291106 0.017632190 0.999841988 97.793418884
0.998591542 -0.053054255 -0.000431014 7.559624672 0.053044491 0.998511136 -0.012721960 -11.053920746 0.001105326 0.012681180 0.999918997 98.875907898
0.998676538 -0.051425073 0.000683622 7.610176086 0.051429227 0.998632967 -0.009345020 -11.173792839 -0.000202119 0.009367810 0.999956131 99.942291260
0.998777449 -0.049349699 0.002868349 7.650065899 0.049373955 0.998738766 -0.009114346 -11.297015190 -0.002414942 0.009244827 0.999954283 101.004745483
0.998855889 -0.047561966 0.004973524 7.698370457 0.047613554 0.998807132 -0.010826113 -11.418633461 -0.004452681 0.011050534 0.999929011 102.041870117
0.998816371 -0.048053149 0.007535455 7.749562740 0.048147418 0.998757243 -0.012872919 -11.543833733 -0.006907507 0.013220495 0.999888778 103.062118530
0.998731911 -0.049397402 0.009714163 7.789623737 0.049532458 0.998671651 -0.014193255 -11.651837349 -0.009000151 0.014656425 0.999852002 104.065368652
0.998620033 -0.051244490 0.011488779 7.850138664 0.051398311 0.998586714 -0.013519417 -11.765455246 -0.010779746 0.014091264 0.999842525 105.048042297
0.998601496 -0.051242951 0.013004918 7.909176350 0.051401354 0.998604119 -0.012153098 -11.883414268 -0.012364004 0.012804573 0.999841452 106.025703430
0.998515606 -0.052651793 0.013942868 7.980928421 0.052803770 0.998546839 -0.010765934 -11.986147881 -0.013355761 0.011486189 0.999844849 106.963279724
0.998449504 -0.053252775 0.016210191 8.033317566 0.053436149 0.998509645 -0.011097147 -12.094192505 -0.015595078 0.011946152 0.999807000 107.880027771
0.998443484 -0.052966483 0.017469116 8.095564842 0.053137213 0.998542428 -0.009457742 -12.192295074 -0.016942710 0.010371281 0.999802649 108.779762268
0.998452783 -0.052137278 0.019332433 8.151450157 0.052286334 0.998605609 -0.007286647 -12.291148186 -0.018925572 0.008286196 0.999786556 109.649673462
0.998432934 -0.052168932 0.020249413 8.216175079 0.052261572 0.998625040 -0.004072371 -12.392689705 -0.020009121 0.005124254 0.999786675 110.504577637
0.998390973 -0.052300427 0.021909710 8.274117470 0.052405845 0.998616755 -0.004264272 -12.483311653 -0.021656381 0.005405608 0.999750853 111.329383850
0.998413861 -0.051332712 0.023121815 8.323074341 0.051421065 0.998671770 -0.003242714 -12.574463844 -0.022924650 0.004426520 0.999727368 112.140678406
0.998524725 -0.049028683 0.023336524 8.376185417 0.049107756 0.998789489 -0.002827108 -12.656031609 -0.023169667 0.003968942 0.999723613 112.920410156
0.998666823 -0.046395928 0.022624439 8.418997765 0.046407461 0.998922467 0.000015260 -12.732200623 -0.022600770 0.001034703 0.999743998 113.673805237
0.998727441 -0.046369325 0.019829784 8.461836815 0.046357203 0.998924315 0.001070342 -12.816115379 -0.019858081 -0.000149727 0.999802768 114.414138794
0.998830378 -0.046420366 0.013523312 8.496419907 0.046409111 0.998921812 0.001144815 -12.890560150 -0.013561876 -0.000515871 0.999907851 115.110977173
0.998979151 -0.045091648 0.002720442 8.524826050 0.045091301 0.998982847 0.000188753 -12.968255043 -0.002726188 -0.000065893 0.999996185 115.778526306
0.999028265 -0.042665027 -0.011049425 8.522287369 0.042642716 0.999087870 -0.002246893 -13.042517662 0.011135211 0.001773531 0.999936402 116.420608521
0.998709142 -0.041019216 -0.029956894 8.522985458 0.040875442 0.999149680 -0.005396343 -13.103453636 0.030152775 0.004164877 0.999536633 117.037826538
0.997860074 -0.039260171 -0.052285831 8.487674713 0.038917590 0.999213934 -0.007554542 -13.175446510 0.052541316 0.005503537 0.998603582 117.623977661
0.996095002 -0.037709154 -0.079828821 8.443270683 0.037088241 0.999269187 -0.009247154 -13.244211197 0.080119193 0.006250334 0.996765733 118.194511414
0.993076622 -0.035428666 -0.111998215 8.372579575 0.034318779 0.999340951 -0.011822842 -13.307315826 0.112343274 0.007897347 0.993638039 118.737541199
0.988694668 -0.030631779 -0.146780834 8.254409790 0.029035125 0.999493778 -0.013008496 -13.376057625 0.147104993 0.008599631 0.989083529 119.279426575
0.982230663 -0.025176268 -0.185981467 8.155210495 0.023213105 0.999649525 -0.012726128 -13.431213379 0.186236709 0.008182786 0.982470810 119.788124084
0.973602891 -0.019739425 -0.227393061 8.012390137 0.017723471 0.999783397 -0.010904140 -13.488793373 0.227559030 0.006586110 0.973742008 120.290786743
0.962198853 -0.015134441 -0.271926790 7.835590363 0.013067316 0.999870300 -0.009411067 -13.547641754 0.272033960 0.005501966 0.962271929 120.783638000
0.947920859 -0.008802867 -0.318384290 7.643466949 0.005908565 0.999931931 -0.010055193 -13.605234146 0.318451166 0.007650331 0.947908342 121.247764587
0.930305064 -0.001160641 -0.366784930 7.419937134 -0.003031444 0.999936461 -0.010853054 -13.661294937 0.366774201 0.011208540 0.930242419 121.716339111
0.909100056 0.003565917 -0.416562557 7.163173676 -0.009180417 0.999891937 -0.011475796 -13.718395233 0.416476697 0.014256866 0.909034610 122.150459290
0.883987129 0.007836746 -0.467445612 6.892623901 -0.014344340 0.999843359 -0.010364186 -13.771253586 0.467291206 0.015867002 0.883961141 122.561477661
0.855190039 0.011271514 -0.518191934 6.600425720 -0.019521587 0.999754548 -0.010470870 -13.814180374 0.517946720 0.019070514 0.855200291 122.956039429
0.823427081 0.020901844 -0.567036986 6.275951385 -0.029863471 0.999532700 -0.006522173 -13.871558189 0.566635728 0.022304228 0.823666513 123.325332642
0.789807081 0.034142476 -0.612404227 5.918064117 -0.043628234 0.999047637 -0.000568129 -13.907120705 0.611801624 0.027166827 0.790544510 123.677497864
0.753387988 0.043140162 -0.656159639 5.571346283 -0.055178661 0.998473823 0.002291198 -13.955186844 0.655257106 0.034479845 0.754618585 123.995124817
0.713398874 0.047025599 -0.699178576 5.206069946 -0.062361777 0.998047531 0.003496902 -14.002714157 0.697977841 0.041107330 0.714938462 124.291625977
0.670882761 0.048753299 -0.739959002 4.825550079 -0.065162137 0.997852504 0.006665829 -14.050018311 0.738694906 0.043745320 0.672618866 124.576522827
0.627382219 0.052165762 -0.776962161 4.409126282 -0.068775259 0.997566640 0.011442560 -14.081542015 0.775668383 0.046256922 0.629443288 124.840217590
0.581668198 0.060855582 -0.811146557 4.000160217 -0.079406753 0.996682763 0.017833192 -14.120408058 0.809540987 0.054037515 0.584570944 125.068305969
0.536658466 0.069955133 -0.840894699 3.521362305 -0.092012137 0.995466352 0.024092074 -14.146633148 0.838767827 0.064443327 0.540662229 125.294395447
0.489816129 0.075023837 -0.868591607 3.072669983 -0.097880572 0.994723856 0.030721564 -14.170077324 0.866313756 0.069970340 0.494575202 125.485725403
0.442151785 0.076538719 -0.893668652 2.610561371 -0.097252488 0.994569421 0.037063740 -14.199110985 0.891652286 0.070523687 0.447194278 125.668457031
0.395171404 0.077732414 -0.915312588 2.136890411 -0.095063820 0.994523823 0.043417115 -14.217534065 0.913675308 0.069855914 0.400397003 125.838722229
0.349989176 0.080763139 -0.933265626 1.639095306 -0.096720733 0.994067252 0.049752999 -14.240716934 0.931747079 0.072853133 0.355724394 125.975929260
0.305719227 0.083949633 -0.948413551 1.116767883 -0.102574758 0.993211865 0.054850224 -14.261856079 0.946580231 0.080514528 0.312255085 126.104179382
0.264271736 0.085347086 -0.960664570 0.603603363 -0.107221782 0.992501974 0.058679655 -14.279360771 0.958469570 0.087496795 0.271441251 126.205078125
0.225231797 0.082114071 -0.970838785 0.076564789 -0.107852921 0.992419481 0.058917813 -14.296066284 0.968317270 0.091437638 0.232380629 126.298423767
0.190595850 0.076930940 -0.978649557 -0.459171295 -0.102381535 0.993045628 0.058123399 -14.316067696 0.976315081 0.089117564 0.197146684 126.386322021
0.159729227 0.072039671 -0.984528720 -1.007030487 -0.100418620 0.993345857 0.056392986 -14.341487885 0.982040048 0.089857407 0.165900484 126.471694946
0.132901073 0.070428126 -0.988623798 -1.570005417 -0.101318181 0.993212104 0.057134748 -14.363358498 0.985937059 0.092572294 0.139134586 126.542839050
0.111271940 0.069538876 -0.991354048 -2.155681610 -0.102193020 0.993061364 0.058188245 -14.377446175 0.988521695 0.094834730 0.117606215 126.599861145
0.092850715 0.070781685 -0.993160963 -2.763043404 -0.104676574 0.992636323 0.060958080 -14.391903877 0.990162373 0.098300681 0.099576168 126.649368286
0.077002890 0.069099858 -0.994633377 -3.370003700 -0.105504021 0.992559254 0.060787797 -14.417725563 0.991432905 0.100256987 0.083720237 126.694572449
0.062795095 0.068308055 -0.995686114 -4.010610580 -0.104084112 0.992662907 0.061536361 -14.449728012 0.992584109 0.099770926 0.069444150 126.751861572
0.050358716 0.065835960 -0.996558905 -4.641224861 -0.100177065 0.993125677 0.060546935 -14.473538399 0.993694365 0.096783280 0.056607790 126.799530029
0.038391761 0.063130952 -0.997266531 -5.294141769 -0.097484700 0.993478477 0.059138279 -14.490615845 0.994496226 0.094947807 0.044295691 126.836746216
0.027694698 0.062811799 -0.997641087 -5.952689648 -0.097553000 0.993429780 0.059838582 -14.513094902 0.994844913 0.095665656 0.033640213 126.866546631
0.018107910 0.064569823 -0.997748852 -6.636010170 -0.101457886 0.992880046 0.062413406 -14.542027473 0.994675040 0.100099295 0.024530100 126.886734009
0.009834502 0.063573241 -0.997928739 -7.317624569 -0.103862450 0.992644131 0.062213022 -14.561058998 0.994543016 0.103035495 0.016365031 126.902221680
0.003335732 0.063222341 -0.997994006 -8.003035545 -0.106538832 0.992341816 0.062508188 -14.585657120 0.994302928 0.106116593 0.010045824 126.916015625
-0.002126979 0.064250141 -0.997931540 -8.706589699 -0.107037678 0.992185950 0.064108379 -14.605778694 0.994252801 0.106952608 0.004766827 126.936714172
-0.005477699 0.066790089 -0.997751892 -9.415055275 -0.109413058 0.991736531 0.066988088 -14.625817299 0.993981302 0.109534033 0.001875273 126.954635620
-0.006537065 0.070332646 -0.997502148 -10.130905151 -0.111258373 0.991279006 0.070622973 -14.650062561 0.993770003 0.111442134 0.001345040 126.965827942
-0.007531043 0.073783882 -0.997245789 -10.867282867 -0.113731354 0.990739763 0.074161410 -14.668150902 0.993482947 0.113976635 0.000930239 126.978019714
-0.008413176 0.079216592 -0.996821880 -11.607922554 -0.118525133 0.989750922 0.079655021 -14.675770760 0.992915452 0.118818603 0.001062209 126.987113953
-0.009814069 0.082720168 -0.996524453 -12.352722168 -0.121576980 0.989080489 0.083299570 -14.687389374 0.992533445 0.121971957 0.000349963 126.997451782
-0.011044736 0.083446346 -0.996451080 -13.099502563 -0.121084712 0.989067197 0.084170103 -14.708258629 0.992580712 0.121584624 -0.000819907 127.015586853
-0.012850243 0.080403678 -0.996679604 -13.842730522 -0.118492767 0.989615917 0.081361569 -14.727503777 0.992871702 0.119144842 -0.003189552 127.038642883
-0.014287492 0.077010237 -0.996927977 -14.602313995 -0.122321859 0.989406347 0.078182258 -14.735059738 0.992387652 0.123063110 -0.004716099 127.049186707
-0.015115577 0.078564510 -0.996794403 -15.378254890 -0.127443403 0.988626122 0.079853281 -14.745306015 0.991730690 0.128241867 -0.004931126 127.047096252
-0.016775757 0.082228065 -0.996472180 -16.147005081 -0.124474898 0.988687694 0.083681241 -14.760688782 0.992080986 0.125439599 -0.006350658 127.061531067
-0.019526392 0.082398996 -0.996408045 -16.919710159 -0.123344921 0.988786519 0.084185876 -14.780797958 0.992171824 0.124545716 -0.009143936 127.081062317
-0.020348441 0.081376165 -0.996475697 -17.717563629 -0.126358807 0.988480628 0.083303556 -14.791387558 0.991775870 0.127608582 -0.009831445 127.078697205
-0.020823520 0.081280373 -0.996473670 -18.504594803 -0.131115884 0.987859666 0.083317697 -14.798677444 0.991148353 0.132388502 -0.009913567 127.076004028
-0.021957148 0.085845470 -0.996066451 -19.308629990 -0.133101955 0.987186611 0.088014245 -14.807792664 0.990859091 0.134510905 -0.010249602 127.079261780
-0.022613870 0.090378396 -0.995650649 -20.122165680 -0.131540462 0.986978352 0.092578799 -14.817644119 0.991052806 0.133061916 -0.010430985 127.092170715
-0.022018945 0.092590526 -0.995460808 -20.941354752 -0.133638456 0.986493945 0.094712481 -14.829907417 0.990785658 0.135117322 -0.009347907 127.107833862
-0.020321049 0.091372684 -0.995609462 -21.760000229 -0.132987022 0.986719251 0.093271144 -14.836568832 0.990909517 0.134298474 -0.007899789 127.119583130
-0.018867962 0.091360055 -0.995639145 -22.590923309 -0.133087158 0.986725330 0.093064204 -14.840544701 0.990924776 0.134262741 -0.006458648 127.126281738
-0.018903820 0.090569533 -0.995710731 -23.424352646 -0.131606355 0.986997962 0.092275605 -14.849397659 0.991121769 0.132786214 -0.006738505 127.149345398
-0.018006066 0.092558444 -0.995544374 -24.262842178 -0.132505193 0.986702263 0.094132930 -14.856299400 0.991018713 0.133609802 -0.005502151 127.165496826
-0.017686799 0.094456300 -0.995371997 -25.100627899 -0.134219021 0.986292601 0.095979653 -14.856700897 0.990793824 0.135295421 -0.004766529 127.183700562
-0.017510518 0.097084336 -0.995122135 -25.979063034 -0.137161314 0.985631943 0.098572031 -14.860121727 0.990394056 0.138218254 -0.003942713 127.194717407
-0.015967125 0.098258637 -0.995032847 -26.842664719 -0.139336929 0.985230803 0.099526614 -14.858040810 0.990116298 0.140233964 -0.002040252 127.205917358
-0.014313273 0.101280056 -0.994755030 -27.712076187 -0.146066755 0.983972788 0.102283992 -14.857224464 0.989171147 0.146764651 0.000709776 127.220298767
-0.011902805 0.105279140 -0.994371474 -28.596788406 -0.150823742 0.982875466 0.105867401 -14.853947639 0.988489032 0.151234955 0.004179617 127.232955933
-0.009809211 0.107149944 -0.994194448 -29.472106934 -0.153384998 0.982314527 0.107382968 -14.848603249 0.988117814 0.153547868 0.006799465 127.261810303
-0.006083041 0.107960977 -0.994136512 -30.368391037 -0.152005896 0.982502162 0.107627630 -14.849438667 0.988360822 0.151769310 0.010434105 127.284797668
-0.003420138 0.107947133 -0.994150758 -31.260932922 -0.154704481 0.982130527 0.107174166 -14.843665123 0.987954795 0.154166132 0.013340884 127.312255859
-0.000911101 0.111854076 -0.993724287 -32.162853241 -0.155245855 0.981660664 0.110638566 -14.836937904 0.987875462 0.154372394 0.016470497 127.341217041
0.001434583 0.113834202 -0.993498743 -33.081970215 -0.154278055 0.981630206 0.112251565 -14.830063820 0.988026440 0.153114021 0.018970354 127.379158020
0.003178210 0.115323022 -0.993323028 -33.975105286 -0.155079305 0.981367409 0.113438830 -14.827838898 0.987896919 0.153683275 0.021003207 127.418998718
0.005986085 0.113494523 -0.993520617 -34.880195618 -0.156542808 0.981395066 0.111166202 -14.820606232 0.987653077 0.154863045 0.023641465 127.445800781
0.005883032 0.114330791 -0.993425310 -35.790672302 -0.160608858 0.980653286 0.111909769 -14.807612419 0.987000525 0.158894554 0.024131753 127.489868164
0.007008190 0.115085505 -0.993330896 -36.685066223 -0.161560535 0.980435014 0.112451576 -14.803626060 0.986837864 0.159694955 0.025464354 127.524810791
0.007209866 0.111607425 -0.993726254 -37.580333710 -0.161895037 0.980772078 0.108977892 -14.800882339 0.986781597 0.160093620 0.025139920 127.559692383
0.008138097 0.107374214 -0.994185388 -38.487354279 -0.163226724 0.981026113 0.104616873 -14.798583984 0.986555040 0.161426231 0.025510024 127.600219727
0.008577400 0.106518231 -0.994273663 -39.384868622 -0.162826121 0.981188893 0.103711739 -14.792432785 0.986617506 0.161004186 0.025759999 127.640495300
0.008448914 0.110684872 -0.993819654 -40.290412903 -0.164935485 0.980396867 0.107787736 -14.788615227 0.986268163 0.163005456 0.026539152 127.680892944
0.008724617 0.117005751 -0.993092895 -41.217117310 -0.165703222 0.979569435 0.113956682 -14.779054642 0.986137092 0.163564503 0.027934602 127.717758179
0.009021605 0.115659356 -0.993247867 -42.112895966 -0.163665205 0.980064452 0.112637632 -14.778223038 0.986474693 0.161543980 0.027771167 127.760261536
0.009817884 0.105254903 -0.994396806 -43.009460449 -0.162456974 0.981400788 0.102275327 -14.786491394 0.986666739 0.160542592 0.026734672 127.805152893
0.010025451 0.095227569 -0.995405018 -43.902526855 -0.164341778 0.982075930 0.092297189 -14.790778160 0.986352503 0.162661359 0.025495624 127.843322754
0.009452716 0.092032209 -0.995711207 -44.808887482 -0.161304608 0.982855082 0.089312598 -14.799613953 0.986859381 0.159768566 0.024135869 127.882949829
0.009229403 0.101814717 -0.994760573 -45.736309052 -0.153792843 0.983111382 0.099195510 -14.803350449 0.988059938 0.152071580 0.024731910 127.933570862
0.009368943 0.115445338 -0.993269622 -46.657924652 -0.149043262 0.982378840 0.112773694 -14.801024437 0.988786280 0.146983579 0.026410202 127.984756470
0.009079195 0.124111682 -0.992226720 -47.590026855 -0.149181008 0.981331229 0.121383794 -14.789820671 0.988768160 0.146919340 0.027424807 128.034164429
0.008895607 0.118589930 -0.992903531 -48.511390686 -0.149313360 0.981968462 0.115946166 -14.785091400 0.988749862 0.147222355 0.026442274 128.079345703
0.009092111 0.104588851 -0.994473994 -49.428817749 -0.149219990 0.983521461 0.102072723 -14.774082184 0.988762259 0.147467345 0.024549035 128.118057251
0.009619658 0.096584290 -0.995278299 -50.357967377 -0.150142476 0.984180331 0.094056129 -14.792778969 0.988617599 0.148528770 0.023968881 128.159072876
0.010061690 0.096557952 -0.995276451 -51.281269073 -0.149561137 0.984276056 0.093978748 -14.800514221 0.988701344 0.147909075 0.024344794 128.201828003
0.009623623 0.097842976 -0.995155334 -52.204093933 -0.152368620 0.983723581 0.095245540 -14.809604645 0.988276899 0.150713846 0.024375184 128.240447998
0.009770697 0.097494863 -0.995187998 -53.163719177 -0.156764045 0.983078659 0.094769441 -14.820827484 0.987587750 0.155083731 0.024889054 128.282287598
0.010349999 0.096977480 -0.995232821 -54.092170715 -0.158213913 0.982907712 0.094131142 -14.821865082 0.987350583 0.156485409 0.025516281 128.320648193
0.011292052 0.104751468 -0.994434297 -55.034885406 -0.167669088 0.980615437 0.101391904 -14.822651863 0.985778689 0.165590987 0.028636744 128.357421875
0.013489863 0.113596372 -0.993435442 -55.979938507 -0.173287809 0.978757858 0.109564967 -14.812593460 0.984778821 0.170672238 0.032888174 128.385879517
0.014419302 0.121662527 -0.992466807 -56.965892792 -0.173582137 0.977803528 0.117343098 -14.800148010 0.984713852 0.170582518 0.035217687 128.441375732
0.015593201 0.122466460 -0.992350101 -57.906372070 -0.175094083 0.977469563 0.117878698 -14.791618347 0.984428227 0.171916544 0.036685027 128.484283447
0.016373429 0.112794027 -0.993483424 -58.844951630 -0.176571637 0.978326678 0.108163163 -14.787852287 0.984151721 0.173649997 0.035934784 128.541244507
0.017380824 0.107591607 -0.994043231 -59.782752991 -0.175011575 0.979172111 0.102921948 -14.783791542 0.984413028 0.172180161 0.035848595 128.596481323
0.019964764 0.105966218 -0.994169295 -60.744609833 -0.173618898 0.979627311 0.100929648 -14.787172318 0.984610498 0.170591548 0.037955768 128.643234253
0.023512159 0.112274408 -0.993399084 -61.701549530 -0.174911201 0.978808820 0.106485561 -14.785099983 0.984303415 0.171252891 0.042651962 128.693481445
0.026624512 0.114285171 -0.993091166 -62.670692444 -0.177830845 0.978139102 0.107796870 -14.787265778 0.983700812 0.173732176 0.046365894 128.756423950
0.030911554 0.108955845 -0.993565917 -63.609111786 -0.177435726 0.978850842 0.101821847 -14.789012909 0.983646691 0.173146635 0.049590465 128.819824219
0.033323877 0.103401385 -0.994081259 -64.575935364 -0.177155674 0.979494870 0.095945507 -14.799654007 0.983618438 0.172909871 0.050958708 128.895172119
0.037103783 0.103314705 -0.993956447 -65.526161194 -0.174712241 0.979992628 0.095341370 -14.803606033 0.983920157 0.170118809 0.054411780 128.961639404
0.039904635 0.107327320 -0.993422627 -66.477424622 -0.172311887 0.980058730 0.098961964 -14.809808731 0.984233797 0.167229474 0.057602666 129.038406372
0.042743392 0.114550985 -0.992497385 -67.457305908 -0.171988517 0.979418874 0.105634570 -14.817374229 0.984171212 0.166182965 0.061565142 129.123855591
0.046061382 0.118663028 -0.991865695 -68.410125732 -0.169802815 0.979399621 0.109286144 -14.819261551 0.984400988 0.163387701 0.065261811 129.200164795
0.047478545 0.120460227 -0.991582155 -69.374153137 -0.169372618 0.979297459 0.110858008 -14.822756767 0.984407783 0.162683472 0.066898286 129.287689209
0.049634598 0.117865853 -0.991788328 -70.326454163 -0.167550936 0.979922116 0.108070485 -14.820726395 0.984613121 0.160811007 0.068386585 129.367309570
0.050215397 0.115978435 -0.991981566 -71.287719727 -0.165207833 0.980516195 0.106274918 -14.819542885 0.984979570 0.158546537 0.068397544 129.451919556
0.050331492 0.112081654 -0.992423594 -72.227844238 -0.162124604 0.981420159 0.102616698 -14.826564789 0.985485911 0.155731440 0.067567535 129.544158936
0.050581712 0.112577774 -0.992354691 -73.197998047 -0.161109522 0.981532633 0.103138097 -14.826671600 0.985639513 0.154660866 0.067784943 129.618743896
0.049171668 0.116614699 -0.991959214 -74.140228271 -0.157433972 0.981650114 0.107598715 -14.825780869 0.986304581 0.150877267 0.066628501 129.723999023
0.049327292 0.118231729 -0.991760015 -75.114448547 -0.152153865 0.982268691 0.109532535 -14.827225685 0.987125099 0.145497188 0.066442065 129.807052612
0.048175629 0.114476599 -0.992257059 -76.062446594 -0.149024621 0.983115375 0.106186554 -14.825089455 0.987659216 0.142755136 0.064422034 129.892669678
0.046972279 0.110978812 -0.992712080 -77.012695312 -0.150655761 0.983227849 0.102789931 -14.827630043 0.987469733 0.144729525 0.062904038 129.971588135
0.045919131 0.107225582 -0.993173718 -77.995338440 -0.147160798 0.984101057 0.099442124 -14.826432228 0.988046110 0.141589925 0.060968477 130.040847778
0.044591121 0.108358569 -0.993111312 -78.941276550 -0.148072243 0.983836651 0.100698106 -14.831178665 0.987970769 0.142561942 0.059915274 130.109863281
0.043436904 0.109559663 -0.993030727 -79.890930176 -0.148600027 0.983620703 0.102021433 -14.830830574 0.987942994 0.143132880 0.059006002 130.188003540
0.042861138 0.110898666 -0.992907047 -80.859619141 -0.151277408 0.983082056 0.103271060 -14.839753151 0.987561703 0.145778060 0.058912471 130.247985840
0.041180108 0.110596299 -0.993011892 -81.805969238 -0.151010439 0.983127058 0.103232987 -14.829986572 0.987674057 0.145704046 0.057186477 130.322235107
0.039005056 0.111127630 -0.993040383 -82.757492065 -0.151221365 0.983006895 0.104065090 -14.831597328 0.987730026 0.146109864 0.055147111 130.392120361
0.037106089 0.114297487 -0.992753386 -83.700729370 -0.151113927 0.982655108 0.107486695 -14.832659721 0.987819731 0.146030426 0.053734437 130.464324951
0.035582583 0.118066102 -0.992367983 -84.666847229 -0.152419075 0.982020915 0.111369878 -14.821098328 0.987675130 0.147292987 0.052938372 130.512832642
0.033530805 0.122593947 -0.991890430 -85.617416382 -0.153430730 0.981315315 0.116100207 -14.806478500 0.987590313 0.148293510 0.051713977 130.575607300
0.031574793 0.122858919 -0.991921723 -86.563980103 -0.153772190 0.981198430 0.116635844 -14.805258751 0.987601697 0.148847252 0.049873415 130.638305664
0.030066010 0.116976388 -0.992679596 -87.510185242 -0.154005170 0.981811821 0.111031286 -14.795455933 0.987612486 0.149539471 0.047534138 130.701660156
0.027848519 0.112464584 -0.993265390 -88.448799133 -0.158758715 0.981536508 0.106685378 -14.787499428 0.986924529 0.154718518 0.045189064 130.761199951
0.027709208 0.110041887 -0.993540645 -89.422142029 -0.157333314 0.982014060 0.104377314 -14.777606964 0.987156749 0.153424799 0.044524089 130.804428101
0.026764678 0.111304663 -0.993425846 -90.373634338 -0.153334171 0.982478380 0.105947025 -14.782418251 0.987811923 0.149490491 0.043362528 130.863983154
0.026249483 0.112297595 -0.993327856 -91.325874329 -0.149925843 0.982873499 0.107153803 -14.776771545 0.988348722 0.146112785 0.042636227 130.926834106
0.024945632 0.112246417 -0.993367195 -92.271347046 -0.144886598 0.983590782 0.107503295 -14.778674126 0.989133775 0.141243875 0.040799294 130.993255615
0.023900375 0.109367564 -0.993714035 -93.217338562 -0.140876621 0.984447658 0.104959421 -14.780044556 0.989738643 0.137482509 0.038936008 131.053482056
0.023052812 0.106241532 -0.994073093 -94.189605713 -0.135671064 0.985471189 0.102175951 -14.785948753 0.990485728 0.132511511 0.037131790 131.107284546
0.022048282 0.108717620 -0.993828118 -95.149620056 -0.133760229 0.985453248 0.104833961 -14.788087845 0.990768313 0.130623266 0.036269650 131.161972046
0.020238250 0.111263759 -0.993584812 -96.095603943 -0.133444920 0.985197067 0.107606359 -14.789027214 0.990849614 0.130411074 0.034786243 131.225692749
0.019360844 0.109324887 -0.993817508 -97.048049927 -0.128935277 0.985976756 0.105950549 -14.787783623 0.991464019 0.126086861 0.033185180 131.267059326
0.016225992 0.106279798 -0.994203806 -98.005439758 -0.127241030 0.986469984 0.103376381 -14.790538788 0.991739094 0.124826133 0.029529605 131.326019287
0.013362028 0.103859365 -0.994502246 -98.954856873 -0.126204699 0.986812294 0.101360597 -14.791887283 0.991914213 0.124156475 0.026293349 131.376525879
0.011053439 0.102673583 -0.994653702 -99.917030334 -0.119902283 0.987673461 0.100620605 -14.799227715 0.992724180 0.118149027 0.023227986 131.422134399
0.008122293 0.102696545 -0.994679630 -100.860710144 -0.113957621 0.988327026 0.101110131 -14.794128418 0.993452370 0.112530053 0.019730536 131.479675293
0.005559208 0.110217266 -0.993891954 -101.849647522 -0.103868775 0.988594770 0.109048873 -14.790064812 0.994575500 0.102628119 0.016943930 131.537124634
0.002981830 0.118507802 -0.992948592 -102.808433533 -0.096026435 0.988398314 0.117676347 -14.786793709 0.995374322 0.094998419 0.014327120 131.590225220
-0.001152231 0.117477253 -0.993074894 -103.762657166 -0.091777690 0.988871813 0.117086537 -14.776788712 0.995778918 0.091277033 0.009642382 131.645202637
-0.002607800 0.107789479 -0.994170308 -104.719917297 -0.092826955 0.989854991 0.107565098 -14.778620720 0.995678842 0.092566334 0.007424428 131.665817261
-0.004827212 0.098130807 -0.995161831 -105.667243958 -0.094588086 0.990666628 0.098146364 -14.774433136 0.995504797 0.094604246 0.004499848 131.701751709
-0.004866916 0.100107402 -0.994964719 -106.628372192 -0.102336735 0.989702702 0.100078553 -14.781106949 0.994737864 0.102308512 0.005427863 131.715148926
-0.005800010 0.109659463 -0.993952215 -107.593948364 -0.105480902 0.988356709 0.109657623 -14.769271851 0.994404554 0.105478995 0.005834499 131.748901367
-0.007278774 0.121028431 -0.992622375 -108.557060242 -0.109305300 0.986604214 0.121096201 -14.756409645 0.993981600 0.109380320 0.006047782 131.775848389
-0.009211025 0.122918345 -0.992374063 -109.505271912 -0.116223685 0.985558391 0.123152904 -14.746155739 0.993180394 0.116471723 0.005208019 131.806320190
-0.008522918 0.119531929 -0.992793798 -110.495948792 -0.123409502 0.985114157 0.119666748 -14.725183487 0.992319226 0.123540089 0.006355328 131.819366455
-0.008823795 0.115660675 -0.993249595 -111.449836731 -0.131481037 0.984530389 0.115813389 -14.712541580 0.991279423 0.131615385 0.006519889 131.842620850
-0.006941123 0.117607370 -0.993036032 -112.415718079 -0.136009872 0.983720422 0.117454797 -14.693218231 0.990683258 0.135877982 0.009167642 131.866806030
-0.005655115 0.118934870 -0.992885947 -113.399421692 -0.143813953 0.982483327 0.118507877 -14.676382065 0.989588559 0.143461019 0.011548436 131.890579224
-0.004982373 0.121593475 -0.992567480 -114.363845825 -0.153091937 0.980786264 0.120918699 -14.658627510 0.988199353 0.152556539 0.013728341 131.907577515
-0.004983374 0.123831458 -0.992290795 -115.336677551 -0.158575818 0.979649127 0.123050250 -14.638042450 0.987334192 0.157966539 0.014754721 131.934875488
-0.004438558 0.123447664 -0.992341161 -116.311973572 -0.162216708 0.979118228 0.122528292 -14.629254341 0.986745179 0.161518186 0.015679400 131.963973999
-0.002841905 0.114197768 -0.993454039 -117.267601013 -0.161265075 0.980402291 0.113158792 -14.631442070 0.986907125 0.160530999 0.015629901 131.993667603
-0.001500244 0.102226116 -0.994760036 -118.218704224 -0.164144680 0.981243253 0.101084635 -14.620747566 0.986435235 0.163436219 0.015307768 132.030090332
