1.000000000 0.000000000 0.000000000 0.000000000 0.000000000 1.000000000 0.000000000 0.000000000 0.000000000 0.000000000 1.000000000 0.000000000
0.999997854 -0.001587132 -0.001338612 0.048982833 0.001584264 0.999996483 -0.002140163 -0.132959560 0.001342004 0.002138037 0.999996841 1.298015118
0.999997497 0.000002185 -0.002204427 0.105294511 -0.000016215 0.999979734 -0.006364192 -0.266990334 0.002204368 0.006364211 0.999977291 2.603684664
0.999995887 0.002551846 -0.001327551 0.147917181 -0.002562240 0.999965608 -0.007887150 -0.405987829 0.001307379 0.007890519 0.999967992 3.907029390
0.999982655 0.005890987 0.000201305 0.192337945 -0.005889520 0.999960601 -0.006643178 -0.544455945 -0.000240432 0.006641876 0.999977946 5.221143723
0.999975562 0.006591273 0.002300327 0.244120300 -0.006583649 0.999972820 -0.003306027 -0.688473284 -0.002322056 0.003290802 0.999991894 6.541439533
0.999960840 0.006850269 0.005601195 0.299912632 -0.006839015 0.999974549 -0.002026024 -0.825506449 -0.005614932 0.001987638 0.999982297 7.843659878
0.999943674 0.005386582 0.009147534 0.354297251 -0.005369857 0.999983847 -0.001851919 -0.960432529 -0.009157363 0.001802693 0.999956369 9.149016380
0.999914646 0.003943803 0.012459357 0.432419896 -0.003922932 0.999990821 -0.001699164 -1.097468019 -0.012465945 0.001650142 0.999920845 10.449562073
0.999871194 0.002798850 0.015804423 0.497628272 -0.002759315 0.999993026 -0.002522765 -1.234015584 -0.015811378 0.002478831 0.999871910 11.757949829
0.999814034 0.001617801 0.019217089 0.573061824 -0.001554385 0.999993265 -0.003314486 -1.369946599 -0.019222325 0.003283999 0.999809802 13.050958633
0.999743879 0.001802736 0.022558449 0.642113209 -0.001730292 0.999993265 -0.003230511 -1.519047022 -0.022564124 0.003190650 0.999740303 14.368460655
0.999664962 0.001715092 0.025824413 0.728121758 -0.001605462 0.999989569 -0.004265340 -1.656879783 -0.025831459 0.004222452 0.999657273 15.664413452
0.999571562 0.002597362 0.029153541 0.809509516 -0.002472664 0.999987662 -0.004312562 -1.794718027 -0.029164381 0.004238628 0.999565661 16.966321945
0.999471545 0.002285468 0.032425120 0.897511005 -0.002159486 0.999989986 -0.003919804 -1.933670640 -0.032433752 0.003847711 0.999466479 18.252519608
0.999410987 0.000638862 0.034312200 1.001030207 -0.000516880 0.999993503 -0.003563839 -2.076574326 -0.034314252 0.003544005 0.999404788 19.547040939
0.999350071 -0.001944017 0.035994422 1.098042846 0.002119555 0.999986053 -0.004839302 -2.217028141 -0.035984516 0.004912449 0.999340236 20.821676254
0.999305665 -0.001446826 0.037230022 1.193217754 0.001696399 0.999976277 -0.006672809 -2.356845856 -0.037219487 0.006731334 0.999284387 22.127084732
0.999258578 -0.001279256 0.038480375 1.275950789 0.001637951 0.999955535 -0.009291422 -2.500896692 -0.038466778 0.009347562 0.999216139 23.414360046
0.999215603 -0.000806058 0.039592508 1.377843022 0.001234493 0.999940872 -0.010797861 -2.643266678 -0.039581463 0.010838267 0.999157488 24.699455261
0.999180615 -0.000136838 0.040474381 1.479342937 0.000602556 0.999933660 -0.011494522 -2.789073944 -0.040470134 0.011509490 0.999114394 25.970197678
0.999150097 -0.001641256 0.041187312 1.576982379 0.002064258 0.999945641 -0.010229790 -2.938967943 -0.041168280 0.010306117 0.999099076 27.259555817
0.999157369 -0.004611963 0.040782273 1.684463501 0.004989059 0.999945700 -0.009149609 -3.084245205 -0.040737864 0.009345364 0.999126196 28.537481308
0.999173105 -0.006188011 0.040182896 1.778263807 0.006578438 0.999932349 -0.009591286 -3.233076572 -0.040120833 0.009847697 0.999146283 29.828365326
0.999186397 -0.007870940 0.039551627 1.879248381 0.008354649 0.999892116 -0.012079466 -3.379404306 -0.039452273 0.012400082 0.999144495 31.091390610
0.999223948 -0.007977824 0.038572632 1.992976189 0.008452847 0.999890208 -0.012167647 -3.528000116 -0.038471326 0.012484250 0.999181688 32.377063751
0.999249518 -0.008623032 0.037762526 2.094888449 0.009105133 0.999879003 -0.012613359 -3.671007156 -0.037649181 0.012947724 0.999207139 33.645301819
0.999255896 -0.008969121 0.037516188 2.185819864 0.009447030 0.999876201 -0.012580895 -3.816989899 -0.037398711 0.012925949 0.999216735 34.912063599
0.999267459 -0.009606860 0.037044827 2.279121876 0.010096737 0.999863684 -0.013059582 -3.960994959 -0.036914319 0.013424044 0.999228299 36.175361633
0.999311030 -0.009951419 0.035755105 2.391614676 0.010432217 0.999857306 -0.013285653 -4.118024826 -0.035617799 0.013649505 0.999272287 37.458835602
0.999302924 -0.009600276 0.036076795 2.478406906 0.010021673 0.999883413 -0.011517867 -4.264393330 -0.035962019 0.011871387 0.999282658 38.723747253
0.999276757 -0.009772632 0.036747918 2.586739540 0.010159414 0.999894798 -0.010353308 -4.403434753 -0.036642876 0.010719159 0.999270856 39.985321045
0.999194145 -0.011547217 0.038438618 2.698019743 0.011890994 0.999891162 -0.008726958 -4.544975281 -0.038333666 0.009176999 0.999222875 41.235935211
0.999089241 -0.012650166 0.040751744 2.795764446 0.013068591 0.999864340 -0.010017660 -4.689230919 -0.040619493 0.010541102 0.999119103 42.497001648
0.998964071 -0.013831456 0.043353312 2.889277697 0.014415693 0.999809027 -0.013192627 -4.838186264 -0.043162566 0.013803927 0.998972714 43.747989655
0.998868883 -0.014973451 0.045129336 2.997338772 0.015626786 0.999777615 -0.014159095 -4.986515999 -0.044907287 0.014848306 0.998880804 45.008728027
0.998725712 -0.015077334 0.048160959 3.112784386 0.015725171 0.999790549 -0.013101066 -5.120957375 -0.047953337 0.013841711 0.998753667 46.250610352
0.998539984 -0.016577628 0.051411413 3.226313591 0.017094949 0.999807417 -0.009638944 -5.274098396 -0.051241722 0.010503746 0.998631060 47.507144928
0.998268008 -0.019451931 0.055522054 3.335055828 0.019904366 0.999772966 -0.007607338 -5.413424015 -0.055361472 0.008699292 0.998428524 48.723777771
0.998025954 -0.021706996 0.058931343 3.470214367 0.022216279 0.999721110 -0.008000563 -5.552832603 -0.058741238 0.009294004 0.998229980 49.980270386
0.997761071 -0.025031554 0.062017612 3.615020275 0.025815763 0.999596119 -0.011875967 -5.685523510 -0.061695300 0.013450408 0.998004377 51.210605621
0.997462153 -0.026338190 0.066147834 3.746977568 0.027184855 0.999559224 -0.011932183 -5.824104309 -0.065804400 0.013700122 0.997738481 52.447490692
0.997121453 -0.028862296 0.070113070 3.880367756 0.029587427 0.999518633 -0.009325636 -5.965609074 -0.069810174 0.011373254 0.997495413 53.667129517
0.996841192 -0.031589970 0.072867356 4.036965847 0.032127663 0.999464393 -0.006218465 -6.097369671 -0.072631903 0.008539879 0.997322261 54.879055023
0.996592939 -0.034133021 0.075082555 4.185055256 0.034548089 0.999394059 -0.004235805 -6.230492115 -0.074892484 0.006815331 0.997168362 56.092311859
0.996402502 -0.037619945 0.075939715 4.345652103 0.037842143 0.999282718 -0.001488600 -6.353817940 -0.075829238 0.004356966 0.997111320 57.310268402
0.996254027 -0.040616892 0.076343134 4.501152039 0.040740430 0.999169767 -0.000060936 -6.478509426 -0.076277271 0.003170959 0.997081578 58.513179779
0.996187687 -0.042657103 0.076094560 4.643449783 0.043029260 0.999068618 -0.003257174 -6.607161045 -0.075884722 0.006519051 0.997095287 59.720085144
0.996210694 -0.043783516 0.075148113 4.794050217 0.044476461 0.998981774 -0.007571575 -6.733966827 -0.074740060 0.010885205 0.997143626 60.905517578
0.996215463 -0.045329977 0.074161962 4.925902367 0.046300884 0.998862088 -0.011424426 -6.867942810 -0.073559679 0.014814952 0.997180760 62.108703613
0.996266484 -0.046855923 0.072509050 5.075367451 0.047976226 0.998753369 -0.013785889 -7.000853539 -0.071772702 0.017213132 0.997272432 63.301555634
0.996376634 -0.047300305 0.070684031 5.204060555 0.048401847 0.998730481 -0.013952429 -7.136755943 -0.069934316 0.017323110 0.997401297 64.486709595
0.996613383 -0.046621904 0.067736179 5.338359833 0.047648363 0.998771310 -0.013617031 -7.269324780 -0.067018092 0.016798431 0.997610390 65.661262512
0.996861458 -0.045616504 0.064701773 5.458287716 0.046457395 0.998853385 -0.011551171 -7.410984993 -0.064100668 0.014520790 0.997837782 66.869812012
0.997255027 -0.041765802 0.061138984 5.577247620 0.042332981 0.999071419 -0.008010674 -7.541029930 -0.060747650 0.010576881 0.998097062 68.044609070
0.997476459 -0.039874110 0.058742613 5.681670189 0.040257778 0.999174893 -0.005361906 -7.669890881 -0.058480334 0.007713221 0.998258710 69.203910828
0.997752309 -0.039117768 0.054407444 5.814269066 0.039643034 0.999176681 -0.008608511 -7.811946869 -0.054025911 0.010746037 0.998481691 70.426750183
0.997928441 -0.039564069 0.050730716 5.924390793 0.040379133 0.999069691 -0.015143136 -7.943425179 -0.050084401 0.017160226 0.998597562 71.586425781
0.997969925 -0.042842124 0.047123350 6.035085678 0.043755725 0.998870432 -0.018529434 -8.081126213 -0.046276264 0.020553736 0.998717308 72.769264221
0.997990727 -0.045959387 0.043613039 6.135631561 0.046596926 0.998819649 -0.013715304 -8.216196060 -0.042931214 0.015719984 0.998954356 73.936935425
0.997978091 -0.050316636 0.038832910 6.244483948 0.050704014 0.998672605 -0.009055254 -8.343086243 -0.038325727 0.011005926 0.999204695 75.115272522
0.998031735 -0.052351713 0.034523364 6.339075089 0.052604947 0.998594403 -0.006467253 -8.462586403 -0.034136266 0.008270623 0.999382973 76.290191650
0.998255551 -0.050698441 0.030258328 6.426350594 0.050843541 0.998698413 -0.004045182 -8.593235970 -0.030013857 0.005576565 0.999533951 77.454734802
0.998363853 -0.050513256 0.026795236 6.512539864 0.050637793 0.998709142 -0.003989257 -8.713485718 -0.026559137 0.005339582 0.999633074 78.613632202
0.998546183 -0.048521217 0.023480650 6.593026638 0.048654705 0.998802423 -0.005147182 -8.848581314 -0.023202784 0.006282144 0.999711037 79.783050537
0.998663008 -0.047434226 0.020544162 6.653155327 0.047659077 0.998807371 -0.010596481 -8.976545334 -0.020017022 0.011561432 0.999732733 80.931411743
0.998563766 -0.050953183 0.016557334 6.737692833 0.051213764 0.998564005 -0.015714118 -9.106705666 -0.015732875 0.016539514 0.999739349 82.073966980
0.998417318 -0.054653525 0.013255550 6.802291393 0.054871980 0.998353362 -0.016718052 -9.240225792 -0.012320023 0.017418951 0.999772370 83.234321594
0.998472095 -0.054372307 0.009852173 6.862314224 0.054500632 0.998425663 -0.013261182 -9.374296188 -0.009115622 0.013777870 0.999863446 84.389671326
0.998461723 -0.054913081 0.007661725 6.918364525 0.054994196 0.998428106 -0.010811863 -9.501801491 -0.007055970 0.011216580 0.999912202 85.520301819
0.998615324 -0.052187823 0.006625599 6.973812103 0.052267160 0.998555839 -0.012426103 -9.632667542 -0.005967539 0.012755198 0.999900818 86.667518616
0.998790443 -0.048831534 0.005756325 7.025633812 0.048916753 0.998678982 -0.015731994 -9.763349533 -0.004980503 0.015994545 0.999859691 87.806259155
0.998857677 -0.047554664 0.004692432 7.077442646 0.047632340 0.998700500 -0.018124601 -9.896068573 -0.003824426 0.018327406 0.999824703 88.925102234
0.998813331 -0.048563547 0.003668097 7.133559227 0.048623774 0.998642981 -0.018652920 -10.031859398 -0.002757268 0.018809140 0.999819279 90.038238525
0.998786449 -0.049170192 0.002807866 7.177180290 0.049210086 0.998651147 -0.016561713 -10.165216446 -0.001989736 0.016679792 0.999858916 91.178062439
0.998695374 -0.051039606 0.001544225 7.236302376 0.051055957 0.998602509 -0.013650890 -10.293008804 -0.000845331 0.013711925 0.999905646 92.287887573
0.998729050 -0.050379492 0.001427099 7.286398888 0.050394118 0.998639643 -0.013392506 -10.418202400 -0.000750449 0.013447406 0.999909341 93.427543640
0.998695850 -0.051044077 0.001169837 7.333525658 0.051056106 0.998575270 -0.015522441 -10.552905083 -0.000375841 0.015561926 0.999878824 94.566970825
0.998694003 -0.051087029 0.000678365 7.389508724 0.051090695 0.998513639 -0.018979007 -10.683490753 0.000292224 0.018988878 0.999819636 95.666725159
0.998645902 -0.052022241 0.000073796 7.446371555 0.052013271 0.998445332 -0.020041004 -10.817453384 0.000968897 0.020017708 0.999799192 96.775100708
0.998638749 -0.052152764 0.000789032 7.488172531 0.052158356 0.998459101 -0.018943764 -10.950107574 0.000200153 0.018959129 0.999820232 97.847740173
0.998652756 -0.051875476 0.001198485 7.538924217 0.051886976 0.998560846 -0.013562834 -11.070886612 -0.000493182 0.013606746 0.999907315 98.936294556
0.998747170 -0.049985390 0.002343236 7.591784477 0.050006941 0.998695970 -0.010280528 -11.192570686 -0.001826304 0.010384828 0.999944329 100.001625061
0.998829246 -0.048187606 0.004260409 7.645000458 0.048229773 0.998781979 -0.010420531 -11.306430817 -0.003753079 0.010613810 0.999936581 101.051574707
0.998892844 -0.046675835 0.005889039 7.704549313 0.046744063 0.998834372 -0.012037185 -11.435151100 -0.005320328 0.012299133 0.999910235 102.103363037
0.998865187 -0.046883103 0.008385032 7.755715370 0.047001328 0.998789489 -0.014506969 -11.553621292 -0.007694751 0.014884613 0.999859631 103.116142273
0.998776495 -0.048437048 0.009974757 7.825361729 0.048582662 0.998707771 -0.014913445 -11.675378799 -0.009239504 0.015379797 0.999839008 104.130493164
0.998684227 -0.049889371 0.011862608 7.887290955 0.050057262 0.998643935 -0.014304419 -11.799183846 -0.011132881 0.014879410 0.999827325 105.131385803
0.998665333 -0.049878530 0.013399634 7.951287746 0.050048959 0.998665988 -0.012699556 -11.915252686 -0.012748323 0.013353243 0.999829531 106.091644287
0.998604834 -0.050662078 0.014886716 8.007838249 0.050834533 0.998641551 -0.011443783 -12.025099754 -0.014286729 0.012184576 0.999823689 107.050468445
0.998532593 -0.051478118 0.016808975 8.065889359 0.051683899 0.998590827 -0.012045768 -12.130913734 -0.016165197 0.012896845 0.999786139 107.969291687
0.998531878 -0.050850697 0.018661106 8.123216629 0.051041324 0.998647630 -0.009884961 -12.237131119 -0.018133212 0.010822934 0.999777019 108.872474670
0.998536348 -0.049970698 0.020692354 8.179255486 0.050142217 0.998711109 -0.007854316 -12.334930420 -0.020273197 0.008880379 0.999755085 109.742576599
0.998502076 -0.050287381 0.021557441 8.243825912 0.050397664 0.998718619 -0.004602937 -12.438632011 -0.021298353 0.005682487 0.999756992 110.599830627
0.998466551 -0.050323967 0.023071026 8.304728508 0.050439913 0.998717010 -0.004471111 -12.531023979 -0.022816421 0.005627955 0.999723852 111.428497314
0.998482287 -0.049428057 0.024288736 8.355201721 0.049532197 0.998765647 -0.003703762 -12.622319221 -0.024075681 0.004901215 0.999698102 112.239059448
0.998588502 -0.047047593 0.024646448 8.408121109 0.047143623 0.998882592 -0.003329653 -12.704353333 -0.024462251 0.004486877 0.999690592 113.019309998
0.998712301 -0.044579946 0.024218027 8.452895164 0.044606451 0.999004543 -0.000555032 -12.779785156 -0.024169175 0.001634599 0.999706507 113.775100708
0.998790383 -0.044440243 0.021042638 8.498381615 0.044437740 0.999011993 0.000587151 -12.865062714 -0.021047940 0.000348646 0.999778390 114.520355225
0.998901963 -0.044509117 0.014622750 8.533536911 0.044504773 0.999009013 0.000622629 -12.939290047 -0.014635975 0.000028837 0.999892771 115.217689514
0.999076843 -0.042746082 0.004261820 8.560647964 0.042749751 0.999085486 -0.000773518 -13.012665749 -0.004224859 0.000954995 0.999990642 115.887985229
0.999147892 -0.040134296 -0.009633010 8.560994148 0.040101208 0.999189079 -0.003604265 -13.081972122 0.009769851 0.003214898 0.999947071 116.525070190
0.998834252 -0.038724434 -0.028818365 8.564376831 0.038570974 0.999238670 -0.005862283 -13.153491974 0.029023442 0.004743897 0.999567449 117.146972656
0.997986436 -0.037227914 -0.051352262 8.532150269 0.036869064 0.999288738 -0.007918097 -13.225463867 0.051610507 0.006008844 0.998649180 117.734672546
0.996242344 -0.035714962 -0.078902751 8.488889694 0.035047170 0.999337316 -0.009832517 -13.292669296 0.079201631 0.007030252 0.996833801 118.301727295
0.993282080 -0.033290263 -0.110826455 8.416206360 0.032189243 0.999413192 -0.011709634 -13.362381935 0.111151248 0.008063549 0.993770778 118.843643188
0.988860846 -0.028694144 -0.146051258 8.302288055 0.027039440 0.999545932 -0.013302667 -13.426235199 0.146366626 0.009205342 0.989187479 119.388015747
0.982490242 -0.022779658 -0.184916109 8.200304031 0.020800767 0.999703825 -0.012634694 -13.486395836 0.185149148 0.008567067 0.982673109 119.904800415
0.973895311 -0.017293096 -0.226337895 8.057287216 0.015248999 0.999825776 -0.010776582 -13.543213844 0.226484776 0.007043836 0.973989248 120.407279968
0.962537527 -0.012779497 -0.270846903 7.882062912 0.010732446 0.999901593 -0.009037778 -13.603633881 0.270935684 0.005792353 0.962580025 120.900779724
0.948218703 -0.006386498 -0.317554057 7.691146851 0.003548166 0.999948502 -0.009515638 -13.660568237 0.317598462 0.007896173 0.948192358 121.365348816
0.930770397 0.001402994 -0.365601778 7.457038879 -0.005537778 0.999932051 -0.010261167 -13.718029022 0.365562469 0.011575411 0.930714846 121.845779419
0.909550250 0.005882478 -0.415552229 7.206779480 -0.011537554 0.999871850 -0.011099106 -13.769052505 0.415433794 0.014889650 0.909501553 122.271697998
0.884360552 0.010060338 -0.466695964 6.939121246 -0.016550846 0.999814868 -0.009810325 -13.822504044 0.466510832 0.016400076 0.884363472 122.686477661
0.855404079 0.013358066 -0.517788947 6.649085999 -0.021460745 0.999723017 -0.009662710 -13.865084648 0.517516434 0.019377658 0.855453789 123.083610535
0.823837161 0.023210093 -0.566351175 6.323356628 -0.032290999 0.999460459 -0.006012089 -13.918503761 0.565906048 0.023241026 0.824142158 123.451248169
0.789606571 0.035907976 -0.612561882 5.979099274 -0.045035932 0.998985231 0.000507487 -13.958469391 0.611958504 0.027186578 0.790422499 123.802047729
0.753690422 0.044629272 -0.655712605 5.621902466 -0.056336053 0.998406768 0.003199909 -13.999592781 0.654810667 0.034528520 0.755003810 124.114410400
0.713927448 0.048403289 -0.698544860 5.249931335 -0.063517086 0.997971773 0.004235290 -14.045409203 0.697332978 0.041345838 0.715553761 124.412818909
0.670945764 0.049908213 -0.739825010 4.877658844 -0.065857112 0.997800231 0.007585416 -14.095053673 0.738576114 0.043633331 0.672756612 124.698104858
0.627403378 0.053722143 -0.776839137 4.465244293 -0.069522619 0.997497857 0.012832775 -14.130132675 0.775584579 0.045956556 0.629568338 124.963088989
0.582244039 0.062483978 -0.810609460 4.041378021 -0.080781259 0.996554613 0.018793635 -14.163306236 0.808990896 0.054539561 0.585285544 125.192474365
0.536522806 0.071319543 -0.840866685 3.597976685 -0.092327751 0.995401680 0.025516117 -14.188354492 0.838819921 0.063945346 0.540640473 125.403152466
0.489894599 0.076415747 -0.868426085 3.140781403 -0.098122776 0.994654179 0.032170188 -14.214133263 0.866241992 0.069452368 0.494773924 125.602806091
0.442322731 0.077727057 -0.893481493 2.678562164 -0.097502448 0.994500160 0.038245924 -14.239994049 0.891540170 0.070199586 0.447468549 125.783531189
0.395584047 0.078931563 -0.915031791 2.199501038 -0.094731919 0.994492769 0.044831719 -14.257358551 0.913531184 0.068948008 0.400882810 125.954040527
0.349354297 0.082390830 -0.933361292 1.703090668 -0.096434087 0.993998468 0.051648479 -14.286246300 0.932015061 0.071964219 0.355202913 126.103591919
0.305833697 0.085654452 -0.948224187 1.203033447 -0.102101706 0.993152142 0.056781672 -14.305622101 0.946594536 0.079449572 0.312484831 126.217704773
0.264371634 0.087036759 -0.960485399 0.681594849 -0.106803611 0.992435694 0.060534526 -14.321088791 0.958488762 0.086579718 0.271667659 126.317787170
0.224860325 0.083780274 -0.970782578 0.154941559 -0.106811054 0.992412210 0.060906526 -14.339188576 0.968519092 0.089994863 0.232102752 126.420532227
0.189776555 0.078430630 -0.978689790 -0.386903763 -0.102504067 0.992939651 0.059696168 -14.358002663 0.976461887 0.088990733 0.196476147 126.509750366
0.159237951 0.073143095 -0.984526992 -0.935907364 -0.099854872 0.993330777 0.057646561 -14.378074646 0.982177317 0.089130297 0.165479630 126.589401245
0.133274421 0.071562588 -0.988492072 -1.501966476 -0.100850932 0.993191540 0.058305502 -14.396216393 0.985934615 0.091919728 0.139584213 126.652236938
0.111116223 0.070937768 -0.991272449 -2.096402168 -0.101327755 0.993059874 0.059707388 -14.409659386 0.988628209 0.093808956 0.117533036 126.708534241
0.092121117 0.072494768 -0.993105352 -2.688989639 -0.103571475 0.992634058 0.062853031 -14.428006172 0.990346730 0.097067274 0.098950952 126.767456055
0.075987250 0.070621714 -0.994604707 -3.294159889 -0.104298823 0.992579639 0.062509537 -14.449980736 0.991638899 0.098986186 0.082789145 126.823310852
0.061822750 0.069531851 -0.995662272 -3.913979530 -0.103095420 0.992679358 0.062922120 -14.478785515 0.992748320 0.098758191 0.068538569 126.874839783
0.049741372 0.067100905 -0.996505558 -4.553921700 -0.098999836 0.993158221 0.061933856 -14.500942230 0.993843496 0.095573202 0.056044038 126.914794922
0.037948471 0.064705558 -0.997182667 -5.202765465 -0.096542381 0.993470728 0.060790714 -14.517286301 0.994605184 0.093963452 0.043947525 126.948295593
0.027257245 0.063460931 -0.997612000 -5.872936249 -0.095928073 0.993543029 0.060581107 -14.536621094 0.995014966 0.094047718 0.033168942 126.984504700
0.017602209 0.065077305 -0.997725010 -6.544286728 -0.099342853 0.993055701 0.063020103 -14.559003830 0.994897604 0.098007552 0.023944942 127.005073547
0.009373769 0.064908393 -0.997847140 -7.222028732 -0.102126524 0.992735147 0.063616492 -14.586424828 0.994727254 0.101310335 0.015934534 127.018791199
0.002730707 0.064225771 -0.997931600 -7.912561417 -0.104352973 0.992505252 0.063590989 -14.606621742 0.994536579 0.103963487 0.009412390 127.034667969
-0.002231689 0.064895019 -0.997889578 -8.611718178 -0.105164543 0.992343366 0.064769521 -14.622615814 0.994452298 0.105087154 0.004610055 127.047889709
-0.005953815 0.067470014 -0.997703433 -9.330625534 -0.107235886 0.991924703 0.067719132 -14.643549919 0.994215786 0.107392818 0.001329469 127.071403503
-0.006779384 0.071302734 -0.997431695 -10.068205833 -0.109640278 0.991388023 0.071615890 -14.667469025 0.993948221 0.109844193 0.001096652 127.072219849
-0.007911138 0.074519098 -0.997188210 -10.778907776 -0.112346299 0.990839422 0.074935958 -14.681516647 0.993637621 0.112623222 0.000533276 127.085334778
-0.008620484 0.080106929 -0.996749043 -11.517560005 -0.117095053 0.989847422 0.080564968 -14.689204216 0.993083239 0.117408879 0.000847160 127.093643188
-0.009801461 0.083841883 -0.996430814 -12.260579109 -0.120212503 0.989152968 0.084411979 -14.702088356 0.992699862 0.120610803 0.000383696 127.101722717
-0.011059094 0.084409922 -0.996369660 -13.008029938 -0.120207317 0.989092231 0.085127629 -14.720952034 0.992687225 0.120712370 -0.000791775 127.117729187
-0.012647895 0.081387311 -0.996602178 -13.752568245 -0.117815249 0.989618242 0.082312159 -14.739652634 0.992955089 0.118456021 -0.002927922 127.138427734
-0.013958458 0.077505417 -0.996894181 -14.513722420 -0.121316351 0.989494801 0.078628793 -14.741191864 0.992515802 0.122037113 -0.004409146 127.147567749
-0.015119216 0.079367660 -0.996730745 -15.283432007 -0.126700982 0.988657176 0.080646679 -14.755123138 0.991825640 0.127506092 -0.004891761 127.147041321
-0.016997214 0.082874268 -0.996415019 -16.051845551 -0.123611324 0.988739729 0.084344506 -14.769315720 0.992185116 0.124601811 -0.006561620 127.163627625
-0.018988848 0.082973503 -0.996370792 -16.828353882 -0.122964375 0.988791168 0.084685750 -14.787042618 0.992229402 0.124126218 -0.008573220 127.174613953
-0.020324279 0.081933588 -0.996430516 -17.616973877 -0.125557125 0.988536894 0.083845533 -14.797552109 0.991878211 0.126812994 -0.009803955 127.180534363
-0.020866446 0.081682913 -0.996439934 -18.404525757 -0.130281121 0.987936616 0.083714090 -14.803604126 0.991257548 0.131564140 -0.009972985 127.178550720
-0.021878865 0.086124882 -0.996044099 -19.208595276 -0.132091880 0.987299383 0.088270262 -14.810920715 0.990996003 0.133500576 -0.010224594 127.180809021
-0.022219453 0.090337865 -0.995663226 -20.022239685 -0.130680636 0.987102032 0.092477404 -14.818292618 0.991175532 0.132168725 -0.010127458 127.191291809
-0.021495530 0.093029000 -0.995431364 -20.840227127 -0.132408321 0.986625850 0.095065325 -14.835151672 0.990962148 0.133846879 -0.008890233 127.201782227
-0.019529333 0.091565460 -0.995607495 -21.658454895 -0.131864369 0.986862600 0.093347773 -14.838939667 0.991075337 0.133108169 -0.007198548 127.210571289
-0.018305723 0.091708355 -0.995617628 -22.490322113 -0.131918296 0.986857355 0.093326919 -14.844927788 0.991091609 0.133048579 -0.005967134 127.221183777
-0.018396651 0.091064021 -0.995675027 -23.323862076 -0.130764484 0.987070739 0.092693128 -14.854565620 0.991242766 0.131904185 -0.006250858 127.242904663
-0.017607717 0.093034342 -0.995507181 -24.161493301 -0.131689295 0.986771882 0.094547197 -14.861280441 0.991134644 0.132762402 -0.005123171 127.261741638
-0.017273145 0.095182829 -0.995310009 -25.000638962 -0.133357525 0.986345112 0.096639872 -14.862688065 0.990917444 0.134401351 -0.004343930 127.279869080
-0.016989190 0.097480506 -0.995092392 -25.872638702 -0.136026725 0.985757470 0.098888427 -14.861192703 0.990559638 0.137039155 -0.003487267 127.290931702
-0.015447644 0.098543927 -0.995012760 -26.736328125 -0.138160154 0.985375524 0.099734433 -14.858022690 0.990289450 0.139011785 -0.001606885 127.303085327
-0.013690855 0.101560041 -0.994735181 -27.606159210 -0.144989848 0.984112561 0.102471039 -14.856502533 0.989338398 0.145629436 0.001251831 127.316612244
-0.011180631 0.105612464 -0.994344473 -28.493196487 -0.149850801 0.983000159 0.106092483 -14.851741791 0.988645375 0.150189519 0.004835552 127.328865051
-0.009044331 0.107296512 -0.994185865 -29.368179321 -0.152228653 0.982490480 0.107419133 -14.845130920 0.988303900 0.152315125 0.007447634 127.358222961
-0.005105922 0.108325668 -0.994102359 -30.267858505 -0.151391000 0.982573152 0.107846916 -14.847147942 0.988460779 0.151048779 0.011382591 127.377525330
-0.002395950 0.108128823 -0.994133949 -31.160150528 -0.153947487 0.982245862 0.107206799 -14.839721680 0.988076150 0.153301254 0.014292746 127.405273438
0.000083389 0.111886017 -0.993721068 -32.062023163 -0.154400051 0.981806159 0.110531539 -14.831130028 0.988008440 0.153421342 0.017357077 127.436058044
0.002421143 0.113928758 -0.993485987 -32.976062775 -0.153506547 0.981755972 0.112209529 -14.827045441 0.988144577 0.152234942 0.019865783 127.475524902
0.004147988 0.115172006 -0.993336916 -33.868591309 -0.154080108 0.981556714 0.113162749 -14.823232651 0.988049567 0.152584031 0.021817202 127.516899109
0.006823099 0.113135464 -0.993556082 -34.772460938 -0.155179232 0.981662571 0.110715486 -14.813936234 0.987862706 0.153423876 0.024254253 127.546691895
0.007119515 0.114516281 -0.993395865 -35.679340363 -0.159690350 0.980802178 0.111920051 -14.805639267 0.987141490 0.157838911 0.025269983 127.587760925
0.008132583 0.114945054 -0.993338585 -36.571983337 -0.160360381 0.980664790 0.112165615 -14.800201416 0.987025023 0.158379957 0.026407970 127.625358582
0.008385191 0.111595385 -0.993718445 -37.469398499 -0.160711259 0.980985522 0.108809352 -14.799111366 0.986965835 0.158789337 0.026160382 127.661758423
0.009299998 0.107403710 -0.994171977 -38.375171661 -0.161896959 0.981259584 0.104494289 -14.799907684 0.986763835 0.159981593 0.026514044 127.705421448
0.009846142 0.106751025 -0.994237006 -39.271480560 -0.161553487 0.981392801 0.103772044 -14.796001434 0.986814857 0.159600720 0.026908932 127.746208191
0.009808043 0.110635556 -0.993812561 -40.176944733 -0.164154693 0.980555117 0.107539617 -14.787464142 0.986385882 0.162084281 0.027778672 127.783706665
0.009846725 0.117057785 -0.993076265 -41.106822968 -0.164496586 0.979784012 0.113859907 -14.780622482 0.986328483 0.162236527 0.028903266 127.827178955
0.010023329 0.115726061 -0.993230581 -42.002052307 -0.162297830 0.980298400 0.112581395 -14.780681610 0.986690879 0.160070732 0.028607942 127.872566223
0.010912636 0.105378456 -0.994372308 -42.892257690 -0.161362499 0.981583714 0.102252327 -14.787258148 0.986834764 0.159338549 0.027715800 127.914855957
0.011209620 0.094864585 -0.995427012 -43.808937073 -0.163358018 0.982289016 0.091772921 -14.790993690 0.986503124 0.161582261 0.026507979 127.954650879
0.010239026 0.091799967 -0.995724797 -44.710556030 -0.160245225 0.983058155 0.088984370 -14.798754692 0.987024248 0.158649057 0.024776064 127.999305725
0.009951926 0.101647988 -0.994770646 -45.632183075 -0.152685061 0.983308792 0.098949298 -14.800745964 0.988224864 0.150901884 0.025305944 128.049713135
0.009993153 0.115035705 -0.993311107 -46.577415466 -0.147797063 0.982620060 0.112310670 -14.799272537 0.988967180 0.145686120 0.026821416 128.108459473
0.010134798 0.124238446 -0.992200613 -47.500049591 -0.148042649 0.981503189 0.121386804 -14.791049957 0.988929033 0.145657763 0.028339930 128.153518677
0.010109105 0.118298851 -0.992926598 -48.414817810 -0.148029968 0.982213438 0.115515381 -14.785655975 0.988931239 0.145815119 0.027441077 128.194122314
0.010304712 0.104893163 -0.994430125 -49.343334198 -0.148286030 0.983647525 0.102219209 -14.785312653 0.988890827 0.146406755 0.025690395 128.229827881
0.010863123 0.096004926 -0.995321572 -50.259857178 -0.148730636 0.984463215 0.093334302 -14.785356522 0.988817990 0.147020906 0.024973221 128.274368286
0.011361845 0.096095718 -0.995307207 -51.194900513 -0.147645995 0.984622300 0.093378656 -14.793260574 0.988974988 0.145892203 0.025375275 128.316986084
0.010681120 0.097579554 -0.995170414 -52.132011414 -0.150660813 0.984022796 0.094869487 -14.807775497 0.988527894 0.148919865 0.025211882 128.355392456
0.011267274 0.096920654 -0.995228291 -53.084186554 -0.155642316 0.983330786 0.093999930 -14.812112808 0.987749219 0.153840557 0.026164411 128.396865845
0.011764559 0.096297286 -0.995283067 -54.015598297 -0.157414272 0.983119249 0.093259707 -14.812669754 0.987462461 0.155574650 0.026724529 128.439239502
0.012616088 0.103704222 -0.994528115 -54.963779449 -0.166534662 0.980933905 0.100174122 -14.809785843 0.985954940 0.164359570 0.029645892 128.473297119
0.014228906 0.113394216 -0.993448257 -55.913410187 -0.172235668 0.978975832 0.109275445 -14.805581093 0.984952986 0.169552356 0.033460286 128.508209229
0.015520062 0.121308297 -0.992493510 -56.879367828 -0.172462076 0.978061080 0.116847426 -14.800762177 0.984893799 0.169354036 0.036100652 128.560974121
0.016472103 0.122113302 -0.992379427 -57.822505951 -0.173780218 0.977757931 0.117429614 -14.792360306 0.984646618 0.170521632 0.037326608 128.606506348
0.017647885 0.112412885 -0.993504703 -58.759773254 -0.175371572 0.978603363 0.107611641 -14.788906097 0.984344184 0.172333404 0.036984298 128.660354614
0.018873593 0.107668206 -0.994007766 -59.702201843 -0.173778936 0.979405820 0.102786951 -14.789386749 0.984603882 0.170797661 0.037195373 128.714569092
0.020757604 0.106121361 -0.994136393 -60.653553009 -0.172602370 0.979800999 0.100987151 -14.795532227 0.984772801 0.169494078 0.038655117 128.773742676
0.024234602 0.111857921 -0.993428648 -61.645660400 -0.174386546 0.978958011 0.105974428 -14.787233353 0.984378934 0.170672327 0.043231178 128.830047607
0.027910303 0.114034899 -0.993084550 -62.606330872 -0.177147746 0.978311062 0.107359789 -14.787410736 0.983788490 0.172926262 0.047505990 128.883789062
0.032212805 0.108797193 -0.993541837 -63.555572510 -0.176541001 0.979047477 0.101486139 -14.788024902 0.983766079 0.172131747 0.050745033 128.941940308
0.035017855 0.103131332 -0.994051099 -64.513153076 -0.176553965 0.979655087 0.095418230 -14.795948029 0.983667910 0.172162324 0.052513670 129.011962891
0.037997253 0.103040658 -0.993951201 -65.476974487 -0.173771903 0.980195761 0.094971634 -14.799070358 0.984052658 0.169112101 0.055150315 129.087692261
0.040767971 0.107592896 -0.993358791 -66.449890137 -0.171577245 0.980171323 0.099122919 -14.813053131 0.984326780 0.166396722 0.058420077 129.167663574
0.044052493 0.114421040 -0.992455065 -67.406974792 -0.170845792 0.979648352 0.105361104 -14.815728188 0.984312415 0.164915383 0.062704302 129.248046875
0.046643604 0.118478604 -0.991860390 -68.373504639 -0.168659255 0.979619563 0.109084979 -14.821952820 0.984570205 0.162198320 0.065675490 129.331604004
0.048941225 0.120129280 -0.991551161 -69.355010986 -0.168373838 0.979525745 0.110361725 -14.820541382 0.984507442 0.161550015 0.068165809 129.411773682
0.051354948 0.117099188 -0.991791487 -70.302894592 -0.166831225 0.980152905 0.107086532 -14.815200806 0.984647155 0.159962326 0.069871500 129.484161377
0.051944438 0.115674503 -0.991928041 -71.249893188 -0.164850324 0.980635881 0.105724908 -14.818987846 0.984949827 0.158027843 0.070007570 129.571868896
0.052362293 0.112154908 -0.992310166 -72.192024231 -0.161766514 0.981502116 0.102397211 -14.828657150 0.985438883 0.155160800 0.069536619 129.661605835
0.052167717 0.111692950 -0.992372453 -73.181747437 -0.160519019 0.981742203 0.102058209 -14.820048332 0.985653162 0.153970495 0.069144100 129.745819092
0.051900890 0.116353266 -0.991850972 -74.134536743 -0.157253474 0.981751084 0.106939808 -14.821569443 0.986193478 0.150421694 0.069250703 129.831451416
0.051121309 0.117922440 -0.991706073 -75.099998474 -0.151271582 0.982461512 0.109025285 -14.825109482 0.987169445 0.144443423 0.068063021 129.932830811
0.050472379 0.113582991 -0.992245615 -76.060134888 -0.148507088 0.983320534 0.105007231 -14.815114021 0.987622440 0.142055571 0.066498406 130.011383057
0.049288947 0.109712519 -0.992740512 -77.005935669 -0.150651425 0.983393490 0.101199806 -14.815834045 0.987357438 0.144569710 0.064998791 130.088851929
0.048027627 0.106990471 -0.993099332 -77.955245972 -0.147190765 0.984150410 0.098908022 -14.819669724 0.987941384 0.141424745 0.063014425 130.171463013
0.046600431 0.107737415 -0.993086636 -78.919036865 -0.147219211 0.984051168 0.099848941 -14.822161674 0.988005459 0.141548410 0.061718222 130.243270874
0.045724869 0.108530536 -0.993040979 -79.878753662 -0.148693606 0.983745992 0.100668050 -14.821702003 0.987825632 0.143055812 0.061119460 130.319473267
0.044185270 0.108723022 -0.993089616 -80.832122803 -0.150270358 0.983473957 0.100984357 -14.824569702 0.987657070 0.144769892 0.059792899 130.394119263
0.042872623 0.110101573 -0.992995322 -81.783615112 -0.150185049 0.983325481 0.102545157 -14.830933571 0.987727821 0.144736648 0.058693342 130.459945679
0.040788263 0.110182412 -0.993074119 -82.749610901 -0.150137082 0.983292520 0.102930605 -14.831982613 0.987823486 0.144898921 0.056649256 130.529098511
0.039103325 0.112234674 -0.992912054 -83.699768066 -0.150003970 0.983071148 0.105214760 -14.822185516 0.987911761 0.144826531 0.055276997 130.606277466
0.037599962 0.115844145 -0.992555499 -84.653892517 -0.151247784 0.982474744 0.108938016 -14.814626694 0.987780511 0.146025732 0.054462183 130.665206909
0.035563312 0.120980464 -0.992017627 -85.603370667 -0.152617395 0.981659710 0.114246018 -14.806894302 0.987645268 0.147336200 0.053374790 130.728912354
0.033113133 0.120533705 -0.992156804 -86.560173035 -0.152290314 0.981717825 0.114182837 -14.803967476 0.987780929 0.147314921 0.050863877 130.797424316
0.032089997 0.115468226 -0.992792606 -87.505157471 -0.152375862 0.982258141 0.109317765 -14.800914764 0.987801492 0.147769660 0.049115237 130.857818604
0.029509492 0.110468015 -0.993441522 -88.448165894 -0.156161100 0.982179880 0.104577109 -14.788762093 0.987290680 0.152050897 0.046234444 130.919708252
0.028411899 0.108499587 -0.993690372 -89.392349243 -0.154212743 0.982666194 0.102886558 -14.788082123 0.987629116 0.150316522 0.044651430 130.983016968
0.028098976 0.109546155 -0.993584394 -90.356849670 -0.149584353 0.983245611 0.104175963 -14.788743973 0.988349557 0.145697445 0.044014588 131.033248901
0.027567284 0.110877156 -0.993451715 -91.305168152 -0.146596864 0.983532608 0.105702206 -14.788156509 0.988812149 0.142722964 0.043367572 131.094329834
0.026326574 0.110754758 -0.993499041 -92.258110046 -0.141154498 0.984297574 0.105988570 -14.791600227 0.989637434 0.137446538 0.041546721 131.160781860
0.024929790 0.107903086 -0.993848860 -93.199714661 -0.137175351 0.985123098 0.103514820 -14.795812607 0.990233064 0.133750960 0.039360560 131.225433350
0.024609454 0.104727164 -0.994196415 -94.144523621 -0.132237315 0.986099780 0.100600995 -14.799931526 0.990912616 0.128994122 0.038116213 131.284072876
0.022889728 0.107552312 -0.993935883 -95.128463745 -0.129782572 0.986103058 0.103715941 -14.804390907 0.991278172 0.126621559 0.036530063 131.336059570
0.021378899 0.109953329 -0.993706763 -96.075553894 -0.129137948 0.985911369 0.106312446 -14.804186821 0.991396129 0.126052424 0.035276849 131.395431519
0.019849760 0.107592016 -0.993996918 -97.037452698 -0.125046954 0.986653268 0.104299985 -14.800551414 0.991952240 0.122225985 0.033038892 131.447235107
0.017908221 0.104715340 -0.994340956 -97.994796753 -0.122166157 0.987278163 0.101771310 -14.800605774 0.992348135 0.119652271 0.030473068 131.494720459
0.014561086 0.102367498 -0.994640052 -98.958015442 -0.120879121 0.987629950 0.099876396 -14.801771164 0.992560446 0.118776895 0.026755057 131.543945312
0.011859718 0.101451635 -0.994769871 -99.912986755 -0.115294695 0.988343358 0.099421687 -14.811770439 0.993260443 0.113512561 0.023418311 131.593154907
0.009680087 0.101238333 -0.994815052 -100.871269226 -0.108563215 0.989087582 0.099599071 -14.805013657 0.994042337 0.107036203 0.020565208 131.635848999
0.007407321 0.108867861 -0.994028628 -101.836952209 -0.098825522 0.989269197 0.107610166 -14.803965569 0.995077133 0.097438306 0.018086756 131.697036743
0.004618169 0.117089063 -0.993110657 -102.794914246 -0.090771474 0.989070415 0.116190597 -14.801686287 0.995861113 0.089609519 0.015196040 131.753250122
0.001554561 0.116639718 -0.993173122 -103.749473572 -0.086441569 0.989472389 0.116069809 -14.796567917 0.996255636 0.085671008 0.011620717 131.800659180
-0.001014236 0.106286339 -0.994335055 -104.704635620 -0.087234922 0.990535498 0.105969183 -14.794487953 0.996187270 0.086848222 0.008267243 131.833419800
-0.003080440 0.096770518 -0.995301962 -105.652076721 -0.089037277 0.991327047 0.096659616 -14.792417526 0.996023536 0.088916719 0.005562459 131.869461060
-0.003268370 0.098170921 -0.995164216 -106.615600586 -0.096200228 0.990522921 0.098029032 -14.794554710 0.995356679 0.096055411 0.006206667 131.885650635
-0.004433101 0.107522696 -0.994192719 -107.571228027 -0.099373192 0.989233911 0.107429519 -14.785595894 0.995040298 0.099272341 0.006299502 131.926925659
-0.005980169 0.118941799 -0.992883205 -108.534248352 -0.103368193 0.987508476 0.118920520 -14.775689125 0.994625211 0.103343710 0.006389330 131.955627441
-0.007369203 0.120721906 -0.992658973 -109.476783752 -0.110400066 0.986519396 0.120794818 -14.766984940 0.993859947 0.110479794 0.006057844 131.985336304
-0.007093842 0.117831372 -0.993008256 -110.456954956 -0.117705874 0.986031473 0.117844336 -14.751205444 0.993023157 0.117718890 0.006874692 132.002349854
-0.007208973 0.113981284 -0.993456781 -111.412483215 -0.125850484 0.985479832 0.113979325 -14.740464211 0.992023051 0.125848681 0.007240304 132.024688721
-0.004654612 0.115854010 -0.993255377 -112.379783630 -0.130451739 0.984707832 0.115468346 -14.721408844 0.991443694 0.130109355 0.010529926 132.044265747
-0.003532535 0.117039554 -0.993120909 -113.355041504 -0.138623908 0.983481109 0.116396606 -14.705137253 0.990338802 0.138081476 0.012750303 132.070709229
-0.003084963 0.119888850 -0.992782533 -114.318565369 -0.147910357 0.981812477 0.119023740 -14.690698624 0.988995910 0.147210017 0.014703950 132.091323853
-0.002979597 0.122115806 -0.992511392 -115.292694092 -0.153537154 0.980691314 0.121122442 -14.671639442 0.988138378 0.152748272 0.015827248 132.118942261
-0.002529267 0.121353894 -0.992606044 -116.263099670 -0.157214701 0.980217218 0.120239846 -14.659261703 0.987561166 0.156356409 0.016599387 132.156677246
-0.000881028 0.111911327 -0.993717849 -117.218338013 -0.156165227 0.981510818 0.110675037 -14.662635803 0.987730503 0.155281648 0.016611919 132.187744141
0.000260787 0.100241333 -0.994963109 -118.167518616 -0.159135357 0.982288301 0.098922648 -14.654623032 0.987256765 0.158308014 0.016208109 132.226455688
