1.000000000 0.000000000 0.000000000 0.000000000 0.000000000 1.000000000 0.000000000 0.000000000 0.000000000 0.000000000 1.000000000 0.000000000
0.999997854 -0.001592438 -0.001326908 0.048563860 0.001589578 0.999996424 -0.002153838 -0.132489741 0.001330333 0.002151724 0.999996781 1.298474073
0.999997675 0.000005600 -0.002164549 0.104093000 -0.000019295 0.999979973 -0.006326663 -0.268450111 0.002164470 0.006326690 0.999977648 2.602431297
0.999996305 0.002389239 -0.001293833 0.147269830 -0.002399369 0.999966025 -0.007885196 -0.406805336 0.001274949 0.007888272 0.999967992 3.905412197
0.999984026 0.005641355 0.000224345 0.192002609 -0.005639750 0.999962270 -0.006606822 -0.545181274 -0.000261608 0.006605452 0.999978065 5.219476700
0.999975383 0.006585327 0.002431555 0.241025388 -0.006577509 0.999973238 -0.003209302 -0.692521334 -0.002452624 0.003193229 0.999991834 6.537801743
0.999959528 0.006875126 0.005795586 0.297921985 -0.006863945 0.999974549 -0.001947078 -0.829509616 -0.005808826 0.001907218 0.999981284 7.840507507
0.999942780 0.005523179 0.009157361 0.353537619 -0.005506418 0.999983132 -0.001854544 -0.961385012 -0.009167450 0.001804014 0.999956369 9.146002769
0.999913514 0.004150312 0.012484133 0.431419879 -0.004128366 0.999989986 -0.001783180 -1.098186851 -0.012491408 0.001731487 0.999920547 10.445408821
0.999869108 0.002906556 0.015917664 0.494523227 -0.002868032 0.999992847 -0.002442487 -1.236134291 -0.015924655 0.002396514 0.999870300 11.751081467
0.999813676 0.001878914 0.019213436 0.572276056 -0.001818647 0.999993384 -0.003153730 -1.376060486 -0.019219235 0.003118200 0.999810398 13.044524193
0.999745786 0.001708441 0.022480341 0.642040133 -0.001635096 0.999993265 -0.003280594 -1.519247651 -0.022485796 0.003243003 0.999741912 14.370590210
0.999663770 0.001530492 0.025885504 0.725910306 -0.001420040 0.999989748 -0.004284771 -1.658424735 -0.025891794 0.004246571 0.999655724 15.664234161
0.999567091 0.002704022 0.029296396 0.801321387 -0.002579120 0.999987364 -0.004300325 -1.794938326 -0.029307652 0.004222904 0.999561489 16.972646713
0.999468863 0.002242523 0.032510005 0.891735554 -0.002115275 0.999990046 -0.003947975 -1.932904124 -0.032518528 0.003877111 0.999463558 18.258893967
0.999398589 0.000602735 0.034671951 0.990906179 -0.000478281 0.999993443 -0.003597657 -2.078699589 -0.034673888 0.003578911 0.999392271 19.563405991
0.999339283 -0.001811611 0.036302656 1.088544607 0.001986600 0.999986589 -0.004784804 -2.219807386 -0.036293495 0.004853761 0.999329329 20.838451385
0.999304950 -0.001630969 0.037242092 1.191346884 0.001879121 0.999976277 -0.006629175 -2.361523390 -0.037230387 0.006694551 0.999284267 22.150121689
0.999257445 -0.001580770 0.038496546 1.274965286 0.001942111 0.999954283 -0.009350747 -2.503314734 -0.038480006 0.009418569 0.999214947 23.434949875
0.999219596 -0.001033339 0.039483216 1.374437094 0.001457941 0.999941409 -0.010726704 -2.647558928 -0.039469827 0.010775898 0.999162614 24.722482681
0.999175787 -0.000516104 0.040590461 1.475235105 0.000976759 0.999935389 -0.011329853 -2.795169353 -0.040581979 0.011360161 0.999111652 25.991678238
0.999159336 -0.002036656 0.040943682 1.575944901 0.002459124 0.999944210 -0.010270581 -2.941573858 -0.040920481 0.010362634 0.999108791 27.274665833
0.999159634 -0.005143248 0.040664919 1.683454275 0.005519592 0.999942958 -0.009147918 -3.086729527 -0.040615540 0.009364683 0.999130964 28.551044464
0.999181807 -0.006534377 0.039910804 1.777943611 0.006922130 0.999930024 -0.009585052 -3.233500004 -0.039845373 0.009853475 0.999157250 29.840784073
0.999189615 -0.008136813 0.039420612 1.876011372 0.008625320 0.999887824 -0.012237982 -3.377638817 -0.039316617 0.012568075 0.999147713 31.102201462
0.999231219 -0.008285992 0.038318038 1.990325689 0.008764403 0.999885499 -0.012334188 -3.525670528 -0.038211443 0.012660541 0.999189496 32.389347076
0.999254167 -0.008848365 0.037585106 2.087385178 0.009334349 0.999874771 -0.012774445 -3.669578314 -0.037467364 0.013115751 0.999211788 33.657997131
0.999259353 -0.009508966 0.037286337 2.180785179 0.009987137 0.999870002 -0.012659075 -3.815721750 -0.037161116 0.013022083 0.999224424 34.921752930
0.999264538 -0.009982026 0.037022788 2.273364305 0.010478062 0.999857664 -0.013228358 -3.958224773 -0.036885466 0.013606557 0.999226868 36.172225952
0.999312997 -0.010682682 0.035485759 2.388078213 0.011163453 0.999848187 -0.013377911 -4.116515160 -0.035337456 0.013764868 0.999280632 37.465076447
0.999316752 -0.010419016 0.035459846 2.479952097 0.010833585 0.999875009 -0.011519222 -4.263007641 -0.035335388 0.011895509 0.999304771 38.721221924
0.999276340 -0.010443032 0.036574841 2.582274437 0.010835945 0.999885499 -0.010561015 -4.400139809 -0.036460366 0.010949695 0.999275088 39.987567902
0.999201298 -0.012213264 0.038047276 2.694343805 0.012559178 0.999881744 -0.008865977 -4.542483330 -0.037934501 0.009336736 0.999236584 41.236251831
0.999090493 -0.013335330 0.040501501 2.791145325 0.013756281 0.999854028 -0.010132601 -4.686837196 -0.040360469 0.010680536 0.999128103 42.499538422
0.998965621 -0.014440607 0.043116979 2.884775162 0.015020172 0.999800742 -0.013148088 -4.838110924 -0.042918518 0.013782114 0.998983502 43.750831604
0.998871326 -0.015736114 0.044812609 2.997697592 0.016394051 0.999762595 -0.014352478 -4.982591629 -0.044576116 0.015070941 0.998892307 45.010589600
0.998752475 -0.016017020 0.047294606 3.122555971 0.016661437 0.999773264 -0.013262951 -5.115059853 -0.047071442 0.014034402 0.998792887 46.244419098
0.998557210 -0.016972285 0.050948109 3.234501600 0.017496169 0.999798477 -0.009854404 -5.269160748 -0.050770596 0.010731583 0.998652697 47.510185242
0.998282135 -0.019997509 0.055071697 3.350230455 0.020454027 0.999760866 -0.007738280 -5.408712864 -0.054903798 0.008851426 0.998452365 48.738624573
0.998062253 -0.022194544 0.058129337 3.487772703 0.022712652 0.999707758 -0.008267474 -5.548140049 -0.057928864 0.009571725 0.998274803 49.987754822
0.997796476 -0.025704376 0.061166972 3.636252880 0.026494332 0.999575317 -0.012138902 -5.683060646 -0.060828965 0.013732731 0.998053670 51.216743469
0.997509003 -0.026907705 0.065205976 3.767308712 0.027760498 0.999540031 -0.012207773 -5.817784309 -0.064847492 0.013987514 0.997797072 52.442695618
0.997136772 -0.029458597 0.069644645 3.887715816 0.030192995 0.999498844 -0.009515697 -5.959240437 -0.069329411 0.011591233 0.997526467 53.661857605
0.996881068 -0.032316804 0.071997888 4.052364826 0.032845847 0.999441445 -0.006176061 -6.094347477 -0.071758084 0.008521631 0.997385681 54.871051788
0.996661425 -0.034817260 0.073849499 4.205493927 0.035251323 0.999368012 -0.004582092 -6.224799633 -0.073643297 0.007170088 0.997258902 56.088924408
0.996443748 -0.038118646 0.075144127 4.358706474 0.038352426 0.999262869 -0.001670042 -6.345845699 -0.075025074 0.004546063 0.997171402 57.301998138
0.996289074 -0.041201498 0.075569056 4.512025833 0.041326322 0.999145687 -0.000088008 -6.472314358 -0.075500891 0.003210673 0.997140586 58.502857208
0.996230662 -0.043439597 0.075083114 4.658442974 0.043810062 0.999034464 -0.003293331 -6.599278450 -0.074867539 0.006570314 0.997171819 59.710144043
0.996235907 -0.044618256 0.074318707 4.805399895 0.045321554 0.998941898 -0.007802974 -6.725629330 -0.073891915 0.011141842 0.997204006 60.897865295
0.996241152 -0.046187896 0.073280975 4.936758995 0.047150914 0.998821974 -0.011465354 -6.859500885 -0.072665088 0.014877524 0.997245371 62.101448059
0.996296883 -0.047630731 0.071580291 5.081253529 0.048751932 0.998712778 -0.013997977 -6.990687370 -0.070821412 0.017435817 0.997336686 63.290748596
0.996410728 -0.048099048 0.069657616 5.215844631 0.049208060 0.998686254 -0.014292461 -7.124715328 -0.068878651 0.017668873 0.997468591 64.480522156
0.996640503 -0.047547352 0.066686586 5.349829674 0.048561919 0.998726487 -0.013675462 -7.260391235 -0.065951437 0.016867945 0.997680247 65.654586792
0.996875107 -0.046546705 0.063822359 5.465746403 0.047371898 0.998811364 -0.011476925 -7.403131485 -0.063212276 0.014464445 0.997895300 66.850311279
0.997261584 -0.042744514 0.060351670 5.583121300 0.043310221 0.999028802 -0.008096172 -7.531766415 -0.059946999 0.010687846 0.998144388 68.024955750
0.997473300 -0.040809348 0.058151681 5.687381268 0.041203257 0.999135196 -0.005590450 -7.659097672 -0.057873249 0.007972365 0.998292089 69.191772461
0.997759521 -0.039995130 0.053631809 5.819852829 0.040514749 0.999141634 -0.008636280 -7.798236370 -0.053240363 0.010789810 0.998523414 70.401878357
0.997928917 -0.040379841 0.050074346 5.928270340 0.041181669 0.999037743 -0.015085337 -7.930428505 -0.049417019 0.017116237 0.998631597 71.560913086
0.997989714 -0.043726888 0.045875337 6.037798882 0.044619914 0.998830378 -0.018625855 -8.063997269 -0.045007233 0.020635366 0.998773456 72.735374451
0.997995973 -0.047342364 0.041984629 6.151170731 0.047972631 0.998748660 -0.014132999 -8.199645042 -0.041263007 0.016118789 0.999018312 73.921867371
0.997976184 -0.051052660 0.037910450 6.252187252 0.051430229 0.998635590 -0.009051425 -8.328427315 -0.037396621 0.010982848 0.999240100 75.080528259
0.998027205 -0.053459521 0.032921135 6.349350929 0.053690735 0.998538494 -0.006179347 -8.458392143 -0.032542668 0.007934718 0.999438822 76.264587402
0.998204470 -0.052575491 0.028697440 6.438125134 0.052705228 0.998602927 -0.003782744 -8.582661629 -0.028458472 0.005288458 0.999580979 77.424850464
0.998347342 -0.052081168 0.024291553 6.537266254 0.052201327 0.998627126 -0.004338505 -8.693075180 -0.024032246 0.005599387 0.999695420 78.587905884
0.998460591 -0.051034391 0.021720108 6.597182274 0.051160648 0.998676419 -0.005296633 -8.836680412 -0.021421045 0.006399695 0.999750018 79.768600464
0.998643160 -0.048712134 0.018407110 6.672588348 0.048904441 0.998751938 -0.010145495 -8.966393471 -0.017889930 0.011031918 0.999779105 80.916130066
0.998547554 -0.051864028 0.014592202 6.751863480 0.052078985 0.998533905 -0.014757546 -9.110202789 -0.013805423 0.015496060 0.999784648 82.076850891
0.998396277 -0.055297088 0.012129665 6.809740067 0.055490509 0.998327255 -0.016235661 -9.236644745 -0.011211590 0.016882706 0.999794602 83.211280823
0.998408556 -0.055826243 0.007985216 6.874907494 0.055925231 0.998353362 -0.012762746 -9.368500710 -0.007259571 0.013189011 0.999886692 84.378799438
0.998391449 -0.056418896 0.005598417 6.931080818 0.056474082 0.998351514 -0.010246187 -9.495643616 -0.005011111 0.010545871 0.999931872 85.509208679
0.998535454 -0.053878561 0.004891243 6.978607178 0.053935070 0.998469055 -0.012270445 -9.621887207 -0.004222641 0.012516283 0.999912798 86.649276733
0.998744845 -0.049934629 0.003900876 7.031975746 0.049987935 0.998636663 -0.015032374 -9.758529663 -0.003144922 0.015208503 0.999879420 87.788063049
0.998798132 -0.048939444 0.002675552 7.082546711 0.048978981 0.998645723 -0.017542602 -9.889629364 -0.001813403 0.017652564 0.999842525 88.906120300
0.998762250 -0.049701929 0.001935401 7.134713650 0.049728595 0.998603404 -0.017834352 -10.025834084 -0.001046296 0.017908525 0.999839067 90.022529602
0.998708546 -0.050792649 0.001153360 7.172963619 0.050804503 0.998585045 -0.015711153 -10.159275055 -0.000353717 0.015749462 0.999875903 91.141998291
0.998613954 -0.052631557 -0.000056135 7.230203152 0.052626610 0.998533428 -0.012700013 -10.287002563 0.000724475 0.012679457 0.999919295 92.251533508
0.998634517 -0.052238770 -0.000138289 7.278965473 0.052233152 0.998559594 -0.012261762 -10.412648201 0.000778630 0.012237796 0.999924779 93.388458252
0.998606026 -0.052780598 -0.000403589 7.320837498 0.052769393 0.998503566 -0.014343900 -10.547582626 0.001160064 0.014302609 0.999897063 94.534156799
0.998598993 -0.052905772 -0.000921545 7.375637531 0.052880812 0.998439908 -0.017923463 -10.675827026 0.001868362 0.017849622 0.999838948 95.634422302
0.998545289 -0.053901792 -0.001369801 7.428780556 0.053866453 0.998369992 -0.018862551 -10.809082985 0.002384293 0.018761329 0.999821186 96.740249634
0.998522520 -0.054334883 -0.000689915 7.469088078 0.054314300 0.998368204 -0.017632863 -10.941637039 0.001646869 0.017569344 0.999844253 97.805068970
0.998539984 -0.054017253 -0.000266211 7.518843651 0.054010402 0.998471141 -0.011757120 -11.065371513 0.000900892 0.011725578 0.999930859 98.894470215
0.998632431 -0.052272227 0.000850980 7.569280148 0.052277733 0.998592973 -0.008893713 -11.182797432 -0.000384888 0.008926039 0.999960065 99.970710754
0.998705745 -0.050781287 0.002808283 7.622584343 0.050805077 0.998666525 -0.009171912 -11.294912338 -0.002338776 0.009302718 0.999953985 101.024147034
0.998797655 -0.048819844 0.004439121 7.675925732 0.048864335 0.998749793 -0.010538626 -11.421796799 -0.003919077 0.010742869 0.999934614 102.064918518
0.998773038 -0.049054522 0.006771733 7.730141640 0.049139462 0.998707235 -0.013005961 -11.539587021 -0.006124978 0.013322763 0.999892473 103.080192566
0.998677731 -0.050684419 0.008590797 7.789108276 0.050800573 0.998612225 -0.013889461 -11.653445244 -0.007874896 0.014307510 0.999866605 104.093315125
0.998574793 -0.052385751 0.010197666 7.851928711 0.052514281 0.998538494 -0.012772127 -11.784684181 -0.009513685 0.013289449 0.999866366 105.096702576
0.998569787 -0.052062035 0.012161068 7.907794952 0.052199498 0.998573124 -0.011273649 -11.898399353 -0.011556786 0.011892328 0.999862492 106.053176880
0.998479366 -0.053497918 0.013294974 7.969590187 0.053630941 0.998512149 -0.009858861 -12.006093025 -0.012747764 0.010556893 0.999863029 107.009658813
0.998406947 -0.054327555 0.015232990 8.025918007 0.054486137 0.998462498 -0.010195869 -12.112146378 -0.014655654 0.011009613 0.999831915 107.928482056
0.998409569 -0.053800460 0.016845588 8.084096909 0.053945526 0.998509705 -0.008278876 -12.212350845 -0.016375069 0.009174454 0.999823809 108.827789307
0.998417616 -0.052994609 0.018810445 8.139581680 0.053118214 0.998569489 -0.006133187 -12.309723854 -0.018458512 0.007122659 0.999804318 109.698379517
0.998398066 -0.052935343 0.019974688 8.198053360 0.053001504 0.998590529 -0.002797274 -12.412417412 -0.019798459 0.003851481 0.999796510 110.553405762
0.998350203 -0.053122215 0.021793153 8.254592896 0.053192239 0.998580813 -0.002645369 -12.504218102 -0.021621693 0.003800231 0.999759078 111.379226685
0.998380721 -0.052076034 0.022887988 8.304025650 0.052135147 0.998638034 -0.001993160 -12.592115402 -0.022753019 0.003183202 0.999736071 112.188224792
0.998485148 -0.049816921 0.023359427 8.354690552 0.049869563 0.998754382 -0.001676542 -12.672209740 -0.023246812 0.002838927 0.999725699 112.968521118
0.998623133 -0.047273055 0.022738738 8.397265434 0.047254764 0.998881996 0.001340904 -12.748498917 -0.022776706 -0.000264544 0.999740541 113.719253540
0.998694003 -0.047207773 0.019534485 8.445472717 0.047173619 0.998884261 0.002205215 -12.831517220 -0.019616792 -0.001280823 0.999806762 114.470611572
0.998793840 -0.047247656 0.013364641 8.478552818 0.047221873 0.998881936 0.002238334 -12.904516220 -0.013455458 -0.001604531 0.999908149 115.167732239
0.998947144 -0.045791525 0.002802515 8.504119873 0.045788106 0.998950303 0.001276925 -12.981054306 -0.002858046 -0.001147258 0.999995172 115.835128784
0.999016225 -0.043079689 -0.010522755 8.496719360 0.043067165 0.999071181 -0.001414583 -13.050477028 0.010573922 0.000960006 0.999943614 116.474937439
0.998692214 -0.041456722 -0.029919643 8.501069069 0.041348100 0.999135792 -0.004240283 -13.115668297 0.030069578 0.002997618 0.999543309 117.100036621
0.997841537 -0.039831538 -0.052207440 8.465511322 0.039551511 0.999197006 -0.006386224 -13.186964035 0.052419893 0.004307557 0.998615861 117.685417175
0.996055007 -0.038379598 -0.080009148 8.424990654 0.037828162 0.999248922 -0.008397191 -13.252803802 0.080271333 0.005337466 0.996758819 118.254173279
0.993013978 -0.036200620 -0.112306073 8.355425835 0.035249818 0.999323905 -0.010440914 -13.320026398 0.112608105 0.006409205 0.993618846 118.800369263
0.988591492 -0.031488571 -0.147293568 8.238914490 0.030043554 0.999476194 -0.012025482 -13.386324883 0.147595108 0.007463067 0.989019692 119.347717285
0.982123375 -0.025919134 -0.186445192 8.142356873 0.024218466 0.999641776 -0.011393829 -13.444886208 0.186673701 0.006674729 0.982399285 119.858650208
0.973507583 -0.020319717 -0.227750391 7.996700287 0.018643323 0.999780953 -0.009509764 -13.502733231 0.227893770 0.005011802 0.973673046 120.361404419
0.962077200 -0.015695358 -0.272325635 7.821439743 0.014033457 0.999869108 -0.008049320 -13.561268806 0.272416323 0.003922400 0.962171435 120.855949402
0.947805345 -0.009452837 -0.318709731 7.629653931 0.007048106 0.999937296 -0.008697615 -13.618633270 0.318771958 0.005997345 0.947812498 121.313720703
0.930215240 -0.001989632 -0.367008984 7.403247833 -0.001627590 0.999953151 -0.009546222 -13.672858238 0.367010742 0.009477383 0.930168390 121.780036926
0.908966959 0.002799809 -0.416858763 7.142280579 -0.007943778 0.999912202 -0.010605674 -13.728456497 0.416792482 0.012951641 0.908909380 122.223190308
0.883771002 0.007075450 -0.467866182 6.873077393 -0.013027656 0.999870121 -0.009487609 -13.782049179 0.467738301 0.014480073 0.883748353 122.635223389
0.854799271 0.010498518 -0.518852532 6.588176727 -0.017901408 0.999796808 -0.009262221 -13.828578949 0.518649876 0.017205529 0.854813516 123.027679443
0.822810829 0.019903986 -0.567966700 6.263107300 -0.028565066 0.999571681 -0.006352808 -13.877255440 0.567597032 0.021451166 0.823026955 123.403289795
0.788821816 0.033570141 -0.613704443 5.920547485 -0.042036913 0.999115765 0.000620535 -13.923776627 0.613182664 0.025308749 0.789535582 123.749038696
0.752752721 0.042025108 -0.656960547 5.557502747 -0.053109854 0.998584092 0.003024559 -13.966712952 0.656157494 0.032614335 0.753918886 124.069351196
0.712768018 0.045862254 -0.699898779 5.191444397 -0.060310353 0.998171747 0.003987883 -14.012952805 0.698802054 0.039368711 0.714230895 124.365509033
0.669836044 0.047370214 -0.740996480 4.815467834 -0.062606029 0.998012245 0.007206894 -14.063621521 0.739864886 0.041563418 0.671470284 124.652755737
0.626332104 0.050951775 -0.777889311 4.398147583 -0.066064671 0.997741222 0.012158883 -14.097470284 0.776751816 0.043775506 0.628283620 124.915092468
0.581367910 0.059926972 -0.811430871 3.973854065 -0.077581622 0.996822894 0.018033700 -14.134905815 0.809933603 0.052467905 0.584170103 125.143325806
0.535719097 0.069120042 -0.841562450 3.533737183 -0.089426480 0.995683372 0.024851618 -14.161773682 0.839647591 0.061944488 0.539587736 125.346252441
0.488857865 0.073996268 -0.869219422 3.078990936 -0.095019877 0.994984269 0.031262413 -14.187276840 0.867173135 0.067310266 0.493437082 125.542587280
0.441877037 0.075690307 -0.893876672 2.622638702 -0.094726026 0.994800210 0.037409492 -14.212661743 0.892060399 0.068143010 0.446749151 125.714439392
0.394316763 0.076727442 -0.915765882 2.136970520 -0.091615938 0.994826138 0.043902863 -14.235897064 0.914396405 0.066587128 0.399306148 125.898956299
0.348457396 0.079379238 -0.933957338 1.648830414 -0.093459502 0.994384587 0.049645543 -14.256630898 0.932653666 0.069987833 0.353919357 126.040870667
0.304767072 0.082609676 -0.948837459 1.147151947 -0.099398360 0.993549883 0.054575726 -14.274067879 0.947225988 0.077680007 0.311012566 126.154212952
0.263169438 0.084114656 -0.961075783 0.618913651 -0.104005612 0.992859781 0.058416776 -14.293921471 0.959127069 0.084583767 0.270038724 126.261917114
0.223898113 0.081138700 -0.971229315 0.082912445 -0.104190253 0.992810369 0.058922607 -14.315493584 0.969027281 0.087999940 0.230742291 126.355636597
0.189070195 0.075942919 -0.979022563 -0.450719833 -0.099262618 0.993376076 0.057886600 -14.335425377 0.976933777 0.086235702 0.195356131 126.446037292
0.158360586 0.070869505 -0.984834790 -0.999622345 -0.096794695 0.993730903 0.055945162 -14.358383179 0.982625425 0.086467266 0.164227590 126.524360657
0.131960452 0.069391146 -0.988823175 -1.570312500 -0.097854778 0.993586063 0.056666475 -14.379269600 0.986413240 0.089283332 0.137904316 126.589981079
0.109751008 0.068436451 -0.991600394 -2.151024818 -0.098635182 0.993452430 0.057647292 -14.393889427 0.989052951 0.091479830 0.115782700 126.652580261
0.091075704 0.069882572 -0.993388832 -2.743229866 -0.100719586 0.993066013 0.060625698 -14.412031174 0.990737617 0.094532177 0.097482726 126.712791443
0.075196601 0.068045072 -0.994844377 -3.352552414 -0.101640113 0.992995918 0.060236033 -14.435475349 0.991975188 0.096586540 0.081586033 126.757232666
0.061026759 0.066993535 -0.995885372 -3.971499443 -0.100099541 0.993125796 0.060673892 -14.465616226 0.993104160 0.095984913 0.067313276 126.807876587
0.049266383 0.064531840 -0.996698797 -4.610142708 -0.096160457 0.993581295 0.059576824 -14.488672256 0.994145811 0.092907883 0.055155579 126.843284607
0.037027940 0.061810695 -0.997400820 -5.259930134 -0.093903415 0.993884146 0.058106646 -14.507412910 0.994892478 0.091507778 0.042605735 126.884490967
0.025956679 0.060943902 -0.997803628 -5.931803703 -0.092978232 0.993960381 0.058290444 -14.529665947 0.995329738 0.091261007 0.031466369 126.922996521
0.016202100 0.062412225 -0.997918963 -6.602532387 -0.096367262 0.993501067 0.060571313 -14.552861214 0.995213985 0.095185332 0.022111297 126.942001343
0.008102521 0.062375352 -0.998019874 -7.278358459 -0.099338681 0.993165791 0.061265483 -14.580515862 0.995020688 0.098645583 0.014243433 126.952766418
0.001270124 0.061483566 -0.998107314 -7.977749825 -0.101433910 0.992968023 0.061037909 -14.603543282 0.994841456 0.101164393 0.007497711 126.975677490
-0.003781550 0.062390197 -0.998044729 -8.676898003 -0.102123082 0.992809594 0.062449876 -14.622802734 0.994764566 0.102159552 0.002617121 126.989006042
-0.007113371 0.064699374 -0.997879446 -9.402211189 -0.104862258 0.992354393 0.065088652 -14.642848015 0.994461298 0.105102874 -0.000274463 127.006622314
-0.007889546 0.068689063 -0.997606933 -10.135783195 -0.106959194 0.991856575 0.069139011 -14.670564651 0.994232118 0.107248694 -0.000478372 127.005348206
-0.009089551 0.071850911 -0.997373879 -10.847396851 -0.109279148 0.991369903 0.072414301 -14.685667038 0.993969500 0.109650418 -0.001159300 127.017677307
-0.009681848 0.077369958 -0.996955395 -11.584896088 -0.113883831 0.990429819 0.077969499 -14.694510460 0.993447006 0.114291996 -0.000778003 127.024909973
-0.010760717 0.081402823 -0.996623099 -12.333631516 -0.116779044 0.989758432 0.082102984 -14.712089539 0.993099689 0.117268190 -0.001144367 127.030700684
-0.012474745 0.081599712 -0.996587098 -13.083087921 -0.116810739 0.989721715 0.082499750 -14.729678154 0.993075848 0.117441222 -0.002814802 127.050468445
-0.014105660 0.078402109 -0.996821940 -13.827779770 -0.114448801 0.990242720 0.079504132 -14.749418259 0.993328989 0.115206540 -0.004995001 127.069664001
-0.015718298 0.074841343 -0.997071505 -14.588822365 -0.117948838 0.990093589 0.076176956 -14.755685806 0.992895365 0.118800797 -0.006735136 127.080657959
-0.016608788 0.076572552 -0.996925592 -15.356023788 -0.123244889 0.989302933 0.078040339 -14.768750191 0.992237270 0.124162152 -0.006993945 127.077857971
-0.018457692 0.080226414 -0.996605694 -16.124441147 -0.120224409 0.989365101 0.081870176 -14.785976410 0.992575169 0.121327475 -0.008616225 127.092842102
-0.020135291 0.080425493 -0.996557176 -16.900440216 -0.119364478 0.989436686 0.082262591 -14.806013107 0.992646277 0.120609917 -0.010322650 127.100975037
-0.021306239 0.079341739 -0.996619761 -17.697404861 -0.122133009 0.989173412 0.081359953 -14.817971230 0.992285013 0.123453632 -0.011385321 127.099662781
-0.021882514 0.079082191 -0.996627927 -18.484228134 -0.126796246 0.988597214 0.081228971 -14.826058388 0.991687417 0.128146142 -0.011605669 127.097190857
-0.022673078 0.083631568 -0.996238828 -19.288410187 -0.128670499 0.987963021 0.085865214 -14.835553169 0.991428196 0.130133376 -0.011639248 127.095977783
-0.023677301 0.087802105 -0.995856524 -20.101665497 -0.127130657 0.987784028 0.090113014 -14.846134186 0.991603374 0.128737524 -0.012225724 127.111808777
-0.022966120 0.090311408 -0.995648742 -20.932584763 -0.129135773 0.987300277 0.092532858 -14.861048698 0.991360903 0.130699009 -0.011012020 127.127716064
-0.020963103 0.089047320 -0.995806754 -21.750419617 -0.128532097 0.987520218 0.091012105 -14.868728638 0.991483808 0.129901007 -0.009256050 127.134887695
-0.019512553 0.089298509 -0.995813608 -22.581047058 -0.128583431 0.987507939 0.091073230 -14.875614166 0.991506815 0.129822209 -0.007786490 127.141754150
-0.019622374 0.088137157 -0.995915055 -23.410673141 -0.127228037 0.987788737 0.089924760 -14.883817673 0.991679370 0.128472865 -0.008169240 127.165245056
-0.018897116 0.090151504 -0.995748758 -24.248373032 -0.128201708 0.987486899 0.091836505 -14.893350601 0.991568029 0.129392147 -0.007103071 127.183105469
-0.018245762 0.092331640 -0.995561123 -25.087900162 -0.129807383 0.987080693 0.093924135 -14.897024155 0.991371334 0.130944937 -0.006024712 127.197174072
-0.018156489 0.094908237 -0.995320439 -25.956388474 -0.133156687 0.986387253 0.096485443 -14.902290344 0.990928650 0.134285375 -0.005271664 127.208000183
-0.016543709 0.096002735 -0.995243549 -26.819911957 -0.135332212 0.986005127 0.097361170 -14.900995255 0.990662158 0.136299223 -0.003319921 127.217811584
-0.014830446 0.099251568 -0.994951844 -27.688056946 -0.142295986 0.984723926 0.100352317 -14.904747009 0.989713013 0.143065929 -0.000480798 127.230834961
-0.012599983 0.103074163 -0.994593859 -28.571025848 -0.146991178 0.983675838 0.103804827 -14.901408195 0.989057541 0.147504464 0.002756695 127.245597839
-0.010452949 0.104888707 -0.994429052 -29.445903778 -0.149401113 0.983156860 0.105270185 -14.897645950 0.988721371 0.149669200 0.005393598 127.273361206
-0.006726875 0.105779640 -0.994366705 -30.347633362 -0.148576841 0.983246267 0.105601758 -14.901362419 0.988877952 0.148450240 0.009102234 127.292884827
-0.004272160 0.105833463 -0.994374752 -31.238254547 -0.151209012 0.982881606 0.105259866 -14.898628235 0.988492548 0.150808081 0.011803945 127.321601868
-0.001777533 0.109616786 -0.993972301 -32.139053345 -0.151880398 0.982413054 0.108613625 -14.891934395 0.988397360 0.151158005 0.014902373 127.349761963
0.000655295 0.111756086 -0.993735373 -33.054157257 -0.150882542 0.982370079 0.110378437 -14.887832642 0.988551497 0.149864987 0.017505785 127.386489868
0.002341835 0.113292895 -0.993558824 -33.946987152 -0.151660532 0.982108831 0.111629829 -14.887708664 0.988429844 0.150422260 0.019482004 127.425819397
0.005066766 0.111632206 -0.993736625 -34.852508545 -0.153107464 0.982119024 0.109546453 -14.883063316 0.988196552 0.151593462 0.022067890 127.451919556
0.005241096 0.112375893 -0.993651927 -35.768787384 -0.157211155 0.981401622 0.110161230 -14.870746613 0.987551093 0.155635804 0.022810368 127.489517212
0.006205261 0.113018483 -0.993573427 -36.662342072 -0.157996446 0.981223106 0.110626876 -14.867824554 0.987420082 0.156294629 0.023945265 127.525482178
0.006714305 0.109660491 -0.993946373 -37.560501099 -0.158697158 0.981488883 0.107214034 -14.867026329 0.987304449 0.157016605 0.023992822 127.554992676
0.007252127 0.105369844 -0.994406581 -38.460945129 -0.159587339 0.981809258 0.102871120 -14.865858078 0.987157166 0.157948673 0.023935892 127.599487305
0.007770731 0.104638658 -0.994479895 -39.358219147 -0.159298584 0.981939256 0.102074400 -14.862202644 0.987199843 0.157626063 0.024299178 127.638740540
0.007699883 0.109017424 -0.994010091 -40.258445740 -0.161657080 0.981099784 0.106349252 -14.861583710 0.986816943 0.159869879 0.025177792 127.678001404
0.008469803 0.115040153 -0.993324757 -41.184898376 -0.162950903 0.980241120 0.112135477 -14.847576141 0.986597836 0.160913423 0.027048351 127.702346802
0.008729667 0.113738813 -0.993472278 -42.079772949 -0.160754517 0.980747759 0.110869452 -14.849243164 0.986955881 0.158737302 0.026845619 127.744552612
0.009649482 0.103442691 -0.994588554 -42.970275879 -0.160099491 0.981963694 0.100576334 -14.856507301 0.987053692 0.158262610 0.026036561 127.786254883
0.009838497 0.093090780 -0.995608985 -43.895992279 -0.161457106 0.982740521 0.090292059 -14.865673065 0.986830711 0.159859806 0.024698859 127.825309753
0.008731670 0.090145610 -0.995890200 -44.795913696 -0.158265471 0.983499944 0.087636426 -14.875749588 0.987357974 0.156849831 0.022854531 127.870384216
0.008539789 0.100204438 -0.994930148 -45.715068817 -0.150872082 0.983705759 0.097778961 -14.880784988 0.988516390 0.149272189 0.023518687 127.919357300
0.008608958 0.113260023 -0.993528068 -46.659828186 -0.146027774 0.983055949 0.110800900 -14.877994537 0.989242971 0.144128829 0.025002198 127.975540161
0.008716095 0.122258171 -0.992460072 -47.580623627 -0.146247402 0.981981516 0.119682945 -14.870676041 0.989209652 0.144101545 0.026438989 128.020034790
0.008728082 0.116550647 -0.993146420 -48.498470306 -0.146331191 0.982641220 0.114031821 -14.868171692 0.989197075 0.144333020 0.025631571 128.057769775
0.008760742 0.103094518 -0.994632840 -49.420795441 -0.146353215 0.984092236 0.100712888 -14.869631767 0.989193618 0.144685403 0.023709593 128.098083496
0.009299880 0.094269730 -0.995503306 -50.335906982 -0.146954224 0.984865844 0.091889605 -14.871534348 0.989099562 0.145438850 0.023012474 128.139617920
0.010020118 0.094214849 -0.995501459 -51.265953064 -0.146301404 0.984976411 0.091746166 -14.880526543 0.989189267 0.144723952 0.023653343 128.180297852
0.009128474 0.095975265 -0.995341837 -52.202121735 -0.149085343 0.984388947 0.093551844 -14.900865555 0.988782108 0.147536919 0.023294481 128.223434448
0.009937653 0.095418587 -0.995387554 -53.130985260 -0.153765574 0.983743072 0.092767179 -14.903629303 0.988057375 0.152134478 0.024448194 128.252548218
0.010540727 0.094749190 -0.995445311 -54.066375732 -0.155393779 0.983561754 0.091972612 -14.906358719 0.987796366 0.153716549 0.025090890 128.292800903
0.011130144 0.102414958 -0.994679511 -55.037647247 -0.164514974 0.981373191 0.099204049 -14.910348892 0.986311793 0.162535489 0.027771626 128.329132080
0.012660639 0.111800037 -0.993650138 -55.976341248 -0.169803575 0.979536772 0.108048536 -14.904054642 0.985396564 0.167357385 0.031385608 128.366241455
0.013910588 0.120085493 -0.992666125 -56.934577942 -0.170455024 0.978515446 0.115985014 -14.898199081 0.985267282 0.167591527 0.034080908 128.406356812
0.014729726 0.120554961 -0.992597401 -57.895835876 -0.172137290 0.978189409 0.116250604 -14.889842987 0.984962821 0.169150680 0.035160463 128.457870483
0.016521545 0.111367710 -0.993641853 -58.824367523 -0.173582822 0.979006648 0.106841162 -14.894675255 0.984680653 0.170713991 0.035506219 128.493255615
0.017593741 0.106419109 -0.994165599 -59.762081146 -0.172016069 0.979815960 0.101838872 -14.890626907 0.984936893 0.169220775 0.035544422 128.549041748
0.019287994 0.104737744 -0.994312942 -60.732757568 -0.170251563 0.980317414 0.099960923 -14.890727997 0.985211790 0.167355299 0.036740121 128.604400635
0.022405846 0.110867031 -0.993582726 -61.690372467 -0.171760231 0.979481995 0.105420336 -14.895118713 0.984883904 0.168295979 0.040988669 128.663619995
0.026257338 0.112987794 -0.993249297 -62.656822205 -0.174855843 0.978793204 0.106720850 -14.895089149 0.984243870 0.170873240 0.045457084 128.716873169
0.030043576 0.107879043 -0.993709862 -63.612724304 -0.173577279 0.979617000 0.101101190 -14.896896362 0.984361887 0.169448018 0.048156552 128.777404785
0.033326130 0.102223940 -0.994202971 -64.569702148 -0.173901811 0.980174601 0.094952285 -14.902932167 0.984198987 0.169729277 0.050442353 128.839385986
0.036299676 0.102001145 -0.994121671 -65.517250061 -0.171469674 0.980660319 0.094358839 -14.906524658 0.984520435 0.167036533 0.053087749 128.916992188
0.038921516 0.106518574 -0.993548632 -66.482345581 -0.168576688 0.980750501 0.098542586 -14.923039436 0.984919786 0.163653731 0.056128837 128.995849609
0.042251628 0.113207564 -0.992672563 -67.439155579 -0.167944193 0.980227172 0.104639955 -14.924870491 0.984890580 0.162292406 0.060428750 129.073974609
0.044624634 0.117461979 -0.992074192 -68.405532837 -0.165734380 0.980172873 0.108597904 -14.933310509 0.985160291 0.159574687 0.063207328 129.156997681
0.046651576 0.119019598 -0.991795242 -69.386772156 -0.165309891 0.980105877 0.109841041 -14.932268143 0.985137641 0.158829346 0.065398604 129.236282349
0.049268864 0.116173565 -0.992006302 -70.338073730 -0.164301276 0.980624497 0.106680520 -14.930762291 0.985179007 0.157731846 0.067401730 129.306213379
0.049804561 0.114726283 -0.992147863 -71.282279968 -0.162212878 0.981120348 0.105308250 -14.935151100 0.985498071 0.155694321 0.067474343 129.393829346
0.050421439 0.111194842 -0.992518723 -72.229125977 -0.159187198 0.981972694 0.101926401 -14.944189072 0.985960007 0.152856961 0.067213275 129.480117798
0.050258990 0.110652536 -0.992587566 -73.228523254 -0.157504648 0.982285142 0.101528905 -14.933249474 0.986238480 0.151234388 0.066796951 129.560546875
0.050032604 0.115262970 -0.992074251 -74.184394836 -0.154240340 0.982293248 0.106347896 -14.934144974 0.986765802 0.147696987 0.066924885 129.644210815
0.049068276 0.117295273 -0.991884112 -75.147285461 -0.148335114 0.982923210 0.108897485 -14.944034576 0.987719119 0.141787812 0.065629356 129.744567871
0.048677992 0.112673268 -0.992439091 -76.104141235 -0.145533234 0.983813047 0.104555726 -14.930858612 0.988155186 0.139343277 0.064287759 129.820693970
0.047363050 0.108698979 -0.992945671 -77.068778992 -0.147528514 0.983920693 0.100673966 -14.931337357 0.987923145 0.141719535 0.062637679 129.888305664
0.045992564 0.106046356 -0.993296921 -78.017166138 -0.143945456 0.984675109 0.098460779 -14.936645508 0.988516271 0.138452113 0.060552627 129.971115112
0.044648897 0.106583059 -0.993300855 -78.982238770 -0.144105405 0.984580636 0.099169835 -14.937803268 0.988554597 0.138712168 0.059319638 130.039642334
0.044065867 0.107509859 -0.993226945 -79.937118530 -0.145419478 0.984294116 0.100091219 -14.937546730 0.988388419 0.140023932 0.059007809 130.110580444
0.042666346 0.107783549 -0.993258417 -80.892036438 -0.147020176 0.984018028 0.100465469 -14.941407204 0.988212764 0.141742542 0.057830807 130.181961060
0.041574713 0.108719088 -0.993202746 -81.840423584 -0.146670699 0.983957231 0.101567499 -14.944871902 0.988311350 0.141451105 0.056853637 130.246139526
0.039540652 0.108865708 -0.993269742 -82.806526184 -0.146692812 0.983909190 0.102000117 -14.946537971 0.988391519 0.141672388 0.054874219 130.315811157
0.037443444 0.110974789 -0.993117630 -83.759155273 -0.146992236 0.983615756 0.104370959 -14.939004898 0.988428712 0.142072603 0.053142399 130.389251709
0.035973854 0.114892416 -0.992726445 -84.713325500 -0.148328260 0.982980311 0.108389452 -14.933814049 0.988283634 0.143350169 0.052403387 130.445907593
0.033791583 0.119338751 -0.992278457 -85.663230896 -0.149314687 0.982305408 0.113054477 -14.923389435 0.988212228 0.144341439 0.051012676 130.510025024
0.031475518 0.119475909 -0.992338181 -86.616485596 -0.149252817 0.982260108 0.113528468 -14.922311783 0.988297999 0.144535914 0.048749279 130.569320679
0.030554265 0.114580557 -0.992944002 -87.561363220 -0.149314225 0.982784271 0.108813561 -14.920483589 0.988317609 0.144935951 0.047136754 130.626953125
0.027960656 0.109581798 -0.993584573 -88.509307861 -0.153343558 0.982678235 0.104063705 -14.910725594 0.987777412 0.149450108 0.044279996 130.687118530
0.026742617 0.107494183 -0.993845940 -89.452850342 -0.151327386 0.983179152 0.102268510 -14.910183907 0.988121927 0.147661194 0.042559594 130.749649048
0.026274694 0.108859949 -0.993709803 -90.419860840 -0.146545976 0.983733058 0.103892162 -14.915018082 0.988854825 0.142894432 0.041800279 130.801940918
0.025782589 0.110168353 -0.993578434 -91.368812561 -0.143704012 0.983994365 0.105376653 -14.914731979 0.989284754 0.140064284 0.041201554 130.860183716
0.024526641 0.110045426 -0.993623912 -92.316986084 -0.138372988 0.984729469 0.105644763 -14.919481277 0.990076423 0.134899586 0.039379422 130.923400879
0.023327189 0.107272409 -0.993956029 -93.259063721 -0.134214073 0.985562325 0.103216641 -14.923795700 0.990677774 0.130995125 0.037387859 130.984161377
0.022579907 0.104129449 -0.994307458 -94.204254150 -0.129059538 0.986542702 0.100385435 -14.928597450 0.991379797 0.126058161 0.035714939 131.045181274
0.020844309 0.106409289 -0.994103909 -95.185234070 -0.127388388 0.986498237 0.102924109 -14.929816246 0.991633832 0.124491900 0.034118183 131.097518921
0.019549442 0.108767405 -0.993874967 -96.133567810 -0.126769096 0.986311674 0.105446160 -14.929843903 0.991739511 0.123931192 0.033070192 131.151641846
0.018292135 0.106519394 -0.994142294 -97.092605591 -0.122529358 0.987052798 0.103505246 -14.926888466 0.992296278 0.119918279 0.031107057 131.198379517
0.015808586 0.103784092 -0.994474113 -98.043922424 -0.119542152 0.987660706 0.101172730 -14.930953026 0.992703199 0.117282189 0.028020093 131.250717163
0.012100999 0.100995108 -0.994813323 -99.011009216 -0.118247703 0.988049686 0.098870076 -14.929262161 0.992910326 0.116437957 0.023898829 131.301864624
0.009444231 0.100153729 -0.994927168 -99.966087341 -0.112703748 0.988738239 0.098460913 -14.940437317 0.993583798 0.111202128 0.020625569 131.347778320
0.007266112 0.100443050 -0.994916320 -100.923774719 -0.106068693 0.989407063 0.099112213 -14.938785553 0.994332194 0.104809314 0.017843004 131.387435913
0.005159800 0.108239852 -0.994111538 -101.897499084 -0.096047528 0.989582062 0.107248187 -14.938095093 0.995363355 0.094928585 0.015502218 131.439010620
0.002480868 0.116310611 -0.993209839 -102.855949402 -0.087994546 0.989385545 0.115642965 -14.935012817 0.996117830 0.087110162 0.012689237 131.492385864
-0.000183797 0.115541898 -0.993302584 -103.809326172 -0.083837904 0.989803731 0.115150429 -14.927844048 0.996479392 0.083297573 0.009504868 131.534027100
-0.003203661 0.106097020 -0.994350612 -104.761878967 -0.084678583 0.990755498 0.105986238 -14.934732437 0.996403098 0.084539771 0.005810101 131.565856934
-0.005294324 0.096595459 -0.995309591 -105.708511353 -0.086488865 0.991549671 0.096690595 -14.932811737 0.996238768 0.086595118 0.003104845 131.600677490
-0.005515601 0.098124810 -0.995158792 -106.672012329 -0.093680672 0.990746677 0.098208956 -14.935927391 0.995587051 0.093768828 0.003727831 131.614486694
-0.006533003 0.107688598 -0.994163215 -107.634620667 -0.097259872 0.989402413 0.107812032 -14.928853035 0.995237589 0.097396523 0.004010013 131.649673462
-0.008038059 0.119205862 -0.992837071 -108.598190308 -0.101368621 0.987657368 0.119404636 -14.919268608 0.994816482 0.101602301 0.004144887 131.675552368
-0.009324728 0.120583788 -0.992659271 -109.545829773 -0.108266741 0.986745119 0.120882370 -14.906679153 0.994078159 0.108599186 0.003854084 131.702316284
-0.009554214 0.117314473 -0.993048847 -110.523269653 -0.115411595 0.986328065 0.117630906 -14.887795448 0.993271828 0.115733229 0.004115860 131.721755981
-0.009740739 0.113495946 -0.993490696 -111.478034973 -0.123577766 0.985785007 0.113827258 -14.877516747 0.992287159 0.123882115 0.004423300 131.742340088
-0.007421964 0.115507156 -0.993278861 -112.446441650 -0.128164902 0.985003948 0.115502559 -14.859833717 0.991725206 0.128160745 0.007493299 131.761520386
-0.005914415 0.116414100 -0.993183076 -113.429336548 -0.136256501 0.983843327 0.116130762 -14.841764450 0.990655899 0.136014506 0.010043319 131.782287598
-0.005419243 0.119009376 -0.992878258 -114.392837524 -0.145430401 0.982242763 0.118528344 -14.826040268 0.989353657 0.145037040 0.011984570 131.800811768
-0.005077106 0.121300600 -0.992602825 -115.368507385 -0.150872186 0.981160283 0.120673962 -14.807192802 0.988540292 0.150368810 0.013319431 131.823699951
-0.005320140 0.121201329 -0.992613614 -116.348190308 -0.154455110 0.980616093 0.120564215 -14.804076195 0.987985492 0.153955683 0.013503150 131.865753174
-0.003607654 0.111828126 -0.993721008 -117.303733826 -0.153447673 0.981896460 0.111054540 -14.807554245 0.988150120 0.152884826 0.013617424 131.893936157
-0.002396710 0.100071229 -0.994977415 -118.255691528 -0.156643942 0.982659817 0.099209674 -14.797929764 0.987652361 0.156094953 0.013320398 131.929107666
