1.000000000 0.000000000 0.000000000 0.000000000 0.000000000 1.000000000 0.000000000 0.000000000 0.000000000 0.000000000 1.000000000 0.000000000
0.999997735 -0.001590758 -0.001430372 0.051154133 0.001587638 0.999996364 -0.002179235 -0.132140294 0.001433834 0.002176960 0.999996603 1.297247529
0.999997556 -0.000010637 -0.002208056 0.105591074 -0.000003438 0.999979675 -0.006373861 -0.267022163 0.002208079 0.006373853 0.999977171 2.604097605
0.999996066 0.002431428 -0.001389447 0.148887411 -0.002442379 0.999965489 -0.007935151 -0.405239940 0.001370105 0.007938514 0.999967575 3.907559633
0.999983788 0.005698145 0.000132740 0.193260998 -0.005697133 0.999961495 -0.006672206 -0.543847919 -0.000170754 0.006671341 0.999977767 5.221471786
0.999975979 0.006505123 0.002382718 0.243640348 -0.006497301 0.999973536 -0.003276203 -0.688715160 -0.002403967 0.003260643 0.999991775 6.536618710
0.999961257 0.006703591 0.005704890 0.299564630 -0.006692683 0.999975741 -0.001928915 -0.826104522 -0.005717682 0.001890660 0.999981821 7.839137077
0.999943316 0.005321024 0.009221830 0.354068846 -0.005303730 0.999984145 -0.001898924 -0.959262192 -0.009231788 0.001849906 0.999955654 9.140475273
0.999910712 0.004065997 0.012722657 0.427984267 -0.004043850 0.999990284 -0.001766122 -1.096171618 -0.012729715 0.001714516 0.999917507 10.436396599
0.999869347 0.002725282 0.015930034 0.498819172 -0.002685296 0.999993205 -0.002530918 -1.232216239 -0.015936820 0.002487810 0.999869883 11.744018555
0.999813259 0.001569864 0.019263059 0.575237870 -0.001506395 0.999993443 -0.003308928 -1.369175553 -0.019268123 0.003279292 0.999808967 13.036939621
0.999743342 0.001442369 0.022607950 0.645227432 -0.001369383 0.999993801 -0.003243483 -1.517751455 -0.022612490 0.003211691 0.999739170 14.367526054
0.999661386 0.001380427 0.025980374 0.729262948 -0.001269228 0.999989986 -0.004296130 -1.655900478 -0.025986046 0.004261701 0.999653220 15.664409637
0.999576330 0.002184260 0.029021736 0.815706551 -0.002060428 0.999988675 -0.004296110 -1.795231342 -0.029030791 0.004234493 0.999569476 16.965143204
0.999475837 0.001834590 0.032322153 0.904447198 -0.001708488 0.999990880 -0.003928594 -1.933650613 -0.032329060 0.003871313 0.999469817 18.252164841
0.999403715 0.000283199 0.034527760 1.002628803 -0.000157540 0.999993503 -0.003642022 -2.077426910 -0.034528561 0.003634410 0.999397099 19.553352356
0.999352038 -0.002208273 0.035925008 1.101688504 0.002385041 0.999985337 -0.004878374 -2.217742205 -0.035913710 0.004960896 0.999342501 20.831686020
0.999307275 -0.001894358 0.037167098 1.200798988 0.002137620 0.999976516 -0.006506437 -2.361327887 -0.037153903 0.006581380 0.999287844 22.136873245
0.999265075 -0.001762725 0.038290221 1.285313487 0.002114130 0.999955952 -0.009138858 -2.505541801 -0.038272422 0.009213092 0.999224901 23.421506882
0.999226034 -0.001254017 0.039316751 1.388135910 0.001674184 0.999941826 -0.010655588 -2.646120787 -0.039301101 0.010713164 0.999170005 24.705163956
0.999191403 -0.000518608 0.040203784 1.489694834 0.000978471 0.999934316 -0.011419459 -2.791979551 -0.040195219 0.011449562 0.999126315 25.975542068
0.999163568 -0.002177099 0.040834222 1.586308599 0.002601094 0.999943256 -0.010333076 -2.937592506 -0.040809408 0.010430644 0.999112487 27.267131805
0.999159575 -0.005059286 0.040675540 1.690911651 0.005433621 0.999943793 -0.009097661 -3.084263325 -0.040627223 0.009311031 0.999130964 28.544824600
0.999180257 -0.006655486 0.039933920 1.787934899 0.007045643 0.999928713 -0.009637274 -3.229816198 -0.039866932 0.009910734 0.999155760 29.835229874
0.999192119 -0.008327336 0.039317619 1.889422894 0.008815215 0.999886036 -0.012251620 -3.373960495 -0.039211113 0.012588316 0.999151587 31.098243713
0.999232173 -0.008521375 0.038242169 2.003025055 0.008998605 0.999883533 -0.012324387 -3.521592617 -0.038132694 0.012659052 0.999192476 32.381286621
0.999254346 -0.009074494 0.037527576 2.101070404 0.009559041 0.999872983 -0.012752546 -3.664300442 -0.037407082 0.013101767 0.999214172 33.648456573
0.999265313 -0.009686342 0.037081905 2.196469307 0.010163040 0.999867857 -0.012688435 -3.810940742 -0.036954101 0.013055976 0.999231696 34.912170410
0.999274552 -0.010181054 0.036698800 2.288644552 0.010677720 0.999853611 -0.013363029 -3.954435349 -0.036557391 0.013745192 0.999237061 36.173671722
0.999314189 -0.010796820 0.035419270 2.399950266 0.011280562 0.999845445 -0.013486315 -4.109829903 -0.035268184 0.013876615 0.999281526 37.452846527
0.999310195 -0.010504065 0.035618696 2.489170551 0.010922067 0.999873519 -0.011561312 -4.255923271 -0.035492744 0.011942368 0.999298513 38.710868835
0.999278188 -0.010491179 0.036509056 2.591956377 0.010884675 0.999884605 -0.010596091 -4.395407200 -0.036393683 0.010985834 0.999277055 39.975181580
0.999201953 -0.012219139 0.038026758 2.705282211 0.012569660 0.999880552 -0.008992349 -4.536552906 -0.037912332 0.009463158 0.999236226 41.223793030
0.999089658 -0.013296620 0.040534146 2.797494173 0.013720370 0.999853849 -0.010193919 -4.681480885 -0.040392675 0.010740781 0.999126136 42.484622955
0.998974800 -0.014391941 0.042919856 2.893737316 0.014977178 0.999798775 -0.013345314 -4.831031799 -0.042719156 0.013974452 0.998989463 43.732192993
0.998866856 -0.015746323 0.044912301 3.000742674 0.016403971 0.999763012 -0.014312052 -4.980288506 -0.044676289 0.015032574 0.998888433 44.996578217
0.998744667 -0.016115284 0.047427393 3.124443769 0.016765300 0.999770463 -0.013339714 -5.112156391 -0.047201544 0.014118102 0.998785615 46.229400635
0.998544037 -0.017103964 0.051161859 3.231340170 0.017628990 0.999796271 -0.009828333 -5.266689301 -0.050983325 0.010715954 0.998642027 47.498664856
0.998264015 -0.020206366 0.055322386 3.339463234 0.020670289 0.999755681 -0.007826460 -5.406758308 -0.055150717 0.008956405 0.998437822 48.712276459
0.998037398 -0.022306683 0.058513299 3.478983641 0.022822324 0.999706149 -0.008158925 -5.545768738 -0.058314100 0.009478322 0.998253226 49.970535278
0.997760773 -0.025583632 0.061798360 3.619326591 0.026368955 0.999581158 -0.011925736 -5.680195808 -0.061467368 0.013528591 0.998017371 51.199295044
0.997467756 -0.026772916 0.065887325 3.750593185 0.027627377 0.999545157 -0.012091511 -5.816426754 -0.065533631 0.013881186 0.997753739 52.441043854
0.997103155 -0.029302547 0.070189685 3.877468586 0.030052891 0.999501705 -0.009657949 -5.956138134 -0.069871701 0.011739373 0.997486830 53.659324646
0.996845245 -0.032042265 0.072614335 4.040546417 0.032581743 0.999449492 -0.006256748 -6.091177940 -0.072373874 0.008602912 0.997340441 54.879123688
0.996591568 -0.034641217 0.074868634 4.191370487 0.035071384 0.999374986 -0.004438217 -6.223154068 -0.074668080 0.007048838 0.997183502 56.090824127
0.996386826 -0.037883457 0.076013930 4.340302944 0.038103644 0.999272704 -0.001447797 -6.347053051 -0.075903803 0.004338972 0.997105718 57.313293457
0.996243954 -0.040920265 0.076312229 4.495389938 0.041050404 0.999157131 -0.000136864 -6.471890450 -0.076242305 0.003268998 0.997083962 58.513950348
0.996179223 -0.042904496 0.076068483 4.640783787 0.043266729 0.999058664 -0.003119413 -6.603641987 -0.075863056 0.006398728 0.997097850 59.729339600
0.996190608 -0.044057302 0.075254574 4.788494110 0.044745110 0.998970449 -0.007477419 -6.730135918 -0.074847661 0.010816209 0.997136354 60.916046143
0.996196151 -0.045637384 0.074232332 4.919585705 0.046605837 0.998848677 -0.011365859 -6.863321304 -0.073628172 0.014782285 0.997176230 62.121028900
0.996237516 -0.046998769 0.072813652 5.061823368 0.048123963 0.998746395 -0.013775667 -6.995649815 -0.072074942 0.017227920 0.997250378 63.310939789
0.996362209 -0.047513701 0.070744373 5.196128845 0.048620898 0.998719156 -0.014010923 -7.129337788 -0.069988042 0.017399611 0.997396052 64.498115540
0.996602237 -0.046928499 0.067687906 5.333904266 0.047958720 0.998755693 -0.013675332 -7.262196064 -0.066961922 0.016875090 0.997612774 65.674919128
0.996831417 -0.045638327 0.065148309 5.443358421 0.046476547 0.998854220 -0.011408642 -7.406535625 -0.064552970 0.014400362 0.997810483 66.869590759
0.997222006 -0.041899785 0.061585356 5.563232422 0.042461462 0.999067366 -0.007839444 -7.536533356 -0.061199453 0.010432669 0.998071015 68.044181824
0.997454345 -0.040396962 0.058762446 5.673222542 0.040781613 0.999153733 -0.005360882 -7.662957191 -0.058496155 0.007743661 0.998257518 69.208641052
0.997740626 -0.038934935 0.054750770 5.800798893 0.039439317 0.999188662 -0.008161885 -7.811166286 -0.054388568 0.010302777 0.998466671 70.413841248
0.997916102 -0.039441731 0.051065873 5.911018372 0.040241946 0.999081373 -0.014737759 -7.941641808 -0.050437670 0.016762039 0.998586535 71.572853088
0.997971833 -0.042863663 0.047064718 6.020146370 0.043746352 0.998882592 -0.017887324 -8.077723503 -0.046245404 0.019909952 0.998731613 72.744461060
0.997985482 -0.046624709 0.043024451 6.138765335 0.047242742 0.998792708 -0.013460950 -8.210385323 -0.042344894 0.015466426 0.998983264 73.934448242
0.997990370 -0.050295893 0.038544793 6.244901180 0.050664231 0.998678327 -0.008639012 -8.335590363 -0.038059354 0.010574492 0.999219418 75.090629578
0.998013973 -0.052807488 0.034344070 6.335474491 0.053022936 0.998578668 -0.005392083 -8.469515800 -0.034010515 0.007202397 0.999395549 76.276641846
0.998191953 -0.051882230 0.030346859 6.422671318 0.051996037 0.998642862 -0.002972849 -8.593928337 -0.030151438 0.004545392 0.999534965 77.435653687
0.998333514 -0.051391158 0.026253302 6.517680168 0.051506739 0.998665690 -0.003744925 -8.700212479 -0.026025824 0.005090906 0.999648273 78.595596313
0.998470604 -0.050206359 0.023146542 6.588318348 0.050333302 0.998720288 -0.004934493 -8.839941978 -0.022869183 0.006091990 0.999719918 79.769241333
0.998652995 -0.047876112 0.020003479 6.661293507 0.048080821 0.998794556 -0.009880749 -8.968430519 -0.019506318 0.010829223 0.999751031 80.913719177
0.998550534 -0.051382221 0.016030991 6.746607304 0.051616848 0.998560548 -0.014582371 -9.108533859 -0.015258647 0.015388701 0.999765158 82.076316833
0.998411238 -0.054616287 0.013867929 6.795043468 0.054836046 0.998367190 -0.015993649 -9.235679626 -0.012971777 0.016728699 0.999775887 83.219367981
0.998442352 -0.054875385 0.010078721 6.862504959 0.055000000 0.998407602 -0.012532547 -9.364686966 -0.009374944 0.013067352 0.999870718 84.357467651
0.998438358 -0.055368263 0.007440810 6.928137779 0.055442356 0.998410285 -0.010148993 -9.493531227 -0.006867048 0.010545676 0.999920845 85.493217468
0.998588324 -0.052734982 0.006351592 6.972001076 0.052806985 0.998535514 -0.011758394 -9.622936249 -0.005722212 0.012077203 0.999910712 86.640495300
0.998776317 -0.049121425 0.005739557 7.025315285 0.049201600 0.998679519 -0.014779517 -9.751330376 -0.005005987 0.015043827 0.999874294 87.761787415
0.998866498 -0.047382344 0.004539499 7.085668087 0.047455817 0.998715758 -0.017739084 -9.875972748 -0.003693148 0.017934404 0.999832273 88.856025696
0.998784065 -0.049130414 0.004078605 7.128069878 0.049196981 0.998622358 -0.018251004 -10.017862320 -0.003176306 0.018429469 0.999825120 90.006568909
0.998730361 -0.050305057 0.002661366 7.180737019 0.050340611 0.998610079 -0.015616672 -10.147931099 -0.001872070 0.015730821 0.999874473 91.119750977
0.998681307 -0.051310543 0.001695453 7.231159210 0.051328301 0.998597085 -0.013010988 -10.278608322 -0.001025474 0.013080854 0.999913931 92.236045837
0.998693883 -0.051084626 0.000972673 7.295547009 0.051092774 0.998616934 -0.012388350 -10.401875496 -0.000338473 0.012421865 0.999922752 93.366531372
0.998665154 -0.051643420 0.000950494 7.341405869 0.051651821 0.998556852 -0.014707447 -10.528121948 -0.000189579 0.014736912 0.999891400 94.474975586
0.998647690 -0.051988333 0.000165330 7.404907227 0.051982518 0.998477221 -0.018468581 -10.657936096 0.000795073 0.018452201 0.999829412 95.585884094
0.998638153 -0.052166697 0.000728272 7.440768242 0.052171025 0.998451293 -0.019319048 -10.796937943 0.000280666 0.019330733 0.999813199 96.695686340
0.998597562 -0.052942470 0.000370985 7.498541355 0.052940827 0.998443604 -0.017541464 -10.929636955 0.000558281 0.017536502 0.999846101 97.780746460
0.998652160 -0.051882483 0.001441712 7.539951801 0.051896613 0.998572111 -0.012663677 -11.049271584 -0.000782630 0.012721429 0.999918699 98.869293213
0.998738050 -0.050148685 0.002748917 7.588963509 0.050171666 0.998699605 -0.009046350 -11.170628548 -0.002291680 0.009172849 0.999955297 99.935600281
0.998840272 -0.047919553 0.004668612 7.636776447 0.047960993 0.998806775 -0.009210004 -11.291361809 -0.004221702 0.009423235 0.999946654 101.008613586
0.998909771 -0.046162173 0.006945332 7.683524132 0.046236467 0.998870611 -0.010947706 -11.412512779 -0.006432117 0.011256899 0.999915957 102.043464661
0.998862386 -0.046686694 0.009701362 7.735178947 0.046812359 0.998817027 -0.013156903 -11.535943985 -0.009075632 0.013596081 0.999866426 103.062988281
0.998792231 -0.047838431 0.011198064 7.792123318 0.047996104 0.998745680 -0.014263181 -11.648903847 -0.010501691 0.014783420 0.999835551 104.080947876
0.998676658 -0.049680416 0.013293942 7.851587296 0.049860273 0.998664141 -0.013558906 -11.762895584 -0.012602571 0.014203805 0.999819636 105.062568665
0.998638451 -0.049994078 0.014890475 7.911642551 0.050173897 0.998668909 -0.011957370 -11.883296967 -0.014272857 0.012688205 0.999817610 106.039871216
0.998572648 -0.050969575 0.015960269 7.980959415 0.051136672 0.998639166 -0.010241925 -11.995886803 -0.015416521 0.011043463 0.999820173 106.985877991
0.998504817 -0.051629070 0.017957501 8.036886215 0.051825222 0.998599589 -0.010634827 -12.103607178 -0.017383287 0.011549577 0.999782205 107.904014587
0.998487055 -0.051421843 0.019477986 8.101438522 0.051602364 0.998628139 -0.008880872 -12.203828812 -0.018994594 0.009872545 0.999770820 108.814804077
0.998502254 -0.050363921 0.021373281 8.159093857 0.050521947 0.998699009 -0.006919018 -12.300321579 -0.020997006 0.007988475 0.999747634 109.684700012
0.998461068 -0.050643612 0.022599941 8.221430779 0.050739948 0.998705029 -0.003709499 -12.402674675 -0.022382811 0.004850511 0.999737620 110.546531677
0.998411000 -0.051088620 0.023777798 8.287309647 0.051183537 0.998683393 -0.003400306 -12.495814323 -0.023572776 0.004611934 0.999711454 111.373466492
0.998428166 -0.050040416 0.025241653 8.335790634 0.050122298 0.998739660 -0.002621324 -12.587378502 -0.025078664 0.003882373 0.999678075 112.184783936
0.998524606 -0.047701374 0.025947362 8.386906624 0.047780991 0.998854816 -0.002456857 -12.667344093 -0.025800450 0.003693023 0.999660313 112.962692261
0.998665571 -0.045095164 0.025168376 8.433106422 0.045089696 0.998982668 0.000785148 -12.746174812 -0.025178175 0.000350735 0.999682963 113.721847534
0.998739064 -0.045070920 0.022111520 8.480392456 0.045041677 0.998983443 0.001819079 -12.829847336 -0.022171030 -0.000820846 0.999753833 114.477508545
0.998859882 -0.045108419 0.015625400 8.517190933 0.045081854 0.998981178 0.002048708 -12.904904366 -0.015701897 -0.001341950 0.999875844 115.175804138
0.999041557 -0.043452442 0.005290439 8.544265747 0.043447997 0.999055207 0.000953297 -12.980416298 -0.005326865 -0.000722525 0.999985576 115.849212646
0.999134719 -0.040699009 -0.008558756 8.544718742 0.040683545 0.999170184 -0.001972707 -13.049389839 0.008631943 0.001622800 0.999961376 116.486282349
0.998837113 -0.039371114 -0.027824193 8.549684525 0.039261054 0.999218762 -0.004491108 -13.118371010 0.027979277 0.003393477 0.999602735 117.117744446
0.998031437 -0.037710290 -0.050111666 8.514703751 0.037412643 0.999276280 -0.006864663 -13.187340736 0.050334267 0.004976340 0.998719990 117.704437256
0.996320784 -0.036206089 -0.077678941 8.473278046 0.035625529 0.999326050 -0.008847089 -13.252854347 0.077946901 0.006047186 0.996939123 118.274307251
0.993382692 -0.033989385 -0.109706715 8.401124001 0.033006337 0.999397099 -0.010764819 -13.321052551 0.110006474 0.007072567 0.993905723 118.814910889
0.988987386 -0.029431300 -0.145043865 8.293315887 0.027972188 0.999535561 -0.012089390 -13.387641907 0.145332307 0.007899060 0.989351273 119.360321045
0.982744634 -0.023449045 -0.183474988 8.180372238 0.021713475 0.999698520 -0.011463005 -13.448290825 0.183688462 0.007281329 0.982957542 119.871582031
0.974162161 -0.018169183 -0.225117788 8.041326523 0.016474130 0.999820054 -0.009405914 -13.506660461 0.225248218 0.005454266 0.974286079 120.375503540
0.962854683 -0.013350463 -0.269689798 7.867202759 0.011611271 0.999900222 -0.008043183 -13.562031746 0.269770235 0.004612976 0.962913752 120.871742249
0.948597610 -0.007204338 -0.316402733 7.672744751 0.004763277 0.999952614 -0.008487805 -13.618832588 0.316448897 0.006544398 0.948586941 121.345207214
0.931098402 0.000399747 -0.364767611 7.447380066 -0.004059999 0.999948740 -0.009267634 -13.676407814 0.364745289 0.010110037 0.931052566 121.815940857
0.910027683 0.004890068 -0.414518595 7.188949585 -0.010015628 0.999897897 -0.010192375 -13.728611946 0.414426535 0.013427007 0.909983695 122.251708984
0.884865940 0.009116725 -0.465756297 6.922588348 -0.015110718 0.999844015 -0.009137095 -13.779889107 0.465600371 0.015123016 0.884865880 122.665763855
0.855757594 0.012271598 -0.517231464 6.637752533 -0.019910900 0.999759197 -0.009222684 -13.819970131 0.516993761 0.018190924 0.855795860 123.069305420
0.824253261 0.022076361 -0.565790772 6.311702728 -0.030541925 0.999518394 -0.005494178 -13.875981331 0.565396965 0.021808932 0.824530602 123.433609009
0.790095329 0.035234984 -0.611970484 5.960117340 -0.043672875 0.999045253 0.001136668 -13.919325829 0.611426234 0.025828432 0.790879786 123.798713684
0.754116118 0.043917011 -0.655271053 5.604324341 -0.054852564 0.998487234 0.003792881 -13.960453987 0.654446244 0.033083029 0.755384386 124.113510132
0.714275777 0.047551852 -0.698246956 5.233455658 -0.062022515 0.998064458 0.004523651 -14.003642082 0.697110653 0.040075902 0.715842605 124.412933350
0.671746314 0.049464025 -0.739127994 4.856781006 -0.064629644 0.997876942 0.008042283 -14.054768562 0.737956524 0.042367201 0.673516989 124.694763184
0.628139615 0.053133532 -0.776284277 4.437801361 -0.068419985 0.997572958 0.012917007 -14.089541435 0.775086701 0.044999674 0.630250633 124.967216492
0.583075285 0.061750282 -0.810067952 4.014396667 -0.079629973 0.996649861 0.018656634 -14.121015549 0.808506310 0.053627476 0.586039066 125.196304321
0.537488699 0.070672959 -0.840304255 3.568981171 -0.091059275 0.995519340 0.025482405 -14.147545815 0.838340104 0.062820993 0.541515827 125.406326294
0.490275145 0.075579733 -0.868284523 3.116794586 -0.096718140 0.994797766 0.031980373 -14.173135757 0.866184652 0.068299673 0.495034575 125.609565735
0.443500459 0.076465651 -0.893006325 2.639331818 -0.096548907 0.994632125 0.037217770 -14.192631721 0.891058743 0.069712676 0.448502451 125.792091370
0.396522492 0.078176931 -0.914690197 2.166984558 -0.094240442 0.994570017 0.044150431 -14.214407921 0.913174987 0.068694174 0.401736766 125.959220886
0.350547552 0.080950245 -0.933039844 1.674476624 -0.095800929 0.994130909 0.050257623 -14.236791611 0.931632161 0.071768396 0.356245279 126.107398987
0.306619436 0.084227845 -0.948098242 1.168796539 -0.101126887 0.993322074 0.055540558 -14.258556366 0.946444869 0.078848414 0.313089490 126.226211548
0.265149474 0.085880861 -0.960375011 0.642101288 -0.106130876 0.992572844 0.059458509 -14.275135994 0.958348513 0.086160064 0.272294819 126.329963684
0.226225838 0.082475297 -0.970576882 0.114797592 -0.106694363 0.992511809 0.059470482 -14.292337418 0.968213916 0.090101331 0.233331427 126.422935486
0.191540062 0.077216104 -0.978442669 -0.420961380 -0.101609968 0.993103862 0.058481950 -14.310131073 0.976210892 0.088217907 0.198065102 126.512191772
0.161366880 0.072478764 -0.984229386 -0.976119995 -0.098840445 0.993472040 0.056954242 -14.331960678 0.981932461 0.088091142 0.167477340 126.587387085
0.134075969 0.070790082 -0.988439500 -1.540239334 -0.099467494 0.993369281 0.057650983 -14.354607582 0.985966563 0.090587959 0.140228286 126.667221069
0.111787729 0.070024811 -0.991261899 -2.121638298 -0.100617193 0.993185282 0.058813784 -14.371225357 0.988625050 0.093163319 0.118071616 126.733085632
0.093719706 0.071331561 -0.993040025 -2.728873253 -0.103117354 0.992761075 0.061579671 -14.384335518 0.990244031 0.096628413 0.100396790 126.778816223
0.077374183 0.069811136 -0.994554996 -3.331538200 -0.103741258 0.992694199 0.061609689 -14.410339355 0.991590083 0.098409392 0.084051207 126.832687378
0.063755691 0.068957366 -0.995580196 -3.955188751 -0.103455849 0.992691398 0.062132109 -14.437930107 0.992588520 0.099037334 0.070423760 126.874153137
0.051156327 0.065920755 -0.996512651 -4.598258018 -0.097670600 0.993366063 0.060698632 -14.458513260 0.993903160 0.094224870 0.057255477 126.930709839
0.038963087 0.063335240 -0.997231483 -5.245584488 -0.095355093 0.993670464 0.059383433 -14.477556229 0.994680524 0.092777334 0.044755809 126.973487854
0.028151020 0.062918581 -0.997621596 -5.903927803 -0.094799273 0.993686855 0.059995383 -14.498791695 0.995098412 0.092884853 0.033937927 127.008354187
0.019303158 0.064332575 -0.997741818 -6.575162888 -0.098431543 0.993202150 0.062135529 -14.521970749 0.994956672 0.097009845 0.025504295 127.017150879
0.010685596 0.063788123 -0.997906268 -7.274351120 -0.101340130 0.992894053 0.062382579 -14.547026634 0.994794428 0.100461356 0.017073957 127.037483215
0.004289065 0.063237578 -0.997989297 -7.961502552 -0.103946894 0.992620230 0.062450632 -14.569038391 0.994573653 0.103470042 0.010830760 127.054824829
-0.001044825 0.064638071 -0.997908294 -8.656584740 -0.104490377 0.992439151 0.064393200 -14.591305733 0.994525313 0.104339093 0.005717130 127.069335938
-0.004720857 0.066601761 -0.997768462 -9.377564430 -0.106010079 0.992123723 0.066726536 -14.609083176 0.994353831 0.106088534 0.002376783 127.093589783
-0.005602774 0.070167892 -0.997519433 -10.096048355 -0.108436301 0.991610229 0.070361286 -14.630561829 0.994087636 0.108561531 0.002052979 127.106132507
-0.006463338 0.073725186 -0.997257710 -10.828652382 -0.111175336 0.991042912 0.073986284 -14.647511482 0.993779778 0.111348659 0.001790976 127.114837646
-0.008100836 0.079341047 -0.996814609 -11.557741165 -0.116019323 0.990040481 0.079744726 -14.661307335 0.993213892 0.116295755 0.001184938 127.131187439
-0.009395238 0.082855619 -0.996517241 -12.295328140 -0.118875027 0.989401698 0.083384767 -14.674499512 0.992864788 0.119244456 0.000553800 127.148284912
-0.010908315 0.083667725 -0.996434033 -13.040960312 -0.118118934 0.989408672 0.084370904 -14.693543434 0.992939472 0.118618093 -0.000910040 127.163818359
-0.011878764 0.080248602 -0.996704102 -13.808286667 -0.116678677 0.989853859 0.081087656 -14.711462021 0.993098617 0.117257342 -0.002394941 127.179687500
-0.013617681 0.077023730 -0.996936262 -14.559923172 -0.120491207 0.989637077 0.078105628 -14.719272614 0.992620945 0.121185660 -0.004195881 127.192306519
-0.014706223 0.078667320 -0.996792495 -15.332837105 -0.125157043 0.988915086 0.079892144 -14.729608536 0.992027938 0.125930503 -0.004697437 127.191299438
-0.016090922 0.081779778 -0.996520519 -16.108201981 -0.122491129 0.988981128 0.083138935 -14.744289398 0.992339134 0.123402707 -0.005896323 127.205245972
-0.018493325 0.081910253 -0.996468067 -16.883512497 -0.121215731 0.989103317 0.083554506 -14.760889053 0.992453933 0.122332796 -0.008362994 127.221260071
-0.019026805 0.081379659 -0.996501505 -17.670705795 -0.124457896 0.988736987 0.083121926 -14.772608757 0.992042482 0.125604033 -0.008684160 127.219398499
-0.020096567 0.080846213 -0.996523976 -18.468645096 -0.128760979 0.988215506 0.082768828 -14.783027649 0.991472006 0.129976735 -0.009449905 127.229850769
-0.021331117 0.085020237 -0.996150970 -19.265920639 -0.130653694 0.987595737 0.087087810 -14.789044380 0.991198480 0.132008478 -0.009958318 127.238075256
-0.022121385 0.089779094 -0.995715976 -20.069097519 -0.129847437 0.987265766 0.091901936 -14.802235603 0.991287172 0.131324157 -0.010182101 127.252799988
-0.020859908 0.092431583 -0.995500505 -20.895217896 -0.130806595 0.986905813 0.094374515 -14.812436104 0.991188407 0.132186711 -0.008496103 127.261817932
-0.019016529 0.091389813 -0.995633543 -21.713047028 -0.130187750 0.987109244 0.093093917 -14.820927620 0.991306961 0.131389633 -0.006873558 127.272491455
-0.017979149 0.091625780 -0.995631158 -22.544036865 -0.130113214 0.987109900 0.093191184 -14.827504158 0.991336107 0.131220311 -0.005825671 127.285530090
-0.017966308 0.090297386 -0.995752871 -23.379226685 -0.128191128 0.987486005 0.091860689 -14.829698563 0.991586745 0.129297033 -0.006166154 127.307487488
-0.016955717 0.092354089 -0.995581746 -24.216564178 -0.129125148 0.987184465 0.093774229 -14.837242126 0.991483331 0.130144641 -0.004813184 127.324455261
-0.016220432 0.094577901 -0.995385230 -25.053705215 -0.130852431 0.986753643 0.095890082 -14.839897156 0.991269171 0.131803960 -0.003629821 127.338096619
-0.016518878 0.096803427 -0.995166421 -25.926025391 -0.133601695 0.986163199 0.098145328 -14.839053154 0.990897417 0.134577155 -0.003357207 127.353927612
-0.014842229 0.097880498 -0.995087445 -26.788867950 -0.135890648 0.985765994 0.098990478 -14.836839676 0.990612686 0.136692330 -0.001329923 127.365608215
-0.013115290 0.101079643 -0.994791925 -27.657962799 -0.142604306 0.984518766 0.101915888 -14.837181091 0.989692867 0.143198267 0.001502145 127.380126953
-0.010779360 0.104755148 -0.994439602 -28.542125702 -0.147039995 0.983520448 0.105198756 -14.830617905 0.989071786 0.147356376 0.004801475 127.394882202
-0.008707059 0.106482558 -0.994276404 -29.416065216 -0.149517804 0.982997596 0.106583990 -14.825277328 0.988720715 0.149590060 0.007362021 127.425285339
-0.004668827 0.107378252 -0.994207263 -30.315549850 -0.148415551 0.983132720 0.106879100 -14.826663017 0.988914073 0.148054868 0.011346526 127.444328308
-0.001956741 0.107260555 -0.994229019 -31.206911087 -0.151038542 0.982793272 0.106324084 -14.820727348 0.988525927 0.150374979 0.014277407 127.472900391
0.000527411 0.111111939 -0.993807793 -32.109951019 -0.151454344 0.982352495 0.109750815 -14.813394547 0.988464117 0.150458634 0.017346494 127.503082275
0.002894012 0.112981394 -0.993592918 -33.027416229 -0.150292069 0.982360482 0.111266404 -14.810316086 0.988637507 0.149007142 0.019823173 127.544502258
0.004650787 0.114294484 -0.993436038 -33.920345306 -0.150910586 0.982149184 0.112289451 -14.807641983 0.988536417 0.149397746 0.021816012 127.585563660
0.007100921 0.112399496 -0.993637800 -34.823040009 -0.152226835 0.982203126 0.110018149 -14.801681519 0.988320053 0.150477111 0.024084765 127.617713928
0.007564573 0.113830090 -0.993471444 -35.730751038 -0.156433702 0.981402338 0.111256093 -14.795973778 0.987659454 0.154570818 0.025230747 127.655845642
0.008635477 0.114381261 -0.993399382 -36.624568939 -0.157031626 0.981265604 0.111619107 -14.791070938 0.987555802 0.155031234 0.026435172 127.693641663
0.008747726 0.111046314 -0.993776798 -37.520389557 -0.157543391 0.981556058 0.108294003 -14.791222572 0.987473309 0.155615628 0.026080996 127.730102539
0.009694909 0.106860779 -0.994226754 -38.428424835 -0.158689052 0.981837749 0.103981815 -14.791566849 0.987281024 0.156764761 0.026476467 127.773674011
0.010176699 0.105938047 -0.994320691 -39.325870514 -0.158160150 0.982025683 0.103009365 -14.785336494 0.987361073 0.156213611 0.026748959 127.815414429
0.010071272 0.110278979 -0.993849695 -40.230434418 -0.160743907 0.981152773 0.107241198 -14.783466339 0.986944795 0.158675194 0.027608126 127.855216980
0.010367827 0.116390534 -0.993149340 -41.163654327 -0.161283299 0.980393112 0.113211900 -14.771967888 0.986853719 0.159004614 0.028936394 127.893249512
0.010571125 0.115122966 -0.993294954 -42.057476044 -0.159089461 0.980891585 0.111992300 -14.773023605 0.987207651 0.156838909 0.028683979 127.938430786
0.011354756 0.104685374 -0.994440615 -42.947673798 -0.158323616 0.982147813 0.101583533 -14.778488159 0.987322032 0.156289965 0.027726214 127.982902527
0.011684462 0.094194435 -0.995485246 -43.870872498 -0.160015196 0.982899368 0.091125369 -14.783957481 0.987045407 0.158228025 0.026557190 128.022888184
0.010494797 0.091030508 -0.995792806 -44.771259308 -0.156866834 0.983667374 0.088268816 -14.792444229 0.987563968 0.155280486 0.024603060 128.070236206
0.010576111 0.101323865 -0.994797230 -45.693061829 -0.149486169 0.983833492 0.098617911 -14.797487259 0.988707304 0.147665441 0.025551649 128.118423462
0.010437077 0.114297688 -0.993391812 -46.639976501 -0.144410029 0.983203709 0.111608222 -14.793844223 0.989462912 0.142290846 0.026767505 128.177032471
0.010576027 0.123494983 -0.992288768 -47.562644958 -0.144605711 0.982101858 0.120685935 -14.786243439 0.989432871 0.142214239 0.028244816 128.222457886
0.010494534 0.117618687 -0.993003428 -48.478061676 -0.144662753 0.982789516 0.114880040 -14.782543182 0.989425421 0.142444968 0.027328962 128.263153076
0.010642508 0.104100190 -0.994509876 -49.403602600 -0.144812673 0.984241843 0.101475686 -14.781297684 0.989401877 0.142937720 0.025549827 128.302352905
0.011237903 0.095255964 -0.995389402 -50.319896698 -0.145218953 0.985054195 0.092627376 -14.782130241 0.989335775 0.143508449 0.024902910 128.346878052
0.011758985 0.095274590 -0.995381534 -51.254150391 -0.144276768 0.985195577 0.092595205 -14.790639877 0.989467502 0.142521620 0.025330812 128.389663696
0.010898876 0.096758269 -0.995248258 -52.188926697 -0.147054285 0.984640598 0.094116606 -14.806234360 0.989068449 0.145329759 0.024960192 128.430618286
0.011650452 0.096113853 -0.995302141 -53.144004822 -0.152147859 0.983950138 0.093236655 -14.809175491 0.988288999 0.150346845 0.026086988 128.469680786
0.012128868 0.095608532 -0.995345056 -54.075843811 -0.153847069 0.983744204 0.092619494 -14.811436653 0.988020182 0.152007550 0.026640799 128.512268066
0.013173128 0.102881342 -0.994606316 -55.023864746 -0.163124874 0.981588066 0.099374212 -14.807737350 0.986517429 0.160935983 0.029713089 128.543899536
0.014814497 0.112515889 -0.993539393 -55.970985413 -0.168743819 0.979677737 0.108429976 -14.804544449 0.985548615 0.166047290 0.033499792 128.579666138
0.015882948 0.120650120 -0.992568016 -56.938888550 -0.168948919 0.978743315 0.116266176 -14.801936150 0.985496819 0.165846676 0.035929043 128.635452271
0.016691310 0.121562347 -0.992443383 -57.880756378 -0.170285180 0.978426516 0.116981506 -14.795309067 0.985253394 0.167045817 0.037031483 128.682647705
0.018173622 0.111711852 -0.993574440 -58.819213867 -0.171899766 0.979290426 0.106961571 -14.790121078 0.984946847 0.168851346 0.037000485 128.733169556
0.019164884 0.106925823 -0.994082212 -59.761886597 -0.170363456 0.980073929 0.102134608 -14.790636063 0.985194862 0.167397916 0.036999255 128.789016724
0.021215349 0.105197445 -0.994224966 -60.713367462 -0.169200480 0.980481803 0.100132793 -14.795602798 0.985353351 0.166098997 0.038600720 128.847930908
0.024658386 0.111117460 -0.993501246 -61.708950043 -0.170992404 0.979627073 0.105321705 -14.790315628 0.984963655 0.167284176 0.043156259 128.906143188
0.028252019 0.113136061 -0.993177772 -62.669849396 -0.173728898 0.979009271 0.106580153 -14.790036201 0.984388113 0.169532567 0.047313988 128.961364746
0.032672331 0.108027562 -0.993610799 -63.619255066 -0.173184752 0.979715288 0.100822061 -14.791923523 0.984347284 0.168784156 0.050718307 129.018859863
0.035222441 0.102580681 -0.994100869 -64.575424194 -0.173060834 0.980316222 0.095026456 -14.802179337 0.984281123 0.168692872 0.052281834 129.090591431
0.038586590 0.102182537 -0.994017065 -65.543739319 -0.170543879 0.980836332 0.094207272 -14.802772522 0.984594226 0.165888399 0.055273741 129.162246704
0.041177798 0.106850505 -0.993422031 -66.520256042 -0.168243214 0.980809808 0.098520197 -14.820093155 0.984885037 0.163079709 0.058364466 129.246994019
0.044595078 0.113557316 -0.992530048 -67.476898193 -0.167593181 0.980288744 0.104626663 -14.821798325 0.984847188 0.161675483 0.062747486 129.327377319
0.047015917 0.117575802 -0.991950274 -68.444122314 -0.165276349 0.980276585 0.108358428 -14.828270912 0.985126019 0.158851326 0.065521099 129.412689209
0.049440429 0.119298041 -0.991626740 -69.429199219 -0.164910555 0.980189025 0.109699920 -14.828651428 0.985068738 0.158106104 0.068134472 129.491409302
0.051683821 0.116470762 -0.991848409 -70.371498108 -0.163434580 0.980772197 0.106653750 -14.825779915 0.985199451 0.156590059 0.069725402 129.563293457
0.052283760 0.115026429 -0.991985500 -71.318878174 -0.161445901 0.981250644 0.105272450 -14.829589844 0.985495687 0.154647917 0.069874018 129.651199341
0.052319795 0.111632846 -0.992371261 -72.260917664 -0.158251584 0.982102334 0.102134347 -14.841099739 0.986011684 0.151700675 0.069049478 129.744934082
0.052445341 0.111176550 -0.992415845 -73.248954773 -0.156803504 0.982372940 0.101765014 -14.832653999 0.986236453 0.150277197 0.068953745 129.823730469
0.052402899 0.115797959 -0.991889417 -74.204566956 -0.153624028 0.982365727 0.106569946 -14.833630562 0.986738861 0.146793455 0.069268160 129.907623291
0.051787302 0.117743351 -0.991692662 -75.164642334 -0.147618562 0.983019173 0.109004721 -14.841043472 0.987687707 0.140747204 0.068289012 130.004577637
0.050962403 0.113063395 -0.992279887 -76.123657227 -0.144735694 0.983917773 0.104677118 -14.828006744 0.988157034 0.138283715 0.066507123 130.087677002
0.049499199 0.109215111 -0.992784917 -77.093650818 -0.146953076 0.983981729 0.100919753 -14.831617355 0.987904131 0.140897363 0.064755805 130.168609619
0.048229106 0.106464602 -0.993146062 -78.043029785 -0.143430054 0.984736681 0.098597869 -14.835307121 0.988484502 0.137691721 0.062763199 130.251434326
0.047028806 0.107216708 -0.993122756 -79.006805420 -0.143548921 0.984628379 0.099501982 -14.837121964 0.988525033 0.137882248 0.061696745 130.320510864
0.046143487 0.108115390 -0.993066907 -79.969421387 -0.144936442 0.984331012 0.100429729 -14.836372375 0.988364398 0.139297426 0.061090309 130.397720337
0.044792406 0.108433008 -0.993094206 -80.923347473 -0.146492124 0.984058678 0.100839101 -14.840153694 0.988197267 0.140963629 0.059962932 130.470565796
0.043341313 0.109694608 -0.993019998 -81.873832703 -0.146381840 0.983924329 0.102300853 -14.846312523 0.988278270 0.140926242 0.058701865 130.539398193
0.041162651 0.110203885 -0.993056357 -82.841629028 -0.146520376 0.983819544 0.103105515 -14.849372864 0.988350868 0.141258866 0.056643728 130.608581543
0.039489482 0.111680701 -0.992959142 -83.787765503 -0.146277264 0.983674645 0.104819074 -14.837834358 0.988455117 0.141108081 0.055181157 130.686431885
0.038027029 0.115347385 -0.992597044 -84.741645813 -0.147579849 0.983071327 0.108586535 -14.830960274 0.988318801 0.142358109 0.054406233 130.745254517
0.035756640 0.120591938 -0.992057979 -85.689796448 -0.148873970 0.982258856 0.114034951 -14.824307442 0.988209486 0.143614113 0.053075284 130.811340332
0.033817198 0.120059691 -0.992190540 -86.639541626 -0.148324102 0.982367456 0.113815680 -14.819725990 0.988360465 0.143316835 0.051028673 130.873168945
0.032699764 0.115130395 -0.992811978 -87.584587097 -0.148449481 0.982884586 0.109089762 -14.817283630 0.988379240 0.143815234 0.049231146 130.934310913
0.030079311 0.110005982 -0.993475616 -88.532554626 -0.152569219 0.982784152 0.104202770 -14.806637764 0.987834930 0.148439467 0.046344992 130.996719360
0.028882043 0.107953764 -0.993736267 -89.475479126 -0.150574371 0.983276784 0.102441177 -14.805967331 0.988176763 0.146672502 0.044654101 131.061233521
0.028487230 0.109208010 -0.993610620 -90.441322327 -0.145793363 0.983838320 0.103953980 -14.809264183 0.988904834 0.141900510 0.043948624 131.114074707
0.027725186 0.110423818 -0.993497789 -91.390045166 -0.142782226 0.984126270 0.105397642 -14.808593750 0.989365697 0.138931647 0.043051645 131.176635742
0.026713097 0.110296875 -0.993539631 -92.341934204 -0.137401626 0.984866023 0.105639689 -14.811276436 0.990155160 0.133692026 0.041463785 131.242660522
0.025450068 0.107458040 -0.993883848 -93.283744812 -0.133389100 0.985680699 0.103155464 -14.815446854 0.990736902 0.129947975 0.039419375 131.306549072
0.024984619 0.104211874 -0.994241238 -94.227516174 -0.128352895 0.986654580 0.100191250 -14.819936752 0.991413832 0.125110477 0.038027082 131.366836548
0.023235485 0.106832832 -0.994005382 -95.212112427 -0.127095148 0.986522138 0.103057630 -14.826536179 0.991618335 0.123938702 0.036500253 131.422271729
0.021745792 0.109104887 -0.993792355 -96.158775330 -0.126470894 0.986342013 0.105519563 -14.825641632 0.991731942 0.123391204 0.035247386 131.481094360
0.020525046 0.106915399 -0.994056225 -97.117988586 -0.122485049 0.987044930 0.103632264 -14.822876930 0.992258132 0.119629957 0.033354685 131.529006958
0.018614056 0.103910469 -0.994412482 -98.067703247 -0.119438000 0.987693787 0.100972705 -14.825436592 0.992667198 0.116891116 0.030795852 131.578018188
0.015056779 0.101479873 -0.994723618 -99.034111023 -0.118314818 0.988027990 0.099005900 -14.825037956 0.992861927 0.116199836 0.026883094 131.629882812
0.012440205 0.100609422 -0.994848192 -99.988220215 -0.112851910 0.988709688 0.098577470 -14.836009979 0.993533969 0.111044191 0.023653714 131.678512573
0.010288647 0.100819468 -0.994851530 -100.947708130 -0.106018737 0.989406347 0.099171206 -14.833330154 0.994310915 0.104452558 0.020868406 131.720336914
0.007953622 0.108192973 -0.994098067 -101.914947510 -0.096111462 0.989609718 0.106935509 -14.830399513 0.995338798 0.094693698 0.018269567 131.779266357
0.005641589 0.116162576 -0.993214250 -102.871398926 -0.088051073 0.989429772 0.115219831 -14.827082634 0.996100068 0.086803548 0.015810195 131.832199097
0.002423931 0.116146967 -0.993229091 -103.827629089 -0.083790690 0.989762783 0.115537107 -14.825357437 0.996480405 0.082943305 0.012131149 131.880935669
-0.000349881 0.105770476 -0.994390488 -104.777595520 -0.084666893 0.990816832 0.105420157 -14.825957298 0.996409237 0.084228836 0.008608591 131.915054321
-0.002524508 0.096495762 -0.995330095 -105.724021912 -0.086584397 0.991574287 0.096351236 -14.826843262 0.996241271 0.086423315 0.005851790 131.952865601
-0.002812422 0.097597286 -0.995221972 -106.685447693 -0.093575373 0.990833342 0.097431347 -14.826745033 0.995608270 0.093402281 0.006346061 131.970977783
-0.003436362 0.107236356 -0.994227588 -107.650894165 -0.097295478 0.989480495 0.107060619 -14.820543289 0.995249629 0.097101763 0.007033400 132.004211426
-0.004947413 0.118599460 -0.992929816 -108.614105225 -0.101280406 0.987776697 0.118488587 -14.810250282 0.994845629 0.101150542 0.007124864 132.033309937
-0.006315080 0.120204479 -0.992729008 -109.561393738 -0.108227625 0.986835241 0.120179288 -14.800144196 0.994106054 0.108199641 0.006777500 132.063232422
-0.006103073 0.117601164 -0.993042290 -110.539718628 -0.115763798 0.986300707 0.117514275 -14.788178444 0.993257999 0.115675531 0.007594493 132.081970215
-0.006341804 0.113580354 -0.993508577 -111.493873596 -0.123862259 0.985788226 0.113488406 -14.776559830 0.992279053 0.123777948 0.007816645 132.106475830
-0.004013890 0.115762405 -0.993268847 -112.460586548 -0.128558025 0.984974682 0.115315273 -14.760326385 0.991693854 0.128155559 0.010928606 132.129562378
-0.002531539 0.116962053 -0.993133187 -113.439941406 -0.136805356 0.983758211 0.116206683 -14.743283272 0.990594685 0.136160135 0.013510610 132.152908325
-0.002067495 0.119635873 -0.992815793 -114.403076172 -0.145980701 0.982146025 0.118654169 -14.727759361 0.989285231 0.145177260 0.015433948 132.174774170
-0.001976476 0.121963836 -0.992532611 -115.377471924 -0.151389897 0.981058121 0.120855309 -14.708707809 0.988472044 0.150498286 0.016525054 132.203399658
-0.001616852 0.121279374 -0.992617071 -116.348884583 -0.155572325 0.980502248 0.120052576 -14.699140549 0.987823188 0.154617861 0.017282384 132.244293213
-0.000237974 0.111595362 -0.993753672 -117.303001404 -0.154348522 0.981840968 0.110294558 -14.702166557 0.988016427 0.153410673 0.016990930 132.278579712
0.001328283 0.100051858 -0.994981289 -118.253997803 -0.157754421 0.982544363 0.098590650 -14.693463326 0.987477481 0.156831741 0.017088719 132.314331055
