1.000000000 0.000000000 0.000000000 0.000000000 0.000000000 1.000000000 0.000000000 0.000000000 0.000000000 0.000000000 1.000000000 0.000000000
0.999997616 -0.001687212 -0.001378879 0.050370738 0.001684192 0.999996185 -0.002188765 -0.132156953 0.001382567 0.002186438 0.999996662 1.297404647
0.999997795 0.000019141 -0.002088347 0.103501879 -0.000032423 0.999979734 -0.006360607 -0.266921312 0.002088183 0.006360660 0.999977589 2.600980759
0.999996126 0.002488086 -0.001232621 0.148000509 -0.002497837 0.999965072 -0.007973824 -0.405149013 0.001212738 0.007976873 0.999967396 3.905086994
0.999983191 0.005784593 0.000399735 0.191238403 -0.005781805 0.999961019 -0.006657485 -0.543683410 -0.000438230 0.006655062 0.999977767 5.217835903
0.999975443 0.006600506 0.002414261 0.242356837 -0.006592613 0.999972880 -0.003263105 -0.690033913 -0.002435734 0.003247108 0.999991715 6.536662579
0.999960423 0.006846698 0.005691106 0.299206495 -0.006835351 0.999974668 -0.002010972 -0.827049613 -0.005704730 0.001971992 0.999981821 7.840466976
0.999943078 0.005465613 0.009166582 0.354793668 -0.005448898 0.999983370 -0.001847426 -0.960617244 -0.009176526 0.001797373 0.999956191 9.145661354
0.999913216 0.004103411 0.012522647 0.432334006 -0.004082208 0.999990106 -0.001718226 -1.097619414 -0.012529573 0.001666957 0.999920130 10.445116997
0.999868453 0.002880267 0.015956420 0.496462524 -0.002843368 0.999993145 -0.002334695 -1.237383962 -0.015963038 0.002289018 0.999869943 11.753347397
0.999811828 0.001721923 0.019318774 0.572911143 -0.001659787 0.999993384 -0.003231945 -1.372714162 -0.019324208 0.003199272 0.999808133 13.046294212
0.999747097 0.001583428 0.022433983 0.648143828 -0.001510372 0.999993443 -0.003273070 -1.519220233 -0.022439022 0.003238359 0.999742925 14.367515564
0.999665499 0.001487311 0.025821697 0.733644605 -0.001375918 0.999989629 -0.004331173 -1.657761335 -0.025827873 0.004294195 0.999657154 15.662414551
0.999577045 0.002356120 0.028986569 0.812320590 -0.002231262 0.999988079 -0.004339044 -1.793591022 -0.028996445 0.004272532 0.999570370 16.961097717
0.999479711 0.001944440 0.032196414 0.902343631 -0.001818134 0.999990523 -0.003951815 -1.932898283 -0.032203794 0.003891221 0.999473751 18.247840881
0.999404728 0.000477447 0.034496285 0.997799575 -0.000350105 0.999993086 -0.003697416 -2.075075388 -0.034497809 0.003683138 0.999397933 19.550004959
0.999347031 -0.002036216 0.036077641 1.096583366 0.002217851 0.999985039 -0.004995267 -2.215411901 -0.036066931 0.005072019 0.999336600 20.825254440
0.999303937 -0.001713094 0.037264861 1.192423105 0.001963412 0.999975681 -0.006681713 -2.358265162 -0.037252516 0.006750226 0.999283075 22.131332397
0.999254823 -0.001592931 0.038564544 1.274462700 0.001952837 0.999954939 -0.009296707 -2.501821280 -0.038547993 0.009365089 0.999212801 23.417251587
0.999219954 -0.001060735 0.039474886 1.379086494 0.001489501 0.999940217 -0.010833928 -2.644653320 -0.039461043 0.010884277 0.999161780 24.706428528
0.999180138 -0.000514560 0.040482167 1.481950879 0.000980316 0.999933541 -0.011486215 -2.791431904 -0.040473573 0.011516483 0.999114275 25.975311279
0.999158144 -0.002170190 0.040966608 1.579509974 0.002598263 0.999942541 -0.010398973 -2.939346075 -0.040941689 0.010496662 0.999106407 27.268804550
0.999155998 -0.005194178 0.040747482 1.686139107 0.005573741 0.999942064 -0.009206907 -3.085642815 -0.040697306 0.009426251 0.999127030 28.546098709
0.999180794 -0.006696876 0.039910946 1.782134771 0.007087902 0.999928117 -0.009664009 -3.233250618 -0.039843358 0.009938980 0.999156475 29.838775635
0.999202788 -0.008393593 0.039031018 1.888693333 0.008878381 0.999885440 -0.012263881 -3.378278494 -0.038923603 0.012600636 0.999162793 31.106164932
0.999230623 -0.008546366 0.038280070 1.998001814 0.009027010 0.999882340 -0.012400757 -3.527680874 -0.038169593 0.012736770 0.999190032 32.391498566
0.999251842 -0.009262562 0.037548762 2.097397327 0.009748806 0.999870718 -0.012787334 -3.670475960 -0.037425462 0.013143825 0.999212980 33.657836914
0.999263227 -0.009626367 0.037152443 2.191957951 0.010104900 0.999868035 -0.012714011 -3.818377733 -0.037025154 0.013080064 0.999228716 34.925407410
0.999271512 -0.009912838 0.036853589 2.280198097 0.010412757 0.999855936 -0.013397899 -3.960662127 -0.036715463 0.013771884 0.999230862 36.185272217
0.999316156 -0.010747655 0.035377383 2.401049614 0.011223861 0.999848664 -0.013289787 -4.121640205 -0.035229202 0.013677771 0.999285579 37.471813202
0.999313951 -0.010354760 0.035559051 2.490112782 0.010773232 0.999874592 -0.011596943 -4.266882896 -0.035434511 0.011972072 0.999300301 38.737251282
0.999281585 -0.010549202 0.036399480 2.594841003 0.010936263 0.999885678 -0.010451078 -4.406849861 -0.036285058 0.010841646 0.999282658 40.001888275
0.999195874 -0.012281093 0.038166925 2.704054832 0.012627086 0.999881268 -0.008837458 -4.548398018 -0.038053855 0.009312288 0.999232292 41.252098083
0.999089301 -0.013352714 0.040524822 2.802811623 0.013765906 0.999855876 -0.009934179 -4.695209980 -0.040386334 0.010482992 0.999129117 42.516559601
0.998963535 -0.014714716 0.043074865 2.898006916 0.015291790 0.999797165 -0.013098318 -4.843274593 -0.042873394 0.013743433 0.998985946 43.769214630
0.998866439 -0.015732687 0.044926018 3.006222725 0.016383516 0.999765575 -0.014155379 -4.990822315 -0.044692788 0.014875378 0.998890162 45.030143738
0.998755634 -0.015916808 0.047265541 3.138468742 0.016550079 0.999778032 -0.013037143 -5.123363972 -0.047047544 0.013803167 0.998797297 46.269107819
0.998557925 -0.017088164 0.050893024 3.244385958 0.017598266 0.999799252 -0.009591839 -5.278260708 -0.050718896 0.010473637 0.998658061 47.522422791
0.998279989 -0.020117775 0.055067118 3.350244761 0.020565229 0.999759853 -0.007571023 -5.417543888 -0.054901589 0.008690469 0.998453915 48.739490509
0.998053372 -0.022019031 0.058348954 3.492714167 0.022521658 0.999714553 -0.007970639 -5.557470798 -0.058156792 0.009269238 0.998264432 50.003040314
0.997778833 -0.025322206 0.061613325 3.633033752 0.026104795 0.999587953 -0.011929870 -5.689538479 -0.061285846 0.013511776 0.998028815 51.233749390
0.997490406 -0.026701916 0.065573014 3.767525673 0.027532883 0.999551237 -0.011801454 -5.830173969 -0.065228470 0.013577252 0.997777998 52.468780518
0.997124493 -0.029200016 0.069930360 3.890123606 0.029931806 0.999507368 -0.009439416 -5.968014717 -0.069620281 0.011505415 0.997507215 53.687816620
0.996859312 -0.031823333 0.072517775 4.050643444 0.032345813 0.999458611 -0.006041762 -6.103982925 -0.072286226 0.008368433 0.997348845 54.899887085
0.996637702 -0.034378275 0.074373186 4.204108715 0.034793910 0.999385297 -0.004299674 -6.235695362 -0.074179642 0.006872951 0.997221112 56.118614197
0.996419370 -0.037539937 0.075757377 4.354309082 0.037740786 0.999286830 -0.001220700 -6.359781742 -0.075657539 0.004075472 0.997125506 57.325668335
0.996262431 -0.040658694 0.076211207 4.510492325 0.040767267 0.999168634 0.000131198 -6.483911514 -0.076153189 0.002976215 0.997091651 58.529754639
0.996206582 -0.042576194 0.075892590 4.652501106 0.042921606 0.999074161 -0.002925342 -6.612255096 -0.075697772 0.006171676 0.997111678 59.736190796
0.996213734 -0.043752097 0.075124800 4.800886631 0.044403479 0.998989046 -0.007021737 -6.742513657 -0.074741624 0.010330956 0.997149348 60.924446106
0.996221781 -0.045315634 0.074085087 4.932448387 0.046252668 0.998869419 -0.010980724 -6.873217583 -0.073503740 0.014365868 0.997191489 62.127937317
0.996271431 -0.046876911 0.072427846 5.082361698 0.047965676 0.998759627 -0.013366103 -7.005480766 -0.071711414 0.016790317 0.997284174 63.322311401
0.996391416 -0.047038279 0.070650540 5.208646774 0.048117775 0.998748302 -0.013655003 -7.140198708 -0.069919795 0.017005270 0.997407675 64.504928589
0.996624589 -0.046570778 0.067606628 5.343443871 0.047552619 0.998784244 -0.012985988 -7.276090622 -0.066919655 0.016157022 0.997627556 65.679321289
0.996847332 -0.045567933 0.064953163 5.456455231 0.046369411 0.998865068 -0.010884914 -7.415467739 -0.064383447 0.013862439 0.997828960 66.880744934
0.997234106 -0.041833285 0.061433207 5.576764584 0.042373355 0.999073505 -0.007514201 -7.543486595 -0.061061971 0.010096546 0.998082876 68.055206299
0.997464895 -0.039922729 0.058906697 5.685441017 0.040288724 0.999175489 -0.005038140 -7.669474125 -0.058656991 0.007398644 0.998250842 69.221908569
0.997738540 -0.038904853 0.054810982 5.814648628 0.039405815 0.999190569 -0.008088612 -7.809331417 -0.054451924 0.010230192 0.998463988 70.428939819
0.997911036 -0.039232358 0.051326420 5.923237801 0.040030006 0.999091744 -0.014605567 -7.940193176 -0.050706796 0.016629655 0.998575091 71.587562561
0.997971833 -0.042659752 0.047248174 6.031979084 0.043548729 0.998890162 -0.017947860 -8.072617531 -0.046430089 0.019969057 0.998721838 72.761596680
0.997993410 -0.046329968 0.043156952 6.150375843 0.046935521 0.998811662 -0.013125064 -8.216440201 -0.042497579 0.015124325 0.998982072 73.944900513
0.998001933 -0.049992587 0.038639940 6.256589890 0.050344706 0.998698235 -0.008193417 -8.342152596 -0.038180035 0.010122361 0.999219537 75.101348877
0.998049915 -0.052093796 0.034389399 6.347168922 0.052307196 0.998616755 -0.005334684 -8.471150398 -0.034063920 0.007123095 0.999394298 76.282608032
0.998218000 -0.051481273 0.030174028 6.437738419 0.051590845 0.998664260 -0.002863867 -8.594730377 -0.029986288 0.004415468 0.999540567 77.444168091
0.998359025 -0.050936528 0.026165174 6.535810471 0.051054340 0.998688459 -0.003854280 -8.699801445 -0.025934529 0.005183802 0.999650240 78.603080750
0.998490691 -0.049840566 0.023067100 6.600722790 0.049968410 0.998738289 -0.004999220 -8.838054657 -0.022788830 0.006144302 0.999721408 79.772285461
0.998673558 -0.047534853 0.019783720 6.676117420 0.047735967 0.998811722 -0.009820106 -8.968134880 -0.019293414 0.010751477 0.999755979 80.916946411
0.998573661 -0.050940197 0.015993297 6.756963253 0.051172111 0.998585343 -0.014442113 -9.109248161 -0.015234990 0.015239925 0.999767721 82.083992004
0.998428822 -0.054397233 0.013447741 6.815502167 0.054607410 0.998383045 -0.015790308 -9.234625816 -0.012567046 0.016499849 0.999784827 83.212844849
0.998457313 -0.054645341 0.009851468 6.880289078 0.054765973 0.998421907 -0.012421520 -9.362680435 -0.009157144 0.012941880 0.999874294 84.351089478
0.998463571 -0.054962788 0.007047360 6.946701050 0.055030040 0.998437285 -0.009732389 -9.494625092 -0.006501429 0.010105249 0.999927759 85.483840942
0.998594701 -0.052665923 0.005931543 6.990659237 0.052732628 0.998539984 -0.011713223 -9.620174408 -0.005305995 0.012009548 0.999913812 86.636573792
0.998782337 -0.049052335 0.005273244 7.044364452 0.049123954 0.998688340 -0.014437150 -9.750450134 -0.004558152 0.014678611 0.999881864 87.757194519
0.998866677 -0.047405653 0.004237664 7.102773190 0.047472522 0.998721182 -0.017390991 -9.876693726 -0.003407814 0.017572455 0.999839783 88.852447510
0.998769820 -0.049439661 0.003810324 7.141668320 0.049500931 0.998609364 -0.018146176 -10.011241913 -0.002907884 0.018312469 0.999828041 89.998237610
0.998717248 -0.050579347 0.002337632 7.194095612 0.050609715 0.998597026 -0.015582144 -10.141081810 -0.001546217 0.015680466 0.999875844 91.112449646
0.998672426 -0.051484577 0.001652374 7.242438316 0.051501434 0.998592436 -0.012684073 -10.272939682 -0.000997013 0.012752337 0.999918222 92.227104187
0.998695135 -0.051062867 0.000674081 7.305603981 0.051067289 0.998620510 -0.012223265 -10.393023491 -0.000048996 0.012241742 0.999925077 93.362762451
0.998668313 -0.051585834 0.000650112 7.350927830 0.051589850 0.998565733 -0.014319534 -10.520882607 0.000089506 0.014334004 0.999897242 94.471641541
0.998660386 -0.051741254 -0.000530868 7.415548325 0.051723082 0.998496175 -0.018168751 -10.650363922 0.001470144 0.018116951 0.999834776 95.579315186
0.998631239 -0.052302849 0.000031263 7.453147888 0.052293822 0.998447299 -0.019192051 -10.788908958 0.000972584 0.019167414 0.999815822 96.686988831
0.998592794 -0.053031612 -0.000318356 7.509632587 0.053018037 0.998441815 -0.017414380 -10.921504021 0.001241372 0.017372996 0.999848306 97.772689819
0.998646498 -0.052003108 0.000903611 7.546908855 0.052010249 0.998572886 -0.012127876 -11.047485352 -0.000271635 0.012158457 0.999926031 98.855888367
0.998727798 -0.050377630 0.002224897 7.596817970 0.050395053 0.998692036 -0.008626048 -11.167962074 -0.001787427 0.008727197 0.999960303 99.925811768
0.998842478 -0.047890242 0.004503289 7.635585308 0.047927830 0.998813331 -0.008645813 -11.287273407 -0.004083897 0.008851636 0.999952435 100.984924316
0.998918533 -0.045960322 0.007027968 7.680042267 0.046031430 0.998886704 -0.010315099 -11.408918381 -0.006546059 0.010627451 0.999922097 102.018623352
0.998866856 -0.046679150 0.009280676 7.738729954 0.046795078 0.998823881 -0.012693360 -11.529233932 -0.008677244 0.013113266 0.999876380 103.042282104
0.998785913 -0.047949914 0.011287906 7.784691811 0.048102744 0.998748720 -0.013680652 -11.642653465 -0.010617797 0.014207023 0.999842644 104.052383423
0.998675585 -0.049685176 0.013359832 7.844377518 0.049858164 0.998672426 -0.012942930 -11.756019592 -0.012699024 0.013591886 0.999826968 105.033477783
0.998646915 -0.049773842 0.015058108 7.900327206 0.049949352 0.998685420 -0.011513116 -11.874585152 -0.014465260 0.012249683 0.999820292 106.016395569
0.998574257 -0.051027328 0.015674787 7.981342316 0.051190268 0.998636961 -0.010175115 -11.978182793 -0.015134215 0.010963004 0.999825358 106.938354492
0.998511910 -0.051472515 0.018014200 8.032370567 0.051670600 0.998606682 -0.010708884 -12.085220337 -0.017437886 0.011623753 0.999780416 107.856513977
0.998498678 -0.051191829 0.019489435 8.095781326 0.051373236 0.998639643 -0.008923706 -12.184505463 -0.019006101 0.009911542 0.999770224 108.757568359
0.998509824 -0.050258651 0.021265905 8.154583931 0.050418656 0.998703241 -0.007055852 -12.280519485 -0.020883709 0.008117535 0.999748945 109.625770569
0.998481154 -0.050455417 0.022133349 8.218992233 0.050546952 0.998715222 -0.003595183 -12.384441376 -0.021923520 0.004708495 0.999748588 110.483566284
0.998446524 -0.050423693 0.023708848 8.278730392 0.050526854 0.998715639 -0.003771725 -12.475031853 -0.023488212 0.004963798 0.999711812 111.310173035
0.998458147 -0.049523331 0.025075218 8.326507568 0.049607433 0.998765051 -0.002742732 -12.565341949 -0.024908422 0.003982420 0.999681830 112.116195679
0.998569012 -0.047142860 0.025251871 8.381158829 0.047224618 0.998880804 -0.002650863 -12.643681526 -0.025098642 0.003839580 0.999677658 112.893943787
0.998689473 -0.044630248 0.025049826 8.420645714 0.044631433 0.999003351 0.000512222 -12.722894669 -0.025047723 0.000606458 0.999686122 113.650154114
0.998771429 -0.044377949 0.022051081 8.468422890 0.044351202 0.999014556 0.001701215 -12.808609009 -0.022104848 -0.000721133 0.999755383 114.396499634
0.998886108 -0.044512223 0.015657015 8.505122185 0.044488229 0.999008298 0.001877576 -12.883298874 -0.015725059 -0.001178932 0.999875724 115.093826294
0.999058247 -0.043074396 0.005218297 8.532016754 0.043070015 0.999071658 0.000949690 -12.960755348 -0.005254364 -0.000724044 0.999985933 115.760871887
0.999153256 -0.040195264 -0.008783922 8.530487061 0.040180072 0.999190629 -0.001899522 -13.029083252 0.008853162 0.001544975 0.999959588 116.408805847
0.998862565 -0.038621765 -0.027962761 8.536904335 0.038507033 0.999247611 -0.004630451 -13.096546173 0.028120555 0.003548421 0.999598265 117.017883301
0.998059213 -0.036826480 -0.050216801 8.501558304 0.036520556 0.999308467 -0.006996347 -13.165427208 0.050439723 0.005148822 0.998713851 117.604759216
0.996312976 -0.035340760 -0.078176148 8.464563370 0.034763131 0.999357462 -0.008737803 -13.233075142 0.078434721 0.005987939 0.996901333 118.177970886
0.993395329 -0.033168379 -0.109842896 8.385931015 0.032159388 0.999422789 -0.010945129 -13.298128128 0.110142536 0.007340360 0.993888736 118.720741272
0.989019573 -0.028561981 -0.144998550 8.276432037 0.027064966 0.999558151 -0.012286887 -13.362255096 0.145285428 0.008227590 0.989355683 119.265327454
0.982600570 -0.022563126 -0.184355438 8.178424835 0.020697042 0.999713242 -0.012040483 -13.421275139 0.184574246 0.008015374 0.982785940 119.811523438
0.974142194 -0.017435638 -0.225261956 8.019367218 0.015623965 0.999829710 -0.009822807 -13.476321220 0.225394890 0.006049326 0.974248707 120.288299561
0.962828398 -0.012647037 -0.269817710 7.851333618 0.010889204 0.999908626 -0.008010783 -13.536942482 0.269894391 0.004774910 0.962878108 120.771209717
0.948406160 -0.006809749 -0.316984683 7.659397125 0.004281687 0.999953151 -0.008671243 -13.593273163 0.317028910 0.006866631 0.948391020 121.251632690
0.931109786 0.000910185 -0.364737749 7.431613922 -0.004706753 0.999943614 -0.009520192 -13.644305229 0.364708543 0.010581073 0.931061625 121.704666138
0.910033584 0.005557802 -0.414497137 7.180286407 -0.010708670 0.999891579 -0.010103930 -13.700576782 0.414396048 0.013633627 0.909994483 122.143798828
0.884862781 0.010553350 -0.465732187 6.907356262 -0.016502975 0.999825954 -0.008698893 -13.757045746 0.465559334 0.015383294 0.884882987 122.561813354
0.855929554 0.013627083 -0.516912818 6.620090485 -0.020888345 0.999747872 -0.008232155 -13.802868843 0.516670287 0.017843600 0.855998516 122.954963684
0.824144244 0.023381965 -0.565897107 6.292388916 -0.031814821 0.999481082 -0.005036556 -13.849223137 0.565485597 0.022154761 0.824460626 123.332809448
0.790194035 0.036360815 -0.611777186 5.944499969 -0.044805530 0.998994529 0.001502511 -13.892729759 0.611216724 0.026223721 0.791028857 123.688476562
0.754421711 0.045221180 -0.654830396 5.589576721 -0.056162804 0.998412609 0.004243787 -13.930774689 0.653982818 0.033575509 0.755764008 123.991790771
0.714285195 0.049366385 -0.698111415 5.236068726 -0.063421264 0.997970700 0.005680069 -13.983076096 0.696975052 0.040217925 0.715966642 124.287277222
0.671815991 0.050807133 -0.738973737 4.858718872 -0.065845095 0.997791588 0.008740702 -14.025772095 0.737785757 0.042785641 0.673677623 124.569664001
0.627630413 0.054165207 -0.776624799 4.453670502 -0.069328688 0.997501969 0.013542056 -14.054918289 0.775418222 0.045342974 0.629817903 124.841323853
0.582659245 0.063413106 -0.810238898 4.025417328 -0.080571391 0.996547103 0.020053925 -14.093348503 0.808712840 0.053597473 0.585756779 125.068977356
0.537284613 0.071981862 -0.840323687 3.573440552 -0.092080802 0.995401740 0.026391344 -14.114564896 0.838359356 0.063198015 0.541442156 125.280654907
0.490271658 0.077197142 -0.868144155 3.126697540 -0.097826928 0.994649529 0.033199936 -14.139093399 0.866062164 0.068650879 0.495200396 125.474761963
0.443079233 0.078623749 -0.893028080 2.663658142 -0.096888900 0.994511604 0.039486744 -14.166037560 0.891231298 0.069028743 0.448265135 125.653541565
0.395551443 0.080407239 -0.914917290 2.187622070 -0.094601870 0.994428813 0.046495304 -14.188119888 0.913558662 0.068161614 0.400954455 125.829711914
0.350572318 0.083186030 -0.932833910 1.697765350 -0.096395776 0.993962228 0.052410297 -14.208192825 0.931561530 0.071547642 0.356474370 125.963645935
0.306950927 0.086628377 -0.947774529 1.199111938 -0.101963833 0.993110478 0.057749674 -14.227912903 0.946247578 0.078912400 0.313669115 126.079772949
0.265449226 0.087900288 -0.960109413 0.681198120 -0.106596172 0.992405772 0.061385591 -14.242943764 0.958213925 0.086049229 0.272803098 126.181480408
0.225973934 0.084294938 -0.970479310 0.153554916 -0.106806912 0.992386639 0.061328031 -14.258255959 0.968260288 0.089795373 0.233256817 126.282104492
0.190361649 0.079221331 -0.978512466 -0.377252579 -0.101329766 0.993000507 0.060681429 -14.280625343 0.976470470 0.087601021 0.197056741 126.380157471
0.159930274 0.074130408 -0.984340906 -0.924972534 -0.098519430 0.993396044 0.058805455 -14.301184654 0.982199609 0.087571926 0.166177392 126.459548950
0.133430362 0.072574526 -0.988397360 -1.492851257 -0.099701948 0.993238509 0.059470564 -14.319840431 0.986030340 0.090609953 0.139764041 126.526885986
0.111683048 0.071531437 -0.991166055 -2.085024834 -0.100135684 0.993139207 0.060390726 -14.330691338 0.988685846 0.092506461 0.118079714 126.581878662
0.093311362 0.073265195 -0.992937744 -2.675390244 -0.102305166 0.992715538 0.063634694 -14.347192764 0.990366936 0.095644817 0.100127056 126.635559082
0.076769978 0.071363568 -0.994491637 -3.279192924 -0.102822460 0.992683768 0.063296445 -14.369116783 0.991732717 0.097396798 0.083546095 126.690551758
0.062579922 0.070279747 -0.995562315 -3.898755074 -0.101784848 0.992765903 0.063684262 -14.397862434 0.992836058 0.097347803 0.069280639 126.742874146
0.050301783 0.067919239 -0.996421993 -4.538206577 -0.097534098 0.993250072 0.062779292 -14.420282364 0.993960142 0.094027206 0.056586698 126.785728455
0.038905021 0.065271206 -0.997108877 -5.190029621 -0.095289208 0.993559182 0.061320871 -14.434848785 0.994689047 0.092628010 0.044874076 126.815040588
0.027696203 0.063999303 -0.997565567 -5.849806786 -0.094207369 0.993673801 0.061134063 -14.452200890 0.995167255 0.092284843 0.033550195 126.859848022
0.018078286 0.065506063 -0.997688413 -6.520869255 -0.097583547 0.993203104 0.063443340 -14.473782539 0.995063126 0.096211009 0.024347723 126.879959106
0.009890709 0.065551169 -0.997800171 -7.197615623 -0.100555398 0.992856026 0.064229615 -14.501481056 0.994882286 0.099698916 0.016411580 126.890945435
0.002998439 0.064824581 -0.997892261 -7.891452789 -0.102431767 0.992667615 0.064177409 -14.522441864 0.994735539 0.102023423 0.009616551 126.914688110
-0.002021055 0.065792806 -0.997831166 -8.591124535 -0.103277355 0.992483795 0.065649375 -14.540163994 0.994650543 0.103186056 0.004789042 126.929130554
-0.005711624 0.068064004 -0.997664511 -9.315465927 -0.105466619 0.992075503 0.068286493 -14.558142662 0.994406402 0.105610341 0.001512120 126.951828003
-0.006417787 0.072390608 -0.997355640 -10.049653053 -0.107879795 0.991505206 0.072660148 -14.584465981 0.994143307 0.108060829 0.001446215 126.952186584
-0.007144756 0.075349368 -0.997131705 -10.760016441 -0.110425442 0.990999043 0.075677194 -14.596971512 0.993858755 0.110649399 0.001240041 126.960136414
-0.007719568 0.080846637 -0.996696651 -11.500834465 -0.115156032 0.990023375 0.081197239 -14.603087425 0.993317425 0.115402445 0.001667427 126.967102051
-0.008695479 0.084883772 -0.996352911 -12.242244720 -0.118363626 0.989298403 0.085315779 -14.616955757 0.992932320 0.118673809 0.001444730 126.973403931
-0.010337659 0.085095279 -0.996319175 -12.983518600 -0.118097827 0.989295244 0.085720718 -14.634210587 0.992948174 0.118549302 -0.000177429 126.996261597
-0.011667899 0.082123004 -0.996553838 -13.726758957 -0.115779094 0.989807606 0.082922615 -14.652298927 0.993206441 0.116347656 -0.002040850 127.015968323
-0.013130113 0.078551419 -0.996823549 -14.487648964 -0.119449027 0.989647508 0.079559296 -14.657012939 0.992753625 0.120114245 -0.003611295 127.027839661
-0.014405076 0.080066249 -0.996685445 -15.255038261 -0.124516249 0.988886118 0.081239358 -14.666916847 0.992112994 0.125273809 -0.004275431 127.027801514
-0.016248150 0.083783299 -0.996351540 -16.022996902 -0.121528938 0.988929570 0.085141055 -14.681694031 0.992454946 0.122468948 -0.005886179 127.044761658
-0.018087082 0.083876602 -0.996311963 -16.797964096 -0.120710157 0.989003003 0.085452653 -14.698892593 0.992523015 0.121810578 -0.007763419 127.057296753
-0.019478777 0.082926229 -0.996365309 -17.590431213 -0.123626761 0.988706887 0.084705718 -14.710653305 0.992137611 0.124827392 -0.009006898 127.060813904
-0.019982763 0.082722552 -0.996372223 -18.377340317 -0.128392965 0.988107324 0.084611356 -14.716597557 0.991522133 0.129617944 -0.009124119 127.059379578
-0.021323401 0.087281391 -0.995955467 -19.181709290 -0.130121678 0.987466276 0.089323334 -14.723569870 0.991268754 0.131500095 -0.009698938 127.065917969
-0.021981495 0.091443069 -0.995567679 -20.004291534 -0.128623545 0.987273932 0.093521208 -14.733662605 0.991449833 0.130109191 -0.009940024 127.083168030
-0.020259526 0.094218023 -0.995345414 -20.819360733 -0.129590869 0.986903906 0.096056677 -14.744083405 0.991360545 0.130933776 -0.007784411 127.085525513
-0.019388516 0.092873245 -0.995489120 -21.643098831 -0.129215077 0.987093210 0.094606593 -14.749952316 0.991427064 0.130466491 -0.007137650 127.105102539
-0.018395685 0.092467584 -0.995545685 -22.477537155 -0.128962174 0.987177193 0.094073288 -14.751215935 0.991478860 0.130118296 -0.006234982 127.117347717
-0.017375158 0.091873109 -0.995619059 -23.311670303 -0.128388688 0.987320840 0.093347944 -14.757557869 0.991571724 0.129448161 -0.005359389 127.134712219
-0.016436262 0.094056003 -0.995431125 -24.144998550 -0.128940970 0.987053275 0.095393427 -14.763785362 0.991516054 0.129919782 -0.004095796 127.149200439
-0.016690262 0.095856585 -0.995255232 -24.996797562 -0.130667269 0.986648142 0.097218856 -14.765766144 0.991285801 0.131669894 -0.003942099 127.163856506
-0.016136531 0.098324381 -0.995023608 -25.850374222 -0.133185476 0.986073732 0.099599913 -14.763142586 0.990959764 0.134129897 -0.002816428 127.179328918
-0.014659338 0.099267334 -0.994952857 -26.724365234 -0.135078236 0.985741317 0.100338504 -14.756207466 0.990726531 0.135867372 -0.001041459 127.190963745
-0.013173420 0.102196634 -0.994676948 -27.602745056 -0.141411290 0.984574676 0.103031524 -14.753481865 0.989863276 0.142015859 0.001481541 127.208763123
-0.010737058 0.105953172 -0.994313180 -28.475910187 -0.146338463 0.983497918 0.106380939 -14.746021271 0.989176273 0.146648467 0.004945150 127.227752686
-0.007992847 0.108495019 -0.994064808 -29.362316132 -0.150005400 0.982717752 0.108462706 -14.744504929 0.988652885 0.149982020 0.008420128 127.247901917
-0.004966557 0.108828850 -0.994048119 -30.259065628 -0.147969499 0.983037412 0.108362697 -14.747228622 0.988979459 0.147626996 0.011221039 127.281021118
-0.002321153 0.108524598 -0.994091094 -31.148345947 -0.150416359 0.982745647 0.107637241 -14.739542007 0.988619924 0.149777427 0.014042770 127.311004639
-0.000004248 0.112611860 -0.993639052 -32.049514771 -0.151193112 0.982216358 0.111317955 -14.731495857 0.988504231 0.150231853 0.017021963 127.342597961
0.003027007 0.114674836 -0.993398488 -32.965755463 -0.150274709 0.982174277 0.112921253 -14.724338531 0.988639653 0.148940861 0.020205779 127.374771118
0.004676811 0.115910262 -0.993248701 -33.857284546 -0.151054233 0.981943905 0.113879777 -14.720376015 0.988514423 0.149501815 0.022101104 127.417739868
0.007178277 0.114127226 -0.993440211 -34.759449005 -0.152139232 0.982024908 0.111716524 -14.713311195 0.988333046 0.150339305 0.024412477 127.449577332
0.007485487 0.115036152 -0.993333101 -35.672294617 -0.156218112 0.981298804 0.112465285 -14.698515892 0.987694204 0.154334754 0.025316233 127.489715576
0.008607000 0.115624323 -0.993255734 -36.565631866 -0.157006174 0.981128693 0.112852104 -14.692869186 0.987560034 0.154975951 0.026598306 127.526763916
0.008975200 0.112279758 -0.993636191 -37.463321686 -0.157780841 0.981387556 0.109470494 -14.690396309 0.987433314 0.155794218 0.026523747 127.560333252
0.009470185 0.108017035 -0.994103849 -38.361698151 -0.158769190 0.981699705 0.105156735 -14.688543320 0.987270236 0.156837225 0.026446654 127.608314514
0.009992619 0.107106708 -0.994197249 -39.259151459 -0.158386543 0.981864989 0.104186207 -14.681591034 0.987326562 0.156426385 0.026775666 127.649658203
0.009760066 0.111222930 -0.993747592 -40.163139343 -0.160610899 0.981066346 0.108226195 -14.676704407 0.986969531 0.158550426 0.027438890 127.690628052
0.010211864 0.117346317 -0.993038535 -41.081752777 -0.161485776 0.980248153 0.114174262 -14.663519859 0.986822188 0.159195676 0.028959922 127.724731445
0.010524980 0.116288953 -0.993159652 -41.977031708 -0.159418494 0.980706215 0.113141358 -14.664499283 0.987154961 0.157137170 0.028860521 127.768074036
0.011345401 0.105762318 -0.994326651 -42.868164062 -0.158740342 0.981971085 0.102636851 -14.668613434 0.987255096 0.156675294 0.027929600 127.812301636
0.011673653 0.095599212 -0.995351434 -43.775718689 -0.160516262 0.982689261 0.092500515 -14.675022125 0.986964107 0.158690289 0.026816808 127.848999023
0.010408646 0.092543557 -0.995654166 -44.675621033 -0.157252133 0.983470142 0.089767151 -14.683380127 0.987503588 0.155634388 0.024789264 127.897781372
0.010125679 0.102806531 -0.994649827 -45.596420288 -0.150057092 0.983593225 0.100136124 -14.687578201 0.988625526 0.148240328 0.025386399 127.948570251
0.010423853 0.116044737 -0.993189216 -46.545539856 -0.145139575 0.982900441 0.113319285 -14.681861877 0.989356220 0.142969832 0.027088292 128.008377075
0.010441803 0.124735534 -0.992135048 -47.468067169 -0.145472035 0.981823027 0.121908009 -14.671360016 0.989307225 0.143054992 0.028397538 128.054931641
0.010594597 0.119056582 -0.992830992 -48.382827759 -0.146004006 0.982429862 0.116251290 -14.666685104 0.989227176 0.143725663 0.027791187 128.093490601
0.010487541 0.105762906 -0.994336009 -49.294429779 -0.145775333 0.983928919 0.103118405 -14.666631699 0.989262104 0.143868238 0.025736615 128.140365601
0.011120227 0.096946381 -0.995227516 -50.208160400 -0.146284193 0.984738767 0.094290137 -14.665336609 0.989180148 0.144537523 0.025132241 128.182037354
0.011477188 0.096813641 -0.995236337 -51.139373779 -0.145510063 0.984869003 0.094127096 -14.670965195 0.989290178 0.143736586 0.025390886 128.227340698
0.010589002 0.098745294 -0.995056391 -52.065811157 -0.148488387 0.984234571 0.096091226 -14.692037582 0.988857388 0.146736816 0.025084592 128.275314331
0.011370775 0.098207407 -0.995100975 -52.996349335 -0.153116941 0.983599901 0.095322721 -14.691871643 0.988142729 0.151282936 0.026221508 128.305694580
0.011711989 0.097532630 -0.995163441 -53.933071136 -0.154782921 0.983412743 0.094559379 -14.693010330 0.987879097 0.152926788 0.026614103 128.349212646
0.012566417 0.104961343 -0.994396925 -54.889770508 -0.163518324 0.981303692 0.101512931 -14.690992355 0.986460268 0.161326438 0.029494582 128.386001587
0.014087120 0.114423223 -0.993332148 -55.829563141 -0.168947458 0.979419768 0.110424668 -14.683370590 0.985524416 0.166265398 0.033128712 128.423553467
0.015582765 0.122718133 -0.992319226 -56.782623291 -0.169521570 0.978396416 0.118334264 -14.675281525 0.985403359 0.166375548 0.036049489 128.463806152
0.016631126 0.123270661 -0.992233753 -57.748226166 -0.171423033 0.978028834 0.118632659 -14.663128853 0.985057116 0.168118700 0.037397154 128.512222290
0.017942140 0.113543794 -0.993370950 -58.680438995 -0.172938734 0.978908539 0.108767115 -14.660863876 0.984769166 0.169840813 0.037199832 128.558395386
0.019034233 0.108653896 -0.993897378 -59.618144989 -0.171180263 0.979753494 0.103829369 -14.655494690 0.985055864 0.168159336 0.037248261 128.615005493
0.020840175 0.106939673 -0.994047046 -60.591182709 -0.169554591 0.980238616 0.101899445 -14.653082848 0.985300362 0.166421682 0.038560458 128.672134399
0.024001744 0.112772003 -0.993330956 -61.546222687 -0.171291307 0.979387403 0.107050106 -14.652280807 0.984928071 0.167579591 0.042823862 128.732101440
0.027810818 0.114869967 -0.992991149 -62.520793915 -0.174082994 0.978752255 0.108347267 -14.648582458 0.984338164 0.169849649 0.047216807 128.786651611
0.031627089 0.109959044 -0.993432820 -63.476066589 -0.173209369 0.979494691 0.102901965 -14.649669647 0.984377146 0.168817386 0.050024495 128.847473145
0.034830384 0.104080401 -0.993958890 -64.429565430 -0.173094079 0.980159521 0.096569866 -14.653512955 0.984289169 0.168684825 0.052155040 128.914154053
0.038402982 0.103665054 -0.993870556 -65.389663696 -0.170710817 0.980663478 0.095691271 -14.651118279 0.984572470 0.165989652 0.055357154 128.983520508
0.040659361 0.107931614 -0.993326545 -66.353805542 -0.167940527 0.980743468 0.099690169 -14.662647247 0.984958291 0.162766427 0.058002491 129.067840576
0.044186156 0.114750460 -0.992411077 -67.311431885 -0.167372108 0.980191290 0.105885394 -14.663042068 0.984903097 0.161423296 0.062516913 129.145278931
0.046955232 0.118822545 -0.991804659 -68.273025513 -0.165096670 0.980167449 0.109612159 -14.669317245 0.985158980 0.158596769 0.065641202 129.227371216
0.049297780 0.120088860 -0.991538286 -69.266036987 -0.164751709 0.980124176 0.110515207 -14.663345337 0.985102296 0.157909498 0.068102770 129.302200317
0.051014878 0.117207095 -0.991796315 -70.188377380 -0.163035080 0.980744660 0.107515037 -14.661903381 0.985300422 0.156212747 0.069141440 129.387847900
0.051756866 0.115875311 -0.991914332 -71.134254456 -0.161043376 0.981214523 0.106222309 -14.665277481 0.985589325 0.154243484 0.069445543 129.473922729
0.052577145 0.112215810 -0.992291927 -72.079421997 -0.158090383 0.982071102 0.102683447 -14.672860146 0.986023843 0.151473016 0.069374718 129.561035156
0.051894952 0.111525185 -0.992405713 -73.067367554 -0.156271726 0.982409477 0.102230005 -14.661269188 0.986349821 0.149779722 0.068410322 129.649185181
0.051594492 0.116345339 -0.991867840 -74.020721436 -0.152945191 0.982394576 0.107278310 -14.664738655 0.986886859 0.146166459 0.068480611 129.735168457
0.050867923 0.117977366 -0.991712570 -74.980949402 -0.146897867 0.983081460 0.109415747 -14.667598724 0.987842798 0.140114695 0.067337930 129.834442139
0.050365601 0.113216542 -0.992293000 -75.940010071 -0.144121230 0.983978629 0.104952790 -14.653370857 0.988277555 0.137724459 0.065875590 129.914459229
0.048832253 0.109156549 -0.992824376 -76.905151367 -0.146441817 0.984050751 0.100989170 -14.654961586 0.988013268 0.140459463 0.064038500 129.995193481
0.047642160 0.106475621 -0.993173361 -77.854667664 -0.142896503 0.984801590 0.098723426 -14.658756256 0.988590300 0.137217596 0.062133070 130.076599121
0.046252113 0.107077278 -0.993174314 -78.819213867 -0.143108428 0.984692931 0.099498317 -14.659875870 0.988625705 0.137529582 0.060867794 130.147521973
0.045322936 0.108096778 -0.993106723 -79.771499634 -0.144802541 0.984339952 0.100534119 -14.661149979 0.988422096 0.139247850 0.060265858 130.224761963
0.043957829 0.108337089 -0.993141890 -80.725349426 -0.146312103 0.984081984 0.100872822 -14.664161682 0.988261282 0.140874490 0.059109122 130.297424316
0.042542096 0.109367765 -0.993090570 -81.676612854 -0.146196797 0.983972549 0.102100827 -14.668244362 0.988340378 0.140843078 0.057849467 130.365325928
0.040281281 0.109335579 -0.993188381 -82.625534058 -0.145797342 0.983999550 0.102410845 -14.668998718 0.988494098 0.140678987 0.055577606 130.439865112
0.038234197 0.112132758 -0.992957413 -83.571960449 -0.145540506 0.983712852 0.105484717 -14.667655945 0.988613188 0.140482396 0.053931333 130.511993408
0.036683276 0.116432801 -0.992520928 -84.530960083 -0.147282511 0.982973278 0.109869272 -14.663846970 0.988413930 0.142150596 0.053207189 130.569427490
0.034193680 0.120739497 -0.992095113 -85.485389709 -0.147552222 0.982407153 0.114474908 -14.651070595 0.988463163 0.142471507 0.051407490 130.640014648
0.032487251 0.120380498 -0.992196083 -86.428863525 -0.147545308 0.982421160 0.114363506 -14.646304131 0.988521576 0.142678529 0.049677741 130.701690674
0.031486567 0.115972139 -0.992753267 -87.372528076 -0.147801727 0.982866228 0.110129423 -14.646741867 0.988515735 0.143263072 0.048087969 130.759094238
0.028824301 0.110211104 -0.993490160 -88.325942993 -0.151524156 0.982899249 0.104640022 -14.628429413 0.988033175 0.147521615 0.045031030 130.819915771
0.027589349 0.107950106 -0.993773401 -89.268356323 -0.149441540 0.983424902 0.102677159 -14.626500130 0.988385618 0.145678222 0.043264281 130.884231567
0.027677713 0.109120496 -0.993643105 -90.236923218 -0.144725919 0.983987987 0.104028881 -14.626538277 0.989084601 0.140926629 0.043027103 130.930023193
0.027165579 0.110294022 -0.993527591 -91.185691833 -0.141785845 0.984271228 0.105389647 -14.625548363 0.989524603 0.138005182 0.042376425 130.989913940
0.025846062 0.110330984 -0.993558705 -92.131050110 -0.136272669 0.985001802 0.105835840 -14.631079674 0.990334272 0.132659450 0.040493507 131.056991577
0.024368951 0.107485071 -0.993908048 -93.071723938 -0.132064700 0.985836029 0.103374138 -14.635327339 0.990941465 0.128741026 0.038218766 131.121963501
0.023642279 0.104480676 -0.994245887 -94.017272949 -0.127183065 0.986757398 0.100669466 -14.641888618 0.991597474 0.124071158 0.036617365 131.183517456
0.021970036 0.106795311 -0.994038284 -94.999862671 -0.125242829 0.986739576 0.103243090 -14.640786171 0.991882741 0.122227915 0.035054054 131.237213135
0.020680390 0.109244101 -0.993799865 -95.948127747 -0.124609724 0.986543179 0.105853364 -14.641265869 0.991990268 0.121648021 0.034014978 131.292068481
0.019205241 0.107035615 -0.994069755 -96.907150269 -0.120317049 0.987275124 0.103979513 -14.638297081 0.992549717 0.117606573 0.031839065 131.342483521
0.016893353 0.104429491 -0.994388819 -97.856521606 -0.117356136 0.987863541 0.101750486 -14.643324852 0.992946208 0.114978701 0.028943768 131.394470215
0.013105649 0.101646215 -0.994734406 -98.823982239 -0.116252445 0.988228261 0.099449784 -14.643315315 0.993133247 0.114336938 0.024767997 131.449111938
0.010409287 0.100828320 -0.994849324 -99.778755188 -0.110703617 0.988903642 0.099067390 -14.654097557 0.993798971 0.109102190 0.021455843 131.496719360
0.008299580 0.100938879 -0.994858027 -100.736587524 -0.103999108 0.989584208 0.099536158 -14.650067329 0.994542778 0.102638230 0.018710686 131.536514282
0.005501488 0.109612383 -0.993959188 -101.702522278 -0.095031649 0.989532948 0.108598270 -14.663599968 0.995459020 0.093860120 0.015860550 131.598510742
0.002914146 0.117931917 -0.993017495 -102.660598755 -0.086970523 0.989288867 0.117233895 -14.660476685 0.996206641 0.086021632 0.013139536 131.651229858
-0.000351519 0.117268652 -0.993100226 -103.615653992 -0.082614541 0.989701927 0.116896644 -14.653198242 0.996581435 0.082085617 0.009340199 131.698913574
-0.002653091 0.107166238 -0.994237602 -104.569259644 -0.083509929 0.990744352 0.107012562 -14.654140472 0.996503413 0.083312623 0.006320908 131.725372314
-0.004766748 0.097818270 -0.995192885 -105.516632080 -0.085314207 0.991535902 0.097867481 -14.652971268 0.996342659 0.085370600 0.003618887 131.761032104
-0.005269914 0.099136278 -0.995059967 -106.475456238 -0.092438817 0.990764856 0.099197909 -14.653738022 0.995704412 0.092504926 0.003942793 131.779586792
-0.006213449 0.108941533 -0.994028747 -107.439361572 -0.096243456 0.989368021 0.109032348 -14.646244049 0.995338440 0.096346237 0.004337523 131.812805176
-0.007752390 0.120431736 -0.992691338 -108.402557373 -0.100225873 0.987628698 0.120600246 -14.635124207 0.994934559 0.100428320 0.004413893 131.839508057
-0.009029279 0.121952347 -0.992494881 -109.348320007 -0.107203968 0.986696959 0.122215226 -14.622753143 0.994195998 0.107502908 0.004164615 131.865646362
-0.008980124 0.118721329 -0.992886961 -110.334594727 -0.114261560 0.986301720 0.118967339 -14.602622032 0.993410110 0.114517160 0.004708173 131.882614136
-0.009270635 0.114695698 -0.993357420 -111.288734436 -0.122384958 0.985801637 0.114965469 -14.589833260 0.992439389 0.122637816 0.004898020 131.904861450
-0.006793167 0.116596580 -0.993156195 -112.258239746 -0.126867577 0.985053003 0.116513036 -14.569550514 0.991896331 0.126790807 0.008100692 131.923034668
-0.005303937 0.117588818 -0.993048191 -113.243392944 -0.134871095 0.983904362 0.117226414 -14.549389839 0.990848899 0.134555280 0.010640765 131.945281982
-0.004790509 0.120196104 -0.992738605 -114.207168579 -0.144082516 0.982308149 0.119628504 -14.532607079 0.989554107 0.143609375 0.012612403 131.963821411
-0.004479285 0.122380234 -0.992473185 -115.182449341 -0.149556428 0.981238723 0.121669918 -14.511904716 0.988743007 0.148975745 0.013907504 131.987426758
-0.004195960 0.121924356 -0.992530525 -116.156837463 -0.153497845 0.980697930 0.121119738 -14.500931740 0.988139987 0.152859524 0.014600158 132.021148682
-0.002558913 0.112528220 -0.993645310 -117.112121582 -0.152488202 0.981984138 0.111600325 -14.503584862 0.988301933 0.151804760 0.014646416 132.051391602
-0.001132972 0.100947104 -0.994891167 -118.064659119 -0.155712292 0.982738733 0.099891365 -14.494580269 0.987801790 0.155029953 0.014605288 132.084991455
