1.000000000 0.000000000 0.000000000 0.000000000 0.000000000 1.000000000 0.000000000 0.000000000 0.000000000 0.000000000 1.000000000 0.000000000
0.999997675 -0.001616260 -0.001406597 0.050261416 0.001613216 0.999996364 -0.002162689 -0.132110015 0.001410087 0.002160415 0.999996662 1.297553182
0.999997735 -0.000029962 -0.002137924 0.103321977 0.000016031 0.999978781 -0.006515879 -0.265588045 0.002138074 0.006515830 0.999976516 2.601531744
0.999996305 0.002444367 -0.001198647 0.145024076 -0.002453880 0.999964952 -0.008000263 -0.404339194 0.001179049 0.008003174 0.999967277 3.904288054
0.999983191 0.005786759 0.000401625 0.188508257 -0.005783957 0.999961078 -0.006659393 -0.544011533 -0.000440146 0.006656958 0.999977767 5.217796326
0.999975204 0.006571482 0.002535196 0.239915162 -0.006562958 0.999972820 -0.003355700 -0.688008547 -0.002557179 0.003338979 0.999991179 6.532268047
0.999959230 0.006831655 0.005897528 0.295610160 -0.006819794 0.999974668 -0.002028844 -0.825764894 -0.005911240 0.001988541 0.999980628 7.835626125
0.999942660 0.005326823 0.009289606 0.352643102 -0.005308581 0.999983907 -0.001987275 -0.959244370 -0.009300041 0.001937846 0.999954820 9.138596535
0.999910712 0.004015876 0.012745969 0.429585099 -0.003991168 0.999990046 -0.001963358 -1.095817208 -0.012753729 0.001912311 0.999916792 10.437637329
0.999869406 0.002813499 0.015915506 0.499230146 -0.002771764 0.999992669 -0.002643751 -1.233954668 -0.015922826 0.002599292 0.999869823 11.744043350
0.999808311 0.002096110 0.019464672 0.572571039 -0.002033296 0.999992669 -0.003246322 -1.376350403 -0.019471332 0.003206122 0.999805152 13.036468506
0.999742210 0.001618088 0.022646181 0.647511184 -0.001537653 0.999992430 -0.003568768 -1.515798688 -0.022651780 0.003533026 0.999737144 14.358240128
0.999661624 0.001604292 0.025959311 0.733750820 -0.001484308 0.999988079 -0.004640588 -1.654624104 -0.025966451 0.004600486 0.999652207 15.654408455
0.999570787 0.002421235 0.029195683 0.812594295 -0.002293035 0.999987602 -0.004423746 -1.793628454 -0.029206032 0.004354901 0.999563873 16.944566727
0.999472976 0.002002919 0.032402005 0.903412938 -0.001871756 0.999989986 -0.004077811 -1.931508899 -0.032409839 0.004015014 0.999466538 18.231510162
0.999402940 0.000477308 0.034548111 0.999584913 -0.000344166 0.999992490 -0.003859659 -2.074222326 -0.034549687 0.003845464 0.999395609 19.527721405
0.999343097 -0.002076257 0.036181707 1.096376896 0.002260214 0.999984682 -0.005044098 -2.215706348 -0.036170676 0.005122562 0.999332547 20.804849625
0.999304473 -0.001845616 0.037244834 1.195517659 0.002104759 0.999973834 -0.006919828 -2.355779886 -0.037231088 0.006993407 0.999282241 22.108560562
0.999262094 -0.001837604 0.038365092 1.282881498 0.002212683 0.999950230 -0.009736420 -2.496186018 -0.038345288 0.009814125 0.999216318 23.390184402
0.999215961 -0.001328519 0.039568376 1.380354881 0.001764119 0.999938190 -0.010975918 -2.643409014 -0.039551355 0.011037117 0.999156535 24.683189392
0.999172807 -0.000626887 0.040659688 1.479662061 0.001101103 0.999931574 -0.011641681 -2.789492846 -0.040649615 0.011676822 0.999105275 25.952810287
0.999153674 -0.002168162 0.041076120 1.581021190 0.002603730 0.999940872 -0.010553403 -2.936716795 -0.041050814 0.010651422 0.999100268 27.246501923
0.999144614 -0.005095445 0.041038189 1.681384802 0.005486741 0.999940515 -0.009427950 -3.084331751 -0.040987715 0.009645050 0.999113083 28.527040482
0.999175847 -0.006630445 0.040045168 1.783370018 0.007039511 0.999924362 -0.010082758 -3.228407621 -0.039975293 0.010356348 0.999146938 29.819555283
0.999196410 -0.008269627 0.039221343 1.890796900 0.008770010 0.999882042 -0.012603077 -3.376275063 -0.039112497 0.012936920 0.999151051 31.085767746
0.999224901 -0.008409296 0.038456198 1.997238398 0.008902146 0.999880195 -0.012662660 -3.525332212 -0.038345110 0.012995189 0.999180019 32.369636536
0.999244094 -0.009182341 0.037775207 2.098761320 0.009683755 0.999867141 -0.013112154 -3.668436289 -0.037649792 0.013468048 0.999200284 33.639739990
0.999251485 -0.009546554 0.037490208 2.187137127 0.010042515 0.999864221 -0.013063150 -3.815073013 -0.037360407 0.013429866 0.999211550 34.905845642
0.999260724 -0.010023496 0.037116490 2.280091763 0.010540077 0.999849916 -0.013748461 -3.958915472 -0.036973115 0.014129507 0.999216318 36.167362213
0.999302864 -0.010711756 0.035761237 2.393119097 0.011210308 0.999842286 -0.013769846 -4.117471695 -0.035608105 0.014161143 0.999265492 37.452297211
0.999301970 -0.010380377 0.035884351 2.484376669 0.010818356 0.999869049 -0.012032686 -4.262045860 -0.035754751 0.012412498 0.999283552 38.711082458
0.999264717 -0.010465425 0.036883924 2.586764812 0.010873746 0.999881625 -0.010887286 -4.405755520 -0.036765616 0.011280347 0.999260247 39.979423523
0.999180317 -0.012303721 0.038567804 2.693952084 0.012652750 0.999881089 -0.008818744 -4.553281307 -0.038454723 0.009299503 0.999217093 41.227603912
0.999078810 -0.013233091 0.040821556 2.797459364 0.013671461 0.999851763 -0.010478272 -4.693088055 -0.040676832 0.011026711 0.999111533 42.494834900
0.998954177 -0.014426225 0.043385904 2.890651703 0.015036784 0.999791980 -0.013779463 -4.842371941 -0.043178089 0.014417437 0.998963356 43.746952057
0.998855054 -0.015788751 0.045158755 3.001887083 0.016465664 0.999757111 -0.014657196 -4.990588188 -0.044916354 0.015383985 0.998872280 45.006488800
0.998717308 -0.015864935 0.048085168 3.118282318 0.016522590 0.999774933 -0.013310418 -5.128607273 -0.047863174 0.014087838 0.998754561 46.246620178
0.998530149 -0.017098350 0.051434103 3.233672380 0.017629968 0.999795675 -0.009899970 -5.283635616 -0.051254321 0.010792200 0.998627305 47.511432648
0.998262465 -0.020056101 0.055406649 3.351106644 0.020526001 0.999758005 -0.007924857 -5.421756268 -0.055234294 0.009048363 0.998432338 48.739036560
0.998021960 -0.022136103 0.058839995 3.484633684 0.022670163 0.999707460 -0.008424382 -5.561508179 -0.058636297 0.009741629 0.998231888 49.992389679
0.997746348 -0.025438301 0.062089711 3.629152298 0.026245585 0.999580801 -0.012220950 -5.696284294 -0.061752807 0.013822990 0.997995675 51.220256805
0.997454703 -0.026782086 0.066082411 3.759806395 0.027652593 0.999541938 -0.012293550 -5.834019184 -0.065722898 0.014089609 0.997738421 52.455482483
0.997092247 -0.029344222 0.070328668 3.888225317 0.030101327 0.999499440 -0.009729458 -5.974749088 -0.070007980 0.011818154 0.997476459 53.673553467
0.996819198 -0.032160789 0.072919168 4.047107697 0.032729536 0.999442279 -0.006617925 -6.107401848 -0.072665654 0.008983484 0.997315884 54.886192322
0.996583581 -0.034655176 0.074968666 4.198918343 0.035124291 0.999370694 -0.004947617 -6.238060951 -0.074750036 0.007563935 0.997173607 56.104076385
0.996369362 -0.037926655 0.076222979 4.349378586 0.038179033 0.999269187 -0.001856094 -6.364262581 -0.076096892 0.004759475 0.997089028 57.312717438
0.996218860 -0.040976755 0.076609813 4.502691746 0.041100733 0.999154985 -0.000041635 -6.493630886 -0.076543376 0.003190196 0.997061133 58.513401031
0.996151388 -0.042906854 0.076429360 4.645279408 0.043303899 0.999055684 -0.003544521 -6.617537498 -0.076205105 0.006840567 0.997068644 59.718685150
0.996173561 -0.044024564 0.075499326 4.795625687 0.044750817 0.998966515 -0.007953959 -6.745749950 -0.075071119 0.011302179 0.997114122 60.905132294
0.996171653 -0.045472626 0.074661136 4.926109791 0.046466727 0.998852134 -0.011631414 -6.877022266 -0.074046530 0.015056147 0.997141063 62.107963562
0.996221185 -0.046809290 0.073159389 5.070493698 0.047960952 0.998750210 -0.014064208 -7.009168625 -0.072409615 0.017519858 0.997221112 63.295810699
0.996333063 -0.047320582 0.071282513 5.202510834 0.048468523 0.998720050 -0.014460585 -7.142331600 -0.070506997 0.017862516 0.997351468 64.487442017
0.996557355 -0.046527341 0.068619356 5.334362984 0.047578070 0.998772860 -0.013757621 -7.278304100 -0.067895047 0.016975036 0.997548044 65.663208008
0.996794462 -0.045946337 0.065495640 5.454015255 0.046807766 0.998835623 -0.011678299 -7.421574116 -0.064882800 0.014706571 0.997784495 66.856552124
0.997195125 -0.042179033 0.061829735 5.574431419 0.042760726 0.999052286 -0.008114504 -7.551576138 -0.061428867 0.010735627 0.998053670 68.029998779
0.997414410 -0.040463448 0.059389316 5.684486389 0.040874690 0.999147892 -0.005725792 -7.676945686 -0.059107017 0.008138509 0.998218358 69.197021484
0.997699082 -0.039337628 0.055218101 5.813233376 0.039885912 0.999164879 -0.008862262 -7.816732407 -0.054823376 0.011044295 0.998434901 70.402084351
0.997879684 -0.039526787 0.051707808 5.922300339 0.040352166 0.999072671 -0.015016627 -7.951198578 -0.051066298 0.017071310 0.998549342 71.561058044
0.997921586 -0.043204516 0.047810368 6.031976223 0.044132542 0.998853862 -0.018527729 -8.084398270 -0.046955101 0.020599212 0.998684525 72.740386963
0.997948766 -0.046663724 0.043826960 6.148478508 0.047328208 0.998777688 -0.014247664 -8.220729828 -0.043108545 0.016292688 0.998937547 73.923408508
0.997941434 -0.050430156 0.039619029 6.252694607 0.050837018 0.998663306 -0.009329397 -8.348214149 -0.039095592 0.011324305 0.999171317 75.080749512
0.997989237 -0.052898921 0.034915671 6.349659920 0.053158294 0.998564601 -0.006542155 -8.479301453 -0.034519482 0.008385059 0.999368846 76.263900757
0.998167098 -0.052115027 0.030764900 6.437959671 0.052265361 0.998624742 -0.004102429 -8.604425430 -0.030508788 0.005702849 0.999518216 77.422744751
0.998320818 -0.051411569 0.026690582 6.533196449 0.051558238 0.998658299 -0.004835913 -8.714124680 -0.026406148 0.006203912 0.999632001 78.581825256
0.998453140 -0.050478771 0.023307689 6.611757755 0.050631031 0.998699486 -0.005989304 -8.853303909 -0.022975041 0.007160132 0.999710321 79.744720459
0.998646557 -0.048031513 0.019948239 6.687523842 0.048257738 0.998774171 -0.011018109 -8.982800484 -0.019394565 0.011965854 0.999740183 80.888862610
0.998545468 -0.051495511 0.015973715 6.771769047 0.051747367 0.998535573 -0.015775638 -9.122344971 -0.015137946 0.016579293 0.999747872 82.053749084
0.998387218 -0.055149276 0.013479944 6.827308178 0.055374432 0.998321891 -0.016942352 -9.251688004 -0.012522968 0.017661473 0.999765575 83.186576843
0.998417556 -0.055385370 0.009737470 6.893890858 0.055513989 0.998366892 -0.013475067 -9.380944252 -0.008975247 0.013994309 0.999861777 84.324356079
0.998415351 -0.055818535 0.007139841 6.959289551 0.055894524 0.998376906 -0.010927062 -9.512562752 -0.006518321 0.011308827 0.999914765 85.462669373
0.998562396 -0.053276259 0.005896511 7.003575802 0.053347260 0.998496294 -0.012618120 -9.643182755 -0.005215398 0.012914546 0.999902964 86.605773926
0.998752713 -0.049637556 0.005386078 7.055472851 0.049716827 0.998639166 -0.015745105 -9.771777153 -0.004597200 0.015993247 0.999861479 87.726898193
0.998839378 -0.047997862 0.003977708 7.118831158 0.048063401 0.998673677 -0.018459400 -9.900297165 -0.003086420 0.018629162 0.999821723 88.828689575
0.998761415 -0.049614955 0.003724086 7.156723022 0.049678091 0.998576999 -0.019392822 -10.038324356 -0.002756612 0.019553810 0.999805033 89.971641541
0.998707592 -0.050772298 0.002301687 7.208258629 0.050803699 0.998569548 -0.016668167 -10.170194626 -0.001452114 0.016763560 0.999858499 91.085243225
0.998652697 -0.051882166 0.001044618 7.260780334 0.051891729 0.998554170 -0.014028884 -10.302235603 -0.000315258 0.014064189 0.999901056 92.199996948
0.998685300 -0.051253229 0.000849348 7.317217350 0.051260039 0.998593330 -0.013554276 -10.423371315 -0.000153453 0.013579994 0.999907792 93.322761536
0.998656869 -0.051802386 0.000953136 7.362133026 0.051810972 0.998533428 -0.015701711 -10.552110672 -0.000138352 0.015730005 0.999876261 94.430999756
0.998648405 -0.051974326 -0.000076215 7.423536301 0.051962961 0.998458624 -0.019499712 -10.683517456 0.001089582 0.019469395 0.999809802 95.540367126
0.998621762 -0.052483078 0.000372619 7.466434479 0.052479614 0.998409450 -0.020602250 -10.822422028 0.000709244 0.020593414 0.999787688 96.655113220
0.998585284 -0.053173143 0.000058599 7.523137569 0.053164691 0.998405576 -0.018967219 -10.955062866 0.000950041 0.018943502 0.999820113 97.739860535
0.998636246 -0.052194100 0.001139680 7.563911438 0.052204888 0.998540223 -0.013860147 -11.078538895 -0.000414598 0.013900744 0.999903321 98.827667236
0.998719573 -0.050531395 0.002408448 7.613944530 0.050553609 0.998668373 -0.010287131 -11.200982094 -0.001885417 0.010395717 0.999944270 99.895782471
0.998838723 -0.047970049 0.004478028 7.658228874 0.048014168 0.998793244 -0.010328409 -11.323111534 -0.003977170 0.010531422 0.999936640 100.965278625
0.998905420 -0.046300847 0.006632164 7.706285954 0.046378624 0.998850584 -0.012098143 -11.445379257 -0.006064386 0.012392491 0.999904811 101.999496460
0.998872340 -0.046583049 0.009172797 7.761809826 0.046711545 0.998805583 -0.014331266 -11.568400383 -0.008494249 0.014743580 0.999855220 103.019081116
0.998786867 -0.047997147 0.011002821 7.814322472 0.048163861 0.998720348 -0.015423142 -11.684571266 -0.010248473 0.015934367 0.999820471 104.043464661
0.998677313 -0.049776338 0.012879878 7.875729561 0.049965184 0.998641551 -0.014781221 -11.799470901 -0.012126626 0.015405213 0.999807835 105.025787354
0.998641253 -0.049980719 0.014749695 7.930827618 0.050177414 0.998651981 -0.013281613 -11.919759750 -0.014065987 0.014003666 0.999803066 106.005249023
0.998572290 -0.051080946 0.015622680 8.005599022 0.051263873 0.998618484 -0.011540914 -12.032519341 -0.015011573 0.012325315 0.999811351 106.956001282
0.998506665 -0.051742516 0.017523687 8.062985420 0.051957563 0.998576641 -0.012046965 -12.140328407 -0.016875407 0.012939462 0.999773920 107.873344421
0.998495758 -0.051342301 0.019239765 8.125561714 0.051548161 0.998616755 -0.010361108 -12.240516663 -0.018681185 0.011337299 0.999761224 108.785781860
0.998508811 -0.050336190 0.021127025 8.183373451 0.050519980 0.998688936 -0.008257486 -12.339124680 -0.020683672 0.009312510 0.999742687 109.657119751
0.998467207 -0.050656457 0.022298073 8.244231224 0.050779682 0.998697340 -0.004994580 -12.444322586 -0.022016020 0.006119213 0.999738872 110.515724182
0.998421073 -0.050832342 0.023904378 8.304104805 0.050961196 0.998689055 -0.004811921 -12.537991524 -0.023628443 0.006022519 0.999702632 111.342880249
0.998445153 -0.049819507 0.025006561 8.357341766 0.049939595 0.998743415 -0.004200546 -12.628119469 -0.024765870 0.005442831 0.999678552 112.157875061
0.998534441 -0.047600143 0.025752282 8.408383369 0.047716018 0.998853326 -0.003903564 -12.709501266 -0.025536945 0.005126639 0.999660730 112.936508179
0.998665750 -0.045304652 0.024782574 8.456762314 0.045329209 0.998971999 -0.000429609 -12.792852402 -0.024737632 0.001552410 0.999692738 113.696228027
0.998747587 -0.044944294 0.021983471 8.502030373 0.044946179 0.998989344 0.000408633 -12.875922203 -0.021979623 0.000579952 0.999758184 114.446479797
0.998868406 -0.044975813 0.015460635 8.539424896 0.044974070 0.998988092 0.000460738 -12.950711250 -0.015465713 0.000235111 0.999880314 115.145568848
0.999052107 -0.043231774 0.005077522 8.565313339 0.043235794 0.999064624 -0.000684393 -13.027028084 -0.005043184 0.000903276 0.999986827 115.819747925
0.999125719 -0.040789314 -0.009175017 8.565728188 0.040759899 0.999163270 -0.003370896 -13.096635818 0.009304838 0.002993976 0.999952197 116.470397949
0.998857260 -0.038977202 -0.027658705 8.563611031 0.038829934 0.999228895 -0.005841847 -13.169665337 0.027865076 0.004761186 0.999600351 117.082221985
0.998050213 -0.037307516 -0.050039101 8.529948235 0.036956117 0.999285460 -0.007929706 -13.241603851 0.050299183 0.006064993 0.998715758 117.668922424
0.996328831 -0.035836250 -0.077748418 8.488191605 0.035158135 0.999330997 -0.010073796 -13.306184769 0.078057408 0.007303322 0.996922076 118.241531372
0.993365705 -0.033786014 -0.109922983 8.415313721 0.032678060 0.999395549 -0.011865825 -13.376027107 0.110257447 0.008195035 0.993869305 118.791915894
0.988932073 -0.029154941 -0.145476952 8.313146591 0.027494065 0.999531984 -0.013414758 -13.441435814 0.145799965 0.009266529 0.989270687 119.336959839
0.982637644 -0.023165675 -0.184083343 8.199249268 0.021151615 0.999693096 -0.012897363 -13.500787735 0.184325606 0.008779774 0.982826054 119.867614746
0.974110544 -0.018119127 -0.225344956 8.048616409 0.016003914 0.999809027 -0.011209894 -13.551483154 0.225505084 0.007313274 0.974214554 120.370277405
0.962753057 -0.013260270 -0.270056695 7.881391525 0.011022807 0.999891162 -0.009800118 -13.609724045 0.270157307 0.006458311 0.962794483 120.854675293
0.948281527 -0.007532452 -0.317340910 7.689922333 0.004574732 0.999938905 -0.010064442 -13.669991493 0.317397326 0.008092175 0.948258162 121.335769653
0.931053400 0.000302644 -0.364882708 7.462863922 -0.004524750 0.999932349 -0.010716212 -13.723760605 0.364854723 0.011628369 0.930991888 121.790153503
0.909848213 0.004689892 -0.414914727 7.213310242 -0.010474752 0.999876976 -0.011667741 -13.775876999 0.414808989 0.014962003 0.909785450 122.230026245
0.884737670 0.009489120 -0.465992719 6.933929443 -0.016071251 0.999819279 -0.010153451 -13.835871696 0.465812206 0.016472228 0.884730220 122.656509399
0.855677247 0.012579933 -0.517356992 6.648410797 -0.020786639 0.999733150 -0.010070565 -13.879038811 0.517092288 0.019371267 0.855710387 123.053207397
0.823961258 0.022405015 -0.566203058 6.322963715 -0.031654473 0.999477625 -0.006514883 -13.929788589 0.565761387 0.023290869 0.824240029 123.426147461
0.789864480 0.035221945 -0.612269282 5.974628448 -0.044666346 0.999001920 -0.000152813 -13.972568512 0.611652732 0.027468536 0.790649295 123.784469604
0.754347801 0.044195771 -0.654985607 5.620338440 -0.056354571 0.998407722 0.002464877 -14.008604050 0.654051781 0.035052061 0.755637228 124.083084106
0.714426339 0.048475306 -0.698029459 5.249347687 -0.063874543 0.997950196 0.003928610 -14.065021515 0.696789086 0.041779608 0.716058254 124.387634277
0.671774805 0.049943477 -0.739069939 4.873249054 -0.066295259 0.997774303 0.007166909 -14.109601021 0.737782896 0.044182278 0.673590660 124.673583984
0.627759457 0.053486746 -0.776567459 4.467765808 -0.069996662 0.997473598 0.012118130 -14.139965057 0.775253892 0.046749864 0.629917383 124.940719604
0.582590938 0.062633321 -0.810348511 4.037956238 -0.081373386 0.996511579 0.018519733 -14.179058075 0.808681786 0.055151369 0.585655451 125.173652649
0.537538886 0.071145825 -0.840232134 3.579704285 -0.093072191 0.995352149 0.024737457 -14.198935509 0.838086843 0.064904913 0.541662216 125.383697510
0.490601450 0.076325051 -0.868034840 3.132499695 -0.098904327 0.994596541 0.031554066 -14.223869324 0.865752876 0.070371933 0.495499372 125.576972961
0.443574727 0.077567361 -0.892874420 2.669555664 -0.098108180 0.994463205 0.037653200 -14.249602318 0.890851378 0.070896275 0.448728740 125.754859924
0.395678937 0.079752497 -0.914919496 2.195297241 -0.095932260 0.994361579 0.045189168 -14.275167465 0.913364708 0.069889888 0.401098847 125.933639526
0.350781947 0.082068041 -0.932854116 1.700405121 -0.097517505 0.993937850 0.050772320 -14.293116570 0.931365848 0.073159598 0.356658548 126.068611145
0.307198644 0.085556202 -0.947791636 1.201320648 -0.103214420 0.993070602 0.056189585 -14.313774109 0.946031511 0.080564402 0.313900650 126.184165955
0.265681773 0.086905181 -0.960135758 0.684591293 -0.107714139 0.992368698 0.060016830 -14.330161095 0.958024502 0.087474830 0.273015141 126.286041260
0.226315394 0.083203323 -0.970493913 0.152879715 -0.107829936 0.992361128 0.059932560 -14.344882011 0.968067110 0.091084629 0.233558446 126.386573792
0.190862283 0.078343555 -0.978485525 -0.378519058 -0.102877572 0.992916942 0.059431840 -14.369513512 0.976211071 0.089320898 0.197570190 126.482093811
0.160561800 0.073244192 -0.984304488 -0.926715851 -0.100154720 0.993304610 0.057576474 -14.390252113 0.981931210 0.089338146 0.166822538 126.559913635
0.134129763 0.071623951 -0.988371968 -1.493618011 -0.101305559 0.993150175 0.058222264 -14.409345627 0.985771954 0.092318237 0.140466899 126.628074646
0.111757629 0.070711136 -0.991216540 -2.084315300 -0.101958409 0.993016958 0.059343979 -14.422666550 0.988491058 0.094430715 0.118186846 126.689094543
0.093560591 0.072351553 -0.992981255 -2.679752350 -0.104036175 0.992606342 0.062521771 -14.439021111 0.990163088 0.097456388 0.100396022 126.740676880
0.077323556 0.070788965 -0.994489789 -3.285338402 -0.105296582 0.992477477 0.062458705 -14.464022636 0.991430104 0.099886864 0.084195726 126.793014526
0.063150033 0.069724865 -0.995565414 -3.904722214 -0.104168884 0.992568076 0.062907383 -14.493062973 0.992552757 0.099734336 0.069943875 126.845344543
0.050723359 0.067345239 -0.996439517 -4.542615891 -0.099841207 0.993067682 0.062034976 -14.516313553 0.993709624 0.096339114 0.057095572 126.891273499
0.039024018 0.064502001 -0.997154176 -5.194905281 -0.097448505 0.993403316 0.060445681 -14.530191422 0.994475186 0.094812363 0.045052208 126.921463013
0.028366594 0.063721508 -0.997564495 -5.861914635 -0.096778460 0.993452847 0.060706880 -14.551038742 0.994901597 0.094820701 0.034347747 126.960426331
0.018710401 0.065141223 -0.997700632 -6.533112526 -0.100190982 0.992974639 0.062953725 -14.572313309 0.994792283 0.098782726 0.025105525 126.981590271
0.010477310 0.065040782 -0.997827590 -7.212297440 -0.102872625 0.992657602 0.063623622 -14.599499702 0.994639337 0.101982534 0.017091304 126.995605469
0.003551125 0.064335719 -0.997921944 -7.903062344 -0.104936615 0.992442489 0.063609041 -14.619374275 0.994472563 0.104492649 0.010275458 127.018775940
-0.001575242 0.065130457 -0.997875571 -8.600096703 -0.105624214 0.992283821 0.064932235 -14.636323929 0.994404852 0.105502106 0.005316267 127.034111023
-0.005155256 0.067663945 -0.997694850 -9.321217537 -0.107791662 0.991857171 0.067825004 -14.656621933 0.994160116 0.107892841 0.002180331 127.057075500
-0.005778798 0.071649514 -0.997413158 -10.059031487 -0.110403143 0.991286457 0.071849063 -14.681436539 0.993870020 0.110532731 0.002181889 127.056236267
-0.007048200 0.074856326 -0.997169435 -10.771952629 -0.112559475 0.990797400 0.075173564 -14.695639610 0.993619978 0.112770706 0.001442451 127.071441650
-0.007766605 0.080324151 -0.996738613 -11.510402679 -0.117293760 0.989814579 0.080680139 -14.702458382 0.993066847 0.117537819 0.001734024 127.080459595
-0.008886311 0.084166408 -0.996412098 -12.253854752 -0.120428301 0.989108622 0.084623508 -14.715302467 0.992682278 0.120748207 0.001346491 127.088615417
-0.010232300 0.084947303 -0.996332884 -13.004340172 -0.120323487 0.989040673 0.085561298 -14.736773491 0.992681980 0.120757729 0.000100994 127.106735229
-0.011687465 0.081869386 -0.996574581 -13.748764992 -0.117945075 0.989572346 0.082677364 -14.754745483 0.992951334 0.118507333 -0.001909501 127.127006531
-0.013335889 0.078144483 -0.996852815 -14.511096001 -0.121365242 0.989444196 0.079187334 -14.757180214 0.992518306 0.122039311 -0.003711093 127.138587952
-0.014260100 0.079859957 -0.996704102 -15.276182175 -0.126923025 0.988597631 0.081026353 -14.769699097 0.991810083 0.127660111 -0.003961433 127.136993408
-0.015898667 0.083425730 -0.996387124 -16.044258118 -0.123944052 0.988662839 0.084756687 -14.783904076 0.992161870 0.124843791 -0.005378295 127.152687073
-0.018008282 0.083443001 -0.996349812 -16.821994781 -0.123023093 0.988754332 0.085030437 -14.800701141 0.992240489 0.124105319 -0.007540349 127.164863586
-0.019494466 0.082722619 -0.996381938 -17.610361099 -0.125675574 0.988464117 0.084524132 -14.812379837 0.991879821 0.126868591 -0.008873368 127.172050476
-0.019982597 0.082442962 -0.996395409 -18.397846222 -0.130371571 0.987870395 0.084352165 -14.817673683 0.991263866 0.131587207 -0.008991998 127.170219421
-0.021228909 0.087033845 -0.995979130 -19.201931000 -0.132256716 0.987204015 0.089086019 -14.825480461 0.990988076 0.133616120 -0.009446453 127.174934387
-0.021486118 0.091398470 -0.995582581 -20.015007019 -0.130654097 0.987015665 0.093431704 -14.833836555 0.991195083 0.132084444 -0.009265549 127.185417175
-0.020765906 0.093583666 -0.995394826 -20.836799622 -0.132688373 0.986544311 0.095519707 -14.844951630 0.990940213 0.134060875 -0.008069025 127.199638367
-0.018838106 0.092239700 -0.995558560 -21.655168533 -0.132109657 0.986774981 0.093925685 -14.849432945 0.991056085 0.133292302 -0.006403218 127.209373474
-0.017667832 0.092243239 -0.995579720 -22.486209869 -0.132202506 0.986777067 0.093773760 -14.853991508 0.991065264 0.133274913 -0.005239421 127.220779419
-0.017624730 0.091520391 -0.995647192 -23.322013855 -0.130907908 0.987018585 0.093044557 -14.862649918 0.991237879 0.131977975 -0.005415195 127.243492126
-0.016853953 0.093356267 -0.995490134 -24.160676956 -0.131826758 0.986732423 0.094766855 -14.867698669 0.991129398 0.132829472 -0.004323489 127.262641907
-0.016267125 0.095555037 -0.995291233 -24.998653412 -0.133607000 0.986288249 0.096874371 -14.870039940 0.990900874 0.134553745 -0.003277255 127.278434753
-0.016227629 0.097959839 -0.995058179 -25.863288879 -0.136064559 0.985715032 0.099259034 -14.870013237 0.990567088 0.137002885 -0.002666955 127.293510437
-0.014511452 0.099009983 -0.994980574 -26.728137970 -0.138205647 0.985335469 0.100065887 -14.865776062 0.990297258 0.138964027 -0.000614909 127.304542542
-0.012822567 0.102075882 -0.994693935 -27.597270966 -0.145113260 0.984054446 0.102854677 -14.865110397 0.989332020 0.145662174 0.002194460 127.318611145
-0.010475029 0.106056936 -0.994304836 -28.484401703 -0.149835452 0.982966363 0.106426030 -14.859848022 0.988655448 0.150096968 0.005594485 127.334228516
-0.008419661 0.107660130 -0.994152129 -29.359352112 -0.152179077 0.982469141 0.107683793 -14.852434158 0.988317072 0.152195781 0.008111561 127.364967346
-0.004442322 0.108670972 -0.994067848 -30.258556366 -0.151264176 0.982565939 0.108089559 -14.853720665 0.988483369 0.150847033 0.012073149 127.385307312
-0.001879303 0.108643465 -0.994078934 -31.148824692 -0.153960317 0.982196867 0.107635915 -14.847629547 0.988075256 0.153251037 0.014880938 127.415832520
0.000715000 0.112407558 -0.993661821 -32.053428650 -0.154328912 0.981770039 0.110951245 -14.838493347 0.988019228 0.153271437 0.018049698 127.444824219
0.003262255 0.114577875 -0.993408918 -32.976863861 -0.153562427 0.981688559 0.112721801 -14.835580826 0.988133550 0.152182564 0.020797381 127.483016968
0.005093912 0.115909442 -0.993246675 -33.870388031 -0.154263780 0.981460750 0.113742910 -14.831577301 0.988016546 0.152642593 0.022880103 127.524009705
0.007531399 0.113882013 -0.993465781 -34.772647858 -0.155487344 0.981543601 0.111336611 -14.822997093 0.987809181 0.153632849 0.025099605 127.556709290
0.007792739 0.115230195 -0.993308365 -35.677856445 -0.159821466 0.980712652 0.112515219 -14.814054489 0.987115204 0.157875165 0.026058702 127.598716736
0.008897552 0.115712427 -0.993242800 -36.571113586 -0.160537973 0.980563343 0.112797134 -14.808074951 0.986989558 0.158449575 0.027300850 127.636199951
0.009072935 0.112246744 -0.993638992 -37.469032288 -0.160898253 0.980895996 0.109338075 -14.805681229 0.986929297 0.158882737 0.026959913 127.673027039
0.010059151 0.108136460 -0.994085133 -38.375793457 -0.162150592 0.981154144 0.105089016 -14.805921555 0.986714780 0.160134390 0.027403971 127.717124939
0.010550935 0.107475288 -0.994151831 -39.271751404 -0.161784425 0.981291473 0.104368001 -14.801626205 0.986769736 0.159737095 0.027741373 127.759216309
0.010406637 0.111399628 -0.993721247 -40.177707672 -0.164199248 0.980475545 0.108195186 -14.794246674 0.986372292 0.162042350 0.028495191 127.799118042
0.010635403 0.117772602 -0.992983580 -41.110004425 -0.164823979 0.979662895 0.114427336 -14.784323692 0.986265659 0.162450507 0.029830854 127.839866638
0.010753642 0.116437413 -0.993139803 -42.004611969 -0.162597701 0.980182230 0.113157660 -14.784089088 0.986633778 0.160265416 0.029472992 127.886283875
0.011633819 0.106124438 -0.994284809 -42.895217896 -0.161719918 0.981460989 0.102863476 -14.790392876 0.986768126 0.159598961 0.028580576 127.929603577
0.012003357 0.095586665 -0.995348752 -43.818748474 -0.163550973 0.982202709 0.092351876 -14.792977333 0.986461878 0.161681712 0.027423026 127.969947815
0.011041953 0.092457220 -0.995655417 -44.720462799 -0.160407811 0.982984602 0.089501664 -14.799782753 0.986989021 0.158722624 0.025684932 128.015167236
0.010772420 0.102358676 -0.994689226 -45.639656067 -0.152854010 0.983224690 0.099523507 -14.801929474 0.988190114 0.150970101 0.026237646 128.067794800
0.010830943 0.115663238 -0.993229449 -46.591880798 -0.148073718 0.982522249 0.112801641 -14.798848152 0.988916993 0.145849422 0.027768325 128.127120972
0.011054436 0.124846645 -0.992114484 -47.514152527 -0.148242757 0.981415749 0.121848576 -14.790239334 0.988889158 0.145726800 0.029356608 128.172561646
0.010838423 0.118872918 -0.992850363 -48.428779602 -0.148407102 0.982103527 0.115966126 -14.784376144 0.988866925 0.146089181 0.028286040 128.215026855
0.010784667 0.105661690 -0.994343638 -49.351955414 -0.148408175 0.983557522 0.102905884 -14.787673950 0.988867402 0.146458924 0.026288399 128.258407593
0.011359528 0.096806295 -0.995238483 -50.268070221 -0.148877159 0.984372973 0.094050162 -14.787290573 0.988790512 0.147099912 0.025594259 128.303085327
0.011960079 0.096775219 -0.995234430 -51.204643250 -0.147704020 0.984558046 0.093962066 -14.792551994 0.988959372 0.145876348 0.026069481 128.344833374
0.011313567 0.098304719 -0.995092094 -52.142971039 -0.150974721 0.983915389 0.095484085 -14.805937767 0.988472939 0.149153516 0.025973121 128.383117676
0.011808450 0.097675309 -0.995148301 -53.087028503 -0.155609697 0.983272374 0.094663203 -14.813106537 0.987748027 0.153736874 0.026810149 128.425689697
0.012249216 0.097259738 -0.995183647 -54.020488739 -0.157285959 0.983056068 0.094138533 -14.815408707 0.987477005 0.155375332 0.027339257 128.469879150
0.013279142 0.104511231 -0.994434953 -54.965885162 -0.166582853 0.980855584 0.100859612 -14.809942245 0.985938072 0.164316520 0.030434698 128.501190186
0.014753214 0.114319533 -0.993334472 -55.914218903 -0.172235981 0.978883624 0.110098347 -14.807115555 0.984945297 0.169463634 0.034131616 128.538635254
0.016002627 0.122144639 -0.992383242 -56.879467010 -0.172285900 0.978002310 0.117596418 -14.799253464 0.984916985 0.169091791 0.036694404 128.591247559
0.016958980 0.123112731 -0.992247760 -57.822727203 -0.173645824 0.977672517 0.118336454 -14.791189194 0.984662116 0.170292810 0.037958339 128.637145996
0.018330468 0.113400497 -0.993380249 -58.760101318 -0.175337210 0.978514969 0.108468115 -14.785997391 0.984337807 0.172188237 0.037819963 128.689224243
0.019413028 0.108515680 -0.993905127 -59.703430176 -0.173830315 0.979318678 0.103527829 -14.784431458 0.984584212 0.170761079 0.037874855 128.744873047
0.021239918 0.106971979 -0.994035125 -60.653392792 -0.172522843 0.979736447 0.101746887 -14.789879799 0.984776437 0.169332668 0.039264631 128.805603027
0.024967982 0.112647511 -0.993321240 -61.641944885 -0.174328506 0.978897095 0.106629856 -14.780786514 0.984370887 0.170501873 0.044078764 128.859588623
0.028529769 0.114736393 -0.992986202 -62.602363586 -0.177097961 0.978255570 0.107946068 -14.780004501 0.983779550 0.172776178 0.048228990 128.915390015
0.032795273 0.109661929 -0.993427753 -63.551795959 -0.176458806 0.978983521 0.102242179 -14.781564713 0.983761489 0.171946019 0.051456854 128.975936890
0.035523646 0.104263455 -0.993915021 -64.508796692 -0.176510006 0.979562044 0.096449129 -14.790832520 0.983657539 0.172009721 0.053201158 129.044418335
0.039086159 0.103727549 -0.993837476 -65.476974487 -0.173970908 0.980113626 0.095453188 -14.789112091 0.983974695 0.169167861 0.056354459 129.115463257
0.041547459 0.108368881 -0.993242145 -66.452026367 -0.171385571 0.980139136 0.099770166 -14.804583549 0.984327495 0.166082174 0.059295151 129.201538086
0.044829234 0.115168311 -0.992333889 -67.409530640 -0.170688733 0.979608834 0.105980501 -14.806051254 0.984304547 0.164629206 0.063573055 129.282958984
0.047606245 0.119022533 -0.991749585 -68.376800537 -0.168695956 0.979571104 0.109463155 -14.809169769 0.984517813 0.162093014 0.066712320 129.365478516
0.049401741 0.120998323 -0.991422713 -69.354492188 -0.168234602 0.979459882 0.111155339 -14.811676025 0.984508276 0.161300346 0.068743132 129.450164795
0.051815953 0.118222579 -0.991634190 -70.306427002 -0.166739270 0.980054021 0.108129345 -14.810394287 0.984638512 0.159741521 0.070494801 129.526718140
0.052363206 0.116773009 -0.991777241 -71.251991272 -0.164677933 0.980552912 0.106756888 -14.813462257 0.984956503 0.157733664 0.070574842 129.616470337
0.052912630 0.113225676 -0.992159367 -72.198806763 -0.161475331 0.981445849 0.103391439 -14.819831848 0.985457182 0.154738545 0.070214041 129.705902100
0.052516870 0.112810150 -0.992227674 -73.179100037 -0.160043314 0.981706440 0.103143156 -14.812305450 0.985711992 0.153382644 0.069610655 129.789596558
0.052177634 0.117638081 -0.991684854 -74.132308960 -0.156789199 0.981686950 0.108202606 -14.815051079 0.986252844 0.149839699 0.069666483 129.876800537
0.051358290 0.118998870 -0.991565228 -75.097763062 -0.150690928 0.982431114 0.110097609 -14.814537048 0.987245977 0.143765450 0.068388015 129.978988647
0.050719239 0.114498250 -0.992127836 -76.057441711 -0.147965193 0.983304739 0.105915777 -14.801117897 0.987691164 0.141428426 0.066814214 130.059020996
0.049554560 0.111004226 -0.992583692 -77.011512756 -0.149925187 0.983370900 0.102488965 -14.806705475 0.987454712 0.143734515 0.065372847 130.138046265
0.048418831 0.108238116 -0.992945135 -77.960906982 -0.146408349 0.984142661 0.100139283 -14.808413506 0.988038599 0.140526816 0.063497983 130.219848633
0.047130186 0.109035738 -0.992919922 -78.926040649 -0.146455899 0.984036386 0.101108506 -14.809679031 0.988093913 0.140653700 0.062346742 130.290695190
0.046138562 0.109868482 -0.992874682 -79.879943848 -0.147851154 0.983737051 0.101986744 -14.808315277 0.987932801 0.142092153 0.061632399 130.369186401
0.044896659 0.110283099 -0.992885590 -80.834640503 -0.149429068 0.983447671 0.102477849 -14.811195374 0.987752557 0.143765077 0.060633015 130.441406250
0.043423727 0.111281067 -0.992839754 -81.784515381 -0.149327263 0.983336687 0.103684805 -14.814116478 0.987833858 0.143755645 0.059317429 130.510528564
0.041236013 0.111173682 -0.992945135 -82.739295959 -0.149056315 0.983354092 0.103909634 -14.812954903 0.987968504 0.143719971 0.057120726 130.585357666
0.039291810 0.113930337 -0.992711425 -83.686187744 -0.148865089 0.983059049 0.106930427 -14.809868813 0.988076568 0.143578604 0.055586409 130.657485962
0.037786748 0.118418992 -0.992244482 -84.645431519 -0.150647774 0.982280433 0.111492828 -14.805487633 0.987865031 0.145266458 0.054956730 130.715194702
0.035273351 0.122366041 -0.991858006 -85.603538513 -0.151286304 0.981691658 0.115731649 -14.788493156 0.987860441 0.145972311 0.053139865 130.786941528
0.033322908 0.121882781 -0.991984844 -86.546783447 -0.151266202 0.981717408 0.115539871 -14.782160759 0.987931192 0.146203682 0.051150426 130.851562500
0.032507177 0.117615461 -0.992526948 -87.491340637 -0.151691958 0.982128441 0.111415029 -14.782409668 0.987893224 0.146936536 0.049767543 130.908218384
0.030366596 0.111934945 -0.993251443 -88.453582764 -0.154828176 0.982242644 0.105960749 -14.761601448 0.987474620 0.150565654 0.047158048 130.967681885
0.029001901 0.109724678 -0.993538857 -89.396316528 -0.152738184 0.982771158 0.104077004 -14.758889198 0.987841070 0.148732856 0.045261379 131.034729004
0.028689723 0.110588633 -0.993452072 -90.361930847 -0.148082048 0.983365059 0.105189346 -14.755668640 0.988558829 0.144094586 0.044588666 131.085556030
0.028179334 0.112001754 -0.993308365 -91.310745239 -0.145201147 0.983622134 0.106790327 -14.754589081 0.989000797 0.141220257 0.043980602 131.146392822
0.026970170 0.111834057 -0.993360817 -92.256515503 -0.139706835 0.984391272 0.107031144 -14.758920670 0.989825547 0.135892674 0.042173184 131.213836670
0.025618041 0.109010279 -0.993710458 -93.197700500 -0.135563225 0.985233247 0.104585476 -14.762299538 0.990437388 0.132031322 0.040017527 131.279006958
0.024879165 0.105728053 -0.994083703 -94.142906189 -0.130524457 0.986222923 0.101625323 -14.764978409 0.991132855 0.127223924 0.038336501 131.341049194
0.023005843 0.108365737 -0.993844807 -95.127349854 -0.128646404 0.986163974 0.104550280 -14.766336441 0.991423607 0.125449315 0.036628395 131.401535034
0.021585548 0.110747971 -0.993614078 -96.075614929 -0.128006205 0.985971928 0.107115351 -14.764847755 0.991538405 0.124876633 0.035459172 131.458511353
0.020311045 0.108424492 -0.993897200 -97.033721924 -0.124005668 0.986699283 0.105105124 -14.759045601 0.992073596 0.121114120 0.033486143 131.508743286
0.018442273 0.105572388 -0.994240522 -97.982299805 -0.120968573 0.987340212 0.102595836 -14.762073517 0.992484987 0.118379764 0.030979741 131.555557251
0.014480556 0.102955833 -0.994580507 -98.952575684 -0.119738005 0.987705529 0.100500852 -14.759258270 0.992699921 0.117633775 0.026630247 131.615524292
0.011822816 0.102095775 -0.994704306 -99.907264709 -0.114195570 0.988403201 0.100091748 -14.768882751 0.993387997 0.112407476 0.023344595 131.664413452
0.009731939 0.102102488 -0.994726300 -100.866455078 -0.107337929 0.989132345 0.100478135 -14.763123512 0.994174957 0.105794020 0.020585639 131.705734253
0.007546612 0.109803081 -0.993924856 -101.834732056 -0.097675666 0.989280879 0.108548440 -14.761810303 0.995189607 0.096263088 0.018190809 131.763046265
0.005021714 0.117857046 -0.993017852 -102.791511536 -0.089613907 0.989087820 0.116937444 -14.757622719 0.995963931 0.088400975 0.015528548 131.817535400
0.001611578 0.117604606 -0.993059218 -103.748069763 -0.085276835 0.989459217 0.117039889 -14.752995491 0.996356070 0.084496319 0.011623539 131.868515015
-0.000640107 0.107160822 -0.994241476 -104.702522278 -0.086391784 0.990518570 0.106815182 -14.750692368 0.996261060 0.085962653 0.008623775 131.897201538
-0.002789978 0.097697824 -0.995212197 -105.649368286 -0.088116758 0.991320729 0.097562850 -14.747638702 0.996106207 0.087967053 0.005843051 131.935119629
-0.002966780 0.098859899 -0.995096922 -106.613449097 -0.095053688 0.990567744 0.098693341 -14.746599197 0.995467782 0.094880447 0.006458202 131.951232910
-0.003809408 0.108619116 -0.994076133 -107.574584961 -0.098912567 0.989167452 0.108461797 -14.739253044 0.995088816 0.098739780 0.006975650 131.987518311
-0.005308760 0.119833738 -0.992779791 -108.537887573 -0.102792725 0.987469196 0.119742386 -14.727042198 0.994688690 0.102686249 0.007075800 132.016311646
-0.006709472 0.121749617 -0.992538214 -109.479721069 -0.109992266 0.986448050 0.121746086 -14.718688011 0.993909776 0.109988391 0.006772972 132.047225952
-0.006163743 0.118857190 -0.992892206 -110.469413757 -0.117055163 0.985999227 0.118758701 -14.701741219 0.993106306 0.116955146 0.007835404 132.061630249
-0.006359930 0.114828572 -0.993364990 -111.423950195 -0.125144601 0.985483885 0.114718772 -14.688885689 0.992118180 0.125043854 0.008102567 132.085632324
-0.003947861 0.116789848 -0.993148744 -112.392677307 -0.129730776 0.984703779 0.116312414 -14.669372559 0.991541445 0.129301131 0.011263764 132.107391357
-0.002591611 0.117849477 -0.993028224 -113.372032166 -0.137685716 0.983531654 0.117081806 -14.651764870 0.990472555 0.137029216 0.013677260 132.133300781
-0.002055258 0.120698199 -0.992687047 -114.336044312 -0.146970868 0.981872857 0.119687617 -14.636241913 0.989138663 0.146142110 0.015721118 132.154205322
-0.001877557 0.123172849 -0.992383420 -115.310562134 -0.152635351 0.980721653 0.122014187 -14.617309570 0.988280773 0.151701868 0.016959168 132.181442261
-0.001641219 0.122152902 -0.992509902 -116.280914307 -0.155988306 0.980330527 0.120911844 -14.607191086 0.987757504 0.155018404 0.017445492 132.221908569
-0.000241449 0.112831205 -0.993614197 -117.235603333 -0.154959649 0.981607854 0.111505464 -14.610898972 0.987920821 0.153997034 0.017247275 132.255981445
0.001234821 0.101106875 -0.994874775 -118.186607361 -0.157972753 0.982403100 0.099643320 -14.601357460 0.987442672 0.157040074 0.017185226 132.293075562
