1.000000000 0.000000000 0.000000000 0.000000000 0.000000000 1.000000000 0.000000000 0.000000000 0.000000000 0.000000000 1.000000000 0.000000000
0.999997795 -0.001646629 -0.001324472 0.049063221 0.001643724 0.999996245 -0.002191603 -0.132532939 0.001328076 0.002189421 0.999996722 1.298309922
0.999997735 -0.000053590 -0.002121654 0.105069578 0.000040100 0.999979734 -0.006358204 -0.267885864 0.002121952 0.006358104 0.999977469 2.605144739
0.999996424 0.002361635 -0.001264145 0.148271501 -0.002371500 0.999966264 -0.007859441 -0.406864375 0.001245541 0.007862410 0.999968290 3.908395529
0.999983907 0.005670128 0.000326879 0.192232728 -0.005667862 0.999962449 -0.006559819 -0.546048701 -0.000364061 0.006557862 0.999978364 5.220630646
0.999975622 0.006536983 0.002429483 0.242310926 -0.006529135 0.999973416 -0.003224517 -0.690599024 -0.002450496 0.003208576 0.999991834 6.542669773
0.999959946 0.006811718 0.005807052 0.297851831 -0.006801030 0.999975145 -0.001858370 -0.828160942 -0.005819567 0.001818802 0.999981403 7.845380306
0.999944568 0.005179744 0.009161177 0.354191005 -0.005163413 0.999985039 -0.001805437 -0.961394072 -0.009170394 0.001758034 0.999956429 9.153477669
0.999914527 0.003852580 0.012494087 0.432291687 -0.003831574 0.999991179 -0.001704721 -1.098390222 -0.012500544 0.001656703 0.999920547 10.453591347
0.999872148 0.002731241 0.015751908 0.499033451 -0.002693546 0.999993384 -0.002413765 -1.238182664 -0.015758395 0.002371028 0.999873042 11.764533043
0.999815345 0.001558315 0.019150304 0.575690150 -0.001497268 0.999993742 -0.003201667 -1.374214888 -0.019155173 0.003172403 0.999811471 13.058561325
0.999739230 0.001764065 0.022768499 0.639243841 -0.001692199 0.999993503 -0.003175242 -1.524221659 -0.022773949 0.003135884 0.999735713 14.381425858
0.999657273 0.001670819 0.026130805 0.723557234 -0.001560387 0.999989688 -0.004245953 -1.661795020 -0.026137631 0.004203723 0.999649584 15.678859711
0.999573767 0.002406995 0.029095046 0.810275018 -0.002284562 0.999988317 -0.004240568 -1.799661756 -0.029104916 0.004172292 0.999567568 16.985174179
0.999477625 0.002004715 0.032257996 0.900945425 -0.001884643 0.999991119 -0.003752212 -1.939435005 -0.032265231 0.003689457 0.999472499 18.272325516
0.999407411 0.000455441 0.034418836 0.999785185 -0.000340235 0.999994338 -0.003352965 -2.083125353 -0.034420162 0.003339268 0.999401867 19.572944641
0.999352038 -0.002047872 0.035934035 1.096498013 0.002215765 0.999986887 -0.004633079 -2.222872972 -0.035924070 0.004709698 0.999343395 20.849946976
0.999303699 -0.001631842 0.037275385 1.196643114 0.001873830 0.999977410 -0.006457871 -2.363906860 -0.037264008 0.006523224 0.999284089 22.158828735
0.999260604 -0.001629270 0.038414147 1.283360720 0.001979601 0.999956787 -0.009083576 -2.505602837 -0.038397692 0.009152904 0.999220610 23.441736221
0.999220908 -0.000982800 0.039454386 1.384097099 0.001399623 0.999943495 -0.010538442 -2.650146961 -0.039441805 0.010585455 0.999165773 24.734483719
0.999174714 -0.000382765 0.040617652 1.484768271 0.000833267 0.999938309 -0.011074927 -2.797311068 -0.040610906 0.011099632 0.999113381 26.002510071
0.999160409 -0.002013562 0.040919807 1.586354494 0.002429916 0.999945700 -0.010127677 -2.942893744 -0.040897194 0.010218606 0.999111116 27.298954010
0.999155879 -0.004919979 0.040784068 1.690610647 0.005287340 0.999946296 -0.008904490 -3.090480566 -0.040738072 0.009112612 0.999128282 28.577432632
0.999183118 -0.006520958 0.039882131 1.787735224 0.006902033 0.999931753 -0.009424856 -3.235918045 -0.039817952 0.009692425 0.999159932 29.873641968
0.999202788 -0.008096608 0.039092451 1.893046141 0.008566411 0.999892890 -0.011865204 -3.382743835 -0.038992200 0.012190628 0.999165118 31.142105103
0.999228895 -0.008147268 0.038407858 2.000388145 0.008615223 0.999890447 -0.012034103 -3.531752110 -0.038305599 0.012355718 0.999189615 32.427845001
0.999250948 -0.009028872 0.037631504 2.102929115 0.009507053 0.999876082 -0.012547417 -3.672687531 -0.037513547 0.012895782 0.999212921 33.697525024
0.999254227 -0.009228966 0.037493572 2.188763618 0.009700852 0.999875784 -0.012423389 -3.821307421 -0.037374258 0.012777844 0.999219656 34.965381622
0.999263823 -0.009557410 0.037157036 2.281189203 0.010054317 0.999862194 -0.013209351 -3.962766171 -0.037025675 0.013573214 0.999222100 36.227863312
0.999307990 -0.010336231 0.035730407 2.396186352 0.010807746 0.999856710 -0.013028597 -4.123980522 -0.035590634 0.013405746 0.999276459 37.510871887
0.999305844 -0.009966702 0.035896067 2.487171888 0.010377543 0.999882519 -0.011277231 -4.268634319 -0.035779458 0.011641916 0.999291897 38.768600464
0.999263525 -0.009860859 0.037083063 2.581889391 0.010249325 0.999894381 -0.010300055 -4.406071663 -0.036977589 0.010672545 0.999259114 40.040294647
0.999188483 -0.011611799 0.038565777 2.695444107 0.011954578 0.999890983 -0.008669457 -4.547433376 -0.038460899 0.009123462 0.999218464 41.289260864
0.999068201 -0.012880627 0.041190710 2.786181688 0.013301700 0.999861896 -0.009964867 -4.691425800 -0.041056663 0.010503489 0.999101639 42.560688019
0.998943031 -0.014174709 0.043726344 2.880099297 0.014767914 0.999802768 -0.013273187 -4.838470459 -0.043529578 0.013904904 0.998955429 43.812366486
0.998852432 -0.015171760 0.045426860 2.994004250 0.015831208 0.999773979 -0.014192289 -4.986535072 -0.045201275 0.014895163 0.998866796 45.074161530
0.998733878 -0.015295242 0.047922228 3.124390602 0.015937395 0.999787867 -0.013046547 -5.118734360 -0.047712516 0.013793785 0.998765826 46.312805176
0.998523414 -0.016786652 0.051662885 3.225898027 0.017299870 0.999805152 -0.009502922 -5.276761055 -0.051493295 0.010382651 0.998619378 47.576854706
0.998241663 -0.019650050 0.055921935 3.330916405 0.020098643 0.999770045 -0.007470679 -5.416225910 -0.055762276 0.008581500 0.998407125 48.792369843
0.998012304 -0.021639019 0.059189633 3.472334862 0.022151629 0.999722481 -0.008018012 -5.552140236 -0.058999714 0.009313222 0.998214543 50.059612274
0.997733831 -0.024883106 0.062513597 3.612364292 0.025669293 0.999600828 -0.011804680 -5.687678337 -0.062194910 0.013382609 0.997974277 51.290477753
0.997448385 -0.025979202 0.066496834 3.745388508 0.026844729 0.999565661 -0.012155674 -5.815738201 -0.066152163 0.013909747 0.997712553 52.526863098
0.997101843 -0.028543208 0.070520669 3.875576973 0.029282659 0.999526322 -0.009473947 -5.956865788 -0.070216849 0.011511521 0.997465312 53.747249603
0.996832490 -0.031233439 0.073139444 4.038648129 0.031751357 0.999478221 -0.005929033 -6.092373371 -0.072916090 0.008232529 0.997304142 54.938934326
0.996550918 -0.033462074 0.075937815 4.167092323 0.033934772 0.999411821 -0.004942735 -6.216082096 -0.075727753 0.007502620 0.997100294 56.194652557
0.996366620 -0.036330536 0.077029891 4.320716858 0.036562704 0.999330103 -0.001605351 -6.339667320 -0.076919951 0.004415940 0.997027457 57.396327972
0.996200323 -0.039250940 0.077744953 4.464750290 0.039398804 0.999223471 -0.000368364 -6.467965603 -0.077670112 0.003430022 0.996973336 58.627021790
0.996155441 -0.041119874 0.077352911 4.612451077 0.041536730 0.999129713 -0.003787283 -6.591175079 -0.077129863 0.006985710 0.996996582 59.820533752
0.996158063 -0.042589869 0.076521248 4.763588428 0.043314919 0.999030709 -0.007839702 -6.725539207 -0.076113194 0.011124094 0.997037053 61.028343201
0.996181846 -0.043777183 0.075535521 4.901759624 0.044788316 0.998927414 -0.011743777 -6.856679440 -0.074940398 0.015082045 0.997073889 62.208263397
0.996187210 -0.046418723 0.073866874 5.045423985 0.047585282 0.998767495 -0.014111144 -6.994442940 -0.073120818 0.017572323 0.997168243 63.429832458
0.996327221 -0.046447590 0.071935147 5.183043957 0.047583181 0.998766959 -0.014152963 -7.127284527 -0.071189083 0.017523885 0.997308910 64.606231689
0.996560335 -0.045787886 0.069071785 5.315668106 0.046822868 0.998812795 -0.013439556 -7.275163651 -0.068374410 0.016627472 0.997521162 65.823608398
0.996796846 -0.044959877 0.066141166 5.437008381 0.045825154 0.998881876 -0.011623100 -7.404767990 -0.065544628 0.014616800 0.997742593 66.998703003
0.997231185 -0.041013066 0.062031735 5.563607216 0.041558165 0.999107778 -0.007522443 -7.544856548 -0.061667878 0.010079540 0.998045802 68.186256409
0.997520149 -0.038944900 0.058624625 5.683513165 0.039333351 0.999211133 -0.005486344 -7.669490337 -0.058364704 0.007778642 0.998264968 69.369682312
0.997711837 -0.038054053 0.055884231 5.789432049 0.038579464 0.999220610 -0.008352824 -7.806771755 -0.055522814 0.010489695 0.998402297 70.530197144
0.997893274 -0.038406752 0.052286655 5.902280807 0.039255910 0.999111891 -0.015311011 -7.945577621 -0.051652167 0.017331315 0.998514652 71.720153809
0.997908592 -0.042302586 0.048876651 6.011039734 0.043243267 0.998896062 -0.018351074 -8.080668449 -0.048046388 0.020426277 0.998636186 72.891830444
0.997941852 -0.046069913 0.044605557 6.121710777 0.046711173 0.998817980 -0.013441777 -8.218537331 -0.043933578 0.015497688 0.998914242 74.064346313
0.997927904 -0.049837496 0.040694863 6.222386360 0.050211683 0.998704672 -0.008224778 -8.348273277 -0.040232256 0.010251095 0.999137759 75.225959778
0.998000145 -0.052033670 0.035891671 6.321668625 0.052266352 0.998617649 -0.005574693 -8.474597931 -0.035551962 0.007439469 0.999340236 76.406982422
0.998175561 -0.051334348 0.031783901 6.411967278 0.051460724 0.998669982 -0.003170494 -8.599405289 -0.031578872 0.004800333 0.999489725 77.565917969
0.998295903 -0.051213671 0.027973829 6.506637573 0.051321555 0.998677194 -0.003151957 -8.715292931 -0.027775403 0.004582246 0.999603629 78.722488403
0.998449683 -0.049653381 0.025155066 6.572427750 0.049792446 0.998747408 -0.004931727 -8.847666740 -0.024878679 0.006176613 0.999671400 79.894401550
0.998643875 -0.047250196 0.021859307 6.651660919 0.047482979 0.998819351 -0.010255525 -8.973497391 -0.021348920 0.011279562 0.999708474 81.041168213
0.998555303 -0.050488837 0.018385071 6.730222225 0.050771508 0.998593926 -0.015247412 -9.111520767 -0.017589392 0.016158823 0.999714673 82.217864990
0.998394907 -0.054413281 0.015707629 6.786045074 0.054663897 0.998376667 -0.015992830 -9.240379333 -0.014811910 0.016825799 0.999748647 83.326835632
0.998421133 -0.054904185 0.011863704 6.855875492 0.055052683 0.998404264 -0.012574837 -9.368799210 -0.011154361 0.013208110 0.999850512 84.465660095
0.998427272 -0.055300862 0.009223922 6.924095154 0.055392947 0.998414159 -0.010046249 -9.499487877 -0.008653730 0.010541386 0.999906957 85.601371765
0.998581171 -0.052580748 0.008418040 6.965470791 0.052675601 0.998545766 -0.011471986 -9.629410744 -0.007802595 0.011899132 0.999898672 86.740043640
0.998772323 -0.048866116 0.008126414 7.018521309 0.048982080 0.998690844 -0.014741613 -9.756079674 -0.007395411 0.015121562 0.999858320 87.860023499
0.998862207 -0.047168106 0.007023173 7.078803062 0.047282081 0.998735905 -0.017058598 -9.886787415 -0.006209673 0.017371261 0.999829769 88.966697693
0.998760402 -0.049361158 0.006435298 7.124285221 0.049470607 0.998610973 -0.018131619 -10.020766258 -0.005531362 0.018427499 0.999815047 90.115020752
0.998717427 -0.050372671 0.005123471 7.178230762 0.050446279 0.998607516 -0.015427892 -10.151760101 -0.004339193 0.015666561 0.999867797 91.229263306
0.998666763 -0.051428121 0.004451986 7.228967190 0.051481817 0.998590171 -0.012931081 -10.280614853 -0.003780688 0.013143042 0.999906480 92.344436646
0.998686552 -0.051106233 0.003624694 7.295130730 0.051147494 0.998614252 -0.012392061 -10.401262283 -0.002986359 0.012561181 0.999916613 93.475189209
0.998657763 -0.051668663 0.003619651 7.343636990 0.051716093 0.998556137 -0.014536518 -10.528974533 -0.002863342 0.014704201 0.999887764 94.583633423
0.998650253 -0.051837608 0.003263002 7.402904987 0.051889751 0.998477697 -0.018698655 -10.655056953 -0.002288742 0.018842731 0.999819875 95.690040588
0.998630941 -0.052204896 0.003335929 7.448807716 0.052260023 0.998444974 -0.019409589 -10.794341087 -0.002317466 0.019557348 0.999806046 96.787277222
0.998587906 -0.053042203 0.002973683 7.510065556 0.053086363 0.998435915 -0.017535958 -10.928196907 -0.002038886 0.017669056 0.999841869 97.872940063
0.998641610 -0.051948667 0.004017515 7.553120136 0.051995691 0.998567164 -0.012651507 -11.047712326 -0.003354530 0.012843215 0.999911845 98.951126099
0.998718321 -0.050339356 0.005246677 7.607136726 0.050385043 0.998689532 -0.008972597 -11.170118332 -0.004788127 0.009225454 0.999945998 100.020622253
0.998817742 -0.048066430 0.007251318 7.654263496 0.048132230 0.998798728 -0.009189598 -11.289277077 -0.006800895 0.009527756 0.999931455 101.089698792
0.998889923 -0.046181131 0.009296468 7.708822727 0.046282914 0.998867333 -0.011047682 -11.410151482 -0.008775745 0.011465684 0.999895751 102.127929688
0.998841643 -0.046500985 0.012376393 7.757729530 0.046662576 0.998824716 -0.013104113 -11.535686493 -0.011752494 0.013666445 0.999837518 103.149246216
0.998739719 -0.048148707 0.014163942 7.804144859 0.048348982 0.998730302 -0.014155556 -11.649883270 -0.013464386 0.014822530 0.999799490 104.157463074
0.998619497 -0.049982727 0.016143147 7.868509293 0.050198372 0.998651445 -0.013241340 -11.764326096 -0.015459541 0.014033421 0.999782026 105.139923096
0.998584867 -0.050146405 0.017711649 7.927069664 0.050363801 0.998658240 -0.012049016 -11.882182121 -0.017083673 0.012923991 0.999770522 106.121131897
0.998528540 -0.050966837 0.018521087 8.007143021 0.051165704 0.998635769 -0.010426716 -11.992646217 -0.017964402 0.011359018 0.999774098 107.061645508
0.998453736 -0.051555213 0.020789865 8.063296318 0.051787101 0.998600066 -0.010773397 -12.100363731 -0.020205338 0.011833386 0.999725759 107.977684021
0.998444140 -0.051205449 0.022073822 8.128808022 0.051414803 0.998636603 -0.009023051 -12.199438095 -0.021581696 0.010143935 0.999715567 108.881958008
0.998436689 -0.050409079 0.024144882 8.187754631 0.050588124 0.998696029 -0.006862514 -12.297282219 -0.023767468 0.008073232 0.999684870 109.750762939
0.998413205 -0.050381664 0.025154529 8.253271103 0.050493509 0.998717010 -0.003830904 -12.398129463 -0.024929250 0.005094965 0.999676228 110.608909607
0.998354375 -0.050569873 0.027042767 8.313078880 0.050686728 0.998707950 -0.003652554 -12.490823746 -0.026823115 0.005017253 0.999627590 111.433670044
0.998381436 -0.049569800 0.027881332 8.370193481 0.049672212 0.998761058 -0.002992080 -12.579910278 -0.027698472 0.004372165 0.999606788 112.245834351
0.998481631 -0.047319055 0.028203694 8.425134659 0.047408361 0.998872519 -0.002505930 -12.661109924 -0.028053315 0.003839216 0.999599159 113.023651123
0.998609543 -0.044707499 0.027934361 8.465764999 0.044716474 0.998999596 0.000303914 -12.738119125 -0.027920004 0.000945634 0.999609709 113.778427124
0.998697579 -0.044585120 0.024802409 8.519842148 0.044561099 0.999005437 0.001520830 -12.824145317 -0.024845541 -0.000413626 0.999691308 114.526916504
0.998826921 -0.044780269 0.018426428 8.557311058 0.044758301 0.998996615 0.001603067 -12.898302078 -0.018479727 -0.000776451 0.999828875 115.225357056
0.999040127 -0.043145508 0.007567635 8.592818260 0.043141726 0.999068797 0.000662301 -12.974986076 -0.007589163 -0.000335184 0.999971092 115.897224426
0.999164164 -0.040404100 -0.006197918 8.590285301 0.040389776 0.999181032 -0.002419179 -13.042127609 0.006290585 0.002166824 0.999977827 116.541580200
0.998904824 -0.039309252 -0.025375707 8.598181725 0.039200012 0.999219835 -0.004788423 -13.111680031 0.025544139 0.003788450 0.999666512 117.156753540
0.998160660 -0.037599839 -0.047556676 8.563697815 0.037311215 0.999279618 -0.006942532 -13.182803154 0.047783460 0.005155365 0.998844385 117.744079590
0.996504009 -0.035973754 -0.075402491 8.526135445 0.035384055 0.999332011 -0.009142633 -13.246922493 0.075681016 0.006442625 0.997111320 118.315246582
0.993602216 -0.033800937 -0.107759841 8.456536293 0.032774359 0.999399126 -0.011283826 -13.312453270 0.108076505 0.007679875 0.994112909 118.863471985
0.989345789 -0.028960582 -0.142675281 8.346387863 0.027462820 0.999545157 -0.012456162 -13.383358955 0.142971143 0.008405185 0.989691198 119.409934998
0.983120143 -0.023352332 -0.181464508 8.240053177 0.021522013 0.999695778 -0.012049192 -13.437203407 0.181690663 0.007940320 0.983323693 119.917518616
0.974653363 -0.017914781 -0.223001987 8.101375580 0.016086575 0.999820471 -0.010012171 -13.495321274 0.223141328 0.006171059 0.974766612 120.419021606
0.963412702 -0.013250960 -0.267694294 7.929222107 0.011412879 0.999899387 -0.008421231 -13.553775787 0.267778993 0.005057958 0.963467121 120.911941528
0.949277818 -0.007128537 -0.314357877 7.740863800 0.004591451 0.999950647 -0.008810423 -13.611246109 0.314405143 0.006920180 0.949263692 121.372779846
0.931911349 0.000638086 -0.362685680 7.516750336 -0.004431631 0.999943733 -0.009627734 -13.667289734 0.362659156 0.010579484 0.931861818 121.838279724
0.910951197 0.005343959 -0.412479460 7.260391235 -0.010547747 0.999890924 -0.010340167 -13.723179817 0.412379205 0.013770117 0.910908222 122.282028198
0.885950506 0.009642779 -0.463679492 6.992973328 -0.015624765 0.999836862 -0.009061351 -13.776615143 0.463516474 0.015272794 0.885956585 122.694847107
0.857132435 0.012832437 -0.514936268 6.706302643 -0.020272823 0.999755502 -0.008830598 -13.821016312 0.514697075 0.018008208 0.857182920 123.095474243
0.825615942 0.022739088 -0.563774109 6.382308960 -0.031299382 0.999494851 -0.005522907 -13.871055603 0.563363731 0.022205584 0.825910509 123.463508606
0.791525006 0.035518594 -0.610103726 6.039005280 -0.043687228 0.999044180 0.001483535 -13.918439865 0.609573245 0.025479482 0.792320132 123.821212769
0.755678177 0.044144973 -0.653453767 5.681602478 -0.055009604 0.998478472 0.003838460 -13.956007957 0.652628899 0.033045586 0.756956697 124.138763428
0.716104150 0.047975343 -0.696342826 5.310848236 -0.062151220 0.998054981 0.004847172 -14.002158165 0.695220947 0.039807469 0.717692912 124.435043335
0.673565745 0.049803544 -0.737447500 4.936431885 -0.065115392 0.997846425 0.007914862 -14.047773361 0.736253500 0.042688005 0.675357997 124.719497681
0.629918635 0.053294670 -0.774830461 4.528396606 -0.068420626 0.997572005 0.012991027 -14.083144188 0.773641467 0.044831097 0.632035613 124.988433838
0.585015595 0.062045053 -0.808645308 4.102050781 -0.079677321 0.996642888 0.018826902 -14.115936279 0.807098687 0.053416658 0.587995172 125.218605042
0.539396167 0.070919946 -0.839060247 3.659183502 -0.091237485 0.995502830 0.025490262 -14.140974998 0.837094605 0.062804393 0.543440938 125.430557251
0.492010921 0.075713083 -0.867290556 3.205608368 -0.096707374 0.994798839 0.031982612 -14.167398453 0.865200996 0.068137594 0.496773839 125.639274597
0.445478171 0.076782256 -0.891994238 2.729583740 -0.095832773 0.994680882 0.037760835 -14.190837860 0.890148997 0.068660647 0.450466931 125.819953918
0.398686051 0.078575343 -0.913715124 2.257061005 -0.093635716 0.994603753 0.044674829 -14.212814331 0.912294686 0.067745142 0.403892100 125.986808777
0.352745175 0.081405371 -0.932171702 1.764022827 -0.095176123 0.994163275 0.050803211 -14.235902786 0.930866420 0.070799902 0.358434141 126.136726379
0.308709681 0.084514089 -0.947394133 1.259437561 -0.100655362 0.993354499 0.055815384 -14.255577087 0.945815325 0.078129552 0.315165043 126.256599426
0.267472714 0.086263739 -0.959696233 0.734178543 -0.105387866 0.992628336 0.059851717 -14.272399902 0.957784832 0.085131638 0.274592072 126.360549927
0.228319824 0.082776688 -0.970060825 0.207778931 -0.105950102 0.992574036 0.059760652 -14.288662910 0.967804074 0.089133509 0.235394508 126.457305908
0.193858624 0.077866532 -0.977934361 -0.330423355 -0.100802146 0.993149817 0.059095751 -14.308423042 0.975836992 0.087121651 0.200379729 126.546279907
0.163258821 0.072721571 -0.983899474 -0.884992599 -0.098199524 0.993525028 0.057138711 -14.326424599 0.981684089 0.087290056 0.169342890 126.627593994
0.136381119 0.071019873 -0.988107443 -1.446504593 -0.098850846 0.993424594 0.057758398 -14.349242210 0.985712230 0.089798115 0.142504722 126.705024719
0.114284672 0.070251346 -0.990960956 -2.028313637 -0.099998549 0.993243814 0.058880631 -14.365300179 0.988402486 0.092365518 0.120537572 126.770812988
0.096265048 0.071605921 -0.992776692 -2.634358406 -0.102459177 0.992823541 0.061674278 -14.379224777 0.990068257 0.095782027 0.102910891 126.818069458
0.079659507 0.069951944 -0.994364619 -3.236938477 -0.103205308 0.992752671 0.061570652 -14.404533386 0.991465092 0.097719043 0.086301588 126.875221252
0.066172004 0.068902224 -0.995426297 -3.855565071 -0.102519728 0.992802739 0.061905511 -14.431036949 0.992527544 0.097954445 0.072759576 126.921577454
0.053602938 0.066407911 -0.996351719 -4.504050255 -0.097159058 0.993398666 0.060984004 -14.455975533 0.993824363 0.093535684 0.059701230 126.975540161
0.041351311 0.063836373 -0.997103274 -5.150948524 -0.094873592 0.993698478 0.059683837 -14.474945068 0.994630158 0.092130773 0.047147121 127.020759583
0.030664105 0.063481987 -0.997511804 -5.810153008 -0.094274044 0.993715823 0.060342364 -14.496150970 0.995073974 0.092189148 0.036456116 127.054847717
0.021883816 0.064970367 -0.997647345 -6.481175900 -0.097755551 0.993243515 0.062539279 -14.519229889 0.994969845 0.096156955 0.028087184 127.065292358
0.013394432 0.064189725 -0.997847795 -7.186093807 -0.100778103 0.992942452 0.062521406 -14.542661667 0.994818747 0.099723779 0.019768819 127.084655762
0.006856136 0.063689284 -0.997946203 -7.872817993 -0.103396401 0.992665708 0.062641904 -14.564977646 0.994616568 0.102754563 0.013391090 127.105049133
0.001431989 0.065099075 -0.997877717 -8.568136215 -0.104105383 0.992466331 0.064596638 -14.587405205 0.994565189 0.103791945 0.008198361 127.122291565
-0.002050013 0.066972569 -0.997752726 -9.290837288 -0.105485909 0.992173553 0.066814825 -14.605000496 0.994418681 0.105385803 0.005030693 127.146858215
-0.002948106 0.070594504 -0.997500718 -10.008869171 -0.107852541 0.991663933 0.070500180 -14.627200127 0.994162500 0.107790835 0.004690265 127.161407471
-0.003867750 0.074160904 -0.997238815 -10.741188049 -0.110731989 0.991081536 0.074132495 -14.643693924 0.993842781 0.110712945 0.004378728 127.173660278
-0.005433934 0.079810977 -0.996795118 -11.470674515 -0.115472876 0.990091622 0.079903722 -14.656671524 0.993295789 0.115536988 0.003835910 127.191291809
-0.006851929 0.083339781 -0.996497571 -12.209240913 -0.118404053 0.989443123 0.083563931 -14.670326233 0.992941916 0.118561953 0.003088173 127.211288452
-0.008218175 0.084089458 -0.996424377 -12.954388618 -0.117795549 0.989438593 0.084471472 -14.688783646 0.993003905 0.118068568 0.001773987 127.227500916
-0.009194911 0.080660276 -0.996699214 -13.720880508 -0.116178639 0.989905059 0.081182227 -14.706800461 0.993185759 0.116541624 0.000268913 127.244316101
-0.011090923 0.077389151 -0.996939242 -14.470877647 -0.119808666 0.989715576 0.078161262 -14.713912010 0.992735028 0.120308846 -0.001704967 127.261192322
-0.012008046 0.079170801 -0.996788800 -15.246495247 -0.124677882 0.988962770 0.080051176 -14.724580765 0.992124677 0.125238761 -0.002004661 127.260147095
-0.013511468 0.082312666 -0.996514976 -16.023752213 -0.121935852 0.989032209 0.083347909 -14.740904808 0.992446005 0.122637041 -0.003326411 127.276718140
-0.015551594 0.082352221 -0.996481955 -16.797416687 -0.120694749 0.989160597 0.083630793 -14.757077217 0.992567778 0.121570721 -0.005443543 127.293663025
-0.015803648 0.081724055 -0.996529639 -17.587053299 -0.124191836 0.988775909 0.083057702 -14.767952919 0.992132366 0.125073463 -0.005476806 127.290359497
-0.017432483 0.081426390 -0.996527016 -18.379888535 -0.127857313 0.988314092 0.082991965 -14.782126427 0.991639316 0.128860071 -0.006817809 127.308692932
-0.018974725 0.085590936 -0.996149659 -19.176202774 -0.129692852 0.987700522 0.087335363 -14.787973404 0.991372526 0.130850658 -0.007640814 127.321731567
-0.019734889 0.090495914 -0.995701313 -19.979608536 -0.128933519 0.987349093 0.092292294 -14.802350044 0.991456866 0.130200639 -0.007817270 127.338508606
-0.018139914 0.092739932 -0.995525241 -20.803550720 -0.130084544 0.987006724 0.094316743 -14.805807114 0.991336942 0.131213322 -0.005840189 127.345794678
-0.016275832 0.091551133 -0.995667338 -21.622356415 -0.129494831 0.987219453 0.092891142 -14.813419342 0.991446495 0.130445674 -0.004212426 127.358955383
-0.015188308 0.091789238 -0.995662630 -22.453453064 -0.129411116 0.987221539 0.092985176 -14.820140839 0.991474748 0.130262092 -0.003115681 127.373092651
-0.015197215 0.090623215 -0.995769262 -23.282392502 -0.127422452 0.987588882 0.091823429 -14.824590683 0.991732061 0.128278822 -0.003461169 127.397621155
-0.014290086 0.092555657 -0.995604932 -24.119621277 -0.128446609 0.987287045 0.093626007 -14.831494331 0.991613448 0.129220009 -0.002219956 127.417999268
-0.013801913 0.094737537 -0.995406687 -24.956132889 -0.130042583 0.986876249 0.095728792 -14.833978653 0.991412401 0.130766481 -0.001300867 127.436546326
-0.013637621 0.097057566 -0.995185316 -25.828845978 -0.132878348 0.986274540 0.098009452 -14.833902359 0.991038442 0.133575216 -0.000553589 127.451683044
-0.011955855 0.098168060 -0.995097995 -26.693025589 -0.135116026 0.985883355 0.098882399 -14.831772804 0.990757644 0.135635942 0.001476999 127.465164185
-0.009864900 0.101291619 -0.994807899 -27.567270279 -0.141888469 0.984648168 0.101664178 -14.831148148 0.989833415 0.142154664 0.004658657 127.477043152
-0.007983027 0.105206296 -0.994418383 -28.448789597 -0.146577641 0.983585298 0.105236888 -14.827764511 0.989166975 0.146599621 0.007568900 127.499481201
-0.005735690 0.106885284 -0.994254768 -29.323780060 -0.149011552 0.983078897 0.106543452 -14.821573257 0.988818824 0.148766562 0.010288508 127.530830383
-0.001963712 0.107788548 -0.994171917 -30.220737457 -0.147728682 0.983234346 0.106894493 -14.823165894 0.989025950 0.147077605 0.013992672 127.556785583
0.000832769 0.107790366 -0.994173288 -31.114480972 -0.150474161 0.982867360 0.106438510 -14.817700386 0.988613486 0.149508759 0.017038167 127.586196899
0.003162682 0.111572459 -0.993751287 -32.014118195 -0.150867999 0.982434690 0.109821759 -14.811004639 0.988548815 0.149577945 0.019939842 127.621238708
0.005286552 0.113587663 -0.993513942 -32.922348022 -0.150068060 0.982366562 0.111514658 -14.807165146 0.988661528 0.148505166 0.022239210 127.666473389
0.007090528 0.114879698 -0.993354142 -33.815494537 -0.150681913 0.982159138 0.112509474 -14.804310799 0.988556862 0.148882702 0.024274318 127.709266663
0.009419567 0.112952463 -0.993555784 -34.716800690 -0.151855141 0.982237339 0.110226043 -14.797929764 0.988357902 0.149838254 0.026404660 127.745140076
0.009689285 0.114492141 -0.993376911 -35.625873566 -0.156422719 0.981367052 0.111582227 -14.792106628 0.987642646 0.154305562 0.027417917 127.787109375
0.010626510 0.115229785 -0.993281960 -36.519771576 -0.157086536 0.981196582 0.112147182 -14.788312912 0.987527609 0.154839501 0.028527742 127.827842712
0.010987228 0.111744784 -0.993676245 -37.414695740 -0.157605663 0.981508493 0.108633801 -14.785080910 0.987441063 0.155415431 0.028395671 127.864677429
0.011889188 0.107579678 -0.994125307 -38.324493408 -0.158862501 0.981771469 0.104342885 -14.787162781 0.987229109 0.156688690 0.028762838 127.910102844
0.012333053 0.106790565 -0.994204998 -39.221637726 -0.158460200 0.981925070 0.103505850 -14.781671524 0.987288237 0.156265408 0.029032193 127.953834534
0.011974711 0.111006878 -0.993747473 -40.121940613 -0.160720408 0.981110871 0.107658610 -14.780195236 0.986927271 0.158426315 0.029589593 128.000518799
0.012809497 0.117173478 -0.993028820 -41.053668976 -0.161597788 0.980297983 0.113586761 -14.766635895 0.986773491 0.159016252 0.031492095 128.031906128
0.013033537 0.115699068 -0.993198812 -41.947742462 -0.159348920 0.980829477 0.112167053 -14.765883446 0.987136245 0.156803250 0.031220196 128.079071045
0.013905568 0.105393313 -0.994333327 -42.838245392 -0.158795252 0.982042134 0.101869792 -14.772275925 0.987213552 0.156478882 0.030391809 128.125030518
0.014197235 0.095079295 -0.995368600 -43.762233734 -0.160527796 0.982773006 0.091586486 -14.777445793 0.986929238 0.158483997 0.029215533 128.166213989
0.013082061 0.091990806 -0.995673895 -44.663482666 -0.157418862 0.983531296 0.088800639 -14.785658836 0.987445354 0.155576155 0.027347703 128.214706421
0.013019742 0.102104858 -0.994688511 -45.586349487 -0.150031924 0.983710587 0.099014193 -14.789392471 0.988595486 0.147945866 0.028126651 128.265975952
0.012879428 0.115260169 -0.993251860 -46.527446747 -0.145034909 0.983044863 0.112195060 -14.785978317 0.989342690 0.142611176 0.029377803 128.327468872
0.013113804 0.124279596 -0.992160678 -47.448486328 -0.145167664 0.981970012 0.121084355 -14.777025223 0.989320219 0.142441750 0.030918738 128.375747681
0.012752742 0.118622221 -0.992857575 -48.366245270 -0.145611644 0.982574105 0.115523279 -14.774765015 0.989259660 0.143098325 0.029803287 128.418930054
0.013260079 0.105094768 -0.994373798 -49.288169861 -0.145425722 0.984090030 0.102068633 -14.773034096 0.989280283 0.143254101 0.028332595 128.455184937
0.013706783 0.096217424 -0.995265961 -50.202407837 -0.146032795 0.984879613 0.093202159 -14.773247719 0.989184737 0.144063964 0.027550429 128.501373291
0.014168637 0.096425913 -0.995239377 -51.125587463 -0.145388678 0.984959900 0.093360171 -14.784357071 0.989273131 0.143373713 0.027974777 128.549758911
0.013628804 0.097820535 -0.995110750 -52.077491760 -0.148123026 0.984420478 0.094741024 -14.797266006 0.988874972 0.146107659 0.027905952 128.593673706
0.014133648 0.097399227 -0.995145082 -53.004905701 -0.152694762 0.983781457 0.094118364 -14.800161362 0.988172352 0.150623202 0.028776774 128.630126953
0.014678011 0.096948296 -0.995181143 -53.943634033 -0.154446229 0.983563304 0.093538567 -14.804241180 0.987892210 0.152329013 0.029410053 128.672775269
0.015482550 0.104534388 -0.994400740 -54.914443970 -0.163423687 0.981411040 0.100624412 -14.807586670 0.986434400 0.160950676 0.032278147 128.714660645
0.016892746 0.113807961 -0.993359089 -55.854423523 -0.168828607 0.979560137 0.109355994 -14.798965454 0.985500634 0.165860072 0.035761502 128.756408691
0.018350450 0.122082107 -0.992350340 -56.810581207 -0.169355333 0.978555381 0.117253274 -14.791856766 0.985384166 0.165908173 0.038632184 128.799530029
0.019421376 0.122586071 -0.992267728 -57.769443512 -0.171200454 0.978204787 0.117497839 -14.781108856 0.985044718 0.167594731 0.039984874 128.850723267
0.020777537 0.113307230 -0.993342698 -58.710762024 -0.172787517 0.979013622 0.108058602 -14.784278870 0.984739959 0.169392064 0.039919566 128.900238037
0.021971751 0.108172901 -0.993889213 -59.647655487 -0.171126291 0.979864776 0.102863424 -14.777429581 0.985004187 0.167820498 0.040040564 128.958190918
0.023879785 0.106671885 -0.994007468 -60.620384216 -0.169629768 0.980305672 0.101126336 -14.777158737 0.985218525 0.166198358 0.041504208 129.016616821
0.026780793 0.112420559 -0.993299723 -61.584167480 -0.171136007 0.979502201 0.106244884 -14.775537491 0.984883428 0.167144045 0.045471046 129.080612183
0.030704612 0.114832103 -0.992910385 -62.554702759 -0.173852175 0.978850424 0.107829884 -14.777462006 0.984292924 0.169308752 0.050019037 129.136978149
0.034676369 0.109659031 -0.993364155 -63.510456085 -0.172888577 0.979634285 0.102108181 -14.776427269 0.984330773 0.168200538 0.052928958 129.199752808
0.037634842 0.104132175 -0.993851185 -64.463272095 -0.172831014 0.980246067 0.096161969 -14.784303665 0.984232187 0.168149263 0.054888677 129.271865845
0.041943818 0.103618540 -0.993732274 -65.428466797 -0.170748919 0.980718851 0.095054567 -14.778181076 0.984421372 0.165691748 0.058827847 129.332290649
0.043566033 0.108157992 -0.993178666 -66.378479004 -0.167827889 0.980787456 0.099446781 -14.796197891 0.984853208 0.162350550 0.060880948 129.430465698
0.047283817 0.114728883 -0.992270887 -67.336341858 -0.167186961 0.980277777 0.105375402 -14.795576096 0.984790742 0.160912216 0.065532453 129.509201050
0.049696714 0.118848130 -0.991668046 -68.301475525 -0.164916024 0.980242193 0.109214172 -14.802260399 0.985054791 0.158114329 0.068314776 129.596389771
0.051906012 0.120255917 -0.991385043 -69.286849976 -0.164604351 0.980175555 0.110277995 -14.798316956 0.984992981 0.157462180 0.070671648 129.678176880
0.053957183 0.117912032 -0.991557002 -70.222389221 -0.163503364 0.980644524 0.107717030 -14.802549362 0.985066056 0.156310782 0.072191820 129.754318237
0.054587957 0.116628461 -0.991674304 -71.167419434 -0.161505178 0.981108904 0.106495641 -14.806490898 0.985360980 0.154347181 0.072392821 129.845108032
0.055392001 0.113123566 -0.992035687 -72.111816406 -0.158591360 0.981944799 0.103117652 -14.815394402 0.985789239 0.151616395 0.072332300 129.933959961
0.054817714 0.112597398 -0.992127419 -73.106307983 -0.157016665 0.982231259 0.102798693 -14.807050705 0.986073434 0.150145352 0.071523339 130.024032593
0.054660086 0.117309898 -0.991589963 -74.059356689 -0.153651610 0.982234597 0.107733265 -14.808340073 0.986612141 0.146470681 0.071713880 130.111465454
0.054077912 0.119206779 -0.991395593 -75.020072937 -0.147650346 0.982888997 0.110130012 -14.814220428 0.987560093 0.140424296 0.070753507 130.212112427
0.053234249 0.114444405 -0.992002308 -75.977462769 -0.144796267 0.983796656 0.105727471 -14.800165176 0.988028407 0.138009906 0.068942800 130.298583984
0.051731389 0.110693567 -0.992507339 -76.931594849 -0.147001594 0.983856142 0.102066703 -14.803119659 0.987782538 0.140620142 0.067168377 130.377838135
0.050417852 0.107960343 -0.992875934 -77.880355835 -0.143491045 0.984609187 0.099775046 -14.805891037 0.988366425 0.137438402 0.065133214 130.463470459
0.049086761 0.108646587 -0.992867768 -78.844451904 -0.143719032 0.984489441 0.100624397 -14.806115150 0.988400400 0.137754664 0.063939981 130.537124634
0.048513435 0.109707512 -0.992779315 -79.800773621 -0.145037115 0.984188676 0.101670757 -14.807695389 0.988236129 0.139057443 0.063658044 130.609848022
0.047108624 0.109944142 -0.992820799 -80.755485535 -0.146597117 0.983923197 0.102002896 -14.809826851 0.988073885 0.140739441 0.062468756 130.686019897
0.045705009 0.110799089 -0.992791355 -81.703170776 -0.146291196 0.983857751 0.103067271 -14.811759949 0.988185167 0.140525967 0.061176144 130.756866455
0.043325752 0.111604325 -0.992807865 -82.670433044 -0.146522552 0.983705342 0.104186907 -14.817157745 0.988258183 0.140954748 0.058972318 130.832672119
0.041999489 0.113647886 -0.992632985 -83.622550964 -0.146573216 0.983461320 0.106396124 -14.807027817 0.988307834 0.141024813 0.057962611 130.905929565
0.040390849 0.117557056 -0.992244422 -84.576400757 -0.147919208 0.982816041 0.110418774 -14.800086975 0.988174260 0.142312065 0.057085745 130.968292236
0.038374789 0.122525916 -0.991723120 -85.525306702 -0.149184003 0.982034087 0.115556166 -14.790494919 0.988064468 0.143514752 0.055964261 131.035217285
0.036085460 0.122232251 -0.991845310 -86.477462769 -0.148969382 0.982060671 0.115606606 -14.785350800 0.988183141 0.143582880 0.053646978 131.101318359
0.035323836 0.117048502 -0.992497861 -87.421897888 -0.149068475 0.982624590 0.110578656 -14.780225754 0.988195717 0.144044071 0.052158311 131.162780762
0.032689154 0.112470098 -0.993117213 -88.369277954 -0.153272554 0.982458711 0.106217958 -14.769940376 0.987643123 0.148745447 0.049354322 131.227676392
0.031488977 0.110344522 -0.993394494 -89.312019348 -0.151101157 0.982989967 0.104399152 -14.767053604 0.988016725 0.146815628 0.047626533 131.295349121
0.031046873 0.111518532 -0.993277252 -90.276817322 -0.146614447 0.983515203 0.105839781 -14.768318176 0.988706350 0.142342776 0.046885300 131.351272583
0.030450271 0.112856925 -0.993144512 -91.225151062 -0.143494278 0.983806670 0.107396200 -14.765907288 0.989182472 0.139240354 0.046151500 131.415710449
0.029155392 0.112677649 -0.993203878 -92.178337097 -0.138153926 0.984544158 0.107639745 -14.767889023 0.989981472 0.134076744 0.044271629 131.487106323
0.027909882 0.109768465 -0.993565321 -93.121040344 -0.134210438 0.985364437 0.105092399 -14.770269394 0.990559697 0.130413741 0.042233475 131.552932739
0.027146634 0.106827140 -0.993906915 -94.066696167 -0.128993526 0.986334860 0.102490075 -14.774786949 0.991273880 0.125425294 0.040555682 131.618316650
0.024994260 0.109382749 -0.993685424 -95.047927856 -0.127231359 0.986260712 0.105365202 -14.777175903 0.991558015 0.123794436 0.038567778 131.683166504
0.023686245 0.111578390 -0.993473351 -95.996238708 -0.126653239 0.986079872 0.107728377 -14.773056030 0.991664112 0.123274945 0.037488300 131.741073608
0.022492811 0.109288573 -0.993755579 -96.953186035 -0.122552104 0.986811817 0.105751082 -14.766537666 0.992207170 0.119408198 0.035589721 131.791717529
0.020543521 0.106387407 -0.994112492 -97.902999878 -0.119530320 0.987451911 0.103204481 -14.768005371 0.992617965 0.116706416 0.033002254 131.843109131
0.016593162 0.103634328 -0.994476914 -98.870437622 -0.118272096 0.987834454 0.100968696 -14.761407852 0.992842555 0.115943499 0.028648347 131.901626587
0.014061674 0.102910489 -0.994591236 -99.824836731 -0.112741150 0.988509715 0.100687295 -14.772043228 0.993524849 0.110715531 0.025502352 131.950942993
0.011763871 0.102691613 -0.994643748 -100.783920288 -0.105899498 0.989246249 0.100881867 -14.764351845 0.994307220 0.104145497 0.022512354 131.997161865
0.009304143 0.110736512 -0.993806243 -101.747848511 -0.096026622 0.989354968 0.109341502 -14.764695168 0.995335281 0.094414517 0.019838754 132.059890747
0.006586406 0.118852027 -0.992890120 -102.705757141 -0.087955184 0.989132285 0.117818728 -14.760251045 0.996102691 0.086553827 0.016968478 132.117507935
0.003913555 0.118107267 -0.992993057 -103.658302307 -0.083805785 0.989546180 0.117366984 -14.751302719 0.996474445 0.082759246 0.013770715 132.163345337
0.001070834 0.108208634 -0.994127572 -104.613456726 -0.084503666 0.990582108 0.107731678 -14.751408577 0.996422589 0.083892070 0.010204773 132.199035645
-0.001009770 0.098831363 -0.995103657 -105.560005188 -0.086264394 0.991386116 0.098549671 -14.749197006 0.996271729 0.085941538 0.007524555 132.237777710
-0.001344447 0.100203156 -0.994966030 -106.519371033 -0.093484960 0.990597069 0.099889480 -14.749412537 0.995619714 0.093148656 0.008035682 132.259017944
-0.001931305 0.109595075 -0.993974447 -107.484359741 -0.096843630 0.989283681 0.109266058 -14.736844063 0.995297730 0.096471123 0.008702978 132.292114258
-0.003421464 0.121013269 -0.992645025 -108.447616577 -0.100880392 0.987544954 0.120739259 -14.724989891 0.994892716 0.100551501 0.008829018 132.322601318
-0.005126156 0.122896731 -0.992406189 -109.397789001 -0.107846498 0.986562908 0.122730173 -14.714350700 0.994154334 0.107656673 0.008196708 132.355773926
-0.004819358 0.119496137 -0.992822945 -110.379486084 -0.114882298 0.986194670 0.119256042 -14.692275047 0.993367434 0.114632510 0.008975169 132.374526978
-0.005089582 0.115639046 -0.993278265 -111.333908081 -0.123021588 0.985673428 0.115384057 -14.680027962 0.992390931 0.122781925 0.009209433 132.400543213
-0.002766785 0.117736034 -0.993041039 -112.300392151 -0.127680019 0.984875560 0.117123671 -14.661263466 0.991811514 0.127115548 0.012307602 132.424240112
-0.001638323 0.118788227 -0.992918372 -113.285789490 -0.135686710 0.983710349 0.117910534 -14.642557144 0.990750432 0.134919003 0.014506347 132.453460693
-0.001100435 0.121561103 -0.992583275 -114.249671936 -0.144894019 0.982089996 0.120436624 -14.625845909 0.989446640 0.143951938 0.016532751 132.475250244
-0.000790779 0.123716526 -0.992317259 -115.225791931 -0.150375813 0.981019080 0.122427754 -14.603709221 0.988628566 0.149317324 0.017828200 132.502441406
-0.000540451 0.123112738 -0.992392540 -116.205574036 -0.154644877 0.980444014 0.121714681 -14.590365410 0.987969995 0.153534204 0.018508870 132.545501709
0.001183821 0.113447241 -0.993543267 -117.161361694 -0.153637767 0.981768489 0.111919664 -14.591081619 0.988126516 0.152513266 0.018592015 132.578445435
0.002532715 0.101920463 -0.994789302 -118.110557556 -0.156893924 0.982512832 0.100263245 -14.581933975 0.987612188 0.155822486 0.018479131 132.617095947
