1.000000000 0.000000000 0.000000000 0.000000000 0.000000000 1.000000000 0.000000000 0.000000000 0.000000000 0.000000000 1.000000000 0.000000000
0.999997735 -0.001613087 -0.001399252 0.050565198 0.001610074 0.999996364 -0.002151746 -0.132449254 0.001402718 0.002149488 0.999996722 1.296806812
0.999997675 -0.000017536 -0.002169552 0.106164843 0.000003911 0.999980271 -0.006280004 -0.267777354 0.002169619 0.006279980 0.999977946 2.602865219
0.999996185 0.002429899 -0.001318522 0.149853498 -0.002440139 0.999966443 -0.007820675 -0.406623214 0.001299474 0.007823863 0.999968529 3.906618357
0.999984324 0.005593930 0.000183414 0.195433691 -0.005592615 0.999963105 -0.006525965 -0.546121299 -0.000219913 0.006524838 0.999978662 5.222286224
0.999974787 0.006681733 0.002401759 0.244560614 -0.006673993 0.999972522 -0.003216346 -0.690660238 -0.002423184 0.003200235 0.999991953 6.538692951
0.999960065 0.006889301 0.005689669 0.301474273 -0.006878132 0.999974430 -0.001980021 -0.827954292 -0.005703165 0.001940807 0.999981880 7.842176437
0.999943256 0.005420700 0.009183910 0.356451750 -0.005404685 0.999983788 -0.001767894 -0.961690903 -0.009193344 0.001718158 0.999956250 9.148283958
0.999912798 0.004069312 0.012561610 0.435306966 -0.004050208 0.999990582 -0.001545955 -1.099016666 -0.012567781 0.001494943 0.999919891 10.447255135
0.999871552 0.002799693 0.015780441 0.503274441 -0.002761897 0.999993265 -0.002416375 -1.235859394 -0.015787100 0.002372481 0.999872565 11.754409790
0.999815762 0.001763618 0.019110939 0.579378605 -0.001700489 0.999993086 -0.003319017 -1.371359706 -0.019116659 0.003285908 0.999811888 13.048411369
0.999746859 0.001895659 0.022420466 0.648917377 -0.001825580 0.999993384 -0.003145706 -1.522432685 -0.022426281 0.003103979 0.999743700 14.371809006
0.999665260 0.001790318 0.025810963 0.734274030 -0.001684363 0.999990046 -0.004126190 -1.660987020 -0.025818091 0.004081334 0.999658346 15.666226387
0.999572098 0.002781843 0.029117398 0.812116802 -0.002660300 0.999987602 -0.004212143 -1.795656443 -0.029128756 0.004132880 0.999567091 16.963457108
0.999476552 0.002313963 0.032267280 0.902572632 -0.002192810 0.999990404 -0.003789540 -1.934589863 -0.032275740 0.003716801 0.999472082 18.249229431
0.999403477 0.000854980 0.034527622 0.998606324 -0.000738121 0.999993920 -0.003397119 -2.077283144 -0.034530334 0.003369607 0.999397933 19.546730042
0.999344110 -0.001730192 0.036170688 1.096774459 0.001900707 0.999987304 -0.004680341 -2.218187094 -0.036162127 0.004746021 0.999334633 20.822511673
0.999309778 -0.001422280 0.037121188 1.197378635 0.001666410 0.999977171 -0.006546441 -2.356206656 -0.037111029 0.006603782 0.999289334 22.123994827
0.999262273 -0.001208614 0.038388103 1.280536175 0.001563336 0.999956310 -0.009211743 -2.499718666 -0.038375288 0.009264959 0.999220431 23.408550262
0.999222398 -0.000886509 0.039418422 1.382818222 0.001311288 0.999941349 -0.010751612 -2.640882015 -0.039406572 0.010794939 0.999164939 24.698595047
0.999179542 -0.000224548 0.040499438 1.482731342 0.000681247 0.999936402 -0.011263206 -2.788771152 -0.040494330 0.011281555 0.999116123 25.969051361
0.999160528 -0.001880849 0.040922537 1.582571387 0.002303221 0.999944508 -0.010276577 -2.933906078 -0.040900942 0.010362204 0.999109387 27.260793686
0.999161184 -0.004844870 0.040661220 1.686120033 0.005220389 0.999944746 -0.009134217 -3.081195831 -0.040614713 0.009338824 0.999131203 28.541990280
0.999186814 -0.006408222 0.039805759 1.786835909 0.006792336 0.999931574 -0.009521967 -3.227370501 -0.039742004 0.009784601 0.999162078 29.829698563
0.999202073 -0.008224111 0.039085165 1.890887856 0.008697212 0.999890745 -0.011949753 -3.373336554 -0.038982615 0.012280151 0.999164402 31.096069336
0.999232471 -0.008226470 0.038299188 1.997854233 0.008697428 0.999888420 -0.012146431 -3.522328138 -0.038194984 0.012470213 0.999192476 32.384788513
0.999256968 -0.008872748 0.037507359 2.099392653 0.009347926 0.999878049 -0.012512594 -3.666852951 -0.037391759 0.012853913 0.999217987 33.652591705
0.999260366 -0.009337358 0.037304062 2.189566612 0.009813174 0.999872565 -0.012592372 -3.811030388 -0.037181735 0.012949131 0.999224603 34.919235229
0.999271870 -0.009901404 0.036848124 2.284175158 0.010394367 0.999858618 -0.013210763 -3.954896212 -0.036712110 0.013584155 0.999233544 36.179988861
0.999310076 -0.010526178 0.035616979 2.392438889 0.011007017 0.999850571 -0.013331228 -4.111588955 -0.035471331 0.013714068 0.999276519 37.469348907
0.999309182 -0.010170964 0.035745550 2.485210896 0.010583138 0.999879539 -0.011360561 -4.258750916 -0.035625685 0.011731012 0.999296367 38.729187012
0.999272585 -0.010047005 0.036791161 2.583056688 0.010438454 0.999890745 -0.010463167 -4.395409584 -0.036682013 0.010839597 0.999268174 39.999961853
0.999191880 -0.011834929 0.038413130 2.692253590 0.012179995 0.999887347 -0.008761432 -4.538858414 -0.038305111 0.009222223 0.999223471 41.247947693
0.999080181 -0.012812643 0.040921789 2.787962437 0.013230776 0.999862790 -0.009963499 -4.683335781 -0.040788516 0.010495761 0.999112666 42.511344910
0.998957515 -0.014051341 0.043432064 2.883753061 0.014629926 0.999808133 -0.013032624 -4.832974434 -0.043240599 0.013654447 0.998971343 43.762977600
0.998858869 -0.015182554 0.045281459 2.990553141 0.015836680 0.999774873 -0.014122226 -4.980948925 -0.045056850 0.014823219 0.998874426 45.028049469
0.998709381 -0.015417677 0.048391506 3.105485439 0.016057912 0.999788344 -0.012869589 -5.116132259 -0.048182830 0.013630047 0.998745561 46.269641876
0.998533964 -0.016629098 0.051509690 3.229837418 0.017155372 0.999804914 -0.009791744 -5.264755726 -0.051336817 0.010661058 0.998624504 47.533435822
0.998259604 -0.019392978 0.055691235 3.338041306 0.019856866 0.999772489 -0.007788318 -5.403676987 -0.055527531 0.008880619 0.998417675 48.750488281
0.998037815 -0.021819701 0.058691677 3.481787443 0.022331355 0.999718010 -0.008075910 -5.545558929 -0.058498930 0.009370725 0.998243511 50.006881714
0.997750223 -0.025027463 0.062195826 3.621003628 0.025807686 0.999597609 -0.011773008 -5.682057381 -0.061876155 0.013351650 0.997994602 51.239089966
0.997473001 -0.026546180 0.065899551 3.755300522 0.027395803 0.999552310 -0.012022549 -5.817111492 -0.065550886 0.013797541 0.997753799 52.466278076
0.997123599 -0.028972035 0.070035152 3.884145021 0.029706061 0.999513805 -0.009461915 -5.957007885 -0.069726974 0.011515169 0.997499645 53.685981750
0.996838450 -0.031572383 0.072911724 4.039604664 0.032109138 0.999465108 -0.006201120 -6.089979172 -0.072676934 0.008522648 0.997319102 54.896625519
0.996607065 -0.034092158 0.074912399 4.193665028 0.034530535 0.999393106 -0.004564191 -6.220149040 -0.074711330 0.007135470 0.997179627 56.107250214
0.996401846 -0.037205786 0.076150738 4.341979504 0.037431236 0.999298036 -0.001534920 -6.342490196 -0.076040193 0.004379814 0.997095048 57.325130463
0.996241629 -0.040233854 0.076705948 4.495663166 0.040338840 0.999186039 0.000180855 -6.471735954 -0.076650798 0.002914053 0.997053742 58.529811859
0.996211112 -0.042324293 0.075974397 4.649889469 0.042689126 0.999083340 -0.003183713 -6.599048138 -0.075769991 0.006414931 0.997104704 59.739315033
0.996218383 -0.043528724 0.075194500 4.796374798 0.044217903 0.998993576 -0.007524061 -6.727130890 -0.074791320 0.010820551 0.997140527 60.927089691
0.996232033 -0.044970326 0.074157029 4.931581974 0.045946982 0.998877406 -0.011516247 -6.855582714 -0.073555887 0.014880144 0.997180104 62.128997803
0.996296406 -0.046392519 0.072395884 5.081748962 0.047525331 0.998771846 -0.014003168 -6.988042831 -0.071657330 0.017391942 0.997277677 63.322387695
0.996409893 -0.046768773 0.070568837 5.212418079 0.047880031 0.998752952 -0.014137657 -7.123550415 -0.069819659 0.017465737 0.997406662 64.505104065
0.996614337 -0.046272971 0.067960687 5.343442917 0.047302343 0.998787761 -0.013615420 -7.259192944 -0.067248292 0.016784025 0.997595072 65.680809021
0.996879876 -0.045100562 0.064779386 5.462880135 0.045945395 0.998876452 -0.011611003 -7.397642612 -0.064182959 0.014551092 0.997832000 66.883018494
0.997262359 -0.041541714 0.061171625 5.582191467 0.042105608 0.999081492 -0.007957639 -7.528476238 -0.060784873 0.010511522 0.998095512 68.057044983
0.997490406 -0.039730750 0.058603324 5.692211151 0.040124834 0.999179244 -0.005562932 -7.656042576 -0.058334198 0.007900419 0.998265862 69.225852966
0.997763574 -0.038949221 0.054322999 5.826100349 0.039482210 0.999181688 -0.008772641 -7.795432568 -0.053936873 0.010897813 0.998484790 70.435218811
0.997936726 -0.039197620 0.050850097 5.933994293 0.040026013 0.999080420 -0.015375811 -7.926754475 -0.050200634 0.017379414 0.998587906 71.593330383
0.997985125 -0.042663656 0.046962410 6.045429230 0.043579608 0.998875678 -0.018655516 -8.062108040 -0.046113707 0.020664530 0.998722434 72.776222229
0.998007059 -0.045867831 0.043334629 6.146777153 0.046506036 0.998822212 -0.013835549 -8.197277069 -0.042648979 0.015823301 0.998964787 73.944946289
0.997996747 -0.050016843 0.038740702 6.253886223 0.050412431 0.998685300 -0.009302079 -8.324314117 -0.038224500 0.011236455 0.999205947 75.118179321
0.998058975 -0.052058291 0.034181524 6.350354195 0.052315820 0.998608232 -0.006682885 -8.444293976 -0.033786051 0.008458147 0.999393284 76.291259766
0.998262763 -0.050660815 0.030081838 6.438374519 0.050812040 0.998699069 -0.004283376 -8.574509621 -0.029825700 0.005804454 0.999538243 77.457412720
0.998372376 -0.050477356 0.026541574 6.524462223 0.050602362 0.998710632 -0.004058879 -8.696083069 -0.026302468 0.005395340 0.999639511 78.614234924
0.998567104 -0.048195951 0.023254853 6.603645325 0.048339099 0.998815119 -0.005632940 -8.828935623 -0.022955809 0.006748988 0.999713659 79.781082153
0.998676598 -0.047231652 0.020352192 6.668479919 0.047454603 0.998817027 -0.010614336 -8.964304924 -0.019826783 0.011566093 0.999736547 80.936508179
0.998577893 -0.050635368 0.016678406 6.749763966 0.050897796 0.998580337 -0.015704576 -9.094344139 -0.015859526 0.016531134 0.999737620 82.080642700
0.998424172 -0.054506756 0.013342170 6.815267086 0.054729894 0.998357058 -0.016973050 -9.225714684 -0.012395103 0.017676521 0.999766946 83.240348816
0.998466134 -0.054481339 0.009855554 6.875614643 0.054611057 0.998417675 -0.013410174 -9.358693123 -0.009109355 0.013927829 0.999861479 84.387016296
0.998451889 -0.055090226 0.007672462 6.931251049 0.055173334 0.998415351 -0.011077899 -9.484999657 -0.007050019 0.011484066 0.999909222 85.518280029
0.998614490 -0.052157916 0.006965965 6.981120110 0.052241538 0.998557329 -0.012417078 -9.618394852 -0.006308267 0.012763789 0.999898612 86.661193848
0.998791933 -0.048753329 0.006150638 7.033393860 0.048843995 0.998685062 -0.015570209 -9.750591278 -0.005383453 0.015851820 0.999859869 87.798133850
0.998858273 -0.047516879 0.004920178 7.086225986 0.047597885 0.998705804 -0.017919304 -9.883593559 -0.004062341 0.018133033 0.999827325 88.917716980
0.998779535 -0.049196400 0.004386779 7.138645172 0.049269449 0.998614490 -0.018480878 -10.018396378 -0.003471509 0.018674454 0.999819636 90.048713684
0.998783290 -0.049184579 0.003605635 7.181868076 0.049237128 0.998653889 -0.016319605 -10.153134346 -0.002798109 0.016477281 0.999860287 91.173667908
0.998692334 -0.051064238 0.002463906 7.240702629 0.051092781 0.998604000 -0.013396764 -10.281032562 -0.001776370 0.013505133 0.999907136 92.284217834
0.998712361 -0.050667316 0.002528967 7.290408611 0.050696071 0.998629153 -0.013023916 -10.406699181 -0.001865613 0.013135357 0.999912024 93.424697876
0.998689473 -0.051124670 0.002362761 7.333008289 0.051154725 0.998575568 -0.015165350 -10.542589188 -0.001584072 0.015266344 0.999882221 94.558944702
0.998688340 -0.051168215 0.001846052 7.390159130 0.051193874 0.998512864 -0.018738303 -10.671228409 -0.000884501 0.018808231 0.999822736 95.658012390
0.998635948 -0.052196503 0.001339122 7.445181847 0.052212745 0.998442531 -0.019648843 -10.807170868 -0.000311436 0.019691965 0.999806046 96.762351990
0.998628914 -0.052301418 0.002200930 7.486489296 0.052333280 0.998458028 -0.018513715 -10.940069199 -0.001229243 0.018603517 0.999826193 97.839263916
0.998650730 -0.051859431 0.002688438 7.538702011 0.051889949 0.998569429 -0.012905767 -11.061534882 -0.002015306 0.013027856 0.999913096 98.928939819
0.998745859 -0.049919374 0.003840269 7.591217995 0.049954280 0.998705447 -0.009604883 -11.186109543 -0.003355828 0.009784677 0.999946415 100.007575989
0.998820364 -0.048164647 0.006151292 7.641635895 0.048222918 0.998789489 -0.009705740 -11.299750328 -0.005676372 0.009990926 0.999934018 101.056831360
0.998895049 -0.046354461 0.007737580 7.700000286 0.046439435 0.998858452 -0.011188643 -11.429630280 -0.007210103 0.011535609 0.999907494 102.107696533
0.998859584 -0.046622526 0.010287729 7.755066872 0.046762079 0.998811185 -0.013768693 -11.546889305 -0.009633567 0.014234066 0.999852359 103.124130249
0.998767793 -0.048129987 0.012097179 7.814448833 0.048302773 0.998728573 -0.014421718 -11.663897514 -0.011387683 0.014988275 0.999822855 104.139595032
0.998668492 -0.049724810 0.013731442 7.881018639 0.049909163 0.998663604 -0.013426826 -11.795284271 -0.013045443 0.014094277 0.999815583 105.144439697
0.998645842 -0.049665935 0.015485955 7.943965912 0.049852278 0.998685896 -0.011888043 -11.910342216 -0.014875175 0.012643953 0.999809444 106.102584839
0.998585701 -0.050426699 0.016842673 8.004705429 0.050609808 0.998661935 -0.010628336 -12.017981529 -0.016284177 0.011465710 0.999801636 107.057250977
0.998509109 -0.051226839 0.018853186 8.062456131 0.051437918 0.998616755 -0.010886182 -12.126047134 -0.018269442 0.011839719 0.999763012 107.974716187
0.998498201 -0.050796814 0.020517424 8.125617981 0.050991371 0.998657882 -0.009072756 -12.226717949 -0.020029020 0.010105342 0.999748290 108.878677368
0.998499870 -0.049982198 0.022358410 8.184755325 0.050145727 0.998718619 -0.006813561 -12.326514244 -0.021989206 0.007924518 0.999726772 109.748191833
0.998462737 -0.050213292 0.023468943 8.248641968 0.050312709 0.998726726 -0.003664332 -12.428881645 -0.023255061 0.004839484 0.999717772 110.605972290
0.998415589 -0.050375301 0.025070570 8.310261726 0.050479405 0.998718798 -0.003536283 -12.521234512 -0.024860311 0.004796227 0.999679506 111.432067871
0.998443604 -0.049193062 0.026272383 8.362382889 0.049286272 0.998780370 -0.002911796 -12.610085487 -0.026097100 0.004202132 0.999650598 112.246383667
0.998541534 -0.046780024 0.026948452 8.414586067 0.046865154 0.998897970 -0.002535892 -12.691592216 -0.026800122 0.003795138 0.999633670 113.026046753
0.998680651 -0.044223431 0.026099835 8.464913368 0.044228178 0.999021351 0.000395721 -12.767539024 -0.026091790 0.000759150 0.999659300 113.784759521
0.998745322 -0.044587199 0.022797851 8.514495850 0.044561010 0.999005318 0.001655919 -12.856322289 -0.022849010 -0.000637946 0.999738753 114.530570984
0.998871088 -0.044659518 0.016190898 8.553067207 0.044635609 0.999001741 0.001835001 -12.930595398 -0.016256684 -0.001110239 0.999867380 115.227233887
0.999057055 -0.043005630 0.005959759 8.578561783 0.043002363 0.999074757 0.000673209 -13.005275726 -0.005983196 -0.000416290 0.999982059 115.898353577
0.999158263 -0.040320158 -0.007542931 8.580749512 0.040305875 0.999185383 -0.002035898 -13.074199677 0.007618876 0.001730160 0.999969482 116.522262573
0.998892367 -0.038662951 -0.026818730 8.582534790 0.038552333 0.999245882 -0.004630041 -13.142365456 0.026977517 0.003590988 0.999629617 117.156814575
0.998099923 -0.037013423 -0.049260516 8.550144196 0.036714956 0.999301672 -0.006950341 -13.211683273 0.049483370 0.005128537 0.998761773 117.745849609
0.996412098 -0.035532732 -0.076813273 8.507804871 0.034949724 0.999349356 -0.008921377 -13.277413368 0.077080294 0.006204765 0.997005641 118.309906006
0.993508935 -0.033405453 -0.108738646 8.436307907 0.032430269 0.999416471 -0.010724759 -13.347026825 0.109033480 0.007128719 0.994012535 118.850448608
0.989140928 -0.028865496 -0.144107863 8.325532913 0.027388094 0.999550223 -0.012225744 -13.410972595 0.144395918 0.008146144 0.989486396 119.393943787
0.982879996 -0.022767503 -0.182834685 8.224025726 0.021018803 0.999713004 -0.011496756 -13.470340729 0.183043972 0.007456967 0.983076394 119.906715393
0.974348247 -0.017276525 -0.224381179 8.083345413 0.015542051 0.999834180 -0.009494045 -13.527289391 0.224507973 0.005763164 0.974455178 120.410079956
0.963066697 -0.012681775 -0.268963933 7.909791946 0.010974711 0.999908864 -0.007849543 -13.586238861 0.269038975 0.004607833 0.963118315 120.905143738
0.948747635 -0.006596631 -0.315965563 7.722633362 0.004170153 0.999956429 -0.008355089 -13.642634392 0.316006899 0.006609246 0.948733866 121.372161865
0.931296647 0.001043184 -0.364260137 7.493274689 -0.004725467 0.999946296 -0.009217806 -13.699073792 0.364230961 0.010305809 0.931251645 121.854110718
0.910247743 0.005754910 -0.414024085 7.238166809 -0.010914586 0.999889433 -0.010097729 -13.749468803 0.413920194 0.013710336 0.910209894 122.284530640
0.885199428 0.009994226 -0.465104461 6.969898224 -0.015972162 0.999832690 -0.008914115 -13.801299095 0.464937538 0.015319491 0.885210872 122.697158813
0.855968714 0.012906764 -0.516866565 6.687564850 -0.020417951 0.999752283 -0.008848629 -13.842149734 0.516624331 0.018127503 0.856020212 123.104629517
0.824621797 0.022916248 -0.565220118 6.360305786 -0.031356189 0.999494612 -0.005223333 -13.897079468 0.564814687 0.022030419 0.824923635 123.466224670
0.790605068 0.035974521 -0.611268759 6.016242981 -0.044325631 0.999016047 0.001464257 -13.939743996 0.610719979 0.025937226 0.791421771 123.813796997
0.754635215 0.044628788 -0.654625118 5.660564423 -0.055499807 0.998450279 0.004090159 -13.979837418 0.653793216 0.033244986 0.755942643 124.129760742
0.714760482 0.048340850 -0.697696686 5.290954590 -0.062587224 0.998026848 0.005031679 -14.024738312 0.696563184 0.040070456 0.716375649 124.430816650
0.672043741 0.050142802 -0.738811851 4.917362213 -0.065184869 0.997837603 0.008428784 -14.074737549 0.737636805 0.042494837 0.673859060 124.713897705
0.628637791 0.053693973 -0.775842428 4.508655548 -0.068494998 0.997559607 0.013539331 -14.107698441 0.774676025 0.044629995 0.630781412 124.976379395
0.583642781 0.062408168 -0.809608698 4.083091736 -0.079950288 0.996614158 0.019187611 -14.138450623 0.808064997 0.053529751 0.586656153 125.206237793
0.537938237 0.071206979 -0.839971483 3.639133453 -0.091458477 0.995474219 0.025817193 -14.162755966 0.838008225 0.062934451 0.542016149 125.419288635
0.490831554 0.076187089 -0.867917001 3.190570831 -0.096733555 0.994775712 0.032617390 -14.191246033 0.865867734 0.067947052 0.495637178 125.619995117
0.443870127 0.077042155 -0.892773092 2.717166901 -0.096406035 0.994620264 0.037899822 -14.209685326 0.890890121 0.069246121 0.448909551 125.801872253
0.396940649 0.078781933 -0.914456904 2.244861603 -0.094125614 0.994550645 0.044824801 -14.231531143 0.913005292 0.068281040 0.402192980 125.968940735
0.350940555 0.081630245 -0.932832897 1.752002716 -0.095692813 0.994103968 0.050991416 -14.254227638 0.931495428 0.071370460 0.356682807 126.117729187
0.306824267 0.084943436 -0.947968066 1.249114990 -0.100891180 0.993300378 0.056350511 -14.275441170 0.946403682 0.078351930 0.313338697 126.237220764
0.265810400 0.086685859 -0.960119963 0.723285675 -0.105933629 0.992543995 0.060285468 -14.292588234 0.958187222 0.085684493 0.273011506 126.337104797
0.226798147 0.083212644 -0.970380425 0.196489334 -0.106406733 0.992496252 0.060239661 -14.308823586 0.968111634 0.089592770 0.233950675 126.431823730
0.192354187 0.078062378 -0.978215814 -0.341102600 -0.101288646 0.993086278 0.059331872 -14.326829910 0.976084232 0.087669447 0.198931187 126.518844604
0.162110269 0.073264599 -0.984049141 -0.895254135 -0.098590761 0.993452549 0.057723064 -14.348176956 0.981835008 0.087660670 0.168272138 126.594787598
0.134598494 0.071521051 -0.988315821 -1.451244354 -0.099036217 0.993368804 0.058398996 -14.369420052 0.985938668 0.090018660 0.140789166 126.679412842
0.112492949 0.070754878 -0.991130114 -2.032796860 -0.100152254 0.993189394 0.059534639 -14.385724068 0.988592386 0.092566706 0.118813053 126.744110107
0.094276778 0.071918383 -0.992944956 -2.641352654 -0.102510870 0.992786884 0.062173881 -14.397163391 0.990254223 0.095926099 0.100969158 126.791999817
0.077879898 0.070338376 -0.994478405 -3.242471695 -0.103439018 0.992694557 0.062111657 -14.422847748 0.991582096 0.098030619 0.084586658 126.847007751
0.064396299 0.069547959 -0.995497882 -3.864958763 -0.102846481 0.992719054 0.062700927 -14.450797081 0.992610574 0.098345757 0.071080171 126.888465881
0.051759135 0.066742495 -0.996426761 -4.508787155 -0.097334616 0.993350923 0.061480448 -14.472691536 0.993904829 0.093804643 0.057911340 126.945014954
0.039682455 0.064106435 -0.997153759 -5.155688763 -0.095029019 0.993658602 0.060099985 -14.490817070 0.994683266 0.092373624 0.045522783 126.987739563
0.028903326 0.063741788 -0.997547686 -5.814661026 -0.094551891 0.993664384 0.060754057 -14.512038231 0.995100319 0.092564017 0.034747109 127.022392273
0.019862238 0.065398283 -0.997661531 -6.484928131 -0.098232217 0.993157983 0.063147396 -14.536518097 0.994965255 0.096748248 0.026150558 127.032501221
0.011365348 0.064740628 -0.997837424 -7.178298473 -0.100923844 0.992880344 0.063269489 -14.560226440 0.994829237 0.099986523 0.017818302 127.052757263
0.004934806 0.064212933 -0.997924030 -7.865394115 -0.103576891 0.992601395 0.063358255 -14.581797600 0.994609237 0.103049211 0.011549270 127.071037292
-0.000422154 0.065711640 -0.997838557 -8.559575081 -0.104280196 0.992395461 0.065397307 -14.605225563 0.994547844 0.104082406 0.006433479 127.087211609
-0.003983179 0.067687608 -0.997698605 -9.278734207 -0.106053591 0.992051184 0.067727886 -14.620457649 0.994352460 0.106079310 0.003226999 127.109252930
-0.004963672 0.071182907 -0.997450888 -9.997313499 -0.108432300 0.991543472 0.071300924 -14.640958786 0.994091451 0.108509809 0.002796830 127.123031616
-0.005774516 0.074704826 -0.997188926 -10.730099678 -0.111140393 0.990979433 0.074883223 -14.656692505 0.993787944 0.111260407 0.002580297 127.130973816
-0.007369973 0.080432169 -0.996732831 -11.460249901 -0.116045482 0.989956498 0.080743402 -14.670263290 0.993216693 0.116261415 0.002037838 127.147720337
-0.008660566 0.084010713 -0.996427238 -12.198084831 -0.118838184 0.989316225 0.084444083 -14.683231354 0.992875934 0.119144924 0.001415643 127.165336609
-0.010171223 0.084689207 -0.996355593 -12.943640709 -0.118183680 0.989321470 0.085297793 -14.699892044 0.992939711 0.118620545 -0.000053727 127.181694031
-0.011029014 0.081205413 -0.996636391 -13.711778641 -0.116620421 0.989790738 0.081938177 -14.716756821 0.993115306 0.117131844 -0.001446212 127.196174622
-0.012825889 0.077970974 -0.996873140 -14.463209152 -0.120412625 0.989579558 0.078949742 -14.723954201 0.992641091 0.121048696 -0.003303550 127.209884644
-0.013907799 0.079824328 -0.996711910 -15.235146523 -0.125119910 0.988834560 0.080939330 -14.734887123 0.992044151 0.125834197 -0.003764901 127.210487366
-0.015104684 0.082806215 -0.996451199 -16.013381958 -0.122402161 0.988916457 0.084035493 -14.748494148 0.992365658 0.123237111 -0.004801610 127.222503662
-0.017553391 0.082862668 -0.996406376 -16.788543701 -0.121134803 0.989042819 0.084384292 -14.763818741 0.992480814 0.122180723 -0.007323503 127.239852905
-0.018214557 0.082342237 -0.996437669 -17.575922012 -0.124435417 0.988667846 0.083974801 -14.775149345 0.992060483 0.125521705 -0.007761855 127.239570618
-0.019289266 0.082027383 -0.996443331 -18.373088837 -0.128567159 0.988151014 0.083833583 -14.788776398 0.991513193 0.129726991 -0.008514676 127.252586365
-0.020472141 0.086110428 -0.996075273 -19.170211792 -0.130434290 0.987539172 0.088053286 -14.793173790 0.991245568 0.131725028 -0.008985289 127.261238098
-0.021210290 0.091121659 -0.995613873 -19.973857880 -0.129675508 0.987174988 0.093111888 -14.806887627 0.991329610 0.131081671 -0.009122021 127.276504517
-0.020205507 0.093601279 -0.995404661 -20.798948288 -0.130743057 0.986811101 0.095447108 -14.814655304 0.991210341 0.132070780 -0.007701300 127.289146423
-0.018385664 0.092490196 -0.995543838 -21.616859436 -0.130131438 0.987021148 0.094101638 -14.821748734 0.991326272 0.131281674 -0.006111158 127.301040649
-0.017424602 0.092757821 -0.995536268 -22.448272705 -0.130087554 0.987013638 0.094240628 -14.827861786 0.991349399 0.131148994 -0.005131685 127.315208435
-0.017193999 0.091433130 -0.995662749 -23.277706146 -0.128415152 0.987360775 0.092888333 -14.829073906 0.991571367 0.129455328 -0.005235281 127.335952759
-0.016334258 0.093560599 -0.995479524 -24.115064621 -0.129287660 0.987056494 0.094890356 -14.836480141 0.991472542 0.130253196 -0.004026602 127.354797363
-0.015597815 0.095639750 -0.995293796 -24.952796936 -0.130969822 0.986643195 0.096861020 -14.837780952 0.991263628 0.131864235 -0.002863553 127.368537903
-0.015624117 0.097863361 -0.995077193 -25.819572449 -0.134008378 0.986015022 0.099076241 -14.835788727 0.990857124 0.134896681 -0.002291106 127.383934021
-0.013935728 0.098884501 -0.995001316 -26.682643890 -0.136145100 0.985642970 0.099861279 -14.831558228 0.990590870 0.136856213 -0.000273011 127.395759583
-0.012164153 0.102151960 -0.994694471 -27.553829193 -0.142898321 0.984380066 0.102840215 -14.832433701 0.989662528 0.143391132 0.002623193 127.410690308
-0.010009147 0.105803370 -0.994336843 -28.434783936 -0.147460088 0.983358622 0.106119588 -14.826246262 0.989017367 0.147687167 0.005759195 127.427688599
-0.007945579 0.107700974 -0.994151592 -29.310127258 -0.149942905 0.982814312 0.107671142 -14.821038246 0.988662779 0.149921492 0.008339969 127.458587646
-0.003910306 0.108596429 -0.994078219 -30.210401535 -0.149070159 0.982915163 0.107963301 -14.822301865 0.988818884 0.148609579 0.012344986 127.478088379
-0.001213538 0.108500548 -0.994095683 -31.102584839 -0.151638627 0.982580602 0.107428864 -14.815313339 0.988435209 0.150873646 0.015260475 127.506813049
0.001167249 0.112298928 -0.993673801 -32.004737854 -0.152044237 0.982141554 0.110817023 -14.807346344 0.988372982 0.150952995 0.018220805 127.539215088
0.003427464 0.114229195 -0.993448436 -32.921085358 -0.150860608 0.982143223 0.112408802 -14.803266525 0.988549113 0.149487004 0.020598944 127.582427979
0.005277419 0.115437910 -0.993300736 -33.814380646 -0.151495814 0.981941521 0.113312908 -14.798898697 0.988443851 0.149882898 0.022670478 127.623397827
0.007776284 0.113641746 -0.993491352 -34.716533661 -0.152821347 0.981985688 0.111129493 -14.792153358 0.988223255 0.150962502 0.025003083 127.655914307
0.008234644 0.114958771 -0.993336141 -35.630054474 -0.157360688 0.981141686 0.112243004 -14.782308578 0.987506807 0.155387744 0.026169350 127.696258545
0.009354895 0.115511000 -0.993262112 -36.523902893 -0.158115953 0.980980158 0.112593487 -14.776887894 0.987376213 0.155997321 0.027441103 127.733879089
0.009542198 0.112008035 -0.993661582 -37.420795441 -0.158333153 0.981339931 0.109098643 -14.774210930 0.987339616 0.156288505 0.027098728 127.771705627
0.010506965 0.107944354 -0.994101346 -38.330429077 -0.159640998 0.981586158 0.104898073 -14.774448395 0.987119198 0.157597169 0.027545838 127.815025330
0.010996067 0.107124768 -0.994184792 -39.227439880 -0.159280688 0.981737852 0.104021877 -14.768514633 0.987172067 0.157210618 0.027858164 127.858001709
0.010932616 0.111289687 -0.993727922 -40.132812500 -0.161708564 0.980902731 0.108074322 -14.763256073 0.986777961 0.159512758 0.028720329 127.896728516
0.010990651 0.117451124 -0.993017793 -41.064315796 -0.162267253 0.980124295 0.114130162 -14.751022339 0.986685634 0.159879953 0.029830681 127.939910889
0.011209201 0.116177298 -0.993165135 -41.958312988 -0.160043374 0.980631709 0.112904862 -14.751476288 0.987046421 0.157683954 0.029585503 127.985626221
0.012058435 0.105759166 -0.994318664 -42.849441528 -0.159321010 0.981890738 0.102505162 -14.755779266 0.987153232 0.157179803 0.028689727 128.029632568
0.012492742 0.095254950 -0.995374501 -43.771137238 -0.161132753 0.982634127 0.092013381 -14.759574890 0.986853659 0.159237936 0.027624486 128.068923950
0.011464661 0.092193507 -0.995675087 -44.673435211 -0.158068478 0.983387768 0.089235686 -14.767408371 0.987361550 0.156361803 0.025847096 128.114807129
0.011301992 0.102309577 -0.994688392 -45.595996857 -0.150527835 0.983590126 0.099457696 -14.770722389 0.988541186 0.148604214 0.026516968 128.165573120
0.011242000 0.115360953 -0.993259966 -46.542415619 -0.145714372 0.982908428 0.112509415 -14.766167641 0.989262819 0.143467396 0.027859602 128.227859497
0.011498787 0.124458492 -0.992158175 -47.463573456 -0.145889014 0.981815398 0.121470235 -14.757471085 0.989234090 0.143348217 0.029446809 128.274291992
0.011308134 0.118589319 -0.992878973 -48.379802704 -0.146059811 0.982488513 0.115684748 -14.753374100 0.989211023 0.143711537 0.028431246 128.315933228
0.011477611 0.105159111 -0.994389176 -49.304832458 -0.146071196 0.983963132 0.102370530 -14.750722885 0.989207506 0.144076675 0.026654268 128.353683472
0.012049919 0.096296974 -0.995279610 -50.220745087 -0.146484971 0.984783471 0.093507916 -14.750364304 0.989139497 0.144666776 0.025972622 128.398956299
0.012506600 0.096382372 -0.995265841 -51.153182983 -0.145367518 0.984944463 0.093556151 -14.757727623 0.989298642 0.143509239 0.026329173 128.444519043
0.011804176 0.098036438 -0.995112777 -52.079757690 -0.148436278 0.984327793 0.095213160 -14.775724411 0.988851488 0.146586969 0.026171345 128.486526489
0.012561449 0.097225554 -0.995183110 -53.049468994 -0.153414622 0.983665168 0.094163857 -14.776118279 0.988082051 0.151492774 0.027272081 128.520629883
0.012984105 0.096604735 -0.995238185 -53.981014252 -0.155009329 0.983484030 0.093441516 -14.776506424 0.987827718 0.153057918 0.027744295 128.564910889
0.014022375 0.104070112 -0.994471133 -54.928283691 -0.164293393 0.981291354 0.100374289 -14.773806572 0.986311793 0.161977530 0.030858068 128.598205566
0.015561736 0.113832168 -0.993378162 -55.879112244 -0.169950962 0.979343295 0.109561510 -14.771246910 0.985329688 0.167120606 0.034586161 128.636596680
0.016627738 0.121643268 -0.992434621 -56.841621399 -0.170290872 0.978414595 0.117071703 -14.764180183 0.985253453 0.167055920 0.036983564 128.695220947
0.017559970 0.122557066 -0.992306113 -57.784271240 -0.171654910 0.978093147 0.117764033 -14.756139755 0.985000670 0.168266281 0.038212802 128.741882324
0.018740252 0.112715013 -0.993450701 -58.722122192 -0.173215404 0.978966177 0.107804120 -14.751521111 0.984705687 0.170060694 0.037870046 128.796524048
0.019924415 0.108071864 -0.993943393 -59.663825989 -0.171618894 0.979754806 0.103088900 -14.750070572 0.984961927 0.168525487 0.038068216 128.851882935
0.021844173 0.106494978 -0.994073212 -60.611412048 -0.169913098 0.980240822 0.101279370 -14.758489609 0.985216856 0.166693717 0.039507441 128.913253784
0.025510879 0.112047464 -0.993375361 -61.611892700 -0.171981066 0.979375064 0.106051654 -14.745695114 0.984769881 0.168136269 0.044254769 128.965118408
0.029367896 0.114146903 -0.993029773 -62.573249817 -0.174834549 0.978730083 0.107332624 -14.744844437 0.984159708 0.170463756 0.048700068 129.018371582
0.033485584 0.109188318 -0.993456900 -63.523990631 -0.174196094 0.979437172 0.101775974 -14.748472214 0.984141469 0.169648275 0.051817201 129.080612183
0.036275685 0.103072859 -0.994012117 -64.479804993 -0.174097285 0.980108202 0.095277570 -14.751127243 0.984059989 0.169598550 0.053498812 129.149536133
0.039816156 0.102861144 -0.993898571 -65.447380066 -0.171573445 0.980617642 0.094613329 -14.751630783 0.984366417 0.166759461 0.056692667 129.220382690
0.042008527 0.107694633 -0.993296087 -66.422515869 -0.169100583 0.980597317 0.099166192 -14.771810532 0.984703064 0.163801149 0.059404686 129.313262939
0.045410968 0.114625722 -0.992370307 -67.381935120 -0.168461636 0.980046928 0.105493464 -14.774587631 0.984661639 0.162385762 0.063814916 129.392990112
0.047897987 0.118355170 -0.991815448 -68.346496582 -0.166203484 0.980056942 0.108925514 -14.778038979 0.984927475 0.159625873 0.066613808 129.479919434
0.050155684 0.120314136 -0.991468132 -69.329002380 -0.165921599 0.979926229 0.110520013 -14.779460907 0.984862626 0.158962771 0.069111586 129.558761597
0.052125871 0.117504686 -0.991703451 -70.275825500 -0.164201915 0.980545819 0.107551925 -14.778555870 0.985048532 0.157233343 0.070406318 129.644378662
0.052631512 0.115909368 -0.991864324 -71.221450806 -0.162152335 0.981051326 0.106041446 -14.781245232 0.985361159 0.155252010 0.070429206 129.735488892
0.052846964 0.112347826 -0.992262661 -72.167785645 -0.158923998 0.981933296 0.102714166 -14.789148331 0.985875428 0.152266219 0.069746964 129.828186035
0.053013630 0.112059437 -0.992286325 -73.155952454 -0.157567531 0.982174277 0.102499306 -14.780947685 0.986084163 0.150918260 0.069725543 129.906997681
0.052650671 0.116955072 -0.991740644 -74.108581543 -0.154349834 0.982136607 0.107628174 -14.784168243 0.986612380 0.147408307 0.069762148 129.994476318
0.052038044 0.118562847 -0.991581976 -75.070167542 -0.148285985 0.982837439 0.109735250 -14.787034035 0.987574399 0.141327336 0.068726145 130.092697144
0.051472984 0.113821216 -0.992166936 -76.031539917 -0.145526290 0.983734190 0.105304018 -14.772335052 0.988014519 0.138966069 0.067199707 130.172500610
0.049959950 0.110110410 -0.992662907 -76.987998962 -0.147742867 0.983784139 0.101689756 -14.775779724 0.987763166 0.141578496 0.065417826 130.256469727
0.048736736 0.107407294 -0.993019879 -77.937553406 -0.144159377 0.984547913 0.099415720 -14.779320717 0.988353550 0.138307929 0.063467428 130.339981079
0.047145139 0.108233534 -0.993006945 -78.901969910 -0.144397885 0.984408855 0.100440793 -14.782027245 0.988395929 0.138652846 0.062038787 130.413513184
0.046560306 0.109128654 -0.992936611 -79.862869263 -0.145760268 0.984117448 0.101324484 -14.781047821 0.988223732 0.140012950 0.061727434 130.487960815
0.045019004 0.109333307 -0.992985129 -80.816436768 -0.147329316 0.983850420 0.101648062 -14.783085823 0.988062501 0.141719699 0.060399968 130.563293457
0.043581601 0.110301383 -0.992942214 -81.765457153 -0.147035971 0.983771622 0.102829054 -14.786439896 0.988170683 0.141516775 0.059092607 130.632827759
0.041290347 0.111180171 -0.992942214 -82.730735779 -0.147496834 0.983579636 0.103998385 -14.793954849 0.988200307 0.142161638 0.057011068 130.705993652
0.040131889 0.112838089 -0.992802620 -83.684516907 -0.147448987 0.983393788 0.105808400 -14.779413223 0.988255262 0.142141461 0.056103315 130.775360107
0.038658686 0.116738327 -0.992410064 -84.638618469 -0.148787811 0.982753575 0.109806493 -14.772768021 0.988113165 0.143413559 0.055361200 130.834777832
0.036520470 0.121511705 -0.991917908 -85.587463379 -0.149837568 0.982025146 0.114783108 -14.762451172 0.988035917 0.144434661 0.054071039 130.901092529
0.034152113 0.121368431 -0.992019773 -86.544502258 -0.150105193 0.981962383 0.114970319 -14.757928848 0.988079965 0.144980833 0.051754136 130.964904785
0.033090040 0.116112843 -0.992684662 -87.489013672 -0.150167063 0.982531190 0.109919555 -14.753149986 0.988106728 0.145431280 0.049948316 131.026733398
0.030723980 0.111364186 -0.993304551 -88.438323975 -0.154404983 0.982373536 0.105362765 -14.740736961 0.987529755 0.150134027 0.047377616 131.086151123
0.029549323 0.109115846 -0.993589759 -89.381340027 -0.152299047 0.982909203 0.103413552 -14.738307953 0.987892628 0.148266956 0.045662530 131.151550293
0.029012343 0.110482171 -0.993454576 -90.346282959 -0.147636712 0.983446062 0.105057620 -14.741259575 0.988616168 0.143622369 0.044843297 131.206893921
0.028542463 0.111861035 -0.993313849 -91.294967651 -0.144786626 0.983701885 0.106618196 -14.740167618 0.989051104 0.140775442 0.044273261 131.267974854
0.027493164 0.111652941 -0.993366897 -92.242851257 -0.139507130 0.984446049 0.106789142 -14.743486404 0.989839435 0.135645822 0.042641908 131.332855225
0.026125832 0.108776577 -0.993722975 -93.184394836 -0.135377347 0.985289693 0.104294255 -14.746651649 0.990449607 0.131802782 0.040467396 131.398162842
0.025430821 0.105798289 -0.994062364 -94.128700256 -0.130216166 0.986262500 0.101636864 -14.751864433 0.991159499 0.126858309 0.038858108 131.461669922
0.023676265 0.108462691 -0.993818641 -95.109306335 -0.128939688 0.986125529 0.104551300 -14.756733894 0.991369784 0.125667274 0.037332918 131.517181396
0.022317594 0.110875599 -0.993583560 -96.057716370 -0.128346667 0.985925257 0.107138090 -14.755542755 0.991478205 0.125132084 0.036233991 131.574676514
0.021137632 0.108665042 -0.993853629 -97.016365051 -0.124132372 0.986669004 0.105239421 -14.751240730 0.992040515 0.121144906 0.034344699 131.624237061
0.019156713 0.106126584 -0.994167984 -97.965713501 -0.121247418 0.987258494 0.103052646 -14.756028175 0.992437482 0.118566170 0.031780198 131.672378540
0.015097775 0.102970153 -0.994569838 -98.928810120 -0.120017610 0.987678409 0.100434773 -14.748840332 0.992656887 0.117849566 0.027269980 131.731842041
0.012468362 0.102015242 -0.994704664 -99.884262085 -0.114411473 0.988394201 0.099933922 -14.757558823 0.993355155 0.112559624 0.023995370 131.780944824
0.010295637 0.101994902 -0.994731665 -100.842353821 -0.107610911 0.989120126 0.100305736 -14.751561165 0.994139850 0.106011264 0.021159383 131.823883057
0.008112515 0.109966405 -0.993902206 -101.806076050 -0.097880155 0.989249170 0.108652666 -14.752296448 0.995165169 0.096401863 0.018788829 131.880752563
0.005342733 0.118070073 -0.992990911 -102.764137268 -0.089888439 0.989041805 0.117116883 -14.748177528 0.995937526 0.088632673 0.015897319 131.938003540
0.001799179 0.117950343 -0.993017852 -103.718734741 -0.085313030 0.989417255 0.117368072 -14.744100571 0.996352553 0.084506191 0.011842839 131.990432739
-0.000103151 0.107052319 -0.994253397 -104.670372009 -0.086321689 0.990541339 0.106661566 -14.738231659 0.996267259 0.085836649 0.009138761 132.017791748
-0.002186747 0.097553149 -0.995227933 -105.617073059 -0.088057064 0.991345465 0.097366072 -14.736056328 0.996113062 0.087849751 0.006422422 132.055358887
-0.002449751 0.099245586 -0.995059907 -106.576515198 -0.095421799 0.990499198 0.099025615 -14.740308762 0.995433986 0.095192991 0.007043716 132.074874878
-0.003458973 0.108781241 -0.994059682 -107.537780762 -0.098771125 0.989167631 0.108589597 -14.730709076 0.995104194 0.098560013 0.007322943 132.111923218
-0.004915698 0.120060280 -0.992754400 -108.501266479 -0.102765314 0.987449646 0.119927585 -14.718780518 0.994693458 0.102610245 0.007484026 132.140563965
-0.006366624 0.121791773 -0.992535233 -109.442993164 -0.109725580 0.986476958 0.121752203 -14.708630562 0.993941545 0.109681644 0.007083142 132.171875000
-0.006004315 0.118763484 -0.992904425 -110.430343628 -0.116919868 0.986028612 0.118648075 -14.689935684 0.993123114 0.116802648 0.007965383 132.190017700
-0.006203801 0.115026638 -0.993343055 -111.385444641 -0.125072569 0.985472322 0.114896350 -14.679094315 0.992128193 0.124952748 0.008273003 132.214050293
-0.003873750 0.116733991 -0.993155658 -112.350738525 -0.129825622 0.984699011 0.116246372 -14.658832550 0.991529286 0.129387364 0.011340585 132.237091064
-0.002547880 0.118160538 -0.992991209 -113.329383850 -0.137775123 0.983483195 0.117382661 -14.643677711 0.990460277 0.137108549 0.013773786 132.262573242
-0.001972821 0.120949306 -0.992656648 -114.293487549 -0.147054315 0.981831849 0.119922601 -14.627635002 0.989126444 0.146211058 0.015849138 132.283020020
-0.001755023 0.123090200 -0.992393851 -115.268142700 -0.152644947 0.980732739 0.121913753 -14.606807709 0.988279581 0.151697904 0.017067887 132.310546875
-0.001671368 0.122417942 -0.992477238 -116.236206055 -0.156037912 0.980289876 0.121177450 -14.598037720 0.987749577 0.155066594 0.017463418 132.353759766
-0.000145585 0.113052107 -0.993589103 -117.191673279 -0.155040503 0.981572151 0.111707523 -14.600994110 0.987908125 0.154062808 0.017384753 132.386962891
0.001310856 0.101452626 -0.994839489 -118.141242981 -0.158120930 0.982346058 0.099970207 -14.592112541 0.987418890 0.157173902 0.017329497 132.423736572
