1.000000000 0.000000000 0.000000000 0.000000000 0.000000000 1.000000000 0.000000000 0.000000000 0.000000000 0.000000000 1.000000000 0.000000000
0.999997854 -0.001568281 -0.001351483 0.049848732 0.001565422 0.999996543 -0.002113524 -0.132383376 0.001354793 0.002111404 0.999996841 1.297376990
0.999997735 -0.000008001 -0.002127180 0.102986693 -0.000005582 0.999979615 -0.006385066 -0.267172754 0.002127188 0.006385064 0.999977350 2.605000496
0.999995887 0.002520784 -0.001360773 0.148167849 -0.002531378 0.999966085 -0.007840130 -0.406338066 0.001340964 0.007843543 0.999968350 3.910468817
0.999982953 0.005841933 0.000185093 0.192774326 -0.005840592 0.999961436 -0.006566063 -0.544967413 -0.000223444 0.006564870 0.999978423 5.225439548
0.999974787 0.006660551 0.002453654 0.241625756 -0.006652555 0.999972522 -0.003252708 -0.689025760 -0.002475251 0.003236303 0.999991715 6.542273045
0.999959707 0.006908920 0.005734848 0.298422217 -0.006898087 0.999974370 -0.001906422 -0.826452315 -0.005747873 0.001866785 0.999981701 7.845547676
0.999943793 0.005329992 0.009163189 0.352238208 -0.005313373 0.999984205 -0.001837159 -0.960733831 -0.009172838 0.001788368 0.999956310 9.150997162
0.999913275 0.004092914 0.012513386 0.429916710 -0.004071205 0.999990225 -0.001759810 -1.097473025 -0.012520467 0.001708713 0.999920130 10.450785637
0.999870539 0.002797975 0.015843432 0.494600594 -0.002758903 0.999993205 -0.002487426 -1.235312581 -0.015850281 0.002443393 0.999871373 11.757227898
0.999813855 0.001736648 0.019214377 0.571668386 -0.001674385 0.999993265 -0.003256027 -1.372041225 -0.019219901 0.003223249 0.999810100 13.049796104
0.999744177 0.001684321 0.022554291 0.639660835 -0.001611291 0.999993384 -0.003255737 -1.518341541 -0.022559622 0.003218563 0.999740303 14.369271278
0.999664247 0.001542567 0.025864679 0.725686550 -0.001432738 0.999989808 -0.004264258 -1.656745315 -0.025870992 0.004225769 0.999656379 15.665523529
0.999573588 0.002402490 0.029100392 0.805995345 -0.002280519 0.999988496 -0.004223860 -1.796306372 -0.029110203 0.004155695 0.999567509 16.969913483
0.999476135 0.002086329 0.032296307 0.895551801 -0.001964301 0.999990821 -0.003809677 -1.935497046 -0.032303963 0.003744242 0.999471068 18.256412506
0.999408305 0.000584971 0.034389663 0.997479320 -0.000466907 0.999993980 -0.003441050 -2.078780413 -0.034391470 0.003422958 0.999402583 19.553770065
0.999348402 -0.001889764 0.036041521 1.092280865 0.002063755 0.999986410 -0.004790917 -2.217806578 -0.036031973 0.004862176 0.999338865 20.830718994
0.999307513 -0.001546652 0.037180535 1.196126103 0.001789752 0.999977231 -0.006505967 -2.360183001 -0.037169628 0.006568004 0.999287367 22.136856079
0.999258518 -0.001531534 0.038472503 1.279707789 0.001886393 0.999955952 -0.009189091 -2.504621983 -0.038456731 0.009254852 0.999217391 23.425792694
0.999225318 -0.000914379 0.039343916 1.384265184 0.001331036 0.999943316 -0.010565259 -2.646972179 -0.039332017 0.010609442 0.999169886 24.710769653
0.999181092 -0.000289706 0.040460095 1.484332085 0.000747783 0.999935687 -0.011307028 -2.791853189 -0.040454220 0.011328024 0.999117255 25.980936050
0.999161422 -0.001914643 0.040899023 1.585406065 0.002336740 0.999944508 -0.010275174 -2.938706875 -0.040877070 0.010362128 0.999110579 27.275106430
0.999152243 -0.004918084 0.040872622 1.687629104 0.005295822 0.999944270 -0.009138700 -3.085146904 -0.040825401 0.009347408 0.999122620 28.552951813
0.999187946 -0.006516027 0.039764356 1.791787505 0.006896690 0.999931633 -0.009443263 -3.233703136 -0.039700113 0.009709835 0.999164402 29.846298218
0.999192894 -0.008192516 0.039323226 1.890552282 0.008668247 0.999891162 -0.011942755 -3.379758358 -0.039221104 0.012273980 0.999155104 31.109277725
0.999235451 -0.008244677 0.038215153 2.006538391 0.008712496 0.999888957 -0.012091429 -3.527440786 -0.038111221 0.012415134 0.999196351 32.403827667
0.999254048 -0.008873675 0.037583601 2.104963303 0.009353318 0.999876797 -0.012605492 -3.669136047 -0.037467111 0.012947621 0.999213994 33.670269012
0.999264896 -0.009250941 0.037204016 2.198450089 0.009721722 0.999874592 -0.012493109 -3.816933155 -0.037083782 0.012845610 0.999229610 34.941383362
0.999273360 -0.009665733 0.036870722 2.287272215 0.010155928 0.999862194 -0.013130968 -3.959210873 -0.036738724 0.013495881 0.999233782 36.199359894
0.999314010 -0.010293824 0.035575178 2.401335239 0.010766814 0.999855816 -0.013129555 -4.120100975 -0.035434905 0.013503579 0.999280691 37.492748260
0.999310255 -0.009882918 0.035796408 2.489155769 0.010293191 0.999883235 -0.011295151 -4.266269207 -0.035680607 0.011655819 0.999295235 38.758308411
0.999282718 -0.009941740 0.036540408 2.596411228 0.010328430 0.999892473 -0.010409077 -4.402893543 -0.036432996 0.010779016 0.999277949 40.020835876
0.999201238 -0.011628048 0.038232204 2.706362963 0.011970276 0.999890149 -0.008734562 -4.545093060 -0.038126439 0.009185234 0.999230742 41.269580841
0.999092698 -0.012766838 0.040629242 2.801106930 0.013174983 0.999865234 -0.009793784 -4.692961693 -0.040498734 0.010320188 0.999126315 42.534435272
0.998963833 -0.014072360 0.043280624 2.894238472 0.014641928 0.999809921 -0.012871103 -4.842043877 -0.043091275 0.013491479 0.998980105 43.783443451
0.998869300 -0.015185976 0.045053288 3.000814676 0.015829273 0.999777317 -0.013956271 -4.990692616 -0.044831317 0.014653649 0.998887122 45.043731689
0.998755872 -0.015366464 0.047442041 3.132735968 0.016001480 0.999787092 -0.013034419 -5.120322227 -0.047231637 0.013777344 0.998788953 46.282012939
0.998535037 -0.016576447 0.051507492 3.223567247 0.017077776 0.999810815 -0.009308286 -5.277904987 -0.051343448 0.010174283 0.998629212 47.536861420
0.998265564 -0.019665085 0.055489898 3.340017080 0.020111203 0.999769628 -0.007492661 -5.414282799 -0.055329774 0.008595633 0.998431087 48.763023376
0.998035610 -0.021696024 0.058772322 3.472446918 0.022190873 0.999723434 -0.007780172 -5.556305885 -0.058587279 0.009069099 0.998241067 50.020141602
0.997761965 -0.024985855 0.062021084 3.617078781 0.025745008 0.999602675 -0.011471310 -5.692194462 -0.061709825 0.013042372 0.998008907 51.250965118
0.997469544 -0.026417937 0.066003501 3.747982502 0.027245488 0.999560654 -0.011669283 -5.826021194 -0.065666236 0.013438052 0.997751117 52.487365723
0.997112572 -0.028930651 0.070211388 3.872522831 0.029644370 0.999518692 -0.009144420 -5.965087891 -0.069913045 0.011199386 0.997490227 53.706073761
0.996855378 -0.031642359 0.072649926 4.039075851 0.032134932 0.999467731 -0.005621008 -6.099142551 -0.072433405 0.007937934 0.997341692 54.897544861
0.996568799 -0.034042507 0.075443707 4.169217110 0.034443077 0.999398589 -0.004014286 -6.234198570 -0.075261667 0.006599024 0.997141957 56.149875641
0.996373475 -0.037047073 0.076598898 4.323785305 0.037187643 0.999308169 -0.000409168 -6.363110065 -0.076530755 0.003256216 0.997061849 57.357929230
0.996209204 -0.039854195 0.077322222 4.466839790 0.039921768 0.999202609 0.000672082 -6.485315323 -0.077287354 0.002417306 0.997005880 58.581157684
0.996164918 -0.041601781 0.076971933 4.612445831 0.041936822 0.999116480 -0.002740852 -6.606787682 -0.076789901 0.005958300 0.997029543 59.771194458
0.996188819 -0.042952400 0.075913705 4.765402317 0.043613669 0.999023438 -0.007073869 -6.734350204 -0.075535744 0.010357784 0.997089326 60.975460052
0.996200860 -0.044343427 0.074949585 4.902580261 0.045289833 0.998913646 -0.010974332 -6.863365650 -0.074381508 0.014327092 0.997126937 62.156028748
0.996218145 -0.046420529 0.073449425 5.049998760 0.047519367 0.998781919 -0.013283347 -6.999043941 -0.072743356 0.016723379 0.997210443 63.367889404
0.996369958 -0.046579264 0.071255185 5.190569878 0.047632270 0.998778343 -0.013149798 -7.132483482 -0.070555635 0.016496109 0.997371435 64.542808533
0.996586263 -0.045789808 0.068695076 5.316406727 0.046770032 0.998824596 -0.012728449 -7.275220871 -0.068031490 0.015897868 0.997556508 65.758087158
0.996820867 -0.045005731 0.065747336 5.439217091 0.045806192 0.998892903 -0.010717771 -7.405463219 -0.065192185 0.013695333 0.997778773 66.935447693
0.997247815 -0.041413285 0.061496280 5.571074486 0.041907579 0.999098539 -0.006769172 -7.541097641 -0.061160527 0.009327702 0.998084366 68.118499756
0.997543156 -0.039283037 0.058003873 5.689415455 0.039623212 0.999203503 -0.004725863 -7.664580822 -0.057772025 0.007012553 0.998305202 69.299781799
0.997744620 -0.038260877 0.055153340 5.795216560 0.038742431 0.999219596 -0.007688133 -7.800300598 -0.054816145 0.009807567 0.998448372 70.473861694
0.997906268 -0.038592212 0.051899634 5.910093784 0.039405722 0.999114454 -0.014743553 -7.931468964 -0.051284678 0.016757829 0.998543441 71.647857666
0.997912049 -0.042531710 0.048605602 6.016839981 0.043440398 0.998897493 -0.017793538 -8.065845490 -0.047795217 0.019867830 0.998659492 72.818992615
0.997951210 -0.046491202 0.043954153 6.131956100 0.047104318 0.998805106 -0.013017247 -8.200446129 -0.043296449 0.015061008 0.998948753 73.985099792
0.997952640 -0.050169751 0.039665163 6.235873699 0.050524738 0.998690724 -0.007997800 -8.328152657 -0.039211992 0.009985502 0.999180973 75.145133972
0.998018503 -0.052228633 0.035089277 6.332321644 0.052441880 0.998610437 -0.005183926 -8.455119133 -0.034769770 0.007013802 0.999370754 76.327606201
0.998185217 -0.051551249 0.031125901 6.419849873 0.051659364 0.998661101 -0.002678651 -8.580263138 -0.030946139 0.004281732 0.999511957 77.485870361
0.998320162 -0.051102899 0.027302470 6.511616707 0.051189959 0.998685718 -0.002498747 -8.699362755 -0.027138904 0.003892162 0.999624133 78.645072937
0.998462200 -0.049777493 0.024401020 6.577282906 0.049899869 0.998744488 -0.004432213 -8.828156471 -0.024149753 0.005643005 0.999692440 79.801445007
0.998644173 -0.047534991 0.021218438 6.652212143 0.047749896 0.998811722 -0.009738591 -8.954175949 -0.020730302 0.010738567 0.999727488 80.944435120
0.998566151 -0.050770488 0.016965795 6.739758968 0.051019181 0.998591483 -0.014561820 -9.092678070 -0.016202591 0.015406521 0.999749959 82.108512878
0.998420835 -0.054308791 0.014366550 6.797837734 0.054532919 0.998388588 -0.015697407 -9.217479706 -0.013490893 0.016456069 0.999773681 83.246269226
0.998448789 -0.054626163 0.010764815 6.863669872 0.054756340 0.998425245 -0.012193933 -9.346652031 -0.010081754 0.012764458 0.999867737 84.382171631
0.998449922 -0.055080131 0.007986637 6.929202557 0.055156905 0.998430252 -0.009733967 -9.476533890 -0.007437950 0.010159396 0.999920726 85.516952515
0.998593748 -0.052538592 0.007100276 6.973216057 0.052616883 0.998550534 -0.011329156 -9.603534698 -0.006494768 0.011686817 0.999910533 86.660743713
0.998780906 -0.048875090 0.006907720 7.023653984 0.048972275 0.998692214 -0.014681008 -9.729533195 -0.006181151 0.015001398 0.999868393 87.780609131
0.998856306 -0.047548391 0.005017238 7.093293667 0.047629178 0.998712778 -0.017443638 -9.855790138 -0.004181364 0.017662657 0.999835253 88.874870300
0.998757005 -0.049619988 0.004704535 7.130390167 0.049696855 0.998603165 -0.017943598 -9.994720459 -0.003807602 0.018155098 0.999827921 90.039054871
0.998710096 -0.050668664 0.003289954 7.183196068 0.050712898 0.998598397 -0.015149988 -10.126136780 -0.002517713 0.015297295 0.999879837 91.155235291
0.998670876 -0.051469602 0.002716558 7.230743408 0.051499281 0.998597205 -0.012306292 -10.258051872 -0.002079347 0.012429839 0.999920547 92.269966125
0.998664975 -0.051621724 0.001820794 7.295300484 0.051639840 0.998594344 -0.011943142 -10.380407333 -0.001201709 0.012021224 0.999927044 93.404319763
0.998633027 -0.052238394 0.001789329 7.341761589 0.052258354 0.998535693 -0.013983908 -10.508424759 -0.001056212 0.014058301 0.999900639 94.513572693
0.998626530 -0.052375268 0.001381654 7.398530006 0.052391585 0.998468041 -0.017794974 -10.637854576 -0.000447521 0.017842920 0.999840736 95.615608215
0.998606384 -0.052764956 0.001063719 7.453262806 0.052775636 0.998427451 -0.018903948 -10.775727272 -0.000064581 0.018933741 0.999820709 96.735061646
0.998568118 -0.053487848 0.000843050 7.509560108 0.053494431 0.998419702 -0.017215919 -10.907495499 0.000079124 0.017236365 0.999851346 97.819671631
0.998623312 -0.052421026 0.001833868 7.552801132 0.052439585 0.998549342 -0.012220056 -11.027146339 -0.001190620 0.012299401 0.999923646 98.905349731
0.998711169 -0.050655495 0.003178790 7.602865219 0.050682090 0.998674929 -0.008930556 -11.145728111 -0.002722196 0.009080154 0.999955118 99.972793579
0.998817742 -0.048343703 0.005127435 7.647777557 0.048387688 0.998789608 -0.008830707 -11.265544891 -0.004694319 0.009068370 0.999947846 101.036415100
0.998894513 -0.046405885 0.007503734 7.694520950 0.046483990 0.998862863 -0.010592811 -11.386525154 -0.007003632 0.010929903 0.999915659 102.069824219
0.998845518 -0.047040645 0.009740544 7.754473686 0.047165897 0.998801768 -0.013055410 -11.505918503 -0.009114737 0.013499757 0.999867260 103.093261719
0.998763382 -0.048323479 0.011686221 7.808063507 0.048487697 0.998722792 -0.014202853 -11.619218826 -0.010984965 0.014751928 0.999830782 104.109786987
0.998651266 -0.050148487 0.013445592 7.870601654 0.050326973 0.998644412 -0.013282137 -11.734148026 -0.012761286 0.013940897 0.999821365 105.090980530
0.998617768 -0.050247934 0.015415148 7.928771973 0.050431687 0.998658121 -0.011772931 -11.854003906 -0.014802897 0.012534070 0.999811888 106.063354492
0.998540998 -0.051503386 0.016224695 8.002389908 0.051671512 0.998613000 -0.010119249 -11.965734482 -0.015681015 0.010942841 0.999817193 107.010765076
0.998471797 -0.052061003 0.018544164 8.055527687 0.052262496 0.998577654 -0.010551605 -12.072987556 -0.017968465 0.011504645 0.999772370 107.929084778
0.998458207 -0.051802915 0.019941036 8.118822098 0.051987171 0.998608589 -0.008835485 -12.172367096 -0.019455584 0.009858543 0.999762118 108.836395264
0.998471141 -0.050837710 0.021700056 8.178720474 0.050995879 0.998675585 -0.006798293 -12.269522667 -0.021325709 0.007894512 0.999741375 109.707336426
0.998433948 -0.051087856 0.022795435 8.243489265 0.051183745 0.998682559 -0.003642972 -12.371402740 -0.022579292 0.004804023 0.999733448 110.568504333
0.998384655 -0.051272705 0.024476174 8.304027557 0.051371895 0.998673677 -0.003440850 -12.464011192 -0.024267294 0.004692679 0.999694467 111.394531250
0.998417914 -0.050008714 0.025703797 8.353415489 0.050094064 0.998740852 -0.002686645 -12.554307938 -0.025537079 0.003970002 0.999665976 112.207176208
0.998515427 -0.047685727 0.026326682 8.405052185 0.047765821 0.998855650 -0.002421360 -12.635302544 -0.026181091 0.003675280 0.999650419 112.984642029
0.998643577 -0.045312073 0.025648704 8.450063705 0.045307864 0.998972893 0.000745306 -12.715393066 -0.025656126 0.000417793 0.999670684 113.742240906
0.998734117 -0.044891886 0.022695264 8.496319771 0.044864345 0.998991489 0.001721454 -12.796146393 -0.022749659 -0.000701067 0.999740958 114.485099792
0.998852909 -0.045028273 0.016284805 8.533949852 0.045002729 0.998985052 0.001932091 -12.871070862 -0.016355272 -0.001197014 0.999865532 115.182624817
0.999026895 -0.043672204 0.006151782 8.558816910 0.043666232 0.999045551 0.001101520 -12.949351311 -0.006194014 -0.000831823 0.999980509 115.850646973
0.999152720 -0.040402211 -0.007832885 8.557932854 0.040386356 0.999181747 -0.002172353 -13.014048576 0.007914245 0.001854171 0.999966919 116.495918274
0.998850405 -0.039473321 -0.027193790 8.566015244 0.039365735 0.999214828 -0.004480397 -13.085346222 0.027349293 0.003404744 0.999620140 117.114151001
0.998061180 -0.037915573 -0.049360335 8.530670166 0.037636187 0.999269843 -0.006577778 -13.157393456 0.049573690 0.004707289 0.998759449 117.701187134
0.996339858 -0.036234558 -0.077421218 8.493788719 0.035662159 0.999325454 -0.008763570 -13.220727921 0.077686533 0.005970486 0.996959925 118.276275635
0.993398190 -0.034165014 -0.109511331 8.421900749 0.033197843 0.999392033 -0.010643352 -13.288702011 0.109808385 0.006937548 0.993928552 118.818931580
0.989045322 -0.029339930 -0.144667625 8.313926697 0.027880467 0.999537945 -0.012105938 -13.354998589 0.144955963 0.007939919 0.989406168 119.353546143
0.982770205 -0.023463501 -0.183336213 8.208223343 0.021727303 0.999698102 -0.011473295 -13.414674759 0.183550030 0.007292212 0.982983291 119.868484497
0.974245667 -0.017916128 -0.224776059 8.067096710 0.016159998 0.999822795 -0.009650249 -13.470335007 0.224909142 0.005769333 0.974362552 120.372764587
0.962944686 -0.013432026 -0.269364476 7.890985489 0.011708059 0.999899387 -0.008005744 -13.529201508 0.269444913 0.004555352 0.963005006 120.865318298
0.948774457 -0.007133937 -0.315873653 7.701164246 0.004665237 0.999952435 -0.008570950 -13.585893631 0.315919816 0.006658273 0.948762476 121.326332092
0.931206942 0.000538757 -0.364490509 7.480720520 -0.004213698 0.999947965 -0.009287192 -13.642324448 0.364466578 0.010184150 0.931160748 121.800292969
0.910188138 0.005321209 -0.414160907 7.216278076 -0.010434686 0.999894679 -0.010085164 -13.697919846 0.414063573 0.013501034 0.910147786 122.243759155
0.885074675 0.009501154 -0.465352237 6.949707031 -0.015416180 0.999841392 -0.008906847 -13.749893188 0.465193808 0.015057176 0.885080874 122.656158447
0.855680645 0.012337238 -0.517357230 6.670375824 -0.019763604 0.999765515 -0.008846857 -13.791017532 0.517126799 0.017794928 0.855723798 123.062477112
0.824807823 0.022543134 -0.564963698 6.335338593 -0.030777885 0.999513447 -0.005051075 -13.847710609 0.564574957 0.021554552 0.825100303 123.420272827
0.790201068 0.035128258 -0.611840129 6.000343323 -0.043354575 0.999058843 0.001366971 -13.885807991 0.611312270 0.025445884 0.790980220 123.780715942
0.754437208 0.044525057 -0.654860318 5.640808105 -0.055194002 0.998466372 0.004300718 -13.933281898 0.654047489 0.032899730 0.755737722 124.095504761
0.714510620 0.048345361 -0.697952271 5.275680542 -0.062408295 0.998036921 0.005242573 -13.977337837 0.696835637 0.039812140 0.716125071 124.393295288
0.672355950 0.050028201 -0.738535643 4.891700745 -0.064970575 0.997851431 0.008445565 -14.024742126 0.737371266 0.042304657 0.674161673 124.674888611
0.628593564 0.053704180 -0.775877595 4.478824615 -0.068546519 0.997556448 0.013513783 -14.057476044 0.774707317 0.044689037 0.630738735 124.943115234
0.583352327 0.062283985 -0.809827626 4.054889679 -0.079182573 0.996667087 0.019615376 -14.097024918 0.808350265 0.052681558 0.586339891 125.176696777
0.537653446 0.071302757 -0.840145648 3.615699768 -0.090971038 0.995506942 0.026271041 -14.121255875 0.838243961 0.062304199 0.541724205 125.382049561
0.490865618 0.076403044 -0.867878675 3.162200928 -0.096354827 0.994797289 0.033078663 -14.148419380 0.865890741 0.067387134 0.495673537 125.578483582
0.444147438 0.077646382 -0.892582834 2.695678711 -0.095968395 0.994629085 0.038769774 -14.167800903 0.890799165 0.068440244 0.449213535 125.757125854
0.397190571 0.079410836 -0.914294004 2.224628448 -0.093566522 0.994562030 0.045735002 -14.189646721 0.912954032 0.067381792 0.402460873 125.924942017
0.351079881 0.081901267 -0.932756722 1.733432770 -0.095056973 0.994138181 0.051512435 -14.209866524 0.931507945 0.070580043 0.356807172 126.071723938
0.308170706 0.085505277 -0.947480679 1.229598999 -0.100303233 0.993321896 0.057018295 -14.228368759 0.946028590 0.077464007 0.314689130 126.179878235
0.266088188 0.086933449 -0.960020661 0.706243515 -0.105681457 0.992552459 0.060587693 -14.245039940 0.958138049 0.085334726 0.273293763 126.289321899
0.226934016 0.083538018 -0.970320821 0.182229996 -0.106133543 0.992501974 0.060625669 -14.261133194 0.968109846 0.089225560 0.234098688 126.385841370
0.192055255 0.078404710 -0.978247106 -0.357267380 -0.100962624 0.993092954 0.059773013 -14.280238152 0.976176858 0.087286696 0.198644668 126.477516174
0.161923066 0.073243327 -0.984081447 -0.910261154 -0.098786689 0.993435204 0.057684924 -14.298479080 0.981846333 0.087873645 0.168095559 126.554283142
0.134665519 0.071755871 -0.988289595 -1.469011307 -0.098828390 0.993374050 0.058658570 -14.320849419 0.985950351 0.089771770 0.140864760 126.635200500
0.112566046 0.071214326 -0.991088927 -2.050219536 -0.099838749 0.993191361 0.060025897 -14.338057518 0.988615811 0.092192203 0.118909568 126.700164795
0.094468564 0.072382838 -0.992892981 -2.656839371 -0.102286160 0.992780685 0.062642656 -14.349756241 0.990259171 0.095641449 0.101190343 126.746162415
0.078106366 0.070982277 -0.994414866 -3.259196281 -0.103285849 0.992670774 0.062745176 -14.377180099 0.991580307 0.097808182 0.084865361 126.800491333
0.064341135 0.069968849 -0.995472014 -3.878080368 -0.102167197 0.992759287 0.063174717 -14.401808739 0.992684364 0.097639836 0.071023770 126.846939087
0.051651981 0.067180596 -0.996402979 -4.527006626 -0.096677862 0.993384957 0.061965484 -14.426443100 0.993974566 0.093129471 0.057805169 126.904060364
0.039512407 0.064530335 -0.997133195 -5.173933506 -0.094319865 0.993697703 0.060570478 -14.444064140 0.994757533 0.091656201 0.045349874 126.947265625
0.028727353 0.064346448 -0.997514069 -5.832693577 -0.093846902 0.993691802 0.061397184 -14.466105461 0.995172083 0.091849841 0.034584854 126.981422424
0.019840743 0.065957777 -0.997625053 -6.503797531 -0.097282857 0.993214130 0.063731387 -14.489283562 0.995059013 0.095787346 0.026122659 126.992149353
0.011464423 0.065108851 -0.997812331 -7.201251984 -0.100081950 0.992941797 0.063641153 -14.510946274 0.994913161 0.099133395 0.017899726 127.009155273
0.004823188 0.064646088 -0.997896612 -7.888335705 -0.102745168 0.992658973 0.063810170 -14.532899857 0.994695961 0.102221288 0.011429852 127.029060364
-0.000485061 0.066033274 -0.997817338 -8.583065987 -0.103419729 0.992463589 0.065729238 -14.554856300 0.994637668 0.103225887 0.006347740 127.044975281
-0.004116869 0.068036385 -0.997674286 -9.301077843 -0.104770020 0.992162585 0.068092830 -14.572001457 0.994487941 0.104806691 0.003043570 127.070358276
-0.005229044 0.071567513 -0.997421980 -10.018518448 -0.107110098 0.991657257 0.071715400 -14.593598366 0.994233370 0.107208975 0.002480184 127.087120056
-0.006076215 0.075030193 -0.997162640 -10.751845360 -0.109984919 0.991081178 0.075242765 -14.607774734 0.993914604 0.110130057 0.002230167 127.096824646
-0.007444135 0.080793619 -0.996703029 -11.484474182 -0.114790410 0.990072608 0.081113487 -14.621389389 0.993361831 0.115015790 0.001904100 127.108779907
-0.008792442 0.084570207 -0.996378660 -12.222639084 -0.117798701 0.989391506 0.085016660 -14.635519028 0.992998660 0.118119612 0.001263093 127.126487732
-0.009901059 0.085259959 -0.996309578 -12.970073700 -0.117173687 0.989395261 0.085832700 -14.652623177 0.993062139 0.117591091 0.000194162 127.138824463
-0.011113787 0.081470869 -0.996613741 -13.746809959 -0.114885651 0.989971220 0.082208999 -14.664772987 0.993316531 0.115410291 -0.001642495 127.156066895
-0.013033172 0.077979028 -0.996869862 -14.497123718 -0.118666351 0.989788353 0.078976557 -14.670248032 0.992848694 0.119324230 -0.003646595 127.171165466
-0.014038958 0.079848140 -0.996708214 -15.269642830 -0.123568654 0.989026785 0.080973282 -14.681680679 0.992236733 0.124298662 -0.004018178 127.171554565
-0.015599832 0.082987480 -0.996428430 -16.043872833 -0.120732449 0.989101946 0.084267437 -14.695769310 0.992562473 0.121615827 -0.005410542 127.187835693
-0.017978918 0.083121724 -0.996377230 -16.817932129 -0.119553626 0.989209712 0.084681064 -14.711749077 0.992664933 0.120642982 -0.007847416 127.205291748
-0.018765043 0.082681358 -0.996399343 -17.607456207 -0.122923896 0.988823414 0.084367715 -14.724118233 0.992238581 0.124064453 -0.008391800 127.204284668
-0.019669300 0.082392409 -0.996405840 -18.405805588 -0.127111018 0.988305509 0.084231801 -14.737402916 0.991693377 0.128310949 -0.008966295 127.216735840
-0.020963565 0.086567380 -0.996025383 -19.202489853 -0.128981844 0.987684846 0.088557176 -14.742281914 0.991425335 0.130325660 -0.009539774 127.226135254
-0.021718863 0.091417871 -0.995575786 -20.005907059 -0.128159702 0.987340271 0.093457505 -14.755347252 0.991515696 0.129622459 -0.009727822 127.241622925
-0.020635901 0.093755409 -0.995381355 -20.832393646 -0.129544973 0.986949742 0.095646895 -14.759819984 0.991358817 0.130920380 -0.008221056 127.253982544
-0.018781286 0.092747249 -0.995512545 -21.650545120 -0.128866777 0.987158537 0.094400130 -14.767372131 0.991484106 0.130061433 -0.006588068 127.265510559
-0.017694050 0.093040265 -0.995505154 -22.480752945 -0.128848046 0.987146616 0.094549246 -14.773419380 0.991506517 0.129941836 -0.005478564 127.278121948
-0.017603373 0.091716819 -0.995629489 -23.310270309 -0.127252936 0.987480283 0.093216039 -14.776288033 0.991714060 0.128337711 -0.005711751 127.301651001
-0.016814684 0.093655795 -0.995462656 -24.147338867 -0.128178164 0.987186551 0.095042266 -14.781782150 0.991608500 0.129194647 -0.004594603 127.320678711
-0.016699988 0.095588692 -0.995280921 -24.987648010 -0.129733518 0.986797750 0.096950784 -14.781719208 0.991408229 0.130740359 -0.004078457 127.341781616
-0.016420793 0.098462544 -0.995005250 -25.855463028 -0.133036405 0.986076176 0.099774495 -14.787128448 0.990975082 0.134010315 -0.003093050 127.352241516
-0.014842357 0.099558465 -0.994920969 -26.720798492 -0.135302439 0.985678673 0.100652076 -14.783527374 0.990693212 0.136109188 -0.001159291 127.363655090
-0.013061628 0.102738976 -0.994622588 -27.590562820 -0.142130405 0.984416604 0.103551239 -14.782020569 0.989761770 0.142718628 0.001744254 127.378196716
-0.010704418 0.106577463 -0.994246781 -28.472650528 -0.146996632 0.983333647 0.106990263 -14.777637482 0.989079058 0.147296220 0.005140516 127.392021179
-0.008722443 0.108341843 -0.994075418 -29.347400665 -0.149472937 0.982803047 0.108424850 -14.770765305 0.988727391 0.149533063 0.007621730 127.423065186
-0.005089102 0.109585561 -0.993964314 -30.238361359 -0.148732841 0.982838392 0.109120406 -14.774808884 0.988864243 0.148390457 0.011297206 127.448646545
-0.002618141 0.109632485 -0.993968606 -31.129207611 -0.151356146 0.982477427 0.108763680 -14.768535614 0.988475800 0.150728047 0.014021283 127.479522705
-0.000197441 0.113317765 -0.993558705 -32.030490875 -0.151833743 0.982036173 0.112033740 -14.758391380 0.988405943 0.150877878 0.017011566 127.510169983
0.002238740 0.115163475 -0.993344009 -32.949092865 -0.150831684 0.982020915 0.113510810 -14.749485970 0.988556862 0.149573654 0.019568793 127.549392700
0.003963282 0.116502456 -0.993182421 -33.842403412 -0.151414886 0.981808841 0.114564084 -14.745290756 0.988462329 0.149928570 0.021531390 127.590309143
0.006328541 0.114838220 -0.993364036 -34.746181488 -0.152946770 0.981806815 0.112527758 -14.738235474 0.988214135 0.151219711 0.023777541 127.622016907
0.007104862 0.115844868 -0.993241847 -35.658031464 -0.157137096 0.981056154 0.113299549 -14.725769043 0.987551272 0.155270159 0.025173793 127.658424377
0.008293019 0.116580121 -0.993146658 -36.553272247 -0.158048600 0.980849802 0.113816917 -14.720258713 0.987396538 0.156021565 0.026559530 127.694068909
0.008425016 0.113161013 -0.993540943 -37.448364258 -0.158707783 0.981133640 0.110402055 -14.717042923 0.987289608 0.156752527 0.026225597 127.729484558
0.009068958 0.108963698 -0.994004369 -38.356601715 -0.159324959 0.981503904 0.106139764 -14.717827797 0.987184525 0.157407120 0.026261855 127.778427124
0.009710821 0.108084649 -0.994094253 -39.254356384 -0.159015328 0.981657505 0.105179109 -14.709836960 0.987228334 0.157054842 0.026719818 127.818374634
0.009374965 0.112334035 -0.993626297 -40.158271790 -0.161175117 0.980847120 0.109368585 -14.705972672 0.986881256 0.159122482 0.027300859 127.860328674
0.009778454 0.118535869 -0.992901623 -41.085456848 -0.161824331 0.980047941 0.115407661 -14.694820404 0.986771047 0.159547135 0.028765345 127.897132874
0.009910208 0.117216274 -0.993056893 -41.980171204 -0.159686178 0.980546236 0.114145964 -14.692916870 0.987118125 0.157446265 0.028435230 127.942733765
0.010894844 0.106826767 -0.994217932 -42.871887207 -0.158804476 0.981842995 0.103756875 -14.698658943 0.987249911 0.156755865 0.027661595 127.984786987
0.011110935 0.096332937 -0.995287180 -43.796825409 -0.160565600 0.982604384 0.093312889 -14.700986862 0.986962736 0.158772081 0.026385412 128.025375366
0.009966630 0.093296401 -0.995588422 -44.696258545 -0.157329023 0.983383656 0.090577684 -14.708202362 0.987495840 0.155732229 0.024479251 128.072982788
0.009931566 0.103621483 -0.994567215 -45.621860504 -0.150063440 0.983506978 0.100970626 -14.711073875 0.988626599 0.148245379 0.025317561 128.119445801
0.010106512 0.116562009 -0.993131995 -46.561779022 -0.145221382 0.982824206 0.113874383 -14.705638885 0.989347577 0.143073156 0.026860224 128.177581787
0.010432290 0.125346303 -0.992058277 -47.482929230 -0.145624101 0.981725514 0.122509405 -14.694025040 0.989285052 0.143189520 0.028495086 128.222457886
0.010358745 0.119719058 -0.992753804 -48.399066925 -0.145923048 0.982359886 0.116943002 -14.690036774 0.989241779 0.143654257 0.027645783 128.262542725
0.010179479 0.106455281 -0.994265318 -49.322120667 -0.145564944 0.983882785 0.103853293 -14.688678741 0.989296317 0.143673047 0.025511572 128.305404663
0.010663608 0.097602911 -0.995168269 -50.236270905 -0.146130472 0.984692395 0.095009618 -14.687016487 0.989207804 0.144411296 0.024763135 128.348556519
0.010990925 0.097606003 -0.995164394 -51.166057587 -0.145039737 0.984855294 0.094992988 -14.692147255 0.989364803 0.143294349 0.024981217 128.393859863
0.010442499 0.099141382 -0.995018482 -52.109580994 -0.148184493 0.984239161 0.096512198 -14.709608078 0.988904595 0.146438524 0.024969136 128.438583374
0.010927022 0.098685674 -0.995058656 -53.037887573 -0.152699798 0.983611226 0.095873535 -14.710319519 0.988212168 0.150897652 0.025817227 128.472091675
0.011477507 0.097916000 -0.995128453 -53.975471497 -0.154411793 0.983430207 0.094983988 -14.710577011 0.987939954 0.152569428 0.026406711 128.513031006
0.012341021 0.105796114 -0.994311273 -54.944107056 -0.163438573 0.981227279 0.102375418 -14.712402344 0.986476243 0.161245421 0.029400513 128.549987793
0.013710256 0.115152910 -0.993253231 -55.883888245 -0.168748990 0.979364753 0.111213461 -14.702703476 0.985563755 0.166085690 0.032859281 128.589050293
0.015197746 0.123572633 -0.992219210 -56.843456268 -0.169319928 0.978320301 0.119248196 -14.695039749 0.985444009 0.166190132 0.035791572 128.627761841
0.016168931 0.123948187 -0.992157042 -57.798294067 -0.171115160 0.977990627 0.119389795 -14.683435440 0.985118330 0.167842656 0.037022475 128.677368164
0.017633084 0.114503473 -0.993266463 -58.723922729 -0.172496676 0.978873253 0.109781988 -14.682641029 0.984852254 0.169399321 0.037012026 128.719726562
0.019051734 0.109387212 -0.993816614 -59.661636353 -0.170957610 0.979714811 0.104557745 -14.673860550 0.985094190 0.167908549 0.037365843 128.772552490
0.020625647 0.107811660 -0.993957281 -60.630531311 -0.169273823 0.980192482 0.102806009 -14.672331810 0.985353172 0.166130528 0.038466793 128.831665039
0.023950731 0.113400407 -0.993260562 -61.590179443 -0.171015665 0.979365289 0.107690237 -14.667860031 0.984977186 0.167283863 0.042849764 128.889297485
0.027629508 0.116052158 -0.992858768 -62.559768677 -0.173665106 0.978691041 0.109563373 -14.669155121 0.984417081 0.169397756 0.047194965 128.941116333
0.031584237 0.110963866 -0.993322492 -63.517406464 -0.172656491 0.979483902 0.103928074 -14.667279243 0.984475613 0.168221086 0.050094888 129.001556396
0.034928974 0.105078399 -0.993850350 -64.472526550 -0.172661811 0.980137587 0.097560354 -14.669525146 0.984361589 0.168192357 0.052378226 129.064849854
0.038834572 0.104837306 -0.993730903 -65.445457458 -0.170334861 0.980620325 0.096797548 -14.667141914 0.984620750 0.165507898 0.055939417 129.133071899
0.040638473 0.109144501 -0.993194818 -66.391937256 -0.167537645 0.980687141 0.100914896 -14.679981232 0.985027730 0.162296489 0.058139440 129.215225220
0.043965895 0.115970150 -0.992279112 -67.348861694 -0.166960552 0.980123758 0.107151829 -14.680083275 0.984982848 0.160960436 0.062454455 129.294815063
0.046173889 0.119916551 -0.991709650 -68.315551758 -0.164702982 0.980095208 0.110843599 -14.683784485 0.985261858 0.158219472 0.065005429 129.385086060
0.048437726 0.121482037 -0.991411030 -69.297416687 -0.164221734 0.980037093 0.112064898 -14.680391312 0.985233426 0.157383099 0.067420751 129.461364746
0.051012520 0.118842900 -0.991601765 -70.236770630 -0.163238660 0.980533659 0.109118626 -14.681514740 0.985266924 0.156301290 0.069419242 129.535568237
0.051664978 0.117617548 -0.991714060 -71.183273315 -0.161247343 0.980992854 0.107945569 -14.684694290 0.985560834 0.154334262 0.069648482 129.623535156
0.052337445 0.114072353 -0.992092907 -72.130577087 -0.158167928 0.981861413 0.104551837 -14.691065788 0.986024201 0.151445270 0.069430694 129.711914062
0.052018385 0.113457344 -0.992180169 -73.114509583 -0.156557500 0.982167006 0.104104251 -14.679847717 0.986298025 0.149917945 0.068853326 129.794021606
0.051723491 0.118051752 -0.991659403 -74.067779541 -0.153283998 0.982160449 0.108925872 -14.678713799 0.986827552 0.146371514 0.068896212 129.880004883
0.051107720 0.120000370 -0.991457462 -75.029266357 -0.147287324 0.982804775 0.111360729 -14.684385300 0.987772465 0.140337721 0.067903452 129.978317261
0.050510094 0.115416832 -0.992032051 -75.987327576 -0.144526735 0.983689129 0.107087478 -14.668424606 0.988210797 0.137966156 0.066367045 130.059082031
0.049115647 0.111588612 -0.992540002 -76.949981689 -0.146493584 0.983797252 0.103356481 -14.668036461 0.987991452 0.140324324 0.064666860 130.130096436
0.047820061 0.108915597 -0.992900133 -77.898262024 -0.142997846 0.984544456 0.101111971 -14.670292854 0.988566995 0.137147397 0.062655672 130.214096069
0.046411105 0.109504305 -0.992902219 -78.862800598 -0.143039286 0.984458566 0.101886995 -14.669772148 0.988628149 0.137295336 0.061353222 130.285949707
0.045765314 0.110706314 -0.992798865 -79.819000244 -0.144290611 0.984150648 0.103090540 -14.669820786 0.988476396 0.138533592 0.061013848 130.358169556
0.044291902 0.110845864 -0.992850184 -80.772880554 -0.145826668 0.983897924 0.103340954 -14.670156479 0.988318086 0.140206859 0.059742995 130.432937622
0.043439914 0.112104468 -0.992746413 -81.724212646 -0.145632669 0.983781040 0.104719557 -14.672043800 0.988384604 0.140027300 0.059061427 130.495819092
0.041362170 0.112446636 -0.992796540 -82.688774109 -0.145707920 0.983702838 0.105346151 -14.672703743 0.988462567 0.140300944 0.057072453 130.565917969
0.039398439 0.114576854 -0.992632806 -83.642387390 -0.145916283 0.983414769 0.107721291 -14.662534714 0.988512099 0.140597239 0.055463634 130.643203735
0.038005471 0.118351154 -0.992244184 -84.596473694 -0.147313088 0.982776105 0.111579381 -14.653676987 0.988359451 0.141929910 0.054785546 130.701766968
0.036133166 0.123394020 -0.991699636 -85.545989990 -0.148560852 0.981984735 0.116772294 -14.642689705 0.988242924 0.143108413 0.053813744 130.765075684
0.033336878 0.123467892 -0.991788447 -86.496971130 -0.148558080 0.981928647 0.117246948 -14.639275551 0.988341630 0.143429548 0.051076584 130.832565308
0.032352801 0.118259758 -0.992455423 -87.441932678 -0.148655295 0.982500196 0.112227499 -14.632365227 0.988359690 0.143902898 0.049366564 130.893310547
0.029729724 0.113472514 -0.993096173 -88.388923645 -0.152954906 0.982350707 0.107665792 -14.620882988 0.987785876 0.148698077 0.046561189 130.954956055
0.028579863 0.111372381 -0.993367672 -89.332275391 -0.150895864 0.982865930 0.105853602 -14.616590500 0.988136530 0.146869808 0.044895809 131.019271851
0.028257126 0.112564445 -0.993242562 -90.300231934 -0.146167248 0.983424246 0.107293352 -14.615631104 0.988856256 0.142147720 0.044241983 131.071624756
0.027871117 0.113879003 -0.993103564 -91.249595642 -0.143156096 0.983703494 0.108783461 -14.611738205 0.989307582 0.139136896 0.043719381 131.131652832
0.026475037 0.113700502 -0.993162274 -92.200843811 -0.137725234 0.984451056 0.109031811 -14.612093925 0.990116596 0.133896887 0.041722804 131.200317383
0.025159273 0.110847980 -0.993519008 -93.142669678 -0.133723915 0.985275030 0.106541857 -14.613132477 0.990699232 0.130176723 0.039611828 131.264999390
0.024690516 0.107861944 -0.993859291 -94.086601257 -0.128693298 0.986233175 0.103837170 -14.616517067 0.991377056 0.125339240 0.038231712 131.325469971
0.022858387 0.111112177 -0.993544877 -95.072036743 -0.126692906 0.986114204 0.107366361 -14.624182701 0.991678596 0.123420872 0.036618102 131.377578735
0.021534944 0.113308363 -0.993326426 -96.020545959 -0.126072302 0.985933423 0.109731846 -14.618510246 0.991787314 0.122867882 0.035517067 131.434600830
0.019995892 0.111049615 -0.993613720 -96.979858398 -0.121907078 0.986667931 0.107820004 -14.611752510 0.992340147 0.118972592 0.033267029 131.488052368
0.018380165 0.108266585 -0.993951976 -97.929260254 -0.119034201 0.987286329 0.105339371 -14.610183716 0.992720127 0.116378106 0.031033913 131.532104492
0.014499043 0.106160253 -0.994243443 -98.899131775 -0.117771797 0.987607718 0.103734292 -14.611805916 0.992934823 0.115589760 0.026822055 131.586975098
0.011814705 0.104980789 -0.994404078 -99.854339600 -0.112152986 0.988337517 0.103007831 -14.615369797 0.993620694 0.110308364 0.023450824 131.637084961
0.009619785 0.104852073 -0.994441330 -100.813209534 -0.105344728 0.989059508 0.103265576 -14.605650902 0.994389296 0.103765756 0.020560151 131.680465698
0.006801165 0.113425739 -0.993523180 -101.776184082 -0.095798001 0.989050448 0.112259306 -14.611229897 0.995377541 0.094414055 0.017592652 131.746551514
0.004288433 0.121295474 -0.992607117 -102.732574463 -0.087745920 0.988833189 0.120455205 -14.602042198 0.996133626 0.086580664 0.014883731 131.801269531
0.000430171 0.121469028 -0.992595136 -103.692504883 -0.083313823 0.989148676 0.121011160 -14.596549988 0.996523261 0.082644843 0.010545554 131.853973389
-0.001613638 0.111288726 -0.993786693 -104.640190125 -0.084329024 0.990233183 0.111027665 -14.593589783 0.996436656 0.083984241 0.007786991 131.881713867
-0.003813448 0.101810940 -0.994796395 -105.587600708 -0.086080126 0.991077781 0.101760305 -14.587485313 0.996280909 0.086020268 0.004984474 131.919326782
-0.004012117 0.103253953 -0.994646907 -106.550254822 -0.093219794 0.990285099 0.103177182 -14.583848953 0.995637536 0.093134746 0.005652172 131.934478760
-0.004777382 0.112225503 -0.993671298 -107.515762329 -0.096476488 0.988995492 0.112161271 -14.567584038 0.995323777 0.096401751 0.006102313 131.970108032
-0.006241383 0.123610169 -0.992311239 -108.479133606 -0.100552991 0.987223268 0.123608820 -14.552845001 0.994912148 0.100551337 0.006267730 131.997879028
-0.007536232 0.125106663 -0.992114723 -109.426979065 -0.107443929 0.986297846 0.125189304 -14.536614418 0.994182527 0.107540153 0.006008981 132.026046753
-0.007367705 0.122538202 -0.992436588 -110.410789490 -0.114960194 0.985779285 0.122569680 -14.518798828 0.993342757 0.114993729 0.006824083 132.042968750
-0.007665829 0.118245266 -0.992954910 -111.364662170 -0.122945882 0.985338688 0.118287481 -14.500597954 0.992383718 0.122986466 0.006984331 132.067077637
-0.005082494 0.120312653 -0.992723048 -112.330215454 -0.127622008 0.984539866 0.119974293 -14.478549957 0.991809726 0.127303064 0.010350623 132.086715698
-0.003907574 0.121770054 -0.992550552 -113.313552856 -0.135791406 0.983299851 0.121169724 -14.459437370 0.990729868 0.135253310 0.012693010 132.112319946
-0.003339468 0.124428675 -0.992223084 -114.277519226 -0.145010680 0.981680334 0.123594642 -14.438747406 0.989424467 0.144295663 0.014765196 132.131988525
-0.003009039 0.126892969 -0.991911888 -115.254013062 -0.150906280 0.980499327 0.125890762 -14.415630341 0.988543451 0.150064573 0.016198589 132.155471802
-0.002889405 0.125926986 -0.992035329 -116.227134705 -0.154591784 0.980057240 0.124856748 -14.397486687 0.987974226 0.153721303 0.016635491 132.197967529
-0.001271204 0.116577081 -0.993180871 -117.182754517 -0.153646484 0.981365740 0.115386896 -14.396881104 0.988125086 0.152745441 0.016664144 132.229797363
0.000294212 0.104922302 -0.994480371 -118.135276794 -0.156733871 0.982194304 0.103579693 -14.383626938 0.987640858 0.155838236 0.016733849 132.265090942
