1.000000000 0.000000000 0.000000000 0.000000000 0.000000000 1.000000000 0.000000000 0.000000000 0.000000000 0.000000000 1.000000000 0.000000000
0.999997854 -0.001576237 -0.001349127 0.049272805 0.001573315 0.999996424 -0.002164838 -0.132515147 0.001352535 0.002162711 0.999996722 1.298060060
0.999997675 0.000021412 -0.002137787 0.104365297 -0.000035168 0.999979317 -0.006435076 -0.266840756 0.002137604 0.006435135 0.999976993 2.604140520
0.999996185 0.002388421 -0.001380483 0.148717985 -0.002399349 0.999965310 -0.007969190 -0.405239940 0.001361401 0.007972473 0.999967277 3.907831669
0.999983966 0.005663188 0.000195047 0.193891913 -0.005661758 0.999961674 -0.006686301 -0.543961406 -0.000232905 0.006685089 0.999977589 5.219761848
0.999975502 0.006555950 0.002441101 0.243312627 -0.006547709 0.999972820 -0.003368579 -0.690138757 -0.002463119 0.003352512 0.999991357 6.538298130
0.999960899 0.006738990 0.005726512 0.300101519 -0.006726791 0.999975026 -0.002146873 -0.827029705 -0.005740836 0.002108268 0.999981225 7.841068268
0.999943554 0.005331457 0.009193265 0.355273545 -0.005313376 0.999983907 -0.001990198 -0.960441291 -0.009203727 0.001941239 0.999955714 9.146641731
0.999912739 0.004051668 0.012574648 0.432405710 -0.004028208 0.999990106 -0.001890447 -1.097360253 -0.012582183 0.001839628 0.999919116 10.446300507
0.999869704 0.002713309 0.015912719 0.499274313 -0.002673783 0.999993265 -0.002504645 -1.237607360 -0.015919406 0.002461771 0.999870181 11.753138542
0.999815345 0.001604134 0.019148625 0.578575730 -0.001540613 0.999993145 -0.003331553 -1.374026656 -0.019153841 0.003301437 0.999811053 13.046229362
0.999746740 0.001452097 0.022455439 0.648379028 -0.001376394 0.999993324 -0.003386333 -1.520111918 -0.022460205 0.003354568 0.999742091 14.374683380
0.999663591 0.001297259 0.025903497 0.731275797 -0.001182435 0.999989450 -0.004447597 -1.658693910 -0.025908994 0.004415472 0.999654531 15.669919968
0.999574780 0.002286181 0.029067555 0.813163280 -0.002157643 0.999987900 -0.004452597 -1.796332002 -0.029077381 0.004387987 0.999567509 16.977190018
0.999473095 0.001873997 0.032406148 0.902277589 -0.001745676 0.999990523 -0.003987613 -1.935714960 -0.032413315 0.003928941 0.999466836 18.263706207
0.999412417 0.000120819 0.034275167 1.005056858 0.000010997 0.999992728 -0.003845593 -2.078436136 -0.034275383 0.003843710 0.999404967 19.562219620
0.999354124 -0.002267639 0.035862960 1.103172541 0.002456127 0.999983490 -0.005212599 -2.218024969 -0.035850547 0.005297316 0.999343097 20.836641312
0.999313116 -0.002006758 0.037003174 1.203750014 0.002260393 0.999974191 -0.006813846 -2.363145113 -0.036988549 0.006892808 0.999291897 22.145751953
0.999259472 -0.001896642 0.038429983 1.283195734 0.002263527 0.999952257 -0.009505578 -2.506353140 -0.038410123 0.009585526 0.999216139 23.431484222
0.999228954 -0.001451345 0.039233860 1.389202356 0.001879850 0.999938965 -0.010887140 -2.649922371 -0.039215665 0.010952500 0.999170721 24.714664459
0.999182105 -0.000803967 0.040428709 1.488339543 0.001268013 0.999933600 -0.011453805 -2.797322273 -0.040416818 0.011495698 0.999116719 25.984882355
0.999164522 -0.002309595 0.040803932 1.587795258 0.002735797 0.999942243 -0.010392372 -2.944415331 -0.040777575 0.010495319 0.999113142 27.270843506
0.999155164 -0.005267305 0.040758662 1.691060543 0.005646650 0.999941647 -0.009197567 -3.092219830 -0.040707845 0.009419947 0.999126732 28.549303055
0.999184012 -0.006720252 0.039824363 1.789000154 0.007111237 0.999927759 -0.009684213 -3.238026142 -0.039756406 0.009959511 0.999159694 29.833879471
0.999202251 -0.008402590 0.039039131 1.892159700 0.008885062 0.999886036 -0.012201690 -3.383822680 -0.038932156 0.012538821 0.999163210 31.099445343
0.999227226 -0.008414591 0.038395271 2.000231504 0.008891817 0.999885082 -0.012275469 -3.534659386 -0.038287576 0.012607387 0.999187231 32.382240295
0.999248922 -0.009174052 0.037646540 2.099666595 0.009660074 0.999872088 -0.012748642 -3.676574230 -0.037524767 0.013102735 0.999209821 33.647480011
0.999258101 -0.009485704 0.037327126 2.192353249 0.009970611 0.999868035 -0.012826086 -3.821797609 -0.037200540 0.013188746 0.999220788 34.919040680
0.999263465 -0.009961574 0.037057057 2.279988527 0.010455154 0.999858856 -0.013149581 -3.967962503 -0.036920834 0.013527333 0.999226689 36.177516937
0.999316514 -0.010564893 0.035425130 2.402026653 0.011051448 0.999846816 -0.013567124 -4.121584892 -0.035276372 0.013949348 0.999280214 37.468353271
0.999319792 -0.010229481 0.035432693 2.495664120 0.010653241 0.999873698 -0.011791483 -4.266765118 -0.035307597 0.012160934 0.999302447 38.725708008
0.999277353 -0.010235167 0.036605410 2.592445850 0.010634395 0.999885857 -0.010728202 -4.405027866 -0.036491431 0.011109727 0.999272168 39.987838745
0.999193788 -0.012052270 0.038295444 2.699233532 0.012399727 0.999884069 -0.008848544 -4.549437523 -0.038184352 0.009316262 0.999227345 41.236644745
0.999081194 -0.012994231 0.040840134 2.792446136 0.013426569 0.999856532 -0.010329657 -4.691016674 -0.040700048 0.010868509 0.999112308 42.496410370
0.998949409 -0.014267442 0.043549560 2.885404348 0.014857539 0.999801755 -0.013256501 -4.843089104 -0.043351799 0.013889614 0.998963296 43.746028900
0.998862028 -0.015425536 0.045129631 3.001785278 0.016095415 0.999765038 -0.014517881 -4.987531185 -0.044895079 0.015227743 0.998875618 45.005970001
0.998747587 -0.015524771 0.047562998 3.130333900 0.016179530 0.999779165 -0.013412159 -5.120422363 -0.047344271 0.014164908 0.998778164 46.241130829
0.998536646 -0.016780313 0.051409967 3.232333183 0.017308518 0.999801695 -0.009846399 -5.276895523 -0.051234547 0.010721822 0.998629093 47.504547119
0.998274803 -0.019773746 0.055284776 3.349361420 0.020240046 0.999764085 -0.007887184 -5.414934635 -0.055115767 0.008992543 0.998439550 48.728824615
0.998026669 -0.021654727 0.058939077 3.478185177 0.022186164 0.999718785 -0.008377307 -5.553505421 -0.058741100 0.009668409 0.998226404 49.986972809
0.997749209 -0.025216494 0.062133566 3.624045134 0.026011482 0.999589503 -0.012019198 -5.689771652 -0.061804976 0.013608335 0.997995377 51.214866638
0.997465193 -0.026333548 0.066104211 3.757598639 0.027203001 0.999554396 -0.012287189 -5.825772285 -0.065751195 0.014054278 0.997737050 52.450702667
0.997097492 -0.028883144 0.070445701 3.884516716 0.029635401 0.999514103 -0.009656659 -5.967051506 -0.070132554 0.011716315 0.997468889 53.669166565
0.996830344 -0.031581756 0.073019333 4.043786526 0.032148954 0.999461353 -0.006605293 -6.098190784 -0.072771400 0.008931851 0.997308612 54.884593964
0.996596336 -0.034127280 0.075040370 4.196517467 0.034577224 0.999390960 -0.004704635 -6.231730938 -0.074834116 0.007283309 0.997169375 56.096290588
0.996378481 -0.037474595 0.076324888 4.346040726 0.037721273 0.999286711 -0.001792427 -6.355599880 -0.076203272 0.004665008 0.997081399 57.312877655
0.996244192 -0.040494684 0.076534837 4.503964901 0.040620070 0.999174654 -0.000081618 -6.484682083 -0.076468356 0.003190162 0.997066915 58.514041901
0.996176958 -0.042380463 0.076389261 4.644546509 0.042767372 0.999079168 -0.003435509 -6.609096527 -0.076173306 0.006689343 0.997072160 59.716770172
0.996179760 -0.043526538 0.075703897 4.791135788 0.044244960 0.998989999 -0.007838039 -6.736753941 -0.075286262 0.011157613 0.997099519 60.904136658
0.996193528 -0.044819243 0.074764147 4.921638012 0.045818854 0.998881161 -0.011708071 -6.866531372 -0.074155740 0.015089111 0.997132480 62.105625153
0.996237457 -0.046196871 0.073326036 5.065477848 0.047364227 0.998775899 -0.014261039 -6.997876167 -0.072577469 0.017680410 0.997206151 63.295913696
0.996355474 -0.046864748 0.071270317 5.199983597 0.048009660 0.998742521 -0.014436199 -7.134405136 -0.070504144 0.017805247 0.997352540 64.488067627
0.996574581 -0.046372700 0.068473443 5.333787441 0.047416981 0.998781204 -0.013704319 -7.271304131 -0.067754470 0.016904181 0.997558832 65.662872314
0.996825695 -0.045462340 0.065357722 5.456358910 0.046320282 0.998858452 -0.011671316 -7.415822506 -0.064752512 0.014661657 0.997793615 66.866058350
0.997213006 -0.041672628 0.061884768 5.575718880 0.042253699 0.999073982 -0.008110137 -7.546030998 -0.061489485 0.010702394 0.998050392 68.043243408
0.997430146 -0.039638195 0.059683312 5.682579994 0.040054131 0.999180734 -0.005788425 -7.670664310 -0.059404977 0.008164113 0.998200595 69.209693909
0.997718334 -0.038796589 0.055254001 5.815494537 0.039344106 0.999186456 -0.008855633 -7.811872005 -0.054865483 0.011009346 0.998432994 70.425529480
0.997893810 -0.038990021 0.051845003 5.924808025 0.039840579 0.999086261 -0.015474280 -7.943358421 -0.051194284 0.017507223 0.998535275 71.585548401
0.997950613 -0.042421311 0.047907390 6.031593323 0.043360356 0.998883724 -0.018734738 -8.077440262 -0.047059167 0.020773623 0.998676002 72.761764526
0.997994721 -0.046020839 0.043458439 6.155492783 0.046671428 0.998811126 -0.014075805 -8.217981339 -0.042758986 0.016075848 0.998956025 73.948669434
0.997985899 -0.049835473 0.039250154 6.259990215 0.050235089 0.998694479 -0.009261133 -8.344809532 -0.038737372 0.011214213 0.999186516 75.105773926
0.998029888 -0.052388247 0.034522049 6.357553482 0.052636016 0.998593807 -0.006307377 -8.476777077 -0.034143068 0.008112053 0.999383986 76.300048828
0.998213232 -0.051542364 0.030224625 6.448936939 0.051683512 0.998655856 -0.003907075 -8.600986481 -0.029982617 0.005462210 0.999535501 77.460792542
0.998366475 -0.050883729 0.025982670 6.548095703 0.051017284 0.998687565 -0.004502672 -8.711142540 -0.025719449 0.005820881 0.999652326 78.621696472
0.998489499 -0.049704149 0.023412133 6.608416557 0.049856141 0.998738766 -0.005953514 -8.849328995 -0.023086686 0.007111759 0.999708176 79.796119690
0.998671651 -0.047429133 0.020134773 6.683529854 0.047652144 0.998806119 -0.010744486 -8.979606628 -0.019601133 0.011689678 0.999739528 80.940048218
0.998574853 -0.050858643 0.016184397 6.769996643 0.051112626 0.998569727 -0.015686082 -9.117891312 -0.015363477 0.016490953 0.999745965 82.101455688
0.998430192 -0.054257862 0.013906848 6.827375412 0.054486137 0.998376489 -0.016597193 -9.250473022 -0.012983743 0.017328870 0.999765515 83.237457275
0.998484373 -0.054101348 0.010097048 6.886537552 0.054234829 0.998437524 -0.013450886 -9.379693985 -0.009353561 0.013978112 0.999858558 84.393150330
0.998471677 -0.054712389 0.007784483 6.944189072 0.054793119 0.998441875 -0.010565255 -9.510792732 -0.007194303 0.010975646 0.999913931 85.524620056
0.998611629 -0.052233603 0.006813780 6.997229099 0.052317400 0.998548925 -0.012761815 -9.636564255 -0.006137297 0.013100577 0.999895394 86.664482117
0.998815536 -0.048293401 0.005935054 7.050115585 0.048381232 0.998705924 -0.015672106 -9.770534515 -0.005170513 0.015940689 0.999859571 87.793495178
0.998870194 -0.047292493 0.004648103 7.103216171 0.047369674 0.998711526 -0.018199643 -9.902109146 -0.003781409 0.018399259 0.999823511 88.911560059
0.998823047 -0.048347831 0.003853791 7.158430576 0.048411313 0.998654962 -0.018565645 -10.038299561 -0.002950999 0.018730367 0.999820173 90.028961182
0.998782396 -0.049227607 0.003198768 7.198833466 0.049274091 0.998647451 -0.016593136 -10.169314384 -0.002377601 0.016730551 0.999857187 91.149200439
0.998690426 -0.051121764 0.001935692 7.258498192 0.051143646 0.998596251 -0.013780319 -10.296764374 -0.001228500 0.013861272 0.999903202 92.258720398
0.998713434 -0.050677229 0.001800250 7.310188770 0.050696723 0.998625755 -0.013283219 -10.423654556 -0.001124619 0.013357399 0.999910176 93.396125793
0.998708546 -0.050767113 0.001942108 7.350083351 0.050790798 0.998593986 -0.015175337 -10.558629990 -0.001168969 0.015254381 0.999882936 94.534225464
0.998702168 -0.050913658 0.001354539 7.407683849 0.050930120 0.998526096 -0.018750863 -10.688161850 -0.000397868 0.018795513 0.999823213 95.634231567
0.998657584 -0.051791605 0.000806144 7.464399815 0.051797409 0.998461664 -0.019778535 -10.821244240 0.000219458 0.019793741 0.999803960 96.738990784
0.998670042 -0.051529251 0.001694064 7.508083820 0.051552046 0.998492777 -0.018829409 -10.951369286 -0.000721245 0.018891696 0.999821424 97.820060730
0.998684108 -0.051239699 0.002127930 7.559111118 0.051263254 0.998599231 -0.013102967 -11.074564934 -0.001453557 0.013194809 0.999911964 98.908630371
0.998763740 -0.049595829 0.003351223 7.610898018 0.049627308 0.998717010 -0.010074043 -11.196879387 -0.002847293 0.010227899 0.999943614 99.977622986
0.998827457 -0.048114881 0.005351648 7.665238857 0.048167642 0.998787105 -0.010210756 -11.311470032 -0.004853867 0.010456562 0.999933481 101.029960632
0.998903573 -0.046310265 0.006870629 7.725118637 0.046388414 0.998855114 -0.011687371 -11.439130783 -0.006321519 0.011993274 0.999908030 102.077079773
0.998873293 -0.046569977 0.009122443 7.780928135 0.046696916 0.998807609 -0.014234728 -11.556425095 -0.008448656 0.014644682 0.999857128 103.090599060
0.998790622 -0.047911227 0.011025436 7.844649792 0.048070986 0.998735547 -0.014712272 -11.677327156 -0.010306614 0.015224485 0.999830961 104.101676941
0.998695552 -0.049473524 0.012632895 7.913742065 0.049649052 0.998668849 -0.013981013 -11.802104950 -0.011924390 0.014589986 0.999822438 105.111160278
0.998682141 -0.049301829 0.014261230 7.977242947 0.049479593 0.998698175 -0.012392994 -11.917641640 -0.013631670 0.013082301 0.999821424 106.070777893
0.998606443 -0.050398387 0.015657259 8.036893845 0.050574593 0.998658955 -0.011069335 -12.028111458 -0.015078385 0.011845768 0.999816120 107.026229858
0.998537183 -0.051144473 0.017542450 8.095055580 0.051352814 0.998612702 -0.011639012 -12.134087563 -0.016922839 0.012522842 0.999778390 107.945037842
0.998529255 -0.050605435 0.019451521 8.152480125 0.050801430 0.998661518 -0.009716759 -12.236444473 -0.018933766 0.010690635 0.999763548 108.848869324
0.998528183 -0.049809847 0.021458134 8.209727287 0.049979929 0.998722374 -0.007463685 -12.336268425 -0.021058954 0.008525175 0.999741912 109.719406128
0.998504996 -0.049818520 0.022489339 8.272693634 0.049928091 0.998743415 -0.004336299 -12.437711716 -0.022245049 0.005452666 0.999737680 110.575569153
0.998461843 -0.049917839 0.024125809 8.333359718 0.050030217 0.998739421 -0.004076745 -12.530409813 -0.023891894 0.005277494 0.999700606 111.401771545
0.998473763 -0.049144987 0.025198111 8.385641098 0.049244825 0.998781085 -0.003356284 -12.621903419 -0.025002453 0.004592038 0.999676943 112.214950562
0.998574972 -0.046802998 0.025642307 8.438432693 0.046896975 0.998895049 -0.003075747 -12.702389717 -0.025470020 0.004273911 0.999666452 112.995399475
0.998705328 -0.044203684 0.025175825 8.484017372 0.044223636 0.999021590 -0.000235731 -12.779387474 -0.025140774 0.001348792 0.999683022 113.754379272
0.998775601 -0.044434309 0.021743003 8.535056114 0.044427060 0.999012232 0.000816462 -12.863933563 -0.021757806 0.000150515 0.999763250 114.505737305
0.998894691 -0.044484820 0.015182490 8.572088242 0.044475529 0.999010026 0.000949088 -12.938694000 -0.015209681 -0.000272789 0.999884248 115.203903198
0.999076486 -0.042684287 0.004942333 8.597719193 0.042686217 0.999088466 -0.000285212 -13.013629913 -0.004925657 0.000495918 0.999987721 115.876914978
0.999164402 -0.039919548 -0.008774700 8.596657753 0.039893776 0.999199092 -0.003093005 -13.083559036 0.008891141 0.002740365 0.999956667 116.513130188
0.998865366 -0.038531389 -0.027988115 8.599825859 0.038391761 0.999247551 -0.005509681 -13.153076172 0.028179355 0.004428917 0.999593019 117.134788513
0.998049140 -0.036901157 -0.050361086 8.565397263 0.036555380 0.999301374 -0.007769958 -13.223217964 0.050612625 0.005913832 0.998700798 117.721626282
0.996321142 -0.035439961 -0.078027636 8.524917603 0.034783747 0.999347150 -0.009753577 -13.289239883 0.078322358 0.007003601 0.996903479 118.290954590
0.993379891 -0.033148583 -0.109988764 8.452381134 0.032084540 0.999419749 -0.011430416 -13.360743523 0.110303864 0.007825809 0.993867040 118.830474854
0.988947809 -0.028797388 -0.145440876 8.344707489 0.027173318 0.999544382 -0.013141239 -13.422096252 0.145753041 0.009043887 0.989279687 119.374389648
0.982643425 -0.022665134 -0.184114516 8.242134094 0.020732792 0.999707997 -0.012413866 -13.483372688 0.184342101 0.008381199 0.982826352 119.889160156
0.974033415 -0.017123064 -0.225755930 8.101716995 0.015143129 0.999830186 -0.010499131 -13.539891243 0.225897402 0.006807853 0.974127293 120.392341614
0.962722242 -0.012627635 -0.270196766 7.926530838 0.010671770 0.999905109 -0.008706561 -13.601228714 0.270281076 0.005498523 0.962765753 120.886772156
0.948458433 -0.006294404 -0.316838920 7.734893799 0.003525903 0.999950409 -0.009310472 -13.656541824 0.316881865 0.007713452 0.948433697 121.350669861
0.930939972 0.001491108 -0.365169168 7.503971100 -0.005524920 0.999934673 -0.010001836 -13.713872910 0.365130424 0.011328640 0.930887401 121.833824158
0.909970820 0.006158742 -0.414626420 7.247001648 -0.011617360 0.999875784 -0.010644482 -13.768558502 0.414509416 0.014503033 0.909929454 122.256179810
0.884754300 0.010337962 -0.465943187 6.981239319 -0.016622843 0.999817789 -0.009381086 -13.821169853 0.465761334 0.016045257 0.884764850 122.672149658
0.855754435 0.013508870 -0.517205834 6.694782257 -0.021387022 0.999728322 -0.009274529 -13.862397194 0.516939998 0.018998211 0.855810821 123.069801331
0.824213564 0.023126306 -0.565806687 6.366775513 -0.032002736 0.999471128 -0.005767009 -13.915425301 0.565374076 0.022860607 0.824517787 123.440444946
0.790420949 0.036445368 -0.611478925 6.014858246 -0.045308329 0.998972595 0.000973502 -13.956987381 0.610886157 0.026935617 0.791260123 123.789749146
0.754265368 0.045018665 -0.655024529 5.658786774 -0.056404881 0.998401284 0.003667714 -13.997343063 0.654142439 0.034180149 0.755598724 124.109329224
0.714501023 0.048926495 -0.697921515 5.289703369 -0.063766420 0.997953832 0.004678476 -14.042873383 0.696722448 0.041161187 0.716158867 124.406990051
0.671704233 0.050582945 -0.739090443 4.916282654 -0.065951273 0.997787893 0.008349851 -14.095027924 0.737877846 0.043135326 0.673554361 124.690208435
0.627938867 0.054199871 -0.776372910 4.505558014 -0.069500312 0.997491539 0.013423919 -14.127729416 0.775153160 0.045528766 0.630130649 124.959907532
0.582855821 0.062899828 -0.810137391 4.080825806 -0.080705963 0.996550858 0.019308992 -14.160042763 0.808557749 0.054128565 0.585921884 125.189544678
0.537238359 0.071818605 -0.840367198 3.637123108 -0.092308357 0.995389402 0.026055157 -14.184780121 0.838364005 0.063575082 0.541390896 125.399124146
0.490055293 0.076878928 -0.868294597 3.185718536 -0.097882763 0.994656503 0.032823160 -14.211154938 0.866178334 0.068905912 0.494961768 125.602416992
0.443391412 0.077691413 -0.892954707 2.715427399 -0.096795268 0.994560659 0.038468499 -14.233615875 0.891086280 0.069377191 0.448499799 125.777252197
0.396535516 0.079357617 -0.914582968 2.241863251 -0.094470508 0.994494975 0.045331981 -14.254344940 0.913145602 0.068425365 0.401849538 125.943420410
0.350428790 0.082164660 -0.932978392 1.750339508 -0.096025236 0.994047046 0.051475506 -14.276851654 0.931653917 0.071550980 0.356232524 126.092773438
0.306439221 0.085288137 -0.948061585 1.245471954 -0.101491787 0.993228078 0.056546427 -14.295568466 0.946464181 0.078892432 0.313020051 126.209808350
0.265127838 0.087226190 -0.960259795 0.721029282 -0.106326573 0.992470860 0.060795341 -14.314392090 0.958332896 0.085982598 0.272406131 126.313316345
0.226033494 0.083790369 -0.970509231 0.194398880 -0.106795542 0.992419720 0.060809165 -14.330756187 0.968247712 0.089901149 0.233268529 126.408386230
0.191337824 0.078770749 -0.978358388 -0.342737198 -0.101609245 0.993008614 0.060078565 -14.349483490 0.976250708 0.087914929 0.198003948 126.498153687
0.161002606 0.073760353 -0.984193861 -0.897687912 -0.099217460 0.993361354 0.058216583 -14.366956711 0.981954217 0.088276200 0.167252094 126.573829651
0.133963808 0.072077110 -0.988361597 -1.455322266 -0.099546216 0.993285656 0.058943547 -14.389633179 0.985973775 0.090491369 0.140239313 126.651885986
0.111861840 0.071407601 -0.991154850 -2.036880493 -0.100623213 0.993102193 0.060191546 -14.405680656 0.988616109 0.093000047 0.118275478 126.716239929
0.093666747 0.072524644 -0.992958605 -2.643354416 -0.103099674 0.992687821 0.062779374 -14.417129517 0.990251005 0.096493371 0.100459099 126.763542175
0.077367932 0.070920132 -0.994477093 -3.247155190 -0.104051024 0.992594182 0.062690936 -14.442444801 0.991558254 0.098626062 0.084174275 126.815773010
0.063757204 0.070019573 -0.995505989 -3.868123055 -0.103316411 0.992638588 0.063200988 -14.469261169 0.992603064 0.098822586 0.070522010 126.858642578
0.051247224 0.067173198 -0.996424377 -4.510266304 -0.097701289 0.993286610 0.061936781 -14.489169121 0.993895471 0.094177842 0.057466090 126.913856506
0.039113045 0.064621203 -0.997143090 -5.157721519 -0.095363900 0.993593097 0.060650475 -14.507328987 0.994673789 0.092719220 0.045024984 126.956253052
0.028298829 0.064300433 -0.997529268 -5.816189766 -0.094743058 0.993608892 0.061359964 -14.528588295 0.995099366 0.092772543 0.034209996 126.991294861
0.019388858 0.065844685 -0.997641444 -6.487543106 -0.098317631 0.993118405 0.063635364 -14.551738739 0.994966209 0.096851930 0.025729127 127.001220703
0.010698160 0.065093517 -0.997821748 -7.186545372 -0.101177931 0.992828012 0.063682973 -14.573786736 0.994810820 0.100276247 0.017207460 127.022552490
0.004324107 0.064486988 -0.997909248 -7.873597622 -0.103853829 0.992551208 0.063690729 -14.594630241 0.994583189 0.103361294 0.010989120 127.039703369
-0.001126175 0.065746672 -0.997835696 -8.570614815 -0.104268931 0.992389500 0.065505512 -14.615412712 0.994548500 0.104117036 0.005737730 127.054748535
-0.004732605 0.067778356 -0.997689128 -9.292282104 -0.105913006 0.992054582 0.067897968 -14.631662369 0.994364262 0.105989568 0.002483607 127.078315735
-0.005660336 0.071403310 -0.997431517 -10.009552002 -0.108291201 0.991537750 0.071595944 -14.653248787 0.994103074 0.108418316 0.002119914 127.091613770
-0.006425119 0.074964538 -0.997165501 -10.743706703 -0.110931419 0.990977824 0.075214133 -14.669180870 0.993807197 0.111100242 0.001948773 127.098495483
-0.008108427 0.080763251 -0.996700346 -11.474762917 -0.115823939 0.989948571 0.081158407 -14.682905197 0.993236661 0.116099827 0.001327393 127.115196228
-0.009457313 0.084305100 -0.996395171 -12.212398529 -0.118671522 0.989303112 0.084831432 -14.695307732 0.992888510 0.119045988 0.000648465 127.132911682
-0.011045646 0.085041173 -0.996316254 -12.957132339 -0.117914483 0.989314318 0.085750788 -14.712840080 0.992962301 0.118427277 -0.000900030 127.149787903
-0.011923553 0.081524029 -0.996600032 -13.727784157 -0.116399430 0.989781857 0.082358919 -14.728588104 0.993130922 0.116985694 -0.002312365 127.163688660
-0.013706760 0.078349642 -0.996831656 -14.478840828 -0.120229639 0.989563227 0.079431556 -14.736051559 0.992651522 0.120937474 -0.004143754 127.176605225
-0.014827637 0.079753526 -0.996704280 -15.251837730 -0.124910221 0.988857448 0.080983892 -14.743908882 0.992057264 0.125699371 -0.004700388 127.176216125
-0.016166896 0.083053321 -0.996413887 -16.029064178 -0.122104175 0.988921404 0.084409937 -14.759663582 0.992385626 0.123030953 -0.005846635 127.190246582
-0.018317726 0.083249196 -0.996360362 -16.806852341 -0.121139981 0.989001393 0.084861442 -14.775407791 0.992466390 0.122253552 -0.008031446 127.202316284
-0.019073248 0.082782127 -0.996385098 -17.593452454 -0.124187320 0.988652825 0.084516950 -14.786340714 0.992075443 0.125350431 -0.008576328 127.203178406
-0.020144403 0.082049623 -0.996424556 -18.384101868 -0.128041387 0.988208413 0.083961628 -14.795874596 0.991564214 0.129274920 -0.009401119 127.216613770
-0.021458302 0.086262323 -0.996041417 -19.181072235 -0.129965365 0.987576246 0.088329136 -14.801119804 0.991286337 0.131346256 -0.009980598 127.225387573
-0.022207377 0.091282472 -0.995577335 -19.984001160 -0.129203305 0.987209976 0.093397282 -14.815428734 0.991369367 0.130705997 -0.010129347 127.240875244
-0.021039488 0.093622454 -0.995385468 -20.809160233 -0.130212039 0.986868978 0.095573723 -14.821235657 0.991262913 0.131621972 -0.008572448 127.251007080
-0.019255387 0.092609674 -0.995516300 -21.627090454 -0.129601911 0.987068892 0.094330616 -14.828755379 0.991379142 0.130837172 -0.007004003 127.262718201
-0.018247265 0.092816778 -0.995515943 -22.459045410 -0.129536271 0.987070560 0.094403692 -14.834667206 0.991406858 0.130678043 -0.005988196 127.275009155
-0.018174933 0.091434658 -0.995645165 -23.290950775 -0.127719969 0.987439394 0.093012519 -14.835763931 0.991643727 0.128854290 -0.006268609 127.296905518
-0.017295251 0.093512952 -0.995467842 -24.128681183 -0.128664881 0.987130761 0.094965175 -14.842447281 0.991537333 0.129724190 -0.005040837 127.315010071
-0.016516430 0.095849648 -0.995258808 -24.965343475 -0.130363673 0.986691415 0.097187951 -14.844738960 0.991328716 0.131350771 -0.003801306 127.327751160
-0.016568318 0.097919539 -0.995056391 -25.836233139 -0.133308485 0.986091673 0.099257007 -14.841761589 0.990936041 0.134293988 -0.003284375 127.340957642
-0.014876255 0.098989911 -0.994977236 -26.699514389 -0.135559350 0.985700130 0.100093760 -14.838428497 0.990657568 0.136367500 -0.001244515 127.352569580
-0.013211211 0.102156058 -0.994680703 -27.568672180 -0.142273337 0.984454215 0.102995440 -14.838155746 0.989739239 0.142877251 0.001528248 127.367454529
-0.010875834 0.105978161 -0.994308889 -28.447946548 -0.146873102 0.983413577 0.106423393 -14.832408905 0.989095569 0.147194684 0.004869900 127.383308411
-0.008800920 0.107782118 -0.994135618 -29.322696686 -0.149408251 0.982872427 0.107883692 -14.826858521 0.988736451 0.149481520 0.007453355 127.413841248
-0.004817165 0.108642325 -0.994069219 -30.222072601 -0.148424730 0.982992113 0.108150952 -14.827836037 0.988911927 0.148065448 0.011389975 127.433891296
-0.001969959 0.108559802 -0.994087934 -31.115873337 -0.151057631 0.982650459 0.107610084 -14.820629120 0.988523006 0.150376529 0.014463005 127.459884644
0.000151162 0.112301588 -0.993674099 -32.015842438 -0.151436254 0.982216716 0.110983662 -14.812191010 0.988467038 0.150461510 0.017155010 127.494468689
0.002545423 0.114271387 -0.993446410 -32.926086426 -0.150278643 0.982211232 0.112594053 -14.806289673 0.988640428 0.149007171 0.019672692 127.537490845
0.004320039 0.115466759 -0.993301928 -33.819034576 -0.150799602 0.982027054 0.113500252 -14.801919937 0.988554955 0.149299204 0.021654742 127.578460693
0.006923883 0.113635510 -0.993498325 -34.723003387 -0.152215630 0.982064188 0.111266859 -14.793670654 0.988323033 0.150455579 0.024096798 127.608245850
0.007129080 0.114930555 -0.993347943 -35.631389618 -0.156503409 0.981259823 0.112408772 -14.785720825 0.987651706 0.154660955 0.024982499 127.649314880
0.008262731 0.115637422 -0.993257165 -36.524993896 -0.157360658 0.981065392 0.112908967 -14.780982971 0.987506628 0.155366659 0.026303055 127.685974121
0.008499749 0.112065546 -0.993664503 -37.422470093 -0.157540455 0.981440723 0.109339371 -14.777883530 0.987475991 0.155612975 0.025996856 127.721008301
0.009265083 0.107914113 -0.994116962 -38.330505371 -0.158846214 0.981695056 0.105085202 -14.777858734 0.987259865 0.156938151 0.026237233 127.767387390
0.009879292 0.107029974 -0.994206607 -39.229232788 -0.158416659 0.981866419 0.104127333 -14.770809174 0.987322927 0.156470180 0.026655473 127.807502747
0.009652186 0.111158334 -0.993755817 -40.133361816 -0.160898492 0.981025219 0.108171552 -14.765796661 0.986923695 0.158849731 0.027354246 127.846923828
0.009893203 0.117423154 -0.993032634 -41.069881439 -0.161612645 0.980212986 0.114297166 -14.753761292 0.986804664 0.159355909 0.028674515 127.887855530
0.010164518 0.116101533 -0.993185282 -41.964302063 -0.159322351 0.980736315 0.113015711 -14.753704071 0.987174273 0.157087862 0.028466282 127.932167053
0.011031545 0.105871946 -0.994318485 -42.854629517 -0.158855945 0.981936276 0.102791049 -14.758483887 0.987240195 0.156819448 0.027650654 127.974296570
0.011349736 0.095235966 -0.995389938 -43.778537750 -0.160474971 0.982724786 0.092194431 -14.762387276 0.986974657 0.158688828 0.026436657 128.018188477
0.010400579 0.092219509 -0.995684326 -44.680400848 -0.157343581 0.983484924 0.089446038 -14.770057678 0.987489164 0.155734256 0.024738962 128.062225342
0.010219414 0.102188393 -0.994712472 -45.601692200 -0.149816498 0.983692706 0.099517144 -14.772224426 0.988661051 0.148007348 0.025362272 128.113372803
0.010152883 0.115295961 -0.993279278 -46.548923492 -0.144882053 0.983018458 0.112623990 -14.769407272 0.989396870 0.142764881 0.026684782 128.173171997
0.010255251 0.124470793 -0.992170274 -47.470603943 -0.145026132 0.981916547 0.121685430 -14.760911942 0.989374697 0.142642677 0.028121319 128.219314575
0.010114601 0.118613854 -0.992888868 -48.388126373 -0.145163268 0.982595444 0.115905352 -14.756435394 0.989356041 0.142958671 0.027156929 128.260711670
0.010119404 0.104940474 -0.994427025 -49.311386108 -0.145050853 0.984113514 0.102376044 -14.753351212 0.989372373 0.143206522 0.025180349 128.302383423
0.010695140 0.096086830 -0.995315552 -50.227737427 -0.145475790 0.984931767 0.093521185 -14.753330231 0.989304006 0.143794060 0.024512289 128.346679688
0.011254244 0.096191809 -0.995299220 -51.164096832 -0.144325420 0.985095978 0.093573749 -14.760015488 0.989466250 0.142593876 0.024969433 128.388061523
0.010603662 0.097661287 -0.995163202 -52.099834442 -0.147653669 0.984462380 0.095037870 -14.774987221 0.988982320 0.145931736 0.024858952 128.426391602
0.010976253 0.097064294 -0.995217502 -53.046234131 -0.152188525 0.983844817 0.094276614 -14.780232430 0.988290548 0.150425896 0.025571004 128.468460083
0.011484902 0.096468985 -0.995269716 -53.978462219 -0.153895065 0.983646989 0.093566574 -14.780342102 0.988020480 0.152092472 0.026143193 128.510345459
0.012365016 0.103914291 -0.994509339 -54.924839020 -0.163025916 0.981487155 0.100526676 -14.777645111 0.986544430 0.160887793 0.029076826 128.543472290
0.014062250 0.113553390 -0.993432403 -55.875167847 -0.168806553 0.979539394 0.109575883 -14.772771835 0.985548854 0.166157037 0.032943085 128.577545166
0.015462676 0.121636897 -0.992454171 -56.835906982 -0.169233844 0.978570879 0.117298618 -14.765156746 0.985454679 0.166143075 0.035716403 128.616546631
0.016358763 0.122233786 -0.992366493 -57.795272827 -0.170576870 0.978290856 0.117688142 -14.761154175 0.985208571 0.167349502 0.036853883 128.672698975
0.018125821 0.112915561 -0.993439198 -58.727313995 -0.172252834 0.979098678 0.108142734 -14.759786606 0.984885871 0.169162557 0.037196994 128.717651367
0.019071653 0.107919969 -0.993976593 -59.678367615 -0.170200124 0.979997337 0.103136510 -14.757653236 0.985224962 0.167207927 0.037058160 128.776123047
0.020761291 0.106463656 -0.994099677 -60.627304077 -0.168904692 0.980395555 0.101468481 -14.761718750 0.985413671 0.165801540 0.038336489 128.838821411
0.024408622 0.111855060 -0.993424654 -61.610084534 -0.170375302 0.979648530 0.106117785 -14.750808716 0.985076845 0.166664824 0.042969204 128.886962891
0.028078794 0.114150032 -0.993066609 -62.571304321 -0.173417673 0.978950083 0.107624017 -14.751953125 0.984447956 0.169193313 0.047283370 128.940216064
0.032045450 0.109084442 -0.993515849 -63.516941071 -0.172677413 0.979683220 0.101996042 -14.754330635 0.984457076 0.168289214 0.050230809 129.005676270
0.034945585 0.103433907 -0.994022250 -64.478561401 -0.172564328 0.980314672 0.095940918 -14.760542870 0.984378219 0.168180048 0.052106671 129.071670532
0.037792843 0.103163019 -0.993946135 -65.447212219 -0.170079738 0.980808079 0.095332444 -14.766965866 0.984705329 0.165447220 0.054613464 129.157485962
0.041259281 0.107754454 -0.993321002 -66.404090881 -0.167492539 0.980845094 0.099444002 -14.772607803 0.985009551 0.162270859 0.058517028 129.228775024
0.044574551 0.114477769 -0.992425203 -67.376098633 -0.167303517 0.980238199 0.105557598 -14.773889542 0.984897256 0.161331072 0.062846214 129.304519653
0.046764057 0.118081912 -0.991902053 -68.351341248 -0.164841086 0.980286837 0.108927593 -14.774697304 0.985210955 0.158412308 0.065306924 129.395706177
0.048572253 0.119996116 -0.991585433 -69.314262390 -0.164275959 0.980197668 0.110571064 -14.785636902 0.985217810 0.157522932 0.067322887 129.483123779
0.050437499 0.117448665 -0.991797328 -70.266998291 -0.162515312 0.980790854 0.107880615 -14.782434464 0.985416114 0.155741021 0.068555839 129.566360474
0.051689386 0.115766145 -0.991930604 -71.219596863 -0.160659298 0.981285036 0.106151775 -14.782910347 0.985655546 0.153875962 0.069320925 129.643295288
0.051975004 0.111898556 -0.992359400 -72.172821045 -0.157161400 0.982236624 0.102525756 -14.790540695 0.986204207 0.150631845 0.068637885 129.731216431
0.051486466 0.111889400 -0.992385983 -73.148178101 -0.156239226 0.982370257 0.102654234 -14.787633896 0.986376405 0.149764329 0.068060286 129.826568604
0.051503737 0.116729051 -0.991827488 -74.105972290 -0.153018236 0.982340693 0.107666597 -14.788919449 0.986880302 0.146222487 0.068455890 129.908233643
0.050528523 0.118965954 -0.991611779 -75.070579529 -0.146698669 0.982994735 0.110456981 -14.800046921 0.987889826 0.139886901 0.067121424 130.010208130
0.050022077 0.114175811 -0.992200375 -76.032966614 -0.144194424 0.983861506 0.105946600 -14.785010338 0.988284230 0.137770101 0.065678306 130.087783813
0.048678972 0.110283501 -0.992707372 -76.996612549 -0.145561233 0.984058022 0.102184772 -14.784768105 0.988150954 0.139525458 0.063955933 130.164154053
0.047382448 0.107572578 -0.993067503 -77.946403503 -0.142064959 0.984803319 0.099899009 -14.787407875 0.988722682 0.136346623 0.061944701 130.246429443
0.046345789 0.107889920 -0.993081927 -78.913276672 -0.142114893 0.984750092 0.100352407 -14.784589767 0.988764584 0.136480808 0.060971782 130.313491821
0.045075938 0.109621368 -0.992950797 -79.872497559 -0.143230379 0.984400928 0.102175407 -14.792700768 0.988662362 0.137615070 0.060073916 130.394348145
0.043539263 0.109585501 -0.993023336 -80.825775146 -0.144803360 0.984162033 0.102258712 -14.792582512 0.988501966 0.139340848 0.058718052 130.468612671
0.042585596 0.111308053 -0.992873013 -81.778541565 -0.144787043 0.983971417 0.104100019 -14.799331665 0.988546014 0.139321998 0.058018982 130.532012939
0.040380407 0.111508667 -0.992942631 -82.740608215 -0.144656837 0.983936012 0.104614399 -14.799478531 0.988657534 0.139411584 0.055862229 130.604034424
0.038517367 0.113352463 -0.992807925 -83.701118469 -0.144480422 0.983736813 0.106711455 -14.789258957 0.988757730 0.139331058 0.054268170 130.678314209
0.037068211 0.117210932 -0.992414951 -84.655456543 -0.145863131 0.983096063 0.110662073 -14.781687737 0.988610029 0.140654728 0.053538367 130.736145020
0.035211653 0.122290500 -0.991869509 -85.605644226 -0.147173330 0.982298672 0.115885779 -14.771987915 0.988483846 0.141896218 0.052586254 130.798019409
0.032696929 0.122102633 -0.991978705 -86.555747986 -0.147142366 0.982282758 0.116059139 -14.767620087 0.988574684 0.142167330 0.050084110 130.860290527
0.031847864 0.116853520 -0.992638350 -87.500617981 -0.147293925 0.982847452 0.110975131 -14.761648178 0.988579810 0.142675266 0.048513405 130.919052124
0.029220091 0.112043358 -0.993273616 -88.449264526 -0.151444405 0.982722759 0.106398016 -14.749812126 0.988033772 0.147316739 0.045683581 130.979934692
0.028032843 0.109932095 -0.993543744 -89.392585754 -0.149328038 0.983241796 0.104578935 -14.746714592 0.988390207 0.145432293 0.043979008 131.043899536
0.027406363 0.111416936 -0.993395686 -90.356170654 -0.144632533 0.983754039 0.106345326 -14.749641418 0.989105821 0.140762821 0.043075636 131.099990845
0.026997566 0.112731837 -0.993258595 -91.305000305 -0.141718358 0.984016478 0.107830860 -14.746891975 0.989538848 0.137851804 0.042542215 131.159255981
0.025729338 0.112739794 -0.993291318 -92.252761841 -0.136243686 0.984744430 0.108240582 -14.750349998 0.990341187 0.132544726 0.040696904 131.224990845
0.024474226 0.109833971 -0.993648589 -93.194999695 -0.132300884 0.985559642 0.105681196 -14.751972198 0.990907311 0.128874138 0.038651939 131.288085938
0.023920884 0.106773280 -0.993995488 -94.138954163 -0.127113447 0.986534953 0.102912828 -14.754747391 0.991599619 0.123888463 0.037171103 131.348083496
0.022102689 0.109277032 -0.993765533 -95.123329163 -0.125679448 0.986426592 0.105674744 -14.755513191 0.991824567 0.122560218 0.035536569 131.403411865
0.020756621 0.111449331 -0.993553340 -96.070228577 -0.125041083 0.986253917 0.108018272 -14.750611305 0.991934359 0.121992916 0.034407049 131.459945679
0.019595427 0.109340638 -0.993811190 -97.029449463 -0.121069014 0.986946881 0.106198259 -14.746044159 0.992450595 0.118238747 0.032577414 131.506393433
0.017577222 0.106268182 -0.994182169 -97.978454590 -0.118024938 0.987604380 0.103478417 -14.745463371 0.992855012 0.115519449 0.029901639 131.555328369
0.013638793 0.103369407 -0.994549513 -98.941703796 -0.116791874 0.987998664 0.101086862 -14.737855911 0.993062735 0.114776596 0.025547810 131.614044189
0.010981980 0.102585837 -0.994663537 -99.896461487 -0.111245558 0.988673806 0.100739814 -14.748003960 0.993732214 0.109545574 0.022269817 131.661911011
0.008738542 0.102378570 -0.994707108 -100.855804443 -0.104397900 0.989402413 0.100915439 -14.739867210 0.994497120 0.102963485 0.019334039 131.704544067
0.006558989 0.110009938 -0.993908763 -101.818710327 -0.094382063 0.989561200 0.108905874 -14.735159874 0.995514452 0.093092859 0.016873484 131.761566162
0.003790598 0.118195876 -0.992983043 -102.776702881 -0.086310759 0.989323199 0.117430776 -14.731328011 0.996261001 0.085259996 0.013951706 131.817184448
0.001404141 0.117523447 -0.993069053 -103.729286194 -0.082090184 0.989731967 0.117012449 -14.722729683 0.996623874 0.081356928 0.011037245 131.858337402
-0.001476830 0.107448570 -0.994209647 -104.683982849 -0.082863599 0.990778267 0.107200861 -14.722407341 0.996559739 0.082542107 0.007440367 131.892654419
-0.003546818 0.098147266 -0.995165586 -105.631294250 -0.084696174 0.991566539 0.098094173 -14.721465111 0.996400476 0.084634654 0.004795790 131.928894043
-0.003886224 0.099639609 -0.995016038 -106.590522766 -0.091935307 0.990773797 0.099573895 -14.723131180 0.995757461 0.091864072 0.005310029 131.947647095
-0.004977372 0.108798347 -0.994051397 -107.552627563 -0.095317751 0.989485800 0.108775936 -14.710411072 0.995434582 0.095292144 0.005445374 131.985214233
-0.006457167 0.120050468 -0.992746830 -108.515953064 -0.099219367 0.987791657 0.120096609 -14.698092461 0.995044589 0.099275216 0.005532997 132.012893677
-0.007867297 0.121813305 -0.992521882 -109.457839966 -0.106334157 0.986822903 0.121956728 -14.688111305 0.994299293 0.106498435 0.005189285 132.042602539
-0.007525483 0.118962288 -0.992870271 -110.440261841 -0.113782808 0.986347914 0.119043238 -14.670670509 0.993477106 0.113867417 0.006113119 132.057891846
-0.007738136 0.115197718 -0.993312478 -111.395095825 -0.121943779 0.985819638 0.115278751 -14.659331322 0.992506921 0.122020319 0.006419239 132.080642700
-0.005284993 0.117144108 -0.993100882 -112.359367371 -0.126753032 0.985025823 0.116866134 -14.640238762 0.991920292 0.126496166 0.009642513 132.101837158
-0.004065359 0.118189916 -0.992982686 -113.338294983 -0.134609148 0.983888626 0.117658600 -14.622112274 0.990890384 0.134142891 0.011909583 132.125656128
-0.003429463 0.120976985 -0.992649436 -114.302902222 -0.143895239 0.982264757 0.120208532 -14.605640411 0.989587009 0.143249780 0.014039373 132.144226074
-0.003211154 0.123254061 -0.992369950 -115.277626038 -0.149429247 0.981173813 0.122347020 -14.584906578 0.988767207 0.148681939 0.015267058 132.169937134
-0.003296137 0.122511603 -0.992461622 -116.246505737 -0.153122827 0.980701029 0.121568404 -14.574529648 0.988201678 0.152369231 0.015526802 132.213882446
-0.001486295 0.112923898 -0.993602455 -117.202957153 -0.152034566 0.982027590 0.111835808 -14.575634003 0.988374054 0.151228175 0.015708754 132.243240356
-0.000375158 0.101439871 -0.994841576 -118.151786804 -0.155261174 0.982771754 0.100267693 -14.566829681 0.987873375 0.154497892 0.015380976 132.281250000
