1.000000000 0.000000000 0.000000000 0.000000000 0.000000000 1.000000000 0.000000000 0.000000000 0.000000000 0.000000000 1.000000000 0.000000000
0.999997735 -0.001671206 -0.001313183 0.048512179 0.001668357 0.999996245 -0.002167524 -0.132496282 0.001316801 0.002165328 0.999996781 1.298676014
0.999997616 0.000079886 -0.002159146 0.103965633 -0.000093669 0.999979556 -0.006384205 -0.267500192 0.002158592 0.006384393 0.999977291 2.603442907
0.999995828 0.002534161 -0.001391459 0.148650989 -0.002545046 0.999965668 -0.007877628 -0.406085730 0.001371448 0.007881137 0.999967933 3.907433510
0.999983072 0.005814388 0.000201765 0.192582756 -0.005812917 0.999960899 -0.006654653 -0.543674231 -0.000240449 0.006653368 0.999977827 5.221061230
0.999974847 0.006669505 0.002472927 0.241566435 -0.006661393 0.999972582 -0.003274295 -0.691269040 -0.002494697 0.003257739 0.999991596 6.533696651
0.999960124 0.006861068 0.005719420 0.299456805 -0.006849446 0.999974430 -0.002049210 -0.827717900 -0.005733334 0.002009953 0.999981523 7.836323261
0.999942183 0.005507154 0.009236449 0.354665220 -0.005490215 0.999983191 -0.001858352 -0.962966084 -0.009246526 0.001807535 0.999955595 9.145865440
0.999912322 0.004140776 0.012577904 0.432696283 -0.004120255 0.999990165 -0.001656921 -1.100330114 -0.012584641 0.001604952 0.999919474 10.445773125
0.999871135 0.002815356 0.015802396 0.496903628 -0.002776419 0.999993086 -0.002485360 -1.236869216 -0.015809285 0.002441166 0.999872029 11.753952026
0.999813437 0.001873132 0.019223522 0.572574019 -0.001809969 0.999992907 -0.003302594 -1.372976303 -0.019229570 0.003267184 0.999809742 13.045260429
0.999747813 0.001496526 0.022406736 0.645692945 -0.001425264 0.999993861 -0.003196027 -1.521024346 -0.022411382 0.003163285 0.999743819 14.367830276
0.999662936 0.001426221 0.025923165 0.728070199 -0.001315876 0.999989927 -0.004273186 -1.659336329 -0.025929000 0.004237633 0.999654830 15.661618233
0.999575078 0.002363024 0.029052138 0.809466958 -0.002239333 0.999988258 -0.004289349 -1.795661569 -0.029061938 0.004222469 0.999568701 16.961862564
0.999476373 0.001873538 0.032300968 0.900079846 -0.001750452 0.999991119 -0.003838449 -1.935438395 -0.032307874 0.003779898 0.999470830 18.246980667
0.999406278 0.000335331 0.034451727 1.000135899 -0.000214638 0.999993801 -0.003506876 -2.078581572 -0.034452692 0.003497399 0.999400198 19.550760269
0.999353230 -0.002117090 0.035896681 1.099833369 0.002286313 0.999986410 -0.004673776 -2.219841242 -0.035886295 0.004752825 0.999344647 20.825504303
0.999310970 -0.001859564 0.037069958 1.199206471 0.002108546 0.999975443 -0.006678589 -2.358338833 -0.037056632 0.006752151 0.999290347 22.130168915
0.999264419 -0.001892868 0.038303852 1.284369469 0.002245085 0.999955595 -0.009154401 -2.503193617 -0.038284827 0.009233661 0.999224126 23.415454865
0.999226809 -0.001227768 0.039297938 1.386762142 0.001652968 0.999940455 -0.010789223 -2.643109322 -0.039282352 0.010845839 0.999169290 24.701051712
0.999175370 -0.000567996 0.040598806 1.484544754 0.001030263 0.999934971 -0.011366197 -2.789988995 -0.040589709 0.011398652 0.999110878 25.971439362
0.999172091 -0.002351565 0.040614642 1.590543747 0.002781967 0.999940515 -0.010543950 -2.933780909 -0.040587433 0.010648210 0.999119222 27.261789322
0.999169409 -0.005446259 0.040383916 1.696313381 0.005829279 0.999939084 -0.009372783 -3.080220461 -0.040330406 0.009600407 0.999140322 28.539733887
0.999190092 -0.006915652 0.039639376 1.793183088 0.007311743 0.999924719 -0.009856144 -3.227091312 -0.039568238 0.010137995 0.999165416 29.830293655
0.999194801 -0.008526796 0.039204013 1.890236378 0.009021927 0.999881446 -0.012470024 -3.372252464 -0.039093047 0.012813678 0.999153435 31.091423035
0.999243915 -0.008743032 0.037884202 2.011132002 0.009223770 0.999878824 -0.012533549 -3.520556211 -0.037770037 0.012873507 0.999203444 32.383831024
0.999258041 -0.009406510 0.037349187 2.105529070 0.009893470 0.999868035 -0.012874682 -3.664402723 -0.037223149 0.013234640 0.999219358 33.652416229
0.999274492 -0.009884723 0.036782820 2.206682444 0.010363260 0.999863863 -0.012841921 -3.811388016 -0.036650877 0.013213795 0.999240756 34.921146393
0.999281764 -0.010339298 0.036457174 2.298519611 0.010831759 0.999852419 -0.013336352 -3.956568718 -0.036313906 0.013721669 0.999246299 36.181537628
0.999324560 -0.011118038 0.035025831 2.411753893 0.011597330 0.999841332 -0.013510665 -4.113884926 -0.034870066 0.013907744 0.999295056 37.472640991
0.999320090 -0.010844060 0.035238754 2.499381542 0.011266766 0.999866664 -0.011819128 -4.257822037 -0.035105888 0.012208121 0.999308944 38.738018036
0.999288738 -0.010844115 0.036116373 2.604575157 0.011235223 0.999880254 -0.010643801 -4.400849342 -0.035996623 0.011042006 0.999290884 40.004703522
0.999209046 -0.012545056 0.037733432 2.719159603 0.012893872 0.999876261 -0.009015044 -4.543308735 -0.037615661 0.009494443 0.999247134 41.257167816
0.999099791 -0.013694157 0.040148765 2.810946941 0.014113985 0.999848366 -0.010192042 -4.689288616 -0.040003110 0.010749524 0.999141693 42.516063690
0.998984694 -0.014854935 0.042530477 2.906539679 0.015437224 0.999791026 -0.013395522 -4.837615490 -0.042322613 0.014038472 0.999005377 43.763999939
0.998879254 -0.016046498 0.044527076 3.012437344 0.016706236 0.999755502 -0.014484203 -4.982205391 -0.044283763 0.015211849 0.998903096 45.026927948
0.998752832 -0.016312690 0.047187399 3.134430647 0.016960658 0.999766886 -0.013364146 -5.115055561 -0.046958391 0.014147810 0.998796642 46.259326935
0.998557389 -0.017628890 0.050716829 3.242294788 0.018154839 0.999786019 -0.009928457 -5.272352695 -0.050530951 0.010834892 0.998663664 47.527233124
0.998283267 -0.020738138 0.054776102 3.350730658 0.021200789 0.999744236 -0.007878623 -5.412080765 -0.054598711 0.009026395 0.998467505 48.735431671
0.998051047 -0.022909202 0.058045179 3.489996910 0.023428267 0.999691248 -0.008277660 -5.551478863 -0.057837624 0.009621426 0.998279631 50.003856659
0.997773051 -0.026233627 0.061325554 3.632487535 0.027018016 0.999562979 -0.011996344 -5.687913418 -0.060984045 0.013626523 0.998045683 51.240318298
0.997488797 -0.027455207 0.065286770 3.761067390 0.028305816 0.999525547 -0.012139566 -5.823926926 -0.064922504 0.013957076 0.997792721 52.469070435
0.997140229 -0.030093718 0.069324665 3.891856194 0.030821385 0.999480188 -0.009450622 -5.966939926 -0.069004223 0.011560274 0.997549355 53.688270569
0.996861815 -0.032784007 0.072053798 4.046684265 0.033335369 0.999423325 -0.006462737 -6.096720219 -0.071800366 0.008844397 0.997379720 54.900672913
0.996625841 -0.035415247 0.074044980 4.200343609 0.035833731 0.999348342 -0.004330610 -6.232045174 -0.073843360 0.006969306 0.997245431 56.110713959
0.996424437 -0.038666505 0.075121284 4.351933002 0.038909074 0.999241173 -0.001767675 -6.351776123 -0.074995935 0.004684255 0.997172773 57.326438904
0.996274710 -0.041732326 0.075465791 4.502630711 0.041852903 0.999123752 -0.000016264 -6.480986118 -0.075398989 0.003174666 0.997148395 58.526374817
0.996228456 -0.043595456 0.075022288 4.653138161 0.043987613 0.999025643 -0.003582038 -6.602696896 -0.074793033 0.006868579 0.997175395 59.733959198
0.996236563 -0.044812448 0.074192330 4.800782204 0.045513142 0.998933375 -0.007779702 -6.732824802 -0.073764585 0.011127148 0.997213602 60.921859741
0.996257663 -0.046091247 0.073117018 4.933981419 0.047068615 0.998823047 -0.011699985 -6.863514900 -0.072491713 0.015097717 0.997254729 62.126323700
0.996306121 -0.047751099 0.071371011 5.083216190 0.048879754 0.998704374 -0.014151063 -6.996057510 -0.070602812 0.017587392 0.997349441 63.318420410
0.996406853 -0.047974553 0.069798209 5.205141068 0.049089570 0.998691320 -0.014347398 -7.131867409 -0.069018558 0.017722210 0.997457922 64.500999451
0.996631622 -0.047410343 0.066915497 5.340050220 0.048432961 0.998731852 -0.013742677 -7.267004490 -0.066179104 0.016937301 0.997664034 65.678344727
0.996863961 -0.046552338 0.063993469 5.455253124 0.047388572 0.998809040 -0.011611527 -7.409825802 -0.063376710 0.014607670 0.997882783 66.873596191
0.997267723 -0.042700432 0.060281053 5.576288223 0.043278806 0.999028385 -0.008321113 -7.537341118 -0.059867170 0.010907270 0.998146772 68.048027039
0.997476578 -0.040905312 0.058028866 5.679666519 0.041292578 0.999132037 -0.005490010 -7.666313171 -0.057753917 0.007872318 0.998299837 69.211555481
0.997759879 -0.039677739 0.053858839 5.808397293 0.040203765 0.999153614 -0.008718370 -7.809946060 -0.053467322 0.010864167 0.998510480 70.424697876
0.997929692 -0.039944168 0.050405681 5.916577339 0.040763952 0.999050975 -0.015341401 -7.940918922 -0.049745038 0.017364372 0.998610973 71.584312439
0.997992098 -0.043401375 0.046134874 6.025232792 0.044295356 0.998846531 -0.018534569 -8.075334549 -0.045277238 0.020540910 0.998763204 72.758125305
0.997973263 -0.047252074 0.042619921 6.136266708 0.047877211 0.998758316 -0.013767939 -8.216268539 -0.041916445 0.015780557 0.998996615 73.941398621
0.997984827 -0.050809365 0.038008500 6.243146420 0.051187422 0.998648047 -0.009039890 -8.341065407 -0.037497804 0.010967230 0.999236584 75.097755432
0.998003006 -0.053531963 0.033530470 6.335420132 0.053760201 0.998536170 -0.005942117 -8.473228455 -0.033163298 0.007732855 0.999420166 76.283378601
0.998176992 -0.052645683 0.029513070 6.421432018 0.052773025 0.998600245 -0.003552195 -8.597815514 -0.029284751 0.005103213 0.999558032 77.442832947
0.998306572 -0.052248877 0.025574954 6.514887810 0.052370079 0.998619318 -0.004091971 -8.708074570 -0.025325842 0.005424404 0.999664485 78.601943970
0.998435020 -0.051223345 0.022442125 6.581837654 0.051354483 0.998666525 -0.005306591 -8.845703125 -0.022140376 0.006450793 0.999733984 79.771514893
0.998626292 -0.048730940 0.019254839 6.654609203 0.048935428 0.998748839 -0.010295851 -8.975506783 -0.018729020 0.011223951 0.999761522 80.915527344
0.998518884 -0.052270491 0.015098099 6.740650654 0.052495938 0.998509407 -0.014943184 -9.116149902 -0.014294506 0.015713640 0.999774277 82.083244324
0.998374343 -0.055673815 0.012206076 6.798315525 0.055871956 0.998300970 -0.016543314 -9.241202354 -0.011264306 0.017198401 0.999788642 83.229278564
0.998396158 -0.055923801 0.008813439 6.859567165 0.056037113 0.998341620 -0.013182408 -9.370200157 -0.008061612 0.013655148 0.999874294 84.366432190
0.998400390 -0.056230135 0.005904581 6.925267220 0.056290533 0.998358071 -0.010616269 -9.501474380 -0.005297930 0.010931659 0.999926209 85.500541687
0.998540521 -0.053756129 0.005192277 6.963002682 0.053815521 0.998477936 -0.012072931 -9.631637573 -0.004535380 0.012334737 0.999913633 86.647979736
0.998737156 -0.050035134 0.004528913 7.015161514 0.050098304 0.998629928 -0.015116152 -9.760448456 -0.003766369 0.015323954 0.999875426 87.768569946
0.998827338 -0.048297316 0.003357518 7.075977325 0.048350830 0.998663127 -0.018281493 -9.884559631 -0.002470082 0.018422395 0.999827147 88.868331909
0.998730659 -0.050258879 0.003336413 7.110062599 0.050311796 0.998565257 -0.018330503 -10.028070450 -0.002410356 0.018475095 0.999826431 90.016838074
0.998675048 -0.051426850 0.001859897 7.161736488 0.051449597 0.998554528 -0.015543731 -10.159435272 -0.001057844 0.015618824 0.999877393 91.130897522
0.998630524 -0.052306205 0.001050067 7.210374832 0.052315399 0.998547196 -0.012910154 -10.290375710 -0.000373261 0.012947409 0.999916077 92.247711182
0.998642981 -0.052077554 0.000242530 7.272155285 0.052076597 0.998567104 -0.012315611 -10.413677216 0.000399184 0.012311528 0.999924123 93.390274048
0.998612225 -0.052665606 0.000091012 7.319437981 0.052661374 0.998506963 -0.014512507 -10.540514946 0.000673434 0.014497158 0.999894679 94.499069214
0.998600781 -0.052879740 -0.000618325 7.378223419 0.052859794 0.998436511 -0.018174296 -10.672474861 0.001578410 0.018116180 0.999834597 95.607749939
0.998584807 -0.053177144 -0.000764532 7.424076080 0.053151999 0.998394310 -0.019587010 -10.808431625 0.001804886 0.019518653 0.999807954 96.723617554
0.998543024 -0.053950652 -0.001122119 7.480073452 0.053922184 0.998386264 -0.017807528 -10.941292763 0.002081036 0.017721074 0.999840796 97.808990479
0.998593330 -0.053022228 -0.000200959 7.525527000 0.053015437 0.998513281 -0.012670582 -11.062477112 0.000872483 0.012642105 0.999919713 98.899398804
0.998678029 -0.051390003 0.001173797 7.572680950 0.051398616 0.998636246 -0.009154048 -11.183286667 -0.000701769 0.009202276 0.999957383 99.965667725
0.998784840 -0.049167197 0.003362667 7.616585732 0.049196783 0.998745203 -0.009367079 -11.304223061 -0.002897894 0.009521129 0.999950469 101.028198242
0.998873770 -0.047169074 0.005118669 7.669539452 0.047223739 0.998822212 -0.011143350 -11.426144600 -0.004587019 0.011372521 0.999924839 102.067390442
0.998840570 -0.047554277 0.007483633 7.727964401 0.047652703 0.998771727 -0.013574519 -11.546057701 -0.006828914 0.013915396 0.999879837 103.086952209
0.998745978 -0.049079753 0.009884336 7.761356354 0.049218755 0.998684943 -0.014348192 -11.663403511 -0.009167130 0.014816692 0.999848187 104.100440979
0.998634100 -0.050828874 0.012096800 7.818143845 0.050992168 0.998606503 -0.013596551 -11.777340889 -0.011388844 0.014194822 0.999834418 105.081794739
0.998605549 -0.050960202 0.013777022 7.871712208 0.051130667 0.998615921 -0.012317878 -11.893956184 -0.013130233 0.013005133 0.999829173 106.063133240
0.998542547 -0.052014768 0.014392164 7.949007034 0.052169047 0.998582423 -0.010560265 -12.006462097 -0.013822473 0.011295700 0.999840677 107.002677917
0.998476505 -0.052673105 0.016437102 8.003625870 0.052857619 0.998541415 -0.010999979 -12.113683701 -0.015833724 0.011852045 0.999804378 107.919502258
0.998468339 -0.052305959 0.018029880 8.064674377 0.052479524 0.998578727 -0.009291111 -12.213477135 -0.017518274 0.010223080 0.999794304 108.826713562
0.998486400 -0.051228084 0.020019831 8.119546890 0.051385731 0.998651147 -0.007440646 -12.309551239 -0.019611660 0.008458116 0.999771893 109.696777344
0.998456180 -0.051397108 0.021061929 8.181545258 0.051486965 0.998666584 -0.003746134 -12.416556358 -0.020841306 0.004824765 0.999771178 110.557060242
0.998411357 -0.051592212 0.022647891 8.242710114 0.051691003 0.998655975 -0.003798748 -12.506699562 -0.022421461 0.004963406 0.999736309 111.383010864
0.998444915 -0.050364178 0.023900272 8.289527893 0.050450724 0.998721957 -0.003031981 -12.597254753 -0.023717023 0.004233052 0.999709845 112.191238403
0.998550355 -0.047999084 0.024357568 8.341057777 0.048078902 0.998839915 -0.002701572 -12.677718163 -0.024199637 0.003868741 0.999699712 112.971328735
0.998680353 -0.045641813 0.023546191 8.387939453 0.045642085 0.998957694 0.000526310 -12.756256104 -0.023545669 0.000549081 0.999722600 113.721954346
0.998748779 -0.045492306 0.020768424 8.427936554 0.045471232 0.998964548 0.001486457 -12.841618538 -0.020814540 -0.000540231 0.999783158 114.474227905
0.998858929 -0.045502335 0.014501285 8.462372780 0.045486167 0.998963892 0.001443551 -12.914486885 -0.014551948 -0.000782296 0.999893785 115.172195435
0.999015450 -0.044192288 0.003897497 8.491986275 0.044190153 0.999022901 0.000634165 -12.992177963 -0.003921714 -0.000461310 0.999992251 115.841041565
0.999092340 -0.041352615 -0.010222534 8.492568016 0.041329611 0.999142468 -0.002451632 -13.058670044 0.010315148 0.002026914 0.999944746 116.490097046
0.998786747 -0.039833948 -0.028951075 8.488280296 0.039709296 0.999199390 -0.004868019 -13.128723145 0.029121807 0.003712486 0.999568999 117.091598511
0.997957170 -0.038175747 -0.051226079 8.452819824 0.037857633 0.999257326 -0.007166341 -13.198068619 0.051461622 0.005212404 0.998661399 117.679901123
0.996193528 -0.036674619 -0.079077147 8.413566589 0.036056872 0.999307036 -0.009226076 -13.263564110 0.079360723 0.006339684 0.996825814 118.247901917
0.993239999 -0.034294695 -0.110897079 8.339560509 0.033254646 0.999383867 -0.011215169 -13.332878113 0.111213394 0.007451511 0.993768632 118.791915894
0.988832355 -0.029591858 -0.146064520 8.227212906 0.028018758 0.999525130 -0.012815988 -13.396271706 0.146374419 0.008580318 0.989192069 119.336570740
0.982349455 -0.023443816 -0.185580000 8.130710602 0.021514807 0.999691546 -0.012401793 -13.458279610 0.185813531 0.008190176 0.982550919 119.873542786
0.973867476 -0.018532595 -0.226359531 7.969419479 0.016704731 0.999810696 -0.009988044 -13.517929077 0.226501778 0.005945758 0.973992527 120.357971191
0.962468743 -0.013819873 -0.271040350 7.802045822 0.012048406 0.999893785 -0.008198746 -13.579302788 0.271124899 0.004625432 0.962533057 120.841705322
0.948024392 -0.007919765 -0.318099082 7.609046936 0.005339710 0.999945462 -0.008981978 -13.633730888 0.318152845 0.006816578 0.948014915 121.319915771
0.930767298 -0.000168635 -0.365612179 7.378463745 -0.003606498 0.999947011 -0.009642566 -13.687503815 0.365594447 0.010293565 0.930717289 121.776046753
0.909526289 0.004592474 -0.415621072 7.129898071 -0.009920837 0.999893844 -0.010661825 -13.740677834 0.415527999 0.013820519 0.909475327 122.211860657
0.884421706 0.009303406 -0.466595769 6.851692200 -0.015429092 0.999837637 -0.009309834 -13.797677994 0.466433406 0.015432971 0.884421647 122.636100769
0.855313182 0.012330792 -0.517964542 6.567760468 -0.019876266 0.999761760 -0.009021042 -13.843292236 0.517729759 0.018011020 0.855354548 123.032867432
0.823679268 0.022179041 -0.566622078 6.237789154 -0.030878570 0.999506593 -0.005763879 -13.890291214 0.566214561 0.022244068 0.823957741 123.403839111
0.789946675 0.035120517 -0.612168849 5.882331848 -0.044097729 0.999027193 0.000410828 -13.931348801 0.611587763 0.026670722 0.790726960 123.758804321
0.753948867 0.044019781 -0.655456662 5.534870148 -0.055353124 0.998461127 0.003384840 -13.973132133 0.654596984 0.033729576 0.755225241 124.067268372
0.714009583 0.047765650 -0.698504746 5.168972015 -0.062611498 0.998028994 0.004246631 -14.018932343 0.697330773 0.040702295 0.715592861 124.364265442
0.671711266 0.049387790 -0.739165008 4.786792755 -0.065212630 0.997843921 0.007410040 -14.065171242 0.737937212 0.043225486 0.673483670 124.647125244
0.627621472 0.053037181 -0.776710033 4.376213074 -0.068872526 0.997547567 0.012464415 -14.098206520 0.775466323 0.045671042 0.629735112 124.920875549
0.582552969 0.061756946 -0.810443103 3.947925568 -0.079970963 0.996626377 0.018460589 -14.133516312 0.808848977 0.054057661 0.585526288 125.152397156
0.536858618 0.070825674 -0.840694070 3.509597778 -0.091774017 0.995459497 0.025258202 -14.159193039 0.838665783 0.063593790 0.540921032 125.357009888
0.490072876 0.075850062 -0.868375063 3.056293488 -0.097261377 0.994744420 0.031998001 -14.186594009 0.866238296 0.068778008 0.494874448 125.553268433
0.442980528 0.077777669 -0.893151045 2.592887878 -0.097035699 0.994536817 0.038479306 -14.213638306 0.891264498 0.069621958 0.448107630 125.728904724
0.395381987 0.078640766 -0.915144026 2.118251801 -0.093737476 0.994580865 0.044968314 -14.234880447 0.913721085 0.068003640 0.400610954 125.909835815
0.349596590 0.081226774 -0.933372676 1.630695343 -0.095447578 0.994139135 0.050764915 -14.254439354 0.932025790 0.071340911 0.355300546 126.051986694
0.305894613 0.084541500 -0.948304296 1.127281189 -0.101403341 0.993276894 0.055841133 -14.272336960 0.946649849 0.079079725 0.312410831 126.165824890
0.264639556 0.086039759 -0.960501552 0.597162247 -0.106071010 0.992565632 0.059687063 -14.290113449 0.958496094 0.086085811 0.271798432 126.270431519
0.224829301 0.083002314 -0.970856547 0.072370529 -0.106138386 0.992522836 0.060275298 -14.312274933 0.968600214 0.089493468 0.231957972 126.372741699
0.189995050 0.077914931 -0.978688419 -0.462503433 -0.101049773 0.993103802 0.059445541 -14.332034111 0.976570964 0.087601878 0.196558058 126.463821411
0.159326375 0.072957389 -0.984526396 -1.010934830 -0.098510168 0.993463278 0.057677679 -14.354674339 0.982298732 0.087796286 0.165471941 126.542671204
0.133347780 0.071475878 -0.988488495 -1.583213806 -0.099822417 0.993292451 0.058357134 -14.373135567 0.986029327 0.090891510 0.139588252 126.602104187
0.110711426 0.070254013 -0.991366386 -2.160504341 -0.100227974 0.993202329 0.059191100 -14.386705399 0.988785744 0.092809506 0.117000267 126.671897888
0.092324071 0.071902670 -0.993129551 -2.756459236 -0.102357745 0.992790937 0.062362693 -14.404569626 0.990454018 0.095896907 0.099018276 126.730247498
0.076345876 0.070098758 -0.994614244 -3.365994453 -0.103332922 0.992710471 0.062032837 -14.427376747 0.991712451 0.098040447 0.083032876 126.776458740
0.062249012 0.069042079 -0.995669782 -3.986140251 -0.101722799 0.992848516 0.062486745 -14.456272125 0.992863297 0.097392596 0.068826988 126.825927734
0.050309066 0.066520639 -0.996515989 -4.623739719 -0.097878680 0.993304729 0.061364882 -14.478549957 0.993925929 0.094450466 0.056483183 126.864837646
0.038376644 0.063624866 -0.997235835 -5.282466412 -0.095312655 0.993653893 0.059728425 -14.493823051 0.994707286 0.092757024 0.044197369 126.899040222
0.026960026 0.062776521 -0.997663379 -5.956517220 -0.094507739 0.993715942 0.059974249 -14.515384674 0.995159030 0.092670023 0.032723475 126.946647644
0.017453212 0.064179599 -0.997785687 -6.627825737 -0.097854696 0.993256569 0.062176604 -14.536388397 0.995047748 0.096552834 0.023615785 126.964988708
0.009239890 0.063945889 -0.997910559 -7.303659916 -0.100707076 0.992938817 0.062694840 -14.562469482 0.994873285 0.099917367 0.015614448 126.977729797
0.002335654 0.063357666 -0.997988164 -8.001893044 -0.102790833 0.992719710 0.062782630 -14.586161613 0.994700193 0.102437399 0.008831237 126.999862671
-0.002863064 0.064235047 -0.997930706 -8.700236320 -0.103474803 0.992558777 0.064186141 -14.604340553 0.994627893 0.103444465 0.003804951 127.015739441
-0.006425416 0.066643186 -0.997756124 -9.423110962 -0.105877772 0.992122829 0.066948764 -14.624445915 0.994358361 0.106070355 0.000681233 127.036407471
-0.006929915 0.070625879 -0.997478783 -10.156365395 -0.107813142 0.991635442 0.070961162 -14.649470329 0.994147062 0.108033061 0.000742448 127.035835266
-0.008093007 0.073750630 -0.997243881 -10.877164841 -0.110399321 0.991114140 0.074193247 -14.663514137 0.993854344 0.110695504 0.000120924 127.045448303
-0.008690846 0.079257458 -0.996816337 -11.618637085 -0.115054615 0.990154266 0.079730868 -14.671061516 0.993321180 0.115381256 0.000513657 127.051506042
-0.009886306 0.083174869 -0.996485949 -12.361834526 -0.118077941 0.989465475 0.083760351 -14.685938835 0.992955029 0.118491098 0.000038960 127.060241699
-0.011160005 0.083558328 -0.996440351 -13.111032486 -0.118128344 0.989414215 0.084292151 -14.702866554 0.992935598 0.118648529 -0.001171260 127.075576782
-0.012858590 0.080497548 -0.996671796 -13.853440285 -0.115611210 0.989949703 0.081446186 -14.722083092 0.993211389 0.116273724 -0.003422938 127.097877502
-0.014416636 0.077127412 -0.996917009 -14.611400604 -0.119293228 0.989766777 0.078299358 -14.729430199 0.992754340 0.120054267 -0.005068327 127.111267090
-0.015519083 0.078648858 -0.996781588 -15.385959625 -0.124610677 0.988977492 0.079973184 -14.739532471 0.992084324 0.125450730 -0.005547537 127.107612610
-0.017309766 0.082225531 -0.996463418 -16.154264450 -0.121506527 0.989053190 0.083724782 -14.754160881 0.992439747 0.122526072 -0.007129341 127.123214722
-0.019476790 0.082157567 -0.996428967 -16.924964905 -0.120410308 0.989171445 0.083912775 -14.772849083 0.992533088 0.121614695 -0.009373268 127.140205383
-0.020413384 0.081279106 -0.996482313 -17.720958710 -0.123515472 0.988849759 0.083186820 -14.782474518 0.992132664 0.124779120 -0.010146543 127.135742188
-0.020895606 0.081146687 -0.996483088 -18.508323669 -0.128209457 0.988254011 0.083165035 -14.789552689 0.991526961 0.129496336 -0.010246396 127.133018494
-0.021813426 0.085637182 -0.996087611 -19.312585831 -0.130097926 0.987609804 0.087757356 -14.796996117 0.991261125 0.131503209 -0.010401936 127.133514404
-0.022648413 0.089996971 -0.995684505 -20.125633240 -0.128511965 0.987415195 0.092172742 -14.807036400 0.991449296 0.130044952 -0.010797700 127.149414062
-0.022114325 0.092394277 -0.995476902 -20.950332642 -0.130711496 0.986906171 0.094502524 -14.822015762 0.991173744 0.132210150 -0.009747772 127.165214539
-0.020156449 0.091078088 -0.995639741 -21.768693924 -0.130140767 0.987130463 0.092934355 -14.827351570 0.991290629 0.131446525 -0.008044074 127.173461914
-0.019188682 0.091229431 -0.995644987 -22.598995209 -0.130125433 0.987130404 0.092957109 -14.833898544 0.991311908 0.131342471 -0.007070462 127.184921265
-0.018802928 0.090270847 -0.995739758 -23.430492401 -0.128743932 0.987406135 0.091946483 -14.841213226 0.991499543 0.129924297 -0.006944302 127.204345703
-0.018205589 0.092170559 -0.995576799 -24.268857956 -0.129617408 0.987121463 0.093758002 -14.847481728 0.991396964 0.130751029 -0.006024217 127.224090576
-0.017777404 0.094193548 -0.995395243 -25.107498169 -0.131266743 0.986715555 0.095716558 -14.849878311 0.991187751 0.132363871 -0.005176762 127.241119385
-0.017548293 0.097009890 -0.995128691 -25.971456528 -0.134243742 0.986041546 0.098491311 -14.856607437 0.990793049 0.135318130 -0.004280378 127.252159119
-0.015939269 0.098073237 -0.995051503 -26.835884094 -0.136429459 0.985657096 0.099332720 -14.853385925 0.990521550 0.137337640 -0.002330577 127.262596130
-0.014310647 0.101384304 -0.994744360 -27.704486847 -0.143277645 0.984371841 0.102388389 -14.855086327 0.989579082 0.143989876 0.000439110 127.276901245
-0.012122188 0.105209574 -0.994376183 -28.587003708 -0.147987694 0.983309329 0.105842687 -14.850991249 0.988914907 0.148438469 0.003649863 127.292991638
-0.010116577 0.107018895 -0.994205534 -29.461875916 -0.150407031 0.982781827 0.107319705 -14.845815659 0.988572359 0.150621220 0.006154009 127.322738647
-0.006563581 0.107986145 -0.994130671 -30.360794067 -0.149435773 0.982882798 0.107750982 -14.848390579 0.988749623 0.149265915 0.009685761 127.345108032
-0.004045682 0.107994549 -0.994143248 -31.252588272 -0.152118757 0.982515037 0.107350431 -14.842487335 0.988353908 0.151662171 0.012453057 127.372650146
-0.001416233 0.111819319 -0.993727505 -32.155471802 -0.152559578 0.982072115 0.110725217 -14.834997177 0.988293111 0.151759490 0.015668266 127.400238037
0.000881117 0.113841467 -0.993498564 -33.069839478 -0.151727319 0.982011795 0.112390690 -14.827707291 0.988421977 0.150641814 0.018138131 127.439453125
0.002601175 0.115308948 -0.993326306 -33.962860107 -0.152494982 0.981757581 0.113566682 -14.825217247 0.988300741 0.151181877 0.020137763 127.478889465
0.005115444 0.113450639 -0.993530452 -34.867347717 -0.153891772 0.981797040 0.111318469 -14.817852020 0.988074422 0.152326703 0.022481445 127.507858276
0.005541261 0.114401832 -0.993419111 -35.789749146 -0.158209339 0.981022537 0.112091780 -14.804597855 0.987390041 0.156547025 0.023535548 127.544837952
0.006688523 0.114995450 -0.993343472 -36.684864044 -0.158937559 0.980860353 0.112480156 -14.799032211 0.987265944 0.157127261 0.024837602 127.579223633
0.007027466 0.111605741 -0.993727684 -37.578472137 -0.159606040 0.981137693 0.109063059 -14.797306061 0.987155735 0.157838494 0.024707861 127.613037109
0.007657876 0.107326567 -0.994194269 -38.491306305 -0.160334915 0.981492043 0.104720280 -14.796946526 0.987032950 0.158602148 0.024724336 127.658035278
0.008113774 0.106515422 -0.994278014 -39.389343262 -0.159954160 0.981645763 0.103856862 -14.790956497 0.987091064 0.158196241 0.025002439 127.697921753
0.008092129 0.110843129 -0.993804991 -40.297451019 -0.162244707 0.980814338 0.108073160 -14.787840843 0.986717343 0.160365060 0.025920590 127.736091614
0.008599079 0.116985440 -0.993096352 -41.222873688 -0.163252369 0.979972839 0.114025928 -14.776239395 0.986546874 0.161144853 0.027525013 127.770225525
0.008702151 0.115704924 -0.993245482 -42.117561340 -0.161137968 0.980464101 0.112804212 -14.776269913 0.986893594 0.159067959 0.027176604 127.814575195
0.009889613 0.105392925 -0.994381428 -43.007545471 -0.160466030 0.981709659 0.102453947 -14.781872749 0.986991882 0.158551231 0.026620708 127.853858948
0.009813554 0.094755962 -0.995452166 -43.934780121 -0.161857337 0.982522845 0.091929600 -14.786495209 0.986765385 0.160219073 0.024978990 127.896255493
0.009034149 0.091623269 -0.995752692 -44.835296631 -0.158729792 0.983299077 0.089037262 -14.793336868 0.987280667 0.157251254 0.023426615 127.939292908
0.008897657 0.101856403 -0.994759262 -45.755050659 -0.151231974 0.983492911 0.099350117 -14.797960281 0.988458216 0.149555430 0.024154732 127.988265991
0.008866546 0.114913255 -0.993336082 -46.699985504 -0.146289587 0.982836306 0.112392843 -14.792335510 0.989202082 0.144318163 0.025524972 128.044403076
0.009150906 0.123929322 -0.992248893 -47.621154785 -0.146486491 0.981751502 0.121267274 -14.783478737 0.989170313 0.144241318 0.027137889 128.088531494
0.009165023 0.118161581 -0.992952108 -48.536960602 -0.147081107 0.982352734 0.115542695 -14.779966354 0.989081979 0.144985527 0.026382621 128.126556396
0.009114179 0.104711510 -0.994460881 -49.456104279 -0.146580413 0.983899355 0.102256030 -14.777111053 0.989156723 0.144836515 0.024316093 128.166168213
0.009578583 0.095916919 -0.995343328 -50.370605469 -0.147139862 0.984689116 0.093474224 -14.777370453 0.989069343 0.145559311 0.023545125 128.208709717
0.009937101 0.095901348 -0.995341361 -51.300266266 -0.146141514 0.984841824 0.093430683 -14.784929276 0.989213824 0.144532248 0.023801642 128.252716064
0.009442263 0.097466037 -0.995194077 -52.239315033 -0.149364606 0.984210491 0.094973177 -14.802675247 0.988737226 0.147749960 0.023851147 128.293289185
0.010247110 0.096987322 -0.995232880 -53.168094635 -0.153962940 0.983569741 0.094265498 -14.804763794 0.988023460 0.152263045 0.025011202 128.323638916
0.010838609 0.096037120 -0.995318711 -54.106628418 -0.155577764 0.983417571 0.093194626 -14.804079056 0.987764180 0.153839394 0.025600119 128.362380981
0.011388289 0.103979334 -0.994514227 -55.068088531 -0.164796352 0.981173873 0.100697458 -14.809650421 0.986261964 0.162745535 0.028309308 128.403045654
0.012804533 0.113546066 -0.993450165 -56.008544922 -0.170190051 0.979282379 0.109733194 -14.803229332 0.985328138 0.167670250 0.031863663 128.440765381
0.013969853 0.121741466 -0.992463529 -56.966278076 -0.170640275 0.978290260 0.117600977 -14.796343803 0.985234320 0.167711362 0.034440562 128.481445312
0.014980525 0.122225180 -0.992389321 -57.914871216 -0.171897501 0.978038669 0.117862843 -14.787374496 0.985000908 0.168823600 0.035661735 128.528732300
0.016567042 0.112745412 -0.993485749 -58.858505249 -0.173900589 0.978803277 0.108179271 -14.786630630 0.984623849 0.170975551 0.035822358 128.574050903
0.017947337 0.107641682 -0.994027734 -59.798454285 -0.172318757 0.979644239 0.102972865 -14.779018402 0.984877765 0.169441521 0.036130682 128.625488281
0.019634509 0.106031552 -0.994168878 -60.767116547 -0.170673087 0.980120778 0.101162545 -14.779373169 0.985132098 0.167691603 0.037340928 128.683197021
0.022806577 0.111762248 -0.993473172 -61.726684570 -0.172081918 0.979338884 0.106221810 -14.774985313 0.984818637 0.168536201 0.041567627 128.742950439
0.026434403 0.114195213 -0.993106604 -62.699562073 -0.174985051 0.978643596 0.107874423 -14.779407501 0.984216154 0.170927212 0.045852318 128.795654297
0.030295752 0.109251469 -0.993552387 -63.655914307 -0.173955798 0.979415655 0.102392673 -14.780535698 0.984287262 0.169732124 0.048677064 128.854980469
0.033464752 0.103560604 -0.994060099 -64.608856201 -0.173903942 0.980047941 0.096246399 -14.786525726 0.984193861 0.169650093 0.050806664 128.920516968
0.037673298 0.103149772 -0.993952215 -65.575111389 -0.171688691 0.980535805 0.095250003 -14.782860756 0.984430611 0.167061970 0.054649670 128.978027344
0.039318457 0.107836239 -0.993390858 -66.534812927 -0.168738604 0.980598509 0.099768899 -14.802892685 0.984876335 0.163700625 0.056751758 129.072021484
0.042848147 0.114473671 -0.992501795 -67.493179321 -0.168195754 0.980061829 0.105777554 -14.802518845 0.984821975 0.162402228 0.061247826 129.148880005
0.045383766 0.118214078 -0.991950512 -68.456764221 -0.165857047 0.980083704 0.109211594 -14.805872917 0.985104978 0.159565538 0.064086534 129.231109619
0.047730550 0.119677715 -0.991664767 -69.440895081 -0.165593863 0.980006456 0.110300422 -14.801324844 0.985038340 0.158948883 0.066594146 129.307662964
0.049846981 0.116974600 -0.991883159 -70.378982544 -0.164227992 0.980559766 0.107385948 -14.801586151 0.985162139 0.157542154 0.068088450 129.381408691
0.050328653 0.115586326 -0.992021620 -71.323783875 -0.162210643 0.981037855 0.106077068 -14.805559158 0.985471845 0.155577749 0.068123654 129.470413208
0.051022571 0.112129189 -0.992382824 -72.270774841 -0.159126803 0.981895387 0.102762833 -14.813966751 0.985938787 0.152671516 0.067941584 129.556304932
0.050769653 0.111464545 -0.992470801 -73.264129639 -0.157639638 0.982189178 0.102245815 -14.803318024 0.986190856 0.151261732 0.067436650 129.636886597
0.050586455 0.116152242 -0.991942346 -74.219741821 -0.154359221 0.982188761 0.107138209 -14.804753304 0.986718953 0.147695735 0.067614615 129.720520020
0.049750295 0.118080087 -0.991757035 -75.181938171 -0.148280412 0.982855499 0.109581932 -14.812239647 0.987693191 0.141606435 0.066406302 129.819519043
0.049345497 0.113189176 -0.992347300 -76.138267517 -0.145518079 0.983770728 0.104974873 -14.795222282 0.988124251 0.139224470 0.065015733 129.896606445
0.047891669 0.109647050 -0.992816091 -77.111816406 -0.147378981 0.983853400 0.101547889 -14.800871849 0.987919927 0.141456932 0.063278057 129.970123291
0.046592548 0.106975466 -0.993169427 -78.061325073 -0.143880382 0.984600127 0.099302612 -14.804482460 0.988497496 0.138270825 0.061266702 130.051742554
0.045751236 0.107386328 -0.993164122 -79.028518677 -0.144173160 0.984506130 0.099808678 -14.801528931 0.988494277 0.138621226 0.060524594 130.115966797
0.044754352 0.108960949 -0.993038058 -79.984596252 -0.144963548 0.984221160 0.101460278 -14.809126854 0.988424301 0.139413550 0.059843551 130.192108154
0.043342534 0.109327480 -0.993060410 -80.938484192 -0.146577030 0.983934104 0.101925351 -14.812245369 0.988249302 0.141142160 0.058671098 130.264892578
0.042049378 0.110422999 -0.992994726 -81.890159607 -0.146539733 0.983807206 0.103195950 -14.815948486 0.988310695 0.141173884 0.057549845 130.330627441
0.040159885 0.110135518 -0.993104875 -82.852676392 -0.146268040 0.983847916 0.103194013 -14.813271523 0.988429487 0.141115263 0.055620521 130.400253296
0.038150139 0.112776108 -0.992887795 -83.810264587 -0.146147385 0.983556569 0.106100760 -14.808152199 0.988526940 0.141060188 0.054004759 130.476486206
0.036638223 0.116523854 -0.992511988 -84.764251709 -0.147562116 0.982922256 0.109950840 -14.800859451 0.988373935 0.142428741 0.053207029 130.534530640
0.034321021 0.121180400 -0.992037058 -85.712570190 -0.148703024 0.982191801 0.114833176 -14.790308952 0.988286078 0.143577725 0.051729713 130.600158691
0.032374952 0.121310882 -0.992086411 -86.663330078 -0.148934901 0.982110083 0.115230776 -14.787605286 0.988316834 0.144025728 0.049863193 130.659042358
0.031275153 0.116302639 -0.992721379 -87.608459473 -0.149114549 0.982635081 0.110423207 -14.783747673 0.988325179 0.144575700 0.048074476 130.719131470
0.028799592 0.111364722 -0.993362188 -88.555343628 -0.152993113 0.982556224 0.105717711 -14.770563126 0.987807512 0.148932979 0.045335259 130.779357910
0.027673583 0.109251834 -0.993628860 -89.500122070 -0.151041150 0.983053923 0.103882454 -14.768075943 0.988140106 0.147204056 0.043706156 130.841888428
0.027148137 0.110425107 -0.993513703 -90.466491699 -0.146600872 0.983573616 0.105314411 -14.769989014 0.988823116 0.142790869 0.042890612 130.895401001
0.026533889 0.111798689 -0.993376434 -91.415153503 -0.143556848 0.983852386 0.106892258 -14.768398285 0.989286304 0.139769733 0.042154893 130.955856323
0.025553411 0.111881606 -0.993392944 -92.364395142 -0.138263226 0.984562576 0.107330471 -14.772929192 0.990065932 0.134607032 0.040628031 131.018539429
0.024261523 0.108995251 -0.993746221 -93.306236267 -0.134181336 0.985399187 0.104803808 -14.775538445 0.990659773 0.130799487 0.038532417 131.081283569
0.023613038 0.105885781 -0.994097888 -94.251457214 -0.128842205 0.986404836 0.102005929 -14.777911186 0.991384029 0.125673100 0.036934581 131.142639160
0.021842577 0.108552128 -0.993850768 -95.233283997 -0.127423018 0.986283004 0.104925081 -14.781938553 0.991607904 0.124347590 0.035374992 131.195053101
0.020452887 0.110952206 -0.993615270 -96.179977417 -0.126801044 0.986085713 0.107501306 -14.780652046 0.991717279 0.123792738 0.034237150 131.251907349
0.018975824 0.108759992 -0.993886888 -97.141273499 -0.122523673 0.986826420 0.105648085 -14.776724815 0.992284119 0.119769923 0.032051515 131.301849365
0.017216312 0.105832055 -0.994234979 -98.090049744 -0.119706847 0.987448156 0.103036769 -14.776383400 0.992659986 0.117242813 0.029669035 131.347335815
0.013153892 0.102971524 -0.994597316 -99.059722900 -0.118348673 0.987851918 0.100707978 -14.772791862 0.992884994 0.116384581 0.025180645 131.402862549
0.010552450 0.102318980 -0.994695663 -100.014114380 -0.112878144 0.988514662 0.100485660 -14.784229279 0.993552804 0.111219034 0.021980826 131.449356079
0.008306371 0.102364339 -0.994712353 -100.972610474 -0.106147245 0.989216506 0.100912400 -14.778573036 0.994315743 0.104747750 0.019082494 131.490676880
0.005936452 0.110047676 -0.993908584 -101.938049316 -0.096021093 0.989395976 0.108974524 -14.776384354 0.995361567 0.094789274 0.016440401 131.547714233
0.003531586 0.118158385 -0.992988467 -102.894905090 -0.088039391 0.989175558 0.117391557 -14.771650314 0.996110797 0.087007508 0.013895949 131.599792480
-0.000432576 0.117955208 -0.993018806 -103.850746155 -0.083522968 0.989544928 0.117578939 -14.766812325 0.996505797 0.082990736 0.009423913 131.653732300
-0.002141603 0.107875653 -0.994162083 -104.802665710 -0.084653921 0.990576148 0.107668892 -14.767634392 0.996408045 0.084390312 0.007010677 131.675659180
-0.004259876 0.098370060 -0.995140791 -105.750160217 -0.086318888 0.991399169 0.098369710 -14.763828278 0.996258318 0.086318485 0.004267956 131.711349487
-0.004281509 0.100338064 -0.994944155 -106.712898254 -0.094047092 0.990503013 0.100294881 -14.770068169 0.995558560 0.094001018 0.005195656 131.724609375
-0.005383861 0.109483644 -0.993973970 -107.674804688 -0.097174138 0.989226878 0.109487109 -14.757312775 0.995252848 0.097178049 0.005313118 131.762023926
-0.006864059 0.120783955 -0.992655158 -108.637794495 -0.101057716 0.987512529 0.120857015 -14.744385719 0.994856954 0.101145022 0.005427805 131.789657593
-0.008448971 0.122663856 -0.992412388 -109.581947327 -0.108176887 0.986511290 0.122855432 -14.734768867 0.994095743 0.108394086 0.004934389 131.819000244
-0.008230736 0.119298860 -0.992824376 -110.564811707 -0.115160368 0.986138821 0.119450264 -14.715083122 0.993312776 0.115317181 0.005621853 131.836196899
-0.008506418 0.115533262 -0.993267179 -111.518928528 -0.123322383 0.985599160 0.115697496 -14.703452110 0.992330253 0.123476245 0.005863921 131.859024048
-0.006155328 0.117345825 -0.993072033 -112.487388611 -0.127868876 0.984845936 0.117166355 -14.682568550 0.991772056 0.127704203 0.008942828 131.879333496
-0.004773837 0.118404277 -0.992953956 -113.468551636 -0.135883570 0.983678281 0.117951490 -14.663802147 0.990713239 0.135489210 0.011393278 131.902542114
-0.004330493 0.121142112 -0.992625773 -114.431900024 -0.145119235 0.982050896 0.120484620 -14.647202492 0.989404738 0.144570842 0.013327282 131.922180176
-0.003984735 0.123421639 -0.992346406 -115.406852722 -0.150579780 0.980964959 0.122610748 -14.626399994 0.988589764 0.149915874 0.014675917 131.945770264
-0.003957922 0.123168506 -0.992377877 -116.380790710 -0.153847218 0.980495751 0.122307353 -14.623343468 0.988086700 0.153158680 0.015068405 131.985504150
-0.002512864 0.113796122 -0.993501067 -117.335556030 -0.152831554 0.981788874 0.112841189 -14.625450134 0.988248944 0.152121827 0.014924537 132.017272949
-0.001277044 0.102138571 -0.994769454 -118.286643982 -0.155854747 0.982593715 0.101088531 -14.615484238 0.987779140 0.155168653 0.014663966 132.054199219
