1.000000000 0.000000000 0.000000000 0.000000000 0.000000000 1.000000000 0.000000000 0.000000000 0.000000000 0.000000000 1.000000000 0.000000000
0.999987185 -0.003209117 0.003920615 0.046715703 0.003201327 0.999992907 0.001991538 -0.127285600 -0.003926978 -0.001978961 0.999990344 1.227047801
0.999959350 -0.005109670 0.007431159 0.121021867 0.005098889 0.999985933 0.001469019 -0.255704641 -0.007438560 -0.001431069 0.999971330 2.495142221
0.999904811 -0.008454965 0.010905187 0.190269455 0.008480457 0.999961436 -0.002293425 -0.380924523 -0.010885376 0.002385688 0.999937892 3.733788252
0.999848366 -0.010149391 0.014150340 0.275927335 0.010185796 0.999945045 -0.002503057 -0.504158437 -0.014124157 0.002646810 0.999896705 4.969797611
0.999759495 -0.012451697 0.018053299 0.347178608 0.012456812 0.999922395 -0.000170790 -0.634516954 -0.018049771 0.000395635 0.999837041 6.200678825
0.999657750 -0.015349966 0.021184009 0.436559796 0.015280548 0.999877393 0.003434976 -0.757757604 -0.021234136 -0.003110097 0.999769688 7.416505337
0.999569476 -0.017324565 0.023680005 0.513680577 0.017222950 0.999841452 0.004488461 -0.874679983 -0.023754014 -0.004078689 0.999709487 8.661020279
0.999481916 -0.020026002 0.025196981 0.598409414 0.019830219 0.999771357 0.007995969 -0.993559837 -0.025351344 -0.007492164 0.999650538 9.879322052
0.999418795 -0.022963429 0.025200170 0.689840138 0.022740344 0.999699950 0.009103619 -1.106048346 -0.025401665 -0.008525265 0.999640942 11.100048065
0.999389231 -0.024710761 0.024710022 0.772882521 0.024569966 0.999680221 0.005985256 -1.221076131 -0.024850022 -0.005374476 0.999676764 12.308054924
0.999376893 -0.026233384 0.023613259 0.862689137 0.026198139 0.999655128 0.001800853 -1.342527270 -0.023652362 -0.001181107 0.999719560 13.506728172
0.999355733 -0.027874399 0.022607807 0.936025620 0.027924120 0.999608219 -0.001886389 -1.464243054 -0.022546368 0.002516476 0.999742627 14.695343971
0.999321342 -0.030217925 0.021063944 1.006531000 0.030323232 0.999529123 -0.004697916 -1.582505226 -0.020912062 0.005333455 0.999767005 15.925216675
0.999352276 -0.030373890 0.019296657 1.076238871 0.030469760 0.999524653 -0.004693596 -1.705032945 -0.019144924 0.005278520 0.999802768 17.110227585
0.999437690 -0.029246692 0.016399976 1.144770265 0.029316677 0.999562025 -0.004043340 -1.838627458 -0.016274540 0.004521859 0.999857247 18.320383072
0.999507606 -0.028403863 0.013334060 1.204318523 0.028432120 0.999593794 -0.001934308 -1.960698962 -0.013273701 0.002312472 0.999909163 19.502641678
0.999654949 -0.024407325 0.009706984 1.262667418 0.024389872 0.999700665 0.001912297 -2.086936951 -0.009750753 -0.001674885 0.999951065 20.696708679
0.999729991 -0.022348333 0.006361877 1.317243457 0.022321811 0.999741971 0.004210350 -2.202724457 -0.006454331 -0.004067205 0.999970913 21.886346817
0.999768853 -0.021178417 0.003701860 1.357635736 0.021173492 0.999774814 0.001365811 -2.328939915 -0.003729951 -0.001287114 0.999992192 23.060819626
0.999760628 -0.021879436 -0.000114084 1.409963846 0.021878429 0.999744356 -0.005705651 -2.453933239 0.000238891 0.005701789 0.999983728 24.254484177
0.999650240 -0.026192972 -0.003621525 1.455538273 0.026160529 0.999619603 -0.008732568 -2.577482700 0.003848880 0.008634775 0.999955356 25.431945801
0.999523222 -0.029763808 -0.008203216 1.507292390 0.029735938 0.999551654 -0.003498467 -2.706909180 0.008303666 0.003252869 0.999960244 26.609220505
0.999375701 -0.033228140 -0.012004782 1.544395924 0.033247709 0.999446213 0.001434390 -2.823479176 0.011950470 -0.001832625 0.999926865 27.775754929
0.999241889 -0.035088100 -0.016867472 1.581608534 0.035162054 0.999373317 0.004108327 -2.936680317 0.016712746 -0.004698308 0.999849319 28.968563080
0.999197662 -0.034194544 -0.020852882 1.607667208 0.034340460 0.999387801 0.006679749 -3.051919937 0.020611703 -0.007390487 0.999760330 30.131832123
0.999129891 -0.033567585 -0.024751313 1.636246920 0.033750273 0.999405742 0.007000545 -3.162165642 0.024501614 -0.007829818 0.999669194 31.292161942
0.999079585 -0.032637361 -0.027833967 1.642598987 0.032783996 0.999450803 0.004828002 -3.276184559 0.027661104 -0.005736066 0.999600828 32.464233398
0.999049783 -0.030599624 -0.031034008 1.655230403 0.030607896 0.999531388 -0.000208767 -3.392758846 0.031025851 -0.000741317 0.999518275 33.612377167
0.998809755 -0.034072310 -0.034901913 1.673138976 0.033910412 0.999411166 -0.005220436 -3.519504547 0.035059240 0.004030684 0.999377131 34.786548615
0.998560548 -0.037845097 -0.038005985 1.674850583 0.037646092 0.999273479 -0.005938515 -3.640351295 0.038203117 0.004499190 0.999259889 35.925365448
0.998418808 -0.037853710 -0.041556109 1.679332256 0.037782472 0.999282837 -0.002498301 -3.758125067 0.041620888 0.000924259 0.999133050 37.064880371
0.998305857 -0.038080797 -0.043991651 1.681172013 0.038123798 0.999273002 0.000138688 -3.878624916 0.043954398 -0.001815583 0.999031901 38.205753326
0.998342395 -0.035593063 -0.045228422 1.664101481 0.035552986 0.999366283 -0.001690580 -3.993718386 0.045259938 0.000079772 0.998975217 39.348293304
0.998444200 -0.032135502 -0.045569383 1.654404521 0.031944461 0.999477565 -0.004914592 -4.110379219 0.045703519 0.003451257 0.998949051 40.470470428
0.998448670 -0.030535445 -0.046557218 1.649662614 0.030221088 0.999515533 -0.007441134 -4.229653835 0.046761885 0.006022582 0.998887897 41.584037781
0.998355746 -0.032575469 -0.047165599 1.632991791 0.032220870 0.999446571 -0.008259316 -4.355432510 0.047408544 0.006726020 0.998852849 42.733554840
0.998259604 -0.033477873 -0.048549831 1.625981569 0.033251271 0.999432087 -0.005467913 -4.476397991 0.048705310 0.003844053 0.998805702 43.850017548
0.998212218 -0.034305178 -0.048944976 1.612394571 0.034215454 0.999410868 -0.002670049 -4.597518921 0.049007732 0.000990601 0.998797834 44.969249725
0.998174548 -0.034181427 -0.049793936 1.612994432 0.034109641 0.999415398 -0.002291007 -4.708974838 0.049843147 0.000588372 0.998756826 46.089809418
0.998153865 -0.034849919 -0.049741570 1.599885941 0.034666777 0.999388635 -0.004540121 -4.825262070 0.049869385 0.002807360 0.998751819 47.201396942
0.998092532 -0.035096772 -0.050787527 1.603268862 0.034703959 0.999360621 -0.008596097 -4.943560600 0.051056754 0.006817174 0.998672426 48.312084198
0.998109281 -0.035399120 -0.050245747 1.584984779 0.034969568 0.999344110 -0.009402839 -5.074419975 0.050545640 0.007627989 0.998692751 49.431003571
0.998074174 -0.036038548 -0.050488301 1.584168434 0.035694089 0.999333084 -0.007708042 -5.196850777 0.050732408 0.005891064 0.998694897 50.518402100
0.998179853 -0.034646824 -0.049361765 1.566313267 0.034565531 0.999399245 -0.002499855 -5.310589314 0.049418729 0.000789089 0.998777747 51.608089447
0.998303652 -0.032850534 -0.048070643 1.559664726 0.032933407 0.999457121 0.000932758 -5.420828819 0.048013903 -0.002514306 0.998843431 52.674530029
0.998477817 -0.030424319 -0.046004124 1.547382593 0.030492384 0.999534607 0.000778352 -5.531085491 0.045959037 -0.002179943 0.998940945 53.747173309
0.998637855 -0.028503910 -0.043703925 1.539613485 0.028480176 0.999593616 -0.001165771 -5.641323090 0.043719400 -0.000080512 0.999043763 54.784923553
0.998723924 -0.029202420 -0.041203976 1.538536787 0.029088669 0.999571264 -0.003357735 -5.755917072 0.041284360 0.002154881 0.999145091 55.807510376
0.998749077 -0.030634182 -0.039522838 1.538367510 0.030479385 0.999525189 -0.004513327 -5.861531258 0.039642338 0.003303048 0.999208450 56.837104797
0.998764277 -0.032439344 -0.037653849 1.548388004 0.032320105 0.999470472 -0.003771188 -5.967131615 0.037756246 0.002549552 0.999283612 57.822589874
0.998842955 -0.032405034 -0.035531737 1.548594713 0.032333102 0.999473691 -0.002597209 -6.075992107 0.035597198 0.001445353 0.999365151 58.804355621
0.998831093 -0.033373252 -0.034964796 1.578073263 0.033360828 0.999442935 -0.000938459 -6.179214954 0.034976635 -0.000229093 0.999388099 59.763202667
0.998883963 -0.034036115 -0.032746743 1.583101988 0.034003876 0.999420404 -0.001541339 -6.278309822 0.032780226 0.000426102 0.999462426 60.683307648
0.998940527 -0.033656910 -0.031385332 1.602263570 0.033680353 0.999432623 0.000218469 -6.369894981 0.031360172 -0.001275307 0.999507308 61.598243713
0.999035001 -0.032645397 -0.029382076 1.614175677 0.032726832 0.999461651 0.002294690 -6.460215569 0.029291347 -0.003254058 0.999565601 62.470375061
0.999069750 -0.032606874 -0.028221287 1.630647302 0.032771643 0.999448180 0.005395479 -6.554848194 0.028029785 -0.006315317 0.999587059 63.332134247
0.999109983 -0.032687046 -0.026662741 1.647756815 0.032846954 0.999444783 0.005581338 -6.640647888 0.026465498 -0.006452160 0.999628842 64.162712097
0.999175489 -0.031583548 -0.025511006 1.656829476 0.031753242 0.999476075 0.006274136 -6.723772049 0.025299482 -0.007079021 0.999654770 64.975135803
0.999255478 -0.029345533 -0.025043802 1.669668198 0.029513368 0.999544144 0.006358303 -6.795360088 0.024845799 -0.007092696 0.999666035 65.759498596
0.999323070 -0.026608678 -0.025400367 1.674492002 0.026856221 0.999594629 0.009454520 -6.867823601 0.025138494 -0.010130279 0.999632597 66.518486023
0.999242246 -0.026498726 -0.028508617 1.683033347 0.026817931 0.999581218 0.010873247 -6.950228214 0.028208550 -0.011629547 0.999534547 67.272064209
0.999033630 -0.026555564 -0.035021275 1.683609247 0.026956158 0.999575973 0.011016462 -7.017775536 0.034713876 -0.011949856 0.999325871 67.973159790
0.998655021 -0.024889780 -0.045481522 1.675133467 0.025376836 0.999626338 0.010162943 -7.088068008 0.045211568 -0.011303452 0.998913527 68.646835327
0.997975469 -0.022461733 -0.059500895 1.640327454 0.022948496 0.999708474 0.007510015 -7.148803711 0.059314862 -0.008860268 0.998200059 69.294929504
0.996710479 -0.020830173 -0.078321978 1.609874249 0.021322152 0.999757767 0.005450400 -7.215029716 0.078189455 -0.007102463 0.996913314 69.909599304
0.994737506 -0.019207917 -0.100639731 1.545037746 0.019669130 0.999800146 0.003592501 -7.278920174 0.100550607 -0.005553092 0.994916439 70.494285583
0.991570473 -0.017783120 -0.128341645 1.474590302 0.018189548 0.999832571 0.001995291 -7.337190151 0.128284663 -0.004312948 0.991728067 71.063743591
0.986985981 -0.015474007 -0.160059869 1.372182846 0.015760705 0.999875665 0.000521756 -7.397883892 0.160031900 -0.003037623 0.987107098 71.602348328
0.980712235 -0.011080123 -0.195142940 1.235716820 0.011249471 0.999936700 -0.000240478 -7.456801414 0.195133254 -0.001959416 0.980774760 72.139427185
0.972286105 -0.005206604 -0.233736426 1.101758957 0.005557602 0.999984264 0.000843077 -7.508569717 0.233728334 -0.002118725 0.972299695 72.676208496
0.961612105 0.000291672 -0.274412274 0.921112061 0.000755290 0.999992847 0.003709620 -7.562413692 0.274411380 -0.003774476 0.961604893 73.170379639
0.947878361 0.005110350 -0.318591356 0.730947495 -0.003344382 0.999975860 0.006089807 -7.615104198 0.318614841 -0.004706905 0.947872579 73.646858215
0.930945098 0.010945149 -0.364995241 0.514009476 -0.009342237 0.999937415 0.006157215 -7.661652088 0.365039825 -0.002322156 0.930989027 74.117721558
0.911135912 0.018369060 -0.411696374 0.260820389 -0.017320117 0.999830246 0.006278809 -7.707849503 0.411741853 0.001409780 0.911299348 74.562469482
0.887481987 0.022741292 -0.460281074 -0.016178131 -0.022544323 0.999728322 0.005925589 -7.751146793 0.460290760 0.005117872 0.887753427 74.987136841
0.859790683 0.027702941 -0.509894550 -0.312217712 -0.027272835 0.999593318 0.008320833 -7.803245068 0.509917736 0.006752097 0.860196650 75.393737793
0.828083396 0.030631572 -0.559767306 -0.617553711 -0.030766418 0.999484420 0.009179917 -7.838561535 0.559759974 0.009620300 0.828598976 75.774902344
0.793880939 0.040144324 -0.606746554 -0.964134216 -0.040619280 0.999090672 0.012955899 -7.875029087 0.606714964 0.014360170 0.794789732 76.131233215
0.757326245 0.052796781 -0.650898933 -1.333507538 -0.052421149 0.998424888 0.019993441 -7.909704685 0.650929332 0.018979307 0.758901119 76.472114563
0.719426632 0.061223954 -0.691864848 -1.704833984 -0.062803753 0.997761130 0.022987423 -7.936771870 0.691723168 0.026913946 0.721661031 76.755264282
0.677131295 0.065022059 -0.732983887 -2.082798004 -0.069126084 0.997304320 0.024610834 -7.979049683 0.732608259 0.034003533 0.679800630 77.039192200
0.632549942 0.066434078 -0.771665215 -2.475097656 -0.070397615 0.997122109 0.028137708 -8.013733864 0.771313727 0.036524881 0.635406256 77.303573608
0.586363852 0.069704242 -0.807043254 -2.892082214 -0.072796322 0.996793985 0.033202238 -8.032665253 0.806770265 0.039281189 0.589558065 77.555412292
0.539370537 0.078368425 -0.838413835 -3.334922791 -0.082914621 0.995764196 0.039735463 -8.061757088 0.837976515 0.048084620 0.543583632 77.767349243
0.492556304 0.086430378 -0.865978122 -3.801204681 -0.093442805 0.994556129 0.046114359 -8.072010994 0.865249574 0.058205497 0.497951120 77.955093384
0.444279552 0.091364250 -0.891217351 -4.258331299 -0.098169081 0.993760765 0.052938480 -8.086764336 0.890493453 0.063970491 0.450476706 78.124572754
0.395653635 0.092668630 -0.913712561 -4.729549408 -0.096118204 0.993610799 0.059151024 -8.103218079 0.913356125 0.064421110 0.402032822 78.282539368
0.347079515 0.094681874 -0.933044016 -5.213315964 -0.092883773 0.993469715 0.066262171 -8.116215706 0.933224738 0.063666403 0.353607327 78.433624268
0.301394343 0.097100459 -0.948542476 -5.713600159 -0.093444936 0.993020415 0.071961939 -8.125451088 0.948909581 0.066947572 0.308364332 78.541961670
0.257032007 0.100179352 -0.961196542 -6.218263626 -0.098249525 0.992168009 0.077134557 -8.135332108 0.961395621 0.074611045 0.264861465 78.632446289
0.214832246 0.101223543 -0.971391201 -6.741710663 -0.101942077 0.991505682 0.080774106 -8.141978264 0.971316099 0.081672750 0.223326325 78.707817078
0.175016761 0.097185969 -0.979757130 -7.274232864 -0.101221479 0.991619468 0.080281168 -8.144493103 0.979348421 0.085121907 0.183387384 78.781730652
0.139737114 0.092327349 -0.985874832 -7.811276436 -0.095421650 0.992265224 0.079400815 -8.156803131 0.985580146 0.082978547 0.147466332 78.845893860
0.109154783 0.087272584 -0.990186095 -8.362880707 -0.092086770 0.992742538 0.077346541 -8.166957855 0.989750206 0.082740307 0.116399229 78.896972656
0.082659662 0.085594252 -0.992895305 -8.932780266 -0.092699893 0.992645562 0.077855356 -8.175635338 0.992257118 0.085605785 0.089986339 78.935684204
0.060357742 0.084571145 -0.994587660 -9.524629593 -0.092833363 0.992561400 0.078765124 -8.177287102 0.993850529 0.087576844 0.067759797 78.964721680
0.041893572 0.085774742 -0.995433271 -10.121453285 -0.094369978 0.992193580 0.081523947 -8.180740356 0.994655371 0.090523705 0.049661085 78.988464355
0.025417045 0.084092386 -0.996133745 -10.728385925 -0.095185161 0.992131948 0.081325851 -8.194616318 0.995135069 0.092750080 0.033221409 79.013229370
0.011324233 0.083132185 -0.996474206 -11.349907875 -0.093831681 0.992229223 0.081711709 -8.212514877 0.995523691 0.092575528 0.019036669 79.033546448
-0.001000050 0.080842480 -0.996726394 -11.990945816 -0.089289598 0.992738426 0.080608614 -8.222635269 0.996005297 0.089077905 0.006225593 79.045967102
-0.012751771 0.078201190 -0.996856093 -12.640380859 -0.086811900 0.993086159 0.079015955 -8.226261139 0.996143103 0.087546557 -0.005874816 79.046577454
-0.023434291 0.077226587 -0.996738136 -13.311443329 -0.085810661 0.993176997 0.078968167 -8.233779907 0.996035814 0.087381341 -0.016647534 79.049713135
-0.033114389 0.078513980 -0.996362865 -13.983211517 -0.088983893 0.992718995 0.081184238 -8.243235588 0.995482445 0.091348618 -0.025886802 79.037170410
-0.041486531 0.078319155 -0.996064723 -14.661074638 -0.091637127 0.992422998 0.081849530 -8.258452415 0.994927883 0.094672151 -0.033995241 79.018478394
-0.048210897 0.077659182 -0.995813608 -15.349663734 -0.093631528 0.992231548 0.081912868 -8.267483711 0.994438946 0.097188644 -0.040565014 79.002540588
-0.053184755 0.078286909 -0.995511174 -16.048122406 -0.094326377 0.992070735 0.083055697 -8.270691872 0.994119644 0.098320253 -0.045378521 78.981834412
-0.056927629 0.080702320 -0.995111287 -16.768295288 -0.096430540 0.991622984 0.085935958 -8.277957916 0.993710399 0.100851245 -0.048668575 78.970039368
-0.057550803 0.084602803 -0.994751394 -17.505195618 -0.098988242 0.991009295 0.090011448 -8.288451195 0.993422925 0.103648923 -0.048658691 78.931854248
-0.058793675 0.087561920 -0.994422674 -18.216106415 -0.101326466 0.990477502 0.093205325 -8.290879250 0.993114412 0.106241189 -0.049361482 78.911590576
-0.059462085 0.092889003 -0.993899345 -18.954128265 -0.106101185 0.989432812 0.098819278 -8.284960747 0.992575824 0.111329906 -0.048978109 78.882774353
-0.060738400 0.096551470 -0.993473053 -19.696323395 -0.109137505 0.988700867 0.102760091 -8.284536362 0.992169321 0.114666663 -0.049514707 78.854682922
-0.062011700 0.097233579 -0.993327796 -20.441669464 -0.109037317 0.988626242 0.103580371 -8.291691780 0.992101490 0.114733025 -0.050704312 78.835289001
-0.063528441 0.094285227 -0.993516207 -21.187074661 -0.106620975 0.989188075 0.100692138 -8.295956612 0.992268205 0.112326473 -0.052788794 78.819427490
-0.065014668 0.090339608 -0.993786573 -21.949338913 -0.110094987 0.989164531 0.097121984 -8.283913612 0.991792381 0.115725294 -0.054364257 78.790252686
-0.066212237 0.091822304 -0.993571579 -22.720853806 -0.115471415 0.988361418 0.099035874 -8.283426285 0.991101563 0.121286526 -0.054838777 78.752273560
-0.068083145 0.095425867 -0.993105590 -23.488504410 -0.112293161 0.988356948 0.102667950 -8.283260345 0.991339922 0.118508905 -0.056574773 78.732154846
-0.069836117 0.095564939 -0.992970526 -24.266559601 -0.111664601 0.988395929 0.102978118 -8.286437988 0.991289020 0.118071243 -0.058354508 78.702651978
-0.071455896 0.094563395 -0.992951095 -25.054079056 -0.114187658 0.988175392 0.102325894 -8.284826279 0.990886092 0.120694540 -0.059812985 78.670616150
-0.072063841 0.094129331 -0.992948413 -25.840507507 -0.118889622 0.987628281 0.102253474 -8.276414871 0.990288854 0.125420034 -0.059981275 78.629989624
-0.073300153 0.098404199 -0.992443323 -26.643995285 -0.120723508 0.986927092 0.106773682 -8.268495560 0.989976227 0.127637759 -0.060462210 78.593650818
-0.073683597 0.102588780 -0.991991162 -27.456438065 -0.119348966 0.986639202 0.110900380 -8.260046005 0.990114331 0.126564637 -0.060455278 78.565071106
-0.072768323 0.105296575 -0.991774857 -28.276988983 -0.120689131 0.986173868 0.113557100 -8.261803627 0.990019798 0.127959818 -0.059054062 78.535896301
-0.070742935 0.104156911 -0.992041707 -29.094436646 -0.120121866 0.986406267 0.112131186 -8.252477646 0.990235448 0.127098367 -0.057269745 78.503936768
-0.069531322 0.103963770 -0.992147624 -29.924951553 -0.120203815 0.986435115 0.111789241 -8.240527153 0.990311325 0.127032772 -0.056091286 78.471824646
-0.069640271 0.103269748 -0.992212474 -30.760292053 -0.118907310 0.986677051 0.111039318 -8.232903481 0.990460157 0.125714138 -0.056432921 78.456069946
-0.068683580 0.105317660 -0.992063820 -31.597711563 -0.119899593 0.986333013 0.113010272 -8.224373817 0.990407288 0.126709998 -0.055117331 78.431312561
-0.068224937 0.107419617 -0.991870165 -32.434452057 -0.121584207 0.985881031 0.115134045 -8.210302353 0.990233719 0.128450751 -0.054201130 78.404876709
-0.068321943 0.109568246 -0.991628528 -33.309009552 -0.124258816 0.985276878 0.117427729 -8.194164276 0.989894867 0.131241471 -0.053701214 78.376907349
-0.066720270 0.110523894 -0.991631389 -34.172504425 -0.126489803 0.984890521 0.118283227 -8.174596786 0.989721537 0.133323178 -0.051732011 78.344841003
-0.065152250 0.113195829 -0.991434216 -35.040988922 -0.133218512 0.983664870 0.121063225 -8.156843185 0.988942921 0.139964953 -0.049008198 78.316909790
-0.062783115 0.116879404 -0.991159678 -35.925048828 -0.137999803 0.982562542 0.124606945 -8.135684013 0.988440335 0.144603059 -0.045559000 78.286285400
-0.060634710 0.118505694 -0.991100252 -36.800277710 -0.140580371 0.982016265 0.126020104 -8.112703323 0.988210738 0.146970436 -0.042884696 78.271743774
-0.056915168 0.119453117 -0.991207123 -37.695247650 -0.139363319 0.982145607 0.126363352 -8.096794128 0.988604307 0.145329893 -0.039251596 78.250900269
-0.054286685 0.119188830 -0.991386414 -38.586837769 -0.142004624 0.981837392 0.125816777 -8.073056221 0.988376260 0.147611618 -0.036375336 78.234840393
-0.051986180 0.122912534 -0.991054952 -39.489730835 -0.142508656 0.981327236 0.129181474 -8.046885490 0.988427401 0.147949591 -0.033499360 78.221664429
-0.049242172 0.124997988 -0.990934253 -40.406547546 -0.141715974 0.981225669 0.130815610 -8.023038864 0.988681853 0.146872848 -0.030603470 78.210800171
-0.047533754 0.126214996 -0.990863383 -41.299427032 -0.142355964 0.981002808 0.131788060 -8.002399445 0.988673508 0.147319704 -0.028663294 78.207870483
-0.045020942 0.124241434 -0.991230190 -42.202079773 -0.143739060 0.981105804 0.129500970 -7.978121281 0.988590956 0.148308754 -0.026311964 78.194694519
-0.044729777 0.125283018 -0.991112351 -43.115764618 -0.148029089 0.980322063 0.130599752 -7.951349258 0.987970948 0.152555153 -0.025304047 78.189422607
-0.043598216 0.125828087 -0.991093695 -44.010482788 -0.148807064 0.980152845 0.130985111 -7.929275513 0.987904727 0.153192431 -0.024008796 78.181251526
-0.043273985 0.122401729 -0.991536856 -44.906852722 -0.149280548 0.980532646 0.127558410 -7.909647942 0.987847507 0.153537080 -0.024159357 78.171211243
-0.042428527 0.118204944 -0.992082357 -45.816547394 -0.150536507 0.980884135 0.123308711 -7.894104958 0.987693548 0.154576421 -0.023823310 78.169334412
-0.041825164 0.117453270 -0.992197275 -46.714313507 -0.150297642 0.981026232 0.122466542 -7.871728420 0.987755656 0.154247090 -0.023378635 78.165870667
-0.042059597 0.121263638 -0.991728842 -47.618022919 -0.152692080 0.980166793 0.126325607 -7.847209930 0.987378418 0.156742349 -0.022709427 78.160163879
-0.041877430 0.127596259 -0.990941703 -48.554641724 -0.153251305 0.979254723 0.132567883 -7.819519997 0.987299502 0.157414734 -0.021454372 78.154556274
-0.041655511 0.126370877 -0.991108060 -49.450328827 -0.151018411 0.979775906 0.131273195 -7.802116871 0.987652898 0.155143782 -0.021728732 78.155616760
-0.040688746 0.116040088 -0.992410719 -50.342681885 -0.150288433 0.981222868 0.120893694 -7.791734219 0.987804532 0.154066876 -0.022485245 78.153076172
-0.040530656 0.105583377 -0.993584156 -51.266002655 -0.152035922 0.982170463 0.110572405 -7.778359413 0.987543583 0.155542016 -0.023755545 78.150680542
-0.041567773 0.102691762 -0.993844390 -52.168289185 -0.148734927 0.982984841 0.107790545 -7.768672943 0.988003016 0.152299955 -0.025586629 78.151832581
-0.041585259 0.113106377 -0.992712259 -53.090705872 -0.141394213 0.982906044 0.117912173 -7.753773212 0.989079535 0.145267174 -0.024881816 78.155250549
-0.041473147 0.126416922 -0.991109848 -54.041938782 -0.136459500 0.981951416 0.130958885 -7.732700825 0.989777148 0.140677631 -0.023473822 78.164825439
-0.041214425 0.135502040 -0.989919424 -54.964065552 -0.136602968 0.980693698 0.139926553 -7.706796646 0.989768207 0.140992925 -0.021908747 78.164558411
-0.041524548 0.129755631 -0.990676105 -55.880729675 -0.136642635 0.981477559 0.134278253 -7.685573578 0.989749730 0.140944421 -0.023025259 78.160812378
-0.041270480 0.116224281 -0.992365181 -56.806816101 -0.136892155 0.983187497 0.120842479 -7.665802002 0.989725888 0.140834242 -0.024666432 78.150436401
-0.040735435 0.107351430 -0.993386269 -57.723823547 -0.137314647 0.984176576 0.111986995 -7.648444176 0.989689469 0.140968293 -0.025349939 78.149688721
-0.040149406 0.107423007 -0.993402302 -58.660305023 -0.136213109 0.984334230 0.111947596 -7.637126446 0.989865661 0.139809042 -0.024888013 78.145393372
-0.040801048 0.108814649 -0.993224382 -59.601470947 -0.139545143 0.983689249 0.113502443 -7.633943081 0.989374757 0.143230692 -0.024951000 78.135116577
-0.040591609 0.107963279 -0.993325830 -60.549152374 -0.144119978 0.983116686 0.112743028 -7.622436047 0.988727331 0.147734523 -0.024346627 78.131141663
-0.040133465 0.107287288 -0.993417680 -61.481613159 -0.145750314 0.982955933 0.112045676 -7.605386257 0.988506973 0.149287716 -0.023812279 78.127174377
-0.039304521 0.114170194 -0.992683351 -62.429313660 -0.155010656 0.980727613 0.118932679 -7.584019184 0.987130582 0.158551097 -0.020849438 78.113311768
-0.037914224 0.123283915 -0.991646886 -63.379146576 -0.160789832 0.978677094 0.127819061 -7.560575962 0.986260116 0.164292872 -0.017282985 78.103813171
-0.036989976 0.131690979 -0.990600348 -64.343338013 -0.160796031 0.977577806 0.135964021 -7.539272308 0.986294270 0.164313912 -0.014985197 78.104583740
-0.035561610 0.132356197 -0.990564108 -65.303581238 -0.162348062 0.977259576 0.136406869 -7.519322395 0.986092508 0.165667012 -0.013265147 78.104431152
-0.033840891 0.123046137 -0.991823792 -66.237121582 -0.164137438 0.978233099 0.126960397 -7.500711441 0.985856831 0.167091876 -0.012907807 78.102745056
-0.032657761 0.117981113 -0.992478669 -67.189872742 -0.162158862 0.979225993 0.121741556 -7.478508949 0.986224115 0.164915025 -0.012847641 78.112823486
-0.030850962 0.116378650 -0.992725611 -68.148727417 -0.160740003 0.979693592 0.119846210 -7.459856033 0.986514449 0.163268089 -0.011517782 78.125144958
-0.027541302 0.121991687 -0.992148936 -69.123115540 -0.162169367 0.978832006 0.124855980 -7.435613632 0.986378491 0.164334878 -0.007174997 78.130950928
-0.023983184 0.123925678 -0.992001593 -70.084121704 -0.165074646 0.978175163 0.126189351 -7.417478561 0.985989332 0.166780740 -0.003002762 78.138237000
-0.019641476 0.119180679 -0.992678344 -71.032836914 -0.164544165 0.978946149 0.120787740 -7.401675224 0.986174226 0.165711835 0.000382540 78.150070190
-0.016628824 0.113142714 -0.993439615 -71.994636536 -0.164543137 0.979720950 0.114334553 -7.385963440 0.986229718 0.165364906 0.002325253 78.168937683
-0.014192306 0.113424189 -0.993445396 -72.969444275 -0.161930516 0.980169296 0.114221767 -7.379604340 0.986700058 0.162490189 0.004455975 78.212882996
-0.010810004 0.118162014 -0.992935479 -73.928268433 -0.159426093 0.980087876 0.118368752 -7.367062569 0.987150609 0.159579426 0.008243354 78.238227844
-0.007156313 0.124905623 -0.992142797 -74.907028198 -0.159446374 0.979331911 0.124442868 -7.347781181 0.987180650 0.159084126 0.012907344 78.260353088
-0.005128828 0.128737479 -0.991665483 -75.884414673 -0.157287404 0.979230762 0.127936676 -7.331578255 0.987539589 0.156632647 0.015226473 78.306121826
-0.003167417 0.130613789 -0.991428256 -76.850791931 -0.156616583 0.979133546 0.129494369 -7.319517136 0.987654328 0.155684277 0.017354958 78.340026855
-0.001207848 0.128121868 -0.991757751 -77.807052612 -0.154921338 0.979760826 0.126760706 -7.297464371 0.987926126 0.153797537 0.018665407 78.374938965
-0.000086226 0.126539275 -0.991961598 -78.761421204 -0.153049693 0.980273247 0.125061527 -7.280182838 0.988218486 0.151830181 0.019282266 78.406845093
0.000455960 0.123070419 -0.992397904 -79.718040466 -0.149794057 0.981209397 0.121614099 -7.270405769 0.988717198 0.148599818 0.018882610 78.444503784
0.000108751 0.122659534 -0.992448807 -80.697761536 -0.148603663 0.981431484 0.121281572 -7.244900703 0.988896787 0.147468358 0.018334391 78.490577698
-0.000022096 0.127539948 -0.991833448 -81.657402039 -0.145318344 0.981304705 0.126189306 -7.226826668 0.989385009 0.144134372 0.018512208 78.527053833
-0.000778992 0.130145937 -0.991494477 -82.621162415 -0.139118671 0.981839240 0.128987834 -7.219416618 0.990275502 0.138035893 0.017340880 78.576934814
-0.001437166 0.125706047 -0.992066503 -83.587005615 -0.136582583 0.982745767 0.124722898 -7.187714577 0.990627646 0.135678262 0.015756888 78.609100342
-0.002746897 0.121452905 -0.992593408 -84.555793762 -0.138064101 0.983045220 0.120666675 -7.167616844 0.990419507 0.137373000 0.014067964 78.641365051
-0.004108807 0.119093932 -0.992874563 -85.508407593 -0.134584442 0.983783782 0.118560471 -7.154753685 0.990893662 0.134112597 0.011986014 78.678153992
-0.005391623 0.119589277 -0.992808878 -86.476806641 -0.134661004 0.983693361 0.119222559 -7.135114670 0.990877092 0.134335443 0.010800311 78.698760986
-0.006414933 0.120489798 -0.992693841 -87.436248779 -0.135719299 0.983423710 0.120241657 -7.117931366 0.990726709 0.135499045 0.010044193 78.729766846
-0.007946060 0.120536767 -0.992677033 -88.393234253 -0.137316525 0.983172536 0.120481856 -7.101080894 0.990495324 0.137268305 0.008739341 78.756179810
-0.009107178 0.121706478 -0.992524266 -89.344047546 -0.137041524 0.983048260 0.121801950 -7.086755753 0.990523458 0.137126312 0.007726045 78.775032043
-0.011517413 0.122053467 -0.992456675 -90.311607361 -0.137195617 0.982943118 0.122475594 -7.072201729 0.990477026 0.137571335 0.005424240 78.800804138
-0.012930192 0.124036968 -0.992193341 -91.268608093 -0.137675285 0.982604861 0.124632470 -7.043298721 0.990393043 0.138212025 0.004371557 78.821075439
-0.014395989 0.127786890 -0.991697192 -92.224327087 -0.138959840 0.981919765 0.128544226 -7.018011093 0.990193427 0.139656618 0.003621538 78.831596375
-0.016583886 0.132650495 -0.991024196 -93.175048828 -0.140159026 0.981065571 0.133662954 -6.990818024 0.989990175 0.141117647 0.002322285 78.849372864
-0.018780001 0.132220373 -0.991042435 -94.133880615 -0.140003279 0.981103539 0.133547381 -6.966809273 0.989972949 0.141257212 0.000086156 78.862907410
-0.019723903 0.127059788 -0.991698861 -95.080284119 -0.140081033 0.981756806 0.128572047 -6.944454193 0.989943564 0.141454145 -0.001565413 78.875419617
-0.022393100 0.122054279 -0.992270768 -96.027313232 -0.144111037 0.981760085 0.124013625 -6.915836334 0.989308119 0.145774260 -0.004395281 78.889701843
-0.023497885 0.120050184 -0.992489696 -96.972709656 -0.142045051 0.982290864 0.122179568 -6.895970345 0.989581227 0.143849194 -0.006029225 78.906196594
-0.024000268 0.121508881 -0.992300153 -97.938308716 -0.137228087 0.982789814 0.123663373 -6.879025459 0.990248680 0.139139399 -0.006912788 78.911972046
-0.024449501 0.122928627 -0.992114305 -98.888916016 -0.134291381 0.983012259 0.125110298 -6.859298706 0.990640223 0.136291265 -0.007525905 78.924720764
-0.025864480 0.122944690 -0.992076397 -99.842018127 -0.129249066 0.983667374 0.125272244 -6.841875076 0.991274774 0.131465018 -0.009551560 78.944526672
-0.027034916 0.120348766 -0.992363453 -100.784957886 -0.125067011 0.984518826 0.122804597 -6.827350616 0.991779804 0.127431959 -0.011564720 78.960441589
-0.027761364 0.117689677 -0.992662191 -101.734230042 -0.119851075 0.985489666 0.120191105 -6.814287186 0.992403686 0.122308299 -0.013253303 78.975013733
-0.029488884 0.119801708 -0.992359817 -102.716796875 -0.117893562 0.985445142 0.122470275 -6.790463448 0.992588282 0.120604366 -0.014935828 78.983596802
-0.030743057 0.122135989 -0.992037117 -103.666442871 -0.117284909 0.985209048 0.124929972 -6.770878792 0.992622375 0.120191708 -0.015963629 78.990524292
-0.031752985 0.120321460 -0.992227077 -104.623519897 -0.113140881 0.985914111 0.123176619 -6.749931335 0.993071437 0.116172664 -0.017692445 78.988143921
-0.034155987 0.117531680 -0.992481649 -105.575866699 -0.110126324 0.986571133 0.120621726 -6.735913277 0.993330479 0.113418303 -0.020753978 78.994895935
-0.037377957 0.114441149 -0.992726624 -106.542602539 -0.108914621 0.987036347 0.117885984 -6.707508087 0.993348122 0.112528801 -0.024429085 78.994766235
-0.039990146 0.113781787 -0.992700636 -107.499435425 -0.103271686 0.987704039 0.117369302 -6.699309349 0.993848979 0.107211486 -0.027747987 78.995552063
-0.042194895 0.114175759 -0.992564082 -108.459053040 -0.096403487 0.988348186 0.117789015 -6.677418709 0.994447649 0.100656733 -0.030696303 78.990989685
-0.044674244 0.122404620 -0.991474330 -109.425239563 -0.086367108 0.988276064 0.125901327 -6.658188820 0.995261252 0.091255315 -0.033578746 79.006301880
-0.047280870 0.130860880 -0.990272701 -110.384902954 -0.078275144 0.987847388 0.134277686 -6.636993408 0.995810032 0.083862491 -0.036463134 79.013359070
-0.049490418 0.130137011 -0.990260124 -111.336982727 -0.074180819 0.988257706 0.133581221 -6.610970497 0.996016085 0.080069289 -0.039255615 79.005516052
-0.052458920 0.120701462 -0.991301715 -112.299156189 -0.074924506 0.989394963 0.124434233 -6.598585129 0.995808363 0.080800489 -0.042859085 78.991073608
-0.054573316 0.111236870 -0.992294312 -113.245719910 -0.076749697 0.990368009 0.115241922 -6.580114365 0.995555699 0.082447417 -0.045510270 78.980178833
-0.055102415 0.112106815 -0.992167234 -114.204437256 -0.083774872 0.989654064 0.116475500 -6.563489914 0.994960010 0.089536756 -0.045140594 78.952384949
-0.056161653 0.121466205 -0.991005480 -115.165374756 -0.087084055 0.988193333 0.126056701 -6.538099289 0.994616628 0.093380339 -0.044920802 78.941520691
-0.057759017 0.132439241 -0.989506841 -116.128471375 -0.090985075 0.986338258 0.137326092 -6.508365631 0.994175851 0.097962178 -0.044919934 78.921485901
-0.059295509 0.133862048 -0.989224434 -117.069862366 -0.098009951 0.985399365 0.139219314 -6.482414246 0.993417442 0.105208918 -0.045309950 78.904823303
-0.059200808 0.130703047 -0.989652455 -118.049911499 -0.105307862 0.985041559 0.136393577 -6.448875427 0.992675960 0.112292789 -0.044551212 78.872535706
-0.059522644 0.126399726 -0.990191936 -119.004402161 -0.113583989 0.984650731 0.132520139 -6.420186043 0.991743803 0.120357908 -0.044252031 78.847282410
-0.057120889 0.128184065 -0.990104079 -119.969421387 -0.118246540 0.983874083 0.134199351 -6.383934021 0.991339982 0.124741971 -0.041042440 78.819458008
-0.055932872 0.128784344 -0.990094006 -120.947021484 -0.126223072 0.982777953 0.134963408 -6.348481178 0.990423799 0.132521585 -0.038714033 78.794822693
-0.055559829 0.131010547 -0.989822924 -121.909927368 -0.135473087 0.981197417 0.137473136 -6.315116882 0.989222050 0.141732365 -0.036766756 78.766441345
-0.055205014 0.132876039 -0.989594042 -122.885383606 -0.141095430 0.980121791 0.139475226 -6.276529312 0.988455594 0.147326931 -0.035359450 78.741836548
-0.055263035 0.132206425 -0.989680469 -123.856758118 -0.144329622 0.979727328 0.138936087 -6.252931595 0.987985432 0.150518239 -0.035061397 78.734611511
-0.053748827 0.122771561 -0.990978479 -124.812240601 -0.143214419 0.981205225 0.129328489 -6.237869263 0.988231063 0.148873672 -0.035155978 78.718612671
-0.052495223 0.111009747 -0.992431819 -125.762199402 -0.146264061 0.982230008 0.117605291 -6.211822510 0.987851739 0.151330844 -0.035325646 78.708641052
-0.051720142 0.111137308 -0.992458344 -126.728492737 -0.147694930 0.982008815 0.117664002 -6.185957909 0.987679660 0.152666658 -0.034375228 78.690155029
-0.051257089 0.121404037 -0.991278827 -127.705108643 -0.144038573 0.981306911 0.127630696 -6.169569969 0.988243639 0.149324372 -0.032812074 78.681617737
-0.050124872 0.127981752 -0.990508974 -128.672683716 -0.140948474 0.980923355 0.133875921 -6.144966125 0.988747239 0.146321237 -0.031129830 78.674690247
-0.048487470 0.127249032 -0.990684867 -129.653350830 -0.142635763 0.980804026 0.132960930 -6.120450974 0.988586783 0.147754014 -0.029406432 78.659278870
-0.047003701 0.124487929 -0.991107166 -130.616546631 -0.141239330 0.981407046 0.129967898 -6.097482681 0.988858998 0.146092296 -0.028547177 78.666976929
-0.045547795 0.122083217 -0.991474271 -131.583770752 -0.146795362 0.980911851 0.127526358 -6.075185776 0.988117695 0.151352376 -0.026757117 78.649948120
-0.044168927 0.119785964 -0.991816759 -132.545059204 -0.146325499 0.981303096 0.125032544 -6.058399200 0.988250077 0.150650650 -0.025815360 78.648521423
-0.042423252 0.119546138 -0.991921842 -133.510299683 -0.141089171 0.982149661 0.124402568 -6.044660568 0.989087582 0.145227030 -0.024799317 78.651947021
-0.040654868 0.115445547 -0.992481470 -134.472229004 -0.140922919 0.982711136 0.120081656 -6.029314995 0.989185452 0.144745290 -0.023683073 78.656173706
-0.038198587 0.118398160 -0.992231131 -135.436721802 -0.138857067 0.982693613 0.122605726 -6.009315491 0.989575446 0.142461672 -0.021097083 78.655105591
-0.036779460 0.123328462 -0.991684079 -136.409698486 -0.133132800 0.982904971 0.127174288 -5.990278244 0.990415454 0.136703089 -0.019731659 78.669067383
-0.035371143 0.127591312 -0.991195917 -137.375549316 -0.130981788 0.982669115 0.131167844 -5.969089508 0.990753591 0.134468168 -0.018046007 78.676361084
-0.033326581 0.126657605 -0.991386473 -138.338333130 -0.130044758 0.982955098 0.129951999 -5.951408386 0.990947902 0.133255467 -0.016287381 78.687576294
-0.032169450 0.122714654 -0.991920412 -139.290893555 -0.125550449 0.984077036 0.125816077 -5.928930283 0.991565585 0.128583521 -0.016250335 78.703025818
-0.029697498 0.117073238 -0.992679179 -140.265182495 -0.123580903 0.985067785 0.119872652 -5.917734146 0.991890013 0.126236111 -0.014786031 78.704856873
-0.027713519 0.110611513 -0.993477225 -141.217315674 -0.123705581 0.985839665 0.113211989 -5.907152176 0.991931796 0.126036182 -0.013637825 78.712562561
-0.025987504 0.109836169 -0.993609965 -142.182449341 -0.124505438 0.985850811 0.112234861 -5.891146660 0.991878510 0.126626536 -0.011944599 78.714157104
-0.025684850 0.116710283 -0.992833793 -143.171661377 -0.123206593 0.985220015 0.119002663 -5.873867035 0.992048562 0.125380248 -0.010925753 78.753242493
-0.024526013 0.125933275 -0.991735458 -144.129013062 -0.119511425 0.984550118 0.127976418 -5.862510681 0.992529809 0.121662490 -0.009096628 78.777198792
-0.022321792 0.128931016 -0.991402268 -145.105453491 -0.116523385 0.984555304 0.130664155 -5.838350296 0.992937148 0.118438214 -0.006953558 78.786727905
-0.022371480 0.126937076 -0.991658390 -146.106323242 -0.119773850 0.984422266 0.128712878 -5.811519623 0.992549062 0.121654227 -0.006819240 78.822700500
-0.022065159 0.119152486 -0.992630661 -147.060836792 -0.116807789 0.985765159 0.120924860 -5.798526764 0.992909372 0.118615232 -0.007833130 78.838264465
-0.022397730 0.112991080 -0.993343592 -148.020019531 -0.114467107 0.986768842 0.114824191 -5.794641495 0.993174493 0.116276950 -0.009167621 78.858581543
-0.021373011 0.109502219 -0.993756771 -148.987014771 -0.118184999 0.986737549 0.111270599 -5.777721405 0.992761493 0.119825333 -0.008148036 78.864120483
-0.021194533 0.116095133 -0.993011951 -149.960464478 -0.121201187 0.985611200 0.117816791 -5.767040253 0.992401659 0.122851297 -0.006818701 78.878013611
-0.020698642 0.121766269 -0.992343009 -150.922302246 -0.120052509 0.985071182 0.123378061 -5.753646851 0.992551744 0.121687032 -0.005771291 78.893882751
-0.021664441 0.124482855 -0.991985261 -151.873199463 -0.122189470 0.984449983 0.126205832 -5.740934372 0.992270350 0.123944335 -0.006117064 78.917892456
-0.021326656 0.122749738 -0.992208540 -152.847976685 -0.125990182 0.984192312 0.124466062 -5.714145660 0.991802216 0.127662987 -0.005524270 78.925445557
-0.022185013 0.122875616 -0.992174089 -153.818786621 -0.127714038 0.983939111 0.124711439 -5.683483124 0.991562903 0.129481256 -0.006135758 78.942039490
-0.024612879 0.130075932 -0.991198540 -154.779541016 -0.130573228 0.982586861 0.132188126 -5.657382965 0.991133153 0.132677510 -0.007199857 78.955810547
-0.025209568 0.135059580 -0.990516722 -155.729156494 -0.134340927 0.981386483 0.137233734 -5.634384155 0.990614414 0.136526555 -0.006596304 78.957984924
-0.027289396 0.131117329 -0.990991175 -156.682220459 -0.134526446 0.981860459 0.133613780 -5.608797073 0.990534306 0.136960745 -0.009155628 78.974960327
-0.028310178 0.128521666 -0.991302550 -157.626556396 -0.134315997 0.982217371 0.131179631 -5.574401855 0.990534067 0.136861518 -0.010544233 78.982398987
-0.030057568 0.131540820 -0.990854979 -158.569961548 -0.132309720 0.982056201 0.134386376 -5.551155090 0.990752518 0.135139123 -0.012114085 78.995574951
-0.031382073 0.129057720 -0.991140306 -159.526290894 -0.130308405 0.982637048 0.132076368 -5.529264450 0.990976751 0.133298725 -0.014019886 78.992080688
-0.032953423 0.122019142 -0.991980433 -160.457382202 -0.129604995 0.983617544 0.125295892 -5.512554169 0.991017938 0.132694602 -0.016599275 79.004943848
-0.033260059 0.117199942 -0.992551208 -161.394821167 -0.132344320 0.983838975 0.120606013 -5.491605759 0.990645647 0.135369867 -0.017211799 79.005737305
