1.000000000 0.000000000 0.000000000 0.000000000 0.000000000 1.000000000 0.000000000 0.000000000 0.000000000 0.000000000 1.000000000 0.000000000
0.999997854 -0.001592195 -0.001328076 0.048546325 0.001589335 0.999996424 -0.002151503 -0.132396713 0.001331497 0.002149387 0.999996781 1.298357487
0.999997854 0.000014140 -0.002073955 0.102252230 -0.000027262 0.999979913 -0.006327327 -0.268070966 0.002073824 0.006327369 0.999977827 2.602589607
0.999996066 0.002494246 -0.001278990 0.145952910 -0.002504260 0.999965668 -0.007888716 -0.406101465 0.001259270 0.007891888 0.999967992 3.905128479
0.999983191 0.005795238 0.000307398 0.189982638 -0.005793071 0.999961197 -0.006631782 -0.544703186 -0.000345819 0.006629891 0.999977887 5.218349457
0.999974906 0.006579908 0.002600411 0.238409996 -0.006571481 0.999973118 -0.003235969 -0.688620985 -0.002621634 0.003218799 0.999991357 6.534554958
0.999958932 0.006809005 0.005969763 0.294605911 -0.006797994 0.999975145 -0.001862777 -0.826387286 -0.005982297 0.001822118 0.999980509 7.837134838
0.999940872 0.005338200 0.009470470 0.347166091 -0.005320624 0.999984026 -0.001880299 -0.959608614 -0.009480355 0.001829799 0.999953389 9.138855934
0.999910891 0.003981074 0.012744204 0.426266551 -0.003959343 0.999990642 -0.001729955 -1.096773386 -0.012750973 0.001679343 0.999917269 10.439436913
0.999866128 0.002831168 0.016115995 0.491472304 -0.002790556 0.999992847 -0.002541908 -1.232508659 -0.016123081 0.002496595 0.999866903 11.744098663
0.999808609 0.001661610 0.019492075 0.568837345 -0.001596512 0.999993086 -0.003354834 -1.368138075 -0.019497512 0.003323073 0.999804318 13.037673950
0.999738991 0.001633624 0.022787331 0.639333367 -0.001557416 0.999993145 -0.003361652 -1.514364362 -0.022792665 0.003325286 0.999734700 14.352406502
0.999658704 0.001558762 0.026074382 0.725203991 -0.001444539 0.999989271 -0.004398925 -1.652732372 -0.026080959 0.004359758 0.999650359 15.648968697
0.999568582 0.002451602 0.029266689 0.809435368 -0.002328546 0.999988317 -0.004237986 -1.793384314 -0.029276738 0.004168009 0.999562681 16.948726654
0.999472082 0.002095975 0.032423675 0.900686383 -0.001973336 0.999990761 -0.003813932 -1.932764053 -0.032431368 0.003747935 0.999466956 18.234880447
0.999398768 0.000590405 0.034666192 0.996861458 -0.000468155 0.999993622 -0.003534494 -2.074645758 -0.034668062 0.003516140 0.999392629 19.533428192
0.999347389 -0.001937774 0.036068473 1.095834732 0.002112703 0.999986172 -0.004812423 -2.214335918 -0.036058649 0.004885484 0.999337673 20.810924530
0.999301851 -0.001509796 0.037329901 1.198268890 0.001752317 0.999977589 -0.006464818 -2.358932018 -0.037319295 0.006525718 0.999282062 22.113939285
0.999256968 -0.001538890 0.038512327 1.283283591 0.001886970 0.999957681 -0.009003431 -2.502774954 -0.038496837 0.009069412 0.999217570 23.396810532
0.999223530 -0.000889034 0.039389245 1.387436867 0.001307294 0.999943018 -0.010594148 -2.645526409 -0.039377585 0.010637416 0.999167800 24.687696457
0.999176383 -0.000287886 0.040576193 1.487188458 0.000746518 0.999935985 -0.011288282 -2.792123795 -0.040570349 0.011309275 0.999112666 25.957563400
0.999154866 -0.001941894 0.041058272 1.584099293 0.002362708 0.999945283 -0.010203158 -2.938091993 -0.041036207 0.010291544 0.999104679 27.245153427
0.999154150 -0.004881530 0.040829100 1.689815998 0.005255470 0.999945164 -0.009056348 -3.084637165 -0.040782653 0.009263264 0.999125123 28.523679733
0.999175608 -0.006285837 0.040106904 1.784489155 0.006669059 0.999933302 -0.009428355 -3.231265545 -0.040044971 0.009688058 0.999150932 29.811014175
0.999180913 -0.007903800 0.039685667 1.882268429 0.008387854 0.999892235 -0.012045532 -3.377062559 -0.039586190 0.012368545 0.999139667 31.072721481
0.999224484 -0.008228810 0.038504388 1.996979237 0.008698179 0.999889672 -0.012038491 -3.523876905 -0.038401075 0.012364073 0.999185920 32.358520508
0.999244213 -0.008736230 0.037878659 2.096179247 0.009218384 0.999878407 -0.012572993 -3.664986610 -0.037764225 0.012912671 0.999203205 33.631187439
0.999254584 -0.009276582 0.037473422 2.189227104 0.009757985 0.999871910 -0.012684090 -3.810111046 -0.037350949 0.013040298 0.999217033 34.896392822
0.999261558 -0.009771205 0.037161913 2.278162956 0.010265538 0.999861062 -0.013134669 -3.954262972 -0.037028406 0.013506456 0.999222875 36.153312683
0.999304771 -0.010534494 0.035762787 2.393486977 0.011015026 0.999851346 -0.013266278 -4.113169193 -0.035617713 0.013650981 0.999272227 37.443569183
0.999300003 -0.010120734 0.036015481 2.481504917 0.010545111 0.999876916 -0.011612790 -4.258533478 -0.035893515 0.011984446 0.999283731 38.708625793
0.999267340 -0.010129209 0.036907610 2.583304882 0.010517853 0.999891043 -0.010351293 -4.399674416 -0.036798742 0.010731898 0.999265075 39.970695496
0.999187887 -0.011923566 0.038490042 2.695506096 0.012264708 0.999887407 -0.008639261 -4.542895794 -0.038382713 0.009104313 0.999221623 41.220275879
0.999068737 -0.013018345 0.041136637 2.789010048 0.013440295 0.999859631 -0.009997456 -4.685708523 -0.041000716 0.010541034 0.999103487 42.484985352
0.998947203 -0.014303065 0.043588068 2.885187626 0.014885600 0.999803782 -0.013069380 -4.835115910 -0.043392587 0.013704455 0.998964012 43.734607697
0.998850584 -0.015239924 0.045448136 2.993105888 0.015899664 0.999772906 -0.014190307 -4.978223801 -0.045221563 0.014896601 0.998866022 44.992881775
0.998730361 -0.015367287 0.047976401 3.122194290 0.016017113 0.999784768 -0.013189718 -5.110559464 -0.047763389 0.013941412 0.998761415 46.233371735
0.998529673 -0.016787929 0.051543113 3.228549719 0.017305667 0.999804020 -0.009614890 -5.267515182 -0.051371600 0.010492742 0.998624444 47.492481232
0.998263776 -0.019728219 0.055500533 3.340513468 0.020179015 0.999767661 -0.007573609 -5.405994892 -0.055338230 0.008680406 0.998429894 48.711574554
0.998009861 -0.021752777 0.059185870 3.471824169 0.022268314 0.999719441 -0.008064857 -5.544729710 -0.058993839 0.009366776 0.998214424 49.968040466
0.997726202 -0.024965808 0.062603191 3.612503290 0.025759023 0.999597430 -0.011895411 -5.678981781 -0.062281013 0.013480959 0.997967660 51.201362610
0.997436881 -0.026353354 0.066520013 3.740869761 0.027204355 0.999558806 -0.011919766 -5.817268372 -0.066176534 0.013698850 0.997713864 52.429740906
0.997095942 -0.028885104 0.070463538 3.874937534 0.029619675 0.999516904 -0.009402072 -5.958078384 -0.070157930 0.011461874 0.997470021 53.649070740
0.996804416 -0.031722918 0.073312081 4.028067112 0.032255318 0.999461114 -0.006089415 -6.093145370 -0.073079400 0.008434659 0.997290432 54.862102509
0.996555746 -0.034235541 0.075529784 4.180622578 0.034654878 0.999390304 -0.004247993 -6.225320816 -0.075338297 0.006850838 0.997134447 56.071784973
0.996350884 -0.037484728 0.076681651 4.329875469 0.037699271 0.999288321 -0.001351801 -6.349478722 -0.076576404 0.004237711 0.997054696 57.289291382
0.996211827 -0.040613197 0.076894008 4.486989498 0.040704910 0.999171078 0.000374889 -6.478673935 -0.076845489 0.002756494 0.997039199 58.489181519
0.996146321 -0.042403836 0.076774888 4.632497311 0.042757757 0.999081075 -0.002971073 -6.603161335 -0.076578349 0.006242343 0.997044027 59.696884155
0.996156812 -0.043555558 0.075989895 4.781775475 0.044221789 0.998996437 -0.007105927 -6.733179569 -0.075604141 0.010439027 0.997083306 60.884647369
0.996182382 -0.044592012 0.075047813 4.912656307 0.045559544 0.998898447 -0.011229157 -6.863090038 -0.074464418 0.014605430 0.997116685 62.090557098
0.996250570 -0.046088632 0.073214635 5.065141678 0.047206253 0.998792470 -0.013607744 -6.995767593 -0.072499052 0.017012913 0.997223377 63.284824371
0.996348202 -0.046558734 0.071572721 5.189332962 0.047643248 0.998772860 -0.013519881 -7.133686066 -0.070855424 0.016880466 0.997343659 64.456512451
0.996579170 -0.046538513 0.068294510 5.334720135 0.047544617 0.998782158 -0.013180123 -7.270262241 -0.067597955 0.016382072 0.997578144 65.678199768
0.996799827 -0.045707241 0.065582499 5.453773022 0.046524297 0.998856723 -0.010984812 -7.403807163 -0.065005429 0.014000839 0.997786701 66.857513428
0.997242212 -0.042096153 0.061122116 5.587287903 0.042628180 0.999063373 -0.007426091 -7.535250664 -0.060752269 0.010011136 0.998102665 68.044441223
0.997516394 -0.040091485 0.057910614 5.704694748 0.040466826 0.999166727 -0.005322852 -7.659662247 -0.057648949 0.007653091 0.998307586 69.228195190
0.997708142 -0.039049689 0.055259097 5.807824135 0.039564725 0.999182880 -0.008256725 -7.796852112 -0.054891516 0.010424113 0.998437941 70.394714355
0.997911811 -0.039021838 0.051471714 5.920979500 0.039858758 0.999087632 -0.015334451 -7.928762436 -0.050826378 0.017354025 0.998556674 71.578781128
0.997910678 -0.042923801 0.048288688 6.026014328 0.043858700 0.998866975 -0.018470099 -8.063209534 -0.047441173 0.020549387 0.998662591 72.751922607
0.997962952 -0.046572853 0.043599393 6.141057014 0.047214102 0.998789549 -0.013794671 -8.197534561 -0.042904161 0.015825076 0.998953879 73.923927307
0.997949660 -0.050441064 0.039396878 6.244988441 0.050816014 0.998671293 -0.008574126 -8.326853752 -0.038912036 0.010558538 0.999186933 75.080764771
0.998006761 -0.052560732 0.034927201 6.339104652 0.052796338 0.998588145 -0.005857302 -8.453462601 -0.034570020 0.007689654 0.999372661 76.269592285
0.998175383 -0.051807322 0.031014485 6.427220821 0.051939309 0.998644233 -0.003464476 -8.577589035 -0.030792950 0.005069025 0.999512970 77.428459167
0.998291612 -0.051872332 0.026894011 6.521598816 0.051984396 0.998641789 -0.003484003 -8.693746567 -0.026676767 0.004876120 0.999632180 78.583671570
0.998463571 -0.049854293 0.024187466 6.581330776 0.049992017 0.998736501 -0.005122804 -8.827045441 -0.023901511 0.006324113 0.999694288 79.750511169
0.998638928 -0.047742583 0.020998830 6.657053471 0.047962908 0.998797774 -0.010116691 -8.956448555 -0.020490589 0.011110085 0.999728322 80.894706726
0.998553395 -0.051051039 0.016879976 6.742631435 0.051305361 0.998570383 -0.014992639 -9.094793320 -0.016090455 0.015836984 0.999745011 82.058250427
0.998426199 -0.054252353 0.014208648 6.804073334 0.054473020 0.998392880 -0.015632857 -9.227144241 -0.013337696 0.016382240 0.999776781 83.186393738
0.998463273 -0.054383144 0.010651918 6.871331215 0.054513481 0.998436630 -0.012353932 -9.358926773 -0.009963418 0.012915619 0.999866962 84.339355469
0.998463631 -0.054805070 0.008166781 6.930693150 0.054884154 0.998444736 -0.009796661 -9.485808372 -0.007617173 0.010229839 0.999918640 85.471038818
0.998591006 -0.052566972 0.007256519 6.986300468 0.052649550 0.998544514 -0.011700604 -9.613435745 -0.006630891 0.012066171 0.999905229 86.616340637
0.998786807 -0.048834331 0.006338476 7.040737152 0.048924584 0.998690367 -0.014964729 -9.743518829 -0.005599382 0.015256681 0.999867916 87.743644714
0.998845696 -0.047776345 0.004958049 7.095021725 0.047855932 0.998702407 -0.017414514 -9.875070572 -0.004119614 0.017631683 0.999836028 88.861625671
0.998803675 -0.048728161 0.004111568 7.149876595 0.048794348 0.998647988 -0.017922685 -10.009258270 -0.003232669 0.018101862 0.999830902 89.978187561
0.998761535 -0.049637072 0.003394832 7.196812153 0.049684025 0.998644233 -0.015528653 -10.144836426 -0.002619433 0.015678087 0.999873579 91.096969604
0.998672009 -0.051474769 0.002115048 7.257182598 0.051497445 0.998593271 -0.012624215 -10.271391869 -0.001462245 0.012716370 0.999918103 92.206542969
0.998674810 -0.051421776 0.002101093 7.307653427 0.051443819 0.998600125 -0.012303630 -10.395906448 -0.001465477 0.012395412 0.999922097 93.344886780
0.998672664 -0.051457159 0.002257423 7.348478317 0.051484365 0.998570442 -0.014365761 -10.528514862 -0.001514975 0.014462912 0.999894261 94.483482361
0.998671889 -0.051495556 0.001642430 7.406397820 0.051516589 0.998515308 -0.017696267 -10.658208847 -0.000728713 0.017757379 0.999842048 95.582633972
0.998620510 -0.052495040 0.001181086 7.461643696 0.052507952 0.998445213 -0.018711627 -10.791579247 -0.000196982 0.018747829 0.999824226 96.686683655
0.998621702 -0.052451696 0.001880915 7.507562637 0.052476786 0.998465896 -0.017673096 -10.922590256 -0.000951045 0.017747443 0.999842048 97.760253906
0.998639882 -0.052093189 0.002169920 7.561807632 0.052115858 0.998566568 -0.012190785 -11.042507172 -0.001531753 0.012287290 0.999923348 98.850692749
0.998721123 -0.050456669 0.003193233 7.615399837 0.050483223 0.998685479 -0.008866231 -11.164594650 -0.002741676 0.009016099 0.999955535 99.927238464
0.998794436 -0.048811048 0.005196868 7.669301987 0.048857525 0.998763084 -0.009228093 -11.276314735 -0.004740007 0.009470874 0.999943912 100.977577209
0.998876393 -0.046874877 0.006975463 7.727261543 0.046947520 0.998840570 -0.010643152 -11.403477669 -0.006468480 0.010958674 0.999918997 102.026626587
0.998850107 -0.046947543 0.009711064 7.778675556 0.047071937 0.998806775 -0.013004798 -11.521869659 -0.009088934 0.013446964 0.999868274 103.037078857
0.998756588 -0.048607808 0.011064772 7.848176479 0.048759643 0.998713851 -0.013893680 -11.634899139 -0.010375200 0.014415918 0.999842286 104.043876648
0.998638868 -0.050616704 0.012583544 7.913465500 0.050775476 0.998630106 -0.012634377 -11.768079758 -0.011926794 0.013256115 0.999840975 105.046958923
0.998628199 -0.050385706 0.014250806 7.973475933 0.050545443 0.998660326 -0.011079241 -11.881038666 -0.013673480 0.011784357 0.999836981 106.004875183
0.998553097 -0.051331051 0.016025033 8.024020195 0.051492307 0.998625278 -0.009817640 -11.988931656 -0.015499050 0.010628602 0.999823391 106.957191467
0.998486936 -0.051977225 0.017950967 8.081141472 0.052166063 0.998586237 -0.010216566 -12.094097137 -0.017394556 0.011137539 0.999786675 107.872230530
0.998452246 -0.052022066 0.019668750 8.142590523 0.052193098 0.998602748 -0.008284361 -12.195697784 -0.019210294 0.009298113 0.999772191 108.770698547
0.998462439 -0.051004268 0.021710798 8.198343277 0.051153105 0.998670578 -0.006355654 -12.290618896 -0.021357771 0.007456457 0.999744058 109.640335083
0.998419106 -0.051364664 0.022821298 8.261106491 0.051442590 0.998671889 -0.002840880 -12.395252228 -0.022645067 0.004010376 0.999735475 110.498123169
0.998393655 -0.051021397 0.024635464 8.319399834 0.051108301 0.998688877 -0.002910155 -12.484136581 -0.024454683 0.004164556 0.999692261 111.327537537
0.998395622 -0.050374009 0.025855863 8.375733376 0.050442751 0.998724937 -0.002012870 -12.573017120 -0.025721494 0.003313882 0.999663651 112.130104065
0.998498857 -0.047789894 0.026760146 8.423849106 0.047853392 0.998852849 -0.001737142 -12.653187752 -0.026646432 0.003015098 0.999640346 112.912284851
0.998636484 -0.045253776 0.026024939 8.471791267 0.045241553 0.998975515 0.001058551 -12.727303505 -0.026046183 0.000120302 0.999660671 113.665786743
0.998708844 -0.045102045 0.023372386 8.515783310 0.045063935 0.998981774 0.002154905 -12.806304932 -0.023445778 -0.001098871 0.999724507 114.409957886
0.998828590 -0.045395713 0.016753867 8.561958313 0.045362450 0.998967767 0.002360375 -12.882131577 -0.016843729 -0.001597613 0.999856830 115.105842590
0.999025226 -0.043586090 0.007000789 8.585684776 0.043581370 0.999049664 0.000824766 -12.953835487 -0.007030085 -0.000518859 0.999975026 115.775558472
0.999113202 -0.041455701 -0.007369652 8.594571114 0.041446548 0.999139786 -0.001390778 -13.026900291 0.007420966 0.001084098 0.999971867 116.419776917
0.998888373 -0.039478987 -0.025754310 8.583883286 0.039379142 0.999214888 -0.004372601 -13.093459129 0.025906710 0.003353559 0.999658644 117.041160583
0.998095274 -0.037867017 -0.048702274 8.556440353 0.037605792 0.999273002 -0.006269010 -13.171415329 0.048904259 0.004425581 0.998793602 117.640548706
0.996443450 -0.036214791 -0.076085821 8.510621071 0.035701893 0.999329746 -0.008090882 -13.236933708 0.076327838 0.005345699 0.997068465 118.206771851
0.993570983 -0.033758994 -0.108060509 8.441813469 0.032870516 0.999409616 -0.009993264 -13.307727814 0.108334064 0.006377012 0.994094074 118.747756958
0.989113033 -0.029484136 -0.144173846 8.353675842 0.028140387 0.999539614 -0.011351114 -13.370540619 0.144442126 0.007170428 0.989487171 119.287864685
0.982889354 -0.023654321 -0.182671398 8.236932755 0.022104401 0.999700367 -0.010516386 -13.433016777 0.182865426 0.006298603 0.983117700 119.815681458
0.974379241 -0.018756302 -0.224127799 8.086912155 0.017108986 0.999810457 -0.009289822 -13.483152390 0.224259540 0.005217211 0.974515498 120.332435608
0.962998092 -0.014122463 -0.269137919 7.923221588 0.012519434 0.999892175 -0.007671718 -13.542991638 0.269217253 0.004018396 0.963071108 120.820396423
0.948685467 -0.008299495 -0.316111952 7.728946686 0.005905937 0.999946058 -0.008529169 -13.598034859 0.316165745 0.006224563 0.948683619 121.299705505
0.931399405 -0.000478752 -0.363998681 7.498004913 -0.002926676 0.999956965 -0.008803980 -13.658645630 0.363987267 0.009265329 0.931357861 121.764328003
0.910222471 0.004012870 -0.414100111 7.254703522 -0.008909964 0.999911308 -0.009895029 -13.707294464 0.414023697 0.012696297 0.910177588 122.200309753
0.885158718 0.009060713 -0.465200931 6.973880768 -0.014607614 0.999858677 -0.008320332 -13.767469406 0.465059757 0.014160290 0.885165989 122.631599426
0.856099546 0.011961271 -0.516672611 6.690807343 -0.018777259 0.999791861 -0.007967170 -13.814163208 0.516469777 0.016522385 0.856145918 123.029953003
0.824349523 0.021800654 -0.565661192 6.366374969 -0.029800178 0.999543786 -0.004905865 -13.860072136 0.565296113 0.020900950 0.824623227 123.405059814
0.790313601 0.034996487 -0.611702263 6.017917633 -0.042907301 0.999077618 0.001723028 -13.904970169 0.611198246 0.024884762 0.791086078 123.763473511
0.754409552 0.043809228 -0.654940486 5.676807404 -0.054224946 0.998519361 0.004330999 -13.942124367 0.654160380 0.032246761 0.755667984 124.058708191
0.715175331 0.048040524 -0.697292149 5.289119720 -0.061858419 0.998070776 0.005318040 -13.994968414 0.696202397 0.039330058 0.716767311 124.363517761
0.672639549 0.049519859 -0.738311529 4.912059784 -0.064130075 0.997905374 0.008505496 -14.039594650 0.737186134 0.041626845 0.674406171 124.649765015
0.628478825 0.053085018 -0.776013136 4.511661530 -0.067582093 0.997622252 0.013511211 -14.070615768 0.774885118 0.043953076 0.630572140 124.916259766
0.582946658 0.062303130 -0.810118139 4.087680817 -0.078572094 0.996705532 0.020113770 -14.113759041 0.808702469 0.051927425 0.585921466 125.151290894
0.538489282 0.070628926 -0.839667082 3.618896484 -0.090446725 0.995568633 0.025737997 -14.128425598 0.837764084 0.062085506 0.542491198 125.362869263
0.491825759 0.075732879 -0.867393851 3.171253204 -0.096295744 0.994829834 0.032258242 -14.151702881 0.865352333 0.067660898 0.496575683 125.554405212
0.444234312 0.077289313 -0.892570615 2.709419250 -0.095368527 0.994690716 0.038666967 -14.180481911 0.890820205 0.067945942 0.449246764 125.738845825
0.396738827 0.079272486 -0.914502084 2.234416962 -0.093126312 0.994599700 0.045814615 -14.204058647 0.913195312 0.066987783 0.401978612 125.913238525
0.351664186 0.081724189 -0.932552099 1.736980438 -0.094593897 0.994185269 0.051454186 -14.224174500 0.931334674 0.070119135 0.357350022 126.053039551
0.308119118 0.085214294 -0.947523713 1.237277985 -0.100292988 0.993339777 0.056721080 -14.244816780 0.946046531 0.077553138 0.314613372 126.168907166
0.266405404 0.086606242 -0.959962249 0.718103409 -0.104819700 0.992651343 0.060466185 -14.261666298 0.958144546 0.084514439 0.273525655 126.273345947
0.226712346 0.082956225 -0.970422506 0.188993454 -0.104861818 0.992653489 0.060358569 -14.278385162 0.968300283 0.088076234 0.233745694 126.381011963
0.191980988 0.077865116 -0.978304744 -0.340728760 -0.099994592 0.993211627 0.059428789 -14.299381256 0.976291060 0.086415984 0.198463842 126.466499329
0.161687031 0.072760969 -0.984156013 -0.889062881 -0.097167946 0.993605852 0.057495881 -14.320100784 0.982046664 0.086332090 0.167723224 126.544937134
0.135153219 0.071354069 -0.988252044 -1.456239700 -0.098461352 0.993433833 0.058262642 -14.341245651 0.985920310 0.089430258 0.141291395 126.614204407
0.113094218 0.070254527 -0.991097391 -2.045639038 -0.098909721 0.993338227 0.059126772 -14.352113724 0.988648772 0.091342270 0.119289674 126.672714233
0.094854638 0.071612231 -0.992911935 -2.639841080 -0.100770399 0.992976665 0.061990120 -14.367297173 0.990377665 0.094176099 0.101404823 126.725730896
0.078526422 0.070133761 -0.994441986 -3.250359535 -0.102042563 0.992848277 0.061963558 -14.393601418 0.991675794 0.096609607 0.085121468 126.780212402
0.064338304 0.069230922 -0.995523930 -3.869874954 -0.101000063 0.992919922 0.062522456 -14.424091339 0.992803872 0.096525379 0.070875116 126.833251953
0.051952120 0.066764981 -0.996415257 -4.507073402 -0.096682921 0.993411958 0.061522789 -14.447060585 0.993958533 0.093140103 0.058064893 126.879661560
0.040347766 0.063918583 -0.997139096 -5.157749653 -0.094255671 0.993745208 0.059887096 -14.461213112 0.994730055 0.091569707 0.046120074 126.911140442
0.029619077 0.062972456 -0.997575641 -5.825532913 -0.093832999 0.993781507 0.059946958 -14.480538368 0.995147288 0.091829941 0.035343796 126.950988770
0.020047110 0.064380310 -0.997724116 -6.497277260 -0.097157486 0.993326962 0.062144410 -14.502337456 0.995067060 0.095690563 0.026168369 126.971931458
0.011932965 0.064323179 -0.997857809 -7.173063278 -0.100102060 0.992992520 0.062812477 -14.529633522 0.994905651 0.099138081 0.018288231 126.984428406
0.004778172 0.063628599 -0.997962236 -7.867244244 -0.101815872 0.992818177 0.062813148 -14.550827026 0.994791746 0.101308264 0.011222260 127.013809204
-0.000404529 0.064533919 -0.997915447 -8.565345764 -0.102548279 0.992651820 0.064235106 -14.569347382 0.994728029 0.102360502 0.006216286 127.031387329
-0.004026118 0.066767670 -0.997760475 -9.290964127 -0.104955457 0.992229402 0.066821069 -14.587919235 0.994468749 0.104989439 0.003012801 127.054023743
-0.004836478 0.070936278 -0.997469127 -10.021949768 -0.106849216 0.991733611 0.071046486 -14.614677429 0.994263530 0.106922403 0.002782988 127.058830261
-0.005470499 0.073924556 -0.997248828 -10.756557465 -0.109780192 0.991191626 0.074077763 -14.627458572 0.993940771 0.109883420 0.002693140 127.064277649
-0.006091250 0.079694815 -0.996800721 -11.498124123 -0.114342764 0.990225613 0.079867862 -14.636214256 0.993422687 0.114463441 0.003080813 127.073303223
-0.006994005 0.083436221 -0.996488571 -12.238470078 -0.117610574 0.989528000 0.083678886 -14.649926186 0.993035138 0.117782861 0.002892220 127.079803467
-0.008679990 0.083794281 -0.996445239 -12.986077309 -0.117539734 0.989489377 0.084233209 -14.667760849 0.993030250 0.117853053 0.001260400 127.104362488
-0.010310114 0.080829017 -0.996674597 -13.728941917 -0.115107536 0.990005791 0.081478901 -14.687742233 0.993299544 0.115564823 -0.000903046 127.128417969
-0.011633948 0.077212133 -0.996946812 -14.489440918 -0.118931405 0.989830196 0.078048840 -14.693079948 0.992834330 0.119476296 -0.002332687 127.140602112
-0.013223843 0.079050206 -0.996782899 -15.248519897 -0.123612575 0.989094198 0.080080345 -14.705224037 0.992242455 0.124273866 -0.003308026 127.150581360
-0.014096209 0.081922591 -0.996538997 -16.048633575 -0.120873801 0.989189446 0.083028197 -14.719478607 0.992567897 0.121625818 -0.004041525 127.154495239
-0.016421074 0.081932530 -0.996502578 -16.822624207 -0.119805865 0.989295244 0.083314203 -14.736292839 0.992661536 0.120754957 -0.006429295 127.173011780
-0.016568363 0.081331998 -0.996549308 -17.615110397 -0.123635918 0.988870442 0.082760848 -14.747071266 0.992189229 0.124580495 -0.006328409 127.164581299
-0.018303856 0.080797009 -0.996562481 -18.406124115 -0.126949638 0.988474548 0.082472965 -14.757804871 0.991740286 0.128022775 -0.007835746 127.186981201
-0.019729387 0.085158601 -0.996172071 -19.203432083 -0.128702983 0.987859845 0.086997002 -14.764474869 0.991486907 0.129926682 -0.008529706 127.198036194
-0.020718930 0.090193585 -0.995708764 -20.006952286 -0.127843484 0.987507761 0.092110917 -14.782299042 0.991577864 0.129203245 -0.008929448 127.217765808
-0.019293096 0.092375621 -0.995537281 -20.837881088 -0.128774256 0.987199426 0.094097562 -14.788343430 0.991486251 0.130014986 -0.007150532 127.225746155
-0.017097596 0.091388077 -0.995668590 -21.655754089 -0.128137961 0.987402320 0.092829727 -14.796907425 0.991608977 0.129170090 -0.005171927 127.234436035
-0.015805420 0.091129556 -0.995713651 -22.487541199 -0.128140867 0.987441540 0.092406534 -14.799774170 0.991630077 0.129052117 -0.003929511 127.245246887
-0.016191369 0.090203293 -0.995791733 -23.312124252 -0.126653329 0.987715065 0.091531023 -14.807062149 0.991814852 0.127602369 -0.004567912 127.275588989
-0.015213502 0.092265479 -0.995618165 -24.150020599 -0.127572149 0.987416744 0.093454763 -14.814528465 0.991712630 0.128434956 -0.003251562 127.293579102
-0.014983493 0.094432354 -0.995418489 -24.987094879 -0.129164323 0.987006307 0.095578536 -14.818071365 0.991509974 0.130004689 -0.002591510 127.313575745
-0.014828531 0.096860439 -0.995187521 -25.868410110 -0.132462278 0.986334145 0.097972482 -14.819793701 0.991077125 0.133277580 -0.001795530 127.326248169
-0.013285337 0.098003551 -0.995097339 -26.731412888 -0.134651944 0.985945106 0.098899864 -14.818082809 0.990804017 0.135305703 0.000097755 127.340118408
-0.011562416 0.100943819 -0.994824946 -27.602382660 -0.141411498 0.984727323 0.101562776 -14.816887856 0.989883363 0.141853988 0.002888790 127.355316162
-0.009485144 0.104919903 -0.994435430 -28.483942032 -0.145906642 0.983691454 0.105178013 -14.814165115 0.989252865 0.146092340 0.005978055 127.375129700
-0.007454102 0.106764600 -0.994256318 -29.358442307 -0.148499966 0.983141065 0.106684349 -14.809540749 0.988884330 0.148442268 0.008526107 127.406890869
-0.003716355 0.107662953 -0.994180501 -30.255620956 -0.147247389 0.983291328 0.107034169 -14.811936378 0.989092708 0.146788239 0.012198826 127.431373596
-0.001164972 0.107501879 -0.994204164 -31.146041870 -0.149742544 0.982976496 0.106463306 -14.805624008 0.988724291 0.148998693 0.014952468 127.462669373
0.001372511 0.111485653 -0.993765116 -32.050170898 -0.150367036 0.982490242 0.110013090 -14.799700737 0.988629222 0.149278536 0.018112246 127.492118835
0.003696970 0.113603637 -0.993519187 -32.973697662 -0.149423242 0.982434690 0.111780152 -14.796558380 0.988766432 0.148041606 0.020607051 127.534858704
0.005473138 0.114972256 -0.993353605 -33.866680145 -0.150184155 0.982195914 0.112853363 -14.793943405 0.988642931 0.148568332 0.022642707 127.576354980
0.007937534 0.113222361 -0.993537962 -34.769062042 -0.151502088 0.982235909 0.110724010 -14.788122177 0.988425076 0.149644196 0.024949957 127.609153748
0.007851709 0.114453509 -0.993397593 -35.682010651 -0.155884594 0.981423140 0.111841790 -14.778036118 0.987744033 0.153977215 0.025547391 127.653503418
0.008578092 0.115231767 -0.993301630 -36.575370789 -0.156620726 0.981233120 0.112479143 -14.774183273 0.987621605 0.154606789 0.026464790 127.693962097
0.009020787 0.111676380 -0.993703723 -37.471485138 -0.157217339 0.981543303 0.108882539 -14.771676064 0.987522840 0.155245215 0.026411755 127.726852417
0.009976813 0.107520178 -0.994152844 -38.379108429 -0.158484682 0.981805801 0.104594342 -14.770413399 0.987310946 0.156514496 0.026835596 127.771499634
0.010495092 0.106689870 -0.994237006 -39.276176453 -0.158189595 0.981948137 0.103701323 -14.764452934 0.987352908 0.156189591 0.027182864 127.813163757
0.010221386 0.110796310 -0.993790567 -40.176635742 -0.160327271 0.981166303 0.107739821 -14.761486053 0.987010896 0.158230498 0.027792547 127.857635498
0.010771323 0.117099278 -0.993061781 -41.103996277 -0.161426798 0.980296433 0.113843076 -14.747833252 0.986825824 0.159080565 0.029462054 127.888320923
0.010965257 0.115765013 -0.993216038 -41.998344421 -0.159287229 0.980794609 0.112558670 -14.748022079 0.987171352 0.156972408 0.029194552 127.933540344
0.011814700 0.105315305 -0.994368672 -42.887821198 -0.158618674 0.982044101 0.102125347 -14.753103256 0.987269104 0.156518862 0.028307531 127.979133606
0.011978802 0.095034525 -0.995401859 -43.812149048 -0.160063922 0.982818723 0.091906928 -14.760828018 0.987033963 0.158226997 0.026984593 128.019424438
0.011146393 0.091995277 -0.995697081 -44.711223602 -0.156848043 0.983593524 0.089121148 -14.768945694 0.987559795 0.155179799 0.025392801 128.064743042
0.010846590 0.102065340 -0.994718611 -45.632617950 -0.149603993 0.983746111 0.099308178 -14.772439003 0.988686442 0.147736698 0.025939673 128.115829468
0.010935261 0.115130574 -0.993290126 -46.570442200 -0.144505143 0.983104110 0.112359062 -14.767515182 0.989443600 0.142306864 0.027387457 128.173828125
0.011080810 0.123958759 -0.992225468 -47.491340637 -0.144763872 0.982031405 0.121068560 -14.758013725 0.989404142 0.142296866 0.028826455 128.220642090
0.010907535 0.118355736 -0.992911339 -48.408565521 -0.144950390 0.982669473 0.115542553 -14.755479813 0.989378750 0.142662600 0.027874209 128.261306763
0.010966499 0.105066851 -0.994404674 -49.322910309 -0.144787446 0.984151185 0.102386743 -14.756388664 0.989401996 0.142854527 0.026005056 128.308105469
0.011413178 0.096223660 -0.995294333 -50.237709045 -0.145290419 0.984955788 0.093558051 -14.756361961 0.989323199 0.143538952 0.025221849 128.352645874
0.011860205 0.096198902 -0.995291471 -51.162422180 -0.144490346 0.985079706 0.093490124 -14.764453888 0.989435136 0.142701179 0.025583064 128.398605347
0.011348001 0.097819701 -0.995139480 -52.109264374 -0.147442117 0.984488904 0.095091432 -14.781080246 0.989005566 0.145646363 0.025594724 128.441070557
0.012134622 0.097309023 -0.995180309 -53.036510468 -0.152077898 0.983855188 0.094347298 -14.783256531 0.988293946 0.150200084 0.026737263 128.473693848
0.012581768 0.096622616 -0.995241582 -53.977630615 -0.153658554 0.983684838 0.093558088 -14.783901215 0.988043845 0.151750252 0.027223386 128.512939453
0.013343417 0.104472861 -0.994438231 -54.943744659 -0.162741646 0.981492996 0.100929178 -14.790294647 0.986578405 0.160489783 0.030098554 128.551803589
0.014773799 0.113909371 -0.993381321 -55.883323669 -0.168022811 0.979645073 0.109835394 -14.782600403 0.985672355 0.165288031 0.033612452 128.591598511
0.015838075 0.122445397 -0.992348909 -56.840019226 -0.168438688 0.978616118 0.118062615 -14.778587341 0.985584855 0.165280059 0.036123939 128.635330200
0.017010316 0.122846976 -0.992279887 -57.796749115 -0.170217916 0.978291988 0.118197247 -14.765892982 0.985259652 0.166893244 0.037551813 128.682403564
0.018516961 0.113421939 -0.993374288 -58.738216400 -0.172350898 0.979033887 0.108571857 -14.766070366 0.984861493 0.169198558 0.037677106 128.728759766
0.019760786 0.108361587 -0.993915141 -59.675167084 -0.170659214 0.979885697 0.103439018 -14.759803772 0.985131979 0.167576745 0.037856217 128.784301758
0.021711709 0.106743932 -0.994049489 -60.646945953 -0.169245720 0.980325878 0.101573646 -14.758215904 0.985334754 0.166033283 0.039350510 128.839645386
0.024936335 0.112466224 -0.993342578 -61.609603882 -0.170802087 0.979520380 0.106613547 -14.753149033 0.984989762 0.167006418 0.043635111 128.900787354
0.028458474 0.114854947 -0.992974520 -62.580654144 -0.173450395 0.978874981 0.108253039 -14.756513596 0.984431267 0.169151127 0.047778923 128.955017090
0.032102399 0.109898224 -0.993424237 -63.536186218 -0.172343999 0.979657352 0.102805965 -14.757719040 0.984513581 0.167910397 0.050389655 129.018859863
0.035398178 0.104084373 -0.993938386 -64.489379883 -0.172316045 0.980301559 0.096519478 -14.762270927 0.984405458 0.167854920 0.052636303 129.085693359
0.039134584 0.103695326 -0.993838847 -65.450538635 -0.170000002 0.980792046 0.095639907 -14.760393143 0.984666705 0.165209815 0.056011103 129.151916504
0.041118480 0.108329229 -0.993264437 -66.402481079 -0.167069525 0.980854630 0.100059569 -14.776927948 0.985087335 0.161829874 0.058429774 129.238922119
0.044648014 0.114911869 -0.992371798 -67.360549927 -0.166481018 0.980327666 0.106027022 -14.775849342 0.985033393 0.160477176 0.062900327 129.317062378
0.047267877 0.118814446 -0.991790771 -68.326751709 -0.164323643 0.980297923 0.109606132 -14.777563095 0.985273302 0.157793820 0.065860637 129.400405884
0.049521312 0.120834604 -0.991436660 -69.310844421 -0.164021611 0.980161488 0.111267701 -14.780445099 0.985212922 0.157106921 0.068358362 129.478683472
0.051975239 0.117865406 -0.991668463 -70.243782043 -0.162947521 0.980703652 0.108021773 -14.776460648 0.985264719 0.155975431 0.070178166 129.548645020
0.052599721 0.116430752 -0.991805017 -71.189178467 -0.160868719 0.981196284 0.106653810 -14.779056549 0.985573173 0.153940424 0.070340723 129.637313843
0.053407848 0.112889312 -0.992171228 -72.133811951 -0.157931030 0.982038856 0.103235140 -14.787176132 0.986004651 0.151181072 0.070277296 129.724227905
0.052697204 0.112438112 -0.992260516 -73.114700317 -0.156026259 0.982364774 0.103030510 -14.776974678 0.986346185 0.149389297 0.069311164 129.813140869
0.052414808 0.117174394 -0.991727233 -74.067878723 -0.152724266 0.982350469 0.107994713 -14.778008461 0.986877859 0.145800307 0.069385074 129.899200439
0.051718637 0.118856855 -0.991563559 -75.033500671 -0.146922991 0.982993841 0.110166319 -14.782107353 0.987794936 0.139985815 0.068301901 129.997924805
0.051364116 0.114094928 -0.992141187 -75.994026184 -0.144030496 0.983912826 0.105692081 -14.764279366 0.988239229 0.137469828 0.066970959 130.075820923
0.049829960 0.110395148 -0.992637873 -76.948287964 -0.145912841 0.984013557 0.102111235 -14.768626213 0.988041639 0.139750421 0.065141417 130.151351929
0.048528440 0.107682593 -0.993000329 -77.897171021 -0.142387763 0.984763563 0.099830851 -14.771538734 0.988620639 0.136546433 0.063121729 130.235382080
0.047212869 0.108060919 -0.993022621 -78.861968994 -0.142580986 0.984680474 0.100374185 -14.769156456 0.988656521 0.136847168 0.061897028 130.307403564
0.046621088 0.109590620 -0.992882788 -79.816482544 -0.143774688 0.984350383 0.101897866 -14.774444580 0.988511682 0.138000801 0.061647836 130.380447388
0.045247570 0.109626606 -0.992942333 -80.769683838 -0.145304963 0.984111905 0.102030247 -14.774863243 0.988351762 0.139662847 0.060457952 130.455184937
0.043986026 0.110664479 -0.992883921 -81.720420837 -0.145190760 0.984002352 0.103242427 -14.777120590 0.988425493 0.139616340 0.059349801 130.522766113
0.041855019 0.110456154 -0.992999196 -82.679794312 -0.144910961 0.984032214 0.103350699 -14.775605202 0.988559127 0.139570713 0.057192989 130.598205566
0.040148403 0.113287628 -0.992750764 -83.636077881 -0.145152047 0.983673751 0.106381603 -14.769681931 0.988594413 0.139828786 0.055936862 130.669113159
0.038671162 0.117031969 -0.992374957 -84.590255737 -0.146517694 0.983048141 0.110222489 -14.761879921 0.988451779 0.141138062 0.055162858 130.728637695
0.036589149 0.121774822 -0.991883159 -85.539382935 -0.147645429 0.982313871 0.115153566 -14.750634193 0.988363326 0.142233640 0.053921521 130.794265747
0.034179430 0.121878944 -0.991956294 -86.493377686 -0.147747189 0.982246637 0.115595110 -14.748495102 0.988434374 0.142607793 0.051579908 130.860855103
0.033110231 0.116861485 -0.992596149 -87.438476562 -0.147804439 0.982793152 0.110777006 -14.743947029 0.988462150 0.143042237 0.049813155 130.922821045
0.030635089 0.111875698 -0.993249893 -88.382675171 -0.151678830 0.982728302 0.106012300 -14.731972694 0.987954974 0.147407278 0.047075134 130.984756470
0.029410180 0.109768026 -0.993521988 -89.325408936 -0.149603873 0.983239710 0.104203425 -14.729285240 0.988308549 0.145570114 0.045338977 131.050369263
0.028987622 0.110982999 -0.993399560 -90.294410706 -0.144916162 0.983784020 0.105680078 -14.731561661 0.989019215 0.140896216 0.044600792 131.103240967
0.028451726 0.112281196 -0.993269086 -91.243759155 -0.141938984 0.984056413 0.107173987 -14.729185104 0.989466488 0.137934297 0.043935180 131.164764404
0.027318416 0.112209305 -0.993309021 -92.194633484 -0.136669546 0.984768093 0.107485741 -14.730733871 0.990239859 0.132818729 0.042237904 131.231704712
0.026094574 0.109406441 -0.993654549 -93.136260986 -0.132619470 0.985585928 0.105035312 -14.733281136 0.990823388 0.129037067 0.040227875 131.296417236
0.025557544 0.106284782 -0.994007170 -94.079734802 -0.127565637 0.986549854 0.102207467 -14.737095833 0.991500795 0.124188982 0.038772073 131.358245850
0.023646545 0.108939119 -0.993767142 -95.062835693 -0.125916824 0.986453414 0.105141208 -14.740436554 0.991758883 0.122645758 0.037043486 131.412338257
0.022196613 0.111242555 -0.993545413 -96.010299683 -0.125247538 0.986270249 0.107629858 -14.737717628 0.991877198 0.122050114 0.035824720 131.472000122
0.020935534 0.109118722 -0.993808270 -96.969642639 -0.121077567 0.986986697 0.105819106 -14.734505653 0.992422283 0.118112490 0.033874918 131.521102905
0.019009497 0.106207550 -0.994162321 -97.919570923 -0.118158340 0.987612605 0.103248484 -14.733845711 0.992812812 0.115505867 0.031323329 131.570526123
0.014881402 0.103538752 -0.994514108 -98.886528015 -0.116726071 0.988003433 0.101114310 -14.732049942 0.993052661 0.114580989 0.026788553 131.628997803
0.012243969 0.102505773 -0.994657159 -99.841941833 -0.111194879 0.988701642 0.100523226 -14.739250183 0.993723154 0.109369971 0.023503749 131.677917480
0.009958104 0.102724724 -0.994660079 -100.800376892 -0.104416490 0.989378095 0.101133861 -14.734963417 0.994483829 0.102851793 0.020578485 131.721527100
0.007481083 0.110937834 -0.993799150 -101.763671875 -0.094437838 0.989463508 0.109742939 -14.737780571 0.995502651 0.093031250 0.017878991 131.782150269
0.005013641 0.119013011 -0.992880046 -102.720588684 -0.086458944 0.989226043 0.118138433 -14.732163429 0.996242821 0.085251048 0.015249367 131.836318970
0.001852612 0.118793875 -0.992917240 -103.673873901 -0.082189597 0.989577711 0.118240975 -14.726517677 0.996614993 0.081388421 0.011596926 131.884338379
-0.000742410 0.109010912 -0.994040132 -104.626609802 -0.083370350 0.990573168 0.108692959 -14.729718208 0.996518314 0.082954191 0.008352867 131.916580200
-0.002887610 0.099709727 -0.995012343 -105.573822021 -0.085238069 0.991370618 0.099592172 -14.726699829 0.996356428 0.085100509 0.005636373 131.953552246
-0.003044314 0.101271681 -0.994854093 -106.537902832 -0.092693523 0.990546823 0.101116873 -14.728260994 0.995690107 0.092524365 0.006371695 131.969070435
-0.004093247 0.110284455 -0.993891656 -107.500038147 -0.095821843 0.989283144 0.110167719 -14.712000847 0.995390058 0.095687479 0.006518281 132.009582520
-0.005583127 0.121586286 -0.992565215 -108.462989807 -0.099753827 0.987561882 0.121534504 -14.698724747 0.994996428 0.099690713 0.006615012 132.038162231
-0.007158425 0.123112515 -0.992366910 -109.408370972 -0.106568955 0.986646712 0.123171598 -14.685110092 0.994279563 0.106637210 0.006057134 132.068634033
-0.006899891 0.119949862 -0.992755949 -110.394187927 -0.113667205 0.986250877 0.119953901 -14.664430618 0.993494928 0.113671467 0.006829340 132.089248657
-0.007110935 0.116079144 -0.993214548 -111.348686218 -0.121964850 0.985723495 0.116076864 -14.651707649 0.992508888 0.121962667 0.007148161 132.112518311
-0.004790267 0.117982917 -0.993004084 -112.317123413 -0.126376987 0.984982133 0.117639437 -14.630506516 0.991970718 0.126056403 0.010191996 132.134567261
-0.003451780 0.119105093 -0.992875636 -113.299652100 -0.134264380 0.983836174 0.118487500 -14.611389160 0.990939558 0.133716807 0.012595582 132.160232544
-0.002909827 0.121743903 -0.992557287 -114.263771057 -0.143501043 0.982237637 0.120898820 -14.593434334 0.989645958 0.142784789 0.014612232 132.180465698
-0.002696185 0.124151640 -0.992259622 -115.238349915 -0.148987800 0.981138647 0.123165011 -14.572669983 0.988835394 0.148166627 0.015851749 132.206680298
-0.002634177 0.123670310 -0.992319822 -116.217025757 -0.152516887 0.980664134 0.122622542 -14.564638138 0.988297343 0.151668563 0.016278569 132.250549316
-0.000819386 0.114202030 -0.993457198 -117.173530579 -0.151447296 0.981984198 0.113008052 -14.565163612 0.988464952 0.150548980 0.016490960 132.280838013
0.000488020 0.102725454 -0.994709551 -118.124481201 -0.154615358 0.982755840 0.101415105 -14.556207657 0.987974644 0.153747857 0.016362539 132.318206787
