1.000000000 0.000000000 0.000000000 0.000000000 0.000000000 1.000000000 0.000000000 0.000000000 0.000000000 0.000000000 1.000000000 0.000000000
0.999997795 -0.001598558 -0.001379351 0.052068587 0.001595628 0.999996483 -0.002122196 -0.132234141 0.001382739 0.002119990 0.999996781 1.294990897
0.999997675 -0.000029191 -0.002166494 0.104533575 0.000015354 0.999979615 -0.006386473 -0.266668946 0.002166636 0.006386426 0.999977231 2.605664253
0.999996245 0.002373512 -0.001373506 0.148041084 -0.002384321 0.999965727 -0.007922726 -0.405790806 0.001354654 0.007925970 0.999967694 3.909843206
0.999984562 0.005562112 0.000204404 0.191748038 -0.005560634 0.999962628 -0.006629866 -0.544085622 -0.000241272 0.006628626 0.999978006 5.221648216
0.999976695 0.006476193 0.002163172 0.245780304 -0.006469146 0.999973714 -0.003249079 -0.691563189 -0.002184156 0.003235009 0.999992371 6.541784763
0.999963164 0.006687854 0.005367458 0.303288132 -0.006677280 0.999975741 -0.001985629 -0.828364015 -0.005380607 0.001949716 0.999983609 7.844621181
0.999945521 0.005339206 0.008971781 0.356785625 -0.005323507 0.999984205 -0.001772786 -0.962388337 -0.008981105 0.001724928 0.999958158 9.148642540
0.999915659 0.004080923 0.012332521 0.434254348 -0.004060278 0.999990344 -0.001698617 -1.098862171 -0.012339332 0.001648400 0.999922514 10.448572159
0.999874949 0.002845620 0.015552904 0.502225101 -0.002807671 0.999993026 -0.002461249 -1.237377882 -0.015559802 0.002417274 0.999876022 11.759284019
0.999816716 0.001824538 0.019056048 0.576937377 -0.001761696 0.999993026 -0.003313970 -1.373579979 -0.019061962 0.003279792 0.999812961 13.052059174
0.999751270 0.001735491 0.022230910 0.647067726 -0.001665103 0.999993563 -0.003184364 -1.524597168 -0.022236291 0.003146555 0.999747813 14.377565384
0.999664783 0.001644319 0.025834467 0.727129281 -0.001536886 0.999990106 -0.004177822 -1.662603498 -0.025841083 0.004136718 0.999657512 15.674974442
0.999585748 0.002533473 0.028669313 0.816720247 -0.002414182 0.999988258 -0.004194800 -1.800274014 -0.028679604 0.004123849 0.999580145 16.978244781
0.999487996 0.002157640 0.031924829 0.904911399 -0.002039528 0.999991000 -0.003731807 -1.940344095 -0.031932592 0.003664785 0.999483287 18.265293121
0.999421060 0.000551374 0.034017563 1.004285097 -0.000428363 0.999993324 -0.003623283 -2.080043554 -0.034019336 0.003606614 0.999414682 19.562110901
0.999363303 -0.001958781 0.035621718 1.102150083 0.002138826 0.999985039 -0.005016953 -2.219758511 -0.035611365 0.005089949 0.999352753 20.837453842
0.999324560 -0.001613773 0.036715247 1.199850440 0.001856853 0.999976695 -0.006587544 -2.361194611 -0.036703762 0.006651270 0.999303997 22.138874054
0.999283612 -0.001642469 0.037806720 1.286006093 0.001995066 0.999954879 -0.009290456 -2.502773046 -0.037789755 0.009359227 0.999241889 23.420810699
0.999238372 -0.001082063 0.039006382 1.383103848 0.001500059 0.999941766 -0.010688430 -2.648077488 -0.038992546 0.010738800 0.999181807 24.711637497
0.999188900 -0.000509719 0.040263068 1.479822874 0.000959000 0.999937594 -0.011140117 -2.796785355 -0.040254872 0.011169694 0.999127090 25.983406067
0.999176323 -0.002106515 0.040524628 1.581077456 0.002521820 0.999944806 -0.010199847 -2.942102671 -0.040500909 0.010293644 0.999126434 27.274629593
0.999169648 -0.005094170 0.040423807 1.683708429 0.005460590 0.999944925 -0.008959233 -3.090049505 -0.040375941 0.009172528 0.999142468 28.552904129
0.999195755 -0.006726263 0.039528664 1.781402349 0.007106861 0.999929667 -0.009495794 -3.235992193 -0.039462008 0.009769082 0.999173343 29.844549179
0.999210000 -0.008492091 0.038825177 1.885380387 0.008963348 0.999888062 -0.011980015 -3.381405115 -0.038719092 0.012318553 0.999174237 31.111913681
0.999238789 -0.008406754 0.038094021 1.991538286 0.008875036 0.999886870 -0.012140391 -3.531704664 -0.037987646 0.012469235 0.999200404 32.402133942
0.999253094 -0.009085749 0.037561148 2.088333368 0.009559278 0.999876916 -0.012446574 -3.675700188 -0.037443440 0.012796335 0.999216795 33.667140961
0.999268234 -0.009548033 0.037037812 2.186398983 0.010019797 0.999870777 -0.012572692 -3.820743561 -0.036912981 0.012934603 0.999234796 34.937549591
0.999276817 -0.010035118 0.036675945 2.276640654 0.010515434 0.999861181 -0.012926868 -3.967517376 -0.036541130 0.013303186 0.999243617 36.201137543
0.999323368 -0.010604694 0.035221282 2.394967079 0.011077628 0.999850750 -0.013259560 -4.123211861 -0.035075419 0.013640756 0.999291539 37.489475250
0.999319077 -0.010360303 0.035410855 2.487406015 0.010765137 0.999878645 -0.011260969 -4.270133018 -0.035289891 0.011634503 0.999309421 38.748497009
0.999283731 -0.010210261 0.036439437 2.584350348 0.010592252 0.999890745 -0.010305298 -4.410500526 -0.036330245 0.010683893 0.999282718 40.024833679
0.999195158 -0.012060634 0.038259368 2.688944817 0.012392304 0.999887586 -0.008443676 -4.555947304 -0.038153227 0.008911000 0.999232233 41.273273468
0.999097407 -0.013031884 0.040429898 2.793869972 0.013444558 0.999860108 -0.009952044 -4.696279526 -0.040294550 0.010486624 0.999132812 42.546009064
0.998974264 -0.014422358 0.042923868 2.888920307 0.014999454 0.999800980 -0.013153083 -4.843294621 -0.042725626 0.013783427 0.998991728 43.795921326
0.998880625 -0.015445136 0.044709999 3.002525806 0.016088340 0.999771655 -0.014062178 -4.994408131 -0.044482600 0.014765749 0.998901010 45.064579010
0.998742998 -0.015504311 0.047665708 3.119680882 0.016131850 0.999787867 -0.012809019 -5.131206036 -0.047456995 0.013561854 0.998781204 46.305477142
0.998551428 -0.016621914 0.051173344 3.230114222 0.017129878 0.999808133 -0.009503767 -5.283269405 -0.051005561 0.010366593 0.998644590 47.566146851
0.998278975 -0.019736188 0.055222794 3.345374107 0.020188069 0.999767125 -0.007636937 -5.419737816 -0.055059209 0.008738637 0.998444855 48.792819977
0.998054147 -0.021544097 0.058513131 3.485773087 0.022039734 0.999726355 -0.007838410 -5.561397076 -0.058328241 0.009112772 0.998255849 50.053359985
0.997782767 -0.024818763 0.061754428 3.629270077 0.025580615 0.999605715 -0.011576847 -5.695486069 -0.061442755 0.013130894 0.998024166 51.280517578
0.997505367 -0.026115438 0.065582298 3.765188456 0.026953746 0.999565482 -0.011930274 -5.828941345 -0.065242246 0.013668202 0.997775793 52.514041901
0.997148216 -0.028645264 0.069821320 3.890612125 0.029365951 0.999525309 -0.009317107 -5.969962597 -0.069521278 0.011340905 0.997516036 53.735157013
0.996867120 -0.031312555 0.072633997 4.050964832 0.031821948 0.999476373 -0.005866299 -6.103394985 -0.072412260 0.008159276 0.997341454 54.928077698
0.996599376 -0.033569969 0.075250477 4.181375980 0.033985447 0.999413311 -0.004247147 -6.244734764 -0.075063765 0.006790126 0.997155547 56.187381744
0.996386230 -0.036562983 0.076664776 4.332046986 0.036728792 0.999325037 -0.000753477 -6.371476173 -0.076585479 0.003566560 0.997056603 57.395698547
0.996253550 -0.039406620 0.076981969 4.481516361 0.039497316 0.999219596 0.000344718 -6.494044781 -0.076935485 0.002697155 0.997032404 58.613708496
0.996217191 -0.041190337 0.076515034 4.627866745 0.041534059 0.999132812 -0.002905541 -6.618069649 -0.076329015 0.006072530 0.997064114 59.807319641
0.996227264 -0.042460646 0.075686119 4.778220177 0.043119282 0.999044776 -0.007088698 -6.748866081 -0.075312816 0.010325484 0.997106493 61.010009766
0.996244848 -0.043703631 0.074740008 4.914970398 0.044647668 0.998942137 -0.011006318 -6.877797127 -0.074179940 0.014301956 0.997142255 62.190425873
0.996240675 -0.045886349 0.073477991 5.052021027 0.046994243 0.998804986 -0.013419712 -7.011529446 -0.072774388 0.016822305 0.997206569 63.404640198
0.996400118 -0.045860805 0.071299203 5.192767620 0.046923608 0.998809874 -0.013302531 -7.143979073 -0.070604287 0.016600259 0.997366309 64.579216003
0.996611059 -0.045093138 0.068796806 5.318730354 0.046070732 0.998857558 -0.012689256 -7.291275024 -0.068146005 0.015815772 0.997549951 65.800209045
0.996849298 -0.044313375 0.065786138 5.440981388 0.045118354 0.998923302 -0.010800807 -7.420320988 -0.065236665 0.013734937 0.997775316 66.977149963
0.997257411 -0.040360868 0.062037837 5.563739777 0.040859953 0.999141753 -0.006796713 -7.559691906 -0.061710279 0.009312935 0.998050630 68.156349182
0.997549236 -0.038381476 0.058503009 5.684056282 0.038728748 0.999238133 -0.004813372 -7.682474136 -0.058273707 0.007067325 0.998275518 69.338088989
0.997753441 -0.037229396 0.055696461 5.789209366 0.037714820 0.999258995 -0.007689632 -7.819782257 -0.055368904 0.009772940 0.998418152 70.510307312
0.997922182 -0.037713941 0.052238859 5.906026363 0.038517885 0.999153078 -0.014469117 -7.957009315 -0.051648930 0.016451186 0.998529792 71.695495605
0.997937083 -0.041701544 0.048812430 6.014486790 0.042599633 0.998938859 -0.017504750 -8.090411186 -0.048030660 0.019548027 0.998654544 72.866935730
0.997990012 -0.045432821 0.044179618 6.129568100 0.046031635 0.998860121 -0.012632065 -8.226422310 -0.043555357 0.014640337 0.998943686 74.038200378
0.997984827 -0.049206115 0.040064137 6.231530190 0.049552172 0.998741865 -0.007690310 -8.352905273 -0.039635327 0.009660078 0.999167502 75.198272705
0.998053849 -0.051250417 0.035522915 6.329119682 0.051458463 0.998662770 -0.004966738 -8.477627754 -0.035220865 0.006785028 0.999356508 76.380760193
0.998228788 -0.050550725 0.031364303 6.420799255 0.050650779 0.998713553 -0.002403359 -8.602410316 -0.031202456 0.003987729 0.999505162 77.540519714
0.998373151 -0.049923863 0.027543832 6.505820751 0.050001848 0.998746812 -0.002149441 -8.725784302 -0.027402008 0.003523187 0.999618232 78.687965393
0.998502851 -0.048754521 0.024800764 6.574465275 0.048873413 0.998796105 -0.004210846 -8.849081039 -0.024565609 0.005416641 0.999683559 79.864242554
0.998688400 -0.046406325 0.021629184 6.649872303 0.046615060 0.998870075 -0.009247854 -8.975774765 -0.021175588 0.010243971 0.999723315 81.009216309
0.998605013 -0.049779661 0.017609587 6.735718727 0.050034031 0.998645008 -0.014311632 -9.110818863 -0.016873298 0.015172747 0.999742448 82.168067932
0.998460591 -0.053361811 0.015131381 6.791214466 0.053588159 0.998450875 -0.014970088 -9.245568275 -0.014309112 0.015757905 0.999773443 83.302215576
0.998496413 -0.053596213 0.011500709 6.858371258 0.053729564 0.998487949 -0.011617389 -9.372041702 -0.010860670 0.012217849 0.999866366 84.438621521
0.998499453 -0.054121014 0.008348169 6.930271149 0.054195683 0.998489797 -0.008993687 -9.502337456 -0.007848814 0.009432625 0.999924600 85.572547913
0.998644292 -0.051479969 0.007704164 6.969899654 0.051561233 0.998611987 -0.010749974 -9.628849983 -0.007140062 0.011132637 0.999912560 86.720802307
0.998831034 -0.047781445 0.007310206 7.022491932 0.047879908 0.998755693 -0.013947367 -9.755473137 -0.006634684 0.014281075 0.999876022 87.840476990
0.998907208 -0.046346821 0.006025705 7.086267948 0.046439804 0.998787582 -0.016334549 -9.884063721 -0.005261345 0.016596531 0.999848485 88.943534851
0.998845637 -0.047688168 0.005768244 7.125363350 0.047781441 0.998708189 -0.017288001 -10.020991325 -0.004936360 0.017543659 0.999833941 90.102134705
0.998803556 -0.048712075 0.004324817 7.179146767 0.048770290 0.998703778 -0.014568817 -10.151433945 -0.003609534 0.014762306 0.999884546 91.218559265
0.998750389 -0.049815580 0.004010977 7.226586819 0.049860835 0.998682678 -0.012110333 -10.279332161 -0.003402410 0.012295188 0.999918580 92.332130432
0.998760462 -0.049682453 0.003017436 7.292593956 0.049713597 0.998699367 -0.011317681 -10.403620720 -0.002451221 0.011453660 0.999931395 93.456741333
0.998732865 -0.050230622 0.003092831 7.339483261 0.050268140 0.998643637 -0.013562237 -10.529260635 -0.002407396 0.013700522 0.999903262 94.565353394
0.998719990 -0.050532650 0.002215769 7.403837204 0.050563380 0.998572528 -0.017212547 -10.658372879 -0.001342810 0.017302549 0.999849379 95.672874451
0.998691678 -0.051067058 0.002642948 7.445171356 0.051107015 0.998525143 -0.018315591 -10.796865463 -0.001703727 0.018426700 0.999828756 96.786170959
0.998649776 -0.051892944 0.002407762 7.503098488 0.051925618 0.998515546 -0.016440060 -10.929520607 -0.001551065 0.016542885 0.999861896 97.870475769
0.998698354 -0.050893668 0.003386057 7.545755386 0.050929692 0.998635232 -0.011576878 -11.048843384 -0.002792246 0.011734262 0.999927282 98.958312988
0.998775303 -0.049256034 0.004658766 7.596862316 0.049292315 0.998752117 -0.008024585 -11.168861389 -0.004257693 0.008244399 0.999957025 100.022720337
0.998875618 -0.046941947 0.006633036 7.644836903 0.046994787 0.998862684 -0.008049796 -11.289852142 -0.006247619 0.008352463 0.999945581 101.092559814
0.998947024 -0.044997763 0.008941237 7.693369865 0.045087099 0.998932421 -0.010054734 -11.407382965 -0.008479251 0.010447280 0.999909461 102.127029419
0.998899639 -0.045490701 0.011400979 7.751394749 0.045630224 0.998882771 -0.012292459 -11.528905869 -0.010829048 0.012799164 0.999859452 103.148475647
0.998816133 -0.046802614 0.013260519 7.802318573 0.046978153 0.998808026 -0.013251288 -11.644604683 -0.012624520 0.013858555 0.999824286 104.166381836
0.998701453 -0.048639823 0.015152298 7.864451885 0.048829395 0.998730123 -0.012402570 -11.758538246 -0.014529798 0.013126342 0.999808371 105.147415161
0.998668015 -0.048727758 0.016965846 7.925739288 0.048913907 0.998745263 -0.010734964 -11.878782272 -0.016421469 0.011550530 0.999798536 106.121002197
0.998592913 -0.049914937 0.017908100 7.996289730 0.050085794 0.998702288 -0.009222666 -11.988904953 -0.017424511 0.010106632 0.999797225 107.078605652
0.998524010 -0.050464548 0.020080358 8.052108765 0.050664864 0.998669624 -0.009595317 -12.095923424 -0.019569417 0.010598522 0.999752343 107.997131348
0.998496056 -0.050459482 0.021434249 8.118531227 0.050638795 0.998685718 -0.007907148 -12.194950104 -0.021007089 0.008980662 0.999738932 108.909187317
0.998497486 -0.049587477 0.023318240 8.178899765 0.049735457 0.998745501 -0.005809470 -12.291592598 -0.023000909 0.006960486 0.999711215 109.779266357
0.998475969 -0.049374178 0.024655063 8.241500854 0.049457934 0.998772204 -0.002798784 -12.390563965 -0.024486607 0.004013907 0.999692082 110.640159607
0.998428106 -0.049602002 0.026093177 8.305287361 0.049691021 0.998760760 -0.002773809 -12.481414795 -0.025923258 0.004066046 0.999655664 111.466339111
0.998438597 -0.048803478 0.027175937 8.360788345 0.048868798 0.998803675 -0.001743615 -12.573667526 -0.027058331 0.003068947 0.999629140 112.280944824
0.998537481 -0.046445992 0.027668094 8.415235519 0.046507508 0.998916686 -0.001583627 -12.652019501 -0.027564568 0.002868085 0.999615848 113.062095642
0.998665690 -0.043881748 0.027223544 8.461917877 0.043857843 0.999036729 0.001474722 -12.731611252 -0.027262032 -0.000278789 0.999628246 113.821792603
0.998748958 -0.043818835 0.024092656 8.510210991 0.043772314 0.999038517 0.002455236 -12.811505318 -0.024177080 -0.001397572 0.999706686 114.571144104
0.998878002 -0.043927539 0.017690187 8.547761917 0.043886878 0.999032915 0.002680304 -12.885923386 -0.017790817 -0.001900930 0.999839902 115.269309998
0.999078512 -0.042303160 0.007241817 8.576395035 0.042293094 0.999104023 0.001537752 -12.960485458 -0.007300384 -0.001230056 0.999972641 115.942230225
0.999196053 -0.039516948 -0.006759524 8.579771042 0.039507888 0.999218225 -0.001469417 -13.026978493 0.006812306 0.001201180 0.999975979 116.587814331
0.998953164 -0.038030319 -0.025422255 8.575384140 0.037944645 0.999272466 -0.003844475 -13.097210884 0.025549967 0.002875812 0.999669373 117.211235046
0.998188317 -0.036397073 -0.047908708 8.544641495 0.036147073 0.999328077 -0.006074572 -13.166495323 0.048097610 0.004331807 0.998833239 117.799369812
0.996507764 -0.034910385 -0.075852342 8.506822586 0.034403604 0.999376237 -0.007977938 -13.232141495 0.076083541 0.005340483 0.997087181 118.366424561
0.993634701 -0.032824226 -0.107761897 8.433815956 0.031949043 0.999441087 -0.009838440 -13.299284935 0.108024612 0.006332927 0.994128108 118.914031982
0.989363074 -0.028239971 -0.142699987 8.324760437 0.026936345 0.999575973 -0.011059389 -13.365908623 0.142951801 0.007097935 0.989704251 119.445167542
0.983166218 -0.022219237 -0.181357145 8.202991486 0.020644488 0.999731004 -0.010566434 -13.427031517 0.181543142 0.006644536 0.983360589 119.982299805
0.974643111 -0.017136157 -0.223107919 8.072975159 0.015644377 0.999841869 -0.008452227 -13.481496811 0.223217487 0.004747520 0.974757135 120.478935242
0.963354230 -0.012288436 -0.267950743 7.908647537 0.010829963 0.999917328 -0.006920426 -13.539608002 0.268013626 0.003764925 0.963407874 120.964660645
0.949056685 -0.006466435 -0.315038741 7.718456268 0.004332658 0.999962628 -0.007472904 -13.594870567 0.315075278 0.005727256 0.949049473 121.442062378
0.931788266 0.001316773 -0.362999767 7.488151550 -0.004575462 0.999956429 -0.008117484 -13.646651268 0.362973332 0.009224666 0.931753933 121.909965515
0.910822988 0.005686933 -0.412757784 7.233119965 -0.010439819 0.999902606 -0.009260756 -13.695758820 0.412664950 0.012744028 0.910793781 122.348373413
0.885832012 0.010547761 -0.463886112 6.960811615 -0.015907770 0.999844253 -0.007643040 -13.757107735 0.463733226 0.014149844 0.885861874 122.769210815
0.856835365 0.013675703 -0.515408754 6.678768158 -0.020398008 0.999764681 -0.007382973 -13.801392555 0.515186548 0.016839303 0.856912732 123.166549683
0.825297058 0.023415325 -0.564213037 6.350978851 -0.031129604 0.999507129 -0.004054120 -13.848863602 0.563840032 0.020909579 0.825619221 123.540573120
0.791408062 0.036412437 -0.610202909 6.000583649 -0.044215351 0.999019384 0.002268677 -13.889781952 0.609687209 0.025184883 0.792241931 123.898513794
0.755768597 0.045543060 -0.653253257 5.651206970 -0.055802424 0.998429060 0.005048273 -13.928870201 0.652456880 0.032637794 0.757122636 124.200820923
0.715733409 0.049305934 -0.696630895 5.284946442 -0.062689170 0.998013675 0.006228928 -13.979547501 0.695554256 0.039212961 0.717402697 124.510345459
0.673321426 0.050853178 -0.737598896 4.908229828 -0.065081999 0.997835875 0.009384519 -14.023283958 0.736479759 0.041685607 0.675173938 124.795227051
0.629331112 0.054232001 -0.775242805 4.503730774 -0.068595640 0.997544885 0.014098156 -14.051342964 0.774103999 0.044305861 0.631506085 125.064094543
0.584107161 0.063409254 -0.809195936 4.076370239 -0.079780638 0.996601582 0.020505918 -14.090058327 0.807746112 0.052580506 0.587181032 125.299362183
0.538992405 0.072050117 -0.839223444 3.620937347 -0.091227405 0.995467424 0.026873248 -14.112112045 0.837355793 0.062075697 0.543122351 125.510223389
0.492306292 0.077270463 -0.866985500 3.173095703 -0.097061254 0.994713128 0.033539288 -14.135253906 0.864993393 0.067639090 0.497203439 125.701896667
0.445143104 0.078460097 -0.892015517 2.710178375 -0.096294984 0.994571626 0.039426588 -14.159933090 0.890266776 0.068346143 0.450282007 125.881538391
0.397343099 0.080529377 -0.914129972 2.236167908 -0.093654342 0.994499505 0.046900902 -14.185795784 0.912878513 0.066976488 0.402699411 126.062896729
0.352338523 0.083116837 -0.932174385 1.743255615 -0.095226012 0.994062781 0.052642036 -14.204406738 0.931015313 0.070219435 0.358161479 126.199623108
0.308818966 0.086490437 -0.947180152 1.244171143 -0.100828171 0.993222237 0.057820655 -14.223170280 0.945761323 0.077646337 0.315446615 126.316047668
0.267199397 0.087990865 -0.959615588 0.723714828 -0.105380207 0.992518127 0.061665315 -14.239475250 0.957861900 0.084647551 0.274472803 126.420074463
0.227602601 0.084172845 -0.970109224 0.194917679 -0.105148360 0.992556036 0.061451048 -14.254451752 0.968060434 0.088018984 0.234759033 126.527511597
0.192734122 0.079424553 -0.978031337 -0.332548141 -0.100452602 0.993079185 0.060851060 -14.276654243 0.976095736 0.086517707 0.199378639 126.615768433
0.162380666 0.074232973 -0.983931839 -0.880617142 -0.097627275 0.993481994 0.058841839 -14.296337128 0.981886744 0.086503789 0.168569431 126.695014954
0.135655925 0.072779119 -0.988079250 -1.447412491 -0.098773606 0.993323267 0.059604496 -14.316208839 0.985820055 0.089510448 0.141938865 126.766937256
0.113628522 0.071686320 -0.990933776 -2.037762642 -0.099197358 0.993228257 0.060477532 -14.327295303 0.988558829 0.091426022 0.119970143 126.826820374
0.095558062 0.073356107 -0.992717266 -2.632921219 -0.101421028 0.992808580 0.063600168 -14.342794418 0.990243673 0.094604887 0.102310687 126.878128052
0.079373866 0.071658753 -0.994265974 -3.241042137 -0.102485850 0.992714167 0.063365310 -14.366709709 0.991562605 0.096868642 0.086139567 126.931312561
0.065139458 0.070557661 -0.995378494 -3.859918594 -0.101321109 0.992809534 0.063744903 -14.395208359 0.992718935 0.096700571 0.071820028 126.985702515
0.052960701 0.068202846 -0.996264815 -4.499988079 -0.097099669 0.993289053 0.062837385 -14.417320251 0.993864596 0.093409069 0.059227757 127.029357910
0.040998492 0.065407708 -0.997016013 -5.144012928 -0.094654784 0.993621469 0.061292697 -14.432449341 0.994665623 0.091859438 0.046928134 127.066886902
0.030416064 0.064540409 -0.997451365 -5.819944382 -0.094001807 0.993674994 0.061429590 -14.452892303 0.995107234 0.091893777 0.036290597 127.102600098
0.020736441 0.066007145 -0.997603595 -6.490709305 -0.097372815 0.993207872 0.063692287 -14.474017143 0.995031953 0.095818728 0.027022891 127.124961853
0.012503501 0.066100217 -0.997734606 -7.169503689 -0.100196049 0.992873430 0.064522512 -14.501709938 0.994889140 0.099162325 0.019037377 127.140274048
0.005732554 0.065439306 -0.997840047 -7.855702877 -0.102379553 0.992651403 0.064510852 -14.520904541 0.994728804 0.101788618 0.012390074 127.163368225
0.000830515 0.066171914 -0.997807860 -8.553933144 -0.103241764 0.992481887 0.065732785 -14.536724091 0.994655907 0.102960840 0.007655976 127.179191589
-0.002901904 0.068772614 -0.997628093 -9.273361206 -0.105366938 0.992057860 0.068695106 -14.556873322 0.994429111 0.105316371 0.004367502 127.205001831
-0.003505288 0.072816513 -0.997339129 -10.011837959 -0.107723452 0.991514146 0.072769843 -14.580813408 0.994174719 0.107691899 0.004368505 127.205299377
-0.004797498 0.075964324 -0.997098982 -10.726168633 -0.110437647 0.990970790 0.076028824 -14.596003532 0.993871391 0.110482022 0.003635143 127.222724915
-0.005403814 0.081437528 -0.996663809 -11.464350700 -0.115177035 0.989994526 0.081517071 -14.602148056 0.993330240 0.115233287 0.004029987 127.232437134
-0.006664899 0.085345201 -0.996329129 -12.207167625 -0.118208401 0.989298105 0.085533671 -14.614220619 0.992966354 0.118344545 0.003494949 127.242652893
-0.008135467 0.086439744 -0.996223867 -12.959131241 -0.118090943 0.989202261 0.086794868 -14.636742592 0.992969453 0.118351117 0.002160127 127.260314941
-0.009143753 0.082250036 -0.996569753 -13.728199005 -0.116007984 0.989794731 0.082755275 -14.644481659 0.993206203 0.116366751 0.000491224 127.283103943
-0.010944970 0.079091959 -0.996807218 -14.478488922 -0.119804151 0.989582419 0.079834171 -14.652069092 0.992737234 0.120295420 -0.001355404 127.298660278
-0.011936880 0.080588631 -0.996675909 -15.255765915 -0.124690957 0.988846898 0.081448972 -14.659626007 0.992123842 0.125248730 -0.001755073 127.296188354
-0.013518058 0.083392061 -0.996425152 -16.029241562 -0.121855550 0.988951206 0.084419720 -14.669350624 0.992455781 0.122561119 -0.003206915 127.318885803
-0.015858136 0.083394095 -0.996390462 -16.802185059 -0.120550647 0.989086986 0.084701449 -14.684479713 0.992580473 0.121458709 -0.005631866 127.338539124
-0.016421044 0.082761787 -0.996434033 -17.592437744 -0.123797417 0.988731861 0.084162220 -14.693950653 0.992171645 0.124737993 -0.005990316 127.335922241
-0.017255804 0.082490467 -0.996442437 -18.391992569 -0.128234595 0.988177776 0.084026977 -14.708102226 0.991593719 0.129228324 -0.006473672 127.346672058
-0.018795747 0.086904071 -0.996039391 -19.187791824 -0.130088463 0.987534225 0.088616833 -14.714800835 0.991324186 0.131238863 -0.007256231 127.360313416
-0.019629547 0.091918916 -0.995573044 -19.991207123 -0.129354998 0.987162054 0.093692824 -14.728902817 0.991404057 0.130621478 -0.007487372 127.378211975
-0.018301765 0.094059229 -0.995398343 -20.815059662 -0.129930571 0.986899316 0.095645063 -14.735035896 0.991354108 0.131083190 -0.005840831 127.389022827
-0.016518511 0.092909768 -0.995537400 -21.633810043 -0.129367575 0.987105489 0.094269387 -14.741535187 0.991459072 0.130347490 -0.004286003 127.402900696
-0.015181424 0.092795700 -0.995569408 -22.464397430 -0.129464403 0.987120211 0.093982354 -14.744071960 0.991467893 0.130317599 -0.002972153 127.413879395
-0.015334086 0.091990918 -0.995641708 -23.288936615 -0.127678648 0.987426937 0.093198337 -14.750044823 0.991697013 0.128551275 -0.003396017 127.441856384
-0.014362157 0.093963519 -0.995471954 -24.125886917 -0.128650695 0.987126112 0.095031843 -14.756289482 0.991585970 0.129432991 -0.002088791 127.461608887
-0.014094828 0.095841937 -0.995296836 -24.965576172 -0.130301446 0.986731589 0.096862413 -14.755801201 0.991374314 0.131053895 -0.001419469 127.484336853
-0.013946007 0.098570280 -0.995032489 -25.829113007 -0.133002371 0.986103535 0.099549890 -14.757339478 0.991017520 0.133729979 -0.000642123 127.497138977
-0.012321073 0.099672601 -0.994943976 -26.692960739 -0.135184541 0.985718250 0.100422449 -14.753642082 0.990743876 0.135738403 0.001329090 127.511016846
-0.010379180 0.102885947 -0.994639039 -27.565647125 -0.141936347 0.984469414 0.103315115 -14.753216743 0.989821374 0.142247751 0.004385268 127.525665283
-0.008184569 0.106559083 -0.994272649 -28.445871353 -0.146658689 0.983426034 0.106603868 -14.746275902 0.989153266 0.146691248 0.007578896 127.543441772
-0.006077757 0.108346812 -0.994094551 -29.321308136 -0.149042711 0.982910931 0.108039118 -14.739733696 0.988812029 0.148819163 0.010174406 127.575660706
-0.002122190 0.109444894 -0.993990600 -30.221128464 -0.148357376 0.982958555 0.108546957 -14.742324829 0.988931537 0.147696182 0.014150932 127.598075867
0.000505433 0.109278224 -0.994011045 -31.112545013 -0.150836632 0.982646823 0.107952163 -14.734520912 0.988558531 0.149878755 0.016979821 127.629470825
0.002890307 0.113093182 -0.993580222 -32.014377594 -0.151366577 0.982185245 0.111355864 -14.726131439 0.988473415 0.150073007 0.019957351 127.663597107
0.005119666 0.115050115 -0.993346512 -32.923774719 -0.150368914 0.982153237 0.112978704 -14.720073700 0.988616705 0.148790017 0.022328258 127.708526611
0.006831539 0.116282128 -0.993192732 -33.815574646 -0.150988206 0.981948614 0.113927133 -14.715686798 0.988511860 0.149182096 0.024265451 127.752471924
0.009435346 0.114433408 -0.993386149 -34.719661713 -0.152331635 0.981999874 0.111674897 -14.707470894 0.988284409 0.150270432 0.026697338 127.785346985
0.009823337 0.115828283 -0.993220687 -35.631645203 -0.156814337 0.981157184 0.112870514 -14.697996140 0.987579226 0.154642463 0.027801780 127.828468323
0.010875907 0.116387896 -0.993144333 -36.524475098 -0.157509848 0.981003165 0.113240190 -14.692085266 0.987457454 0.155198440 0.029001543 127.868156433
0.011191732 0.113004208 -0.993531525 -37.422691345 -0.157981411 0.981314480 0.109835044 -14.689699173 0.987378657 0.155730247 0.028835177 127.905426025
0.012073347 0.108888462 -0.993980587 -38.330154419 -0.159131423 0.981593609 0.105598621 -14.689604759 0.987183571 0.156898618 0.029178701 127.952339172
0.012529554 0.108025312 -0.994069159 -39.227920532 -0.158709824 0.981759548 0.104687184 -14.682712555 0.987245798 0.156456858 0.029445682 127.996505737
0.012561563 0.112190172 -0.993607342 -40.133388519 -0.161357403 0.980889916 0.108714283 -14.676695824 0.986816049 0.158960283 0.030424224 128.036132812
0.012566976 0.118391752 -0.992887378 -41.063735962 -0.161706939 0.980135798 0.114824533 -14.664754868 0.986758828 0.159113824 0.031462111 128.082565308
0.012816356 0.117160104 -0.993030429 -41.957782745 -0.159534231 0.980630040 0.113638088 -14.664778709 0.987109303 0.156965911 0.031259149 128.129455566
0.013646522 0.106745541 -0.994192779 -42.847972870 -0.158781707 0.981900513 0.103246257 -14.668500900 0.987219393 0.156450689 0.030348768 128.175537109
0.013993710 0.096297048 -0.995254278 -43.768398285 -0.160584077 0.982648134 0.092819437 -14.672287941 0.986922920 0.158523113 0.029214663 128.217590332
0.012912661 0.093286194 -0.995555639 -44.669960022 -0.157483563 0.983402371 0.090104789 -14.680059433 0.987437189 0.155620173 0.027389383 128.265808105
0.012716273 0.103418730 -0.994556665 -45.589290619 -0.150050983 0.983571529 0.100357920 -14.683010101 0.988596499 0.147958025 0.028025445 128.318420410
0.012604042 0.116406113 -0.993121684 -46.541946411 -0.144790471 0.982945323 0.113375723 -14.677037239 0.989382088 0.142365515 0.029243581 128.382278442
0.012734761 0.125654429 -0.991992354 -47.464614868 -0.145032793 0.981813788 0.122503273 -14.668030739 0.989344895 0.142311335 0.030727176 128.429687500
0.012676835 0.119747184 -0.992723525 -48.379875183 -0.144970194 0.982533813 0.116666801 -14.662372589 0.989354789 0.142436370 0.029815190 128.472915649
0.013025718 0.106129497 -0.994266927 -49.315849304 -0.145206526 0.984011590 0.103132486 -14.656045914 0.989315629 0.143030673 0.028228147 128.509170532
0.013533536 0.097291842 -0.995163918 -50.231533051 -0.145606473 0.984837949 0.094302185 -14.655311584 0.989249945 0.143626034 0.027494662 128.557098389
0.014027450 0.097259521 -0.995160222 -51.168167114 -0.144513071 0.985006034 0.094230108 -14.659965515 0.989403427 0.142491847 0.027872393 128.601486206
0.013447298 0.098813556 -0.995015144 -52.111167908 -0.147524729 0.984411061 0.095766746 -14.673583984 0.988967001 0.145501509 0.027815115 128.638046265
0.014041044 0.098230265 -0.995064676 -53.059757233 -0.152746752 0.983693302 0.094952367 -14.677888870 0.988165617 0.150659665 0.028816435 128.683929443
0.014552707 0.097684018 -0.995111048 -53.990970612 -0.154325202 0.983510733 0.094288401 -14.678185463 0.987912953 0.152198553 0.029387850 128.729125977
0.015623968 0.105035052 -0.994345665 -54.938617706 -0.163659334 0.981324017 0.101087987 -14.673366547 0.986393213 0.161154568 0.032522142 128.763076782
0.017444907 0.114633247 -0.993254721 -55.880107880 -0.169319794 0.979396701 0.110060044 -14.668089867 0.985406756 0.166257724 0.036495164 128.800354004
0.018103583 0.122744851 -0.992273152 -56.840324402 -0.169439837 0.978457570 0.117944524 -14.664667130 0.985374212 0.165995359 0.038511459 128.860610962
0.019074950 0.123598456 -0.992148995 -57.782688141 -0.170775205 0.978149652 0.118571170 -14.655698776 0.985125363 0.167172715 0.039765704 128.908660889
0.020353083 0.113866530 -0.993287563 -58.720928192 -0.172443911 0.979003727 0.108695619 -14.649952888 0.984809160 0.169074118 0.039561331 128.963287354
0.021529999 0.109126776 -0.993794680 -59.661289215 -0.170926839 0.979791641 0.103886098 -14.648056030 0.985048532 0.167629525 0.039747611 129.018997192
0.023302037 0.107615709 -0.993919551 -60.610565186 -0.169509009 0.980219483 0.102158308 -14.655048370 0.985253215 0.166097805 0.041082945 129.086151123
0.026956646 0.113293245 -0.993195832 -61.609294891 -0.171397492 0.979367256 0.107063890 -14.646421432 0.984833121 0.167345226 0.045818642 129.140777588
0.030621275 0.115449578 -0.992841244 -62.569965363 -0.174175397 0.978725970 0.108436294 -14.645610809 0.984238505 0.169608057 0.050078318 129.197509766
0.034904130 0.110224970 -0.993293583 -63.518505096 -0.173609003 0.979456723 0.102588929 -14.645484924 0.984196007 0.168863952 0.053323127 129.259506226
0.037768200 0.104534514 -0.993803740 -64.481452942 -0.173603684 0.980076969 0.096493065 -14.651023865 0.984091222 0.168883666 0.055163320 129.327194214
0.041217841 0.104524367 -0.993667781 -65.451103210 -0.171095267 0.980561614 0.096048594 -14.652369499 0.984391987 0.166052982 0.058300253 129.400787354
0.043607399 0.108943529 -0.993090928 -66.423522949 -0.168633625 0.980576098 0.100165807 -14.666596413 0.984713674 0.163100570 0.061131917 129.494216919
0.047073230 0.115708590 -0.992167115 -67.381843567 -0.168045655 0.980028927 0.106320105 -14.667137146 0.984654725 0.161724538 0.065577447 129.575958252
0.049558327 0.119440377 -0.991603732 -68.346672058 -0.165741518 0.980041623 0.109764270 -14.669842720 0.984923244 0.158910185 0.068365455 129.664352417
0.052158654 0.121170014 -0.991260469 -69.332038879 -0.165387362 0.979952574 0.111085325 -14.667163849 0.984848559 0.158147886 0.071152993 129.743972778
0.054021925 0.118694030 -0.991460204 -70.271835327 -0.164077073 0.980469167 0.108438112 -14.668680191 0.984967113 0.156817853 0.072441809 129.823730469
0.054589085 0.117165573 -0.991610885 -71.218704224 -0.162089586 0.980959415 0.106983855 -14.670148849 0.985264957 0.154889598 0.072540998 129.914520264
0.054956414 0.113734573 -0.991990089 -72.160270691 -0.158966258 0.981816292 0.103761367 -14.679198265 0.985753238 0.151990592 0.072037071 130.007064819
0.054912489 0.113227174 -0.992050529 -73.145133972 -0.157261938 0.982129931 0.103390053 -14.666988373 0.986029088 0.150334358 0.071737505 130.090759277
0.054576222 0.117781952 -0.991538644 -74.098266602 -0.153970048 0.982134402 0.108190045 -14.666465759 0.986567140 0.146762624 0.071736082 130.180084229
0.054215424 0.119652055 -0.991334498 -75.060356140 -0.148090973 0.982778966 0.110520415 -14.671613693 0.987486541 0.140815794 0.071001165 130.277236938
0.053518865 0.114664428 -0.991961598 -76.022872925 -0.145336837 0.983701766 0.105868340 -14.653578758 0.987933695 0.138502598 0.069311567 130.362915039
0.052206010 0.111061998 -0.992441237 -76.982093811 -0.147033632 0.983820617 0.102362759 -14.654520035 0.987752855 0.140578300 0.067691192 130.443130493
0.051060662 0.108312801 -0.992804766 -77.930854797 -0.143539399 0.984575987 0.100032747 -14.656660080 0.988326490 0.137398839 0.065820254 130.527770996
0.049743857 0.109049529 -0.992790937 -78.897399902 -0.143612966 0.984472752 0.100940086 -14.657890320 0.988382995 0.137556508 0.064632401 130.600769043
0.048784159 0.110519990 -0.992675900 -79.859336853 -0.145015374 0.984112024 0.102439888 -14.660628319 0.988225996 0.138955772 0.064036161 130.682189941
0.047510330 0.110818237 -0.992704451 -80.813148499 -0.146668404 0.983828664 0.102807954 -14.662328720 0.988044024 0.140713915 0.062995560 130.757202148
0.046158861 0.112001285 -0.992635369 -81.764007568 -0.146563411 0.983700275 0.104177728 -14.665612221 0.988123655 0.140675306 0.061821785 130.827911377
0.043920755 0.111871444 -0.992751598 -82.725517273 -0.146382108 0.983706236 0.104375981 -14.662843704 0.988252640 0.140736759 0.059581090 130.904327393
0.042210989 0.114141770 -0.992567301 -83.684524536 -0.146155342 0.983470976 0.106880158 -14.652845383 0.988360703 0.140557498 0.058195714 130.981201172
0.040706098 0.117882058 -0.992192864 -84.638366699 -0.147508085 0.982844114 0.110719599 -14.644533157 0.988222778 0.141849533 0.057396296 131.043075562
0.038632248 0.123055980 -0.991647482 -85.587440491 -0.148839906 0.982026458 0.116063610 -14.635261536 0.988106370 0.143112943 0.056253526 131.110260010
0.036315706 0.122633062 -0.991787553 -86.538642883 -0.148681119 0.982059658 0.115986086 -14.628614426 0.988218129 0.143247947 0.053897414 131.179122925
0.035288289 0.117558248 -0.992438793 -87.483558655 -0.148781314 0.982608855 0.111103617 -14.623391151 0.988240242 0.143735692 0.052165050 131.242904663
0.032724909 0.112813525 -0.993077159 -88.430526733 -0.152920842 0.982475400 0.106569961 -14.611124992 0.987696469 0.148374677 0.049402952 131.307189941
0.031605363 0.110631518 -0.993358910 -89.373619080 -0.150772378 0.983010292 0.104681939 -14.607611656 0.988063216 0.146462545 0.047748584 131.374313354
0.030925797 0.111939840 -0.993233621 -90.336219788 -0.145974100 0.983560264 0.106304504 -14.608987808 0.988804877 0.141698867 0.046757698 131.433242798
0.030674625 0.113196850 -0.993098915 -91.285469055 -0.142984927 0.983844757 0.107725538 -14.605657578 0.989249349 0.138693750 0.046364512 131.494750977
0.029246105 0.112904519 -0.993175328 -92.236709595 -0.137671232 0.984586120 0.107874073 -14.605238914 0.990046084 0.133576766 0.044339012 131.566802979
0.028001029 0.110060722 -0.993530393 -93.178726196 -0.133702546 0.985401511 0.105392039 -14.607681274 0.990625679 0.129886448 0.042307656 131.633285522
0.027439650 0.106934063 -0.993887365 -94.123527527 -0.128510743 0.986388624 0.102579273 -14.610354424 0.991328359 0.124910466 0.040808335 131.696502686
0.025767384 0.109503038 -0.993652403 -95.111137390 -0.127010554 0.986285806 0.105397567 -14.612267494 0.991566598 0.123488523 0.039322045 131.752273560
0.024305467 0.111834690 -0.993429542 -96.058219910 -0.126315221 0.986102402 0.107919388 -14.608953476 0.991692245 0.122862242 0.038094100 131.813369751
0.023171367 0.109658062 -0.993699253 -97.016578674 -0.122333020 0.986807585 0.106044956 -14.604428291 0.992218554 0.119105011 0.036280479 131.863647461
0.021073282 0.106666736 -0.994071543 -97.966972351 -0.119314380 0.987454832 0.103427395 -14.605244637 0.992632866 0.116427474 0.033535786 131.916717529
0.017644120 0.104118019 -0.994408369 -98.935745239 -0.118132092 0.987814069 0.101331532 -14.600026131 0.992841125 0.115683630 0.029728794 131.969039917
0.015004453 0.103186682 -0.994548857 -99.890449524 -0.112535030 0.988515377 0.100862920 -14.608098984 0.993534505 0.110408179 0.026444249 132.020706177
0.012732820 0.103011928 -0.994598567 -100.849891663 -0.105687410 0.989246309 0.101104550 -14.600403786 0.994317949 0.103829198 0.023482958 132.067535400
0.010727718 0.110605806 -0.993806481 -101.815864563 -0.095724009 0.989412785 0.109083511 -14.596042633 0.995350063 0.093960933 0.021201771 132.126907349
0.007941887 0.118777454 -0.992889166 -102.773742676 -0.087660775 0.989180446 0.117632620 -14.592390060 0.996118665 0.086103223 0.018268086 132.186508179
0.005194307 0.118242837 -0.992971122 -103.726860046 -0.083554596 0.989563465 0.117399968 -14.585687637 0.996489704 0.082357489 0.015019828 132.234222412
0.002486770 0.108100079 -0.994136870 -104.684150696 -0.084266968 0.990626693 0.107507586 -14.584196091 0.996440113 0.083505571 0.011572725 132.270568848
0.000370743 0.098713279 -0.995115995 -105.630264282 -0.086102031 0.991423607 0.098314926 -14.581724167 0.996286273 0.085645057 0.008866977 132.310821533
0.000053255 0.100006819 -0.994986713 -106.590133667 -0.093164355 0.990659893 0.099566914 -14.581749916 0.995650768 0.092691995 0.009369826 132.333435059
-0.000865885 0.109560341 -0.993979752 -107.553291321 -0.096632332 0.989319265 0.109130830 -14.573024750 0.995319784 0.096145093 0.009730435 132.371795654
-0.002340085 0.120908409 -0.992660880 -108.516830444 -0.100650512 0.987594068 0.120528556 -14.560783386 0.994919121 0.100193873 0.009858439 132.402954102
-0.003601363 0.122980371 -0.992402494 -109.459335327 -0.107850403 0.986572564 0.122649297 -14.552213669 0.994160593 0.107472725 0.009710477 132.434814453
-0.003645984 0.119871691 -0.992782712 -110.437431335 -0.114793517 0.986176074 0.119495548 -14.534130096 0.993382692 0.114400730 0.010164909 132.458419800
-0.003822714 0.115866512 -0.993257463 -111.392417908 -0.122922614 0.985677540 0.115455374 -14.520446777 0.992408991 0.122535147 0.010474650 132.484725952
-0.001613898 0.117977768 -0.993014932 -112.358139038 -0.127589077 0.984876156 0.117218174 -14.501965523 0.991825759 0.126887038 0.013463185 132.511550903
-0.000433977 0.119138442 -0.992877543 -113.334732056 -0.135368899 0.983731389 0.118100151 -14.484000206 0.990795195 0.134455979 0.015700724 132.541290283
0.000102813 0.121792823 -0.992555559 -114.298370361 -0.144531682 0.982135713 0.120499276 -14.466217995 0.989500165 0.143443331 0.017703898 132.564773560
0.000078271 0.123995222 -0.992282867 -115.272033691 -0.149892926 0.981073678 0.122582719 -14.444656372 0.988702297 0.148726583 0.018662795 132.596755981
0.000284090 0.123380147 -0.992359459 -116.245925903 -0.153926730 0.980538189 0.121866345 -14.434400558 0.988082230 0.152716026 0.019270064 132.644470215
0.001673698 0.113739520 -0.993509233 -117.199844360 -0.152794436 0.981873870 0.112150081 -14.436005592 0.988256574 0.151614979 0.019022126 132.681198120
0.003095214 0.102614142 -0.994716406 -118.151275635 -0.155823603 0.982619941 0.100881413 -14.429965973 0.987780035 0.154688016 0.019031120 132.720153809
