1.000000000 0.000000000 0.000000000 0.000000000 0.000000000 1.000000000 0.000000000 0.000000000 0.000000000 0.000000000 1.000000000 0.000000000
0.999997854 -0.001587097 -0.001336638 0.048943158 0.001584240 0.999996483 -0.002135299 -0.132825643 0.001340022 0.002133177 0.999996841 1.298029542
0.999997616 -0.000074761 -0.002172403 0.106156766 0.000060996 0.999979913 -0.006335892 -0.267974675 0.002172833 0.006335744 0.999977589 2.606198549
0.999996126 0.002411575 -0.001410116 0.151944235 -0.002422576 0.999966264 -0.007851633 -0.406773001 0.001391133 0.007855019 0.999968171 3.911299944
0.999984026 0.005652351 0.000136965 0.196447268 -0.005651330 0.999962389 -0.006573690 -0.545308352 -0.000174116 0.006572811 0.999978364 5.223767757
0.999976218 0.006487716 0.002339937 0.244664922 -0.006480192 0.999973834 -0.003208552 -0.689850211 -0.002360692 0.003193313 0.999992073 6.546009064
0.999960184 0.006778397 0.005797248 0.299080819 -0.006767787 0.999975383 -0.001847826 -0.827702940 -0.005809630 0.001808517 0.999981523 7.848756790
0.999945223 0.005060179 0.009164845 0.353507310 -0.005043262 0.999985635 -0.001868062 -0.960841894 -0.009174163 0.001821739 0.999956250 9.156071663
0.999915719 0.003769522 0.012429116 0.431682110 -0.003746392 0.999991179 -0.001883718 -1.097287059 -0.012436108 0.001836995 0.999921024 10.455631256
0.999872863 0.002463351 0.015754214 0.496981025 -0.002423695 0.999993861 -0.002535816 -1.234491467 -0.015760368 0.002497310 0.999872684 11.765731812
0.999815524 0.001419386 0.019153994 0.573014379 -0.001355538 0.999993443 -0.003345956 -1.371476889 -0.019158617 0.003319375 0.999810934 13.059164047
0.999744415 0.001404757 0.022560341 0.640903115 -0.001329805 0.999993503 -0.003336991 -1.517694473 -0.022564882 0.003306137 0.999739885 14.380383492
0.999664962 0.001299676 0.025848901 0.726727128 -0.001184980 0.999989331 -0.004452027 -1.655274391 -0.025854411 0.004419905 0.999655902 15.676951408
0.999576747 0.002140353 0.029011957 0.809936404 -0.002014973 0.999988437 -0.004350236 -1.795357943 -0.029020933 0.004289936 0.999569595 16.978212357
0.999480009 0.001805880 0.032193299 0.900115609 -0.001681574 0.999991059 -0.003887886 -1.935548186 -0.032200035 0.003831729 0.999474108 18.264059067
0.999415398 0.000091437 0.034188334 1.005765915 0.000029867 0.999993682 -0.003547566 -2.078251839 -0.034188442 0.003546514 0.999409139 19.555929184
0.999352515 -0.002384420 0.035898443 1.102520466 0.002560385 0.999984980 -0.004856577 -2.218710899 -0.035886325 0.004945347 0.999343634 20.830644608
0.999313593 -0.001975542 0.036991764 1.202410340 0.002221511 0.999975622 -0.006609397 -2.359905005 -0.036977809 0.006687038 0.999293685 22.137434006
0.999262512 -0.001875981 0.038352992 1.283023119 0.002232822 0.999954522 -0.009263430 -2.503729343 -0.038333878 0.009342233 0.999221265 23.427335739
0.999229610 -0.001453671 0.039218757 1.388442993 0.001873799 0.999941230 -0.010677779 -2.647232533 -0.039200932 0.010743041 0.999173582 24.711225510
0.999188244 -0.000851175 0.040276207 1.488685369 0.001307876 0.999935091 -0.011314229 -2.794292688 -0.040263969 0.011357723 0.999124467 25.981954575
0.999169350 -0.002383691 0.040681113 1.589234948 0.002798093 0.999944687 -0.010132661 -2.942384481 -0.040654711 0.010238075 0.999120772 27.273784637
0.999158680 -0.005344648 0.040662516 1.691011429 0.005718356 0.999942422 -0.009079739 -3.087883472 -0.040611655 0.009304622 0.999131620 28.551759720
0.999183834 -0.006758201 0.039824586 1.789078116 0.007145844 0.999928355 -0.009599453 -3.233565569 -0.039756853 0.009876198 0.999160588 29.843585968
0.999206841 -0.008431103 0.038918193 1.896485686 0.008909739 0.999886572 -0.012141470 -3.379081011 -0.038811415 0.012478591 0.999168634 31.110870361
0.999231577 -0.008516238 0.038258523 2.002587318 0.008986266 0.999885976 -0.012130452 -3.531209469 -0.038150854 0.012464933 0.999194264 32.397506714
0.999245763 -0.009285496 0.037703756 2.099785566 0.009764929 0.999873519 -0.012551633 -3.673634529 -0.037582442 0.012910338 0.999210179 33.664554596
0.999255121 -0.009615663 0.037373289 2.191617250 0.010089492 0.999870837 -0.012510451 -3.821413040 -0.037248168 0.012878212 0.999223053 34.935379028
0.999267638 -0.010234293 0.036870535 2.286625624 0.010719185 0.999858320 -0.012977616 -3.965842724 -0.036732499 0.013363332 0.999235749 36.197456360
0.999310374 -0.010614700 0.035583090 2.398558140 0.011087988 0.999852240 -0.013130102 -4.125679493 -0.035438463 0.013515591 0.999280453 37.482730865
0.999309480 -0.010265289 0.035708964 2.490422487 0.010679929 0.999877453 -0.011440281 -4.270466328 -0.035587158 0.011813750 0.999296784 38.743358612
0.999272168 -0.010388956 0.036704175 2.592794657 0.010774940 0.999888539 -0.010333963 -4.411106110 -0.036592726 0.010721927 0.999272764 40.014408112
0.999200761 -0.012201961 0.038064156 2.709684372 0.012540396 0.999883771 -0.008665066 -4.552657604 -0.037954003 0.009135480 0.999237716 41.267795563
0.999080896 -0.013254701 0.040762961 2.795717716 0.013666815 0.999858081 -0.009847964 -4.698317528 -0.040626649 0.010396014 0.999120235 42.526054382
0.998949945 -0.014643956 0.043410480 2.889191151 0.015219839 0.999800086 -0.012965269 -4.846805096 -0.043211937 0.013612354 0.998973191 43.776172638
0.998860478 -0.015644440 0.045091871 2.999624014 0.016297730 0.999766946 -0.014156782 -4.989760876 -0.044859886 0.014875543 0.998882532 45.036167145
0.998740375 -0.015769437 0.047636192 3.128281355 0.016410986 0.999779403 -0.013106687 -5.121053696 -0.047419000 0.013871931 0.998778820 46.273616791
0.998538196 -0.017066199 0.051287908 3.229754686 0.017574191 0.999800742 -0.009470045 -5.280133724 -0.051116072 0.010357544 0.998638988 47.536712646
0.998246312 -0.020116502 0.055674918 3.333388090 0.020566542 0.999760151 -0.007522167 -5.418534279 -0.055510249 0.008654017 0.998420537 48.748912811
0.998023212 -0.022113439 0.058829185 3.473248005 0.022608902 0.999714136 -0.007769737 -5.560611725 -0.058640562 0.009084440 0.998237848 50.012886047
0.997753680 -0.025365269 0.062002312 3.618675947 0.026132127 0.999591351 -0.011588588 -5.695821762 -0.061683036 0.013182808 0.998008668 51.248542786
0.997445285 -0.026701093 0.066255935 3.741000652 0.027540728 0.999551058 -0.011791560 -5.830165863 -0.065911360 0.013586173 0.997732997 52.482582092
0.997086287 -0.029243669 0.070454530 3.870804071 0.029965237 0.999508560 -0.009206351 -5.971329212 -0.070150696 0.011290713 0.997472465 53.701133728
0.996807277 -0.031994842 0.073154233 4.026858807 0.032514591 0.999453664 -0.005924809 -6.104423523 -0.072924711 0.008284472 0.997303069 54.919330597
0.996569097 -0.034517851 0.075223953 4.181052208 0.034918506 0.999382138 -0.004017039 -6.237111092 -0.075038806 0.006629964 0.997158587 56.129417419
0.996371031 -0.037657324 0.076332636 4.333602428 0.037858568 0.999282539 -0.001190626 -6.357535839 -0.076233022 0.004076150 0.997081697 57.350482941
0.996225953 -0.040743921 0.076640598 4.490560055 0.040842086 0.999165535 0.000286769 -6.482868195 -0.076588333 0.002844475 0.997058749 58.552841187
0.996161222 -0.042793788 0.076366164 4.635316372 0.043140307 0.999064863 -0.002892964 -6.609976768 -0.076170966 0.006176318 0.997075617 59.764015198
0.996168315 -0.043915309 0.075631134 4.783407688 0.044581484 0.998980284 -0.007141795 -6.738092422 -0.075240374 0.010486178 0.997110248 60.949817657
0.996182144 -0.045221794 0.074672908 4.914717197 0.046181533 0.998870671 -0.011175413 -6.866483688 -0.074083187 0.014581257 0.997145414 62.154239655
0.996239603 -0.046425242 0.073153131 5.057678699 0.047552638 0.998774111 -0.013745029 -6.996665001 -0.072425343 0.017171968 0.997226000 63.343826294
0.996348560 -0.047182880 0.071157150 5.193965435 0.048281152 0.998738527 -0.013793452 -7.134302139 -0.070416577 0.017178634 0.997369766 64.531967163
0.996563435 -0.046534594 0.068526313 5.325537682 0.047551759 0.998780429 -0.013286891 -7.269169331 -0.067824446 0.016499776 0.997560859 65.708450317
0.996812701 -0.045421142 0.065583639 5.440073013 0.046252958 0.998866737 -0.011220447 -7.409355640 -0.064999662 0.014218123 0.997783959 66.909446716
0.997207999 -0.041643806 0.061983991 5.560557365 0.042203397 0.999078929 -0.007745659 -7.538505554 -0.061604347 0.010339967 0.998047054 68.083190918
0.997431755 -0.039902199 0.059478890 5.668298244 0.040277675 0.999175310 -0.005126859 -7.666652679 -0.059225269 0.007509365 0.998216331 69.247795105
0.997687995 -0.038887627 0.055735018 5.789685249 0.039405748 0.999189377 -0.008226883 -7.807285786 -0.055369910 0.010404142 0.998411655 70.456947327
0.997871459 -0.039203342 0.052109774 5.900599003 0.040022269 0.999089599 -0.014765708 -7.937951565 -0.051483471 0.016819831 0.998532236 71.615745544
0.997919261 -0.042752817 0.048263997 6.009341240 0.043673471 0.998880327 -0.018184425 -8.070628166 -0.047432516 0.020254442 0.998669028 72.794479370
0.997947395 -0.046615586 0.043909088 6.134580612 0.047252506 0.998790681 -0.013580375 -8.205097198 -0.043222938 0.015627315 0.998943210 73.981437683
0.997940421 -0.050394729 0.039691158 6.238577843 0.050769888 0.998674214 -0.008500660 -8.332720757 -0.039210148 0.010498267 0.999175727 75.138061523
0.997983575 -0.053065967 0.034825318 6.339620590 0.053299449 0.998561680 -0.005809584 -8.461391449 -0.034466941 0.007654039 0.999376476 76.334022522
0.998169541 -0.052116964 0.030682769 6.428776741 0.052243818 0.998628736 -0.003346984 -8.585918427 -0.030466266 0.004943841 0.999523580 77.491844177
0.998308063 -0.051754102 0.026508054 6.528771400 0.051872868 0.998646438 -0.003812246 -8.696196556 -0.026274871 0.005180843 0.999641359 78.651504517
0.998442948 -0.050630532 0.023413131 6.598761082 0.050760671 0.998698354 -0.004997164 -8.836320877 -0.023129648 0.006177851 0.999713361 79.831146240
0.998633623 -0.048203021 0.020183830 6.674770355 0.048411716 0.998777688 -0.009981582 -8.964173317 -0.019678015 0.010945078 0.999746442 80.977813721
0.998535275 -0.051643036 0.016136445 6.759392738 0.051887833 0.998538256 -0.015138522 -9.100608826 -0.015331060 0.015953632 0.999755144 82.138153076
0.998387575 -0.054998923 0.014043214 6.813507080 0.055220608 0.998347282 -0.015918627 -9.234685898 -0.013144495 0.016668437 0.999774635 83.274063110
0.998430252 -0.055180613 0.009595121 6.884718895 0.055301584 0.998387277 -0.012837104 -9.359414101 -0.008871286 0.013347582 0.999871552 84.431701660
0.998419881 -0.055736095 0.007170015 6.943112373 0.055808131 0.998388648 -0.010271735 -9.487528801 -0.006585957 0.010655650 0.999921501 85.564590454
0.998560011 -0.053258650 0.006441663 6.994564056 0.053333096 0.998504698 -0.011999493 -9.616909981 -0.005792954 0.012325768 0.999907255 86.709457397
0.998743773 -0.049850207 0.005081797 7.051961899 0.049922105 0.998637915 -0.015170556 -9.748285294 -0.004318621 0.015405194 0.999871969 87.842422485
0.998804510 -0.048742011 0.003705719 7.105282307 0.048800062 0.998652697 -0.017646274 -9.880074501 -0.002840612 0.017806016 0.999837458 88.959320068
0.998747826 -0.049933866 0.003055198 7.152193546 0.049980626 0.998590648 -0.017853526 -10.017111778 -0.002159396 0.017983871 0.999835968 90.096084595
0.998721182 -0.050493799 0.002510382 7.196672916 0.050527550 0.998595119 -0.015969103 -10.148680687 -0.001700514 0.016075525 0.999869287 91.210258484
0.998625934 -0.052391991 0.001222556 7.255656719 0.052403521 0.998540103 -0.013096790 -10.275971413 -0.000534605 0.013142860 0.999913514 92.321090698
0.998649716 -0.051936187 0.001194876 7.304963589 0.051947273 0.998566866 -0.012868465 -10.399636269 -0.000524824 0.012913162 0.999916494 93.459152222
0.998650074 -0.051931340 0.001094092 7.349782944 0.051941801 0.998542964 -0.014629198 -10.535854340 -0.000332784 0.014666279 0.999892414 94.595451355
0.998641610 -0.052104972 0.000419545 7.408295631 0.052104034 0.998477817 -0.018091772 -10.665577888 0.000523765 0.018089058 0.999836206 95.694694519
0.998593211 -0.053023532 0.000009021 7.460492134 0.053014278 0.998415709 -0.018855456 -10.799684525 0.000990776 0.018829409 0.999822199 96.799736023
0.998606503 -0.052767359 0.000822696 7.505133629 0.052773558 0.998437881 -0.018357066 -10.925849915 0.000147243 0.018374907 0.999831140 97.873603821
0.998626411 -0.052383572 0.001221005 7.555963993 0.052394971 0.998543501 -0.012875924 -11.046980858 -0.000544739 0.012922212 0.999916315 98.961517334
0.998709261 -0.050733019 0.002450846 7.607163429 0.050754547 0.998663902 -0.009713866 -11.167151451 -0.001954758 0.009825720 0.999949813 100.018341064
0.998779058 -0.049216907 0.004266883 7.662711620 0.049257275 0.998736620 -0.009938235 -11.279891014 -0.003772363 0.010136272 0.999941528 101.068687439
0.998860955 -0.047320079 0.006122875 7.715472221 0.047387455 0.998811841 -0.011371843 -11.407421112 -0.005577483 0.011649036 0.999916613 102.113296509
0.998837650 -0.047431763 0.008580164 7.767889977 0.047547225 0.998773754 -0.013795189 -11.526041031 -0.007915312 0.014187116 0.999868035 103.125793457
0.998750389 -0.048970118 0.009988636 7.838820457 0.049111780 0.998688519 -0.014466712 -11.644344330 -0.009267099 0.014939191 0.999845445 104.138656616
0.998636127 -0.050773472 0.012157219 7.898805618 0.050937157 0.998609781 -0.013555735 -11.767787933 -0.011452046 0.014156503 0.999834180 105.139595032
0.998617351 -0.050758682 0.013667818 7.962075233 0.050921049 0.998632848 -0.011805392 -11.884517670 -0.013049906 0.012485052 0.999836862 106.099174500
0.998542428 -0.051791117 0.015187473 8.017807007 0.051956382 0.998592079 -0.010696125 -11.991029739 -0.014612124 0.011469622 0.999827385 107.053031921
0.998479366 -0.052394941 0.017133733 8.073480606 0.052588433 0.998555243 -0.011044458 -12.097534180 -0.016530303 0.011928700 0.999792218 107.967979431
0.998454273 -0.052287385 0.018840108 8.135647774 0.052465387 0.998581588 -0.009080783 -12.202450752 -0.018338570 0.010055201 0.999781251 108.876174927
0.998456001 -0.051425565 0.021000374 8.189393997 0.051581949 0.998644471 -0.006973969 -12.300294876 -0.020613266 0.008046443 0.999755144 109.746734619
0.998433352 -0.051430248 0.022036677 8.250993729 0.051522676 0.998665154 -0.003646976 -12.405507088 -0.021819700 0.004776652 0.999750495 110.601280212
0.998398244 -0.051414169 0.023608426 8.311365128 0.051513974 0.998665690 -0.003638291 -12.495920181 -0.023389865 0.004848627 0.999714613 111.425437927
0.998413086 -0.050439276 0.025043830 8.357967377 0.050527498 0.998718381 -0.002902457 -12.586991310 -0.024865344 0.004163254 0.999682069 112.238334656
0.998501718 -0.048269186 0.025775054 8.408234596 0.048346397 0.998827815 -0.002380596 -12.668489456 -0.025629928 0.003623161 0.999665022 113.015876770
0.998638630 -0.045727380 0.025100190 8.451883316 0.045727447 0.998953819 0.000571820 -12.747600555 -0.025100078 0.000576726 0.999684751 113.774047852
0.998724103 -0.045455839 0.021998120 8.499526024 0.045433171 0.998966217 0.001529336 -12.830335617 -0.022044897 -0.000527941 0.999756813 114.523773193
0.998838782 -0.045498282 0.015838109 8.533743858 0.045476507 0.998963952 0.001732742 -12.905162811 -0.015900537 -0.001010468 0.999873042 115.220199585
0.999019623 -0.043906376 0.005662255 8.556136131 0.043902989 0.999035478 0.000722672 -12.982183456 -0.005688526 -0.000473374 0.999983668 115.889236450
0.999125004 -0.041034367 -0.008084662 8.556915283 0.041018188 0.999156058 -0.002156143 -13.051861763 0.008166317 0.001822638 0.999965012 116.524665833
0.998840988 -0.039614320 -0.027339257 8.561512947 0.039499145 0.999208331 -0.004740277 -13.120888710 0.027505394 0.003654905 0.999614954 117.155158997
0.998044789 -0.038025524 -0.049605820 8.527918816 0.037732866 0.999264538 -0.006823128 -13.192179680 0.049828794 0.004938018 0.998745561 117.742546082
0.996320844 -0.036457144 -0.077562049 8.489772797 0.035881873 0.999317348 -0.008798070 -13.259392738 0.077829845 0.005982629 0.996948659 118.315811157
0.993364513 -0.034451794 -0.109727368 8.418644905 0.033475183 0.999381900 -0.010730642 -13.326326370 0.110029221 0.006986296 0.993903756 118.859039307
0.989014149 -0.029587260 -0.144829810 8.310995102 0.028144041 0.999531806 -0.012004089 -13.393592834 0.145117149 0.007796117 0.989383757 119.393203735
0.982660174 -0.024101427 -0.183842197 8.207061768 0.022338402 0.999682546 -0.011655162 -13.449716568 0.184064746 0.007346322 0.982886672 119.910713196
0.974114120 -0.018668719 -0.225284547 8.065595627 0.016897393 0.999809384 -0.009788360 -13.506649017 0.225424320 0.005728261 0.974243879 120.415145874
0.962760627 -0.014155234 -0.269984305 7.890766144 0.012390617 0.999889255 -0.008239238 -13.565126419 0.270071089 0.004587141 0.962829411 120.907783508
0.948424816 -0.008046515 -0.316899866 7.708442688 0.005547939 0.999946058 -0.008785976 -13.621727943 0.316953421 0.006574696 0.948418319 121.376594543
0.931011319 -0.000075366 -0.364990115 7.479354858 -0.003608947 0.999949276 -0.009412123 -13.678941727 0.364972293 0.010080026 0.930963814 121.836395264
0.909960032 0.004676737 -0.414669573 7.218097687 -0.009817433 0.999899030 -0.010266502 -13.733787537 0.414579719 0.013413097 0.909914136 122.281036377
0.884778917 0.008900122 -0.465925962 6.952289581 -0.014791804 0.999850154 -0.008990032 -13.787318230 0.465776145 0.014846079 0.884778082 122.693862915
0.855681539 0.011964994 -0.517364502 6.666332245 -0.019678224 0.999761879 -0.009424975 -13.824097633 0.517128468 0.018245591 0.855713308 123.096160889
0.824154258 0.021695288 -0.565949619 6.339756012 -0.030267544 0.999525189 -0.005760479 -13.879830360 0.565555990 0.021877429 0.824419737 123.464576721
0.789852500 0.035099633 -0.612291634 5.997936249 -0.043818306 0.999039292 0.000744589 -13.920635223 0.611729562 0.026241472 0.790631652 123.826416016
0.754130483 0.043874387 -0.655257344 5.640228271 -0.054961238 0.998481929 0.003601404 -13.965460777 0.654420733 0.033297826 0.755397022 124.133560181
0.714323223 0.047782265 -0.698182940 5.273227692 -0.062132969 0.998056650 0.004735709 -14.012031555 0.697052360 0.039997347 0.715903819 124.429946899
0.671732903 0.049502071 -0.739137709 4.894565582 -0.064512208 0.997883141 0.008201872 -14.062362671 0.737979054 0.042173937 0.673504472 124.715225220
0.627632558 0.053112175 -0.776695967 4.484687805 -0.067549132 0.997622788 0.013634529 -14.100482941 0.775573790 0.043907657 0.629728198 124.985153198
0.582269430 0.061982311 -0.810629725 4.068916321 -0.078738354 0.996701598 0.019652532 -14.134920120 0.809174001 0.052384574 0.585229278 125.214157104
0.537479341 0.070201501 -0.840349793 3.596836090 -0.091128252 0.995528281 0.024880152 -14.150162697 0.838338733 0.063207015 0.541473150 125.433532715
0.490627706 0.075397119 -0.868101299 3.148796082 -0.096924171 0.994789362 0.031621389 -14.174287796 0.865961969 0.068625666 0.495379001 125.626564026
0.443277508 0.076758273 -0.893091977 2.687873840 -0.096183635 0.994647622 0.037746824 -14.201687813 0.891209126 0.069168523 0.448287815 125.806472778
0.395694494 0.077982128 -0.915065408 2.210529327 -0.093901753 0.994601905 0.044155035 -14.220638275 0.913568854 0.068454333 0.400881112 125.983421326
0.350789219 0.081376195 -0.932911992 1.713260651 -0.095918968 0.994099855 0.050646488 -14.247434616 0.931529105 0.071717717 0.356524974 126.120155334
0.307268620 0.084849402 -0.947832584 1.214164734 -0.101593822 0.993249536 0.055980422 -14.268198013 0.946184397 0.079092912 0.313814580 126.235389709
0.265864015 0.085987367 -0.960167944 0.696146011 -0.106311046 0.992554128 0.059450887 -14.282545090 0.958130598 0.086270608 0.273025781 126.336929321
0.226277500 0.082508653 -0.970562160 0.167545319 -0.106466249 0.992531180 0.059554659 -14.298600197 0.968226910 0.089856237 0.233371854 126.437698364
0.191182867 0.077996321 -0.978450656 -0.367992401 -0.101716205 0.993045390 0.059285033 -14.327167511 0.976269901 0.088190019 0.197786778 126.528060913
0.160705775 0.072759345 -0.984316885 -0.915626526 -0.098856457 0.993450999 0.057294585 -14.347822189 0.982039213 0.088098511 0.166846022 126.608169556
0.134062544 0.071265511 -0.988407075 -1.482597351 -0.100165926 0.993277013 0.058030635 -14.367406845 0.985897541 0.091224968 0.140299633 126.677017212
0.112292960 0.070345484 -0.991182089 -2.072301865 -0.100588709 0.993171871 0.059090801 -14.379680634 0.988570750 0.093066238 0.118602142 126.732521057
0.093841530 0.071889885 -0.992988229 -2.665681839 -0.102732837 0.992764652 0.062165000 -14.395565033 0.990272462 0.096178837 0.100548014 126.786033630
0.077478118 0.070040129 -0.994530737 -3.272054672 -0.103542455 0.992700458 0.061844837 -14.422061920 0.991602778 0.098184541 0.084164679 126.843536377
0.063143939 0.069096714 -0.995609641 -3.891399384 -0.102387793 0.992784977 0.062407009 -14.452926636 0.992738485 0.097997621 0.069763020 126.897499084
0.050913803 0.066635303 -0.996477544 -4.530822754 -0.098113418 0.993278801 0.061408408 -14.474954605 0.993871987 0.094641276 0.057109416 126.940414429
0.038972396 0.063919790 -0.997193754 -5.175457001 -0.096105121 0.993565381 0.059931222 -14.492980957 0.994607925 0.093499772 0.044864628 126.977325439
0.028403571 0.062969156 -0.997611165 -5.845887661 -0.094913743 0.993674576 0.060018335 -14.513150215 0.995080233 0.092982277 0.034200549 127.014739990
0.018714122 0.064363502 -0.997751057 -6.516170502 -0.098118879 0.993227065 0.062231317 -14.535184860 0.994998693 0.096733607 0.024902653 127.036354065
0.010428954 0.064545639 -0.997860193 -7.193137169 -0.101240754 0.992854834 0.063163765 -14.563276291 0.994807363 0.100365408 0.016889084 127.047866821
0.003739258 0.063709103 -0.997961521 -7.883437634 -0.103057809 0.992679119 0.062985733 -14.584228516 0.994668365 0.102612205 0.010277604 127.070465088
-0.001295041 0.064662963 -0.997906327 -8.581707001 -0.103828043 0.992504895 0.064447716 -14.602586746 0.994594514 0.103694104 0.005428495 127.086593628
-0.004862215 0.066916831 -0.997746646 -9.307669640 -0.106191263 0.992082059 0.067054406 -14.620814323 0.994333923 0.106278002 0.002282264 127.108070374
-0.005863477 0.071010187 -0.997458398 -10.037977219 -0.108357102 0.991557002 0.071227029 -14.648448944 0.994094729 0.108499333 0.001880486 127.112754822
-0.006721682 0.073995307 -0.997235954 -10.765847206 -0.110870875 0.991054773 0.074283965 -14.659397125 0.993812084 0.111063734 0.001542370 127.120162964
-0.007468873 0.079675891 -0.996792793 -11.507741928 -0.115478545 0.990082741 0.080004804 -14.668089867 0.993281841 0.115705736 0.001806054 127.129547119
-0.008371959 0.083470471 -0.996475101 -12.247373581 -0.118695512 0.989381909 0.083873540 -14.682037354 0.992895484 0.118979298 0.001624506 127.135887146
-0.010117838 0.083923623 -0.996420801 -12.996173859 -0.118526004 0.989346266 0.084531285 -14.700004578 0.992899418 0.118957065 -0.000062916 127.159767151
-0.011764190 0.080974147 -0.996646762 -13.740162849 -0.116199873 0.989852190 0.081793711 -14.719861031 0.993156135 0.116772458 -0.002235624 127.181816101
-0.013276865 0.077554576 -0.996899664 -14.503305435 -0.119855590 0.989675939 0.078588843 -14.725474358 0.992702603 0.120527431 -0.003844443 127.192970276
-0.014344793 0.079375215 -0.996741593 -15.267420769 -0.124795109 0.988907635 0.080547385 -14.738023758 0.992078781 0.125543922 -0.004280034 127.196334839
-0.015825814 0.082286589 -0.996483028 -16.054914474 -0.121860012 0.989019811 0.083605640 -14.753135681 0.992421031 0.122754574 -0.005624600 127.208343506
-0.018019950 0.082394965 -0.996436715 -16.829471588 -0.120722942 0.989128053 0.083973810 -14.769839287 0.992522657 0.121806011 -0.007877075 127.224220276
-0.018423505 0.081882209 -0.996471643 -17.624765396 -0.124491140 0.988697171 0.083545037 -14.780292511 0.992049634 0.125591084 -0.008021661 127.216178894
-0.020360917 0.081302024 -0.996481538 -18.411630630 -0.128049567 0.988267660 0.083248287 -14.792411804 0.991558731 0.129294038 -0.009711346 127.240966797
-0.021663584 0.085608445 -0.996093273 -19.208375931 -0.129814744 0.987651706 0.087706193 -14.798556328 0.991301537 0.131207630 -0.010282838 127.249870300
-0.022482568 0.090488508 -0.995643675 -20.011812210 -0.129144654 0.987288535 0.092645355 -14.812529564 0.991370857 0.130665004 -0.010510674 127.264556885
-0.020883366 0.092518277 -0.995491922 -20.834865570 -0.130040467 0.986999154 0.094456948 -14.816962242 0.991288662 0.131426826 -0.008580744 127.270790100
-0.018708719 0.091649041 -0.995615542 -21.653415680 -0.129397348 0.987193227 0.093305252 -14.826182365 0.991416335 0.130575627 -0.006609973 127.277976990
-0.017461848 0.091241069 -0.995675743 -22.484277725 -0.129515424 0.987231016 0.092738628 -14.827390671 0.991423666 0.130574733 -0.005421753 127.287925720
-0.017497050 0.090280749 -0.995762646 -23.307888031 -0.127770707 0.987547874 0.091781087 -14.833980560 0.991649330 0.128835201 -0.005743938 127.314781189
-0.016654119 0.092312090 -0.995590866 -24.145452499 -0.128713250 0.987246096 0.093691446 -14.841107368 0.991542041 0.129706070 -0.004559923 127.333549500
-0.016285188 0.094521359 -0.995389640 -24.982526779 -0.130307093 0.986830711 0.095840491 -14.844354630 0.991339982 0.131267101 -0.003753920 127.350845337
-0.016295649 0.097060412 -0.995145082 -25.858028412 -0.133371860 0.986172140 0.098369226 -14.849590302 0.990932047 0.134327322 -0.003125190 127.365104675
-0.014728668 0.098125130 -0.995065033 -26.722015381 -0.135533616 0.985792458 0.099216856 -14.846829414 0.990663350 0.136326090 -0.001220153 127.377204895
-0.012988506 0.101337500 -0.994767308 -27.590436935 -0.142239481 0.984546900 0.102153532 -14.847162247 0.989747107 0.142822012 0.001626402 127.392196655
-0.010767848 0.105133697 -0.994399726 -28.475893021 -0.146993309 0.983487487 0.105571695 -14.844174385 0.989078820 0.147306874 0.004863905 127.407577515
-0.008722470 0.106902130 -0.994231284 -29.350585938 -0.149506345 0.982954025 0.107001230 -14.838661194 0.988722265 0.149577200 0.007408762 127.438293457
-0.004967204 0.107742369 -0.994166434 -30.249027252 -0.148178369 0.983124018 0.107286006 -14.839387894 0.988948166 0.147846848 0.011081708 127.460792542
-0.002669865 0.107839257 -0.994164646 -31.138223648 -0.150886849 0.982742608 0.107005470 -14.835060120 0.988547444 0.150292069 0.013647731 127.493064880
0.000032876 0.111472331 -0.993767440 -32.043102264 -0.151240245 0.982336819 0.110185117 -14.825651169 0.988497019 0.150294036 0.016891399 127.520805359
0.002086687 0.113780200 -0.993503690 -32.962806702 -0.150576726 0.982213974 0.112170987 -14.823876381 0.988596082 0.149364457 0.019182220 127.564926147
0.003734923 0.115199372 -0.993335366 -33.855861664 -0.151345119 0.981964886 0.113311656 -14.821169853 0.988474011 0.149913251 0.021102425 127.605895996
0.006525041 0.113315560 -0.993537664 -34.758846283 -0.152744666 0.982012331 0.110997967 -14.814036369 0.988244116 0.151033282 0.023716027 127.634239197
0.006519307 0.114349075 -0.993419230 -35.668067932 -0.157205731 0.981204450 0.111911409 -14.802940369 0.987544358 0.155441612 0.024373103 127.676185608
0.007619714 0.115156747 -0.993318200 -36.562126160 -0.158106267 0.980990767 0.112514794 -14.799114227 0.987392664 0.156192511 0.025681878 127.712020874
0.007814238 0.111460812 -0.993738115 -37.458850861 -0.158197582 0.981391370 0.108831972 -14.796098709 0.987376571 0.156356528 0.025301656 127.748695374
0.008503665 0.107520945 -0.994166434 -38.362060547 -0.159718707 0.981584430 0.104794033 -14.796861649 0.987125933 0.157895833 0.025520166 127.791954041
0.009041436 0.106752917 -0.994244456 -39.259922028 -0.159373894 0.981729150 0.103959851 -14.791069031 0.987176895 0.157516643 0.025889870 127.832084656
0.009025684 0.110755712 -0.993806660 -40.164440155 -0.161661088 0.980934918 0.107853025 -14.785276413 0.986805022 0.159686416 0.026758498 127.870361328
0.009587253 0.116932452 -0.993093610 -41.093456268 -0.162771463 0.980075777 0.113828279 -14.774268150 0.986617208 0.160555929 0.028429497 127.907783508
0.009718702 0.115831167 -0.993221343 -41.987915039 -0.160569504 0.980559647 0.112783350 -14.775511742 0.986976624 0.158384964 0.028128721 127.952476501
0.010494975 0.105328724 -0.994382143 -42.877708435 -0.159849510 0.981824994 0.102311552 -14.780541420 0.987085521 0.157877713 0.027140977 127.997245789
0.010892307 0.094970256 -0.995420516 -43.798568726 -0.161341846 0.982602715 0.091981880 -14.787277222 0.986838460 0.159601092 0.026025487 128.035476685
0.009769340 0.091841154 -0.995725632 -44.700519562 -0.158180878 0.983377278 0.089150243 -14.794986725 0.987361789 0.156633839 0.024134468 128.081848145
0.010059733 0.101818785 -0.994752049 -45.619544983 -0.150925025 0.983560562 0.099146985 -14.796913147 0.988493979 0.149135605 0.025261361 128.127609253
0.009990187 0.114906713 -0.993326068 -46.554649353 -0.146005750 0.982896924 0.112231873 -14.793323517 0.989233315 0.143910095 0.026596367 128.184463501
0.010211122 0.123807408 -0.992253721 -47.475952148 -0.146271288 0.981816590 0.120999858 -14.783928871 0.989191830 0.143902674 0.028134916 128.229873657
0.010058591 0.118056789 -0.992955983 -48.392642975 -0.146328107 0.982490242 0.115330182 -14.780191422 0.989184976 0.144137308 0.027157499 128.269790649
0.010151373 0.104734488 -0.994448364 -49.304306030 -0.146401629 0.983938694 0.102133133 -14.780622482 0.989173055 0.144552097 0.025321625 128.311355591
0.010734385 0.095813446 -0.995341420 -50.218578339 -0.146970645 0.984739542 0.093207844 -14.780022621 0.989082575 0.145285442 0.024652334 128.354156494
0.011246267 0.095617607 -0.995354652 -51.141738892 -0.146206915 0.984876573 0.092959128 -14.787365913 0.989190042 0.144482255 0.025056142 128.398605347
0.010602430 0.097567447 -0.995172441 -52.077499390 -0.149119630 0.984253883 0.094908282 -14.806846619 0.988762259 0.147393510 0.024984706 128.442611694
0.011123003 0.096941739 -0.995227933 -53.005714417 -0.153649405 0.983635008 0.094095290 -14.808199883 0.988062859 0.151869550 0.025836013 128.476013184
0.011882085 0.096154936 -0.995295465 -53.947628021 -0.155414492 0.983447194 0.093154915 -14.807476044 0.987777889 0.153576463 0.026629275 128.513687134
0.012523954 0.104118153 -0.994486213 -54.897941589 -0.164538369 0.981221259 0.100657292 -14.815003395 0.986291170 0.162370503 0.029420201 128.551635742
0.014037827 0.113415502 -0.993448377 -55.838817596 -0.169878170 0.979372919 0.109408125 -14.806394577 0.985365152 0.167229354 0.033015080 128.589157104
0.015447991 0.121806584 -0.992433667 -56.796981812 -0.170463458 0.978342474 0.117423698 -14.799864769 0.985242903 0.167359710 0.035876989 128.629196167
0.016777318 0.122157358 -0.992368937 -57.754840851 -0.172414169 0.977994680 0.117473036 -14.787157059 0.984881580 0.169127598 0.037469782 128.676406860
0.017974341 0.113101847 -0.993420720 -58.680274963 -0.173917964 0.978788018 0.108289137 -14.791883469 0.984596193 0.170827314 0.037263509 128.721511841
0.019415142 0.107988343 -0.993962467 -59.617755890 -0.172358960 0.979627490 0.103064239 -14.785039902 0.984842837 0.169317350 0.037632361 128.774658203
0.021182653 0.106303811 -0.994108021 -60.587303162 -0.170679927 0.980118692 0.101170994 -14.783697128 0.985098839 0.167531192 0.038905438 128.832809448
0.024353797 0.112444155 -0.993359566 -61.548347473 -0.172467679 0.979228199 0.106616229 -14.784436226 0.984714091 0.168725893 0.043240905 128.891647339
0.027795602 0.114901587 -0.992987931 -62.511707306 -0.175174251 0.978559613 0.108328588 -14.788494110 0.984144986 0.170934886 0.047327444 128.947219849
0.031649362 0.109740466 -0.993456244 -63.468101501 -0.174105898 0.979363501 0.102637105 -14.787109375 0.984218180 0.169718191 0.050102688 129.008422852
0.034995027 0.103971630 -0.993964374 -64.423255920 -0.174048647 0.980008781 0.096384011 -14.791732788 0.984115005 0.169625178 0.052391555 129.072158813
0.038280949 0.103812739 -0.993859887 -65.377311707 -0.171657056 0.980487466 0.095804125 -14.793361664 0.984412670 0.166935578 0.055354171 129.148757935
0.040593058 0.108329453 -0.993285954 -66.340217590 -0.168995380 0.980527520 0.100031570 -14.809554100 0.984780490 0.163800165 0.058109783 129.232711792
0.043868341 0.115019687 -0.992394030 -67.296836853 -0.168381661 0.979990900 0.106138900 -14.809726715 0.984745264 0.162444800 0.062357772 129.313095093
0.046412915 0.118867986 -0.991824687 -68.263549805 -0.166259751 0.979964852 0.109666385 -14.812187195 0.984989107 0.159810618 0.065245979 129.397933960
0.048206713 0.120587394 -0.991531551 -69.245399475 -0.165628716 0.979907751 0.111121126 -14.812824249 0.985009253 0.158869326 0.067210861 129.480682373
0.050770674 0.117885694 -0.991728425 -70.184875488 -0.164514810 0.980431080 0.108120576 -14.811858177 0.985067129 0.157664701 0.069171086 129.555236816
0.051450562 0.116472214 -0.991860330 -71.132064819 -0.162531525 0.980911195 0.106755495 -14.814322472 0.985361040 0.155715942 0.069398843 129.641830444
0.051868733 0.113120839 -0.992226422 -72.075874329 -0.159437105 0.981757820 0.103592739 -14.824045181 0.985844553 0.152824461 0.068958193 129.732208252
0.051725768 0.112408899 -0.992314756 -73.070808411 -0.157878771 0.982069969 0.103018716 -14.810874939 0.986102760 0.151336744 0.068545304 129.811691284
0.051386274 0.116899803 -0.991813421 -74.024238586 -0.154605180 0.982083917 0.107742868 -14.810238838 0.986639082 0.147803023 0.068538934 129.897674561
0.050956924 0.118445188 -0.991652250 -74.985313416 -0.148759082 0.982765377 0.109739624 -14.812243462 0.987559736 0.141925290 0.067698501 129.993057251
0.050166544 0.113721117 -0.992245376 -75.945625305 -0.145884708 0.983674943 0.105363108 -14.796606064 0.988028765 0.139467746 0.065937743 130.077087402
0.049067959 0.110188082 -0.992698729 -76.896217346 -0.147721931 0.983766019 0.101894833 -14.799461365 0.987810969 0.141643569 0.064548582 130.146072388
0.047877833 0.107418269 -0.993060529 -77.845199585 -0.144209266 0.984527826 0.099542625 -14.802016258 0.988388240 0.138442636 0.062627777 130.228302002
0.046286918 0.108090989 -0.993062913 -78.810554504 -0.144423336 0.984407544 0.100417279 -14.803417206 0.988432825 0.138773441 0.061176058 130.300552368
0.045552738 0.109313235 -0.992963016 -79.759872437 -0.145507336 0.984119833 0.101664491 -14.806669235 0.988307953 0.139852315 0.060735233 130.374191284
0.044479992 0.109786116 -0.992959380 -80.715957642 -0.147181839 0.983817160 0.102182239 -14.810068130 0.988108873 0.141600505 0.059918698 130.443862915
0.043080062 0.110547282 -0.992936671 -81.665504456 -0.146879956 0.983761013 0.103153110 -14.811149597 0.988215804 0.141398624 0.058617659 130.513000488
0.040706422 0.110901505 -0.992997348 -82.629859924 -0.147075415 0.983660579 0.103829615 -14.813569069 0.988287389 0.141818970 0.056352187 130.585647583
0.039182797 0.113435127 -0.992772460 -83.586296082 -0.147290379 0.983338177 0.106543906 -14.808150291 0.988316894 0.142051116 0.055237841 130.654556274
0.037661012 0.117126152 -0.992402613 -84.540100098 -0.148638397 0.982716203 0.110342190 -14.799990654 0.988174260 0.143353552 0.054419521 130.714019775
0.035861157 0.122308962 -0.991843939 -85.490478516 -0.149869278 0.981916785 0.115666106 -14.790525436 0.988055289 0.144498989 0.053543016 130.775772095
0.033366583 0.121633597 -0.992014110 -86.442703247 -0.149671063 0.981981933 0.115369312 -14.784222603 0.988172650 0.144626334 0.050970413 130.842941284
0.032337777 0.116588466 -0.992653668 -87.387924194 -0.149797052 0.982520580 0.110518336 -14.779713631 0.988187671 0.145122692 0.049237143 130.903427124
0.029866312 0.111695096 -0.993293643 -88.334907532 -0.153929427 0.982396722 0.105841406 -14.767739296 0.987630367 0.149736017 0.046533730 130.963867188
0.028726652 0.109563373 -0.993564665 -89.277626038 -0.151794687 0.982925236 0.104001328 -14.765007019 0.987994552 0.147830218 0.044867292 131.028335571
0.028227448 0.110943139 -0.993425786 -90.243255615 -0.147268236 0.983438611 0.105643287 -14.767962456 0.988693833 0.143317997 0.044098351 131.081375122
0.027670093 0.112182952 -0.993302286 -91.191848755 -0.144234389 0.983732402 0.107084244 -14.765610695 0.989156604 0.140305296 0.043400601 131.142822266
0.026628114 0.112085193 -0.993341684 -92.144424438 -0.139050588 0.984449089 0.107354291 -14.767190933 0.989927173 0.135266125 0.041799534 131.207687378
0.025321666 0.109276854 -0.993688822 -93.086242676 -0.135078222 0.985265493 0.104908407 -14.770091057 0.990511417 0.131569251 0.039709486 131.272033691
0.024601683 0.106179342 -0.994042635 -94.030029297 -0.129996747 0.986240625 0.102128670 -14.774513245 0.991209149 0.126709774 0.038066152 131.334915161
0.022980765 0.108706728 -0.993808210 -95.010948181 -0.128024653 0.986206174 0.104914755 -14.776524544 0.991504729 0.124820963 0.036580913 131.386840820
0.021545781 0.110834010 -0.993605375 -95.958320618 -0.127384067 0.986040354 0.107227914 -14.772470474 0.991619408 0.124259204 0.035363495 131.445785522
0.020202914 0.108748734 -0.993864000 -96.917648315 -0.123221792 0.986758888 0.105466500 -14.769928932 0.992173612 0.120334968 0.033335622 131.495269775
0.018256687 0.105924666 -0.994206607 -97.868347168 -0.120347999 0.987375438 0.102986902 -14.770201683 0.992563903 0.117770597 0.030774027 131.543960571
0.014213302 0.103479274 -0.994530022 -98.835708618 -0.119015321 0.987734735 0.101071328 -14.770412445 0.992790699 0.116927788 0.026354592 131.600799561
0.011592932 0.102698728 -0.994644880 -99.790245056 -0.113515690 0.988416433 0.100732565 -14.780176163 0.993468523 0.111740023 0.023116563 131.648757935
0.009370532 0.102686055 -0.994669676 -100.748794556 -0.106764987 0.989130080 0.101108357 -14.773844719 0.994240105 0.105248459 0.020231951 131.691757202
0.006870388 0.110920951 -0.993805468 -101.711021423 -0.097130135 0.989203632 0.109735861 -14.779172897 0.995248079 0.095774516 0.017569978 131.753005981
0.004336363 0.119035996 -0.992880404 -102.669136047 -0.089083277 0.988988101 0.118180275 -14.773893356 0.996014714 0.087936565 0.014892727 131.806747437
0.001566362 0.118621022 -0.992938340 -103.622055054 -0.084810182 0.989377916 0.118061878 -14.766891479 0.996395826 0.084026352 0.011609999 131.850997925
-0.001381044 0.108642399 -0.994080067 -104.576095581 -0.085456379 0.990431607 0.108362399 -14.766918182 0.996341050 0.085100114 0.007916357 131.886047363
-0.003462406 0.099542610 -0.995027244 -105.523399353 -0.087342612 0.991200447 0.099463694 -14.766614914 0.996172190 0.087252662 0.005262374 131.922470093
-0.003795166 0.100795090 -0.994899929 -106.481941223 -0.094538495 0.990414917 0.100701332 -14.765186310 0.995513916 0.094438531 0.005770229 131.941040039
-0.004739064 0.110223003 -0.993895531 -107.443733215 -0.097939998 0.989077091 0.110155620 -14.753507614 0.995181024 0.097864151 0.006107940 131.975769043
-0.006195880 0.121575646 -0.992562890 -108.407196045 -0.101866886 0.987341583 0.121571995 -14.740417480 0.994778812 0.101862513 0.006267082 132.003234863
-0.007994568 0.123711184 -0.992286026 -109.351043701 -0.108990148 0.986298144 0.123842768 -14.731739998 0.994010568 0.109139472 0.005598273 132.036026001
-0.007567694 0.119970150 -0.992748678 -110.333084106 -0.115908407 0.985980034 0.120035745 -14.706736565 0.993231058 0.115976304 0.006443955 132.052383423
-0.007949797 0.116143078 -0.993200660 -111.286499023 -0.124082491 0.985441208 0.116228878 -14.694091797 0.992240012 0.124162823 0.006577265 132.076736450
-0.005454335 0.118120886 -0.992984295 -112.253471375 -0.128645331 0.984664738 0.117837869 -14.673677444 0.991675735 0.128385499 0.009825007 132.096954346
-0.004304169 0.119277656 -0.992851615 -113.233894348 -0.136694133 0.983470678 0.118743271 -14.654630661 0.990604043 0.136228085 0.012071527 132.122299194
-0.003761388 0.121793777 -0.992548347 -114.197669983 -0.145856440 0.981873691 0.121036656 -14.635891914 0.989298582 0.145224825 0.014071196 132.141952515
-0.003296553 0.124132268 -0.992260218 -115.173469543 -0.151474550 0.980753839 0.123196065 -14.614671707 0.988455653 0.150708303 0.015569774 132.165328979
-0.003490852 0.123919837 -0.992286026 -116.146087646 -0.155289337 0.980187356 0.122955203 -14.606739044 0.987862825 0.154520690 0.015821740 132.207626343
-0.001782859 0.114544697 -0.993416429 -117.102264404 -0.154322863 0.981485903 0.113445997 -14.607435226 0.988018870 0.153509155 0.015927011 132.237945557
-0.000418393 0.102899641 -0.994691610 -118.050910950 -0.157521829 0.982266724 0.101680562 -14.597116470 0.987515330 0.156728193 0.015797967 132.273956299
