1.000000000 0.000000000 0.000000000 0.000000000 0.000000000 1.000000000 0.000000000 0.000000000 0.000000000 0.000000000 1.000000000 0.000000000
0.999997675 -0.001632226 -0.001398010 0.050588101 0.001629224 0.999996364 -0.002145610 -0.132592499 0.001401507 0.002143327 0.999996722 1.297017455
0.999997795 -0.000031030 -0.002104563 0.104358420 0.000017861 0.999980390 -0.006257179 -0.268528312 0.002104716 0.006257128 0.999978185 2.603718042
0.999996245 0.002431294 -0.001274732 0.147327393 -0.002441298 0.999965906 -0.007906318 -0.405851752 0.001255466 0.007909401 0.999967873 3.908523560
0.999983907 0.005658359 0.000262184 0.192673564 -0.005656497 0.999962032 -0.006630342 -0.543769658 -0.000299690 0.006628753 0.999977946 5.221302509
0.999975383 0.006554661 0.002510838 0.242873073 -0.006546534 0.999973357 -0.003231720 -0.691165447 -0.002531954 0.003215203 0.999991655 6.540197849
0.999960244 0.006811414 0.005759397 0.299977005 -0.006800298 0.999974966 -0.001947585 -0.828413963 -0.005772518 0.001908342 0.999981582 7.843866348
0.999942839 0.005429838 0.009203702 0.358845294 -0.005412041 0.999983430 -0.001957422 -0.961707711 -0.009214180 0.001907499 0.999955714 9.154129028
0.999913275 0.004083023 0.012518203 0.438361526 -0.004061322 0.999990225 -0.001758502 -1.099288821 -0.012525262 0.001707509 0.999920070 10.453382492
0.999872983 0.002686343 0.015711514 0.505604148 -0.002646048 0.999993145 -0.002584887 -1.235293508 -0.015718350 0.002542985 0.999873221 11.764606476
0.999814689 0.001717520 0.019173002 0.579663873 -0.001653745 0.999993086 -0.003341614 -1.374742150 -0.019178605 0.003309288 0.999810576 13.060018539
0.999749422 0.001361806 0.022349970 0.652461171 -0.001290176 0.999993980 -0.003218999 -1.519744158 -0.022354217 0.003189356 0.999745011 14.382852554
0.999666095 0.001336087 0.025804859 0.735660434 -0.001224229 0.999989808 -0.004350102 -1.657236814 -0.025810407 0.004317058 0.999657512 15.677127838
0.999578118 0.002402145 0.028945131 0.817269683 -0.002277022 0.999987900 -0.004354978 -1.794097185 -0.028955244 0.004287232 0.999571502 16.977470398
0.999479651 0.001958495 0.032197371 0.907445073 -0.001834487 0.999990702 -0.003880564 -1.933897138 -0.032204680 0.003819479 0.999474049 18.263813019
0.999414742 0.000398793 0.034206077 1.008171439 -0.000272440 0.999993145 -0.003698436 -2.076206207 -0.034207318 0.003686953 0.999407947 19.562007904
0.999353707 -0.002014538 0.035891492 1.104267120 0.002192494 0.999985516 -0.004919520 -2.217363119 -0.035881065 0.004995033 0.999343574 20.836568832
0.999311268 -0.001766370 0.037066061 1.203563333 0.002014750 0.999975741 -0.006664744 -2.360884428 -0.037053380 0.006734833 0.999290586 22.146539688
0.999265909 -0.001836588 0.038265463 1.289159417 0.002198969 0.999953091 -0.009430280 -2.501049757 -0.038246341 0.009507502 0.999223113 23.428478241
0.999230087 -0.001132592 0.039216030 1.391154766 0.001554148 0.999941349 -0.010720762 -2.647833347 -0.039201595 0.010773456 0.999173224 24.715782166
0.999178767 -0.000556125 0.040515233 1.488779783 0.001023861 0.999933064 -0.011524858 -2.792275190 -0.040506113 0.011556875 0.999112427 25.986677170
0.999169886 -0.002189924 0.040677994 1.594051838 0.002612215 0.999943197 -0.010331066 -2.940876722 -0.040653061 0.010428751 0.999118924 27.272918701
0.999166191 -0.005165667 0.040501408 1.698762298 0.005541601 0.999942541 -0.009175245 -3.087520838 -0.040451698 0.009392036 0.999137342 28.550945282
0.999191403 -0.006694090 0.039644558 1.797499418 0.007079299 0.999929011 -0.009584183 -3.234392405 -0.039577585 0.009857090 0.999167800 29.838399887
0.999211133 -0.008348131 0.038825314 1.902831912 0.008817431 0.999889910 -0.011931989 -3.381789923 -0.038721431 0.012264917 0.999174714 31.106296539
0.999239504 -0.008439315 0.038067363 2.012182713 0.008913213 0.999884665 -0.012296485 -3.528687954 -0.037959196 0.012626437 0.999199510 32.388145447
0.999251246 -0.009050874 0.037617553 2.108228683 0.009529825 0.999875546 -0.012572348 -3.673289537 -0.037499085 0.012921423 0.999213219 33.651546478
0.999272704 -0.009522992 0.036923904 2.206989527 0.009995463 0.999870241 -0.012632393 -3.818182468 -0.036798816 0.012992277 0.999238253 34.921123505
0.999287009 -0.009979453 0.036412716 2.298889399 0.010465111 0.999858439 -0.013171447 -3.961935282 -0.036276124 0.013543118 0.999250054 36.181324005
0.999328494 -0.010762350 0.035024248 2.415936708 0.011236652 0.999847412 -0.013373537 -4.117681980 -0.034874976 0.013758112 0.999296904 37.466747284
0.999331057 -0.010458318 0.035045590 2.510873795 0.010868459 0.999874353 -0.011533065 -4.262829781 -0.034920570 0.011906241 0.999319136 38.719711304
0.999297559 -0.010435988 0.035992388 2.607325315 0.010817456 0.999887168 -0.010420232 -4.404187202 -0.035879582 0.010802259 0.999297738 39.995811462
0.999214470 -0.012217494 0.037696023 2.713127851 0.012556354 0.999882698 -0.008765648 -4.547481060 -0.037584502 0.009232087 0.999250829 41.245040894
0.999103189 -0.013221771 0.040224396 2.811384201 0.013637083 0.999856293 -0.010068026 -4.688656330 -0.040085502 0.010607541 0.999139965 42.511680603
0.998979688 -0.014532447 0.042758372 2.903442144 0.015112584 0.999797642 -0.013275998 -4.836798191 -0.042556781 0.013908641 0.998997271 43.764606476
0.998893976 -0.015438993 0.044411764 3.021360159 0.016093217 0.999766648 -0.014411292 -4.978122234 -0.044178903 0.015110083 0.998909354 45.021602631
0.998766005 -0.015662974 0.047127988 3.141755342 0.016304366 0.999779284 -0.013256039 -5.112064362 -0.046909962 0.014008075 0.998800814 46.256778717
0.998578489 -0.016987771 0.050520282 3.257536173 0.017498754 0.999799907 -0.009689373 -5.270408154 -0.050345570 0.010559644 0.998676181 47.518207550
0.998311520 -0.020061718 0.054511491 3.373800278 0.020514768 0.999759495 -0.007764239 -5.408908844 -0.054342613 0.008869422 0.998483002 48.748344421
0.998083889 -0.021869890 0.057881344 3.510445118 0.022381617 0.999715745 -0.008207384 -5.548657894 -0.057685394 0.009487133 0.998289645 50.000408173
0.997816682 -0.025220921 0.061038654 3.655547619 0.025997441 0.999590456 -0.011961089 -5.684326172 -0.060711984 0.013521824 0.998063624 51.227348328
0.997532248 -0.026662877 0.064949192 3.787307739 0.027493475 0.999550819 -0.011928229 -5.822523117 -0.064601965 0.013684470 0.997817278 52.454086304
0.997173131 -0.029094299 0.069276303 3.911832809 0.029818173 0.999510825 -0.009437848 -5.961544037 -0.068967827 0.011476861 0.997552752 53.672824860
0.996901631 -0.031944968 0.071879096 4.070849419 0.032460332 0.999454916 -0.006012904 -6.096356392 -0.071647838 0.008327493 0.997395217 54.878520966
0.996671021 -0.034537524 0.073850267 4.220180035 0.034962904 0.999378502 -0.004474656 -6.225051880 -0.073649831 0.007041780 0.997259200 56.098407745
0.996452272 -0.037603021 0.075291626 4.363776684 0.037827536 0.999283075 -0.001557628 -6.347929001 -0.075179093 0.004400198 0.997160316 57.320762634
0.996306181 -0.040756684 0.075583003 4.518092632 0.040879637 0.999164104 -0.000079638 -6.474073410 -0.075516574 0.003169150 0.997139513 58.520935059
0.996258497 -0.042505652 0.075248159 4.664384365 0.042858653 0.999076366 -0.003081832 -6.605019093 -0.075047649 0.006295335 0.997160077 59.729244232
0.996272802 -0.043706205 0.074365921 4.813106537 0.044374391 0.998987854 -0.007355947 -6.733955383 -0.073969156 0.010628472 0.997203887 60.918663025
0.996285141 -0.044988699 0.073430128 4.944954872 0.045942675 0.998879552 -0.011353826 -6.860255718 -0.072837070 0.014685228 0.997235715 62.118412018
0.996334076 -0.046442252 0.071845971 5.088269711 0.047552902 0.998772979 -0.013825379 -6.992089748 -0.071115725 0.017191177 0.997319937 63.307525635
0.996460259 -0.046939638 0.069738843 5.226202011 0.048026480 0.998748064 -0.013989401 -7.126728535 -0.068994872 0.017289195 0.997467101 64.498306274
0.996684194 -0.046305377 0.066906564 5.360118866 0.047301222 0.998791099 -0.013376650 -7.262126923 -0.066206269 0.016497059 0.997669518 65.677108765
0.996915400 -0.045532249 0.063925959 5.473542213 0.046354834 0.998859406 -0.011443294 -7.402655125 -0.063332021 0.014371273 0.997888982 66.873100281
0.997296333 -0.041706149 0.060503926 5.589771271 0.042267896 0.999073923 -0.008033889 -7.531292915 -0.060112827 0.010569541 0.998135626 68.047492981
0.997521281 -0.040025834 0.057874322 5.696857452 0.040393751 0.999170423 -0.005200787 -7.661249161 -0.057618145 0.007525656 0.998310268 69.212356567
0.997800291 -0.038869426 0.053700987 5.825690269 0.039385006 0.999187291 -0.008575876 -7.799510479 -0.053324010 0.010672026 0.998520195 70.418350220
0.997972786 -0.039220881 0.050120547 5.934150696 0.040020850 0.999085367 -0.015057938 -7.931244850 -0.049484111 0.017033279 0.998629689 71.577651978
0.998026550 -0.042812947 0.045935705 6.042458534 0.043693706 0.998876572 -0.018343698 -8.066345215 -0.045098744 0.020314598 0.998776019 72.750411987
0.998047471 -0.046247963 0.041980673 6.159764290 0.046861239 0.998806834 -0.013743419 -8.202904701 -0.041294992 0.015683850 0.999023914 73.935417175
0.998027086 -0.050090492 0.037853491 6.261478424 0.050453681 0.998688459 -0.008700607 -8.330772400 -0.037368029 0.010593293 0.999245405 75.093475342
0.998094499 -0.052188691 0.032920443 6.358326912 0.052411500 0.998607874 -0.005941096 -8.460652351 -0.032564554 0.007655185 0.999440312 76.281066895
0.998264849 -0.051433530 0.028667495 6.447209358 0.051555227 0.998663962 -0.003521848 -8.584972382 -0.028448053 0.004993696 0.999582767 77.442474365
0.998385251 -0.051178601 0.024646420 6.543280602 0.051296577 0.998674750 -0.004178280 -8.692141533 -0.024399923 0.005435810 0.999687493 78.601669312
0.998537540 -0.049788594 0.021074256 6.618001938 0.049910914 0.998739541 -0.005318269 -8.833599091 -0.020782905 0.006362326 0.999763787 79.768997192
0.998713911 -0.047425773 0.017928535 6.689205170 0.047616191 0.998812139 -0.010347538 -8.962475777 -0.017416500 0.011187918 0.999785781 80.914474487
0.998601258 -0.051019870 0.013877163 6.772037983 0.051231246 0.998569191 -0.015328736 -9.099620819 -0.013075237 0.016018240 0.999786198 82.081871033
0.998454094 -0.054478806 0.011021432 6.827506065 0.054655168 0.998370767 -0.016388355 -9.230161667 -0.010110660 0.016965397 0.999804914 83.230651855
0.998475313 -0.054704912 0.007371275 6.889029026 0.054797225 0.998413324 -0.012964951 -9.359502792 -0.006650332 0.013349107 0.999888718 84.369277954
0.998473048 -0.055039316 0.004699063 6.952542305 0.055085830 0.998427272 -0.010423673 -9.490350723 -0.004117958 0.010666608 0.999934614 85.501380920
0.998601973 -0.052757170 0.003284881 6.996522427 0.052793413 0.998531580 -0.012148831 -9.619688988 -0.002639120 0.012305268 0.999920785 86.646514893
0.998789310 -0.049119480 0.002685533 7.046320438 0.049155153 0.998672366 -0.015407266 -9.746769905 -0.001925170 0.015520620 0.999877691 87.766204834
0.998885751 -0.047181457 0.001064145 7.106611729 0.047192995 0.998722136 -0.018082907 -9.874824524 -0.000209608 0.018112976 0.999835908 88.865020752
0.998801053 -0.048941936 0.001084339 7.141416550 0.048953656 0.998626351 -0.018679572 -10.014539719 -0.000168635 0.018710257 0.999824941 90.009330750
0.998737693 -0.050227541 -0.000540848 7.191802979 0.050212476 0.998610318 -0.016002314 -10.145408630 0.001343853 0.015954956 0.999871790 91.123138428
0.998692095 -0.051111162 -0.001363233 7.237188339 0.051088944 0.998607874 -0.013121268 -10.278092384 0.002031978 0.013034457 0.999912977 92.238792419
0.998679280 -0.051326375 -0.002287705 7.301032543 0.051292218 0.998598099 -0.013085266 -10.395568848 0.002956118 0.012950646 0.999911726 93.365005493
0.998650312 -0.051891156 -0.002237218 7.342592716 0.051850624 0.998535693 -0.015431848 -10.522164345 0.003034719 0.015295020 0.999878407 94.473358154
0.998629630 -0.052234653 -0.003247799 7.404239655 0.052163139 0.998454452 -0.019174375 -10.653206825 0.004244346 0.018978685 0.999810874 95.586914062
0.998622715 -0.052391373 -0.002798290 7.441387177 0.052324641 0.998426914 -0.020145742 -10.791776657 0.003849350 0.019971576 0.999793112 96.691055298
0.998580217 -0.053180207 -0.003057807 7.494333267 0.053115197 0.998418570 -0.018417010 -10.924907684 0.004032391 0.018228443 0.999825656 97.776374817
0.998646677 -0.051967669 -0.002034743 7.532084942 0.051935926 0.998560667 -0.013387177 -11.047567368 0.002727514 0.013263385 0.999908268 98.862869263
0.998734117 -0.050292905 -0.000769041 7.577836990 0.050282881 0.998686194 -0.009874010 -11.168864250 0.001264623 0.009822843 0.999950945 99.928886414
0.998843729 -0.048060641 0.001111518 7.622684002 0.048069376 0.998793960 -0.010000410 -11.288789749 -0.000629551 0.010042279 0.999949336 101.000877380
0.998922408 -0.046288680 0.003400932 7.665801048 0.046325482 0.998858094 -0.011683624 -11.411411285 -0.002856229 0.011828583 0.999925971 102.034629822
0.998895049 -0.046647020 0.005706431 7.722494125 0.046721797 0.998813152 -0.013758916 -11.536535263 -0.005057847 0.014010331 0.999889076 103.053901672
0.998813272 -0.048125595 0.007480824 7.771214008 0.048233744 0.998723090 -0.015018737 -11.648489952 -0.006748488 0.015361741 0.999859214 104.073158264
0.998707175 -0.049958270 0.009396287 7.828392982 0.050089937 0.998641729 -0.014341860 -11.762732506 -0.008667030 0.014793978 0.999853015 105.055480957
0.998674273 -0.050254211 0.011149918 7.883478165 0.050395094 0.998648047 -0.012735083 -11.884195328 -0.010494854 0.013280098 0.999856770 106.031295776
0.998624742 -0.051051751 0.011927507 7.955973625 0.051184475 0.998627543 -0.011100184 -11.996903419 -0.011344453 0.011695423 0.999867201 106.981437683
0.998564899 -0.051740400 0.013823967 8.010107040 0.051902764 0.998584092 -0.011656150 -12.103984833 -0.013201301 0.012356924 0.999836504 107.899375916
0.998556197 -0.051459476 0.015410026 8.070451736 0.051614936 0.998618305 -0.009866329 -12.205057144 -0.014881019 0.010647473 0.999832511 108.811462402
0.998582423 -0.050297957 0.017414182 8.122770309 0.050441571 0.998695612 -0.007907528 -12.302536964 -0.016993737 0.008774718 0.999817073 109.681205750
0.998547554 -0.050575897 0.018578352 8.182166100 0.050670486 0.998704493 -0.004655816 -12.405365944 -0.018318811 0.005590427 0.999816597 110.540832520
0.998508275 -0.050766196 0.020100268 8.239888191 0.050864786 0.998695672 -0.004423813 -12.499094009 -0.019849470 0.005439609 0.999788225 111.369003296
0.998524249 -0.050097786 0.020964628 8.293551445 0.050184403 0.998733401 -0.003625736 -12.590836525 -0.020756437 0.004672483 0.999773622 112.180427551
0.998631835 -0.047701962 0.021423582 8.343481064 0.047787525 0.998851359 -0.003498938 -12.670448303 -0.021232070 0.004517931 0.999764323 112.960441589
0.998763084 -0.045119610 0.020891853 8.385517120 0.045136184 0.998980880 -0.000322444 -12.751648903 -0.020856014 0.001265025 0.999781668 113.719726562
0.998824298 -0.045146991 0.017653316 8.432418823 0.045141593 0.998980343 0.000704252 -12.833291054 -0.017667113 0.000093475 0.999843895 114.468772888
0.998914719 -0.045199461 0.011239395 8.466044426 0.045193508 0.998977900 0.000783469 -12.907764435 -0.011263322 -0.000274672 0.999936521 115.167709351
0.999052048 -0.043524958 0.000763552 8.490868568 0.043525260 0.999052227 -0.000384187 -12.983707428 -0.000746105 0.000417057 0.999999583 115.841102600
0.999077678 -0.040838324 -0.013266977 8.488826752 0.040797189 0.999161780 -0.003356821 -13.052053452 0.013392944 0.002812470 0.999906361 116.487159729
0.998710573 -0.039434027 -0.031969976 8.483677864 0.039270859 0.999212265 -0.005715797 -13.123734474 0.032170191 0.004452939 0.999472499 117.108497620
0.997793674 -0.037871607 -0.054530017 8.450009346 0.037496358 0.999265671 -0.007888714 -13.195031166 0.054788731 0.005826631 0.998481035 117.696578979
0.995948970 -0.036290690 -0.082272701 8.405689240 0.035596676 0.999317288 -0.009887192 -13.261213303 0.082575358 0.006918503 0.996560812 118.263313293
0.992846727 -0.034288678 -0.114366323 8.332629204 0.033156704 0.999380648 -0.011785973 -13.329394341 0.114699617 0.007909653 0.993368804 118.808883667
0.988370061 -0.029570483 -0.149165332 8.215295792 0.027937803 0.999524772 -0.013029438 -13.397652626 0.149479747 0.008710554 0.988726437 119.345375061
0.981970787 -0.023487566 -0.187567770 8.090612411 0.021482827 0.999688387 -0.012714019 -13.458288193 0.187807932 0.008455309 0.982169449 119.876457214
0.973168194 -0.018351046 -0.229361936 7.956115723 0.016288621 0.999808133 -0.010882160 -13.511950493 0.229517609 0.006854180 0.973280311 120.378906250
0.961583257 -0.013496852 -0.274181634 7.789201736 0.011374774 0.999891758 -0.009328118 -13.571673393 0.274277866 0.005851006 0.961632609 120.863006592
0.947007954 -0.007621740 -0.321119547 7.595260620 0.004684481 0.999939799 -0.009918545 -13.628090858 0.321175814 0.007888664 0.946986675 121.338310242
0.929490745 0.000313066 -0.368845165 7.360569000 -0.004577725 0.999932408 -0.010687159 -13.681931496 0.368816853 0.011622088 0.929429412 121.805343628
0.908234656 0.004576689 -0.418436170 7.108016968 -0.010372667 0.999879122 -0.011578059 -13.734652519 0.418332636 0.014855892 0.908172369 122.233757019
0.883159876 0.009980621 -0.468965918 6.822074890 -0.016580777 0.999813080 -0.009946822 -13.796467781 0.468778998 0.016560456 0.883160174 122.657638550
0.853871584 0.012906539 -0.520323575 6.537132263 -0.020971658 0.999733925 -0.009617094 -13.842603683 0.520060897 0.019123811 0.853915095 123.052612305
0.822154284 0.022716379 -0.568811417 6.206176758 -0.031985365 0.999468446 -0.006315978 -13.889472008 0.568365514 0.023386344 0.822443843 123.423377991
0.788155854 0.035685826 -0.614440262 5.852005005 -0.045128759 0.998981178 0.000131792 -13.932243347 0.613819003 0.027625054 0.788963318 123.776977539
0.752189636 0.044310812 -0.657455266 5.499069214 -0.056338549 0.998407722 0.002833633 -13.969648361 0.656533897 0.034908649 0.753488302 124.080680847
0.711851478 0.048489217 -0.700654149 5.139633179 -0.063928723 0.997945964 0.004113096 -14.022403717 0.699414432 0.041864011 0.713489234 124.379989624
0.669135571 0.050059941 -0.741452336 4.761264801 -0.066348948 0.997768283 0.007487721 -14.068340302 0.740172565 0.044184282 0.670963764 124.663085938
0.624917507 0.053573437 -0.778850377 4.356288910 -0.070049703 0.997466266 0.012405997 -14.097551346 0.777541697 0.046805512 0.627087057 124.929061890
0.579816341 0.062447309 -0.812350452 3.920963287 -0.081193686 0.996523678 0.018653020 -14.135650635 0.810691416 0.055142418 0.582871139 125.159637451
0.534427524 0.071147002 -0.842214525 3.468929291 -0.092887692 0.995359063 0.025142148 -14.159121513 0.840094686 0.064794704 0.538555920 125.368682861
0.487502456 0.076302357 -0.869781256 3.020523071 -0.098820470 0.994594991 0.031864025 -14.183097839 0.867511272 0.070418380 0.492407680 125.558670044
0.440386683 0.077616014 -0.894446969 2.555084229 -0.098107561 0.994450450 0.037989981 -14.209074974 0.892431796 0.071021728 0.445557415 125.734504700
0.392366648 0.079682857 -0.916350961 2.080272675 -0.095611162 0.994377077 0.045528598 -14.235921860 0.914826214 0.069749482 0.397778928 125.914924622
0.347244173 0.082253233 -0.934160471 1.587398529 -0.097406037 0.993921340 0.051307626 -14.254437447 0.932702303 0.073176585 0.353145331 126.047683716
0.303665131 0.085558131 -0.948929489 1.087284088 -0.103070326 0.993064940 0.056554172 -14.273670197 0.947187424 0.080632947 0.310377717 126.160568237
0.262007952 0.087030932 -0.961133361 0.566715240 -0.107615218 0.992348790 0.060521245 -14.290985107 0.959046841 0.087575525 0.269369125 126.261802673
0.222415760 0.083032116 -0.971409678 0.038570404 -0.107664250 0.992364764 0.060172234 -14.304005623 0.968988895 0.091202863 0.229657158 126.362373352
0.187635601 0.078524254 -0.979094923 -0.491741180 -0.102991201 0.992877483 0.059892204 -14.330035210 0.976824284 0.089600250 0.194386438 126.446662903
0.157277197 0.073394671 -0.984823465 -1.039968491 -0.100171492 0.993276596 0.058027182 -14.350243568 0.982460916 0.089524865 0.163571820 126.522911072
0.130591854 0.071909577 -0.988825023 -1.607410431 -0.101215079 0.993122101 0.058854841 -14.370265961 0.986256182 0.092398040 0.136972010 126.591514587
0.108610153 0.070836224 -0.991557419 -2.196640015 -0.101767741 0.993009627 0.059792846 -14.382150650 0.988861561 0.094414443 0.115059778 126.646751404
0.090568408 0.072334059 -0.993259907 -2.792341232 -0.104021244 0.992590487 0.062800340 -14.396685600 0.990442753 0.097632401 0.097421631 126.694969177
0.074037939 0.070663229 -0.994748890 -3.398002625 -0.104876652 0.992506802 0.062698141 -14.421566963 0.991725385 0.099683866 0.080894090 126.747619629
0.059809789 0.069570504 -0.995782495 -4.017545700 -0.103742003 0.992599547 0.063117065 -14.450338364 0.992804348 0.099529430 0.066584557 126.798400879
0.047610357 0.067193024 -0.996603429 -4.657411098 -0.099535666 0.993088067 0.062200919 -14.472729683 0.993894398 0.096236147 0.053969376 126.838470459
0.035642155 0.064614907 -0.997273624 -5.304020882 -0.097444914 0.993377149 0.060879819 -14.490180969 0.994602621 0.095009327 0.041702509 126.871246338
0.025185097 0.063542120 -0.997661293 -5.978563786 -0.096458144 0.993475795 0.060840543 -14.508184433 0.995018363 0.094700277 0.031149942 126.902755737
0.015525855 0.065090418 -0.997758508 -6.649984360 -0.099816322 0.992995083 0.063226447 -14.530321121 0.994884670 0.098610938 0.021914186 126.921340942
0.007299975 0.064787567 -0.997872353 -7.327778339 -0.102557383 0.992685378 0.063700527 -14.555427551 0.994700313 0.101874158 0.013891021 126.934173584
0.000389623 0.064298190 -0.997930646 -8.015351295 -0.104567230 0.992462516 0.063905045 -14.576411247 0.994517684 0.104325958 0.007110171 126.953964233
-0.004702182 0.065059558 -0.997870266 -8.712015152 -0.105288818 0.992302477 0.065192685 -14.593106270 0.994430602 0.105371125 0.002184058 126.966804504
-0.008336305 0.067692786 -0.997671306 -9.432884216 -0.107442901 0.991869509 0.068196885 -14.614379883 0.994176328 0.107761212 -0.000995419 126.988044739
-0.008920261 0.071596444 -0.997393727 -10.171472549 -0.109926611 0.991318107 0.072143428 -14.638140678 0.993899703 0.110283650 -0.000972463 126.984321594
-0.010096341 0.074741066 -0.997151852 -10.883330345 -0.112523966 0.990783811 0.075403079 -14.652306557 0.993597746 0.112964764 -0.001593130 126.997039795
-0.010611396 0.080285504 -0.996715486 -11.624245644 -0.117370136 0.989781260 0.080976531 -14.658939362 0.993031561 0.117843889 -0.001079841 127.000732422
-0.011909239 0.084115773 -0.996384859 -12.365503311 -0.120423809 0.989082098 0.084938638 -14.672393799 0.992651224 0.121000007 -0.001649674 127.009284973
-0.013275193 0.085061759 -0.996287227 -13.120100021 -0.120310269 0.989000499 0.086042717 -14.693346024 0.992647588 0.121005803 -0.002895370 127.021896362
-0.014795251 0.081165634 -0.996590734 -13.884252548 -0.118254647 0.989562809 0.082348838 -14.704759598 0.992873013 0.119069874 -0.005042615 127.044723511
-0.016598536 0.077937432 -0.996819973 -14.635129929 -0.122069068 0.989341736 0.079385363 -14.712379456 0.992382765 0.122998595 -0.006907873 127.055793762
-0.017441578 0.079493903 -0.996682703 -15.410665512 -0.126963541 0.988588870 0.081070155 -14.720541000 0.991753995 0.127956405 -0.007149723 127.049179077
-0.019016849 0.082483694 -0.996410966 -16.184473038 -0.124074958 0.988692820 0.084212773 -14.733030319 0.992090523 0.125231102 -0.008567668 127.065628052
-0.021397082 0.082494169 -0.996361852 -16.958513260 -0.122827202 0.988823473 0.084507778 -14.748450279 0.992197335 0.124188550 -0.011025411 127.080612183
-0.021880418 0.081916511 -0.996398926 -17.746156693 -0.126171634 0.988442838 0.084033087 -14.758974075 0.991767049 0.127555981 -0.011292001 127.074943542
-0.023092952 0.081606962 -0.996397138 -18.543823242 -0.130611792 0.987874150 0.083936051 -14.773724556 0.991164565 0.132079542 -0.012154100 127.084373474
-0.024467876 0.085871682 -0.996005774 -19.340705872 -0.132459119 0.987241209 0.088370062 -14.779283524 0.990886450 0.134092242 -0.012781212 127.091491699
-0.025203774 0.090880975 -0.995542824 -20.144075394 -0.131700352 0.986877382 0.093424149 -14.793101311 0.990969062 0.133467972 -0.012903975 127.103668213
-0.023940342 0.093045317 -0.995374024 -20.963518143 -0.132154167 0.986627042 0.095406204 -14.800001144 0.990940034 0.133826911 -0.011323861 127.109992981
-0.021936793 0.092094012 -0.995508611 -21.782011032 -0.131598130 0.986818194 0.094189920 -14.808025360 0.991060317 0.133073300 -0.009528225 127.116783142
-0.020753032 0.091927759 -0.995549381 -22.612480164 -0.131537244 0.986857057 0.093867116 -14.810736656 0.991093993 0.132899836 -0.008388353 127.124389648
-0.020982992 0.091120988 -0.995618701 -23.444625854 -0.130051717 0.987128019 0.093084775 -14.817299843 0.991285145 0.131435126 -0.008862457 127.147781372
-0.019987296 0.093185253 -0.995448172 -24.282079697 -0.130994365 0.986820161 0.095007785 -14.823780060 0.991181552 0.132297039 -0.007517123 127.162399292
-0.019356694 0.095406435 -0.995250225 -25.118839264 -0.132723272 0.986381710 0.097137630 -14.825789452 0.990964115 0.133973137 -0.006430433 127.174316406
-0.019596972 0.097643122 -0.995028496 -25.987792969 -0.135627136 0.985760629 0.099404819 -14.826017380 0.990566075 0.136900887 -0.006074864 127.187355042
-0.017922308 0.098688833 -0.994956911 -26.851642609 -0.137827203 0.985372782 0.100220889 -14.822103500 0.990294218 0.138928324 -0.004058147 127.195793152
-0.016361047 0.101837218 -0.994666517 -27.719444275 -0.144514263 0.984113395 0.103133827 -14.821971893 0.989367366 0.145430878 -0.001384192 127.209838867
-0.013773284 0.105538905 -0.994319797 -28.601329803 -0.149235487 0.983059168 0.106410906 -14.814580917 0.988705754 0.149853408 0.002210195 127.217910767
-0.011662656 0.107464492 -0.994140446 -29.476274490 -0.151881561 0.982482076 0.107986018 -14.809217453 0.988329947 0.152251035 0.004863524 127.245101929
-0.007789630 0.108218931 -0.994096577 -30.370016098 -0.150531486 0.982671261 0.108154707 -14.808805466 0.988574505 0.150485292 0.008635708 127.265495300
-0.005128678 0.108164147 -0.994119763 -31.261857986 -0.153276756 0.982300162 0.107668884 -14.802323341 0.988169968 0.152927667 0.011541151 127.291076660
-0.002703993 0.111978896 -0.993706882 -32.163909912 -0.153626502 0.981867552 0.111062787 -14.793610573 0.988125205 0.152960047 0.014547962 127.319862366
-0.000449573 0.113987826 -0.993481994 -33.082649231 -0.152647942 0.981831193 0.112720154 -14.790571213 0.988280654 0.151703641 0.016958598 127.359939575
0.001309611 0.115203768 -0.993341029 -33.975696564 -0.153292477 0.981624424 0.113642849 -14.786099434 0.988179982 0.152122885 0.018945420 127.398139954
0.003647379 0.113470212 -0.993534744 -34.876926422 -0.154655308 0.981651366 0.111545265 -14.779954910 0.987961709 0.153248549 0.021129226 127.428764343
0.004190272 0.114718512 -0.993389189 -35.791275024 -0.159176350 0.980808556 0.112594247 -14.769525528 0.987241268 0.157652229 0.022370327 127.464996338
0.005206009 0.115400575 -0.993305385 -36.685386658 -0.159899220 0.980633855 0.113090374 -14.764515877 0.987119615 0.158239976 0.023557648 127.499954224
0.005540618 0.111859486 -0.993708551 -37.581954956 -0.160225227 0.980984330 0.109533794 -14.761688232 0.987064838 0.158610284 0.023357973 127.532287598
0.006459530 0.107756935 -0.994156301 -38.490356445 -0.161492735 0.981239200 0.105307549 -14.761871338 0.986852765 0.159868792 0.023740306 127.573379517
0.006940074 0.106915362 -0.994243920 -39.388656616 -0.161085412 0.981402040 0.104410008 -14.755231857 0.986916006 0.159433618 0.024033507 127.612030029
0.006840422 0.111093789 -0.993786454 -40.293109894 -0.163650885 0.980535090 0.108486027 -14.750154495 0.986494660 0.161891907 0.024887873 127.647933960
0.006996371 0.117197506 -0.993083954 -41.226913452 -0.164257944 0.979753315 0.114467092 -14.736877441 0.986392617 0.162321106 0.026105342 127.687576294
0.007163820 0.115939885 -0.993230402 -42.121555328 -0.162010878 0.980267763 0.113258220 -14.736865044 0.986763000 0.160102755 0.025805984 127.730560303
0.008136943 0.105577379 -0.994377732 -43.012420654 -0.161119074 0.981556237 0.102897629 -14.742892265 0.986901402 0.159375951 0.024997395 127.769790649
0.008385709 0.095073543 -0.995434940 -43.935317993 -0.163049743 0.982277393 0.092443332 -14.745589256 0.986582160 0.161530241 0.023738813 127.808937073
0.007378654 0.091957554 -0.995735586 -44.838233948 -0.159962326 0.983048260 0.089600496 -14.752691269 0.987095594 0.158619076 0.021963313 127.851234436
0.007163209 0.102161668 -0.994741976 -45.759609222 -0.152602896 0.983227491 0.099880204 -14.755333900 0.988261640 0.151085019 0.022633230 127.897766113
0.007074621 0.115276024 -0.993308306 -46.709384918 -0.147531629 0.982583225 0.112980604 -14.752902031 0.989032030 0.145745069 0.023958266 127.957420349
0.007315154 0.124415480 -0.992203295 -47.631958008 -0.147687167 0.981482983 0.121982381 -14.743594170 0.989007056 0.145643368 0.025554271 127.999252319
0.007168144 0.118572570 -0.992919505 -48.547164917 -0.147740975 0.982173622 0.116222732 -14.739033699 0.989000082 0.145861760 0.024558391 128.037307739
0.007331639 0.105182491 -0.994426012 -49.476394653 -0.148008227 0.983613431 0.102947623 -14.737718582 0.988958955 0.146428436 0.022779375 128.072006226
0.007919604 0.096371599 -0.995313942 -50.392932892 -0.148468852 0.984426439 0.094136067 -14.737239838 0.988885403 0.147027597 0.022104450 128.113632202
0.008415952 0.096480615 -0.995299339 -51.327861786 -0.147331998 0.984591424 0.094196834 -14.744047165 0.989051223 0.145846665 0.022500956 128.153854370
0.007609004 0.098023944 -0.995154977 -52.260135651 -0.150355652 0.983981967 0.095773764 -14.759998322 0.988602698 0.148898423 0.022225579 128.190612793
0.008316942 0.097244158 -0.995225787 -53.217620850 -0.155446008 0.983287096 0.094778590 -14.762260437 0.987809479 0.153915599 0.023294160 128.226272583
0.008784442 0.096617728 -0.995282769 -54.149944305 -0.157139152 0.983088136 0.094047040 -14.761686325 0.987537384 0.155571744 0.023818310 128.266006470
0.009662736 0.103816308 -0.994549572 -55.097969055 -0.166312397 0.980909884 0.100776710 -14.756697655 0.986025810 0.164432138 0.026744215 128.297271729
0.011289721 0.113431320 -0.993481696 -56.049255371 -0.172059745 0.978946269 0.109816484 -14.751615524 0.985021830 0.169698417 0.030568998 128.329620361
0.012489833 0.121397994 -0.992525339 -57.021205902 -0.172291920 0.978018165 0.117455505 -14.743936539 0.984966755 0.169537082 0.033131178 128.383056641
0.013465527 0.122229859 -0.992410421 -57.963161469 -0.173618361 0.977710485 0.118063584 -14.735071182 0.984720945 0.170710877 0.034386732 128.425552368
0.014593294 0.112433001 -0.993552268 -58.903141022 -0.175203234 0.978572547 0.108164489 -14.730026245 0.984424114 0.172495037 0.033979226 128.476776123
0.015909947 0.107879221 -0.994036674 -59.847366333 -0.173673376 0.979348838 0.103505485 -14.730867386 0.984674811 0.170990959 0.034317136 128.523757935
0.017479300 0.106145203 -0.994197011 -60.791633606 -0.171806246 0.979878128 0.101595849 -14.736280441 0.984975576 0.169033438 0.035363995 128.588668823
0.021200346 0.111902013 -0.993493021 -61.786575317 -0.174069330 0.978951931 0.106549665 -14.727153778 0.984505177 0.170677751 0.040232833 128.638320923
0.024775513 0.114177264 -0.993151367 -62.747829437 -0.176895246 0.978280306 0.108054705 -14.728051186 0.983917832 0.173006639 0.044434804 128.690017700
0.029188540 0.108975433 -0.993615806 -63.698078156 -0.176329002 0.979012012 0.102193877 -14.728197098 0.983898461 0.172220424 0.047791459 128.745391846
0.031630166 0.103333279 -0.994143665 -64.652305603 -0.176187545 0.979642570 0.096220322 -14.735827446 0.983848333 0.172112286 0.049192287 128.814941406
0.035038821 0.103208594 -0.994042337 -65.621971130 -0.173567653 0.980166018 0.095649786 -14.737202644 0.984198511 0.169182152 0.052257534 128.881454468
0.037690591 0.107758284 -0.993462443 -66.596740723 -0.171172023 0.980171204 0.099822603 -14.754168510 0.984519958 0.166290596 0.055388443 128.963958740
0.040995006 0.114577375 -0.992568135 -67.553947449 -0.170447245 0.979643881 0.106045648 -14.755872726 0.984513581 0.164833173 0.059689902 129.041976929
0.043667838 0.118300736 -0.992017090 -68.522369385 -0.168315798 0.979641736 0.109415792 -14.757821083 0.984765410 0.162194222 0.062690720 129.121887207
0.046031483 0.120123878 -0.991691232 -69.504348755 -0.167977020 0.979538202 0.110854752 -14.757585526 0.984715581 0.161478519 0.065267630 129.195953369
0.048220303 0.117315032 -0.991923511 -70.449897766 -0.166397259 0.980144858 0.107832931 -14.755402565 0.984879076 0.159853607 0.066783793 129.270141602
0.048821647 0.115733862 -0.992079675 -71.396301270 -0.164358526 0.980654836 0.106312744 -14.757199287 0.985191643 0.157866403 0.066899016 129.356185913
0.049031008 0.112468429 -0.992444813 -72.342903137 -0.161212370 0.981502473 0.103263795 -14.767135620 0.985701084 0.154931277 0.066255361 129.445388794
0.049137231 0.112009779 -0.992491424 -73.329238892 -0.159962729 0.981747389 0.102877654 -14.759092331 0.985899270 0.153706551 0.066157743 129.521575928
0.048946574 0.116794914 -0.991949141 -74.284118652 -0.156643912 0.981747329 0.107864350 -14.761162758 0.986441612 0.150103182 0.066348381 129.603561401
0.048398867 0.118715167 -0.991747975 -75.246627808 -0.150631472 0.982423186 0.110247917 -14.765635490 0.987404525 0.144052595 0.065430410 129.697738647
0.047767583 0.113813028 -0.992353201 -76.207450867 -0.147766948 0.983361006 0.105668873 -14.749296188 0.987868071 0.141589478 0.063790590 129.774765015
0.046002813 0.110374220 -0.992824912 -77.157897949 -0.150109202 0.983355641 0.102366149 -14.754668236 0.987598598 0.144323006 0.061805312 129.857360840
0.044794966 0.107685208 -0.993175387 -78.107131958 -0.146564946 0.984124005 0.100093327 -14.757172585 0.988186300 0.141081020 0.059866671 129.936935425
0.043280963 0.108590662 -0.993143976 -79.070083618 -0.146636844 0.984000027 0.101200484 -14.760841370 0.988243163 0.141251415 0.058511857 130.006134033
0.042715270 0.109618738 -0.993055582 -80.032333374 -0.148179442 0.983664691 0.102208361 -14.760820389 0.988037586 0.142784536 0.058260757 130.075546265
0.041420508 0.109815218 -0.993088603 -80.987068176 -0.149762496 0.983394921 0.102496892 -14.761589050 0.987854004 0.144481972 0.057178926 130.144927979
0.040046915 0.110909238 -0.993023396 -81.936416626 -0.149497554 0.983299196 0.103794195 -14.764819145 0.987950802 0.144297943 0.055958759 130.210632324
0.037808686 0.111212835 -0.993077099 -82.901405334 -0.149548620 0.983225524 0.104415916 -14.766996384 0.988031328 0.144565493 0.053806186 130.281188965
0.036342397 0.113437913 -0.992880166 -83.857063293 -0.150026873 0.982895970 0.106805764 -14.757618904 0.988013744 0.145077139 0.052739523 130.343795776
0.034897599 0.117314219 -0.992481470 -84.811264038 -0.151419267 0.982242405 0.110779718 -14.750057220 0.987853408 0.146414861 0.052041531 130.399551392
0.033093780 0.122440897 -0.991923928 -85.761589050 -0.152684301 0.981437385 0.116052411 -14.740386963 0.987720788 0.147610605 0.051174279 130.458938599
0.030601790 0.121866345 -0.992074788 -86.714286804 -0.152301684 0.981518149 0.115871675 -14.734914780 0.987860322 0.147548735 0.048596665 130.523315430
0.029472638 0.116513662 -0.992751718 -87.659278870 -0.152380183 0.982098401 0.110739499 -14.728936195 0.987882495 0.148011923 0.046699397 130.582153320
0.026934780 0.111945815 -0.993349314 -88.605903625 -0.156493932 0.981929421 0.106415518 -14.717455864 0.987311542 0.152586862 0.043966901 130.641494751
0.025888119 0.109823681 -0.993613839 -89.550163269 -0.154447287 0.982451975 0.104565918 -14.714112282 0.987661898 0.150753930 0.042395808 130.702407837
0.025294848 0.111132316 -0.993483663 -90.517280579 -0.149890497 0.982988775 0.106141992 -14.715543747 0.988379002 0.146228969 0.041522231 130.753372192
0.024584221 0.112432852 -0.993355155 -91.466636658 -0.146946862 0.983268619 0.107654482 -14.713316917 0.988838851 0.143323809 0.040694546 130.812194824
0.023635559 0.112574428 -0.993362069 -92.413581848 -0.141263545 0.984045982 0.108157523 -14.717644691 0.989689827 0.137769476 0.039161131 130.875122070
0.022420973 0.109842524 -0.993696034 -93.356018066 -0.137409538 0.984851539 0.105764464 -14.720242500 0.990260541 0.134171993 0.037174743 130.935745239
0.021858292 0.106675237 -0.994053543 -94.299537659 -0.132155761 0.985874355 0.102891520 -14.722843170 0.990988016 0.129120886 0.035647277 130.994567871
0.019724296 0.109186411 -0.993825555 -95.285690308 -0.130541176 0.985790968 0.105712876 -14.724722862 0.991246641 0.127650067 0.033697356 131.049560547
0.018358564 0.111471556 -0.993597984 -96.234336853 -0.129918143 0.985606253 0.108174488 -14.721175194 0.991354764 0.127100453 0.032576498 131.103897095
0.017134275 0.109229304 -0.993868887 -97.192939758 -0.125798985 0.986351311 0.106234320 -14.715783119 0.991907775 0.123207435 0.030641349 131.150329590
0.015055617 0.106335573 -0.994216323 -98.143089294 -0.122826569 0.986995161 0.103703246 -14.715588570 0.992313921 0.120554857 0.027920650 131.196716309
0.011505573 0.103323147 -0.994581282 -99.112266541 -0.121596172 0.987410069 0.101171516 -14.707578659 0.992512941 0.119773246 0.023924416 131.248306274
0.008855340 0.102542549 -0.994689226 -100.067138672 -0.116059788 0.988110900 0.100831158 -14.717635155 0.993202746 0.114550523 0.020651126 131.294052124
0.006638197 0.102422148 -0.994718909 -101.026397705 -0.109286807 0.988856614 0.101089224 -14.710107803 0.993988037 0.108038597 0.017757615 131.334213257
0.004021970 0.110507905 -0.993867099 -101.993209839 -0.099397317 0.988997400 0.109564200 -14.709913254 0.995039701 0.098347053 0.014961910 131.393692017
0.001284044 0.118668891 -0.992933035 -102.951637268 -0.091331095 0.988798022 0.118056551 -14.705410004 0.995819747 0.090534069 0.012107817 131.446548462
-0.001487968 0.118200004 -0.992988706 -103.905158997 -0.087105811 0.989200115 0.117879562 -14.697917938 0.996197999 0.086670481 0.008824006 131.488327026
-0.004182450 0.108054988 -0.994136095 -104.858726501 -0.087996319 0.990248501 0.108002663 -14.696785927 0.996112049 0.087932035 0.005366777 131.518676758
-0.006346134 0.098623149 -0.995104551 -105.806243896 -0.089755081 0.991051972 0.098793909 -14.693899155 0.995943606 0.089942649 0.002562582 131.553268433
-0.006534891 0.100109726 -0.994954884 -106.768096924 -0.097040117 0.990216672 0.100270353 -14.694452286 0.995259047 0.097205788 0.003243702 131.566513062
-0.007455464 0.109873958 -0.993917584 -107.726943970 -0.100608982 0.988819242 0.110065036 -14.687286377 0.994898081 0.100817621 0.003682201 131.600296021
-0.008908365 0.121103533 -0.992600024 -108.690345764 -0.104531005 0.987088084 0.121369198 -14.673601151 0.994481623 0.104838669 0.003865733 131.625274658
-0.010354863 0.122833580 -0.992373347 -109.632240295 -0.111629985 0.986081004 0.123219542 -14.662806511 0.993695855 0.112054542 0.003501180 131.653076172
-0.010061295 0.119325615 -0.992804110 -110.618103027 -0.118631765 0.985700071 0.119674020 -14.638813972 0.992887318 0.118982188 0.004238393 131.667892456
-0.010143062 0.115492024 -0.993256569 -111.573600769 -0.126906976 0.985126853 0.115842693 -14.626683235 0.991862714 0.127226204 0.004664541 131.686981201
-0.007779495 0.117609739 -0.993029416 -112.542160034 -0.131498322 0.984315276 0.117607847 -14.607339859 0.991285861 0.131496623 0.007808006 131.704940796
-0.006630341 0.118473001 -0.992935121 -113.518768311 -0.139503419 0.983137369 0.118235506 -14.587924004 0.990199387 0.139301777 0.010008850 131.729812622
-0.006095910 0.121241935 -0.992604315 -114.482864380 -0.148759797 0.981467783 0.120795265 -14.571222305 0.988854527 0.148395985 0.012052988 131.746704102
-0.005622420 0.123674527 -0.992306948 -115.458534241 -0.154508248 0.980298579 0.123053335 -14.551836967 0.987975478 0.154011443 0.013597086 131.767654419
-0.005855135 0.122872464 -0.992405176 -116.431060791 -0.157812670 0.979872286 0.122251801 -14.540883064 0.987451732 0.157329917 0.013653548 131.810775757
-0.004523679 0.113400310 -0.993539155 -117.385025024 -0.156681046 0.981197536 0.112705082 -14.542937279 0.987638950 0.156178564 0.013329059 131.842025757
-0.003172610 0.101734877 -0.994806468 -118.335845947 -0.159653783 0.981999457 0.100934319 -14.533347130 0.987167895 0.159144834 0.013126857 131.876647949
