1.000000000 0.000000000 0.000000000 0.000000000 0.000000000 1.000000000 0.000000000 0.000000000 0.000000000 0.000000000 1.000000000 0.000000000
0.999997854 -0.001587037 -0.001328745 0.048995014 0.001584171 0.999996424 -0.002155080 -0.132637665 0.001332160 0.002152971 0.999996781 1.298133612
0.999997675 -0.000043952 -0.002123221 0.105926976 0.000030539 0.999979973 -0.006316683 -0.268201739 0.002123456 0.006316603 0.999977767 2.606829405
0.999996066 0.002415447 -0.001409095 0.150880516 -0.002426455 0.999966145 -0.007863685 -0.406919777 0.001390053 0.007867073 0.999968112 3.910752773
0.999983728 0.005692128 0.000127045 0.196519971 -0.005691160 0.999961853 -0.006628974 -0.545150101 -0.000164773 0.006628142 0.999978065 5.224526405
0.999975741 0.006544757 0.002371427 0.243751287 -0.006537204 0.999973536 -0.003178697 -0.691623211 -0.002392169 0.003163118 0.999992132 6.544224739
0.999960721 0.006774624 0.005725759 0.299511433 -0.006764328 0.999975443 -0.001815568 -0.829342008 -0.005737918 0.001776766 0.999981940 7.847678185
0.999946237 0.005048324 0.009058282 0.357122719 -0.005032629 0.999985814 -0.001754620 -0.962889075 -0.009067014 0.001708939 0.999957383 9.155828476
0.999916255 0.003798780 0.012370244 0.434596300 -0.003777603 0.999991357 -0.001734846 -1.099058867 -0.012376728 0.001687971 0.999921918 10.455395699
0.999875009 0.002528863 0.015606338 0.502041578 -0.002489519 0.999993801 -0.002539900 -1.235866070 -0.015612659 0.002500731 0.999874949 11.767563820
0.999820590 0.001276075 0.018892849 0.579410076 -0.001212344 0.999993563 -0.003384351 -1.370945573 -0.018897044 0.003360840 0.999815762 13.062067986
0.999746919 0.001398829 0.022454353 0.644539058 -0.001326304 0.999993861 -0.003244427 -1.520486116 -0.022458758 0.003213824 0.999742568 14.381503105
0.999666750 0.001377992 0.025778901 0.729497910 -0.001265422 0.999989629 -0.004382561 -1.657746553 -0.025784668 0.004348480 0.999658048 15.675648689
0.999581397 0.002117949 0.028853400 0.814397275 -0.001992306 0.999988437 -0.004382572 -1.795250535 -0.028862352 0.004323252 0.999574065 16.986791611
0.999481559 0.001710617 0.032148667 0.902782440 -0.001583859 0.999990880 -0.003967923 -1.934123158 -0.032155160 0.003914947 0.999475241 18.272737503
0.999417722 0.000027678 0.034120601 1.006711721 0.000096881 0.999993265 -0.003648919 -2.078359604 -0.034120470 0.003650100 0.999411047 19.569988251
0.999360263 -0.002402163 0.035685074 1.105372906 0.002577206 0.999984860 -0.004860014 -2.219339609 -0.035672862 0.004948873 0.999351263 20.844194412
0.999318540 -0.002101645 0.036851924 1.203338146 0.002344652 0.999975801 -0.006552177 -2.363768339 -0.036837261 0.006634117 0.999299228 22.151912689
0.999269605 -0.001989666 0.038163349 1.285085917 0.002335608 0.999956608 -0.009022336 -2.508648157 -0.038143735 0.009104880 0.999230742 23.436716080
0.999233603 -0.001403234 0.039119001 1.388936281 0.001820916 0.999941707 -0.010643615 -2.650738716 -0.039101783 0.010706689 0.999177992 24.725347519
0.999188781 -0.000864783 0.040261161 1.488964677 0.001321923 0.999934971 -0.011329151 -2.797741413 -0.040248748 0.011373183 0.999124885 25.994977951
0.999166787 -0.002375231 0.040744256 1.587791204 0.002788213 0.999945283 -0.010082128 -2.945828438 -0.040718079 0.010187333 0.999118745 27.283836365
0.999161839 -0.005417666 0.040572796 1.692966700 0.005786621 0.999942899 -0.008981740 -3.090905905 -0.040521815 0.009208990 0.999136209 28.561155319
0.999182522 -0.006811507 0.039848007 1.786464572 0.007187982 0.999930799 -0.009312157 -3.239509821 -0.039781820 0.009590971 0.999162376 29.854072571
0.999204755 -0.008521831 0.038951389 1.893044949 0.008993572 0.999888182 -0.011951867 -3.382877111 -0.038845181 0.012292678 0.999169648 31.121637344
0.999233902 -0.008462748 0.038208693 1.999227047 0.008925676 0.999888539 -0.011961557 -3.535241604 -0.038103204 0.012293432 0.999198198 32.414039612
0.999248207 -0.009227844 0.037654385 2.097659111 0.009699376 0.999876499 -0.012359205 -3.678082228 -0.037535682 0.012715138 0.999214411 33.680835724
0.999262273 -0.009715902 0.037155680 2.192636013 0.010184746 0.999870598 -0.012449969 -3.822061062 -0.037029922 0.012819204 0.999231875 34.945934296
0.999273598 -0.010197697 0.036719292 2.284849167 0.010678771 0.999859393 -0.012929210 -3.967265844 -0.036582280 0.013311937 0.999241948 36.206760406
0.999317110 -0.010808010 0.035334401 2.400931358 0.011278785 0.999849856 -0.013151312 -4.122779369 -0.035186958 0.013540861 0.999289036 37.496498108
0.999309838 -0.010486317 0.035636526 2.487160206 0.010903155 0.999874175 -0.011522785 -4.266685009 -0.035511211 0.011903382 0.999298394 38.762607574
0.999281228 -0.010482327 0.036430225 2.590223312 0.010858949 0.999889493 -0.010155717 -4.409652233 -0.036319748 0.010544011 0.999284565 40.021343231
0.999206185 -0.012090098 0.037958607 2.704009533 0.012419297 0.999887228 -0.008448791 -4.551741123 -0.037852179 0.008913504 0.999243557 41.270534515
0.999087274 -0.013251441 0.040607620 2.794318199 0.013657817 0.999859214 -0.009746351 -4.694402695 -0.040472750 0.010292067 0.999127626 42.536167145
0.998958111 -0.014712129 0.043199848 2.888497829 0.015282985 0.999799788 -0.012913859 -4.841377258 -0.043001205 0.013560626 0.998983026 43.786632538
0.998867512 -0.015689576 0.044917237 2.999086380 0.016329363 0.999769866 -0.013912360 -4.992666245 -0.044688616 0.014630074 0.998893976 45.056545258
0.998737395 -0.015790090 0.047690496 3.121760845 0.016417481 0.999783456 -0.012792525 -5.125664234 -0.047478162 0.013559331 0.998780310 46.289043427
0.998547196 -0.017073255 0.051108088 3.231832027 0.017570073 0.999802470 -0.009287438 -5.280630589 -0.050939426 0.010171918 0.998649955 47.558818817
0.998273492 -0.020208247 0.055152010 3.348383427 0.020651253 0.999758780 -0.007474308 -5.417143345 -0.054987662 0.008600362 0.998449981 48.785388947
0.998045921 -0.022089817 0.058449339 3.482088566 0.022582360 0.999714732 -0.007779719 -5.557405949 -0.058260806 0.009084441 0.998260081 50.043148041
0.997769535 -0.025482263 0.061695606 3.626574755 0.026244348 0.999588549 -0.011573535 -5.692107677 -0.061375298 0.013166883 0.998027861 51.273876190
0.997482955 -0.026881181 0.065613247 3.758602381 0.027707949 0.999547303 -0.011723161 -5.826818943 -0.065268412 0.013511662 0.997776270 52.507362366
0.997135639 -0.029357627 0.069702879 3.889707804 0.030064061 0.999506533 -0.009107407 -5.967654228 -0.069401100 0.011176874 0.997526228 53.727519989
0.996859372 -0.031978723 0.072448224 4.043330669 0.032481909 0.999455750 -0.005777725 -6.101878166 -0.072224036 0.008112838 0.997355461 54.940681458
0.996630371 -0.034595396 0.074370317 4.194820881 0.034998208 0.999378800 -0.004119624 -6.230536938 -0.074181601 0.006708571 0.997222185 56.157600403
0.996415079 -0.037701197 0.075732999 4.344809055 0.037881292 0.999281824 -0.000942505 -6.355885983 -0.075643063 0.003807991 0.997127652 57.372550964
0.996239126 -0.040595010 0.076548330 4.489832878 0.040670834 0.999172390 0.000568722 -6.483309269 -0.076508068 0.002546702 0.997065723 58.576107025
0.996194959 -0.042775083 0.075932749 4.640371323 0.043113083 0.999066174 -0.002817021 -6.605289936 -0.075741336 0.006079997 0.997108936 59.785476685
0.996199369 -0.043920379 0.075218014 4.786683559 0.044576410 0.998981059 -0.007064338 -6.734269142 -0.074831106 0.010390438 0.997142017 60.972801208
0.996208787 -0.045136910 0.074368574 4.915657520 0.046087887 0.998875499 -0.011120268 -6.860526562 -0.073782988 0.014505598 0.997168958 62.176563263
0.996250331 -0.046518717 0.072946846 5.059089184 0.047627330 0.998773575 -0.013531401 -6.991921902 -0.072227918 0.016954927 0.997244000 63.361522675
0.996383786 -0.047096707 0.070718363 5.194640636 0.048187457 0.998742998 -0.013796895 -7.125889301 -0.069979675 0.017154742 0.997400880 64.545799255
0.996608615 -0.046478301 0.067904800 5.329008102 0.047486722 0.998783112 -0.013311784 -7.259543419 -0.067203462 0.016491214 0.997602940 65.722480774
0.996863902 -0.045503482 0.064746238 5.449393749 0.046323448 0.998863459 -0.011219261 -7.402940750 -0.064162143 0.014183342 0.997838676 66.920417786
0.997247934 -0.041730396 0.061279688 5.567579269 0.042275123 0.999076903 -0.007619116 -7.533240318 -0.060905170 0.010188754 0.998091578 68.096351624
0.997507393 -0.040110789 0.058051664 5.687190533 0.040484127 0.999166310 -0.005268964 -7.660418987 -0.057791922 0.007606000 0.998299658 69.287208557
0.997728288 -0.039259691 0.054744624 5.799602509 0.039759699 0.999176741 -0.008073894 -7.797616005 -0.054382581 0.010232181 0.998467624 70.451057434
0.997896910 -0.039533507 0.051369675 5.912436485 0.040352508 0.999072850 -0.015004743 -7.928223133 -0.050728861 0.017046081 0.998566985 71.621208191
0.997954845 -0.042974070 0.047321491 6.023549557 0.043885339 0.998867333 -0.018388994 -8.069813728 -0.046477642 0.020428102 0.998710454 72.818893433
0.997964263 -0.046280935 0.043878552 6.122741222 0.046902977 0.998811483 -0.013254046 -8.207302094 -0.043212995 0.015285103 0.998948932 73.984794617
0.997959435 -0.050524671 0.039041132 6.234453201 0.050909236 0.998663425 -0.008919252 -8.330281258 -0.038538303 0.010888605 0.999197721 75.158897400
0.998018324 -0.052637942 0.034476474 6.331397057 0.052873850 0.998583436 -0.005966493 -8.451495171 -0.034113564 0.007777574 0.999387681 76.329208374
0.998218834 -0.051301122 0.030453419 6.417098045 0.051439617 0.998669088 -0.003781352 -8.579862595 -0.030218897 0.005341128 0.999529064 77.489707947
0.998338819 -0.050963942 0.026873812 6.500753403 0.051073410 0.998689115 -0.003402505 -8.702991486 -0.026665179 0.004769391 0.999633074 78.641723633
0.998518825 -0.048925176 0.023802008 6.579979897 0.049058687 0.998783112 -0.005057520 -8.834417343 -0.023525607 0.006217723 0.999703884 79.809768677
0.998632610 -0.047863234 0.021025078 6.642400742 0.048088226 0.998789608 -0.010328829 -8.959798813 -0.020505259 0.011325763 0.999725521 80.961372375
0.998541236 -0.051187731 0.017181337 6.726236343 0.051457155 0.998552918 -0.015623861 -9.087968826 -0.016356729 0.016485173 0.999730229 82.103507996
0.998381495 -0.055204950 0.013669565 6.796907425 0.055426750 0.998327792 -0.016416946 -9.219540596 -0.012740411 0.017148033 0.999771774 83.260917664
0.998441756 -0.054887295 0.010074059 6.855343342 0.055015527 0.998401821 -0.012927602 -9.354691505 -0.009348398 0.013461687 0.999865711 84.410156250
0.998427987 -0.055506341 0.007780996 6.913027763 0.055583697 0.998402894 -0.010104654 -9.485105515 -0.007207698 0.010521268 0.999918699 85.540901184
0.998584867 -0.052699327 0.007151898 6.960468292 0.052780807 0.998537302 -0.011728173 -9.615326881 -0.006523370 0.012089059 0.999905646 86.684074402
0.998754382 -0.049545251 0.005898085 7.022272110 0.049629755 0.998652518 -0.015165476 -9.745732307 -0.005138760 0.015439308 0.999867558 87.827621460
0.998822331 -0.048277956 0.004803156 7.074748993 0.048355505 0.998674929 -0.017606504 -9.877505302 -0.003946786 0.017818026 0.999833465 88.944602966
0.998770058 -0.049420975 0.004003154 7.126223564 0.049485032 0.998614371 -0.017904162 -10.013758659 -0.003112765 0.018080236 0.999831676 90.065299988
0.998716354 -0.050547019 0.003267856 7.172873497 0.050592385 0.998595417 -0.015732696 -10.147874832 -0.002468025 0.015877830 0.999870896 91.190444946
0.998627245 -0.052343827 0.001932543 7.232214451 0.052364130 0.998548210 -0.012633277 -10.275919914 -0.001268463 0.012717130 0.999918282 92.299819946
0.998642981 -0.052053079 0.001640040 7.286353111 0.052069400 0.998567283 -0.012331071 -10.400533676 -0.000995820 0.012399733 0.999922633 93.434295654
0.998607337 -0.052741051 0.001323307 7.332870483 0.052754827 0.998499215 -0.014707338 -10.531953812 -0.000545640 0.014756669 0.999890983 94.578330994
0.998603404 -0.052824952 0.000840616 7.389251709 0.052831504 0.998438776 -0.018134966 -10.662233353 0.000118676 0.018154053 0.999835193 95.677574158
0.998547554 -0.053876586 0.000206808 7.444912434 0.053870540 0.998361468 -0.019296192 -10.793066978 0.000833144 0.019279307 0.999813795 96.779083252
0.998545289 -0.053910889 0.000966979 7.485934734 0.053919554 0.998385549 -0.017861268 -10.930385590 -0.000002501 0.017887423 0.999840021 97.862846375
0.998564243 -0.053549159 0.001410935 7.537189960 0.053562533 0.998488009 -0.012362193 -11.051306725 -0.000746817 0.012420017 0.999922574 98.951705933
0.998642921 -0.052025542 0.002377390 7.590795517 0.052045263 0.998602629 -0.009169017 -11.172164917 -0.001897045 0.009280307 0.999955118 100.022171021
0.998721480 -0.050355893 0.004448516 7.643993378 0.050396301 0.998684227 -0.009493466 -11.284379959 -0.003964610 0.009705517 0.999944985 101.074974060
0.998803377 -0.048547551 0.005915043 7.700636864 0.048609160 0.998760045 -0.010761398 -11.412412643 -0.005385267 0.011036044 0.999924600 102.115074158
0.998780489 -0.048676990 0.008260257 7.755199909 0.048785422 0.998718441 -0.013476111 -11.527424812 -0.007593694 0.013862655 0.999875069 103.129356384
0.998685181 -0.050295353 0.009910726 7.822790146 0.050431132 0.998629928 -0.013962585 -11.647596359 -0.009194894 0.014444035 0.999853432 104.141067505
0.998573005 -0.052036934 0.011998853 7.875504971 0.052191302 0.998553395 -0.012931394 -11.768788338 -0.011308587 0.013539179 0.999844313 105.132827759
0.998557091 -0.051943608 0.013622013 7.936996937 0.052099887 0.998576999 -0.011380166 -11.882604599 -0.013011504 0.012073453 0.999842405 106.092453003
0.998477817 -0.052951049 0.015431475 7.989732265 0.053107709 0.998539448 -0.009925948 -11.993017197 -0.014883344 0.010730370 0.999831676 107.041526794
0.998418212 -0.053510446 0.017250080 8.049051285 0.053694949 0.998503029 -0.010416060 -12.097680092 -0.016666887 0.011325828 0.999796987 107.959098816
0.998398304 -0.053301718 0.018966919 8.108437538 0.053474225 0.998531282 -0.008706464 -12.197735786 -0.018474989 0.009706759 0.999782205 108.859779358
0.998414457 -0.052160390 0.021160174 8.162996292 0.052312195 0.998608410 -0.006684361 -12.294138908 -0.020782068 0.007780700 0.999753714 109.729042053
0.998378575 -0.052513782 0.021962423 8.229478836 0.052595984 0.998610795 -0.003182293 -12.397876740 -0.021764800 0.004332269 0.999753654 110.585731506
0.998333931 -0.052652083 0.023599507 8.289311409 0.052736647 0.998603940 -0.002975074 -12.490347862 -0.023409918 0.004214677 0.999717057 111.411720276
0.998350680 -0.051845402 0.024656460 8.341751099 0.051922549 0.998647988 -0.002498514 -12.575932503 -0.024493588 0.003774620 0.999692857 112.216590881
0.998447597 -0.049651206 0.025240842 8.392816544 0.049719263 0.998760998 -0.002075551 -12.656480789 -0.025106519 0.003327285 0.999679267 112.995071411
0.998592138 -0.047050074 0.024492977 8.441373825 0.047045983 0.998892546 0.000743344 -12.731890678 -0.024500821 0.000409998 0.999699712 113.754905701
0.998669744 -0.046789225 0.021667708 8.484921455 0.046756994 0.998904288 0.001992103 -12.813167572 -0.021737175 -0.000976336 0.999763250 114.479301453
0.998773515 -0.047007080 0.015550144 8.515593529 0.046978626 0.998893499 0.002190105 -12.890082359 -0.015635887 -0.001456895 0.999876678 115.179687500
0.998946965 -0.045584619 0.005221879 8.541680336 0.045580514 0.998960197 0.000904419 -12.964308739 -0.005257677 -0.000665451 0.999985933 115.860427856
0.999018252 -0.043264925 -0.009512710 8.555444717 0.043248825 0.999062538 -0.001891965 -13.030790329 0.009585649 0.001478694 0.999952912 116.508804321
0.998735070 -0.041765735 -0.027995883 8.540816307 0.041664384 0.999122798 -0.004194321 -13.104830742 0.028146500 0.003022584 0.999599159 117.111663818
0.997924507 -0.040114108 -0.050374202 8.510338783 0.039824009 0.999183893 -0.006749691 -13.171828270 0.050603852 0.004729579 0.998707592 117.709587097
0.996226370 -0.038445100 -0.077812873 8.464338303 0.037872486 0.999243557 -0.008821753 -13.235683441 0.078093164 0.005841497 0.996928871 118.274864197
0.993315697 -0.036257464 -0.109586865 8.391147614 0.035293601 0.999319375 -0.010723021 -13.307906151 0.109901078 0.006783630 0.993919313 118.819259644
0.988833487 -0.031870820 -0.145577639 8.302528381 0.030393908 0.999461532 -0.012358679 -13.372838020 0.145893157 0.007796000 0.989269555 119.365547180
0.982577980 -0.025785962 -0.184052795 8.181343079 0.024058072 0.999643087 -0.011615256 -13.433538437 0.184286594 0.006984940 0.982847750 119.883010864
0.974090040 -0.020483725 -0.225231022 8.038028717 0.018779973 0.999776542 -0.009704534 -13.491419792 0.225379497 0.005223258 0.974257052 120.386650085
0.962684155 -0.015703917 -0.270170867 7.865337372 0.013955556 0.999867439 -0.008391112 -13.548452377 0.270266831 0.004307607 0.962775886 120.884841919
0.948491633 -0.009577252 -0.316657275 7.674427032 0.007089407 0.999934256 -0.009007778 -13.604660034 0.316722751 0.006298889 0.948497295 121.345672607
0.930942118 -0.001807277 -0.365162373 7.442024231 -0.002024128 0.999946833 -0.010109276 -13.661091805 0.365161240 0.010150285 0.930888951 121.822891235
0.909574151 0.002933703 -0.415531307 7.198467255 -0.008243649 0.999905765 -0.010985414 -13.715606689 0.415459901 0.013417544 0.909512520 122.258033752
0.884367645 0.007073149 -0.466737539 6.933986664 -0.013118435 0.999866843 -0.009704195 -13.769271851 0.466606796 0.014704940 0.884342670 122.667312622
0.855569363 0.010315746 -0.517585337 6.637271881 -0.017763127 0.999797642 -0.009435983 -13.820882797 0.517383337 0.017267069 0.855579555 123.064659119
0.823801637 0.019899834 -0.566528797 6.313316345 -0.028512664 0.999573290 -0.006349960 -13.867494583 0.566160619 0.021384357 0.824017465 123.441688538
0.789881408 0.033415902 -0.612348616 5.969505310 -0.042008143 0.999117315 0.000334694 -13.913238525 0.611819029 0.025459258 0.790587842 123.791259766
0.753487825 0.042369783 -0.656095266 5.616539001 -0.053240091 0.998576105 0.003343557 -13.957766533 0.655302584 0.032411236 0.754670739 124.111946106
0.713800788 0.045857988 -0.698845863 5.247714996 -0.060434155 0.998165131 0.003771778 -14.000967979 0.697736382 0.039541859 0.715262413 124.408538818
0.671533883 0.047117587 -0.739474356 4.863605499 -0.062771022 0.998006344 0.006586803 -14.049064636 0.738310218 0.041994303 0.673152506 124.691940308
0.627512395 0.051088706 -0.776928604 4.465286255 -0.066526406 0.997713983 0.011874666 -14.084320068 0.775759220 0.044234764 0.629476726 124.953407288
0.581847847 0.059874389 -0.811090767 4.049190521 -0.077541731 0.996827304 0.017959692 -14.120328903 0.809592724 0.052443571 0.584644616 125.188064575
0.536711156 0.068713158 -0.840963542 3.592842102 -0.089594997 0.995684862 0.024174675 -14.145608902 0.838995755 0.062371299 0.540551543 125.396354675
0.490088522 0.074161179 -0.868512154 3.141716003 -0.095518842 0.994942963 0.031057097 -14.173560143 0.866423368 0.067738548 0.494693965 125.586898804
0.443387151 0.075120755 -0.893176794 2.677234650 -0.094803013 0.994822741 0.036607973 -14.195888519 0.891302526 0.068444341 0.448213339 125.759712219
0.395837635 0.076981649 -0.915088177 2.207584381 -0.092524096 0.994752705 0.043660488 -14.221392632 0.913647592 0.067385234 0.400883198 125.933067322
0.350137532 0.079605155 -0.933309555 1.719276428 -0.094246440 0.994319975 0.049451731 -14.242185593 0.931944966 0.070646197 0.355651200 126.074722290
0.306667030 0.082980528 -0.948192775 1.216827393 -0.100160055 0.993474841 0.054549336 -14.261044502 0.946532249 0.078242555 0.312977314 126.186775208
0.265205979 0.084061280 -0.960520387 0.690990448 -0.105204701 0.992767274 0.057835713 -14.276506424 0.958435118 0.085712887 0.272131443 126.294456482
0.225400448 0.081156678 -0.970880091 0.159305573 -0.105327308 0.992713749 0.058528878 -14.300633430 0.968556046 0.089067742 0.232306108 126.393669128
0.190754294 0.076096974 -0.978683829 -0.374103546 -0.100475997 0.993267953 0.057647288 -14.321283340 0.976482093 0.087337777 0.197116032 126.482887268
0.159975618 0.071038194 -0.984561563 -0.923831940 -0.097816154 0.993638992 0.055799581 -14.344208717 0.982262552 0.087379463 0.165906683 126.563072205
0.134180665 0.069973379 -0.988483310 -1.495874405 -0.099153094 0.993446052 0.056865241 -14.366163254 0.985983849 0.090380967 0.140239269 126.620407104
0.111893505 0.068413615 -0.991362393 -2.082933426 -0.099818975 0.993355215 0.057284731 -14.377279282 0.988694072 0.092546992 0.117978953 126.683975220
0.093239866 0.070324138 -0.993157029 -2.670934677 -0.102259800 0.992903650 0.060705826 -14.400902748 0.990378320 0.095899828 0.099769525 126.746467590
0.077339686 0.068510436 -0.994648159 -3.279860497 -0.103205517 0.992826939 0.060360167 -14.424389839 0.991648793 0.097984940 0.083855569 126.792083740
0.063373983 0.067407481 -0.995710850 -3.898274422 -0.101773456 0.992951334 0.060743108 -14.453832626 0.992786884 0.097487375 0.069787577 126.842704773
0.051435713 0.064793155 -0.996572256 -4.535325050 -0.097746983 0.993428469 0.059543781 -14.476091385 0.993881285 0.094349250 0.057431035 126.882019043
0.039585259 0.062047869 -0.997287869 -5.192161560 -0.095444843 0.993741393 0.058038734 -14.493646622 0.994647384 0.092888504 0.045259655 126.914733887
0.028155018 0.061120447 -0.997733235 -5.860622406 -0.094319955 0.993838072 0.058220223 -14.517014503 0.995143652 0.092466965 0.033746399 126.962425232
0.018260306 0.062700443 -0.997865319 -6.531485081 -0.097631857 0.993373990 0.060631629 -14.541482925 0.995055020 0.096316300 0.024260875 126.984992981
0.010272428 0.062447485 -0.997995377 -7.206324100 -0.100662313 0.993042588 0.061101463 -14.566986084 0.994867623 0.099832855 0.016487066 126.995925903
0.003514833 0.061879523 -0.998077452 -7.908655167 -0.102729924 0.992825270 0.061192121 -14.591297150 0.994703054 0.102317341 0.009846493 127.018234253
-0.001680884 0.062692866 -0.998031378 -8.607626915 -0.103442550 0.992667973 0.062530160 -14.610089302 0.994633973 0.103344031 0.004816548 127.034591675
-0.005279940 0.065169126 -0.997860253 -9.332396507 -0.106076472 0.992207587 0.065361232 -14.631472588 0.994343877 0.106194586 0.001674115 127.056503296
-0.005704594 0.069142833 -0.997590482 -10.059113503 -0.108328491 0.991693020 0.069353528 -14.657092094 0.994098783 0.108463123 0.001832931 127.056411743
-0.007025727 0.072312616 -0.997357249 -10.785119057 -0.111346811 0.991122842 0.072644971 -14.673025131 0.993756771 0.111562945 0.001088421 127.070846558
-0.007602824 0.077723660 -0.996946037 -11.525568008 -0.115808062 0.990197897 0.078080736 -14.684367180 0.993242562 0.116048023 0.001472725 127.077758789
-0.009189007 0.081483983 -0.996632218 -12.269944191 -0.118209027 0.989597261 0.081998706 -14.700434685 0.992946208 0.118564412 0.000538726 127.094390869
-0.010515422 0.082233056 -0.996557653 -13.014685631 -0.117922805 0.989556432 0.082899638 -14.720370293 0.992967069 0.118388586 -0.000708451 127.109375000
-0.011476663 0.079134695 -0.996797860 -13.761065483 -0.115757845 0.990056038 0.079932250 -14.741001129 0.993211091 0.116304532 -0.002202079 127.123016357
-0.013417269 0.076371573 -0.996989131 -14.521773338 -0.119240455 0.989841580 0.077428795 -14.753307343 0.992774665 0.119920306 -0.004174390 127.138420105
-0.014278580 0.076878868 -0.996938109 -15.304431915 -0.124452658 0.989150047 0.078060776 -14.760512352 0.992122829 0.125186175 -0.004555877 127.136711121
-0.016178135 0.080656812 -0.996610522 -16.072219849 -0.121484339 0.989198029 0.082028985 -14.778125763 0.992461503 0.122399651 -0.006204839 127.154205322
-0.018296370 0.080919854 -0.996552646 -16.842779160 -0.120609879 0.989262342 0.082542226 -14.799608231 0.992531359 0.121704295 -0.008340181 127.168968201
-0.019249732 0.079628393 -0.996638715 -17.632560730 -0.123703711 0.988974512 0.081405334 -14.808318138 0.992132425 0.124854922 -0.009187168 127.168258667
-0.019742930 0.079374924 -0.996649265 -18.419771194 -0.128369018 0.988391697 0.081260167 -14.816079140 0.991529942 0.129543200 -0.009324466 127.166694641
-0.020715369 0.083892137 -0.996259451 -19.222942352 -0.130228698 0.987757206 0.085884057 -14.825821877 0.991267622 0.131520718 -0.009536591 127.168663025
-0.021431921 0.088110447 -0.995880067 -20.035667419 -0.128600970 0.987590849 0.090144619 -14.836965561 0.991464853 0.130003124 -0.009834879 127.184143066
-0.020753365 0.090415150 -0.995687902 -20.864431381 -0.130738914 0.987105250 0.092360795 -14.848535538 0.991199613 0.132091954 -0.008664976 127.200622559
-0.018437261 0.089131296 -0.995849192 -21.682502747 -0.130254284 0.987316012 0.090779096 -14.855311394 0.991309166 0.131387338 -0.006593670 127.205741882
-0.017043099 0.088977903 -0.995887816 -22.513568878 -0.130249292 0.987347364 0.090443872 -14.860424042 0.991334856 0.131255150 -0.005238153 127.214363098
-0.017378639 0.088310100 -0.995941401 -23.342058182 -0.128834888 0.987590194 0.089817680 -14.873317719 0.991513729 0.129872933 -0.005785549 127.243209839
-0.016246114 0.090304688 -0.995781600 -24.180692673 -0.129767969 0.987299383 0.091652609 -14.881649971 0.991411328 0.130709574 -0.004321118 127.258117676
-0.015803231 0.092432983 -0.995593429 -25.020008087 -0.131510675 0.986875474 0.093711071 -14.886439323 0.991188824 0.132412121 -0.003439893 127.276641846
-0.015882123 0.094895020 -0.995360553 -25.896869659 -0.134806901 0.986193717 0.096172065 -14.890635490 0.990744591 0.135708883 -0.002870346 127.290374756
-0.014224701 0.095997825 -0.995279908 -26.760740280 -0.137084693 0.985794425 0.097042143 -14.889971733 0.990457177 0.137818024 -0.000862801 127.301551819
-0.012584874 0.099115260 -0.994996369 -27.629453659 -0.143884629 0.984539747 0.099893495 -14.892285347 0.989514351 0.144421831 0.001870852 127.316719055
-0.010209125 0.102935381 -0.994635582 -28.513309479 -0.148650497 0.983478904 0.103306547 -14.889896393 0.988837123 0.148907751 0.005260935 127.332313538
-0.007955503 0.104831390 -0.994458139 -29.388954163 -0.151115015 0.982942462 0.104826324 -14.886867523 0.988484263 0.151111513 0.008021796 127.361442566
-0.004296949 0.105610847 -0.994398117 -30.289390564 -0.150097385 0.983073652 0.105056688 -14.890046120 0.988661826 0.149708048 0.011627694 127.383636475
-0.001605138 0.105540983 -0.994413555 -31.181333542 -0.152665660 0.982732475 0.104547627 -14.885606766 0.988276601 0.151980624 0.014535062 127.411788940
0.000638297 0.109252214 -0.994013846 -32.082328796 -0.153039962 0.982315242 0.107868157 -14.879434586 0.988219798 0.152054980 0.017346967 127.445419312
0.003146691 0.111606203 -0.993747532 -32.995525360 -0.152404308 0.982197046 0.109826386 -14.878143311 0.988313198 0.151105806 0.020099930 127.483116150
0.004759417 0.113116108 -0.993570387 -33.887546539 -0.153169498 0.981939554 0.111058228 -14.878071785 0.988188386 0.151656106 0.021999395 127.524795532
0.007257167 0.111301489 -0.993760228 -34.790813446 -0.154486731 0.981979966 0.108853906 -14.874041557 0.987968206 0.152732804 0.024320990 127.556510925
0.007779065 0.112270005 -0.993647277 -35.710617065 -0.159028336 0.981170058 0.109615222 -14.861848831 0.987243354 0.157165349 0.025486693 127.592628479
0.008825312 0.112934403 -0.993563235 -36.604526520 -0.159844086 0.980984747 0.110084854 -14.859649658 0.987102807 0.157843664 0.026709395 127.630210876
0.009237561 0.109509096 -0.993942916 -37.502101898 -0.160202831 0.981308043 0.106628135 -14.859769821 0.987040818 0.158247471 0.026608560 127.663986206
0.009727453 0.105282031 -0.994394839 -38.399150848 -0.161787212 0.981505275 0.102334678 -14.859859467 0.986777723 0.159884930 0.026580833 127.710906982
0.010391857 0.104662366 -0.994453669 -39.311721802 -0.160759881 0.981745780 0.101644985 -14.864546776 0.986938775 0.158811942 0.027027670 127.755386353
0.009935961 0.108994462 -0.993992746 -40.211688995 -0.162906483 0.980938017 0.105934560 -14.861748695 0.986591518 0.160875276 0.027502466 127.797080994
0.010334792 0.115143903 -0.993295074 -41.119880676 -0.163321510 0.980203271 0.111926988 -14.856391907 0.986518860 0.161069721 0.028935673 127.831787109
0.010693685 0.113480031 -0.993482649 -42.027946472 -0.160836592 0.980798364 0.110299967 -14.858091354 0.986923099 0.158608854 0.028740093 127.878524780
0.011294206 0.103417523 -0.994573891 -42.916408539 -0.160292685 0.981961906 0.100285836 -14.865676880 0.987004876 0.158290297 0.027667552 127.922935486
0.011460182 0.093242370 -0.995577455 -43.806331635 -0.162148535 0.982638538 0.090164036 -14.873699188 0.986699820 0.160398155 0.026380328 127.964553833
0.010861823 0.089681052 -0.995911300 -44.733364105 -0.159061417 0.983443499 0.086823545 -14.882409096 0.987208903 0.157468021 0.024946786 128.004104614
0.010991124 0.099577136 -0.994969189 -45.645660400 -0.151863262 0.983653188 0.096767053 -14.886438370 0.988340437 0.150035694 0.025933566 128.054656982
0.010732337 0.112940349 -0.993543804 -46.586013794 -0.147006616 0.982982993 0.110151894 -14.885231018 0.989077270 0.144875333 0.027152687 128.111663818
0.010931318 0.122139573 -0.992452741 -47.505683899 -0.147276416 0.981884301 0.119216792 -14.879667282 0.989034951 0.144861668 0.028721571 128.157791138
0.011271532 0.116616063 -0.993113160 -48.427139282 -0.147552103 0.982497692 0.113694884 -14.879145622 0.988990068 0.145254418 0.028281201 128.197402954
0.011000738 0.102901742 -0.994630694 -49.351684570 -0.147225052 0.984017134 0.100175351 -14.879123688 0.989041865 0.145332560 0.025974626 128.234771729
0.011628835 0.094169602 -0.995488286 -50.265960693 -0.147757187 0.984788358 0.091431409 -14.881252289 0.988955379 0.146027327 0.025366178 128.277526855
0.011939163 0.094122045 -0.995489180 -51.196884155 -0.146846205 0.984930933 0.091362640 -14.889907837 0.989087343 0.145093009 0.025580719 128.322479248
0.011566146 0.095678322 -0.995345116 -52.138553619 -0.150265917 0.984274209 0.092868000 -14.909313202 0.988577962 0.148492277 0.025761450 128.362930298
0.012174921 0.095136307 -0.995389879 -53.065841675 -0.154776216 0.983645320 0.092120700 -14.913428307 0.987874508 0.152941093 0.026700642 128.397048950
0.012654477 0.094384976 -0.995455325 -54.005264282 -0.156336457 0.983478665 0.091262005 -14.916940689 0.987622797 0.154471114 0.027201220 128.439025879
0.013302889 0.102056250 -0.994689703 -54.957420349 -0.165383771 0.981301010 0.098470718 -14.922412872 0.986139476 0.163195595 0.029932581 128.482177734
0.014693419 0.111382425 -0.993669033 -55.898548126 -0.170765683 0.979455650 0.107264116 -14.916543961 0.985202074 0.168108478 0.033411849 128.521713257
0.016197152 0.119575858 -0.992692947 -56.856586456 -0.171119526 0.978506923 0.115075022 -14.910681725 0.985117078 0.168005288 0.036310788 128.561355591
0.016875841 0.120169431 -0.992609918 -57.812019348 -0.172962308 0.978135586 0.115476474 -14.903491020 0.984783769 0.169735327 0.037291642 128.613677979
0.018768527 0.110819630 -0.993663311 -58.745155334 -0.174648836 0.978921831 0.105876744 -14.908372879 0.984451830 0.171554998 0.037727434 128.654113770
0.019963106 0.105797164 -0.994187295 -59.683166504 -0.173074841 0.979738593 0.100784272 -14.904514313 0.984706402 0.170056820 0.037869450 128.709884644
0.021717366 0.104257427 -0.994313240 -60.654350281 -0.171436593 0.980204999 0.099033669 -14.907026291 0.984955788 0.168310896 0.039161000 128.768569946
0.024786996 0.110282831 -0.993591189 -61.617462158 -0.172839016 0.979401886 0.104396127 -14.908257484 0.984638095 0.169143647 0.043337610 128.831069946
0.028822986 0.112696253 -0.993211269 -62.567245483 -0.175763115 0.978714347 0.105950676 -14.916198730 0.984010398 0.171516091 0.048017316 128.880874634
0.032694232 0.107620806 -0.993654251 -63.523303986 -0.174649298 0.979504526 0.100341789 -14.917966843 0.984087765 0.170260444 0.050820049 128.942962646
0.035669729 0.101737201 -0.994171560 -64.480133057 -0.174620166 0.980135202 0.094035640 -14.924558640 0.983989537 0.170248210 0.052726530 129.011184692
0.039403930 0.101720527 -0.994032264 -65.433891296 -0.172437504 0.980572104 0.093507625 -14.927619934 0.984232008 0.167723849 0.056178831 129.080459595
0.041821815 0.106273577 -0.993456960 -66.394676208 -0.169578299 0.980655372 0.097765371 -14.948257446 0.984628916 0.164380014 0.059034478 129.163513184
0.045139700 0.112992957 -0.992569864 -67.353088379 -0.168970898 0.980130196 0.103892460 -14.950853348 0.984586835 0.163025752 0.063335307 129.243835449
0.047372002 0.116507642 -0.992059350 -68.315200806 -0.166666985 0.980173588 0.107153237 -14.953148842 0.984874666 0.160267472 0.065850765 129.333633423
0.049743637 0.118233338 -0.991738975 -69.301437378 -0.166318223 0.980084479 0.108501710 -14.954263687 0.984816611 0.159547016 0.068417311 129.409347534
0.052104913 0.115528330 -0.991936624 -70.233810425 -0.164886996 0.980648160 0.105552360 -14.955690384 0.984935224 0.158057630 0.070145711 129.486709595
0.052757382 0.114158764 -0.992060602 -71.178627014 -0.162902936 0.981120527 0.104236722 -14.961216927 0.985230625 0.156110361 0.070358135 129.575057983
0.053209607 0.110969678 -0.992398322 -72.123023987 -0.159869924 0.981934011 0.101227798 -14.974940300 0.985702932 0.153268337 0.069989055 129.665878296
0.052833945 0.110179283 -0.992506444 -73.117027283 -0.158181474 0.982269704 0.100622430 -14.965197563 0.985995471 0.151679873 0.069325507 129.751220703
0.052585971 0.115094900 -0.991961598 -74.070541382 -0.154855803 0.982259929 0.105760001 -14.970652580 0.986536503 0.148049548 0.069476210 129.837188721
0.051889773 0.116748139 -0.991804957 -75.031372070 -0.148743078 0.982968807 0.107925944 -14.976247787 0.987513483 0.141923904 0.068371505 129.937332153
0.051273543 0.112018093 -0.992382467 -75.988975525 -0.145934403 0.983863652 0.103516482 -14.964389801 0.987964630 0.139515087 0.066793449 130.018539429
0.049837798 0.108205415 -0.992878675 -76.961853027 -0.148225144 0.983906329 0.099787407 -14.968974113 0.987697065 0.142196372 0.065074496 130.097869873
0.048522610 0.105631843 -0.993220747 -77.911346436 -0.144728988 0.984641135 0.097648822 -14.975144386 0.988280833 0.139009669 0.063065358 130.181121826
0.047356278 0.105948009 -0.993243396 -78.876533508 -0.144785643 0.984585881 0.098121360 -14.974432945 0.988329172 0.139160737 0.061966062 130.251205444
0.046482127 0.107158020 -0.993154824 -79.839736938 -0.146270573 0.984243035 0.099350646 -14.978646278 0.988151908 0.140651315 0.061423760 130.327377319
0.044860810 0.107350789 -0.993208647 -80.792739868 -0.147799879 0.983981371 0.099677719 -14.982683182 0.987999260 0.142324507 0.060008634 130.403427124
0.043086082 0.108271055 -0.993187368 -81.744117737 -0.147664785 0.983882248 0.100850746 -14.988285065 0.988098502 0.142313525 0.058379449 130.476074219
0.041193757 0.109030396 -0.993184566 -82.711410522 -0.147878766 0.983745992 0.101860777 -14.994740486 0.988147199 0.142674878 0.056647472 130.542419434
0.039504740 0.110663556 -0.993072450 -83.666198730 -0.147100240 0.983663857 0.103763416 -14.984482765 0.988332391 0.141982004 0.055138011 130.622070312
0.038038053 0.114266559 -0.992721677 -84.620048523 -0.148416713 0.983068168 0.107468523 -14.978383064 0.988193095 0.143248588 0.054353070 130.680938721
0.035951272 0.119236007 -0.992214918 -85.571228027 -0.149749413 0.982289314 0.112617321 -14.971403122 0.988070190 0.144534871 0.053170070 130.744812012
0.033449605 0.119015388 -0.992328763 -86.520217896 -0.149312288 0.982336819 0.112783939 -14.970287323 0.988224089 0.144394323 0.050629240 130.816116333
0.032454483 0.113987654 -0.992951930 -87.465583801 -0.149454057 0.982858896 0.107944116 -14.968523026 0.988235950 0.144897431 0.048934095 130.876037598
0.029958015 0.109026246 -0.993587315 -88.407791138 -0.153586835 0.982730865 0.103204131 -14.959089279 0.987681031 0.149510130 0.046185657 130.938720703
0.028848501 0.106737331 -0.993868589 -89.351905823 -0.151363939 0.983283281 0.101206951 -14.957796097 0.988057017 0.147516206 0.044522427 131.002548218
0.028435156 0.108088240 -0.993734479 -90.317863464 -0.146852940 0.983801425 0.102805689 -14.963280678 0.988749564 0.143009573 0.043847617 131.053482056
0.028093537 0.109603755 -0.993578255 -91.268035889 -0.143851757 0.984067678 0.104487188 -14.964142799 0.989200354 0.139992565 0.043412633 131.112014771
0.026535612 0.109145477 -0.993671536 -92.219406128 -0.138527021 0.984832585 0.104475290 -14.966795921 0.990003109 0.134878010 0.041252740 131.182754517
0.025253613 0.106282890 -0.994015217 -93.162300110 -0.134521976 0.985649943 0.101970844 -14.972173691 0.990588844 0.131141737 0.039188609 131.245788574
0.024387270 0.103250958 -0.994356275 -94.109382629 -0.129444122 0.986604989 0.099271372 -14.978862762 0.991286755 0.126292601 0.037425831 131.308517456
0.022689348 0.105835050 -0.994124949 -95.087844849 -0.127288163 0.986593902 0.102128170 -14.983955383 0.991606236 0.124223098 0.035856728 131.363052368
0.021537647 0.108201012 -0.993895769 -96.035827637 -0.126697004 0.986406803 0.104640208 -14.984395981 0.991707683 0.123669915 0.034953620 131.417129517
0.019995114 0.106004901 -0.994164586 -96.994369507 -0.122465543 0.987135231 0.102792278 -14.983550072 0.992271304 0.119695552 0.032719828 131.468475342
0.018134085 0.103303060 -0.994484663 -97.944351196 -0.119642839 0.987725377 0.100419305 -14.987993240 0.992651284 0.117161959 0.030270975 131.515792847
0.014135701 0.100508273 -0.994835794 -98.915069580 -0.118226044 0.988123953 0.098150291 -14.986380577 0.992886066 0.116228074 0.025850516 131.572402954
0.011508558 0.099426068 -0.994978368 -99.870422363 -0.112633817 0.988840401 0.097509928 -14.995988846 0.993569851 0.110946007 0.022578865 131.620346069
0.009214805 0.099459335 -0.994998932 -100.828948975 -0.105871089 0.989545465 0.097933717 -14.993040085 0.994337142 0.104439192 0.019648338 131.663070679
0.007099632 0.107362613 -0.994194508 -101.791610718 -0.096066624 0.989694297 0.106190585 -14.994189262 0.995349586 0.094754986 0.017340427 131.718688965
0.004626771 0.115412809 -0.993306816 -102.748908997 -0.088009335 0.989509940 0.114561707 -14.992183685 0.996108890 0.086890228 0.014735643 131.771972656
0.000652171 0.115131684 -0.993349969 -103.708015442 -0.083549492 0.989883304 0.114675045 -14.988966942 0.996503413 0.082919106 0.010264769 131.825942993
-0.000988311 0.105396628 -0.994429708 -104.656631470 -0.084924586 0.990828872 0.105099387 -14.995179176 0.996386886 0.084555417 0.007971519 131.848190308
-0.003102047 0.095880151 -0.995388031 -105.603408813 -0.086612642 0.991626441 0.095787741 -14.993993759 0.996237218 0.086510330 0.005228363 131.885131836
-0.003506387 0.097336538 -0.995245397 -106.561363220 -0.093894877 0.990822554 0.097234778 -14.998246193 0.995575964 0.093789399 0.005665196 131.905242920
-0.004378125 0.107083589 -0.994240403 -107.524017334 -0.097538985 0.989463210 0.106998578 -14.992806435 0.995222092 0.097445637 0.006112830 131.938278198
-0.005753330 0.118620440 -0.992923021 -108.487854004 -0.101633698 0.987728357 0.118588760 -14.983856201 0.994805276 0.101596713 0.006373107 131.964904785
-0.007296447 0.120161928 -0.992727518 -109.429519653 -0.108588755 0.986787915 0.120241128 -14.974395752 0.994059980 0.108676389 0.005848191 131.996612549
-0.007517895 0.116697013 -0.993139088 -110.406555176 -0.115601689 0.986406863 0.116781019 -14.954065323 0.993267119 0.115686513 0.006074668 132.017532349
-0.007680431 0.112979330 -0.993567646 -111.361473083 -0.123799756 0.985845566 0.113058232 -14.945095062 0.992277443 0.123871773 0.006415093 132.039749146
-0.005230934 0.115005113 -0.993351161 -112.328590393 -0.128471851 0.985055387 0.114721201 -14.928477287 0.991699338 0.128217757 0.009622160 132.060363770
-0.004029265 0.115807489 -0.993263483 -113.310462952 -0.136319876 0.983935475 0.115272902 -14.910296440 0.990656614 0.135866076 0.011822329 132.086730957
-0.003519179 0.118361846 -0.992964327 -114.273910522 -0.145483986 0.982345104 0.117611639 -14.895134926 0.989354372 0.144874334 0.013762704 132.106643677
-0.003070124 0.120521277 -0.992706060 -115.250595093 -0.150947645 0.981279910 0.119600929 -14.875985146 0.988536954 0.150213838 0.015179753 132.129974365
-0.003411755 0.120269209 -0.992735445 -116.230926514 -0.154445514 0.980766118 0.119349904 -14.872972488 0.987995446 0.153730690 0.015228904 132.178695679
-0.001522113 0.110735618 -0.993848741 -117.187583923 -0.153439149 0.982055008 0.109656520 -14.876205444 0.988156974 0.152662218 0.015496374 132.207015991
-0.000348171 0.099262379 -0.995061219 -118.133522034 -0.156557962 0.982785583 0.098092571 -14.870643616 0.987668812 0.155818939 0.015198134 132.246017456
