1.000000000 0.000000000 0.000000000 0.000000000 0.000000000 1.000000000 0.000000000 0.000000000 0.000000000 0.000000000 1.000000000 0.000000000
0.999997914 -0.001557658 -0.001326278 0.048466828 0.001554838 0.999996543 -0.002124970 -0.132652327 0.001329584 0.002122904 0.999996841 1.298226237
0.999997735 -0.000081198 -0.002135742 0.105204664 0.000067632 0.999979854 -0.006351166 -0.267591089 0.002136215 0.006351008 0.999977529 2.602686405
0.999996245 0.002403403 -0.001301541 0.148498476 -0.002413441 0.999967039 -0.007766703 -0.407281101 0.001282832 0.007769814 0.999969006 3.905424595
0.999983788 0.005692702 0.000195563 0.193364993 -0.005691319 0.999962926 -0.006465234 -0.545828283 -0.000232360 0.006464017 0.999979079 5.219907761
0.999974906 0.006635164 0.002460468 0.241625383 -0.006627394 0.999973059 -0.003152577 -0.690711796 -0.002481319 0.003136192 0.999992013 6.538063526
0.999959350 0.006874566 0.005832492 0.297121137 -0.006864333 0.999974847 -0.001772588 -0.828383565 -0.005844532 0.001732480 0.999981463 7.841413021
0.999944687 0.005295003 0.009101473 0.353919268 -0.005279079 0.999984503 -0.001772769 -0.961038530 -0.009110719 0.001724623 0.999957025 9.149451256
0.999914587 0.003988357 0.012445498 0.431464523 -0.003967648 0.999990761 -0.001688227 -1.097774744 -0.012452115 0.001638704 0.999921143 10.449212074
0.999870121 0.002876589 0.015858814 0.493604958 -0.002839537 0.999993205 -0.002358387 -1.237620950 -0.015865490 0.002313049 0.999871433 11.759469032
0.999812305 0.001981969 0.019274671 0.569723606 -0.001924424 0.999993622 -0.003003598 -1.378134012 -0.019280503 0.002965942 0.999809623 13.053273201
0.999740720 0.001904548 0.022687647 0.637513459 -0.001836907 0.999993801 -0.003001863 -1.524798274 -0.022693222 0.002959409 0.999738097 14.371656418
0.999660969 0.001773504 0.025975944 0.724915862 -0.001667565 0.999990225 -0.004099471 -1.661676526 -0.025982963 0.004054764 0.999654114 15.665672302
0.999564469 0.002674266 0.029392574 0.800658703 -0.002555318 0.999988377 -0.004083684 -1.799152374 -0.029403163 0.004006798 0.999559522 16.966812134
0.999471068 0.002193748 0.032446224 0.894285083 -0.002079361 0.999991477 -0.003558733 -1.938642979 -0.032453753 0.003489384 0.999467134 18.252490997
0.999398410 0.000751596 0.034673717 0.991220534 -0.000639432 0.999994516 -0.003245817 -2.081406593 -0.034675974 0.003221693 0.999393404 19.549312592
0.999338806 -0.001757576 0.036316309 1.088926077 0.001920436 0.999988258 -0.004450063 -2.222006559 -0.036308058 0.004516865 0.999330342 20.823682785
0.999294937 -0.001369402 0.037520248 1.186530709 0.001603535 0.999979436 -0.006210813 -2.363530874 -0.037510972 0.006266600 0.999276578 22.129356384
0.999250770 -0.001255336 0.038682938 1.270269632 0.001598396 0.999959707 -0.008838853 -2.506977081 -0.038670283 0.008894061 0.999212444 23.414844513
0.999212205 -0.000735612 0.039678179 1.375666261 0.001149328 0.999945164 -0.010404974 -2.648981810 -0.039668355 0.010442380 0.999158323 24.698091507
0.999168277 -0.000157820 0.040777855 1.476544380 0.000608994 0.999938846 -0.011052000 -2.794722319 -0.040773608 0.011067643 0.999107063 25.967348099
0.999149442 -0.001775365 0.041198071 1.578074932 0.002186736 0.999948204 -0.009942277 -2.940949202 -0.041178282 0.010023911 0.999101460 27.256500244
0.999145091 -0.004759463 0.041067291 1.682611704 0.005124779 0.999948204 -0.008794853 -3.087378502 -0.041023310 0.008997793 0.999117613 28.534498215
0.999166727 -0.006205824 0.040340010 1.777981043 0.006586039 0.999935091 -0.009299207 -3.232433796 -0.040279683 0.009557137 0.999142766 29.825962067
0.999182999 -0.007861646 0.039641727 1.881930947 0.008336825 0.999895215 -0.011835852 -3.377282381 -0.039544519 0.012156671 0.999143898 31.092250824
0.999218762 -0.007973774 0.038708284 1.992795348 0.008442171 0.999892890 -0.011952258 -3.525957584 -0.038608827 0.012269699 0.999179065 32.375782013
0.999233127 -0.008564887 0.038207088 2.091195583 0.009044108 0.999882400 -0.012387523 -3.669154644 -0.038096480 0.012723572 0.999193013 33.646373749
0.999248743 -0.009062072 0.037679978 2.185657501 0.009536520 0.999877214 -0.012430845 -3.813750267 -0.037562698 0.012780841 0.999212682 34.911369324
0.999261081 -0.009715161 0.037186753 2.280590057 0.010204058 0.999863684 -0.012979873 -3.957212448 -0.037055574 0.013349735 0.999224067 36.157047272
0.999303877 -0.010114226 0.035908572 2.390544891 0.010590377 0.999858141 -0.013094728 -4.114304543 -0.035771042 0.013465898 0.999269247 37.458683014
0.999300122 -0.009680288 0.036131989 2.478814840 0.010092574 0.999885857 -0.011245624 -4.261027813 -0.036019005 0.011602417 0.999283731 38.724578857
0.999262810 -0.009644029 0.037160173 2.579708338 0.010031282 0.999897301 -0.010248899 -4.400007725 -0.037057508 0.010614111 0.999256790 39.993377686
0.999187350 -0.011361188 0.038674712 2.694672346 0.011703248 0.999894261 -0.008629645 -4.543106556 -0.038572576 0.009075252 0.999214649 41.244152069
0.999078274 -0.012427603 0.041086625 2.791941881 0.012840020 0.999869585 -0.009789121 -4.687481880 -0.040959623 0.010307651 0.999107659 42.511077881
0.998949051 -0.013705717 0.043736830 2.884209156 0.014277907 0.999816120 -0.012797051 -4.836681366 -0.043553408 0.013408072 0.998961151 43.760292053
0.998857081 -0.014841561 0.045434330 2.997652769 0.015496421 0.999780595 -0.014095180 -4.980208397 -0.045215167 0.014783137 0.998867869 45.025585175
0.998726428 -0.015154540 0.048123702 3.120145798 0.015799988 0.999789953 -0.013060274 -5.112326622 -0.047915664 0.013803993 0.998756051 46.260242462
0.998520970 -0.016094046 0.051931225 3.228127480 0.016611917 0.999816358 -0.009556134 -5.268368244 -0.051767889 0.010404677 0.998604953 47.535808563
0.998240471 -0.019203393 0.056100100 3.343654633 0.019666981 0.999776721 -0.007723168 -5.405385971 -0.055939268 0.008812896 0.998395324 48.763271332
0.998010993 -0.021408956 0.059295911 3.475862503 0.021919008 0.999727964 -0.007964682 -5.548600674 -0.059109278 0.009248546 0.998208642 50.011753082
0.997734010 -0.024662383 0.062598407 3.618634462 0.025436226 0.999609172 -0.011595224 -5.686068535 -0.062287975 0.013161217 0.997971475 51.244586945
0.997464716 -0.026220446 0.066156060 3.756728888 0.027063049 0.999563217 -0.011872571 -5.817675591 -0.065815866 0.013632856 0.997738600 52.470191956
0.997114539 -0.028626569 0.070307061 3.886875868 0.029363619 0.999523818 -0.009472005 -5.956676483 -0.070002444 0.011509142 0.997480392 53.689056396
0.996844053 -0.031402420 0.072909512 4.049063206 0.031940278 0.999470472 -0.006222616 -6.087213039 -0.072675489 0.008531728 0.997319102 54.886245728
0.996579111 -0.033838421 0.075398028 4.182454586 0.034260273 0.999403656 -0.004308415 -6.231462479 -0.075207278 0.006876833 0.997144341 56.143032074
0.996373951 -0.036904212 0.076660424 4.340145111 0.037114695 0.999310136 -0.001322237 -6.351016998 -0.076558746 0.004162671 0.997056305 57.347034454
0.996224284 -0.039717056 0.077201061 4.482769966 0.039825469 0.999206603 0.000135498 -6.479902744 -0.077145204 0.002939581 0.997015536 58.571166992
0.996173024 -0.041607194 0.076864153 4.629305840 0.041988879 0.999112487 -0.003355579 -6.601338387 -0.076656319 0.006570177 0.997035861 59.764930725
0.996199965 -0.042891759 0.075803094 4.783411503 0.043588471 0.999020994 -0.007559766 -6.732736588 -0.075404614 0.010835176 0.997094154 60.972438812
0.996220767 -0.044295557 0.074714348 4.923034668 0.045284174 0.998906970 -0.011589395 -6.860908031 -0.074119307 0.014928972 0.997137606 62.153537750
0.996242583 -0.046592835 0.073005989 5.072914600 0.047729127 0.998763621 -0.013896990 -6.999480247 -0.072268233 0.017329285 0.997234702 63.375072479
0.996376097 -0.046678249 0.071103796 5.208065510 0.047779933 0.998761475 -0.013871752 -7.133758068 -0.070368253 0.017218815 0.997372389 64.552528381
0.996618092 -0.045686241 0.068301804 5.340108871 0.046686579 0.998823404 -0.013121310 -7.280031204 -0.067621976 0.016265713 0.997578442 65.768539429
0.996854722 -0.044972852 0.065253116 5.461787224 0.045809109 0.998885453 -0.011375712 -7.409314156 -0.064668790 0.014329120 0.997803926 66.942726135
0.997257531 -0.041288700 0.061421558 5.586117744 0.041820914 0.999097645 -0.007404041 -7.546811104 -0.061060432 0.009952439 0.998084366 68.136642456
0.997527361 -0.039300501 0.058263157 5.703478813 0.039671049 0.999199212 -0.005216560 -7.672314167 -0.058011487 0.007515023 0.998287618 69.322471619
0.997724891 -0.038238276 0.055524211 5.808758259 0.038752411 0.999215126 -0.008212400 -7.808515549 -0.055166610 0.010345414 0.998423576 70.488807678
0.997922003 -0.038542986 0.051633853 5.924009800 0.039369304 0.999110878 -0.015082577 -7.947557449 -0.051006623 0.017084027 0.998552144 71.676269531
0.997934580 -0.042454064 0.048209891 6.032760143 0.043364588 0.998897016 -0.017999925 -8.083387375 -0.047392555 0.020053349 0.998674989 72.850631714
0.997959554 -0.046407480 0.043856058 6.143379688 0.047021639 0.998808265 -0.013076985 -8.220743179 -0.043196924 0.015112483 0.998952210 74.012237549
0.997955561 -0.050209880 0.039545044 6.247447491 0.050565314 0.998688340 -0.008039176 -8.348196983 -0.039089534 0.010022347 0.999185383 75.172500610
0.998017728 -0.052182920 0.035178989 6.342555046 0.052404817 0.998611271 -0.005414834 -8.473381996 -0.034847580 0.007247648 0.999366343 76.359748840
0.998188615 -0.051506273 0.031088641 6.432190418 0.051623147 0.998662233 -0.002968217 -8.598231316 -0.030894171 0.004567735 0.999512196 77.519813538
0.998331308 -0.050869700 0.027325213 6.521667480 0.050965991 0.998696387 -0.002838824 -8.718079567 -0.027145185 0.004226744 0.999622524 78.675331116
0.998466372 -0.049643982 0.024501877 6.586333275 0.049773380 0.998749495 -0.004699603 -8.846895218 -0.024237931 0.005911938 0.999688685 79.839927673
0.998647690 -0.047398236 0.021353349 6.661873817 0.047617182 0.998816907 -0.009864119 -8.973619461 -0.020860545 0.010867568 0.999723256 80.984230042
0.998561680 -0.050741188 0.017314989 6.747864723 0.050996121 0.998591900 -0.014613489 -9.113068581 -0.016549105 0.015475467 0.999743223 82.150230408
0.998421431 -0.054134745 0.014970842 6.799077511 0.054369930 0.998396158 -0.015775423 -9.240722656 -0.014092834 0.016564490 0.999763489 83.288627625
0.998456180 -0.054399412 0.011222957 6.867307663 0.054537248 0.998435140 -0.012364404 -9.369069099 -0.010532779 0.012957386 0.999860525 84.426963806
0.998457789 -0.054878689 0.008408807 6.935537815 0.054959316 0.998441756 -0.009676832 -9.500596046 -0.007864652 0.010124049 0.999917865 85.562705994
0.998603702 -0.052286264 0.007539493 6.977808952 0.052369356 0.998563945 -0.011280145 -9.629478455 -0.006938870 0.011659234 0.999907911 86.705253601
0.998795450 -0.048522774 0.007296058 7.028970718 0.048624042 0.998713255 -0.014409763 -9.756647110 -0.006587467 0.014747169 0.999869525 87.825599670
0.998862863 -0.047294784 0.006008043 7.095052719 0.047392737 0.998725295 -0.017367460 -9.881805420 -0.005178993 0.017632445 0.999831140 88.924011230
0.998776138 -0.049168758 0.005377682 7.136599541 0.049257845 0.998625278 -0.017924204 -10.019209862 -0.004488979 0.018167159 0.999824882 90.070404053
0.998731196 -0.050205741 0.003918829 7.190079689 0.050259925 0.998620033 -0.015235455 -10.149760246 -0.003148514 0.015413087 0.999876201 91.184875488
0.998679698 -0.051264275 0.003279889 7.240923882 0.051301707 0.998604000 -0.012583448 -10.279654503 -0.002630230 0.012735099 0.999915421 92.299568176
0.998701096 -0.050900526 0.002286953 7.308508873 0.050924409 0.998630285 -0.012004638 -10.403773308 -0.001672778 0.012105507 0.999925315 93.432495117
0.998672903 -0.051454119 0.002211436 7.356514931 0.051480267 0.998574555 -0.014092766 -10.531536102 -0.001483152 0.014187908 0.999898195 94.540840149
0.998654723 -0.051817626 0.001896157 7.414585114 0.051843226 0.998496234 -0.017814785 -10.661229134 -0.000970186 0.017889125 0.999839485 95.647514343
0.998641372 -0.052083410 0.001636943 7.462351322 0.052105132 0.998461008 -0.018991750 -10.795850754 -0.000645269 0.019051237 0.999818325 96.743850708
0.998598099 -0.052913163 0.001336854 7.520793915 0.052928299 0.998451769 -0.017107496 -10.928961754 -0.000429573 0.017154273 0.999852836 97.828636169
0.998656094 -0.051779121 0.002227000 7.566279888 0.051802646 0.998581946 -0.012273559 -11.046544075 -0.001588328 0.012372429 0.999922156 98.910186768
0.998745143 -0.049947374 0.003671315 7.616365910 0.049978487 0.998710275 -0.008939138 -11.166162491 -0.003220094 0.009111405 0.999953330 99.977561951
0.998839498 -0.047837596 0.005571928 7.665809155 0.047886278 0.998812616 -0.008958596 -11.284697533 -0.005136753 0.009215020 0.999944329 101.047843933
0.998919487 -0.045842815 0.007637075 7.717564106 0.045923963 0.998886466 -0.010811727 -11.405534744 -0.007132929 0.011150769 0.999912322 102.085029602
0.998871088 -0.046307467 0.010597716 7.766393661 0.046444524 0.998835325 -0.013073968 -11.528521538 -0.009979949 0.013551416 0.999858379 103.106437683
0.998779297 -0.047915589 0.011995775 7.821227551 0.048085637 0.998740673 -0.014313207 -11.636839867 -0.011294841 0.014872560 0.999825597 104.115211487
0.998663366 -0.049764685 0.013956579 7.882613659 0.049952582 0.998661041 -0.013454175 -11.751700401 -0.013268347 0.014133359 0.999812126 105.097969055
0.998641312 -0.049728509 0.015573652 7.942132950 0.049917243 0.998681545 -0.011973663 -11.870340347 -0.014957686 0.012734788 0.999807060 106.071983337
0.998570383 -0.050839826 0.016509004 8.012907028 0.051014800 0.998644114 -0.010356373 -11.977329254 -0.015960105 0.011183772 0.999810100 107.010292053
0.998502433 -0.051337734 0.018902631 8.063508034 0.051546477 0.998612881 -0.010725955 -12.084888458 -0.018325765 0.011684257 0.999763846 107.925682068
0.998482108 -0.051248156 0.020176431 8.129232407 0.051439654 0.998634756 -0.009089412 -12.183348656 -0.019683070 0.010113483 0.999755144 108.829666138
0.998491466 -0.050267462 0.022089668 8.187669754 0.050433565 0.998702705 -0.007027448 -12.279962540 -0.021707758 0.008130909 0.999731302 109.699714661
0.998458922 -0.050473727 0.023069408 8.255212784 0.050572898 0.998713374 -0.003735406 -12.383329391 -0.022851186 0.004896337 0.999726892 110.559646606
0.998414993 -0.050609212 0.024622664 8.317298889 0.050718781 0.998705566 -0.003845407 -12.474010468 -0.024396179 0.005088144 0.999689400 111.384384155
0.998439014 -0.049525559 0.025820462 8.366288185 0.049615629 0.998764217 -0.002858840 -12.564947128 -0.025646968 0.004135476 0.999662459 112.193595886
0.998549283 -0.047096781 0.026096901 8.420404434 0.047176950 0.998883486 -0.002464379 -12.645915985 -0.025951698 0.003691976 0.999656439 112.972976685
0.998680294 -0.044544477 0.025558438 8.463256836 0.044548370 0.999007106 0.000417508 -12.722682953 -0.025551656 0.000721629 0.999673307 113.726760864
0.998756647 -0.044407193 0.022653051 8.508751869 0.044383924 0.999013305 0.001529568 -12.807444572 -0.022698628 -0.000522235 0.999742210 114.476387024
0.998877764 -0.044440169 0.016381865 8.544631958 0.044421446 0.999011695 0.001505735 -12.880430222 -0.016432595 -0.000776339 0.999864697 115.172744751
0.999060273 -0.042956155 0.005771536 8.575631142 0.042954795 0.999076843 0.000358959 -12.955427170 -0.005781628 -0.000110706 0.999983311 115.841674805
0.999171615 -0.039999787 -0.007490717 8.569216728 0.039981298 0.999197006 -0.002602008 -13.024105072 0.007588778 0.002300364 0.999968529 116.476425171
0.998878062 -0.038724978 -0.027257979 8.577538490 0.038601507 0.999241948 -0.005041952 -13.092246056 0.027432563 0.003984096 0.999615848 117.101058960
0.998081565 -0.037011597 -0.049632769 8.543855667 0.036703162 0.999300957 -0.007111760 -13.163363457 0.049861297 0.005276436 0.998742223 117.687202454
0.996366799 -0.035509493 -0.077410713 8.503931046 0.034908596 0.999348998 -0.009102331 -13.229650497 0.077683561 0.006366960 0.996957779 118.254356384
0.993476212 -0.033081833 -0.109135687 8.429696083 0.032030374 0.999422133 -0.011374007 -13.295685768 0.109448895 0.007804148 0.993961751 118.797134399
0.989098489 -0.028652094 -0.144441634 8.319608688 0.027086986 0.999551237 -0.012790963 -13.358579636 0.144743294 0.008739034 0.989430666 119.343109131
0.982803404 -0.022811310 -0.183240712 8.210283279 0.020912666 0.999705791 -0.012287444 -13.416921616 0.183467090 0.008244090 0.982991338 119.866134644
0.974231839 -0.017680313 -0.224854916 8.065864563 0.015849898 0.999824882 -0.009943047 -13.479520798 0.224991351 0.006122903 0.974341512 120.366516113
0.962874234 -0.012926445 -0.269640803 7.900245667 0.011083914 0.999903679 -0.008354777 -13.539387703 0.269722849 0.005055924 0.962924719 120.852142334
0.948480785 -0.007158085 -0.316753685 7.707321167 0.004524061 0.999948859 -0.009050351 -13.594301224 0.316802263 0.007151072 0.948464632 121.332916260
0.931179404 0.000703125 -0.364560425 7.474090576 -0.004641864 0.999939978 -0.009927915 -13.646053314 0.364531517 0.010936911 0.931126833 121.801391602
0.910251379 0.005585585 -0.414018303 7.224754333 -0.010958412 0.999883711 -0.010603330 -13.701485634 0.413910925 0.014188679 0.910206854 122.225067139
0.885186493 0.010355636 -0.465121061 6.945026398 -0.016497796 0.999822080 -0.009137042 -13.759424210 0.464943677 0.015761457 0.885199964 122.653533936
0.856308162 0.013453832 -0.516290009 6.659210205 -0.020909335 0.999744117 -0.008627793 -13.806745529 0.516041875 0.018183328 0.856370389 123.045440674
0.824723125 0.023193534 -0.565060914 6.326774597 -0.031780075 0.999480605 -0.005359204 -13.853983879 0.564643085 0.022377541 0.825031757 123.422554016
0.790748894 0.036224168 -0.611067772 5.981479645 -0.044901349 0.998990774 0.001115941 -13.896831512 0.610491574 0.026555343 0.791577399 123.780715942
0.755243897 0.045137830 -0.653887749 5.626152039 -0.056104351 0.998416364 0.004119791 -13.936896324 0.653038144 0.033574503 0.756580293 124.077392578
0.715103149 0.049122028 -0.697290838 5.267517090 -0.063396208 0.997974515 0.005288605 -13.987894058 0.696138203 0.040423710 0.716768801 124.377555847
0.672865272 0.050642192 -0.738029540 4.887477875 -0.065974988 0.997786641 0.008316490 -14.030081749 0.736817300 0.043095622 0.674717009 124.659217834
0.628590226 0.054035533 -0.775857270 4.486064911 -0.069555029 0.997491896 0.013118889 -14.059092522 0.774620175 0.045718372 0.630771995 124.930717468
0.583617508 0.063272879 -0.809559941 4.058864594 -0.080725953 0.996541739 0.019690918 -14.098651886 0.808006108 0.053860530 0.586706936 125.159912109
0.538358212 0.071808800 -0.839651048 3.602210999 -0.092239119 0.995397627 0.025987716 -14.120867729 0.837652802 0.063457958 0.542504191 125.373268127
0.491428584 0.076997623 -0.867507577 3.155303955 -0.098068051 0.994641423 0.032727785 -14.144744873 0.865378916 0.068991385 0.496346235 125.567810059
0.444374710 0.078272626 -0.892414987 2.692340851 -0.097231038 0.994504750 0.038810980 -14.170670509 0.890548825 0.069523811 0.449543297 125.745758057
0.396777689 0.080293790 -0.914396167 2.218345642 -0.094814554 0.994423330 0.046178803 -14.195625305 0.913004756 0.068375327 0.402178049 125.922805786
0.351572067 0.082742997 -0.932497025 1.724788666 -0.096204266 0.994006038 0.051929716 -14.213848114 0.931204498 0.071453147 0.357425034 126.060447693
0.307977736 0.086260818 -0.947475016 1.225776672 -0.101900510 0.993143260 0.057295728 -14.234218597 0.945920706 0.078902364 0.314655989 126.176788330
0.266381562 0.087656267 -0.959873557 0.709238052 -0.106341079 0.992449462 0.061119623 -14.250226021 0.957983494 0.085792847 0.273691714 126.279586792
0.227021366 0.084050983 -0.970256031 0.179252625 -0.106426865 0.992443264 0.061071165 -14.265767097 0.968057156 0.089396849 0.234251052 126.379989624
0.191994384 0.079159282 -0.978198349 -0.355924606 -0.101566970 0.992992163 0.060421545 -14.288860321 0.976126194 0.087752044 0.198688909 126.472274780
0.161630183 0.074000813 -0.984073043 -0.903848648 -0.098718517 0.993395209 0.058487691 -14.308647156 0.981901407 0.087692849 0.167867914 126.551452637
0.135215223 0.072435141 -0.988165021 -1.471132278 -0.100091971 0.993220925 0.059109684 -14.328020096 0.985747755 0.090914868 0.141548753 126.619812012
0.112946369 0.071356103 -0.991035521 -2.060460091 -0.100381710 0.993134260 0.060066905 -14.339320183 0.988517344 0.092697516 0.119333722 126.680282593
0.094570018 0.072850406 -0.992849171 -2.656427383 -0.102377139 0.992743015 0.063091077 -14.354133606 0.990240097 0.095678546 0.101341933 126.735496521
0.078513421 0.071274802 -0.994361877 -3.261657715 -0.103491656 0.992634416 0.062979430 -14.379544258 0.991526663 0.097963430 0.085311465 126.786224365
0.064271137 0.070320196 -0.995451808 -3.881140709 -0.102454178 0.992708147 0.063511461 -14.409227371 0.992659390 0.097906239 0.071007080 126.839576721
0.051971905 0.067901932 -0.996337473 -4.520168304 -0.098098263 0.993207753 0.062571548 -14.431203842 0.993818760 0.094487026 0.058279946 126.884094238
0.040035259 0.065107085 -0.997074842 -5.166862011 -0.095679075 0.993539333 0.061034456 -14.445933342 0.994606733 0.092955664 0.046005987 126.919189453
0.029334337 0.064073779 -0.997513950 -5.831608295 -0.094979890 0.993606687 0.061029688 -14.465720177 0.995046914 0.092953503 0.035232510 126.960044861
0.019712586 0.065611660 -0.997650504 -6.502470016 -0.098223783 0.993144393 0.063374504 -14.487645149 0.994969070 0.096743740 0.026022069 126.981346130
0.011243084 0.065523267 -0.997787714 -7.178590775 -0.101219885 0.992799819 0.064055167 -14.514116287 0.994800508 0.100275777 0.017794386 126.995208740
0.004762116 0.064955160 -0.997876763 -7.867634296 -0.103019170 0.992610455 0.064120725 -14.536137581 0.994667947 0.102495097 0.011418555 127.016410828
-0.000273970 0.065769739 -0.997834742 -8.566790581 -0.103785627 0.992444336 0.065442935 -14.552812576 0.994599581 0.103578836 0.006554054 127.032768250
-0.003946956 0.068126626 -0.997668803 -9.291366577 -0.106010847 0.992026150 0.068160705 -14.571339607 0.994357109 0.106032752 0.003306678 127.056037903
-0.004729840 0.072522603 -0.997355521 -10.025646210 -0.108541027 0.991436899 0.072606966 -14.599014282 0.994080603 0.108597420 0.003182340 127.058242798
-0.005713389 0.075374454 -0.997138917 -10.742740631 -0.110654786 0.990983725 0.075543195 -14.611159325 0.993842483 0.110769808 0.002678668 127.070045471
-0.006404728 0.080924936 -0.996699572 -11.481797218 -0.115277126 0.990015268 0.081122980 -14.618390083 0.993312716 0.115416251 0.002988016 127.080612183
-0.007246415 0.084948137 -0.996358931 -12.224793434 -0.118436135 0.989298940 0.085207604 -14.632716179 0.992935181 0.118622348 0.002892059 127.085716248
-0.008828420 0.085280426 -0.996317863 -12.972207069 -0.118638389 0.989230037 0.085725009 -14.647954941 0.992898226 0.118958361 0.001384192 127.109642029
-0.010315345 0.082292758 -0.996554792 -13.716010094 -0.116255023 0.989750743 0.082934268 -14.666290283 0.993165791 0.116709985 -0.000642675 127.131355286
-0.011875592 0.078694999 -0.996828020 -14.474779129 -0.119801715 0.989605546 0.079552062 -14.670886040 0.992726803 0.120366417 -0.002324355 127.146125793
-0.013120897 0.080671273 -0.996654332 -15.245961189 -0.124890365 0.988802731 0.081679918 -14.682770729 0.992083728 0.125544265 -0.002898914 127.146644592
-0.014459288 0.083529182 -0.996400416 -16.027120590 -0.122040428 0.988906860 0.084671967 -14.695829391 0.992419779 0.122825444 -0.004104952 127.162887573
-0.016670397 0.083573528 -0.996362150 -16.800865173 -0.120907120 0.989019573 0.084980570 -14.711385727 0.992523789 0.121883929 -0.006382716 127.180267334
-0.017138837 0.083105020 -0.996393323 -17.592660904 -0.124414608 0.988617480 0.084596500 -14.721729279 0.992082298 0.125415772 -0.006604277 127.175979614
-0.018439803 0.082440637 -0.996425390 -18.388351440 -0.128557503 0.988126814 0.084133126 -14.731310844 0.991530597 0.129649326 -0.007622506 127.191642761
-0.019746611 0.086693130 -0.996039391 -19.185161591 -0.130346864 0.987507641 0.088534705 -14.736503601 0.991271734 0.131578878 -0.008199752 127.202110291
-0.020608293 0.091550559 -0.995587230 -19.988113403 -0.129660472 0.987144291 0.093458109 -14.749938011 0.991344213 0.131014273 -0.008472871 127.219116211
-0.019652199 0.093949258 -0.995383024 -20.812543869 -0.130271494 0.986847401 0.095715642 -14.757773399 0.991283536 0.131551072 -0.007154810 127.233901978
-0.017862249 0.092812106 -0.995523453 -21.631164551 -0.129695266 0.987054825 0.094349667 -14.764213562 0.991393030 0.130799979 -0.005593725 127.246368408
-0.016351292 0.092475377 -0.995580673 -22.461883545 -0.129811093 0.987090230 0.093818747 -14.765000343 0.991403937 0.130771473 -0.004135868 127.254875183
-0.016492957 0.091732360 -0.995647132 -23.288000107 -0.128218189 0.987367034 0.093093432 -14.771216393 0.991608858 0.129195482 -0.004522847 127.282356262
-0.015750218 0.093704276 -0.995475531 -24.124698639 -0.129125461 0.987071395 0.094956204 -14.777374268 0.991503119 0.130036801 -0.003446980 127.303573608
-0.015678670 0.095635816 -0.995292902 -24.964397430 -0.130783424 0.986667335 0.096867204 -14.777603149 0.991287053 0.131686583 -0.002962052 127.324844360
-0.015091758 0.098494478 -0.995023131 -25.828763962 -0.134069681 0.985950887 0.099629909 -14.783049583 0.990857005 0.134906024 -0.001674613 127.334037781
-0.013470992 0.099512346 -0.994944990 -26.691898346 -0.136271119 0.985568881 0.100419581 -14.778627396 0.990580022 0.136935025 0.000284066 127.347175598
-0.011409565 0.102693148 -0.994647622 -27.566116333 -0.143083110 0.984308362 0.103266962 -14.777840614 0.989644945 0.143495500 0.003463122 127.358726501
-0.009532187 0.106790371 -0.994235992 -28.445190430 -0.147932276 0.983189821 0.107022233 -14.775270462 0.988951564 0.148099750 0.006425795 127.379905701
-0.007603041 0.108710736 -0.994044304 -29.319679260 -0.150470495 0.982630014 0.108613335 -14.769943237 0.988585353 0.150400117 0.008886782 127.412414551
-0.003697443 0.109793715 -0.993947506 -30.219623566 -0.149691999 0.982694209 0.109107479 -14.771746635 0.988725781 0.149189368 0.012801785 127.434440613
-0.001119887 0.109572835 -0.993978143 -31.111707687 -0.152100399 0.982395291 0.108467333 -14.762938499 0.988364458 0.151305914 0.015565900 127.464736938
0.001242108 0.113374405 -0.993551552 -32.013866425 -0.152697176 0.981922507 0.111856513 -14.754055023 0.988272250 0.151573554 0.018531604 127.497505188
0.003406124 0.115441851 -0.993308365 -32.932762146 -0.151629582 0.981888354 0.113594674 -14.749710083 0.988431454 0.150228038 0.020848835 127.542114258
0.005068604 0.116801493 -0.993142307 -33.825260162 -0.152371004 0.981648326 0.114672057 -14.745449066 0.988310337 0.150744870 0.022772748 127.584754944
0.007904248 0.115181677 -0.993312955 -34.730697632 -0.153870150 0.981653750 0.112605289 -14.737792969 0.988059342 0.151951194 0.025482260 127.613334656
0.007777416 0.116265699 -0.993187726 -35.643634796 -0.158362076 0.980826855 0.113578603 -14.725543976 0.987350404 0.156399965 0.026040375 127.658004761
0.008761090 0.117088571 -0.993082881 -36.538394928 -0.159292579 0.980602622 0.114211805 -14.720324516 0.987192571 0.157190084 0.027242487 127.695899963
0.009063967 0.113311827 -0.993518174 -37.433708191 -0.159603760 0.980985522 0.110426389 -14.714677811 0.987139523 0.157568291 0.026976610 127.730911255
0.009970340 0.109259233 -0.993963301 -38.347492218 -0.160682604 0.981270313 0.106252201 -14.714834213 0.986955762 0.158653259 0.027339652 127.776382446
0.010412802 0.108544566 -0.994037092 -39.243839264 -0.160394430 0.981400311 0.105484530 -14.708599091 0.986998081 0.158339605 0.027629072 127.819358826
0.010253396 0.112757407 -0.993569672 -40.143817902 -0.162806153 0.980551898 0.109599933 -14.703670502 0.986604810 0.160635516 0.028411590 127.862251282
0.010744809 0.118992947 -0.992836893 -41.078689575 -0.163560256 0.979730904 0.115652077 -14.690392494 0.986474812 0.161146015 0.029989541 127.896568298
0.010998324 0.117657989 -0.992993236 -41.973590851 -0.161438107 0.980234683 0.114358164 -14.688343048 0.986821532 0.159049213 0.029775422 127.942176819
0.011936333 0.107231155 -0.994162440 -42.863227844 -0.160670549 0.981520116 0.103938468 -14.692298889 0.986935854 0.158491984 0.028944639 127.986251831
0.012149690 0.096765883 -0.995232940 -43.788814545 -0.162318334 0.982296050 0.093526445 -14.696833611 0.986663640 0.160408244 0.027641470 128.026092529
0.011292160 0.093534909 -0.995551884 -44.688133240 -0.159136787 0.983094335 0.090559460 -14.702060699 0.987191916 0.157406360 0.025986107 128.072067261
0.011385703 0.103607513 -0.994553089 -45.612045288 -0.151866674 0.983258665 0.100692347 -14.703117371 0.988335371 0.149893075 0.026929623 128.119995117
0.011148722 0.116791807 -0.993093967 -46.552066803 -0.146742582 0.982594073 0.113909632 -14.699089050 0.989111841 0.144459218 0.028093006 128.182693481
0.011353861 0.125881195 -0.991980314 -47.473014832 -0.146932349 0.981485844 0.122867703 -14.689188004 0.989081323 0.144359007 0.029639672 128.229614258
0.011024171 0.120093562 -0.992701411 -48.390445709 -0.147007763 0.982169032 0.117186844 -14.684127808 0.989073932 0.144642949 0.028482288 128.272140503
0.011168058 0.106771350 -0.994220793 -49.303440094 -0.147038788 0.983649611 0.103984423 -14.683748245 0.989067674 0.145027712 0.026684985 128.316482544
0.011706199 0.097830355 -0.995134294 -50.217094421 -0.147696972 0.984455347 0.095043108 -14.681340218 0.988963425 0.145865723 0.025973476 128.360244751
0.012166515 0.097906545 -0.995121241 -51.138511658 -0.146944121 0.984565318 0.095071420 -14.689531326 0.989069998 0.145070508 0.026365519 128.408386230
0.011187914 0.099530473 -0.994971573 -52.064155579 -0.149695411 0.983987272 0.096748434 -14.706976891 0.988668919 0.147860229 0.025908016 128.458969116
0.012152595 0.098733142 -0.995039761 -53.029449463 -0.154414952 0.983361423 0.095688447 -14.702873230 0.987931311 0.152486160 0.027196271 128.480438232
0.012921774 0.098339036 -0.995069146 -53.957305908 -0.155999511 0.983164728 0.095136799 -14.702806473 0.987672627 0.154000923 0.028045075 128.520111084
0.013788292 0.105813257 -0.994290411 -54.904491425 -0.165337071 0.980937839 0.102099478 -14.700609207 0.986140728 0.162985265 0.031020315 128.555557251
0.015707819 0.115406603 -0.993194222 -55.845554352 -0.171020329 0.978989005 0.111051254 -14.694761276 0.985142231 0.168112025 0.035114668 128.590789795
0.016455904 0.123255871 -0.992238462 -56.828762054 -0.171172708 0.978069723 0.118657000 -14.684297562 0.985103607 0.167891562 0.037193071 128.652709961
0.017296065 0.124079078 -0.992121637 -57.768615723 -0.172538772 0.977754533 0.119274363 -14.674880981 0.984850883 0.169116467 0.038319763 128.700317383
0.018352240 0.114663862 -0.993234813 -58.706050873 -0.174040243 0.978602529 0.109758869 -14.671661377 0.984567523 0.170848519 0.037915681 128.756423950
0.019733420 0.109934948 -0.993742943 -59.655498505 -0.172690794 0.979372501 0.104915984 -14.669881821 0.984778464 0.169539914 0.038311128 128.805831909
0.021792945 0.107983060 -0.993913829 -60.599143982 -0.171333268 0.979845941 0.102697939 -14.672029495 0.984972060 0.168052450 0.039854817 128.865829468
0.025755975 0.114250302 -0.993118048 -61.554653168 -0.172593534 0.979037344 0.108154304 -14.667367935 0.984656274 0.168620169 0.044934928 128.913879395
0.028861875 0.116353184 -0.992788434 -62.526557922 -0.175641209 0.978339553 0.109553635 -14.668294907 0.984031022 0.171212688 0.048673131 128.978469849
0.032668523 0.111298032 -0.993249953 -63.466636658 -0.174783438 0.979102850 0.103964053 -14.669467926 0.984064817 0.170207277 0.051438898 129.047073364
0.035027307 0.105303496 -0.993823051 -64.435531616 -0.174489036 0.979803324 0.097668126 -14.676858902 0.984035909 0.169990137 0.052694175 129.126342773
0.038818844 0.105189584 -0.993694246 -65.387207031 -0.172111273 0.980285525 0.097046614 -14.678653717 0.984312415 0.167258739 0.056157857 129.194595337
0.041146908 0.109756701 -0.993106484 -66.339363098 -0.169628873 0.980286658 0.101311743 -14.688867569 0.984648705 0.164290845 0.058953680 129.277221680
0.044295091 0.116484016 -0.992204309 -67.298637390 -0.168851614 0.979763269 0.107485384 -14.693513870 0.984645665 0.162774235 0.063067220 129.367111206
0.046984941 0.120592535 -0.991589487 -68.306831360 -0.166841924 0.979688466 0.111239612 -14.697850227 0.984863460 0.160212144 0.066150479 129.448867798
0.049295403 0.122228712 -0.991277099 -69.263237000 -0.166421846 0.979614377 0.112514630 -14.691980362 0.984821677 0.159423709 0.068632014 129.528503418
0.051654980 0.119100116 -0.991537571 -70.220542908 -0.164661467 0.980289876 0.109170891 -14.683108330 0.984996617 0.157628819 0.070248045 129.608551025
0.052708328 0.117696799 -0.991649747 -71.164611816 -0.162768349 0.980762720 0.107753173 -14.686331749 0.985255420 0.155729741 0.070851684 129.687088013
0.052091405 0.114099033 -0.992102742 -72.118614197 -0.159262761 0.981685817 0.104538746 -14.694592476 0.985860944 0.152559489 0.069309123 129.786315918
0.052062966 0.113959320 -0.992120326 -73.070739746 -0.157996982 0.981895089 0.104493693 -14.685356140 0.986066103 0.151311770 0.069125600 129.871841431
0.051918339 0.118711986 -0.991570413 -74.021682739 -0.155079603 0.981822968 0.109425083 -14.683668137 0.986536801 0.148091212 0.069384411 129.958175659
0.051215503 0.120873623 -0.991345823 -74.984748840 -0.149623588 0.982373416 0.112049684 -14.691320419 0.987415671 0.142590061 0.068398304 130.052902222
0.051275730 0.116409436 -0.991876960 -75.967773438 -0.146728501 0.983283460 0.107815683 -14.683335304 0.987846851 0.140008241 0.067499176 130.120391846
0.050466403 0.113171294 -0.992293000 -76.919662476 -0.148675442 0.983339608 0.104588777 -14.684006691 0.987597466 0.142251372 0.066451408 130.194183350
0.049489461 0.109847926 -0.992715538 -77.880538940 -0.145398632 0.984137356 0.101650216 -14.679847717 0.988134682 0.139308840 0.064676166 130.272293091
0.047145396 0.110278450 -0.992781937 -78.845123291 -0.145275459 0.984076560 0.102412596 -14.678868294 0.988267362 0.139398590 0.062415432 130.356384277
0.046153411 0.111735590 -0.992665589 -79.795158386 -0.145851061 0.983829200 0.103959702 -14.679055214 0.988229334 0.139983222 0.061703831 130.435653687
0.045032542 0.112532184 -0.992627084 -80.761535645 -0.148246646 0.983386099 0.104759075 -14.683754921 0.987924576 0.142436028 0.060966894 130.503280640
0.044012420 0.113133349 -0.992604554 -81.711280823 -0.148422405 0.983281612 0.105489656 -14.678254128 0.987944186 0.142681897 0.060068119 130.570648193
0.041959196 0.113429263 -0.992659688 -82.662078857 -0.148545876 0.983200610 0.106069431 -14.675785065 0.988014936 0.143004909 0.058103744 130.642868042
0.039665595 0.116515860 -0.992396533 -83.604164124 -0.148455754 0.982842505 0.109460436 -14.674165726 0.988123238 0.142985135 0.056282483 130.721435547
0.038215388 0.120657027 -0.991958380 -84.566551208 -0.149694726 0.982173026 0.113699771 -14.662277222 0.987993598 0.144145846 0.055595830 130.772689819
0.036189318 0.125031695 -0.991492569 -85.516670227 -0.150758326 0.981470942 0.118265286 -14.644970894 0.987908065 0.145195797 0.054368339 130.838287354
0.034232784 0.125280663 -0.991530538 -86.463424683 -0.151155457 0.981348336 0.118775450 -14.640621185 0.987917185 0.145809218 0.052531134 130.903823853
0.032773640 0.119558550 -0.992286086 -87.406501770 -0.151400641 0.981956184 0.113313414 -14.630409241 0.987928987 0.146519080 0.050283529 130.969985962
0.030599270 0.115170591 -0.992874384 -88.344696045 -0.156160668 0.981692195 0.109060809 -14.620840073 0.987257600 0.151710734 0.048024185 131.031723022
0.030428048 0.112730063 -0.993159652 -89.317115784 -0.154795572 0.982163548 0.106739357 -14.608869553 0.987477839 0.150488853 0.047335431 131.079544067
0.029328179 0.113894694 -0.993059874 -90.268119812 -0.150763065 0.982625723 0.108245492 -14.611295700 0.988134801 0.146542102 0.045989741 131.143386841
0.028651752 0.115190297 -0.992930114 -91.222122192 -0.147476420 0.982954502 0.109777473 -14.605056763 0.988650501 0.143288463 0.045151226 131.209991455
0.027466843 0.115232095 -0.992958844 -92.167404175 -0.142556399 0.983632088 0.110206403 -14.604938507 0.989405453 0.138525620 0.043444350 131.277984619
0.026495054 0.112368360 -0.993313372 -93.113914490 -0.138483420 0.984493732 0.107676819 -14.604001999 0.990010321 0.134704545 0.041645374 131.339996338
0.025548100 0.109607324 -0.993646562 -94.081550598 -0.133056656 0.985500038 0.105287611 -14.612923622 0.990779102 0.129521385 0.039761640 131.397674561
0.024593219 0.112104133 -0.993392050 -95.039688110 -0.131042480 0.985480011 0.107967064 -14.612140656 0.991071582 0.127521321 0.038926534 131.455154419
0.022903297 0.114769891 -0.993127942 -95.987525940 -0.130900890 0.985180795 0.110832646 -14.613214493 0.991130888 0.127462924 0.037587367 131.519577026
0.022020243 0.112966716 -0.993354738 -96.940032959 -0.125854686 0.986004591 0.109340943 -14.606179237 0.991804183 0.122610636 0.035929453 131.564437866
0.018864218 0.109458044 -0.993812323 -97.900909424 -0.124448925 0.986516297 0.106292218 -14.602729797 0.992046654 0.121673748 0.032231793 131.627273560
0.015764816 0.107151471 -0.994117737 -98.850479126 -0.123270221 0.986864686 0.104414888 -14.602209091 0.992247880 0.120899022 0.028766323 131.683700562
0.013877836 0.105435140 -0.994329393 -99.813705444 -0.116990447 0.987766325 0.103106387 -14.602044106 0.993036032 0.114896141 0.026042972 131.727874756
0.010744449 0.106774919 -0.994225204 -100.759948730 -0.111188836 0.988244116 0.104930997 -14.606390953 0.993741095 0.109419324 0.022490323 131.789199829
0.007822972 0.114788212 -0.993359208 -101.752197266 -0.101478353 0.988352299 0.113410465 -14.603283882 0.994807005 0.099917263 0.019380370 131.852920532
0.005230919 0.123006649 -0.992392123 -102.710586548 -0.093556292 0.988113105 0.121983126 -14.595406532 0.995600224 0.092206441 0.016676785 131.909271240
0.000854646 0.122496150 -0.992468596 -103.666374207 -0.089182660 0.988523662 0.121932425 -14.585273743 0.996015012 0.088406786 0.011769371 131.969055176
-0.000490534 0.112519346 -0.993649423 -104.618515015 -0.090475030 0.989569306 0.112101987 -14.581079483 0.995898604 0.089955471 0.009694775 131.989425659
-0.002587602 0.103065997 -0.994671166 -105.565750122 -0.092250869 0.990408301 0.102864288 -14.574378967 0.995732367 0.092025451 0.006945145 132.026962280
-0.003394687 0.105240420 -0.994441032 -106.517044067 -0.100078829 0.989418328 0.105050512 -14.579948425 0.994973660 0.099879123 0.007173573 132.054168701
-0.003900926 0.113908216 -0.993483543 -107.494491577 -0.102981098 0.988163233 0.113702558 -14.556468964 0.994675636 0.102753595 0.007875640 132.082580566
-0.005470125 0.125197262 -0.992116809 -108.457351685 -0.106852710 0.986378193 0.125062242 -14.539761543 0.994259834 0.106694467 0.007982053 132.112548828
-0.007064940 0.126879647 -0.991892993 -109.400451660 -0.113802642 0.985371292 0.126855984 -14.524435997 0.993478239 0.113776281 0.007477649 132.144607544
-0.006749792 0.124056511 -0.992252171 -110.389770508 -0.121490531 0.984822571 0.123954058 -14.502809525 0.992569625 0.121385910 0.008424343 132.160491943
-0.007006358 0.120021895 -0.992746472 -111.344306946 -0.129608840 0.984287739 0.119913958 -14.485176086 0.991540432 0.129508868 0.008659629 132.184814453
-0.005116748 0.122131787 -0.992500663 -112.310020447 -0.134165317 0.983456314 0.121710517 -14.462495804 0.990945637 0.133781955 0.011353752 132.211669922
-0.003318114 0.123325296 -0.992360771 -113.294158936 -0.142488986 0.982182026 0.122536786 -14.439416885 0.989790857 0.141807020 0.014313504 132.231307983
-0.002752567 0.126016214 -0.992024422 -114.258224487 -0.151703864 0.980493724 0.124972411 -14.417653084 0.988422096 0.150837898 0.016418269 132.251800537
-0.002585178 0.128410861 -0.991717696 -115.232498169 -0.157147318 0.979346812 0.127218679 -14.393596649 0.987571836 0.156174630 0.017647633 132.278884888
-0.002280097 0.127530053 -0.991832018 -116.209877014 -0.161122292 0.978828907 0.126228482 -14.374059677 0.986931920 0.160094053 0.018316112 132.317871094
-0.000984900 0.117941938 -0.993019938 -117.163429260 -0.160063237 0.980198681 0.116577893 -14.371974945 0.987106204 0.159060791 0.017912768 132.353866577
0.000809699 0.106571548 -0.994304657 -118.118492126 -0.163386047 0.980957866 0.105007946 -14.359257698 0.986561894 0.162370488 0.018206583 132.386581421
