1.000000000 0.000000000 0.000000000 0.000000000 0.000000000 1.000000000 0.000000000 0.000000000 0.000000000 0.000000000 1.000000000 0.000000000
0.999997854 -0.001572970 -0.001334409 0.048418056 0.001570151 0.999996543 -0.002111022 -0.132970601 0.001337725 0.002108922 0.999996901 1.298154354
0.999997616 0.000021107 -0.002153726 0.104582436 -0.000034770 0.999979854 -0.006344072 -0.268742740 0.002153548 0.006344131 0.999977469 2.603166342
0.999995947 0.002473772 -0.001357323 0.149238884 -0.002484396 0.999965787 -0.007882613 -0.407507807 0.001337777 0.007885952 0.999967992 3.907719851
0.999983668 0.005717115 0.000122863 0.194490835 -0.005716177 0.999961734 -0.006619148 -0.545628071 -0.000160701 0.006618337 0.999978065 5.222383499
0.999974251 0.006743284 0.002455407 0.240370646 -0.006735350 0.999972105 -0.003225084 -0.692829669 -0.002477086 0.003208463 0.999991775 6.534890175
0.999959290 0.006979509 0.005711257 0.298401803 -0.006968638 0.999973893 -0.001921112 -0.830052316 -0.005724515 0.001881234 0.999981880 7.838425159
0.999942899 0.005462989 0.009177761 0.352897882 -0.005445984 0.999983430 -0.001876738 -0.963092625 -0.009187862 0.001826649 0.999956131 9.145556450
0.999912560 0.004156991 0.012557676 0.430238962 -0.004134296 0.999989867 -0.001832518 -1.099644780 -0.012565165 0.001780440 0.999919474 10.444973946
0.999869466 0.002990349 0.015877120 0.495404363 -0.002950777 0.999992490 -0.002515276 -1.238544464 -0.015884526 0.002468098 0.999870777 11.753137589
0.999810815 0.001913864 0.019353908 0.571039438 -0.001849801 0.999992788 -0.003327462 -1.375104427 -0.019360136 0.003291032 0.999807119 13.046962738
0.999743581 0.001934242 0.022560393 0.642298937 -0.001863083 0.999993205 -0.003174734 -1.524362326 -0.022566380 0.003131889 0.999740422 14.365395546
0.999659061 0.001779162 0.026052346 0.724793494 -0.001669009 0.999989569 -0.004249305 -1.662046194 -0.026059629 0.004204375 0.999651611 15.659673691
0.999569237 0.002985423 0.029195400 0.807321072 -0.002867391 0.999987483 -0.004083847 -1.799923301 -0.029207226 0.003998374 0.999565363 16.960803986
0.999472141 0.002590213 0.032382809 0.898576200 -0.002474002 0.999990344 -0.003628200 -1.939666629 -0.032391898 0.003546169 0.999468923 18.246332169
0.999403596 0.001006881 0.034516674 1.000227690 -0.000889698 0.999993801 -0.003410156 -2.081910610 -0.034519900 0.003377412 0.999398291 19.547681808
0.999348581 -0.001467847 0.036060415 1.098849297 0.001639487 0.999987483 -0.004730665 -2.222613573 -0.036053024 0.004786703 0.999338448 20.822437286
0.999304056 -0.001188983 0.037280422 1.197533131 0.001431320 0.999978006 -0.006474381 -2.364328384 -0.037271909 0.006523236 0.999283850 22.132087708
0.999256551 -0.001088639 0.038537528 1.280220985 0.001435690 0.999958575 -0.008978997 -2.509510279 -0.038526159 0.009027649 0.999216795 23.416637421
0.999221444 -0.000748105 0.039445750 1.386490345 0.001169016 0.999942601 -0.010648653 -2.649841785 -0.039435524 0.010686474 0.999165118 24.700702667
0.999176741 -0.000125034 0.040569827 1.487410784 0.000577561 0.999937773 -0.011142747 -2.796342611 -0.040565912 0.011157004 0.999114573 25.969713211
0.999168992 -0.001800573 0.040720008 1.591882467 0.002215351 0.999946117 -0.010143279 -2.943954229 -0.040699549 0.010225059 0.999119103 27.267196655
0.999154866 -0.004697308 0.040835176 1.688186169 0.005072545 0.999945819 -0.009090297 -3.089968204 -0.040790267 0.009289753 0.999124527 28.549943924
0.999186635 -0.006347178 0.039821498 1.793219328 0.006724138 0.999933779 -0.009339469 -3.238113403 -0.039759580 0.009599638 0.999163151 29.837738037
0.999206245 -0.007937611 0.039036185 1.897118807 0.008408813 0.999893546 -0.011921562 -3.383875847 -0.038937394 0.012240348 0.999166727 31.105401993
0.999234080 -0.007947481 0.038313728 2.005753517 0.008418562 0.999890745 -0.012149752 -3.531437874 -0.038212977 0.012462994 0.999191880 32.396579742
0.999245048 -0.008676304 0.037867919 2.099918604 0.009156331 0.999879658 -0.012521357 -3.674256802 -0.037754718 0.012858636 0.999204278 33.663066864
0.999266148 -0.009043669 0.037219968 2.201958418 0.009517862 0.999875546 -0.012582825 -3.820503950 -0.037101537 0.012927844 0.999227881 34.933990479
0.999276400 -0.009626243 0.036794290 2.295241117 0.010112617 0.999863625 -0.013055577 -3.965559483 -0.036663584 0.013418217 0.999237537 36.195804596
0.999320269 -0.010072108 0.035462189 2.406799793 0.010545098 0.999857605 -0.013176139 -4.123163223 -0.035324421 0.013541136 0.999284148 37.481140137
0.999318302 -0.009816812 0.035590455 2.499486208 0.010227333 0.999883115 -0.011370937 -4.268852711 -0.035474665 0.011727183 0.999301732 38.740032196
0.999283314 -0.009940408 0.036524203 2.599968433 0.010323737 0.999893367 -0.010321560 -4.407929420 -0.036417715 0.010691228 0.999279439 40.009635925
0.999196947 -0.011704481 0.038319621 2.704184532 0.012040984 0.999890804 -0.008562506 -4.551585197 -0.038215220 0.009017037 0.999228776 41.258255005
0.999096155 -0.012621848 0.040589821 2.806698322 0.013030574 0.999866843 -0.009820916 -4.697031498 -0.040460464 0.010340947 0.999127746 42.524497986
0.998971581 -0.013962458 0.043138601 2.901982784 0.014532665 0.999810696 -0.012932810 -4.846116066 -0.042949863 0.013546426 0.998985350 43.774261475
0.998892605 -0.015066285 0.044570848 3.026873112 0.015713738 0.999775529 -0.014211784 -4.991878510 -0.044346720 0.014896424 0.998905063 45.051818848
0.998764992 -0.015403100 0.047236059 3.150197983 0.016039159 0.999785364 -0.013116150 -5.124300003 -0.047023885 0.013857580 0.998797596 46.284927368
0.998569787 -0.016417077 0.050881032 3.254558325 0.016915286 0.999812901 -0.009376503 -5.282625675 -0.050717570 0.010223758 0.998660684 47.548103333
0.998305619 -0.019608321 0.054785192 3.374767065 0.020049013 0.999770820 -0.007505963 -5.419209003 -0.054625459 0.008591634 0.998469889 48.776885986
0.998075604 -0.021562679 0.058138467 3.504900217 0.022054465 0.999726117 -0.007830386 -5.562726498 -0.057953700 0.009097531 0.998277843 50.031578064
0.997797489 -0.024960129 0.061457742 3.646348953 0.025722280 0.999601305 -0.011641288 -5.698844910 -0.061142668 0.013196481 0.998041868 51.263648987
0.997512937 -0.026230205 0.065420710 3.775545597 0.027057854 0.999564230 -0.011797211 -5.831609249 -0.065082766 0.013538014 0.997787952 52.502456665
0.997157097 -0.028825123 0.069620267 3.903568745 0.029538374 0.999520898 -0.009236984 -5.971022606 -0.069320664 0.011267191 0.997530699 53.720874786
0.996886194 -0.031753503 0.072179712 4.061684132 0.032268997 0.999461234 -0.005986569 -6.106052399 -0.071950749 0.008297093 0.997373641 54.934558868
0.996645331 -0.034293197 0.074311391 4.210852146 0.034700025 0.999388993 -0.004189979 -6.237239838 -0.074122317 0.006754531 0.997226298 56.153491974
0.996443987 -0.037743509 0.075332709 4.365839005 0.037938502 0.999279380 -0.001158517 -6.363559246 -0.075234696 0.004012407 0.997157693 57.364746094
0.996288180 -0.040795937 0.075798273 4.520913601 0.040886760 0.999163628 0.000353855 -6.488945007 -0.075749308 0.002746604 0.997123003 58.568378448
0.996231079 -0.042681552 0.075510956 4.660513401 0.043020751 0.999070048 -0.002870419 -6.615960121 -0.075318217 0.006108138 0.997140825 59.774063110
0.996236622 -0.043875583 0.074750163 4.807390213 0.044531543 0.998982489 -0.007130515 -6.743998051 -0.074361242 0.010432419 0.997176707 60.961601257
0.996251225 -0.045219634 0.073746294 4.939434052 0.046164833 0.998871565 -0.011162309 -6.872467518 -0.073158309 0.014524953 0.997214556 62.163501740
0.996308744 -0.046672385 0.072044596 5.085565567 0.047759406 0.998768449 -0.013438954 -7.004929543 -0.071328640 0.016830154 0.997310877 63.351448059
0.996423900 -0.047084481 0.070161670 5.215711117 0.048164889 0.998744249 -0.013786599 -7.138601303 -0.069424413 0.017116621 0.997440457 64.535751343
0.996644557 -0.046569861 0.067310520 5.349429607 0.047555082 0.998782635 -0.013108768 -7.274083138 -0.066618100 0.016265737 0.997645915 65.712982178
0.996894479 -0.045389760 0.064351678 5.466348648 0.046213869 0.998866737 -0.011375492 -7.411300659 -0.063762411 0.014314103 0.997862399 66.912933350
0.997284770 -0.041519146 0.060822152 5.584265709 0.042078581 0.999082685 -0.007945566 -7.540412903 -0.060436465 0.010483302 0.998116970 68.089485168
0.997537434 -0.039876204 0.057696808 5.701307297 0.040254757 0.999174774 -0.005413417 -7.669715881 -0.057433333 0.007722658 0.998319387 69.279403687
0.997753501 -0.039028272 0.054449804 5.814353943 0.039545439 0.999181986 -0.008452740 -7.804591656 -0.054075375 0.010586992 0.998480678 70.442993164
0.997925758 -0.039319653 0.050972026 5.927234173 0.040164784 0.999070287 -0.015662933 -7.932852745 -0.050308786 0.017677724 0.998577178 71.619369507
0.997982442 -0.042986173 0.046724208 6.040726662 0.043900270 0.998860598 -0.018716399 -8.074787140 -0.045866426 0.020729845 0.998732567 72.805519104
0.997999251 -0.046170130 0.043193955 6.140157223 0.046805091 0.998808682 -0.013805730 -8.210872650 -0.042505089 0.015799806 0.998971224 73.971618652
0.997981191 -0.050849453 0.038050082 6.249648094 0.051227659 0.998646140 -0.009030855 -8.336531639 -0.037539355 0.010961840 0.999234974 75.138809204
0.998082817 -0.051429257 0.034434773 6.341188908 0.051664386 0.998646617 -0.005972764 -8.472544670 -0.034081005 0.007740365 0.999389112 76.330696106
0.998265862 -0.050448637 0.030331587 6.430522919 0.050580245 0.998713493 -0.003587140 -8.595535278 -0.030111596 0.005115099 0.999533534 77.489456177
0.998397112 -0.050009109 0.026501562 6.516829491 0.050131951 0.998734534 -0.003990879 -8.709370613 -0.026268460 0.005313058 0.999640763 78.641998291
0.998521984 -0.049002022 0.023505447 6.587296486 0.049144983 0.998776376 -0.005543239 -8.841396332 -0.023205059 0.006690222 0.999708295 79.814140320
0.998700082 -0.046791401 0.020217191 6.663165569 0.047013868 0.998837233 -0.010671824 -8.968998909 -0.019694338 0.011608439 0.999738634 80.961555481
0.998620868 -0.049938560 0.016200811 6.751972198 0.050189678 0.998619735 -0.015482727 -9.106277466 -0.015405266 0.016274489 0.999748886 82.120986938
0.998476565 -0.053514056 0.013441125 6.811696529 0.053735599 0.998415530 -0.016700780 -9.233476639 -0.012526104 0.017397609 0.999770164 83.249916077
0.998501956 -0.053852096 0.009683522 6.877817154 0.053979989 0.998451173 -0.013469618 -9.361092567 -0.008943158 0.013972156 0.999862373 84.386619568
0.998498857 -0.054409675 0.006299387 6.950224876 0.054476745 0.998454273 -0.011015533 -9.492532730 -0.005690299 0.011342167 0.999919474 85.519569397
0.998632371 -0.051951408 0.005860172 6.989209175 0.052020632 0.998569548 -0.012354503 -9.624634743 -0.005209957 0.012642456 0.999906480 86.664405823
0.998819888 -0.048275206 0.005321563 7.041383266 0.048351731 0.998712659 -0.015336648 -9.754287720 -0.004574333 0.015575856 0.999868155 87.785324097
0.998893201 -0.046860185 0.004055755 7.101784706 0.046926595 0.998732269 -0.018217131 -9.882332802 -0.003196956 0.018387292 0.999825776 88.883964539
0.998816788 -0.048504300 0.003489866 7.143548965 0.048562005 0.998639941 -0.018974289 -10.019396782 -0.002564785 0.019121315 0.999813855 90.038902283
0.998767078 -0.049600467 0.002015815 7.195167542 0.049626939 0.998632908 -0.016416123 -10.150180817 -0.001198813 0.016495923 0.999863207 91.154640198
0.998707771 -0.050808270 0.001179570 7.244034290 0.050819643 0.998614788 -0.013631478 -10.281834602 -0.000485345 0.013673808 0.999906301 92.270179749
0.998716354 -0.050650023 0.000520229 7.304395199 0.050652485 0.998629272 -0.013188026 -10.403316498 0.000148458 0.013197450 0.999912918 93.394325256
0.998683631 -0.051291753 0.000403804 7.351406097 0.051291838 0.998563349 -0.015510679 -10.529843330 0.000392346 0.015510974 0.999879599 94.503395081
0.998691022 -0.051148795 -0.000163974 7.407043457 0.051136021 0.998503804 -0.019372156 -10.660696030 0.001154592 0.019338412 0.999812365 95.610740662
0.998669505 -0.051568020 -0.000012038 7.454840660 0.051557075 0.998462141 -0.020377597 -10.801229477 0.001062852 0.020349864 0.999792337 96.724441528
0.998634040 -0.052249309 -0.000261179 7.510008335 0.052235182 0.998458028 -0.018787853 -10.933737755 0.001242428 0.018748548 0.999823511 97.808753967
0.998690367 -0.051152930 0.000976637 7.547090530 0.051161494 0.998597562 -0.013617172 -11.057325363 -0.000278709 0.013649304 0.999906778 98.894500732
0.998773396 -0.049459260 0.002328980 7.595934868 0.049480580 0.998722851 -0.010216656 -11.178384781 -0.001820697 0.010319363 0.999945045 99.961807251
0.998875320 -0.047234148 0.004117835 7.641147137 0.047274176 0.998829484 -0.010237619 -11.299097061 -0.003629451 0.010420771 0.999939144 101.034263611
0.998944640 -0.045483753 0.006399794 7.688661575 0.045557544 0.998890877 -0.011900181 -11.422425270 -0.005851430 0.012179182 0.999908745 102.070030212
0.998899579 -0.046000827 0.009146189 7.740997791 0.046128806 0.998832941 -0.014312623 -11.544027328 -0.008477123 0.014718775 0.999855816 103.089439392
0.998824954 -0.047255170 0.010755159 7.789911747 0.047417846 0.998756230 -0.015408800 -11.659452438 -0.010013637 0.015900679 0.999823451 104.107749939
0.998718441 -0.049013399 0.012615803 7.851258278 0.049195077 0.998683751 -0.014516741 -11.775985718 -0.011887683 0.015118775 0.999815106 105.089401245
0.998677075 -0.049324058 0.014536956 7.907168388 0.049512200 0.998690546 -0.012879853 -11.897368431 -0.013882633 0.013582572 0.999811411 106.065032959
0.998615146 -0.050327383 0.015326479 7.980397701 0.050504893 0.998658478 -0.011423613 -12.008399963 -0.014730998 0.012181858 0.999817312 107.013977051
0.998549044 -0.050981935 0.017334836 8.036571503 0.051193189 0.998617053 -0.011968998 -12.115588188 -0.016700657 0.012839058 0.999778152 107.931365967
0.998530090 -0.050824855 0.018829202 8.100744247 0.051021289 0.998646438 -0.010102608 -12.218662262 -0.018290251 0.011048445 0.999771595 108.840209961
0.998545468 -0.049730767 0.020835234 8.156114578 0.049907967 0.998721182 -0.008072803 -12.316644669 -0.020407125 0.009100903 0.999750316 109.710113525
0.998518407 -0.049689334 0.022179065 8.215728760 0.049808148 0.998747110 -0.004836932 -12.419927597 -0.021910934 0.005934463 0.999742329 110.571617126
0.998472512 -0.049929280 0.023654198 8.276407242 0.050052647 0.998735785 -0.004652260 -12.514140129 -0.023392009 0.005829109 0.999709368 111.398307800
0.998499990 -0.048900150 0.024627429 8.329700470 0.049007744 0.998791218 -0.003784070 -12.605703354 -0.024412619 0.004985328 0.999689519 112.212135315
0.998595834 -0.046532761 0.025319943 8.380366325 0.046637330 0.998905540 -0.003554736 -12.686524391 -0.025126820 0.004730599 0.999673069 112.990447998
0.998719037 -0.044112839 0.024787055 8.426842690 0.044136509 0.999025404 -0.000408200 -12.765336037 -0.024744891 0.001501691 0.999692678 113.745811462
0.998798728 -0.044013236 0.021539744 8.475024223 0.044013232 0.999030828 0.000474484 -12.849115372 -0.021539751 0.000474119 0.999767900 114.500862122
0.998913944 -0.044063251 0.015145599 8.510949135 0.044058844 0.999028802 0.000624802 -12.924626350 -0.015158419 0.000043175 0.999885082 115.199234009
0.999096096 -0.042246535 0.004727986 8.538710594 0.042250849 0.999106765 -0.000815322 -12.998103142 -0.004689319 0.001014346 0.999988556 115.871841431
0.999164462 -0.039779849 -0.009384397 8.537811279 0.039748013 0.999203444 -0.003555114 -13.068348885 0.009518342 0.003179132 0.999949634 116.519226074
0.998877525 -0.038151991 -0.028073579 8.534055710 0.038000301 0.999260187 -0.005917315 -13.140479088 0.028278567 0.004843869 0.999588370 117.137763977
0.998056412 -0.036518026 -0.050495461 8.501081467 0.036150139 0.999312878 -0.008180092 -13.210657120 0.050759487 0.006338777 0.998690784 117.724945068
0.996304750 -0.035189096 -0.078348279 8.460361481 0.034527205 0.999355853 -0.009787167 -13.280606270 0.078642204 0.007045855 0.996877968 118.293540955
0.993337393 -0.032984808 -0.110421248 8.389326096 0.031876158 0.999422252 -0.011790935 -13.347321510 0.110746369 0.008192572 0.993815005 118.838943481
0.988937259 -0.028285291 -0.145612046 8.281295776 0.026642321 0.999557674 -0.013221355 -13.413390160 0.145921618 0.009195650 0.989253402 119.374153137
0.982707798 -0.022240818 -0.183822185 8.155279160 0.020250171 0.999714315 -0.012699554 -13.475410461 0.184052110 0.008757520 0.982877493 119.903823853
0.974059165 -0.017130086 -0.225644186 8.021490097 0.015114048 0.999828935 -0.010659178 -13.531100273 0.225788206 0.006972274 0.974151433 120.404228210
0.962681055 -0.012390089 -0.270354688 7.855270386 0.010312723 0.999905348 -0.009103068 -13.590323448 0.270441890 0.005975258 0.962717772 120.888938904
0.948227644 -0.006410209 -0.317526639 7.663787842 0.003566909 0.999948204 -0.009535067 -13.647980690 0.317571312 0.007908825 0.948201478 121.367660522
0.931022644 0.001386018 -0.364958763 7.433082581 -0.005474675 0.999933362 -0.010168620 -13.701066971 0.364920348 0.011465247 0.930968165 121.822448730
0.909803271 0.005599415 -0.415001988 7.176856995 -0.011280734 0.999873281 -0.011239819 -13.751345634 0.414886445 0.014907551 0.909751117 122.269340515
0.884650946 0.010639564 -0.466132462 6.908458710 -0.016993549 0.999811113 -0.009430371 -13.813385963 0.465944082 0.016263835 0.884664655 122.683624268
0.855561614 0.013597921 -0.517522395 6.623188019 -0.021439217 0.999728024 -0.009175153 -13.858366966 0.517256856 0.018945182 0.855620384 123.080932617
0.823810339 0.023410561 -0.566381931 6.298233032 -0.032361742 0.999459624 -0.005759411 -13.905816078 0.565941036 0.023073768 0.824122727 123.454528809
0.789857864 0.036257844 -0.612217188 5.946365356 -0.045226958 0.998976350 0.000813212 -13.950078011 0.611619949 0.027046397 0.790689111 123.810348511
0.754229426 0.045252062 -0.655049741 5.595329285 -0.056606565 0.998389363 0.003793350 -13.989868164 0.654166281 0.034219064 0.755576253 124.110610962
0.714203179 0.048998512 -0.698221207 5.230712891 -0.063843824 0.997948706 0.004727049 -14.035189629 0.697020590 0.041201048 0.715866506 124.409240723
0.671896577 0.050686646 -0.738908529 4.848739624 -0.066401452 0.997760475 0.008063534 -14.081746101 0.737662435 0.043646742 0.673757434 124.692687988
0.628037989 0.054245830 -0.776289701 4.432846069 -0.070009485 0.997460783 0.013061450 -14.113191605 0.775027096 0.046144556 0.630240977 124.965332031
0.582758665 0.063129701 -0.810189426 4.011604309 -0.080794536 0.996539295 0.019535569 -14.153063774 0.808618903 0.054074354 0.585842490 125.198501587
0.536998689 0.072095633 -0.840496540 3.573616028 -0.092514999 0.995364606 0.026271388 -14.177487373 0.838494599 0.063650839 0.541179538 125.404159546
0.490058303 0.077305421 -0.868255019 3.119827271 -0.098040044 0.994627833 0.033221550 -14.205052376 0.866158724 0.068843253 0.495004714 125.603729248
0.442949355 0.079056635 -0.893054247 2.658531189 -0.097551435 0.994440377 0.039646838 -14.232119560 0.891223550 0.069557168 0.448198974 125.780212402
0.395525694 0.080076903 -0.914957583 2.183357239 -0.094335742 0.994465292 0.046255153 -14.251914978 0.913597405 0.068018086 0.400890738 125.959236145
0.349802315 0.082707018 -0.933165491 1.694850922 -0.095971249 0.994018376 0.052125093 -14.270899773 0.931894720 0.071323596 0.355647385 126.100715637
0.305961907 0.085969754 -0.948154211 1.192794800 -0.101876527 0.993152618 0.057175033 -14.287338257 0.946577251 0.079101272 0.312625200 126.216026306
0.264744401 0.087462187 -0.960344076 0.662221909 -0.106513411 0.992437005 0.061021768 -14.303888321 0.958418131 0.086134352 0.272058010 126.320510864
0.224934682 0.084118448 -0.970736027 0.139884949 -0.106075607 0.992459178 0.061421491 -14.323969841 0.968582630 0.089155599 0.232161388 126.422012329
0.190210655 0.078938879 -0.978564501 -0.395410538 -0.100992016 0.993047357 0.060476642 -14.342075348 0.976534903 0.087323919 0.196860418 126.511688232
0.159422874 0.073960908 -0.984435856 -0.944126129 -0.098432958 0.993411183 0.058694657 -14.364228249 0.982290804 0.087543681 0.165652648 126.592605591
0.133660048 0.072497584 -0.988371909 -1.517091751 -0.099759094 0.993239164 0.059363931 -14.383638382 0.985993445 0.090664491 0.139988661 126.650642395
0.111167051 0.071592979 -0.991219580 -2.094291687 -0.100454532 0.993102789 0.060462847 -14.397854805 0.988711655 0.092851035 0.117592119 126.718933105
0.092258595 0.072820596 -0.993068755 -2.685990334 -0.102066219 0.992760599 0.063315772 -14.410721779 0.990490139 0.095517367 0.099023223 126.780136108
0.076399960 0.071028143 -0.994544148 -3.294900894 -0.102995113 0.992685795 0.062983438 -14.432909966 0.991743386 0.097621255 0.083156690 126.825233459
0.062516972 0.070015997 -0.995585024 -3.915023804 -0.101419210 0.992818177 0.063452885 -14.461393356 0.992877543 0.097004548 0.069168948 126.873626709
0.050599735 0.067572169 -0.996430516 -4.553326607 -0.097536609 0.993273497 0.062405072 -14.483233452 0.993944824 0.094030768 0.056850147 126.911781311
0.038252119 0.065028079 -0.997150004 -5.206993103 -0.095213346 0.993577421 0.061142564 -14.501541138 0.994721770 0.092603147 0.044197969 126.953254700
0.027263820 0.063751735 -0.997593284 -5.878290176 -0.094698593 0.993640780 0.060911071 -14.519806862 0.995132565 0.092810012 0.033127643 126.992004395
0.017766632 0.065454803 -0.997697294 -6.550381660 -0.098045737 0.993159592 0.063411139 -14.542601585 0.995023191 0.096693367 0.024062665 127.010498047
0.009538146 0.065107845 -0.997832596 -7.225400925 -0.100999437 0.992837727 0.063816488 -14.567289352 0.994840682 0.100171842 0.016045684 127.023468018
0.002804956 0.064418182 -0.997919023 -7.923649311 -0.103537589 0.992578328 0.063782386 -14.589487076 0.994621575 0.103143208 0.009453840 127.042549133
-0.002323047 0.065363295 -0.997858763 -8.620517731 -0.104240984 0.992409348 0.065249011 -14.607251167 0.994549215 0.104169346 0.004508120 127.057243347
-0.005941059 0.067913860 -0.997673512 -9.341756821 -0.106548510 0.991968632 0.068160005 -14.627004623 0.994289696 0.106705569 0.001342776 127.079231262
-0.006820066 0.071759723 -0.997398555 -10.076427460 -0.108511582 0.991478920 0.072075792 -14.651949883 0.994071722 0.108720869 0.001024809 127.081504822
-0.007747259 0.074799754 -0.997168481 -10.799276352 -0.111040257 0.990966916 0.075197265 -14.664572716 0.993785739 0.111308433 0.000628508 127.092414856
-0.008452578 0.080415212 -0.996725619 -11.540447235 -0.115707427 0.989987135 0.080852799 -14.672096252 0.993247449 0.116011985 0.000936693 127.100387573
-0.009644836 0.084061258 -0.996413887 -12.283600807 -0.118509643 0.989341438 0.084611706 -14.684475899 0.992906094 0.118900716 0.000420034 127.110084534
-0.010915827 0.084680334 -0.996348381 -13.033496857 -0.118764646 0.989244878 0.085377797 -14.703314781 0.992862403 0.119262926 -0.000741397 127.126388550
-0.012422876 0.081669092 -0.996582091 -13.778097153 -0.116363898 0.989769161 0.082561314 -14.721796036 0.993128896 0.116991825 -0.002792447 127.146568298
-0.014094079 0.078209966 -0.996837258 -14.540073395 -0.119841315 0.989617825 0.079337955 -14.725785255 0.992693007 0.120580480 -0.004574971 127.157913208
-0.015142632 0.079686940 -0.996704876 -15.306115150 -0.125332564 0.988805950 0.080959558 -14.737487793 0.991999209 0.126145497 -0.004985758 127.157142639
-0.016822876 0.083332300 -0.996379793 -16.074512482 -0.122283891 0.988868475 0.084768742 -14.751960754 0.992352605 0.123267233 -0.006445415 127.172225952
-0.018827537 0.083372682 -0.996340573 -16.851190567 -0.121342100 0.988960624 0.085048087 -14.768838882 0.992432177 0.122499287 -0.008503074 127.183471680
-0.020219658 0.082308032 -0.996401727 -17.642206192 -0.124236070 0.988674521 0.084190808 -14.778976440 0.992046654 0.125491351 -0.009765031 127.188613892
-0.020731697 0.082015514 -0.996415436 -18.429479599 -0.128880754 0.988094926 0.084012203 -14.784432411 0.991443455 0.130160496 -0.009914664 127.186584473
-0.021691399 0.086601429 -0.996006906 -19.232824326 -0.130811021 0.987431049 0.088704623 -14.792034149 0.991169989 0.132212773 -0.010090337 127.187797546
-0.022393437 0.090953842 -0.995603323 -20.046476364 -0.129338652 0.987220585 0.093097158 -14.800704956 0.991347551 0.130854726 -0.010343418 127.201721191
-0.021791795 0.093434475 -0.995386839 -20.867177963 -0.131184176 0.986747861 0.095495544 -14.814528465 0.991118491 0.132660031 -0.009245880 127.216697693
-0.019885261 0.092124306 -0.995548904 -21.685417175 -0.130597442 0.986975074 0.093939483 -14.819364548 0.991236031 0.131884173 -0.007595060 127.226074219
-0.018251244 0.092091188 -0.995583415 -22.517301559 -0.130744353 0.986979127 0.093692139 -14.823025703 0.991248131 0.131876871 -0.005973189 127.231056213
-0.018465461 0.091422476 -0.995640993 -23.348974228 -0.129212335 0.987241685 0.093047656 -14.831174850 0.991444945 0.130367234 -0.006416963 127.256576538
-0.017559540 0.093420066 -0.995471895 -24.186532974 -0.130201682 0.986933947 0.094915487 -14.837419510 0.991332054 0.131278783 -0.005166659 127.274261475
-0.017043073 0.095803425 -0.995254397 -25.022691727 -0.131780744 0.986500204 0.097217403 -14.840285301 0.991132379 0.132812232 -0.004187949 127.289978027
-0.017039824 0.097721331 -0.995067954 -25.901985168 -0.134519488 0.985940099 0.099128477 -14.836630821 0.990764380 0.135545120 -0.003654826 127.303298950
-0.015503996 0.098845348 -0.994982004 -26.765651703 -0.136669651 0.985552549 0.100038201 -14.833613396 0.990495384 0.137534827 -0.001770845 127.315139771
-0.013802623 0.101989277 -0.994689763 -27.635143280 -0.143437356 0.984293818 0.102913745 -14.833137512 0.989563048 0.144096106 0.001043231 127.329177856
-0.011230691 0.105730936 -0.994331360 -28.520072937 -0.148219436 0.983233094 0.106224909 -14.826322556 0.988890707 0.148572206 0.004628994 127.341308594
-0.009045464 0.107503638 -0.994163573 -29.395534515 -0.150714889 0.982700229 0.107635342 -14.819725990 0.988535881 0.150808826 0.007313418 127.370132446
-0.005272767 0.108251758 -0.994109511 -30.293743134 -0.149338007 0.982889891 0.107822105 -14.819104195 0.988772154 0.149026856 0.010983553 127.391868591
-0.002525368 0.108163297 -0.994129896 -31.186054230 -0.151943609 0.982548773 0.107289232 -14.812306404 0.988385856 0.151322618 0.013953427 127.418960571
-0.000213484 0.111982517 -0.993710160 -32.088245392 -0.152476743 0.982087076 0.110705458 -14.804336548 0.988306999 0.151541293 0.016865067 127.450897217
0.002374467 0.114046901 -0.993472517 -33.003147125 -0.151725575 0.982014537 0.112368934 -14.797889709 0.988419831 0.150468409 0.019635597 127.485725403
0.004184345 0.115367107 -0.993314028 -33.896053314 -0.152396828 0.981793523 0.113387100 -14.794521332 0.988310575 0.150903478 0.021689745 127.526229858
0.006679358 0.113499299 -0.993515611 -34.798984528 -0.153735474 0.981842697 0.111132227 -14.787334442 0.988089502 0.151996315 0.024006948 127.557380676
0.007078861 0.114734083 -0.993371010 -35.708396912 -0.158081099 0.981032848 0.112182543 -14.777563095 0.987400770 0.156239033 0.025081888 127.597602844
0.008167988 0.115365222 -0.993289590 -36.602661133 -0.158800662 0.980866909 0.112616561 -14.772500992 0.987276793 0.156815186 0.026331784 127.634498596
0.008372044 0.111834750 -0.993691564 -37.498516083 -0.159267679 0.981190145 0.109085917 -14.769288063 0.987199903 0.157349661 0.026026227 127.669296265
0.009254251 0.107795730 -0.994130015 -38.404880524 -0.160742432 0.981403947 0.104919508 -14.770254135 0.986953020 0.158827901 0.026409512 127.713661194
0.009814966 0.106995091 -0.994211137 -39.301383972 -0.160462737 0.981542528 0.104047619 -14.764636993 0.986993015 0.158512607 0.026802529 127.755218506
0.009692607 0.111113437 -0.993760526 -40.205455780 -0.162957162 0.980697393 0.108063430 -14.757476807 0.986585557 0.160892978 0.027612243 127.793045044
0.009859025 0.117178172 -0.993061960 -41.141517639 -0.163519144 0.979930699 0.114005350 -14.744328499 0.986490905 0.161260605 0.028822038 127.833473206
0.010095690 0.115856990 -0.993214607 -42.036994934 -0.161292091 0.980447412 0.112728246 -14.743820190 0.986855090 0.159059599 0.028585112 127.878173828
0.010988535 0.105537876 -0.994354606 -42.927814484 -0.160492435 0.981708705 0.102422088 -14.750953674 0.986975849 0.158460930 0.027725572 127.920631409
0.011177988 0.095082976 -0.995406568 -43.850650787 -0.162308961 0.982439697 0.092021711 -14.753734589 0.986676693 0.160534769 0.026414523 127.962280273
0.010208459 0.091986530 -0.995707870 -44.752563477 -0.159139425 0.983218074 0.089201108 -14.761053085 0.987203360 0.157545790 0.024675827 128.006988525
0.009951983 0.102043286 -0.994730175 -45.673648834 -0.151698485 0.983419538 0.099365294 -14.763414383 0.988376737 0.149910182 0.025266791 128.057205200
0.010022987 0.115218401 -0.993289590 -46.617271423 -0.146690741 0.982762218 0.112517044 -14.763358116 0.989131629 0.144578651 0.026751690 128.114730835
0.010063785 0.124322399 -0.992190778 -47.540046692 -0.146861643 0.981664896 0.121513858 -14.754347801 0.989105821 0.144491926 0.028137460 128.160522461
0.010183563 0.118389711 -0.992914975 -48.455596924 -0.147099227 0.982340872 0.115620248 -14.748952866 0.989069343 0.144879609 0.027418768 128.199234009
0.010064393 0.105089188 -0.994411886 -49.375431061 -0.147067577 0.983803391 0.102479622 -14.752017021 0.989075243 0.145214349 0.025356596 128.245498657
0.010762347 0.096324451 -0.995291829 -50.290134430 -0.147570729 0.984603643 0.093694314 -14.752244949 0.988992989 0.145867571 0.024811313 128.287567139
0.011222456 0.096338794 -0.995285332 -51.225299835 -0.146488562 0.984767616 0.093668975 -14.759010315 0.989148676 0.144746721 0.025164040 128.331619263
0.010601687 0.097850427 -0.995144665 -52.164436340 -0.149557576 0.984161496 0.095177181 -14.771924019 0.988696158 0.147822380 0.025068045 128.369537354
0.011254373 0.097115032 -0.995209515 -53.110614777 -0.154443547 0.983498216 0.094225675 -14.776060104 0.987937510 0.152643234 0.026067445 128.406036377
0.011699907 0.096610613 -0.995253503 -54.042415619 -0.155918643 0.983323276 0.093619600 -14.777050018 0.987700641 0.154083207 0.026568186 128.448867798
0.012724888 0.103942558 -0.994501889 -54.988521576 -0.165341854 0.981109858 0.100427248 -14.772989273 0.986154199 0.163154870 0.029670564 128.480438232
0.014338786 0.113545768 -0.993429303 -55.936203003 -0.170990512 0.979174733 0.109448515 -14.768886566 0.985168278 0.168297604 0.033455424 128.517486572
0.015063526 0.121463247 -0.992481649 -56.906547546 -0.170927435 0.978296340 0.117132924 -14.764600754 0.985168457 0.167877913 0.035497993 128.579864502
0.016028903 0.122379608 -0.992353976 -57.849246979 -0.172249913 0.977981210 0.117824882 -14.756689072 0.984922826 0.169044301 0.036755845 128.624801636
0.017322792 0.112533346 -0.993497074 -58.787456512 -0.173933849 0.978834748 0.107839853 -14.750919342 0.984605074 0.170934677 0.036529511 128.677551270
0.017978424 0.107555293 -0.994036555 -59.736656189 -0.172262192 0.979663551 0.102884538 -14.749623299 0.984887004 0.169385210 0.036140516 128.745223999
0.020328160 0.106153905 -0.994141996 -60.681026459 -0.171031147 0.980059505 0.101152956 -14.754945755 0.985055864 0.167972997 0.038078435 128.791564941
0.023956321 0.111853391 -0.993435919 -61.664024353 -0.172941536 0.979202807 0.106080435 -14.745744705 0.984640837 0.169265032 0.042802189 128.844955444
0.027606864 0.113933794 -0.993104637 -62.624858856 -0.175742105 0.978562295 0.107380047 -14.745410919 0.984049082 0.171565875 0.047038004 128.898757935
0.031651262 0.108779229 -0.993561864 -63.572528839 -0.175099686 0.979290366 0.101638690 -14.747241974 0.984041750 0.170755416 0.050042991 128.960708618
0.034539439 0.102944858 -0.994087219 -64.530082703 -0.175203040 0.979900420 0.095388308 -14.752359390 0.983926356 0.170872420 0.051881462 129.027603149
0.038189501 0.103071466 -0.993940592 -65.503028870 -0.172596067 0.980397284 0.095035486 -14.756849289 0.984252095 0.167920873 0.055230610 129.092773438
0.040461976 0.107462674 -0.993385434 -66.471733093 -0.170098245 0.980428040 0.099132627 -14.770904541 0.984596074 0.164962009 0.057949271 129.185226440
0.043903653 0.114363186 -0.992468417 -67.430717468 -0.169453755 0.979883969 0.105416976 -14.773296356 0.984559834 0.163549304 0.062399756 129.263244629
0.046328820 0.118087202 -0.991921842 -68.396041870 -0.167240053 0.979889691 0.108843639 -14.776428223 0.984827101 0.160846472 0.065146044 129.349655151
0.048539873 0.119968936 -0.991590261 -69.375968933 -0.166954070 0.979768097 0.110365957 -14.777746201 0.984769106 0.160192862 0.067587130 129.428161621
0.050833333 0.117261685 -0.991799176 -70.323944092 -0.165168718 0.980394959 0.107447848 -14.777018547 0.984954357 0.158352286 0.069204703 129.506256104
0.051329814 0.115688056 -0.991958499 -71.269599915 -0.163127005 0.980898917 0.105957076 -14.779880524 0.985268891 0.156376466 0.069221191 129.595916748
0.051518559 0.112317316 -0.992335975 -72.216049194 -0.159881741 0.981766641 0.102820516 -14.789023399 0.985790908 0.153359234 0.068536669 129.687789917
0.051638633 0.112010352 -0.992364407 -73.199256897 -0.158512726 0.982012331 0.102593534 -14.781958580 0.986005664 0.152004629 0.068464845 129.763626099
0.051345948 0.116868950 -0.991819263 -74.152496338 -0.155237451 0.981991589 0.107674383 -14.785149574 0.986541927 0.148438841 0.068563737 129.849182129
0.050711129 0.118248478 -0.991688311 -75.114738464 -0.149191260 0.982721090 0.109550186 -14.784865379 0.987507105 0.142395839 0.067476548 129.947280884
0.050186880 0.113577522 -0.992260754 -76.074447632 -0.146325827 0.983628094 0.105188482 -14.770908356 0.987962604 0.139914304 0.065984547 130.026046753
0.048725642 0.110236883 -0.992710233 -77.036827087 -0.148642138 0.983623624 0.101931959 -14.779695511 0.987689912 0.142591879 0.064313538 130.105499268
0.047358975 0.107650131 -0.993060172 -77.986717224 -0.145112798 0.984370112 0.099787690 -14.783402443 0.988281071 0.139379919 0.062240183 130.188522339
0.046152182 0.108101897 -0.993067980 -78.951698303 -0.145137161 0.984304070 0.100402743 -14.782752037 0.988334596 0.139497250 0.061117396 130.258682251
0.045420930 0.109350324 -0.992964983 -79.913208008 -0.146591306 0.983960152 0.101653174 -14.784204483 0.988153815 0.140942842 0.060722187 130.330398560
0.044104315 0.109549686 -0.993002355 -80.867835999 -0.148112461 0.983702123 0.101945251 -14.785824776 0.987986624 0.142579764 0.059611183 130.402847290
0.042608097 0.110628560 -0.992948055 -81.818885803 -0.148002252 0.983584344 0.103234410 -14.789918900 0.988068759 0.142559916 0.058281928 130.471282959
0.040859189 0.110953212 -0.992985308 -82.783126831 -0.147980765 0.983527243 0.103807300 -14.790699959 0.988145828 0.142701268 0.056605063 130.538635254
0.039254289 0.113086276 -0.992809474 -83.742843628 -0.147945568 0.983282268 0.106151521 -14.782252312 0.988216162 0.142714843 0.055328663 130.611053467
0.037857942 0.116851345 -0.992427647 -84.697120667 -0.149294287 0.982654572 0.110005528 -14.774684906 0.988067746 0.143999144 0.054646514 130.669281006
0.035757132 0.121802084 -0.991910100 -85.646492004 -0.150643677 0.981860399 0.115137517 -14.765271187 0.987941265 0.145308003 0.053457223 130.733642578
0.033269383 0.121610358 -0.992020190 -86.598724365 -0.150667548 0.981836617 0.115309030 -14.760212898 0.988024533 0.145628959 0.050987836 130.799362183
0.032306463 0.116404623 -0.992676318 -87.543548584 -0.150797546 0.982392967 0.110291094 -14.755361557 0.988036633 0.146130040 0.049291175 130.859252930
0.029866461 0.111762799 -0.993285954 -88.490722656 -0.155174121 0.982199967 0.105849594 -14.744602203 0.987435579 0.150970921 0.046677530 130.918060303
0.028618872 0.109639332 -0.993559301 -89.433403015 -0.152965277 0.982739747 0.104039319 -14.742114067 0.987817049 0.149002627 0.044895913 130.983413696
0.028158741 0.110960379 -0.993425846 -90.399246216 -0.148249641 0.983292997 0.105626442 -14.744218826 0.988548934 0.144300699 0.044138134 131.036834717
0.027627124 0.112221316 -0.993299127 -91.347938538 -0.145265505 0.983580828 0.107083008 -14.741930962 0.989006937 0.141333684 0.043475389 131.098022461
0.026274601 0.112186916 -0.993339717 -92.300628662 -0.139971673 0.984306455 0.107464366 -14.744365692 0.989806771 0.136215836 0.041565258 131.165924072
0.024968049 0.109353922 -0.993689299 -93.242431641 -0.136040360 0.985124052 0.104993105 -14.747167587 0.990388632 0.132560357 0.039473176 131.229888916
0.024383008 0.106207177 -0.994045019 -94.186431885 -0.130963132 0.986110866 0.102147043 -14.750995636 0.991087317 0.127692625 0.037953574 131.290863037
0.022533290 0.108599976 -0.993830085 -95.173797607 -0.129555970 0.986017346 0.104808815 -14.752513885 0.991316020 0.126394913 0.036287993 131.348251343
0.020997591 0.110865876 -0.993613482 -96.120300293 -0.128896445 0.985838652 0.107274465 -14.749892235 0.991435647 0.125820741 0.034990452 131.407546997
0.019919761 0.108681068 -0.993877053 -97.079483032 -0.124924146 0.986554444 0.105376542 -14.745217323 0.991966248 0.122060165 0.033228815 131.452941895
0.017962337 0.105669446 -0.994239092 -98.028717041 -0.121911950 0.987211227 0.102720000 -14.746354103 0.992378354 0.119364545 0.030614989 131.501724243
0.014335667 0.103055447 -0.994572222 -98.998771667 -0.120804697 0.987566829 0.100588277 -14.740373611 0.992572784 0.118706986 0.026607005 131.555038452
0.011728509 0.102215365 -0.994693100 -99.953956604 -0.115331322 0.988261044 0.100194499 -14.749783516 0.993257821 0.113544151 0.023379458 131.602447510
0.009522608 0.102267414 -0.994711339 -100.912574768 -0.108489007 0.988990247 0.100640617 -14.744544983 0.994052112 0.106956877 0.020512650 131.645187378
0.007450507 0.109758489 -0.993930340 -101.881385803 -0.098428950 0.989211559 0.108499579 -14.739768982 0.995116293 0.097023122 0.018173544 131.701507568
0.004990660 0.117782749 -0.993026793 -102.838462830 -0.090372600 0.989028752 0.116854355 -14.735542297 0.995895445 0.089159243 0.015580242 131.755081177
0.001829806 0.117308743 -0.993093729 -103.792915344 -0.086152479 0.989421666 0.116716228 -14.729341507 0.996280313 0.085343912 0.011916887 131.803314209
-0.000789252 0.107333191 -0.994222820 -104.747123718 -0.087087035 0.990438402 0.106993772 -14.730298996 0.996200383 0.086668342 0.008565623 131.834930420
-0.002875057 0.097810060 -0.995201051 -105.694602966 -0.088813104 0.991247356 0.097678080 -14.727533340 0.996044099 0.088667706 0.005836925 131.872100830
-0.003070826 0.099186517 -0.995064199 -106.655975342 -0.096000433 0.990443587 0.099022239 -14.728276253 0.995376527 0.095830671 0.006480471 131.888549805
-0.003969290 0.108737588 -0.994062483 -107.618682861 -0.099516585 0.989092708 0.108591326 -14.720103264 0.995027959 0.099356748 0.006895198 131.924545288
-0.005468575 0.120149344 -0.992740810 -108.582176208 -0.103568941 0.987348676 0.120067269 -14.708829880 0.994607210 0.103473715 0.007044353 131.953033447
-0.006876187 0.121931322 -0.992514670 -109.523735046 -0.110599078 0.986356080 0.121940956 -14.699543953 0.993841290 0.110609718 0.006703123 131.983963013
-0.006674665 0.119001001 -0.992871642 -110.504425049 -0.117883556 0.985876799 0.118955128 -14.682511330 0.993004978 0.117837228 0.007447867 132.000259399
-0.006828800 0.115038373 -0.993337631 -111.459411621 -0.126004294 0.985343993 0.114978857 -14.669749260 0.992006183 0.125949979 0.007766613 132.023422241
-0.004688393 0.117110915 -0.993107796 -112.426010132 -0.130557299 0.984546483 0.116717681 -14.651518822 0.991429687 0.130204678 0.010673743 132.047683716
-0.003059458 0.118036076 -0.993004620 -113.405189514 -0.138836369 0.983342052 0.117315270 -14.631234169 0.990310609 0.138224110 0.013379207 132.068359375
-0.002499339 0.120662078 -0.992690563 -114.368942261 -0.148003712 0.981716156 0.119700775 -14.614135742 0.988983631 0.147221088 0.015404795 132.089202881
-0.002296927 0.122645311 -0.992447972 -115.343521118 -0.153374910 0.980664611 0.121544152 -14.592334747 0.988165498 0.152495801 0.016558206 132.116958618
-0.002071253 0.122480378 -0.992468715 -116.316864014 -0.157581300 0.980030954 0.121274307 -14.583917618 0.987503827 0.156645715 0.017270731 132.155929565
-0.000587876 0.112923130 -0.993603587 -117.270988464 -0.156478122 0.981353521 0.111623518 -14.586152077 0.987681150 0.155542836 0.017093083 132.189498901
0.000833654 0.101388469 -0.994846582 -118.222549438 -0.159577414 0.982111871 0.099956900 -14.577219963 0.987185180 0.158671662 0.016998049 132.225570679
