1.000000000 0.000000000 0.000000000 0.000000000 0.000000000 1.000000000 0.000000000 0.000000000 0.000000000 0.000000000 1.000000000 0.000000000
0.999997854 -0.001542379 -0.001376573 0.050090238 0.001539458 0.999996543 -0.002120910 -0.132797077 0.001379840 0.002118787 0.999996781 1.297503471
0.999997437 0.000016682 -0.002246003 0.106793232 -0.000030567 0.999980807 -0.006182221 -0.269914597 0.002245857 0.006182274 0.999978364 2.603822708
0.999996006 0.002462481 -0.001359385 0.149876237 -0.002472870 0.999967277 -0.007693994 -0.408581793 0.001340394 0.007697326 0.999969482 3.907973766
0.999983311 0.005768930 0.000264216 0.193099990 -0.005767108 0.999962568 -0.006444271 -0.547245622 -0.000301382 0.006442640 0.999979138 5.221809387
0.999974549 0.006723824 0.002429171 0.242139861 -0.006716198 0.999972463 -0.003134884 -0.691362679 -0.002450183 0.003118488 0.999992073 6.541662693
0.999959528 0.006968734 0.005690097 0.298962027 -0.006959032 0.999974251 -0.001723017 -0.829327643 -0.005701958 0.001683350 0.999982297 7.845822811
0.999943018 0.005323209 0.009247977 0.351545542 -0.005306785 0.999984324 -0.001799622 -0.961865723 -0.009257412 0.001750442 0.999955595 9.152183533
0.999913812 0.003917541 0.012530821 0.430300385 -0.003896081 0.999990880 -0.001736471 -1.098534703 -0.012537511 0.001687500 0.999919951 10.452589989
0.999869466 0.002647264 0.015939077 0.493677139 -0.002608764 0.999993563 -0.002435781 -1.235021353 -0.015945420 0.002393881 0.999870002 11.763029099
0.999811351 0.001585276 0.019356344 0.570275128 -0.001522585 0.999993563 -0.003253055 -1.370560765 -0.019361375 0.003222970 0.999807358 13.054646492
0.999745488 0.001521570 0.022506712 0.644935846 -0.001451779 0.999994099 -0.003116894 -1.520155668 -0.022511324 0.003083426 0.999741852 14.374646187
0.999663949 0.001409858 0.025882237 0.729367375 -0.001300908 0.999990225 -0.004225796 -1.657502770 -0.025887940 0.004190705 0.999656022 15.671385765
0.999577582 0.002456587 0.028956532 0.814621449 -0.002339367 0.999988854 -0.004081322 -1.796604395 -0.028966235 0.004011858 0.999572337 16.973596573
0.999479413 0.002010609 0.032201700 0.904399633 -0.001894706 0.999991536 -0.003629417 -1.936239362 -0.032208726 0.003566514 0.999474883 18.259283066
0.999415696 0.000338564 0.034177497 1.007698774 -0.000223903 0.999994278 -0.003358639 -2.079204798 -0.034178440 0.003349024 0.999410152 19.557920456
0.999356568 -0.002083470 0.035807054 1.105084181 0.002250616 0.999986768 -0.004628273 -2.218952417 -0.035796929 0.004705883 0.999347985 20.832168579
0.999315262 -0.001702704 0.036960747 1.204579115 0.001937568 0.999978125 -0.006319550 -2.363180161 -0.036949173 0.006386837 0.999296665 22.144456863
0.999266922 -0.001584643 0.038250417 1.286201000 0.001930238 0.999957681 -0.008999822 -2.506064892 -0.038234532 0.009067057 0.999227583 23.431497574
0.999234557 -0.001277451 0.039098516 1.394793987 0.001684971 0.999944568 -0.010391715 -2.650031328 -0.039083075 0.010449640 0.999181330 24.715137482
0.999191165 -0.000688509 0.040207103 1.495580673 0.001135911 0.999937654 -0.011105648 -2.795012712 -0.040196951 0.011142336 0.999129713 25.983726501
0.999169409 -0.002214587 0.040688254 1.591991544 0.002623813 0.999946475 -0.010006951 -2.943750143 -0.040663920 0.010105398 0.999121904 27.279863358
0.999165177 -0.005136005 0.040527623 1.696339965 0.005498476 0.999945879 -0.008837411 -3.090310574 -0.040480036 0.009052875 0.999139309 28.557844162
0.999189973 -0.006603702 0.039696932 1.792563438 0.006973630 0.999933422 -0.009187585 -3.239195585 -0.039633617 0.009456974 0.999169469 29.853353500
0.999193430 -0.008206575 0.039308973 1.887892842 0.008672879 0.999893844 -0.011706744 -3.385786057 -0.039208721 0.012038223 0.999158502 31.113420486
0.999240339 -0.008411968 0.038049273 2.007574320 0.008870789 0.999889791 -0.011905888 -3.532474995 -0.037944932 0.012234374 0.999204934 32.409870148
0.999256730 -0.008921481 0.037501518 2.105885506 0.009388860 0.999880195 -0.012305398 -3.674857855 -0.037387244 0.012648349 0.999220848 33.682998657
0.999265611 -0.009469138 0.037128054 2.200720787 0.009926897 0.999876678 -0.012164260 -3.822908163 -0.037008286 0.012523894 0.999236465 34.946338654
0.999274194 -0.010098884 0.036729328 2.293940783 0.010564601 0.999865949 -0.012507795 -3.967616081 -0.036598083 0.012886747 0.999246895 36.191974640
0.999317884 -0.010583157 0.035379812 2.404687643 0.011044269 0.999856293 -0.012863296 -4.124637127 -0.035238594 0.013245267 0.999291062 37.494628906
0.999312103 -0.010213344 0.035650734 2.492147207 0.010610904 0.999883413 -0.010980180 -4.270995617 -0.035534427 0.011350913 0.999303997 38.760879517
0.999276221 -0.010273128 0.036626082 2.590349197 0.010641051 0.999894738 -0.009864645 -4.412673950 -0.036520887 0.010247244 0.999280453 40.026149750
0.999200940 -0.011974985 0.038131982 2.706229210 0.012300306 0.999889851 -0.008308329 -4.554697514 -0.038028289 0.008770725 0.999238133 41.278865814
0.999086201 -0.013154346 0.040665366 2.799661636 0.013545679 0.999864399 -0.009362738 -4.700657368 -0.040536691 0.009905023 0.999128938 42.543689728
0.998959124 -0.014344489 0.043299221 2.890559435 0.014896743 0.999811411 -0.012458710 -4.849147797 -0.043112341 0.013090760 0.998984396 43.795497894
0.998862922 -0.015392420 0.045120358 3.004944563 0.016022438 0.999778688 -0.013634852 -4.994160652 -0.044900499 0.014342288 0.998888493 45.064338684
0.998727500 -0.015806107 0.047890589 3.127292156 0.016415436 0.999789000 -0.012356886 -5.128497124 -0.047685165 0.013127307 0.998776138 46.299240112
0.998545229 -0.016795810 0.051238112 3.242431879 0.017276822 0.999810576 -0.008959314 -5.281002045 -0.051077928 0.009831510 0.998646259 47.565643311
0.998261154 -0.019794341 0.055522054 3.353944540 0.020221274 0.999769986 -0.007138147 -5.419127464 -0.055367984 0.008248463 0.998431921 48.795372009
0.998034537 -0.021979908 0.058684934 3.490046024 0.022442397 0.999721944 -0.007233385 -5.561108112 -0.058509622 0.008536198 0.998250365 50.037483215
0.997763038 -0.025403820 0.061834604 3.636856556 0.026132487 0.999597907 -0.011003932 -5.696500301 -0.061530199 0.012595209 0.998025715 51.272148132
0.997472823 -0.026822027 0.065791249 3.765886307 0.027611000 0.999556899 -0.011112136 -5.830176353 -0.065464042 0.012900614 0.997771502 52.496990204
0.997089922 -0.029286504 0.070384637 3.886075497 0.029960372 0.999514580 -0.008537266 -5.969267368 -0.070100456 0.010621172 0.997483492 53.715187073
0.996845782 -0.032076865 0.072591744 4.053618908 0.032550685 0.999455750 -0.005353304 -6.101284027 -0.072380506 0.007699330 0.997347355 54.924961090
0.996609628 -0.034693953 0.074602269 4.205004215 0.035054237 0.999379218 -0.003525154 -6.232622147 -0.074433655 0.006128327 0.997207105 56.140743256
0.996376753 -0.037738193 0.076217875 4.347490311 0.037894048 0.999281585 -0.000599102 -6.356579304 -0.076140523 0.003485134 0.997090995 57.372821808
0.996229351 -0.040940631 0.076490737 4.501403332 0.041000750 0.999158800 0.000784914 -6.480616093 -0.076458521 0.002354223 0.997069955 58.567310333
0.996176004 -0.042807702 0.076163381 4.647975922 0.043101158 0.999068260 -0.002212753 -6.607916355 -0.075997703 0.005487021 0.997093022 59.780593872
0.996182263 -0.044085730 0.075348690 4.796920776 0.044702705 0.998979092 -0.006520581 -6.736245632 -0.074984290 0.009863975 0.997135937 60.968990326
0.996205091 -0.045267485 0.074338771 4.929492950 0.046184212 0.998876214 -0.010658591 -6.860023499 -0.073772706 0.014051421 0.997176230 62.170303345
0.996258318 -0.046663266 0.072745174 5.074047089 0.047730338 0.998775661 -0.012999000 -6.991714001 -0.072049521 0.016422514 0.997265816 63.358875275
0.996365368 -0.047117516 0.070964895 5.205233097 0.048167303 0.998752654 -0.013154153 -7.127394676 -0.070256591 0.016524529 0.997392058 64.548545837
0.996619940 -0.046633877 0.067631461 5.345558167 0.047597244 0.998785794 -0.012702700 -7.260478973 -0.066956975 0.015878836 0.997629523 65.723297119
0.996854782 -0.045277301 0.065042771 5.456700325 0.046068590 0.998880804 -0.010717163 -7.399637222 -0.064484723 0.013679885 0.997824848 66.923309326
0.997238874 -0.041520674 0.061568670 5.574120522 0.042052057 0.999088347 -0.007359613 -7.526281834 -0.061206955 0.009928379 0.998075664 68.099006653
0.997494280 -0.040024489 0.058337327 5.693424702 0.040364880 0.999174118 -0.004667733 -7.657514095 -0.058102317 0.007010816 0.998286128 69.283683777
0.997712791 -0.039166108 0.055093225 5.805149555 0.039645482 0.999184668 -0.007634936 -7.791052341 -0.054749273 0.009801669 0.998452008 70.446830750
0.997904420 -0.038859177 0.051737495 5.914797306 0.039682221 0.999100089 -0.014976546 -7.922592163 -0.051108960 0.016998220 0.998548388 71.625045776
0.997932792 -0.042676721 0.048050299 6.026761055 0.043585401 0.998887002 -0.018024474 -8.056581497 -0.047227599 0.020081505 0.998682261 72.795204163
0.997948229 -0.046650261 0.043853566 6.136610031 0.047259849 0.998798430 -0.012967678 -8.196074486 -0.043195926 0.015013582 0.998953819 73.968894958
0.997945905 -0.050400376 0.039548926 6.242408752 0.050770294 0.998674989 -0.008404698 -8.320172310 -0.039072927 0.010395344 0.999182224 75.125839233
0.998013556 -0.052439727 0.034913901 6.338287354 0.052658923 0.998597980 -0.005387988 -8.447765350 -0.034582410 0.007215815 0.999375761 76.313140869
0.998194158 -0.051484659 0.030946337 6.425977707 0.051605538 0.998662710 -0.003119536 -8.571088791 -0.030744337 0.004710905 0.999516129 77.472328186
0.998322725 -0.051218908 0.026985727 6.520560265 0.051327959 0.998676181 -0.003363470 -8.684000969 -0.026777724 0.004742951 0.999630213 78.629631042
0.998468399 -0.049866065 0.023963336 6.590058327 0.050000299 0.998736501 -0.005035029 -8.817778587 -0.023681978 0.006225490 0.999700248 79.799354553
0.998650253 -0.047552798 0.020891540 6.663444519 0.047773950 0.998805821 -0.010216890 -8.945526123 -0.020380752 0.011201171 0.999729455 80.943176270
0.998559713 -0.050940692 0.016837651 6.748642921 0.051190674 0.998579681 -0.014764485 -9.085389137 -0.016061621 0.015605152 0.999749124 82.107452393
0.998423398 -0.054343645 0.014059804 6.806503773 0.054568000 0.998380303 -0.016098198 -9.210905075 -0.013162197 0.016840031 0.999771535 83.238136292
0.998448551 -0.054718465 0.010315043 6.873650074 0.054845814 0.998416662 -0.012495800 -9.340880394 -0.009614959 0.013042150 0.999868751 84.374664307
0.998454452 -0.055075586 0.007451301 6.940313339 0.055148620 0.998428285 -0.009978482 -9.471568108 -0.006890021 0.010373991 0.999922395 85.509162903
0.998601794 -0.052387327 0.007076414 6.978613377 0.052467186 0.998555183 -0.011615963 -9.600328445 -0.006457660 0.011971000 0.999907434 86.651741028
0.998793840 -0.048626035 0.006810037 7.029970169 0.048721887 0.998704195 -0.014696535 -9.728240013 -0.006086579 0.015010607 0.999868751 87.771659851
0.998884916 -0.046905722 0.005368214 7.094040394 0.046993650 0.998739541 -0.017630670 -9.853458405 -0.004534469 0.017863285 0.999830067 88.871788025
0.998799801 -0.048758753 0.004644290 7.137255669 0.048835140 0.998643398 -0.018069617 -9.993020058 -0.003756938 0.018274728 0.999825954 90.013336182
0.998746276 -0.049955860 0.003224491 7.189783573 0.050000060 0.998628795 -0.015510476 -10.122315407 -0.002445231 0.015652256 0.999874532 91.126152039
0.998691082 -0.051087242 0.002531630 7.239873409 0.051115330 0.998612463 -0.012661823 -10.253955841 -0.001881260 0.012774656 0.999916613 92.243316650
0.998716831 -0.050617497 0.001595496 7.304508686 0.050633106 0.998644471 -0.012063156 -10.376278877 -0.000982727 0.012128462 0.999925971 93.368980408
0.998683631 -0.051270299 0.001463309 7.352436066 0.051285937 0.998583078 -0.014198857 -10.503026962 -0.000733256 0.014255214 0.999898076 94.476898193
0.998674154 -0.051465236 0.001063849 7.408891201 0.051476009 0.998516321 -0.017763052 -10.636026382 -0.000148091 0.017794264 0.999841630 95.582664490
0.998661101 -0.051726669 0.000625558 7.459939480 0.051729176 0.998478532 -0.019097060 -10.771877289 0.000363221 0.019103847 0.999817431 96.694358826
0.998620749 -0.052502386 0.000263044 7.517461777 0.052498925 0.998467267 -0.017521642 -10.902599335 0.000657287 0.017511288 0.999846458 97.780212402
0.998674393 -0.051448200 0.001611424 7.558117390 0.051464304 0.998597503 -0.012429791 -11.022883415 -0.000969674 0.012496243 0.999921381 98.857711792
0.998762608 -0.049639054 0.003025498 7.607703209 0.049664684 0.998724580 -0.009084282 -11.142388344 -0.002570704 0.009223302 0.999954104 99.925338745
0.998863280 -0.047375698 0.005264744 7.648438931 0.047421817 0.998834431 -0.009012408 -11.262257576 -0.004831638 0.009251827 0.999945521 100.983749390
0.998943329 -0.045380827 0.007273003 7.700137138 0.045458406 0.998907030 -0.010882279 -11.382944107 -0.006771207 0.011201398 0.999914348 102.020103455
0.998902261 -0.045767602 0.009983113 7.751604080 0.045897603 0.998858869 -0.013207307 -11.505100250 -0.009367253 0.013651009 0.999862969 103.040756226
0.998809278 -0.047305938 0.011924637 7.799646854 0.047474988 0.998769820 -0.014316115 -11.615522385 -0.011232728 0.014865188 0.999826431 104.059196472
0.998704553 -0.049046878 0.013548343 7.864744186 0.049231566 0.998694003 -0.013652230 -11.728775978 -0.012861051 0.014301550 0.999815106 105.042213440
0.998670995 -0.049155343 0.015499159 7.917654991 0.049345914 0.998707652 -0.012162475 -11.847306252 -0.014881277 0.012911129 0.999805987 106.021263123
0.998596907 -0.050356150 0.016393658 7.995194435 0.050534967 0.998665154 -0.010682357 -11.954455376 -0.015833855 0.011495819 0.999808550 106.953338623
0.998527288 -0.050948430 0.018640682 8.048940659 0.051162556 0.998627484 -0.011196008 -12.061743736 -0.018044680 0.012133224 0.999763548 107.871345520
0.998528302 -0.050413169 0.019990476 8.113488197 0.050607949 0.998674750 -0.009360468 -12.162953377 -0.019492090 0.010358370 0.999756336 108.776168823
0.998542488 -0.049338248 0.021876503 8.171216011 0.049514502 0.998744547 -0.007589513 -12.258701324 -0.021474585 0.008661655 0.999731839 109.646583557
0.998501837 -0.049750280 0.022780789 8.238103867 0.049854830 0.998748243 -0.004044190 -12.363556862 -0.022551075 0.005173863 0.999732316 110.504730225
0.998473763 -0.049593728 0.024305109 8.299166679 0.049715418 0.998753607 -0.004427855 -12.451775551 -0.024055222 0.005629436 0.999694765 111.329956055
0.998484969 -0.048827026 0.025370829 8.351997375 0.048923951 0.998797357 -0.003213671 -12.545668602 -0.025183400 0.004450043 0.999672890 112.138412476
0.998588622 -0.046484653 0.025687994 8.405151367 0.046576105 0.998910248 -0.002973067 -12.625695229 -0.025521800 0.004165318 0.999665618 112.916862488
0.998714685 -0.044050138 0.025070531 8.449506760 0.044057157 0.999028981 0.000272628 -12.705377579 -0.025058199 0.000832258 0.999685705 113.671966553
0.998793483 -0.043857247 0.022094561 8.496376038 0.043836594 0.999037683 0.001418165 -12.791074753 -0.022135496 -0.000447904 0.999754906 114.415092468
0.998912394 -0.043896098 0.015722914 8.533243179 0.043879677 0.999035835 0.001387925 -12.864161491 -0.015768681 -0.000696499 0.999875426 115.111045837
0.999088109 -0.042402226 0.005010707 8.565754890 0.042399883 0.999100566 0.000572568 -12.941519737 -0.005030479 -0.000359592 0.999987245 115.780319214
0.999167502 -0.039786614 -0.009023702 8.564992905 0.039764475 0.999205589 -0.002620745 -13.008872032 0.009120803 0.002259740 0.999955833 116.421775818
0.998874545 -0.038321294 -0.027948707 8.565695763 0.038192507 0.999257207 -0.005127672 -13.074698448 0.028124446 0.004054470 0.999596298 117.042800903
0.998060644 -0.036666043 -0.050305054 8.531579971 0.036343195 0.999312520 -0.007317852 -13.144694328 0.050538793 0.005475413 0.998707116 117.628936768
0.996337414 -0.035159484 -0.077946842 8.490683556 0.034542911 0.999360442 -0.009244733 -13.211038589 0.078222029 0.006518361 0.996914625 118.196800232
0.993403077 -0.032653555 -0.109927505 8.418374062 0.031566117 0.999434054 -0.011618503 -13.275111198 0.110244676 0.008071871 0.993871689 118.740333557
0.989019632 -0.028185694 -0.145071507 8.305133820 0.026600275 0.999563515 -0.012857046 -13.340792656 0.145370573 0.008856928 0.989337623 119.283332825
0.982775807 -0.022382330 -0.183441043 8.194381714 0.020486977 0.999715388 -0.012221116 -13.400321960 0.183662400 0.008252463 0.982954741 119.784217834
0.974173725 -0.017039580 -0.225156069 8.055723190 0.015171249 0.999834776 -0.010025633 -13.459583282 0.225289688 0.006350809 0.974271119 120.286621094
0.962870240 -0.012331657 -0.269683123 7.880931854 0.010327198 0.999907494 -0.008850276 -13.514081001 0.269767314 0.005736596 0.962908506 120.782089233
0.948517680 -0.006184844 -0.316663921 7.695415497 0.003463809 0.999952137 -0.009155011 -13.571073532 0.316705406 0.007586824 0.948493659 121.242141724
0.930899143 0.001637286 -0.365272611 7.473361969 -0.005652990 0.999934673 -0.009924605 -13.627424240 0.365232527 0.011303687 0.930847704 121.721321106
0.910139680 0.006414326 -0.414251924 7.205047607 -0.011772615 0.999876797 -0.010383029 -13.685014725 0.414134234 0.014326834 0.910103023 122.155204773
0.884957433 0.010653531 -0.465549946 6.939388275 -0.016871940 0.999815404 -0.009192109 -13.737072945 0.465366066 0.015989356 0.884973824 122.568077087
0.856070876 0.014213149 -0.516663015 6.652034760 -0.021898553 0.999721646 -0.008782355 -13.783006668 0.516394317 0.018832492 0.856143773 122.967529297
0.824457049 0.023556465 -0.565433979 6.324554443 -0.032188907 0.999467790 -0.005295833 -13.834055901 0.565008283 0.022566887 0.824776590 123.337554932
0.790870130 0.036986805 -0.610865474 5.972892761 -0.045708310 0.998953998 0.001307621 -13.875340462 0.610274851 0.026887469 0.791733325 123.688064575
0.754680216 0.045588080 -0.654507041 5.622146606 -0.056774415 0.998378694 0.004075794 -13.917034149 0.653631687 0.034083340 0.756044924 124.003143311
0.714772284 0.049363472 -0.697612882 5.257698059 -0.064034916 0.997935116 0.005004437 -13.960116386 0.696419537 0.041094553 0.716457307 124.300674438
0.672436953 0.050975204 -0.738396943 4.876953125 -0.066503532 0.997751534 0.008316873 -14.008172035 0.737160623 0.043513443 0.674315095 124.585144043
0.628885686 0.054508626 -0.775584638 4.462871552 -0.070106857 0.997451484 0.013255166 -14.038916588 0.774330497 0.046037827 0.631104350 124.850143433
0.583467126 0.063421622 -0.809656501 4.041255951 -0.081219986 0.996504843 0.019527745 -14.076469421 0.808065236 0.054366499 0.586578906 125.085220337
0.537854314 0.072611958 -0.839904904 3.602298737 -0.092811190 0.995327890 0.026614711 -14.102655411 0.837913454 0.063637748 0.542080581 125.289657593
0.490963876 0.077579699 -0.867718697 3.149021149 -0.098286897 0.994600356 0.033312056 -14.128477097 0.865617812 0.068930365 0.495937914 125.487434387
0.444016218 0.079079278 -0.892522275 2.688903809 -0.097896047 0.994416237 0.039405495 -14.150757790 0.890654802 0.069877744 0.449278444 125.663131714
0.396626145 0.080430754 -0.914449811 2.213062286 -0.094330482 0.994452000 0.046553195 -14.176298141 0.913120747 0.067796290 0.402012676 125.842391968
0.350732684 0.083101571 -0.932781160 1.725799561 -0.096064188 0.993993104 0.052434094 -14.195654869 0.931535482 0.071216524 0.356608987 125.986396790
0.307265073 0.086394109 -0.947694123 1.223560333 -0.101784125 0.993141234 0.057536326 -14.212142944 0.946165025 0.078781322 0.313951224 126.099380493
0.265727550 0.087629683 -0.960057199 0.694665909 -0.106506549 0.992432594 0.061105546 -14.225840569 0.958146811 0.086014956 0.273049831 126.208618164
0.226366743 0.084729068 -0.970349967 0.162555695 -0.106589161 0.992381513 0.061787311 -14.249303818 0.968192577 0.089442201 0.233673379 126.304756165
0.191500306 0.079652213 -0.978255093 -0.372041702 -0.101431429 0.992971003 0.060994491 -14.267733574 0.976237237 0.087545373 0.198233485 126.396873474
0.160931766 0.074579045 -0.984143734 -0.920824051 -0.098872393 0.993343055 0.059108108 -14.289486885 0.982000589 0.087792285 0.167234242 126.476432800
0.134815186 0.073286444 -0.988156855 -1.494384766 -0.100269236 0.993151009 0.059977002 -14.308044434 0.985784352 0.090995923 0.141240224 126.537269592
0.112297736 0.072142318 -0.991052270 -2.078529358 -0.100550719 0.993066609 0.060895380 -14.319911003 0.988574147 0.092812605 0.118773103 126.604835510
0.093692139 0.073587395 -0.992877960 -2.663339615 -0.102559760 0.992672682 0.063894205 -14.337249756 0.990304649 0.095842943 0.100552730 126.667457581
0.077899680 0.071869187 -0.994367361 -3.272609711 -0.103481077 0.992593825 0.063634187 -14.359169006 0.991576135 0.097941130 0.084759831 126.712501526
0.063710645 0.070778117 -0.995455384 -3.890444279 -0.101926796 0.992727280 0.064060658 -14.387584686 0.992749691 0.097382233 0.070461459 126.765792847
0.051725250 0.068098366 -0.996336877 -4.529158115 -0.097694337 0.993232250 0.062814318 -14.406666756 0.993871331 0.094087385 0.058028013 126.805168152
0.039573360 0.065284103 -0.997081697 -5.186171055 -0.095020637 0.993587077 0.061283987 -14.421431541 0.994688451 0.092318118 0.045522917 126.842720032
0.028548898 0.064540796 -0.997506559 -5.855759144 -0.094813786 0.993588984 0.061573718 -14.444275856 0.995085537 0.092819512 0.034485217 126.886817932
0.018535826 0.065972216 -0.997649312 -6.525501251 -0.098130852 0.993123174 0.063849680 -14.464865685 0.995000899 0.096716672 0.024882264 126.910446167
0.010635212 0.065664411 -0.997785032 -7.202913284 -0.101092637 0.992799699 0.064258777 -14.488920212 0.994820118 0.100185320 0.017196819 126.921577454
0.004026534 0.065170310 -0.997865975 -7.900071621 -0.103202529 0.992572844 0.064408168 -14.510942459 0.994652212 0.102722950 0.010722367 126.941726685
-0.001192012 0.066069975 -0.997814238 -8.597444534 -0.103917643 0.992404521 0.065835901 -14.528045654 0.994585156 0.103768975 0.005682875 126.958992004
-0.004761787 0.068546019 -0.997636676 -9.319920540 -0.106325664 0.991957784 0.068663336 -14.547098160 0.994319975 0.106401332 0.002564710 126.981796265
-0.005316517 0.072445638 -0.997358143 -10.055189133 -0.108470224 0.991445541 0.072594374 -14.571004868 0.994085431 0.108569607 0.002587155 126.981407166
-0.006315473 0.075565800 -0.997120917 -10.776266098 -0.110768571 0.990951419 0.075799838 -14.583585739 0.993826151 0.110928364 0.002111990 126.991760254
-0.006864463 0.081133425 -0.996679604 -11.516911507 -0.115557820 0.989961207 0.081382409 -14.590189934 0.993277013 0.115732774 0.002580049 126.999008179
-0.008108659 0.084998108 -0.996348083 -12.261096001 -0.118512623 0.989276767 0.085359342 -14.603522301 0.992919445 0.118771978 0.002051640 127.010704041
-0.009680714 0.085276105 -0.996310353 -13.007169724 -0.118406527 0.989249408 0.085822240 -14.620052338 0.992917955 0.118800461 0.000520607 127.030654907
-0.011390152 0.082111366 -0.996558070 -13.750712395 -0.115991637 0.989786327 0.082879134 -14.637452126 0.993184924 0.116536401 -0.001749585 127.053855896
-0.012986941 0.078708574 -0.996813118 -14.510170937 -0.119446449 0.989636660 0.079698145 -14.642635345 0.992755651 0.120100826 -0.003450893 127.067314148
-0.013910254 0.080412954 -0.996664584 -15.284835815 -0.124858677 0.988819599 0.081522644 -14.653860092 0.992076993 0.125576213 -0.003714478 127.064270020
-0.016019583 0.083798990 -0.996353805 -16.052680969 -0.121754505 0.988902748 0.085129894 -14.667298317 0.992430925 0.122674331 -0.005638905 127.084014893
-0.017700491 0.084002197 -0.996308386 -16.827722549 -0.120829307 0.988981605 0.085531130 -14.684167862 0.992515445 0.121897183 -0.007355533 127.095428467
-0.018898072 0.083026774 -0.996368110 -17.622474670 -0.123720452 0.988692820 0.084733777 -14.694764137 0.992137074 0.124872394 -0.008412277 127.095306396
-0.019425808 0.082766742 -0.996379554 -18.409885406 -0.128416896 0.988106668 0.084583193 -14.699987411 0.991529942 0.129595071 -0.008566125 127.094650269
-0.020364543 0.087167934 -0.995985508 -19.214565277 -0.130227193 0.987473905 0.089085713 -14.706309319 0.991275012 0.131518587 -0.008757821 127.097190857
-0.021010876 0.091095373 -0.995620489 -20.027257919 -0.128754407 0.987301290 0.093051352 -14.711309433 0.991453886 0.130145609 -0.009015135 127.112022400
-0.020385873 0.094028093 -0.995360732 -20.857435226 -0.130378425 0.986816287 0.095891200 -14.728447914 0.991254628 0.131728381 -0.007857873 127.130096436
-0.018524203 0.092849292 -0.995507836 -21.675745010 -0.129823163 0.987026095 0.094473936 -14.733809471 0.991364062 0.130990043 -0.006229884 127.140998840
-0.017281916 0.092807084 -0.995534062 -22.506515503 -0.129883692 0.987037659 0.094269715 -14.736579895 0.991378546 0.130932793 -0.005003777 127.151863098
-0.017301662 0.091998309 -0.995608807 -23.341133118 -0.128662005 0.987274408 0.093464032 -14.744832039 0.991537571 0.129714102 -0.005244799 127.174781799
-0.016838437 0.093919106 -0.995437443 -24.179882050 -0.129537061 0.986983061 0.095312648 -14.750166893 0.991431653 0.130550936 -0.004453245 127.196998596
-0.016110018 0.095913678 -0.995259404 -25.018466949 -0.131330550 0.986561716 0.097201325 -14.750507355 0.991207719 0.132273898 -0.003297126 127.212432861
-0.016046889 0.098629624 -0.994994819 -25.881860733 -0.134215370 0.985904396 0.099893101 -14.752402306 0.990822196 0.135146573 -0.002583087 127.226646423
-0.014571834 0.099712849 -0.994909525 -26.746522903 -0.136469394 0.985505819 0.100769155 -14.748785973 0.990537107 0.137243107 -0.000752875 127.239707947
-0.012962433 0.103015661 -0.994595289 -27.616436005 -0.143207684 0.984233320 0.103808820 -14.747804642 0.989607751 0.143779308 0.001994576 127.255706787
-0.010300667 0.106913216 -0.994215012 -28.503019333 -0.148436904 0.983088493 0.107254632 -14.742699623 0.988868356 0.148682937 0.005743401 127.266853333
-0.008283611 0.108669445 -0.994043410 -29.377157211 -0.150887892 0.982559621 0.108671412 -14.735833168 0.988516212 0.150889277 0.008257758 127.298690796
-0.004611864 0.109431140 -0.993983686 -30.275112152 -0.149585038 0.982734978 0.108886763 -14.735557556 0.988738120 0.149187282 0.011837022 127.322326660
-0.001935503 0.109314270 -0.994005263 -31.166894913 -0.152159929 0.982400656 0.108334325 -14.727806091 0.988353908 0.151457459 0.014731811 127.350852966
0.000388077 0.113268808 -0.993564248 -32.066944122 -0.152703658 0.981918633 0.111881517 -14.719951630 0.988271832 0.151677474 0.017677618 127.382644653
0.002847073 0.115464501 -0.993307531 -32.989852905 -0.152069435 0.981809020 0.113692023 -14.712949753 0.988365710 0.150728032 0.020353900 127.422363281
0.004649770 0.116805121 -0.993143976 -33.882701874 -0.152769715 0.981579542 0.114729770 -14.708732605 0.988250852 0.151188850 0.022408403 127.463317871
0.006973197 0.115153156 -0.993323326 -34.786663055 -0.154224560 0.981586039 0.112709828 -14.701339722 0.988011181 0.152408913 0.024604237 127.495742798
0.007261867 0.116113484 -0.993209422 -35.698345184 -0.158372134 0.980833352 0.113508694 -14.687088013 0.987352788 0.156472445 0.025511825 127.536994934
0.008649997 0.116434135 -0.993160725 -36.594070435 -0.159017891 0.980719388 0.113590591 -14.678815842 0.987237751 0.156947777 0.026998332 127.571907043
0.008739747 0.113195822 -0.993534207 -37.488525391 -0.159572095 0.980997741 0.110363826 -14.677891731 0.987147629 0.157575756 0.026636571 127.609741211
0.009403734 0.109121971 -0.993983865 -38.402793884 -0.160680443 0.981275678 0.106206700 -14.676588058 0.986961663 0.158715025 0.026761422 127.655639648
0.009911683 0.108383939 -0.994059622 -39.300720215 -0.160358369 0.981414616 0.105406307 -14.669810295 0.987009048 0.158361033 0.027107745 127.697013855
0.009869319 0.112465419 -0.993606627 -40.206214905 -0.162860990 0.980568171 0.109371945 -14.662942886 0.986599624 0.160740316 0.027993772 127.734626770
0.010133354 0.118790187 -0.992867589 -41.143310547 -0.163599312 0.979736507 0.115549400 -14.650281906 0.986474812 0.161261573 0.029362012 127.776275635
0.010205377 0.117354952 -0.993037522 -42.037300110 -0.161350906 0.980268896 0.114187770 -14.648450851 0.986844301 0.159062207 0.028939340 127.823127747
0.011121752 0.107215486 -0.994173586 -42.928600311 -0.160441756 0.981544793 0.104058698 -14.655260086 0.986982644 0.158349633 0.028118338 127.866004944
0.011380056 0.096709892 -0.995247543 -43.859024048 -0.162288889 0.982294321 0.093595527 -14.657065392 0.986677766 0.160452470 0.026873505 127.907875061
0.010300935 0.093661487 -0.995550752 -44.759082794 -0.159126207 0.983070135 0.090840816 -14.663658142 0.987204492 0.157482475 0.025030540 127.955093384
0.010024054 0.103705838 -0.994557500 -45.677993774 -0.151550278 0.983275771 0.101001985 -14.665374756 0.988398612 0.149713010 0.025573062 128.006958008
0.010144780 0.116969742 -0.993083596 -46.631862640 -0.146672010 0.982567072 0.114232756 -14.661155701 0.989133120 0.144498751 0.027124112 128.063415527
0.010402043 0.125796556 -0.992001593 -47.553852081 -0.147073358 0.981458545 0.122917384 -14.649650574 0.989070892 0.144618407 0.028710494 128.107864380
0.010299956 0.120205820 -0.992695570 -48.470066071 -0.147314101 0.982098401 0.117394105 -14.645523071 0.989036143 0.145028904 0.027823580 128.148574829
0.010267066 0.106757402 -0.994232059 -49.392509460 -0.147094011 0.983629286 0.104099937 -14.641972542 0.989069223 0.145176798 0.025802365 128.189361572
0.010816191 0.097992882 -0.995128274 -50.306846619 -0.147643015 0.984435260 0.095335156 -14.640962601 0.988981545 0.145892605 0.025115807 128.232818604
0.011530545 0.098095454 -0.995110214 -51.234020233 -0.147101954 0.984515190 0.095346518 -14.648983002 0.989054143 0.145283282 0.025782030 128.276824951
0.010660222 0.099679604 -0.994962394 -52.177169800 -0.149733454 0.983959436 0.096972987 -14.664103508 0.988668919 0.147945419 0.025414595 128.319854736
0.011225251 0.099146374 -0.995009542 -53.104976654 -0.154337123 0.983319759 0.096240401 -14.664472580 0.987954438 0.152486593 0.026339976 128.353439331
0.011534132 0.098743461 -0.995046020 -54.043876648 -0.156046599 0.983097911 0.095748954 -14.666757584 0.987682343 0.154169172 0.026747758 128.395553589
0.012363280 0.106222302 -0.994265556 -55.005363464 -0.165265486 0.980883420 0.102737613 -14.664768219 0.986171603 0.163047612 0.029681820 128.434127808
0.013732569 0.115633674 -0.993196964 -55.945037842 -0.170566186 0.979003370 0.111622810 -14.655364990 0.985250533 0.167872995 0.033167426 128.473098755
0.015002463 0.124123223 -0.992153406 -56.903686523 -0.170977861 0.977968931 0.119763315 -14.648333549 0.985160649 0.167839512 0.035894264 128.514205933
0.016230766 0.124672502 -0.992065191 -57.860961914 -0.172857031 0.977606118 0.120027401 -14.636537552 0.984813213 0.169537321 0.037417818 128.559799194
0.017770581 0.114857055 -0.993223071 -58.809200287 -0.174477473 0.978494167 0.110032052 -14.630182266 0.984500766 0.171339735 0.037428383 128.606887817
0.018983100 0.109645300 -0.993789494 -59.746482849 -0.172814161 0.979368210 0.104753122 -14.621028900 0.984771490 0.169752359 0.037539709 128.662292480
0.020948870 0.108258426 -0.993902028 -60.717788696 -0.171312779 0.979806125 0.103112198 -14.620244980 0.984993935 0.168108061 0.039071880 128.717361450
0.024099268 0.114125296 -0.993174016 -61.676200867 -0.172790587 0.978986263 0.108302228 -14.617046356 0.984663785 0.169001117 0.043312628 128.779861450
0.027568474 0.116335042 -0.992827356 -62.657299042 -0.175622970 0.978319824 0.109758474 -14.616465569 0.984071434 0.171337441 0.047401890 128.835571289
0.031477876 0.111205488 -0.993298709 -63.614383698 -0.174688756 0.979107320 0.104080744 -14.614169121 0.984120488 0.170241877 0.050246567 128.896316528
0.034590237 0.105319656 -0.993836701 -64.567573547 -0.174560666 0.979782045 0.097754695 -14.617115021 0.984038711 0.170103461 0.052275565 128.963516235
0.038197756 0.105164945 -0.993720889 -65.522392273 -0.172370479 0.980233550 0.097111814 -14.615960121 0.984291375 0.167578697 0.055570051 129.034088135
0.040615186 0.109579705 -0.993147850 -66.483543396 -0.169715077 0.980281234 0.101219498 -14.629361153 0.984655797 0.164441094 0.058411639 129.114181519
0.044103552 0.116310813 -0.992233098 -67.441131592 -0.169067860 0.979742765 0.107331820 -14.628295898 0.984617174 0.163021013 0.062874556 129.192047119
0.046365242 0.120130777 -0.991674721 -68.407089233 -0.166823626 0.979731917 0.110884264 -14.630407333 0.984895945 0.160293624 0.065466166 129.280593872
0.048625667 0.122078508 -0.991328478 -69.388244629 -0.166587919 0.979592144 0.112461902 -14.630754471 0.984826982 0.159674823 0.067970119 129.357910156
0.051031068 0.119154282 -0.991563439 -70.328346252 -0.165247425 0.980178952 0.109281719 -14.628240585 0.984931171 0.158276498 0.069709525 129.432281494
0.051633440 0.117814742 -0.991692364 -71.274330139 -0.163254052 0.980654657 0.108003460 -14.630183220 0.985232055 0.156321183 0.069868311 129.520965576
0.052155085 0.114414006 -0.992063165 -72.221961975 -0.160166383 0.981513441 0.104777008 -14.638058662 0.985711217 0.153430492 0.069516189 129.610397339
0.052094258 0.113617167 -0.992157876 -73.215675354 -0.158654854 0.981830537 0.104104154 -14.623826027 0.985958815 0.151987448 0.069173634 129.691925049
0.051922899 0.118337914 -0.991614938 -74.168853760 -0.155335501 0.981825888 0.109036028 -14.624114037 0.986496270 0.148371518 0.069361307 129.777450562
0.051186744 0.119978130 -0.991456091 -75.129478455 -0.149290383 0.982521832 0.111189432 -14.625617981 0.987467647 0.142323434 0.068203673 129.877349854
0.050520521 0.115699582 -0.991998613 -76.087532043 -0.146453768 0.983387768 0.107236668 -14.614521980 0.987926543 0.139864296 0.066625893 129.958511353
0.048987478 0.111865483 -0.992515147 -77.045936584 -0.148865640 0.983426690 0.103493586 -14.615546227 0.987643301 0.142681509 0.064828508 130.033279419
0.047693800 0.108969279 -0.992900252 -77.994956970 -0.145316541 0.984212875 0.101035580 -14.615416527 0.988235056 0.139466062 0.062775888 130.116409302
0.046507977 0.109928139 -0.992850959 -78.959297180 -0.145461947 0.984077036 0.102142863 -14.617020607 0.988270164 0.139671549 0.061757796 130.185501099
0.045713264 0.110992372 -0.992769301 -79.910552979 -0.146767333 0.983769894 0.103228137 -14.617853165 0.988114178 0.140987232 0.061261389 130.257385254
0.044374369 0.111348689 -0.992790222 -80.865058899 -0.148308158 0.983491600 0.103676908 -14.619192123 0.987945199 0.142638296 0.060155742 130.330276489
0.043169890 0.112279691 -0.992738366 -81.814674377 -0.148084208 0.983407915 0.104784869 -14.619441032 0.988032162 0.142485335 0.059080459 130.396667480
0.040907897 0.112617597 -0.992795944 -82.779945374 -0.148118466 0.983332634 0.105440959 -14.619985580 0.988123178 0.142738059 0.056906812 130.469573975
0.039418057 0.114672616 -0.992621005 -83.734428406 -0.148547098 0.983027041 0.107665263 -14.609991074 0.988119423 0.143207029 0.055783294 130.540023804
0.038030565 0.118433170 -0.992233455 -84.688461304 -0.149850786 0.982399583 0.111515865 -14.600812912 0.987976968 0.144445926 0.055108510 130.598648071
0.036180589 0.123599768 -0.991672337 -85.637893677 -0.151147023 0.981583297 0.116827779 -14.590682983 0.987848938 0.145661429 0.054196008 130.661727905
0.033629220 0.123238601 -0.991807044 -86.588027954 -0.151002467 0.981602848 0.116850622 -14.584316254 0.987961173 0.145835727 0.051619869 130.726699829
0.032609101 0.118162386 -0.992458701 -87.532913208 -0.151059404 0.982162416 0.111973174 -14.578392029 0.987986684 0.146268874 0.049876977 130.787658691
0.030123150 0.113337785 -0.993099689 -88.480827332 -0.155262187 0.982021630 0.107364029 -14.565852165 0.987413883 0.150956690 0.047178656 130.848693848
0.028857840 0.111253850 -0.993372917 -89.423538208 -0.153053716 0.982559860 0.105596557 -14.562114716 0.987796605 0.148992121 0.045382362 130.914749146
0.028498683 0.112497024 -0.993243277 -90.389442444 -0.148722470 0.983064651 0.107076958 -14.562159538 0.988468230 0.144666016 0.044746883 130.966903687
0.028037963 0.113914177 -0.993094862 -91.338447571 -0.145665675 0.983345985 0.108683355 -14.558814049 0.988936484 0.141612574 0.044164408 131.027832031
0.026733072 0.113579489 -0.993169188 -92.291450500 -0.140407503 0.984101713 0.108763196 -14.558240891 0.989732921 0.136540830 0.042255480 131.096481323
0.025413677 0.110751085 -0.993523240 -93.233314514 -0.136396319 0.984934151 0.106304727 -14.559722900 0.990328312 0.132811323 0.040136844 131.161163330
0.024817569 0.107769221 -0.993866146 -94.177757263 -0.131338641 0.985906482 0.103626505 -14.563690186 0.991026878 0.127961263 0.038622070 131.223190308
0.023058666 0.110308193 -0.993629932 -95.158332825 -0.129421830 0.985860050 0.106442191 -14.562727928 0.991321445 0.126142994 0.037008915 131.277130127
0.021738365 0.112623744 -0.993399918 -96.105339050 -0.128771797 0.985673428 0.108929887 -14.558957100 0.991436005 0.125553906 0.035929687 131.334747314
0.020287637 0.110535786 -0.993665159 -97.065200806 -0.124545105 0.986407518 0.107185625 -14.554914474 0.992006540 0.121581554 0.033778571 131.385742188
0.018483903 0.107674219 -0.994014442 -98.015655518 -0.121711373 0.987032712 0.104654700 -14.553599358 0.992393494 0.119048417 0.031349398 131.433227539
0.014336628 0.104874574 -0.994382083 -98.980308533 -0.120334074 0.987437308 0.102407210 -14.548625946 0.992629945 0.118189864 0.026776513 131.492187500
0.011656547 0.104037367 -0.994505048 -99.935478210 -0.114737965 0.988142550 0.102026932 -14.556852341 0.993327379 0.112918206 0.023455366 131.541320801
0.009472258 0.103950419 -0.994537354 -100.893959045 -0.107954569 0.988875270 0.102330402 -14.548779488 0.994110644 0.106395580 0.020588804 131.584457397
0.006863654 0.112125188 -0.993670344 -101.855888367 -0.098102957 0.988975704 0.110917829 -14.548516273 0.995152533 0.096720681 0.017787801 131.645492554
0.004294887 0.120216392 -0.992738545 -102.812881470 -0.090105869 0.988755763 0.119344279 -14.542018890 0.995922983 0.088938989 0.015078798 131.699981689
0.001388905 0.119980648 -0.992775261 -103.766296387 -0.085798003 0.989129782 0.119420022 -14.535393715 0.996311605 0.085012257 0.011667907 131.745681763
-0.001254414 0.109659791 -0.993968308 -104.715835571 -0.086628564 0.990220606 0.109355651 -14.532110214 0.996239841 0.086243227 0.008257524 131.777816772
-0.003304969 0.100311816 -0.994950593 -105.663833618 -0.088524848 0.991020322 0.100209646 -14.528457642 0.996068478 0.088409029 0.005604798 131.813690186
-0.003484831 0.101972550 -0.994781077 -106.629348755 -0.095966846 0.990161598 0.101835199 -14.529659271 0.995378435 0.095820896 0.006335438 131.827621460
-0.004616805 0.111415081 -0.993763208 -107.587753296 -0.099316433 0.988809288 0.111321077 -14.516880989 0.995045185 0.099210970 0.006500209 131.867721558
-0.006114716 0.122696772 -0.992425323 -108.550903320 -0.103123292 0.987075269 0.122670703 -14.501986504 0.994649827 0.103092268 0.006617210 131.896331787
-0.007588622 0.124552779 -0.992183924 -109.496826172 -0.110203065 0.986064494 0.124627449 -14.489895821 0.993880153 0.110287465 0.006243225 131.925033569
-0.007232951 0.121002153 -0.992625833 -110.483070374 -0.117218345 0.985705733 0.121012703 -14.465173721 0.993079782 0.117229238 0.007054114 131.942947388
-0.007581727 0.117236093 -0.993075132 -111.436614990 -0.125402227 0.985152185 0.117258154 -14.451960564 0.992076993 0.125422820 0.007232512 131.967529297
-0.005088806 0.118929893 -0.992889583 -112.402709961 -0.129906982 0.984409988 0.118579976 -14.428675652 0.991513133 0.129586697 0.010440351 131.988540649
-0.003774896 0.120188564 -0.992743909 -113.388885498 -0.137960553 0.983195305 0.119557142 -14.408719063 0.990430534 0.137410805 0.012869824 132.012619019
-0.003400480 0.122774698 -0.992428839 -114.351631165 -0.147108436 0.981575608 0.121936105 -14.389778137 0.989114583 0.146409243 0.014723363 132.034332275
-0.003115316 0.124621205 -0.992199540 -115.326774597 -0.152422294 0.980551541 0.123636797 -14.364480019 0.988310516 0.151618451 0.015940320 132.060470581
-0.002694415 0.124559954 -0.992208421 -116.308097839 -0.156690300 0.979903340 0.123440713 -14.355105400 0.987644136 0.155802071 0.016877074 132.099502563
-0.001179250 0.115207180 -0.993340790 -117.263023376 -0.155682743 0.981208622 0.113984898 -14.356163979 0.987806380 0.154780433 0.016778678 132.131744385
-0.000054503 0.103705026 -0.994608104 -118.215301514 -0.158639148 0.982012033 0.102400385 -14.347132683 0.987336636 0.157789379 0.016398158 132.170913696
