1.000000000 0.000000000 0.000000000 0.000000000 0.000000000 1.000000000 0.000000000 0.000000000 0.000000000 0.000000000 1.000000000 0.000000000
0.999997735 -0.001601436 -0.001385752 0.050274737 0.001598446 0.999996424 -0.002155727 -0.132807031 0.001389199 0.002153508 0.999996722 1.297513843
0.999997675 0.000040687 -0.002152764 0.105007842 -0.000054353 0.999979854 -0.006348325 -0.267495394 0.002152462 0.006348427 0.999977529 2.603833675
0.999996185 0.002418070 -0.001353861 0.148668870 -0.002428710 0.999965727 -0.007912974 -0.405714422 0.001334681 0.007916233 0.999967754 3.907998323
0.999984264 0.005613766 0.000184430 0.194042414 -0.005612413 0.999961972 -0.006662314 -0.544304788 -0.000221824 0.006661173 0.999977767 5.220597267
0.999975264 0.006590372 0.002445160 0.241898730 -0.006582423 0.999973059 -0.003245106 -0.690612853 -0.002466481 0.003228931 0.999991775 6.535938263
0.999960482 0.006826478 0.005688882 0.299758255 -0.006815245 0.999974728 -0.001991671 -0.827471554 -0.005702334 0.001952821 0.999981880 7.838393211
0.999942124 0.005392666 0.009300448 0.352487206 -0.005375472 0.999983728 -0.001872711 -0.960840225 -0.009310397 0.001822609 0.999954998 9.143722534
0.999911666 0.004040942 0.012661383 0.430866241 -0.004019331 0.999990463 -0.001731834 -1.097816944 -0.012668259 0.001680791 0.999918401 10.443877220
0.999869108 0.002662953 0.015953360 0.496548295 -0.002623608 0.999993443 -0.002486660 -1.234851360 -0.015959879 0.002444480 0.999869645 11.750378609
0.999812663 0.001546686 0.019291190 0.574105859 -0.001481808 0.999993145 -0.003376904 -1.369691372 -0.019296281 0.003347686 0.999808133 13.042662621
0.999743521 0.001630716 0.022589263 0.645111203 -0.001559960 0.999993801 -0.003149576 -1.520253778 -0.022594254 0.003113530 0.999739826 14.364546776
0.999659240 0.001549192 0.026062289 0.729935825 -0.001441649 0.999990404 -0.004144707 -1.658703089 -0.026068464 0.004105722 0.999651790 15.660365105
0.999570191 0.002493729 0.029207917 0.812202573 -0.002372332 0.999988437 -0.004190229 -1.795254111 -0.029218029 0.004119138 0.999564588 16.956537247
0.999473393 0.002126312 0.032378126 0.902700722 -0.002003516 0.999990642 -0.003824550 -1.933438897 -0.032385953 0.003757666 0.999468386 18.242769241
0.999407947 0.000409229 0.034403577 1.004796147 -0.000285330 0.999993384 -0.003606174 -2.074760199 -0.034404837 0.003594223 0.999401510 19.536260605
0.999345779 -0.002078885 0.036105838 1.101081371 0.002259066 0.999985158 -0.004950246 -2.214069366 -0.036095012 0.005028573 0.999335706 20.811517715
0.999304533 -0.001791341 0.037245180 1.198317766 0.002036287 0.999976516 -0.006539707 -2.356724501 -0.037232593 0.006611001 0.999284744 22.116016388
0.999256849 -0.001819717 0.038502876 1.281950712 0.002179720 0.999954164 -0.009310118 -2.497476816 -0.038484175 0.009387122 0.999215066 23.399467468
0.999219894 -0.001254618 0.039472327 1.383700848 0.001680425 0.999940753 -0.010756154 -2.642113447 -0.039456498 0.010814096 0.999162734 24.689102173
0.999166429 -0.000674163 0.040819380 1.480450988 0.001139900 0.999934554 -0.011387520 -2.788954735 -0.040809028 0.011424555 0.999101639 25.960201263
0.999156237 -0.002274254 0.041007880 1.581769586 0.002700129 0.999942899 -0.010332810 -2.935701847 -0.040982030 0.010434818 0.999105513 27.251911163
0.999148488 -0.005249364 0.040925235 1.685842276 0.005628135 0.999942303 -0.009145467 -3.082854271 -0.040874869 0.009368011 0.999120355 28.530088425
0.999174595 -0.006792697 0.040052455 1.781269550 0.007183394 0.999927938 -0.009618816 -3.228987694 -0.039984226 0.009898590 0.999151289 29.821874619
0.999182701 -0.008441910 0.039529353 1.881694674 0.008934963 0.999884248 -0.012313074 -3.373072624 -0.039420832 0.012656204 0.999142587 31.084300995
0.999221802 -0.008620225 0.038489711 1.994228840 0.009101386 0.999882400 -0.012343343 -3.520607710 -0.038378775 0.012684049 0.999182761 32.373855591
0.999233603 -0.009161171 0.038055148 2.091238260 0.009647803 0.999873757 -0.012623658 -3.666095972 -0.037934694 0.012981133 0.999195933 33.637580872
0.999248087 -0.009722684 0.037533157 2.186676979 0.010202354 0.999868453 -0.012609546 -3.811809301 -0.037405621 0.012982991 0.999215961 34.909748077
0.999258935 -0.010283660 0.037091605 2.281149864 0.010772679 0.999857366 -0.013008457 -3.958116770 -0.036952537 0.013398392 0.999227226 36.170104980
0.999305487 -0.010821646 0.035655770 2.398383617 0.011303656 0.999847054 -0.013344722 -4.113748550 -0.035505902 0.013738493 0.999275029 37.461448669
0.999302506 -0.010481242 0.035842191 2.490406036 0.010898779 0.999874771 -0.011473832 -4.259490013 -0.035717446 0.011856467 0.999291599 38.720077515
0.999265373 -0.010552703 0.036842369 2.591183186 0.010940121 0.999886811 -0.010329828 -4.400744438 -0.036729190 0.010725301 0.999267697 39.988430023
0.999193430 -0.012288501 0.038230274 2.706893921 0.012637059 0.999880672 -0.008889142 -4.539438248 -0.038116485 0.009365092 0.999229372 41.236236572
0.999070048 -0.013390989 0.040983614 2.796757698 0.013811238 0.999854684 -0.009988168 -4.687565804 -0.040843915 0.010544917 0.999109805 42.506019592
0.998948693 -0.014662581 0.043434564 2.894035101 0.015242104 0.999798715 -0.013041442 -4.837007999 -0.043234613 0.013689765 0.998971105 43.755840302
0.998854101 -0.015743449 0.045195118 3.005156040 0.016399419 0.999764979 -0.014180358 -4.982879639 -0.044961251 0.014905284 0.998877645 45.022430420
0.998722613 -0.015753241 0.048008729 3.126832724 0.016390121 0.999782383 -0.012901301 -5.119810104 -0.047795042 0.013671691 0.998763621 46.258197784
0.998529673 -0.017315442 0.051367596 3.239488602 0.017833836 0.999794364 -0.009650709 -5.271234512 -0.051189929 0.010552601 0.998633206 47.518772125
0.998263717 -0.020397823 0.055256862 3.356570244 0.020857530 0.999752343 -0.007755511 -5.408992767 -0.055084985 0.008894567 0.998442054 48.747653961
0.998018742 -0.022193482 0.058872867 3.484571457 0.022705341 0.999709845 -0.008039555 -5.549816132 -0.058677360 0.009360356 0.998233140 49.994468689
0.997740626 -0.025636556 0.062098186 3.629933119 0.026412779 0.999582529 -0.011711409 -5.684491634 -0.061772015 0.013325137 0.998001337 51.222190857
0.997453272 -0.027214177 0.065927178 3.760819197 0.028058434 0.999535203 -0.011913824 -5.822648048 -0.065572314 0.013733295 0.997753322 52.449184418
0.997090578 -0.029622611 0.070234530 3.884963036 0.030355845 0.999494970 -0.009395298 -5.961916447 -0.069920741 0.011499991 0.997486234 53.669113159
0.996824861 -0.032233141 0.072809279 4.045156479 0.032762419 0.999444664 -0.006086503 -6.095099449 -0.072572649 0.008452586 0.997327268 54.880371094
0.996593058 -0.034940310 0.074708082 4.201431751 0.035366468 0.999364793 -0.004388538 -6.225449562 -0.074507289 0.007015748 0.997195780 56.090675354
0.996382475 -0.037869446 0.076078199 4.347418308 0.038088340 0.999273300 -0.001427758 -6.347493649 -0.075968854 0.004320285 0.997100830 57.305820465
0.996225715 -0.040992972 0.076511428 4.503843784 0.041101128 0.999155045 0.000161105 -6.475045681 -0.076453373 0.002984209 0.997068703 58.509468079
0.996161163 -0.042991575 0.076253645 4.646276474 0.043347802 0.999055386 -0.003021942 -6.604338646 -0.076051705 0.006315768 0.997083902 59.713344574
0.996177733 -0.044088680 0.075405978 4.794350624 0.044773415 0.998969674 -0.007413565 -6.731321335 -0.075001426 0.010761411 0.997125328 60.901458740
0.996185422 -0.045505833 0.074457116 4.925057411 0.046461985 0.998857677 -0.011159376 -6.864666462 -0.073864251 0.014576231 0.997161686 62.104766846
0.996230066 -0.046998899 0.072915629 5.070339680 0.048112899 0.998749375 -0.013596530 -6.995899677 -0.072185412 0.017053455 0.997245371 63.289611816
0.996378243 -0.047673151 0.070410684 5.205559731 0.048760422 0.998715162 -0.013803585 -7.131278992 -0.069662146 0.017186845 0.997422636 64.467170715
0.996594191 -0.046983317 0.067767844 5.346044540 0.047996461 0.998757601 -0.013399483 -7.269543171 -0.067054100 0.016606465 0.997611105 65.690101624
0.996820807 -0.046144519 0.064952500 5.464413643 0.046975117 0.998831987 -0.011318576 -7.402627468 -0.064354338 0.014333744 0.997824132 66.871109009
0.997253299 -0.042392273 0.060737263 5.592357159 0.042933013 0.999048829 -0.007625216 -7.537606716 -0.060356244 0.010211905 0.998124599 68.057411194
0.997533858 -0.040466685 0.057347387 5.709372044 0.040843092 0.999150872 -0.005406279 -7.663195610 -0.057079926 0.007735193 0.998339593 69.238540649
0.997729778 -0.039327811 0.054667510 5.812087059 0.039849628 0.999169588 -0.008487640 -7.800023079 -0.054288309 0.010646852 0.998468578 70.404190063
0.997929513 -0.039174445 0.051009115 5.927083015 0.040015776 0.999077618 -0.015577934 -7.931909561 -0.050351810 0.017586850 0.998576701 71.578979492
0.997939348 -0.043076079 0.047554765 6.034704208 0.044002462 0.998858094 -0.018608121 -8.067048073 -0.046698898 0.020662308 0.998695254 72.749496460
0.997971594 -0.046856988 0.043093007 6.145938873 0.047481488 0.998779774 -0.013584134 -8.205685616 -0.042403914 0.015602701 0.998978734 73.919624329
0.997968376 -0.050656039 0.038640328 6.252364159 0.051022116 0.998660982 -0.008546747 -8.333739281 -0.038155641 0.010500891 0.999216676 75.077575684
0.998012006 -0.052996647 0.034107897 6.347691536 0.053221013 0.998566449 -0.005703385 -8.461356163 -0.033756755 0.007507304 0.999401808 76.267883301
0.998185933 -0.052199874 0.030000551 6.435513496 0.052322082 0.998624682 -0.003302396 -8.586126328 -0.029786907 0.004866097 0.999544382 77.427017212
0.998308539 -0.051933419 0.026132369 6.529396057 0.052047629 0.998637676 -0.003709036 -8.695896149 -0.025904145 0.005062890 0.999651611 78.585632324
0.998452485 -0.050509728 0.023268938 6.593998432 0.050643560 0.998703361 -0.005198163 -8.831736565 -0.022976210 0.006368541 0.999715745 79.755241394
0.998635411 -0.048253901 0.019967828 6.668325424 0.048470136 0.998769462 -0.010490254 -8.957961082 -0.019437063 0.011443784 0.999745548 80.899375916
0.998534262 -0.051698655 0.016025554 6.751645088 0.051943280 0.998533726 -0.015243818 -9.096366882 -0.015213969 0.016053895 0.999755323 82.061737061
0.998404503 -0.054763295 0.013763592 6.805496216 0.054982256 0.998358071 -0.016067695 -9.228572845 -0.012861070 0.016798813 0.999776185 83.195381165
0.998441994 -0.054905619 0.009942611 6.873091221 0.055029612 0.998404443 -0.012659006 -9.358531952 -0.009231695 0.013186422 0.999870420 84.340507507
0.998435676 -0.055388827 0.007636215 6.930221558 0.055465806 0.998407781 -0.010265889 -9.484815598 -0.007055440 0.010673378 0.999918103 85.472450256
0.998573840 -0.052920960 0.007041126 6.982443333 0.053002805 0.998522341 -0.011994531 -9.614192963 -0.006395960 0.012350628 0.999903202 86.616836548
0.998787820 -0.048865248 0.005910583 7.035445213 0.048950005 0.998686135 -0.015163406 -9.744457245 -0.005161853 0.015434352 0.999867558 87.742164612
0.998847723 -0.047773775 0.004557893 7.088826180 0.047846619 0.998701394 -0.017498748 -9.876740456 -0.003715991 0.017696664 0.999836504 88.860290527
0.998796344 -0.048888832 0.003958349 7.140300751 0.048952244 0.998640120 -0.017930564 -10.012260437 -0.003076361 0.018102750 0.999831378 89.981040955
0.998767197 -0.049549691 0.002989617 7.185917854 0.049591146 0.998642921 -0.015907520 -10.144243240 -0.002197347 0.016036175 0.999868929 91.098663330
0.998675227 -0.051421996 0.001885106 7.244064808 0.051442139 0.998592198 -0.012936324 -10.272017479 -0.001217241 0.013016164 0.999914467 92.208877563
0.998690605 -0.051116414 0.002030814 7.292735100 0.051137924 0.998612821 -0.012540370 -10.397517204 -0.001386978 0.012627804 0.999919295 93.346183777
0.998677969 -0.051373031 0.001768377 7.336352348 0.051393524 0.998570263 -0.014701140 -10.531982422 -0.001010606 0.014772589 0.999890327 94.488243103
0.998675883 -0.051428966 0.001218085 7.393573284 0.051442619 0.998510301 -0.018189041 -10.660913467 -0.000280827 0.018227620 0.999833822 95.588226318
0.998622596 -0.052464128 0.000652907 7.450360775 0.052466989 0.998438239 -0.019189198 -10.794066429 0.000354857 0.019197023 0.999815702 96.692916870
0.998627245 -0.052354190 0.001601776 7.488107204 0.052374657 0.998462915 -0.018130012 -10.926210403 -0.000650132 0.018189019 0.999834359 97.764831543
0.998642445 -0.052041069 0.002204442 7.537803173 0.052064601 0.998565793 -0.012470577 -11.048814774 -0.001552298 0.012568425 0.999919772 98.853469849
0.998738647 -0.050104979 0.003248166 7.593237400 0.050133426 0.998698592 -0.009365263 -11.169352531 -0.002774693 0.009516292 0.999950886 99.927787781
0.998811007 -0.048461523 0.005282541 7.647575855 0.048511066 0.998775542 -0.009693586 -11.281918526 -0.004806307 0.009938322 0.999939084 100.979675293
0.998890638 -0.046574850 0.006930707 7.704461098 0.046649422 0.998850584 -0.011017491 -11.410542488 -0.006409604 0.011328583 0.999915242 102.029899597
0.998864055 -0.046704765 0.009446992 7.757486343 0.046830703 0.998810589 -0.013580445 -11.527105331 -0.008801484 0.014007427 0.999863148 103.044792175
0.998773754 -0.048284110 0.010938608 7.828582764 0.048435941 0.998727262 -0.014068606 -11.647234917 -0.010245395 0.014581178 0.999841154 104.057289124
0.998680651 -0.049682662 0.012982314 7.888111591 0.049856305 0.998666346 -0.013412652 -11.769714355 -0.012298622 0.014042208 0.999825776 105.062454224
0.998661518 -0.049648408 0.014496160 7.952078819 0.049821436 0.998688102 -0.011829726 -11.884762764 -0.013889813 0.012536113 0.999824882 106.022666931
0.998591900 -0.050566569 0.016038941 8.010607719 0.050737984 0.998657167 -0.010467269 -11.994011879 -0.015488112 0.011266312 0.999816537 106.978340149
0.998520732 -0.051356170 0.017859854 8.070599556 0.051557500 0.998609483 -0.011001439 -12.099642754 -0.017270030 0.011905974 0.999779940 107.896896362
0.998506248 -0.050957967 0.019712323 8.128885269 0.051143706 0.998650372 -0.009034994 -12.202099800 -0.019225320 0.010029659 0.999764800 108.800468445
0.998507440 -0.050137687 0.021656336 8.187425613 0.050296217 0.998710871 -0.006837881 -12.300196648 -0.021285580 0.007916905 0.999742091 109.671073914
0.998480260 -0.050202996 0.022730477 8.249978065 0.050298668 0.998727500 -0.003656853 -12.402367592 -0.022517962 0.004794610 0.999734938 110.525810242
0.998433650 -0.050362568 0.024370089 8.310357094 0.050462641 0.998719752 -0.003509086 -12.494163513 -0.024162166 0.004733370 0.999696851 111.351905823
0.998462379 -0.049214855 0.025509456 8.362589836 0.049303800 0.998779714 -0.002869274 -12.583619118 -0.025337117 0.004122575 0.999670446 112.166831970
0.998567462 -0.046785749 0.025959002 8.416856766 0.046867028 0.998897910 -0.002531285 -12.664396286 -0.025811965 0.003744280 0.999659777 112.949104309
0.998707831 -0.044148173 0.025168609 8.466371536 0.044149838 0.999024808 0.000489506 -12.741241455 -0.025165677 0.000622316 0.999683082 113.701904297
0.998762250 -0.044543028 0.022132119 8.509168625 0.044516008 0.999007225 0.001711912 -12.830473900 -0.022186400 -0.000724560 0.999753594 114.453926086
0.998886406 -0.044521324 0.015609751 8.546417236 0.044498954 0.999007821 0.001777633 -12.904186249 -0.015673405 -0.001081036 0.999876618 115.151725769
0.999070883 -0.042781264 0.005199045 8.574415207 0.042779904 0.999084532 0.000371158 -12.976760864 -0.005210165 -0.000148398 0.999986410 115.825386047
0.999159634 -0.040117756 -0.008394135 8.572909355 0.040100757 0.999193251 -0.002184314 -13.047805786 0.008474991 0.001845868 0.999962389 116.456672668
0.998871207 -0.038689297 -0.027559148 8.574206352 0.038574610 0.999244869 -0.004681123 -13.118408203 0.027719444 0.003612756 0.999609232 117.086585999
0.998066008 -0.037054583 -0.049911931 8.540807724 0.036748614 0.999299765 -0.007034242 -13.187598228 0.050137632 0.005186444 0.998728931 117.674476624
0.996362925 -0.035497844 -0.077465117 8.498297691 0.034904953 0.999350071 -0.008994685 -13.253013611 0.077734068 0.006258054 0.996954501 118.244232178
0.993419111 -0.033535875 -0.109515823 8.426366806 0.032548167 0.999411821 -0.010794609 -13.321849823 0.109813407 0.007159032 0.993926406 118.788955688
0.989005148 -0.028997494 -0.145010382 8.321315765 0.027500641 0.999545932 -0.012316711 -13.385648727 0.145301700 0.008193411 0.989353538 119.334182739
0.982717037 -0.022670494 -0.183720246 8.216964722 0.020929195 0.999715805 -0.011411764 -13.448664665 0.183926761 0.007369417 0.982912302 119.845092773
0.974145055 -0.017305581 -0.225259572 8.075740814 0.015561187 0.999833703 -0.009517220 -13.504804611 0.225386798 0.005765846 0.974252284 120.348739624
0.962816477 -0.012634272 -0.269860983 7.901905060 0.010952854 0.999910057 -0.007735652 -13.564940453 0.269934475 0.004492263 0.962868214 120.842117310
0.948489904 -0.006464017 -0.316741347 7.709743500 0.004001095 0.999956429 -0.008425607 -13.618812561 0.316782057 0.006724292 0.948474407 121.315696716
0.931098938 0.001237875 -0.364764869 7.479312897 -0.004895553 0.999946475 -0.009102944 -13.677159309 0.364734113 0.010261466 0.931055129 121.789169312
0.909960270 0.005767134 -0.414655358 7.223327637 -0.010874891 0.999891281 -0.009958177 -13.728293419 0.414552897 0.013570880 0.909924030 122.224960327
0.884821534 0.010019321 -0.465822428 6.956268311 -0.015891489 0.999836087 -0.008680245 -13.781335831 0.465659052 0.015083077 0.884835660 122.638366699
0.855892658 0.013146400 -0.516986549 6.673206329 -0.020651735 0.999748290 -0.008767304 -13.820444107 0.516741097 0.018180540 0.855948687 123.032440186
0.824342310 0.022941262 -0.565626681 6.343124390 -0.031347588 0.999495268 -0.005147319 -13.874897003 0.565223038 0.021974180 0.824645400 123.404640198
0.790214181 0.035994232 -0.611772776 5.996055603 -0.044259898 0.999018729 0.001608629 -13.917733192 0.611230433 0.025805842 0.791031778 123.761581421
0.754205525 0.044748534 -0.655111969 5.640174866 -0.055493962 0.998449743 0.004312699 -13.958508492 0.654289186 0.033102099 0.755519509 124.077697754
0.714592636 0.048553206 -0.697853863 5.268005371 -0.062711060 0.998018026 0.005221879 -14.003258705 0.696724176 0.040031638 0.716221213 124.374267578
0.671793044 0.050273240 -0.739031076 4.893772125 -0.065452769 0.997820437 0.008379845 -14.049876213 0.737841666 0.042742100 0.673619211 124.658782959
0.628109634 0.053943004 -0.776252866 4.475868225 -0.068665199 0.997544825 0.013760075 -14.088246346 0.775089324 0.044658720 0.630271494 124.930938721
0.583127022 0.062539577 -0.809970260 4.051742554 -0.079969585 0.996608973 0.019377347 -14.117934227 0.808435380 0.053473528 0.586150885 125.158744812
0.537306905 0.071607754 -0.840341508 3.609516144 -0.091279656 0.995473564 0.026463583 -14.146219254 0.838432670 0.062487006 0.541411102 125.370613098
0.490166634 0.076385617 -0.868275285 3.156940460 -0.096717410 0.994767547 0.032913849 -14.171483040 0.866246164 0.067844056 0.494989634 125.574272156
0.443494618 0.077393532 -0.892929256 2.688915253 -0.096099891 0.994627655 0.038477816 -14.192028046 0.891110122 0.068745703 0.448549539 125.748794556
0.396635383 0.079011872 -0.914569557 2.215167999 -0.093876980 0.994556844 0.045209106 -14.212309837 0.913163424 0.067925490 0.401893824 125.915100098
0.350451797 0.081839949 -0.932998240 1.723930359 -0.095266059 0.994123101 0.051417902 -14.235401154 0.931723118 0.070863597 0.356188774 126.065361023
0.306784451 0.084926628 -0.947982490 1.219230652 -0.100862488 0.993303657 0.056345847 -14.253372192 0.946419656 0.078329854 0.313296020 126.178047180
0.265396237 0.086905524 -0.960214734 0.699537277 -0.105483539 0.992568016 0.060678832 -14.274023056 0.958351731 0.085182898 0.272590846 126.279678345
0.226301402 0.083380200 -0.970482051 0.173219681 -0.106049225 0.992515922 0.060544237 -14.289473534 0.968267024 0.089217626 0.233450115 126.374542236
0.191770256 0.078599706 -0.978287458 -0.365385056 -0.100865528 0.993088245 0.060016554 -14.309692383 0.976242840 0.087166086 0.198372781 126.461746216
0.161121339 0.073566988 -0.984188974 -0.919630051 -0.098001465 0.993481934 0.058217831 -14.329899788 0.982056797 0.087071814 0.167280823 126.542076111
0.134187713 0.071740262 -0.988355696 -1.480115891 -0.098559640 0.993396878 0.058724858 -14.349944115 0.986042440 0.089531839 0.140372351 126.619728088
0.112070002 0.071062721 -0.991155982 -2.061461449 -0.099682748 0.993212223 0.059939019 -14.366765976 0.988687813 0.092083782 0.118393011 126.684402466
0.093935363 0.072291560 -0.992950201 -2.669353485 -0.102077484 0.992803335 0.062624097 -14.379135132 0.990331471 0.095475227 0.100638673 126.731010437
0.077572264 0.070701160 -0.994476616 -3.271975517 -0.103004292 0.992712796 0.062541105 -14.403904915 0.991651595 0.097583897 0.084289476 126.784042358
0.063867211 0.069716662 -0.995520234 -3.894562244 -0.102515131 0.992737830 0.062945001 -14.430382729 0.992679000 0.098035753 0.070550427 126.828498840
0.051469874 0.066929646 -0.996429265 -4.542592525 -0.096604839 0.993406296 0.061736528 -14.452281952 0.993991077 0.093082339 0.057596236 126.881721497
0.039385099 0.064369947 -0.997148573 -5.190279961 -0.094235301 0.993714333 0.060426187 -14.470412254 0.994770646 0.091586694 0.045203462 126.923820496
0.028520914 0.064006805 -0.997541785 -5.848588943 -0.093730256 0.993722141 0.061081864 -14.491536140 0.995189130 0.091757737 0.034341231 126.959320068
0.019773591 0.065358400 -0.997665882 -6.519766808 -0.097338341 0.993246496 0.063139655 -14.513633728 0.995054901 0.095862649 0.026001927 126.967849731
0.010987815 0.064813934 -0.997836888 -7.220715523 -0.100116111 0.992954135 0.063394330 -14.538155556 0.994915009 0.099202991 0.017399320 126.989501953
0.004503130 0.064279400 -0.997921824 -7.907730579 -0.102742642 0.992680371 0.063478157 -14.559438705 0.994697750 0.102243267 0.011074403 127.007751465
-0.000956351 0.065566443 -0.997847795 -8.602838516 -0.103323512 0.992501020 0.065314151 -14.581325531 0.994647384 0.103163600 0.005825374 127.024101257
-0.004199938 0.067656174 -0.997699797 -9.327479362 -0.104868114 0.992177486 0.067723148 -14.598485947 0.994477272 0.104911327 0.002927893 127.042572021
-0.005262177 0.071232162 -0.997445822 -10.046886444 -0.107174218 0.991674244 0.071385406 -14.619570732 0.994226277 0.107276119 0.002415887 127.057777405
-0.006081690 0.074848585 -0.997176349 -10.779248238 -0.109879188 0.991106510 0.075063124 -14.636324883 0.993926287 0.110025443 0.002196700 127.065788269
-0.007822712 0.080389723 -0.996732831 -11.513217926 -0.114757359 0.990105629 0.080755882 -14.648198128 0.993362725 0.115014166 0.001480002 127.083877563
-0.009166821 0.084058605 -0.996418595 -12.250720978 -0.117622361 0.989452362 0.084553003 -14.661897659 0.993016124 0.117976211 0.000817038 127.101219177
-0.010873178 0.084667064 -0.996349931 -12.992491722 -0.116844811 0.989475250 0.085358009 -14.679318428 0.993090570 0.117346436 -0.000865833 127.121223450
-0.011645227 0.081273057 -0.996623814 -13.763494492 -0.115303785 0.989933670 0.082074784 -14.696916580 0.993261933 0.115870282 -0.002156911 127.132385254
-0.013413459 0.077987030 -0.996864140 -14.514828682 -0.119084552 0.989733696 0.079031557 -14.703670502 0.992793441 0.119771205 -0.003988703 127.145454407
-0.014427870 0.079502419 -0.996730268 -15.288028717 -0.123824157 0.989018857 0.080679715 -14.712570190 0.992199302 0.124583319 -0.004425114 127.144287109
-0.015899373 0.082752787 -0.996443212 -16.065456390 -0.121141002 0.989068508 0.084073275 -14.726624489 0.992507994 0.122046851 -0.005700817 127.160316467
-0.018147498 0.082908668 -0.996391952 -16.840839386 -0.120059192 0.989164531 0.084493965 -14.742690086 0.992600918 0.121159360 -0.007996915 127.175086975
-0.018846501 0.082575418 -0.996406615 -17.629276276 -0.123319663 0.988781929 0.084276080 -14.754755020 0.992188036 0.124464832 -0.008451902 127.173835754
-0.019881520 0.081703484 -0.996458352 -18.423133850 -0.127058551 0.988367915 0.083575211 -14.764150620 0.991695940 0.128270164 -0.009269133 127.186714172
-0.021110756 0.085923240 -0.996078074 -19.220409393 -0.129014492 0.987735808 0.087937936 -14.769599915 0.991417944 0.130364954 -0.009766510 127.194892883
-0.022021400 0.090795912 -0.995626032 -20.023094177 -0.128201157 0.987389386 0.092880331 -14.783432007 0.991503656 0.129685760 -0.010103555 127.211807251
-0.020807654 0.093274422 -0.995422959 -20.846242905 -0.129195720 0.987039745 0.095189489 -14.790490150 0.991400778 0.130585089 -0.008487327 127.220886230
-0.018994186 0.092105858 -0.995567918 -21.664672852 -0.128620669 0.987248778 0.093790114 -14.797352791 0.991511881 0.129832104 -0.006905270 127.232513428
-0.017980479 0.092354879 -0.995563745 -22.496255875 -0.128578112 0.987243354 0.093905225 -14.803640366 0.991536438 0.129696175 -0.005876296 127.245147705
-0.017732022 0.090991274 -0.995693803 -23.326641083 -0.126811147 0.987603545 0.092510276 -14.804382324 0.991768479 0.127905443 -0.005973502 127.264251709
-0.016839491 0.093001708 -0.995523512 -24.164297104 -0.127784118 0.987299740 0.094394945 -14.811053276 0.991658986 0.128801659 -0.004741483 127.282752991
-0.016144676 0.095155835 -0.995331407 -25.002588272 -0.129524902 0.986874402 0.096448280 -14.812906265 0.991444707 0.130477339 -0.003607715 127.296165466
-0.016224394 0.097502604 -0.995103002 -25.866823196 -0.132371202 0.986264408 0.098794781 -14.812502861 0.991067410 0.133325860 -0.003095005 127.311546326
-0.014554020 0.098578386 -0.995022833 -26.730737686 -0.134468272 0.985895574 0.099640965 -14.809029579 0.990810990 0.135249183 -0.001093077 127.322853088
-0.012780085 0.101840839 -0.994718671 -27.601490021 -0.141261414 0.984638870 0.102623768 -14.810230255 0.989889801 0.141826898 0.001802414 127.337097168
-0.010486981 0.105437212 -0.994370639 -28.484380722 -0.145859316 0.983627796 0.105836414 -14.802627563 0.989249766 0.146148115 0.005063717 127.352203369
-0.008432306 0.107239790 -0.994197369 -29.359216690 -0.148363993 0.983094454 0.107300520 -14.797037125 0.988896906 0.148407921 0.007620772 127.383033752
-0.004590545 0.107969590 -0.994143605 -30.255075455 -0.146826789 0.983306766 0.107470609 -14.796390533 0.989151537 0.146460310 0.011338912 127.405609131
-0.001985061 0.107949585 -0.994154334 -31.145526886 -0.149470538 0.982956111 0.107032083 -14.790716171 0.988764107 0.148809254 0.014184055 127.435455322
0.000471117 0.111766942 -0.993734360 -32.049827576 -0.149916008 0.982511938 0.110433653 -14.782530785 0.988698602 0.148924649 0.017218530 127.465187073
0.002986648 0.113553330 -0.993527412 -32.973728180 -0.148777917 0.982524812 0.111848563 -14.776627541 0.988866150 0.147480920 0.019828685 127.504302979
0.004817015 0.114774406 -0.993379891 -33.866691589 -0.149415940 0.982322395 0.112772301 -14.772907257 0.988762796 0.147883564 0.021880984 127.544921875
0.007214443 0.113015920 -0.993566990 -34.768363953 -0.150764838 0.982358038 0.110646196 -14.766744614 0.988543391 0.148996726 0.024125993 127.578231812
0.007690690 0.114362210 -0.993409336 -35.681747437 -0.155126601 0.981548488 0.111795828 -14.757393837 0.987864792 0.153244421 0.025289403 127.617355347
0.008801679 0.115082562 -0.993316889 -36.576011658 -0.156047314 0.981343448 0.112312637 -14.753118515 0.987710297 0.154015929 0.026595796 127.654045105
0.009006462 0.111448854 -0.993729413 -37.471172333 -0.156278670 0.981715083 0.108685024 -14.749366760 0.987671971 0.154319853 0.026258858 127.690681458
0.010007642 0.107302666 -0.994176149 -38.378219604 -0.157548115 0.981977224 0.104400121 -14.750117302 0.987460613 0.155585736 0.026732616 127.734245300
0.010545105 0.106465869 -0.994260371 -39.274524689 -0.157194436 0.982129216 0.103499629 -14.744483948 0.987511396 0.155200809 0.027092500 127.776290894
0.010213294 0.110714279 -0.993799806 -40.175216675 -0.159461349 0.981313467 0.107684463 -14.742531776 0.987151325 0.157372847 0.027677085 127.820816040
0.010554224 0.116802387 -0.993099093 -41.107910156 -0.159918547 0.980568469 0.113629051 -14.728697777 0.987073898 0.157615677 0.029028004 127.856765747
0.010751487 0.115579657 -0.993240058 -42.002067566 -0.157741949 0.981056392 0.112454392 -14.729468346 0.987421811 0.155466571 0.028779572 127.901939392
0.011553367 0.105071262 -0.994397581 -42.892707825 -0.157000989 0.982320011 0.101971023 -14.734231949 0.987530828 0.154943287 0.027845398 127.946189880
0.011930308 0.094661854 -0.995437920 -43.815643311 -0.158842996 0.983047307 0.091579817 -14.738906860 0.987231791 0.157025769 0.026764428 127.985237122
0.010869843 0.091577746 -0.995738566 -44.717716217 -0.155738637 0.983800590 0.088779718 -14.747045517 0.987738490 0.154109940 0.024955953 128.030853271
0.010693001 0.101728521 -0.994754672 -45.639308929 -0.148345277 0.983964622 0.099030465 -14.751174927 0.988877833 0.146508247 0.025612487 128.080688477
0.010746962 0.114730224 -0.993338525 -46.587711334 -0.143398732 0.983304799 0.112019904 -14.746011734 0.989606738 0.141239569 0.027019707 128.141647339
0.010969130 0.123858064 -0.992239237 -47.510307312 -0.143570244 0.982212782 0.121019311 -14.737813950 0.989579320 0.141128570 0.028556352 128.186676025
0.010777026 0.117949292 -0.992961049 -48.425548553 -0.143644184 0.982901931 0.115195394 -14.734147072 0.989570677 0.141391635 0.027535494 128.228790283
0.010992097 0.104469247 -0.994467378 -49.351917267 -0.143735960 0.984364152 0.101819150 -14.731370926 0.989555001 0.141821519 0.025836216 128.266479492
0.011574778 0.095612876 -0.995351315 -50.268394470 -0.144213095 0.985170722 0.092957914 -14.731698990 0.989478946 0.142466724 0.025191765 128.311126709
0.012168808 0.095600128 -0.995345473 -51.204631805 -0.143057600 0.985345483 0.092890687 -14.737548828 0.989639521 0.141261354 0.025666805 128.353103638
0.011385026 0.097153626 -0.995204270 -52.136001587 -0.146094009 0.984750450 0.094461806 -14.754567146 0.989205182 0.144317940 0.025404973 128.392852783
0.011942773 0.096495330 -0.995261788 -53.086200714 -0.151133657 0.984072268 0.093596905 -14.757141113 0.988441169 0.149299771 0.026336243 128.433258057
0.012348401 0.095985778 -0.995306134 -54.018180847 -0.152577624 0.983906627 0.092993453 -14.758702278 0.988214254 0.150713116 0.026794957 128.477142334
0.013380073 0.103388652 -0.994551063 -54.965164185 -0.161900103 0.981739581 0.099878736 -14.756000519 0.986716509 0.159681544 0.029874383 128.509658813
0.014892003 0.112971634 -0.993486643 -55.911819458 -0.167612776 0.979819179 0.108905032 -14.752687454 0.985740423 0.164899215 0.033526957 128.547683716
0.016027462 0.121310972 -0.992485166 -56.868679047 -0.167625234 0.978890300 0.116942339 -14.749706268 0.985720515 0.164491251 0.036023907 128.587371826
0.016992468 0.121880233 -0.992399335 -57.842201233 -0.169213504 0.978576005 0.117285147 -14.745995522 0.985432923 0.165934384 0.037252203 128.647842407
0.018825693 0.112608880 -0.993461072 -58.774852753 -0.170985430 0.979361773 0.107770629 -14.745208740 0.985093653 0.167838499 0.037691649 128.692184448
0.019736707 0.107539341 -0.994004905 -59.724559784 -0.168911800 0.980266094 0.102699108 -14.743034363 0.985433519 0.165872201 0.037511889 128.752685547
0.021481484 0.105808951 -0.994154453 -60.680389404 -0.167528465 0.980704904 0.100757584 -14.743332863 0.985633194 0.164384753 0.038793009 128.813537598
0.025013883 0.111494765 -0.993450284 -61.652214050 -0.168968678 0.979934752 0.105723515 -14.738300323 0.985303938 0.165217414 0.043351099 128.865020752
0.028623834 0.113497809 -0.993125737 -62.612899780 -0.171863720 0.979296446 0.106963880 -14.737938881 0.984704852 0.167620569 0.047537375 128.920471191
0.032903086 0.108567700 -0.993544340 -63.557292938 -0.171207428 0.980001211 0.101417929 -14.739564896 0.984685421 0.166765183 0.050832659 128.980316162
0.035579517 0.103014909 -0.994043171 -64.517265320 -0.171197012 0.980598032 0.095493942 -14.749004364 0.984594107 0.166779608 0.052525055 129.053039551
0.038401488 0.102768205 -0.993963778 -65.488998413 -0.168458670 0.981126606 0.094932586 -14.754693985 0.984960377 0.163796246 0.054988924 129.139877319
0.041697245 0.107387878 -0.993342400 -66.444625854 -0.165906683 0.981148899 0.099105448 -14.761917114 0.985259473 0.160669729 0.058727574 129.214004517
0.045614235 0.114129886 -0.992418110 -67.422462463 -0.165633529 0.980565190 0.105153814 -14.761286736 0.985131860 0.159581214 0.063631482 129.281951904
0.047198307 0.117736280 -0.991922617 -68.392799377 -0.163151085 0.980602503 0.108629487 -14.765642166 0.985471487 0.156706110 0.065491579 129.381286621
0.049288098 0.119509786 -0.991608799 -69.355476379 -0.162869975 0.980488181 0.110074028 -14.771948814 0.985415637 0.156077996 0.067790933 129.465301514
0.051204883 0.116912991 -0.991821349 -70.308921814 -0.161052272 0.981092095 0.107333608 -14.768916130 0.985616624 0.154239058 0.069065809 129.548507690
0.052342229 0.115436427 -0.991934955 -71.260833740 -0.159289300 0.981543958 0.105821863 -14.771740913 0.985843480 0.152465641 0.069763973 129.627029419
0.052638352 0.111910410 -0.992323220 -72.211456299 -0.155786976 0.982454717 0.102533661 -14.781444550 0.986387193 0.149193868 0.069148973 129.712615967
0.052001592 0.111400545 -0.992414117 -73.186714172 -0.154723689 0.982657611 0.102197997 -14.776062012 0.986588240 0.148235530 0.068336070 129.811691284
0.051947530 0.116133019 -0.991874278 -74.143898010 -0.151517734 0.982633412 0.107115619 -14.776464462 0.987088442 0.144722149 0.068641588 129.894744873
0.051199958 0.118476987 -0.991635919 -75.105979919 -0.145225286 0.983267188 0.109978862 -14.788585663 0.988072872 0.138379708 0.067549087 129.991806030
0.050270289 0.113634862 -0.992250025 -76.068702698 -0.142661124 0.984135211 0.105477914 -14.774575233 0.988494098 0.136253104 0.065684050 130.077270508
0.049110651 0.109508403 -0.992771924 -77.028991699 -0.144061297 0.984354377 0.101453446 -14.771771431 0.988349378 0.138037562 0.064118207 130.151901245
0.047809277 0.106928796 -0.993116617 -77.978179932 -0.140624821 0.985071361 0.099292807 -14.776443481 0.988907874 0.134909719 0.062132403 130.235061646
0.046473313 0.107703701 -0.993096173 -78.942855835 -0.140723974 0.984961689 0.100236110 -14.778891563 0.988957584 0.135094121 0.060930923 130.305404663
0.045270193 0.108968966 -0.993013799 -79.901863098 -0.141682342 0.984684944 0.101595886 -14.782223701 0.988876522 0.136093259 0.060015853 130.383743286
0.043704830 0.108950518 -0.993085921 -80.855590820 -0.143294036 0.984441280 0.101695895 -14.782821655 0.988714695 0.137858689 0.058636796 130.458435059
0.042632792 0.110456899 -0.992966115 -81.806236267 -0.143091306 0.984298706 0.103349142 -14.788576126 0.988790870 0.137678757 0.057768822 130.523620605
0.040331889 0.110664584 -0.993039131 -82.768707275 -0.143196762 0.984228790 0.103866905 -14.790660858 0.988872051 0.138010830 0.055542614 130.596908569
0.038749766 0.112590857 -0.992885590 -83.731361389 -0.142912075 0.984041572 0.106010489 -14.779471397 0.988976479 0.137787461 0.054221980 130.667037964
0.037211046 0.116597436 -0.992482007 -84.685699463 -0.144325510 0.983384013 0.110117443 -14.773481369 0.988830328 0.139142886 0.053420745 130.725631714
0.034547135 0.121598810 -0.991977870 -85.629127502 -0.145255983 0.982641637 0.115395583 -14.765777588 0.988790751 0.140104175 0.051610395 130.794738770
0.032658681 0.121144272 -0.992097497 -86.572616577 -0.145097181 0.982685864 0.115218587 -14.759724617 0.988878250 0.140187651 0.049670916 130.857833862
0.031351149 0.117072508 -0.992628455 -87.520187378 -0.146053255 0.982993186 0.111323170 -14.762324333 0.988779783 0.141486511 0.047916781 130.915679932
0.029659230 0.111451961 -0.993327081 -88.466690063 -0.149356991 0.983101845 0.105845124 -14.744658470 0.988338411 0.145221040 0.045804173 130.966873169
0.028370457 0.109213226 -0.993613303 -89.409576416 -0.147231579 0.983628631 0.103911847 -14.741617203 0.988695085 0.143343255 0.043985620 131.032806396
0.028377738 0.110181540 -0.993506253 -90.377372742 -0.142793626 0.984160066 0.105066396 -14.740161896 0.989345610 0.138884827 0.043661460 131.078201294
0.027920626 0.111606933 -0.993360043 -91.326416016 -0.139828011 0.984413147 0.106671542 -14.738754272 0.989782155 0.135921240 0.043091211 131.138351440
0.026765751 0.111587040 -0.993394077 -92.272552490 -0.134307593 0.985141456 0.107041262 -14.744382858 0.990578115 0.130555317 0.041355036 131.203811646
0.025358941 0.108729817 -0.993747890 -93.213699341 -0.130092174 0.985973299 0.104559422 -14.747262001 0.991177619 0.126627296 0.039148137 131.269180298
0.024507852 0.105517931 -0.994115353 -94.159820557 -0.124794155 0.986958623 0.101681754 -14.749904633 0.991880000 0.121567748 0.037356250 131.333160400
0.023056502 0.108324960 -0.993848026 -95.140968323 -0.123376101 0.986821532 0.104696862 -14.755362511 0.992092073 0.120203152 0.036117364 131.384323120
0.021737380 0.110659055 -0.993620694 -96.087310791 -0.122776806 0.986628294 0.107194327 -14.753486633 0.992196202 0.119663440 0.035033073 131.442184448
0.020241797 0.108452804 -0.993895590 -97.049369812 -0.118535444 0.987348020 0.105324246 -14.749222755 0.992743373 0.115679897 0.032841198 131.493438721
0.018355571 0.105743915 -0.994224012 -98.001441956 -0.115645260 0.987941980 0.102940701 -14.751017570 0.993120968 0.113087758 0.030363020 131.542724609
0.014171358 0.103057742 -0.994574428 -98.963752747 -0.114573106 0.988290250 0.100774050 -14.751180649 0.993313730 0.112523377 0.025813060 131.601913452
0.011271668 0.102338850 -0.994685709 -99.919357300 -0.109121785 0.988933861 0.100510493 -14.762112617 0.993964434 0.107408956 0.022314329 131.652679443
0.009381960 0.102417238 -0.994697332 -100.876220703 -0.102353714 0.989614666 0.100928508 -14.756036758 0.994703770 0.100864068 0.019767309 131.691833496
0.006470857 0.110828750 -0.993818462 -101.841224670 -0.093269050 0.989573717 0.109748118 -14.765708923 0.995619833 0.091982335 0.016740285 131.757614136
0.003868908 0.119159214 -0.992867649 -102.799354553 -0.085203268 0.989303827 0.118399486 -14.761671066 0.996356070 0.084137484 0.013980282 131.811569214
0.000692793 0.119094461 -0.992882729 -103.754501343 -0.080955610 0.989630640 0.118647918 -14.757514954 0.996717453 0.080297209 0.010326976 131.858734131
-0.001782905 0.109028593 -0.994037032 -104.704689026 -0.082384549 0.990643382 0.108804137 -14.759788513 0.996599019 0.082087271 0.007216046 131.888946533
-0.003902444 0.099427268 -0.995037258 -105.652427673 -0.084221162 0.991476715 0.099401809 -14.754323006 0.996439457 0.084191091 0.004504699 131.924880981
-0.004641913 0.101496741 -0.994825065 -106.604164124 -0.092006557 0.990572631 0.101492189 -14.762822151 0.995747566 0.092001550 0.004740215 131.950241089
-0.005041646 0.110061415 -0.993911982 -107.576782227 -0.094669297 0.989408076 0.110042877 -14.740918159 0.995496035 0.094647750 0.005431191 131.978012085
-0.006579187 0.121330343 -0.992590368 -108.539939880 -0.098608866 0.987695158 0.121385582 -14.727348328 0.995104551 0.098676816 0.005466014 132.006118774
-0.008086719 0.122813389 -0.992396832 -109.490898132 -0.105365016 0.986800075 0.122979350 -14.712863922 0.994400740 0.105558410 0.004960260 132.034896851
-0.007604966 0.119803518 -0.992768466 -110.476341248 -0.112716161 0.986367404 0.119894490 -14.692934036 0.993598104 0.112812847 0.006002503 132.050918579
-0.007936931 0.115564846 -0.993268251 -111.429763794 -0.120621726 0.985935867 0.115675591 -14.677487373 0.992666781 0.120727837 0.006114326 132.075347900
-0.005459270 0.117659241 -0.993039012 -112.397201538 -0.125405401 0.985133469 0.117411979 -14.658143044 0.992090583 0.125173435 0.009376994 132.095336914
-0.004129368 0.118803047 -0.992909253 -113.380500793 -0.133453920 0.983970463 0.118288510 -14.637619019 0.991046429 0.132996097 0.011791554 132.120391846
-0.003663321 0.121402830 -0.992596507 -114.343811035 -0.142637268 0.982390225 0.120680943 -14.619881630 0.989768267 0.142023385 0.013717758 132.140563965
-0.003603778 0.123829469 -0.992296994 -115.318641663 -0.148310155 0.981263041 0.122991160 -14.599353790 0.988934338 0.147610977 0.014828913 132.167373657
-0.003070242 0.123106390 -0.992388725 -116.294082642 -0.152377442 0.980746925 0.122133635 -14.585317612 0.988317609 0.151592672 0.015747502 132.204086304
-0.001688299 0.113561727 -0.993529558 -117.248123169 -0.151331812 0.982059360 0.112507835 -14.586949348 0.988481522 0.150542572 0.015527492 132.237487793
-0.000195828 0.101862803 -0.994798362 -118.200996399 -0.154269934 0.982886314 0.100673437 -14.576684952 0.988028705 0.153487146 0.015521895 132.272903442
