1.000000000 0.000000000 0.000000000 0.000000000 0.000000000 1.000000000 0.000000000 0.000000000 0.000000000 0.000000000 1.000000000 0.000000000
0.999997795 -0.001584437 -0.001364968 0.049916886 0.001581581 0.999996543 -0.002090790 -0.132755503 0.001368276 0.002088627 0.999996901 1.297366619
0.999997616 0.000028628 -0.002145897 0.104732573 -0.000042272 0.999979794 -0.006358537 -0.267361343 0.002145671 0.006358614 0.999977469 2.603614092
0.999996305 0.002395608 -0.001279338 0.147316217 -0.002405604 0.999966085 -0.007869399 -0.405824244 0.001260442 0.007872447 0.999968231 3.907194376
0.999983490 0.005731087 0.000325818 0.191130862 -0.005728823 0.999961972 -0.006567008 -0.544816256 -0.000363442 0.006565033 0.999978364 5.219407082
0.999974966 0.006574710 0.002605654 0.238492370 -0.006566094 0.999972939 -0.003301766 -0.688586771 -0.002627291 0.003284574 0.999991179 6.536235809
0.999959171 0.006830131 0.005919317 0.295262098 -0.006818645 0.999974847 -0.001958485 -0.826347113 -0.005932545 0.001918043 0.999980688 7.839018822
0.999941409 0.005278000 0.009451260 0.348414719 -0.005260792 0.999984443 -0.001844582 -0.959534764 -0.009460849 0.001794753 0.999953628 9.142061234
0.999909759 0.004034416 0.012809725 0.426470816 -0.004011799 0.999990284 -0.001790868 -1.096065402 -0.012816828 0.001739317 0.999916315 10.442037582
0.999867320 0.002804130 0.016047394 0.494082838 -0.002764487 0.999993205 -0.002491984 -1.233419299 -0.016054273 0.002447291 0.999868095 11.748723984
0.999809086 0.001702255 0.019465536 0.570753992 -0.001637249 0.999993026 -0.003355035 -1.369263172 -0.019471111 0.003322525 0.999804854 13.041840553
0.999742627 0.001557502 0.022630092 0.644796252 -0.001481510 0.999993145 -0.003374333 -1.515136957 -0.022635188 0.003339939 0.999738216 14.358494759
0.999661446 0.001468459 0.025978606 0.731020510 -0.001353409 0.999989212 -0.004445700 -1.653784037 -0.025984855 0.004409035 0.999652684 15.653431892
0.999570310 0.002250081 0.029226284 0.812481284 -0.002119803 0.999987662 -0.004487763 -1.790066361 -0.029236026 0.004423881 0.999562740 16.958822250
0.999473929 0.001826466 0.032381076 0.903218746 -0.001695156 0.999990225 -0.004082141 -1.929382801 -0.032388218 0.004025102 0.999467254 18.245422363
0.999404967 0.000326558 0.034491334 1.003315210 -0.000197714 0.999992967 -0.003738905 -2.072077036 -0.034492321 0.003729861 0.999397993 19.544000626
0.999344528 -0.002165227 0.036136333 1.098808408 0.002348690 0.999984503 -0.005035277 -2.212040424 -0.036124874 0.005116850 0.999334216 20.821084976
0.999301136 -0.001731427 0.037340138 1.201345682 0.001985979 0.999974966 -0.006781094 -2.354634285 -0.037327465 0.006850512 0.999279618 22.127172470
0.999258280 -0.001661072 0.038472824 1.287837148 0.002025443 0.999953449 -0.009433835 -2.498851538 -0.038455363 0.009504761 0.999215126 23.414947510
0.999219120 -0.001126181 0.039495170 1.388694167 0.001557580 0.999939442 -0.010893756 -2.642275095 -0.039480504 0.010946766 0.999160349 24.700942993
0.999170661 -0.000583732 0.040713925 1.487800360 0.001054249 0.999932885 -0.011536150 -2.789189339 -0.040704466 0.011569506 0.999104202 25.971385956
0.999154389 -0.002106095 0.041064523 1.587408066 0.002540384 0.999941349 -0.010526489 -2.936041594 -0.041039951 0.010621904 0.999101162 27.261276245
0.999147713 -0.005040420 0.040969774 1.691843510 0.005425589 0.999942005 -0.009295555 -3.084298372 -0.040920544 0.009509917 0.999117196 28.539463043
0.999169469 -0.006498341 0.040226832 1.786327720 0.006898806 0.999928057 -0.009824418 -3.230066299 -0.040160090 0.010093777 0.999142230 29.830352783
0.999176145 -0.008145434 0.039757762 1.884975195 0.008643653 0.999886036 -0.012375584 -3.375589848 -0.039652433 0.012709040 0.999132693 31.091543198
0.999219716 -0.008310650 0.038611673 1.998970032 0.008795490 0.999884367 -0.012403965 -3.525649309 -0.038504124 0.012733895 0.999177277 32.381713867
0.999230862 -0.008976472 0.038170781 2.095940590 0.009470754 0.999873400 -0.012788206 -3.668993950 -0.038051151 0.013139877 0.999189377 33.646224976
0.999250412 -0.009325233 0.037571456 2.192377090 0.009817833 0.999867916 -0.012947925 -3.813075066 -0.037445754 0.013307089 0.999210060 34.914546967
0.999255061 -0.009681487 0.037357785 2.281376839 0.010201373 0.999853432 -0.013750948 -3.954596281 -0.037219189 0.014121804 0.999207377 36.173435211
0.999304354 -0.010515432 0.035779774 2.399395466 0.011007999 0.999846935 -0.013597596 -4.117895126 -0.035631314 0.013982002 0.999267161 37.461605072
0.999304771 -0.010167243 0.035869274 2.491693974 0.010592829 0.999875546 -0.011694891 -4.264083385 -0.035745904 0.012066718 0.999288082 38.720218658
0.999263227 -0.010055657 0.037037924 2.589325905 0.010463642 0.999886453 -0.010838061 -4.403143406 -0.036924738 0.011217626 0.999255002 39.988994598
0.999186337 -0.011657131 0.038609345 2.702928305 0.012027638 0.999883652 -0.009377982 -4.543790817 -0.038495533 0.009834734 0.999210298 41.239700317
0.999071717 -0.012884065 0.041105803 2.794568062 0.013324838 0.999856412 -0.010466987 -4.689351559 -0.040965047 0.011004999 0.999099970 42.501445770
0.998940766 -0.014348866 0.043720666 2.888463259 0.014958140 0.999795079 -0.013640476 -4.836515903 -0.043515984 0.014280006 0.998950660 43.749488831
0.998849928 -0.015239174 0.045460086 2.998592854 0.015918238 0.999766529 -0.014613185 -4.984197140 -0.045226779 0.015320024 0.998859286 45.007892609
0.998720169 -0.015526271 0.048135512 3.121118307 0.016187878 0.999779403 -0.013385405 -5.118996620 -0.047917068 0.014147485 0.998751163 46.241077423
0.998520076 -0.016740361 0.051744040 3.228554964 0.017276756 0.999801397 -0.009936443 -5.277776241 -0.051567420 0.010815708 0.998610973 47.511600494
0.998238981 -0.019745201 0.055936903 3.338168383 0.020218158 0.999764442 -0.007901894 -5.417355537 -0.055767696 0.009018921 0.998403072 48.721683502
0.998008192 -0.021790732 0.059201729 3.475675583 0.022322651 0.999716043 -0.008338335 -5.557680607 -0.059003219 0.009643266 0.998211205 49.984718323
0.997733951 -0.025142709 0.062409345 3.618800402 0.025956538 0.999587834 -0.012263730 -5.690261841 -0.062075276 0.013855871 0.997975290 51.211029053
0.997419894 -0.026385171 0.066763662 3.741394758 0.027260251 0.999553561 -0.012230126 -5.829230785 -0.066411160 0.014018567 0.997693837 52.448585510
0.997068644 -0.028997870 0.070804298 3.873180389 0.029743832 0.999512434 -0.009503794 -5.971993923 -0.070494182 0.011581926 0.997444868 53.668270111
0.996780455 -0.031616911 0.073682055 4.026270866 0.032172702 0.999462128 -0.006368207 -6.105174541 -0.073441081 0.008718255 0.997261405 54.881931305
0.996550322 -0.034180973 0.075623967 4.183179379 0.034622807 0.999390125 -0.004538739 -6.237916470 -0.075422704 0.007141395 0.997126102 56.093112946
0.996327817 -0.037301544 0.077067956 4.328872681 0.037530296 0.999294341 -0.001521460 -6.361589432 -0.076956823 0.004408256 0.997024596 57.312438965
0.996194005 -0.040410407 0.077230662 4.487055779 0.040534809 0.999178231 -0.000043170 -6.488806248 -0.077165440 0.003173536 0.997013271 58.511890411
0.996125162 -0.042414960 0.077043101 4.632243633 0.042799421 0.999078095 -0.003345151 -6.613583088 -0.076830193 0.006629589 0.997022152 59.725753784
0.996142685 -0.043585226 0.076158695 4.782432079 0.044297844 0.998988688 -0.007692038 -6.741955280 -0.075746424 0.011036033 0.997066081 60.911708832
0.996151209 -0.044888165 0.075284377 4.912723064 0.045903221 0.998876095 -0.011806423 -6.869300842 -0.074669786 0.015216778 0.997092187 62.119659424
0.996200323 -0.046252407 0.073794678 5.058334827 0.047430016 0.998772383 -0.014285067 -7.001574039 -0.073043361 0.017730871 0.997171104 63.307739258
0.996318877 -0.046905074 0.071753353 5.195212364 0.048057582 0.998740494 -0.014419897 -7.138873577 -0.070986606 0.017815111 0.997318268 64.503166199
0.996544659 -0.046304841 0.068953983 5.328380108 0.047360409 0.998783231 -0.013752176 -7.275811195 -0.068233296 0.016970348 0.997525096 65.679466248
0.996799827 -0.045150541 0.065965913 5.447862625 0.046029463 0.998869538 -0.011864530 -7.416823864 -0.065355644 0.014862940 0.997751296 66.878974915
0.997193754 -0.041325945 0.062425580 5.568502426 0.041923676 0.999086320 -0.008295221 -7.547741413 -0.062025730 0.010889051 0.998015106 68.053543091
0.997407913 -0.039633244 0.060054649 5.677641869 0.040053792 0.999180615 -0.005814740 -7.674758434 -0.059774987 0.008205085 0.998178124 69.221435547
0.997687459 -0.038831700 0.055783749 5.810686111 0.039388683 0.999184132 -0.008919583 -7.819145679 -0.055391870 0.011096205 0.998402953 70.431060791
0.997859001 -0.039151676 0.052387547 5.919122219 0.040005002 0.999081731 -0.015340068 -7.951592445 -0.051738843 0.017402990 0.998508990 71.590721130
0.997918606 -0.042642549 0.048374459 6.035341263 0.043593641 0.998872817 -0.018778965 -8.087971687 -0.047519147 0.020848695 0.998652637 72.781105042
0.997941017 -0.045638703 0.045062885 6.134823799 0.046321645 0.998825192 -0.014228725 -8.221197128 -0.044360563 0.016286816 0.998882771 73.947555542
0.997930586 -0.050302755 0.040050454 6.248600006 0.050710518 0.998670876 -0.009230707 -8.351225853 -0.039532885 0.011242586 0.999154985 75.126457214
0.997994483 -0.052326672 0.035622567 6.345363140 0.052591540 0.998594642 -0.006538921 -8.472048759 -0.035230339 0.008399252 0.999343991 76.301658630
0.998219013 -0.050748900 0.031361777 6.433789730 0.050906211 0.998694360 -0.004237536 -8.602944374 -0.031105790 0.005826498 0.999499083 77.462600708
0.998330593 -0.050543614 0.027951807 6.519107342 0.050673429 0.998707354 -0.003955182 -8.724773407 -0.027715769 0.005364994 0.999601424 78.618782043
0.998523533 -0.048532128 0.024401784 6.603317261 0.048680987 0.998798907 -0.005543635 -8.857198715 -0.024103429 0.006723353 0.999686897 79.785789490
0.998645902 -0.047156453 0.021964848 6.660137653 0.047399148 0.998819113 -0.010662491 -8.988511086 -0.021436101 0.011689167 0.999701858 80.941986084
0.998555660 -0.050584655 0.018098431 6.746292114 0.050872281 0.998580098 -0.015801128 -9.117931366 -0.017273443 0.016699016 0.999711275 82.086311340
0.998409092 -0.054402977 0.014814263 6.812650681 0.054652836 0.998360395 -0.017018715 -9.250168800 -0.013864107 0.017801281 0.999745369 83.249221802
0.998476923 -0.053970892 0.011437400 6.872708797 0.054118089 0.998450160 -0.012977114 -9.390296936 -0.010719287 0.013576319 0.999850392 84.399772644
0.998464704 -0.054592870 0.009369114 6.929084301 0.054689635 0.998449266 -0.010402445 -9.517936707 -0.008786687 0.010898869 0.999902070 85.531036377
0.998617947 -0.051823769 0.008738938 6.978337288 0.051923148 0.998584211 -0.011556935 -9.650792122 -0.008127640 0.011994717 0.999895036 86.665420532
0.998804927 -0.048196245 0.008112151 7.032111168 0.048316833 0.998713434 -0.015391179 -9.778164864 -0.007359918 0.015764738 0.999848664 87.814506531
0.998871863 -0.046985555 0.006875853 7.087486267 0.047101110 0.998732567 -0.017739300 -9.911142349 -0.006033647 0.018043146 0.999819100 88.933418274
0.998816431 -0.048239686 0.006209914 7.142277718 0.048345767 0.998663902 -0.018246431 -10.045780182 -0.005321415 0.018525057 0.999814332 90.051651001
0.998810649 -0.048434131 0.005603960 7.183625221 0.048518434 0.998693526 -0.016038291 -10.179375648 -0.004819837 0.016291112 0.999855697 91.184768677
0.998717725 -0.050424449 0.004493444 7.244709492 0.050479811 0.998637795 -0.013202598 -10.306440353 -0.003821590 0.013412496 0.999902785 92.294311523
0.998747528 -0.049851559 0.004286716 7.299066544 0.049902756 0.998672009 -0.012807284 -10.431653023 -0.003642560 0.013005157 0.999908805 93.431137085
0.998726070 -0.050285954 0.004196394 7.343179226 0.050342675 0.998623312 -0.014728224 -10.566418648 -0.003449995 0.014920719 0.999882758 94.565216064
0.998727679 -0.050294068 0.003693650 7.402551174 0.050353274 0.998565257 -0.018217636 -10.695643425 -0.002772112 0.018380446 0.999827206 95.664443970
0.998670280 -0.051473070 0.002897763 7.462772846 0.051519461 0.998486459 -0.019249590 -10.829065323 -0.001902542 0.019373281 0.999810457 96.766242981
0.998657167 -0.051667228 0.003783683 7.504147053 0.051726982 0.998500645 -0.017907551 -10.964852333 -0.002852776 0.018079225 0.999832511 97.837944031
0.998677611 -0.051223256 0.004387254 7.556299210 0.051274277 0.998607099 -0.012437325 -11.084921837 -0.003744063 0.012645830 0.999912977 98.926963806
0.998770416 -0.049277037 0.005420254 7.612306595 0.049325727 0.998740017 -0.009251154 -11.205255508 -0.004957554 0.009507138 0.999942541 99.997680664
0.998840094 -0.047550958 0.007580017 7.665994167 0.047620337 0.998822689 -0.009250602 -11.319475174 -0.007131218 0.009600836 0.999928534 101.045433044
0.998900712 -0.045999572 0.009016555 7.726563931 0.046096876 0.998877525 -0.010899025 -11.444822311 -0.008505080 0.011302682 0.999899924 102.090927124
0.998864591 -0.046181690 0.011695143 7.779691696 0.046338469 0.998834431 -0.013509426 -11.561279297 -0.011057621 0.014036024 0.999840319 103.104713440
0.998778105 -0.047692396 0.012952829 7.853553772 0.047875203 0.998752534 -0.014190095 -11.679275513 -0.012259911 0.014792874 0.999815345 104.115592957
0.998658657 -0.049616378 0.014803865 7.916891575 0.049812023 0.998672009 -0.013153370 -11.802553177 -0.014131585 0.013873138 0.999803901 105.111396790
0.998641074 -0.049453899 0.016441293 7.982228279 0.049650792 0.998697042 -0.011790983 -11.916147232 -0.015836760 0.012591283 0.999795377 106.071388245
0.998566806 -0.050417569 0.017955301 8.041512489 0.050609004 0.998664677 -0.010371710 -12.024993896 -0.017408410 0.011265546 0.999785006 107.023452759
0.998499811 -0.051092349 0.019687042 8.101888657 0.051311411 0.998624384 -0.010786957 -12.130709648 -0.019108830 0.011780945 0.999747992 107.938964844
0.998478889 -0.050724924 0.021613609 8.165588379 0.050925761 0.998663247 -0.008844720 -12.232895851 -0.021136075 0.009931955 0.999727249 108.846473694
0.998485625 -0.049809892 0.023354815 8.225287437 0.049981095 0.998726845 -0.006804682 -12.330781937 -0.022986140 0.007961676 0.999704063 109.716178894
0.998448968 -0.050001509 0.024489509 8.289674759 0.050102964 0.998737693 -0.003546081 -12.433232307 -0.024281291 0.004767577 0.999693811 110.575592041
0.998403251 -0.050052967 0.026184218 8.350310326 0.050161380 0.998735011 -0.003499589 -12.524010658 -0.025975928 0.004807439 0.999651074 111.398612976
0.998425603 -0.049017031 0.027270822 8.404891014 0.049113691 0.998789132 -0.002885852 -12.612856865 -0.027096342 0.004220680 0.999623895 112.215309143
0.998509467 -0.046838574 0.028017303 8.457024574 0.046926942 0.998895228 -0.002504555 -12.693746567 -0.027869042 0.003815588 0.999604285 112.993431091
0.998650074 -0.044342909 0.027050162 8.506134033 0.044346225 0.999016166 0.000477588 -12.771130562 -0.027044723 0.000722630 0.999633968 113.751411438
0.998728871 -0.044442244 0.023781305 8.558042526 0.044414103 0.999011755 0.001710499 -12.858148575 -0.023833821 -0.000652099 0.999715745 114.494979858
0.998853087 -0.044488404 0.017701993 8.592840195 0.044465676 0.999009550 0.001675891 -12.930995941 -0.017759012 -0.000886838 0.999841928 115.190544128
0.999053299 -0.042946428 0.006934455 8.624496460 0.042940222 0.999077141 0.001041913 -13.010057449 -0.006972799 -0.000743159 0.999975443 115.857063293
0.999172807 -0.040078495 -0.006884460 8.623406410 0.040065665 0.999194980 -0.001991122 -13.080071449 0.006958718 0.001713644 0.999974251 116.509643555
0.998919368 -0.038703639 -0.025730606 8.620528221 0.038606096 0.999245346 -0.004276923 -13.149038315 0.025876721 0.003278944 0.999659717 117.120269775
0.998171866 -0.036669221 -0.048045542 8.590110779 0.036385026 0.999314785 -0.006776682 -13.215537071 0.048261121 0.005016154 0.998822033 117.706855774
0.996545017 -0.035191454 -0.075230911 8.542432785 0.034641959 0.999362826 -0.008597061 -13.282358170 0.075485520 0.005961212 0.997129023 118.268875122
0.993680537 -0.033002350 -0.107284367 8.470680237 0.032076146 0.999431908 -0.010347810 -13.358968735 0.107564919 0.006841148 0.994174480 118.820610046
0.989277184 -0.028671850 -0.143208072 8.384576797 0.027235659 0.999557257 -0.011979346 -13.413748741 0.143488139 0.007950529 0.989620090 119.345878601
0.983137667 -0.022685749 -0.181454122 8.266281128 0.020955877 0.999714792 -0.011445144 -13.473487854 0.181662038 0.007449622 0.983332813 119.862838745
0.974607229 -0.017433809 -0.223241389 8.128398895 0.015721567 0.999831796 -0.009445047 -13.529600143 0.223368526 0.005695505 0.974717498 120.362319946
0.963482559 -0.012226007 -0.267492175 7.954275131 0.010522990 0.999914229 -0.007799256 -13.591601372 0.267564625 0.004699630 0.963528514 120.854621887
0.949079037 -0.006277044 -0.314975858 7.772937775 0.003918169 0.999959350 -0.008121695 -13.648345947 0.315014064 0.006474000 0.949064970 121.332351685
0.931846023 0.001332063 -0.362851501 7.537574768 -0.004851963 0.999949574 -0.008789519 -13.706955910 0.362821519 0.009951021 0.931805551 121.792953491
0.910860300 0.005808938 -0.412673920 7.278884888 -0.010927545 0.999889851 -0.010044658 -13.753301620 0.412570179 0.013658793 0.910823405 122.243865967
0.885765553 0.010152833 -0.464021951 7.014587402 -0.016052140 0.999832749 -0.008765313 -13.806399345 0.463855356 0.015212557 0.885780275 122.658027649
0.856820524 0.013452049 -0.515439332 6.730159760 -0.020948324 0.999742448 -0.008731127 -13.847016335 0.515189171 0.018278599 0.856881440 123.058799744
0.825351119 0.023118155 -0.564146459 6.401721954 -0.031279873 0.999499083 -0.004804257 -13.903754234 0.563752770 0.021611627 0.825660825 123.431175232
0.791998625 0.036049448 -0.609457791 6.046157837 -0.044733427 0.998998523 0.000959108 -13.936230659 0.608881950 0.026503516 0.792818010 123.785659790
0.755736113 0.045321036 -0.653306127 5.706031799 -0.055949289 0.998423278 0.004541021 -13.987624168 0.652481854 0.033120200 0.757080257 124.093078613
0.716195464 0.049328171 -0.696154296 5.337615967 -0.063081145 0.997991443 0.005818624 -14.033964157 0.695043087 0.039746936 0.717868745 124.387840271
0.673657835 0.050976671 -0.737283230 4.960918427 -0.065575622 0.997806430 0.009072931 -14.081209183 0.736128449 0.042235754 0.675522923 124.675430298
0.629764974 0.054245532 -0.774889350 4.551727295 -0.068824574 0.997531950 0.013896637 -14.113374710 0.773730755 0.044579808 0.631944180 124.945053101
0.584965050 0.063265279 -0.808587193 4.128231049 -0.079949155 0.996595502 0.020136874 -14.151919365 0.807108462 0.052866492 0.588031709 125.174598694
0.539511263 0.072265334 -0.838871479 3.689731598 -0.091546498 0.995438099 0.026875753 -14.176068306 0.836986780 0.062295966 0.543665707 125.378677368
0.492768466 0.077454656 -0.866706491 3.237411499 -0.096954688 0.994715750 0.033770531 -14.203173637 0.864742160 0.067390196 0.497674257 125.577117920
0.445647150 0.078637771 -0.891748130 2.776798248 -0.096060231 0.994583488 0.039700516 -14.224310875 0.890039921 0.067969106 0.450787306 125.760894775
0.398677319 0.080332704 -0.913566172 2.305942535 -0.093683280 0.994512439 0.046567481 -14.245024681 0.912293732 0.067020461 0.404015332 125.930068970
0.352892041 0.082762733 -0.931996584 1.814216614 -0.095130116 0.994092345 0.052256774 -14.264242172 0.930815518 0.070219919 0.358680546 126.075271606
0.309811980 0.086347580 -0.946868896 1.309146881 -0.100519069 0.993261218 0.057688769 -14.283572197 0.945469439 0.077305704 0.316403836 126.188613892
0.267645448 0.087994002 -0.959491014 0.792602539 -0.105208591 0.992535710 0.061677057 -14.301059723 0.957756281 0.084439129 0.274905384 126.298171997
0.228394985 0.084639631 -0.969882429 0.266881943 -0.105663732 0.992484093 0.061729565 -14.317040443 0.967817664 0.088382661 0.235621750 126.396438599
0.193515062 0.079589352 -0.977863789 -0.270549774 -0.100471027 0.993071795 0.060944360 -14.335754395 0.975939393 0.086453326 0.200170726 126.490005493
0.163604528 0.074263625 -0.983726859 -0.826629639 -0.098297432 0.993427455 0.058647987 -14.350704193 0.981616616 0.087102748 0.169829190 126.564346313
0.136231020 0.072935984 -0.987988591 -1.384412766 -0.098309122 0.993358970 0.059776865 -14.374948502 0.985787213 0.088984825 0.142496571 126.648498535
0.114153355 0.072274536 -0.990830719 -1.965827942 -0.099379592 0.993178368 0.060996275 -14.390833855 0.988479972 0.091505416 0.120557234 126.714317322
0.095963426 0.073546149 -0.992664039 -2.572273254 -0.101731792 0.992769063 0.063719250 -14.402142525 0.990172505 0.094870783 0.102751508 126.762954712
0.079721369 0.071988411 -0.994214356 -3.174558640 -0.102736197 0.992670834 0.063638717 -14.427549362 0.991508901 0.097068436 0.086532891 126.817260742
0.066044018 0.071017347 -0.995286226 -3.793642998 -0.101664409 0.992752075 0.064090401 -14.452629089 0.992624044 0.096952401 0.072785251 126.864097595
0.053449612 0.068169869 -0.996241033 -4.442677975 -0.096374363 0.993362010 0.062802263 -14.473635674 0.993909001 0.092655323 0.059664641 126.919685364
0.041283019 0.065594628 -0.996991992 -5.089981556 -0.094013266 0.993670642 0.061483257 -14.491269112 0.994714737 0.091192268 0.047188483 126.964233398
0.030526387 0.065310821 -0.997397900 -5.747978687 -0.093607835 0.993664205 0.062201370 -14.511774063 0.995141029 0.091465496 0.036446579 127.000373840
0.021689016 0.066726141 -0.997535527 -6.421496391 -0.096979886 0.993205369 0.064327903 -14.534113884 0.995050073 0.095345676 0.028012738 127.011390686
0.013145247 0.065819614 -0.997744977 -7.119380951 -0.099692449 0.992945671 0.064189568 -14.553988457 0.994931459 0.098623849 0.019614231 127.031509399
0.006717045 0.065395884 -0.997836828 -7.806432724 -0.102321059 0.992666662 0.064368255 -14.575693130 0.994728804 0.101667345 0.013359161 127.050704956
0.001398090 0.066904776 -0.997758448 -8.501312256 -0.102945231 0.992467940 0.066405766 -14.597632408 0.994686067 0.102621645 0.008275087 127.067901611
-0.002300418 0.068984590 -0.997615099 -9.216609001 -0.104148604 0.992175877 0.068848632 -14.616338730 0.994559050 0.104058601 0.004902230 127.094512939
-0.003340499 0.072421759 -0.997368515 -9.934246063 -0.106509298 0.991674900 0.072365068 -14.636025429 0.994306147 0.106470779 0.004400902 127.112365723
-0.004627257 0.075971924 -0.997099221 -10.667787552 -0.109384000 0.991088212 0.076021545 -14.651197433 0.993988872 0.109418489 0.003724094 127.127891541
-0.005629957 0.082004681 -0.996616006 -11.398386002 -0.114397891 0.990035892 0.082109503 -14.666696548 0.993418992 0.114473045 0.003807303 127.137413025
-0.006977084 0.085502863 -0.996313512 -12.135600090 -0.117273994 0.989392340 0.085730158 -14.677927971 0.993075192 0.117439806 0.003124190 127.156768799
-0.008523710 0.086257532 -0.996236444 -12.880144119 -0.116575941 0.989393651 0.086662471 -14.695086479 0.993145227 0.116875894 0.001622249 127.175727844
-0.009611972 0.082381651 -0.996554554 -13.647637367 -0.114360265 0.989971042 0.082940444 -14.705824852 0.993392885 0.114763461 -0.000094387 127.191856384
-0.010830215 0.079088576 -0.996808887 -14.411914825 -0.117995515 0.989801347 0.079814605 -14.712365150 0.992955089 0.118483357 -0.001387666 127.204124451
-0.012304110 0.080517121 -0.996677279 -15.177185059 -0.123096325 0.989049077 0.081420511 -14.721483231 0.992318451 0.123689115 -0.002258005 127.211524963
-0.014161710 0.084653690 -0.996309757 -15.941205978 -0.120412111 0.989013970 0.085745335 -14.739090919 0.992623031 0.121182062 -0.003812799 127.229034424
-0.015832979 0.083707444 -0.996364594 -16.727512360 -0.119287930 0.989214361 0.085002303 -14.745376587 0.992733479 0.120200120 -0.005676921 127.242950439
-0.017713914 0.082931153 -0.996397793 -17.509376526 -0.122245088 0.988897979 0.084480211 -14.755973816 0.992341876 0.123301201 -0.007379328 127.256523132
-0.017778231 0.082647912 -0.996420205 -18.308904648 -0.127142161 0.988300562 0.084242918 -14.761837006 0.991725147 0.128184721 -0.007062201 127.249679565
-0.018963223 0.087602317 -0.995975018 -19.106647491 -0.128251225 0.987711489 0.089317374 -14.778526306 0.991560400 0.129428759 -0.007495087 127.259414673
-0.019408761 0.091884814 -0.995580435 -19.911476135 -0.127372667 0.987427115 0.093615443 -14.787347794 0.991665006 0.128626689 -0.007461127 127.271522522
-0.018139115 0.094649538 -0.995345414 -20.723197937 -0.128539816 0.987027228 0.096201062 -14.795102119 0.991538405 0.129686534 -0.005737566 127.281463623
-0.017262595 0.093264520 -0.995491683 -21.554450989 -0.127628759 0.987289846 0.094709262 -14.800388336 0.991671801 0.128688321 -0.005139950 127.303184509
-0.016110575 0.093292616 -0.995508373 -22.375045776 -0.127306208 0.987343013 0.094587632 -14.804903030 0.991732597 0.128258258 -0.004029934 127.320762634
-0.015147103 0.092676491 -0.995581090 -23.207481384 -0.126782700 0.987480581 0.093851373 -14.810312271 0.991814911 0.127644032 -0.003207693 127.334159851
-0.014912825 0.094655626 -0.995398283 -24.042360306 -0.127601638 0.987189233 0.095786691 -14.817464828 0.991713405 0.128442898 -0.002643568 127.359390259
-0.014706259 0.096888147 -0.995186508 -24.888994217 -0.129922688 0.986671269 0.097979039 -14.820383072 0.991415024 0.130738243 -0.001922274 127.376647949
-0.014215206 0.099416442 -0.994944334 -25.737951279 -0.132123947 0.986133099 0.100423716 -14.819481850 0.991131306 0.132883549 -0.000882789 127.396575928
-0.012842643 0.099813648 -0.994923294 -26.628646851 -0.132992044 0.985994816 0.100634620 -14.802065849 0.991033912 0.133609295 0.000611641 127.409851074
-0.010344313 0.103265442 -0.994600058 -27.500902176 -0.139539212 0.984771967 0.103696302 -14.799079895 0.990162551 0.139858380 0.004222786 127.418502808
-0.008144541 0.107022054 -0.994223356 -28.370088577 -0.144835189 0.983645678 0.107069902 -14.793040276 0.989422321 0.144870579 0.007489217 127.440994263
-0.005669167 0.108312406 -0.994100749 -29.269836426 -0.147428825 0.983162761 0.107961416 -14.779828072 0.989056349 0.147171184 0.010394658 127.462074280
-0.002758104 0.108428560 -0.994100332 -30.152681351 -0.145014644 0.983552575 0.107680425 -14.777558327 0.989425540 0.144456148 0.013010990 127.498138428
0.000412106 0.108453982 -0.994101405 -31.044044495 -0.148586959 0.983072877 0.107189216 -14.770367622 0.988899291 0.147666350 0.016519979 127.529037476
0.003435358 0.112402499 -0.993656814 -31.968851089 -0.148584604 0.982689977 0.110648230 -14.763782501 0.988893747 0.147261977 0.020077169 127.555274963
0.005312206 0.115248606 -0.993322492 -32.868881226 -0.148422524 0.982424915 0.113190472 -14.762551308 0.988909781 0.146830127 0.022324329 127.594924927
0.007166030 0.116260603 -0.993192911 -33.759708405 -0.148571894 0.982318580 0.113915697 -14.759930611 0.988875628 0.146744207 0.024312379 127.640205383
0.010045752 0.114032581 -0.993426204 -34.680027008 -0.149792999 0.982437909 0.111256503 -14.744251251 0.988666356 0.147690654 0.026950603 127.675178528
0.009821875 0.115151279 -0.993299365 -35.574779510 -0.153593555 0.981732845 0.112291649 -14.733068466 0.988085270 0.151461482 0.027328957 127.716438293
0.010898876 0.116008021 -0.993188381 -36.468067169 -0.154357582 0.981537163 0.112953246 -14.731328011 0.987954974 0.152075082 0.028604366 127.753883362
0.011521223 0.112252459 -0.993612945 -37.385162354 -0.154999807 0.981868565 0.109128386 -14.723596573 0.987847328 0.152752504 0.028711431 127.798828125
0.012285533 0.108013600 -0.994073451 -38.277736664 -0.156174779 0.982155204 0.104788437 -14.719192505 0.987653017 0.153961807 0.028935296 127.840919495
0.012663068 0.107496068 -0.994124770 -39.175014496 -0.155932352 0.982253551 0.104226127 -14.716644287 0.987686515 0.153696433 0.029200457 127.886482239
0.012851679 0.111422978 -0.993689895 -40.098941803 -0.158681259 0.981405973 0.107993290 -14.707285881 0.987246215 0.156292051 0.030293452 127.922721863
0.012564115 0.117688060 -0.992971063 -41.002353668 -0.158457488 0.980735481 0.114232928 -14.698671341 0.987285912 0.155908495 0.030970631 127.968154907
0.013255450 0.116423853 -0.993111134 -41.907218933 -0.156448960 0.981207550 0.112940192 -14.701561928 0.987597108 0.153874144 0.031220740 128.009857178
0.014049094 0.105603524 -0.994309008 -42.815025330 -0.155109689 0.982600033 0.102168269 -14.704238892 0.987797379 0.152791619 0.030184761 128.059295654
0.014339653 0.095393978 -0.995336354 -43.706382751 -0.157108575 0.983288944 0.091975912 -14.707214355 0.987477243 0.155056998 0.029087234 128.100540161
0.013611853 0.092323534 -0.995635986 -44.613101959 -0.154289395 0.983996868 0.089134872 -14.716666222 0.987932026 0.152402803 0.027638558 128.142669678
0.013334099 0.102038056 -0.994691253 -45.544147491 -0.146639451 0.984223664 0.098998532 -14.718414307 0.989100158 0.144540906 0.028086543 128.198547363
0.013628238 0.115796834 -0.993179500 -46.465980530 -0.141769871 0.983461261 0.112718426 -14.716456413 0.989805937 0.139266759 0.029819345 128.251937866
0.013318287 0.124369219 -0.992146730 -47.396556854 -0.141971454 0.982417464 0.121243864 -14.703459740 0.989781141 0.139241755 0.030740999 128.305694580
0.013533532 0.118662626 -0.992842436 -48.316860199 -0.142174333 0.983073235 0.115557060 -14.698053360 0.989749193 0.139592782 0.030175231 128.352523804
0.013527695 0.105021551 -0.994377911 -49.233318329 -0.141998738 0.984591722 0.102056220 -14.690505981 0.989774346 0.139819831 0.028232183 128.394226074
0.014219210 0.096189685 -0.995261550 -50.164970398 -0.142978504 0.985329032 0.093187027 -14.697023392 0.989623666 0.140975937 0.027763657 128.432464600
0.015007872 0.096632279 -0.995207012 -51.084033966 -0.142313555 0.985392511 0.093533196 -14.707739830 0.989707768 0.140227750 0.028540727 128.478179932
0.014327045 0.097644418 -0.995118201 -52.006500244 -0.145305634 0.984859049 0.094545752 -14.717762947 0.989283085 0.143241733 0.028298404 128.522506714
0.014254582 0.097362466 -0.995146930 -52.966594696 -0.149489284 0.984269977 0.094156995 -14.730266571 0.988660574 0.147421628 0.028584998 128.571228027
0.014803732 0.096684627 -0.995204985 -53.896774292 -0.150985569 0.984117270 0.093361527 -14.730020523 0.988425076 0.148879468 0.029166590 128.616287231
0.016135029 0.104554124 -0.994388342 -54.837451935 -0.160611525 0.981874228 0.100632235 -14.730594635 0.986885786 0.158086523 0.032635167 128.650665283
0.018255860 0.113453269 -0.993375659 -55.782962799 -0.166051507 0.980087340 0.108883977 -14.720062256 0.985948086 0.162963733 0.036731422 128.685470581
0.018758129 0.121643715 -0.992396474 -56.772232056 -0.166255936 0.979131818 0.116875246 -14.711000443 0.985904217 0.162799463 0.038590670 128.750823975
0.019798758 0.122390777 -0.992284477 -57.714126587 -0.167682678 0.978827477 0.117385224 -14.701896667 0.985642135 0.164064839 0.039902389 128.798675537
0.020917317 0.112790242 -0.993398607 -58.652393341 -0.169521526 0.979628742 0.107657313 -14.698787689 0.985304475 0.166150555 0.039611578 128.857910156
0.021785298 0.107983239 -0.993913949 -59.592914581 -0.167670682 0.980463684 0.102846809 -14.699790955 0.985602260 0.164409712 0.039465319 128.919387817
0.024017455 0.106341541 -0.994039536 -60.552070618 -0.166156664 0.980921209 0.100923575 -14.703338623 0.985806823 0.162742361 0.041228589 128.975845337
0.027657671 0.112726785 -0.993241072 -61.505439758 -0.167516366 0.980092466 0.106569856 -14.702366829 0.985481262 0.163436681 0.045990650 129.030487061
0.030776370 0.114890531 -0.992901325 -62.472438812 -0.170322627 0.979446113 0.108054213 -14.706707954 0.984907627 0.165788010 0.049712256 129.097091675
0.035129510 0.109884858 -0.993323326 -63.428089142 -0.169683233 0.980161250 0.102427863 -14.707379341 0.984872341 0.164952084 0.053078201 129.155685425
0.037923530 0.103784777 -0.993876636 -64.386405945 -0.169599131 0.980831027 0.095951088 -14.713001251 0.984783173 0.164921761 0.054798380 129.235198975
0.041439608 0.103459083 -0.993770182 -65.338256836 -0.167112395 0.981331229 0.095195644 -14.715537071 0.985066593 0.162126422 0.057955287 129.309173584
0.044062525 0.108254001 -0.993146300 -66.291992188 -0.164629623 0.981307864 0.099659517 -14.728186607 0.985370815 0.159110039 0.061060708 129.391967773
0.046987485 0.114969283 -0.992257059 -67.267921448 -0.164284989 0.980716944 0.105852589 -14.730297089 0.985293150 0.158039182 0.064969137 129.481185913
0.050402552 0.118598856 -0.991662204 -68.221633911 -0.162129596 0.980725229 0.109050393 -14.728075027 0.985481381 0.155281380 0.068659432 129.559432983
0.051811423 0.120191105 -0.991397798 -69.183845520 -0.161621287 0.980653405 0.110442035 -14.729486465 0.985491812 0.154508859 0.070234478 129.652999878
0.053568620 0.117792472 -0.991592288 -70.142112732 -0.159761146 0.981237590 0.107931659 -14.728173256 0.985701144 0.152636185 0.071382202 129.740814209
0.054494403 0.115876906 -0.991767526 -71.102066040 -0.157364443 0.981827736 0.106068894 -14.728275299 0.986035883 0.150288776 0.071739033 129.826232910
0.054662477 0.111994691 -0.992204189 -72.043151855 -0.154333040 0.982696176 0.102418959 -14.735007286 0.986505687 0.147531405 0.071001083 129.921752930
0.054712292 0.112671673 -0.992124915 -73.013648987 -0.153403029 0.982765377 0.103149109 -14.737401009 0.986647844 0.146551415 0.071053520 130.001998901
0.053368688 0.116714515 -0.991730630 -73.957748413 -0.149701327 0.982857406 0.107614279 -14.735774040 0.987289846 0.142720163 0.069926128 130.110809326
0.053755056 0.118238673 -0.991529107 -74.934051514 -0.144681692 0.983408809 0.109426521 -14.733721733 0.988017023 0.137573838 0.069970168 130.193832397
0.052502215 0.114480928 -0.992037117 -75.881446838 -0.141447976 0.984243929 0.106095672 -14.731813431 0.988552451 0.134751409 0.067868091 130.285552979
0.051322978 0.111218274 -0.992469788 -76.832031250 -0.143233478 0.984325171 0.102898613 -14.736120224 0.988357306 0.136873826 0.066448674 130.366821289
0.050235603 0.107365787 -0.992949545 -77.813262939 -0.139736623 0.985181272 0.099456213 -14.734092712 0.988913596 0.133755192 0.064494118 130.442779541
0.049082901 0.108357303 -0.992899597 -78.766281128 -0.140463799 0.984966993 0.100547932 -14.735832214 0.988868356 0.134531245 0.063565321 130.514587402
0.048012871 0.109633237 -0.992811859 -79.715736389 -0.140996307 0.984749436 0.101924278 -14.735442162 0.988845110 0.135089085 0.062738530 130.596099854
0.047277726 0.110919446 -0.992704213 -80.684394836 -0.143649668 0.984240055 0.103132352 -14.744894028 0.988498628 0.137725770 0.062466171 130.661636353
0.045649927 0.110702962 -0.992804587 -81.635391235 -0.143658578 0.984237671 0.103142187 -14.735375404 0.988573849 0.137916476 0.060833812 130.738601685
0.043612167 0.111039996 -0.992858529 -82.588050842 -0.143852785 0.984145761 0.103746727 -14.735205650 0.988637567 0.138300836 0.058894146 130.811004639
0.041588925 0.114509642 -0.992551148 -83.534812927 -0.143803850 0.983753443 0.107469112 -14.737332344 0.988731921 0.138263181 0.057380166 130.886505127
0.040038384 0.118122265 -0.992191553 -84.497207642 -0.145131201 0.983144939 0.111188702 -14.726919174 0.988601983 0.139546141 0.056506764 130.941604614
0.037738681 0.122629374 -0.991734743 -85.446502686 -0.146190464 0.982441604 0.115917228 -14.712784767 0.988536358 0.140607625 0.055003297 131.010192871
0.035991311 0.123082772 -0.991743565 -86.393608093 -0.146375746 0.982332885 0.116602711 -14.712184906 0.988574147 0.140970513 0.053371780 131.075393677
0.034474041 0.116850771 -0.992550969 -87.340026855 -0.146651372 0.982982337 0.110630676 -14.699962616 0.988587320 0.141745076 0.051023707 131.144027710
0.032243166 0.112446859 -0.993134439 -88.278030396 -0.151383355 0.982736886 0.106354751 -14.692510605 0.987949073 0.146914840 0.048709132 131.207458496
0.032142952 0.109853759 -0.993427873 -89.252708435 -0.149855137 0.983235836 0.103878058 -14.682125092 0.988185346 0.145531327 0.048066262 131.254623413
0.031265531 0.111129098 -0.993313968 -90.204460144 -0.145851105 0.983669460 0.105459295 -14.687184334 0.988812447 0.141578674 0.046963256 131.317504883
0.030645117 0.111891359 -0.993247807 -91.155532837 -0.142310917 0.984079301 0.106467746 -14.680183411 0.989347517 0.138087302 0.046080589 131.385757446
0.029364910 0.111878842 -0.993287861 -92.100494385 -0.137306049 0.984748006 0.106857710 -14.682653427 0.990093291 0.133246586 0.044278674 131.455886841
0.028356792 0.109027572 -0.993634164 -93.046913147 -0.133243769 0.985575438 0.104340762 -14.685127258 0.990677595 0.129436761 0.042475000 131.520019531
0.027477268 0.106031269 -0.993983209 -94.014266968 -0.128090099 0.986534715 0.101695880 -14.691832542 0.991381824 0.124525063 0.040688839 131.577575684
0.026334966 0.108500041 -0.993747473 -94.974189758 -0.126156300 0.986505091 0.104366072 -14.694803238 0.991660714 0.122619040 0.039667539 131.638427734
0.024706315 0.111100808 -0.993502021 -95.919586182 -0.126063988 0.986218274 0.107151344 -14.696907997 0.991714478 0.122597508 0.038371626 131.703979492
0.023706943 0.108858243 -0.993774533 -96.872955322 -0.121430725 0.987007082 0.105220161 -14.692724228 0.992316782 0.118180297 0.036617652 131.750686646
0.020625096 0.105335139 -0.994222879 -97.830116272 -0.119172238 0.987603664 0.102161624 -14.687237740 0.992659330 0.116376676 0.032922443 131.815124512
0.017645434 0.103129588 -0.994511366 -98.779350281 -0.118093923 0.987918913 0.100350618 -14.691736221 0.992845714 0.115675017 0.029611230 131.870788574
0.015605201 0.101837769 -0.994678617 -99.741806030 -0.111803278 0.988738894 0.099475592 -14.699000359 0.993607819 0.109656006 0.026815265 131.917114258
0.011736857 0.102193348 -0.994695306 -100.692169189 -0.105715893 0.989315510 0.100393280 -14.700745583 0.994327247 0.103976779 0.022414917 131.983764648
0.010384695 0.109623544 -0.993918896 -101.647247314 -0.095947132 0.989495397 0.108133189 -14.696230888 0.995332301 0.094240740 0.020793671 132.038024902
0.006601538 0.117127188 -0.993094981 -102.615829468 -0.087920301 0.989338577 0.116099708 -14.692154884 0.996105671 0.086546764 0.016829008 132.110763550
0.003729380 0.116851047 -0.993142426 -103.580886841 -0.083597980 0.989709198 0.116133191 -14.689056396 0.996492565 0.082591586 0.013459516 132.154617310
0.000295268 0.107009850 -0.994257867 -104.528488159 -0.084245570 0.990726113 0.106604695 -14.688658714 0.996444941 0.083730340 0.009307636 132.196655273
-0.001663552 0.098039769 -0.995181084 -105.478103638 -0.086744338 0.991417050 0.097813964 -14.695253372 0.996229231 0.086489037 0.006855121 132.233154297
-0.001707727 0.098559014 -0.995129764 -106.446060181 -0.093354166 0.990769684 0.098287396 -14.685219765 0.995631516 0.093067355 0.007508930 132.254455566
-0.002604967 0.108702533 -0.994070947 -107.403755188 -0.096853070 0.989373446 0.108442657 -14.682130814 0.995295286 0.096561320 0.007950889 132.290023804
-0.004304831 0.119114488 -0.992871344 -108.373313904 -0.099843256 0.987867832 0.118947148 -14.663022995 0.994993925 0.099643551 0.007640176 132.317565918
-0.005024701 0.121531039 -0.992574990 -109.358757019 -0.107782461 0.986739099 0.121362150 -14.657265663 0.994161785 0.107591964 0.008140847 132.337463379
-0.004988689 0.118696347 -0.992918015 -110.329154968 -0.115643881 0.986199975 0.118474275 -14.641515732 0.993278205 0.115415946 0.008806664 132.360671997
-0.005180035 0.114861883 -0.993367970 -111.283241272 -0.123746708 0.985672116 0.114617325 -14.630392075 0.992300332 0.123519734 0.009107963 132.386108398
-0.002590301 0.116544694 -0.993182063 -112.249092102 -0.128482252 0.984914958 0.115909666 -14.610636711 0.991708457 0.127906516 0.012422698 132.407867432
-0.001631129 0.117895119 -0.993024826 -113.227859497 -0.136500657 0.983705044 0.117012866 -14.593253136 0.990638554 0.135739401 0.014488214 132.436828613
-0.000958231 0.120909698 -0.992663085 -114.192420959 -0.145960927 0.982015491 0.119753681 -14.578652382 0.989289880 0.145004764 0.016707094 132.456863403
-0.000584892 0.123384416 -0.992358744 -115.168090820 -0.151501149 0.980893254 0.122048147 -14.559178352 0.988456905 0.150414854 0.018119164 132.483367920
-0.000475751 0.122410908 -0.992479384 -116.139511108 -0.155111372 0.980458498 0.121002607 -14.547091484 0.987896860 0.154002443 0.018520871 132.520629883
0.001139882 0.112859361 -0.993610263 -117.094604492 -0.154067457 0.981767476 0.111337431 -14.549383163 0.988059640 0.152956098 0.018507054 132.554992676
0.002273988 0.101384841 -0.994844615 -118.041534424 -0.157163799 0.982519925 0.099769592 -14.542604446 0.987569869 0.156126693 0.018168265 132.594833374
