1.000000000 0.000000000 0.000000000 0.000000000 0.000000000 1.000000000 0.000000000 0.000000000 0.000000000 0.000000000 1.000000000 0.000000000
0.999997795 -0.001580858 -0.001371817 0.050036032 0.001577916 0.999996483 -0.002142616 -0.132716283 0.001375199 0.002140447 0.999996781 1.297472358
0.999997735 -0.000051978 -0.002116643 0.104397811 0.000038528 0.999979734 -0.006353977 -0.268658459 0.002116931 0.006353882 0.999977589 2.606455088
0.999996245 0.002343176 -0.001426243 0.150281906 -0.002354268 0.999966741 -0.007825682 -0.407587498 0.001407859 0.007829010 0.999968350 3.911650181
0.999984622 0.005547933 0.000084817 0.194171771 -0.005547268 0.999963582 -0.006476393 -0.546750665 -0.000120744 0.006475822 0.999978960 5.225246429
0.999975920 0.006536226 0.002312829 0.244488686 -0.006528862 0.999973655 -0.003177502 -0.692607641 -0.002333537 0.003162325 0.999992251 6.543867588
0.999961793 0.006745842 0.005564270 0.302015394 -0.006735215 0.999975502 -0.001926370 -0.829215586 -0.005577127 0.001888820 0.999982715 7.846618652
0.999943376 0.005383806 0.009178201 0.354121327 -0.005368218 0.999984086 -0.001721963 -0.962788165 -0.009187325 0.001672595 0.999956369 9.151434898
0.999913454 0.004011340 0.012529277 0.432374716 -0.003991886 0.999990702 -0.001577383 -1.100099087 -0.012535488 0.001527231 0.999920189 10.451583862
0.999869883 0.002968122 0.015852034 0.497404695 -0.002929276 0.999992669 -0.002473217 -1.236814022 -0.015859254 0.002426461 0.999871254 11.759995461
0.999812484 0.001911966 0.019266848 0.574110270 -0.001850536 0.999993145 -0.003205708 -1.376380444 -0.019272843 0.003169453 0.999809206 13.052948952
0.999743164 0.001914045 0.022580503 0.641708493 -0.001840568 0.999992967 -0.003274339 -1.520329714 -0.022586608 0.003231937 0.999739647 14.375926971
0.999659717 0.001834029 0.026020963 0.725688100 -0.001722795 0.999989271 -0.004296542 -1.658544540 -0.026028564 0.004250252 0.999652147 15.673026085
0.999570370 0.002684850 0.029184546 0.807327032 -0.002562476 0.999987781 -0.004229716 -1.798032284 -0.029195542 0.004153114 0.999565005 16.977802277
0.999474227 0.002278410 0.032340903 0.898556232 -0.002159494 0.999990821 -0.003711428 -1.938721657 -0.032349061 0.003639637 0.999470055 18.263822556
0.999405265 0.000646790 0.034478117 0.997639775 -0.000522660 0.999993324 -0.003609152 -2.078943968 -0.034480222 0.003588985 0.999398947 19.560108185
0.999345779 -0.001868869 0.036117926 1.096121311 0.002045985 0.999985993 -0.004867482 -2.219669104 -0.036108330 0.004938194 0.999335706 20.835004807
0.999308109 -0.001416851 0.037165210 1.194422007 0.001662084 0.999976993 -0.006568370 -2.361968040 -0.037155055 0.006625597 0.999287486 22.141233444
0.999261260 -0.001345289 0.038405377 1.277992368 0.001698457 0.999956608 -0.009164638 -2.505934000 -0.038391382 0.009223100 0.999220192 23.425434113
0.999227345 -0.000882840 0.039293528 1.384184241 0.001302523 0.999942303 -0.010656422 -2.649535179 -0.039281849 0.010699367 0.999170840 24.714759827
0.999179482 -0.000275635 0.040499683 1.483080506 0.000728426 0.999937415 -0.011165777 -2.798010826 -0.040494069 0.011186118 0.999117196 25.985300064
0.999164641 -0.001874351 0.040823292 1.583874941 0.002288925 0.999946237 -0.010110977 -2.943626165 -0.040802147 0.010195968 0.999115229 27.280893326
0.999157071 -0.004828746 0.040765896 1.685862422 0.005196729 0.999946594 -0.008925599 -3.091359615 -0.040720630 0.009129924 0.999128878 28.559389114
0.999184847 -0.006404474 0.039857019 1.783906460 0.006785813 0.999932349 -0.009439764 -3.237007618 -0.039793875 0.009702527 0.999160826 29.853530884
0.999202013 -0.008045816 0.039123543 1.888247728 0.008517308 0.999892890 -0.011899642 -3.382546663 -0.039023612 0.012223372 0.999163568 31.119699478
0.999227047 -0.008133932 0.038460452 1.992986798 0.008603374 0.999890327 -0.012056077 -3.532757521 -0.038358167 0.012377644 0.999187350 32.412952423
0.999240220 -0.008862326 0.037954763 2.089601517 0.009338077 0.999879777 -0.012375789 -3.676397324 -0.037840527 0.012720807 0.999202847 33.677516937
0.999254167 -0.009197709 0.037501913 2.184190512 0.009675612 0.999874055 -0.012581888 -3.820384264 -0.037381466 0.012935358 0.999217272 34.949607849
0.999268293 -0.009738528 0.036986679 2.279001713 0.010228327 0.999862254 -0.013076512 -3.965413570 -0.036854241 0.013445259 0.999230146 36.212272644
0.999303699 -0.010273565 0.035868950 2.386198997 0.010753182 0.999854863 -0.013204205 -4.125021935 -0.035728097 0.013580716 0.999269247 37.506282806
0.999302268 -0.009967249 0.035995059 2.481893063 0.010378800 0.999882579 -0.011264865 -4.270783424 -0.035878561 0.011630591 0.999288440 38.765014648
0.999264657 -0.009750785 0.037081759 2.580159664 0.010140075 0.999895215 -0.010324635 -4.410356522 -0.036977194 0.010693052 0.999258876 40.039340973
0.999184608 -0.011557112 0.038686868 2.688644409 0.011894707 0.999893010 -0.008507620 -4.554845333 -0.038584411 0.008960851 0.999215126 41.288307190
0.999076188 -0.012449933 0.041131649 2.788567305 0.012866478 0.999868453 -0.009877966 -4.697968960 -0.041003261 0.010398061 0.999104857 42.560592651
0.998950183 -0.013847279 0.043668721 2.883955956 0.014423357 0.999812722 -0.012904633 -4.847507000 -0.043481845 0.013520934 0.998962700 43.811580658
0.998859286 -0.014843922 0.045385156 3.000430822 0.015494491 0.999781728 -0.014016314 -4.997018337 -0.045167185 0.014703546 0.998871207 45.091884613
0.998732150 -0.015079088 0.048027813 3.123927116 0.015712559 0.999794126 -0.012839504 -5.130789280 -0.047824319 0.013577865 0.998763382 46.322586060
0.998526514 -0.016244981 0.051779211 3.230415821 0.016753847 0.999815404 -0.009408688 -5.286265373 -0.051616821 0.010262324 0.998614252 47.595237732
0.998257816 -0.019407529 0.055718780 3.348018646 0.019849135 0.999775767 -0.007383130 -5.425066471 -0.055562992 0.008476237 0.998419225 48.825492859
0.998030305 -0.021133490 0.059066966 3.485974550 0.021627273 0.999736190 -0.007732891 -5.566831112 -0.058887966 0.008995118 0.998224020 50.082603455
0.997754335 -0.024427880 0.062365796 3.627853632 0.025190724 0.999616861 -0.011474832 -5.702296257 -0.062061593 0.013020105 0.997987330 51.317329407
0.997470617 -0.025840413 0.066216551 3.762425184 0.026677938 0.999574602 -0.011795284 -5.835718155 -0.065883577 0.013531973 0.997735560 52.546813965
0.997118175 -0.028355913 0.070365712 3.890133858 0.029080065 0.999533892 -0.009288084 -5.974425793 -0.070069537 0.011307555 0.997478008 53.766201019
0.996833384 -0.031091424 0.073189713 4.046792984 0.031617094 0.999481857 -0.006034398 -6.108354568 -0.072964177 0.008329335 0.997299790 54.979316711
0.996611834 -0.033657935 0.075045809 4.200940609 0.034076501 0.999410033 -0.004303620 -6.239697933 -0.074856684 0.006846338 0.997170806 56.195423126
0.996412516 -0.036589347 0.076310344 4.352584839 0.036808621 0.999321282 -0.001468552 -6.358184814 -0.076204821 0.004272163 0.997082949 57.406211853
0.996260285 -0.039661482 0.076760881 4.509498119 0.039764810 0.999209106 0.000182481 -6.486248970 -0.076707408 0.002870584 0.997049451 58.610996246
0.996210694 -0.041672338 0.076340355 4.656941414 0.042026669 0.999111891 -0.003040092 -6.614036083 -0.076145872 0.006236902 0.997077167 59.818340302
0.996221483 -0.042907435 0.075508758 4.806483746 0.043580484 0.999023378 -0.007287783 -6.744007111 -0.075122304 0.010550953 0.997118473 61.005397797
0.996245563 -0.044029199 0.074538842 4.939191818 0.044986237 0.998924732 -0.011208813 -6.872225285 -0.073965184 0.014519952 0.997155130 62.204616547
0.996298075 -0.045351464 0.073029935 5.083054066 0.046471223 0.998825610 -0.013706570 -7.003730297 -0.072322555 0.017049622 0.997235537 63.392910004
0.996429145 -0.045896526 0.070868969 5.222395897 0.046983920 0.998800993 -0.013752799 -7.141178608 -0.070152804 0.017033393 0.997390807 64.583648682
0.996655822 -0.045413379 0.067931183 5.357785225 0.046406541 0.998836637 -0.013113489 -7.275834560 -0.067256622 0.016222088 0.997603834 65.760246277
0.996883452 -0.044515099 0.065128766 5.473736763 0.045328807 0.998910785 -0.011069208 -7.416286945 -0.064565070 0.013986920 0.997815490 66.959617615
0.997266054 -0.040685158 0.061685763 5.591365337 0.041235588 0.999119937 -0.007675949 -7.544432640 -0.061319195 0.010198615 0.998066068 68.134109497
0.997484624 -0.038809158 0.059315041 5.696565151 0.039175794 0.999219716 -0.005030329 -7.673169136 -0.059073534 0.007341391 0.998226643 69.296699524
0.997766435 -0.037896164 0.055008329 5.829351425 0.038408596 0.999227703 -0.008288185 -7.810332298 -0.054651756 0.010382466 0.998451412 70.510437012
0.997947693 -0.038089935 0.051472582 5.938146591 0.038901269 0.999132633 -0.014853315 -7.940856457 -0.050862167 0.016825182 0.998563886 71.669059753
0.998031378 -0.041588597 0.046944596 6.053375244 0.042480089 0.998932421 -0.018154908 -8.075283051 -0.046139430 0.020113379 0.998732448 72.845695496
0.998048902 -0.045083061 0.043196067 6.170762062 0.045716256 0.998859346 -0.013784351 -8.211434364 -0.042525362 0.015732221 0.998971522 74.037155151
0.998050690 -0.048790921 0.038913909 6.275300980 0.049168017 0.998751700 -0.008792563 -8.338500023 -0.038436342 0.010688743 0.999203920 75.193557739
0.998103678 -0.051139638 0.034259874 6.369969368 0.051371645 0.998662055 -0.005925636 -8.470121384 -0.033911001 0.007674384 0.999395370 76.380561829
0.998274863 -0.050378256 0.030153951 6.456923008 0.050505176 0.998717785 -0.003461944 -8.594890594 -0.029940881 0.004978903 0.999539196 77.539367676
0.998422503 -0.049775396 0.025982082 6.553080082 0.049901813 0.998745143 -0.004239357 -8.702970505 -0.025738459 0.005529221 0.999653399 78.698997498
0.998551607 -0.048707709 0.022853296 6.626226425 0.048841137 0.998792410 -0.005316838 -8.844375610 -0.022566732 0.006425318 0.999724686 79.867889404
0.998739541 -0.046288650 0.019408859 6.703556061 0.046496678 0.998864233 -0.010407805 -8.972598076 -0.018905055 0.011297134 0.999757469 81.014244080
0.998648286 -0.049753860 0.015037188 6.791747570 0.049984071 0.998632252 -0.015342384 -9.109421730 -0.014253279 0.016073266 0.999769211 82.181343079
0.998490453 -0.053406261 0.012840264 6.841296196 0.053611796 0.998429894 -0.016232941 -9.240342140 -0.011953165 0.016896823 0.999785781 83.329055786
0.998515069 -0.053715866 0.009074516 6.905902863 0.053830083 0.998467386 -0.012850265 -9.369093895 -0.008370345 0.013319665 0.999876201 84.468292236
0.998509049 -0.054191161 0.006554724 6.970428944 0.054256205 0.998475075 -0.010188431 -9.501616478 -0.005992606 0.010528874 0.999926627 85.606224060
0.998640597 -0.051853158 0.005306811 7.016829491 0.051914744 0.998576820 -0.012214515 -9.626759529 -0.004665897 0.012473415 0.999911308 86.749702454
0.998833656 -0.048088305 0.004352520 7.070936203 0.048149284 0.998724401 -0.015199338 -9.756380081 -0.003616057 0.015391182 0.999874949 87.872558594
0.998919666 -0.046340693 0.003468130 7.128046036 0.046396390 0.998757005 -0.018215097 -9.882136345 -0.002619720 0.018356331 0.999828100 88.970176697
0.998873174 -0.047348104 0.003287682 7.165583134 0.047401708 0.998699248 -0.018785525 -10.023774147 -0.002393946 0.018920196 0.999818087 90.122543335
0.998818219 -0.048573423 0.001660083 7.218414307 0.048593916 0.998688281 -0.016130166 -10.154636383 -0.000874408 0.016191775 0.999868512 91.236465454
0.998766720 -0.049644366 0.000709096 7.267439842 0.049649417 0.998675048 -0.013531145 -10.285434723 -0.000036412 0.013549665 0.999908149 92.351043701
0.998772800 -0.049526893 0.000153387 7.328888893 0.049524810 0.998691380 -0.012759509 -10.410443306 0.000478752 0.012751448 0.999918520 93.479202271
0.998745680 -0.050071165 0.000219639 7.372972965 0.050068881 0.998634696 -0.014897514 -10.538189888 0.000526597 0.014889823 0.999889016 94.587402344
0.998739958 -0.050180104 -0.000681438 7.432606220 0.050158337 0.998563051 -0.018868014 -10.667829514 0.001627258 0.018810060 0.999821723 95.697174072
0.998721421 -0.050552011 -0.000151730 7.474312782 0.050539065 0.998525143 -0.019828839 -10.807018280 0.001153894 0.019795816 0.999803364 96.808990479
0.998682499 -0.051315777 -0.000363126 7.528892994 0.051300842 0.998519421 -0.018080730 -10.940362930 0.001290416 0.018038277 0.999836504 97.893478394
0.998730719 -0.050365258 0.000543925 7.572001457 0.050368074 0.998647034 -0.012928351 -11.062505722 0.000107950 0.012939338 0.999916255 98.979705811
0.998814940 -0.048633937 0.001888517 7.619602203 0.048649609 0.998771667 -0.009395409 -11.183594704 -0.001429262 0.009476149 0.999954045 100.045814514
0.998915493 -0.046426583 0.003552651 7.669100285 0.046458807 0.998874068 -0.009598581 -11.304219246 -0.003103022 0.009753222 0.999947608 101.115921021
0.998985827 -0.044666145 0.005673630 7.716157913 0.044727951 0.998935580 -0.011277485 -11.426400185 -0.005163868 0.011519819 0.999920249 102.149566650
0.998943567 -0.045181498 0.008384548 7.765682220 0.045291822 0.998883009 -0.013470911 -11.549658775 -0.007766546 0.013836434 0.999874055 103.166259766
0.998860538 -0.046666689 0.010005751 7.821711540 0.046809841 0.998797357 -0.014584466 -11.663937569 -0.009313110 0.015036214 0.999843538 104.188972473
0.998749852 -0.048532687 0.011968085 7.881294250 0.048697211 0.998717427 -0.013861710 -11.777951241 -0.011279989 0.014427194 0.999832273 105.170989990
0.998718560 -0.048759736 0.013550963 7.939508438 0.048928037 0.998725653 -0.012378614 -11.897932053 -0.012930116 0.013025776 0.999831557 106.147285461
0.998657644 -0.049792323 0.014271093 8.016999245 0.049947739 0.998694003 -0.010748321 -12.009672165 -0.013717272 0.011446700 0.999840379 107.093833923
0.998592496 -0.050494019 0.016227920 8.072545052 0.050680984 0.998650670 -0.011324446 -12.116343498 -0.015634203 0.012130955 0.999804139 108.011283875
0.998585880 -0.050058734 0.017899446 8.132827759 0.050235901 0.998691320 -0.009588988 -12.216260910 -0.017396005 0.010474625 0.999793828 108.923240662
0.998598814 -0.049072217 0.019809693 8.189374924 0.049230792 0.998758495 -0.007598069 -12.313429832 -0.019412247 0.008562670 0.999774933 109.792755127
0.998566866 -0.049181148 0.021103712 8.248764038 0.049284294 0.998775125 -0.004394865 -12.417362213 -0.020861715 0.005428647 0.999767661 110.652435303
0.998518407 -0.049370330 0.022882223 8.306864738 0.049478482 0.998766363 -0.004184201 -12.510964394 -0.022647418 0.005310180 0.999729395 111.478775024
0.998539329 -0.048547201 0.023720436 8.359622955 0.048638802 0.998811007 -0.003299403 -12.604082108 -0.023532061 0.004448317 0.999713123 112.296264648
0.998633027 -0.046345532 0.024170002 8.411314964 0.046434551 0.998916447 -0.003134435 -12.683290482 -0.023998545 0.004252474 0.999702930 113.076469421
0.998759151 -0.043902490 0.023509596 8.456174850 0.043915536 0.999035180 -0.000038950 -12.763739586 -0.023485206 0.001071339 0.999723613 113.832672119
0.998834491 -0.043716159 0.020458838 8.505620003 0.043704987 0.999044001 0.000993025 -12.846937180 -0.020482691 -0.000097714 0.999790192 114.584434509
0.998946011 -0.043725438 0.013962373 8.541119576 0.043713201 0.999043405 0.001180485 -12.922173500 -0.014000634 -0.000568901 0.999901772 115.283348083
0.999111235 -0.042008750 0.003480535 8.567442894 0.042008750 0.999117136 0.000071479 -12.998024940 -0.003480468 0.000074797 0.999993920 115.957893372
0.999164522 -0.039465528 -0.010630967 8.568210602 0.039437283 0.999217987 -0.002853551 -13.066130638 0.010735264 0.002431910 0.999939382 116.601074219
0.998854756 -0.037917309 -0.029179657 8.565699577 0.037782140 0.999272645 -0.005170312 -13.136322021 0.029354479 0.004061921 0.999560833 117.210105896
0.998011291 -0.036279891 -0.051548406 8.530878067 0.035950232 0.999326885 -0.007308442 -13.207551003 0.051778853 0.005440731 0.998643756 117.796363831
0.996222377 -0.034870517 -0.079530023 8.490965843 0.034233280 0.999370039 -0.009362419 -13.272068024 0.079806395 0.006604479 0.996788502 118.370391846
0.993265688 -0.032473229 -0.111215189 8.415660858 0.031426430 0.999443948 -0.011152919 -13.341586113 0.111515500 0.007582716 0.993733823 118.907699585
0.988836527 -0.027808895 -0.146386445 8.303176880 0.026231721 0.999575377 -0.012693811 -13.405474663 0.146677271 0.008712135 0.989145994 119.452514648
0.982489705 -0.021813415 -0.185035348 8.188373566 0.019953554 0.999730051 -0.011907799 -13.469077110 0.185245126 0.008007176 0.982659757 119.978851318
0.973817229 -0.016927771 -0.226701245 8.046165466 0.015060300 0.999836922 -0.009964813 -13.523796082 0.226832986 0.006289717 0.973913372 120.486854553
0.962356150 -0.012064929 -0.271523416 7.880905151 0.010172067 0.999913216 -0.008377655 -13.583007812 0.271600932 0.005300334 0.962395370 120.971313477
0.947834671 -0.006289876 -0.318700224 7.688037872 0.003607841 0.999952972 -0.009005151 -13.637634277 0.318741888 0.007385575 0.947812736 121.451309204
0.930559635 0.001547412 -0.366137266 7.458133698 -0.005377763 0.999940872 -0.009441833 -13.691964149 0.366101086 0.010755188 0.930513024 121.905029297
0.909354091 0.005959187 -0.415980339 7.202396393 -0.011343384 0.999880791 -0.010473281 -13.743784904 0.415868342 0.014242547 0.909313321 122.345878601
0.884192824 0.010861772 -0.466995776 6.922580719 -0.016956283 0.999817193 -0.008849842 -13.803887367 0.466814250 0.015743481 0.884215176 122.774505615
0.855104566 0.014032146 -0.518265545 6.636894226 -0.021551270 0.999731660 -0.008490265 -13.849087715 0.518007398 0.018429343 0.855177522 123.167831421
0.823434412 0.023759060 -0.566913784 6.304439545 -0.032313336 0.999464989 -0.005047615 -13.897479057 0.566490591 0.022475256 0.823761642 123.541618347
0.789127231 0.036653668 -0.613135099 5.960662842 -0.045241214 0.998974979 0.001492362 -13.940948486 0.612561345 0.026561318 0.789976537 123.901580811
0.753526747 0.045595445 -0.655834198 5.605297089 -0.056752674 0.998379409 0.004203645 -13.976343155 0.654963017 0.034052789 0.754893184 124.201080322
0.713248253 0.049654409 -0.699150443 5.241928101 -0.064006858 0.997933865 0.005576822 -14.029676437 0.697982848 0.040772762 0.714952826 124.505462646
0.670689285 0.051223844 -0.739967465 4.864734650 -0.066405579 0.997753203 0.008880440 -14.073911667 0.738759816 0.043181956 0.672583997 124.787147522
0.626340151 0.054601360 -0.777635336 4.461215973 -0.069757693 0.997467875 0.013851038 -14.105222702 0.776422381 0.045570578 0.628563046 125.057830811
0.581174254 0.063711323 -0.811281204 4.030162811 -0.081096202 0.996502340 0.020162486 -14.141423225 0.809728205 0.054073911 0.584308386 125.289764404
0.536128223 0.072382607 -0.841027498 3.573326111 -0.092706442 0.995338976 0.026565954 -14.163411140 0.839030445 0.063725904 0.540339649 125.496223450
0.489213139 0.077531934 -0.868711293 3.125453949 -0.098554350 0.994575500 0.033264562 -14.186488152 0.866578162 0.069341823 0.494200408 125.688217163
0.441524684 0.078976512 -0.893766582 2.663619995 -0.097842380 0.994416296 0.039535727 -14.213068962 0.891898513 0.069992267 0.446786493 125.870788574
0.394206136 0.080769010 -0.915465891 2.183666229 -0.095148571 0.994364321 0.046758354 -14.237128258 0.914083421 0.068672851 0.399669498 126.045288086
0.349239051 0.083464459 -0.933309078 1.693988800 -0.096816950 0.993908405 0.052655388 -14.255958557 0.932018578 0.071970828 0.355192333 126.178199768
0.305655807 0.086953916 -0.948163271 1.194583893 -0.102418572 0.993045926 0.058053724 -14.275716782 0.946617663 0.079365067 0.312435955 126.293014526
0.263934582 0.088239364 -0.960495889 0.673686981 -0.106975228 0.992341161 0.061769225 -14.291002274 0.958590031 0.086446233 0.271352470 126.396209717
0.224460527 0.084650785 -0.970799565 0.148357391 -0.107113577 0.992326617 0.061761938 -14.306807518 0.968578458 0.090122685 0.231805399 126.497306824
0.189256191 0.079643980 -0.978692472 -0.387174606 -0.101780102 0.992927551 0.061120529 -14.328349113 0.976638496 0.088043980 0.196023837 126.588409424
0.158890933 0.074468218 -0.984483719 -0.935241699 -0.098881729 0.993338048 0.059178911 -14.347812653 0.982331932 0.087944463 0.165195912 126.666664124
0.132225662 0.072901875 -0.988535106 -1.502895355 -0.100006044 0.993184090 0.059867978 -14.366879463 0.986161828 0.090943418 0.138615057 126.734703064
0.110260367 0.072029136 -0.991289318 -2.091238976 -0.100475669 0.993068755 0.060982611 -14.378901482 0.988811016 0.092876479 0.116733328 126.791992188
0.092265777 0.073498331 -0.993018210 -2.685846329 -0.102890648 0.992637455 0.063910119 -14.392333031 0.990404189 0.096275575 0.099148765 126.840858459
0.075742267 0.071712799 -0.994545460 -3.292654037 -0.103457332 0.992592454 0.063692927 -14.416057587 0.991745770 0.098068759 0.082600415 126.893547058
0.061565686 0.070630163 -0.995600820 -3.912041664 -0.102327459 0.992683649 0.064095527 -14.444758415 0.992843807 0.097931221 0.068342656 126.944900513
0.049311530 0.068319052 -0.996444106 -4.552032471 -0.098072208 0.993167818 0.063241094 -14.466976166 0.993956864 0.094604962 0.055674836 126.986747742
0.037893929 0.065758795 -0.997115791 -5.202033520 -0.096181527 0.993439555 0.061861131 -14.482577324 0.994642138 0.093559951 0.043970130 127.014114380
0.026871011 0.064576037 -0.997551084 -5.872157097 -0.094972163 0.993562281 0.061759580 -14.500823021 0.995117188 0.093080014 0.032830946 127.054168701
0.017300252 0.066045977 -0.997666657 -6.543368340 -0.098364212 0.993087947 0.064037159 -14.521492004 0.995000064 0.097026840 0.023677234 127.073143005
0.008988675 0.065830305 -0.997790337 -7.221999168 -0.101079017 0.992779553 0.064589143 -14.546707153 0.994837821 0.100275099 0.015577840 127.087409973
0.002124081 0.065286614 -0.997864246 -7.907656670 -0.103015743 0.992571890 0.064721078 -14.567884445 0.994677484 0.102658272 0.008833853 127.108825684
-0.002915556 0.066086054 -0.997809649 -8.604318619 -0.103772223 0.992406726 0.066031441 -14.584166527 0.994596839 0.103737451 0.003964480 127.122810364
-0.006514743 0.068658613 -0.997618914 -9.325161934 -0.106082983 0.991963029 0.068962112 -14.603827477 0.994336069 0.106279664 0.000821128 127.144943237
-0.007037345 0.072619922 -0.997334898 -10.063461304 -0.108313650 0.991436243 0.072954684 -14.627212524 0.994091809 0.108538382 0.000888648 127.141860962
-0.008458065 0.075660847 -0.997097731 -10.771424294 -0.110749692 0.990927994 0.076132134 -14.641538620 0.993812323 0.111072190 -0.000001917 127.158882141
-0.009073988 0.081252046 -0.996652246 -11.509855270 -0.115532152 0.989933431 0.081756145 -14.648409843 0.993262231 0.115887247 0.000404579 127.165893555
-0.010376410 0.085119732 -0.996316671 -12.252484322 -0.118591905 0.989233613 0.085749686 -14.660744667 0.992888808 0.119044878 -0.000170180 127.174423218
-0.011585351 0.085831836 -0.996242285 -13.004557610 -0.118590564 0.989159524 0.086600699 -14.680905342 0.992875636 0.119148217 -0.001280915 127.188476562
-0.013045651 0.082822427 -0.996478915 -13.748497009 -0.116213985 0.989684403 0.083779134 -14.698273659 0.993138373 0.116897747 -0.003285956 127.208236694
-0.014813453 0.079174817 -0.996750593 -14.511120796 -0.119631283 0.989559054 0.080381483 -14.701105118 0.992707849 0.120433293 -0.005187004 127.219909668
-0.015545452 0.080850266 -0.996605039 -15.275137901 -0.125168338 0.988727450 0.082163617 -14.712561607 0.992013693 0.126020670 -0.005250324 127.215240479
-0.017538479 0.084346391 -0.996282160 -16.043209076 -0.122006401 0.988808513 0.085861459 -14.725604057 0.992374301 0.123058677 -0.007051397 127.232734680
-0.019095488 0.084396489 -0.996249318 -16.820102692 -0.121154383 0.988892853 0.086095504 -14.740934372 0.992449939 0.122344024 -0.008658385 127.240447998
-0.020588411 0.083539195 -0.996291697 -17.609945297 -0.124101035 0.988582790 0.085457340 -14.753370285 0.992055893 0.125400275 -0.009986049 127.243957520
-0.021203695 0.083267018 -0.996301591 -18.397079468 -0.128769711 0.987998009 0.085313544 -14.758025169 0.991447747 0.130102426 -0.010226940 127.242332458
-0.022505727 0.087983631 -0.995867670 -19.201175690 -0.130623192 0.987322092 0.090180613 -14.765855789 0.991176546 0.132112995 -0.010727703 127.246704102
-0.022795260 0.092003547 -0.995497704 -20.014123917 -0.129016444 0.987159371 0.094187178 -14.771359444 0.991380453 0.130582571 -0.010632583 127.257713318
-0.021939907 0.094866998 -0.995248079 -20.842809677 -0.130942181 0.986639798 0.096933037 -14.786098480 0.991147220 0.132446662 -0.009224691 127.269973755
-0.020044511 0.093304105 -0.995435834 -21.660972595 -0.130471513 0.986877680 0.095129162 -14.787616730 0.991249442 0.131782860 -0.007607956 127.279495239
-0.018974619 0.093231127 -0.995463669 -22.491672516 -0.130528122 0.986890733 0.094916247 -14.790695190 0.991263092 0.131737009 -0.006556591 127.290138245
-0.018920714 0.092553653 -0.995528042 -23.327249527 -0.129163086 0.987136245 0.094228335 -14.798334122 0.991442859 0.130368352 -0.006722806 127.312225342
-0.018026408 0.094541453 -0.995357692 -24.164854050 -0.130102172 0.986833692 0.096088022 -14.803590775 0.991336703 0.131230339 -0.005489015 127.329681396
-0.017657753 0.096671067 -0.995159745 -25.003803253 -0.131725445 0.986414313 0.098158814 -14.803417206 0.991129041 0.132821143 -0.004683818 127.347633362
-0.017455734 0.099017598 -0.994932592 -25.873622894 -0.134527713 0.985803366 0.100469284 -14.801784515 0.990756035 0.135599747 -0.003887311 127.358634949
-0.015811853 0.100122079 -0.994849503 -26.737354279 -0.136685416 0.985416770 0.101345204 -14.797246933 0.990488350 0.137583867 -0.001896039 127.369789124
-0.014238020 0.103178471 -0.994560957 -27.606636047 -0.143492550 0.984155476 0.104153201 -14.794919968 0.989548981 0.144195005 0.000792914 127.384460449
-0.011816797 0.107059248 -0.994182408 -28.492630005 -0.148143023 0.983092248 0.107625812 -14.788610458 0.988895357 0.148552984 0.004243081 127.398239136
-0.009775843 0.108860947 -0.994008899 -29.367788315 -0.150660843 0.982548296 0.109087534 -14.781311035 0.988537192 0.150824621 0.006795845 127.427688599
-0.005792512 0.109747253 -0.993942618 -30.265697479 -0.149692059 0.982664526 0.109374344 -14.781488419 0.988715708 0.149418846 0.010736194 127.447540283
-0.003100933 0.109573744 -0.993973732 -31.157777786 -0.152255282 0.982338130 0.108766057 -14.772722244 0.988336265 0.151675075 0.013637020 127.474884033
-0.000708956 0.113399290 -0.993549228 -32.059700012 -0.152730554 0.981880724 0.112176485 -14.763365746 0.988267601 0.151824832 0.016623424 127.505546570
0.001765390 0.115395956 -0.993318021 -32.971679688 -0.151893288 0.981824815 0.113790810 -14.756258965 0.988395333 0.150677443 0.019261178 127.543609619
0.003606514 0.116619617 -0.993170083 -33.864555359 -0.152479276 0.981626987 0.114710502 -14.750598907 0.988300085 0.151024133 0.021322323 127.583457947
0.006076972 0.114765018 -0.993374109 -34.767391205 -0.153786942 0.981681943 0.112473428 -14.742369652 0.988085330 0.152084470 0.023615016 127.614959717
0.006272883 0.116026610 -0.993226230 -35.676189423 -0.158087015 0.980870545 0.113584802 -14.732236862 0.987405241 0.156303674 0.024495184 127.656761169
0.007388283 0.116707705 -0.993138850 -36.570251465 -0.158974618 0.980671883 0.114060000 -14.726228714 0.987255037 0.157041147 0.025799040 127.692665100
0.007765495 0.113249257 -0.993536294 -37.466144562 -0.159315154 0.981015563 0.110576868 -14.721712112 0.987197161 0.157426670 0.025660394 127.726272583
0.008584481 0.109206855 -0.993981957 -38.372653961 -0.160701081 0.981249154 0.106420025 -14.722862244 0.986965716 0.158820435 0.025973175 127.769790649
0.009191563 0.108421378 -0.994062543 -39.269611359 -0.160395712 0.981392384 0.105556361 -14.715896606 0.987010062 0.158473134 0.026410857 127.810470581
0.008866212 0.112505950 -0.993611515 -40.168338776 -0.162843168 0.980548561 0.109573781 -14.709113121 0.986612201 0.160831332 0.027014578 127.852630615
0.009110117 0.118682042 -0.992890477 -41.105533600 -0.163364008 0.979768097 0.115614548 -14.694830894 0.986523807 0.161149308 0.028314175 127.891212463
0.009314260 0.117344067 -0.993047655 -42.000381470 -0.161165431 0.980283439 0.114324130 -14.692907333 0.986883461 0.158980086 0.028042421 127.935997009
0.010270900 0.106890678 -0.994217753 -42.890792847 -0.160559267 0.981545687 0.103869602 -14.696079254 0.986972809 0.158564031 0.027243648 127.976745605
0.010543837 0.096504621 -0.995276630 -43.816425323 -0.162268266 0.982304215 0.093527719 -14.699385643 0.986690342 0.160515681 0.026016895 128.018829346
0.009495622 0.093420915 -0.995581388 -44.718189240 -0.158963650 0.983106196 0.090734139 -14.705375671 0.987238765 0.157399684 0.024185738 128.064132690
0.009413835 0.103308015 -0.994604826 -45.638946533 -0.151648417 0.983291805 0.100697592 -14.705537796 0.988389730 0.149882302 0.024923040 128.112716675
0.009415533 0.116609000 -0.993133247 -46.585895538 -0.146679729 0.982595146 0.113981061 -14.701618195 0.989139199 0.144599348 0.026355838 128.170745850
0.009663068 0.125717446 -0.992018998 -47.508277893 -0.146818295 0.981492162 0.122953251 -14.691314697 0.989116251 0.144458458 0.027941845 128.214889526
0.009406089 0.119952187 -0.992735028 -48.422946930 -0.146971345 0.982163191 0.117282219 -14.686320305 0.989095986 0.144800499 0.026867846 128.255737305
0.009526497 0.106522143 -0.994264722 -49.343177795 -0.147026584 0.983652413 0.103976451 -14.684450150 0.989086688 0.145192802 0.025032349 128.295471191
0.010037113 0.097644322 -0.995170832 -50.259094238 -0.147480577 0.984481514 0.095108055 -14.683127403 0.989014030 0.145813733 0.024281994 128.339736938
0.010471180 0.097684577 -0.995162308 -51.191047668 -0.146280542 0.984660029 0.095114484 -14.688302994 0.989187658 0.144576907 0.024599904 128.383865356
0.009713752 0.099259555 -0.995014191 -52.120330811 -0.149254769 0.984058142 0.096709520 -14.704881668 0.988751054 0.147571176 0.024373861 128.426208496
0.010591056 0.098529339 -0.995077789 -53.086185455 -0.154356435 0.983366907 0.095726863 -14.704708099 0.987958431 0.152582809 0.025623536 128.457031250
0.011027476 0.097970404 -0.995128155 -54.017360687 -0.155824676 0.983199060 0.095069207 -14.704380035 0.987723053 0.154017195 0.026108410 128.499923706
0.012063008 0.105291665 -0.994368196 -54.965213776 -0.165215224 0.980982363 0.101869985 -14.699200630 0.986183703 0.163055882 0.029229384 128.531097412
0.013885118 0.114996314 -0.993268907 -55.916561127 -0.170966908 0.979009330 0.110955432 -14.693798065 0.985178888 0.168275461 0.033254225 128.563827515
0.014684060 0.123037800 -0.992293298 -56.874969482 -0.171160564 0.978061736 0.118740313 -14.687568665 0.985133708 0.168097928 0.035421140 128.622177124
0.015585762 0.123935744 -0.992167830 -57.817581177 -0.172566772 0.977731586 0.119421653 -14.678456306 0.984874427 0.169353947 0.036625884 128.667602539
0.016939091 0.114176348 -0.993316174 -58.755226135 -0.174151257 0.978609979 0.109516159 -14.671875000 0.984573185 0.171132132 0.036460716 128.718704224
0.018098585 0.109291881 -0.993844867 -59.696964264 -0.172678456 0.979412735 0.104560196 -14.667757034 0.984811962 0.169723228 0.036598340 128.772537231
0.019761119 0.107842468 -0.993971646 -60.645656586 -0.171364114 0.979819357 0.102900103 -14.674351692 0.985009491 0.168297619 0.037842650 128.835479736
0.023406986 0.113630742 -0.993247211 -61.642848969 -0.172960594 0.978997886 0.107924543 -14.667482376 0.984650493 0.169266492 0.042569030 128.889526367
0.027010359 0.115720600 -0.992914438 -62.603565216 -0.175789356 0.978347838 0.109240890 -14.665536880 0.984057128 0.171593189 0.046767980 128.943649292
0.031356752 0.110632516 -0.993366599 -63.552288055 -0.175211251 0.979074419 0.103510015 -14.664970398 0.984031379 0.170803279 0.050084651 129.001022339
0.033979736 0.105034664 -0.993887901 -64.512031555 -0.175114214 0.979703724 0.097548738 -14.671777725 0.983961582 0.170729205 0.051683135 129.070312500
0.037379611 0.104777776 -0.993792892 -65.474510193 -0.172475427 0.980239749 0.096861511 -14.671522141 0.984304249 0.167784214 0.054712571 129.143859863
0.040073108 0.109242305 -0.993207037 -66.455917358 -0.170268372 0.980213821 0.100943334 -14.684789658 0.984582484 0.165066645 0.057880726 129.224685669
0.043577529 0.115990877 -0.992293775 -67.414428711 -0.169699773 0.979663134 0.107061908 -14.684162140 0.984531879 0.163726538 0.062374923 129.302688599
0.046168588 0.119825557 -0.991720796 -68.380004883 -0.167568401 0.979640841 0.110564992 -14.685830116 0.984778821 0.161076471 0.065307602 129.386123657
0.048506983 0.121820688 -0.991366029 -69.364540100 -0.167013094 0.979550123 0.112196863 -14.686131477 0.984760761 0.160128772 0.067860663 129.465164185
0.050320875 0.119127229 -0.991602957 -70.302764893 -0.165492907 0.980129957 0.109350599 -14.685531616 0.984926343 0.158600628 0.069035679 129.544113159
0.050864693 0.117716514 -0.991743743 -71.249649048 -0.163529128 0.980608225 0.108007669 -14.687222481 0.985226333 0.156685203 0.069128431 129.631851196
0.051203895 0.114240281 -0.992132723 -72.191848755 -0.160381973 0.981482446 0.104736656 -14.694979668 0.985725999 0.153757274 0.068577819 129.721496582
0.051082700 0.113690704 -0.992202103 -73.182884216 -0.158856362 0.981775224 0.104317367 -14.682345390 0.985979259 0.152288809 0.068212226 129.803909302
0.050756589 0.118395381 -0.991668522 -74.136520386 -0.155584961 0.981762707 0.109249398 -14.681928635 0.986517668 0.148743570 0.068251476 129.889465332
0.050057396 0.120279707 -0.991477251 -75.102157593 -0.149691045 0.982411861 0.111622386 -14.686407089 0.987464845 0.142827749 0.067181773 129.988067627
0.049782734 0.115302920 -0.992082179 -76.061706543 -0.146972924 0.983345687 0.106912434 -14.668371201 0.987886965 0.140486807 0.065900035 130.063827515
0.048536208 0.111567706 -0.992570758 -77.013725281 -0.148872674 0.983449876 0.103262700 -14.666625023 0.987664521 0.142754674 0.064342320 130.135940552
0.047375876 0.108848013 -0.992928863 -77.962829590 -0.145359203 0.984214604 0.100957163 -14.668313026 0.988243997 0.139548376 0.062450085 130.217697144
0.045815043 0.109475553 -0.992933095 -78.926895142 -0.145481408 0.984110653 0.101790175 -14.668470383 0.988299668 0.139789775 0.061013728 130.290206909
0.044916138 0.110707380 -0.992837489 -79.884361267 -0.146741048 0.983791471 0.103060089 -14.668591499 0.988154590 0.141060948 0.060433429 130.369369507
0.043636408 0.110926986 -0.992870092 -80.839393616 -0.148325130 0.983521998 0.103363730 -14.669410706 0.987975478 0.142757177 0.059370626 130.441284180
0.042446032 0.111928530 -0.992809296 -81.791099548 -0.148169190 0.983421683 0.104535446 -14.670033455 0.988050699 0.142666638 0.058326721 130.506576538
0.040391706 0.112158157 -0.992869139 -82.753364563 -0.148316815 0.983344793 0.105048455 -14.671291351 0.988114595 0.143016085 0.056353919 130.577667236
0.038435839 0.114192061 -0.992714822 -83.700584412 -0.148369670 0.983089268 0.107340269 -14.659576416 0.988184869 0.143163055 0.054728482 130.654251099
0.036904398 0.117633112 -0.992371202 -84.654319763 -0.149565339 0.982512593 0.110902458 -14.649064064 0.988062918 0.144331515 0.053852875 130.713272095
0.034920122 0.122677661 -0.991832018 -85.603919983 -0.150775298 0.981724620 0.116119035 -14.638589859 0.987951159 0.145488873 0.052778702 130.776168823
0.032659408 0.122635402 -0.991914272 -86.561584473 -0.150653541 0.981708467 0.116413221 -14.633152008 0.988047004 0.145633414 0.050537471 130.840454102
0.031657573 0.117439307 -0.992575347 -87.506484985 -0.150805235 0.982265651 0.111409642 -14.627192497 0.988056421 0.146158576 0.048806604 130.900543213
0.029232912 0.112819657 -0.993185341 -88.454154968 -0.154998720 0.982103169 0.106998637 -14.615739822 0.987482071 0.150814578 0.046196640 130.959564209
0.028015453 0.110635146 -0.993466079 -89.396881104 -0.152851224 0.982642472 0.105119430 -14.611983299 0.987852097 0.148907512 0.044439889 131.024353027
0.027514758 0.111868456 -0.993342042 -90.362045288 -0.148434490 0.983159065 0.106610134 -14.613162994 0.988539338 0.144512936 0.043656513 131.076919556
0.027012499 0.113233760 -0.993201137 -91.310897827 -0.145319164 0.983453929 0.108170189 -14.609926224 0.989016056 0.141409218 0.043020587 131.137390137
0.025824994 0.113033220 -0.993255556 -92.262695312 -0.140005231 0.984203339 0.108362846 -14.610209465 0.989813924 0.136262506 0.041242279 131.203552246
0.024497505 0.110180281 -0.993609726 -93.205619812 -0.136111647 0.985020220 0.105871953 -14.612266541 0.990390539 0.132648215 0.039127357 131.266815186
0.024083484 0.107032940 -0.993963778 -94.148902893 -0.130984113 0.986019015 0.103003711 -14.614612579 0.991091967 0.127712786 0.037766386 131.326354980
0.021892985 0.109505862 -0.993745029 -95.134826660 -0.129388079 0.985934198 0.105794623 -14.617353439 0.991352320 0.126262635 0.035753794 131.387207031
0.020466702 0.111831628 -0.993516386 -96.081214905 -0.128768593 0.985742867 0.108303957 -14.614242554 0.991463482 0.125717074 0.034575302 131.444656372
0.019261880 0.109729633 -0.993774891 -97.040023804 -0.124699213 0.986461759 0.106505163 -14.609752655 0.992007613 0.121871442 0.032684304 131.491043091
0.017276596 0.106787652 -0.994131804 -97.989303589 -0.121814795 0.987098098 0.103915147 -14.610577583 0.992402494 0.119304642 0.030062009 131.539428711
0.013364947 0.104249433 -0.994461358 -98.955070496 -0.120524921 0.987466872 0.101896405 -14.605433464 0.992620349 0.118495524 0.025762098 131.597259521
0.010795281 0.103632383 -0.994557023 -99.909843445 -0.115048409 0.988138556 0.101714812 -14.616051674 0.993301272 0.113324165 0.022589976 131.643798828
0.008542459 0.103589565 -0.994583368 -100.868301392 -0.108251981 0.988870263 0.102064729 -14.608255386 0.994086802 0.106793754 0.019661158 131.686141968
0.006114198 0.111121871 -0.993788004 -101.835258484 -0.098127939 0.989076734 0.109991349 -14.602454185 0.995155036 0.096845858 0.016951572 131.746063232
0.003585968 0.119167291 -0.992867708 -102.792800903 -0.090104319 0.988873839 0.118362501 -14.596648216 0.995925903 0.089037210 0.014283560 131.799301147
0.000496320 0.118669629 -0.992933691 -103.747001648 -0.085866943 0.989271581 0.118189029 -14.589002609 0.996306539 0.085201517 0.010680795 131.845840454
-0.002095316 0.108773366 -0.994064331 -104.697074890 -0.086922772 0.990284324 0.108542934 -14.589829445 0.996212840 0.086634286 0.007379923 131.877227783
-0.004292459 0.099392250 -0.995039105 -105.643806458 -0.088714302 0.991086900 0.099380195 -14.587230682 0.996047854 0.088700779 0.004563316 131.914215088
-0.004479935 0.100662313 -0.994910538 -106.605308533 -0.095917501 0.990289867 0.100626715 -14.585222244 0.995379210 0.095880151 0.005218845 131.929351807
-0.005371463 0.110170111 -0.993898153 -107.568351746 -0.099348545 0.988936424 0.110157028 -14.574823380 0.995038152 0.099334054 0.005633203 131.964859009
-0.006885934 0.121449865 -0.992573738 -108.531646729 -0.103272989 0.987203240 0.121509187 -14.561294556 0.994629204 0.103342749 0.005744675 131.992431641
-0.008360739 0.123318389 -0.992331922 -109.473632812 -0.110390551 0.986187220 0.123484872 -14.551163673 0.993853211 0.110576473 0.005367930 132.022384644
-0.008221586 0.120194025 -0.992716372 -110.460121155 -0.117470630 0.985759914 0.120324649 -14.530591011 0.993042290 0.117604285 0.006014757 132.041198730
-0.008344410 0.116245933 -0.993185341 -111.415412903 -0.125576511 0.985235214 0.116370477 -14.516756058 0.992048919 0.125691801 0.006376556 132.062637329
-0.005942425 0.118133195 -0.992979944 -112.382095337 -0.130267382 0.984444320 0.117897294 -14.495531082 0.991461098 0.130053475 0.009538913 132.082809448
-0.004725960 0.119268119 -0.992850780 -113.360755920 -0.138288215 0.983244359 0.118772388 -14.477192879 0.990380883 0.137860864 0.011846600 132.108276367
-0.004202991 0.122006081 -0.992520452 -114.324844360 -0.147559434 0.981588304 0.121287122 -14.459633827 0.989044309 0.146965504 0.013877545 132.127319336
-0.003840481 0.124107987 -0.992261291 -115.300209045 -0.153138369 0.980491400 0.123228580 -14.437067032 0.988197327 0.152426541 0.015240140 132.151596069
-0.003984185 0.123737969 -0.992306888 -116.269134521 -0.156579673 0.979997516 0.122831702 -14.429325104 0.987657309 0.155864477 0.015470364 132.193893433
-0.002623424 0.114127576 -0.993462622 -117.223289490 -0.155432209 0.981345415 0.113146007 -14.430067062 0.987843156 0.154712915 0.015164616 132.226837158
-0.001174395 0.102561794 -0.994725883 -118.174301147 -0.158513024 0.982130945 0.101450354 -14.420158386 0.987356186 0.157796144 0.015103974 132.261886597
