1.000000000 0.000000000 0.000000000 0.000000000 0.000000000 1.000000000 0.000000000 0.000000000 0.000000000 0.000000000 1.000000000 0.000000000
0.999997795 -0.001610648 -0.001368410 0.049687564 0.001607729 0.999996424 -0.002131329 -0.132652581 0.001371838 0.002129124 0.999996781 1.297650814
0.999997795 -0.000022654 -0.002102216 0.102744684 0.000009081 0.999979138 -0.006456331 -0.265302390 0.002102318 0.006456297 0.999976933 2.601929188
0.999996126 0.002449937 -0.001288299 0.147056818 -0.002460137 0.999965191 -0.007976389 -0.404016137 0.001268712 0.007979527 0.999967337 3.907190800
0.999983728 0.005697761 0.000256033 0.191830501 -0.005695910 0.999961197 -0.006723152 -0.542501986 -0.000294330 0.006721584 0.999977350 5.222185135
0.999975741 0.006498504 0.002506665 0.240048423 -0.006490276 0.999973595 -0.003276972 -0.687193155 -0.002527895 0.003260623 0.999991477 6.532860756
0.999960780 0.006743404 0.005740908 0.297350913 -0.006732576 0.999975562 -0.001903340 -0.825366378 -0.005753602 0.001864614 0.999981701 7.835681915
0.999942303 0.005241610 0.009373887 0.348098487 -0.005223472 0.999984443 -0.001958386 -0.958062232 -0.009384007 0.001909309 0.999954164 9.139098167
0.999911487 0.003916268 0.012712259 0.426512659 -0.003893289 0.999990761 -0.001831916 -1.095220089 -0.012719315 0.001782261 0.999917567 10.438211441
0.999867857 0.002788520 0.016016422 0.490926683 -0.002747731 0.999992907 -0.002568146 -1.234694958 -0.016023472 0.002523798 0.999868393 11.748356819
0.999810815 0.001556261 0.019386664 0.566315055 -0.001491638 0.999993265 -0.003347395 -1.370858550 -0.019391743 0.003317844 0.999806464 13.041871071
0.999742389 0.001521306 0.022643331 0.638776898 -0.001446643 0.999993443 -0.003313359 -1.519900799 -0.022648223 0.003279749 0.999738097 14.369544983
0.999662280 0.001448383 0.025947416 0.723863363 -0.001334865 0.999989390 -0.004391685 -1.657911301 -0.025953503 0.004355566 0.999653578 15.666790962
0.999571502 0.002293098 0.029185476 0.805677533 -0.002169774 0.999988556 -0.004256505 -1.796585321 -0.029194906 0.004191354 0.999564946 16.965673447
0.999470472 0.001914532 0.032483656 0.895257235 -0.001790457 0.999991059 -0.003848280 -1.936291933 -0.032490730 0.003788081 0.999464810 18.252309799
0.999403238 0.000438941 0.034539122 0.996819973 -0.000310408 0.999993026 -0.003726649 -2.076513052 -0.034540523 0.003713704 0.999396384 19.549356461
0.999340355 -0.002129147 0.036253072 1.092844009 0.002314500 0.999984503 -0.005071539 -2.217381954 -0.036241718 0.005152101 0.999329805 20.826646805
0.999301434 -0.001753891 0.037330095 1.193082809 0.002000890 0.999976456 -0.006580296 -2.361423492 -0.037317675 0.006650393 0.999281287 22.131729126
0.999252439 -0.001729206 0.038622275 1.277476311 0.002092100 0.999953985 -0.009357552 -2.504399300 -0.038604319 0.009431357 0.999210060 23.419794083
0.999220133 -0.001255857 0.039466310 1.380550861 0.001679467 0.999941289 -0.010702119 -2.648010492 -0.039450563 0.010760054 0.999163568 24.702346802
0.999174178 -0.000663488 0.040626738 1.481497049 0.001127652 0.999934375 -0.011403221 -2.793650866 -0.040616505 0.011439615 0.999109328 25.970916748
0.999155462 -0.002179031 0.041031465 1.580750227 0.002605967 0.999943137 -0.010354470 -2.939705849 -0.041006565 0.010452652 0.999104202 27.259841919
0.999151170 -0.005130608 0.040872935 1.685773134 0.005507182 0.999943435 -0.009105997 -3.088014841 -0.040823903 0.009323363 0.999122858 28.537555695
0.999176621 -0.006635034 0.040028065 1.782130837 0.007024956 0.999929190 -0.009608417 -3.233533621 -0.039961487 0.009881700 0.999152362 29.829654694
0.999186516 -0.008325479 0.039459541 1.882339478 0.008817476 0.999885380 -0.012310833 -3.376662016 -0.039352529 0.012648750 0.999145329 31.093050003
0.999225557 -0.008329887 0.038452879 1.993182778 0.008811348 0.999884605 -0.012368351 -3.526129007 -0.038345415 0.012697595 0.999183893 32.381401062
0.999248505 -0.008910073 0.037722934 2.095359802 0.009400718 0.999873161 -0.012849167 -3.669812202 -0.037603673 0.013194134 0.999205649 33.650264740
0.999255776 -0.009457340 0.037396401 2.185077190 0.009940560 0.999869168 -0.012756836 -3.814623833 -0.037270866 0.013119079 0.999219060 34.908775330
0.999263942 -0.009901199 0.037060160 2.273136377 0.010400024 0.999857545 -0.013291407 -3.958702326 -0.036923282 0.013667049 0.999224722 36.165821075
0.999304175 -0.010677664 0.035737507 2.391284704 0.011164160 0.999847353 -0.013441273 -4.116362095 -0.035588522 0.013830899 0.999270797 37.452659607
0.999302030 -0.010438411 0.035865631 2.482944012 0.010858677 0.999874473 -0.011543026 -4.262423992 -0.035740640 0.011924426 0.999289870 38.710689545
0.999264598 -0.010312728 0.036931753 2.581325054 0.010711099 0.999886334 -0.010605150 -4.402687550 -0.036818188 0.010992929 0.999261498 39.981685638
0.999190450 -0.012097610 0.038368560 2.696571827 0.012448624 0.999882638 -0.008922812 -4.545272827 -0.038256116 0.009393224 0.999223828 41.232555389
0.999069512 -0.013253602 0.041038658 2.785390377 0.013684679 0.999853909 -0.010241173 -4.689217567 -0.040896937 0.010793248 0.999105096 42.495704651
0.998948455 -0.014584498 0.043465070 2.879909515 0.015190570 0.999791503 -0.013646325 -4.835437775 -0.043256991 0.014292235 0.998961747 43.747138977
0.998849750 -0.015521522 0.045367505 2.994638205 0.016194364 0.999763727 -0.014501161 -4.983432770 -0.045131702 0.015219183 0.998865068 45.012859344
0.998722732 -0.015738225 0.048010916 3.118886948 0.016399857 0.999775529 -0.013418197 -5.115802288 -0.047788952 0.014188432 0.998756647 46.245342255
0.998512268 -0.016789712 0.051878646 3.220663548 0.017315075 0.999803066 -0.009693919 -5.276512146 -0.051705670 0.010577779 0.998606324 47.514038086
0.998240232 -0.019698648 0.055933159 3.336645603 0.020159410 0.999767184 -0.007685414 -5.415050507 -0.055768743 0.008799466 0.998404980 48.741962433
0.997997463 -0.021667272 0.059426077 3.465819597 0.022187477 0.999720931 -0.008107876 -5.556083679 -0.059233818 0.009410155 0.998199701 49.998260498
0.997730374 -0.025082059 0.062488884 3.613312244 0.025880245 0.999593019 -0.011996567 -5.691109657 -0.062162556 0.013586567 0.997973502 51.229942322
0.997420669 -0.026292624 0.066788308 3.738711119 0.027157998 0.999558151 -0.012082092 -5.826673508 -0.066441141 0.013864768 0.997694016 52.465408325
0.997071147 -0.028807601 0.070846938 3.870956898 0.029547695 0.999519050 -0.009420490 -5.967937946 -0.070541486 0.011486264 0.997442722 53.684650421
0.996784747 -0.031314719 0.073753625 4.022976875 0.031864781 0.999472380 -0.006293065 -6.101033688 -0.073517643 0.008622973 0.997256756 54.898113251
0.996568739 -0.033925157 0.075496882 4.180124760 0.034379948 0.999397576 -0.004732159 -6.231055260 -0.075290859 0.007311500 0.997134805 56.115020752
0.996343791 -0.037007608 0.077002063 4.326119900 0.037241131 0.999305010 -0.001598519 -6.354591846 -0.076889388 0.004460318 0.997029662 57.325454712
0.996172130 -0.039942432 0.077753335 4.475211620 0.040038209 0.999198139 0.000327367 -6.487384319 -0.077704057 0.002786990 0.996972620 58.529235840
0.996128917 -0.042045098 0.077197075 4.625774384 0.042419456 0.999094725 -0.003215295 -6.610904217 -0.076991983 0.006477505 0.997010648 59.733833313
0.996154249 -0.043269746 0.076187216 4.778367043 0.043968175 0.999004722 -0.007513167 -6.739429951 -0.075786285 0.010834086 0.997065187 60.921813965
0.996141493 -0.044505637 0.075639650 4.902679443 0.045498248 0.998898804 -0.011449924 -6.869297981 -0.075046785 0.014847220 0.997069478 62.123790741
0.996196330 -0.045876265 0.074081890 5.047358513 0.047037959 0.998794734 -0.014012614 -7.000599861 -0.073349759 0.017443977 0.997153699 63.312763214
0.996325850 -0.046327759 0.072031349 5.184004784 0.047465414 0.998772502 -0.014162416 -7.135703087 -0.071286820 0.017529376 0.997301817 64.497863770
0.996550202 -0.045881525 0.069156289 5.319348335 0.046922710 0.998807192 -0.013506205 -7.271664619 -0.068454131 0.016704613 0.997514367 65.672149658
0.996798158 -0.045067191 0.066047966 5.439818382 0.045923039 0.998878837 -0.011496743 -7.414337158 -0.065455794 0.014493057 0.997750223 66.879425049
0.997191966 -0.041241020 0.062510356 5.560685635 0.041803237 0.999096096 -0.007712418 -7.545763969 -0.062135790 0.010303896 0.998014569 68.054367065
0.997448444 -0.039611399 0.059391834 5.679573059 0.040007155 0.999184310 -0.005488882 -7.673014164 -0.059125971 0.007850976 0.998219669 69.242622375
0.997674406 -0.038784519 0.056048945 5.795422554 0.039312728 0.999192059 -0.008351980 -7.808578491 -0.055679727 0.010535995 0.998393059 70.407150269
0.997840583 -0.039015014 0.052838925 5.904523849 0.039879590 0.999085665 -0.015407836 -7.939896584 -0.052189484 0.017481759 0.998484194 71.577033997
0.997901499 -0.042393517 0.048941329 6.015749454 0.043330818 0.998893976 -0.018251644 -8.088940620 -0.048113447 0.020334015 0.998634875 72.764572144
0.997927070 -0.045725185 0.045284208 6.119209290 0.046375431 0.998834014 -0.013413798 -8.224432945 -0.044618051 0.015486067 0.998884141 73.931900024
0.997930706 -0.049738966 0.040746409 6.227841377 0.050139513 0.998702884 -0.008867408 -8.349249840 -0.040252507 0.010892065 0.999130130 75.101898193
0.998000264 -0.051761393 0.036279522 6.325150490 0.052019794 0.998626769 -0.006214453 -8.467593193 -0.035908025 0.008089279 0.999322414 76.270935059
0.998197377 -0.050841950 0.031889301 6.417082310 0.050986387 0.998692393 -0.003732200 -8.599287987 -0.031657841 0.005351393 0.999484420 77.435211182
0.998317540 -0.050681431 0.028171569 6.504821777 0.050797153 0.998703241 -0.003406922 -8.721489906 -0.027962370 0.004832225 0.999597251 78.588203430
0.998513222 -0.048626129 0.024634924 6.587864876 0.048758429 0.998799086 -0.004797984 -8.854715347 -0.024372028 0.005992010 0.999684930 79.756675720
0.998636305 -0.047352809 0.021981930 6.655822754 0.047580775 0.998817682 -0.009965722 -8.981354713 -0.021484040 0.010998049 0.999708712 80.906547546
0.998554587 -0.050462555 0.018501390 6.735257149 0.050747208 0.998595119 -0.015253384 -9.109353065 -0.017705671 0.016170228 0.999712467 82.055046082
0.998403549 -0.054560635 0.014612090 6.809704304 0.054792177 0.998370409 -0.015943902 -9.241927147 -0.013718369 0.016719079 0.999766052 83.209121704
0.998441517 -0.054719590 0.010964550 6.874359131 0.054860439 0.998409510 -0.012985234 -9.371961594 -0.010236566 0.013566518 0.999855578 84.370155334
0.998431027 -0.055315483 0.008705685 6.932551384 0.055403676 0.998411477 -0.010238089 -9.501669884 -0.008125531 0.010704353 0.999909699 85.500907898
0.998598933 -0.052292384 0.008099651 6.982512951 0.052386254 0.998556554 -0.011847049 -9.630755424 -0.007468449 0.012254762 0.999897003 86.643493652
0.998760521 -0.049252667 0.007185844 7.040040493 0.049357120 0.998666048 -0.015165390 -9.761275291 -0.006429321 0.015501267 0.999859095 87.774368286
0.998830736 -0.047967408 0.006033147 7.093669415 0.048066929 0.998688996 -0.017602796 -9.893617630 -0.005180879 0.017872207 0.999826849 88.892677307
0.998768687 -0.049321778 0.005340572 7.151267052 0.049411040 0.998614073 -0.018121459 -10.027258873 -0.004439389 0.018363029 0.999821484 90.004898071
0.998764396 -0.049474299 0.004686133 7.190845013 0.049542215 0.998648584 -0.015697915 -10.165313721 -0.003903156 0.015910681 0.999865770 91.144454956
0.998672783 -0.051366244 0.003758323 7.249586582 0.051410038 0.998597205 -0.012673458 -10.293085098 -0.003102063 0.012849852 0.999912620 92.254188538
0.998693109 -0.050983649 0.003565770 7.301791191 0.051024146 0.998620629 -0.012375789 -10.417491913 -0.002929889 0.012541557 0.999916971 93.390853882
0.998701394 -0.050803535 0.003801050 7.343780994 0.050853636 0.998600662 -0.014510776 -10.548201561 -0.003058532 0.014685228 0.999887466 94.536529541
0.998698473 -0.050903719 0.003198486 7.404283524 0.050953329 0.998538017 -0.018043472 -10.677342415 -0.002275331 0.018182961 0.999831975 95.636154175
0.998655260 -0.051782414 0.002538274 7.462984562 0.051821984 0.998468280 -0.019383203 -10.806266785 -0.001530678 0.019488674 0.999808848 96.740875244
0.998656571 -0.051722884 0.003167770 7.513629436 0.051772557 0.998489738 -0.018379543 -10.936666489 -0.002212343 0.018518852 0.999826193 97.819107056
0.998664618 -0.051538456 0.003564479 7.567131042 0.051579662 0.998588860 -0.012637439 -11.060279846 -0.002908135 0.012804419 0.999913812 98.907035828
0.998760700 -0.049543548 0.004742318 7.619333744 0.049587566 0.998723030 -0.009663811 -11.180050850 -0.004257483 0.009886994 0.999942064 99.976921082
0.998832524 -0.047810134 0.006904243 7.672703743 0.047876403 0.998805404 -0.009775114 -11.293300629 -0.006428647 0.010094253 0.999928415 101.024650574
0.998901427 -0.046045620 0.008693559 7.728730202 0.046142019 0.998871684 -0.011233602 -11.421903610 -0.008166494 0.011622400 0.999899030 102.073883057
0.998865962 -0.046234351 0.011362457 7.782689571 0.046390783 0.998826504 -0.013913850 -11.538248062 -0.010705825 0.014425185 0.999838591 103.088516235
0.998774290 -0.047785733 0.012896853 7.848255157 0.047972478 0.998742223 -0.014581363 -11.655083656 -0.012183851 0.015182185 0.999810457 104.103996277
0.998668075 -0.049474061 0.014643557 7.915514469 0.049672715 0.998673916 -0.013528022 -11.785978317 -0.013954854 0.014237392 0.999801219 105.105117798
0.998650372 -0.049362138 0.016149122 7.980460167 0.049560405 0.998697698 -0.012116152 -11.900246620 -0.015530013 0.012900159 0.999796212 106.062759399
0.998569727 -0.050396472 0.017860023 8.039129257 0.050591927 0.998662472 -0.010665631 -12.009608269 -0.017298622 0.011553948 0.999783635 107.018409729
0.998497963 -0.051170565 0.019579520 8.101628304 0.051392876 0.998617709 -0.011024226 -12.116518974 -0.018988337 0.012013917 0.999747574 107.936462402
0.998477221 -0.050799813 0.021508927 8.159994125 0.051005520 0.998656690 -0.009125782 -12.219515800 -0.021016443 0.010208960 0.999727130 108.838691711
0.998471677 -0.050037816 0.023463659 8.219826698 0.050217189 0.998712957 -0.007118636 -12.316418648 -0.023077257 0.008286035 0.999699414 109.708587646
0.998448431 -0.049969207 0.024572486 8.282416344 0.050074916 0.998738527 -0.003705439 -12.421357155 -0.024356332 0.004930155 0.999691188 110.563308716
0.998401225 -0.050108124 0.026155926 8.346392632 0.050220147 0.998731494 -0.003643236 -12.512411118 -0.025940195 0.004950964 0.999651253 111.389762878
0.998416007 -0.048953716 0.027730301 8.393986702 0.049054883 0.998791635 -0.002979425 -12.602078438 -0.027550932 0.004335010 0.999611139 112.202323914
0.998511493 -0.046708044 0.028162440 8.449289322 0.046802465 0.998900533 -0.002702530 -12.682209969 -0.028005244 0.004016579 0.999599814 112.984939575
0.998649299 -0.043955792 0.027703691 8.494791031 0.043964606 0.999032974 0.000291199 -12.759770393 -0.027689705 0.000927176 0.999616206 113.740783691
0.998725414 -0.044218969 0.024332369 8.550391197 0.044195678 0.999021769 0.001494257 -12.847634315 -0.024374636 -0.000416967 0.999702752 114.487541199
0.998858154 -0.044232469 0.018051872 8.586544037 0.044211239 0.999020934 0.001573773 -12.921520233 -0.018103814 -0.000773880 0.999835789 115.186744690
0.999067128 -0.042503409 0.007644016 8.613970757 0.042501565 0.999096394 0.000404352 -12.996844292 -0.007654294 -0.000079092 0.999970675 115.857894897
0.999193788 -0.039675172 -0.006128902 8.614161491 0.039660171 0.999210000 -0.002549656 -13.065237999 0.006225217 0.002304527 0.999977946 116.499298096
0.998942137 -0.038393766 -0.025307778 8.620037079 0.038282637 0.999255121 -0.004860953 -13.134440422 0.025475558 0.003886963 0.999667883 117.110725403
0.998187065 -0.036720522 -0.047688287 8.588918686 0.036423564 0.999311328 -0.007081512 -13.204589844 0.047915485 0.005331696 0.998837054 117.698646545
0.996540070 -0.035093501 -0.075342625 8.548405647 0.034507986 0.999363363 -0.009059513 -13.270440102 0.075612575 0.006428245 0.997116566 118.267776489
0.993617475 -0.033376388 -0.107751176 8.479667664 0.032414798 0.999417603 -0.010663776 -13.340959549 0.108044326 0.007102981 0.994120717 118.823310852
0.989298999 -0.028302982 -0.143130422 8.377304077 0.026832217 0.999565542 -0.012195796 -13.407579422 0.143413395 0.008224782 0.989628732 119.362556458
0.983096480 -0.022625208 -0.181685567 8.269248962 0.020847239 0.999714315 -0.011689985 -13.463809967 0.181898147 0.007704743 0.983287156 119.868179321
0.974586725 -0.017330553 -0.223338932 8.131723404 0.015562172 0.999832094 -0.009675681 -13.520695686 0.223469093 0.005954152 0.974692822 120.371238708
0.963369966 -0.012732255 -0.267873794 7.956293106 0.010998923 0.999907672 -0.007970365 -13.579282761 0.267950535 0.004732087 0.963421047 120.866615295
0.949170113 -0.006446745 -0.314697385 7.770221710 0.003980957 0.999956131 -0.008477528 -13.635674477 0.314738244 0.006793818 0.949154139 121.331207275
0.931753218 0.001462318 -0.363089353 7.545059204 -0.005201713 0.999943018 -0.009321343 -13.691184044 0.363055050 0.010573878 0.931707680 121.804489136
0.910876155 0.005987532 -0.412636340 7.281166077 -0.011064685 0.999889553 -0.009915959 -13.749197960 0.412531376 0.013597903 0.910841882 122.243835449
0.885890841 0.010329873 -0.463778794 7.013748169 -0.016159808 0.999832451 -0.008598246 -13.801928520 0.463612258 0.015111684 0.885909259 122.657699585
0.856850088 0.013604803 -0.515386224 6.732002258 -0.020967452 0.999744296 -0.008468672 -13.845178604 0.515139222 0.018062718 0.856916249 123.059387207
0.825350404 0.023114948 -0.564147413 6.407562256 -0.031456284 0.999492288 -0.005068258 -13.896715164 0.563743889 0.021929072 0.825658441 123.426910400
0.791588426 0.036669143 -0.609953344 6.057907104 -0.044718236 0.998997569 0.002023017 -13.942557335 0.609416127 0.025674641 0.792434752 123.787178040
0.755753577 0.045391656 -0.653281093 5.700668335 -0.056019597 0.998419166 0.004566032 -13.982796669 0.652455628 0.033145737 0.757101715 124.098937988
0.715912402 0.049342997 -0.696444392 5.336318970 -0.063173138 0.997985899 0.005768138 -14.028690338 0.695326269 0.039867088 0.717587650 124.396957397
0.673410356 0.050837763 -0.737518787 4.958873749 -0.065532498 0.997810423 0.008943737 -14.075862885 0.736358523 0.042308647 0.675267339 124.683433533
0.629845321 0.054519024 -0.774804890 4.544097900 -0.068909675 0.997522235 0.014173251 -14.110203743 0.773657739 0.044464596 0.632041693 124.951766968
0.584974945 0.063274726 -0.808579266 4.119964600 -0.080242552 0.996576011 0.019933963 -14.142795563 0.807072163 0.053221602 0.588049471 125.181808472
0.539380908 0.072513096 -0.838933885 3.681869507 -0.091894433 0.995403886 0.026955310 -14.168789864 0.837032676 0.062554151 0.543565392 125.387504578
0.492602229 0.077449165 -0.866801322 3.228305817 -0.097394526 0.994681060 0.033526078 -14.193459511 0.864787459 0.067906678 0.497525275 125.584938049
0.445642173 0.078969821 -0.891721189 2.764019012 -0.096915022 0.994502962 0.039638303 -14.216779709 0.889949679 0.068756677 0.450845897 125.764038086
0.398412764 0.080312259 -0.913683355 2.283962250 -0.093329690 0.994538367 0.046722852 -14.242971420 0.912445545 0.066658802 0.403732240 125.945396423
0.352586716 0.082992084 -0.932091773 1.796726227 -0.095102437 0.994080126 0.052536611 -14.262199402 0.930934072 0.070120476 0.358392209 126.089797974
0.309048206 0.086310118 -0.947121978 1.295085907 -0.100925155 0.993226349 0.057579447 -14.277934074 0.945676148 0.077793598 0.315665692 126.204383850
0.267548084 0.087776266 -0.959538162 0.765966415 -0.105602935 0.992514253 0.061347574 -14.294598579 0.957740068 0.084916621 0.274814725 126.312477112
0.227907568 0.084414341 -0.970016599 0.234529495 -0.104990773 0.992556810 0.061708063 -14.313175201 0.968005657 0.087779067 0.235073939 126.414772034
0.193056971 0.079321869 -0.977976024 -0.298397064 -0.100012533 0.993126333 0.060807761 -14.332141876 0.976077139 0.086070493 0.199663147 126.508323669
0.162339360 0.074296780 -0.983933866 -0.847764969 -0.097348534 0.993502498 0.058957778 -14.354100227 0.981921196 0.086213350 0.168517262 126.590019226
0.136049300 0.072747014 -0.988027453 -1.416139603 -0.098380022 0.993363023 0.059593141 -14.373264313 0.985805273 0.089094579 0.142303169 126.656707764
0.113851711 0.071863465 -0.990895271 -2.000023842 -0.099175423 0.993220687 0.060637083 -14.386578560 0.988535345 0.091368824 0.120206967 126.721191406
0.095097192 0.073329948 -0.992763400 -2.591082573 -0.101175770 0.992830813 0.063643262 -14.401575089 0.990312994 0.094391301 0.101834655 126.785270691
0.079192966 0.071562290 -0.994287372 -3.199253082 -0.102057599 0.992760956 0.063323744 -14.423760414 0.991621315 0.096459784 0.085923180 126.832450867
0.065105855 0.070442997 -0.995388925 -3.818989754 -0.100492612 0.992896974 0.063693680 -14.451656342 0.992805362 0.095882386 0.071722418 126.884223938
0.053257074 0.068073779 -0.996257842 -4.457571983 -0.096480586 0.993356884 0.062717974 -14.473508835 0.993909001 0.092779376 0.059471082 126.923797607
0.041134782 0.065091468 -0.997031152 -5.116315365 -0.093605697 0.993737996 0.061014570 -14.486909866 0.994759142 0.090817973 0.046970144 126.962509155
0.029859455 0.064203128 -0.997490048 -5.784373283 -0.092962779 0.993788064 0.061182052 -14.506443977 0.995221674 0.090902589 0.035642471 127.009117126
0.020199537 0.065717965 -0.997633815 -6.454440117 -0.096376881 0.993318558 0.063482307 -14.527718544 0.995139897 0.094866514 0.026398260 127.030059814
0.012053959 0.065506428 -0.997779250 -7.130867958 -0.099310577 0.992996693 0.063992694 -14.552470207 0.994983435 0.098318689 0.018475018 127.044326782
0.005157926 0.064852841 -0.997881472 -7.829393864 -0.101302512 0.992794991 0.063998632 -14.574658394 0.994842231 0.100757807 0.011690517 127.070770264
-0.000013979 0.065843545 -0.997829974 -8.525733948 -0.102007963 0.992624819 0.065501504 -14.592775345 0.994783521 0.101787522 0.006702690 127.087852478
-0.003558001 0.068276882 -0.997660100 -9.248344421 -0.104446352 0.992184281 0.068274625 -14.611431122 0.994524121 0.104444891 0.003601081 127.111351013
-0.004227921 0.072355993 -0.997369945 -9.982407570 -0.106686249 0.991653800 0.072393551 -14.636931419 0.994283676 0.106711745 0.003526756 127.112960815
-0.005455468 0.075286083 -0.997147024 -10.696002007 -0.108864948 0.991190374 0.075431950 -14.647996902 0.994041502 0.108965889 0.002788608 127.129928589
-0.005944979 0.080741845 -0.996717274 -11.434638023 -0.113612518 0.990226448 0.080893688 -14.654346466 0.993507326 0.113720477 0.003286408 127.138298035
-0.007062985 0.084638931 -0.996386588 -12.176801682 -0.116558634 0.989549756 0.084884413 -14.667599678 0.993158698 0.116737001 0.002876224 127.147834778
-0.008617268 0.085072249 -0.996337473 -12.927732468 -0.116864502 0.989461064 0.085495852 -14.684391022 0.993110418 0.117173240 0.001415477 127.168907166
-0.010238650 0.082104795 -0.996571124 -13.671005249 -0.114483774 0.989973724 0.082737461 -14.703054428 0.993372321 0.114938334 -0.000736328 127.192497253
-0.011986274 0.078726657 -0.996824265 -14.430840492 -0.117822520 0.989839911 0.079591818 -14.708726883 0.992962360 0.118402340 -0.002588718 127.207168579
-0.013550889 0.080602296 -0.996654272 -15.184860229 -0.123106740 0.989028096 0.081659362 -14.722241402 0.992300987 0.123801418 -0.003479524 127.218040466
-0.014317754 0.083128147 -0.996435940 -15.987442017 -0.120172895 0.989171684 0.084248871 -14.731246948 0.992649734 0.120950855 -0.004172966 127.221984863
-0.016634647 0.083282717 -0.996387064 -16.761156082 -0.119060926 0.989269674 0.084675536 -14.747848511 0.992747545 0.120039329 -0.006540436 127.240188599
-0.016993914 0.082654595 -0.996433318 -17.554584503 -0.122635387 0.988880396 0.084119581 -14.757144928 0.992306292 0.123627514 -0.006668570 127.233345032
-0.018707594 0.081951842 -0.996460676 -18.343021393 -0.126301154 0.988457501 0.083664820 -14.767965317 0.991815448 0.127419353 -0.008141049 127.257431030
-0.019810012 0.086298704 -0.996072412 -19.140321732 -0.128171042 0.987828195 0.088133544 -14.773643494 0.991554201 0.129413530 -0.008507892 127.265777588
-0.020664433 0.091314957 -0.995607615 -19.943559647 -0.127572507 0.987439334 0.093213633 -14.787752151 0.991613865 0.128938392 -0.008755594 127.282287598
-0.019822132 0.093533620 -0.995418787 -20.773603439 -0.128256679 0.987150490 0.095310703 -14.795919418 0.991542816 0.129558355 -0.007571114 127.297264099
-0.017886898 0.092449985 -0.995556653 -21.591524124 -0.127643198 0.987357497 0.093981907 -14.803137779 0.991658747 0.128757089 -0.005860152 127.308235168
-0.016754210 0.092520557 -0.995569825 -22.423683167 -0.127596036 0.987370789 0.093905888 -14.807399750 0.991684735 0.128604084 -0.004737362 127.320571899
-0.016421368 0.091517456 -0.995668054 -23.245368958 -0.126344606 0.987630308 0.092862442 -14.813259125 0.991850495 0.127322212 -0.004655505 127.344192505
-0.015400140 0.093400821 -0.995509446 -24.083391190 -0.127271324 0.987345994 0.094603747 -14.818426132 0.991748393 0.128156722 -0.003318021 127.362144470
-0.015165297 0.095680706 -0.995296538 -24.919675827 -0.128850892 0.986924291 0.096839167 -14.821532249 0.991548061 0.129713431 -0.002638455 127.382438660
-0.014741180 0.098170169 -0.995060444 -25.782752991 -0.131976083 0.986270845 0.099258147 -14.822893143 0.991143286 0.132787392 -0.001582682 127.394668579
-0.013261346 0.099219300 -0.994977176 -26.645460129 -0.134160832 0.985890865 0.100101337 -14.819152832 0.990870833 0.134814456 0.000237108 127.409179688
-0.011357277 0.102300353 -0.994688690 -27.516887665 -0.141031384 0.984645367 0.102877684 -14.817833900 0.989939988 0.141450733 0.003244672 127.422195435
-0.009482227 0.106192738 -0.994300365 -28.397203445 -0.145347476 0.983638465 0.106440134 -14.814169884 0.989335239 0.145528331 0.006107761 127.445075989
-0.007443273 0.107768826 -0.994148135 -29.271860123 -0.147698104 0.983152866 0.107682750 -14.806584358 0.989004493 0.147635296 0.008599374 127.476776123
-0.003544659 0.108588286 -0.994080365 -30.170749664 -0.146418735 0.983316660 0.107934594 -14.806256294 0.989216328 0.145934597 0.012413838 127.500381470
-0.000736534 0.108574532 -0.994087934 -31.065238953 -0.149148449 0.982957363 0.107469335 -14.799619675 0.988814473 0.148345843 0.015469745 127.528060913
0.001649781 0.112427853 -0.993658423 -31.964958191 -0.149640292 0.982499361 0.110916823 -14.792997360 0.988739133 0.148508325 0.018444652 127.561325073
0.003871002 0.114660673 -0.993397176 -32.878429413 -0.148602739 0.982440531 0.112816945 -14.790452003 0.988889396 0.147184834 0.020841921 127.604736328
0.005436422 0.116107747 -0.993221760 -33.770931244 -0.149373978 0.982186973 0.114000179 -14.787221909 0.988765836 0.147741735 0.022683056 127.648078918
0.008026870 0.114325576 -0.993410945 -34.675125122 -0.150691226 0.982236147 0.111821964 -14.780279160 0.988548338 0.148800731 0.025112147 127.678947449
0.008202046 0.115644559 -0.993256748 -35.587829590 -0.155184552 0.981403351 0.112983011 -14.772531509 0.987851441 0.153211430 0.025995765 127.720199585
0.008987702 0.116139926 -0.993192196 -36.481761932 -0.155437931 0.981321454 0.113345213 -14.765455246 0.987804770 0.153361067 0.026872378 127.761062622
0.009311709 0.112768374 -0.993577659 -37.376483917 -0.156194419 0.981588244 0.109943785 -14.764719963 0.987682462 0.154167563 0.026754055 127.798385620
0.010042705 0.108642556 -0.994030118 -38.288162231 -0.157038987 0.981916249 0.105732009 -14.764026642 0.987541318 0.155039683 0.026922215 127.844535828
0.010604098 0.107740417 -0.994122446 -39.186321259 -0.156653002 0.982081592 0.104764469 -14.756261826 0.987596750 0.154621363 0.027291952 127.885589600
0.010489881 0.111931935 -0.993660510 -40.092308044 -0.158922136 0.981271446 0.108858645 -14.751491547 0.987235367 0.156772763 0.028081883 127.926841736
0.010876744 0.118380897 -0.992908597 -41.011112213 -0.160017788 0.980376661 0.115133867 -14.743104935 0.987054169 0.157630771 0.029606359 127.965438843
0.011122410 0.117189042 -0.993047237 -41.905742645 -0.157895684 0.980855286 0.113981783 -14.742599487 0.987393200 0.155530155 0.029413121 128.010482788
0.011840623 0.106738716 -0.994216502 -42.794937134 -0.157182574 0.982123852 0.103568472 -14.746855736 0.987498522 0.155047208 0.028406421 128.056625366
0.012071818 0.096347064 -0.995274603 -43.718788147 -0.158592999 0.982932627 0.093228728 -14.753355980 0.987270236 0.156718150 0.027145755 128.098190308
0.010983917 0.093284599 -0.995578885 -44.620025635 -0.155406564 0.983700395 0.090457030 -14.760123253 0.987789512 0.153725877 0.025301913 128.145370483
0.010959262 0.103365950 -0.994583070 -45.542270660 -0.148262233 0.983816683 0.100613333 -14.761793137 0.988887310 0.146356463 0.026107170 128.194183350
0.010927276 0.116543062 -0.993125498 -46.486392975 -0.143159255 0.983135819 0.113795578 -14.758035660 0.989639342 0.140931666 0.027427208 128.255569458
0.011182372 0.125519127 -0.992028177 -47.407623291 -0.143404648 0.982036173 0.122638360 -14.747493744 0.989600956 0.140890092 0.028981525 128.301925659
0.011264986 0.119531073 -0.992766619 -48.323181152 -0.143966898 0.982679307 0.116682947 -14.741758347 0.989518404 0.141611069 0.028278388 128.341201782
0.011087923 0.106446579 -0.994256616 -49.248233795 -0.143744871 0.984159887 0.103762574 -14.742366791 0.989552677 0.141768798 0.026213441 128.385040283
0.011725321 0.097587071 -0.995157957 -50.162246704 -0.144251481 0.984981000 0.094889462 -14.740528107 0.989471555 0.142440379 0.025626291 128.428344727
0.012261038 0.097475983 -0.995162427 -51.090499878 -0.143504977 0.985106051 0.094722897 -14.746195793 0.989573598 0.141649336 0.026066706 128.473754883
0.011627483 0.099055804 -0.995013952 -52.040824890 -0.146380350 0.984529734 0.096301518 -14.760446548 0.989160061 0.144530743 0.025947427 128.515930176
0.012330762 0.098494440 -0.995061219 -52.969989777 -0.150953159 0.983915150 0.095520563 -14.760327339 0.988463998 0.149029806 0.027000472 128.548828125
0.012879943 0.097881943 -0.995114625 -53.908344269 -0.152547196 0.983740032 0.094788663 -14.761011124 0.988212228 0.150581092 0.027602136 128.591064453
0.013453225 0.105663031 -0.994310915 -54.869861603 -0.161766067 0.981531382 0.102116242 -14.764682770 0.986737370 0.159471989 0.030297454 128.631591797
0.014879072 0.115075022 -0.993245304 -55.809337616 -0.167041197 0.979681611 0.111001231 -14.755825996 0.985837638 0.164261296 0.033799019 128.671432495
0.016156673 0.123573713 -0.992203832 -56.767372131 -0.167479470 0.978648067 0.119158238 -14.749458313 0.985743225 0.164248556 0.036507752 128.713958740
0.017154751 0.124032632 -0.992129803 -57.721622467 -0.169263154 0.978314221 0.119378760 -14.737106323 0.985421598 0.165883094 0.037776891 128.763351440
0.018871330 0.114360295 -0.993260086 -58.661434174 -0.171094239 0.979152501 0.109485328 -14.733228683 0.985073924 0.167874932 0.038044307 128.806365967
0.019937804 0.109480068 -0.993789017 -59.599716187 -0.169473603 0.979972661 0.104557954 -14.727100372 0.985332966 0.166336358 0.038092487 128.863922119
0.021994676 0.108015791 -0.993905842 -60.568393707 -0.168011308 0.980407119 0.102830753 -14.726210594 0.985539675 0.164725706 0.039711609 128.918563843
0.025117029 0.113710098 -0.993196428 -61.528892517 -0.169500709 0.979609072 0.107867986 -14.722521782 0.985209942 0.165638208 0.043878820 128.982543945
0.028699597 0.115911491 -0.992844820 -62.500633240 -0.172179893 0.978981137 0.109315842 -14.721580505 0.984647453 0.167810559 0.048053987 129.039505005
0.032418493 0.110918477 -0.993300557 -63.454532623 -0.171201035 0.979751050 0.103817940 -14.721765518 0.984702706 0.166688472 0.050751414 129.102722168
0.035641890 0.104991347 -0.993834138 -64.408462524 -0.170971915 0.980445385 0.097445332 -14.724773407 0.984631002 0.166444615 0.052895498 129.171951294
0.039588984 0.104551725 -0.993731141 -65.372871399 -0.168860584 0.980907023 0.096475296 -14.720146179 0.984844565 0.163982689 0.056487780 129.233779907
0.041548755 0.109291419 -0.993140996 -66.328826904 -0.165863782 0.980961680 0.101012096 -14.736781120 0.985273123 0.160529152 0.058885217 129.325912476
0.044986341 0.115955457 -0.992235124 -67.285644531 -0.165255800 0.980420232 0.107082292 -14.735441208 0.985224247 0.159155369 0.063267834 129.405822754
0.047553577 0.119520776 -0.991692185 -68.254150391 -0.163206100 0.980403125 0.110334098 -14.733653069 0.985445261 0.156603426 0.066128179 129.491333008
0.049393468 0.121474162 -0.991364956 -69.233207703 -0.162842453 0.980274379 0.112001814 -14.735779762 0.985414982 0.155904114 0.068200305 129.573791504
0.051639456 0.118855342 -0.991567850 -70.168594360 -0.161329418 0.980844021 0.109168112 -14.734374046 0.985548675 0.154331669 0.069825105 129.650039673
0.052231576 0.117577761 -0.991689265 -71.113426208 -0.159357473 0.981300890 0.107952856 -14.736590385 0.985838354 0.152394548 0.069991790 129.738845825
0.052951947 0.114098914 -0.992057204 -72.058021545 -0.156396523 0.982138872 0.104610391 -14.744346619 0.986273944 0.149614990 0.069850832 129.827377319
0.052596807 0.113217227 -0.992177129 -73.062141418 -0.154926509 0.982447863 0.103894129 -14.729540825 0.986524820 0.148250088 0.069213964 129.911804199
0.052428652 0.117750555 -0.991658211 -74.015701294 -0.151594922 0.982453942 0.108642831 -14.727737427 0.987051249 0.144634381 0.069359124 129.997375488
0.051900260 0.119587168 -0.991466165 -74.976768494 -0.145593494 0.983102798 0.110957026 -14.731785774 0.987982273 0.138592303 0.068434410 130.095443726
0.051251572 0.115027562 -0.992039382 -75.935035706 -0.142742261 0.983989596 0.106719740 -14.717995644 0.988432050 0.136136368 0.066850312 130.176773071
0.049706131 0.111405596 -0.992531180 -76.896118164 -0.145229131 0.984003663 0.103175357 -14.720811844 0.988148689 0.139015973 0.065090358 130.255157471
0.048418250 0.108696319 -0.992895186 -77.845275879 -0.141695082 0.984754980 0.100895487 -14.722679138 0.988725483 0.135803178 0.063081861 130.338989258
0.047023665 0.109044388 -0.992924035 -78.809654236 -0.141823858 0.984682441 0.101422682 -14.719343185 0.988774478 0.136051029 0.061768468 130.411178589
0.046354588 0.110562317 -0.992787600 -79.772476196 -0.143431425 0.984294116 0.102919430 -14.722987175 0.988574088 0.137626141 0.061484661 130.486022949
0.044889793 0.110644296 -0.992845714 -80.726211548 -0.144875154 0.984062135 0.103115156 -14.722580910 0.988431096 0.139209852 0.060203955 130.560806274
0.043574441 0.111694708 -0.992786765 -81.677925110 -0.144801170 0.983943582 0.104344316 -14.724409103 0.988500834 0.139209941 0.059048317 130.628402710
0.041416712 0.111605771 -0.992889047 -82.640838623 -0.144634485 0.983944416 0.104567155 -14.722505569 0.988617957 0.139275163 0.056893788 130.702117920
0.039739363 0.114003547 -0.992685199 -83.593429565 -0.144437566 0.983691216 0.107188486 -14.713960648 0.988715589 0.139121428 0.055557661 130.774749756
0.038073435 0.117684454 -0.992320836 -84.547088623 -0.145751089 0.983074903 0.110995762 -14.705201149 0.988588393 0.140405849 0.054581679 130.835693359
0.036059003 0.122659832 -0.991793513 -85.496253967 -0.146996900 0.982294858 0.116140693 -14.694624901 0.988479435 0.141602665 0.053451195 130.900222778
0.033935707 0.122391671 -0.991901517 -86.447616577 -0.146905795 0.982303679 0.116181344 -14.689649582 0.988568187 0.141773403 0.051315229 130.965332031
0.032796703 0.117189772 -0.992567837 -87.392425537 -0.146982163 0.982870042 0.111188151 -14.684074402 0.988595247 0.142243117 0.049459696 131.027542114
0.030261626 0.112370022 -0.993205667 -88.340568542 -0.150835931 0.982794762 0.106596418 -14.669909477 0.988095462 0.146585330 0.046690408 131.090332031
0.029201142 0.110278763 -0.993471563 -89.284622192 -0.148818031 0.983298123 0.104775243 -14.666435242 0.988433421 0.144786954 0.045124900 131.154296875
0.028487757 0.111526780 -0.993353009 -90.248153687 -0.144675314 0.983752728 0.106299870 -14.668297768 0.989068985 0.140685424 0.044160079 131.210174561
0.027789025 0.112933062 -0.993213892 -91.197212219 -0.141673729 0.984012783 0.107922964 -14.665957451 0.989523232 0.137713253 0.043344405 131.272079468
0.026915966 0.112927377 -0.993238628 -92.145622253 -0.136007234 0.984772921 0.108279191 -14.670003891 0.990342140 0.132173181 0.041865047 131.337005615
0.025521439 0.110033728 -0.993600130 -93.087341309 -0.131957203 0.985597551 0.105758078 -14.671800613 0.990926802 0.128413588 0.039673604 131.401855469
0.024866583 0.106928162 -0.993955672 -94.033111572 -0.126668304 0.986586630 0.102966435 -14.673882484 0.991633356 0.123342283 0.038077451 131.465316772
0.023028459 0.109357156 -0.993735731 -95.011917114 -0.125242352 0.986484110 0.105656832 -14.673742294 0.991858840 0.122024730 0.036413360 131.520965576
0.021766193 0.111769214 -0.993495703 -95.960304260 -0.124651037 0.986280441 0.108226538 -14.671553612 0.991961896 0.121484593 0.035399713 131.576889038
0.020345554 0.109623000 -0.993765056 -96.918998718 -0.120382458 0.987007797 0.106412999 -14.667333603 0.992519081 0.117466845 0.033277906 131.628219604
0.018537510 0.106703699 -0.994117975 -97.868400574 -0.117501356 0.987631321 0.103816375 -14.666415215 0.992899716 0.114885718 0.030846048 131.675109863
0.014559719 0.103899412 -0.994481146 -98.829406738 -0.116301648 0.988011897 0.101520792 -14.661360741 0.993107200 0.114181690 0.026468851 131.731613159
0.011954544 0.103231743 -0.994585395 -99.783790588 -0.110823587 0.988665521 0.101285227 -14.671921730 0.993768096 0.109012708 0.023259556 131.779647827
0.009693131 0.103290200 -0.994604051 -100.742218018 -0.104091391 0.989351273 0.101730257 -14.665645599 0.994520485 0.102543637 0.020341540 131.822937012
0.007388668 0.111057132 -0.993786573 -101.707107544 -0.093924440 0.989497125 0.109879464 -14.662992477 0.995551884 0.092528991 0.017742045 131.880706787
0.004931255 0.119100846 -0.992869914 -102.664840698 -0.085867926 0.989265144 0.118241943 -14.657192230 0.996294260 0.084672607 0.015105259 131.934814453
0.001836122 0.118493482 -0.992953122 -103.618492126 -0.081654131 0.989656806 0.117949113 -14.648575783 0.996658981 0.080862157 0.011492611 131.982116699
-0.000750221 0.108780913 -0.994065464 -104.568122864 -0.082513355 0.990669191 0.108471550 -14.650045395 0.996589661 0.082105055 0.008232657 132.012725830
-0.002809861 0.099317662 -0.995051861 -105.515472412 -0.084395446 0.991482079 0.099199697 -14.646209717 0.996428311 0.084256575 0.005596032 132.048950195
-0.003016457 0.101095252 -0.994872212 -106.477195740 -0.091936633 0.990635216 0.100943469 -14.649752617 0.995760202 0.091769695 0.006306149 132.065612793
-0.004102053 0.110576943 -0.993859231 -107.438308716 -0.095440842 0.989287198 0.110462211 -14.638619423 0.995426655 0.095307872 0.006495451 132.103408813
-0.005584364 0.121936612 -0.992522240 -108.401412964 -0.099386536 0.987555742 0.121885657 -14.625285149 0.995033205 0.099323973 0.006603987 132.131988525
-0.007190739 0.123713404 -0.992291987 -109.344802856 -0.106367528 0.986593187 0.123773709 -14.613655090 0.994300842 0.106437668 0.006064756 132.163482666
-0.007019521 0.120285518 -0.992714465 -110.326042175 -0.113470346 0.986231089 0.120302305 -14.590548515 0.993516564 0.113488130 0.006725971 132.181198120
-0.007230991 0.116586708 -0.993154287 -111.280715942 -0.121816397 0.985680580 0.116596289 -14.578514099 0.992526293 0.121825576 0.007074724 132.204116821
-0.004738637 0.118592560 -0.992931724 -112.243362427 -0.126350686 0.984913886 0.118237928 -14.558423042 0.991974235 0.126017883 0.010317104 132.225921631
-0.003564107 0.119668968 -0.992807329 -113.230125427 -0.134363860 0.983753562 0.119059987 -14.537997246 0.990925610 0.133821785 0.012572980 132.250061035
-0.003119059 0.122340791 -0.992483318 -114.193199158 -0.143542975 0.982155085 0.121518783 -14.519865990 0.989639223 0.142842993 0.014497761 132.271286011
-0.002840210 0.124463670 -0.992220044 -115.168655396 -0.149140090 0.981074274 0.123492464 -14.497001648 0.988812089 0.148330510 0.015776064 132.297592163
-0.002627068 0.124244079 -0.992248237 -116.144050598 -0.153170511 0.980492711 0.123177662 -14.487116814 0.988196254 0.152306750 0.016454704 132.338729858
-0.001055796 0.114709117 -0.993398607 -117.098953247 -0.152077273 0.981826127 0.113534451 -14.487504959 0.988368034 0.151193261 0.016408041 132.370925903
0.000312892 0.103259593 -0.994654298 -118.047920227 -0.155363455 0.982581735 0.101957403 -14.477055550 0.987857342 0.154501036 0.016350212 132.407760620
