1.000000000 0.000000000 0.000000000 0.000000000 0.000000000 1.000000000 0.000000000 0.000000000 0.000000000 0.000000000 1.000000000 0.000000000
0.999997795 -0.001584919 -0.001363206 0.049840592 0.001582030 0.999996483 -0.002117199 -0.132495791 0.001366556 0.002115038 0.999996841 1.297215223
0.999997616 -0.000059670 -0.002179287 0.104102582 0.000046089 0.999980569 -0.006231298 -0.269829005 0.002179617 0.006231183 0.999978125 2.603833914
0.999996364 0.002350772 -0.001338849 0.146892935 -0.002361256 0.999966145 -0.007884157 -0.406602621 0.001320270 0.007887289 0.999968052 3.908145905
0.999983907 0.005671358 0.000247449 0.190744936 -0.005669601 0.999962151 -0.006599953 -0.545553565 -0.000284870 0.006598444 0.999978244 5.220156670
0.999975264 0.006591581 0.002453922 0.241241872 -0.006583557 0.999972939 -0.003263141 -0.690069675 -0.002475365 0.003246905 0.999991655 6.536350727
0.999960780 0.006782622 0.005694325 0.298463553 -0.006771940 0.999975324 -0.001892881 -0.827267468 -0.005707023 0.001854245 0.999981999 7.839671612
0.999942958 0.005264530 0.009294773 0.351226866 -0.005247500 0.999984443 -0.001855605 -0.961071491 -0.009304401 0.001806725 0.999955058 9.142040253
0.999912679 0.003890493 0.012627739 0.429648340 -0.003868881 0.999991000 -0.001735505 -1.098215222 -0.012634377 0.001686498 0.999918699 10.442393303
0.999869108 0.002628372 0.015960354 0.495259106 -0.002587928 0.999993384 -0.002554147 -1.234789848 -0.015966959 0.002512509 0.999869287 11.749388695
0.999811709 0.001643949 0.019333281 0.571065485 -0.001580509 0.999993265 -0.003296226 -1.373487115 -0.019338569 0.003265048 0.999807656 13.043467522
0.999745965 0.001360950 0.022495596 0.645286798 -0.001284505 0.999993265 -0.003412334 -1.516939282 -0.022500088 0.003382572 0.999741077 14.361183167
0.999664366 0.001327073 0.025872042 0.730097771 -0.001213572 0.999989569 -0.004402208 -1.655588627 -0.025877617 0.004369333 0.999655604 15.655221939
0.999575138 0.002365018 0.029050611 0.812374949 -0.002240618 0.999988198 -0.004313973 -1.793455839 -0.029060470 0.004247049 0.999568641 16.956008911
0.999478817 0.001869828 0.032229304 0.902992547 -0.001745829 0.999990940 -0.003875086 -1.933165789 -0.032236259 0.003816799 0.999473035 18.241634369
0.999413848 0.000312064 0.034232367 1.006278396 -0.000187096 0.999993324 -0.003653714 -2.076832056 -0.034233276 0.003645168 0.999407351 19.543003082
0.999351203 -0.002039828 0.035958875 1.100658178 0.002214479 0.999985933 -0.004817802 -2.217966318 -0.035948537 0.004894306 0.999341607 20.816717148
0.999314725 -0.001862817 0.036966968 1.203108430 0.002109136 0.999975741 -0.006625333 -2.361348629 -0.036953725 0.006698761 0.999294519 22.127182007
0.999272466 -0.001894670 0.038089402 1.289548874 0.002246989 0.999955058 -0.009209124 -2.503419876 -0.038070235 0.009288011 0.999231935 23.409378052
0.999234736 -0.001314941 0.039092883 1.391615152 0.001735389 0.999940991 -0.010723119 -2.647865534 -0.039076474 0.010782751 0.999178171 24.697048187
0.999189556 -0.000700219 0.040245611 1.489925861 0.001158435 0.999934793 -0.011363288 -2.794045687 -0.040235031 0.011400702 0.999125183 25.967632294
0.999172390 -0.002275269 0.040611509 1.592541099 0.002694746 0.999943495 -0.010277265 -2.941197395 -0.040585831 0.010378198 0.999122143 27.261302948
0.999166369 -0.005248968 0.040484924 1.695957065 0.005622321 0.999942660 -0.009113659 -3.087930441 -0.040434763 0.009333681 0.999138594 28.538940430
0.999185801 -0.006695149 0.039785262 1.792850733 0.007080322 0.999929309 -0.009548268 -3.234337330 -0.039718531 0.009822188 0.999162614 29.832509995
0.999201477 -0.008389787 0.039065465 1.897211552 0.008870951 0.999886692 -0.012159831 -3.378558159 -0.038959019 0.012496667 0.999162614 31.099422455
0.999235690 -0.008515568 0.038151629 2.005539894 0.008984729 0.999886036 -0.012142775 -3.531516790 -0.038043872 0.012476276 0.999198198 32.387516022
0.999247849 -0.009147238 0.037683971 2.101941824 0.009622742 0.999876082 -0.012456218 -3.675248384 -0.037565365 0.012809471 0.999212086 33.652523041
0.999267101 -0.009799907 0.037003648 2.200555325 0.010274508 0.999867022 -0.012657526 -3.817149401 -0.036874682 0.013028442 0.999234915 34.923652649
0.999273896 -0.010115571 0.036733858 2.289250851 0.010604164 0.999857605 -0.013130544 -3.961627722 -0.036595799 0.013510541 0.999238789 36.181854248
0.999320030 -0.010696274 0.035286047 2.404671192 0.011169550 0.999849856 -0.013242724 -4.121217728 -0.035139106 0.013627849 0.999289453 37.466606140
0.999323785 -0.010423400 0.035262641 2.499700546 0.010829588 0.999876916 -0.011347583 -4.267001152 -0.035140030 0.011721789 0.999313593 38.725872040
0.999282300 -0.010423777 0.036418218 2.596002102 0.010810513 0.999886990 -0.010438532 -4.405876160 -0.036305301 0.010824739 0.999282062 39.994178772
0.999209166 -0.012154918 0.037860252 2.713480473 0.012493198 0.999883950 -0.008711177 -4.549573898 -0.037749980 0.009177284 0.999244988 41.245761871
0.999093652 -0.013226808 0.040458538 2.801825047 0.013637010 0.999858201 -0.009879744 -4.693643570 -0.040322118 0.010422523 0.999132395 42.503150940
0.998966575 -0.014554273 0.043055933 2.894129753 0.015134141 0.999798656 -0.013172594 -4.840156555 -0.042855557 0.013810597 0.998985827 43.756294250
0.998872042 -0.015663426 0.044825181 3.003812790 0.016313765 0.999766350 -0.014179452 -4.985404491 -0.044592619 0.014894727 0.998894215 45.012111664
0.998744667 -0.015831018 0.047523949 3.126599789 0.016466828 0.999779701 -0.013017116 -5.118924618 -0.047307409 0.013783344 0.998785257 46.245132446
0.998544693 -0.016971933 0.051189989 3.235010147 0.017483149 0.999801517 -0.009555337 -5.274679661 -0.051017649 0.010436392 0.998643339 47.511497498
0.998278081 -0.020160357 0.055084754 3.351964235 0.020621415 0.999756873 -0.007814366 -5.410260677 -0.054913819 0.008936838 0.998451054 48.737930298
0.998049736 -0.021943189 0.058438741 3.489166737 0.022453414 0.999715149 -0.008088564 -5.550535202 -0.058244608 0.009384940 0.998258233 49.995510101
0.997775972 -0.025143353 0.061732162 3.629863501 0.025932174 0.999591589 -0.012010220 -5.683255672 -0.061404977 0.013584360 0.998020470 51.226657867
0.997492850 -0.026683306 0.065543801 3.764909029 0.027524762 0.999549389 -0.011968602 -5.819302559 -0.065194912 0.013742672 0.997777939 52.455150604
0.997134328 -0.029188031 0.069794580 3.891908646 0.029932391 0.999505341 -0.009642869 -5.957295895 -0.069478601 0.011704353 0.997514844 53.674541473
0.996846139 -0.031978961 0.072629102 4.045480251 0.032520831 0.999451280 -0.006290289 -6.093209743 -0.072388083 0.008632409 0.997339189 54.891143799
0.996604621 -0.034383122 0.074813448 4.193905830 0.034832969 0.999382019 -0.004715976 -6.222758770 -0.074605078 0.007305939 0.997186303 56.109390259
0.996407688 -0.037793659 0.075784571 4.346330166 0.038014766 0.999276102 -0.001476634 -6.351892471 -0.075673893 0.004352263 0.997123122 57.320343018
0.996247947 -0.040724158 0.076365396 4.497169018 0.040830325 0.999166131 0.000171157 -6.482077599 -0.076308697 0.002947510 0.997079849 58.526859283
0.996203423 -0.042638209 0.075898580 4.645493984 0.043005664 0.999069631 -0.003212961 -6.604587078 -0.075690977 0.006464832 0.997110367 59.726520538
0.996220887 -0.043800574 0.075002864 4.795305729 0.044489522 0.998981357 -0.007538842 -6.732095242 -0.074596256 0.010847194 0.997154772 60.913055420
0.996238589 -0.045003120 0.074049897 4.926077366 0.045985706 0.998874485 -0.011617385 -6.860696793 -0.073443733 0.014978924 0.997186780 62.123100281
0.996289968 -0.046499044 0.072416022 5.070621967 0.047639363 0.998765111 -0.014099126 -6.993178368 -0.071670987 0.017496672 0.997274756 63.312530518
0.996411800 -0.047212277 0.070245616 5.202192783 0.048321046 0.998731375 -0.014168520 -7.129477501 -0.069487572 0.017512022 0.997429013 64.491165161
0.996633351 -0.046644703 0.067424715 5.340007782 0.047672056 0.998768926 -0.013708387 -7.266394615 -0.066702254 0.016876506 0.997630298 65.717445374
0.996852994 -0.045818083 0.064689361 5.457609177 0.046666633 0.998842359 -0.011666966 -7.398958206 -0.064079903 0.014649083 0.997837305 66.895393372
0.997246206 -0.042100865 0.061055355 5.574713707 0.042670477 0.999056756 -0.008055139 -7.531408310 -0.060658634 0.010638217 0.998101890 68.079292297
0.997529924 -0.040133942 0.057647910 5.692869663 0.040533669 0.999161541 -0.005780952 -7.658714771 -0.057367563 0.008103356 0.998320222 69.256706238
0.997721910 -0.038995694 0.055048529 5.795697212 0.039547492 0.999177516 -0.008969896 -7.793347836 -0.054653462 0.011126493 0.998443425 70.429481506
0.997933507 -0.039110444 0.050980832 5.913846016 0.039972577 0.999072611 -0.016002096 -7.926946163 -0.050307699 0.018006867 0.998571396 71.606933594
0.997943163 -0.043046504 0.047503609 6.021881104 0.043987822 0.998852313 -0.018951114 -8.063335419 -0.046633311 0.021001715 0.998691261 72.777137756
0.997952938 -0.046561211 0.043840278 6.115191936 0.047225367 0.998782694 -0.014237094 -8.200632095 -0.043124020 0.016278321 0.998937070 73.937240601
0.997951150 -0.050419338 0.039387044 6.223331928 0.050799306 0.998670876 -0.008705650 -8.342115402 -0.038895756 0.010688649 0.999186099 75.109031677
0.998008549 -0.052638743 0.034754481 6.320964813 0.052877940 0.998582959 -0.005998930 -8.461362839 -0.034389455 0.007824730 0.999377847 76.281379700
0.998184919 -0.051714670 0.030860025 6.405864716 0.051842462 0.998649597 -0.003354798 -8.591775894 -0.030644860 0.004948569 0.999518096 77.444183350
0.998356760 -0.050461084 0.027155116 6.491614819 0.050580297 0.998713076 -0.003720729 -8.710273743 -0.026932418 0.005088130 0.999624312 78.607063293
0.998495758 -0.049309306 0.023974540 6.572366714 0.049439553 0.998765230 -0.004870231 -8.840686798 -0.023704790 0.006048196 0.999700725 79.750282288
0.998663008 -0.047206655 0.021067157 6.642268181 0.047429468 0.998822510 -0.010204472 -8.965951920 -0.020560637 0.011190033 0.999725938 80.901008606
0.998564601 -0.050305862 0.018386342 6.701632500 0.050581235 0.998609781 -0.014831882 -9.116538048 -0.017614651 0.015740596 0.999720931 82.058753967
0.998426735 -0.054107524 0.014708119 6.774075508 0.054337386 0.998399019 -0.015705412 -9.243978500 -0.013834793 0.016479906 0.999768436 83.184005737
0.998466909 -0.054232299 0.011082537 6.844796658 0.054369733 0.998442531 -0.012500421 -9.372427940 -0.010387350 0.013083811 0.999860466 84.350257874
0.998456836 -0.054925028 0.008180609 6.901433945 0.055010282 0.998429596 -0.010590976 -9.496667862 -0.007586053 0.011024650 0.999910474 85.476631165
0.998571336 -0.052842811 0.007927402 6.949908733 0.052937165 0.998523235 -0.012206287 -9.622282028 -0.007270681 0.012608504 0.999894083 86.603454590
0.998754263 -0.049287789 0.007781760 7.001164436 0.049401902 0.998662949 -0.015225314 -9.752276421 -0.007020933 0.015590783 0.999853790 87.713973999
0.998836696 -0.047848914 0.005976176 7.063294411 0.047948364 0.998691499 -0.017784527 -9.888319016 -0.005117385 0.018050388 0.999823928 88.838432312
0.998764932 -0.049439810 0.004928735 7.117344379 0.049522310 0.998604894 -0.018323921 -10.020178795 -0.004015929 0.018545372 0.999819934 89.951011658
0.998742282 -0.049989197 0.003851714 7.172966957 0.050045542 0.998614371 -0.016270399 -10.148794174 -0.003033034 0.016442699 0.999860227 91.053176880
0.998687327 -0.051114462 0.003314751 7.220701218 0.051154148 0.998602748 -0.013261313 -10.277754784 -0.002632274 0.013413470 0.999906600 92.205947876
0.998734474 -0.050223351 0.002681139 7.274231911 0.050252900 0.998659432 -0.012410749 -10.405349731 -0.002054236 0.012529776 0.999919355 93.315971375
0.998685956 -0.051151868 0.003149850 7.315716267 0.051192529 0.998582542 -0.014572734 -10.536667824 -0.002399963 0.014714833 0.999888837 94.432777405
0.998679161 -0.051328160 0.002315396 7.375826359 0.051361676 0.998516977 -0.018058684 -10.672525406 -0.001385043 0.018153759 0.999834239 95.524436951
0.998648226 -0.051937249 0.002065634 7.429717541 0.051967431 0.998463392 -0.019241195 -10.800956726 -0.001063125 0.019322528 0.999812722 96.617210388
0.998638391 -0.052095901 0.002723632 7.476625443 0.052136619 0.998477697 -0.018001478 -10.931645393 -0.001781682 0.018118966 0.999834239 97.708145142
0.998656988 -0.051735178 0.002764052 7.535081863 0.051766172 0.998579025 -0.012659080 -11.052931786 -0.002105204 0.012785163 0.999916017 98.796379089
0.998755574 -0.049684927 0.004350460 7.582586765 0.049723998 0.998718917 -0.009385583 -11.175107002 -0.003878565 0.009590225 0.999946475 99.855926514
0.998813033 -0.048307806 0.006232146 7.640395641 0.048365109 0.998785555 -0.009397933 -11.289840698 -0.005770584 0.009688197 0.999936402 100.907569885
0.998908758 -0.045969766 0.008249909 7.689948559 0.046059720 0.998877406 -0.011065459 -11.417859077 -0.007731971 0.011433376 0.999904692 101.962814331
0.998876750 -0.046170581 0.010654398 7.746659756 0.046314426 0.998833358 -0.013673813 -11.534323692 -0.010010639 0.014151907 0.999849796 102.980079651
0.998775363 -0.047876891 0.012476625 7.809512615 0.048054751 0.998741388 -0.014367873 -11.652433395 -0.011773032 0.014949838 0.999818921 103.991142273
0.998698652 -0.048940986 0.014346943 7.872122765 0.049130883 0.998705089 -0.013196166 -11.786795616 -0.013682533 0.013883870 0.999810100 104.997817993
0.998670816 -0.049078945 0.015738867 7.938894749 0.049262796 0.998719454 -0.011514379 -11.902313232 -0.015153600 0.012274413 0.999809861 105.956550598
0.998600423 -0.049974252 0.017313477 7.997552872 0.050157156 0.998688221 -0.010295716 -12.009334564 -0.016776245 0.011149701 0.999797106 106.913986206
0.998520255 -0.050920088 0.019090749 8.058200836 0.051130496 0.998634696 -0.010700068 -12.116019249 -0.018519837 0.011660355 0.999760568 107.831085205
0.998506069 -0.050485481 0.020901568 8.121526718 0.050679572 0.998675644 -0.008863200 -12.216942787 -0.020426419 0.009909241 0.999742210 108.736488342
0.998501778 -0.049735602 0.022815166 8.180711746 0.049898077 0.998732507 -0.006607638 -12.315795898 -0.022457613 0.007736171 0.999717891 109.606361389
0.998478532 -0.049674615 0.023937717 8.243499756 0.049768962 0.998755097 -0.003361395 -12.418526649 -0.023740940 0.004547637 0.999707818 110.462707520
0.998430371 -0.049830839 0.025565850 8.305965424 0.049930427 0.998747349 -0.003271047 -12.509362221 -0.025370825 0.004542426 0.999667823 111.288574219
0.998438060 -0.049027517 0.026790468 8.357275963 0.049117249 0.998789310 -0.002701050 -12.598160744 -0.026625611 0.004012706 0.999637365 112.098846436
0.998539329 -0.046699069 0.027178043 8.411808014 0.046781257 0.998902261 -0.002395793 -12.678891182 -0.027036332 0.003663716 0.999627769 112.878547668
0.998662055 -0.044328511 0.026627088 8.456871986 0.044325039 0.999016821 0.000721014 -12.757413864 -0.026632870 0.000460197 0.999645233 113.633377075
0.998747647 -0.044206649 0.023429018 8.507966995 0.044179689 0.999022186 0.001667619 -12.839739799 -0.023479829 -0.000630443 0.999724090 114.384872437
0.998875678 -0.044289757 0.016900443 8.545763969 0.044264939 0.999018073 0.001839820 -12.914351463 -0.016965330 -0.001089654 0.999855518 115.082534790
0.999072313 -0.042588264 0.006378982 8.576880455 0.042584870 0.999092638 0.000667577 -12.989483833 -0.006401623 -0.000395309 0.999979436 115.754714966
0.999179184 -0.039853971 -0.007259233 8.573761940 0.039839476 0.999203742 -0.002130368 -13.058480263 0.007338358 0.001839416 0.999971330 116.393646240
0.998919129 -0.038529094 -0.025999472 8.571863174 0.038420361 0.999250710 -0.004668884 -13.129417419 0.026159875 0.003664929 0.999651074 117.009979248
0.998140156 -0.036523294 -0.048810933 8.548095703 0.036239464 0.999320686 -0.006687609 -13.204359055 0.049022034 0.004906289 0.998785794 117.609367371
0.996469557 -0.035024494 -0.076300442 8.503679276 0.034476984 0.999369562 -0.008481652 -13.270913124 0.076549411 0.005821100 0.997048795 118.176322937
0.993586838 -0.032541767 -0.108287945 8.433510780 0.031592350 0.999445915 -0.010472041 -13.339307785 0.108568743 0.006983809 0.994064331 118.717864990
0.989177823 -0.028177978 -0.143990368 8.340206146 0.026717821 0.999570191 -0.012064653 -13.400498390 0.144268453 0.008086978 0.989505589 119.259094238
0.982924461 -0.022132603 -0.182673246 8.225257874 0.020386565 0.999726772 -0.011430858 -13.460277557 0.182876348 0.007511591 0.983107269 119.787216187
0.974473953 -0.016911145 -0.223862872 8.069885254 0.015154207 0.999839425 -0.009564159 -13.518464088 0.223988682 0.005927561 0.974573731 120.309661865
0.963198721 -0.012159281 -0.268514931 7.894281387 0.010437992 0.999914825 -0.007837122 -13.578599930 0.268587351 0.004745951 0.963243544 120.783004761
0.948929191 -0.006215114 -0.315427959 7.701587677 0.003846809 0.999959528 -0.008130269 -13.637485504 0.315465719 0.006501658 0.948914647 121.252174377
0.931634128 0.001582226 -0.363394201 7.476783752 -0.005156727 0.999947369 -0.008866519 -13.689627647 0.363360971 0.010134275 0.931593239 121.713272095
0.910551012 0.006067782 -0.413352132 7.233024597 -0.010871939 0.999897897 -0.009271255 -13.745818138 0.413253635 0.012935889 0.910524011 122.140716553
0.885371029 0.010364014 -0.464769483 6.969177246 -0.016039282 0.999837279 -0.008258697 -13.794872284 0.464608192 0.014766579 0.885393202 122.554977417
0.856724381 0.013695975 -0.515592515 6.656436920 -0.020837143 0.999750316 -0.008066709 -13.845638275 0.515353262 0.017654426 0.856795967 122.983795166
0.824966490 0.023220779 -0.564704418 6.336620331 -0.031384487 0.999496043 -0.004749523 -13.891291618 0.564309537 0.021641156 0.825279653 123.354789734
0.791015208 0.036467798 -0.610708535 6.000297546 -0.044701252 0.998998880 0.001755201 -13.933626175 0.610161185 0.025911052 0.791853487 123.702178955
0.755120695 0.045696344 -0.653991222 5.639286041 -0.056283843 0.998403430 0.004774208 -13.979013443 0.653165340 0.033204034 0.756487072 124.020759583
0.715695381 0.049280316 -0.696671605 5.261337280 -0.063215010 0.997983932 0.005652975 -14.024740219 0.695545733 0.039994303 0.717367887 124.318984985
0.673186839 0.050270341 -0.737761676 4.884117126 -0.065320969 0.997829080 0.008387512 -14.064265251 0.736581624 0.042544946 0.675009191 124.607467651
0.629127085 0.054068509 -0.775419772 4.485443115 -0.068971030 0.997525990 0.013596772 -14.097919464 0.774236500 0.044927388 0.631299734 124.871932983
0.583637416 0.062682778 -0.809591472 4.069931030 -0.079972416 0.996606112 0.019510027 -14.129910469 0.808066726 0.053358205 0.586669505 125.106994629
0.537472129 0.071890749 -0.840211570 3.628620148 -0.091746651 0.995430171 0.026482567 -14.159065247 0.838275790 0.062852949 0.541611671 125.324340820
0.492358625 0.077225551 -0.866959751 3.152809143 -0.097400770 0.994688392 0.033287901 -14.184717178 0.864925444 0.068052948 0.497265249 125.506484985
0.444967687 0.078578316 -0.892092586 2.692310333 -0.096599080 0.994542480 0.039419681 -14.210683823 0.890321434 0.068634845 0.450129837 125.687843323
0.397647142 0.079883240 -0.914054334 2.217296600 -0.093941562 0.994512260 0.046046801 -14.228908539 0.912716687 0.067557320 0.402969360 125.863960266
0.352210432 0.082910173 -0.932241201 1.723331451 -0.095200472 0.994075835 0.052441787 -14.253106117 0.931066453 0.070279270 0.358016938 126.007003784
0.308196068 0.086446665 -0.947386920 1.220256805 -0.101264939 0.993185818 0.057683010 -14.271156311 0.945917845 0.078159407 0.314850032 126.126152039
0.266572833 0.087988533 -0.959789991 0.707082748 -0.105866328 0.992471695 0.061581209 -14.287990570 0.957982957 0.085193589 0.273881078 126.230583191
0.227738798 0.084528603 -0.970046341 0.178947449 -0.106366388 0.992422819 0.061506722 -14.301887512 0.967895269 0.089172848 0.235004202 126.324180603
0.192767113 0.079105549 -0.978050649 -0.357324600 -0.100809142 0.993067503 0.060451344 -14.318906784 0.976052403 0.086943418 0.199405372 126.417350769
0.162358314 0.074312508 -0.983929574 -0.914514542 -0.098908581 0.993363559 0.058704104 -14.342093468 0.981762052 0.087787963 0.168630973 126.496871948
0.135699823 0.072532125 -0.988091350 -1.478597641 -0.099687904 0.993254960 0.059220478 -14.360857964 0.985721946 0.090464562 0.142015085 126.568237305
0.113949321 0.071781002 -0.990890086 -2.063627243 -0.100674316 0.993086636 0.060362890 -14.375099182 0.988372505 0.092878878 0.120388076 126.628562927
0.095822297 0.073075324 -0.992712498 -2.669663429 -0.102771491 0.992698073 0.063154176 -14.387298584 0.990078866 0.095970944 0.102632664 126.677429199
0.079835728 0.071584128 -0.994234324 -3.275796890 -0.103841364 0.992588580 0.063127287 -14.414041519 0.991384506 0.098202839 0.086677432 126.725097656
0.065465644 0.070782162 -0.995341241 -3.918120384 -0.102363981 0.992694914 0.063861281 -14.443337440 0.992590427 0.097706355 0.072232939 126.784286499
0.053030767 0.068184510 -0.996262431 -4.549059391 -0.098486096 0.993159294 0.062729754 -14.465402603 0.993724465 0.094791375 0.059383240 126.834075928
0.040849037 0.065584809 -0.997010469 -5.199195385 -0.095981501 0.993486285 0.061420482 -14.482513428 0.994544566 0.093185581 0.046877891 126.877029419
0.030299630 0.065280557 -0.997406840 -5.861244202 -0.095712729 0.993469119 0.062115230 -14.502911568 0.994947731 0.093582474 0.036349926 126.905136108
0.020846061 0.066921160 -0.997540414 -6.547028065 -0.099569224 0.992935896 0.064531498 -14.531080246 0.994812250 0.097979113 0.027362084 126.927871704
0.012581653 0.065952793 -0.997743368 -7.228596210 -0.101916775 0.992710531 0.064334907 -14.548607826 0.994713366 0.100877360 0.019211631 126.945457458
0.006023992 0.065546796 -0.997831285 -7.914866447 -0.104597509 0.992416918 0.064559676 -14.571751595 0.994496465 0.103981748 0.012834341 126.961685181
0.000373878 0.066350333 -0.997796297 -8.617874146 -0.105008364 0.992282510 0.065944351 -14.587976456 0.994471192 0.104752310 0.007338334 126.986816406
-0.002885057 0.068872467 -0.997621238 -9.327161789 -0.107376948 0.991836190 0.068783596 -14.606275558 0.994214177 0.107319981 0.004533811 127.005134583
-0.004130573 0.072597444 -0.997352779 -10.041423798 -0.109363079 0.991346121 0.072613135 -14.630074501 0.993993342 0.109373502 0.003844651 127.020965576
-0.005049314 0.076110862 -0.997086525 -10.772506714 -0.111855686 0.990798891 0.076197334 -14.647356987 0.993711650 0.111914545 0.003510576 127.033226013
-0.006070250 0.081557974 -0.996650040 -11.521433830 -0.117295973 0.989730120 0.081706114 -14.658430099 0.993078411 0.117399029 0.003558514 127.045272827
-0.007486397 0.085515119 -0.996308684 -12.259425163 -0.120398879 0.989011347 0.085793458 -14.672828674 0.992697358 0.120596744 0.002891790 127.064094543
-0.008936937 0.085902199 -0.996263444 -13.005317688 -0.119826213 0.989032149 0.086353570 -14.689803123 0.992754638 0.120150223 0.001454415 127.080970764
-0.009162879 0.083221592 -0.996488929 -13.773576736 -0.117571987 0.989528894 0.083721414 -14.709558487 0.993022144 0.117926307 0.000717592 127.086761475
-0.011558676 0.079652935 -0.996755600 -14.526124954 -0.120450974 0.989452779 0.080466121 -14.719612122 0.992651999 0.120990254 -0.001842490 127.110160828
-0.013034191 0.081082791 -0.996622205 -15.291144371 -0.125449821 0.988698840 0.082078837 -14.728086472 0.992014408 0.126095891 -0.002715067 127.117164612
-0.014544574 0.084832117 -0.996289194 -16.058177948 -0.122470252 0.988741100 0.085977323 -14.742394447 0.992365599 0.123266280 -0.003991409 127.129493713
-0.016741661 0.084217727 -0.996306717 -16.845792770 -0.121781707 0.988855839 0.085634284 -14.751516342 0.992415667 0.122765578 -0.006298918 127.149696350
-0.018441584 0.083476290 -0.996339023 -17.627241135 -0.124743536 0.988530099 0.085130945 -14.761610031 0.992017686 0.125856817 -0.007816931 127.161285400
-0.017907826 0.083537072 -0.996343672 -18.428806305 -0.130096555 0.987837195 0.085162140 -14.768846512 0.991339624 0.131145999 -0.006822130 127.147567749
-0.019880340 0.087885998 -0.995932102 -19.228740692 -0.130963206 0.987317204 0.089739993 -14.781188011 0.991187811 0.132214561 -0.008118369 127.166381836
-0.020431688 0.092205383 -0.995530367 -20.033109665 -0.129993603 0.987040758 0.094086982 -14.789925575 0.991304278 0.131334960 -0.008180796 127.178573608
-0.019086396 0.095228992 -0.995272398 -20.845602036 -0.131188646 0.986608744 0.096915871 -14.800067902 0.991173685 0.132418215 -0.006337839 127.186996460
-0.018119238 0.093830109 -0.995423257 -21.674264908 -0.130259529 0.986879885 0.095395871 -14.806317329 0.991314352 0.131391868 -0.005659244 127.203567505
-0.016841708 0.093598492 -0.995467544 -22.494873047 -0.129989281 0.986953974 0.094997227 -14.808284760 0.991372347 0.131000027 -0.004455190 127.219398499
-0.015974116 0.092878796 -0.995549202 -23.328487396 -0.129467428 0.987102091 0.094168089 -14.812301636 0.991455019 0.130395472 -0.003743303 127.233337402
-0.015920177 0.095030323 -0.995347083 -24.163658142 -0.130126849 0.986809969 0.096296594 -14.821680069 0.991369545 0.131054431 -0.003344193 127.259315491
-0.015476114 0.097397171 -0.995125234 -25.009143829 -0.132413626 0.986279130 0.098590642 -14.823753357 0.991073728 0.133293942 -0.002367053 127.273536682
-0.014847432 0.099896774 -0.994887054 -25.861082077 -0.134834573 0.985708475 0.100987390 -14.823398590 0.990756929 0.135644540 -0.001165702 127.291824341
-0.013930776 0.100491792 -0.994840324 -26.739410400 -0.135502398 0.985569119 0.101452731 -14.808326721 0.990679085 0.136216566 -0.000112864 127.307128906
-0.011723055 0.103830211 -0.994525969 -27.613206863 -0.142167225 0.984317422 0.104440242 -14.803736687 0.989773154 0.142613351 0.003222047 127.316444397
-0.009469185 0.107464984 -0.994163811 -28.483751297 -0.147255793 0.983219147 0.107684478 -14.796216965 0.989053190 0.147416040 0.006514557 127.337142944
-0.006745456 0.109266803 -0.993989587 -29.385038376 -0.150309041 0.982607961 0.109035686 -14.784191132 0.988616049 0.150141075 0.009795647 127.357421875
-0.003821783 0.109303422 -0.994001091 -30.268634796 -0.147900060 0.983014524 0.108663976 -14.780413628 0.988994896 0.147428110 0.012409111 127.392417908
-0.000652844 0.109536223 -0.993982553 -31.158906937 -0.151705101 0.982467353 0.108366914 -14.774363518 0.988425493 0.150862962 0.015975807 127.424240112
0.002458388 0.113740362 -0.993507445 -32.081085205 -0.152145505 0.981986701 0.112044908 -14.771200180 0.988355041 0.150882259 0.019719189 127.447418213
0.004286699 0.116094075 -0.993228912 -32.978588104 -0.151355237 0.981870532 0.114113204 -14.766069412 0.988470137 0.149841204 0.021780431 127.488555908
0.006418858 0.117415026 -0.993062198 -33.875469208 -0.151923493 0.981669247 0.115085982 -14.762115479 0.988371432 0.150130764 0.024139293 127.527816772
0.009141385 0.115534291 -0.993261576 -34.793521881 -0.153417811 0.981704712 0.112778082 -14.750772476 0.988119125 0.151353016 0.026699157 127.564613342
0.008928100 0.116537094 -0.993146241 -35.688507080 -0.157111108 0.981013775 0.113701090 -14.737711906 0.987540483 0.155019164 0.027067862 127.605094910
0.010000938 0.117527850 -0.993019164 -36.581466675 -0.157983974 0.980782092 0.114488430 -14.735057831 0.987390995 0.155736148 0.028376255 127.642303467
0.010573908 0.113783337 -0.993449271 -37.498077393 -0.158719167 0.981100500 0.110679641 -14.725793839 0.987267137 0.156509101 0.028433667 127.688026428
0.011204214 0.109456904 -0.993928492 -38.389854431 -0.159887210 0.981397808 0.106274627 -14.720123291 0.987071693 0.157725707 0.028496549 127.730567932
0.011579864 0.108533859 -0.994025409 -39.287429810 -0.159474999 0.981568217 0.105315931 -14.713768005 0.987134099 0.157302603 0.028674863 127.776344299
0.011979062 0.112928279 -0.993530869 -40.218624115 -0.162323311 0.980642319 0.109506160 -14.703290939 0.986664951 0.159961417 0.030078065 127.809028625
0.011820911 0.118954390 -0.992829442 -41.126663208 -0.162238300 0.979970753 0.115482099 -14.701858521 0.986680806 0.159709811 0.030883104 127.855674744
0.012088049 0.117864981 -0.992956042 -42.022636414 -0.160069913 0.980450451 0.114431903 -14.701704025 0.987031758 0.157559112 0.030718373 127.902435303
0.013040490 0.107386395 -0.994131804 -42.911987305 -0.159526154 0.981705427 0.103951514 -14.703411102 0.987107635 0.157234475 0.029932855 127.945686340
0.013322180 0.096951276 -0.995199978 -43.831962585 -0.161388129 0.982447207 0.093548506 -14.706178665 0.986801088 0.159367189 0.028735124 127.988075256
0.012145860 0.094019726 -0.995496213 -44.734554291 -0.158219382 0.983208299 0.090928793 -14.713814735 0.987329364 0.156402409 0.026817655 128.036544800
0.011923478 0.104103945 -0.994494915 -45.654499054 -0.151035160 0.983342230 0.101125643 -14.715302467 0.988456428 0.148997962 0.027448218 128.087570190
0.012126333 0.117079489 -0.993048429 -46.600852966 -0.145858288 0.982706130 0.114078999 -14.710271835 0.989231169 0.143461004 0.028993629 128.147521973
0.012232754 0.126252949 -0.991922617 -47.523658752 -0.146029323 0.981586933 0.123136505 -14.700627327 0.989204586 0.143343523 0.030444143 128.194747925
0.012237866 0.120308906 -0.992661059 -48.437927246 -0.146165803 0.982287228 0.117249623 -14.693990707 0.989184380 0.143658191 0.029606147 128.236740112
0.012342660 0.106860138 -0.994197428 -49.357868195 -0.146151423 0.983788073 0.103926890 -14.692123413 0.989185214 0.144020632 0.027760325 128.278305054
0.012941252 0.098001108 -0.995102227 -50.273151398 -0.146693051 0.984603882 0.095059484 -14.690459251 0.989097297 0.144744381 0.027118092 128.324050903
0.013552364 0.098016150 -0.995092571 -51.208881378 -0.145513237 0.984782875 0.095018879 -14.694580078 0.989263535 0.143511415 0.027608780 128.367904663
0.012636131 0.099458389 -0.994961500 -52.135654449 -0.148604915 0.984177589 0.096493110 -14.709861755 0.988815904 0.146636859 0.027216202 128.412002563
0.013467652 0.098872505 -0.995008945 -53.093162537 -0.153536081 0.983502686 0.095650986 -14.711099625 0.988051236 0.151481584 0.028425967 128.449920654
0.013974001 0.098487347 -0.995040238 -54.024814606 -0.155028939 0.983317018 0.095149852 -14.711175919 0.987811029 0.152930409 0.029009262 128.494613647
0.014769660 0.105913706 -0.994265616 -54.971431732 -0.164422616 0.981094897 0.102068245 -14.707284927 0.986279428 0.161972255 0.031905048 128.531127930
0.016425401 0.115415201 -0.993181467 -55.918243408 -0.170096636 0.979158938 0.110972598 -14.701373100 0.985290468 0.167114049 0.035714820 128.569381714
0.017467534 0.123399779 -0.992203295 -56.892127991 -0.170154497 0.978245974 0.118668377 -14.694934845 0.985262573 0.166755006 0.038084581 128.627609253
0.018377163 0.124289282 -0.992075861 -57.834987640 -0.171510622 0.977927446 0.119339705 -14.685482025 0.985010862 0.167958423 0.039288469 128.675888062
0.019570781 0.114483915 -0.993232369 -58.773021698 -0.173106790 0.978807151 0.109410278 -14.678928375 0.984708607 0.169794023 0.038973961 128.731643677
0.020397389 0.109736368 -0.993751466 -59.709857941 -0.171582654 0.979595542 0.104651347 -14.677503586 0.984958529 0.168375894 0.038810052 128.793289185
0.022714393 0.108090341 -0.993881583 -60.666618347 -0.170307159 0.980025411 0.102691181 -14.680084229 0.985129178 0.166932583 0.040669248 128.848785400
0.025923833 0.114048526 -0.993136883 -61.659393311 -0.172208279 0.979128301 0.107944675 -14.674297333 0.984719336 0.168228060 0.045022864 128.913879395
0.029595604 0.116084658 -0.992798269 -62.620204926 -0.174938187 0.978505075 0.109198458 -14.671501160 0.984134495 0.170446515 0.049267083 128.969985962
0.033951588 0.111170612 -0.993221164 -63.569492340 -0.174438149 0.979198873 0.103638239 -14.672948837 0.984082580 0.169736952 0.052637756 129.029907227
0.036458805 0.105570406 -0.993743241 -64.526107788 -0.174341336 0.979826808 0.097695693 -14.679701805 0.984010100 0.169688627 0.054128602 129.103500366
0.040197529 0.105302200 -0.993627489 -65.492782593 -0.171746463 0.980359197 0.096947998 -14.678216934 0.984320700 0.166754901 0.057493299 129.175827026
0.042792052 0.109598450 -0.993054390 -66.472099304 -0.169519544 0.980348945 0.100891396 -14.689374924 0.984597504 0.164024770 0.060530212 129.258285522
0.046174541 0.116564825 -0.992109120 -67.430397034 -0.168897167 0.979780555 0.107255548 -14.690376282 0.984551489 0.162611991 0.064928398 129.339508057
0.048742715 0.120418400 -0.991525888 -68.396148682 -0.166753799 0.979754269 0.110791281 -14.692578316 0.984793007 0.159940422 0.067836121 129.426422119
0.051123988 0.122380085 -0.991165757 -69.379196167 -0.166398123 0.979634583 0.112373568 -14.693038940 0.984732449 0.159183145 0.070446640 129.506072998
0.052880719 0.119541027 -0.991419971 -70.322692871 -0.164830729 0.980235875 0.109400690 -14.690369606 0.984903276 0.157631293 0.071539611 129.590759277
0.053511675 0.118033312 -0.991566777 -71.269859314 -0.162802771 0.980734646 0.107957929 -14.691496849 0.985206544 0.155652806 0.071696892 129.680038452
0.053793404 0.114260837 -0.991993427 -72.212280273 -0.159795582 0.981613994 0.104399994 -14.696701050 0.985683322 0.152900144 0.071062744 129.774032593
0.054044101 0.113819137 -0.992030442 -73.202713013 -0.158150077 0.981918335 0.104043193 -14.682780266 0.985934973 0.151266769 0.071067393 129.851776123
0.053470325 0.118643291 -0.991496205 -74.154533386 -0.154930621 0.981878579 0.109137200 -14.684127808 0.986477256 0.147777528 0.070882842 129.942276001
0.053076077 0.120409779 -0.991304398 -75.119331360 -0.148895055 0.982560933 0.111375637 -14.688059807 0.987427533 0.141688943 0.070078887 130.039260864
0.052561760 0.115867458 -0.991872907 -76.078643799 -0.146256134 0.983428836 0.107130565 -14.672496796 0.987849355 0.139436528 0.068637088 130.121520996
0.050971087 0.111843012 -0.992417812 -77.029808044 -0.148063272 0.983574331 0.103241771 -14.670726776 0.987663507 0.141678274 0.066693678 130.204772949
0.049851049 0.109067246 -0.992783606 -77.978614807 -0.144520342 0.984345734 0.100883387 -14.672324181 0.988245130 0.138448298 0.064833105 130.288421631
0.048231583 0.109917991 -0.992769778 -78.943191528 -0.144677997 0.984213471 0.101941802 -14.673870087 0.988302529 0.138715118 0.063372888 130.363708496
0.047743779 0.111055642 -0.992666841 -79.895652771 -0.146023959 0.983899176 0.103051513 -14.674368858 0.988128245 0.140033081 0.063191853 130.437362671
0.046591919 0.111283310 -0.992695928 -80.850387573 -0.147614345 0.983631611 0.103338920 -14.674401283 0.987946987 0.141721398 0.062256284 130.510375977
0.045057435 0.111991107 -0.992687106 -81.799247742 -0.147225529 0.983590305 0.104282357 -14.674096107 0.988076150 0.141450211 0.060806002 130.582809448
0.042822849 0.112640291 -0.992712677 -82.762924194 -0.147342801 0.983471155 0.105235741 -14.676943779 0.988158107 0.141762584 0.058711767 130.657989502
0.041405041 0.114871174 -0.992517114 -83.715858459 -0.148017168 0.983113170 0.107607931 -14.666616440 0.988117695 0.142454088 0.057708748 130.727111816
0.039953016 0.118575424 -0.992140949 -84.669868469 -0.149322942 0.982492149 0.111409090 -14.657226562 0.987981021 0.143698260 0.056959555 130.788009644
0.037880871 0.123434164 -0.991629422 -85.618484497 -0.150501177 0.981727183 0.116452329 -14.645827293 0.987883806 0.144830078 0.055765666 130.855010986
0.035464533 0.123307757 -0.991734564 -86.575958252 -0.150335252 0.981724739 0.116687171 -14.640985489 0.987998784 0.144954413 0.053353913 130.923522949
0.034359366 0.118202493 -0.992394865 -87.520713806 -0.150403619 0.982283890 0.111790799 -14.635305405 0.988027394 0.145418704 0.051528726 130.986846924
0.032018226 0.113391533 -0.993034363 -88.469619751 -0.154659361 0.982138991 0.107160777 -14.623206139 0.987448812 0.150150940 0.048983417 131.047607422
0.030718351 0.111189157 -0.993324399 -89.411933899 -0.152496293 0.982680261 0.105281778 -14.619091034 0.987826526 0.148244217 0.047142252 131.115631104
0.030558517 0.112332501 -0.993200660 -90.378288269 -0.147736549 0.983258367 0.106662497 -14.618515015 0.988554537 0.143472597 0.046642534 131.167221069
0.030026523 0.113668993 -0.993064821 -91.327384949 -0.144772202 0.983531177 0.108200386 -14.615465164 0.989009261 0.140519321 0.045988142 131.230392456
0.028766474 0.113586001 -0.993111551 -92.277435303 -0.139517680 0.984253824 0.108531646 -14.616370201 0.989801645 0.135434538 0.044160765 131.299392700
0.027405309 0.110702679 -0.993475676 -93.219421387 -0.135535896 0.985082686 0.106028661 -14.618169785 0.990393400 0.131745845 0.042000674 131.366394043
0.026889889 0.107639126 -0.993826270 -94.162399292 -0.130449310 0.986062169 0.103268646 -14.621444702 0.991090238 0.126867071 0.040556554 131.430313110
0.024783514 0.110147797 -0.993606150 -95.150093079 -0.128569961 0.986008644 0.106098607 -14.621347427 0.991390705 0.125118420 0.038598455 131.491943359
0.023232216 0.112461314 -0.993384480 -96.096908569 -0.127902821 0.985821426 0.108613856 -14.617774010 0.991514564 0.124533318 0.037286934 131.553680420
0.022203071 0.110328332 -0.993647218 -97.056045532 -0.123939753 0.986528933 0.106768534 -14.612504005 0.992041290 0.120781787 0.035578042 131.601455688
0.020328749 0.107353948 -0.994013071 -98.004959106 -0.120866507 0.987190425 0.104145266 -14.612502098 0.992460549 0.118025735 0.033043843 131.651397705
0.016590733 0.104372814 -0.994399846 -98.971313477 -0.119699992 0.987591505 0.101661123 -14.602493286 0.992671490 0.117343031 0.028878294 131.710083008
0.013963582 0.103455111 -0.994536161 -99.926277161 -0.114113040 0.988299549 0.101204179 -14.610335350 0.993369639 0.112076364 0.025605777 131.760574341
0.011607797 0.103404216 -0.994571686 -100.885597229 -0.107278675 0.989026666 0.101575635 -14.603591919 0.994161248 0.105517261 0.022573488 131.807373047
0.009439358 0.110800423 -0.993797958 -101.850418091 -0.097426593 0.989215612 0.109364159 -14.597943306 0.995197892 0.095790006 0.020132475 131.868682861
0.006983219 0.118764743 -0.992897809 -102.807296753 -0.089351781 0.989024520 0.117673002 -14.592480659 0.995975673 0.087895453 0.017518414 131.924484253
0.004194516 0.118123986 -0.992989957 -103.763229370 -0.085157283 0.989433825 0.117341235 -14.583751678 0.996358693 0.084068149 0.014209314 131.970855713
0.001150436 0.108181208 -0.994130552 -104.717849731 -0.085777014 0.990477860 0.107684456 -14.583289146 0.996313691 0.085149653 0.010418942 132.011062622
-0.000984066 0.098729961 -0.995113850 -105.665649414 -0.087661736 0.991274893 0.098435760 -14.580615997 0.996149778 0.087330282 0.007679362 132.049865723
-0.001222217 0.100055166 -0.994981170 -106.626449585 -0.094822228 0.990487158 0.099719733 -14.579920769 0.995493531 0.094468221 0.008276863 132.069412231
-0.002044696 0.109450325 -0.993990183 -107.591003418 -0.098234884 0.989162564 0.109120823 -14.569091797 0.995161116 0.097867630 0.008729301 132.106887817
-0.003486947 0.120868050 -0.992662430 -108.554634094 -0.102235697 0.987424016 0.120589316 -14.557260513 0.994754076 0.101906016 0.008913932 132.136703491
-0.004867624 0.122480653 -0.992458940 -109.498916626 -0.109113991 0.986479700 0.122277893 -14.545186043 0.994017363 0.108886354 0.008562538 132.167633057
-0.004960309 0.119863093 -0.992778063 -110.474334717 -0.116414160 0.985970676 0.119622856 -14.530786514 0.993188322 0.116166778 0.009063039 132.192092896
-0.005083604 0.115860172 -0.993252516 -111.429061890 -0.124493189 0.985464692 0.115588918 -14.517034531 0.992207408 0.124240786 0.009414091 132.216690063
-0.002742588 0.118055835 -0.993003190 -112.396156311 -0.129276380 0.984632313 0.117417678 -14.498772621 0.991604805 0.128693879 0.012561388 132.240737915
-0.001338276 0.119096078 -0.992881835 -113.375503540 -0.137283176 0.983460009 0.118150987 -14.478297234 0.990530968 0.136464074 0.015033747 132.267684937
-0.000799961 0.121848851 -0.992548347 -114.339317322 -0.146497712 0.981825829 0.120650582 -14.461036682 0.989210784 0.145502612 0.017065154 132.290267944
-0.000682471 0.123978399 -0.992284715 -115.313743591 -0.151824117 0.980769038 0.122644030 -14.438944817 0.988407314 0.150736466 0.018153567 132.320098877
-0.000654027 0.123294845 -0.992369890 -116.285499573 -0.155929074 0.980219066 0.121887960 -14.427278519 0.987767994 0.154819012 0.018584166 132.368377686
0.000651466 0.113941446 -0.993487298 -117.239288330 -0.154915392 0.981505334 0.112465687 -14.430191994 0.987927556 0.153833196 0.018290699 132.404296875
0.002223869 0.102324143 -0.994748533 -118.189315796 -0.157995120 0.982292771 0.100689664 -14.419861794 0.987437367 0.156941473 0.018351207 132.442214966
