1.000000000 0.000000000 0.000000000 0.000000000 0.000000000 1.000000000 0.000000000 0.000000000 0.000000000 0.000000000 1.000000000 0.000000000
0.999997616 -0.001689361 -0.001382104 0.050349683 0.001686343 0.999996185 -0.002181819 -0.132723302 0.001385785 0.002179483 0.999996662 1.297637224
0.999997735 -0.000007708 -0.002123731 0.104541227 -0.000005588 0.999980390 -0.006260353 -0.268912256 0.002123738 0.006260351 0.999978125 2.605296373
0.999996126 0.002410212 -0.001382433 0.150625139 -0.002420855 0.999967039 -0.007749708 -0.407831550 0.001363709 0.007753025 0.999969006 3.910173893
0.999983907 0.005683664 0.000180323 0.195539832 -0.005682365 0.999962509 -0.006534408 -0.545422375 -0.000217455 0.006533279 0.999978602 5.224066734
0.999976277 0.006494535 0.002292240 0.243874088 -0.006487336 0.999974072 -0.003133904 -0.692082107 -0.002312534 0.003118959 0.999992490 6.544557095
0.999961734 0.006739395 0.005569977 0.300840318 -0.006728894 0.999975562 -0.001901971 -0.829081535 -0.005582660 0.001864418 0.999982715 7.848134518
0.999946356 0.005159279 0.008980295 0.354897797 -0.005143592 0.999985218 -0.001769005 -0.962420642 -0.008989288 0.001722720 0.999958098 9.154143333
0.999916136 0.003888975 0.012350704 0.432451487 -0.003869022 0.999991179 -0.001639003 -1.099302053 -0.012356967 0.001591081 0.999922335 10.454081535
0.999874532 0.002636892 0.015615366 0.498005092 -0.002600139 0.999993742 -0.002373459 -1.236524224 -0.015621527 0.002332559 0.999875247 11.764807701
0.999817133 0.001792206 0.019037442 0.573415875 -0.001733307 0.999993682 -0.003109873 -1.376183152 -0.019042894 0.003076307 0.999813914 13.060017586
0.999750316 0.001495729 0.022292076 0.645175338 -0.001427362 0.999994218 -0.003082449 -1.520978451 -0.022296555 0.003049860 0.999746740 14.377823830
0.999669611 0.001400411 0.025662959 0.730393410 -0.001295482 0.999990761 -0.004104888 -1.659562111 -0.025668466 0.004070287 0.999662161 15.673419952
0.999579310 0.002325912 0.028910374 0.811577678 -0.002209872 0.999989390 -0.004045106 -1.798849583 -0.028919479 0.003979516 0.999573827 16.982799530
0.999484777 0.001880795 0.032041233 0.902153492 -0.001768387 0.999992132 -0.003536219 -1.938582182 -0.032047633 0.003477736 0.999480247 18.268661499
0.999413490 0.000328610 0.034242351 1.000428438 -0.000213741 0.999994278 -0.003358212 -2.080012798 -0.034243260 0.003348924 0.999407887 19.570798874
0.999359250 -0.002221456 0.035721924 1.097728133 0.002389546 0.999986231 -0.004663532 -2.219372272 -0.035711076 0.004745902 0.999350846 20.849752426
0.999318242 -0.001737601 0.036878340 1.200870514 0.001975828 0.999977410 -0.006424360 -2.361484289 -0.036866341 0.006492844 0.999299228 22.153852463
0.999273241 -0.001833903 0.038072821 1.287450790 0.002175953 0.999957681 -0.008944607 -2.503851175 -0.038054798 0.009020951 0.999234974 23.436014175
0.999232471 -0.001099948 0.039156809 1.386663318 0.001511432 0.999943912 -0.010480558 -2.648708105 -0.039143085 0.010531696 0.999178112 24.726251602
0.999183595 -0.000484643 0.040398914 1.485407710 0.000932578 0.999938309 -0.011069688 -2.796280861 -0.040391054 0.011098326 0.999122322 25.995986938
0.999173939 -0.002111235 0.040583368 1.586723685 0.002520404 0.999946475 -0.010033654 -2.942605019 -0.040560007 0.010127652 0.999125719 27.288391113
0.999168456 -0.005080469 0.040454831 1.690975189 0.005444372 0.999945641 -0.008890179 -3.089639187 -0.040407460 0.009103036 0.999141872 28.567876816
0.999187469 -0.006524007 0.039772823 1.783527851 0.006898693 0.999933004 -0.009290676 -3.236197233 -0.039709538 0.009557507 0.999165475 29.858320236
0.999189496 -0.008080560 0.039434560 1.879611254 0.008555877 0.999892652 -0.011899499 -3.380681515 -0.039334171 0.012227250 0.999151289 31.117263794
0.999231040 -0.008313536 0.038316753 1.992640495 0.008775738 0.999890566 -0.011910360 -3.530205727 -0.038213544 0.012237461 0.999194682 32.413394928
0.999241292 -0.008995140 0.037892342 2.088466883 0.009463288 0.999880850 -0.012193504 -3.674499989 -0.037778147 0.012542840 0.999207377 33.678329468
0.999260664 -0.009470718 0.037262321 2.184226990 0.009932551 0.999875903 -0.012228502 -3.819521666 -0.037141878 0.012589574 0.999230623 34.950702667
0.999267578 -0.009895289 0.036966033 2.272792339 0.010378846 0.999862731 -0.012912162 -3.961883068 -0.036833193 0.013286370 0.999233067 36.207984924
0.999316812 -0.010488454 0.035442162 2.391544104 0.010950353 0.999857247 -0.012863506 -4.124381065 -0.035302188 0.013242817 0.999288917 37.499195099
0.999316812 -0.010166192 0.035535213 2.484160900 0.010563956 0.999883413 -0.011023656 -4.267587185 -0.035418998 0.011391515 0.999307632 38.759288788
0.999277472 -0.010050594 0.036652576 2.581371307 0.010425553 0.999895096 -0.010053297 -4.408664703 -0.036547687 0.010428157 0.999277472 40.030303955
0.999205232 -0.011840179 0.038062546 2.694642544 0.012173533 0.999889433 -0.008538229 -4.548010349 -0.037957244 0.008994799 0.999238849 41.277866364
0.999085367 -0.012881006 0.040773109 2.783966541 0.013278419 0.999866724 -0.009491120 -4.696486473 -0.040645424 0.010023844 0.999123275 42.544597626
0.998957455 -0.014315002 0.043350432 2.879369974 0.014872827 0.999810278 -0.012572705 -4.845151901 -0.043162234 0.013204340 0.998980820 43.794532776
0.998863459 -0.015213855 0.045168702 2.989050627 0.015848307 0.999780238 -0.013721590 -4.991709232 -0.044950016 0.014421844 0.998885095 45.058704376
0.998739958 -0.015457571 0.047744431 3.114995480 0.016078329 0.999790788 -0.012645161 -5.122675419 -0.047538973 0.013396879 0.998779535 46.293670654
0.998523057 -0.016419852 0.051788360 3.211906910 0.016913068 0.999815702 -0.009099811 -5.280045986 -0.051629387 0.009962270 0.998616636 47.555667877
0.998245120 -0.019412387 0.055945501 3.327906609 0.019853212 0.999776006 -0.007334493 -5.415573597 -0.055790585 0.008432318 0.998406887 48.783744812
0.998023391 -0.021512654 0.059046611 3.461732388 0.021991253 0.999730229 -0.007467528 -5.559786320 -0.058870044 0.008751276 0.998227239 50.034206390
0.997758090 -0.024903787 0.062118549 3.610456944 0.025652066 0.999607384 -0.011277604 -5.692981720 -0.061813306 0.012845788 0.998005033 51.260616302
0.997477770 -0.026131036 0.065993652 3.747987270 0.026945237 0.999571025 -0.011477652 -5.826663494 -0.065665416 0.013226919 0.997754157 52.496730804
0.997115135 -0.028657338 0.070285544 3.874803066 0.029351916 0.999529779 -0.008869235 -5.967925549 -0.069998331 0.010906666 0.997487485 53.715988159
0.996848345 -0.031433593 0.072837606 4.037208080 0.031918671 0.999475300 -0.005505061 -6.099147797 -0.072626337 0.007812589 0.997328639 54.910026550
0.996575654 -0.033744648 0.075486913 4.166434765 0.034134369 0.999409735 -0.003878079 -6.241096020 -0.075311489 0.006441496 0.997139275 56.169372559
0.996375382 -0.036948107 0.076622464 4.320575714 0.037072029 0.999312639 -0.000195056 -6.370710373 -0.076562576 0.003034900 0.997060120 57.377273560
0.996221900 -0.039605882 0.077288322 4.465626717 0.039658695 0.999212921 0.000852085 -6.493434429 -0.077261224 0.002216287 0.997008562 58.598239899
0.996181428 -0.041456476 0.076837942 4.614701271 0.041765030 0.999124467 -0.002412354 -6.616023064 -0.076670669 0.005612281 0.997040749 59.790729523
0.996199191 -0.042576894 0.075989448 4.763473034 0.043202758 0.999044418 -0.006610749 -6.748014450 -0.075635366 0.009868578 0.997086704 61.002319336
0.996220291 -0.044019125 0.074883193 4.903337479 0.044941455 0.998932660 -0.010676008 -6.876151562 -0.074333325 0.014001017 0.997135103 62.183109283
0.996213377 -0.045970615 0.073794089 5.036516666 0.047053929 0.998807669 -0.013008459 -7.009980202 -0.073108099 0.016431503 0.997188628 63.402591705
0.996361017 -0.045945581 0.071788654 5.175767899 0.047006913 0.998807847 -0.013164388 -7.139912128 -0.071098246 0.016491050 0.997332990 64.578247070
0.996599913 -0.045279045 0.068836212 5.310697079 0.046226267 0.998856127 -0.012229682 -7.287496567 -0.068203725 0.015370142 0.997552991 65.795288086
0.996822178 -0.044430267 0.066117652 5.430004120 0.045219183 0.998922110 -0.010482995 -7.415839195 -0.065580629 0.013439471 0.997756720 66.971939087
0.997245312 -0.040791538 0.061950374 5.559212685 0.041276168 0.999126196 -0.006562903 -7.546318531 -0.061628524 0.009101899 0.998057663 68.157997131
0.997531474 -0.038823329 0.058513064 5.677409172 0.039144430 0.999224007 -0.004350951 -7.670446873 -0.058298744 0.006630669 0.998277128 69.339050293
0.997730017 -0.037652921 0.055831097 5.782493114 0.038117815 0.999246657 -0.007284954 -7.806860447 -0.055514738 0.009396578 0.998413682 70.507232666
0.997920513 -0.038054660 0.052024335 5.902421951 0.038858682 0.999139011 -0.014531325 -7.938126564 -0.051426549 0.016522704 0.998540044 71.693855286
0.997932076 -0.042058758 0.048607327 6.010721207 0.042947307 0.998926103 -0.017382376 -8.073545456 -0.047824044 0.019433983 0.998666644 72.864578247
0.997964799 -0.045973655 0.044187944 6.122903824 0.046564471 0.998838007 -0.012434952 -8.210218430 -0.043564912 0.014467233 0.998945951 74.030670166
0.997948527 -0.049695607 0.040363580 6.222464085 0.050031919 0.998720467 -0.007364375 -8.337595940 -0.039945967 0.009368734 0.999157846 75.191749573
0.998019874 -0.051864594 0.035584103 6.322003841 0.052069176 0.998631835 -0.004846355 -8.461028099 -0.035284057 0.006689596 0.999354959 76.375152588
0.998191237 -0.051139921 0.031602960 6.410130501 0.051240943 0.998683453 -0.002394432 -8.585833549 -0.031438902 0.004009468 0.999497712 77.534385681
0.998314321 -0.050960723 0.027774828 6.500104904 0.051046755 0.998693347 -0.002396828 -8.700392723 -0.027616395 0.003810604 0.999611318 78.690002441
0.998474479 -0.049388662 0.024684977 6.574451447 0.049504895 0.998765409 -0.004119407 -8.833284378 -0.024451051 0.005335150 0.999686778 79.863990784
0.998661458 -0.046977103 0.021640342 6.651678085 0.047187891 0.998842418 -0.009334661 -8.958860397 -0.021176778 0.010343328 0.999722302 81.011299133
0.998586178 -0.050268952 0.017281834 6.737545490 0.050514355 0.998624206 -0.014069328 -9.096706390 -0.016550813 0.014922416 0.999751568 82.168037415
0.998427868 -0.054099835 0.014660281 6.795895576 0.054321241 0.998408556 -0.015150137 -9.226286888 -0.013817331 0.015922684 0.999777734 83.309341431
0.998458087 -0.054397643 0.011058746 6.862641335 0.054524779 0.998445690 -0.011539686 -9.354536057 -0.010413826 0.012124868 0.999872267 84.445747375
0.998461008 -0.054920230 0.007708841 6.934072971 0.054989144 0.998446107 -0.009031992 -9.484814644 -0.007200823 0.009441996 0.999929368 85.576721191
0.998612702 -0.052135441 0.007406282 6.972854137 0.052214619 0.998576045 -0.010930470 -9.611729622 -0.006825872 0.011302023 0.999912858 86.736724854
0.998802304 -0.048416156 0.007058133 7.025342941 0.048512321 0.998722255 -0.014157922 -9.738171577 -0.006363642 0.014483375 0.999874890 87.857543945
0.998896122 -0.046633579 0.005633666 7.090148449 0.046723485 0.998762369 -0.017050374 -9.863162041 -0.004831574 0.017294779 0.999838829 88.955497742
0.998827219 -0.048135333 0.005240156 7.130980968 0.048218954 0.998688459 -0.017210087 -10.004957199 -0.004404870 0.017442575 0.999838173 90.106124878
0.998773873 -0.049356826 0.003836692 7.184272289 0.049407795 0.998672426 -0.014574780 -10.134159088 -0.003112234 0.014746474 0.999886334 91.222259521
0.998724520 -0.050387271 0.003232703 7.233028889 0.050421972 0.998658955 -0.011741124 -10.264771461 -0.002636765 0.011889154 0.999925792 92.338020325
0.998721302 -0.050503425 0.002256757 7.297399521 0.050526142 0.998656511 -0.011502358 -10.381865501 -0.001672816 0.011601675 0.999931216 93.470817566
0.998690844 -0.051101912 0.002295360 7.344748974 0.051128905 0.998595893 -0.013854022 -10.506487846 -0.001584170 0.013953242 0.999901414 94.579887390
0.998685658 -0.051226214 0.001720248 7.403044701 0.051248468 0.998533547 -0.017442666 -10.637838364 -0.000824203 0.017507901 0.999846339 95.685241699
0.998670101 -0.051535860 0.001450161 7.454500198 0.051553871 0.998499691 -0.018454976 -10.776189804 -0.000496892 0.018505186 0.999828637 96.790359497
0.998628616 -0.052344315 0.001065386 7.512966156 0.052354816 0.998489082 -0.016693590 -10.907821655 -0.000189962 0.016726475 0.999860048 97.875564575
0.998686790 -0.051176120 0.002390737 7.553540707 0.051200893 0.998618662 -0.011808064 -11.025853157 -0.001783144 0.011914967 0.999927402 98.957962036
0.998765051 -0.049538795 0.003783332 7.602854729 0.049568761 0.998736322 -0.008286309 -11.145695686 -0.003368058 0.008463610 0.999958456 100.022033691
0.998864770 -0.047268383 0.005901910 7.646933079 0.047316395 0.998845637 -0.008278990 -11.266890526 -0.005503763 0.008548850 0.999948323 101.092483521
0.998938799 -0.045306828 0.008276668 7.693735123 0.045389291 0.998918593 -0.010063272 -11.387321472 -0.007811784 0.010428264 0.999915123 102.126884460
0.998882234 -0.045985427 0.010939511 7.748500824 0.046117205 0.998862565 -0.012114685 -11.510930061 -0.010369970 0.012605645 0.999866784 103.149719238
0.998800814 -0.047265366 0.012759154 7.801430225 0.047435451 0.998784781 -0.013373995 -11.623257637 -0.012111523 0.013963196 0.999829173 104.166984558
0.998686612 -0.049088016 0.014680034 7.862571716 0.049273245 0.998706698 -0.012533905 -11.737958908 -0.014045782 0.013240776 0.999813735 105.151756287
0.998649776 -0.049239896 0.016555216 7.923907280 0.049422130 0.998719692 -0.010784238 -11.858956337 -0.016003009 0.011587869 0.999804854 106.124702454
0.998574436 -0.050332889 0.017768342 7.987557888 0.050503820 0.998680472 -0.009305632 -11.965935707 -0.017276516 0.010189735 0.999798834 107.060752869
0.998501241 -0.050911468 0.020085437 8.042476654 0.051114745 0.998645365 -0.009740370 -12.072393417 -0.019562330 0.010752433 0.999750793 107.977226257
0.998488724 -0.050625037 0.021385897 8.105625153 0.050804552 0.998677015 -0.007935293 -12.169639587 -0.020955881 0.009009799 0.999739826 108.878471375
0.998490751 -0.049780522 0.023202404 8.166289330 0.049930070 0.998735130 -0.005910703 -12.266009331 -0.022878822 0.007060277 0.999713361 109.749725342
0.998458683 -0.049872026 0.024349641 8.228711128 0.049949788 0.998748362 -0.002595620 -12.368204117 -0.024189720 0.003807880 0.999700069 110.609344482
0.998412490 -0.049916208 0.026089929 8.289189339 0.050002575 0.998745561 -0.002668305 -12.458440781 -0.025924008 0.003968633 0.999656022 111.433326721
0.998430848 -0.049030744 0.027053416 8.344600677 0.049095660 0.998792708 -0.001740444 -12.548743248 -0.026935415 0.003065919 0.999632478 112.248924255
0.998528361 -0.046779431 0.027432965 8.398729324 0.046832480 0.998902023 -0.001293993 -12.629929543 -0.027342308 0.002576843 0.999622822 113.028251648
0.998655081 -0.044307839 0.026924299 8.442559242 0.044272859 0.999017656 0.001894532 -12.707708359 -0.026981791 -0.000699969 0.999635696 113.782287598
0.998733044 -0.044256032 0.023952041 8.491486549 0.044202074 0.999018729 0.002777783 -12.790072441 -0.024051473 -0.001715533 0.999709249 114.531517029
0.998865306 -0.044251125 0.017603822 8.529753685 0.044207573 0.999018312 0.002855666 -12.863628387 -0.017712912 -0.002074204 0.999840975 115.228073120
0.999060333 -0.042747881 0.007142799 8.558174133 0.042734832 0.999084413 0.001969623 -12.939514160 -0.007220458 -0.001662526 0.999972582 115.894294739
0.999190807 -0.039688822 -0.006520884 8.556993484 0.039680678 0.999211431 -0.001374005 -13.004531860 0.006570272 0.001114140 0.999977767 116.532966614
0.998921454 -0.038674109 -0.025695147 8.559130669 0.038600489 0.999249101 -0.003355075 -13.076246262 0.025805609 0.002359610 0.999664128 117.158721924
0.998179495 -0.036933798 -0.047680855 8.522443771 0.036699444 0.999309599 -0.005781335 -13.143839836 0.047861464 0.004020948 0.998845935 117.745262146
0.996511459 -0.035273880 -0.075635359 8.485649109 0.034798965 0.999365509 -0.007588105 -13.210241318 0.075855032 0.004929601 0.997106671 118.316581726
0.993595183 -0.033225436 -0.108002588 8.418380737 0.032383293 0.999429941 -0.009542419 -13.277077675 0.108258076 0.005983823 0.994104803 118.863189697
0.989297867 -0.028668959 -0.143066272 8.310045242 0.027396714 0.999565780 -0.010855082 -13.341049194 0.143315345 0.006819364 0.989653528 119.398506165
0.983046532 -0.022787394 -0.181934878 8.209182739 0.021275064 0.999720931 -0.010260052 -13.400845528 0.182117939 0.006215431 0.983257174 119.907180786
0.974549770 -0.017311910 -0.223501965 8.069290161 0.015840799 0.999839425 -0.008373458 -13.456832886 0.223611042 0.004619903 0.974667609 120.410652161
0.963294148 -0.012776381 -0.268144161 7.896625519 0.011381989 0.999912322 -0.006754059 -13.514627457 0.268207014 0.003454131 0.963355124 120.906036377
0.949161291 -0.006417667 -0.314724922 7.705230713 0.004376586 0.999964595 -0.007191536 -13.570962906 0.314759910 0.005448507 0.949155748 121.369918823
0.931701839 0.001051822 -0.363222539 7.476608276 -0.004242255 0.999958992 -0.007986117 -13.628300667 0.363199234 0.008981562 0.931668162 121.852890015
0.910743237 0.006095791 -0.412928104 7.223003387 -0.010674639 0.999904454 -0.008782752 -13.680937767 0.412835091 0.012406692 0.910721302 122.282272339
0.885706544 0.010414594 -0.464128733 6.956348419 -0.015651044 0.999849856 -0.007431556 -13.734207153 0.463981628 0.013846274 0.885736644 122.695800781
0.856574357 0.013415202 -0.515849113 6.674129486 -0.020153891 0.999769032 -0.007465754 -13.773903847 0.515629768 0.016791338 0.856646895 123.100677490
0.825400293 0.023663912 -0.564051688 6.343685150 -0.031114792 0.999509394 -0.003598709 -13.830540657 0.563689709 0.020520728 0.825731695 123.464019775
0.791467607 0.036329027 -0.610130608 5.996368408 -0.043761283 0.999038279 0.002718203 -13.868332863 0.609642506 0.024548724 0.792296171 123.820953369
0.755416334 0.045002960 -0.653697848 5.641349792 -0.054813650 0.998481989 0.005396252 -13.908706665 0.652948439 0.031755146 0.756736457 124.139862061
0.715637922 0.048779555 -0.696766078 5.275360107 -0.061871994 0.998064101 0.006325177 -13.953912735 0.695725560 0.038583770 0.717270672 124.437942505
0.673194587 0.050655477 -0.737728357 4.897346497 -0.064692847 0.997860193 0.009483450 -14.000345230 0.736630142 0.041341536 0.675031066 124.721580505
0.629339576 0.054206368 -0.775237739 4.489730835 -0.068144508 0.997571051 0.014432570 -14.033803940 0.774136961 0.043745209 0.631504655 124.992218018
0.584434509 0.062912762 -0.808998346 4.064899445 -0.079424739 0.996637642 0.020126944 -14.065021515 0.807544470 0.052491609 0.587466180 125.221054077
0.538675010 0.071602300 -0.839465678 3.624130249 -0.090816908 0.995511413 0.026636124 -14.088646889 0.837604642 0.061889470 0.542759717 125.433845520
0.491784900 0.076744765 -0.867327988 3.168678284 -0.096050158 0.994810462 0.033563402 -14.117853165 0.865402818 0.066801019 0.496604085 125.634826660
0.444998324 0.077808574 -0.892144740 2.697689056 -0.096156470 0.994610369 0.038782660 -14.134548187 0.890354097 0.068527274 0.450081706 125.815345764
0.398164690 0.079591103 -0.913854599 2.224681854 -0.093717076 0.994545400 0.045786437 -14.156356812 0.912514091 0.067413241 0.403451979 125.982772827
0.352003872 0.082384579 -0.932365775 1.733501434 -0.095244572 0.994100928 0.051881071 -14.178421021 0.931140006 0.070540451 0.357774019 126.133407593
0.308245599 0.085422561 -0.947463751 1.227729797 -0.100658908 0.993297935 0.056806795 -14.196611404 0.945966423 0.077860236 0.314778209 126.251068115
0.266812652 0.087287895 -0.959787369 0.703039169 -0.105269387 0.992570639 0.061005384 -14.215959549 0.957981944 0.084759228 0.274019182 126.355979919
0.228042111 0.083843917 -0.970034599 0.176019669 -0.105761364 0.992523491 0.060924649 -14.231414795 0.967890143 0.088698789 0.235204563 126.449134827
0.193338022 0.078724615 -0.977968752 -0.360084534 -0.100454159 0.993125796 0.060085595 -14.249454498 0.975976110 0.086624183 0.199917197 126.539436340
0.162946701 0.073657468 -0.983881593 -0.916330338 -0.098107807 0.993476748 0.058127563 -14.266548157 0.981745005 0.087054767 0.169110134 126.618453979
0.135733768 0.072101727 -0.988118351 -1.477323532 -0.098362952 0.993401527 0.058975529 -14.291191101 0.985850453 0.089189254 0.141930327 126.698768616
0.113596961 0.071265012 -0.990967691 -2.059300423 -0.099480867 0.993227422 0.060023792 -14.305960655 0.988533914 0.091763794 0.119917125 126.764656067
0.095427610 0.072616622 -0.992784142 -2.665127754 -0.101897500 0.992809236 0.062823936 -14.319414139 0.990207374 0.095167086 0.102140844 126.812622070
0.079187900 0.070876360 -0.994336784 -3.268558502 -0.102515705 0.992759585 0.062599704 -14.342700005 0.991574407 0.096978001 0.085880473 126.866935730
0.065806627 0.069814287 -0.995387077 -3.890101433 -0.102001421 0.992794394 0.062888972 -14.368144035 0.992605329 0.097392380 0.072453596 126.909172058
0.052976251 0.067299880 -0.996325314 -4.531572819 -0.096913569 0.993363261 0.061946724 -14.392258644 0.993881881 0.093275756 0.059146918 126.967994690
0.040753495 0.064721890 -0.997070789 -5.178771973 -0.094613127 0.993665814 0.060633734 -14.410627365 0.994679689 0.091864951 0.046618901 127.012550354
0.029917588 0.064424433 -0.997474015 -5.837726116 -0.094095886 0.993670642 0.061356533 -14.431851387 0.995113552 0.092022561 0.035790298 127.048919678
0.020806935 0.065947548 -0.997606099 -6.510872841 -0.097401291 0.993209302 0.063625410 -14.456028938 0.995027721 0.095844254 0.027089018 127.062873840
0.012652891 0.065003432 -0.997804761 -7.208662987 -0.100439265 0.992920399 0.063411579 -14.475990295 0.994862676 0.099416465 0.019092213 127.078346252
0.006056313 0.064543188 -0.997896552 -7.895566463 -0.103098966 0.992637217 0.063577294 -14.498209000 0.994652629 0.102497041 0.012666056 127.098335266
0.000727885 0.066034429 -0.997817099 -8.590657234 -0.103707992 0.992441952 0.065603048 -14.520829201 0.994607449 0.103433870 0.007570683 127.115211487
-0.002719389 0.067831904 -0.997693002 -9.310214043 -0.105508409 0.992108524 0.067739807 -14.535244942 0.994414687 0.105449229 0.004458908 127.137924194
-0.003773123 0.071462631 -0.997436106 -10.026646614 -0.107808724 0.991600633 0.071452364 -14.557265282 0.994164407 0.107801907 0.003962862 127.155403137
-0.004922718 0.074947536 -0.997175336 -10.759993553 -0.110623635 0.991026103 0.075031474 -14.573007584 0.993850112 0.110680513 0.003412427 127.169998169
-0.006121567 0.080728620 -0.996717274 -11.491087914 -0.115418844 0.990017414 0.080894813 -14.585804939 0.993298054 0.115535147 0.003257143 127.180618286
-0.007438790 0.084511712 -0.996394694 -12.229054451 -0.118366733 0.989342570 0.084797248 -14.600268364 0.992942095 0.118570767 0.002643861 127.199615479
-0.008694148 0.085022159 -0.996341109 -12.974036217 -0.117694564 0.989366233 0.085453957 -14.615907669 0.993011773 0.118006893 0.001404948 127.214454651
-0.009920437 0.081459872 -0.996627271 -13.742321968 -0.116051309 0.989847481 0.082060911 -14.633707047 0.993193686 0.116473950 -0.000366195 127.234550476
-0.011888304 0.078213722 -0.996865749 -14.492042542 -0.119779110 0.989646435 0.079075739 -14.640653610 0.992729485 0.120343767 -0.002396849 127.251213074
-0.012701173 0.079943955 -0.996718407 -15.267351151 -0.124617934 0.988900840 0.080904916 -14.650342941 0.992123544 0.125236571 -0.002597752 127.249389648
-0.014290877 0.083052754 -0.996442676 -16.041856766 -0.121887282 0.988967896 0.084177844 -14.664768219 0.992440999 0.122656666 -0.004010144 127.266319275
-0.016317949 0.083148554 -0.996403456 -16.816209793 -0.120641418 0.989091992 0.084514134 -14.680075645 0.992561996 0.121586621 -0.006108793 127.282699585
-0.017143453 0.082369201 -0.996454418 -17.604709625 -0.123867668 0.988748550 0.083863303 -14.690161705 0.992150664 0.124866180 -0.006747682 127.283073425
-0.018187350 0.082102373 -0.996457934 -18.399768829 -0.127801463 0.988256633 0.083759278 -14.704265594 0.991632998 0.128872141 -0.007480966 127.294540405
-0.019514592 0.086330302 -0.996075451 -19.196655273 -0.129659727 0.987633407 0.088138856 -14.709506989 0.991366446 0.130870879 -0.008079701 127.305068970
-0.020264147 0.091125138 -0.995633245 -20.000333786 -0.128938496 0.987283409 0.092985213 -14.722120285 0.991445482 0.130259722 -0.008256917 127.321052551
-0.019044172 0.093457483 -0.995441139 -20.826679230 -0.130361810 0.986890256 0.095148683 -14.726947784 0.991283536 0.131579533 -0.006611225 127.331611633
-0.017260175 0.092405476 -0.995571852 -21.645236969 -0.129729912 0.987096190 0.093867920 -14.735036850 0.991399109 0.130775645 -0.005049697 127.344902039
-0.015834512 0.092442483 -0.995592117 -22.474006653 -0.129599854 0.987127602 0.093717769 -14.738318443 0.991439939 0.130512580 -0.003650153 127.354316711
-0.015866311 0.091418900 -0.995686054 -23.299432755 -0.127897248 0.987445772 0.092700332 -14.743403435 0.991660476 0.128816366 -0.003974895 127.379867554
-0.014918918 0.093338951 -0.995522618 -24.136150360 -0.128835648 0.987154424 0.094485097 -14.749300003 0.991553724 0.129668400 -0.002701895 127.399711609
-0.014512083 0.095333129 -0.995339632 -24.976152420 -0.130463943 0.986754119 0.096412972 -14.749977112 0.991346896 0.131255060 -0.001882326 127.419174194
-0.014200645 0.097924747 -0.995092511 -25.853523254 -0.133556977 0.986089587 0.098944724 -14.751799583 0.990939379 0.134306610 -0.000924573 127.429595947
-0.012625070 0.099091128 -0.994998276 -26.716449738 -0.135726258 0.985698223 0.099887103 -14.749487877 0.990666032 0.136308491 0.001004759 127.443618774
-0.010881499 0.102276646 -0.994696498 -27.586481094 -0.142453820 0.984450579 0.102781497 -14.749212265 0.989741683 0.142816752 0.003857400 127.459571838
-0.008606243 0.105983950 -0.994330585 -28.470575333 -0.147012502 0.983428299 0.106094331 -14.743562698 0.989097178 0.147092089 0.007117342 127.477577209
-0.006538088 0.107620724 -0.994170487 -29.345478058 -0.149386063 0.982930303 0.107386373 -14.736465454 0.988757372 0.149217367 0.009650553 127.509902954
-0.002882406 0.108645976 -0.994076312 -30.242341995 -0.148420170 0.983023763 0.107868358 -14.738880157 0.988920212 0.147851810 0.013291778 127.535835266
-0.000260049 0.108697988 -0.994074821 -31.133743286 -0.151133478 0.982652009 0.107488483 -14.734152794 0.988513350 0.150265932 0.016172364 127.567451477
0.002159127 0.112548560 -0.993643880 -32.035022736 -0.151720256 0.982180119 0.110920385 -14.726116180 0.988421202 0.150516406 0.019196548 127.600112915
0.004311182 0.114566699 -0.993406296 -32.944114685 -0.150700897 0.982144177 0.112613901 -14.718172073 0.988570035 0.149221689 0.021499509 127.641479492
0.006176810 0.115747713 -0.993259370 -33.837020874 -0.151309520 0.981949985 0.113488808 -14.713559151 0.988467097 0.149588645 0.023579044 127.683143616
0.008699860 0.113849662 -0.993459940 -34.740139008 -0.152431637 0.982037544 0.111205824 -14.705434799 0.988275707 0.150467262 0.025897881 127.716415405
0.008842655 0.115327224 -0.993288159 -35.649669647 -0.157174602 0.981140137 0.112517513 -14.697014809 0.987531245 0.155124724 0.026802387 127.757095337
0.009918435 0.116155297 -0.993181527 -36.543724060 -0.158061206 0.980925679 0.113143459 -14.692787170 0.987379551 0.155861273 0.028088892 127.794700623
0.010483359 0.112657353 -0.993578613 -37.441673279 -0.158517465 0.981255710 0.109587595 -14.689235687 0.987300515 0.156350687 0.028145013 127.830062866
0.010984676 0.108235314 -0.994064629 -38.340824127 -0.159559086 0.981576383 0.105112404 -14.686743736 0.987127244 0.157457411 0.028052226 127.877792358
0.011483972 0.107414074 -0.994148016 -39.237857819 -0.159258172 0.981719255 0.104231484 -14.680517197 0.987170160 0.157129198 0.028380603 127.920776367
0.011197060 0.111526318 -0.993698418 -40.138385773 -0.161279589 0.980950892 0.108278304 -14.677028656 0.986845195 0.159050882 0.028970683 127.966682434
0.011776234 0.117777087 -0.992970169 -41.063224792 -0.162193611 0.980113328 0.114328571 -14.664674759 0.986688673 0.159707084 0.030644735 127.995620728
0.012147392 0.116393261 -0.993128896 -41.959167480 -0.160133600 0.980609775 0.112967387 -14.663111687 0.987020612 0.157661036 0.030550323 128.040786743
0.013214569 0.106144823 -0.994262874 -42.848255157 -0.159483105 0.981844187 0.102699369 -14.669364929 0.987112164 0.157211021 0.029902954 128.084106445
0.013236331 0.095853664 -0.995307446 -43.772056580 -0.161011785 0.982609212 0.092489488 -14.676508904 0.986863732 0.159031972 0.028439708 128.126098633
0.012152474 0.092856735 -0.995605290 -44.671489716 -0.157779977 0.983383477 0.089790955 -14.684700012 0.987399518 0.155995399 0.026601478 128.174819946
0.012407426 0.102945015 -0.994609714 -45.592208862 -0.150520697 0.983544111 0.099922024 -14.686813354 0.988529027 0.148469567 0.027698612 128.224334717
0.012074526 0.116008684 -0.993174791 -46.528388977 -0.145375267 0.982897639 0.113040857 -14.683828354 0.989302933 0.143018112 0.028732814 128.284408569
0.012249969 0.124963917 -0.992085695 -47.449264526 -0.145633951 0.981803656 0.121870533 -14.673954964 0.989262760 0.142988443 0.030226056 128.332366943
0.011972541 0.119391188 -0.992775142 -48.367530823 -0.145787239 0.982445538 0.116390802 -14.670467377 0.989243567 0.143340468 0.029168081 128.374191284
0.012205653 0.105890587 -0.994302869 -49.281692505 -0.145482033 0.983984113 0.103005804 -14.668536186 0.989285529 0.143395960 0.027415346 128.417007446
0.012795337 0.096985102 -0.995203555 -50.195709229 -0.146038800 0.984793901 0.094093040 -14.667025566 0.989196122 0.144134387 0.026764357 128.461639404
0.013277465 0.096896492 -0.995205939 -51.117542267 -0.145348877 0.984909296 0.093954802 -14.674831390 0.989291310 0.143404573 0.027160890 128.508865356
0.012640806 0.098670840 -0.995039821 -52.065605164 -0.148443758 0.984277606 0.095717840 -14.691917419 0.988840044 0.146497488 0.027089138 128.552108765
0.013393709 0.098104946 -0.995085895 -52.993408203 -0.153038040 0.983651340 0.094917752 -14.692507744 0.988129497 0.151014671 0.028188528 128.586105347
0.013969949 0.097441874 -0.995143175 -53.932254791 -0.154902682 0.983436048 0.094121002 -14.693468094 0.987830997 0.152835488 0.028832564 128.627136230
0.014467661 0.105288669 -0.994336426 -54.887554169 -0.163647696 0.981280804 0.101525135 -14.698980331 0.986412764 0.161252022 0.031427085 128.670425415
0.015805755 0.114717446 -0.993272364 -55.827430725 -0.168936566 0.979421139 0.110429443 -14.690904617 0.985500216 0.166054621 0.034860458 128.712219238
0.017113179 0.123078868 -0.992249310 -56.783100128 -0.169422299 0.978400886 0.118439108 -14.683907509 0.985395014 0.166082293 0.037595853 128.755340576
0.018141489 0.123366296 -0.992195308 -57.740688324 -0.171190262 0.978087902 0.118482128 -14.670309067 0.985071003 0.167704761 0.038863078 128.805526733
0.019824220 0.114100412 -0.993271410 -58.678451538 -0.173020646 0.978868961 0.108992718 -14.669857025 0.984718680 0.169695765 0.039147049 128.851699829
0.021122996 0.109026238 -0.993814588 -59.615890503 -0.171392575 0.979715466 0.103836678 -14.662550926 0.984976411 0.168139055 0.039380822 128.908309937
0.023092106 0.107475989 -0.993939459 -60.589115143 -0.169737265 0.980191767 0.102045931 -14.661899567 0.985218823 0.166352093 0.040877368 128.965209961
0.026393896 0.113074854 -0.993235826 -61.550060272 -0.171325117 0.979392827 0.106946148 -14.655467987 0.984860957 0.167343512 0.045222554 129.027923584
0.029761394 0.115723856 -0.992835462 -62.516731262 -0.174374402 0.978645384 0.108842812 -14.661073685 0.984229565 0.169885814 0.049305130 129.084014893
0.033611082 0.110682465 -0.993287265 -63.472919464 -0.173458159 0.979412258 0.103266843 -14.660419464 0.984267533 0.168822885 0.052117877 129.146682739
0.036819011 0.104974255 -0.993793070 -64.425231934 -0.173457801 0.980043292 0.097095430 -14.664892197 0.984152794 0.168806225 0.054292824 129.214172363
0.040878803 0.104382128 -0.993696809 -65.389350891 -0.171112433 0.980566978 0.095963664 -14.659969330 0.984403074 0.166111037 0.057945479 129.280136108
0.042440273 0.109175459 -0.993116081 -66.341506958 -0.168223590 0.980601013 0.100610696 -14.680292130 0.984834790 0.162795618 0.059982866 129.377365112
0.045922037 0.115747295 -0.992216587 -67.299987793 -0.167652771 0.980069041 0.106570862 -14.678857803 0.984776080 0.161453888 0.064412124 129.457717896
0.048435234 0.119435482 -0.991659820 -68.266510010 -0.165418595 0.980074167 0.109960631 -14.678910255 0.985033333 0.158712983 0.067226976 129.544876099
0.050502915 0.121031351 -0.991363108 -69.244155884 -0.165200412 0.979968250 0.111224420 -14.677392960 0.984966099 0.158156455 0.069485679 129.626449585
0.053127784 0.118338138 -0.991550982 -70.188659668 -0.163813725 0.980534375 0.108246140 -14.676742554 0.985059619 0.156678811 0.071479030 129.696044922
0.053914886 0.116971180 -0.991670728 -71.133880615 -0.161803693 0.981013834 0.106917262 -14.679314613 0.985349059 0.154691547 0.071817622 129.784439087
0.054828417 0.113563970 -0.992016673 -72.079528809 -0.158817858 0.981854916 0.103622884 -14.687883377 0.985784292 0.151868477 0.071869530 129.873077393
0.053917974 0.113065362 -0.992123663 -73.067214966 -0.157305405 0.982124329 0.103376910 -14.679116249 0.986077011 0.150492549 0.070739962 129.964202881
0.053638674 0.117775157 -0.991590619 -74.020179749 -0.153982043 0.982118130 0.108320646 -14.680032730 0.986616611 0.146876976 0.070814781 130.052246094
0.052985810 0.119692005 -0.991396189 -74.980468750 -0.147913054 0.982780159 0.110746495 -14.684873581 0.987579942 0.140772447 0.069777429 130.152999878
0.052606158 0.114902861 -0.991982877 -75.937873840 -0.145159632 0.983687282 0.106243990 -14.669530869 0.988008797 0.138406739 0.068427265 130.233016968
0.050629307 0.111409962 -0.992483974 -76.889640808 -0.147175655 0.983741164 0.102920696 -14.674392700 0.987813711 0.140858665 0.066202968 130.316513062
0.049357839 0.108696409 -0.992848873 -77.838600159 -0.143657848 0.984496713 0.100640304 -14.676437378 0.988395870 0.137663171 0.064207725 130.400924683
0.048185833 0.109410077 -0.992828012 -78.802818298 -0.143798828 0.984387875 0.101500839 -14.676270485 0.988433123 0.137876645 0.063166589 130.470993042
0.047725197 0.110725984 -0.992704332 -79.762313843 -0.145409897 0.984019816 0.102766596 -14.678806305 0.988219738 0.139444500 0.063063189 130.541824341
0.046198491 0.110955641 -0.992751002 -80.716613770 -0.146903232 0.983761549 0.103114672 -14.680133820 0.988071382 0.141074598 0.061748039 130.618621826
0.045156438 0.112097114 -0.992670715 -81.665336609 -0.146708027 0.983654618 0.104405247 -14.682734489 0.988148570 0.140918195 0.060863890 130.685424805
0.042812131 0.111954905 -0.992790580 -82.630134583 -0.146606401 0.983648837 0.104601905 -14.680709839 0.988268137 0.141071260 0.058525406 130.762252808
0.041320689 0.114423469 -0.992572486 -83.590850830 -0.146736905 0.983343959 0.107251011 -14.672548294 0.988312125 0.141215295 0.057422601 130.833969116
0.039758004 0.118254669 -0.992187083 -84.544670105 -0.148062706 0.982707441 0.111191787 -14.664357185 0.988178432 0.142485157 0.056579597 130.895629883
0.037711404 0.123111978 -0.991675973 -85.493804932 -0.149264783 0.981942534 0.116227381 -14.653233528 0.988077879 0.143639207 0.055406716 130.962066650
0.035555661 0.123012029 -0.991768062 -86.445610046 -0.149123669 0.981938004 0.116446577 -14.648527145 0.988179028 0.143755719 0.053257473 131.028976440
0.034616970 0.117783144 -0.992435873 -87.389999390 -0.149253860 0.982503712 0.111398317 -14.642146111 0.988192797 0.144268602 0.051590893 131.090988159
0.032154080 0.113000572 -0.993074536 -88.336967468 -0.153574854 0.982347608 0.106807493 -14.629061699 0.987613738 0.149076983 0.048940532 131.153442383
0.030842308 0.110911414 -0.993351579 -89.279609680 -0.151480496 0.982863665 0.105037116 -14.625890732 0.987978935 0.147233799 0.047114696 131.221054077
0.030498855 0.111999646 -0.993240118 -90.246810913 -0.146750584 0.983435869 0.106387891 -14.626398087 0.988703251 0.142513841 0.046429675 131.275878906
0.030051559 0.113481566 -0.993085563 -91.195732117 -0.143715173 0.983701646 0.108060308 -14.623966217 0.989162624 0.139474094 0.045870800 131.338455200
0.028776133 0.113262802 -0.993148208 -92.147605896 -0.138509661 0.984426677 0.108254902 -14.624738693 0.989942908 0.134445459 0.044015985 131.408157349
0.027468612 0.110472865 -0.993499577 -93.089378357 -0.134462267 0.985250354 0.105837949 -14.626805305 0.990537941 0.130680993 0.041917894 131.474700928
0.026854360 0.107382812 -0.993854940 -94.033248901 -0.129477262 0.986212194 0.103058517 -14.630845070 0.991218626 0.125914037 0.040387727 131.538375854
0.025132140 0.110095225 -0.993603230 -95.016082764 -0.127764165 0.986120105 0.106034420 -14.633433342 0.991486013 0.124282017 0.038849540 131.594680786
0.023663608 0.112211712 -0.993402421 -95.963279724 -0.127136275 0.985950530 0.108341485 -14.627932549 0.991602898 0.123733744 0.037597328 131.655715942
0.022356873 0.109989427 -0.993681252 -96.921501160 -0.123129003 0.986665666 0.106442600 -14.622735977 0.992138803 0.119971260 0.035601649 131.706817627
0.020357512 0.106878273 -0.994063556 -97.871726990 -0.120128796 0.987327993 0.103693955 -14.621356964 0.992549539 0.117304720 0.032938704 131.759063721
0.016593453 0.104452550 -0.994391441 -98.837127686 -0.118971311 0.987669230 0.101761162 -14.617444038 0.992759049 0.116615489 0.028815696 131.815902710
0.013949608 0.103627220 -0.994518459 -99.792114258 -0.113416672 0.988360167 0.101394705 -14.626412392 0.993449628 0.111380562 0.025540290 131.866271973
0.011715187 0.103515781 -0.994558752 -100.750984192 -0.106565997 0.989091754 0.101691492 -14.618855476 0.994236648 0.104794823 0.022618655 131.912261963
0.009269691 0.111441039 -0.993727744 -101.715202332 -0.096619412 0.989220440 0.110034265 -14.616997719 0.995278180 0.094993412 0.019937135 131.976043701
0.006753643 0.119507939 -0.992810309 -102.672309875 -0.088532925 0.989005685 0.118447714 -14.611563683 0.996050358 0.087096453 0.017259780 132.032180786
0.003881657 0.118537702 -0.992941916 -103.625648499 -0.084370121 0.989447892 0.117790751 -14.600518227 0.996426940 0.083317414 0.013841737 132.079986572
0.001040816 0.109198041 -0.994019449 -104.580879211 -0.085255302 0.990410745 0.108712301 -14.603927612 0.996358573 0.084632292 0.010340547 132.115951538
-0.001019837 0.099823497 -0.995004654 -105.528327942 -0.087056324 0.991218626 0.099532895 -14.601178169 0.996202826 0.086722948 0.007679385 132.154113770
-0.001373792 0.101384498 -0.994846404 -106.486709595 -0.094416603 0.990390003 0.101060703 -14.601415634 0.995531797 0.094068870 0.008211788 132.175537109
-0.002424528 0.110964790 -0.993821383 -107.446731567 -0.098035224 0.989010513 0.110666811 -14.590935707 0.995180011 0.097697824 0.008480577 132.213424683
-0.003849983 0.122211203 -0.992496669 -108.410652161 -0.102051057 0.987274170 0.121963985 -14.576708794 0.994771719 0.101754904 0.008670792 132.242874146
-0.005397733 0.124212682 -0.992240906 -109.352783203 -0.109016351 0.986268282 0.124058016 -14.566136360 0.994025290 0.108840130 0.008217598 132.275314331
-0.005312335 0.120383494 -0.992713213 -110.337768555 -0.115868032 0.985966563 0.120185398 -14.539250374 0.993250370 0.115662202 0.008710813 132.297622681
-0.005568870 0.116474710 -0.993178070 -111.292121887 -0.123978131 0.985450268 0.116263598 -14.525629044 0.992269337 0.123779811 0.008952473 132.322967529
-0.003115339 0.118370116 -0.992964625 -112.256744385 -0.128607154 0.984675944 0.117785521 -14.504837990 0.991690755 0.128069326 0.012155645 132.345977783
-0.002271121 0.119624995 -0.992816567 -113.237373352 -0.136768773 0.983452380 0.118809551 -14.485481262 0.990600407 0.136056140 0.014127427 132.376983643
-0.001689614 0.122287415 -0.992493272 -114.201187134 -0.145943791 0.981837809 0.121222958 -14.467261314 0.989291549 0.145053074 0.016188163 132.398056030
-0.001504701 0.124471873 -0.992222011 -115.176712036 -0.151382431 0.980759680 0.123263501 -14.444723129 0.988474131 0.150390446 0.017367100 132.425277710
-0.001458098 0.124086656 -0.992270291 -116.151611328 -0.155276045 0.980208099 0.122806415 -14.433453560 0.987870038 0.154254839 0.017838443 132.469512939
0.000357564 0.114597388 -0.993412018 -117.107986450 -0.154288843 0.981522977 0.113170370 -14.433730125 0.988025725 0.153231949 0.018032057 132.501083374
0.001544189 0.102942772 -0.994686067 -118.058639526 -0.157415852 0.982310891 0.101417653 -14.423163414 0.987531185 0.156422749 0.017721698 132.540206909
