1.000000000 0.000000000 0.000000000 0.000000000 0.000000000 1.000000000 0.000000000 0.000000000 0.000000000 0.000000000 1.000000000 0.000000000
0.999997854 -0.001573635 -0.001335716 0.048269603 0.001570797 0.999996483 -0.002123164 -0.132815585 0.001339052 0.002121061 0.999996841 1.298457265
0.999997854 0.000070938 -0.002062449 0.103852853 -0.000083954 0.999980092 -0.006312014 -0.267681092 0.002061960 0.006312175 0.999977946 2.602025270
0.999996126 0.002520911 -0.001188657 0.147332028 -0.002530235 0.999965608 -0.007909722 -0.406222045 0.001168676 0.007912699 0.999967992 3.905316114
0.999983490 0.005744245 0.000387047 0.192523450 -0.005741544 0.999961317 -0.006650241 -0.544525027 -0.000425233 0.006647908 0.999977827 5.218755722
0.999974787 0.006616866 0.002574855 0.241018549 -0.006608558 0.999972999 -0.003221569 -0.691238523 -0.002596102 0.003204472 0.999991477 6.540010452
0.999959290 0.006798085 0.005930169 0.296263337 -0.006786235 0.999974966 -0.002015917 -0.828023434 -0.005943725 0.001975592 0.999980330 7.844116211
0.999942482 0.005359541 0.009287944 0.357327193 -0.005342458 0.999984086 -0.001863016 -0.962934494 -0.009297781 0.001813289 0.999955118 9.157011032
0.999911189 0.004072898 0.012688679 0.434926391 -0.004050622 0.999990165 -0.001780762 -1.099634767 -0.012695805 0.001729207 0.999917865 10.457078934
0.999868870 0.002748006 0.015955007 0.501408398 -0.002707782 0.999993086 -0.002542173 -1.237027526 -0.015961884 0.002498638 0.999869466 11.768472672
0.999811232 0.001575670 0.019368459 0.577090621 -0.001509745 0.999993026 -0.003417847 -1.371488214 -0.019373711 0.003387961 0.999806523 13.061475754
0.999741197 0.001570817 0.022695631 0.648271680 -0.001496491 0.999993443 -0.003291519 -1.520577192 -0.022700654 0.003256704 0.999736965 14.388981819
0.999657393 0.001553979 0.026128545 0.733216643 -0.001440896 0.999989450 -0.004346224 -1.659273267 -0.026135026 0.004307086 0.999649107 15.686447144
0.999571860 0.002501862 0.029152397 0.817784548 -0.002375654 0.999987662 -0.004363074 -1.798042059 -0.029162955 0.004291950 0.999565482 16.992214203
0.999473572 0.002046966 0.032377761 0.907369137 -0.001922515 0.999990642 -0.003874391 -1.937109351 -0.032385390 0.003810104 0.999468267 18.279621124
0.999404728 0.000559041 0.034494013 1.004000068 -0.000437253 0.999993622 -0.003538142 -2.082293510 -0.034495775 0.003520953 0.999398589 19.580575943
0.999352157 -0.001972065 0.035935480 1.102586627 0.002148286 0.999985814 -0.004865872 -2.221904516 -0.035925385 0.004939920 0.999342203 20.859241486
0.999302864 -0.001452938 0.037304860 1.198518276 0.001705807 0.999975801 -0.006747507 -2.362021923 -0.037294153 0.006806438 0.999281168 22.167558670
0.999252558 -0.001254345 0.038633849 1.281984329 0.001623181 0.999953449 -0.009517092 -2.504574537 -0.038620107 0.009572688 0.999208152 23.456949234
0.999219894 -0.000998091 0.039479215 1.386463523 0.001428991 0.999939680 -0.010887876 -2.648631811 -0.039465975 0.010935798 0.999161065 24.742767334
0.999173641 -0.000303649 0.040644027 1.485649824 0.000774269 0.999932826 -0.011563830 -2.794504881 -0.040637791 0.011585742 0.999106765 26.014112473
0.999159217 -0.001952893 0.040952206 1.587944388 0.002384337 0.999942124 -0.010489091 -2.942914009 -0.040929347 0.010577918 0.999106050 27.304613113
0.999149680 -0.004912618 0.040934455 1.690337658 0.005299660 0.999942183 -0.009352027 -3.089687824 -0.040886156 0.009561014 0.999118030 28.582883835
0.999172032 -0.006458382 0.040167008 1.787373304 0.006858216 0.999928236 -0.009824498 -3.236423969 -0.040100668 0.010091837 0.999144614 29.872938156
0.999192655 -0.008091317 0.039350018 1.893814802 0.008587775 0.999885440 -0.012463847 -3.380499125 -0.039244656 0.012791714 0.999147773 31.140417099
0.999221981 -0.008208307 0.038575213 2.001617670 0.008698165 0.999883354 -0.012548122 -3.530588150 -0.038467716 0.012873894 0.999176919 32.426555634
0.999234259 -0.008790420 0.038125981 2.097592354 0.009288173 0.999873638 -0.012898045 -3.674659729 -0.038007781 0.013242288 0.999189734 33.691097260
0.999252677 -0.009233638 0.037538085 2.195566177 0.009724140 0.999869466 -0.012905271 -3.821492195 -0.037414018 0.013260649 0.999211848 34.961540222
0.999264896 -0.009820694 0.037058413 2.290557384 0.010324385 0.999856591 -0.013425052 -3.966232538 -0.036921255 0.013797789 0.999222934 36.221683502
0.999299347 -0.010376181 0.035959903 2.398087978 0.010870003 0.999848902 -0.013564440 -4.124944687 -0.035813715 0.013945821 0.999261200 37.508110046
0.999295354 -0.010110765 0.036144871 2.490626335 0.010540687 0.999875724 -0.011723710 -4.270526409 -0.036021844 0.012096442 0.999277771 38.767101288
0.999260187 -0.009941002 0.037148394 2.587668896 0.010346245 0.999888837 -0.010732466 -4.409800529 -0.037037570 0.011108874 0.999252141 40.036228180
0.999178588 -0.011741306 0.038785826 2.697409868 0.012102844 0.999885380 -0.009099782 -4.552203178 -0.038674537 0.009561726 0.999206185 41.285717010
0.999074042 -0.012723533 0.041099753 2.796264410 0.013153930 0.999861181 -0.010218596 -4.698256969 -0.040964045 0.010749757 0.999102712 42.546649933
0.998944461 -0.014146963 0.043702219 2.890428305 0.014749043 0.999800265 -0.013485309 -4.845441341 -0.043502722 0.014115640 0.998953521 43.796977997
0.998852313 -0.015230988 0.045410275 3.001599073 0.015901620 0.999769330 -0.014443802 -4.995292664 -0.045179814 0.015149324 0.998863935 45.058010101
0.998717070 -0.015174986 0.048310313 3.118397474 0.015828419 0.999787927 -0.013172004 -5.132584572 -0.048100188 0.013919782 0.998745501 46.298728943
0.998520076 -0.016406264 0.051850677 3.224063635 0.016942440 0.999807417 -0.009918218 -5.285354614 -0.051677957 0.010782018 0.998605609 47.558868408
0.998246551 -0.019607851 0.055851232 3.339653254 0.020086417 0.999766111 -0.008020146 -5.422554970 -0.055680916 0.009127935 0.998406947 48.790504456
0.998011410 -0.021594793 0.059217814 3.472549677 0.022119636 0.999721527 -0.008221802 -5.563774586 -0.059023771 0.009515329 0.998211205 50.033538818
0.997736394 -0.024938870 0.062450610 3.616691828 0.025727412 0.999598801 -0.011854379 -5.702279091 -0.062129918 0.013434239 0.997977614 51.269138336
0.997447371 -0.026094582 0.066465877 3.746342897 0.026972163 0.999559939 -0.012340385 -5.831179142 -0.066114612 0.014101613 0.997712374 52.506999969
0.997099698 -0.028613655 0.070521116 3.878339291 0.029378735 0.999519885 -0.009835519 -5.969916344 -0.070205837 0.011878816 0.997461736 53.726348877
0.996830761 -0.031198962 0.073178083 4.043833733 0.031753961 0.999475062 -0.006432870 -6.105131626 -0.072938979 0.008736177 0.997298181 54.923748016
0.996536613 -0.033603087 0.076063350 4.160986900 0.034064554 0.999408364 -0.004777199 -6.249110699 -0.075857811 0.007351717 0.997091532 56.184120178
0.996332347 -0.036382508 0.077447414 4.312833786 0.036605015 0.999328732 -0.001454838 -6.375058174 -0.077342488 0.004284466 0.996995330 57.392459869
0.996173680 -0.039202999 0.078109905 4.454364777 0.039346717 0.999225497 -0.000301092 -6.499456882 -0.078037612 0.003373308 0.996944726 58.611434937
0.996132731 -0.041201178 0.077601433 4.604197979 0.041610394 0.999127150 -0.003662991 -6.622437477 -0.077382781 0.006877853 0.996977687 59.804588318
0.996153414 -0.042368498 0.076701462 4.756890774 0.043098215 0.999039710 -0.007882861 -6.755028248 -0.076293826 0.011158237 0.997023046 61.018398285
0.996158898 -0.043783549 0.075831555 4.896389961 0.044811204 0.998924613 -0.011902982 -6.884617329 -0.075228855 0.015255366 0.997049630 62.202419281
0.996161103 -0.046269685 0.074311092 5.037029266 0.047440227 0.998775065 -0.014063976 -7.023881435 -0.073569335 0.017535321 0.997135937 63.413482666
0.996295989 -0.046129420 0.072570063 5.172248840 0.047267169 0.998783588 -0.014038555 -7.158225536 -0.071834192 0.017416738 0.997264504 64.590736389
0.996555984 -0.045176569 0.069535680 5.309524536 0.046229877 0.998838067 -0.013613055 -7.299262524 -0.068839893 0.016780797 0.997486591 65.812118530
0.996806860 -0.044480909 0.066313028 5.433974743 0.045354899 0.998902082 -0.011732343 -7.429891109 -0.065718353 0.014702501 0.997729897 66.988166809
0.997176409 -0.040696360 0.063110813 5.548310280 0.041263673 0.999118507 -0.007711443 -7.568844795 -0.062741354 0.010293853 0.997976720 68.178833008
0.997466564 -0.038942188 0.059531003 5.667816162 0.039337106 0.999210954 -0.005475795 -7.695598125 -0.059270792 0.007803699 0.998211384 69.357177734
0.997667491 -0.037777238 0.056855083 5.773736954 0.038317341 0.999229968 -0.008439298 -7.832571030 -0.056492485 0.010598151 0.998346746 70.525291443
0.997861981 -0.037988007 0.053182505 5.893969059 0.038872760 0.999120772 -0.015701560 -7.964050770 -0.052539285 0.017735347 0.998461306 71.719024658
0.997888327 -0.041955013 0.049583483 6.005587578 0.042929512 0.998902023 -0.018754592 -8.099275589 -0.048742190 0.020843586 0.998593867 72.890396118
0.997920513 -0.045887001 0.045265894 6.118601799 0.046556018 0.998819828 -0.013837340 -8.236869812 -0.044577520 0.015915966 0.998879135 74.062858582
0.997929573 -0.049641017 0.040896274 6.225909233 0.050051082 0.998705447 -0.009064078 -8.363327980 -0.040393382 0.011092214 0.999122262 75.220703125
0.997991502 -0.051767956 0.036509078 6.321774960 0.052027471 0.998626471 -0.006193595 -8.491588593 -0.036138307 0.008080631 0.999314129 76.414482117
0.998165965 -0.051145326 0.032387387 6.413959980 0.051292866 0.998676717 -0.003740478 -8.617437363 -0.032153226 0.005394860 0.999468386 77.574348450
0.998304546 -0.050666951 0.028651170 6.505936146 0.050790004 0.998702884 -0.003582959 -8.736690521 -0.028432477 0.005032077 0.999583006 78.731918335
0.998450518 -0.049235653 0.025931133 6.568253517 0.049391549 0.998764873 -0.005405741 -8.870788574 -0.025632953 0.006678144 0.999649107 79.906196594
0.998638093 -0.046997339 0.022656556 6.646167755 0.047244526 0.998828113 -0.010500793 -8.998856544 -0.022136495 0.011556888 0.999688208 81.050529480
0.998563588 -0.050255697 0.018577520 6.735253334 0.050543018 0.998604119 -0.015333692 -9.136793137 -0.017780988 0.016250629 0.999709845 82.216384888
0.998434782 -0.053587075 0.016012374 6.803473949 0.053847730 0.998415828 -0.016315989 -9.267906189 -0.015112680 0.017152682 0.999738753 83.355628967
0.998471498 -0.053944428 0.012027562 6.871671677 0.054097578 0.998453677 -0.012793626 -9.402727127 -0.011318821 0.013424735 0.999845803 84.501419067
0.998471081 -0.054428414 0.009639923 6.931560516 0.054527782 0.998458505 -0.010364163 -9.529334068 -0.009060957 0.010873960 0.999899745 85.634498596
0.998611808 -0.051907796 0.008939924 6.986898422 0.052012652 0.998575151 -0.011926126 -9.659642220 -0.008308128 0.012374558 0.999888897 86.777976990
0.998813152 -0.048061527 0.007899691 7.043404579 0.048177410 0.998723149 -0.015199495 -9.789573669 -0.007159094 0.015562047 0.999853194 87.908813477
0.998878956 -0.046898410 0.006440035 7.099859238 0.047005013 0.998740733 -0.017542036 -9.922056198 -0.005609231 0.017825086 0.999825299 89.027015686
0.998826802 -0.048094865 0.005658992 7.156890869 0.048189841 0.998674989 -0.018052522 -10.055862427 -0.004783261 0.018304048 0.999820948 90.143119812
0.998796999 -0.048771258 0.005086644 7.196270466 0.048846424 0.998680115 -0.015885040 -10.189278603 -0.004305195 0.016114393 0.999860883 91.253585815
0.998704553 -0.050739914 0.003797922 7.258666992 0.050785292 0.998624980 -0.012996824 -10.316598892 -0.003133242 0.013172870 0.999908328 92.362968445
0.998722255 -0.050381374 0.003915336 7.310176849 0.050426565 0.998650074 -0.012462126 -10.442858696 -0.003282191 0.012643643 0.999914646 93.501213074
0.998719513 -0.050441116 0.003870256 7.353825092 0.050492488 0.998618126 -0.014579405 -10.579682350 -0.003129506 0.014756159 0.999886155 94.641235352
0.998714209 -0.050576277 0.003462070 7.411408901 0.050630692 0.998554766 -0.018026788 -10.709042549 -0.002545338 0.018178895 0.999831498 95.740142822
0.998670280 -0.051471572 0.002832766 7.471577168 0.051516470 0.998488963 -0.019125497 -10.841087341 -0.001844066 0.019246005 0.999813080 96.847061157
0.998652577 -0.051770333 0.003581911 7.513279438 0.051826410 0.998495698 -0.017905101 -10.975204468 -0.002649569 0.018066613 0.999833286 97.918136597
0.998671651 -0.051358048 0.004161275 7.565663815 0.051406216 0.998600245 -0.012438751 -11.095582962 -0.003516621 0.012636144 0.999913931 99.006843567
0.998767436 -0.049343698 0.005388531 7.618752480 0.049392626 0.998735607 -0.009356752 -11.217032433 -0.004920022 0.009611370 0.999941707 100.083396912
0.998826385 -0.047865637 0.007393741 7.674692154 0.047934581 0.998805761 -0.009447201 -11.330990791 -0.006932715 0.009790529 0.999928057 101.133796692
0.998902857 -0.045920424 0.009185342 7.728888512 0.046018507 0.998882532 -0.010769949 -11.460298538 -0.008680518 0.011180828 0.999899805 102.177680969
0.998871863 -0.046060231 0.011547756 7.786871910 0.046214320 0.998840988 -0.013451545 -11.575626373 -0.010914791 0.013970040 0.999842763 103.192520142
0.998773813 -0.047693290 0.013272919 7.851009369 0.047881715 0.998751223 -0.014259908 -11.691259384 -0.012576243 0.014877952 0.999810159 104.208023071
0.998666346 -0.049323000 0.015254567 7.916340828 0.049520668 0.998690188 -0.012864019 -11.827021599 -0.014600094 0.013602279 0.999800861 105.208580017
0.998642743 -0.049261454 0.016914651 7.981326103 0.049456012 0.998712540 -0.011283299 -11.941209793 -0.016337045 0.012104514 0.999793231 106.166557312
0.998569131 -0.050163340 0.018536055 8.039863586 0.050354548 0.998681366 -0.009995760 -12.049884796 -0.018010193 0.010914831 0.999778211 107.121902466
0.998495996 -0.050870512 0.020441806 8.101037979 0.051092524 0.998638809 -0.010488767 -12.154980659 -0.019880412 0.011517418 0.999736011 108.040046692
0.998471916 -0.050609332 0.022192093 8.161870003 0.050809324 0.998671830 -0.008542106 -12.257562637 -0.021730304 0.009656617 0.999717236 108.946678162
0.998468876 -0.049761306 0.024156518 8.221957207 0.049926385 0.998733222 -0.006279465 -12.356275558 -0.023813441 0.007475900 0.999688447 109.817779541
0.998438358 -0.049787529 0.025338605 8.287043571 0.049878687 0.998750806 -0.002977864 -12.458812714 -0.025158692 0.004237070 0.999674499 110.675621033
0.998393416 -0.049832784 0.026968731 8.349470139 0.049928859 0.998748600 -0.002900515 -12.549481392 -0.026790444 0.004242373 0.999632061 111.501182556
0.998406529 -0.048918992 0.028129699 8.404064178 0.049005046 0.998795688 -0.002377796 -12.637997627 -0.027979506 0.003752505 0.999601483 112.315383911
0.998504460 -0.046565317 0.028642530 8.458450317 0.046643503 0.998909414 -0.002066991 -12.718274117 -0.028515045 0.003399888 0.999587595 113.095947266
0.998643279 -0.043912031 0.027985452 8.508262634 0.043904383 0.999035239 0.000887934 -12.795248032 -0.027997447 0.000341953 0.999607980 113.853317261
0.998713791 -0.044132404 0.024958434 8.557815552 0.044095557 0.999025285 0.002024921 -12.880564690 -0.025023468 -0.000921761 0.999686420 114.613075256
0.998849928 -0.044198629 0.018578131 8.595719337 0.044166584 0.999021888 0.002131690 -12.954123497 -0.018654175 -0.001308706 0.999825120 115.310478210
0.999063015 -0.042520199 0.008059224 8.626612663 0.042514540 0.999095500 0.000871401 -13.027447701 -0.008088982 -0.000527951 0.999967098 115.983505249
0.999196947 -0.039639838 -0.005837487 8.628480911 0.039629772 0.999212742 -0.001830169 -13.098597527 0.005905440 0.001597361 0.999981284 116.619461060
0.998963475 -0.038235504 -0.024699187 8.624323845 0.038142309 0.999263346 -0.004233576 -13.168812752 0.024842866 0.003287104 0.999685943 117.239868164
0.998216450 -0.036645364 -0.047128506 8.593025208 0.036378123 0.999316871 -0.006516050 -13.237794876 0.047335092 0.004789981 0.998867571 117.827507019
0.996564984 -0.035209734 -0.074956954 8.554873466 0.034678262 0.999363363 -0.008380618 -13.304204941 0.075204313 0.005752454 0.997151494 118.393524170
0.993735909 -0.032890148 -0.106804147 8.482863426 0.031949691 0.999434233 -0.010505185 -13.370791435 0.107089244 0.007027019 0.994224608 118.936775208
0.989425421 -0.028562445 -0.142202720 8.375192642 0.027166013 0.999561846 -0.011752199 -13.437217712 0.142476067 0.007764844 0.989767790 119.481567383
0.983218491 -0.022524163 -0.181036144 8.267698288 0.020838626 0.999720097 -0.011207398 -13.496794701 0.181237906 0.007246776 0.983412564 120.013465881
0.974814832 -0.017116481 -0.222357988 8.123348236 0.015476921 0.999838650 -0.009114096 -13.556366920 0.222478136 0.005443139 0.974922419 120.512405396
0.963533342 -0.012359406 -0.267302632 7.960428238 0.010765421 0.999914467 -0.007427924 -13.616323471 0.267371565 0.004279426 0.963584065 120.999816895
0.949305832 -0.006467869 -0.314287335 7.768119812 0.004132443 0.999958694 -0.008096563 -13.670913696 0.314326733 0.006387341 0.949293375 121.477874756
0.932137787 0.001430651 -0.362100869 7.537178040 -0.004978255 0.999948323 -0.008864492 -13.723095894 0.362069547 0.010065558 0.932096779 121.943679810
0.911215305 0.005572852 -0.411892742 7.283721924 -0.010547008 0.999896348 -0.009804307 -13.772771835 0.411795437 0.013278073 0.911179602 122.380210876
0.886219680 0.010616775 -0.463143528 7.011573792 -0.016301690 0.999832869 -0.008273629 -13.831552505 0.462978274 0.014882277 0.886244655 122.807723999
0.857237101 0.013671843 -0.514740288 6.729499817 -0.020736462 0.999753058 -0.007979943 -13.876089096 0.514504075 0.017514598 0.857308984 123.206085205
0.825810969 0.023356780 -0.563463092 6.402286530 -0.031641733 0.999487042 -0.004943167 -13.920125008 0.563058555 0.021911068 0.826126456 123.579406738
0.791857183 0.036252744 -0.609629333 6.052951813 -0.044314347 0.999015927 0.001847742 -13.965932846 0.609096348 0.025552178 0.792684317 123.938049316
0.756396055 0.045368668 -0.652538776 5.697849274 -0.055884585 0.998426437 0.004637898 -14.006616592 0.651722252 0.032958772 0.757741153 124.245414734
0.716705084 0.049211115 -0.695637941 5.331569672 -0.063057311 0.997994006 0.005633537 -14.052185059 0.694519579 0.039827462 0.718370616 124.543502808
0.674407840 0.050866522 -0.736604929 4.952178955 -0.065698475 0.997801185 0.008752479 -14.096762657 0.735430360 0.042491086 0.676266670 124.829689026
0.630731106 0.054509323 -0.774084687 4.539627075 -0.069109052 0.997511864 0.013931898 -14.130973816 0.772917986 0.044708986 0.632928729 125.102294922
0.585815191 0.063177645 -0.807978451 4.110393524 -0.080321796 0.996574640 0.019688018 -14.163300514 0.806454599 0.053364735 0.588883042 125.338562012
0.540170550 0.072233371 -0.838449836 3.673606873 -0.091966137 0.995409250 0.026506489 -14.188385010 0.836515367 0.062790968 0.544333816 125.545959473
0.493503243 0.077364087 -0.866296351 3.219650269 -0.097463176 0.994681537 0.033307608 -14.214729309 0.864265919 0.067994572 0.498418748 125.745109558
0.446423233 0.079131238 -0.891316235 2.758686066 -0.096888661 0.994500518 0.039764471 -14.241849899 0.889561057 0.068606630 0.451635003 125.924316406
0.398944795 0.080258101 -0.913455904 2.277915955 -0.093701124 0.994515896 0.046456967 -14.263061523 0.912174940 0.067058071 0.404277176 126.109535217
0.353366762 0.082909070 -0.931803703 1.790313721 -0.095399149 0.994065762 0.052270867 -14.281929970 0.930607736 0.070422485 0.359179318 126.252197266
0.309608430 0.086239763 -0.946945310 1.288917542 -0.101250812 0.993206680 0.057348397 -14.298377037 0.945457995 0.078123443 0.316236973 126.368995667
0.268292367 0.087678693 -0.959339142 0.759660721 -0.105904609 0.992497861 0.061091553 -14.314630508 0.957498491 0.085208043 0.275565207 126.476150513
0.228565633 0.084136598 -0.969885945 0.236274719 -0.105474755 0.992534161 0.061244886 -14.332611084 0.967797935 0.088300005 0.235733464 126.581123352
0.193674073 0.079124585 -0.977869987 -0.296909332 -0.100454859 0.993102908 0.060461365 -14.352890015 0.975909352 0.086522005 0.200286701 126.675437927
0.163190871 0.073993564 -0.983815968 -0.845735550 -0.097841330 0.993481696 0.058491062 -14.373221397 0.981731057 0.086712644 0.169366777 126.754707336
0.137000203 0.072405100 -0.987921298 -1.415363312 -0.098943949 0.993337572 0.059080988 -14.391571045 0.985617101 0.089654736 0.143251479 126.821853638
0.114755638 0.071602948 -0.990809798 -1.997119904 -0.099819385 0.993182063 0.060213286 -14.406998634 0.988365889 0.091992214 0.121120602 126.888229370
0.095654264 0.072619177 -0.992762148 -2.584457397 -0.101202697 0.992877007 0.062876515 -14.418319702 0.990256667 0.094455816 0.102322176 126.951011658
0.080182023 0.071163058 -0.994236708 -3.209429741 -0.102387406 0.992760301 0.062800147 -14.446421623 0.991507769 0.096761860 0.086887710 127.001403809
0.065856420 0.070032455 -0.995368481 -3.828602791 -0.101240709 0.992855191 0.063157246 -14.475085258 0.992679834 0.096612491 0.072476029 127.056838989
0.053619102 0.067787156 -0.996257961 -4.467865467 -0.097066231 0.993322194 0.062363245 -14.498595238 0.993832529 0.093359150 0.059840888 127.101287842
0.041755680 0.065005966 -0.997010827 -5.116781235 -0.094909377 0.993626893 0.060810417 -14.514114380 0.994609833 0.092086531 0.047659233 127.136367798
0.031390667 0.063894272 -0.997462869 -5.790060520 -0.094257057 0.993696630 0.060686693 -14.531686783 0.995052993 0.092112921 0.037215285 127.174705505
0.021728203 0.065504834 -0.997615635 -6.461203575 -0.097544007 0.993229330 0.063092314 -14.554360390 0.994993985 0.095940553 0.027970692 127.197349548
0.013550794 0.065359555 -0.997769713 -7.139533997 -0.100296877 0.992917657 0.063679568 -14.580517769 0.994865239 0.099210292 0.020010186 127.213813782
0.006750591 0.064751461 -0.997878611 -7.832147121 -0.102695532 0.992670000 0.063718736 -14.602606773 0.994689941 0.102047563 0.013350793 127.235343933
0.001595626 0.065587901 -0.997845531 -8.528964996 -0.103399843 0.992508948 0.065071799 -14.619793892 0.994638681 0.103073232 0.008365451 127.253196716
-0.001736999 0.068290986 -0.997663915 -9.247366905 -0.105770908 0.992056549 0.068091288 -14.640679359 0.994389057 0.105642103 0.005499998 127.274726868
-0.002766287 0.071978219 -0.997402370 -9.987045288 -0.107951730 0.991555870 0.071855716 -14.663575172 0.994152367 0.107870094 0.005027246 127.282524109
-0.003802314 0.075407967 -0.997145534 -10.701914787 -0.110277027 0.991039217 0.075366706 -14.679096222 0.993893623 0.110248804 0.004547525 127.298767090
-0.004506229 0.080760390 -0.996723413 -11.440101624 -0.114969283 0.990082204 0.080742069 -14.684861183 0.993358791 0.114956416 0.004823429 127.310234070
-0.005685410 0.084599115 -0.996398866 -12.182786942 -0.118037336 0.989392161 0.084677741 -14.697405815 0.992992818 0.118093684 0.004360754 127.321022034
-0.007198743 0.085334904 -0.996326327 -12.929821014 -0.117857218 0.989335358 0.085587695 -14.718177795 0.993004441 0.118040368 0.002935364 127.342575073
-0.008682894 0.082213826 -0.996576846 -13.673431396 -0.115459517 0.989866316 0.082666218 -14.735771179 0.993274212 0.115782052 0.000897467 127.365715027
-0.010335379 0.078714535 -0.996843636 -14.436011314 -0.119133666 0.989699543 0.079385601 -14.740336418 0.992824435 0.119578123 -0.000851368 127.379989624
-0.011371239 0.080375515 -0.996699810 -15.204768181 -0.124381542 0.988909125 0.081166320 -14.752293587 0.992169321 0.124894023 -0.001247890 127.382026672
-0.013388852 0.083938137 -0.996381044 -15.971975327 -0.121244244 0.988981426 0.084943995 -14.766841888 0.992532432 0.121942759 -0.003064311 127.403396606
-0.015179604 0.084092379 -0.996342421 -16.749464035 -0.120356567 0.989058316 0.085311264 -14.783787727 0.992614627 0.121211350 -0.004892444 127.415802002
-0.016712541 0.083076321 -0.996403039 -17.539077759 -0.123189412 0.988778532 0.084506877 -14.795667648 0.992242575 0.124158628 -0.006290879 127.423751831
-0.017127849 0.082836062 -0.996415913 -18.326763153 -0.127914101 0.988191664 0.084351122 -14.800926208 0.991637290 0.128900409 -0.006329697 127.423675537
-0.018325957 0.087236561 -0.996019006 -19.131719589 -0.129682675 0.987563789 0.088882066 -14.807291985 0.991386116 0.130795255 -0.006784985 127.430084229
-0.018910304 0.091072336 -0.995664775 -19.944190979 -0.128287047 0.987390280 0.092751995 -14.812342644 0.991556764 0.129484832 -0.006988449 127.446197510
-0.018247474 0.094202526 -0.995385826 -20.764160156 -0.129979968 0.986879587 0.095780306 -14.829410553 0.991348684 0.131127954 -0.005763615 127.464630127
-0.016406290 0.092804857 -0.995549202 -21.582401276 -0.129453778 0.987105489 0.094151095 -14.833244324 0.991449594 0.130422264 -0.004180801 127.478034973
-0.014998100 0.092801787 -0.995571613 -22.413906097 -0.129488185 0.987118781 0.093964569 -14.837095261 0.991467476 0.130324036 -0.002788172 127.488265991
-0.015108755 0.092060857 -0.995638728 -23.244703293 -0.128024876 0.987378299 0.093239829 -14.844920158 0.991655886 0.128875241 -0.003131980 127.515945435
-0.014156086 0.094053939 -0.995466352 -24.081989288 -0.128968552 0.987078607 0.095095426 -14.851043701 0.991547585 0.129730031 -0.001843169 127.535812378
-0.013807556 0.096314587 -0.995255232 -24.921478271 -0.130617470 0.986647427 0.097293675 -14.852434158 0.991336703 0.131341070 -0.001042822 127.556365967
-0.013791879 0.098582864 -0.995033264 -25.796020508 -0.133653775 0.986016273 0.099542052 -14.851948738 0.990932107 0.134362802 -0.000423045 127.573524475
-0.012203217 0.099722393 -0.994940400 -26.659904480 -0.135840461 0.985624850 0.100454800 -14.848598480 0.990655601 0.136379018 0.001518542 127.587654114
-0.010541393 0.102829874 -0.994643092 -27.528387070 -0.142717123 0.984360278 0.103279337 -14.847609520 0.989707351 0.143041357 0.004299055 127.605224609
-0.008006072 0.106756054 -0.994253039 -28.409650803 -0.147544667 0.983276010 0.106765494 -14.842092514 0.989022970 0.147551507 0.007879105 127.620605469
-0.005827603 0.108683243 -0.994059384 -29.285089493 -0.150148153 0.982711434 0.108322762 -14.836009979 0.988646388 0.149887428 0.010591729 127.652107239
-0.002087457 0.109487131 -0.993986011 -30.182294846 -0.148937285 0.982867718 0.108575255 -14.836585999 0.988844454 0.148268238 0.014255025 127.677558899
0.000528001 0.109412268 -0.993996263 -31.072265625 -0.151570976 0.982520878 0.108068623 -14.829428673 0.988446236 0.150603950 0.017102495 127.710083008
0.003062956 0.113107972 -0.993577957 -31.976266861 -0.152028352 0.982085884 0.111331075 -14.819228172 0.988371372 0.150711015 0.020203702 127.742248535
0.005339494 0.115224123 -0.993325174 -32.886840820 -0.151196346 0.982012331 0.113099106 -14.813974380 0.988489330 0.149583250 0.022664910 127.784332275
0.007087242 0.116515242 -0.993163586 -33.778862000 -0.151851058 0.981795788 0.114097975 -14.809763908 0.988377988 0.150004327 0.024651188 127.828041077
0.009558242 0.114651985 -0.993359745 -34.681430817 -0.153125063 0.981856406 0.111850910 -14.801971436 0.988160551 0.151039168 0.026940914 127.862602234
0.010044774 0.115880631 -0.993212283 -35.590568542 -0.157507509 0.981046379 0.112868279 -14.791868210 0.987466633 0.155304670 0.028106468 127.905227661
0.011220907 0.116540827 -0.993122578 -36.484603882 -0.158366710 0.980856895 0.113312177 -14.786242485 0.987316549 0.156006068 0.029462289 127.944015503
0.011515317 0.113128021 -0.993513763 -37.381366730 -0.158875823 0.981164992 0.109880462 -14.783038139 0.987231314 0.156580016 0.029271737 127.980743408
0.012218058 0.108958997 -0.993971169 -38.284400940 -0.160024136 0.981446266 0.105618991 -14.784268379 0.987037480 0.157768935 0.029427443 128.031036377
0.012813061 0.108142130 -0.994052887 -39.181293488 -0.159764245 0.981584311 0.104726367 -14.777812958 0.987071991 0.157472268 0.029854344 128.074768066
0.012357499 0.112270504 -0.993600845 -40.078983307 -0.162210286 0.980739713 0.108799860 -14.771989822 0.986678898 0.159827784 0.030330921 128.121337891
0.012738675 0.118491516 -0.992873371 -41.019439697 -0.162702411 0.979966402 0.114863686 -14.760385513 0.986592889 0.160079673 0.031762332 128.162261963
0.013006048 0.117059790 -0.993039787 -41.914283752 -0.160411596 0.980504990 0.113481268 -14.758537292 0.986964583 0.157819122 0.031530246 128.209762573
0.013790394 0.106968105 -0.994166851 -42.805553436 -0.159614816 0.981747329 0.103417769 -14.766144753 0.987083077 0.157257557 0.030612376 128.255004883
0.014103523 0.096390635 -0.995243669 -43.726188660 -0.161485255 0.982495785 0.092867590 -14.767883301 0.986774266 0.159407452 0.029422319 128.298522949
0.013152256 0.093329966 -0.995548368 -44.628311157 -0.158352688 0.983264387 0.090086371 -14.774765015 0.987295091 0.156462908 0.027711194 128.345947266
0.012892547 0.103391625 -0.994557261 -45.549491882 -0.150838897 0.983458817 0.100282520 -14.776320457 0.988474309 0.148725018 0.028274769 128.398513794
0.012790688 0.116569854 -0.993100107 -46.495777130 -0.145889387 0.982770979 0.113478459 -14.774599075 0.989218175 0.143431276 0.029576628 128.462692261
0.013019455 0.125548631 -0.992002070 -47.417781830 -0.146055520 0.981684268 0.122325934 -14.764230728 0.989190817 0.143294781 0.031118069 128.510009766
0.012977322 0.119687974 -0.992726803 -48.333400726 -0.146190226 0.982369423 0.116528176 -14.759016037 0.989171386 0.143614754 0.030245734 128.552276611
0.012881990 0.106415659 -0.994238257 -49.256752014 -0.146230370 0.983831108 0.103407100 -14.759510040 0.989166677 0.144055739 0.028234906 128.599655151
0.013573588 0.097574666 -0.995135665 -50.171432495 -0.146802232 0.984637380 0.094542921 -14.758388519 0.989072680 0.144804835 0.027689241 128.644317627
0.014101801 0.097678699 -0.995118141 -51.105731964 -0.145563185 0.984815419 0.094604626 -14.763710022 0.989248455 0.143518493 0.028106090 128.690338135
0.013543588 0.099058904 -0.994989395 -52.046421051 -0.148731813 0.984210551 0.095961273 -14.775430679 0.988784850 0.146686912 0.028062949 128.730468750
0.014074111 0.098481432 -0.995039344 -52.994419098 -0.153745219 0.983517051 0.095166430 -14.781814575 0.988010287 0.151643157 0.028983178 128.771530151
0.014509371 0.097967401 -0.995083928 -53.925941467 -0.155177712 0.983351469 0.094549708 -14.781690598 0.987779975 0.153042987 0.029470174 128.817413330
0.015492655 0.105322242 -0.994317472 -54.872051239 -0.164609328 0.981136918 0.101361297 -14.777043343 0.986237228 0.162103564 0.032537442 128.852416992
0.016988358 0.114953354 -0.993225574 -55.820137024 -0.170199499 0.979203582 0.110419363 -14.772417068 0.985263169 0.167170659 0.036200065 128.893264771
0.017913856 0.122932531 -0.992253363 -56.788726807 -0.170308277 0.978284717 0.118127234 -14.766462326 0.985227942 0.166872859 0.038461275 128.954620361
0.018927317 0.123819403 -0.992124319 -57.731422424 -0.171665192 0.977968693 0.118777826 -14.757287979 0.984973550 0.168065056 0.039765812 129.002090454
0.020218119 0.114073940 -0.993266582 -58.669300079 -0.173266068 0.978836894 0.108889885 -14.751695633 0.984667540 0.169897810 0.039555382 129.056838989
0.021054974 0.109278202 -0.993788242 -59.612564087 -0.171704501 0.979634583 0.104084037 -14.750005722 0.984923482 0.168446422 0.039389744 129.121261597
0.023030221 0.107717685 -0.993914843 -60.556049347 -0.170376584 0.980057597 0.102268070 -14.755759239 0.985109866 0.166984528 0.040923517 129.177734375
0.026793879 0.113684185 -0.993155599 -61.548740387 -0.172344625 0.979160666 0.107432626 -14.748796463 0.984672189 0.168286502 0.045828365 129.232406616
0.030472659 0.115802020 -0.992804766 -62.509193420 -0.175158039 0.978514910 0.108758993 -14.747224808 0.984068692 0.170583576 0.050101601 129.289230347
0.034705296 0.110603079 -0.993258536 -63.459117889 -0.174561143 0.979250312 0.102943875 -14.746908188 0.984034538 0.169811651 0.053292166 129.351318359
0.037436448 0.104835883 -0.993784666 -64.413879395 -0.174489349 0.979889691 0.096796975 -14.751930237 0.983947217 0.169781089 0.054976337 129.423965454
0.041178823 0.104924187 -0.993627369 -65.377639771 -0.171632990 0.980431318 0.096417770 -14.753625870 0.984300017 0.166568831 0.058381464 129.498474121
0.043400466 0.109356299 -0.993054688 -66.356101990 -0.169393957 0.980404675 0.100560077 -14.766295433 0.984592319 0.163853109 0.061074328 129.582260132
0.046707325 0.116187394 -0.992128491 -67.314422607 -0.168728501 0.979858577 0.106807105 -14.767473221 0.984555185 0.162411660 0.065370701 129.664337158
0.049279876 0.120106645 -0.991537154 -68.280151367 -0.166550815 0.979831755 0.110411100 -14.770769119 0.984800577 0.159700274 0.068289846 129.752273560
0.051557466 0.121809408 -0.991213620 -69.258666992 -0.166389167 0.979708433 0.111740917 -14.768781662 0.984711289 0.159166098 0.070779055 129.833053589
0.053931534 0.119246490 -0.991398811 -70.208366394 -0.164964423 0.980265379 0.108933367 -14.767980576 0.984823883 0.157670587 0.072538637 129.909652710
0.054457035 0.117853977 -0.991536617 -71.154121399 -0.162935525 0.980749369 0.107623085 -14.770791054 0.985132694 0.155695736 0.072611302 130.001449585
0.055046346 0.114203788 -0.991931200 -72.099685669 -0.159818664 0.981636822 0.104149580 -14.776294708 0.985610425 0.152796030 0.072287418 130.092895508
0.054626241 0.113817900 -0.991998732 -73.087852478 -0.158383384 0.981891930 0.103936635 -14.767326355 0.985865474 0.151438430 0.071663931 130.179840088
0.054275457 0.118695781 -0.991446197 -74.040580750 -0.155143693 0.981854260 0.109054290 -14.769467354 0.986399829 0.147897646 0.071705468 130.269073486
0.053488981 0.120318495 -0.991293311 -75.005516052 -0.149060979 0.982553840 0.111214615 -14.771068573 0.987380326 0.141814366 0.070490599 130.372543335
0.053134374 0.115532070 -0.991881609 -75.964981079 -0.146366715 0.983458042 0.106710158 -14.754747391 0.987802386 0.139508486 0.069165483 130.451232910
0.051889367 0.111994311 -0.992353141 -76.906173706 -0.148399606 0.983523965 0.103238195 -14.756730080 0.987565219 0.141907856 0.067654364 130.529190063
0.050696239 0.109318763 -0.992713153 -77.854995728 -0.144834295 0.984288096 0.100994550 -14.759072304 0.988156378 0.138658881 0.065732814 130.614379883
0.049107958 0.110275336 -0.992687225 -78.819503784 -0.145071507 0.984134018 0.102148555 -14.761120796 0.988201737 0.138994306 0.064326622 130.689773560
0.048323907 0.110899962 -0.992656052 -79.768669128 -0.146127969 0.983909011 0.102809027 -14.758193016 0.988084733 0.140086666 0.063751914 130.765686035
0.047031980 0.111219622 -0.992682338 -80.723342896 -0.147724390 0.983628929 0.103206307 -14.759544373 0.987909615 0.141789377 0.062691867 130.840423584
0.045669321 0.112159744 -0.992640138 -81.671783447 -0.147468686 0.983547032 0.104347549 -14.760693550 0.988011837 0.141617835 0.061457954 130.911331177
0.043502029 0.112636887 -0.992683470 -82.636833191 -0.147505641 0.983458519 0.105126075 -14.762701035 0.988104105 0.141853184 0.059397008 130.985671997
0.041717347 0.114580922 -0.992537618 -83.588539124 -0.147697881 0.983195424 0.107294545 -14.751059532 0.988152325 0.142119646 0.057939671 131.062103271
0.040254947 0.118452698 -0.992143393 -84.542472839 -0.149054259 0.982549846 0.111259617 -14.742973328 0.988009274 0.143404424 0.057208370 131.123352051
0.037513457 0.123278297 -0.991662860 -85.487060547 -0.150005683 0.981811702 0.116379112 -14.732940674 0.987973213 0.144389331 0.055323597 131.197402954
0.035540074 0.122893080 -0.991783261 -86.430839539 -0.149856195 0.981844902 0.116291568 -14.726548195 0.988068759 0.144491866 0.053311132 131.264678955
0.034487378 0.118523702 -0.992352068 -87.377326965 -0.150508165 0.982234359 0.112084627 -14.726558685 0.988007009 0.145491585 0.051713474 131.324157715
0.032612350 0.112826161 -0.993079424 -88.323951721 -0.154278085 0.982267439 0.106531359 -14.704924583 0.987489104 0.149736181 0.049440648 131.380859375
0.031328969 0.110669054 -0.993363380 -89.266059875 -0.152210385 0.982787788 0.104690395 -14.701940536 0.987851560 0.147920415 0.047634710 131.449676514
0.031294540 0.111552022 -0.993265867 -90.232070923 -0.147454470 0.983394146 0.105797574 -14.696966171 0.988573611 0.143150583 0.047223721 131.499801636
0.030685367 0.112606779 -0.993165731 -91.180847168 -0.144319043 0.983720839 0.107076950 -14.693548203 0.989055336 0.140047044 0.046437141 131.564437866
0.029524343 0.112647265 -0.993196309 -92.130058289 -0.138921455 0.984448552 0.107525453 -14.695645332 0.989863217 0.134801671 0.044714320 131.635360718
0.028084204 0.109834641 -0.993553042 -93.071670532 -0.134923548 0.985265732 0.105104685 -14.698954582 0.990457952 0.131101906 0.042489674 131.703643799
0.027008126 0.106823251 -0.993911147 -94.019744873 -0.129609242 0.986255288 0.102478474 -14.702884674 0.991197348 0.126052290 0.040482178 131.771209717
0.025413325 0.108975671 -0.993719459 -95.009361267 -0.127956539 0.986218631 0.104880728 -14.702802658 0.991454124 0.124487527 0.039007246 131.828979492
0.024210531 0.111581139 -0.993460298 -95.958793640 -0.127329096 0.986002445 0.107640490 -14.703187943 0.991564989 0.123890385 0.038079161 131.885757446
0.022714276 0.109453842 -0.993732393 -96.916542053 -0.123013139 0.986741543 0.105872072 -14.699839592 0.992145061 0.119837314 0.035877384 131.941314697
0.020212807 0.106503360 -0.994106770 -97.868415833 -0.120105281 0.987368107 0.103339344 -14.699982643 0.992555320 0.117308721 0.032749098 131.998428345
0.017311892 0.103878967 -0.994439185 -98.837127686 -0.119000360 0.987732887 0.101106785 -14.697630882 0.992743254 0.116588280 0.029461164 132.044891357
0.014353022 0.103058502 -0.994571745 -99.792900085 -0.113533221 0.988409460 0.100781523 -14.707399368 0.993430555 0.111470409 0.025887225 132.099517822
0.012541123 0.103233404 -0.994578123 -100.750671387 -0.106768049 0.989108264 0.101319365 -14.702158928 0.994204938 0.104918502 0.023426555 132.140380859
0.009468130 0.110673472 -0.993811727 -101.716751099 -0.096752495 0.989294529 0.109248661 -14.699472427 0.995263457 0.095119379 0.020074707 132.212783813
0.007106148 0.118902832 -0.992880404 -102.673873901 -0.088731848 0.989063859 0.117810711 -14.695752144 0.996030271 0.087262928 0.017578902 132.267562866
0.003467765 0.117911100 -0.993018150 -103.629234314 -0.084338412 0.989520490 0.117201269 -14.685287476 0.996431112 0.083343133 0.013375858 132.322540283
0.001322121 0.108092032 -0.994140029 -104.581703186 -0.085203633 0.990537941 0.107587069 -14.687319756 0.996362627 0.084562108 0.010519444 132.353179932
-0.000753021 0.099024065 -0.995084763 -105.528106689 -0.087195218 0.991288543 0.098712265 -14.687467575 0.996190965 0.086840957 0.007887963 132.391799927
-0.001027354 0.100731596 -0.994913161 -106.487480164 -0.094733946 0.990429401 0.100375466 -14.692055702 0.995502174 0.094355166 0.008525182 132.412002563
-0.001956993 0.109831028 -0.993948281 -107.450370789 -0.097725607 0.989171565 0.109495588 -14.677355766 0.995211482 0.097348489 0.008797499 132.451080322
-0.003493450 0.121005856 -0.992645562 -108.413238525 -0.101613902 0.987470686 0.120732613 -14.663840294 0.994817853 0.101288371 0.008846198 132.482330322
-0.004954004 0.122798562 -0.992419243 -109.354965210 -0.108653426 0.986489654 0.122607231 -14.653361320 0.994067371 0.108437143 0.008455411 132.515625000
-0.004836305 0.119938575 -0.992769539 -110.340835571 -0.115892306 0.986024201 0.119688243 -14.636028290 0.993249953 0.115633212 0.009131249 132.536468506
-0.005156202 0.116115056 -0.993222475 -111.294609070 -0.124038570 0.985490799 0.115855090 -14.623606682 0.992264032 0.123795249 0.009321356 132.563034058
-0.002771795 0.117988616 -0.993011057 -112.263343811 -0.128591046 0.984728515 0.117363408 -14.602894783 0.991693914 0.128017619 0.012442810 132.586181641
-0.001169310 0.119048722 -0.992887735 -113.239784241 -0.136716545 0.983546317 0.118089683 -14.582507133 0.990609527 0.135882273 0.015125860 132.611160278
-0.000719013 0.121777438 -0.992557228 -114.202987671 -0.145915926 0.981921375 0.120578229 -14.565474510 0.989296794 0.144916624 0.017063254 132.634536743
-0.000570048 0.123867236 -0.992298603 -115.177452087 -0.151303306 0.980864167 0.122526810 -14.543050766 0.988487303 0.150207922 0.018182382 132.663925171
-0.000256748 0.123462573 -0.992349207 -116.150451660 -0.155350864 0.980296671 0.122003242 -14.533260345 0.987859309 0.154193640 0.018928327 132.706130981
0.001350248 0.113938205 -0.993487000 -117.105422974 -0.154290423 0.981615007 0.112366982 -14.534536362 0.988024533 0.153133795 0.018904997 132.739868164
0.002624834 0.102417842 -0.994737923 -118.054969788 -0.157405883 0.982383311 0.100730442 -14.525745392 0.987530529 0.156313196 0.018699760 132.780593872
