1.000000000 0.000000000 0.000000000 0.000000000 0.000000000 1.000000000 0.000000000 0.000000000 0.000000000 0.000000000 1.000000000 0.000000000
0.999997914 -0.001542751 -0.001328805 0.049138427 0.001539937 0.999996603 -0.002115628 -0.132499650 0.001332064 0.002113578 0.999996901 1.297878385
0.999997675 0.000037343 -0.002139146 0.104360349 -0.000051197 0.999979019 -0.006476628 -0.265872598 0.002138860 0.006476722 0.999976754 2.601689577
0.999996126 0.002505452 -0.001305560 0.147470713 -0.002515882 0.999964416 -0.008050276 -0.404333502 0.001285344 0.008053528 0.999966741 3.905133247
0.999983072 0.005812462 0.000267392 0.192119882 -0.005810523 0.999960184 -0.006754358 -0.543397188 -0.000306641 0.006752690 0.999977171 5.216041088
0.999975324 0.006577217 0.002476426 0.239897221 -0.006568859 0.999972761 -0.003368424 -0.688103795 -0.002498513 0.003352074 0.999991238 6.533820152
0.999959767 0.006846064 0.005803213 0.296819717 -0.006834655 0.999974668 -0.001983539 -0.826156378 -0.005816645 0.001943797 0.999981165 7.837028980
0.999942422 0.005333180 0.009313898 0.348410606 -0.005315793 0.999984086 -0.001890576 -0.959879220 -0.009323833 0.001840956 0.999954820 9.138550758
0.999912024 0.004049414 0.012638020 0.426878661 -0.004026265 0.999990225 -0.001856629 -1.096302867 -0.012645414 0.001805582 0.999918401 10.438615799
0.999867797 0.002850680 0.016008804 0.492542982 -0.002810775 0.999992907 -0.002514584 -1.235633850 -0.016015857 0.002469255 0.999868691 11.745565414
0.999809921 0.001910354 0.019401096 0.567441404 -0.001849535 0.999993324 -0.003152261 -1.376729250 -0.019406985 0.003115779 0.999806762 13.040511131
0.999742627 0.001760309 0.022614352 0.642149329 -0.001686594 0.999993205 -0.003278337 -1.520292521 -0.022619970 0.003239352 0.999738812 14.363247871
0.999662876 0.001654993 0.025908619 0.728368998 -0.001542165 0.999989212 -0.004374236 -1.657705188 -0.025915582 0.004332806 0.999654710 15.658786774
0.999571025 0.002330938 0.029194808 0.807668269 -0.002206720 0.999988377 -0.004286290 -1.796502471 -0.029204460 0.004220027 0.999564528 16.955987930
0.999467671 0.002029749 0.032562796 0.895798922 -0.001905660 0.999990821 -0.003841347 -1.936200976 -0.032570291 0.003777249 0.999462306 18.243120193
0.999401093 0.000442151 0.034600917 0.995525360 -0.000314626 0.999993145 -0.003690950 -2.077223301 -0.034602314 0.003677853 0.999394357 19.540130615
0.999341846 -0.002002751 0.036218889 1.093518376 0.002180600 0.999985754 -0.004871584 -2.218487501 -0.036208611 0.004947357 0.999332011 20.814722061
0.999298692 -0.001780254 0.037402704 1.189961672 0.002029021 0.999975979 -0.006614132 -2.359742165 -0.037390031 0.006685385 0.999278307 22.120098114
0.999254704 -0.001655494 0.038564775 1.274141192 0.002020770 0.999953449 -0.009434710 -2.503101826 -0.038547359 0.009505610 0.999211550 23.408170700
0.999208272 -0.001306658 0.039762214 1.374150991 0.001735877 0.999940574 -0.010762037 -2.646379948 -0.039745793 0.010822539 0.999151230 24.691617966
0.999164462 -0.000696165 0.040865734 1.474595785 0.001162476 0.999934494 -0.011388157 -2.793824673 -0.040855128 0.011426146 0.999099731 25.962661743
0.999144852 -0.002116574 0.041293383 1.573332548 0.002543705 0.999943793 -0.010294020 -2.939971447 -0.041269273 0.010390255 0.999094009 27.256023407
0.999146342 -0.005104610 0.040994994 1.680560112 0.005481631 0.999943674 -0.009089613 -3.088121891 -0.040946282 0.009306572 0.999117970 28.535152435
0.999163866 -0.006509898 0.040362637 1.772573471 0.006902068 0.999930263 -0.009584432 -3.232829094 -0.040297434 0.009855005 0.999139130 29.823778152
0.999182224 -0.008092946 0.039615452 1.877775908 0.008589071 0.999886632 -0.012369369 -3.375894308 -0.039510850 0.012699515 0.999138415 31.092376709
0.999219716 -0.008290043 0.038619623 1.987933517 0.008771061 0.999885857 -0.012302501 -3.526603222 -0.038513232 0.012631633 0.999178231 32.377784729
0.999232531 -0.008892070 0.038150422 2.084427118 0.009377220 0.999877155 -0.012556675 -3.671187878 -0.038034085 0.012904784 0.999193132 33.641899109
0.999246001 -0.009365614 0.037678555 2.179098845 0.009851168 0.999870479 -0.012721770 -3.814510584 -0.037554532 0.013083354 0.999209046 34.906772614
0.999256551 -0.009823867 0.037279386 2.271242142 0.010324883 0.999858677 -0.013270908 -3.959869146 -0.037143741 0.013645947 0.999216735 36.169742584
0.999295652 -0.010555346 0.036011633 2.382328033 0.011040902 0.999850452 -0.013311183 -4.117448807 -0.035865743 0.013699406 0.999262691 37.452560425
0.999293506 -0.010278059 0.036151726 2.475019455 0.010704124 0.999875247 -0.011611695 -4.261848927 -0.036027871 0.011990461 0.999278843 38.714572906
0.999255955 -0.010184149 0.037199076 2.573140621 0.010577459 0.999890089 -0.010391613 -4.405391693 -0.037089150 0.010777352 0.999253869 39.981544495
0.999182820 -0.011935776 0.038616214 2.691073418 0.012281473 0.999886513 -0.008727299 -4.548354149 -0.038507663 0.009194431 0.999215961 41.232021332
0.999058485 -0.013118614 0.041355535 2.779213905 0.013539473 0.999859154 -0.009912925 -4.693596840 -0.041219674 0.010463523 0.999095261 42.493904114
0.998937488 -0.014263211 0.043822657 2.874632597 0.014852472 0.999803185 -0.013150437 -4.841229916 -0.043626465 0.013787339 0.998952806 43.745971680
0.998834074 -0.015233513 0.045808729 2.984109402 0.015896155 0.999773860 -0.014136037 -4.985966682 -0.045583021 0.014847740 0.998850226 45.008323669
0.998708487 -0.015449115 0.048401389 3.109446287 0.016088281 0.999788225 -0.012843874 -5.120275974 -0.048192699 0.013605981 0.998745441 46.242115021
0.998516202 -0.016712386 0.051829752 3.226756811 0.017236507 0.999804556 -0.009681854 -5.272079468 -0.051657829 0.010560852 0.998609006 47.510639191
0.998237014 -0.019430194 0.056082480 3.338962793 0.019883052 0.999773979 -0.007528138 -5.413231850 -0.055923529 0.008629956 0.998397768 48.739597321
0.998003125 -0.021771528 0.059293754 3.475121975 0.022278072 0.999720633 -0.007895345 -5.554913521 -0.059105296 0.009200529 0.998209357 49.990409851
0.997726619 -0.024981927 0.062589914 3.615983248 0.025766613 0.999598801 -0.011761161 -5.688597679 -0.062270980 0.013347153 0.997970045 51.222606659
0.997425973 -0.026702220 0.066546321 3.747232437 0.027544336 0.999551296 -0.011769172 -5.824678421 -0.066202201 0.013571854 0.997713923 52.442440033
0.997081697 -0.029115770 0.070571706 3.877297401 0.029851194 0.999510288 -0.009388612 -5.961936474 -0.070263781 0.011467863 0.997462571 53.662891388
0.996789753 -0.031701412 0.073519431 4.030428410 0.032239668 0.999461234 -0.006145739 -6.094904900 -0.073284991 0.008496254 0.997274876 54.873466492
0.996580958 -0.034312103 0.075159378 4.190933704 0.034724530 0.999388158 -0.004187085 -6.228743553 -0.074969724 0.006782643 0.997162759 56.087440491
0.996344805 -0.037257083 0.076868862 4.334262371 0.037469398 0.999297023 -0.001321146 -6.350792885 -0.076765582 0.004196548 0.997040331 57.300987244
0.996192396 -0.040391143 0.077262558 4.492094994 0.040488906 0.999179959 0.000301288 -6.477706909 -0.077211358 0.002828136 0.997010708 58.505207062
0.996126473 -0.042311598 0.077082671 4.630787849 0.042672697 0.999084473 -0.003042682 -6.604427338 -0.076883361 0.006320220 0.997020185 59.714847565
0.996135652 -0.043476250 0.076311894 4.780298710 0.044158313 0.998997986 -0.007272532 -6.732392788 -0.075919248 0.010614233 0.997057438 60.900722504
0.996151090 -0.044764776 0.075359248 4.911834717 0.045738697 0.998890042 -0.011247087 -6.861774445 -0.074772127 0.014650634 0.997093022 62.104988098
0.996213138 -0.046128687 0.073697813 5.062716007 0.047266632 0.998787344 -0.013771035 -6.993566513 -0.072973199 0.017202333 0.997185528 63.296508789
0.996312380 -0.046685044 0.071986593 5.187805176 0.047808994 0.998758793 -0.013969149 -7.126783371 -0.071245089 0.017359240 0.997307777 64.480262756
0.996539831 -0.046135530 0.069137320 5.324295044 0.047171749 0.998796403 -0.013430030 -7.261497021 -0.068434514 0.016644888 0.997516811 65.656623840
0.996787667 -0.045019522 0.066238165 5.442314148 0.045862801 0.998884141 -0.011265185 -7.401505947 -0.065657087 0.014266866 0.997740269 66.853752136
0.997179389 -0.041339021 0.062644012 5.564002991 0.041905921 0.999091387 -0.007762347 -7.530815601 -0.062266208 0.010365606 0.998005748 68.027557373
0.997395933 -0.039561864 0.060300283 5.672616005 0.039956398 0.999187112 -0.005350678 -7.656882286 -0.060039572 0.007746127 0.998165905 69.194869995
0.997683823 -0.038662303 0.055965893 5.804899216 0.039190654 0.999196589 -0.008373683 -7.796741962 -0.055597186 0.010547628 0.998397589 70.404014587
0.997867048 -0.038922735 0.052404936 5.915126801 0.039751422 0.999099076 -0.014864445 -7.928103447 -0.051779147 0.016915910 0.998515308 71.562294006
0.997914314 -0.042464532 0.048618726 6.021816254 0.043394018 0.998891830 -0.018224288 -8.062395096 -0.047790956 0.020296043 0.998651147 72.741950989
0.997947216 -0.046213977 0.044338085 6.145090103 0.046862416 0.998807430 -0.013698140 -8.198213577 -0.043652158 0.015747808 0.998922646 73.926261902
0.997938812 -0.050059553 0.040153168 6.249789238 0.050449993 0.998688102 -0.008769469 -8.325296402 -0.039661497 0.010777119 0.999155104 75.083213806
0.998009980 -0.052245870 0.035304636 6.349519253 0.052483689 0.998604834 -0.005842877 -8.454292297 -0.034950115 0.007684167 0.999359429 76.271240234
0.998187006 -0.051501226 0.031151639 6.438861847 0.051633183 0.998660207 -0.003445920 -8.578816414 -0.030932434 0.005048130 0.999508679 77.430671692
0.998338759 -0.050836932 0.027116422 6.533020020 0.050952088 0.998694658 -0.003572230 -8.695815086 -0.026899423 0.004947934 0.999625862 78.588325500
0.998462081 -0.049869042 0.024218941 6.603130341 0.050003886 0.998736560 -0.004993984 -8.830380440 -0.023939293 0.006197344 0.999694228 79.747688293
0.998646855 -0.047561441 0.021029962 6.678039551 0.047779609 0.998807967 -0.009996273 -8.959503174 -0.020529455 0.010987550 0.999728858 80.891502380
0.998557746 -0.050855596 0.017210865 6.761490822 0.051106192 0.998588741 -0.014447479 -9.102352142 -0.016451839 0.015306223 0.999747455 82.053207397
0.998417079 -0.054361902 0.014423937 6.818915367 0.054593053 0.998378038 -0.016146863 -9.225858688 -0.013522768 0.016908750 0.999765515 83.199851990
0.998446882 -0.054621778 0.010963060 6.883671761 0.054758523 0.998420238 -0.012585578 -9.355782509 -0.010258293 0.013166351 0.999860764 84.337242126
0.998450994 -0.055039071 0.008145480 6.950867653 0.055122111 0.998425961 -0.010348136 -9.483726501 -0.007563107 0.010781100 0.999913275 85.476127625
0.998588324 -0.052631550 0.007164527 6.993579388 0.052713756 0.998539686 -0.011815204 -9.614328384 -0.006532213 0.012176191 0.999904454 86.614837646
0.998778820 -0.048950646 0.006674371 7.046807766 0.049046099 0.998684108 -0.014978306 -9.742201805 -0.005932391 0.015287366 0.999865532 87.733695984
0.998879552 -0.047054514 0.005049230 7.112476826 0.047137272 0.998730481 -0.017760850 -9.868585587 -0.004207091 0.017978955 0.999829531 88.833732605
0.998749793 -0.049753174 0.004849486 7.149339676 0.049833503 0.998592436 -0.018156430 -10.006458282 -0.003939319 0.018375393 0.999823511 89.985191345
0.998702586 -0.050817981 0.003283601 7.203327179 0.050862990 0.998585343 -0.015504177 -10.137028694 -0.002491064 0.015651075 0.999874413 91.100028992
0.998642743 -0.052031498 0.002327628 7.254739285 0.052057207 0.998561442 -0.012848185 -10.267002106 -0.001655769 0.012951916 0.999914765 92.213500977
0.998648584 -0.051937599 0.001881659 7.314375401 0.051956672 0.998575449 -0.012148023 -10.392341614 -0.001248040 0.012229371 0.999924362 93.349830627
0.998620212 -0.052482724 0.001817824 7.361799240 0.052503299 0.998519838 -0.014194566 -10.520737648 -0.001070164 0.014270421 0.999897599 94.458595276
0.998611331 -0.052679066 0.000619730 7.428093910 0.052681684 0.998449683 -0.017965848 -10.650568008 0.000327654 0.017973548 0.999838352 95.566604614
0.998584270 -0.053181872 0.001055913 7.470151424 0.053192332 0.998401582 -0.019102169 -10.787622452 -0.000038336 0.019131292 0.999816954 96.678321838
0.998543143 -0.053952515 0.000724476 7.527970791 0.053956937 0.998390913 -0.017444229 -10.919187546 0.000217850 0.017457910 0.999847472 97.763351440
0.998592257 -0.053014159 0.001736361 7.571977615 0.053031575 0.998516858 -0.012314848 -11.040449142 -0.001080924 0.012389597 0.999922633 98.845100403
0.998673856 -0.051399469 0.002962951 7.622851849 0.051423643 0.998638511 -0.008760370 -11.161001205 -0.002508638 0.008901120 0.999957204 99.912551880
0.998774648 -0.049210746 0.005229484 7.665460110 0.049255196 0.998747945 -0.008742057 -11.281455040 -0.004792733 0.008988924 0.999948084 100.971481323
0.998857081 -0.047254078 0.007171317 7.718663216 0.047329426 0.998821795 -0.010727260 -11.400300980 -0.006655961 0.011054412 0.999916673 102.009178162
0.998813629 -0.047658332 0.009991606 7.768021584 0.047785547 0.998774290 -0.012905115 -11.523214340 -0.009364323 0.013367260 0.999866784 103.028869629
0.998733759 -0.048879646 0.011894546 7.813221455 0.049044132 0.998699129 -0.013953698 -11.633440971 -0.011197020 0.014519389 0.999831855 104.032516479
0.998625100 -0.050586946 0.013743781 7.875779152 0.050770737 0.998620808 -0.013369785 -11.745937347 -0.013048488 0.014049183 0.999816239 105.015136719
0.998584449 -0.050812971 0.015715979 7.929552555 0.051000591 0.998629153 -0.011777449 -11.865015030 -0.015095985 0.012562300 0.999807179 105.995460510
0.998511612 -0.052061729 0.016252577 8.008741379 0.052230917 0.998583257 -0.010164968 -11.973483086 -0.015700350 0.010998727 0.999816239 106.921676636
0.998441696 -0.052730769 0.018259946 8.066231728 0.052928578 0.998542845 -0.010524248 -12.081067085 -0.017678384 0.011474322 0.999777853 107.838935852
0.998431087 -0.052425303 0.019678609 8.130038261 0.052607525 0.998575985 -0.008859036 -12.178234100 -0.019186154 0.009880379 0.999767125 108.744049072
0.998439193 -0.051580749 0.021420708 8.190273285 0.051736400 0.998637795 -0.006776423 -12.274903297 -0.021041995 0.007874075 0.999747574 109.614730835
0.998406589 -0.051800918 0.022382600 8.254924774 0.051893223 0.998646259 -0.003562299 -12.377720833 -0.022167770 0.004718128 0.999743104 110.473228455
0.998365998 -0.051812541 0.024103045 8.314081192 0.051914699 0.998644888 -0.003631527 -12.468242645 -0.023882227 0.004876895 0.999702930 111.298217773
0.998384476 -0.050885752 0.025281157 8.363593102 0.050970592 0.998696566 -0.002722803 -12.556166649 -0.025109649 0.004007000 0.999676645 112.101928711
0.998495638 -0.048499461 0.025582589 8.417496681 0.048579447 0.998816133 -0.002514077 -12.635539055 -0.025430370 0.003753082 0.999669552 112.880447388
0.998632193 -0.045909844 0.025022734 8.461616516 0.045909762 0.998945415 0.000578053 -12.714116096 -0.025022879 0.000571525 0.999686718 113.637413025
0.998700738 -0.045954924 0.022020720 8.507223129 0.045927882 0.998943269 0.001732721 -12.798216820 -0.022077076 -0.000719106 0.999756038 114.368728638
0.998816967 -0.046031237 0.015674524 8.543063164 0.046009634 0.998939395 0.001736847 -12.872065544 -0.015737854 -0.001013614 0.999875665 115.065261841
0.998995364 -0.044528130 0.005062880 8.571448326 0.044524375 0.999008000 0.000851933 -12.949917793 -0.005095793 -0.000625656 0.999986887 115.732925415
0.999098480 -0.041578472 -0.008582236 8.569820404 0.041559860 0.999133289 -0.002336212 -13.015573502 0.008671930 0.001977429 0.999960482 116.377105713
0.998795152 -0.040469330 -0.027757054 8.570994377 0.040360697 0.999175191 -0.004463117 -13.088738441 0.027914779 0.003337447 0.999604702 117.002365112
0.997990191 -0.038738817 -0.050149553 8.537740707 0.038452253 0.999238193 -0.006666817 -13.159315109 0.050369617 0.004725054 0.998719513 117.589378357
0.996271372 -0.037148133 -0.077866212 8.497548103 0.036580913 0.999292731 -0.008698774 -13.225045204 0.078134298 0.005817922 0.996925890 118.160064697
0.993313968 -0.035064030 -0.109990694 8.424636841 0.034085575 0.999360919 -0.010763980 -13.291313171 0.110297844 0.006942915 0.993874371 118.705444336
0.988957882 -0.030298986 -0.145066395 8.315013885 0.028844066 0.999510348 -0.012122642 -13.358112335 0.145362705 0.007804478 0.989347696 119.246086121
0.982661724 -0.024591053 -0.183768973 8.208280563 0.022829561 0.999670982 -0.011695245 -13.416899681 0.183996081 0.007297107 0.982899904 119.752944946
0.974136710 -0.019188697 -0.225143269 8.065485001 0.017406268 0.999799490 -0.009899322 -13.473350525 0.225288033 0.005724389 0.974275410 120.256538391
0.962792993 -0.014471232 -0.269852519 7.892162323 0.012678958 0.999884546 -0.008383670 -13.531373024 0.269942641 0.004650291 0.962865233 120.751098633
0.948638558 -0.008236178 -0.316254675 7.699604034 0.005709422 0.999944031 -0.008915411 -13.588750839 0.316310376 0.006651872 0.948632479 121.211631775
0.930975854 -0.000404611 -0.365080535 7.479915619 -0.003444816 0.999945164 -0.009892693 -13.646494865 0.365064502 0.010467491 0.930923402 121.697257996
0.910071135 0.004305703 -0.414429635 7.218803406 -0.009600253 0.999896765 -0.010693385 -13.699051857 0.414340854 0.013710368 0.910018504 122.118431091
0.884996414 0.008556338 -0.465519190 6.950485229 -0.014661395 0.999847472 -0.009495308 -13.752417564 0.465366930 0.015228474 0.884986818 122.531143188
0.855951369 0.012022670 -0.516916513 6.668296814 -0.019667039 0.999763191 -0.009313314 -13.797101974 0.516682088 0.018137960 0.855985165 122.928405762
0.824630439 0.021541238 -0.565261364 6.335071564 -0.030209523 0.999525726 -0.005980710 -13.848313332 0.564864516 0.022008153 0.824890077 123.296295166
0.790600896 0.034871731 -0.611338019 5.988742828 -0.043616135 0.999048054 0.000581661 -13.890490532 0.610776424 0.026204344 0.791369379 123.653305054
0.754648626 0.043610953 -0.654678345 5.632907867 -0.054924812 0.998485386 0.003201524 -13.931528091 0.653826296 0.033542056 0.755900860 123.969284058
0.714798510 0.047361955 -0.697724819 5.262783051 -0.062171679 0.998057187 0.004055650 -13.976751328 0.696561456 0.040479749 0.716354430 124.268844604
0.672409952 0.049104244 -0.738548279 4.886928558 -0.064989120 0.997860074 0.007176014 -14.023161888 0.737320304 0.043172382 0.674162388 124.547912598
0.628749430 0.052748501 -0.775816798 4.476093292 -0.068408467 0.997580469 0.012385778 -14.060285568 0.774592876 0.045284875 0.630836666 124.815185547
0.583792865 0.061307937 -0.809584618 4.051490784 -0.079673499 0.996658146 0.018021867 -14.091060638 0.807983875 0.053981408 0.586726546 125.044204712
0.538211346 0.070202276 -0.839881063 3.608482361 -0.091124512 0.995530188 0.024818087 -14.117628098 0.837869167 0.063176379 0.542202830 125.254272461
0.491197735 0.075414307 -0.867777348 3.156307220 -0.096899003 0.994792402 0.031603724 -14.145328522 0.865641534 0.068563074 0.495947331 125.453994751
0.444195479 0.076366238 -0.892669380 2.688747406 -0.096281074 0.994659483 0.037181497 -14.168643951 0.890741467 0.069431297 0.449175864 125.635086060
0.397161633 0.077937283 -0.914433360 2.215278625 -0.093875580 0.994611204 0.043998297 -14.189778328 0.912934780 0.068368532 0.402337879 125.803596497
0.351025730 0.080942571 -0.932860792 1.722591400 -0.095536612 0.994153619 0.050311424 -14.214052200 0.931479275 0.071461760 0.356706530 125.953292847
0.307333112 0.084056437 -0.947882354 1.219196320 -0.101048611 0.993342042 0.055324588 -14.233945847 0.946221709 0.078779124 0.313780665 126.068702698
0.266089082 0.085745208 -0.960127234 0.700143814 -0.106365301 0.992565393 0.059164096 -14.250715256 0.958062232 0.086381309 0.273231119 126.169326782
0.227134943 0.082375787 -0.970373154 0.173633575 -0.106799334 0.992513239 0.059256792 -14.268061638 0.967989445 0.090175927 0.234232113 126.263336182
0.192145288 0.077439018 -0.978306413 -0.361829758 -0.101643518 0.993090749 0.058645885 -14.288269043 0.976088464 0.088169977 0.198688954 126.355628967
0.162006646 0.072504640 -0.984122455 -0.917263031 -0.098967597 0.993462563 0.056900673 -14.308390617 0.981814265 0.088177949 0.168123156 126.430900574
0.134913459 0.070647977 -0.988335609 -1.478864670 -0.099614680 0.993368626 0.057409760 -14.330300331 0.985837281 0.090707384 0.141056374 126.511032104
0.112769261 0.069866136 -0.991161823 -2.061090469 -0.100688651 0.993193388 0.058553521 -14.346455574 0.988506377 0.093195736 0.119036436 126.575958252
0.094602838 0.071186677 -0.992966712 -2.667448997 -0.103117280 0.992775500 0.061348692 -14.360131264 0.990160227 0.096588261 0.101259969 126.623451233
0.078315228 0.069523647 -0.994501591 -3.270864487 -0.104114905 0.992680669 0.061197497 -14.386154175 0.991477013 0.098749734 0.084980488 126.676902771
0.064700998 0.068489298 -0.995551586 -3.892589569 -0.103494212 0.992722631 0.061568581 -14.412085533 0.992523432 0.099050291 0.071318381 126.720184326
0.052235976 0.065836594 -0.996462166 -4.539633274 -0.098177634 0.993329167 0.060483001 -14.435943604 0.993797064 0.094670907 0.058351208 126.775604248
0.040041935 0.063287802 -0.997191727 -5.186548233 -0.095864207 0.993631721 0.059212457 -14.455305099 0.994588792 0.093224026 0.045853965 126.819351196
0.029349355 0.062980302 -0.997583091 -5.845727444 -0.095301159 0.993642986 0.059927750 -14.477281570 0.995015740 0.093311988 0.035164878 126.853752136
0.020467870 0.064426497 -0.997712612 -6.515284061 -0.098875858 0.993159950 0.062104110 -14.501097679 0.994889319 0.097378537 0.026698094 126.863128662
0.011927617 0.063584514 -0.997905314 -7.217767239 -0.101602025 0.992888093 0.062050425 -14.524716377 0.994753540 0.100649081 0.018303107 126.883819580
0.005432196 0.063037097 -0.997996390 -7.904535294 -0.104230948 0.992610633 0.062129561 -14.547203064 0.994538248 0.103684612 0.011962473 126.902709961
-0.000140407 0.064582489 -0.997912288 -8.599669456 -0.104893252 0.992406547 0.064240903 -14.571134567 0.994483471 0.104683295 0.006634926 126.920539856
-0.003372707 0.066551894 -0.997777283 -9.324279785 -0.106308207 0.992104948 0.066532873 -14.589135170 0.994327486 0.106296308 0.003728932 126.939979553
-0.004169357 0.070093885 -0.997531712 -10.042236328 -0.108714178 0.991596103 0.070131198 -14.610799789 0.994064212 0.108738244 0.003485881 126.952659607
-0.005206239 0.073734015 -0.997264385 -10.775292397 -0.111451209 0.991021752 0.073854297 -14.628497124 0.993756235 0.111530811 0.003058250 126.965423584
-0.006684538 0.079395913 -0.996820748 -11.506303787 -0.116473638 0.989996195 0.079633415 -14.642436981 0.993171215 0.116635658 0.002629865 126.978713989
-0.008012868 0.082917742 -0.996524155 -12.244187355 -0.119377390 0.989349961 0.083280697 -14.655826569 0.992816627 0.119629756 0.001970975 126.996940613
-0.009377673 0.083608285 -0.996454597 -12.988876343 -0.118707791 0.989358723 0.084130064 -14.674298286 0.992884994 0.119075865 0.000647073 127.012847900
-0.010547830 0.080045253 -0.996735394 -13.760711670 -0.116698012 0.989880919 0.080729716 -14.691192627 0.993111372 0.117168561 -0.001099975 127.030181885
-0.012294091 0.076700464 -0.996978343 -14.513126373 -0.120409727 0.989684761 0.077624172 -14.697876930 0.992648184 0.121000223 -0.002931792 127.043411255
-0.013282363 0.078494012 -0.996826053 -15.285491943 -0.125231951 0.988933921 0.079541214 -14.709720612 0.992038608 0.125890970 -0.003305421 127.043670654
-0.014872951 0.081630863 -0.996551633 -16.060779572 -0.122499734 0.989005148 0.082840927 -14.725852966 0.992357075 0.123309404 -0.004709668 127.061065674
-0.017084347 0.081794113 -0.996502697 -16.832216263 -0.121175982 0.989132464 0.083266616 -14.743385315 0.992483974 0.122174755 -0.006987201 127.079193115
-0.017666157 0.081255868 -0.996536672 -17.623395920 -0.124717660 0.988728821 0.082830176 -14.754694939 0.992034912 0.125749037 -0.007332996 127.075851440
-0.018685181 0.080758154 -0.996558547 -18.416130066 -0.128505990 0.988271475 0.082496054 -14.767031670 0.991532624 0.129605189 -0.008088126 127.088584900
-0.020071011 0.084962867 -0.996181905 -19.212751389 -0.130384088 0.987651289 0.086862259 -14.773342133 0.991260409 0.131629676 -0.008745354 127.099189758
-0.020863663 0.089817308 -0.995739698 -20.016338348 -0.129699901 0.987297118 0.091773376 -14.787493706 0.991333783 0.131062061 -0.008949340 127.115135193
-0.019616639 0.092312373 -0.995536864 -20.847856522 -0.131133720 0.986889124 0.094094455 -14.793528557 0.991170585 0.132394269 -0.007254186 127.124649048
-0.017799828 0.091083959 -0.995684147 -21.666160583 -0.130460203 0.987116694 0.092632443 -14.801149368 0.991293728 0.131546006 -0.005687678 127.137580872
-0.016460929 0.091192558 -0.995697260 -22.495817184 -0.130389005 0.987132490 0.092563756 -14.806825638 0.991326213 0.131351665 -0.004358615 127.147766113
-0.016552633 0.090166189 -0.995789170 -23.324598312 -0.128861845 0.987427473 0.091551065 -14.812300682 0.991524398 0.129834667 -0.004725546 127.172935486
-0.015969055 0.092077129 -0.995623827 -24.162324905 -0.129661605 0.987152040 0.093373321 -14.818677902 0.991429687 0.130585283 -0.003825018 127.194358826
-0.015468832 0.094008103 -0.995451272 -25.001392365 -0.131335244 0.986753702 0.095227607 -14.819961548 0.991217375 0.132210881 -0.002917350 127.212249756
-0.015059922 0.096701436 -0.995199502 -25.875476837 -0.134571075 0.986060977 0.097849861 -14.823729515 0.990789473 0.135398671 -0.001836783 127.221420288
-0.013346561 0.097854674 -0.995111227 -26.739015579 -0.136822864 0.985660076 0.098760374 -14.821536064 0.990505576 0.137472063 0.000233582 127.232940674
-0.011653678 0.101151861 -0.994802833 -27.608119965 -0.143668145 0.984378695 0.101774946 -14.824177742 0.989557207 0.144107521 0.003060666 127.248588562
-0.009353180 0.104766533 -0.994452834 -28.489021301 -0.148150191 0.983375788 0.104992971 -14.818962097 0.988920629 0.148310423 0.006323494 127.264244080
-0.007390293 0.106585100 -0.994276106 -29.363855362 -0.150624335 0.982840061 0.106478736 -14.814791679 0.988563418 0.150549069 0.008790835 127.297126770
-0.003468953 0.107518069 -0.994197071 -30.262197495 -0.149414539 0.982986927 0.106827080 -14.816459656 0.988768578 0.148918077 0.012654829 127.317832947
-0.000762630 0.107380480 -0.994217694 -31.154054642 -0.151914492 0.982666373 0.106249399 -14.810062408 0.988393366 0.151117116 0.015563239 127.346832275
0.001558033 0.111213967 -0.993795276 -32.056205750 -0.152418092 0.982211530 0.109678686 -14.804138184 0.988314867 0.151301518 0.018481340 127.379150391
0.003716919 0.113286063 -0.993555605 -32.971954346 -0.151338443 0.982182026 0.111423112 -14.801960945 0.988474965 0.149949029 0.020795232 127.425621033
0.005573653 0.114499144 -0.993407726 -33.865287781 -0.151950806 0.981984079 0.112329960 -14.798593521 0.988372326 0.150323004 0.022871476 127.466743469
0.008049464 0.112643547 -0.993602931 -34.769374847 -0.153302401 0.982027829 0.110089362 -14.792034149 0.988146484 0.151435554 0.025173329 127.498748779
0.008412788 0.113991730 -0.993445992 -35.683959961 -0.157689840 0.981201768 0.111251414 -14.783132553 0.987452865 0.155720398 0.026229978 127.540702820
0.009657285 0.114568993 -0.993368268 -36.578384399 -0.158462942 0.981036961 0.111606225 -14.778491020 0.987317741 0.156334251 0.027629092 127.577789307
0.009898837 0.111036882 -0.993766963 -37.474353790 -0.158942357 0.981355727 0.108066894 -14.775794029 0.987238228 0.156881958 0.027362743 127.612876892
0.010581661 0.106961250 -0.994206905 -38.381214142 -0.159856051 0.981656194 0.103909604 -14.778792381 0.987083614 0.157830447 0.027485957 127.660881042
0.011119017 0.106101453 -0.994293153 -39.277496338 -0.159423456 0.981823623 0.102988027 -14.773632050 0.987147689 0.157368511 0.027831974 127.703903198
0.010776773 0.110509664 -0.993816614 -40.177177429 -0.161635637 0.980996430 0.107331321 -14.772974014 0.986791670 0.159479484 0.028434267 127.749557495
0.011327099 0.116528191 -0.993122816 -41.104862213 -0.162432060 0.980209470 0.113160379 -14.760938644 0.986654699 0.160033241 0.030030845 127.783218384
0.011689152 0.115114667 -0.993283391 -41.999298096 -0.160273463 0.980723858 0.111772969 -14.760618210 0.987003446 0.157890484 0.029913660 127.827980042
0.012620186 0.104785025 -0.994414926 -42.890190125 -0.159637451 0.981949449 0.101445541 -14.766763687 0.987095058 0.157465607 0.029120002 127.871528625
0.012617573 0.094472714 -0.995447457 -43.813369751 -0.161071777 0.982717812 0.091222987 -14.774557114 0.986862063 0.159187466 0.027616408 127.915153503
0.011539237 0.091397159 -0.995747745 -44.712909698 -0.157887638 0.983488560 0.088442236 -14.783565521 0.987389743 0.156195715 0.025779188 127.963241577
0.011551126 0.101549797 -0.994763494 -45.634941101 -0.150592446 0.983659863 0.098667644 -14.787871361 0.988528490 0.148664147 0.026655013 128.012100220
0.011457205 0.114656955 -0.993339062 -46.580615997 -0.145676672 0.982996821 0.111782953 -14.784992218 0.989265919 0.143425569 0.027965240 128.072723389
0.011785930 0.123493269 -0.992275417 -47.501602173 -0.146068633 0.981912017 0.120468549 -14.775663376 0.989204168 0.143520504 0.029611243 128.118835449
0.011480967 0.117940485 -0.992954373 -48.418281555 -0.146256179 0.982538283 0.115012221 -14.774051666 0.989180088 0.143905267 0.028530011 128.161132812
0.011480807 0.104538403 -0.994454503 -49.342796326 -0.146232679 0.984003365 0.101751514 -14.774391174 0.989183605 0.144253567 0.026584081 128.205184937
0.011928562 0.095743798 -0.995334566 -50.258213043 -0.146708697 0.984800816 0.092972323 -14.775214195 0.989107847 0.144915208 0.025793709 128.250000000
0.012384810 0.095567562 -0.995345891 -51.189342499 -0.145760149 0.984961987 0.092756912 -14.781192780 0.989242435 0.143932998 0.026128510 128.294647217
0.011894698 0.097353041 -0.995178819 -52.136615753 -0.148959413 0.984316468 0.094510026 -14.801959991 0.988771677 0.147117108 0.026209803 128.336807251
0.012812204 0.096700750 -0.995231032 -53.064922333 -0.153635368 0.983684361 0.093600996 -14.802840233 0.988044560 0.151703447 0.027459819 128.368621826
0.013330943 0.095980167 -0.995293975 -54.002296448 -0.155180410 0.983520865 0.092766367 -14.804019928 0.987796187 0.153213456 0.028005501 128.410369873
0.013893897 0.103884578 -0.994492292 -54.965751648 -0.164275467 0.981310785 0.100212559 -14.810729980 0.986316621 0.161978304 0.030699916 128.450790405
0.015313119 0.113188744 -0.993455470 -55.905986786 -0.169756949 0.979442120 0.108975507 -14.802927017 0.985367000 0.166977212 0.034212884 128.490753174
0.016372887 0.121774912 -0.992422640 -56.862339020 -0.170104653 0.978425622 0.117251039 -14.799238205 0.985289931 0.166895971 0.036734134 128.535354614
0.017381033 0.122367993 -0.992332578 -57.816005707 -0.171878964 0.978073597 0.117599167 -14.789433479 0.984964728 0.168517083 0.038032416 128.583358765
0.019388774 0.112580977 -0.993453324 -58.756076813 -0.173599437 0.978926420 0.107546672 -14.785644531 0.984625459 0.170377746 0.038524173 128.626586914
0.020629326 0.107515864 -0.993989408 -59.696037292 -0.171985596 0.979762137 0.102407560 -14.779584885 0.984883487 0.168839231 0.038703013 128.681823730
0.022695366 0.106121413 -0.994094193 -60.662212372 -0.170594811 0.980177939 0.100741118 -14.781327248 0.985079825 0.167300940 0.040349253 128.737197876
0.025851199 0.111754641 -0.993399560 -61.620403290 -0.171960071 0.979416013 0.105706640 -14.778079987 0.984764695 0.168092400 0.044536412 128.800201416
0.029395349 0.114215292 -0.993021011 -62.596046448 -0.175052539 0.978685439 0.107384562 -14.782431602 0.984120190 0.170674279 0.048762478 128.854354858
0.033084333 0.109281346 -0.993460000 -63.549385071 -0.173980042 0.979457915 0.101947203 -14.784729004 0.984193265 0.169469342 0.051417481 128.919158936
0.036418676 0.103337668 -0.993979394 -64.505325317 -0.173912376 0.980117142 0.095524482 -14.788821220 0.984087527 0.169386402 0.053666268 128.985641479
0.040049054 0.102909058 -0.993884146 -65.480941772 -0.171612456 0.980610251 0.094619431 -14.787402153 0.984350204 0.166773483 0.056932986 129.056549072
0.041956190 0.107571073 -0.993311703 -66.435508728 -0.168545827 0.980700850 0.099086218 -14.805995941 0.984800398 0.163261309 0.059277136 129.148498535
0.045571823 0.114174046 -0.992415011 -67.394668579 -0.168015495 0.980171025 0.105050139 -14.805604935 0.984730482 0.161953762 0.063851193 129.225875854
0.047943354 0.117768615 -0.991883099 -68.357315063 -0.165798768 0.980187476 0.108365968 -14.806890488 0.984993637 0.159257531 0.066519365 129.313323975
0.050362855 0.119576752 -0.991546810 -69.340347290 -0.165511847 0.980077863 0.109786950 -14.807099342 0.984921038 0.158583522 0.069150895 129.390441895
0.052672949 0.117147498 -0.991716623 -70.290809631 -0.164844960 0.980491221 0.107066073 -14.808772087 0.984912038 0.157840014 0.070956528 129.462966919
0.053295515 0.115731522 -0.991849720 -71.235153198 -0.162800819 0.980979204 0.105715282 -14.812894821 0.985218525 0.155839786 0.071122959 129.552474976
0.053854309 0.112221211 -0.992222846 -72.180709839 -0.159771606 0.981831253 0.102374092 -14.821762085 0.985683918 0.153015718 0.070805609 129.642929077
0.053576868 0.111670814 -0.992299914 -73.176612854 -0.158445835 0.982088447 0.101966731 -14.813133240 0.985912919 0.151762739 0.070311002 129.726608276
0.053300783 0.116407655 -0.991770267 -74.129394531 -0.155107751 0.982092798 0.106935807 -14.815759659 0.986458540 0.148131475 0.070402041 129.814102173
0.052779164 0.118199699 -0.991586149 -75.090225220 -0.149147779 0.982765555 0.109209567 -14.820728302 0.987405300 0.142128885 0.069498770 129.912124634
0.052077670 0.113627441 -0.992157578 -76.048500061 -0.146312535 0.983652949 0.104973577 -14.809228897 0.987866640 0.139698327 0.067851476 129.995468140
0.050428767 0.109520927 -0.992704451 -77.006637573 -0.148769423 0.983703494 0.100970514 -14.809638977 0.987585247 0.142592251 0.065900326 130.072982788
0.049254347 0.106861725 -0.993053198 -77.955787659 -0.145212159 0.984461725 0.098734841 -14.813920021 0.988173783 0.139340267 0.064006642 130.155960083
0.047968805 0.107589491 -0.993037522 -78.920074463 -0.145404473 0.984343767 0.099623799 -14.816244125 0.988208771 0.139613286 0.062861785 130.226760864
0.047265675 0.108753949 -0.992944300 -79.872154236 -0.146670014 0.984036565 0.100796595 -14.820274353 0.988055527 0.140870929 0.062462099 130.301391602
0.045997143 0.109023206 -0.992974401 -80.827873230 -0.148174271 0.983774960 0.101149350 -14.823428154 0.987890959 0.142480657 0.061405271 130.375106812
0.044765327 0.109957650 -0.992927611 -81.777641296 -0.148010030 0.983684838 0.102261171 -14.826688766 0.987972260 0.142385498 0.060309805 130.442733765
0.042766709 0.110141039 -0.992995441 -82.731231689 -0.147701889 0.983680487 0.102746561 -14.829547882 0.988106847 0.142273173 0.058336813 130.515075684
0.040746629 0.112899378 -0.992770672 -83.677490234 -0.147436857 0.983398438 0.105782270 -14.827583313 0.988231778 0.142060712 0.056715705 130.589233398
0.039016064 0.117338806 -0.992325246 -84.635253906 -0.149227247 0.982629001 0.110324964 -14.824516296 0.988032877 0.143777519 0.055848461 130.651153564
0.036704104 0.121700667 -0.991887927 -85.592735291 -0.149287269 0.982086658 0.114973828 -14.811862946 0.988112390 0.143856227 0.054214973 130.718688965
0.035031810 0.121490195 -0.991974294 -86.536598206 -0.149312139 0.982079268 0.115005329 -14.807176590 0.988169312 0.144084916 0.052543983 130.782241821
0.033379935 0.116209865 -0.992663622 -87.479316711 -0.149152398 0.982673943 0.110024907 -14.804731369 0.988250673 0.144385561 0.050134577 130.849075317
0.031188419 0.111843921 -0.993236244 -88.416671753 -0.153543144 0.982460618 0.105809152 -14.797597885 0.987649620 0.149204552 0.047814257 130.911880493
0.030843627 0.109544314 -0.993503273 -89.387817383 -0.152304754 0.982883990 0.103645079 -14.792256355 0.987852156 0.148118481 0.046999827 130.960937500
0.030086374 0.110553056 -0.993414819 -90.339179993 -0.148203939 0.983372629 0.104947031 -14.796664238 0.988499045 0.144070521 0.045970522 131.022109985
0.029231483 0.112108015 -0.993265927 -91.289878845 -0.144608870 0.983711123 0.106773786 -14.796968460 0.989057004 0.140513942 0.044967145 131.090499878
0.027823731 0.112232007 -0.993292451 -92.234954834 -0.139758155 0.984353960 0.107307218 -14.800186157 0.989794672 0.135835022 0.043073744 131.159927368
0.026798820 0.109209172 -0.993657529 -93.181312561 -0.135764092 0.985202014 0.104618333 -14.800765991 0.990378678 0.132099330 0.041228935 131.223617554
0.025948862 0.106193312 -0.994006813 -94.147499084 -0.130050346 0.986250043 0.101969607 -14.809694290 0.991167784 0.126624942 0.039402541 131.281936646
0.025201542 0.108461261 -0.993781209 -95.106056213 -0.128121108 0.986249328 0.104390197 -14.809519768 0.991438210 0.124693558 0.038751192 131.336593628
0.023806619 0.111369513 -0.993493974 -96.052162170 -0.127914548 0.985946596 0.107458316 -14.815027237 0.991499484 0.124524094 0.037717834 131.396682739
0.021746084 0.108902939 -0.993814528 -97.013336182 -0.123037241 0.986784816 0.105440393 -14.807412148 0.992163777 0.119983286 0.034857828 131.455139160
0.019121239 0.106227882 -0.994157970 -97.978408813 -0.121325761 0.987238109 0.103154972 -14.811355591 0.992428541 0.118644498 0.031765394 131.513290405
0.016178137 0.103740133 -0.994472861 -98.927238464 -0.120229602 0.987588286 0.101066053 -14.812102318 0.992614269 0.117930010 0.028449966 131.567184448
0.013903366 0.101948068 -0.994692624 -99.890747070 -0.113800697 0.988486290 0.099721313 -14.813700676 0.993406236 0.111810245 0.025345042 131.615509033
0.010965869 0.103010863 -0.994619787 -100.834541321 -0.108308643 0.988949895 0.101229519 -14.819226265 0.994056761 0.106615834 0.022001654 131.675170898
0.008361413 0.111431442 -0.993736923 -101.819992065 -0.098025702 0.989076495 0.110084064 -14.825094223 0.995148718 0.096491300 0.019193225 131.733718872
0.005762272 0.119827703 -0.992777944 -102.778884888 -0.090088911 0.988819599 0.118827030 -14.821443558 0.995917022 0.088753574 0.016492991 131.790039062
0.001722492 0.118727528 -0.992925286 -103.733314514 -0.085968465 0.989268422 0.118141122 -14.809975624 0.996296346 0.085156769 0.011910829 131.846282959
0.000007659 0.109309047 -0.994007826 -104.687644958 -0.087242045 0.990217865 0.108891606 -14.814714432 0.996187150 0.086718440 0.009543927 131.871139526
-0.002148964 0.099580854 -0.995027184 -105.634468079 -0.088961154 0.991065204 0.099376470 -14.808507919 0.996032774 0.088732317 0.006729063 131.909469604
-0.002756146 0.101628184 -0.994818568 -106.587257385 -0.096416540 0.990160525 0.101419441 -14.814841270 0.995337307 0.096196502 0.007069611 131.935104370
-0.002917513 0.110525385 -0.993869007 -107.565597534 -0.099384010 0.988920629 0.110266834 -14.797052383 0.995044827 0.099096403 0.008099269 131.960876465
-0.004473655 0.121860154 -0.992537141 -108.528541565 -0.103348568 0.987175763 0.121667713 -14.783889771 0.994635165 0.103121586 0.008177787 131.990997314
-0.006033643 0.123604253 -0.992313266 -109.468933105 -0.110337920 0.986189723 0.123512387 -14.772824287 0.993875802 0.110235021 0.007687918 132.024368286
-0.005939538 0.120948575 -0.992641032 -110.461097717 -0.117841467 0.985657096 0.120802745 -14.756278038 0.993014634 0.117691778 0.008398409 132.042175293
-0.006245585 0.116667427 -0.993151486 -111.415527344 -0.125822842 0.985185802 0.116522960 -14.739960670 0.992033064 0.125688866 0.008526365 132.068008423
-0.003853728 0.119162627 -0.992867291 -112.381080627 -0.130769670 0.984288394 0.118640579 -14.722695351 0.991405249 0.130294129 0.011789676 132.089996338
-0.002658745 0.120333277 -0.992730081 -113.367233276 -0.138734773 0.983088911 0.119536199 -14.703575134 0.990325987 0.138043955 0.014080627 132.116165161
-0.002154733 0.123023398 -0.992401421 -114.333122253 -0.147973642 0.981439412 0.121985771 -14.685137749 0.988988996 0.147112072 0.016089475 132.136215210
-0.002083967 0.125690967 -0.992067218 -115.302711487 -0.153664947 0.980246365 0.124516100 -14.666323662 0.988120854 0.152705446 0.017271496 132.166213989
-0.001559100 0.124671638 -0.992196798 -116.280822754 -0.157301545 0.979815125 0.123363033 -14.650657654 0.987549365 0.156266451 0.018083412 132.202651978
-0.000370529 0.115281135 -0.993332803 -117.234680176 -0.156324968 0.981113851 0.113921374 -14.652023315 0.987705529 0.155324936 0.017657790 132.239151001
0.001321292 0.103566989 -0.994621575 -118.188636780 -0.159317017 0.981940389 0.102034874 -14.639950752 0.987226546 0.158325344 0.017797418 132.274246216
