1.000000000 0.000000000 0.000000000 0.000000000 0.000000000 1.000000000 0.000000000 0.000000000 0.000000000 0.000000000 1.000000000 0.000000000
0.999997675 -0.001617598 -0.001413927 0.050887898 0.001614543 0.999996364 -0.002159253 -0.132453814 0.001417414 0.002156965 0.999996662 1.296959400
0.999997735 -0.000013428 -0.002126641 0.105149157 0.000000038 0.999980152 -0.006295826 -0.267762393 0.002126683 0.006295811 0.999977946 2.601562023
0.999996185 0.002431716 -0.001249702 0.148737580 -0.002441514 0.999965847 -0.007899186 -0.405667841 0.001230450 0.007902209 0.999967933 3.905352116
0.999983609 0.005713902 0.000297024 0.193612769 -0.005711806 0.999961793 -0.006633172 -0.544165254 -0.000334914 0.006631367 0.999977946 5.219623566
0.999975741 0.006526494 0.002428789 0.243770882 -0.006518556 0.999973416 -0.003261876 -0.689568341 -0.002450013 0.003245965 0.999991655 6.540522575
0.999961436 0.006780306 0.005580190 0.301541001 -0.006769288 0.999975085 -0.001991229 -0.826667964 -0.005593552 0.001953378 0.999982417 7.847904682
0.999944210 0.005288427 0.009154878 0.357365698 -0.005271977 0.999984384 -0.001820210 -0.961293042 -0.009164362 0.001771844 0.999956429 9.150849342
0.999913156 0.003877767 0.012594841 0.434540272 -0.003855995 0.999991059 -0.001752450 -1.097841382 -0.012601525 0.001703733 0.999919176 10.450829506
0.999871790 0.002592869 0.015795954 0.502582788 -0.002551513 0.999993265 -0.002637675 -1.232330322 -0.015802691 0.002597034 0.999871671 11.758522987
0.999813557 0.001569820 0.019243989 0.576856136 -0.001508421 0.999993742 -0.003204671 -1.372385144 -0.019248899 0.003175045 0.999809682 13.052593231
0.999747753 0.001398855 0.022414232 0.652476668 -0.001324463 0.999993682 -0.003333467 -1.515260816 -0.022418749 0.003302940 0.999743223 14.371807098
0.999669611 0.001341342 0.025669694 0.738374949 -0.001227618 0.999989390 -0.004445522 -1.653125405 -0.025675386 0.004412540 0.999660552 15.668103218
0.999579489 0.002334113 0.028901514 0.822483540 -0.002209342 0.999988019 -0.004348299 -1.790369034 -0.028911317 0.004282616 0.999572814 16.963836670
0.999479294 0.001853145 0.032213565 0.911440492 -0.001726615 0.999990582 -0.003955222 -1.929777265 -0.032220595 0.003897542 0.999473214 18.249433517
0.999407589 0.000280228 0.034418110 1.009669542 -0.000155657 0.999993443 -0.003621956 -2.074453831 -0.034418903 0.003614452 0.999400973 19.549598694
0.999351025 -0.002135297 0.035959031 1.109027028 0.002312672 0.999985397 -0.004891816 -2.214845419 -0.035948060 0.004971803 0.999341309 20.824993134
0.999314368 -0.001824120 0.036979731 1.210650444 0.002072676 0.999975502 -0.006684209 -2.357085705 -0.036966633 0.006756273 0.999293685 22.130678177
0.999267638 -0.001816134 0.038220458 1.296369553 0.002173136 0.999954283 -0.009301119 -2.498382330 -0.038201828 0.009377365 0.999226034 23.411716461
0.999231815 -0.001171526 0.039169576 1.398658872 0.001592905 0.999941170 -0.010728333 -2.644135237 -0.039154705 0.010782488 0.999175012 24.699501038
0.999184191 -0.000613091 0.040380914 1.497076035 0.001076788 0.999933720 -0.011462336 -2.790177345 -0.040371209 0.011496467 0.999118686 25.970169067
0.999171555 -0.002237876 0.040634029 1.599498749 0.002660401 0.999942899 -0.010347236 -2.937026262 -0.040608559 0.010446765 0.999120533 27.258987427
0.999170005 -0.005234163 0.040394984 1.705623269 0.005612660 0.999941349 -0.009262200 -3.082512617 -0.040344134 0.009481236 0.999140978 28.536321640
0.999191701 -0.006831953 0.039614566 1.802614212 0.007218794 0.999927580 -0.009630320 -3.230037451 -0.039545894 0.009908505 0.999168634 29.826999664
0.999215007 -0.008532578 0.038683768 1.909936905 0.009008797 0.999885619 -0.012153019 -3.376128435 -0.038575642 0.012491975 0.999177635 31.094642639
0.999241352 -0.008597977 0.037983954 2.016682625 0.009065214 0.999885142 -0.012145773 -3.528276443 -0.037875164 0.012480891 0.999204516 32.378654480
0.999253392 -0.009362345 0.037482549 2.113290787 0.009836746 0.999873519 -0.012492287 -3.671181679 -0.037360847 0.012851668 0.999219120 33.642341614
0.999276280 -0.009806313 0.036752105 2.212146521 0.010273892 0.999868393 -0.012555312 -3.816327572 -0.036624148 0.012923812 0.999245524 34.911815643
0.999288976 -0.010360839 0.036253374 2.304339170 0.010840914 0.999855757 -0.013070758 -3.961059093 -0.036112729 0.013454482 0.999257088 36.173355103
0.999335051 -0.011090911 0.034733444 2.423753262 0.011553523 0.999846816 -0.013146694 -4.118621826 -0.034582321 0.013539243 0.999310255 37.462196350
0.999340653 -0.010746973 0.034680430 2.518031597 0.011144069 0.999874175 -0.011277175 -4.264293194 -0.034554873 0.011656216 0.999334872 38.718887329
0.999306142 -0.010828529 0.035637029 2.619146347 0.011201365 0.999884427 -0.010278997 -4.402852058 -0.035521604 0.010671048 0.999311924 39.988906860
0.999225318 -0.012626368 0.037273660 2.725724697 0.012952926 0.999879658 -0.008532641 -4.546376228 -0.037161436 0.009008834 0.999268651 41.237655640
0.999119461 -0.013723631 0.039648768 2.825808525 0.014123723 0.999851942 -0.009828475 -4.690139294 -0.039508015 0.010379811 0.999165356 42.501693726
0.998994648 -0.014993422 0.042248219 2.918628931 0.015554921 0.999794662 -0.012993210 -4.838689327 -0.042044733 0.013637314 0.999022603 43.751544952
0.998896480 -0.016132046 0.044111408 3.028043747 0.016767340 0.999760389 -0.014070094 -4.985427380 -0.043873869 0.014794195 0.998927474 45.019096375
0.998761177 -0.016259724 0.047030319 3.142436266 0.016879648 0.999775410 -0.012814326 -5.121998787 -0.046811402 0.013592306 0.998811245 46.260482788
0.998591244 -0.017521920 0.050084367 3.262231827 0.018012337 0.999794006 -0.009357316 -5.275215626 -0.049910091 0.010246271 0.998701096 47.518890381
0.998324215 -0.020446396 0.054136246 3.376976967 0.020886855 0.999753118 -0.007582831 -5.411067009 -0.053967841 0.008700858 0.998504758 48.746658325
0.998100042 -0.022519095 0.057350866 3.516001463 0.023009891 0.999703884 -0.007911770 -5.549242496 -0.057155717 0.009216374 0.998322845 50.007156372
0.997818232 -0.025807420 0.060768694 3.654617786 0.026568791 0.999577940 -0.011754396 -5.684105873 -0.060439687 0.013343302 0.998082638 51.238948822
0.997555017 -0.027087638 0.064422093 3.793114424 0.027920309 0.999537408 -0.012060162 -5.814867020 -0.064065613 0.013829358 0.997849882 52.478084564
0.997209251 -0.029524628 0.068571307 3.920681000 0.030230986 0.999499917 -0.009286070 -5.959044933 -0.068262838 0.011333133 0.997602999 53.697620392
0.996948063 -0.032258552 0.071089342 4.080233574 0.032783039 0.999443054 -0.006223097 -6.087224483 -0.070849009 0.008534631 0.997450531 54.891429901
0.996676028 -0.034595843 0.073756501 4.216551304 0.035056882 0.999372959 -0.004965131 -6.213990211 -0.073538475 0.007534300 0.997264028 56.153957367
0.996507466 -0.037618067 0.074550413 4.373856544 0.037829153 0.999283254 -0.001421045 -6.342669487 -0.074443527 0.004236261 0.997216225 57.361530304
0.996328473 -0.040493038 0.075431436 4.512637615 0.040636014 0.999173939 -0.000361096 -6.466187000 -0.075354509 0.003425003 0.997150898 58.581626892
0.996295094 -0.042275436 0.074893236 4.657721519 0.042676903 0.999081850 -0.003767549 -6.589383125 -0.074665204 0.006949801 0.997184455 59.774665833
0.996298373 -0.043843959 0.073940650 4.810750008 0.044557847 0.998974621 -0.008032355 -6.719503403 -0.073512666 0.011297260 0.997230291 60.984638214
0.996314168 -0.045210760 0.072897300 4.946393490 0.046192493 0.998862445 -0.011837376 -6.849910736 -0.072279193 0.015161054 0.997269213 62.164005280
0.996344984 -0.047532015 0.070974790 5.101122379 0.048660487 0.998713672 -0.014255101 -6.986784935 -0.070205919 0.017656667 0.997376204 63.381164551
0.996457875 -0.047589045 0.069332950 5.228720188 0.048691701 0.998711407 -0.014300544 -7.119493484 -0.068563066 0.017625824 0.997491062 64.554443359
0.996712983 -0.046729811 0.066178031 5.363321304 0.047735929 0.998766124 -0.013703598 -7.264413357 -0.065455996 0.016817622 0.997713745 65.776771545
0.996943831 -0.046031579 0.063120015 5.482741356 0.046876539 0.998829007 -0.011970843 -7.394091606 -0.062495060 0.014893105 0.997934222 66.951087952
0.997359514 -0.042256486 0.059062369 5.606548786 0.042803552 0.999051392 -0.008027757 -7.531781197 -0.058667108 0.010534639 0.998221993 68.144607544
0.997638345 -0.040274896 0.055638939 5.722721100 0.040659342 0.999156237 -0.005794421 -7.658506870 -0.055358626 0.008042978 0.998434067 69.326438904
0.997833014 -0.039313629 0.052760564 5.825549126 0.039839529 0.999165952 -0.008952802 -7.793247700 -0.052364595 0.011035359 0.998567045 70.485679626
0.998012185 -0.039190579 0.049353443 5.936845779 0.040016141 0.999073207 -0.015851628 -7.930823326 -0.048686475 0.017795056 0.998655498 71.675186157
0.998004556 -0.043191746 0.046057094 6.040928841 0.044091463 0.998852432 -0.018700706 -8.068122864 -0.045196526 0.020694114 0.998763680 72.846511841
0.998035550 -0.047013789 0.041409761 6.152702332 0.047625534 0.998768389 -0.013911920 -8.204264641 -0.040704705 0.015856752 0.999045372 74.013641357
0.998033583 -0.050857197 0.036642540 6.259245872 0.051218886 0.998646855 -0.009000089 -8.331435204 -0.036135241 0.010859181 0.999287844 75.171386719
0.998057306 -0.053055238 0.032658853 6.347546577 0.053281106 0.998560965 -0.006084156 -8.462644577 -0.032289047 0.007812437 0.999448061 76.362472534
0.998222649 -0.052319668 0.028533161 6.433954239 0.052441925 0.998617649 -0.003552554 -8.588885307 -0.028307846 0.005042573 0.999586463 77.521408081
0.998343706 -0.051983457 0.024646960 6.523601055 0.052084446 0.998636603 -0.003472767 -8.707123756 -0.024432831 0.004750738 0.999690115 78.678047180
0.998479664 -0.050500255 0.022091188 6.581743240 0.050634157 0.998701870 -0.005543898 -8.837079048 -0.021782544 0.006654039 0.999740541 79.848495483
0.998661697 -0.048191931 0.018773019 6.654973030 0.048396584 0.998771787 -0.010603781 -8.965092659 -0.018238952 0.011498139 0.999767542 80.992942810
0.998567104 -0.051421281 0.014819125 6.738530159 0.051648792 0.998546481 -0.015401497 -9.103433609 -0.014005622 0.016144820 0.999771535 82.152519226
0.998425901 -0.054691117 0.012437254 6.794073582 0.054890718 0.998358965 -0.016317217 -9.236941338 -0.011524441 0.016974222 0.999789536 83.286529541
0.998468697 -0.054634158 0.008681278 6.856016636 0.054740235 0.998422503 -0.012491270 -9.371395111 -0.007985134 0.012947356 0.999884248 84.426536560
0.998456597 -0.055206712 0.006051987 6.914440155 0.055266682 0.998419225 -0.010235483 -9.496467590 -0.005477353 0.010554158 0.999929368 85.560119629
0.998595536 -0.052716501 0.005280816 6.965293884 0.052776948 0.998533666 -0.012048484 -9.623538017 -0.004637920 0.012310267 0.999913454 86.699523926
0.998787701 -0.049000945 0.004694978 7.014949322 0.049066585 0.998681784 -0.015071203 -9.755758286 -0.003950286 0.015283298 0.999875367 87.834297180
0.998846233 -0.047900051 0.003428072 7.066911221 0.047952559 0.998698711 -0.017359847 -9.888442039 -0.002592073 0.017504204 0.999843419 88.952308655
0.998796046 -0.048992712 0.002462406 7.122981548 0.049029116 0.998635948 -0.017956492 -10.021616936 -0.001579310 0.018055605 0.999835789 90.065963745
0.998761833 -0.049720503 0.001642134 7.160544872 0.049740218 0.998638391 -0.015731029 -10.155286789 -0.000857743 0.015793229 0.999874890 91.187881470
0.998669624 -0.051562537 0.000441495 7.218083858 0.051563926 0.998585701 -0.012955293 -10.281264305 0.000227137 0.012960822 0.999915898 92.297637939
0.998692274 -0.051124100 0.000433462 7.265437126 0.051125500 0.998613000 -0.012581734 -10.406297684 0.000210369 0.012587442 0.999920726 93.438346863
0.998675287 -0.051453564 0.000312576 7.306103230 0.051452696 0.998570502 -0.014472296 -10.542055130 0.000432522 0.014469207 0.999895155 94.561485291
0.998670220 -0.051554482 -0.000287765 7.363122463 0.051540934 0.998508155 -0.018027298 -10.670642853 0.001216723 0.017988492 0.999837458 95.661643982
0.998623192 -0.052449860 -0.000924419 7.417136192 0.052422725 0.998442650 -0.019080942 -10.802105904 0.001923772 0.019006209 0.999817491 96.767059326
0.998616874 -0.052576501 0.000015302 7.453913689 0.052568469 0.998459339 -0.017768791 -10.936514854 0.000918943 0.017745020 0.999842048 97.830764771
0.998637378 -0.052180711 0.000618050 7.502305031 0.052184362 0.998563945 -0.012114993 -11.057811737 0.000015006 0.012130739 0.999926388 98.920082092
0.998732150 -0.050311070 0.001688937 7.550562859 0.050324336 0.998692036 -0.009039591 -11.178097725 -0.001231937 0.009113126 0.999957681 99.989311218
0.998804331 -0.048750378 0.003645175 7.604462624 0.048782639 0.998765588 -0.009356466 -11.290254593 -0.003184544 0.009523100 0.999949634 101.041976929
0.998885870 -0.046883110 0.005386321 7.657933235 0.046938498 0.998840868 -0.010662088 -11.418534279 -0.004880207 0.010903036 0.999928594 102.088455200
0.998856008 -0.047215126 0.007570582 7.714975834 0.047311965 0.998793364 -0.013167859 -11.535357475 -0.006939725 0.013510975 0.999884605 103.105369568
0.998768866 -0.048677452 0.009554883 7.772460938 0.048807304 0.998712063 -0.013863085 -11.651721001 -0.008867758 0.014312366 0.999858260 104.119911194
0.998669922 -0.050290640 0.011367694 7.837084770 0.050434027 0.998646736 -0.012700256 -11.783436775 -0.010713605 0.013256685 0.999854684 105.115707397
0.998658717 -0.050143342 0.012898882 7.899718285 0.050289724 0.998670936 -0.011285812 -11.896718979 -0.012315829 0.011919356 0.999853075 106.074371338
0.998584032 -0.051182862 0.014498292 7.956622124 0.051329233 0.998632610 -0.009909783 -12.005365372 -0.013971256 0.010639940 0.999845743 107.032020569
0.998521686 -0.051804803 0.016449887 8.013309479 0.051980328 0.998593688 -0.010427893 -12.110479355 -0.015886538 0.011267549 0.999810338 107.950683594
0.998500407 -0.051643729 0.018163355 8.070146561 0.051803797 0.998621404 -0.008455384 -12.212381363 -0.017701648 0.009383634 0.999799252 108.854499817
0.998508632 -0.050772041 0.020065274 8.127878189 0.050903622 0.998684824 -0.006102063 -12.311392784 -0.019729070 0.007114356 0.999779999 109.726242065
0.998475611 -0.050886046 0.021385239 8.186194420 0.050959777 0.998696387 -0.002916173 -12.413669586 -0.021208972 0.004001513 0.999767065 110.581703186
0.998435915 -0.050927620 0.023068126 8.244985580 0.051003706 0.998694718 -0.002721751 -12.505449295 -0.022899400 0.003894054 0.999730229 111.409027100
0.998449147 -0.050152183 0.024167079 8.296340942 0.050216708 0.998736203 -0.002070119 -12.596357346 -0.024032718 0.003280500 0.999705791 112.223144531
0.998550117 -0.047869928 0.024621483 8.348140717 0.047927938 0.998849213 -0.001771214 -12.675483704 -0.024508366 0.002948703 0.999695241 113.002914429
0.998684466 -0.045374297 0.023884954 8.395994186 0.045360666 0.998970091 0.001112489 -12.750830650 -0.023910835 -0.000027587 0.999714077 113.759437561
0.998757362 -0.045314357 0.020745005 8.444024086 0.045277428 0.998971879 0.002246364 -12.837742805 -0.020825470 -0.001304292 0.999782264 114.516304016
0.998868585 -0.045321696 0.014403749 8.478288651 0.045293234 0.998971105 0.002296408 -12.910788536 -0.014493009 -0.001641417 0.999893606 115.214408875
0.999039650 -0.043642174 0.003876856 8.506417274 0.043638412 0.999046862 0.001048619 -12.984264374 -0.003918925 -0.000878432 0.999991953 115.887626648
0.999116361 -0.040851511 -0.009889513 8.506892204 0.040834945 0.999164283 -0.001870949 -13.051885605 0.009957677 0.001465457 0.999949336 116.521377563
0.998794019 -0.039600540 -0.029021604 8.505619049 0.039498184 0.999211371 -0.004091763 -13.125028610 0.029160749 0.002940528 0.999570429 117.151222229
0.997965336 -0.037958272 -0.051227741 8.469545364 0.037675280 0.999269068 -0.006478840 -13.193683624 0.051436223 0.004535638 0.998666108 117.739326477
0.996207058 -0.036549244 -0.078964680 8.429193497 0.036007699 0.999317348 -0.008271522 -13.260836601 0.079213090 0.005396813 0.996843159 118.307617188
0.993249834 -0.034256350 -0.110820606 8.354393959 0.033313073 0.999391258 -0.010352705 -13.328464508 0.111107811 0.006591047 0.993786573 118.849159241
0.988810003 -0.029689169 -0.146195456 8.244239807 0.028260686 0.999530494 -0.011838748 -13.394067764 0.146478325 0.007574689 0.989184976 119.395408630
0.982436657 -0.023610890 -0.185097054 8.138900757 0.021909826 0.999696851 -0.011230459 -13.451253891 0.185306117 0.006977768 0.982656062 119.909278870
0.973818600 -0.018119724 -0.226602778 7.996767044 0.016452214 0.999821901 -0.009245350 -13.508849144 0.226729915 0.005275177 0.973943353 120.412796021
0.962451518 -0.013484585 -0.271118522 7.821077347 0.011864086 0.999900639 -0.007615249 -13.567826271 0.271194220 0.004112735 0.962515831 120.906700134
0.948108613 -0.007250539 -0.317864090 7.626861572 0.004859060 0.999953628 -0.008315774 -13.622252464 0.317909658 0.006339735 0.948099852 121.379684448
0.930526972 0.000369741 -0.366223097 7.399749756 -0.003959612 0.999951124 -0.009051321 -13.680026054 0.366201878 0.009872599 0.930483103 121.854820251
0.909485221 0.005478658 -0.415700108 7.145126343 -0.010479797 0.999897540 -0.009750114 -13.735476494 0.415604115 0.013224037 0.909449458 122.278350830
0.884293497 0.009785263 -0.466828823 6.877563477 -0.015522209 0.999843836 -0.008445182 -13.788535118 0.466673315 0.014714234 0.884307325 122.691291809
0.855122745 0.012672141 -0.518270612 6.588466644 -0.019943831 0.999765277 -0.008461327 -13.830460548 0.518041790 0.017571775 0.855174720 123.096298218
0.823524714 0.022602817 -0.566829801 6.265384674 -0.030750947 0.999515414 -0.004820330 -13.884118080 0.566446185 0.021400215 0.823820770 123.458770752
0.789316535 0.035470512 -0.612961054 5.917343140 -0.043516234 0.999051094 0.001776262 -13.925472260 0.612442434 0.025271727 0.790111125 123.814315796
0.753333092 0.044176389 -0.656153738 5.560558319 -0.054774996 0.998489320 0.004337140 -13.965278625 0.655354083 0.032673508 0.754614830 124.128356934
0.713445604 0.048023988 -0.699062943 5.190269470 -0.062025033 0.998060763 0.005263277 -14.010557175 0.697960079 0.039604340 0.715040743 124.426681519
0.670734465 0.049742281 -0.740027666 4.813510895 -0.064620182 0.997873724 0.008504443 -14.058930397 0.738877177 0.042116489 0.672522724 124.709197998
0.626765013 0.053321175 -0.777381837 4.406124115 -0.067696802 0.997609854 0.013846152 -14.095573425 0.776262045 0.043947976 0.628876626 124.979362488
0.581658840 0.062033348 -0.811064065 3.981105804 -0.078872912 0.996690691 0.019666675 -14.128063202 0.809599876 0.052531682 0.584626675 125.207504272
0.536085188 0.070759282 -0.841193199 3.536937714 -0.090431541 0.995560229 0.026113054 -14.151508331 0.839306116 0.062071562 0.540104032 125.415924072
0.488718659 0.075679407 -0.869152963 3.088104248 -0.095889919 0.994854450 0.032706343 -14.177415848 0.867155790 0.067358799 0.493460834 125.617782593
0.442031652 0.076779187 -0.893707454 2.617198944 -0.095330201 0.994708359 0.038305536 -14.199798584 0.891919374 0.068265043 0.447011977 125.792907715
0.395271480 0.078455687 -0.915207744 2.143043518 -0.092982456 0.994645417 0.045107026 -14.220718384 0.913846076 0.067268737 0.400449961 125.957069397
0.348936141 0.081317589 -0.933611870 1.651607513 -0.094517812 0.994202018 0.051269107 -14.243648529 0.932367980 0.070353307 0.354598969 126.107505798
0.305132806 0.084311031 -0.948570371 1.147121429 -0.100082278 0.993396282 0.056101158 -14.261746407 0.947036147 0.077816769 0.311555862 126.221313477
0.263799846 0.086333968 -0.960706055 0.630033493 -0.104841337 0.992652059 0.060416464 -14.282361031 0.958862841 0.084783837 0.270912826 126.321357727
0.224837720 0.082828693 -0.970869422 0.103096008 -0.105339713 0.992607057 0.060288243 -14.298178673 0.968685448 0.088716038 0.231900692 126.414047241
0.190330997 0.077690631 -0.978641093 -0.434766769 -0.100111216 0.993202984 0.059376519 -14.316191673 0.976602256 0.086671762 0.196815044 126.500312805
0.159678072 0.072724067 -0.984486699 -0.988489151 -0.097777985 0.993543863 0.057534084 -14.335773468 0.982314825 0.087074198 0.165757984 126.579605103
0.132600531 0.071040288 -0.988620460 -1.546669006 -0.098052561 0.993475735 0.058237698 -14.358575821 0.986307681 0.089214414 0.138701096 126.657463074
0.110433564 0.070332915 -0.991391778 -2.128668785 -0.099080056 0.993303061 0.059431739 -14.374446869 0.988932550 0.091663897 0.116662614 126.721496582
0.092287108 0.071442693 -0.993166208 -2.735270500 -0.101462021 0.992905736 0.061995909 -14.386560440 0.990549624 0.095047221 0.098881125 126.766731262
0.076010257 0.069816016 -0.994659960 -3.339903831 -0.102466643 0.992811382 0.061855942 -14.412533760 0.991828203 0.097217761 0.082617678 126.818504333
0.062247552 0.068975322 -0.995674551 -3.960886478 -0.101880006 0.992837131 0.062409434 -14.440457344 0.992847323 0.097554483 0.068828911 126.862106323
0.049778081 0.066312991 -0.996556461 -4.603077888 -0.096204482 0.993472040 0.061302330 -14.462168694 0.994116068 0.092821673 0.055832744 126.915542603
0.037624050 0.063713707 -0.997258782 -5.250632763 -0.093878008 0.993777096 0.059949487 -14.480588913 0.994872630 0.091365114 0.043371238 126.957145691
0.026779210 0.063387141 -0.997629702 -5.909277439 -0.093303904 0.993789494 0.060638599 -14.501719475 0.995277524 0.091458879 0.032527160 126.990692139
0.017977212 0.064843163 -0.997733533 -6.581346989 -0.096774861 0.993322313 0.062812790 -14.524833679 0.995143950 0.095426321 0.024132356 126.999320984
0.009356523 0.064161681 -0.997895658 -7.278073311 -0.099745765 0.993022144 0.062913068 -14.548152924 0.994968951 0.098947220 0.015691089 127.018264771
0.003061965 0.063572541 -0.997972429 -7.965620518 -0.102449432 0.992745996 0.062925257 -14.569583893 0.994733453 0.102049053 0.009552723 127.033561707
-0.002355436 0.064829245 -0.997893512 -8.661025047 -0.102820210 0.992591739 0.064727500 -14.590610504 0.994697094 0.102756090 0.004327770 127.048530579
-0.005897486 0.066903383 -0.997742057 -9.381523132 -0.104647368 0.992239594 0.067152955 -14.608220100 0.994491875 0.104807124 0.001149543 127.069068909
-0.006869790 0.070506744 -0.997487724 -10.100047112 -0.107061028 0.991725802 0.070836820 -14.630002022 0.994228661 0.107278690 0.000735577 127.081489563
-0.007587273 0.073945895 -0.997233450 -10.833845139 -0.109727822 0.991178453 0.074331746 -14.645743370 0.993932605 0.109988213 0.000593581 127.086730957
-0.009242157 0.079500824 -0.996791899 -11.566175461 -0.114351518 0.990211070 0.080036223 -14.657612801 0.993397355 0.114724368 -0.000060645 127.103393555
-0.010746647 0.083182141 -0.996476352 -12.303372383 -0.117202900 0.989560187 0.083868802 -14.672031403 0.993049860 0.117691211 -0.000885266 127.121208191
-0.012196228 0.083911873 -0.996398568 -13.050613403 -0.116635635 0.989551127 0.084762886 -14.690328598 0.993099868 0.117249362 -0.002281676 127.135231018
-0.013200783 0.080730341 -0.996648550 -13.821905136 -0.114898130 0.990010679 0.081714503 -14.709828377 0.993289590 0.115591735 -0.003793152 127.150375366
-0.014910828 0.077495575 -0.996881187 -14.572620392 -0.118763000 0.989797115 0.078721277 -14.717317581 0.992810726 0.119566403 -0.005555087 127.161247253
-0.016040213 0.079038255 -0.996742547 -15.344662666 -0.123418808 0.989090860 0.080417633 -14.727005005 0.992225051 0.124306679 -0.006110421 127.161315918
-0.017414123 0.082135886 -0.996468961 -16.123451233 -0.120642707 0.989166081 0.083642259 -14.740671158 0.992543340 0.121673279 -0.007316360 127.173072815
-0.019844729 0.082253292 -0.996413887 -16.898277283 -0.119390681 0.989283860 0.084042542 -14.756921768 0.992648959 0.120630331 -0.009811794 127.188606262
-0.020358723 0.081745669 -0.996445179 -17.686670303 -0.122705914 0.988912761 0.083634771 -14.768601418 0.992234230 0.123972416 -0.010102324 127.184974670
-0.021442696 0.081218779 -0.996465623 -18.482028961 -0.126646668 0.988444924 0.083290316 -14.780154228 0.991716087 0.127985030 -0.010908836 127.195983887
-0.022620287 0.085334085 -0.996095598 -19.279165268 -0.128493458 0.987838745 0.087544687 -14.785270691 0.991452277 0.129972056 -0.011380325 127.202735901
-0.023515064 0.090339214 -0.995633423 -20.082227707 -0.127762526 0.987471044 0.092616118 -14.800041199 0.991525948 0.129382536 -0.011678478 127.217857361
-0.022351937 0.092849724 -0.995429218 -20.908689499 -0.128782630 0.987115204 0.094965994 -14.808243752 0.991420865 0.130316660 -0.010106507 127.226249695
-0.020520588 0.091749661 -0.995570600 -21.726816177 -0.128192753 0.987319529 0.093631543 -14.815868378 0.991536975 0.129546329 -0.008498734 127.236030579
-0.019451145 0.091811165 -0.995586395 -22.558639526 -0.128230840 0.987321973 0.093554303 -14.820354462 0.991553605 0.129484624 -0.007431520 127.247230530
-0.019355902 0.090541214 -0.995704532 -23.388166428 -0.126458690 0.987671316 0.092269011 -14.822768211 0.991782963 0.127701476 -0.007667545 127.267593384
-0.018383846 0.092484966 -0.995544314 -24.225826263 -0.127430782 0.987375438 0.094079241 -14.829286575 0.991677105 0.128592551 -0.006366326 127.283721924
-0.017750207 0.094646066 -0.995352805 -25.064245224 -0.129174426 0.986949265 0.096150592 -14.831333160 0.991463065 0.130280852 -0.005292702 127.296752930
-0.017957166 0.097123891 -0.995110273 -25.927637100 -0.131872877 0.986345828 0.098648183 -14.832424164 0.991103947 0.132999510 -0.004903971 127.312416077
-0.016269786 0.098211348 -0.995032549 -26.791559219 -0.133968219 0.985977113 0.099508055 -14.829055786 0.990852058 0.134921715 -0.002884438 127.322082520
-0.014265439 0.101354107 -0.994748116 -27.663934708 -0.140692979 0.984748363 0.102352887 -14.829163551 0.989950478 0.141414165 0.000211944 127.332443237
-0.012110199 0.105069935 -0.994391024 -28.546321869 -0.145423427 0.983705759 0.105711930 -14.823148727 0.989295363 0.145887956 0.003366758 127.347816467
-0.009957430 0.106800810 -0.994230509 -29.421344757 -0.147871464 0.983191013 0.107095882 -14.816993713 0.988956392 0.148084715 0.006002733 127.376243591
-0.006217938 0.107648641 -0.994169474 -30.314651489 -0.146454811 0.983370364 0.107395284 -14.817735672 0.989197731 0.146268710 0.009651126 127.399261475
-0.003495843 0.107541032 -0.994194448 -31.206958771 -0.149077103 0.983034730 0.106858097 -14.811294556 0.988819361 0.148585200 0.012595370 127.425621033
-0.001119886 0.111427017 -0.993771970 -32.109092712 -0.149547353 0.982578516 0.110340491 -14.803925514 0.988753915 0.148739517 0.015563241 127.456222534
0.001349615 0.113160238 -0.993575931 -33.025817871 -0.148505732 0.982582152 0.111706428 -14.795975685 0.988910615 0.147400945 0.018131055 127.492797852
0.003156871 0.114355132 -0.993434906 -33.919006348 -0.149102941 0.982388616 0.112609774 -14.792159081 0.988816619 0.147768587 0.020151965 127.532226562
0.005708545 0.112582713 -0.993625879 -34.821578979 -0.150475100 0.982424617 0.110449053 -14.785882950 0.988597274 0.148885474 0.022549115 127.562301636
0.006043221 0.113989860 -0.993463635 -35.730873108 -0.154967636 0.981586218 0.111684419 -14.777305603 0.987901092 0.153279752 0.023596687 127.601493835
0.007117569 0.114630863 -0.993382692 -36.624641418 -0.155843586 0.981396616 0.112131134 -14.772635460 0.987756133 0.154014230 0.024849644 127.637367249
0.007258163 0.110936567 -0.993801057 -37.521827698 -0.155893877 0.981801331 0.108458504 -14.770254135 0.987747192 0.154140308 0.024420409 127.673034668
0.008185850 0.106956251 -0.994230032 -38.428638458 -0.157320499 0.982019246 0.104347393 -14.772043228 0.987513661 0.155558586 0.024865076 127.715972900
0.008659032 0.106126375 -0.994314909 -39.325626373 -0.156931385 0.982174933 0.103463992 -14.766565323 0.987571478 0.155143321 0.025159243 127.757019043
0.008603564 0.110251017 -0.993866563 -40.229621887 -0.159659132 0.981304228 0.107475355 -14.760122299 0.987134755 0.157755181 0.026045293 127.793067932
0.008747622 0.116421163 -0.993161440 -41.167179108 -0.160033196 0.980560720 0.113534518 -14.749311447 0.987072885 0.157945663 0.027208824 127.835014343
0.008956728 0.115110800 -0.993312299 -42.062870026 -0.157831952 0.981063187 0.112268120 -14.749649048 0.987425447 0.155770883 0.026955275 127.879089355
0.009785714 0.104836315 -0.994441390 -42.952709198 -0.157028347 0.982311308 0.102012314 -14.757350922 0.987545609 0.155157194 0.026074888 127.920692444
0.010231665 0.094191186 -0.995501578 -43.877662659 -0.158853188 0.983064115 0.091381729 -14.758933067 0.987249196 0.157203615 0.025020955 127.960189819
0.009182205 0.091120414 -0.995797634 -44.779781342 -0.155710563 0.983822286 0.088588826 -14.766996384 0.987759948 0.154242754 0.023222068 128.004486084
0.009094804 0.101287231 -0.994815648 -45.700035095 -0.148295343 0.983992457 0.098829523 -14.770217896 0.988901258 0.146627709 0.023969645 128.052474976
0.009021730 0.114370666 -0.993397176 -46.651187897 -0.143390849 0.983318686 0.111908093 -14.768877029 0.989625037 0.141434461 0.025270943 128.110946655
0.009273048 0.123417228 -0.992311537 -47.573741913 -0.143618688 0.982230127 0.120821275 -14.760221481 0.989589751 0.141394109 0.026833285 128.154357910
0.009047772 0.117776528 -0.992998898 -48.489078522 -0.143749237 0.982878327 0.115266375 -14.757647514 0.989572763 0.141699955 0.025823141 128.194854736
0.009127988 0.104148038 -0.994519830 -49.413852692 -0.143635005 0.984384179 0.101768278 -14.756277084 0.989588559 0.141918942 0.023944747 128.234161377
0.009693866 0.095224038 -0.995408714 -50.329650879 -0.144105449 0.985197365 0.092843808 -14.756031036 0.989514887 0.142543763 0.023272667 128.277099609
0.010092366 0.095226675 -0.995404422 -51.262783051 -0.142921358 0.985372186 0.092817858 -14.762863159 0.989682615 0.141327813 0.023554660 128.320907593
0.009343917 0.096798502 -0.995260119 -52.190788269 -0.145864725 0.984789431 0.094410680 -14.780774117 0.989260375 0.144291192 0.023321273 128.361801147
0.010240610 0.096087709 -0.995320201 -53.160518646 -0.150843903 0.984130204 0.093455434 -14.783123016 0.988504529 0.149180934 0.024572337 128.391799927
0.010703966 0.095567644 -0.995365381 -54.092498779 -0.152365416 0.983954549 0.092833556 -14.785000801 0.988266230 0.150665551 0.025093416 128.433441162
0.011707827 0.102908991 -0.994621873 -55.039436340 -0.161742896 0.981786013 0.099677019 -14.782067299 0.986763418 0.159706011 0.028139381 128.464279175
0.013564289 0.112785175 -0.993526816 -55.989856720 -0.167590559 0.979819059 0.108940989 -14.781066895 0.985763371 0.165027976 0.032192275 128.495498657
0.014369666 0.120736860 -0.992580533 -56.947525024 -0.167758971 0.978902936 0.116644472 -14.776390076 0.985723317 0.164838135 0.034321208 128.554214478
0.015320592 0.121504515 -0.992472589 -57.890155792 -0.169093236 0.978607237 0.117196798 -14.768072128 0.985480905 0.166024864 0.035538435 128.598861694
0.016567580 0.111822531 -0.993589997 -58.827075958 -0.170636415 0.979464650 0.107387543 -14.764343262 0.985194743 0.167763487 0.035308357 128.650497437
0.017676355 0.107046530 -0.994096875 -59.769115448 -0.169206217 0.980231464 0.102544785 -14.763156891 0.985422194 0.166394740 0.035439860 128.703216553
0.019904003 0.105557702 -0.994213879 -60.722892761 -0.167991355 0.980626285 0.100751907 -14.770359039 0.985587597 0.165013999 0.037251171 128.761474609
0.023261799 0.111026108 -0.993545234 -61.712173462 -0.169573575 0.979851604 0.105525665 -14.759826660 0.985242903 0.166024312 0.041620210 128.815521240
0.026927745 0.113137946 -0.993214369 -62.673095703 -0.172379792 0.979216099 0.106869876 -14.760368347 0.984662473 0.168332338 0.045870781 128.868209839
0.031300940 0.108163200 -0.993640304 -63.624572754 -0.171833068 0.979908526 0.101255462 -14.762810707 0.984628677 0.167570859 0.049258068 128.925994873
0.033971317 0.102269441 -0.994176567 -64.581619263 -0.171790183 0.980542481 0.094996810 -14.768638611 0.984547734 0.167562589 0.050879207 128.993362427
0.037663504 0.102290824 -0.994041264 -65.547622681 -0.169201285 0.981036603 0.094541669 -14.772753716 0.984861612 0.164632246 0.054257013 129.063476562
0.039829794 0.106502913 -0.993514299 -66.524925232 -0.166777626 0.981063902 0.098482177 -14.787023544 0.985189736 0.161773443 0.056837887 129.149871826
0.043253116 0.113308445 -0.992617905 -67.484039307 -0.166176692 0.980523407 0.104686722 -14.789398193 0.985146940 0.160421923 0.061239917 129.227279663
0.045839623 0.117100134 -0.992061615 -68.449554443 -0.163905010 0.980528176 0.108165294 -14.793792725 0.985410571 0.157645583 0.064140335 129.310623169
0.048258983 0.119021408 -0.991718113 -69.435432434 -0.163551524 0.980416000 0.109706238 -14.795244217 0.985353768 0.156902686 0.066780001 129.388519287
0.050138552 0.116224624 -0.991956651 -70.381233215 -0.161935568 0.981009603 0.106756926 -14.794219017 0.985526741 0.155280411 0.068007313 129.466201782
0.050719138 0.114735670 -0.992100418 -71.327560425 -0.159890085 0.981498659 0.105335511 -14.797634125 0.985831022 0.153284490 0.068125837 129.553222656
0.051069342 0.111250602 -0.992479384 -72.273941040 -0.156815618 0.982341945 0.102045111 -14.807139397 0.986306608 0.150424898 0.067613378 129.642898560
0.050816450 0.111145787 -0.992504060 -73.262840271 -0.155407265 0.982562542 0.102075599 -14.803061485 0.986542583 0.149055243 0.067203201 129.725265503
0.050417591 0.115880840 -0.991982758 -74.215156555 -0.152184471 0.982538402 0.107042789 -14.805326462 0.987065315 0.145567507 0.067172483 129.810943604
0.049590081 0.117521048 -0.991831481 -75.181823730 -0.146076426 0.983228087 0.109198041 -14.809210777 0.988029540 0.139468044 0.065925404 129.911712646
0.049128253 0.112948909 -0.992385507 -76.142326355 -0.143389970 0.984090447 0.104906254 -14.795844078 0.988445997 0.137144238 0.064542383 129.987182617
0.047937118 0.109241299 -0.992858648 -77.092079163 -0.145411387 0.984175205 0.101265140 -14.799302101 0.988209188 0.139518648 0.063063450 130.062957764
0.046711784 0.106681831 -0.993195355 -78.041740417 -0.141896412 0.984906495 0.099117875 -14.804389954 0.988778710 0.136300862 0.061144508 130.143737793
0.045267675 0.107398435 -0.993184984 -79.005531311 -0.142034411 0.984795749 0.100017592 -14.806391716 0.988826096 0.136538878 0.059833694 130.214248657
0.044666886 0.108322747 -0.993111908 -79.962852478 -0.143085018 0.984548211 0.100953206 -14.806697845 0.988701880 0.137590140 0.059476066 130.284500122
0.043182611 0.108617097 -0.993145227 -80.916976929 -0.144687533 0.984272599 0.101355612 -14.810256004 0.988534689 0.139318943 0.058219001 130.357421875
0.042075507 0.109307729 -0.993116975 -81.867858887 -0.144476011 0.984215677 0.102206960 -14.811050415 0.988613367 0.139181182 0.057203710 130.422363281
0.039627682 0.109806277 -0.993162692 -82.831367493 -0.144504741 0.984124482 0.103041179 -14.815052032 0.988710284 0.139433444 0.054866098 130.494979858
0.038133852 0.111769326 -0.993002236 -83.784774780 -0.144483820 0.983899474 0.105196178 -14.804275513 0.988772094 0.139461190 0.053668734 130.562637329
0.036656857 0.115402050 -0.992642224 -84.739013672 -0.145732254 0.983308375 0.108935215 -14.796822548 0.988644660 0.140666783 0.052862793 130.620315552
0.034533363 0.120301686 -0.992136598 -85.689735413 -0.147016406 0.982540250 0.114020884 -14.788083076 0.988531053 0.141922832 0.051616743 130.683593750
0.032274816 0.119982593 -0.992251217 -86.641616821 -0.146815762 0.982568502 0.114036322 -14.784341812 0.988637090 0.141997635 0.049327567 130.749618530
0.031093083 0.114968173 -0.992882431 -87.586784363 -0.146903560 0.983100772 0.109235108 -14.781562805 0.988661945 0.142461494 0.047456872 130.809921265
0.028498193 0.109977528 -0.993525445 -88.534698486 -0.150940850 0.983005762 0.104483455 -14.770586967 0.988131940 0.146986023 0.044613991 130.870498657
0.027367949 0.107779808 -0.993798018 -89.477760315 -0.148853570 0.983525634 0.102566510 -14.768886566 0.988480508 0.145123348 0.042960487 130.933166504
0.027112890 0.109204546 -0.993649483 -90.442863464 -0.144316360 0.984029055 0.104209401 -14.772454262 0.989160001 0.140574470 0.042439878 130.981018066
0.026625771 0.110477790 -0.993521810 -91.391609192 -0.141316772 0.984309018 0.105666146 -14.771393776 0.989606321 0.137587860 0.041820355 131.040527344
0.025236076 0.110298887 -0.993577957 -92.343238831 -0.136007056 0.985032201 0.105895676 -14.774045944 0.990386426 0.132461280 0.039859772 131.107147217
0.023882367 0.107449092 -0.993923724 -93.284439087 -0.131860942 0.985859692 0.103408925 -14.778203964 0.990980506 0.128590092 0.037712999 131.170150757
0.023600411 0.104211077 -0.994275093 -94.239952087 -0.126886860 0.986821175 0.100417987 -14.779946327 0.991636395 0.123790547 0.036512401 131.222824097
0.021570949 0.106741406 -0.994052768 -95.218620300 -0.125165462 0.986749768 0.103241093 -14.782367706 0.991901338 0.122194082 0.034645461 131.283203125
0.020160638 0.109003142 -0.993836939 -96.167343140 -0.124564134 0.986567616 0.105678983 -14.780999184 0.992006719 0.121665888 0.033467714 131.338409424
0.019017909 0.106930889 -0.994084537 -97.123649597 -0.120421991 0.987271249 0.103894189 -14.777763367 0.992540598 0.117733821 0.031652670 131.384689331
0.016786823 0.103916205 -0.994444370 -98.073570251 -0.117488861 0.987899303 0.101248972 -14.781328201 0.992932320 0.115136489 0.028792685 131.435470581
0.013371249 0.100908697 -0.994805753 -99.041854858 -0.116237886 0.988306463 0.098687060 -14.773291588 0.993131399 0.114314571 0.024944304 131.484680176
0.010670408 0.100045368 -0.994925559 -99.996841431 -0.110641181 0.988990963 0.098261990 -14.784178734 0.993803144 0.109031253 0.021622073 131.532424927
0.008482832 0.100126162 -0.994938552 -100.956031799 -0.103828095 0.989684641 0.098712206 -14.781246185 0.994559109 0.102465212 0.018791240 131.573516846
0.006158825 0.107838571 -0.994149327 -101.921226501 -0.093928739 0.989835143 0.106788717 -14.780479431 0.995559871 0.092721485 0.016225358 131.630661011
0.003341880 0.115946479 -0.993249774 -102.879051208 -0.085880071 0.989618957 0.115233697 -14.778240204 0.996299863 0.084915258 0.013264677 131.685867310
0.000713101 0.115444854 -0.993313611 -103.831726074 -0.081669673 0.990002394 0.115001395 -14.773166656 0.996659219 0.081041582 0.010134315 131.728225708
-0.001961577 0.105348177 -0.994433463 -104.786819458 -0.082465410 0.991031229 0.105150416 -14.775107384 0.996591985 0.082212627 0.006743595 131.760147095
-0.004019221 0.095914394 -0.995381474 -105.734252930 -0.084282361 0.991815269 0.095911078 -14.774874687 0.996433675 0.084278598 0.004097567 131.795639038
-0.004155843 0.097252786 -0.995251060 -106.697036743 -0.091427758 0.991054177 0.097224444 -14.776934624 0.995802999 0.091397621 0.004772938 131.810211182
-0.005068482 0.106907301 -0.994256079 -107.658958435 -0.095038645 0.989716768 0.106903695 -14.771100044 0.995460689 0.095034592 0.005143964 131.846267700
-0.006570735 0.118319847 -0.992953777 -108.622177124 -0.099073075 0.988012731 0.118386678 -14.761544228 0.995058477 0.099152893 0.005230343 131.873672485
-0.007974472 0.120077491 -0.992732525 -109.563583374 -0.106142193 0.987053871 0.120243251 -14.753488541 0.994318962 0.106329687 0.004874055 131.903656006
-0.007697556 0.116969712 -0.993105769 -110.543693542 -0.113388464 0.986627698 0.117085561 -14.737185478 0.993520856 0.113508016 0.005668390 131.919281006
-0.007862864 0.113010973 -0.993562639 -111.498489380 -0.121510759 0.986122489 0.113126308 -14.726400375 0.992559016 0.121618040 0.005978301 131.941543579
-0.005722586 0.115019530 -0.993346810 -112.463844299 -0.126179263 0.985340178 0.114819370 -14.709539413 0.991990983 0.125996828 0.008874385 131.964950562
-0.004260417 0.116217703 -0.993214607 -113.443313599 -0.134350359 0.984152198 0.115733594 -14.693511009 0.990924716 0.133931831 0.011420988 131.986862183
-0.003760960 0.118957683 -0.992892206 -114.406875610 -0.143572852 0.982548118 0.118262202 -14.678967476 0.989632666 0.142997131 0.013383768 132.006591797
-0.003468441 0.121296518 -0.992610276 -115.381164551 -0.149076700 0.981461465 0.120455056 -14.661144257 0.988819540 0.148392871 0.014678343 132.031478882
-0.003252147 0.120674491 -0.992686749 -116.352996826 -0.152825862 0.980970860 0.119750939 -14.652690887 0.988247812 0.152097642 0.015251917 132.071350098
-0.001718537 0.111377038 -0.993776739 -117.307991028 -0.151830763 0.982227743 0.110345259 -14.657358170 0.988405049 0.151075512 0.015222464 132.102233887
-0.000473521 0.099640287 -0.995023429 -118.257240295 -0.154793471 0.983023047 0.098512262 -14.649593353 0.987946868 0.154069766 0.014958183 132.140045166
