1.000000000 0.000000000 0.000000000 0.000000000 0.000000000 1.000000000 0.000000000 0.000000000 0.000000000 0.000000000 1.000000000 0.000000000
0.999997854 -0.001603298 -0.001328363 0.048749115 0.001600455 0.999996424 -0.002138439 -0.132962093 0.001331787 0.002136308 0.999996841 1.297908425
0.999997854 0.000082440 -0.002079280 0.104037158 -0.000095515 0.999980211 -0.006289026 -0.267387718 0.002078720 0.006289211 0.999978065 2.604984999
0.999996066 0.002503172 -0.001244341 0.147157118 -0.002512906 0.999965787 -0.007883584 -0.405790001 0.001224564 0.007886679 0.999968171 3.908809662
0.999983430 0.005750290 0.000227827 0.193278283 -0.005748649 0.999961376 -0.006644887 -0.543606043 -0.000266028 0.006643468 0.999977946 5.222069740
0.999975026 0.006623487 0.002476131 0.242200837 -0.006615528 0.999972939 -0.003208793 -0.691746116 -0.002497318 0.003192332 0.999991775 6.539061069
0.999960959 0.006817218 0.005632465 0.301023841 -0.006806337 0.999974906 -0.001948851 -0.828444779 -0.005645609 0.001910438 0.999982297 7.842195511
0.999942899 0.005386639 0.009228297 0.355448455 -0.005370019 0.999984026 -0.001824818 -0.961554825 -0.009237980 0.001775158 0.999955773 9.147394180
0.999913156 0.004058213 0.012537750 0.434195012 -0.004037187 0.999990404 -0.001701829 -1.098301649 -0.012544536 0.001651064 0.999919951 10.447634697
0.999870777 0.002660096 0.015854407 0.501623034 -0.002620241 0.999993384 -0.002534035 -1.233850479 -0.015861038 0.002492165 0.999871075 11.755593300
0.999815702 0.001642299 0.019126402 0.579473138 -0.001577267 0.999992907 -0.003414705 -1.368973136 -0.019131875 0.003383909 0.999811172 13.049118996
0.999746323 0.001555748 0.022465890 0.652347863 -0.001481157 0.999993324 -0.003336424 -1.516996980 -0.022470931 0.003302303 0.999742031 14.366260529
0.999666452 0.001358011 0.025789412 0.739040375 -0.001243099 0.999989271 -0.004471309 -1.653990388 -0.025795203 0.004437759 0.999657393 15.661074638
0.999579906 0.002357952 0.028887467 0.823650479 -0.002232152 0.999987841 -0.004386296 -1.792807698 -0.028897464 0.004319973 0.999572992 16.962802887
0.999481559 0.001938519 0.032139294 0.912059009 -0.001813340 0.999990642 -0.003923610 -1.932977319 -0.032146599 0.003863297 0.999475718 18.248876572
0.999412000 0.000354302 0.034290090 1.008365035 -0.000230553 0.999993443 -0.003612769 -2.075297594 -0.034291144 0.003602738 0.999405384 19.553321838
0.999360323 -0.002358219 0.035684023 1.109178782 0.002539488 0.999984145 -0.005035370 -2.213777542 -0.035671584 0.005122769 0.999350429 20.830755234
0.999311745 -0.001673598 0.037056424 1.203308821 0.001925399 0.999975324 -0.006760427 -2.356307030 -0.037044197 0.006827123 0.999290228 22.135335922
0.999269545 -0.001602627 0.038180221 1.288831711 0.001961375 0.999954283 -0.009360575 -2.501264334 -0.038163468 0.009428624 0.999226987 23.423437119
0.999229491 -0.001016420 0.039235413 1.390662313 0.001441880 0.999940455 -0.010816997 -2.644223690 -0.039222077 0.010865237 0.999171436 24.708278656
0.999184310 -0.000481616 0.040380083 1.491408944 0.000938413 0.999935687 -0.011294247 -2.791507244 -0.040372055 0.011322926 0.999120593 25.977104187
0.999170601 -0.002170665 0.040661801 1.590897322 0.002596065 0.999942422 -0.010412019 -2.937403202 -0.040636852 0.010508942 0.999118745 27.266025543
0.999165118 -0.005175130 0.040524695 1.695582151 0.005552575 0.999942243 -0.009206972 -3.084835291 -0.040474705 0.009424300 0.999136150 28.545028687
0.999182463 -0.006684124 0.039869960 1.787284851 0.007075624 0.999928176 -0.009686415 -3.231260300 -0.039802343 0.009960602 0.999157906 29.830810547
0.999196053 -0.008286649 0.039226077 1.889799356 0.008771116 0.999887228 -0.012194680 -3.377343416 -0.039120596 0.012528934 0.999155879 31.097068787
0.999228120 -0.008294841 0.038396001 1.995686889 0.008778047 0.999884188 -0.012433377 -3.526259899 -0.038288422 0.012760822 0.999185205 32.385028839
0.999238193 -0.008846389 0.038011562 2.089490414 0.009340527 0.999873877 -0.012841813 -3.669491053 -0.037893165 0.013187077 0.999194860 33.650451660
0.999261737 -0.009623910 0.037192490 2.193478584 0.010103767 0.999867857 -0.012735640 -3.816772461 -0.037065003 0.013102020 0.999226987 34.917583466
0.999267697 -0.010083836 0.036912847 2.284262180 0.010585682 0.999853849 -0.013425326 -3.960685015 -0.036772076 0.013806240 0.999228358 36.177986145
0.999313235 -0.010951155 0.035399187 2.400104761 0.011436129 0.999843061 -0.013526784 -4.119183540 -0.035245501 0.013922323 0.999281704 37.467674255
0.999304414 -0.010580784 0.035760950 2.486291409 0.011006974 0.999870479 -0.011741969 -4.265558243 -0.035632081 0.012127422 0.999291360 38.733722687
0.999274790 -0.010518016 0.036596257 2.587823391 0.010911240 0.999884605 -0.010561829 -4.407038689 -0.036480956 0.010953477 0.999274313 39.994712830
0.999202609 -0.012252115 0.038001347 2.703934908 0.012602469 0.999880135 -0.008993731 -4.548730373 -0.037886605 0.009465470 0.999237180 41.242904663
0.999082029 -0.013346769 0.040705170 2.793058157 0.013763245 0.999855518 -0.009968489 -4.697567463 -0.040566243 0.010519573 0.999121487 42.504402161
0.998957336 -0.014522633 0.043280400 2.887274742 0.015098250 0.999801397 -0.013002653 -4.847882271 -0.043082975 0.013642553 0.998978376 43.757404327
0.998865604 -0.015752198 0.044935536 3.004108906 0.016403319 0.999765217 -0.014158383 -4.993629456 -0.044701964 0.014879416 0.998889565 45.020626068
0.998743534 -0.015967483 0.047501087 3.131210327 0.016609283 0.999775708 -0.013147299 -5.125699520 -0.047280509 0.013919740 0.998784661 46.256443024
0.998530328 -0.017061753 0.051438469 3.226327419 0.017582413 0.999798477 -0.009686613 -5.282115459 -0.051262829 0.010576790 0.998629212 47.528282166
0.998257935 -0.020162493 0.055447448 3.346592903 0.020629767 0.999756217 -0.007867941 -5.417900562 -0.055275284 0.008998103 0.998430669 48.757263184
0.998020172 -0.022140834 0.058870275 3.477159023 0.022646250 0.999712050 -0.007931937 -5.561161518 -0.058677714 0.009249424 0.998234153 50.009658813
0.997749567 -0.025581198 0.061979093 3.620437145 0.026355054 0.999584138 -0.011700530 -5.695873260 -0.061654009 0.013307663 0.998008907 51.231536865
0.997464418 -0.026887046 0.065892868 3.754784584 0.027734574 0.999543488 -0.011981297 -5.830061913 -0.065540649 0.013778426 0.997754753 52.471080780
0.997131765 -0.029489016 0.069704227 3.889189720 0.030201111 0.999501646 -0.009184073 -5.972629547 -0.069398649 0.011262876 0.997525334 53.689338684
0.996849597 -0.032226000 0.072472863 4.049828529 0.032750349 0.999445140 -0.006058180 -6.102599621 -0.072237425 0.008412607 0.997351944 54.884414673
0.996580660 -0.034418680 0.075115867 4.180130482 0.034855779 0.999382138 -0.004515427 -6.239384174 -0.074914046 0.007118209 0.997164607 56.143829346
0.996367872 -0.037757494 0.076325543 4.333629131 0.037945215 0.999279320 -0.001010294 -6.368500233 -0.076232381 0.003902812 0.997082472 57.348243713
0.996207356 -0.040252779 0.077139586 4.472321987 0.040366445 0.999184966 0.000085777 -6.490861416 -0.077080153 0.003028399 0.997020304 58.567638397
0.996170342 -0.042093623 0.076634020 4.620692253 0.042470016 0.999092340 -0.003287699 -6.613553524 -0.076426081 0.006529756 0.997053921 59.760482788
0.996174037 -0.043450713 0.075824589 4.771717072 0.044137385 0.998998046 -0.007403008 -6.747101784 -0.075426944 0.010721385 0.997093618 60.968875885
0.996185780 -0.044646200 0.074971035 4.907610893 0.045624796 0.998893678 -0.011390605 -6.875627041 -0.074379534 0.014767696 0.997120559 62.149509430
0.996194005 -0.046851203 0.073500454 5.047044277 0.047980756 0.998754621 -0.013677259 -7.011240959 -0.072768115 0.017151808 0.997201383 63.362030029
0.996341348 -0.046855707 0.071473017 5.185149193 0.047963195 0.998752952 -0.013857562 -7.142414093 -0.070734590 0.017234934 0.997346222 64.538017273
0.996568024 -0.045978598 0.068833992 5.313038826 0.046992913 0.998808146 -0.013188764 -7.285577297 -0.068145551 0.016378215 0.997540951 65.754859924
0.996804535 -0.045152284 0.065893188 5.435134888 0.045997411 0.998876929 -0.011364729 -7.415395737 -0.065306023 0.014359329 0.997762024 66.930122375
0.997211814 -0.041378532 0.062099375 5.557502270 0.041924175 0.999092519 -0.007509059 -7.547314644 -0.061732307 0.010091588 0.998041868 68.122924805
0.997505188 -0.039411344 0.058566585 5.677272320 0.039788339 0.999194205 -0.005284516 -7.673644543 -0.058311123 0.007601598 0.998269498 69.304435730
0.997700334 -0.038425755 0.055835009 5.782319069 0.038949300 0.999206603 -0.008318510 -7.810205460 -0.055471055 0.010474114 0.998405457 70.476745605
0.997876048 -0.038739905 0.052370027 5.898526192 0.039587472 0.999099910 -0.015244639 -7.944212914 -0.051732317 0.017285462 0.998511374 71.656860352
0.997879922 -0.042761575 0.049062170 6.006636143 0.043702979 0.998877347 -0.018278170 -8.078721046 -0.048225489 0.020383583 0.998628438 72.827293396
0.997915447 -0.046676766 0.044565309 6.119875908 0.047315273 0.998790383 -0.013381039 -8.217136383 -0.043886811 0.015461765 0.998916864 74.001319885
0.997902751 -0.050340883 0.040691860 6.220776558 0.050713643 0.998679817 -0.008180264 -8.346470833 -0.040226337 0.010226743 0.999138176 75.161773682
0.997967482 -0.052509729 0.036105260 6.318490028 0.052744631 0.998592436 -0.005583735 -8.472348213 -0.035761245 0.007476744 0.999332368 76.345817566
0.998142719 -0.051800437 0.032057930 6.408492088 0.051925585 0.998646259 -0.003083366 -8.597642899 -0.031854812 0.004742268 0.999481201 77.503288269
0.998265326 -0.051908962 0.027778536 6.508565903 0.052014615 0.998641670 -0.003094022 -8.714445114 -0.027580198 0.004533545 0.999609232 78.661422729
0.998419702 -0.050069418 0.025518753 6.566825867 0.050212786 0.998726010 -0.005008318 -8.844781876 -0.025235480 0.006281771 0.999661744 79.826187134
0.998608708 -0.047794525 0.022279020 6.643956184 0.048027907 0.998795390 -0.010060346 -8.973549843 -0.021771355 0.011116363 0.999701202 80.970275879
0.998528540 -0.051132549 0.018063104 6.733694077 0.051402003 0.998568714 -0.014781682 -9.112860680 -0.017281424 0.015688412 0.999727607 82.136215210
0.998379469 -0.054709151 0.015662003 6.790658474 0.054958757 0.998360932 -0.015976924 -9.240012169 -0.014762250 0.016811799 0.999749660 83.274574280
0.998411953 -0.055033054 0.012035701 6.857779503 0.055183437 0.998397529 -0.012541221 -9.368998528 -0.011326233 0.013185478 0.999848902 84.409461975
0.998418033 -0.055477936 0.009144982 6.927155018 0.055568911 0.998404682 -0.010013971 -9.499389648 -0.008574838 0.010506303 0.999907970 85.544006348
0.998564720 -0.052857719 0.008630236 6.968280315 0.052956358 0.998529077 -0.011631792 -9.629341125 -0.008002711 0.012072124 0.999895096 86.696449280
0.998757601 -0.049131129 0.008339462 7.021538734 0.049252916 0.998672307 -0.015087333 -9.754899979 -0.007587133 0.015479330 0.999851406 87.816711426
0.998853564 -0.047376361 0.006860316 7.087122917 0.047491156 0.998715401 -0.017668195 -9.882841110 -0.006014449 0.017973745 0.999820352 88.916007996
0.998785138 -0.048838444 0.006576710 7.126667500 0.048949391 0.998640478 -0.017922021 -10.027571678 -0.005692483 0.018222174 0.999817848 90.065155029
0.998735428 -0.050015118 0.005101168 7.181976318 0.050087102 0.998630345 -0.015123212 -10.158501625 -0.004337792 0.015359592 0.999872565 91.178939819
0.998692870 -0.050933700 0.004278054 7.233175755 0.050983649 0.998621047 -0.012515511 -10.288532257 -0.003634694 0.012717265 0.999912500 92.294921875
0.998698413 -0.050868351 0.003731393 7.297284603 0.050910607 0.998627782 -0.012273006 -10.405080795 -0.003101965 0.012447000 0.999917686 93.438079834
0.998667300 -0.051470250 0.003813812 7.344552994 0.051520031 0.998568594 -0.014364719 -10.533077240 -0.003068997 0.014542060 0.999889553 94.545799255
0.998665988 -0.051528253 0.003323229 7.405595303 0.051580105 0.998505235 -0.018077778 -10.664286613 -0.002386745 0.018225076 0.999831021 95.649902344
0.998641431 -0.052032985 0.002806586 7.461140633 0.052077379 0.998458683 -0.019184502 -10.803119659 -0.001804034 0.019304596 0.999812007 96.761116028
0.998602092 -0.052800965 0.002453897 7.520389080 0.052835707 0.998452306 -0.017362133 -10.935780525 -0.001533362 0.017467512 0.999846220 97.845428467
0.998646379 -0.051866230 0.003917275 7.560263634 0.051910557 0.998576880 -0.012219498 -11.058953285 -0.003277922 0.012406305 0.999917686 98.926559448
0.998724282 -0.050206471 0.005390241 7.611909866 0.050252356 0.998698354 -0.008743010 -11.179313660 -0.004944270 0.009002729 0.999947250 99.993797302
0.998832226 -0.047703899 0.007648612 7.653835773 0.047769599 0.998820841 -0.008649987 -11.300362587 -0.007226956 0.009005256 0.999933362 101.052787781
0.998907804 -0.045751333 0.009490210 7.710736275 0.045849223 0.998894572 -0.010367541 -11.422124863 -0.009005390 0.010791335 0.999901235 102.091758728
0.998855114 -0.046205021 0.012395361 7.761422157 0.046362240 0.998843729 -0.012711109 -11.543887138 -0.011793714 0.013271231 0.999842405 103.109771729
0.998759449 -0.047593474 0.014651526 7.804467678 0.047796167 0.998761654 -0.013808954 -11.655884743 -0.013976168 0.014492106 0.999797285 104.117057800
0.998638391 -0.049410969 0.016729977 7.866881371 0.049632020 0.998682082 -0.013065496 -11.769270897 -0.016062349 0.013878046 0.999774635 105.097961426
0.998602867 -0.049493436 0.018512031 7.926014423 0.049719691 0.998691559 -0.011967661 -11.885077477 -0.017895486 0.012871351 0.999756992 106.079704285
0.998534799 -0.050593778 0.019193459 8.011198997 0.050791685 0.998659492 -0.009967776 -11.996010780 -0.018663423 0.010928041 0.999766111 107.006355286
0.998458445 -0.051181164 0.021474205 8.066884995 0.051412854 0.998623610 -0.010379525 -12.103878975 -0.020913415 0.011467576 0.999715567 107.923820496
0.998447478 -0.050802577 0.022842096 8.133187294 0.051015008 0.998658955 -0.008815080 -12.200763702 -0.022363637 0.009966684 0.999700248 108.823989868
0.998448491 -0.049822930 0.024868477 8.192998886 0.050007116 0.998725355 -0.006839762 -12.297175407 -0.024496008 0.008072748 0.999667346 109.692024231
0.998410225 -0.050160710 0.025712464 8.261586189 0.050262887 0.998730421 -0.003342315 -12.400992393 -0.025512168 0.004629383 0.999663711 110.544487000
0.998375177 -0.050040934 0.027252987 8.325157166 0.050152991 0.998735607 -0.003443416 -12.490769386 -0.027046215 0.004804640 0.999622643 111.370872498
0.998389423 -0.049176041 0.028289096 8.379760742 0.049267270 0.998782396 -0.002536600 -12.580444336 -0.028129915 0.003926242 0.999596536 112.177963257
0.998494029 -0.046826348 0.028583406 8.435835838 0.046908963 0.998896658 -0.002226582 -12.660469055 -0.028447602 0.003564048 0.999588907 112.956253052
0.998629034 -0.044238050 0.027983688 8.481439590 0.044229504 0.999020994 0.000924254 -12.739260674 -0.027997175 0.000314718 0.999607921 113.709747314
0.998707294 -0.044035498 0.025389843 8.525837898 0.044006623 0.999029815 0.001695129 -12.819860458 -0.025439855 -0.000575616 0.999676287 114.455154419
0.998845875 -0.044121567 0.018978592 8.565881729 0.044095997 0.999025822 0.001763909 -12.893543243 -0.019037928 -0.000924993 0.999818325 115.151313782
0.999056101 -0.042608403 0.008447580 8.597107887 0.042604525 0.999091744 0.000638780 -12.968515396 -0.008467129 -0.000278272 0.999964118 115.821502686
0.999191642 -0.039845493 -0.005341161 8.598153114 0.039833587 0.999203682 -0.002317036 -13.036420822 0.005429227 0.002102405 0.999983072 116.458618164
0.998961866 -0.038475122 -0.024389509 8.602430344 0.038378898 0.999253511 -0.004401475 -13.108960152 0.024540648 0.003460863 0.999692857 117.080162048
0.998230994 -0.036719576 -0.046760093 8.570514679 0.036444724 0.999313056 -0.006717292 -13.177786827 0.046974629 0.005001250 0.998883605 117.667907715
0.996597290 -0.035217341 -0.074522823 8.533042908 0.034688596 0.999363124 -0.008377971 -13.245768547 0.074770406 0.005764370 0.997184217 118.237258911
0.993708611 -0.032934912 -0.107044488 8.467143059 0.031974524 0.999431670 -0.010676254 -13.310486794 0.107335269 0.007186390 0.994196951 118.783531189
0.989433706 -0.028283346 -0.142200619 8.362932205 0.026858592 0.999568105 -0.011929156 -13.377706528 0.142476603 0.007983802 0.989766061 119.323806763
0.983304322 -0.022460783 -0.180577114 8.251134872 0.020713225 0.999718666 -0.011557701 -13.432859421 0.180785909 0.007624403 0.983492851 119.834991455
0.974871755 -0.017070740 -0.222111627 8.111429214 0.015347534 0.999837279 -0.009482095 -13.491323471 0.222237349 0.005834960 0.974975169 120.338874817
0.963704467 -0.012519000 -0.266677588 7.937004089 0.010796322 0.999910414 -0.007924970 -13.548691750 0.266752869 0.004758192 0.963753164 120.831626892
0.949561834 -0.006200982 -0.313518703 7.750732422 0.003781306 0.999958217 -0.008325298 -13.605590820 0.313557208 0.006719877 0.949545503 121.295059204
0.932140827 0.001644342 -0.362092167 7.529438019 -0.005432787 0.999940634 -0.009444773 -13.657608032 0.362055123 0.010771028 0.932094514 121.771759033
0.911274254 0.006206578 -0.411753029 7.272285461 -0.011270612 0.999887705 -0.009871789 -13.715011597 0.411645502 0.013636616 0.911242008 122.206550598
0.886281312 0.010446771 -0.463029593 7.006149292 -0.016283005 0.999830365 -0.008609222 -13.767476082 0.462861061 0.015169705 0.886301041 122.617790222
0.857559144 0.013826425 -0.514199495 6.719150543 -0.021210538 0.999738932 -0.008491792 -13.810940742 0.513947845 0.018188657 0.857628644 123.019676208
0.825945020 0.023436537 -0.563263416 6.395416260 -0.031732924 0.999484122 -0.004944756 -13.863353729 0.562856913 0.021958090 0.826262653 123.391754150
0.792162895 0.036257803 -0.609231770 6.051532745 -0.044404950 0.999012053 0.001716974 -13.903288841 0.608692169 0.025692781 0.792990327 123.742019653
0.756394386 0.044864058 -0.652575433 5.693653107 -0.055686072 0.998439848 0.004096742 -13.941082001 0.651741207 0.033240613 0.757712603 124.059417725
0.716372669 0.048786841 -0.696010113 5.329872131 -0.062760927 0.998014092 0.005358769 -13.988583565 0.694889426 0.039843362 0.718011916 124.361663818
0.674482405 0.050726663 -0.736546218 4.948417664 -0.065873332 0.997792602 0.008396336 -14.033699036 0.735346377 0.042855576 0.676335037 124.640701294
0.630561888 0.054096844 -0.774251401 4.544227600 -0.068920992 0.997529864 0.013567005 -14.068943977 0.773072839 0.044807333 0.632732749 124.912307739
0.585713506 0.062915631 -0.808072567 4.118911743 -0.080245860 0.996585786 0.019428626 -14.101626396 0.806536019 0.053464875 0.588762403 125.142288208
0.540112138 0.071711674 -0.838532209 3.677768707 -0.091737606 0.995442629 0.026041061 -14.125410080 0.836578310 0.062859833 0.544229388 125.354225159
0.493430078 0.076889619 -0.866380274 3.224330902 -0.097407669 0.994703889 0.032801457 -14.152990341 0.864313960 0.068206869 0.498306453 125.553161621
0.446424961 0.077807471 -0.891431868 2.755424500 -0.096885338 0.994558811 0.038289044 -14.172967911 0.889560580 0.069273494 0.451534271 125.734886169
0.399594694 0.079650328 -0.913225055 2.282760620 -0.094548665 0.994486034 0.045366682 -14.194998741 0.911802948 0.068215922 0.404922187 125.903083801
0.353424072 0.082587942 -0.931810498 1.789524078 -0.095964529 0.994040966 0.051705405 -14.219499588 0.930527985 0.071146809 0.359243482 126.055900574
0.309416384 0.085494146 -0.947075665 1.287944794 -0.101381160 0.993239701 0.056539506 -14.237176895 0.945506930 0.078521371 0.315992206 126.175796509
0.268185824 0.087347567 -0.959399164 0.763235092 -0.106395729 0.992474377 0.060617533 -14.254730225 0.957473934 0.085819207 0.275460899 126.280105591
0.229186505 0.083987653 -0.969752312 0.239164352 -0.106785208 0.992426753 0.060714312 -14.270889282 0.967507422 0.089640297 0.236419410 126.376693726
0.194472760 0.078856394 -0.977733076 -0.302082062 -0.101680458 0.993014276 0.059864443 -14.288810730 0.975623608 0.087774344 0.201132357 126.468368530
0.164152578 0.073781699 -0.983671784 -0.854852676 -0.099116012 0.993385792 0.057970099 -14.307645798 0.981442809 0.087981671 0.170379817 126.546348572
0.137302220 0.072066240 -0.987904131 -1.413515091 -0.099457309 0.993312478 0.058637876 -14.328859329 0.985523403 0.090203181 0.143551528 126.624275208
0.115060508 0.071273983 -0.990798175 -1.994731903 -0.100557812 0.993134499 0.059764363 -14.344406128 0.988255620 0.092755981 0.121437706 126.691848755
0.096949197 0.072537154 -0.992642581 -2.600481033 -0.103033423 0.992713630 0.062479299 -14.357077599 0.989941895 0.096218035 0.103716537 126.740539551
0.080520481 0.070957430 -0.994224072 -3.203688622 -0.103704758 0.992645860 0.062445935 -14.382315636 0.991343439 0.098077595 0.087286934 126.796340942
0.066887230 0.070054755 -0.995298147 -3.825025558 -0.103203699 0.992667258 0.062933952 -14.409399033 0.992408812 0.098508961 0.073626645 126.842704773
0.054263614 0.067565240 -0.996238053 -4.473155022 -0.097573251 0.993292093 0.062050778 -14.435539246 0.993747890 0.093839087 0.060492184 126.902175903
0.042141043 0.064934313 -0.996999264 -5.120013237 -0.095272288 0.993599832 0.060685944 -14.453332901 0.994558811 0.092429034 0.048057768 126.946838379
0.031319965 0.064613760 -0.997418761 -5.779365540 -0.094714649 0.993609607 0.061392870 -14.474178314 0.995011568 0.092547350 0.037239693 126.982475281
0.022385508 0.066073559 -0.997563601 -6.450550079 -0.098208502 0.993133008 0.063576274 -14.496765137 0.994913995 0.096546046 0.028720781 126.996047974
0.013970400 0.065440923 -0.997758627 -7.149138451 -0.101265900 0.992818058 0.063698977 -14.520738602 0.994761288 0.100149021 0.020496998 127.016029358
0.007586134 0.064828418 -0.997867644 -7.836032867 -0.103908956 0.992545307 0.063692696 -14.541348457 0.994557858 0.103204191 0.014265835 127.035720825
0.001919320 0.066297419 -0.997798145 -8.532906532 -0.104487702 0.992351413 0.065734543 -14.563237190 0.994524360 0.104131445 0.008831903 127.054832458
-0.001420971 0.068210237 -0.997669935 -9.252402306 -0.106247760 0.992013514 0.067974836 -14.578846931 0.994338691 0.106096767 0.005837562 127.078674316
-0.002270529 0.071721740 -0.997422040 -9.971479416 -0.108651116 0.991502106 0.071543403 -14.599414825 0.994077325 0.108533449 0.005541414 127.092926025
-0.003186766 0.075341113 -0.997152746 -10.704111099 -0.111393452 0.990925014 0.075226575 -14.615531921 0.993771195 0.111316003 0.005234661 127.104187012
-0.004704824 0.081118628 -0.996693373 -11.433134079 -0.116269723 0.989899814 0.081114575 -14.629261017 0.993206561 0.116266876 0.004774337 127.122612000
-0.006053825 0.084643409 -0.996392906 -12.170786858 -0.119144805 0.989252269 0.084760718 -14.641772270 0.992858469 0.119228147 0.004096064 127.142509460
-0.007499975 0.085281119 -0.996328712 -12.916931152 -0.118551098 0.989254117 0.085567981 -14.658390999 0.992919624 0.118757613 0.002690789 127.160346985
-0.008419011 0.081732869 -0.996618629 -13.687631607 -0.116711751 0.989761949 0.082156464 -14.673538208 0.993130147 0.117008805 0.001206371 127.177124023
-0.010064976 0.078376435 -0.996873021 -14.441689491 -0.120421045 0.989573061 0.079018340 -14.678894997 0.992671967 0.120839804 -0.000521857 127.190971375
-0.011152860 0.080113895 -0.996723294 -15.214007378 -0.125321463 0.988813877 0.080880456 -14.689389229 0.992053568 0.125812873 -0.000988111 127.192825317
-0.012735323 0.083405480 -0.996434331 -15.985287666 -0.122398034 0.988891304 0.084338449 -14.704714775 0.992399395 0.123035677 -0.002385181 127.212547302
-0.014971187 0.083483063 -0.996396720 -16.759561539 -0.121138722 0.989016593 0.084684864 -14.720029831 0.992522717 0.121970072 -0.004693722 127.231040955
-0.015796477 0.083110340 -0.996415138 -17.548892975 -0.124611780 0.988606393 0.084434532 -14.732167244 0.992079854 0.125498831 -0.005259973 127.232711792
-0.016634069 0.082437627 -0.996457398 -18.344381332 -0.128642157 0.988135874 0.083896652 -14.741038322 0.991551518 0.129581988 -0.005831766 127.244956970
-0.017897563 0.086524062 -0.996089101 -19.141071320 -0.130470544 0.987527907 0.088124707 -14.745560646 0.991290629 0.131537467 -0.006385502 127.256576538
-0.018691866 0.091365948 -0.995642006 -19.944667816 -0.129750252 0.987173378 0.093024708 -14.758575439 0.991370499 0.130923614 -0.006597360 127.274253845
-0.017450644 0.094035923 -0.995415986 -20.772132874 -0.130810738 0.986795485 0.095514826 -14.766498566 0.991253793 0.131877854 -0.004919311 127.286460876
-0.015631054 0.093036801 -0.995539963 -21.590904236 -0.130236730 0.986989915 0.094282635 -14.774875641 0.991359711 0.131129593 -0.003310886 127.300941467
-0.014390471 0.093189441 -0.995544434 -22.419555664 -0.130099267 0.987009227 0.094271064 -14.779310226 0.991396606 0.130876184 -0.002079651 127.313720703
-0.014393969 0.091702491 -0.995682418 -23.253114700 -0.128340676 0.987379551 0.092793114 -14.779598236 0.991625667 0.129122227 -0.002443149 127.338973999
-0.013867631 0.093657695 -0.995507896 -24.089082718 -0.129333854 0.987071991 0.094665691 -14.785987854 0.991504073 0.130065665 -0.001575239 127.363594055
-0.013605689 0.095492944 -0.995337069 -24.928541183 -0.130894929 0.986693144 0.096452907 -14.785697937 0.991302967 0.131596848 -0.000925095 127.385543823
-0.013120390 0.098414034 -0.995059073 -25.798290253 -0.133602113 0.986049235 0.099284537 -14.789083481 0.990948200 0.134244621 0.000210969 127.396629333
-0.011445435 0.099613674 -0.994960248 -26.662273407 -0.135740593 0.985660017 0.100244015 -14.786124229 0.990678251 0.136203870 0.002240314 127.410545349
-0.009448715 0.102784440 -0.994658768 -27.534980774 -0.142453864 0.984419465 0.103079565 -14.785992622 0.989756286 0.142666951 0.005340544 127.425125122
-0.007519700 0.106595382 -0.994274020 -28.416812897 -0.147200704 0.983352363 0.106537730 -14.780345917 0.989078045 0.147158951 0.008296397 127.445350647
-0.005482486 0.108440414 -0.994087696 -29.291282654 -0.149770886 0.982800603 0.108035140 -14.774576187 0.988705575 0.149477705 0.010853026 127.478897095
-0.001909347 0.109204784 -0.994017422 -30.185565948 -0.148400292 0.982981801 0.108277455 -14.774209976 0.988925517 0.147719175 0.014329168 127.507392883
0.000657719 0.109205164 -0.994018912 -31.077136993 -0.150994971 0.982633173 0.107854389 -14.768070221 0.988534212 0.150020957 0.017135730 127.539886475
0.003277287 0.112984598 -0.993591249 -31.980211258 -0.151518360 0.982181072 0.111187316 -14.760027885 0.988448977 0.150182992 0.020338129 127.571350098
0.005430839 0.115132228 -0.993335426 -32.898262024 -0.150567636 0.982119322 0.113009080 -14.755591393 0.988584816 0.148950443 0.022668922 127.616790771
0.007184411 0.116531618 -0.993160963 -33.790813446 -0.151358321 0.981870174 0.114111930 -14.751747131 0.988452911 0.149503320 0.024692187 127.660125732
0.009583967 0.114664584 -0.993358076 -34.693466187 -0.152640998 0.981929302 0.111872680 -14.744451523 0.988235235 0.150554985 0.026913298 127.695289612
0.010074493 0.115721934 -0.993230700 -35.611015320 -0.156982988 0.981147349 0.112721838 -14.731485367 0.987549841 0.154784679 0.028050940 127.737403870
0.011120625 0.116431765 -0.993136466 -36.504894257 -0.157899067 0.980941355 0.113233991 -14.726624489 0.987392545 0.155556083 0.029293153 127.777191162
0.011374665 0.113033973 -0.993526161 -37.399826050 -0.158215180 0.981277466 0.109829098 -14.723422050 0.987339020 0.155941650 0.029045399 127.815559387
0.012120078 0.108727396 -0.993997633 -38.313671112 -0.159374893 0.981572807 0.105425023 -14.722911835 0.987143874 0.157140508 0.029225154 127.863868713
0.012605973 0.108082287 -0.994062006 -39.208927155 -0.158977881 0.981712341 0.104723476 -14.718613625 0.987201750 0.156713769 0.029558131 127.907875061
0.012430583 0.112273328 -0.993599594 -40.110198975 -0.161445394 0.980864286 0.108814508 -14.713436127 0.986803412 0.159059465 0.030318728 127.953002930
0.013079307 0.118322380 -0.992889106 -41.047035217 -0.162214294 0.980071366 0.114658065 -14.699510574 0.986668825 0.159561157 0.032012232 127.989654541
0.013366051 0.116942823 -0.993048668 -41.941795349 -0.160047725 0.980583012 0.113320656 -14.698522568 0.987018883 0.157420546 0.031822950 128.036346436
0.014261503 0.106540710 -0.994206071 -42.831378937 -0.159347787 0.981841981 0.102929980 -14.702592850 0.987119496 0.156956583 0.030979563 128.083114624
0.014434484 0.096273072 -0.995250225 -43.754673004 -0.160851032 0.982614040 0.092717856 -14.710411072 0.986873150 0.158748731 0.029669149 128.125488281
0.013406681 0.093227573 -0.995554447 -44.654766083 -0.157711029 0.983378768 0.089963548 -14.717615128 0.987394333 0.155803829 0.027886862 128.174438477
0.013424161 0.103353359 -0.994554043 -45.577167511 -0.150228798 0.983562231 0.100183330 -14.720367432 0.988560140 0.148065835 0.028730145 128.225952148
0.013321513 0.116401322 -0.993112922 -46.519809723 -0.145428851 0.982865691 0.113249496 -14.715536118 0.989279032 0.142918617 0.030021373 128.287826538
0.013576500 0.125379249 -0.992015958 -47.441947937 -0.145681724 0.981769204 0.122090399 -14.705648422 0.989238322 0.142861053 0.031594452 128.335144043
0.013269292 0.119896054 -0.992697775 -48.357563019 -0.145705208 0.982420206 0.116707124 -14.702833176 0.989239097 0.143092602 0.030505495 128.380889893
0.013371661 0.106317826 -0.994242311 -49.272304535 -0.145840645 0.983905315 0.103251033 -14.701490402 0.989217699 0.143620253 0.028661909 128.427093506
0.013832216 0.097479209 -0.995141506 -50.187206268 -0.146357760 0.984714985 0.094423547 -14.700666428 0.989134967 0.144340560 0.027887626 128.473770142
0.014352661 0.097420655 -0.995139837 -51.115520477 -0.145426005 0.984863281 0.094317183 -14.706520081 0.989264965 0.143365517 0.028302908 128.521011353
0.013708130 0.099058069 -0.994987249 -52.060375214 -0.148521289 0.984244049 0.095942318 -14.722743988 0.988814294 0.146461591 0.028204376 128.566970825
0.014424834 0.098607250 -0.995021939 -52.988483429 -0.153140247 0.983602822 0.095255546 -14.723991394 0.988099158 0.151003823 0.029289043 128.601974487
0.014921386 0.097756192 -0.995098531 -53.928436279 -0.154812440 0.983434141 0.094288900 -14.722948074 0.987831175 0.152646720 0.029808069 128.645355225
0.015652835 0.105592638 -0.994286180 -54.889183044 -0.163816914 0.981241882 0.101628393 -14.725116730 0.986366570 0.161290124 0.032657072 128.687393188
0.017016759 0.115011275 -0.993218362 -55.828647614 -0.169047788 0.979392409 0.110513985 -14.717132568 0.985460937 0.166020781 0.036108483 128.729843140
0.018503981 0.123442680 -0.992179155 -56.785827637 -0.169667199 0.978344083 0.118557103 -14.710033417 0.985327661 0.166146472 0.039047431 128.772476196
0.019396901 0.123831242 -0.992113709 -57.740539551 -0.171540365 0.977998137 0.118715607 -14.699203491 0.984986186 0.167884797 0.040212192 128.826828003
0.020873820 0.114321187 -0.993224442 -58.678638458 -0.173253730 0.978824377 0.109022573 -14.696746826 0.984655976 0.169804171 0.040238380 128.872573853
0.022337589 0.109254785 -0.993762732 -59.615550995 -0.171678975 0.979664326 0.103845820 -14.689128876 0.984899700 0.168288499 0.040640090 128.927993774
0.024062607 0.107745208 -0.993887305 -60.585441589 -0.169986710 0.980138779 0.102139272 -14.689208031 0.985152602 0.166489899 0.041899949 128.988601685
0.027045866 0.113431163 -0.993177712 -61.536590576 -0.171366036 0.979359269 0.107186384 -14.687747002 0.984836102 0.167297974 0.045925871 129.053482056
0.030909218 0.115984179 -0.992770016 -62.510589600 -0.174650162 0.978590965 0.108890027 -14.687902451 0.984145284 0.170021757 0.050504137 129.103942871
0.034778640 0.110852920 -0.993228137 -63.466175079 -0.173602656 0.979390502 0.103229694 -14.686263084 0.984201372 0.168836847 0.053306233 129.168090820
0.038176812 0.105019853 -0.993736982 -64.423187256 -0.173591658 0.980038583 0.096903235 -14.689248085 0.984077454 0.168805003 0.055645324 129.234359741
0.042251445 0.104605682 -0.993615866 -65.402465820 -0.171227470 0.980548322 0.095948860 -14.686709404 0.984325111 0.166080356 0.059340946 129.298797607
0.043662731 0.109343536 -0.993044615 -66.341537476 -0.168313980 0.980589509 0.100571595 -14.704061508 0.984765947 0.162752092 0.061219271 129.397430420
0.047220301 0.115894325 -0.992138445 -67.300651550 -0.167867929 0.980040848 0.106491581 -14.702508926 0.984677911 0.161519691 0.065732755 129.477355957
0.049512543 0.119724654 -0.991571665 -68.266426086 -0.165481985 0.980051100 0.110070564 -14.705005646 0.984969139 0.158637375 0.068337098 129.568496704
0.051923811 0.121653825 -0.991213500 -69.250450134 -0.165195167 0.979924917 0.111614734 -14.704417229 0.984893143 0.157948226 0.070978053 129.647064209
0.054191004 0.118958034 -0.991419315 -70.196479797 -0.164053604 0.980446994 0.108674303 -14.703919411 0.984961927 0.156756729 0.072646901 129.725616455
0.054767434 0.117692426 -0.991538763 -71.142211914 -0.162061632 0.980909944 0.107479386 -14.707261086 0.985259712 0.154804006 0.072795346 129.817199707
0.055491094 0.114205047 -0.991906226 -72.086334229 -0.159030661 0.981765807 0.104140714 -14.714856148 0.985712945 0.151964620 0.072641358 129.907394409
0.055139359 0.113728225 -0.991980553 -73.082687378 -0.157655030 0.982021213 0.103823103 -14.705110550 0.985953629 0.150666028 0.072077841 129.994216919
0.054909486 0.118335679 -0.991454303 -74.036689758 -0.154345527 0.982023418 0.108661979 -14.704335213 0.986489832 0.147059962 0.072186984 130.083206177
0.054239400 0.120206662 -0.991266072 -74.997077942 -0.148261353 0.982693076 0.111054555 -14.708931923 0.987459660 0.140942946 0.071122676 130.184722900
0.053612929 0.115447864 -0.991865635 -75.956092834 -0.145442799 0.983604431 0.106624730 -14.693505287 0.987912953 0.138543278 0.069524966 130.268218994
0.052262221 0.111829445 -0.992352188 -76.921783447 -0.147849128 0.983625591 0.103059568 -14.697037697 0.987628043 0.141332299 0.067940339 130.345870972
0.050940581 0.109099671 -0.992724717 -77.871124268 -0.144303054 0.984388232 0.100778751 -14.698744774 0.988221526 0.138119489 0.065888740 130.432067871
0.049971338 0.109590515 -0.992720008 -78.836456299 -0.144448683 0.984304070 0.101390235 -14.696096420 0.988249779 0.138330460 0.065017194 130.501419067
0.048855402 0.110915177 -0.992628336 -79.784629822 -0.145500571 0.984003901 0.102790229 -14.699217796 0.988151193 0.139406115 0.064212129 130.583587646
0.047385644 0.110994376 -0.992690742 -80.738883972 -0.146993876 0.983762145 0.102979384 -14.699245453 0.988001704 0.141039729 0.062931694 130.661193848
0.045976263 0.112053402 -0.992638052 -81.689727783 -0.146923929 0.983640730 0.104232632 -14.701385498 0.988078713 0.141050071 0.061687447 130.732269287
0.043898627 0.112269774 -0.992707610 -82.647727966 -0.146658808 0.983624518 0.104757108 -14.701951981 0.988212645 0.140990600 0.059645109 130.808181763
0.042306602 0.114796393 -0.992487848 -83.600479126 -0.146855459 0.983301938 0.107473962 -14.693403244 0.988252819 0.141205341 0.058458656 130.880081177
0.040811006 0.118596666 -0.992103457 -84.554672241 -0.148163244 0.982671559 0.111374356 -14.684686661 0.988120437 0.142447978 0.057675485 130.941925049
0.038590163 0.123313099 -0.991617143 -85.503196716 -0.149345025 0.981922328 0.116295531 -14.672725677 0.988031864 0.143605232 0.056308735 131.010986328
0.036413483 0.123096541 -0.991726339 -86.458213806 -0.148881137 0.981977999 0.116420001 -14.666683197 0.988184452 0.143410131 0.054083988 131.078094482
0.035212226 0.117987111 -0.992390573 -87.402847290 -0.148864627 0.982547343 0.111534782 -14.661002159 0.988230467 0.143804476 0.052161787 131.143218994
0.032949571 0.113217451 -0.993023694 -88.346389771 -0.152726963 0.982464790 0.106945977 -14.648620605 0.987718940 0.148137689 0.049663156 131.205825806
0.031691667 0.111020893 -0.993312597 -89.290397644 -0.150693193 0.982982337 0.105058387 -14.644890785 0.988072515 0.146355957 0.047882445 131.273941040
0.031446502 0.112450115 -0.993159592 -90.255882263 -0.145958990 0.983515739 0.106736660 -14.645733833 0.988790691 0.141604111 0.047341239 131.326293945
0.030614285 0.113550626 -0.993060410 -91.204513550 -0.142937735 0.983812034 0.108086608 -14.641867638 0.989258051 0.138636813 0.046349369 131.392700195
0.029650612 0.113398418 -0.993107080 -92.155754089 -0.137649268 0.984541357 0.108310610 -14.641024590 0.990037084 0.133488983 0.044801455 131.462173462
0.028335784 0.110503234 -0.993471801 -93.096725464 -0.133472711 0.985389173 0.105797306 -14.642756462 0.990647376 0.129603520 0.042670939 131.529678345
0.027603000 0.107392535 -0.993833482 -94.045356750 -0.128464475 0.986349046 0.103015780 -14.645333290 0.991329908 0.124828748 0.041022323 131.594863892
0.026082007 0.110036068 -0.993585348 -95.027748108 -0.126609445 0.986283123 0.105903842 -14.646006584 0.991609693 0.123035096 0.039655849 131.648620605
0.024673076 0.112322249 -0.993365467 -95.976196289 -0.125989705 0.986094475 0.108370788 -14.642612457 0.991724670 0.122479998 0.038481437 131.709732056
0.023357909 0.109966032 -0.993660867 -96.934524536 -0.121822588 0.986838102 0.106347308 -14.635937691 0.992277086 0.118566290 0.036446817 131.763153076
0.021433771 0.107532777 -0.993970513 -97.883728027 -0.118827775 0.987425625 0.104262345 -14.639601707 0.992683530 0.115876563 0.033942133 131.813659668
0.017228421 0.104673520 -0.994357407 -98.851577759 -0.117609598 0.987813175 0.101946898 -14.634719849 0.992910385 0.115189582 0.029329069 131.875473022
0.014694841 0.104042649 -0.994464338 -99.806106567 -0.112037182 0.988479853 0.101761028 -14.645212173 0.993595362 0.109921604 0.026182201 131.925781250
0.012365695 0.104057595 -0.994494438 -100.764305115 -0.105235390 0.989182591 0.102193274 -14.638063431 0.994370461 0.103392310 0.023182470 131.972305298
0.009701476 0.112006731 -0.993660092 -101.727981567 -0.095644541 0.989254773 0.110576324 -14.639782906 0.995368302 0.093965411 0.020310063 132.037994385
0.006931579 0.120128646 -0.992734075 -102.685226440 -0.087634481 0.989011228 0.119066261 -14.633831024 0.996128619 0.086172409 0.017382819 132.096908569
0.004383080 0.119695544 -0.992801011 -103.637863159 -0.083410606 0.989394605 0.118916608 -14.626308441 0.996505737 0.082288906 0.014320472 132.142150879
0.001442439 0.109827042 -0.993949652 -104.591865540 -0.084318802 0.990424335 0.109315164 -14.627025604 0.996437728 0.083650947 0.010689113 132.179168701
-0.000641115 0.100678906 -0.994918704 -105.538429260 -0.086199671 0.991210103 0.100359172 -14.625414848 0.996277690 0.085826017 0.008043010 132.218276978
-0.001034815 0.102047361 -0.994778931 -106.498039246 -0.093330406 0.990427673 0.101698078 -14.623741150 0.995634675 0.092948362 0.008499213 132.240524292
-0.001809997 0.111177422 -0.993798912 -107.464828491 -0.096710265 0.989122689 0.110830411 -14.608215332 0.995310903 0.096311174 0.008961689 132.276382446
-0.003280360 0.122618474 -0.992448509 -108.428604126 -0.100752912 0.987363160 0.122323185 -14.594991684 0.994906068 0.100393340 0.009115261 132.306793213
-0.004787963 0.124453261 -0.992213845 -109.369628906 -0.107824974 0.986376047 0.124241360 -14.584067345 0.994158387 0.107580304 0.008696438 132.340805054
-0.004590967 0.121115521 -0.992627800 -110.359481812 -0.114908263 0.985999107 0.120838173 -14.561107635 0.993365526 0.114615887 0.009390485 132.361022949
-0.004911704 0.117336951 -0.993080080 -111.313453674 -0.123177312 0.985458195 0.117045604 -14.548240662 0.992372513 0.122899815 0.009612970 132.387390137
-0.002236233 0.119253613 -0.992861331 -112.278472900 -0.127795920 0.984688640 0.118559822 -14.526269913 0.991797984 0.127148762 0.013038131 132.409561157
-0.000900974 0.120345995 -0.992731690 -113.262382507 -0.135836244 0.983515918 0.119352102 -14.506353378 0.990730882 0.134956464 0.015461228 132.435501099
-0.000270745 0.123094074 -0.992394984 -114.226516724 -0.145069405 0.981892109 0.121830888 -14.487894058 0.989421427 0.143999144 0.017591342 132.457595825
-0.000081247 0.125397891 -0.992106557 -115.201171875 -0.150646180 0.980782807 0.123978980 -14.465705872 0.988587677 0.149467155 0.018811030 132.486526489
-0.000144526 0.124883078 -0.992171407 -116.171371460 -0.154247835 0.980294585 0.123410627 -14.456491470 0.988032162 0.153058141 0.019121265 132.529449463
0.001327536 0.115480326 -0.993308842 -117.125801086 -0.153212622 0.981605470 0.113914937 -14.457164764 0.988192260 0.152036250 0.018996159 132.565704346
0.002920501 0.103796117 -0.994594276 -118.079444885 -0.156273216 0.982426047 0.102067366 -14.445326805 0.987709522 0.155130431 0.019089734 132.602432251
