1.000000000 0.000000000 0.000000000 0.000000000 0.000000000 1.000000000 0.000000000 0.000000000 0.000000000 0.000000000 1.000000000 0.000000000
0.999997795 -0.001577246 -0.001366543 0.049960826 0.001574278 0.999996424 -0.002170421 -0.132121220 0.001369961 0.002168265 0.999996722 1.297805429
0.999997914 0.000035137 -0.002034323 0.101957001 -0.000048066 0.999979794 -0.006355480 -0.267037630 0.002034059 0.006355565 0.999977708 2.602101088
0.999996185 0.002462315 -0.001227135 0.145845219 -0.002471825 0.999966383 -0.007809546 -0.406519353 0.001207864 0.007812548 0.999968767 3.905101776
0.999983728 0.005715529 0.000244887 0.192170158 -0.005713793 0.999961913 -0.006586591 -0.544140816 -0.000282523 0.006585083 0.999978364 5.218190193
0.999975264 0.006610588 0.002407434 0.241107255 -0.006602914 0.999973118 -0.003181832 -0.690255046 -0.002428404 0.003165858 0.999992013 6.536020756
0.999960601 0.006804999 0.005708048 0.297479093 -0.006794117 0.999975026 -0.001923706 -0.828141391 -0.005720997 0.001884849 0.999981821 7.838745594
0.999943078 0.005493411 0.009140789 0.354329735 -0.005476552 0.999983251 -0.001868487 -0.960336030 -0.009150899 0.001818321 0.999956489 9.145287514
0.999911010 0.004183846 0.012666109 0.430122852 -0.004160705 0.999989569 -0.001852772 -1.096968412 -0.012673729 0.001799907 0.999918103 10.443957329
0.999869406 0.002962538 0.015886165 0.496659696 -0.002924233 0.999992788 -0.002433892 -1.236740589 -0.015893264 0.002387119 0.999870777 11.751164436
0.999812007 0.002117165 0.019272935 0.573772132 -0.002058692 0.999993205 -0.003053319 -1.377901435 -0.019279270 0.003013068 0.999809563 13.044603348
0.999743760 0.001652614 0.022577155 0.644462705 -0.001578700 0.999993324 -0.003291227 -1.518592000 -0.022582449 0.003254741 0.999739707 14.368604660
0.999661982 0.001484327 0.025957758 0.729486287 -0.001371388 0.999989569 -0.004368144 -1.656525016 -0.025963973 0.004331069 0.999653518 15.664637566
0.999570966 0.002599940 0.029174794 0.810890734 -0.002478423 0.999988019 -0.004200543 -1.796240091 -0.029185368 0.004126433 0.999565482 16.971902847
0.999473035 0.002266742 0.032382082 0.901491702 -0.002143584 0.999990344 -0.003837488 -1.934881091 -0.032390472 0.003766052 0.999468207 18.257598877
0.999406099 0.000533183 0.034458455 1.001140475 -0.000411169 0.999993622 -0.003547869 -2.078308821 -0.034460127 0.003531593 0.999399841 19.554683685
0.999348819 -0.001925464 0.036032334 1.099789500 0.002098913 0.999986410 -0.004776515 -2.218547821 -0.036022652 0.004849034 0.999339223 20.827877045
0.999306560 -0.001469778 0.037205938 1.197189331 0.001714199 0.999977112 -0.006538365 -2.360356808 -0.037195481 0.006597608 0.999286175 22.138479233
0.999253869 -0.001325586 0.038598940 1.277621627 0.001679293 0.999956846 -0.009132663 -2.504724741 -0.038585164 0.009190668 0.999213040 23.424573898
0.999224484 -0.000945971 0.039363485 1.384752393 0.001365689 0.999942482 -0.010637098 -2.646210670 -0.039351150 0.010682609 0.999168336 24.711347580
0.999176145 -0.000279060 0.040582296 1.484598637 0.000738935 0.999935687 -0.011317356 -2.791967869 -0.040576529 0.011338022 0.999112070 25.980213165
0.999162257 -0.001867011 0.040881906 1.583378911 0.002288977 0.999944687 -0.010277198 -2.938562393 -0.040860463 0.010362167 0.999111056 27.273876190
0.999155819 -0.004855244 0.040794019 1.686979055 0.005227120 0.999945760 -0.009014236 -3.085591078 -0.040748045 0.009219863 0.999126911 28.552131653
0.999179840 -0.006298732 0.039997969 1.780677557 0.006687258 0.999931693 -0.009587261 -3.231009960 -0.039934848 0.009846875 0.999153733 29.844844818
0.999193966 -0.007791276 0.039378714 1.883706808 0.008278907 0.999890864 -0.012235221 -3.376650333 -0.039279092 0.012551371 0.999149501 31.112205505
0.999226809 -0.007997744 0.038497671 1.992380857 0.008470638 0.999890447 -0.012136276 -3.527802706 -0.038396396 0.012452989 0.999184966 32.398323059
0.999237120 -0.008682953 0.038076207 2.088173628 0.009167707 0.999878824 -0.012575042 -3.669692993 -0.037962403 0.012914518 0.999195695 33.662712097
0.999259293 -0.009055638 0.037399244 2.187266350 0.009535814 0.999874115 -0.012680839 -3.814042330 -0.037279703 0.013028081 0.999219894 34.932323456
0.999270380 -0.009595070 0.036965955 2.280313969 0.010090395 0.999861538 -0.013236306 -3.958778143 -0.036833838 0.013599652 0.999228835 36.193733215
0.999316573 -0.010344533 0.035486747 2.396650553 0.010822976 0.999852777 -0.013316836 -4.115416050 -0.035343762 0.013691807 0.999281406 37.478122711
0.999314189 -0.010076575 0.035634618 2.487822056 0.010491447 0.999879122 -0.011474666 -4.261423111 -0.035514690 0.011840654 0.999299049 38.734298706
0.999281347 -0.009935030 0.036579300 2.587176800 0.010326107 0.999891341 -0.010517814 -4.400033951 -0.036470834 0.010887978 0.999275386 40.010398865
0.999194503 -0.011730584 0.038376886 2.691648006 0.012066010 0.999890864 -0.008520410 -4.545611858 -0.038272753 0.008976601 0.999227047 41.258201599
0.999093056 -0.012784932 0.040615182 2.795153141 0.013200630 0.999863029 -0.009983390 -4.689159393 -0.040481985 0.010510483 0.999125004 42.528217316
0.998965085 -0.014218822 0.043201879 2.887338161 0.014805922 0.999801934 -0.013300262 -4.835394382 -0.043004207 0.013926141 0.998977900 43.781593323
0.998872936 -0.015157823 0.044978548 2.997064114 0.015810726 0.999774218 -0.014195847 -4.986091137 -0.044753220 0.014890995 0.998887002 45.048217773
0.998737454 -0.015293679 0.047849614 3.116006374 0.015929056 0.999789655 -0.012925521 -5.122514725 -0.047641866 0.013671401 0.998770952 46.286209106
0.998544991 -0.016538931 0.051325761 3.223244190 0.017050486 0.999809086 -0.009545023 -5.276190758 -0.051158100 0.010406264 0.998636365 47.548271179
0.998267531 -0.019469157 0.055523649 3.337780476 0.019924240 0.999772191 -0.007654427 -5.413186073 -0.055361971 0.008747432 0.998427987 48.774925232
0.998046994 -0.021661330 0.058591541 3.474684238 0.022155305 0.999724150 -0.007794301 -5.556051254 -0.058406547 0.009077191 0.998251557 50.035606384
0.997777820 -0.025130685 0.061708767 3.621029377 0.025895735 0.999597013 -0.011629283 -5.689929485 -0.061391648 0.013201434 0.998026371 51.263961792
0.997505844 -0.026076784 0.065590627 3.756401300 0.026907921 0.999568045 -0.011820158 -5.823697090 -0.065254062 0.013555584 0.997776628 52.499519348
0.997148454 -0.028675225 0.069806091 3.881634474 0.029385019 0.999526143 -0.009162304 -5.964788914 -0.069510296 0.011187430 0.997518480 53.720623016
0.996863186 -0.031381596 0.072658464 4.042412281 0.031885326 0.999474823 -0.005783070 -6.098562717 -0.072438836 0.008081667 0.997340083 54.913993835
0.996619284 -0.033941161 0.074819542 4.182143688 0.034345746 0.999401510 -0.004127068 -6.242330074 -0.074634701 0.006682849 0.997188568 56.172943115
0.996438682 -0.037093930 0.075722590 4.340556622 0.037260849 0.999305308 -0.000792233 -6.369929314 -0.075640589 0.003610901 0.997128606 57.385906219
0.996268928 -0.039602548 0.076680481 4.482109070 0.039696377 0.999211609 0.000300874 -6.492310524 -0.076631948 0.002744186 0.997055590 58.604980469
0.996229529 -0.041522350 0.076174982 4.628716946 0.041872613 0.999118507 -0.003006012 -6.615036011 -0.075983033 0.006184323 0.997089803 59.797367096
0.996229708 -0.042913172 0.075397335 4.779770851 0.043571148 0.999025166 -0.007102973 -6.747892857 -0.075019009 0.010361343 0.997128248 61.002269745
0.996248841 -0.044160459 0.074418731 4.917294979 0.045106031 0.998920918 -0.011072867 -6.876726627 -0.073849425 0.014388064 0.997165561 62.183483124
0.996244967 -0.046465546 0.073053978 5.053973675 0.047573093 0.998776495 -0.013493542 -7.010669231 -0.072337627 0.016918276 0.997236669 63.403228760
0.996381819 -0.046445787 0.071175888 5.189456463 0.047507547 0.998782396 -0.013296955 -7.146601677 -0.070471630 0.016630232 0.997375250 64.578430176
0.996617913 -0.045660928 0.068320163 5.324461460 0.046638094 0.998830140 -0.012775992 -7.291034698 -0.067656867 0.015919106 0.997581661 65.803359985
0.996855080 -0.044866815 0.065321162 5.445445061 0.045684997 0.998894334 -0.011085328 -7.418892860 -0.064751580 0.014034661 0.997802794 66.977264404
0.997262895 -0.040873162 0.061611772 5.566496849 0.041383356 0.999118626 -0.007027084 -7.558384895 -0.061270244 0.009557553 0.998075366 68.181770325
0.997525692 -0.038894571 0.058564492 5.683772087 0.039235421 0.999219060 -0.004681011 -7.685091972 -0.058336686 0.006967233 0.998272657 69.359832764
0.997724771 -0.037861794 0.055783093 5.789023399 0.038353011 0.999234140 -0.007761507 -7.820102692 -0.055446506 0.009883296 0.998412848 70.534500122
0.997940242 -0.038014073 0.051674474 5.905812263 0.038826589 0.999136150 -0.014811467 -7.956857681 -0.051066801 0.016787305 0.998554111 71.734252930
0.997947514 -0.041983970 0.048353814 6.012823105 0.042893078 0.998919010 -0.017919222 -8.090608597 -0.047549222 0.019956490 0.998669505 72.908103943
0.997977078 -0.045798719 0.044093002 6.122740746 0.046409294 0.998838902 -0.012924335 -8.228119850 -0.043449890 0.014944515 0.998943746 74.070884705
0.997971952 -0.049567401 0.039936375 6.225132942 0.049925875 0.998720706 -0.008028876 -8.354377747 -0.039487317 0.010006456 0.999169827 75.230873108
0.998032451 -0.051595725 0.035625234 6.318635941 0.051810965 0.998643577 -0.005144574 -8.481379509 -0.035311479 0.006980230 0.999351919 76.419258118
0.998203039 -0.050914574 0.031596605 6.408483505 0.051020619 0.998694360 -0.002558500 -8.607162476 -0.031425077 0.004165981 0.999497473 77.579101562
0.998333633 -0.050516620 0.027893458 6.499610901 0.050601572 0.998716056 -0.002347628 -8.726140976 -0.027739050 0.003755168 0.999608099 78.734642029
0.998484671 -0.048996493 0.025052045 6.563214779 0.049127892 0.998781621 -0.004656520 -8.851492882 -0.024793366 0.005880218 0.999675274 79.911651611
0.998670816 -0.046718631 0.021767382 6.639966011 0.046940893 0.998849452 -0.009814436 -8.977397919 -0.021283815 0.010823172 0.999714911 81.055603027
0.998593271 -0.049884703 0.017973192 6.725379944 0.050149325 0.998635173 -0.014585696 -9.116731644 -0.017221058 0.015466521 0.999732018 82.222145081
0.998447239 -0.053432681 0.015754778 6.786107063 0.053679578 0.998434842 -0.015688019 -9.242444038 -0.014891868 0.016509369 0.999752820 83.348564148
0.998484015 -0.053813931 0.011559162 6.857024193 0.053952895 0.998470664 -0.012067743 -9.378898621 -0.010892070 0.012673099 0.999860346 84.508850098
0.998483539 -0.054285739 0.009150543 6.916368961 0.054372117 0.998475850 -0.009470426 -9.505901337 -0.008622486 0.009953598 0.999913275 85.641700745
0.998619080 -0.051839110 0.008521662 6.971237183 0.051933493 0.998587072 -0.011254161 -9.633768082 -0.007926216 0.011681179 0.999900341 86.785736084
0.998830974 -0.047731075 0.007645345 7.023849487 0.047837410 0.998751521 -0.014388024 -9.764813423 -0.006949045 0.014736938 0.999867201 87.914161682
0.998891532 -0.046653934 0.006255208 7.079285145 0.046752680 0.998766959 -0.016697349 -9.896565437 -0.005468498 0.016971290 0.999841034 89.032272339
0.998852491 -0.047531839 0.005873042 7.130049706 0.047626700 0.998716533 -0.017231362 -10.030949593 -0.005046466 0.017491300 0.999834299 90.152015686
0.998832345 -0.048088502 0.004631718 7.181143284 0.048152816 0.998728037 -0.014950219 -10.163616180 -0.003906894 0.015155793 0.999877512 91.269584656
0.998747706 -0.049912244 0.003447867 7.241404533 0.049950399 0.998679101 -0.012040341 -10.290102959 -0.002842352 0.012197484 0.999921560 92.379974365
0.998761654 -0.049622443 0.003577054 7.290618896 0.049661133 0.998697698 -0.011689417 -10.414095879 -0.002992338 0.011852581 0.999925256 93.522438049
0.998759031 -0.049676351 0.003534813 7.335346222 0.049720578 0.998668134 -0.013775908 -10.547923088 -0.002845768 0.013934569 0.999898851 94.652999878
0.998757839 -0.049733378 0.003057944 7.393169403 0.049778517 0.998614192 -0.017076915 -10.677926064 -0.002204415 0.017207924 0.999849439 95.752258301
0.998706460 -0.050789785 0.002374660 7.452418327 0.050824866 0.998539150 -0.018334057 -10.807161331 -0.001440008 0.018431038 0.999829054 96.857963562
0.998704612 -0.050770242 0.003385937 7.490329742 0.050821427 0.998557925 -0.017295953 -10.940606117 -0.002502934 0.017445628 0.999844670 97.929702759
0.998718381 -0.050450757 0.004038784 7.541512489 0.050494287 0.998657942 -0.011520449 -11.062857628 -0.003452148 0.011709619 0.999925435 99.018402100
0.998815775 -0.048367579 0.005252352 7.595547676 0.048411317 0.998790860 -0.008545485 -11.182144165 -0.004832677 0.008789638 0.999949694 100.090522766
0.998887956 -0.046571523 0.007347579 7.650227547 0.046633970 0.998875260 -0.008568181 -11.295653343 -0.006940281 0.008901300 0.999936283 101.140151978
0.998955786 -0.044738434 0.009256237 7.702501774 0.044831634 0.998943448 -0.010119685 -11.424837112 -0.008793716 0.010524090 0.999905944 102.194252014
0.998920321 -0.044993050 0.011568213 7.761173248 0.045138393 0.998900950 -0.012625253 -11.541044235 -0.010987449 0.013133791 0.999853373 103.209793091
0.998828769 -0.046477780 0.013452059 7.821763515 0.046656054 0.998823106 -0.013256285 -11.658408165 -0.012820102 0.013868379 0.999821663 104.225097656
0.998725593 -0.048047569 0.015447665 7.882985592 0.048239127 0.998760343 -0.012276526 -11.790493011 -0.014838658 0.013006064 0.999805331 105.228981018
0.998707771 -0.047937129 0.016875014 7.949869633 0.048122685 0.998783350 -0.010767002 -11.904184341 -0.016338345 0.011565160 0.999799669 106.187332153
0.998624206 -0.049050238 0.018547164 8.009572983 0.049229957 0.998743594 -0.009359841 -12.011075020 -0.018064758 0.010260039 0.999784172 107.144409180
0.998551071 -0.049771823 0.020454360 8.069422722 0.049978126 0.998703063 -0.009701448 -12.117113113 -0.019944975 0.010709661 0.999743760 108.061714172
0.998519540 -0.049618732 0.022288140 8.133483887 0.049805805 0.998727560 -0.007917879 -12.217642784 -0.021866905 0.009016234 0.999720156 108.968223572
0.998512566 -0.048865531 0.024187369 8.194084167 0.049016558 0.998781800 -0.005690800 -12.315913200 -0.023879820 0.006867916 0.999691188 109.839447021
0.998484790 -0.048786186 0.025453651 8.256032944 0.048865136 0.998802304 -0.002488411 -12.418285370 -0.025301764 0.003728437 0.999672890 110.696426392
0.998432219 -0.048939295 0.027167954 8.317657471 0.049022000 0.998794854 -0.002385970 -12.508963585 -0.027018445 0.003714056 0.999628067 111.521141052
0.998451650 -0.047935188 0.028222809 8.372691154 0.047996826 0.998846352 -0.001510209 -12.599409103 -0.028117862 0.002862476 0.999600530 112.336685181
0.998544037 -0.045649536 0.028738014 8.427556992 0.045701213 0.998954475 -0.001143647 -12.678942680 -0.028655766 0.002455344 0.999586284 113.118774414
0.998681724 -0.043008789 0.028019374 8.475359917 0.042973876 0.999074399 0.001847283 -12.756235123 -0.028072894 -0.000640746 0.999605596 113.873069763
0.998763561 -0.042923078 0.025079796 8.524434090 0.042865239 0.999076843 0.002839451 -12.839673042 -0.025178516 -0.001760889 0.999681532 114.619514465
0.998906910 -0.042833883 0.018715551 8.561810493 0.042788081 0.999080062 0.002841040 -12.911492348 -0.018820031 -0.002037132 0.999820769 115.318786621
0.999116063 -0.041181028 0.008445246 8.589413643 0.041168049 0.999150753 0.001704509 -12.986433983 -0.008508267 -0.001355327 0.999962866 115.989967346
0.999252021 -0.038281437 -0.005471352 8.592124939 0.038275640 0.999266505 -0.001159877 -13.053480148 0.005511740 0.000949590 0.999984384 116.631141663
0.999009192 -0.037019502 -0.024702704 8.597833633 0.036950730 0.999311805 -0.003234644 -13.128240585 0.024805447 0.002318655 0.999689698 117.258934021
0.998256564 -0.035506029 -0.047150098 8.567339897 0.035286959 0.999362171 -0.005470774 -13.197147369 0.047314271 0.003797452 0.998872817 117.847656250
0.996620595 -0.033960074 -0.074794933 8.526482582 0.033501539 0.999411523 -0.007376999 -13.262213707 0.075001441 0.004846322 0.997171640 118.416885376
0.993772686 -0.031787615 -0.106796451 8.456027985 0.030977333 0.999477386 -0.009237880 -13.329572678 0.107034288 0.005872083 0.994237959 118.958320618
0.989461660 -0.027216204 -0.142214403 8.346834183 0.026000855 0.999607801 -0.010397544 -13.396458626 0.142441615 0.006590276 0.989781201 119.506568909
0.983316898 -0.021193705 -0.180661783 8.235582352 0.019743182 0.999756813 -0.009823602 -13.454816818 0.180826068 0.006092877 0.983496130 120.019241333
0.974863470 -0.015883766 -0.222236246 8.095966339 0.014529952 0.999864638 -0.007725538 -13.511535645 0.222328871 0.004302263 0.974962175 120.522010803
0.963641822 -0.011305092 -0.266957998 7.924810410 0.010068793 0.999931276 -0.005999472 -13.570348740 0.267007470 0.003093396 0.963689446 121.019088745
0.949508429 -0.004968302 -0.313702226 7.730983734 0.003001814 0.999972761 -0.006751366 -13.622008324 0.313727200 0.005468804 0.949497402 121.495559692
0.932160556 0.002643630 -0.362035334 7.505123138 -0.005734973 0.999955654 -0.007464475 -13.677926064 0.361999571 0.009034354 0.932134390 121.970542908
0.911164820 0.007314601 -0.411977053 7.255752563 -0.011673884 0.999899328 -0.008065903 -13.729640961 0.411876619 0.012158740 0.911158442 122.395599365
0.886178493 0.011514101 -0.463200927 6.989799500 -0.016512400 0.999840975 -0.006737167 -13.781510353 0.463049740 0.013618892 0.886227608 122.809844971
0.857170045 0.014680396 -0.514824152 6.706142426 -0.021168455 0.999753237 -0.006736651 -13.820922852 0.514598250 0.016672488 0.857269287 123.213684082
0.825689733 0.024587676 -0.563588321 6.382305145 -0.031910442 0.999485791 -0.003146088 -13.873564720 0.563221097 0.020582048 0.826049805 123.584243774
0.791966319 0.037166327 -0.609432578 6.029598236 -0.044538595 0.999002993 0.003045799 -13.910231590 0.608938158 0.024731101 0.792832077 123.937255859
0.755995929 0.045778457 -0.652973533 5.673549652 -0.055569503 0.998438716 0.005661297 -13.949598312 0.652213275 0.032005496 0.757359564 124.256622314
0.716183543 0.049648706 -0.696143746 5.307899475 -0.062662914 0.998012185 0.006711074 -13.995182037 0.695093095 0.038816027 0.717871070 124.555984497
0.673173845 0.051231287 -0.737707496 4.937705994 -0.064708978 0.997851491 0.010249093 -14.045760155 0.736647546 0.040836871 0.675042689 124.844161987
0.630065858 0.054940470 -0.774595737 4.523601532 -0.067949697 0.997568607 0.015484344 -14.080465317 0.773563087 0.042877376 0.632267118 125.108192444
0.585194707 0.063680649 -0.808388591 4.098438263 -0.079085656 0.996641099 0.021259889 -14.111645699 0.807027102 0.051490769 0.588265300 125.337295532
0.539588332 0.072576739 -0.838795006 3.656330109 -0.090680555 0.995491862 0.027801055 -14.134552002 0.837031364 0.061061271 0.543737233 125.548492432
0.492928892 0.077677861 -0.866595209 3.200969696 -0.096331179 0.994755685 0.034371383 -14.159896851 0.864720404 0.066537492 0.497826606 125.752731323
0.445613533 0.079051405 -0.891728401 2.738922119 -0.095470846 0.994609535 0.040463183 -14.185523987 0.890120089 0.067103118 0.450758547 125.934387207
0.398734123 0.080244966 -0.913549006 2.265316010 -0.092575736 0.994597673 0.046957918 -14.202138901 0.912381947 0.065848753 0.404008716 126.107879639
0.352609515 0.083561040 -0.932032228 1.767532349 -0.094432019 0.994098067 0.053399712 -14.226751328 0.930993617 0.069184430 0.358419299 126.259216309
0.309160858 0.086901359 -0.947031021 1.268150330 -0.100013956 0.993265152 0.058494072 -14.245382309 0.945736110 0.076632246 0.315770030 126.374626160
0.267664462 0.088286541 -0.959458828 0.746599197 -0.104667626 0.992564440 0.062133230 -14.259975433 0.957810223 0.083793424 0.274914980 126.477607727
0.228165239 0.084935866 -0.969910622 0.219757080 -0.104956426 0.992528081 0.062226184 -14.276396751 0.967948794 0.087600507 0.235374957 126.582221985
0.193109810 0.079636715 -0.977939963 -0.311454773 -0.100124314 0.993097126 0.061099868 -14.296102524 0.976055205 0.086116582 0.199750349 126.676200867
0.162602082 0.074495926 -0.983875453 -0.860191345 -0.097378649 0.993489265 0.059130386 -14.316139221 0.981874764 0.086193740 0.168797716 126.757316589
0.136541143 0.072840080 -0.987952828 -1.426706314 -0.098471977 0.993351698 0.059628684 -14.333334923 0.985728025 0.089143917 0.142806083 126.823280334
0.114498779 0.072275601 -0.990790784 -2.021303177 -0.098814480 0.993232250 0.061034415 -14.346727371 0.988496780 0.090916105 0.120865762 126.881172180
0.095478155 0.073557734 -0.992710054 -2.614742279 -0.100763351 0.992857635 0.063877329 -14.361494064 0.990318477 0.093929879 0.102208152 126.941772461
0.079596557 0.071811713 -0.994237125 -3.222245216 -0.101904862 0.992762387 0.063546926 -14.385293007 0.991604626 0.096259482 0.086338438 126.996627808
0.065270312 0.070732817 -0.995357513 -3.841360092 -0.100757882 0.992853761 0.063947715 -14.414056778 0.992767692 0.096116222 0.071930751 127.052017212
0.053301424 0.068441033 -0.996230304 -4.481568813 -0.096530095 0.993329346 0.063077085 -14.435994148 0.993901908 0.092804104 0.059552491 127.094078064
0.041592680 0.066241466 -0.996936321 -5.136271954 -0.094430014 0.993594050 0.062079728 -14.453060150 0.994662285 0.091558658 0.047581431 127.125450134
0.030798528 0.064810589 -0.997422159 -5.799305916 -0.093620718 0.993695736 0.061677605 -14.471264839 0.995131433 0.091479823 0.036671974 127.167671204
0.021144353 0.066278271 -0.997577131 -6.470049858 -0.096930996 0.993235469 0.063935295 -14.492332458 0.995066345 0.095344268 0.027425736 127.190208435
0.012771148 0.066270597 -0.997719944 -7.148586750 -0.099824026 0.992901087 0.064672738 -14.519398689 0.994923115 0.098770477 0.019295888 127.207557678
0.006249910 0.065600902 -0.997826338 -7.839562416 -0.102190964 0.992663622 0.064621381 -14.538798332 0.994745195 0.101564951 0.012907875 127.226325989
0.001304122 0.066235200 -0.997803152 -8.538274765 -0.102950439 0.992511094 0.065749340 -14.553715706 0.994685650 0.102638528 0.008113297 127.242195129
-0.002505582 0.068900622 -0.997620463 -9.258016586 -0.105000049 0.992090642 0.068782419 -14.574560165 0.994469106 0.104922526 0.004748803 127.269935608
-0.003187411 0.072848015 -0.997337937 -9.992774010 -0.107595839 0.991528153 0.072767518 -14.598305702 0.994189620 0.107541353 0.004677737 127.272262573
-0.004478112 0.075801998 -0.997112811 -10.702905655 -0.110104598 0.991022825 0.075833514 -14.608901024 0.993909836 0.110126294 0.003908237 127.288887024
-0.005133563 0.081441082 -0.996665001 -11.443133354 -0.114922561 0.990026355 0.081490554 -14.616060257 0.993361175 0.114957631 0.004277055 127.298561096
-0.006334882 0.085079513 -0.996354043 -12.183642387 -0.117829159 0.989369333 0.085232250 -14.627280235 0.993013680 0.117939487 0.003757309 127.310272217
-0.007469131 0.085465953 -0.996313095 -12.937678337 -0.118073769 0.989295661 0.085749134 -14.643358231 0.992976725 0.118278943 0.002702109 127.327552795
-0.008854473 0.082503237 -0.996551454 -13.682074547 -0.115719430 0.989810348 0.082973324 -14.661360741 0.993242502 0.116055056 0.000782979 127.349472046
-0.010475563 0.078883208 -0.996828854 -14.444864273 -0.119224355 0.989673793 0.079569921 -14.664958954 0.992812097 0.119679816 -0.000962589 127.362953186
-0.011865582 0.080640286 -0.996672511 -15.207840919 -0.124315031 0.988890886 0.081490643 -14.676280975 0.992171764 0.124868356 -0.001708966 127.369583130
-0.013158027 0.083876714 -0.996389270 -15.991995811 -0.121298961 0.988982379 0.084855042 -14.692296982 0.992528796 0.121977508 -0.002838894 127.384147644
-0.015164513 0.083820857 -0.996365428 -16.766017914 -0.120043300 0.989119828 0.085038364 -14.706801414 0.992652833 0.120896563 -0.004937389 127.401329041
-0.015872791 0.083344392 -0.996394396 -17.559566498 -0.123846345 0.988682389 0.084672220 -14.716730118 0.992174387 0.124743804 -0.005371248 127.397903442
-0.017258704 0.082709938 -0.996424198 -18.349464417 -0.127713174 0.988227010 0.084241606 -14.727331161 0.991660953 0.128710389 -0.006492366 127.416992188
-0.018446414 0.087116584 -0.996027231 -19.146499634 -0.129546717 0.987591028 0.088777922 -14.732986450 0.991401672 0.130669698 -0.006931842 127.427284241
-0.019286610 0.091992453 -0.995572925 -19.949693680 -0.128873423 0.987222731 0.093717471 -14.745923042 0.991473377 0.130110413 -0.007184799 127.444839478
-0.018270010 0.093930595 -0.995411217 -20.778537750 -0.129641831 0.986950099 0.095511675 -14.749684334 0.991392553 0.130791903 -0.005854252 127.457260132
-0.016350934 0.092830986 -0.995547652 -21.597248077 -0.129059613 0.987155497 0.094168127 -14.756700516 0.991501987 0.130024716 -0.004160187 127.469398499
-0.015324584 0.092604823 -0.995585024 -22.428682327 -0.129079759 0.987186849 0.093810536 -14.759046555 0.991515815 0.129947484 -0.003174819 127.484535217
-0.015208295 0.091618389 -0.995678067 -23.254158020 -0.127242252 0.987519801 0.092811249 -14.762324333 0.991755068 0.128103808 -0.003360760 127.509300232
-0.014106615 0.093506016 -0.995518744 -24.091978073 -0.128151089 0.987237811 0.094544135 -14.767492294 0.991654396 0.128910497 -0.001943686 127.527267456
-0.013962774 0.095854186 -0.995297432 -24.929590225 -0.129865617 0.986789525 0.096856661 -14.771336555 0.991433322 0.130607322 -0.001330154 127.548103333
-0.013951869 0.098348312 -0.995054245 -25.802133560 -0.132889718 0.986140847 0.099330597 -14.772335052 0.991032600 0.133618325 -0.000689029 127.566352844
-0.012389834 0.099414609 -0.994968951 -26.664979935 -0.135063887 0.985759795 0.100176334 -14.768929482 0.990759373 0.135625526 0.001213921 127.581336975
-0.010491397 0.102368869 -0.994691193 -27.534898758 -0.141920507 0.984523654 0.102819361 -14.766368866 0.989822388 0.142245814 0.004199212 127.596191406
-0.008084570 0.106449023 -0.994285226 -28.415033340 -0.146498606 0.983463109 0.106481567 -14.762876511 0.989177823 0.146522254 0.007643753 127.614509583
-0.005934552 0.108136155 -0.994118273 -29.289808273 -0.148968264 0.982947290 0.107810304 -14.755625725 0.988824189 0.148731887 0.010275505 127.646377563
-0.002052666 0.108986109 -0.994041145 -30.186281204 -0.147734821 0.983102500 0.108091861 -14.756056786 0.989024818 0.147076383 0.014083060 127.671981812
0.000666921 0.108779602 -0.994065642 -31.079738617 -0.150259823 0.982790709 0.107444987 -14.748350143 0.988646328 0.149296492 0.017000647 127.701461792
0.003043349 0.112681292 -0.993626475 -31.978698730 -0.150801644 0.982319593 0.110937156 -14.740486145 0.988559365 0.149502918 0.019982064 127.735755920
0.005817207 0.114329234 -0.993426025 -32.894496918 -0.149504125 0.982376575 0.112182155 -14.730081558 0.988743961 0.147868678 0.022807384 127.775985718
0.007543999 0.115515538 -0.993277073 -33.786788940 -0.150078431 0.982185364 0.113085747 -14.726230621 0.988645256 0.148216352 0.024745999 127.820281982
0.010335056 0.113699310 -0.993461430 -34.691535950 -0.151314795 0.982251465 0.110842198 -14.718330383 0.988431573 0.149179831 0.027356014 127.851699829
0.010470660 0.114697531 -0.993345261 -35.601158142 -0.155489683 0.981502891 0.111691155 -14.707355499 0.987781942 0.153285444 0.028111266 127.897979736
0.011664483 0.115363084 -0.993254840 -36.495429993 -0.156316340 0.981320262 0.112141192 -14.702699661 0.987638056 0.153953955 0.029479733 127.936683655
0.011779880 0.111744143 -0.993667126 -37.390716553 -0.156656027 0.981671333 0.108537972 -14.699790955 0.987582982 0.154385403 0.029069364 127.976089478
0.012655312 0.107693329 -0.994103611 -38.295356750 -0.158041179 0.981902242 0.104359597 -14.700887680 0.987351358 0.155788630 0.029446259 128.023605347
0.013151745 0.106970541 -0.994175196 -39.191463470 -0.157737330 0.982033849 0.103577502 -14.696409225 0.987393498 0.155456349 0.029788706 128.068649292
0.012788080 0.110923141 -0.993746758 -40.090415955 -0.160164177 0.981223106 0.107464179 -14.690505028 0.987007499 0.157788366 0.030313872 128.114669800
0.013224205 0.116998523 -0.993044019 -41.029232025 -0.160666198 0.980475307 0.113378137 -14.675210953 0.986920178 0.158049271 0.031763714 128.153167725
0.013423418 0.115790315 -0.993183017 -41.924129486 -0.158502162 0.980960250 0.112223104 -14.676061630 0.987267315 0.155915186 0.031520855 128.201065063
0.014416955 0.105435491 -0.994321644 -42.814361572 -0.157875195 0.982191443 0.101860143 -14.681465149 0.987353802 0.155510217 0.030805862 128.244552612
0.014557573 0.094855957 -0.995384574 -43.735073090 -0.159488678 0.982965112 0.091339886 -14.686313629 0.987092376 0.157422870 0.029438039 128.291107178
0.013478079 0.091853037 -0.995681405 -44.636535645 -0.156377137 0.983712673 0.088632107 -14.695377350 0.987605512 0.154507190 0.027622273 128.339431763
0.013189840 0.101773545 -0.994720042 -45.556304932 -0.149067804 0.983889997 0.098688848 -14.697611809 0.988738954 0.146979049 0.028148506 128.392913818
0.013290660 0.115002386 -0.993276238 -46.499633789 -0.143691748 0.983273149 0.111921541 -14.697290421 0.989533186 0.141238123 0.029593246 128.453430176
0.013363973 0.124091059 -0.992180824 -47.422214508 -0.143897608 0.982179284 0.120901994 -14.688762665 0.989502311 0.141156748 0.030982228 128.501922607
0.013314662 0.118086733 -0.992914021 -48.340930939 -0.143827990 0.982901812 0.114967316 -14.681529999 0.989513099 0.141278058 0.030071180 128.543350220
0.013418252 0.104650520 -0.994418681 -49.267444611 -0.144007847 0.984342158 0.101646945 -14.683135986 0.989485562 0.141840145 0.028278651 128.587997437
0.014119051 0.095900632 -0.995290756 -50.183197021 -0.144440740 0.985145271 0.092874050 -14.683778763 0.989412725 0.142449230 0.027761271 128.633163452
0.014582821 0.095835671 -0.995290399 -51.119644165 -0.143321216 0.985318065 0.092775546 -14.690043449 0.989568770 0.141293272 0.028103998 128.679626465
0.013841619 0.097292900 -0.995159686 -52.056224823 -0.146303788 0.984740734 0.094239376 -14.704315186 0.989142835 0.144291192 0.027864724 128.721252441
0.014579245 0.096642859 -0.995212257 -53.006160736 -0.151282623 0.984073222 0.093344972 -14.707418442 0.988383055 0.149197444 0.028967436 128.762710571
0.015030757 0.096125387 -0.995255768 -53.938182831 -0.152925625 0.983878672 0.092717014 -14.709455490 0.988123417 0.150806502 0.029488478 128.808044434
0.016083084 0.103563353 -0.994492769 -54.883567810 -0.162276700 0.981704891 0.099607304 -14.707189560 0.986614227 0.159780979 0.032594759 128.842468262
0.017547973 0.112942770 -0.993446410 -55.833251953 -0.167814285 0.979837179 0.108431339 -14.701266289 0.985662520 0.164811760 0.036147565 128.883682251
0.018713364 0.120887376 -0.992489755 -56.803916931 -0.167900383 0.978946865 0.116072021 -14.694944382 0.985626459 0.164467320 0.038616423 128.942871094
0.019647341 0.121734954 -0.992368162 -57.745838165 -0.169273481 0.978635669 0.116699018 -14.687816620 0.985373259 0.165688798 0.039834090 128.991821289
0.020863893 0.111996606 -0.993489563 -58.684234619 -0.170909464 0.979478419 0.106827892 -14.683983803 0.985065877 0.167567924 0.039577007 129.047256470
0.022020347 0.107265033 -0.993986607 -59.627216339 -0.169465214 0.980240822 0.102027401 -14.684080124 0.985290051 0.166199520 0.039762933 129.104232788
0.024169458 0.105707653 -0.994103551 -60.581317902 -0.167936012 0.980692446 0.100198597 -14.689792633 0.985501587 0.164524019 0.041454934 129.166015625
0.027558396 0.111236162 -0.993411839 -61.567024231 -0.169677228 0.979888618 0.105014853 -14.680471420 0.985114396 0.165665343 0.045878399 129.225631714
0.031186134 0.113301717 -0.993071020 -62.527458191 -0.172507733 0.979254723 0.106307983 -14.681020737 0.984514356 0.167997092 0.050084583 129.283020020
0.035437226 0.108190477 -0.993498385 -63.476558685 -0.171908200 0.979964435 0.100584835 -14.683168411 0.984475374 0.167226091 0.053326055 129.345443726
0.038292147 0.102495410 -0.993996203 -64.433105469 -0.171874940 0.980576575 0.094490469 -14.691404343 0.984374285 0.167224780 0.055164777 129.416259766
0.041409507 0.102252468 -0.993896306 -65.400474548 -0.169099808 0.981116414 0.093892351 -14.694059372 0.984728575 0.164179638 0.057918426 129.493286133
0.043814979 0.107022069 -0.993290782 -66.373901367 -0.166791797 0.981074870 0.098348543 -14.713406563 0.985018134 0.161363617 0.060836185 129.585098267
0.047307413 0.113704123 -0.992387712 -67.332435608 -0.166138694 0.980557144 0.104428753 -14.715080261 0.984966993 0.159933746 0.065278284 129.666213989
0.049752384 0.117658451 -0.991807044 -68.297462463 -0.163907781 0.980534971 0.108099081 -14.720517159 0.985220253 0.157186702 0.068069085 129.754745483
0.052119024 0.119319007 -0.991487086 -69.280715942 -0.163446859 0.980467439 0.109401040 -14.720913887 0.985174477 0.156353563 0.070603319 129.836349487
0.054460287 0.116249941 -0.991725802 -70.224960327 -0.161858782 0.981091917 0.106115021 -14.715096474 0.985310018 0.154740453 0.072246633 129.911758423
0.055017043 0.114813969 -0.991862357 -71.171920776 -0.159891695 0.981560767 0.104752555 -14.719506264 0.985600233 0.152827382 0.072360381 130.002548218
0.055515155 0.111326352 -0.992232144 -72.113945007 -0.156799778 0.982405961 0.101450965 -14.730206490 0.986068845 0.149949729 0.071994364 130.094207764
0.055363536 0.111081630 -0.992267966 -73.103088379 -0.155455366 0.982632279 0.101329304 -14.724748611 0.986290276 0.148643449 0.071670212 130.180633545
0.055123366 0.115725607 -0.991750479 -74.056159973 -0.152114108 0.982639849 0.106207721 -14.726977348 0.986824512 0.145004690 0.071769901 130.269241333
0.054588880 0.117574327 -0.991562545 -75.018150330 -0.146147326 0.983289480 0.108547457 -14.732647896 0.987755537 0.138988718 0.070859835 130.368515015
0.053871270 0.112529047 -0.992187083 -75.977500916 -0.143318743 0.984213591 0.103843182 -14.716962814 0.988209367 0.136604816 0.069148362 130.453460693
0.052354470 0.109123923 -0.992648423 -76.932472229 -0.145698160 0.984210193 0.100511804 -14.723343849 0.987942815 0.139364854 0.067426942 130.534057617
0.051110458 0.106448643 -0.993003845 -77.880950928 -0.142165914 0.984952867 0.098268248 -14.727856636 0.988522351 0.136148736 0.065474756 130.619537354
0.049665563 0.107117139 -0.993005157 -78.845046997 -0.142291635 0.984849334 0.099120580 -14.730298042 0.988577902 0.136373416 0.064154960 130.693939209
0.048952907 0.108017318 -0.992942989 -79.799148560 -0.143410996 0.984594107 0.100038804 -14.731488228 0.988451779 0.137501761 0.063689597 130.768112183
0.047432281 0.108207703 -0.992996097 -80.753501892 -0.144952461 0.984337628 0.100340262 -14.734990120 0.988300979 0.139177844 0.062374361 130.845581055
0.046243466 0.109389357 -0.992922664 -81.702209473 -0.144835487 0.984216988 0.101684794 -14.739989281 0.988374531 0.139108166 0.061357066 130.914520264
0.043773141 0.109321728 -0.993042171 -82.666305542 -0.144766226 0.984197974 0.101966798 -14.742232323 0.988497138 0.139295548 0.058907527 130.992797852
0.042645760 0.111574695 -0.992840469 -83.623016357 -0.144978240 0.983917415 0.104344614 -14.733820915 0.988515317 0.139490440 0.058135808 131.062973022
0.041206338 0.115270242 -0.992479146 -84.576873779 -0.146315724 0.983310401 0.108130559 -14.727506638 0.988379359 0.140759632 0.057384472 131.124649048
0.038941175 0.120378137 -0.991964102 -85.525398254 -0.147580519 0.982523084 0.113438934 -14.720822334 0.988283098 0.141977116 0.056026075 131.193756104
0.036717016 0.120006338 -0.992093921 -86.477821350 -0.147465497 0.982545495 0.113393709 -14.716648102 0.988385439 0.142136157 0.053772930 131.258026123
0.035689149 0.114738613 -0.992754459 -87.422294617 -0.147581220 0.983100772 0.108317405 -14.713106155 0.988405824 0.142646134 0.052019294 131.321823120
0.033363916 0.110029675 -0.993368089 -88.369293213 -0.151841119 0.982942045 0.103774987 -14.703884125 0.987841666 0.147371784 0.049501814 131.383483887
0.032097258 0.107938945 -0.993639171 -89.311996460 -0.149641410 0.983465075 0.101999894 -14.703357697 0.988219261 0.145415634 0.047718659 131.451736450
0.031738497 0.109053299 -0.993529022 -90.276771545 -0.145293757 0.983974457 0.103363089 -14.706105232 0.988879383 0.141073018 0.047074638 131.506866455
0.031214003 0.110347576 -0.993402839 -91.225204468 -0.142151698 0.984274268 0.104866989 -14.705653191 0.989352643 0.137940601 0.046409234 131.571105957
0.030019881 0.110125214 -0.993464291 -92.178390503 -0.137006298 0.984984577 0.105045289 -14.708864212 0.990115166 0.132957399 0.044656962 131.641128540
0.028706549 0.107171774 -0.993825972 -93.120994568 -0.133094996 0.985792816 0.102461055 -14.713568687 0.990687490 0.129331917 0.042562727 131.707778931
0.028091893 0.104121692 -0.994167745 -94.064178467 -0.128034726 0.986742973 0.099726237 -14.720460892 0.991371691 0.124486499 0.041050665 131.773101807
0.026440736 0.106725067 -0.993936956 -95.048385620 -0.126355156 0.986666799 0.102583095 -14.725618362 0.991632640 0.122876689 0.039573453 131.828186035
0.024925686 0.109057277 -0.993722856 -95.995292664 -0.125674367 0.986487567 0.105110921 -14.725762367 0.991758347 0.122265540 0.038294587 131.891006470
0.023546536 0.106811300 -0.994000494 -96.955062866 -0.121555172 0.987205029 0.103201620 -14.723923683 0.992305279 0.118395850 0.036228728 131.943710327
0.021431305 0.103901669 -0.994356632 -97.903579712 -0.118685648 0.987816453 0.100660227 -14.727107048 0.992700577 0.115858562 0.033501826 131.996505737
0.017680924 0.101009853 -0.994728327 -98.872344971 -0.117115267 0.988244355 0.098269776 -14.722156525 0.992960870 0.114760384 0.029302871 132.058441162
0.015097078 0.100212231 -0.994851530 -99.826484680 -0.111608610 0.988916099 0.097920664 -14.734577179 0.993637562 0.109555669 0.026114289 132.108993530
0.012861226 0.100225225 -0.994881690 -100.785453796 -0.104858905 0.989613056 0.098338917 -14.731200218 0.994403958 0.103057429 0.023237143 132.154373169
0.010632623 0.107816860 -0.994113922 -101.754966736 -0.094884582 0.989792943 0.106333405 -14.730168343 0.995431483 0.093195476 0.020754255 132.215499878
0.008119589 0.115867980 -0.993231416 -102.712478638 -0.086825900 0.989594579 0.114733905 -14.728006363 0.996190429 0.085306615 0.018095445 132.272369385
0.005282264 0.115530163 -0.993289888 -103.666687012 -0.082598709 0.989959836 0.114703596 -14.724776268 0.996568859 0.081438571 0.014771874 132.320648193
0.002356669 0.105426751 -0.994424224 -104.619949341 -0.083327033 0.990989327 0.104865126 -14.727171898 0.996519446 0.082615301 0.011120332 132.358459473
0.000277051 0.095769770 -0.995403469 -105.567214966 -0.085105039 0.991794407 0.095398858 -14.725129128 0.996371925 0.084687412 0.008425268 132.397888184
0.000108376 0.097505711 -0.995235026 -106.528427124 -0.092444010 0.990974247 0.097078212 -14.730766296 0.995717883 0.091992997 0.009121217 132.417327881
-0.000946286 0.106890582 -0.994270325 -107.485900879 -0.095718220 0.989695847 0.106489912 -14.722814560 0.995407999 0.095270559 0.009294840 132.459106445
-0.002435220 0.118509501 -0.992949963 -108.449012756 -0.099834517 0.987963319 0.118159175 -14.714693069 0.995001078 0.099418417 0.009425430 132.490356445
-0.003930012 0.120068997 -0.992757797 -109.390693665 -0.106756434 0.987041533 0.119800262 -14.705655098 0.994277477 0.106454104 0.008939053 132.524765015
-0.003766041 0.117132001 -0.993109226 -110.375061035 -0.113796018 0.986614764 0.116797574 -14.690900803 0.993497014 0.113451734 0.009613526 132.545745850
-0.003893575 0.113418415 -0.993539691 -111.330375671 -0.121984653 0.986073434 0.113044143 -14.681773186 0.992524445 0.121636741 0.009995957 132.571166992
-0.001412248 0.115541868 -0.993301690 -112.297187805 -0.126687884 0.985278547 0.114788726 -14.665247917 0.991941690 0.126001388 0.013246297 132.594223022
-0.000215553 0.116492108 -0.993191600 -113.271354675 -0.134616539 0.984147966 0.115460575 -14.648256302 0.990897775 0.133724898 0.015469624 132.623611450
0.000237164 0.119278565 -0.992860854 -114.234825134 -0.143832758 0.982541144 0.118004434 -14.634016037 0.989602029 0.142777935 0.017389188 132.647644043
0.000421788 0.121630639 -0.992575347 -115.210113525 -0.149383217 0.981445789 0.120203331 -14.615726471 0.988779366 0.148223385 0.018583536 132.677124023
0.000720319 0.120757125 -0.992681801 -116.181495667 -0.153381959 0.980948985 0.119218573 -14.604263306 0.988166630 0.152173623 0.019228566 132.722091675
0.002121369 0.111351311 -0.993778884 -117.135711670 -0.152306616 0.982222855 0.109731354 -14.609304428 0.988331020 0.151126266 0.019043198 132.757995605
0.003510691 0.099790610 -0.995002270 -118.084587097 -0.155371934 0.982979357 0.098036624 -14.602758408 0.987849832 0.154251248 0.018955600 132.798522949
