1.000000000 0.000000000 0.000000000 0.000000000 0.000000000 1.000000000 0.000000000 0.000000000 0.000000000 0.000000000 1.000000000 0.000000000
0.999997675 -0.001687234 -0.001321521 0.048533436 0.001684370 0.999996245 -0.002164709 -0.132795542 0.001325169 0.002162478 0.999996781 1.298394442
0.999997616 -0.000050995 -0.002163294 0.105336852 0.000037314 0.999979973 -0.006323643 -0.268646300 0.002163573 0.006323547 0.999977648 2.603707314
0.999996066 0.002439474 -0.001360345 0.149724990 -0.002450095 0.999966085 -0.007861456 -0.406839877 0.001341121 0.007864758 0.999968171 3.908021450
0.999983490 0.005742907 0.000197455 0.194145814 -0.005741478 0.999961674 -0.006607758 -0.545328379 -0.000235395 0.006606516 0.999978185 5.220584869
0.999975324 0.006561357 0.002505268 0.241670966 -0.006553383 0.999973476 -0.003177930 -0.691355824 -0.002526053 0.003161434 0.999991834 6.538896084
0.999960065 0.006800900 0.005800166 0.298536509 -0.006790537 0.999975264 -0.001804510 -0.828608334 -0.005812296 0.001765052 0.999981582 7.842436314
0.999941766 0.005346532 0.009365313 0.351182848 -0.005329975 0.999984145 -0.001791876 -0.962360799 -0.009374743 0.001741855 0.999954522 9.148797035
0.999911129 0.004020961 0.012708711 0.429643273 -0.003999454 0.999990523 -0.001717292 -1.098887444 -0.012715494 0.001666311 0.999917805 10.448803902
0.999868751 0.002674580 0.015978465 0.493487895 -0.002636635 0.999993682 -0.002395317 -1.236361146 -0.015984766 0.002352873 0.999869466 11.761423111
0.999811411 0.001679139 0.019346859 0.569998860 -0.001616601 0.999993503 -0.003247648 -1.373581052 -0.019352188 0.003215760 0.999807596 13.055734634
0.999743164 0.001519436 0.022610426 0.641738057 -0.001448445 0.999993980 -0.003155780 -1.519957662 -0.022615083 0.003122220 0.999739289 14.382201195
0.999660850 0.001466119 0.026001031 0.724902332 -0.001354368 0.999989808 -0.004315039 -1.657085657 -0.026007090 0.004278361 0.999652624 15.676956177
0.999568224 0.002362170 0.029287644 0.803710699 -0.002238720 0.999988496 -0.004247165 -1.795858622 -0.029297343 0.004179765 0.999562025 16.985466003
0.999467909 0.001963724 0.032556891 0.893746614 -0.001837863 0.999990702 -0.003895375 -1.934252739 -0.032564238 0.003833467 0.999462306 18.271837234
0.999400795 0.000233616 0.034611873 0.996263862 -0.000107306 0.999993324 -0.003651134 -2.078354120 -0.034612495 0.003645232 0.999394178 19.576047897
0.999342442 -0.002176703 0.036195274 1.095191002 0.002355984 0.999985158 -0.004911234 -2.218983173 -0.036184054 0.004993279 0.999332726 20.850553513
0.999301612 -0.001888788 0.037318554 1.195713401 0.002132458 0.999976635 -0.006490737 -2.365120411 -0.037305422 0.006565783 0.999282479 22.165719986
0.999253452 -0.001826729 0.038590241 1.277745247 0.002178154 0.999956489 -0.009066504 -2.509394884 -0.038571998 0.009143792 0.999213994 23.452339172
0.999217987 -0.001317114 0.039516449 1.382134795 0.001732930 0.999943495 -0.010490200 -2.652404308 -0.039500397 0.010550476 0.999163806 24.737779617
0.999174416 -0.000720253 0.040621664 1.482636452 0.001174224 0.999937236 -0.011152844 -2.797813892 -0.040611073 0.011191336 0.999112308 26.007503510
0.999153256 -0.002184304 0.041084286 1.583830476 0.002604099 0.999944866 -0.010167141 -2.944493771 -0.041059818 0.010265520 0.999103963 27.293891907
0.999153852 -0.005216983 0.040795479 1.691361904 0.005589860 0.999943614 -0.009031419 -3.089707851 -0.040746059 0.009251819 0.999126732 28.570783615
0.999174774 -0.006504694 0.040093489 1.788489819 0.006890381 0.999931157 -0.009489030 -3.236613274 -0.040029008 0.009757459 0.999150872 29.860860825
0.999194741 -0.008131486 0.039290886 1.893431664 0.008609499 0.999890745 -0.012012118 -3.382810831 -0.039188914 0.012340718 0.999155581 31.128364563
0.999227881 -0.008329805 0.038396347 2.004591465 0.008799397 0.999888361 -0.012077358 -3.531637907 -0.038291454 0.012405898 0.999189556 32.412101746
0.999246776 -0.009019381 0.037743744 2.102890015 0.009498378 0.999876320 -0.012530711 -3.673712492 -0.037626065 0.012879778 0.999208868 33.677921295
0.999260008 -0.009442668 0.037287056 2.201108217 0.009922431 0.999870062 -0.012702709 -3.816957235 -0.037162259 0.013063287 0.999223828 34.946552277
0.999274373 -0.009993633 0.036754709 2.296570539 0.010482999 0.999858558 -0.013145825 -3.962402582 -0.036618143 0.013521586 0.999237835 36.206829071
0.999316514 -0.010604549 0.035412431 2.410944939 0.011079923 0.999850750 -0.013254777 -4.120948315 -0.035266586 0.013638085 0.999284863 37.494220734
0.999310970 -0.010223487 0.035678901 2.500498772 0.010634314 0.999879003 -0.011343848 -4.266644955 -0.035558611 0.011715451 0.999298930 38.751564026
0.999277890 -0.010147122 0.036613654 2.600139618 0.010535378 0.999890089 -0.010426768 -4.403703690 -0.036503837 0.010804976 0.999275029 40.012973785
0.999194145 -0.012046373 0.038287569 2.707926273 0.012384568 0.999886274 -0.008608171 -4.546509743 -0.038179521 0.009075410 0.999229670 41.262554169
0.999084532 -0.013010085 0.040753871 2.802820683 0.013425792 0.999860346 -0.009943354 -4.690237045 -0.040618815 0.010481406 0.999119878 42.519302368
0.998958766 -0.014115689 0.043383881 2.895985126 0.014696752 0.999805987 -0.013103815 -4.840585709 -0.043190502 0.013727771 0.998972595 43.769741058
0.998871386 -0.015378324 0.044939071 3.012430191 0.016032629 0.999770105 -0.014235749 -4.984580040 -0.044709817 0.014940173 0.998888314 45.033580780
0.998744547 -0.015704587 0.047566243 3.134481192 0.016341375 0.999781549 -0.013028260 -5.118336678 -0.047351245 0.013789205 0.998783171 46.264404297
0.998555779 -0.016735733 0.051050697 3.251463652 0.017246099 0.999805450 -0.009573172 -5.273737907 -0.050880548 0.010439772 0.998650193 47.534400940
0.998285174 -0.019803461 0.055085473 3.359061003 0.020244522 0.999767244 -0.007460369 -5.413968563 -0.054924905 0.008562756 0.998453796 48.747131348
0.998048067 -0.021856183 0.058501411 3.501443386 0.022361675 0.999717951 -0.007999962 -5.552428246 -0.058310062 0.009292536 0.998255253 50.014160156
0.997759044 -0.025008881 0.062059578 3.639968395 0.025788620 0.999597847 -0.011795268 -5.685813904 -0.061739631 0.013369266 0.998002768 51.244079590
0.997493327 -0.026643582 0.065551557 3.782461882 0.027478624 0.999551833 -0.011870095 -5.823045731 -0.065205932 0.013641609 0.997778594 52.475147247
0.997123897 -0.029229214 0.069924913 3.908888102 0.029952580 0.999507785 -0.009318650 -5.962890148 -0.069618121 0.011386279 0.997508705 53.693031311
0.996862411 -0.032032967 0.072382130 4.067394257 0.032556128 0.999451637 -0.006059327 -6.098174095 -0.072148323 0.008396799 0.997358501 54.906742096
0.996630013 -0.034615289 0.074366853 4.217682362 0.035033058 0.999376833 -0.004320155 -6.229119301 -0.074170955 0.006910894 0.997221529 56.121948242
0.996417880 -0.037867658 0.075613752 4.370944977 0.038087048 0.999273360 -0.001461057 -6.352468491 -0.075503491 0.004335728 0.997136116 57.339412689
0.996244550 -0.040774841 0.076380640 4.514899254 0.040852517 0.999164999 0.000545863 -6.485953331 -0.076339103 0.002576529 0.997078598 58.540939331
0.996226728 -0.042861305 0.075466990 4.674026012 0.043211911 0.999061346 -0.003018358 -6.606987000 -0.075266786 0.006268041 0.997143745 59.749649048
0.996238410 -0.044027120 0.074636437 4.821414948 0.044708718 0.998971939 -0.007485431 -6.733591080 -0.074230157 0.010794172 0.997182667 60.936870575
0.996253252 -0.045503460 0.073545203 4.958039284 0.046450153 0.998857677 -0.011212639 -6.865606308 -0.072950959 0.014586812 0.997228861 62.144580841
0.996293962 -0.046854250 0.072131559 5.099175453 0.047950391 0.998757958 -0.013539553 -6.998282909 -0.071407571 0.016948111 0.997303247 63.335067749
0.996413887 -0.047681786 0.069898531 5.238737583 0.048745986 0.998718739 -0.013598266 -7.135964394 -0.069160596 0.016956776 0.997461438 64.523796082
0.996635795 -0.047194727 0.067004904 5.373555183 0.048183262 0.998751163 -0.013213658 -7.268259048 -0.066297621 0.016397722 0.997665107 65.699485779
0.996889234 -0.046111070 0.063918546 5.491578102 0.046906851 0.998838663 -0.011005047 -7.412302017 -0.063336857 0.013969030 0.997894466 66.905342102
0.997287631 -0.042296913 0.060237020 5.609957695 0.042828839 0.999053836 -0.007566410 -7.540044308 -0.059859984 0.010125767 0.998155415 68.081016541
0.997498631 -0.040536396 0.057908203 5.718069077 0.040903196 0.999149740 -0.005162459 -7.665316582 -0.057649698 0.007518176 0.998308539 69.249343872
0.997766733 -0.039803188 0.053640094 5.849875450 0.040293735 0.999155104 -0.008094507 -7.810799122 -0.053272586 0.010237790 0.998527527 70.458946228
0.997946799 -0.040053863 0.049978960 5.958886147 0.040834382 0.999057829 -0.014694583 -7.941103935 -0.049343295 0.016705273 0.998642266 71.617691040
0.997981966 -0.043498542 0.046257742 6.068582535 0.044369727 0.998853445 -0.017975727 -8.077913284 -0.045422781 0.019991891 0.998767793 72.803894043
0.998000443 -0.046542283 0.042765960 6.168161869 0.047137346 0.998803616 -0.013012532 -8.213475227 -0.042109162 0.015002383 0.999000311 73.971984863
0.997990251 -0.050896700 0.037748318 6.280262947 0.051251683 0.998649657 -0.008495890 -8.339315414 -0.037264932 0.010413482 0.999251187 75.142417908
0.998052120 -0.052936587 0.033009384 6.377299309 0.053163588 0.998567581 -0.006036817 -8.457539558 -0.032642528 0.007779955 0.999436855 76.316864014
0.998251021 -0.051521365 0.028987426 6.462068558 0.051645704 0.998659074 -0.003556497 -8.588013649 -0.028765328 0.005047353 0.999573469 77.476242065
0.998356342 -0.051303700 0.025543617 6.543175697 0.051397782 0.998673558 -0.003039993 -8.712122917 -0.025353776 0.004347881 0.999669075 78.628410339
0.998546243 -0.049080685 0.022282191 6.624720573 0.049197294 0.998777986 -0.004715063 -8.842046738 -0.022023544 0.005804431 0.999740601 79.800033569
0.998666883 -0.047725789 0.019662283 6.681626320 0.047929663 0.998800337 -0.010031503 -8.972065926 -0.019159935 0.010960537 0.999756336 80.951004028
0.998561561 -0.051122580 0.016162751 6.760080814 0.051365945 0.998566926 -0.015018771 -9.101902008 -0.015371790 0.015827384 0.999756575 82.093872070
0.998401523 -0.055075705 0.012694603 6.825830936 0.055279724 0.998337507 -0.016323015 -9.231803894 -0.011774495 0.016998677 0.999786139 83.250305176
0.998462558 -0.054766901 0.008541779 6.892344952 0.054870967 0.998415649 -0.012464941 -9.368371964 -0.007845579 0.012914473 0.999885798 84.413780212
0.998448372 -0.055349797 0.006077517 6.948720455 0.055406932 0.998416960 -0.009672401 -9.497280121 -0.005532531 0.009994131 0.999934673 85.546234131
0.998594642 -0.052664325 0.005935492 6.991065502 0.052729320 0.998543978 -0.011385547 -9.625829697 -0.005327241 0.011682522 0.999917507 86.687141418
0.998774529 -0.049271397 0.004656107 7.052523613 0.049334813 0.998674810 -0.014661121 -9.756296158 -0.003927561 0.014872863 0.999881685 87.831993103
0.998839498 -0.048030309 0.003580906 7.102713108 0.048084605 0.998697817 -0.017044989 -9.887964249 -0.002757568 0.017197397 0.999848306 88.951629639
0.998769522 -0.049517028 0.002722153 7.158777714 0.049557377 0.998616278 -0.017592190 -10.020750999 -0.001847273 0.017705448 0.999841511 90.063774109
0.998764098 -0.049658824 0.002076189 7.195661545 0.049684938 0.998646617 -0.015375160 -10.152274132 -0.001309867 0.015459313 0.999879599 91.187736511
0.998672128 -0.051509559 0.000929623 7.253164291 0.051517133 0.998595238 -0.012396351 -10.279057503 -0.000289786 0.012427782 0.999922633 92.297195435
0.998687327 -0.051215902 0.000696896 7.303105831 0.051220573 0.998616099 -0.011938117 -10.404878616 -0.000084510 0.011958144 0.999928474 93.436790466
0.998672366 -0.051508941 0.000440321 7.347608566 0.051510029 0.998573184 -0.014083600 -10.537027359 0.000285738 0.014087585 0.999900639 94.578567505
0.998672009 -0.051520091 -0.000072354 7.402830601 0.051510841 0.998517394 -0.017600831 -10.664577484 0.000979043 0.017573731 0.999845088 95.677841187
0.998614430 -0.052620966 -0.000652444 7.456932545 0.052599501 0.998439312 -0.018763890 -10.796831131 0.001638800 0.018703571 0.999823749 96.781486511
0.998610020 -0.052706502 -0.000200832 7.503584385 0.052694835 0.998455942 -0.017579591 -10.927766800 0.001127081 0.017544575 0.999845386 97.860015869
0.998630047 -0.052326530 0.000057492 7.555862904 0.052323453 0.998558223 -0.011990644 -11.048497200 0.000570020 0.011977223 0.999928117 98.950263977
0.998716474 -0.050632931 0.001254060 7.606296062 0.050642043 0.998678088 -0.008798619 -11.168359756 -0.000806902 0.008850834 0.999960482 100.028274536
0.998787999 -0.049121454 0.003093291 7.659840107 0.049148068 0.998748958 -0.009211789 -11.278017998 -0.002636925 0.009352655 0.999952734 101.076225281
0.998874545 -0.047167271 0.005014012 7.707884789 0.047217641 0.998829961 -0.010451552 -11.405818939 -0.004515174 0.010676540 0.999932826 102.127716064
0.998852491 -0.047316521 0.007408339 7.761248112 0.047410384 0.998790205 -0.013053616 -11.521744728 -0.006781724 0.013389866 0.999887347 103.143127441
0.998752296 -0.049178127 0.008687180 7.826840401 0.049295418 0.998688281 -0.013848205 -11.637798309 -0.007994756 0.014259164 0.999866366 104.161331177
0.998662472 -0.050503816 0.011068877 7.876281261 0.050644193 0.998634756 -0.012791246 -11.761517525 -0.010407758 0.013334714 0.999856949 105.147117615
0.998651505 -0.050362103 0.012606068 7.937746048 0.050503720 0.998661280 -0.011179471 -11.875762939 -0.012026171 0.011801048 0.999858022 106.105209351
0.998573780 -0.051354606 0.014595455 7.986913681 0.051502101 0.998623610 -0.009915748 -11.982196808 -0.014066146 0.010653301 0.999844313 107.058013916
0.998504639 -0.052145679 0.016415929 8.044302940 0.052317455 0.998578310 -0.010213749 -12.089156151 -0.015859988 0.011057313 0.999813080 107.974464417
0.998492062 -0.051806834 0.018155260 8.102640152 0.051963914 0.998614490 -0.008289929 -12.190097809 -0.017700633 0.009220847 0.999800801 108.871887207
0.998503804 -0.050868426 0.020060554 8.158047676 0.051006258 0.998677671 -0.006419847 -12.286079407 -0.019707460 0.007433455 0.999778211 109.742790222
0.998474061 -0.051029380 0.021104682 8.222925186 0.051104713 0.998688638 -0.003045129 -12.388038635 -0.020921614 0.004119031 0.999772608 110.598220825
0.998430967 -0.051187016 0.022700757 8.283452034 0.051264308 0.998681068 -0.002835727 -12.480105400 -0.022525663 0.003995016 0.999738216 111.426712036
0.998448014 -0.050235990 0.024040908 8.332488060 0.050300263 0.998731911 -0.002076053 -12.570171356 -0.023906134 0.003282095 0.999708831 112.236244202
0.998541296 -0.048022881 0.024679366 8.383015633 0.048081845 0.998841643 -0.001801127 -12.648739815 -0.024564285 0.002985129 0.999693811 113.016784668
0.998681962 -0.045413792 0.023917872 8.427942276 0.045397639 0.998968184 0.001218341 -12.727690697 -0.023948526 -0.000130920 0.999713123 113.772407532
0.998760521 -0.045134280 0.020984491 8.469155312 0.045101713 0.998980463 0.002022954 -12.807311058 -0.021054395 -0.001074010 0.999777734 114.512489319
0.998868942 -0.045129720 0.014972853 8.501802444 0.045102064 0.998979986 0.002180401 -12.881211281 -0.015055985 -0.001502628 0.999885440 115.210289001
0.999030590 -0.043766409 0.004730662 8.525224686 0.043760110 0.999041080 0.001426441 -12.959492683 -0.004788555 -0.001218043 0.999987781 115.877960205
0.999122679 -0.040870536 -0.009139989 8.523546219 0.040856350 0.999163508 -0.001733720 -13.026171684 0.009203203 0.001358772 0.999956727 116.519515991
0.998824000 -0.039411597 -0.028236561 8.528061867 0.039305888 0.999218047 -0.004289255 -13.092952728 0.028383529 0.003174348 0.999592066 117.137123108
0.998007357 -0.037793767 -0.050525725 8.493421555 0.037518088 0.999275565 -0.006393825 -13.164357185 0.050730761 0.004485455 0.998702407 117.724838257
0.996255279 -0.036279995 -0.078479879 8.455728531 0.035751604 0.999327719 -0.008127805 -13.231883049 0.078721993 0.005291588 0.996882617 118.297225952
0.993263364 -0.034197915 -0.110717453 8.383154869 0.033265330 0.999393940 -0.010259923 -13.297655106 0.111001208 0.006507753 0.993798971 118.840965271
0.988869190 -0.029334767 -0.145867020 8.274177551 0.027941737 0.999542475 -0.011590114 -13.363822937 0.146140248 0.007385328 0.989236355 119.385314941
0.982499897 -0.023613414 -0.184760168 8.169406891 0.021913473 0.999696851 -0.011237619 -13.421190262 0.184969455 0.006992225 0.982719362 119.901702881
0.973904729 -0.018143298 -0.226230741 8.027437210 0.016455805 0.999820888 -0.009342958 -13.477548599 0.226359740 0.005376344 0.974028945 120.404731750
0.962505341 -0.013578367 -0.270922422 7.852931976 0.011955795 0.999899387 -0.007638651 -13.536774635 0.270998865 0.004113151 0.962570906 120.899032593
0.948196113 -0.007654141 -0.317593277 7.663600922 0.005361169 0.999952912 -0.008093180 -13.594391823 0.317640275 0.005971251 0.948192477 121.361869812
0.930734098 0.000278760 -0.365696281 7.428314209 -0.003821147 0.999952435 -0.008962968 -13.651844025 0.365676403 0.009739521 0.930691063 121.837982178
0.909567893 0.004971136 -0.415525466 7.175312042 -0.009971485 0.999901593 -0.009864852 -13.702620506 0.415435582 0.013116159 0.909528017 122.268829346
0.884444177 0.009386840 -0.466551691 6.906333923 -0.015147160 0.999848187 -0.008597974 -13.755743980 0.466400236 0.014671359 0.884452105 122.679618835
0.855130255 0.012588057 -0.518260300 6.625900269 -0.019915093 0.999764800 -0.008576585 -13.798464775 0.518030465 0.017655298 0.855179965 123.084312439
0.823638022 0.022209853 -0.566680670 6.296459198 -0.030731985 0.999512494 -0.005493406 -13.846256256 0.566282451 0.021939801 0.823919117 123.448684692
0.789670169 0.035030089 -0.612530768 5.947555542 -0.043334678 0.999059796 0.001268594 -13.891102791 0.611999333 0.025542051 0.790445745 123.801681519
0.753720820 0.043895062 -0.655727267 5.589622498 -0.054569304 0.998501420 0.004116442 -13.933389664 0.654925227 0.032679930 0.754986763 124.116043091
0.713890433 0.047609676 -0.698637128 5.219867706 -0.061546396 0.998091042 0.005126289 -13.980617523 0.697547555 0.039338987 0.715457797 124.413452148
0.671264410 0.049632814 -0.739554346 4.842655182 -0.064316787 0.997892559 0.008592527 -14.030127525 0.738422275 0.041797899 0.673041940 124.697998047
0.627297342 0.052889481 -0.776981831 4.439075470 -0.067435451 0.997632802 0.013465174 -14.064692497 0.775854707 0.043949455 0.629378974 124.963165283
0.582339823 0.061345700 -0.810627520 4.013488770 -0.078682646 0.996720552 0.018904457 -14.094489098 0.809128761 0.052773509 0.585256875 125.190383911
0.536702394 0.070255376 -0.840841711 3.569187164 -0.090346120 0.995583534 0.025517412 -14.118940353 0.838920832 0.062271528 0.540679336 125.400535583
0.489918411 0.075431272 -0.868498743 3.111934662 -0.096047826 0.994854927 0.032225236 -14.146283150 0.866461098 0.067629680 0.494642705 125.602378845
0.442343742 0.076790318 -0.893552005 2.651168823 -0.095332742 0.994708776 0.038290046 -14.173152924 0.891764402 0.068247400 0.447323799 125.783447266
0.395669758 0.078364924 -0.915043354 2.178237915 -0.092579991 0.994680882 0.045153040 -14.192879677 0.913714647 0.066849008 0.400820166 125.951408386
0.349460512 0.081452690 -0.933403909 1.677078247 -0.094606660 0.994190156 0.051337011 -14.217955589 0.932162523 0.070365980 0.355136156 126.102401733
0.305966139 0.084644511 -0.948272109 1.177440643 -0.100292474 0.993363261 0.056309424 -14.236717224 0.946745098 0.077875793 0.312424690 126.216087341
0.264531851 0.085908890 -0.960542917 0.656324387 -0.105134428 0.992656767 0.059827246 -14.251558304 0.958629072 0.085159913 0.271621317 126.316055298
0.224865198 0.082651548 -0.970878184 0.129695892 -0.105324119 0.992619753 0.060108278 -14.269750595 0.968680799 0.088740639 0.231910825 126.419433594
0.189813063 0.077550352 -0.978752732 -0.407726288 -0.100546375 0.993169904 0.059193350 -14.291415215 0.976658225 0.087174386 0.196314022 126.509597778
0.159273937 0.072298378 -0.984583557 -0.956272125 -0.097911939 0.993554652 0.057118122 -14.311801910 0.982366979 0.087305054 0.165326238 126.589401245
0.132992864 0.070869446 -0.988579988 -1.523918152 -0.099067420 0.993395567 0.057887193 -14.332031250 0.986153364 0.090237483 0.139135361 126.654090881
0.111156777 0.070286088 -0.991314292 -2.115871429 -0.099453874 0.993275106 0.059273276 -14.346261978 0.988813937 0.092001431 0.117399476 126.707458496
0.092236266 0.071793847 -0.993145585 -2.710038185 -0.101765603 0.992854297 0.062321533 -14.362774849 0.990523219 0.095319748 0.098883301 126.765960693
0.076541573 0.069873221 -0.994615078 -3.322372437 -0.103005178 0.992758155 0.061815906 -14.386531830 0.991731465 0.097719014 0.083184578 126.815032959
0.062051170 0.068866879 -0.995694220 -3.941891193 -0.101955295 0.992835343 0.062315337 -14.416839600 0.992851794 0.097649552 0.068627916 126.869255066
0.050166622 0.066295192 -0.996538162 -4.581592083 -0.097546339 0.993349195 0.061172474 -14.438231468 0.993965805 0.094139837 0.056299835 126.909156799
0.038381904 0.063761756 -0.997226834 -5.229790688 -0.095286734 0.993648112 0.059865482 -14.455585480 0.994709671 0.092724733 0.044213749 126.941703796
0.027886746 0.062693894 -0.997643054 -5.901197910 -0.094723493 0.993705988 0.059798706 -14.473297119 0.995112956 0.092832655 0.033649806 126.976646423
0.018201815 0.064206980 -0.997770607 -6.572962761 -0.098039001 0.993241489 0.062127065 -14.495992661 0.995016098 0.096689627 0.024373583 126.997955322
0.009707343 0.064408883 -0.997876346 -7.251703262 -0.100950122 0.992888212 0.063104875 -14.525972366 0.994844139 0.100123167 0.016140398 127.013320923
0.003305789 0.063497998 -0.997976482 -7.941766739 -0.103333451 0.992661297 0.062817514 -14.545148849 0.994641423 0.102916688 0.009842995 127.031112671
-0.001797500 0.064295866 -0.997929275 -8.640242577 -0.104168892 0.992489696 0.064133018 -14.562431335 0.994557977 0.104068466 0.004913629 127.046981812
-0.005423501 0.066647552 -0.997761846 -9.365822792 -0.106483296 0.992064953 0.066845827 -14.581768036 0.994299710 0.106607497 0.001716387 127.068801880
-0.006386443 0.070539296 -0.997488558 -10.096551895 -0.108457163 0.991575658 0.070815548 -14.606962204 0.994080544 0.108637042 0.001317852 127.073783875
-0.007019736 0.073554136 -0.997266531 -10.830166817 -0.111017250 0.991068602 0.073878482 -14.619107246 0.993793666 0.111232400 0.001208740 127.077903748
-0.007695303 0.079011314 -0.996843994 -11.568938255 -0.115733996 0.990104020 0.079370528 -14.627250671 0.993250430 0.115979515 0.001525145 127.087196350
-0.008652442 0.083036982 -0.996508956 -12.316150665 -0.118647233 0.989421248 0.083476581 -14.643348694 0.992898703 0.118955314 0.001291198 127.093345642
-0.010386917 0.083352633 -0.996465981 -13.057937622 -0.118438683 0.989402235 0.083996363 -14.659733772 0.992907047 0.118892573 -0.000404661 127.116790771
-0.011909047 0.080295950 -0.996699870 -13.802225113 -0.116154984 0.989911556 0.081136942 -14.679389000 0.993159711 0.116737925 -0.002462126 127.136840820
-0.013340147 0.076799236 -0.996957421 -14.566953659 -0.119836673 0.989736855 0.077846535 -14.684640884 0.992704034 0.120510548 -0.003999871 127.146606445
-0.014451643 0.078250669 -0.996828973 -15.334923744 -0.124793403 0.988996983 0.079445072 -14.695776939 0.992077410 0.125545800 -0.004527463 127.148887634
-0.016332876 0.081913613 -0.996505618 -16.102287292 -0.121705242 0.989064872 0.083296753 -14.711568832 0.992431879 0.122640431 -0.006184960 127.166412354
-0.018310435 0.081774913 -0.996482611 -16.875047684 -0.120803267 0.989167273 0.083394356 -14.729472160 0.992507637 0.121905349 -0.008233406 127.181777954
-0.019382555 0.081044517 -0.996522009 -17.670223236 -0.123799920 0.988844335 0.082828045 -14.741242409 0.992117822 0.124974772 -0.009133028 127.178985596
-0.019878969 0.080871962 -0.996526182 -18.457084656 -0.128580734 0.988239288 0.082764409 -14.748582840 0.991499782 0.129779339 -0.009246601 127.177268982
-0.020925665 0.085442826 -0.996123374 -19.259710312 -0.130425662 0.987593710 0.087451071 -14.757318497 0.991237283 0.131750032 -0.009522120 127.180198669
-0.021562818 0.090010315 -0.995707452 -20.073856354 -0.128741905 0.987397015 0.092047073 -14.768481255 0.991443694 0.130174056 -0.009702966 127.194084167
-0.020718696 0.091923684 -0.995550513 -20.893693924 -0.130841702 0.986950934 0.093852617 -14.779257774 0.991186678 0.132204011 -0.008420887 127.208824158
-0.018900208 0.090555765 -0.995712042 -21.711725235 -0.130277887 0.987176299 0.092252374 -14.785101891 0.991297245 0.131462842 -0.006860428 127.220458984
-0.017492037 0.090631060 -0.995730937 -22.543464661 -0.130427584 0.987166882 0.092142783 -14.790613174 0.991303504 0.131482527 -0.005446775 127.228164673
-0.017404942 0.089707837 -0.995816052 -23.374750137 -0.129001528 0.987440944 0.091208078 -14.799343109 0.991491616 0.130049244 -0.005613900 127.250770569
-0.016995691 0.091726474 -0.995639205 -24.212326050 -0.129927263 0.987137258 0.093161069 -14.807882309 0.991377771 0.130944043 -0.004859310 127.273788452
-0.016579123 0.093711451 -0.995461464 -25.051591873 -0.131508961 0.986744523 0.095081121 -14.809653282 0.991176307 0.132488444 -0.004035465 127.292304993
-0.015939182 0.096428268 -0.995212317 -25.917434692 -0.135079205 0.986006200 0.097699702 -14.817041397 0.990706563 0.135989726 -0.002690678 127.300369263
-0.014471771 0.097595550 -0.995121002 -26.782522202 -0.137311190 0.985602379 0.098658904 -14.815841675 0.990422308 0.138069004 -0.000862455 127.313949585
-0.012672591 0.100730985 -0.994832993 -27.651624680 -0.144089699 0.984344840 0.101504497 -14.815157890 0.989483416 0.144631520 0.002040096 127.328681946
-0.010238518 0.104678392 -0.994453430 -28.534790039 -0.149166673 0.983218133 0.105031483 -14.813532829 0.988758981 0.149414703 0.005547831 127.343002319
-0.008173637 0.106562316 -0.994272470 -29.409250259 -0.151603132 0.982680142 0.106566183 -14.809249878 0.988407671 0.151605830 0.008123111 127.373939514
-0.004378572 0.107612208 -0.994183242 -30.308143616 -0.150896192 0.982737541 0.107037880 -14.813789368 0.988539934 0.150487140 0.011935287 127.396293640
-0.001828211 0.107459545 -0.994207740 -31.199720383 -0.153454304 0.982403576 0.106465854 -14.807891846 0.988154054 0.152760148 0.014694089 127.425941467
0.000662302 0.111319259 -0.993784428 -32.101097107 -0.153957963 0.981947541 0.109890729 -14.800510406 0.988077164 0.152928263 0.017788835 127.457099915
0.003143387 0.113518268 -0.993530929 -33.012439728 -0.153048560 0.981885195 0.111703433 -14.798672676 0.988213658 0.151707321 0.020460248 127.498367310
0.004806929 0.114686020 -0.993390143 -33.904991150 -0.153562754 0.981703222 0.112593703 -14.795107841 0.988127172 0.152006477 0.022330474 127.541206360
0.007364728 0.113043748 -0.993562698 -34.808372498 -0.154841170 0.981734633 0.110550240 -14.789891243 0.987911940 0.153030232 0.024734033 127.572029114
0.007420018 0.114052862 -0.993446887 -35.715297699 -0.158912599 0.980983675 0.111435093 -14.780454636 0.987264693 0.157044381 0.025403354 127.615913391
0.008409905 0.114753030 -0.993358493 -36.608608246 -0.159794196 0.980782032 0.111947380 -14.776296616 0.987114489 0.157791480 0.026585158 127.654052734
0.008600512 0.111328304 -0.993746459 -37.503974915 -0.160126194 0.981112242 0.108527094 -14.774866104 0.987058997 0.158191442 0.026264651 127.689384460
0.009706535 0.106961131 -0.994215846 -38.418716431 -0.161464289 0.981382847 0.104004137 -14.774329185 0.986830771 0.159520835 0.026796227 127.732238770
0.010181171 0.106129840 -0.994300187 -39.316204071 -0.161143899 0.981529236 0.103116654 -14.768800735 0.986878395 0.159175575 0.027095295 127.773460388
0.009879351 0.110309571 -0.993848264 -40.221904755 -0.163181305 0.980751097 0.107233793 -14.765922546 0.986546636 0.161118045 0.027689643 127.816070557
0.010407406 0.116611190 -0.993123114 -41.141819000 -0.164259300 0.979884684 0.113335416 -14.756874084 0.986362219 0.161950171 0.029352535 127.852767944
0.010754772 0.115542643 -0.993244290 -42.037300110 -0.162240744 0.980341792 0.112284988 -14.758491516 0.986692607 0.159937084 0.029289082 127.895515442
0.011669706 0.104984902 -0.994405329 -42.927024841 -0.161458075 0.981621146 0.101740435 -14.763463974 0.986810505 0.159367472 0.028405892 127.940071106
0.011674942 0.094615072 -0.995445430 -43.847385406 -0.163081795 0.982364297 0.091459043 -14.771516800 0.986543477 0.161271229 0.026899042 127.981826782
0.010724946 0.091493800 -0.995747924 -44.746208191 -0.159904942 0.983147085 0.088613689 -14.779750824 0.987074137 0.158274606 0.025174515 128.028076172
0.010931434 0.101549610 -0.994770467 -45.668277740 -0.152529851 0.983357191 0.098708369 -14.782442093 0.988238394 0.150653154 0.026238855 128.076156616
0.010566506 0.114711270 -0.993342698 -46.611068726 -0.147703871 0.982679963 0.111908779 -14.781179428 0.988975167 0.145538062 0.027326791 128.136825562
0.010871854 0.123614311 -0.992270768 -47.531597137 -0.147888750 0.981615365 0.120666534 -14.771858215 0.988944173 0.145433828 0.028953146 128.182830811
0.010576341 0.117894255 -0.992969871 -48.449012756 -0.148183227 0.982245803 0.115042686 -14.769248962 0.988903344 0.145924732 0.027858520 128.223648071
0.010617491 0.104675688 -0.994449735 -49.371635437 -0.148001581 0.983716607 0.101965763 -14.771892548 0.988930047 0.146097511 0.025936773 128.268020630
0.011195500 0.095837161 -0.995334089 -50.285629272 -0.148450390 0.984525323 0.093126647 -14.772157669 0.988856435 0.146715149 0.025249314 128.311386108
0.011829768 0.095808476 -0.995329499 -51.211238861 -0.147848129 0.984625876 0.093020946 -14.781125069 0.988939226 0.146057203 0.025812998 128.356735229
0.011072633 0.097166054 -0.995206714 -52.156204224 -0.150793657 0.984047830 0.094398849 -14.796462059 0.988503218 0.149025634 0.025548026 128.397979736
0.011892876 0.096692950 -0.995243192 -53.085018158 -0.155362219 0.983404994 0.093686268 -14.798751831 0.987785935 0.153509006 0.026717944 128.429321289
0.012296732 0.096009262 -0.995304465 -54.023601532 -0.157141179 0.983196855 0.092899904 -14.801636696 0.987499535 0.155260935 0.027177118 128.470825195
0.012913188 0.103816472 -0.994512618 -54.972393036 -0.165465236 0.981105208 0.100268401 -14.806010246 0.986131012 0.163262486 0.029847214 128.509460449
0.014629228 0.113275200 -0.993455946 -55.935791016 -0.171996340 0.979037702 0.109098457 -14.800583839 0.984988987 0.169274732 0.033805486 128.552658081
0.015925746 0.121387988 -0.992477417 -56.881320953 -0.172213227 0.978102744 0.116866432 -14.792123795 0.984930873 0.169056535 0.036481638 128.597946167
0.016763162 0.122359879 -0.992344201 -57.818054199 -0.173823819 0.977727234 0.117621221 -14.788091660 0.984634161 0.170521349 0.037658855 128.644989014
0.018432438 0.112510934 -0.993479609 -58.768543243 -0.175565168 0.978573740 0.107565545 -14.779230118 0.984295249 0.172437668 0.037790503 128.688003540
0.019440878 0.107303858 -0.994036138 -59.702342987 -0.173979372 0.979418755 0.102323323 -14.773672104 0.984557331 0.170952559 0.037709419 128.745681763
0.021787690 0.105675660 -0.994161904 -60.677959442 -0.172319233 0.979912758 0.100384533 -14.772375107 0.984800220 0.169126093 0.039559979 128.797454834
0.024645662 0.111538969 -0.993454337 -61.631038666 -0.173637107 0.979129136 0.105623022 -14.770774841 0.984501243 0.169897392 0.043498598 128.868316650
0.028658004 0.113632858 -0.993109345 -62.591693878 -0.176646695 0.978456497 0.106858790 -14.770050049 0.983857036 0.172367156 0.048113488 128.919525146
0.032108735 0.109028399 -0.993519962 -63.539459229 -0.176119283 0.979095638 0.101753637 -14.776987076 0.983844936 0.171710834 0.050639529 128.987640381
0.035030816 0.103154376 -0.994048297 -64.501319885 -0.175870359 0.979772449 0.095475174 -14.785180092 0.983789802 0.171479076 0.052464038 129.058471680
0.038510270 0.102861673 -0.993949950 -65.450981140 -0.173248336 0.980311036 0.094737761 -14.788846970 0.984124959 0.168551818 0.055572659 129.130233765
0.041042551 0.107110724 -0.993399560 -66.403289795 -0.170751423 0.980363250 0.098650455 -14.797864914 0.984458983 0.165575534 0.058525916 129.212036133
0.044377130 0.114150532 -0.992471814 -67.389564514 -0.170096308 0.979807973 0.105088331 -14.803918839 0.984427691 0.164152279 0.062897637 129.288940430
0.047758933 0.117935911 -0.991872132 -68.343940735 -0.167975441 0.979811549 0.108413815 -14.803370476 0.984633505 0.161432430 0.066605091 129.365310669
0.049429245 0.119667850 -0.991582751 -69.307891846 -0.167471230 0.979733467 0.109889589 -14.806951523 0.984636903 0.160629839 0.068468414 129.452972412
0.051770203 0.116774507 -0.991808176 -70.265655518 -0.165699810 0.980378270 0.106779613 -14.801435471 0.984816372 0.158814445 0.070103906 129.531845093
0.052024309 0.115208842 -0.991977990 -71.227760315 -0.163601562 0.980886281 0.105340548 -14.805268288 0.985153735 0.156808868 0.069878273 129.619491577
0.052229594 0.111527830 -0.992387831 -72.169128418 -0.160545483 0.981756091 0.101883449 -14.813833237 0.985645592 0.154002041 0.069182001 129.711807251
0.052338600 0.111951925 -0.992334366 -73.139663696 -0.159550548 0.981869042 0.102356113 -14.814970016 0.985801399 0.152970299 0.069251642 129.789031982
0.051167805 0.116598904 -0.991860211 -74.085250854 -0.156202078 0.981872320 0.107366674 -14.818763733 0.986398935 0.149436891 0.068453245 129.890686035
0.051214620 0.117858253 -0.991708815 -75.053764343 -0.150442094 0.982590973 0.109005384 -14.818719864 0.987291336 0.143612117 0.068053856 129.978195190
0.050203115 0.113959908 -0.992216110 -76.002090454 -0.147339523 0.983443618 0.105497405 -14.815133095 0.987811089 0.140896365 0.066162728 130.064682007
0.048905883 0.110645391 -0.992655873 -76.951782227 -0.149185658 0.983505726 0.102275416 -14.819852829 0.987599015 0.143088162 0.064605907 130.144775391
0.047855437 0.106541544 -0.993156016 -77.933639526 -0.145276308 0.984464824 0.098609023 -14.816153526 0.988233149 0.139563069 0.062589958 130.218231201
0.046721928 0.107891805 -0.993064106 -78.882751465 -0.146448195 0.984147549 0.100032918 -14.822922707 0.988114357 0.140758693 0.061781831 130.285598755
0.045460694 0.108964190 -0.993005574 -79.831604004 -0.146893069 0.983957112 0.101246379 -14.822060585 0.988107145 0.141262934 0.060737453 130.367294312
0.045027263 0.110149160 -0.992894590 -80.800201416 -0.149558246 0.983444631 0.102318399 -14.830924988 0.987727106 0.143888474 0.060755536 130.427307129
0.043352012 0.110095106 -0.992975175 -81.755104065 -0.149377152 0.983451366 0.102517568 -14.823124886 0.987829447 0.143883467 0.059080292 130.502105713
0.041228246 0.110436589 -0.993027687 -82.708198547 -0.149532810 0.983361244 0.103153311 -14.823306084 0.987896740 0.144237369 0.057056159 130.572723389
0.039008506 0.113744490 -0.992743909 -83.652076721 -0.149552032 0.982974529 0.106748708 -14.826521873 0.987984061 0.144302741 0.055355087 130.648010254
0.037597399 0.117431641 -0.992368996 -84.619972229 -0.151031107 0.982331157 0.110521778 -14.816579819 0.987813771 0.145723253 0.054668929 130.697906494
0.035422523 0.122118741 -0.991883159 -85.568962097 -0.152210578 0.981586158 0.115415178 -14.804407120 0.987713158 0.146886781 0.053358026 130.763793945
0.033465758 0.122353248 -0.991922200 -86.516433716 -0.152242169 0.981520057 0.115933754 -14.803564072 0.987776458 0.147132576 0.051474635 130.827270508
0.031979684 0.116524294 -0.992672801 -87.461997986 -0.152119190 0.982177913 0.110391714 -14.795981407 0.987844646 0.147474274 0.049135312 130.892135620
0.029744532 0.112079740 -0.993253887 -88.400459290 -0.156905264 0.981897891 0.106099553 -14.788924217 0.987165630 0.152690873 0.046791997 130.953399658
0.029722232 0.109572493 -0.993534327 -89.376358032 -0.155166239 0.982429922 0.103705920 -14.778454781 0.987441063 0.151080623 0.046201963 130.996917725
0.028770836 0.110800944 -0.993426144 -90.327903748 -0.151106447 0.982898414 0.105250508 -14.783621788 0.988098741 0.147084922 0.045021538 131.058441162
0.028099887 0.111699574 -0.993344665 -91.280784607 -0.147520319 0.983319342 0.106399179 -14.777567863 0.988659799 0.143548682 0.044109121 131.123855591
0.026827013 0.111727305 -0.993376672 -92.226211548 -0.142608166 0.983998060 0.106821209 -14.780689240 0.989415646 0.138797939 0.042330950 131.191360474
0.025791660 0.109112509 -0.993694723 -93.178169250 -0.138210326 0.984868467 0.104556046 -14.785756111 0.990066946 0.134642214 0.040481869 131.253356934
0.024770226 0.105905063 -0.994067669 -94.119338989 -0.132745773 0.985915601 0.101728827 -14.788876534 0.990840673 0.129438430 0.038479805 131.318786621
0.023844710 0.108562782 -0.993803501 -95.087966919 -0.132002190 0.985724270 0.104513034 -14.795836449 0.990962625 0.128692180 0.037834838 131.374145508
0.021866733 0.111051530 -0.993574083 -96.033271790 -0.130430579 0.985634804 0.107293621 -14.796964645 0.991216302 0.127246276 0.036037128 131.442993164
0.020365154 0.109354690 -0.993794203 -96.983078003 -0.125973478 0.986359119 0.105955049 -14.797542572 0.991824567 0.123033926 0.033863146 131.496536255
0.017384095 0.104978025 -0.994322658 -97.943122864 -0.123431757 0.987091124 0.102056548 -14.785145760 0.992200732 0.120956801 0.030117311 131.557891846
0.014897013 0.102937803 -0.994576335 -98.905799866 -0.122456290 0.987386584 0.100359522 -14.789660454 0.992362022 0.120297030 0.027314499 131.597976685
0.012348793 0.102106757 -0.994696796 -99.845741272 -0.116189234 0.988180637 0.099995404 -14.805130005 0.993150353 0.114338249 0.024066541 131.653808594
0.009844127 0.103061795 -0.994626284 -100.797637939 -0.109524138 0.988801122 0.101374216 -14.806689262 0.993935466 0.107937649 0.021021640 131.705871582
0.007781349 0.110233940 -0.993875206 -101.775039673 -0.099687718 0.989039660 0.108917117 -14.799687386 0.994988441 0.098229632 0.018685035 131.759170532
0.004326223 0.117648020 -0.993045926 -102.742256165 -0.090827435 0.988996744 0.116772607 -14.789699554 0.995857239 0.089690633 0.014964289 131.826004028
0.000574384 0.116550602 -0.993184566 -103.689712524 -0.086277574 0.989487112 0.116066813 -14.778233528 0.996270955 0.085622914 0.010624052 131.884552002
-0.001127477 0.107950926 -0.994155586 -104.658508301 -0.088078916 0.990281761 0.107630178 -14.792364120 0.996112823 0.087685496 0.008391680 131.904190063
-0.002577512 0.097220786 -0.995259523 -105.605804443 -0.089426719 0.991252720 0.097061001 -14.783252716 0.995990038 0.089252964 0.006139171 131.934249878
-0.003426129 0.098393790 -0.995141625 -106.564308167 -0.095992066 0.990519583 0.098267280 -14.777316093 0.995376170 0.095862374 0.006051374 131.956069946
-0.003766027 0.108385086 -0.994101882 -107.519973755 -0.099565424 0.989128590 0.108220041 -14.773139954 0.995024025 0.099385731 0.007066322 131.987869263
-0.005400146 0.119912207 -0.992769837 -108.501876831 -0.104830995 0.987246037 0.119815238 -14.764516830 0.994475365 0.104720049 0.007239243 132.017639160
-0.006639495 0.121223211 -0.992603123 -109.457633972 -0.111787602 0.986313105 0.121202767 -14.747211456 0.993709981 0.111765429 0.007002629 132.041732788
-0.006584869 0.119065888 -0.992864609 -110.420372009 -0.119317390 0.985699177 0.118997939 -14.735460281 0.992834389 0.119249582 0.007715930 132.061080933
-0.005988201 0.114982530 -0.993349552 -111.380371094 -0.127136514 0.985218465 0.114807762 -14.721184731 0.991867125 0.126978487 0.008718790 132.079360962
-0.003987269 0.116202436 -0.993217647 -112.337539673 -0.131256223 0.984571517 0.115717828 -14.700970650 0.991340578 0.130827382 0.011326540 132.106399536
-0.003388758 0.118249603 -0.992978096 -113.300735474 -0.139383376 0.983234823 0.117564991 -14.689775467 0.990232706 0.138803065 0.013150086 132.132232666
-0.002403223 0.120969810 -0.992653251 -114.260871887 -0.148652121 0.981584013 0.119980738 -14.673915863 0.988886654 0.147848353 0.015623453 132.153579712
-0.001680075 0.122866027 -0.992421865 -115.247138977 -0.155139372 0.980375469 0.121637300 -14.649255753 0.987891138 0.154168069 0.017414255 132.172790527
-0.001352060 0.122138210 -0.992512226 -116.207237244 -0.158529833 0.979935825 0.120806515 -14.634617805 0.987353265 0.157506123 0.018037615 132.203704834
0.000101278 0.112484492 -0.993653476 -117.160850525 -0.157027006 0.981328249 0.111073233 -14.640055656 0.987594306 0.156019166 0.017762491 132.237030029
0.001098596 0.101354569 -0.994849682 -118.111351013 -0.160282880 0.982005775 0.099869035 -14.636297226 0.987070441 0.159347638 0.017324232 132.273620605
