1.000000000 0.000000000 0.000000000 0.000000000 0.000000000 1.000000000 0.000000000 0.000000000 0.000000000 0.000000000 1.000000000 0.000000000
0.999997675 -0.001662913 -0.001375246 0.050406519 0.001659898 0.999996245 -0.002190816 -0.132621601 0.001378884 0.002188527 0.999996662 1.297475219
0.999997735 0.000123770 -0.002087167 0.102982797 -0.000137139 0.999979436 -0.006406277 -0.266757935 0.002086330 0.006406548 0.999977291 2.604281664
0.999996185 0.002499813 -0.001196489 0.145193964 -0.002509190 0.999965668 -0.007900965 -0.406285465 0.001176697 0.007903937 0.999968052 3.908383131
0.999983609 0.005727478 0.000349219 0.190431416 -0.005725024 0.999961376 -0.006663063 -0.544341207 -0.000387368 0.006660953 0.999977708 5.221373081
0.999975324 0.006559717 0.002501634 0.241022423 -0.006551534 0.999973178 -0.003265431 -0.692341328 -0.002522987 0.003248960 0.999991536 6.537910461
0.999960661 0.006779925 0.005720139 0.299626976 -0.006768249 0.999974906 -0.002058023 -0.829002857 -0.005733950 0.002019227 0.999981463 7.841355801
0.999942064 0.005488226 0.009262492 0.351223141 -0.005471163 0.999983251 -0.001866597 -0.963346601 -0.009272579 0.001815812 0.999955356 9.148165703
0.999912143 0.004122816 0.012596914 0.428885460 -0.004100546 0.999989986 -0.001793252 -1.099917650 -0.012604180 0.001741440 0.999919057 10.447648048
0.999869049 0.002875053 0.015921660 0.495087922 -0.002836544 0.999992967 -0.002440663 -1.238835931 -0.015928570 0.002395181 0.999870181 11.755380630
0.999813914 0.001771081 0.019208593 0.573818147 -0.001708157 0.999993086 -0.003291750 -1.374692440 -0.019214287 0.003258326 0.999810040 13.048585892
0.999742746 0.001491663 0.022632893 0.641323388 -0.001414009 0.999993086 -0.003446656 -1.518887877 -0.022637878 0.003413766 0.999737918 14.371434212
0.999660730 0.001335997 0.026012830 0.725720406 -0.001219562 0.999989212 -0.004491398 -1.657281518 -0.026018551 0.004458150 0.999651551 15.667969704
0.999577582 0.002362935 0.028967051 0.812003016 -0.002234447 0.999987543 -0.004467231 -1.797037601 -0.028977241 0.004400619 0.999570370 16.975576401
0.999475539 0.002031398 0.032322112 0.899811387 -0.001902681 0.999990225 -0.004012616 -1.937151790 -0.032329947 0.003949013 0.999469459 18.263122559
0.999401391 0.000467433 0.034595430 0.993579805 -0.000337694 0.999992847 -0.003755940 -2.080211639 -0.034596946 0.003742008 0.999394298 19.567140579
0.999344289 -0.002023326 0.036150914 1.093300223 0.002204489 0.999985218 -0.004972156 -2.220896482 -0.036140323 0.005048590 0.999334037 20.841428757
0.999305069 -0.001688311 0.037236582 1.187658310 0.001941700 0.999975204 -0.006769736 -2.362282991 -0.037224226 0.006837333 0.999283493 22.150886536
0.999255717 -0.001608712 0.038541920 1.269792795 0.001970452 0.999954402 -0.009349484 -2.507855415 -0.038525123 0.009418469 0.999213278 23.438718796
0.999215662 -0.000987575 0.039584633 1.370764494 0.001419599 0.999939859 -0.010887330 -2.648180723 -0.039571494 0.010934988 0.999156833 24.725217819
0.999174058 -0.000357316 0.040634688 1.472968698 0.000821917 0.999934494 -0.011417472 -2.795634747 -0.040627953 0.011441438 0.999108791 25.993228912
0.999158859 -0.001961339 0.040959492 1.573347330 0.002395854 0.999941349 -0.010562040 -2.940887928 -0.040936369 0.010651289 0.999104917 27.282661438
0.999156117 -0.004916266 0.040775850 1.678773761 0.005302468 0.999942064 -0.009368594 -3.088515282 -0.040727433 0.009576902 0.999124348 28.561023712
0.999176800 -0.006470408 0.040048461 1.772727966 0.006870453 0.999927819 -0.009859478 -3.233884573 -0.039981775 0.010126513 0.999149084 29.851531982
0.999192953 -0.008072706 0.039348725 1.877421618 0.008568709 0.999885798 -0.012453034 -3.378357649 -0.039243694 0.012780151 0.999147892 31.118467331
0.999218643 -0.008273995 0.038647190 1.981922865 0.008759384 0.999884784 -0.012407159 -3.531202793 -0.038540076 0.012735992 0.999175906 32.402282715
0.999231696 -0.008899027 0.038167745 2.078647137 0.009390849 0.999874949 -0.012725878 -3.674879074 -0.038049720 0.013074528 0.999190390 33.665943146
0.999253988 -0.009566983 0.037414789 2.180016518 0.010050886 0.999867976 -0.012766856 -3.819928885 -0.037287708 0.013133383 0.999218285 34.932987213
0.999266982 -0.010071730 0.036932811 2.274590969 0.010574562 0.999853730 -0.013444795 -3.963933229 -0.036791999 0.013825487 0.999227285 36.194229126
0.999307454 -0.010808735 0.035603706 2.388222218 0.011293887 0.999845624 -0.013453633 -4.121994019 -0.035452798 0.013846420 0.999275446 37.477558136
0.999307275 -0.010420308 0.035725083 2.484317780 0.010841802 0.999873519 -0.011624931 -4.267268658 -0.035599440 0.012004203 0.999293983 38.735473633
0.999268591 -0.010343170 0.036813889 2.578055143 0.010738299 0.999886692 -0.010551614 -4.408990860 -0.036700580 0.010939215 0.999266446 40.008201599
0.999182999 -0.012193437 0.038532060 2.683551788 0.012536904 0.999883771 -0.008684795 -4.554432392 -0.038421690 0.009160770 0.999219656 41.256092072
0.999072909 -0.013127709 0.041000295 2.780776024 0.013553430 0.999856889 -0.010122726 -4.696244240 -0.040861540 0.010669035 0.999107838 42.524131775
0.998948574 -0.014500089 0.043491207 2.874203682 0.015098959 0.999795198 -0.013473161 -4.842310429 -0.043286942 0.014115667 0.998962939 43.776374817
0.998857558 -0.015538519 0.045189504 2.989986658 0.016203124 0.999765337 -0.014378055 -4.990309238 -0.044955492 0.015093839 0.998874962 45.034511566
0.998715520 -0.015538495 0.048227478 3.103606701 0.016189329 0.999782681 -0.013133906 -5.126990318 -0.048012920 0.013897808 0.998749971 46.278701782
0.998526275 -0.016832769 0.051596534 3.215515614 0.017357336 0.999801934 -0.009735571 -5.280030727 -0.051422436 0.010616802 0.998620689 47.526985168
0.998249888 -0.019928340 0.055676274 3.331647635 0.020395059 0.999761403 -0.007827088 -5.416302204 -0.055507004 0.008948914 0.998418212 48.756591797
0.998007536 -0.022104567 0.059096131 3.460624695 0.022620214 0.999711573 -0.008070794 -5.555555820 -0.058900677 0.009391483 0.998219609 50.001293182
0.997731745 -0.025359659 0.062355459 3.604242086 0.026154781 0.999586344 -0.011968300 -5.689827919 -0.062026147 0.013572047 0.997982204 51.230422974
0.997448623 -0.026532097 0.066273168 3.737593651 0.027408877 0.999547958 -0.012355642 -5.818738937 -0.065915391 0.014140595 0.997725010 52.473190308
0.997097313 -0.029096629 0.070356965 3.866356850 0.029851643 0.999507189 -0.009703475 -5.960276127 -0.070039958 0.011775582 0.997474670 53.694206238
0.996811092 -0.031655192 0.073250026 4.027167320 0.032206360 0.999461055 -0.006355239 -6.094398022 -0.073009372 0.008694090 0.997293413 54.888278961
0.996541739 -0.033957161 0.075838603 4.156764030 0.034421340 0.999395728 -0.004821596 -6.234378338 -0.075629063 0.007415389 0.997108400 56.146236420
0.996346235 -0.036699764 0.077118002 4.308727741 0.036911808 0.999317706 -0.001325512 -6.363134384 -0.077016734 0.004167234 0.997021019 57.356719971
0.996197522 -0.039399121 0.077705368 4.454472542 0.039523855 0.999218583 -0.000067340 -6.488006115 -0.077642001 0.003138300 0.996976376 58.576061249
0.996153653 -0.041296873 0.077281035 4.603001595 0.041687336 0.999124765 -0.003445402 -6.611155033 -0.077071100 0.006653791 0.997003376 59.769500732
0.996166885 -0.042727210 0.076327547 4.758012772 0.043442782 0.999025941 -0.007738594 -6.742171288 -0.075922556 0.011024814 0.997052789 60.981952667
0.996179640 -0.044052396 0.075402476 4.895810604 0.045052480 0.998917043 -0.011613272 -6.873583794 -0.074809231 0.014965974 0.997085571 62.162738800
0.996187031 -0.046492457 0.073822744 5.035834789 0.047638021 0.998768866 -0.013832511 -7.012332916 -0.073088773 0.017296540 0.997175395 63.378200531
0.996327221 -0.046437163 0.071941696 5.171958447 0.047551021 0.998772800 -0.013847465 -7.146360874 -0.071210362 0.017217508 0.997312665 64.554702759
0.996573150 -0.045582570 0.069023162 5.308940887 0.046609260 0.998824120 -0.013337110 -7.290196419 -0.068334065 0.016508527 0.997525871 65.774925232
0.996812820 -0.044845421 0.065977558 5.431511402 0.045705091 0.998887897 -0.011577803 -7.420002937 -0.065384962 0.014556412 0.997753978 66.949401855
0.997241259 -0.040968828 0.061897099 5.560495377 0.041510895 0.999109864 -0.007496512 -7.558001518 -0.061534889 0.010045235 0.998054326 68.144210815
0.997523904 -0.038999133 0.058525663 5.678410053 0.039370202 0.999211073 -0.005200027 -7.684064388 -0.058276705 0.007491318 0.998272300 69.325050354
0.997727990 -0.038011856 0.055623110 5.786988258 0.038525462 0.999224007 -0.008190265 -7.820165634 -0.055268627 0.010314560 0.998418212 70.486679077
0.997901917 -0.038213477 0.052262343 5.900986671 0.039066479 0.999117970 -0.015398277 -7.954305649 -0.051627826 0.017407676 0.998514652 71.676223755
0.997913957 -0.042119898 0.048923381 6.008646965 0.043054447 0.998906791 -0.018207761 -8.090982437 -0.048102982 0.020276146 0.998636544 72.847457886
0.997964561 -0.045882482 0.044287860 6.124464989 0.046523627 0.998825133 -0.013555556 -8.227098465 -0.043613866 0.015588400 0.998926818 74.019821167
0.997964978 -0.049754422 0.039879333 6.229570389 0.050137050 0.998704791 -0.008652085 -8.353978157 -0.039397199 0.010633912 0.999167025 75.179626465
0.998030484 -0.051821668 0.035351381 6.327592850 0.052062165 0.998626351 -0.005916132 -8.480233192 -0.034996234 0.007744948 0.999357581 76.370147705
0.998196781 -0.051161122 0.031397063 6.415046692 0.051291954 0.998678029 -0.003375304 -8.606601715 -0.031182874 0.004979635 0.999501348 77.528579712
0.998326063 -0.050813965 0.027621053 6.505028725 0.050914116 0.998698771 -0.002934385 -8.729077339 -0.027435999 0.004335774 0.999614179 78.682708740
0.998494923 -0.049140874 0.024352212 6.575760841 0.049284738 0.998770475 -0.005342958 -8.854326248 -0.024059713 0.006535109 0.999689162 79.858451843
0.998675168 -0.046946708 0.021067537 6.651927471 0.047175098 0.998831630 -0.010477616 -8.981469154 -0.020551031 0.011457596 0.999723196 81.003364563
0.998592138 -0.050096985 0.017438475 6.732235432 0.050359715 0.998619020 -0.014967086 -9.123383522 -0.016664589 0.015824210 0.999735951 82.165847778
0.998453557 -0.053659752 0.014530806 6.795488358 0.053893965 0.998414576 -0.016237583 -9.251646042 -0.013636462 0.016995592 0.999762595 83.301406860
0.998483300 -0.053936493 0.011047322 6.860525608 0.054075684 0.998455882 -0.012713503 -9.381614685 -0.010344543 0.013291609 0.999858260 84.439849854
0.998477995 -0.054538820 0.008192347 6.929465294 0.054619685 0.998457193 -0.009996007 -9.513417244 -0.007634539 0.010428255 0.999916494 85.576492310
0.998625219 -0.051959597 0.006917892 6.976708889 0.052039541 0.998573780 -0.011928134 -9.640204430 -0.006288243 0.012271741 0.999904931 86.719810486
0.998809516 -0.048321627 0.006682198 7.026694775 0.048418947 0.998710513 -0.015263330 -9.766773224 -0.005936032 0.015568704 0.999861121 87.839729309
0.998876810 -0.047082700 0.005315844 7.091103077 0.047171734 0.998722851 -0.018093957 -9.893551826 -0.004457144 0.018324392 0.999822140 88.937629700
0.998853326 -0.047655150 0.004583203 7.136500359 0.047732674 0.998686433 -0.018629022 -10.034069061 -0.003689412 0.018826429 0.999815941 90.088020325
0.998799682 -0.048877846 0.003160481 7.189197540 0.048922177 0.998675525 -0.015933104 -10.165374756 -0.002377520 0.016068596 0.999868035 91.202911377
0.998755455 -0.049801379 0.002720492 7.235757828 0.049833093 0.998670399 -0.013199873 -10.296957016 -0.002059503 0.013319019 0.999909163 92.317878723
0.998761594 -0.049720678 0.001740946 7.301080227 0.049738958 0.998680055 -0.012814053 -10.417780876 -0.001101525 0.012884775 0.999916375 93.444900513
0.998731136 -0.050329417 0.001748198 7.347692013 0.050350111 0.998617768 -0.015083861 -10.544311523 -0.000986620 0.015152743 0.999884725 94.552963257
0.998734117 -0.050291501 0.000914385 7.407479763 0.050299801 0.998553634 -0.018983297 -10.674270630 0.000041636 0.019005259 0.999819398 95.659881592
0.998711228 -0.050736666 0.001290461 7.452014923 0.050752297 0.998513579 -0.019870128 -10.816329002 -0.000280399 0.019910013 0.999801755 96.778991699
0.998674989 -0.051449858 0.001119103 7.508004665 0.051461682 0.998511255 -0.018084416 -10.949994087 -0.000186996 0.018118046 0.999835908 97.863975525
0.998723149 -0.050476864 0.002013151 7.551061630 0.050498702 0.998640716 -0.012905805 -11.073572159 -0.001358970 0.012990993 0.999914706 98.951660156
0.998802066 -0.048816882 0.003342928 7.600358963 0.048846509 0.998761654 -0.009444185 -11.194324493 -0.002877753 0.009596163 0.999949813 100.015762329
0.998902082 -0.046546787 0.005293709 7.645938396 0.046595789 0.998868227 -0.009544565 -11.315387726 -0.004843450 0.009780752 0.999940455 101.086662292
0.998971879 -0.044710681 0.007480134 7.695209026 0.044793662 0.998932064 -0.011320261 -11.436925888 -0.006966009 0.011643685 0.999907911 102.123664856
0.998935699 -0.045045365 0.009912323 7.750923157 0.045179378 0.998884380 -0.013738947 -11.558578491 -0.009282390 0.014172157 0.999856472 103.143074036
0.998839319 -0.046727519 0.011678841 7.801190376 0.046897363 0.998791277 -0.014719022 -11.677084923 -0.010976942 0.015249643 0.999823451 104.171096802
0.998729944 -0.048531033 0.013535536 7.862637520 0.048718520 0.998716056 -0.013884411 -11.792374611 -0.012844332 0.014526209 0.999812007 105.152496338
0.998701930 -0.048594531 0.015265336 7.921979904 0.048789714 0.998728573 -0.012685182 -11.910509109 -0.014629495 0.013413507 0.999803007 106.127586365
0.998637915 -0.049530003 0.016402651 7.993012428 0.049710643 0.998705328 -0.010794207 -12.024895668 -0.015846778 0.011594891 0.999807179 107.081657410
0.998569489 -0.050127015 0.018606475 8.047025681 0.050341446 0.998668849 -0.011240556 -12.132637024 -0.018018248 0.012161153 0.999763727 107.999679565
0.998547673 -0.050037242 0.019967731 8.113850594 0.050236426 0.998691201 -0.009601315 -12.232826233 -0.019461179 0.010590481 0.999754488 108.910629272
0.998556137 -0.049106918 0.021776833 8.173591614 0.049278427 0.998757601 -0.007409689 -12.331202507 -0.021385908 0.008472119 0.999735415 109.781806946
0.998520195 -0.049279727 0.022998713 8.233922958 0.049389265 0.998770714 -0.004218695 -12.435710907 -0.022762544 0.005348341 0.999726593 110.642211914
0.998469293 -0.049480192 0.024714142 8.292460442 0.049594145 0.998761356 -0.004018751 -12.529005051 -0.024484687 0.005238275 0.999686420 111.466979980
0.998502195 -0.048307344 0.025686678 8.347707748 0.048404574 0.998822749 -0.003176327 -12.621170044 -0.025503000 0.004414922 0.999664962 112.282432556
0.998595715 -0.045977283 0.026319893 8.399983406 0.046070747 0.998933792 -0.002955380 -12.701675415 -0.026155952 0.004163807 0.999649286 113.061820984
0.998726547 -0.043353971 0.025799992 8.445300102 0.043371528 0.999058962 -0.000121159 -12.777430534 -0.025770457 0.001239989 0.999667168 113.819778442
0.998797953 -0.043374877 0.022831356 8.491176605 0.043358687 0.999058783 0.001203774 -12.866484642 -0.022862084 -0.000212389 0.999738574 114.571350098
0.998928607 -0.043269761 0.016408246 8.527972221 0.043256894 0.999063313 0.001138220 -12.939098358 -0.016442128 -0.000427230 0.999864697 115.269363403
0.999103606 -0.041921392 0.005877454 8.557882309 0.041921750 0.999120831 0.000061496 -13.015291214 -0.005874865 0.000184953 0.999982774 115.941696167
0.999202430 -0.039135601 -0.007936206 8.558544159 0.039116289 0.999231279 -0.002573649 -13.085494995 0.008030826 0.002261161 0.999965191 116.580795288
0.998924375 -0.037766941 -0.026899897 8.555311203 0.037646692 0.999278784 -0.004963017 -13.159069061 0.027067937 0.003944987 0.999625742 117.205245972
0.998124599 -0.036047451 -0.049475111 8.524602890 0.035731085 0.999335110 -0.007264366 -13.227876663 0.049704067 0.005482944 0.998749018 117.794021606
0.996428847 -0.034617964 -0.077014402 8.482046127 0.034023341 0.999380291 -0.009020129 -13.296146393 0.077278934 0.006367629 0.996989131 118.363502502
0.993480265 -0.032536794 -0.109261923 8.412285805 0.031529304 0.999442995 -0.010936331 -13.363523483 0.109556898 0.007420078 0.993952811 118.911010742
0.989109218 -0.027889481 -0.144517362 8.305194855 0.026373334 0.999575317 -0.012396676 -13.428434372 0.144801736 0.008450262 0.989424586 119.460014343
0.982851148 -0.021599738 -0.183131516 8.194911957 0.019756159 0.999734223 -0.011885612 -13.488200188 0.183339581 0.008063813 0.983016491 119.982780457
0.974296093 -0.016962465 -0.224631622 8.035387039 0.015115593 0.999836266 -0.009939058 -13.541963577 0.224763468 0.006288146 0.974393010 120.498550415
0.962993741 -0.012128708 -0.269250602 7.868259430 0.010312744 0.999913573 -0.008158019 -13.602968216 0.269326240 0.005079409 0.963035583 120.981987000
0.948549151 -0.006264566 -0.316567779 7.676494598 0.003671053 0.999954641 -0.008788345 -13.657993317 0.316608489 0.007174043 0.948529243 121.465400696
0.931306362 0.001598753 -0.364233375 7.441020966 -0.005414791 0.999940634 -0.009455949 -13.712507248 0.364196599 0.010778635 0.931259751 121.932014465
0.910195589 0.006018410 -0.414134681 7.202831268 -0.011227151 0.999885499 -0.010144491 -13.764968872 0.414026231 0.013883024 0.910159111 122.354629517
0.885020971 0.010425439 -0.465434372 6.926570892 -0.016423983 0.999826074 -0.008834637 -13.820921898 0.465261370 0.015463125 0.885038197 122.782112122
0.855945885 0.013491122 -0.516889453 6.643360138 -0.020783748 0.999749362 -0.008322908 -13.867377281 0.516647696 0.017866861 0.856011569 123.178619385
0.824266672 0.023229286 -0.565725207 6.316268921 -0.031802878 0.999480128 -0.005297352 -13.911900520 0.565308094 0.022358121 0.824576735 123.553466797
0.790032983 0.036119957 -0.611999333 5.971832275 -0.044438437 0.999010921 0.001595426 -13.959245682 0.611451745 0.025935858 0.790856540 123.910156250
0.754327416 0.045190401 -0.654941201 5.620437622 -0.056212582 0.998410225 0.004146731 -13.995507240 0.654087424 0.033687945 0.755668461 124.215759277
0.714531481 0.048934232 -0.697889686 5.253986359 -0.063431218 0.997973502 0.005031549 -14.039784431 0.696721852 0.040672798 0.716187477 124.511787415
0.672204733 0.050608497 -0.738633573 4.872344971 -0.065896675 0.997791231 0.008394748 -14.087127686 0.737426877 0.043030515 0.674054921 124.794555664
0.628378212 0.054148078 -0.776021063 4.461505890 -0.069573008 0.997488678 0.013265003 -14.117336273 0.774790525 0.045654681 0.630567372 125.063659668
0.583318293 0.062979721 -0.809798300 4.033824921 -0.080654889 0.996553242 0.019406268 -14.153892517 0.808229268 0.053994164 0.586387336 125.295425415
0.537679911 0.071947731 -0.840073705 3.595897675 -0.092225857 0.995392740 0.026221834 -14.178503036 0.838089883 0.063377552 0.541838229 125.500740051
0.490853667 0.076968499 -0.867835522 3.142688751 -0.097797625 0.994662285 0.032901797 -14.204350471 0.865735769 0.068722278 0.495760977 125.697402954
0.443651319 0.078510597 -0.892753839 2.682010651 -0.097192854 0.994494915 0.039158218 -14.228661537 0.890913606 0.069396697 0.448839664 125.875755310
0.396310955 0.080002375 -0.914624095 2.201076508 -0.093782544 0.994513035 0.046353862 -14.255353928 0.913313985 0.067405231 0.401639223 126.057876587
0.350471646 0.082610734 -0.932922840 1.713397980 -0.095512673 0.994061589 0.052143317 -14.274217606 0.931690395 0.070831187 0.356280744 126.201278687
0.306781948 0.085906610 -0.947895050 1.211071014 -0.101370707 0.993202627 0.057204619 -14.290492058 0.946366012 0.078539439 0.313405126 126.315933228
0.265408844 0.087283321 -0.960176945 0.683256149 -0.105873793 0.992509484 0.060957182 -14.307518959 0.958305180 0.085478999 0.272661805 126.423728943
0.225889370 0.084331274 -0.970495880 0.157686234 -0.106288306 0.992431879 0.061498076 -14.330975533 0.968337119 0.089260608 0.233143240 126.520423889
0.191153139 0.079145879 -0.978364110 -0.376092911 -0.101155259 0.993025303 0.060568146 -14.349654198 0.976333976 0.087388873 0.197825909 126.611877441
0.160423309 0.074144550 -0.984259605 -0.925188065 -0.098538719 0.993396163 0.058772106 -14.371150970 0.982117355 0.087559260 0.166670024 126.691680908
0.134348601 0.072391145 -0.988286436 -1.494741440 -0.099649623 0.993259370 0.059208967 -14.387975693 0.985910892 0.090527721 0.140656754 126.755912781
0.112053938 0.071630254 -0.991117120 -2.075380325 -0.100490570 0.993102252 0.060412440 -14.402935982 0.988607943 0.092828453 0.118479185 126.821685791
0.093057662 0.073154055 -0.992969692 -2.667362213 -0.102042906 0.992746472 0.063574508 -14.418449402 0.990417838 0.095409431 0.099847518 126.882125854
0.077205807 0.071349420 -0.994458973 -3.276151657 -0.102892689 0.992680550 0.063233659 -14.440122604 0.991691649 0.097440556 0.083982036 126.927688599
0.062947005 0.070300780 -0.995537817 -3.894582748 -0.101297699 0.992814541 0.063703507 -14.468710899 0.992862761 0.096835747 0.069616020 126.980804443
0.051276766 0.067757890 -0.996383250 -4.532745838 -0.097427495 0.993276179 0.062532701 -14.489364624 0.993920803 0.093868650 0.057533484 127.017623901
0.039147817 0.065008260 -0.997116506 -5.189022064 -0.094962902 0.993606985 0.061051104 -14.505147934 0.994710803 0.092299066 0.045070920 127.054122925
0.028011413 0.064195767 -0.997544050 -5.863190174 -0.094389200 0.993646562 0.061294474 -14.527191162 0.995141208 0.092440434 0.033892833 127.099678040
0.018391259 0.065720715 -0.997668624 -6.535181046 -0.097677350 0.993182182 0.063624576 -14.548526764 0.995048165 0.096279472 0.024685297 127.119400024
0.010061106 0.065657094 -0.997791529 -7.210463047 -0.100611329 0.992844760 0.064317085 -14.574502945 0.994874954 0.099742018 0.016594959 127.134239197
0.003246982 0.064715452 -0.997898459 -7.904739380 -0.102694020 0.992649317 0.064040899 -14.594742775 0.994707644 0.102270260 0.009869006 127.157058716
-0.002041359 0.065573484 -0.997845590 -8.602194786 -0.103446923 0.992480397 0.065432519 -14.612157822 0.994632840 0.103357628 0.004757366 127.174491882
-0.005579959 0.068073533 -0.997664750 -9.323534966 -0.105727628 0.992048085 0.068281606 -14.630516052 0.994379401 0.105861731 0.001661665 127.195365906
-0.006124403 0.072141804 -0.997375548 -10.058498383 -0.107894488 0.991523921 0.072381079 -14.655639648 0.994143486 0.108054608 0.001711209 127.194549561
-0.007395472 0.075448684 -0.997122288 -10.778277397 -0.110160321 0.991019011 0.075803913 -14.673158646 0.993886292 0.110403948 0.000982402 127.209075928
-0.008103499 0.080999754 -0.996681213 -11.516848564 -0.114846401 0.990042984 0.081394024 -14.679867744 0.993350208 0.115124814 0.001279715 127.217971802
-0.009388274 0.084537193 -0.996376216 -12.259490013 -0.117803119 0.989387751 0.085054256 -14.690201759 0.992992520 0.118174724 0.000670101 127.227874756
-0.010448527 0.085109979 -0.996316791 -13.015933037 -0.118219078 0.989278197 0.085748486 -14.707520485 0.992932558 0.118679598 -0.000274878 127.241645813
-0.012016157 0.082039744 -0.996556580 -13.760947227 -0.115870640 0.989800334 0.082880683 -14.725483894 0.993191540 0.116467535 -0.002387598 127.262931824
-0.013427356 0.078434423 -0.996828854 -14.521224022 -0.119401604 0.989659727 0.079478674 -14.728596687 0.992755294 0.120090142 -0.003923319 127.273300171
-0.014985036 0.080245137 -0.996662438 -15.285917282 -0.124677196 0.988845229 0.081490286 -14.740523338 0.992084205 0.125482202 -0.004813143 127.278121948
-0.015990727 0.083266869 -0.996398985 -16.075496674 -0.121538319 0.988975108 0.084596969 -14.755331039 0.992457926 0.122453429 -0.005694313 127.287223816
-0.018289141 0.083329894 -0.996354163 -16.849191666 -0.120292142 0.989098847 0.084931180 -14.771092415 0.992570043 0.121406890 -0.008065837 127.304557800
-0.018535255 0.082771547 -0.996396244 -17.643260956 -0.124072120 0.988674045 0.084438100 -14.780428886 0.992100060 0.125190079 -0.008055682 127.295280457
-0.020276008 0.082105741 -0.996417463 -18.435766220 -0.127826825 0.988230169 0.084032252 -14.790360451 0.991589248 0.129072681 -0.009542048 127.315925598
-0.021366956 0.086407945 -0.996030688 -19.233085632 -0.129722059 0.987596631 0.088459082 -14.795659065 0.991320074 0.131097242 -0.009892919 127.322845459
-0.022229850 0.091395274 -0.995566607 -20.036212921 -0.129055843 0.987218440 0.093510568 -14.809557915 0.991388142 0.130562425 -0.010150626 127.338226318
-0.021301726 0.093527600 -0.995388746 -20.859022141 -0.129855096 0.986922085 0.095511004 -14.814389229 0.991304159 0.131290838 -0.008878109 127.348434448
-0.019406259 0.092724331 -0.995502651 -21.677469254 -0.129184261 0.987111270 0.094461031 -14.823745728 0.991430700 0.130436406 -0.007177608 127.358406067
-0.017984770 0.092311434 -0.995567739 -22.508380890 -0.129293531 0.987153530 0.093866937 -14.823456764 0.991443276 0.130408600 -0.005818458 127.366256714
-0.018313007 0.091309577 -0.995654166 -23.339342117 -0.127795607 0.987439394 0.092906758 -14.828905106 0.991631448 0.128941655 -0.006414028 127.395072937
-0.017524740 0.093360148 -0.995478213 -24.177986145 -0.128708571 0.987136662 0.094843671 -14.835340500 0.991527677 0.129788667 -0.005283064 127.413185120
-0.016905095 0.095482036 -0.995287597 -25.015329361 -0.130464077 0.986708879 0.096874990 -14.836903572 0.991308868 0.131486952 -0.004223431 127.426376343
-0.016989717 0.097932003 -0.995048165 -25.884571075 -0.133543685 0.986052871 0.099326879 -14.839363098 0.990897298 0.134569883 -0.003674560 127.442604065
-0.015361367 0.098945916 -0.994974136 -26.748439789 -0.135685280 0.985680640 0.100116536 -14.835355759 0.990632892 0.136541292 -0.001715900 127.453712463
-0.013677935 0.102051608 -0.994685054 -27.617223740 -0.142437086 0.984434485 0.102958597 -14.834701538 0.989709377 0.143088311 0.001070902 127.468841553
-0.011167725 0.106010050 -0.994302332 -28.499685287 -0.147304043 0.983341277 0.106495894 -14.830509186 0.989028215 0.147654057 0.004634026 127.481475830
-0.009150457 0.107923023 -0.994117141 -29.374307632 -0.149819672 0.982789099 0.108072266 -14.825221062 0.988671005 0.149927229 0.007176024 127.511863708
-0.005067806 0.108576685 -0.994075119 -30.275648117 -0.148780093 0.982941747 0.108119152 -14.823958397 0.988857329 0.148446500 0.011172691 127.530517578
-0.002233477 0.108434744 -0.994100988 -31.168176651 -0.151283309 0.982625186 0.107522868 -14.816158295 0.988487899 0.150631040 0.014209697 127.557159424
0.000195673 0.112364635 -0.993667006 -32.070278168 -0.151799753 0.982155025 0.111032955 -14.809094429 0.988411188 0.150816694 0.017249102 127.587142944
0.002536121 0.114408240 -0.993430495 -32.994716644 -0.150853708 0.982108831 0.112719223 -14.805604935 0.988552809 0.149576813 0.019749647 127.629333496
0.004220308 0.115585476 -0.993288577 -33.887195587 -0.151437223 0.981915236 0.113618597 -14.800818443 0.988457859 0.149941340 0.021647928 127.670989990
0.006679855 0.113756001 -0.993486166 -34.789207458 -0.152750596 0.981964886 0.111409724 -14.793356895 0.988242209 0.151011422 0.023935676 127.703239441
0.007076105 0.114869848 -0.993355334 -35.699584961 -0.156900868 0.981203437 0.112346947 -14.781845093 0.987589002 0.155063346 0.024966275 127.743774414
0.008208291 0.115520507 -0.993271172 -36.593566895 -0.157745227 0.981017113 0.112791725 -14.776823044 0.987445772 0.155757934 0.026275277 127.779823303
0.008476765 0.111889958 -0.993684471 -37.490280151 -0.157893643 0.981403947 0.109160222 -14.773741722 0.987419724 0.155971110 0.025985841 127.816680908
0.009314141 0.107745737 -0.994134724 -38.400466919 -0.159092396 0.981674314 0.104904711 -14.773944855 0.987219691 0.157182202 0.026284978 127.861099243
0.009837982 0.106970273 -0.994213581 -39.296352386 -0.158636004 0.981837153 0.104068927 -14.769124985 0.987288117 0.156694233 0.026628630 127.902366638
0.009794400 0.110971175 -0.993775368 -40.202159882 -0.161421567 0.980963767 0.107949622 -14.760685921 0.986836970 0.159359485 0.027521091 127.939666748
0.009974252 0.117274918 -0.993049324 -41.138221741 -0.161758915 0.980207920 0.114133663 -14.750713348 0.986779869 0.159496203 0.028747099 127.982154846
0.010237293 0.115976363 -0.993199170 -42.033878326 -0.159569278 0.980712652 0.112873539 -14.750436783 0.987133682 0.157328561 0.028546108 128.026672363
0.011140002 0.105701476 -0.994335473 -42.924293518 -0.158664793 0.981985986 0.102611080 -14.757320404 0.987269700 0.156622931 0.027710427 128.068969727
0.011321354 0.095137820 -0.995399654 -43.843547821 -0.160602033 0.982712984 0.092098624 -14.760316849 0.986954331 0.158820510 0.026404973 128.110717773
0.010338828 0.092147380 -0.995691657 -44.745223999 -0.157477602 0.983469307 0.089381047 -14.768154144 0.987468481 0.155875027 0.024679067 128.155456543
0.010204685 0.102267720 -0.994704545 -45.667781830 -0.150064617 0.983647466 0.099591389 -14.770870209 0.988623679 0.148253649 0.025384577 128.204483032
0.009991610 0.115233734 -0.993288159 -46.609474182 -0.144863769 0.983025372 0.112585910 -14.766572952 0.989401162 0.142766550 0.026515197 128.265563965
0.010030226 0.124379411 -0.992184043 -47.532035828 -0.145082116 0.981915653 0.121625505 -14.758121490 0.989368796 0.142728209 0.027894061 128.311065674
0.010105550 0.118552871 -0.992896318 -48.448268890 -0.145193025 0.982598007 0.115845494 -14.753524780 0.989351749 0.142990947 0.027142746 128.350570679
0.010220421 0.104868829 -0.994433522 -49.377002716 -0.145034492 0.984124660 0.102291092 -14.751127243 0.989373744 0.143181741 0.025267769 128.389923096
0.010947332 0.096019059 -0.995319307 -50.292144775 -0.145555824 0.984929979 0.093415856 -14.750741005 0.989289463 0.143851891 0.024758492 128.432006836
0.011380874 0.096119054 -0.995304763 -51.228813171 -0.144501001 0.985079229 0.093479253 -14.758745193 0.989439249 0.142758667 0.025100363 128.476394653
0.010637436 0.097664356 -0.995162547 -52.164432526 -0.147557169 0.984476805 0.095038414 -14.772071838 0.988996446 0.145832419 0.024883384 128.515243530
0.011006719 0.097007185 -0.995222747 -53.115631104 -0.152426422 0.983814418 0.094209395 -14.776247025 0.988253534 0.150661319 0.025615022 128.555892944
0.011391681 0.096480407 -0.995269716 -54.047832489 -0.153938040 0.983638048 0.093590900 -14.777258873 0.988014877 0.152143717 0.026057297 128.598846436
0.012543514 0.103735425 -0.994525909 -54.994464874 -0.163229018 0.981475115 0.100315392 -14.772235870 0.986508489 0.161077172 0.029243775 128.629318237
0.014060132 0.113287359 -0.993462801 -55.943519592 -0.168876350 0.979556918 0.109311581 -14.768001556 0.985536933 0.166235417 0.032904256 128.665908813
0.014862060 0.121522933 -0.992477298 -56.903659821 -0.168717921 0.978659332 0.117304489 -14.762759209 0.985552371 0.165705353 0.035047989 128.712203979
0.016200883 0.122200668 -0.992373168 -57.865680695 -0.170670822 0.978275657 0.117678434 -14.757268906 0.985194921 0.167462647 0.036705017 128.761581421
0.017782386 0.113009520 -0.993434727 -58.798004150 -0.172391340 0.979058087 0.108288288 -14.757153511 0.984867930 0.169333920 0.036891859 128.807678223
0.019313835 0.107719436 -0.993993759 -59.760158539 -0.170474365 0.979975879 0.102887906 -14.749645233 0.985172749 0.167463303 0.037290495 128.855224609
0.020728998 0.106408179 -0.994106472 -60.694076538 -0.168975726 0.980388761 0.101416379 -14.753942490 0.985402226 0.165877610 0.038302869 128.925552368
0.024225732 0.111839511 -0.993430972 -61.681770325 -0.170565426 0.979614735 0.106124699 -14.746084213 0.985048473 0.166874021 0.042807836 128.976333618
0.027887050 0.113958426 -0.993094087 -62.643901825 -0.173488513 0.978955150 0.107464246 -14.745876312 0.984440923 0.169293538 0.047070652 129.029556274
0.032220811 0.109149434 -0.993503034 -63.590988159 -0.172928035 0.979636848 0.102017730 -14.749265671 0.984407246 0.168517426 0.050439686 129.088745117
0.034899693 0.103288867 -0.994038999 -64.546958923 -0.172885716 0.980272830 0.095788628 -14.754169464 0.984323382 0.168512136 0.052068397 129.159286499
0.037724163 0.103328131 -0.993931592 -65.520690918 -0.170305178 0.980753303 0.095494270 -14.763146400 0.984668970 0.165669262 0.054595415 129.243896484
0.041158602 0.107897654 -0.993309677 -66.477928162 -0.167656898 0.980802000 0.099592023 -14.768835068 0.984985769 0.162436143 0.058458216 129.315902710
0.044640556 0.114625365 -0.992405295 -67.449951172 -0.167557195 0.980182171 0.105676480 -14.770218849 0.984851122 0.161567211 0.062962189 129.389678955
0.046884645 0.118463710 -0.991850853 -68.422851562 -0.165055394 0.980212450 0.109271504 -14.774350166 0.985169232 0.158587158 0.065509982 129.477996826
0.048649218 0.119930245 -0.991589606 -69.385498047 -0.164478958 0.980173886 0.110479899 -14.777646065 0.985180140 0.157720864 0.067410693 129.565734863
0.050504901 0.117397346 -0.991799891 -70.338111877 -0.162741885 0.980761707 0.107803538 -14.774847031 0.985375226 0.155962795 0.068638727 129.649200439
0.051633440 0.115996189 -0.991906643 -71.290924072 -0.160884812 0.981224239 0.106372148 -14.777682304 0.985621631 0.154090330 0.069326013 129.727111816
0.051852584 0.112296320 -0.992320836 -72.244079590 -0.157418579 0.982154191 0.102920070 -14.785673141 0.986169696 0.150873125 0.068604760 129.815216064
0.051293131 0.111818634 -0.992403924 -73.215934753 -0.156243399 0.982373893 0.102612957 -14.780168533 0.986385822 0.149793237 0.067859963 129.910537720
0.051214427 0.116618067 -0.991855443 -74.173057556 -0.153060749 0.982341826 0.107596204 -14.780903816 0.986888826 0.146303654 0.068159722 129.993438721
0.050671399 0.118834168 -0.991620302 -75.135208130 -0.146825746 0.982993722 0.110297643 -14.791498184 0.987863600 0.140006438 0.067257576 130.087692261
0.049688224 0.114380501 -0.992193580 -76.102020264 -0.144181803 0.983836353 0.106196567 -14.780303001 0.988302946 0.137779564 0.065376662 130.172760010
0.048353318 0.109969877 -0.992758036 -77.056274414 -0.145692378 0.984067023 0.101911038 -14.775876999 0.988147616 0.139709547 0.063604668 130.251449585
0.047070205 0.107289828 -0.993112981 -78.006141663 -0.142221659 0.984805822 0.099651553 -14.779179573 0.988715053 0.136551544 0.061613951 130.333160400
0.045939460 0.107735910 -0.993117750 -78.972534180 -0.142241299 0.984742582 0.100247584 -14.778203011 0.988765359 0.136657014 0.060563032 130.401245117
0.044881973 0.109142944 -0.993012249 -79.926918030 -0.143461913 0.984415054 0.101713859 -14.784112930 0.988637567 0.137894318 0.059840355 130.476837158
0.043429483 0.109392427 -0.993049502 -80.880554199 -0.145084739 0.984140754 0.102066003 -14.786166191 0.988465548 0.139643624 0.058611896 130.550415039
0.042014293 0.110809423 -0.992953300 -81.831832886 -0.144982159 0.983987808 0.103674367 -14.791620255 0.988541842 0.139604688 0.057406936 130.617279053
0.039861426 0.110929012 -0.993028700 -82.794288635 -0.144813642 0.983967185 0.104103774 -14.792003632 0.988655686 0.139654338 0.055286363 130.688308716
0.038094133 0.113194726 -0.992842257 -83.755157471 -0.144776553 0.983705521 0.106598139 -14.784457207 0.988730729 0.139679551 0.053861361 130.760925293
0.036655679 0.116960898 -0.992459834 -84.709442139 -0.146141887 0.983077586 0.110457584 -14.776450157 0.988584280 0.140991017 0.053128276 130.818222046
0.034622151 0.122059405 -0.991918683 -85.661056519 -0.147552267 0.982261240 0.115720786 -14.767210007 0.988448143 0.142353341 0.052018132 130.880310059
0.032287586 0.121765703 -0.992033541 -86.614921570 -0.147213295 0.982305050 0.115780249 -14.764306068 0.988577664 0.142302260 0.049641788 130.947128296
0.031353664 0.116701610 -0.992672026 -87.560333252 -0.147356927 0.982847333 0.110892296 -14.759587288 0.988586307 0.142800227 0.048012652 131.006088257
0.028722199 0.111748256 -0.993321359 -88.503738403 -0.151365623 0.982758164 0.106183112 -14.748112679 0.988060594 0.147304863 0.045141816 131.067245483
0.027548432 0.109743387 -0.993578136 -89.447181702 -0.149326518 0.983254313 0.104462802 -14.745791435 0.988404155 0.145489782 0.043474719 131.130447388
0.027304264 0.111206241 -0.993422210 -90.417755127 -0.144444212 0.983801842 0.106159255 -14.749427795 0.989136159 0.140595526 0.042925082 131.179733276
0.026875129 0.112581529 -0.993278921 -91.367179871 -0.141566917 0.984051883 0.107705332 -14.747025490 0.989563823 0.137720838 0.042384341 131.238510132
0.025582638 0.112521648 -0.993319869 -92.314178467 -0.135963470 0.984803677 0.108055219 -14.750552177 0.990383506 0.132290870 0.040492702 131.304702759
0.024239104 0.109714404 -0.993667603 -93.256240845 -0.132024467 0.985605121 0.105603658 -14.752834320 0.990950048 0.128628671 0.038375165 131.368164062
0.023896562 0.106398188 -0.994036376 -94.200431824 -0.126831383 0.986608565 0.102554105 -14.753713608 0.991636455 0.123624302 0.037071176 131.427078247
0.021780465 0.108616024 -0.993845165 -95.188064575 -0.124884054 0.986590505 0.105086297 -14.751247406 0.991932273 0.121826582 0.035052802 131.484130859
0.020280682 0.111065187 -0.993606150 -96.135231018 -0.124193475 0.986393154 0.107723981 -14.749681473 0.992050707 0.121214688 0.033798300 131.542266846
0.019162070 0.108772635 -0.993882060 -97.095321655 -0.120111562 0.987115562 0.105716363 -14.744150162 0.992575526 0.117350973 0.031980034 131.588882446
0.016938755 0.105904385 -0.994232118 -98.043945312 -0.117190555 0.987731278 0.103215344 -14.745679855 0.992964983 0.114766277 0.029141936 131.638183594
0.013638026 0.103106916 -0.994576752 -99.011489868 -0.115885220 0.988129497 0.100849494 -14.739427567 0.993168950 0.113881357 0.025424706 131.688003540
0.010969206 0.102137454 -0.994709849 -99.967132568 -0.110322863 0.988820314 0.100316122 -14.747815132 0.993835270 0.108638853 0.022114672 131.735961914
0.008772230 0.102108508 -0.994734585 -100.925651550 -0.103540570 0.989518523 0.100659989 -14.741440773 0.994586587 0.102112375 0.019252656 131.778228760
0.006485478 0.110138699 -0.993895054 -101.891639709 -0.093480267 0.989630342 0.109056115 -14.740817070 0.995599985 0.092202291 0.016714016 131.837203979
0.003932186 0.118047602 -0.993000209 -102.849159241 -0.085403167 0.989419401 0.117283732 -14.734932899 0.996338606 0.084344186 0.013972220 131.891113281
0.001080396 0.117574520 -0.993063509 -103.802833557 -0.081181958 0.989796519 0.117099419 -14.727960587 0.996698737 0.080492325 0.010614301 131.935455322
-0.001794094 0.107663304 -0.994185805 -104.758674622 -0.081532300 0.990861833 0.107450426 -14.728238106 0.996669114 0.081251040 0.007000336 131.969345093
-0.003859630 0.098521382 -0.995127499 -105.705383301 -0.083494201 0.991628349 0.098498777 -14.728535652 0.996500790 0.083467536 0.004398645 132.004913330
-0.004578536 0.099884994 -0.994988441 -106.659233093 -0.090654224 0.990860343 0.099887736 -14.729899406 0.995871961 0.090657242 0.004518308 132.029983521
-0.005004384 0.109337918 -0.993992150 -107.627670288 -0.094226748 0.989530265 0.109321542 -14.719060898 0.995538175 0.094207704 0.005350567 132.056716919
-0.006516201 0.120606199 -0.992679000 -108.590827942 -0.098115563 0.987833083 0.120661497 -14.705852509 0.995153666 0.098183528 0.005396427 132.084671021
-0.007847730 0.122615315 -0.992423236 -109.533493042 -0.105393462 0.986824691 0.122757033 -14.697318077 0.994399548 0.105558276 0.005178521 132.112960815
-0.007825682 0.119322345 -0.992824674 -110.509384155 -0.112499863 0.986446798 0.119442575 -14.677505493 0.993620872 0.112627372 0.005704128 132.132537842
-0.008118330 0.115328990 -0.993294179 -111.463714600 -0.120621718 0.985960722 0.115463383 -14.664303780 0.992665410 0.120750204 0.005906827 132.156005859
-0.005706976 0.117386244 -0.993069947 -112.431564331 -0.125196412 0.985188365 0.117174096 -14.645011902 0.992115498 0.124997497 0.009073891 132.176223755
-0.004561250 0.118535012 -0.992939413 -113.405990601 -0.133458003 0.983994901 0.118080303 -14.627100945 0.991043985 0.133054301 0.011331198 132.202072144
-0.004063591 0.121197209 -0.992620170 -114.369491577 -0.142650053 0.982406378 0.120534129 -14.609871864 0.989764869 0.142087072 0.013296686 132.221603394
-0.003672100 0.123665631 -0.992317259 -115.345382690 -0.148266092 0.981288731 0.122839913 -14.590016365 0.988940656 0.147578076 0.014732029 132.245727539
-0.003797107 0.123013169 -0.992397785 -116.314102173 -0.151893914 0.980818748 0.122159071 -14.581423759 0.988389492 0.151203036 0.014960680 132.289535522
-0.002272757 0.113681465 -0.993514657 -117.269340515 -0.150887832 0.982103288 0.112720907 -14.583585739 0.988548279 0.150165454 0.014921065 132.320510864
-0.001070034 0.101992913 -0.994784534 -118.218086243 -0.153876334 0.982920527 0.100942038 -14.573716164 0.988089681 0.153181806 0.014642535 132.358825684
