1.000000000 0.000000000 0.000000000 0.000000000 0.000000000 1.000000000 0.000000000 0.000000000 0.000000000 0.000000000 1.000000000 0.000000000
0.999997735 -0.001612602 -0.001390512 0.050436705 0.001609616 0.999996424 -0.002146082 -0.132500947 0.001393968 0.002143839 0.999996722 1.296816587
0.999997795 -0.000007528 -0.002102057 0.104719870 -0.000005926 0.999979436 -0.006400394 -0.266935825 0.002102062 0.006400392 0.999977291 2.603009701
0.999996066 0.002529714 -0.001225588 0.147852197 -0.002539421 0.999964893 -0.007984194 -0.405167580 0.001205347 0.007987276 0.999967337 3.906530619
0.999983311 0.005788698 0.000240786 0.193612173 -0.005786942 0.999960423 -0.006743589 -0.542954385 -0.000279813 0.006742083 0.999977231 5.220688820
0.999974072 0.006743012 0.002523014 0.241544709 -0.006734524 0.999971688 -0.003357811 -0.689554036 -0.002545584 0.003340733 0.999991179 6.537373543
0.999958575 0.006958809 0.005868086 0.298469037 -0.006947109 0.999973774 -0.002011769 -0.828297079 -0.005881931 0.001970919 0.999980748 7.840245247
0.999942660 0.005474150 0.009201587 0.354972899 -0.005457221 0.999983370 -0.001863890 -0.961160660 -0.009211638 0.001813569 0.999955952 9.145341873
0.999912739 0.004226716 0.012510885 0.433448672 -0.004205146 0.999989688 -0.001749851 -1.097953081 -0.012518153 0.001697088 0.999920249 10.445293427
0.999869406 0.002910655 0.015895197 0.498871863 -0.002871593 0.999992728 -0.002479738 -1.236730814 -0.015902298 0.002433769 0.999870598 11.752884865
0.999812663 0.001965759 0.019252315 0.575775087 -0.001901121 0.999992430 -0.003375130 -1.373223424 -0.019258810 0.003337898 0.999808908 13.046669960
0.999746323 0.001658125 0.022462906 0.648431301 -0.001583135 0.999993145 -0.003355764 -1.519374013 -0.022468315 0.003319351 0.999742031 14.367980957
0.999662578 0.001608759 0.025922837 0.733067691 -0.001496602 0.999989510 -0.004345361 -1.658450961 -0.025929555 0.004305100 0.999654472 15.663956642
0.999577224 0.002418397 0.028975023 0.813162267 -0.002292185 0.999987721 -0.004388324 -1.794061065 -0.028985282 0.004320053 0.999570429 16.965250015
0.999485612 0.001946546 0.032013047 0.906697452 -0.001822569 0.999990702 -0.003901422 -1.933652520 -0.032020349 0.003841068 0.999479830 18.249994278
0.999409974 0.000241955 0.034345306 1.000644207 -0.000111030 0.999992728 -0.003813884 -2.075252295 -0.034345973 0.003807821 0.999402761 19.547571182
0.999352813 -0.002252396 0.035899214 1.099255204 0.002436213 0.999984205 -0.005077445 -2.215556383 -0.035887204 0.005161617 0.999342561 20.822395325
0.999311268 -0.001833069 0.037062116 1.198252320 0.002091284 0.999973774 -0.006929528 -2.356464386 -0.037048440 0.007002263 0.999288917 22.131553650
0.999265969 -0.001956564 0.038258366 1.283165574 0.002322851 0.999951839 -0.009531925 -2.499318838 -0.038237877 0.009613797 0.999222338 23.413049698
0.999227881 -0.001240678 0.039272100 1.383368731 0.001672526 0.999938488 -0.010965345 -2.645219326 -0.039256081 0.011022563 0.999168396 24.703775406
0.999182045 -0.000603132 0.040432587 1.483225346 0.001069027 0.999933302 -0.011502132 -2.793288469 -0.040422950 0.011535946 0.999116123 25.973308563
0.999166667 -0.002369526 0.040745538 1.580730677 0.002800054 0.999940753 -0.010512460 -2.939805269 -0.040718220 0.010617789 0.999114275 27.264377594
0.999161363 -0.005310272 0.040600561 1.685592413 0.005689229 0.999941230 -0.009223950 -3.088375568 -0.040549200 0.009447199 0.999132931 28.541456223
0.999178886 -0.006750699 0.039947897 1.777818441 0.007150733 0.999925613 -0.009879504 -3.232122898 -0.039878231 0.010157050 0.999152899 29.829572678
0.999200523 -0.008394705 0.039087683 1.883140802 0.008882824 0.999884546 -0.012330925 -3.378534317 -0.038979661 0.012668274 0.999159575 31.095098495
0.999225080 -0.008521112 0.038425256 1.988697410 0.009009521 0.999880612 -0.012555487 -3.527606010 -0.038313676 0.012891953 0.999182582 32.381546021
0.999242067 -0.009061494 0.037857078 2.087156296 0.009558666 0.999870181 -0.012972553 -3.673060894 -0.037734613 0.013324584 0.999198973 33.648311615
0.999255300 -0.009679404 0.037351996 2.181044817 0.010166585 0.999865413 -0.012875162 -3.818143845 -0.037222352 0.013245314 0.999219239 34.913242340
0.999261320 -0.009965612 0.037114061 2.268674850 0.010473897 0.999853671 -0.013526041 -3.960665941 -0.036973838 0.013904777 0.999219596 36.171508789
0.999310017 -0.010821361 0.035530850 2.388237476 0.011311148 0.999843299 -0.013612921 -4.121171951 -0.035377976 0.014005422 0.999275863 37.464199066
0.999306679 -0.010511647 0.035718497 2.477789402 0.010938376 0.999870777 -0.011772674 -4.267113209 -0.035590131 0.012155210 0.999292552 38.723266602
0.999267876 -0.010360980 0.036828592 2.578062534 0.010761752 0.999884844 -0.010700533 -4.408696651 -0.036713485 0.011089041 0.999264240 39.994865417
0.999195695 -0.012167287 0.038208075 2.693596840 0.012529274 0.999878705 -0.009248953 -4.548476696 -0.038090903 0.009720234 0.999226928 41.242710114
0.999074817 -0.013324405 0.040888906 2.782404423 0.013753090 0.999853194 -0.010220845 -4.699074745 -0.040746711 0.010773738 0.999111414 42.510803223
0.998947203 -0.014701227 0.043457817 2.876932383 0.015288520 0.999795735 -0.013212728 -4.849680901 -0.043254703 0.013863223 0.998967886 43.759819031
0.998852372 -0.015682589 0.045254890 2.989595890 0.016344622 0.999764204 -0.014296164 -4.997368813 -0.045020021 0.015019430 0.998873174 45.025653839
0.998743474 -0.015867947 0.047536813 3.121664524 0.016520297 0.999774158 -0.013361724 -5.127681732 -0.047314066 0.014130258 0.998780072 46.263580322
0.998531640 -0.016933706 0.051456366 3.220607996 0.017464381 0.999798656 -0.009881009 -5.283391953 -0.051278692 0.010765155 0.998626351 47.531654358
0.998262346 -0.019922508 0.055455532 3.337435007 0.020389294 0.999761164 -0.007864242 -5.421891689 -0.055285607 0.008981275 0.998430192 48.758991241
0.998016715 -0.021929946 0.059006080 3.468338728 0.022458248 0.999713302 -0.008304984 -5.561394691 -0.058807038 0.009613685 0.998223007 50.010753632
0.997739613 -0.025223305 0.062284116 3.610940933 0.026026335 0.999587893 -0.012115421 -5.696962357 -0.061952855 0.013709063 0.997984827 51.245197296
0.997444808 -0.026485987 0.066350542 3.739228010 0.027349895 0.999552071 -0.012145861 -5.834940434 -0.065999120 0.013929505 0.997722447 52.480583191
0.997104108 -0.029168654 0.070231937 3.875878096 0.029900590 0.999508679 -0.009392822 -5.977319241 -0.069923460 0.011465596 0.997486413 53.696571350
0.996813476 -0.031789690 0.073161013 4.026689529 0.032324996 0.999458551 -0.006143950 -6.113206863 -0.072926112 0.008489301 0.997301161 54.910903931
0.996587813 -0.034271337 0.075087592 4.180393219 0.034701295 0.999387920 -0.004428558 -6.244466305 -0.074889854 0.007019084 0.997167051 56.126399994
0.996354461 -0.037723579 0.076516047 4.328083038 0.037949786 0.999278605 -0.001504014 -6.365557671 -0.076404087 0.004402298 0.997067213 57.341915131
0.996201396 -0.040848199 0.076903172 4.482975006 0.040966179 0.999160528 0.000043473 -6.492853642 -0.076840386 0.003107121 0.997038543 58.543762207
0.996136367 -0.042768493 0.076702334 4.626905918 0.043142650 0.999063671 -0.003226755 -6.618601799 -0.076492533 0.006523429 0.997048795 59.750484467
0.996155381 -0.043951072 0.075781673 4.778765202 0.044646643 0.998974621 -0.007508144 -6.748134136 -0.075373977 0.010862675 0.997096121 60.938804626
0.996150732 -0.045233812 0.075083822 4.904362202 0.046208855 0.998867869 -0.011299067 -6.879856110 -0.074487709 0.014725112 0.997113168 62.139411926
0.996207118 -0.046612870 0.073474586 5.050321579 0.047736768 0.998767138 -0.013614237 -7.012369156 -0.072749399 0.017070042 0.997204185 63.328006744
0.996318460 -0.046982542 0.071709141 5.180982590 0.048104245 0.998744249 -0.013995436 -7.146113396 -0.070961557 0.017393423 0.997327328 64.516090393
0.996550143 -0.046390504 0.068817325 5.316347122 0.047420520 0.998785019 -0.013409098 -7.281015396 -0.068111658 0.016626190 0.997539163 65.690597534
0.996801078 -0.045209467 0.065907277 5.434447289 0.046046272 0.998876154 -0.011232504 -7.426019192 -0.065325402 0.014231353 0.997762442 66.895355225
0.997198105 -0.041407753 0.062301815 5.555486679 0.041974589 0.999088168 -0.007816683 -7.554156780 -0.061921339 0.010409875 0.998026669 68.070281982
0.997415185 -0.039840966 0.059797406 5.663819313 0.040232867 0.999175966 -0.005363713 -7.678864479 -0.059534438 0.007755670 0.998196125 69.235656738
0.997678816 -0.038153980 0.056402650 5.783338547 0.038682044 0.999217093 -0.008300095 -7.825273991 -0.056041803 0.010462597 0.998373747 70.446487427
0.997854769 -0.038457222 0.052979879 5.894112587 0.039295767 0.999116838 -0.014877426 -7.956126213 -0.052360944 0.016927395 0.998484790 71.606201172
0.997930765 -0.041917805 0.048755571 6.004112244 0.042841587 0.998918712 -0.018058576 -8.091320992 -0.047945872 0.020109978 0.998647571 72.781387329
0.997945070 -0.045739677 0.044872433 6.125580788 0.046391081 0.998831093 -0.013584030 -8.226204872 -0.044198651 0.015637798 0.998900294 73.978431702
0.997953713 -0.049493287 0.040482264 6.232170105 0.049888562 0.998715937 -0.008812468 -8.351778030 -0.039994124 0.010814041 0.999141335 75.134979248
0.998007357 -0.051925864 0.035846017 6.330127716 0.052158080 0.998623252 -0.005572793 -8.485379219 -0.035507292 0.007431348 0.999341786 76.326248169
0.998192191 -0.051013548 0.031778637 6.419055939 0.051143616 0.998685896 -0.003292988 -8.608675957 -0.031568889 0.004912310 0.999489486 77.485595703
0.998329580 -0.050650366 0.027798057 6.515718460 0.050778184 0.998702288 -0.003911266 -8.717300415 -0.027563872 0.005316267 0.999605894 78.646217346
0.998475134 -0.049595144 0.024240581 6.598128796 0.049733348 0.998749375 -0.005131911 -8.856161118 -0.023955746 0.006329651 0.999692976 79.834091187
0.998659611 -0.047297895 0.021020940 6.672123909 0.047519773 0.998818398 -0.010183658 -8.985169411 -0.020514434 0.011168919 0.999727190 80.977340698
0.998581171 -0.050454285 0.017031321 6.759789467 0.050706618 0.998605132 -0.014723632 -9.127786636 -0.016264694 0.015566342 0.999746501 82.145797729
0.998434246 -0.053967763 0.014716181 6.822044373 0.054200862 0.998403013 -0.015929751 -9.258807182 -0.013832989 0.016702441 0.999764800 83.284194946
0.998482704 -0.054102316 0.010256025 6.896872997 0.054229546 0.998449445 -0.012561992 -9.385814667 -0.009560490 0.013099110 0.999868512 84.449943542
0.998473644 -0.054663848 0.007892508 6.955265045 0.054741777 0.998450279 -0.010020176 -9.513089180 -0.007332535 0.010436933 0.999918640 85.581283569
0.998612046 -0.052136283 0.007468642 7.005152702 0.052221604 0.998566687 -0.011724631 -9.641407967 -0.006846658 0.012098383 0.999903381 86.724037170
0.998820603 -0.048172835 0.006062499 7.064450264 0.048259277 0.998721838 -0.015026315 -9.770904541 -0.005330889 0.015301164 0.999868631 87.854904175
0.998879135 -0.047087900 0.004817982 7.117511749 0.047165688 0.998732805 -0.017556086 -9.902519226 -0.003985196 0.017763648 0.999834239 88.972938538
0.998811722 -0.048583161 0.003841653 7.173546314 0.048644561 0.998654902 -0.017945871 -10.035177231 -0.002964618 0.018111423 0.999831557 90.090660095
0.998788059 -0.049121711 0.003064755 7.216962814 0.049164373 0.998664260 -0.015887562 -10.168875694 -0.002280238 0.016018983 0.999869108 91.207336426
0.998696089 -0.051020879 0.001744930 7.277290344 0.051039346 0.998611391 -0.013049000 -10.295498848 -0.001076735 0.013121043 0.999913394 92.316444397
0.998713136 -0.050663814 0.002275773 7.321655750 0.050688300 0.998636901 -0.012444288 -10.422409058 -0.001642195 0.012543626 0.999919951 93.455268860
0.998695791 -0.051029559 0.001661468 7.370029449 0.051048428 0.998589158 -0.014615873 -10.555663109 -0.000913283 0.014681626 0.999891818 94.601608276
0.998694062 -0.051076367 0.001220839 7.425148010 0.051090077 0.998532236 -0.017977815 -10.685902596 -0.000300805 0.018016709 0.999837637 95.701042175
0.998640299 -0.052127752 0.000525173 7.483259678 0.052128308 0.998459101 -0.019029606 -10.818561554 0.000467606 0.019031109 0.999818802 96.804290771
0.998625398 -0.052398443 0.001322449 7.524725437 0.052413702 0.998466134 -0.017836224 -10.951838493 -0.000385831 0.017881023 0.999839962 97.874511719
0.998644233 -0.052025024 0.001761162 7.576619625 0.052042764 0.998569489 -0.012266787 -11.073114395 -0.001120463 0.012341814 0.999923170 98.964065552
0.998734057 -0.050225474 0.002763743 7.630910397 0.050249316 0.998692930 -0.009366077 -11.190502167 -0.002289715 0.009493098 0.999952316 100.036293030
0.998813093 -0.048458893 0.004906558 7.682799339 0.048503838 0.998777866 -0.009498276 -11.303963661 -0.004440284 0.009724989 0.999942899 101.085449219
0.998881102 -0.046818357 0.006677205 7.733939648 0.046890758 0.998838007 -0.011133097 -11.429897308 -0.006148212 0.011433738 0.999915719 102.138427734
0.998853505 -0.046991363 0.009146264 7.788385868 0.047113199 0.998797059 -0.013595444 -11.548279762 -0.008496393 0.014010767 0.999865711 103.151802063
0.998763919 -0.048503909 0.010862494 7.850336075 0.048655160 0.998715758 -0.014121033 -11.666263580 -0.010163618 0.014632097 0.999841273 104.158317566
0.998657167 -0.050264366 0.012552326 7.916593552 0.050430432 0.998639226 -0.013282805 -11.792740822 -0.011867595 0.013897988 0.999832988 105.165718079
0.998633087 -0.050264291 0.014330874 7.977665901 0.050432570 0.998659670 -0.011632368 -11.907637596 -0.013726974 0.012339208 0.999829590 106.125915527
0.998574376 -0.050998382 0.015758665 8.036979675 0.051167231 0.998634994 -0.010504074 -12.016121864 -0.015201462 0.011295428 0.999820650 107.083976746
0.998507023 -0.051691853 0.017651720 8.095649719 0.051887993 0.998594105 -0.010840318 -12.123486519 -0.017066551 0.011740047 0.999785423 108.002944946
0.998492837 -0.051310722 0.019476226 8.152877808 0.051495150 0.998631895 -0.009089003 -12.224394798 -0.018983217 0.010078236 0.999769032 108.910705566
0.998496771 -0.050478239 0.021359939 8.211174011 0.050635427 0.998693466 -0.006882878 -12.323252678 -0.020984599 0.007954099 0.999748230 109.781867981
0.998470902 -0.050535429 0.022406727 8.275262833 0.050627954 0.998711169 -0.003581087 -12.425748825 -0.022196874 0.004710018 0.999742448 110.641960144
0.998424411 -0.050696783 0.024053114 8.334545135 0.050795201 0.998703003 -0.003498223 -12.517116547 -0.023844568 0.004714496 0.999704480 111.466377258
0.998454034 -0.049525257 0.025233990 8.386333466 0.049612913 0.998764396 -0.002859363 -12.606118202 -0.025061198 0.004106874 0.999677420 112.281631470
0.998548150 -0.047274515 0.025823370 8.437729836 0.047356300 0.998874784 -0.002564202 -12.686764717 -0.025673088 0.003783378 0.999663293 113.062667847
0.998685360 -0.044753086 0.024992809 8.483617783 0.044750404 0.998997986 0.000667040 -12.765460968 -0.024997616 0.000452275 0.999687374 113.815170288
0.998748302 -0.044939827 0.021958904 8.531889915 0.044918787 0.998989582 0.001450603 -12.850458145 -0.022001905 -0.000462420 0.999757826 114.569572449
0.998858571 -0.045053340 0.015865177 8.565883636 0.045035314 0.998984337 0.001491461 -12.924348831 -0.015916262 -0.000775266 0.999873042 115.264938354
0.999048471 -0.043271698 0.005451011 8.590106964 0.043269843 0.999063313 0.000457001 -13.000510216 -0.005465681 -0.000220702 0.999985039 115.930870056
0.999141753 -0.040655803 -0.007936018 8.587011337 0.040638711 0.999171257 -0.002303309 -13.072441101 0.008023085 0.001978823 0.999965847 116.555541992
0.998849213 -0.039284959 -0.027517814 8.593804359 0.039171372 0.999221683 -0.004654916 -13.141478539 0.027679268 0.003571649 0.999610484 117.195869446
0.998034716 -0.037899159 -0.049903572 8.560876846 0.037609104 0.999269783 -0.006739004 -13.212909698 0.050122537 0.004848931 0.998731315 117.783348083
0.996339619 -0.036091521 -0.077489875 8.519964218 0.035498064 0.999329031 -0.009022820 -13.276387215 0.077763520 0.006239053 0.996952355 118.353576660
0.993349910 -0.034170285 -0.109946519 8.451600075 0.033216018 0.999393046 -0.010499815 -13.347929001 0.110238560 0.006778006 0.993882060 118.899642944
0.989015818 -0.029253215 -0.144886419 8.340124130 0.027801367 0.999541044 -0.012035680 -13.414082527 0.145172000 0.007875438 0.989375114 119.436927795
0.982683301 -0.023304485 -0.183821887 8.239154816 0.021528101 0.999700308 -0.011653655 -13.469153404 0.184038386 0.007494516 0.982890487 119.946281433
0.974138200 -0.017936233 -0.225240260 8.096731186 0.016166382 0.999822199 -0.009699664 -13.527369499 0.225374207 0.005807492 0.974254966 120.450714111
0.962777078 -0.013316774 -0.269968301 7.923723221 0.011585653 0.999900877 -0.008004822 -13.586744308 0.270048082 0.004579100 0.962836027 120.944534302
0.948431134 -0.007125474 -0.316903174 7.730388641 0.004605207 0.999951541 -0.008701105 -13.642917633 0.316949785 0.006792994 0.948418021 121.418029785
0.931075096 0.000454177 -0.364827454 7.498558044 -0.004180208 0.999946833 -0.009423453 -13.698562622 0.364803791 0.010298996 0.931027472 121.884613037
0.909943700 0.005456133 -0.414695978 7.248126984 -0.010670830 0.999890387 -0.010258888 -13.751492500 0.414594561 0.013760157 0.909902215 122.319717407
0.884830892 0.009713749 -0.465811133 6.980636597 -0.015722588 0.999835670 -0.009015833 -13.804842949 0.465647072 0.015301243 0.884838283 122.731475830
0.855634451 0.012713993 -0.517424583 6.695838928 -0.020450786 0.999748111 -0.009252757 -13.842895508 0.517176509 0.018498717 0.855678797 123.137985229
0.824241459 0.022875443 -0.565776348 6.368755341 -0.031461608 0.999490261 -0.005422949 -13.899287224 0.565363824 0.022270050 0.824540913 123.499259949
0.789921463 0.034883503 -0.612214804 6.025478363 -0.043601684 0.999048769 0.000667102 -13.934827805 0.611655891 0.026166644 0.790691078 123.857902527
0.753836513 0.043542396 -0.655617595 5.668872833 -0.054863110 0.998488665 0.003231704 -13.975152969 0.654767454 0.033533048 0.755086184 124.175125122
0.713952124 0.047435563 -0.698585689 5.301300049 -0.062036056 0.998064339 0.004370191 -14.023230553 0.697440743 0.040217400 0.715513051 124.472305298
0.671646893 0.049328726 -0.739227295 4.919002533 -0.065117344 0.997850060 0.007422345 -14.069988251 0.738004088 0.043151326 0.673415065 124.754676819
0.627556086 0.052402608 -0.776805878 4.510051727 -0.067655601 0.997628629 0.012642365 -14.105550766 0.775626242 0.044621471 0.629613221 125.025909424
0.582701802 0.061197668 -0.810378551 4.082923889 -0.078915872 0.996709108 0.018524487 -14.139246941 0.808845401 0.053157475 0.585613728 125.253028870
0.536984801 0.070006847 -0.840682089 3.639736176 -0.090711445 0.995564342 0.024962652 -14.162895203 0.838700652 0.062854923 0.540953279 125.463653564
0.490172774 0.075037338 -0.868389368 3.183845520 -0.096147649 0.994862318 0.031694151 -14.191548347 0.866306126 0.067957975 0.494869113 125.665885925
0.442683727 0.076306649 -0.893425167 2.722591400 -0.095405936 0.994724929 0.037685830 -14.218250275 0.891587853 0.068555146 0.447628587 125.846405029
0.395790726 0.077577919 -0.915058196 2.243171692 -0.092770837 0.994705737 0.044204146 -14.235179901 0.913642824 0.067395106 0.400892287 126.017822266
0.349592179 0.081082113 -0.933386862 1.745731354 -0.094566561 0.994213998 0.050946992 -14.264474869 0.932117224 0.070456490 0.355237126 126.166755676
0.306148052 0.084278755 -0.948246002 1.246055603 -0.100296848 0.993385494 0.055909123 -14.283369064 0.946685731 0.077989623 0.312575907 126.279899597
0.264528394 0.085769393 -0.960556269 0.724605560 -0.104979917 0.992679238 0.059727177 -14.300879478 0.958646894 0.085039578 0.271595985 126.382354736
0.225098491 0.082416676 -0.970844030 0.197696686 -0.105224505 0.992644608 0.059870169 -14.318284988 0.968637407 0.088679910 0.232115120 126.482887268
0.189941287 0.077039137 -0.978768229 -0.340631485 -0.100457758 0.993209362 0.058680814 -14.337732315 0.976642489 0.087178938 0.196390674 126.574890137
0.159452990 0.071749523 -0.984594584 -0.889434814 -0.097913191 0.993587136 0.056547977 -14.358211517 0.982337892 0.087388061 0.165455654 126.653945923
0.133341610 0.070204012 -0.988580465 -1.456535339 -0.099060319 0.993436813 0.057187427 -14.377741814 0.986107111 0.090303637 0.139420867 126.717857361
0.111255117 0.069572605 -0.991353571 -2.050176620 -0.099352896 0.993327498 0.058561217 -14.392173767 0.988813102 0.091978624 0.117425010 126.775245667
0.092479318 0.071042776 -0.993176997 -2.643847466 -0.101718277 0.992907226 0.061552010 -14.410695076 0.990505397 0.095331959 0.099049762 126.833511353
0.076204479 0.069309309 -0.994680405 -3.253348351 -0.102598198 0.992831051 0.061320186 -14.434080124 0.991799533 0.097379550 0.082769193 126.887588501
0.061890680 0.068238184 -0.995747447 -3.872975349 -0.101491287 0.992919087 0.061736155 -14.463916779 0.992909372 0.097238801 0.068378009 126.939956665
0.049932629 0.065844722 -0.996579766 -4.512167454 -0.097165458 0.993411481 0.060767002 -14.486839294 0.994014859 0.093798883 0.056001492 126.980300903
0.037893213 0.063680485 -0.997250676 -5.165121555 -0.095050581 0.993672252 0.059840273 -14.505839348 0.994750857 0.092521727 0.043706298 127.013145447
0.027375398 0.062022381 -0.997699201 -5.828753948 -0.094022550 0.993808329 0.059200656 -14.521653175 0.995193601 0.092185587 0.033037398 127.051353455
0.017659154 0.063565567 -0.997821391 -6.500348091 -0.097393878 0.993340492 0.061556451 -14.544966698 0.995089293 0.096094668 0.023732448 127.071769714
0.009673648 0.063473605 -0.997936606 -7.175370216 -0.100340635 0.993007779 0.062187426 -14.572715759 0.994906068 0.099532008 0.015974987 127.081848145
0.002632960 0.062582187 -0.998036265 -7.872725964 -0.102070101 0.992844045 0.061987322 -14.593066216 0.994773746 0.101706460 0.009001888 127.107528687
-0.002591048 0.063358530 -0.997987390 -8.571106911 -0.102714032 0.992695570 0.063289225 -14.611091614 0.994707584 0.102671288 0.003935687 127.124076843
-0.006377984 0.065799825 -0.997812450 -9.294568062 -0.105146557 0.992257178 0.066105589 -14.631920815 0.994436324 0.105338164 0.000590025 127.148246765
-0.006868407 0.069934338 -0.997527957 -10.029867172 -0.107514516 0.991717279 0.070267245 -14.657893181 0.994179785 0.107731357 0.000707439 127.145759583
-0.007595356 0.072757803 -0.997320712 -10.753643036 -0.109700873 0.991269112 0.073151767 -14.672248840 0.993935764 0.109962560 0.000452551 127.149871826
-0.008409699 0.078228980 -0.996899903 -11.493044853 -0.114366062 0.990318239 0.078677267 -14.680283546 0.993403137 0.114673175 0.000618461 127.160003662
-0.009268666 0.082139127 -0.996577740 -12.236952782 -0.117618710 0.989612699 0.082658969 -14.695384026 0.993015528 0.117982343 0.000488708 127.163360596
-0.010783167 0.082639232 -0.996521175 -12.989603996 -0.117485538 0.989572048 0.083334245 -14.713252068 0.993016064 0.117975451 -0.000961803 127.182510376
-0.012336908 0.079585902 -0.996751666 -13.733898163 -0.115231015 0.990073204 0.080478884 -14.733247757 0.993262053 0.115849584 -0.003043677 127.202812195
-0.013865536 0.076133698 -0.997001171 -14.496498108 -0.118861102 0.989901721 0.077244580 -14.739531517 0.992814064 0.119575702 -0.004676182 127.213951111
-0.014834628 0.077710673 -0.996865571 -15.259446144 -0.123832487 0.989157140 0.078952566 -14.751239777 0.992192149 0.124615572 -0.005050674 127.215637207
-0.016416980 0.080845997 -0.996591508 -16.051599503 -0.120975897 0.989242613 0.082242705 -14.768703461 0.992519677 0.121913701 -0.006459961 127.227111816
-0.018736372 0.080910206 -0.996545315 -16.825159073 -0.119864218 0.989349902 0.082579620 -14.786685944 0.992613494 0.120997369 -0.008838589 127.244132996
-0.019196851 0.080253199 -0.996589661 -17.619167328 -0.123526052 0.988946199 0.082017109 -14.797296524 0.992155671 0.124679253 -0.009071291 127.235893250
-0.020737467 0.079660118 -0.996606350 -18.409740448 -0.127467781 0.988475204 0.081662558 -14.809089661 0.991625905 0.128728673 -0.010344372 127.254577637
-0.021926340 0.083903804 -0.996232569 -19.206764221 -0.129288763 0.987866819 0.086044773 -14.816011429 0.991364479 0.130688325 -0.010812483 127.261940002
-0.022717783 0.089001417 -0.995772481 -20.010683060 -0.128675550 0.987484634 0.091196284 -14.831943512 0.991426408 0.130203307 -0.010981158 127.275611877
-0.021185642 0.091071084 -0.995618999 -20.842868805 -0.129470825 0.987207055 0.093056619 -14.838105202 0.991356909 0.130875051 -0.009123568 127.281074524
-0.019245351 0.090301774 -0.995728433 -21.661491394 -0.128805831 0.987389743 0.092035085 -14.849691391 0.991483092 0.130026877 -0.007371266 127.289833069
-0.018348342 0.090018727 -0.995770991 -22.492984772 -0.128893927 0.987415195 0.091638371 -14.853879929 0.991488636 0.130030259 -0.006514563 127.303817749
-0.018273531 0.089011148 -0.995862901 -23.318609238 -0.127311364 0.987714469 0.090618908 -14.860904694 0.991694450 0.128440589 -0.006716901 127.327949524
-0.017763164 0.091100447 -0.995683253 -24.156103134 -0.128142521 0.987420380 0.092630528 -14.869597435 0.991596699 0.129234776 -0.005865869 127.349136353
-0.017218435 0.093032435 -0.995514154 -24.994688034 -0.129830748 0.987024128 0.094484590 -14.871204376 0.991386712 0.130875230 -0.004916542 127.362915039
-0.016942415 0.095706947 -0.995265484 -25.866678238 -0.133089542 0.986334682 0.097113766 -14.877095222 0.990959108 0.134104744 -0.003973297 127.375442505
-0.015300255 0.096787900 -0.995187521 -26.730606079 -0.135323152 0.985946059 0.097969614 -14.875579834 0.990683377 0.136170879 -0.001987580 127.386611938
-0.013569789 0.099903487 -0.994904578 -27.600587845 -0.142102569 0.984704375 0.100817390 -14.876752853 0.989758968 0.142746568 0.000834312 127.400016785
-0.011362760 0.103724793 -0.994541109 -28.478616714 -0.146663383 0.983675778 0.104267247 -14.873926163 0.989121199 0.147047520 0.004035355 127.416786194
-0.009387268 0.105549365 -0.994369686 -29.353401184 -0.149244800 0.983127475 0.105764970 -14.870565414 0.988755703 0.149397373 0.006523811 127.447296143
-0.005465357 0.106534556 -0.994293988 -30.250787735 -0.148251653 0.983234763 0.106164515 -14.874232292 0.988934577 0.147985950 0.010420199 127.467437744
-0.002927093 0.106511265 -0.994307220 -31.141092300 -0.150888696 0.982880235 0.105731390 -14.869969368 0.988546431 0.150339186 0.013194364 127.497245789
-0.000358508 0.110293739 -0.993898988 -32.045772552 -0.151405483 0.982435107 0.109076202 -14.862596512 0.988471687 0.150520861 0.016346864 127.525360107
0.001701447 0.112271130 -0.993676126 -32.961471558 -0.150339350 0.982412517 0.110741109 -14.861485481 0.988632977 0.149200186 0.018550294 127.568962097
0.003460584 0.113566108 -0.993524313 -33.854225159 -0.151012719 0.982195616 0.111745156 -14.859318733 0.988525689 0.149648115 0.020548893 127.608917236
0.006107824 0.111751884 -0.993717372 -34.757614136 -0.152254462 0.982253730 0.109526880 -14.853488922 0.988322437 0.150628924 0.023014152 127.638275146
0.005934900 0.112912297 -0.993587255 -35.666576385 -0.156443432 0.981474757 0.110601373 -14.845108032 0.987669110 0.154783800 0.023489347 127.683303833
0.007061629 0.113652080 -0.993495524 -36.561065674 -0.157299057 0.981277585 0.111136332 -14.841942787 0.987525702 0.155491084 0.024806779 127.718055725
0.007355670 0.110027872 -0.993901372 -37.456676483 -0.157815933 0.981599867 0.107498102 -14.839628220 0.987441123 0.156062737 0.024584476 127.751129150
0.008252975 0.105890572 -0.994343400 -38.367115021 -0.158873454 0.981885731 0.103245266 -14.842554092 0.987264454 0.157122716 0.024926679 127.794265747
0.008801651 0.105170004 -0.994415283 -39.264923096 -0.158608437 0.982011378 0.102454312 -14.838302612 0.987302303 0.156820908 0.025324175 127.833534241
0.008435719 0.109295651 -0.993973494 -40.165260315 -0.160767540 0.981226385 0.106529586 -14.837247849 0.986956179 0.158900037 0.025848545 127.876724243
0.008999850 0.115492545 -0.993267596 -41.103343964 -0.161522448 0.980431497 0.112536490 -14.825529099 0.986827970 0.159422204 0.027478376 127.907836914
0.009033269 0.114264250 -0.993409336 -41.996932983 -0.159325793 0.980922997 0.111379266 -14.827882767 0.987184703 0.157269597 0.027066182 127.952697754
0.010042801 0.103575051 -0.994570851 -42.887866974 -0.158603072 0.982195318 0.100684725 -14.832317352 0.987291276 0.156730860 0.026291316 127.994522095
0.010183122 0.093262427 -0.995589495 -43.813869476 -0.160340667 0.982910216 0.090434685 -14.840006828 0.987009227 0.158712551 0.024962854 128.035461426
0.009141465 0.090232886 -0.995878816 -44.714031219 -0.157146648 0.983675003 0.087684639 -14.849576950 0.987532914 0.155697480 0.023172027 128.080200195
0.008998409 0.100343488 -0.994912148 -45.633853912 -0.149842381 0.983853817 0.097872928 -14.854223251 0.988668919 0.148199335 0.023888826 128.129196167
0.009221639 0.113491371 -0.993496180 -46.580135345 -0.145054072 0.983181417 0.110966675 -14.852126122 0.989380896 0.143087387 0.025528926 128.182342529
0.009442884 0.122375980 -0.992438912 -47.501304626 -0.145352483 0.982109904 0.119719326 -14.843911171 0.989334822 0.143122956 0.027061606 128.227050781
0.008821648 0.116751388 -0.993121982 -48.418098450 -0.145310879 0.982768118 0.114243418 -14.842844009 0.989346683 0.143303633 0.025634881 128.268463135
0.009320506 0.103237025 -0.994613111 -49.339481354 -0.145125091 0.984264910 0.100802958 -14.840554237 0.989369392 0.143403783 0.024156129 128.305938721
0.009859833 0.094285481 -0.995496392 -50.254138947 -0.145705566 0.985054731 0.091853403 -14.841053009 0.989278853 0.144143716 0.023450395 128.348022461
0.010066511 0.094434783 -0.995480180 -51.183815002 -0.144690529 0.985191107 0.091995597 -14.851135254 0.989425719 0.143110454 0.023581257 128.392562866
0.009791142 0.095904239 -0.995342374 -52.127475739 -0.148301899 0.984521449 0.093402751 -14.870269775 0.988893628 0.146696672 0.023862375 128.431777954
0.010427002 0.095566727 -0.995368361 -53.056118011 -0.152927518 0.983864963 0.092860259 -14.874971390 0.988182425 0.151250988 0.024873544 128.463272095
0.010926942 0.094794668 -0.995436847 -53.996356964 -0.154513612 0.983699679 0.091980822 -14.877435684 0.987930238 0.152803466 0.025395896 128.502212524
0.011363627 0.102738455 -0.994643509 -54.946113586 -0.162987024 0.981595218 0.099528581 -14.885837555 0.986562788 0.160982996 0.027899519 128.537521362
0.013442706 0.111945912 -0.993623316 -55.905143738 -0.169646576 0.979561985 0.108066544 -14.874028206 0.985413373 0.167112112 0.032159194 128.573608398
0.014621516 0.120104507 -0.992653608 -56.850982666 -0.169828475 0.978633702 0.115906671 -14.866986275 0.985365093 0.166886106 0.034706276 128.618423462
0.015617364 0.120948069 -0.992536068 -57.791297913 -0.171387464 0.978289604 0.116515279 -14.862337112 0.985079825 0.168288574 0.036007289 128.661636353
0.016717438 0.111557320 -0.993617356 -58.727653503 -0.173142865 0.979066074 0.107010476 -14.860931396 0.984754741 0.170248851 0.035682824 128.715164185
0.017991366 0.106327526 -0.994168401 -59.684440613 -0.171188593 0.979974091 0.101711452 -14.859917641 0.985073984 0.168360323 0.035833139 128.770721436
0.020159924 0.104754820 -0.994293749 -60.635074615 -0.169835389 0.980401158 0.099847637 -14.857305527 0.985266268 0.166853338 0.037555885 128.823867798
0.023983205 0.110399768 -0.993597865 -61.595779419 -0.170983076 0.979692221 0.104727544 -14.850698471 0.984982014 0.167376742 0.042372655 128.872863770
0.027641153 0.112648539 -0.993250430 -62.578075409 -0.174073309 0.978990674 0.106187001 -14.858078003 0.984344661 0.169963226 0.046669535 128.919586182
0.030942148 0.107733361 -0.993698180 -63.523880005 -0.173754662 0.979616940 0.100796275 -14.858564377 0.984302700 0.169540837 0.049030632 128.999526978
0.034375697 0.101831436 -0.994207442 -64.474082947 -0.173708811 0.980262458 0.094396941 -14.864433289 0.984196961 0.169457644 0.051386222 129.063064575
0.037826899 0.101948254 -0.994070232 -65.439582825 -0.171082929 0.980755389 0.094072558 -14.870761871 0.984530270 0.166510001 0.054540545 129.130355835
0.040205963 0.106168486 -0.993534923 -66.402709961 -0.168937132 0.980746210 0.097965404 -14.880983353 0.984806418 0.163906127 0.057367645 129.209793091
0.043438729 0.113036089 -0.992640972 -67.374198914 -0.168308094 0.980205774 0.104254775 -14.888109207 0.984776795 0.162540808 0.061603785 129.291809082
0.047017135 0.116915479 -0.992028296 -68.330230713 -0.166155115 0.980206430 0.107647292 -14.889196396 0.984978080 0.159769297 0.065512598 129.364883423
0.049047370 0.118609153 -0.991728842 -69.293197632 -0.165703729 0.980130255 0.109026864 -14.891185760 0.984955132 0.158985674 0.067726798 129.446640015
0.050711930 0.116227984 -0.991927147 -70.250671387 -0.163766429 0.980728984 0.106543340 -14.892398834 0.985194802 0.157041341 0.068768896 129.532546997
0.050530449 0.114134870 -0.992179394 -71.209869385 -0.161137313 0.981364369 0.104684249 -14.895912170 0.985637605 0.154587373 0.067980155 129.628738403
0.050737478 0.110338256 -0.992598236 -72.151084900 -0.158016771 0.982246101 0.101110339 -14.904524803 0.986132085 0.151717082 0.067271993 129.719787598
0.050854772 0.111004315 -0.992518008 -73.122375488 -0.157262921 0.982295454 0.101803184 -14.908637047 0.986246586 0.150909111 0.067411281 129.795059204
0.049551573 0.114840537 -0.992147386 -74.067604065 -0.153585523 0.982428610 0.106044970 -14.905716896 0.986892223 0.147124782 0.066318728 129.898681641
0.049643941 0.116387621 -0.991962314 -75.045730591 -0.148036599 0.983074248 0.107936099 -14.907496452 0.987735093 0.141488373 0.066033289 129.982971191
0.048691269 0.112536594 -0.992453873 -75.996322632 -0.144971922 0.983906686 0.104454875 -14.904653549 0.988236904 0.138791904 0.064222321 130.065979004
0.047429152 0.109254375 -0.992881656 -76.943740845 -0.146557301 0.984004080 0.101276577 -14.911121368 0.988064468 0.140710622 0.062682502 130.144439697
0.046781398 0.105473138 -0.993321180 -77.929626465 -0.143233031 0.984842181 0.097827122 -14.909942627 0.988582611 0.137699902 0.061179534 130.204727173
0.045225605 0.106386527 -0.993295729 -78.869010925 -0.143505424 0.984692276 0.098931119 -14.915643692 0.988615572 0.138069093 0.059800345 130.283935547
0.044036809 0.107676834 -0.993210196 -79.817703247 -0.143937603 0.984485686 0.100349113 -14.917510986 0.988606393 0.138541237 0.058852356 130.362930298
0.043177977 0.108941711 -0.993109941 -80.787063599 -0.146746382 0.983946979 0.101556405 -14.927785873 0.988231301 0.141350299 0.058471642 130.424972534
0.041738071 0.108914196 -0.993174493 -81.745513916 -0.146544099 0.983957708 0.101744950 -14.921600342 0.988323212 0.141297221 0.057029236 130.497528076
0.039690286 0.109791838 -0.993161798 -82.699432373 -0.146733254 0.983810008 0.102894031 -14.925541878 0.988379478 0.141645938 0.055157818 130.565032959
0.037693270 0.112842523 -0.992897689 -83.644622803 -0.146632418 0.983473122 0.106204815 -14.927026749 0.988472641 0.141587749 0.053616688 130.636795044
0.036017440 0.116421148 -0.992546678 -84.602745056 -0.148175329 0.982835174 0.109905057 -14.917444229 0.988304973 0.143112406 0.052649952 130.691360474
0.033683956 0.120943524 -0.992087781 -85.551918030 -0.149195582 0.982136846 0.114664815 -14.904764175 0.988233805 0.144152761 0.051126495 130.756942749
0.031984523 0.121448793 -0.992082238 -86.500869751 -0.149422586 0.982016325 0.115399159 -14.905857086 0.988255978 0.144548506 0.049556516 130.816619873
0.030641017 0.115277916 -0.992860556 -87.443504333 -0.149409011 0.982695103 0.109486654 -14.895713806 0.988300622 0.144987568 0.047334336 130.881378174
0.028331308 0.110838830 -0.993434489 -88.381950378 -0.154221997 0.982418537 0.105211578 -14.889737129 0.987629950 0.150228679 0.044926990 130.941818237
0.028430916 0.108254723 -0.993716538 -89.356246948 -0.152689576 0.982922435 0.102710269 -14.879561424 0.987865090 0.148810059 0.044474747 130.983749390
0.027531279 0.109481223 -0.993607461 -90.307968140 -0.148703441 0.983373106 0.104233205 -14.885780334 0.988498569 0.144883171 0.043353755 131.043365479
0.026692040 0.110553846 -0.993511617 -91.260658264 -0.145275638 0.983743489 0.105563857 -14.882412910 0.989031076 0.141515315 0.042318895 131.109817505
0.025466388 0.110672973 -0.993530512 -92.206214905 -0.140370056 0.984402239 0.106058151 -14.886568069 0.989771485 0.136760980 0.040604349 131.175277710
0.024453137 0.107784078 -0.993873477 -93.152572632 -0.136293605 0.985247612 0.103495240 -14.889406204 0.990366697 0.132927805 0.038782671 131.235687256
0.023520900 0.104735374 -0.994221926 -94.116081238 -0.130912453 0.986256301 0.100799181 -14.897935867 0.991114795 0.127785146 0.036908798 131.290054321
0.022489546 0.107253030 -0.993977308 -95.075622559 -0.128951356 0.986234903 0.103499956 -14.901792526 0.991395831 0.125847086 0.036010399 131.345138550
0.021147475 0.109667510 -0.993743360 -96.020751953 -0.128661826 0.985999107 0.106074870 -14.901349068 0.991463006 0.125613630 0.034961417 131.403793335
0.019887555 0.107406862 -0.994016171 -96.981842041 -0.124000579 0.986801565 0.104146391 -14.896822929 0.992082834 0.121187344 0.032943588 131.453262329
0.016672868 0.105347902 -0.994295597 -97.930244446 -0.122638203 0.987140656 0.102533340 -14.912456512 0.992311358 0.120229103 0.029378150 131.509063721
0.013574839 0.102802269 -0.994609237 -98.881477356 -0.121481001 0.987502038 0.100409649 -14.913558006 0.992500961 0.119463094 0.025893703 131.563003540
0.011557244 0.101433426 -0.994775176 -99.843696594 -0.115069881 0.988367319 0.099443153 -14.919344902 0.993290126 0.113319382 0.023094732 131.605743408
0.008633790 0.101556875 -0.994792223 -100.788742065 -0.109498009 0.988943040 0.100009404 -14.916831970 0.993949473 0.108064324 0.019658603 131.663711548
0.006159151 0.109980613 -0.993914664 -101.778495789 -0.099635921 0.989054978 0.108825423 -14.922641754 0.995005012 0.098359331 0.017049756 131.721191406
0.003527365 0.118363105 -0.992964089 -102.737525940 -0.091717511 0.988823235 0.117543690 -14.920056343 0.995778799 0.090657592 0.014343908 131.775390625
-0.000453835 0.117470138 -0.993076265 -103.692092896 -0.087432608 0.989268720 0.117059678 -14.910832405 0.996170282 0.086880393 0.009821757 131.829635620
-0.002261653 0.107895203 -0.994159639 -104.647293091 -0.089105904 0.990185738 0.107666664 -14.915797234 0.996019602 0.088829011 0.007374646 131.852859497
-0.004498191 0.098429814 -0.995133936 -105.594047546 -0.090892196 0.990984440 0.098430246 -14.913371086 0.995850563 0.090892650 0.004488864 131.889587402
-0.005205299 0.100129306 -0.994960904 -106.545028687 -0.098308042 0.990103364 0.100154780 -14.918239594 0.995142400 0.098333977 0.004689730 131.915039062
-0.005684043 0.109591722 -0.993960440 -107.521148682 -0.101577550 0.988771856 0.109600507 -14.905459404 0.994811356 0.101587057 0.005511836 131.939880371
-0.007084071 0.121025980 -0.992624104 -108.484832764 -0.105564617 0.987011731 0.121095076 -14.893260002 0.994387209 0.105643831 0.005784000 131.965805054
-0.008731021 0.122650556 -0.992411554 -109.426055908 -0.112612523 0.986015439 0.122850798 -14.882672310 0.993600667 0.112830587 0.005203068 131.997543335
-0.008523960 0.119178437 -0.992836356 -110.418106079 -0.119642407 0.985618472 0.119339220 -14.860020638 0.992780387 0.119802564 0.005857422 132.013809204
-0.008798702 0.115289606 -0.993292868 -111.372322083 -0.127811581 0.985054314 0.115465522 -14.847790718 0.991759419 0.127970278 0.006068147 132.036453247
-0.006904301 0.117190063 -0.993085444 -112.338356018 -0.132282317 0.984274387 0.117069975 -14.828438759 0.991187990 0.132175937 0.008706450 132.061141968
-0.005407704 0.118488118 -0.992940724 -113.322578430 -0.140435442 0.983024657 0.118069656 -14.811964035 0.990075171 0.140082583 0.011324026 132.081970215
-0.004717380 0.121295854 -0.992605209 -114.287162781 -0.149747148 0.981337905 0.120630659 -14.795175552 0.988713026 0.149208859 0.013534364 132.098785400
-0.004586040 0.123795450 -0.992297113 -115.261596680 -0.155328512 0.980175376 0.123001046 -14.775840759 0.987852216 0.154696152 0.014733839 132.123306274
-0.004286394 0.123323187 -0.992357314 -116.237274170 -0.159230605 0.979620755 0.122428179 -14.765511513 0.987232089 0.158538416 0.015437786 132.156616211
-0.003182869 0.113723129 -0.993507385 -117.189819336 -0.158125713 0.980955601 0.112792946 -14.767000198 0.987413883 0.157458067 0.014860293 132.191375732
-0.001365761 0.101995811 -0.994783878 -118.144508362 -0.161454961 0.981710911 0.100877069 -14.754814148 0.986879110 0.160750583 0.015126945 132.222167969
