1.000000000 0.000000000 0.000000000 0.000000000 0.000000000 1.000000000 0.000000000 0.000000000 0.000000000 0.000000000 1.000000000 0.000000000
0.999997854 -0.001583047 -0.001326314 0.048615947 0.001580227 0.999996483 -0.002125141 -0.132582486 0.001329673 0.002123041 0.999996841 1.298424482
0.999998033 0.000006538 -0.001983599 0.103067629 -0.000019013 0.999980211 -0.006289151 -0.268071681 0.001983518 0.006289177 0.999978244 2.604786396
0.999996185 0.002450225 -0.001209606 0.147799626 -0.002459667 0.999965966 -0.007867008 -0.406340599 0.001190289 0.007869953 0.999968350 3.908237696
0.999983668 0.005717018 0.000336743 0.193058029 -0.005714674 0.999961972 -0.006590146 -0.544902861 -0.000374406 0.006588113 0.999978244 5.221006393
0.999975264 0.006572441 0.002502385 0.243067116 -0.006564561 0.999973536 -0.003143969 -0.691731393 -0.002522982 0.003127464 0.999991953 6.542167664
0.999959171 0.006866734 0.005871401 0.299169838 -0.006855814 0.999974728 -0.001878107 -0.829676926 -0.005884150 0.001837777 0.999980986 7.845234871
0.999942183 0.005476221 0.009254035 0.359333724 -0.005458826 0.999983311 -0.001903997 -0.961524367 -0.009264306 0.001853370 0.999955356 9.158444405
0.999912441 0.004059126 0.012592807 0.437436640 -0.004037531 0.999990404 -0.001739782 -1.098865032 -0.012599748 0.001688786 0.999919176 10.458181381
0.999871075 0.002849205 0.015800849 0.506104410 -0.002810837 0.999993026 -0.002449931 -1.236320972 -0.015807718 0.002405201 0.999872148 11.768725395
0.999814034 0.001692468 0.019208599 0.582173228 -0.001629419 0.999993145 -0.003297521 -1.371361613 -0.019214047 0.003265609 0.999810040 13.062230110
0.999744773 0.001572290 0.022538165 0.654651701 -0.001499641 0.999993622 -0.003239885 -1.519739985 -0.022543117 0.003205259 0.999740660 14.383434296
0.999661386 0.001513145 0.025977263 0.738421738 -0.001400719 0.999989569 -0.004345509 -1.657539845 -0.025983568 0.004307650 0.999653101 15.677207947
0.999571741 0.002560801 0.029151550 0.820881248 -0.002436511 0.999987781 -0.004298315 -1.794283748 -0.029162204 0.004225447 0.999565780 16.978090286
0.999471307 0.002108977 0.032447021 0.910368562 -0.001984076 0.999990523 -0.003881124 -1.933610559 -0.032454900 0.003814694 0.999465942 18.262479782
0.999408424 0.000376264 0.034390684 1.012226939 -0.000249061 0.999993205 -0.003702980 -2.075177193 -0.034391843 0.003692224 0.999401629 19.564500809
0.999349475 -0.002066455 0.036007207 1.109958768 0.002245022 0.999985278 -0.004919457 -2.216575146 -0.035996523 0.004997093 0.999339461 20.839059830
0.999305844 -0.001675187 0.037214082 1.205735564 0.001923419 0.999976158 -0.006635573 -2.358759165 -0.037202075 0.006702547 0.999285281 22.144691467
0.999259949 -0.001518101 0.038435411 1.288871169 0.001877324 0.999954879 -0.009311793 -2.502180576 -0.038419530 0.009377058 0.999217689 23.431985855
0.999223471 -0.001275776 0.039380834 1.391778708 0.001704393 0.999939680 -0.010852257 -2.643452644 -0.039364602 0.010910949 0.999165356 24.719074249
0.999183297 -0.000827324 0.040399097 1.494701505 0.001291829 0.999933422 -0.011473165 -2.790704012 -0.040386923 0.011515982 0.999117792 25.986352921
0.999158502 -0.002152145 0.040959496 1.591108561 0.002579581 0.999942660 -0.010385592 -2.938015461 -0.040934797 0.010482512 0.999106824 27.275817871
0.999155045 -0.005233645 0.040765483 1.696640730 0.005613471 0.999941826 -0.009208466 -3.084692717 -0.040714923 0.009429521 0.999126375 28.553020477
0.999178886 -0.006653737 0.039966598 1.790434003 0.007045275 0.999928474 -0.009663802 -3.231339216 -0.039899431 0.009937443 0.999154270 29.842361450
0.999188960 -0.008315793 0.039398544 1.891952038 0.008803380 0.999886572 -0.012218453 -3.377672672 -0.039292466 0.012555385 0.999148905 31.109024048
0.999223709 -0.008342953 0.038501978 1.999070525 0.008817136 0.999887288 -0.012162488 -3.529382229 -0.038396165 0.012492526 0.999184430 32.391510010
0.999236822 -0.008972255 0.038015559 2.095834017 0.009459149 0.999875247 -0.012647326 -3.671300650 -0.037897334 0.012997269 0.999197066 33.657329559
0.999254107 -0.009482700 0.037434079 2.195009708 0.009961034 0.999870837 -0.012612265 -3.817188025 -0.037309647 0.012975739 0.999219477 34.923130035
0.999269843 -0.010086780 0.036851581 2.291813850 0.010577141 0.999857783 -0.013135717 -3.961394072 -0.036713846 0.013515910 0.999234378 36.183383942
0.999305308 -0.010723284 0.035692025 2.399418831 0.011205496 0.999848247 -0.013337900 -4.118052483 -0.035543583 0.013728580 0.999273837 37.469013214
0.999303937 -0.010387775 0.035829630 2.492325783 0.010808521 0.999874651 -0.011569251 -4.263201714 -0.035704967 0.011948462 0.999291003 38.727195740
0.999268889 -0.010243946 0.036833763 2.590395451 0.010637084 0.999888301 -0.010493174 -4.401898384 -0.036722161 0.010877306 0.999266326 39.996189117
0.999184132 -0.011978201 0.038567722 2.696225643 0.012315968 0.999887705 -0.008532197 -4.548239231 -0.038461197 0.009000236 0.999219596 41.244503021
0.999073982 -0.013044802 0.040999953 2.794808865 0.013463811 0.999859691 -0.009960246 -4.690283298 -0.040864278 0.010503038 0.999109447 42.505661011
0.998946786 -0.014304566 0.043596569 2.889027596 0.014888030 0.999803483 -0.013088076 -4.839412212 -0.043400791 0.013723359 0.998963475 43.754367828
0.998850048 -0.015327574 0.045427755 2.998274326 0.015985936 0.999772012 -0.014164825 -4.986815929 -0.045200281 0.014874742 0.998867214 45.019954681
0.998704135 -0.015384494 0.048511740 3.112147093 0.016027685 0.999788404 -0.012897355 -5.123817444 -0.048303053 0.013658173 0.998739302 46.260669708
0.998527467 -0.016895331 0.051549848 3.231828690 0.017410088 0.999802768 -0.009552961 -5.275918007 -0.051378280 0.010436381 0.998624742 47.519184113
0.998247385 -0.019850496 0.055750713 3.340185881 0.020308496 0.999764442 -0.007660585 -5.413647652 -0.055585507 0.008779371 0.998415351 48.734375000
0.998023927 -0.022145389 0.058803093 3.484360218 0.022651251 0.999711812 -0.007950000 -5.554018974 -0.058610089 0.009266252 0.998237967 49.999389648
0.997730851 -0.025382116 0.062360026 3.620817423 0.026150586 0.999591470 -0.011537909 -5.690549850 -0.062041689 0.013142480 0.997987092 51.229709625
0.997460425 -0.026621416 0.066060401 3.756391287 0.027456701 0.999553740 -0.011768541 -5.825383186 -0.065717623 0.013552453 0.997746229 52.455230713
0.997096896 -0.029186234 0.070327684 3.884744883 0.029908272 0.999510050 -0.009235543 -5.965245724 -0.070023663 0.011312112 0.997481167 53.675765991
0.996837020 -0.031803079 0.072832316 4.046815395 0.032325968 0.999459326 -0.006011790 -6.098883629 -0.072601750 0.008347151 0.997326016 54.889686584
0.996618032 -0.034539066 0.074562684 4.206566811 0.034931801 0.999381900 -0.003969221 -6.233432770 -0.074379489 0.006560406 0.997208476 56.095722198
0.996398568 -0.037469011 0.076064669 4.349324703 0.037679993 0.999289095 -0.001340080 -6.353179932 -0.075960368 0.004201371 0.997101903 57.326255798
0.996238887 -0.040634356 0.076530837 4.502834320 0.040728446 0.999170244 0.000331688 -6.481084824 -0.076480798 0.002786540 0.997067153 58.524856567
0.996189058 -0.042661618 0.076073579 4.650947571 0.043004286 0.999070764 -0.002871333 -6.609943390 -0.075880401 0.006131880 0.997098088 59.746154785
0.996185482 -0.043723535 0.075516872 4.795486927 0.044385612 0.998989165 -0.007110560 -6.737580299 -0.075129636 0.010435298 0.997119129 60.935615540
0.996223867 -0.044789951 0.074376769 4.932710648 0.045742061 0.998891234 -0.011146535 -6.867795944 -0.073795065 0.014506594 0.997167826 62.143028259
0.996282101 -0.046220649 0.072701938 5.082313061 0.047330260 0.998786569 -0.013613541 -7.000000954 -0.071984485 0.017003929 0.997260809 63.336303711
0.996390164 -0.046513703 0.071014553 5.207490444 0.047598217 0.998773217 -0.013655763 -7.134315491 -0.070292257 0.016986636 0.997381747 64.509643555
0.996630490 -0.046309173 0.067698888 5.355253220 0.047309384 0.998792470 -0.013245828 -7.275218964 -0.067003742 0.016403986 0.997617841 65.733253479
0.996838212 -0.045389898 0.065216929 5.470414162 0.046208948 0.998870075 -0.011104952 -7.408452034 -0.064639196 0.014083444 0.997809231 66.914848328
0.997249484 -0.041702617 0.061273135 5.593180656 0.042234398 0.999080241 -0.007408948 -7.542827129 -0.060907803 0.009976404 0.998093486 68.101951599
0.997518539 -0.039758921 0.058101982 5.710921288 0.040115234 0.999182642 -0.004978626 -7.670497894 -0.057856541 0.007297046 0.998298168 69.282936096
0.997705340 -0.038627654 0.055605240 5.812793732 0.039150823 0.999198437 -0.008349751 -7.802201748 -0.055238139 0.010507582 0.998417974 70.453536987
0.997911274 -0.039071385 0.051443055 5.927718163 0.039899845 0.999088407 -0.015176902 -7.940462589 -0.050803173 0.017197773 0.998560607 71.639045715
0.997931719 -0.042902034 0.047870584 6.037491322 0.043821868 0.998871088 -0.018333526 -8.074166298 -0.047030002 0.020393388 0.998685181 72.811912537
0.997952223 -0.046648737 0.043764059 6.144190788 0.047280565 0.998790205 -0.013514318 -8.210359573 -0.043080695 0.015555833 0.998950481 73.980758667
0.997941017 -0.050532050 0.039501555 6.248599052 0.050902542 0.998667955 -0.008429890 -8.338923454 -0.039022960 0.010423258 0.999183893 75.141700745
0.997997880 -0.052667849 0.035019323 6.344404221 0.052897979 0.998583913 -0.005677378 -8.465530396 -0.034670711 0.007518465 0.999370515 76.325889587
0.998175561 -0.051830471 0.030969571 6.434210777 0.051955327 0.998644173 -0.003239874 -8.589877129 -0.030759661 0.004842997 0.999515116 77.485977173
0.998320222 -0.051251516 0.027023271 6.527955055 0.051364712 0.998673737 -0.003510861 -8.705346107 -0.026807498 0.004893007 0.999628663 78.644165039
0.998444021 -0.050167024 0.024346102 6.588739395 0.050305098 0.998720884 -0.005092236 -8.837619781 -0.024059497 0.006309045 0.999690592 79.806343079
0.998631060 -0.047865976 0.021091437 6.663871288 0.048089102 0.998790920 -0.010201432 -8.964712143 -0.020577636 0.011201734 0.999725521 80.950706482
0.998541892 -0.051146753 0.017267900 6.747058868 0.051406965 0.998565495 -0.014977055 -9.102872849 -0.016477101 0.015842905 0.999738634 82.109657288
0.998396039 -0.054628685 0.014865047 6.800352573 0.054861747 0.998369753 -0.015749928 -9.236892700 -0.013980414 0.016540188 0.999765456 83.241294861
0.998433948 -0.054791350 0.011287598 6.866409302 0.054929711 0.998414040 -0.012336113 -9.365218163 -0.010593783 0.012936819 0.999860287 84.377349854
0.998428762 -0.055425677 0.008253989 6.936447620 0.055504326 0.998412132 -0.009625169 -9.496761322 -0.007707398 0.010068174 0.999919653 85.511383057
0.998576522 -0.052795984 0.007581302 6.976707935 0.052880157 0.998536170 -0.011367353 -9.623724937 -0.006970054 0.011752074 0.999906600 86.656639099
0.998766720 -0.049123213 0.007195239 7.029349804 0.049223062 0.998683631 -0.014427570 -9.751551628 -0.006477040 0.014763949 0.999870002 87.776588440
0.998838007 -0.047819816 0.005989888 7.092915535 0.047916431 0.998703539 -0.017186573 -9.877958298 -0.005160264 0.017453618 0.999834299 88.876625061
0.998746932 -0.049751829 0.005400555 7.133681297 0.049841661 0.998594522 -0.018018248 -10.014493942 -0.004496525 0.018264841 0.999823093 90.029937744
0.998699367 -0.050815221 0.004180392 7.185469627 0.050874088 0.998585641 -0.015445194 -10.144454956 -0.003389629 0.015637778 0.999871969 91.144309998
0.998641610 -0.052000575 0.003286254 7.238093376 0.052038431 0.998563886 -0.012732193 -10.275067329 -0.002619453 0.012885910 0.999913573 92.259216309
0.998676240 -0.051371019 0.002590351 7.300148010 0.051398713 0.998605072 -0.012088372 -10.398643494 -0.001965746 0.012205512 0.999923587 93.390289307
0.998648345 -0.051900592 0.002783920 7.345876694 0.051934961 0.998550057 -0.014164575 -10.526290894 -0.002044734 0.014290013 0.999895751 94.498527527
0.998645484 -0.051993407 0.001953787 7.408734322 0.052020468 0.998479068 -0.018262880 -10.653893471 -0.001001266 0.018339783 0.999831259 95.609550476
0.998621762 -0.052431501 0.002357217 7.449728012 0.052467339 0.998435616 -0.019324644 -10.790029526 -0.001340309 0.019421682 0.999810457 96.720832825
0.998581529 -0.053203315 0.002080071 7.507693291 0.053231649 0.998428524 -0.017517582 -10.923087120 -0.001144809 0.017603459 0.999844432 97.805900574
0.998632729 -0.052176572 0.003168611 7.550356865 0.052212510 0.998556793 -0.012578707 -11.041548729 -0.002507724 0.012726953 0.999915838 98.890571594
0.998712659 -0.050525922 0.004491532 7.602039814 0.050564222 0.998681486 -0.008867428 -11.164144516 -0.004037574 0.009083125 0.999950588 99.958503723
0.998825490 -0.048017725 0.006474285 7.646144390 0.048075121 0.998802960 -0.009022064 -11.284919739 -0.006033316 0.009322720 0.999938309 101.025360107
0.998890340 -0.046275433 0.008752242 7.695823193 0.046367545 0.998867810 -0.010631531 -11.407261848 -0.008250354 0.011025555 0.999905229 102.061500549
0.998838902 -0.046732694 0.011697188 7.747109413 0.046883818 0.998815715 -0.012997754 -11.528074265 -0.011075918 0.013531072 0.999847114 103.077781677
0.998762906 -0.047929261 0.013245468 7.798738480 0.048115924 0.998741388 -0.014153567 -11.640805244 -0.012550427 0.014773374 0.999812126 104.097915649
0.998650849 -0.049689278 0.015079847 7.863198757 0.049890921 0.998666048 -0.013303162 -11.755798340 -0.014398706 0.014037561 0.999797821 105.080375671
0.998612106 -0.049861368 0.016958766 7.920024872 0.050064858 0.998676240 -0.011794003 -11.875298500 -0.016348250 0.012626668 0.999786675 106.060142517
0.998540401 -0.050967678 0.017872104 7.995832920 0.051156040 0.998638034 -0.010245449 -11.987082481 -0.017325580 0.011144760 0.999787807 107.006736755
0.998469651 -0.051610257 0.019865388 8.054395676 0.051828492 0.998599350 -0.010631902 -12.094366074 -0.019288845 0.011645226 0.999746144 107.923980713
0.998448431 -0.051336780 0.021569956 8.118129730 0.051538415 0.998631358 -0.008898051 -12.194461823 -0.021083640 0.009995925 0.999727666 108.835121155
0.998457491 -0.050294474 0.023517378 8.176570892 0.050467215 0.998702526 -0.006810032 -12.292049408 -0.023144359 0.007986383 0.999700189 109.705101013
0.998421073 -0.050411522 0.024783731 8.239768982 0.050516538 0.998716652 -0.003629182 -12.395020485 -0.024568975 0.004875441 0.999686241 110.564979553
0.998370647 -0.050571136 0.026431391 8.301447868 0.050678946 0.998709142 -0.003424833 -12.487421989 -0.026224075 0.004758768 0.999644756 111.391990662
0.998394132 -0.049498037 0.027551565 8.355373383 0.049591396 0.998766005 -0.002715753 -12.577553749 -0.027383139 0.004077713 0.999616683 112.203475952
0.998488486 -0.047312554 0.027968861 8.410923004 0.047399428 0.998872995 -0.002451121 -12.657458305 -0.027821371 0.003773124 0.999605775 112.982673645
0.998621523 -0.044786476 0.027369047 8.456658363 0.044783004 0.998996496 0.000740000 -12.735966682 -0.027374718 0.000486689 0.999625146 113.739280701
0.998705029 -0.044535432 0.024592856 8.507578850 0.044506680 0.999007642 0.001715226 -12.821026802 -0.024644839 -0.000618458 0.999696076 114.489227295
0.998837113 -0.044659119 0.018158168 8.545410156 0.044632882 0.999001741 0.001847863 -12.895009041 -0.018222563 -0.001035263 0.999833465 115.187950134
0.999050140 -0.042902689 0.007619919 8.576441765 0.042898268 0.999079227 0.000743169 -12.971167564 -0.007644786 -0.000415581 0.999970734 115.858604431
0.999165475 -0.040373474 -0.006198138 8.575304985 0.040360767 0.999182880 -0.002162585 -13.038339615 0.006280383 0.001910618 0.999978423 116.503547668
0.998934150 -0.038736336 -0.025099456 8.578046799 0.038635153 0.999243200 -0.004503967 -13.110844612 0.025254931 0.003529444 0.999674797 117.127265930
0.998185277 -0.037035488 -0.047484174 8.546884537 0.036747180 0.999300599 -0.006930676 -13.179107666 0.047707640 0.005173188 0.998847902 117.714942932
0.996507287 -0.035566267 -0.075552851 8.509268761 0.034994580 0.999348164 -0.008877481 -13.245056152 0.075819328 0.006202534 0.997102261 118.292175293
0.993670881 -0.033454470 -0.107233763 8.436558723 0.032497402 0.999415040 -0.010660524 -13.313244820 0.107527673 0.007108231 0.994176745 118.827453613
0.989367783 -0.028836537 -0.142547950 8.332715988 0.027406100 0.999552608 -0.011988329 -13.378412247 0.142829865 0.007954181 0.989715338 119.361694336
0.983168483 -0.022670222 -0.181289569 8.214839935 0.020902544 0.999713659 -0.011655405 -13.437768936 0.181501895 0.007669813 0.983360589 119.908439636
0.974704921 -0.017505817 -0.222808942 8.075357437 0.015835881 0.999831557 -0.009279523 -13.497697830 0.222933829 0.005516422 0.974818110 120.406982422
0.963433325 -0.012749165 -0.267644763 7.911499023 0.011121546 0.999909282 -0.007596423 -13.557751656 0.267717332 0.004342024 0.963487685 120.892135620
0.949046791 -0.006827646 -0.315061271 7.723060608 0.004447522 0.999955833 -0.008272797 -13.612367630 0.315103829 0.006450028 0.949035287 121.373725891
0.931892991 0.000880633 -0.362732470 7.488399506 -0.004464331 0.999949276 -0.009041621 -13.665063858 0.362706035 0.010045181 0.931849599 121.841041565
0.910828114 0.005172683 -0.412753403 7.242176056 -0.010185865 0.999898612 -0.009946411 -13.716356277 0.412660122 0.013263720 0.910788536 122.273880005
0.885936916 0.010253210 -0.463692397 6.968620300 -0.015849067 0.999840975 -0.008172863 -13.779145241 0.463534951 0.014589734 0.885958493 122.694877625
0.856906414 0.013287539 -0.515300632 6.686347961 -0.020228257 0.999764562 -0.007858165 -13.825162888 0.515074849 0.017157348 0.856973529 123.092636108
0.825407863 0.023141971 -0.564062476 6.359676361 -0.031250410 0.999500453 -0.004722744 -13.869245529 0.563671291 0.021525372 0.825718701 123.465835571
0.791498840 0.035941310 -0.610112846 6.011241913 -0.043989226 0.999030411 0.001784975 -13.913268089 0.609585464 0.025425589 0.792312503 123.824417114
0.755732834 0.044650953 -0.653356194 5.662391663 -0.055193774 0.998465955 0.004393799 -13.949125290 0.652550101 0.032740653 0.757037938 124.129089355
0.716366947 0.049201835 -0.695986807 5.287807465 -0.062858820 0.998005211 0.005853157 -14.005080223 0.694886446 0.039555904 0.718030751 124.427375793
0.673832834 0.050698854 -0.737142444 4.911926270 -0.065235086 0.997829318 0.008995906 -14.048588753 0.735998392 0.042025812 0.675677598 124.713821411
0.629876077 0.054110900 -0.774808526 4.508010864 -0.068800829 0.997535884 0.013734461 -14.077107430 0.773642421 0.044656456 0.632046759 124.983367920
0.584630966 0.063259311 -0.808829367 4.079395294 -0.079877980 0.996599793 0.020208316 -14.116670609 0.807357490 0.052793249 0.587696135 125.220573425
0.539543331 0.072000414 -0.838873565 3.621025085 -0.091635630 0.995439827 0.026500668 -14.137980461 0.836956501 0.062572449 0.543680668 125.434661865
0.492779791 0.077152252 -0.866726875 3.174453735 -0.097484894 0.994685829 0.033117287 -14.160728455 0.864676118 0.068173252 0.497682273 125.628135681
0.445422530 0.078531623 -0.891869605 2.711997986 -0.096673675 0.994540274 0.039290767 -14.187301636 0.890085995 0.068719327 0.450582504 125.810012817
0.397982359 0.080407612 -0.913862467 2.234989166 -0.094160102 0.994470835 0.046493832 -14.211448669 0.912548065 0.067545667 0.403353006 125.989425659
0.353092641 0.083236597 -0.931878328 1.740848541 -0.096009187 0.993999839 0.052407082 -14.230960846 0.930649161 0.070964344 0.358965516 126.124076843
0.309626579 0.086708188 -0.946896493 1.242088318 -0.101619370 0.993147731 0.057714835 -14.250776291 0.945412576 0.078352988 0.316316187 126.239990234
0.267983168 0.088136382 -0.959383607 0.721706390 -0.106173165 0.992442906 0.061516263 -14.266714096 0.957555294 0.085375488 0.275315732 126.345146179
0.228798449 0.084046796 -0.969838738 0.197029114 -0.106289178 0.992466509 0.060932629 -14.277174950 0.967653871 0.089142092 0.236008048 126.443939209
0.193545967 0.079448611 -0.977869034 -0.335697174 -0.101080440 0.993026435 0.060673624 -14.304687500 0.975870252 0.087100305 0.200226933 126.539260864
0.163145065 0.074278511 -0.983801961 -0.883237839 -0.098235369 0.993429661 0.058714923 -14.324407578 0.981699407 0.087065101 0.169369876 126.620124817
0.136758953 0.072750293 -0.987929225 -1.451450348 -0.099553771 0.993259907 0.059361618 -14.343240738 0.985589206 0.090233870 0.143079713 126.687751770
0.114909485 0.071506225 -0.990798950 -2.041478157 -0.099952482 0.993176222 0.060085654 -14.353097916 0.988334656 0.092128411 0.121272616 126.745758057
0.096846201 0.073216043 -0.992602706 -2.632897377 -0.102293894 0.992741585 0.063245691 -14.368404388 0.990028799 0.095412098 0.103632785 126.799385071
0.080029607 0.071582846 -0.994219005 -3.240877151 -0.102787852 0.992693663 0.063199118 -14.393260002 0.991478682 0.097135834 0.086802736 126.857727051
0.065895803 0.070410743 -0.995339155 -3.860148430 -0.101709314 0.992785692 0.063496493 -14.421396255 0.992629290 0.097051106 0.072581843 126.911598206
0.053496946 0.068111673 -0.996242404 -4.499703884 -0.097462624 0.993263721 0.062674418 -14.444266319 0.993800402 0.093743503 0.059774924 126.957069397
0.041989867 0.065541364 -0.996966064 -5.150389671 -0.095263533 0.993562579 0.061305340 -14.460103035 0.994566083 0.092400283 0.047963254 126.989730835
0.031123418 0.064354628 -0.997441769 -5.819629669 -0.094372153 0.993656218 0.061165679 -14.479393959 0.995050371 0.092227027 0.036999267 127.030555725
0.021425162 0.065831892 -0.997600734 -6.490957260 -0.097714685 0.993190408 0.063442260 -14.500391006 0.994983852 0.096120983 0.027712006 127.053939819
0.013106490 0.065899663 -0.997740209 -7.168383598 -0.100527488 0.992857158 0.064256601 -14.528832436 0.994848013 0.099458128 0.019637598 127.071044922
0.006445812 0.065174237 -0.997853041 -7.860499382 -0.102811918 0.992628872 0.064168878 -14.548129082 0.994679928 0.102177583 0.013098986 127.090927124
0.001482660 0.065986730 -0.997819364 -8.559494019 -0.103618450 0.992459536 0.065478303 -14.564634323 0.994616032 0.103295423 0.008308923 127.106742859
-0.002257837 0.068516567 -0.997647464 -9.277443886 -0.105764233 0.992038012 0.068370678 -14.584602356 0.994388640 0.105669796 0.005006741 127.133132935
-0.003021898 0.072476208 -0.997365594 -10.016070366 -0.108137481 0.991497755 0.072377451 -14.609628677 0.994131386 0.108071312 0.004841188 127.136032104
-0.004005819 0.075598583 -0.997130394 -10.724191666 -0.110865690 0.990957677 0.075575978 -14.621087074 0.993827343 0.110850267 0.004411690 127.150215149
-0.004653557 0.081212632 -0.996685922 -11.462222099 -0.115565926 0.989974916 0.081205368 -14.628047943 0.993288934 0.115560830 0.004778507 127.161170959
-0.005902361 0.085083865 -0.996356308 -12.204646111 -0.118702859 0.989269257 0.085181862 -14.641398430 0.992912233 0.118773125 0.004260676 127.172340393
-0.007303528 0.085683353 -0.996295631 -12.948908806 -0.118470222 0.989231169 0.085944287 -14.660796165 0.992930770 0.118659072 0.002926049 127.194175720
-0.008854821 0.082657978 -0.996538579 -13.693026543 -0.116126098 0.989749789 0.083126716 -14.678750992 0.993194997 0.116460219 0.000834691 127.217674255
-0.010327794 0.078902222 -0.996828854 -14.455005646 -0.119654775 0.989621699 0.079571448 -14.681047440 0.992761791 0.120097131 -0.000779580 127.230354309
-0.011496185 0.080540039 -0.996685028 -15.225280762 -0.124878235 0.988831758 0.081345849 -14.691448212 0.992105484 0.125399441 -0.001310092 127.233207703
-0.013225251 0.084088780 -0.996370494 -15.993427277 -0.121899106 0.988889635 0.085075460 -14.705610275 0.992454469 0.122581810 -0.002827968 127.251708984
-0.014848606 0.084142476 -0.996343076 -16.768907547 -0.121174380 0.988957226 0.085324600 -14.722278595 0.992520213 0.121998228 -0.004488724 127.264419556
-0.016620876 0.083197705 -0.996394575 -17.560016632 -0.123633400 0.988713562 0.084618703 -14.732378006 0.992188692 0.124594077 -0.006147271 127.274223328
-0.017186942 0.082998425 -0.996401489 -18.347261429 -0.128331617 0.988123059 0.084522426 -14.737892151 0.991582274 0.129322484 -0.006331491 127.275299072
-0.018138319 0.087565921 -0.995993674 -19.150768280 -0.130152941 0.987474561 0.089187197 -14.745219231 0.991328001 0.131249174 -0.006514163 127.279495239
-0.019009797 0.091815174 -0.995594621 -19.963529587 -0.128506467 0.987290919 0.093503073 -14.753983498 0.991526484 0.129717827 -0.006969356 127.298759460
-0.017986158 0.094335206 -0.995378017 -20.785768509 -0.130613223 0.986786187 0.095881075 -14.766593933 0.991270185 0.131734043 -0.005427068 127.311843872
-0.016020825 0.092963986 -0.995540500 -21.603891373 -0.130028591 0.987019420 0.094260789 -14.770569801 0.991380751 0.130958855 -0.003724890 127.323509216
-0.014787959 0.092891008 -0.995566428 -22.435077667 -0.130130827 0.987028241 0.094027311 -14.774200439 0.991386652 0.130944327 -0.002508146 127.337051392
-0.014857319 0.092180923 -0.995631278 -23.269538879 -0.128705204 0.987281501 0.093328439 -14.782473564 0.991571605 0.129529551 -0.002804192 127.362251282
-0.014049884 0.094060451 -0.995467305 -24.108354568 -0.129585981 0.986998141 0.095089175 -14.787295341 0.991468608 0.130334631 -0.001678294 127.383605957
-0.013545902 0.096246362 -0.995265365 -24.946292877 -0.131272852 0.986570358 0.097192176 -14.789297104 0.991253734 0.131967872 -0.000729452 127.402427673
-0.013439781 0.098591343 -0.995037258 -25.811912537 -0.133924127 0.985983491 0.099503174 -14.788205147 0.990900457 0.134596795 -0.000047641 127.419120789
-0.011767448 0.099696986 -0.994948268 -26.676050186 -0.136104092 0.985597074 0.100369699 -14.784296989 0.990624726 0.136597633 0.001971207 127.432914734
-0.010170748 0.102835245 -0.994646490 -27.545566559 -0.142878070 0.984341979 0.103230886 -14.783784866 0.989687979 0.143163100 0.004681406 127.451347351
-0.007777973 0.106657043 -0.994265437 -28.429836273 -0.147729293 0.983262718 0.106632419 -14.776976585 0.988997221 0.147711515 0.008108583 127.466720581
-0.005617788 0.108368874 -0.994094849 -29.305070877 -0.150214463 0.982739031 0.107979827 -14.769737244 0.988637447 0.149934039 0.010757755 127.498916626
-0.001820955 0.109184429 -0.994019866 -30.199399948 -0.148984388 0.982898116 0.108235724 -14.769525528 0.988837898 0.148290530 0.014476962 127.524414062
0.000944728 0.109131776 -0.994026840 -31.091970444 -0.151680112 0.982541740 0.107726686 -14.762552261 0.988429248 0.150672346 0.017481355 127.554275513
0.003418949 0.112914912 -0.993598759 -31.994123459 -0.152042732 0.982111394 0.111086294 -14.753448486 0.988367975 0.150689647 0.020525681 127.587722778
0.005922998 0.115177944 -0.993327141 -32.916931152 -0.151190370 0.982028544 0.112966321 -14.751571655 0.988486946 0.149512380 0.023230348 127.629211426
0.007648448 0.116411477 -0.993171632 -33.809688568 -0.151815787 0.981822729 0.113912128 -14.746983528 0.988379180 0.149907887 0.025182519 127.673736572
0.010207473 0.114504077 -0.993370295 -34.712959290 -0.153170377 0.981877267 0.111605383 -14.738627434 0.988147080 0.151015684 0.027561115 127.707260132
0.010475658 0.115883335 -0.993207574 -35.619926453 -0.157408401 0.981069446 0.112806872 -14.731540680 0.987478018 0.155157492 0.028518355 127.750907898
0.011546785 0.116531827 -0.993119776 -36.513523102 -0.158175886 0.980893970 0.113258168 -14.726028442 0.987343490 0.155779839 0.029758694 127.791427612
0.011709236 0.113004491 -0.993525505 -37.410694122 -0.158602700 0.981225312 0.109736234 -14.723086357 0.987273037 0.156290874 0.029412217 127.829666138
0.012677229 0.108737886 -0.993989646 -38.317470551 -0.159734502 0.981523752 0.105336957 -14.721128464 0.987078607 0.157439038 0.029812193 127.877586365
0.013141278 0.108016372 -0.994062364 -39.214065552 -0.159398630 0.981661320 0.104561642 -14.715473175 0.987126887 0.157078087 0.030117946 127.922996521
0.012995602 0.111921571 -0.993632078 -40.117637634 -0.161955297 0.980830491 0.108361416 -14.707166672 0.986712575 0.159515724 0.030872770 127.964385986
0.013254407 0.118400916 -0.992877364 -41.052539825 -0.162580222 0.980006337 0.114695668 -14.697540283 0.986606300 0.159901991 0.032239050 128.008209229
0.013485944 0.117026739 -0.993037224 -41.947460175 -0.160318688 0.980532408 0.113375880 -14.696407318 0.986973226 0.157673463 0.031984981 128.056686401
0.014359241 0.106738411 -0.994183540 -42.838386536 -0.159454241 0.981806159 0.103106529 -14.702663422 0.987100899 0.157046229 0.031117890 128.101730347
0.014685152 0.096188962 -0.995254755 -43.757434845 -0.161421597 0.982533693 0.092577696 -14.705043793 0.986776233 0.159296080 0.029955635 128.144561768
0.013705367 0.093051322 -0.995566964 -44.658962250 -0.158273205 0.983310103 0.089726865 -14.711576462 0.987300158 0.156341866 0.028204154 128.192565918
0.013444096 0.102870516 -0.994603932 -45.580192566 -0.150739402 0.983534396 0.099688061 -14.712530136 0.988481998 0.148585796 0.028729372 128.246139526
0.013596091 0.116187058 -0.993134201 -46.525646210 -0.146090940 0.982798696 0.112977907 -14.709746361 0.989177704 0.143551841 0.030336097 128.307937622
0.013641536 0.125508517 -0.991998672 -47.448253632 -0.146256477 0.981671333 0.122190610 -14.701770782 0.989152610 0.143419385 0.031747933 128.356826782
0.013677707 0.119511046 -0.992738724 -48.363403320 -0.146394849 0.982372344 0.116246097 -14.696178436 0.989131629 0.143741846 0.030932404 128.399932861
0.013603777 0.106031165 -0.994269669 -49.292346954 -0.146429896 0.983852863 0.102916814 -14.695981979 0.989127517 0.144190758 0.028910248 128.446304321
0.014223659 0.097252995 -0.995158017 -50.208164215 -0.146763995 0.984682560 0.094131589 -14.695486069 0.989069343 0.144714460 0.028279023 128.493392944
0.014665844 0.097265728 -0.995150387 -51.137008667 -0.145782635 0.984830439 0.094108626 -14.702447891 0.989207923 0.143695459 0.028623026 128.541625977
0.013923910 0.098718747 -0.995017886 -52.074554443 -0.148840666 0.984232605 0.095565870 -14.717084885 0.988763154 0.146768466 0.028397731 128.585800171
0.014674207 0.098046921 -0.995073617 -53.037700653 -0.153580740 0.983592510 0.094650812 -14.717958450 0.988027155 0.151435196 0.029491562 128.622619629
0.015167128 0.097544484 -0.995115519 -53.969654083 -0.155161202 0.983403862 0.094031557 -14.719005585 0.987772763 0.152977139 0.030050533 128.668457031
0.016169081 0.104767352 -0.994365335 -54.916439056 -0.164598688 0.981206357 0.100704439 -14.713651657 0.986228108 0.162042931 0.033109780 128.703628540
0.017648045 0.114844665 -0.993226707 -55.867061615 -0.170258954 0.979218066 0.110199653 -14.713434219 0.985241354 0.167160928 0.036834620 128.743011475
0.018831570 0.122662604 -0.992269754 -56.826217651 -0.170613840 0.978283525 0.117695682 -14.705164909 0.985158026 0.167078525 0.039350551 128.800125122
0.019715622 0.123483010 -0.992150843 -57.768280029 -0.171877190 0.977988839 0.118304953 -14.695991516 0.984921098 0.168195650 0.040505569 128.849899292
0.021083472 0.113899499 -0.993268549 -58.706523895 -0.173497513 0.978832543 0.108561382 -14.692107201 0.984608591 0.170040816 0.040398464 128.904418945
0.022258535 0.108993493 -0.993793249 -59.653610229 -0.171923459 0.979648530 0.103591494 -14.688997269 0.984858811 0.168550611 0.040544078 128.961807251
0.024023347 0.107411936 -0.993924379 -60.603481293 -0.170440987 0.980095387 0.101797886 -14.695282936 0.985074997 0.166959897 0.041852567 129.024490356
0.027667573 0.113126144 -0.993195355 -61.592529297 -0.172421142 0.979223847 0.106731616 -14.685811043 0.984634697 0.168294877 0.046598088 129.083084106
0.031330395 0.115401089 -0.992824733 -62.553386688 -0.175245747 0.978559554 0.108212784 -14.686038971 0.984026134 0.170597970 0.050882209 129.140075684
0.035668630 0.110308550 -0.993257165 -63.503433228 -0.174534678 0.979302466 0.102491103 -14.686891556 0.984004855 0.169702083 0.054183040 129.201599121
0.038405880 0.104460709 -0.993787229 -64.458419800 -0.174531549 0.979935229 0.096259713 -14.692992210 0.983902335 0.169750273 0.055866953 129.274322510
0.041720573 0.104451232 -0.993654490 -65.426605225 -0.171984956 0.980426431 0.095839575 -14.694910049 0.984215736 0.166895151 0.058867991 129.349517822
0.044097595 0.108829357 -0.993081868 -66.394790649 -0.169491291 0.980453312 0.099919200 -14.707942963 0.984544635 0.163912520 0.061681248 129.443298340
0.047415242 0.115586124 -0.992165208 -67.353126526 -0.168821365 0.979920328 0.106091723 -14.709161758 0.984505534 0.162468314 0.065976582 129.526168823
0.050123919 0.119574055 -0.991559267 -68.318984985 -0.166665465 0.979887426 0.109741487 -14.714031219 0.984738648 0.159758002 0.069044665 129.611877441
0.052306257 0.121526614 -0.991209030 -69.302101135 -0.166099712 0.979800642 0.111362770 -14.715212822 0.984720826 0.158814564 0.071435228 129.696823120
0.054374263 0.118493952 -0.991464913 -70.242630005 -0.164391294 0.980447114 0.108161561 -14.710676193 0.984895408 0.157106951 0.072790474 129.776779175
0.055014823 0.117134042 -0.991591215 -71.189002991 -0.162449718 0.980913341 0.106859788 -14.713603020 0.985181928 0.155204847 0.072993167 129.867172241
0.055073936 0.113671698 -0.991990745 -72.131942749 -0.159245104 0.981781781 0.103660785 -14.723624229 0.985701740 0.152260646 0.072172247 129.963409424
0.055151686 0.113210171 -0.992039204 -73.123382568 -0.157829449 0.982048810 0.103295676 -14.713443756 0.985925019 0.150876090 0.072029546 130.046722412
0.054850079 0.117899850 -0.991509557 -74.075836182 -0.154588744 0.982033789 0.108221315 -14.714030266 0.986455083 0.147340238 0.072090626 130.135757446
0.054128863 0.119475618 -0.991360486 -75.041809082 -0.148578212 0.982727528 0.110322759 -14.715924263 0.987418056 0.141322911 0.070945382 130.239654541
0.053584203 0.114605285 -0.991964877 -76.000862122 -0.145846784 0.983637393 0.105764799 -14.699981689 0.987854958 0.139007553 0.069422238 130.321533203
0.052563857 0.111094303 -0.992418826 -76.944610596 -0.147863135 0.983704150 0.102287121 -14.702539444 0.987609923 0.141365573 0.068134040 130.397293091
0.051343203 0.108344600 -0.992786705 -77.893211365 -0.144319355 0.984468102 0.099973120 -14.704947472 0.988198221 0.138145417 0.066181950 130.483123779
0.049806312 0.109134398 -0.992778420 -78.857292175 -0.144587815 0.984328806 0.100951776 -14.706690788 0.988237619 0.138515651 0.064805284 130.559494019
0.048937555 0.110208474 -0.992702961 -79.808120728 -0.145698279 0.984050155 0.102065295 -14.707572937 0.988118112 0.139640272 0.064214200 130.636627197
0.047573354 0.110526823 -0.992733896 -80.762245178 -0.147331938 0.983765006 0.102467880 -14.709441185 0.987942338 0.141386673 0.063085146 130.712615967
0.046294674 0.111441404 -0.992692053 -81.711433411 -0.147027746 0.983694673 0.103574611 -14.711132050 0.988048434 0.141158342 0.061924804 130.783203125
0.044096541 0.111782342 -0.992753863 -82.676002502 -0.147020310 0.983627200 0.104224272 -14.713415146 0.988150120 0.141359046 0.059808820 130.858581543
0.042366881 0.114056900 -0.992570341 -83.627685547 -0.147417098 0.983302236 0.106699526 -14.703273773 0.988166630 0.141801342 0.058473393 130.935287476
0.040844113 0.117570475 -0.992224216 -84.581245422 -0.148661301 0.982714832 0.110324159 -14.693753242 0.988044322 0.142999232 0.057616301 130.997848511
0.038606796 0.122617081 -0.991702914 -85.530471802 -0.149848580 0.981930554 0.115575239 -14.684086800 0.987954915 0.144143283 0.056283206 131.066146851
0.036546074 0.122277796 -0.991822958 -86.483451843 -0.149805576 0.981941402 0.115539625 -14.677647591 0.988039792 0.144358069 0.054204006 131.130355835
0.035663638 0.117212176 -0.992466390 -87.428306580 -0.149988830 0.982477248 0.110642694 -14.672768593 0.988044262 0.144912943 0.052619237 131.193099976
0.033176158 0.112391360 -0.993110120 -88.376159668 -0.154180273 0.982338071 0.106021665 -14.661316872 0.987485588 0.149600595 0.049918734 131.255355835
0.032013342 0.110036202 -0.993411839 -89.319709778 -0.152047440 0.982889473 0.103970848 -14.657428741 0.987854660 0.147717282 0.048196293 131.323120117
0.031313863 0.111533538 -0.993267179 -90.281410217 -0.147534028 0.983384907 0.105772682 -14.660869598 0.988561153 0.143228561 0.047248580 131.382812500
0.030829316 0.112775847 -0.993142068 -91.229858398 -0.144681722 0.983653247 0.107207112 -14.658620834 0.988997877 0.140384361 0.046641961 131.446441650
0.029746165 0.112634845 -0.993191063 -92.176986694 -0.139348269 0.984395027 0.107463807 -14.661566734 0.989796579 0.135202810 0.044977445 131.514083862
0.028394319 0.109710656 -0.993557930 -93.118293762 -0.135197297 0.985246956 0.104929209 -14.663866997 0.990411878 0.131346941 0.042807996 131.581634521
0.027882792 0.106645815 -0.993906081 -94.062698364 -0.130108982 0.986221433 0.102171212 -14.667322159 0.991107583 0.126467273 0.041374184 131.645248413
0.026078604 0.109071054 -0.993691802 -95.044174194 -0.128464460 0.986153483 0.104872182 -14.667649269 0.991371155 0.124919176 0.039729271 131.705230713
0.024639720 0.111315973 -0.993479550 -95.992622375 -0.127889782 0.985966742 0.107302338 -14.664546013 0.991482258 0.124411963 0.038530126 131.765640259
0.023723338 0.109165296 -0.993740439 -96.949249268 -0.123796709 0.986690283 0.105435446 -14.659462929 0.992024004 0.120520525 0.036921892 131.814331055
0.021487173 0.106201954 -0.994112372 -97.899490356 -0.120832667 0.987328768 0.102865517 -14.661600113 0.992440343 0.117910966 0.034047570 131.869232178
0.017855899 0.103668325 -0.994451642 -98.864158630 -0.119597062 0.987690568 0.100816078 -14.655570984 0.992661893 0.117133342 0.030034533 131.925521851
0.015266865 0.102769047 -0.994588077 -99.819175720 -0.114036217 0.988392651 0.100378424 -14.664586067 0.993359268 0.111886598 0.026809046 131.976654053
0.013064859 0.102759257 -0.994620562 -100.777206421 -0.107202522 0.989116073 0.100782402 -14.659018517 0.994151413 0.105309106 0.023938708 132.022979736
0.010832421 0.110093914 -0.993862152 -101.741157532 -0.097143628 0.989334941 0.108533613 -14.653000832 0.995211422 0.095371708 0.021411814 132.085998535
0.008142052 0.118344747 -0.992939115 -102.698791504 -0.089100577 0.989108384 0.117157526 -14.650394440 0.995989382 0.087517560 0.018597957 132.144775391
0.005401118 0.117847234 -0.993017137 -103.652427673 -0.084915929 0.989498854 0.116967835 -14.643992424 0.996373475 0.083691217 0.015351507 132.192687988
0.002587271 0.107538201 -0.994197547 -104.609184265 -0.085571125 0.990578055 0.106924005 -14.641708374 0.996328712 0.084797971 0.011765061 132.230560303
0.000508629 0.097995870 -0.995186627 -105.555648804 -0.087298818 0.991391838 0.097577535 -14.638781548 0.996182024 0.086828999 0.009059173 132.270782471
0.000031811 0.099374570 -0.995050132 -106.513412476 -0.094472259 0.990600109 0.098927133 -14.640333176 0.995527506 0.094001494 0.009419652 132.295181274
-0.000775377 0.108932860 -0.994048774 -107.475341797 -0.097914472 0.989264250 0.108484916 -14.631589890 0.995194674 0.097415864 0.009899050 132.333450317
-0.002227827 0.120366700 -0.992727160 -108.439102173 -0.101973876 0.987527072 0.119965076 -14.620460510 0.994784653 0.101499453 0.010074221 132.364456177
-0.003742568 0.122260995 -0.992491007 -109.379913330 -0.109049261 0.986528993 0.121937774 -14.611966133 0.994029224 0.108686760 0.009640318 132.399368286
-0.003300024 0.119171917 -0.992868125 -110.358276367 -0.116227575 0.986098647 0.118745700 -14.593100548 0.993217051 0.115790524 0.010596913 132.417358398
-0.003499627 0.115272433 -0.993327677 -111.312950134 -0.124366581 0.985571742 0.114810519 -14.580900192 0.992230177 0.123938575 0.010886904 132.444183350
-0.001202564 0.117345929 -0.993090332 -112.279067993 -0.129005879 0.984774470 0.116519526 -14.562802315 0.991643131 0.128254637 0.013954060 132.470611572
0.000325122 0.118389972 -0.992967129 -113.260749817 -0.136993974 0.983610570 0.117229566 -14.544265747 0.990571797 0.135992423 0.016538508 132.496063232
0.000773656 0.121220320 -0.992625356 -114.224166870 -0.146213830 0.981971562 0.119805314 -14.528578758 0.989252687 0.145042837 0.018483792 132.520675659
0.001055889 0.123439841 -0.992351532 -115.199188232 -0.151725993 0.980882943 0.121851817 -14.508386612 0.988422036 0.150436834 0.019764733 132.550735474
0.001236966 0.123021305 -0.992403269 -116.170089722 -0.155228376 0.980398297 0.121339671 -14.501520157 0.987877846 0.153899059 0.020309120 132.592575073
0.002669306 0.113490745 -0.993535459 -117.124328613 -0.154173970 0.981706500 0.111725330 -14.503844261 0.988040090 0.152879089 0.020117799 132.629821777
0.004169509 0.101982884 -0.994777381 -118.075912476 -0.157371029 0.982457280 0.100060247 -14.494729996 0.987530768 0.156131938 0.020145513 132.668853760
