1.000000000 0.000000000 0.000000000 0.000000000 0.000000000 1.000000000 0.000000000 0.000000000 0.000000000 0.000000000 1.000000000 0.000000000
0.999997795 -0.001580923 -0.001373496 0.049666829 0.001577959 0.999996424 -0.002156034 -0.132332593 0.001376900 0.002153862 0.999996722 1.297547817
0.999997795 -0.000024645 -0.002094569 0.104087472 0.000011369 0.999979913 -0.006338026 -0.268821985 0.002094683 0.006337989 0.999977708 2.605920792
0.999996305 0.002432415 -0.001231732 0.148195460 -0.002441970 0.999966443 -0.007816806 -0.407527715 0.001212677 0.007819785 0.999968708 3.909594059
0.999983549 0.005715791 0.000326564 0.192892566 -0.005713544 0.999962509 -0.006509729 -0.546309590 -0.000363761 0.006507755 0.999978840 5.221751213
0.999975264 0.006584303 0.002531494 0.241210103 -0.006575966 0.999972999 -0.003288215 -0.690262735 -0.002553077 0.003271486 0.999991417 6.544652462
0.999958932 0.006891682 0.005874509 0.297285467 -0.006880639 0.999974489 -0.001897897 -0.827928305 -0.005887439 0.001857398 0.999980986 7.848245144
0.999943197 0.005176615 0.009314582 0.351991832 -0.005159414 0.999984920 -0.001869851 -0.961678445 -0.009324123 0.001821687 0.999954879 9.155082703
0.999912858 0.003841948 0.012625130 0.430334568 -0.003819518 0.999991119 -0.001800238 -1.098347783 -0.012631934 0.001751859 0.999918699 10.455374718
0.999869764 0.002488701 0.015947236 0.497157097 -0.002449614 0.999993920 -0.002470042 -1.236497402 -0.015953284 0.002430655 0.999869764 11.762893677
0.999813974 0.001451322 0.019234747 0.573223591 -0.001388834 0.999993622 -0.003261623 -1.373381972 -0.019239359 0.003234303 0.999809623 13.057741165
0.999744952 0.001132029 0.022554398 0.645276308 -0.001057458 0.999993861 -0.003317942 -1.519253850 -0.022558015 0.003293246 0.999740064 14.383974075
0.999664366 0.001130123 0.025882572 0.730566978 -0.001014910 0.999989450 -0.004464108 -1.656928420 -0.025887348 0.004436341 0.999654949 15.677958488
0.999572814 0.002028419 0.029155308 0.810101211 -0.001900835 0.999988437 -0.004403071 -1.795301676 -0.029163901 0.004345770 0.999565184 16.983486176
0.999474823 0.001620909 0.032362543 0.901123524 -0.001492941 0.999991000 -0.003977994 -1.934613705 -0.032368697 0.003927589 0.999468327 18.269281387
0.999400735 0.000098967 0.034617469 1.000174046 0.000029533 0.999993086 -0.003711473 -2.077992201 -0.034617592 0.003710271 0.999393761 19.572774887
0.999344349 -0.002389373 0.036126524 1.100018620 0.002567925 0.999984682 -0.004896803 -2.219285727 -0.036114272 0.004986363 0.999335289 20.846540451
0.999303877 -0.002178096 0.037242536 1.200348973 0.002425840 0.999975145 -0.006608290 -2.361743212 -0.037227228 0.006694033 0.999284327 22.156183243
0.999251962 -0.002052336 0.038618181 1.280738354 0.002407806 0.999955058 -0.009160470 -2.506490231 -0.038597651 0.009246604 0.999212027 23.442325592
0.999222636 -0.001587842 0.039389934 1.386973739 0.002014450 0.999939859 -0.010793068 -2.646666527 -0.039370418 0.010864028 0.999165535 24.726297379
0.999176204 -0.000972840 0.040571615 1.485937834 0.001434433 0.999934554 -0.011349672 -2.794859886 -0.040557913 0.011398518 0.999112248 25.996696472
0.999157667 -0.002538399 0.040955890 1.586320281 0.002964060 0.999942183 -0.010335777 -2.941223145 -0.040927287 0.010448468 0.999107420 27.283435822
0.999155879 -0.005427358 0.040719338 1.691503286 0.005802287 0.999941766 -0.009095106 -3.089376926 -0.040667597 0.009323694 0.999129236 28.561511993
0.999179244 -0.006949146 0.039905816 1.790487289 0.007336657 0.999927282 -0.009572391 -3.234594345 -0.039836388 0.009857310 0.999157608 29.850250244
0.999201298 -0.008593686 0.039025195 1.897964478 0.009073669 0.999885142 -0.012138895 -3.379896641 -0.038916394 0.012483302 0.999164462 31.118154526
0.999227881 -0.008746045 0.038301207 2.002994537 0.009219554 0.999883056 -0.012203687 -3.530806780 -0.038189985 0.012547388 0.999191821 32.408794403
0.999233544 -0.009293073 0.038027234 2.096945286 0.009777127 0.999873281 -0.012562986 -3.675166130 -0.037905667 0.012925154 0.999197781 33.673442841
0.999254942 -0.009949856 0.037288547 2.197720289 0.010432447 0.999864042 -0.012769943 -3.817607641 -0.037156422 0.013149438 0.999222934 34.941902161
0.999265373 -0.010554668 0.036842551 2.290361643 0.011045610 0.999852538 -0.013147392 -3.964176655 -0.036698349 0.013544681 0.999234557 36.200710297
0.999309182 -0.011199352 0.035434227 2.405701637 0.011683383 0.999840856 -0.013482559 -4.119012356 -0.035277590 0.013887236 0.999281049 37.490135193
0.999303341 -0.010941868 0.035681259 2.494572639 0.011363953 0.999867618 -0.011648075 -4.265656471 -0.035549078 0.012045439 0.999295294 38.755840302
0.999279201 -0.010998708 0.036332868 2.602334261 0.011388897 0.999879479 -0.010549750 -4.406181812 -0.036212455 0.010955937 0.999284029 40.019348145
0.999204934 -0.012797869 0.037756614 2.717453480 0.013140913 0.999874473 -0.008851500 -4.548450470 -0.037638597 0.009340622 0.999247730 41.268589020
0.999088824 -0.013856274 0.040367138 2.810556173 0.014274988 0.999847054 -0.010102983 -4.693965912 -0.040220976 0.010670016 0.999133825 42.531154633
0.998957455 -0.015132378 0.043069024 2.903269291 0.015707523 0.999791503 -0.013047074 -4.844625473 -0.042862613 0.013709981 0.998986900 43.781364441
0.998870850 -0.016142383 0.044681292 3.019129276 0.016798835 0.999755919 -0.014355611 -4.988203049 -0.044438642 0.015089995 0.998898149 45.044464111
0.998741269 -0.016531937 0.047355991 3.141747952 0.017172899 0.999765992 -0.013160146 -5.122117996 -0.047127344 0.013956820 0.998791397 46.279144287
0.998556733 -0.017572887 0.050749179 3.257010937 0.018086856 0.999789596 -0.009686255 -5.276695728 -0.050568279 0.010590171 0.998664439 47.541103363
0.998283803 -0.020610606 0.054812621 3.372087479 0.021070059 0.999747396 -0.007817553 -5.414761543 -0.054637659 0.008959044 0.998465955 48.766834259
0.998053551 -0.022745701 0.058065172 3.507123232 0.023246210 0.999698043 -0.007958875 -5.558849335 -0.057866614 0.009293181 0.998281062 50.016593933
0.997775853 -0.026151180 0.061314009 3.651021242 0.026924500 0.999567628 -0.011820165 -5.693401814 -0.060978387 0.013444725 0.998048484 51.249668121
0.997496426 -0.027450390 0.065170556 3.783865213 0.028281072 0.999529660 -0.011858015 -5.829300404 -0.064814389 0.013671422 0.997803688 52.473285675
0.997130871 -0.029955085 0.069517396 3.909282923 0.030683637 0.999484539 -0.009435831 -5.968518257 -0.069198921 0.011541803 0.997536123 53.692722321
0.996863365 -0.032580510 0.072124220 4.067986965 0.033102412 0.999433637 -0.006052289 -6.102752686 -0.071886174 0.008420790 0.997377217 54.902370453
0.996624291 -0.035079826 0.074224845 4.220166683 0.035491023 0.999361157 -0.004227790 -6.234131336 -0.074029088 0.006847834 0.997232497 56.110973358
0.996421874 -0.038183883 0.075402051 4.370971203 0.038389765 0.999262035 -0.001282451 -6.355767250 -0.075297423 0.004172529 0.997152388 57.330966949
0.996263683 -0.041166525 0.075920887 4.520795822 0.041267574 0.999148071 0.000238052 -6.483078003 -0.075866006 0.002895907 0.997113764 58.530700684
0.996202290 -0.043472733 0.075439639 4.668574333 0.043823205 0.999034762 -0.002995874 -6.609706879 -0.075236574 0.006290503 0.997145891 59.744945526
0.996214151 -0.044676092 0.074575186 4.818128109 0.045357060 0.998942971 -0.007461947 -6.735818863 -0.074162982 0.010816209 0.997187436 60.929698944
0.996201754 -0.046198960 0.073808379 4.946316719 0.047154926 0.998824120 -0.011261427 -6.867434502 -0.073201321 0.014699084 0.997208834 62.137088776
0.996259868 -0.047712885 0.072040707 5.095251083 0.048816778 0.998714566 -0.013640061 -7.001237869 -0.071297303 0.017105840 0.997308373 63.331451416
0.996363282 -0.048222557 0.070248388 5.226779938 0.049308304 0.998688221 -0.013803660 -7.134784698 -0.069490574 0.017217288 0.997434020 64.509963989
0.996579707 -0.047579546 0.067565709 5.357615948 0.048556324 0.998737335 -0.012887947 -7.270632267 -0.066867195 0.016124610 0.997631550 65.685409546
0.996843934 -0.046613678 0.064260125 5.478965282 0.047421243 0.998813331 -0.011098972 -7.411630154 -0.063666493 0.014111237 0.997871399 66.885871887
0.997228146 -0.042791143 0.060869351 5.595994949 0.043333914 0.999031663 -0.007624381 -7.540873528 -0.060484141 0.010240953 0.998116672 68.060859680
0.997455597 -0.040776547 0.058477797 5.700227261 0.041161694 0.999137998 -0.005396357 -7.664184093 -0.058207333 0.007789672 0.998274148 69.220916748
0.997728527 -0.040068660 0.054152656 5.832172394 0.040575225 0.999142110 -0.008287156 -7.808576107 -0.053774145 0.010465589 0.998498261 70.430603027
0.997906446 -0.040407501 0.050497275 5.941846848 0.041196194 0.999043286 -0.014676079 -7.940431118 -0.049855940 0.016725650 0.998616397 71.589523315
0.997961819 -0.043912500 0.046301771 6.051500320 0.044788070 0.998833537 -0.018044733 -8.074010849 -0.045455374 0.020081721 0.998764515 72.761802673
0.997977197 -0.047293060 0.042482723 6.170726776 0.047912601 0.998757780 -0.013685069 -8.210881233 -0.041782737 0.015692845 0.999003470 73.957199097
0.997966468 -0.051058531 0.038158003 6.274511814 0.051429115 0.998637915 -0.008793473 -8.337751389 -0.037657052 0.010738024 0.999233007 75.115257263
0.998013258 -0.053391475 0.033449844 6.370162010 0.053617816 0.998544037 -0.005905869 -8.468135834 -0.033085819 0.007687643 0.999422967 76.302185059
0.998190522 -0.052521180 0.029279336 6.458358765 0.052643470 0.998607576 -0.003420984 -8.592837334 -0.029058889 0.004956161 0.999565423 77.461502075
0.998326778 -0.052075155 0.025137007 6.555241108 0.052191500 0.998629093 -0.003994087 -8.702392578 -0.024894556 0.005299342 0.999676049 78.621444702
0.998461902 -0.050852336 0.022092763 6.620982647 0.050977215 0.998686671 -0.005125786 -8.841985703 -0.021803088 0.006244129 0.999742806 79.800849915
0.998649657 -0.048399620 0.018872257 6.694124222 0.048591681 0.998770118 -0.009854592 -8.972224236 -0.018372085 0.010758320 0.999773383 80.946014404
0.998536885 -0.051986888 0.014881529 6.781169891 0.052208055 0.998525441 -0.014880395 -9.111027718 -0.014085999 0.015635559 0.999778569 82.110763550
0.998408198 -0.055094276 0.012071994 6.841482162 0.055287469 0.998337388 -0.016301269 -9.237774849 -0.011153815 0.016942754 0.999794185 83.255470276
0.998427212 -0.055439837 0.008340470 6.905907154 0.055544950 0.998372197 -0.012949588 -9.366883278 -0.007608971 0.013392491 0.999881327 84.392745972
0.998425126 -0.055806261 0.005745973 6.968593597 0.055862118 0.998387754 -0.010067729 -9.500641823 -0.005174866 0.010372857 0.999932766 85.528129578
0.998560309 -0.053445570 0.004571711 7.012423992 0.053497095 0.998495936 -0.012005407 -9.627335548 -0.003923198 0.012232699 0.999917448 86.677635193
0.998753726 -0.049734578 0.004176907 7.061771393 0.049791612 0.998648584 -0.014891353 -9.756630898 -0.003430647 0.015080772 0.999880433 87.799308777
0.998828113 -0.048325714 0.002643555 7.124368191 0.048365306 0.998670340 -0.017844692 -9.883406639 -0.001777682 0.017951636 0.999837339 88.894470215
0.998781443 -0.049298178 0.002272192 7.163021088 0.049331497 0.998615980 -0.018235428 -10.026044846 -0.001370074 0.018325303 0.999831080 90.043838501
0.998715639 -0.050662167 0.000670357 7.214914322 0.050666448 0.998592317 -0.015696432 -10.155202866 0.000125802 0.015710240 0.999876559 91.158203125
0.998662591 -0.051700640 -0.000280401 7.262666702 0.051692631 0.998578370 -0.013002843 -10.285980225 0.000952258 0.012970960 0.999915421 92.274147034
0.998683810 -0.051279522 -0.001009842 7.326336384 0.051263094 0.998608232 -0.012397885 -10.408309937 0.001644194 0.012329802 0.999922633 93.429985046
0.998651743 -0.051897477 -0.001117427 7.370903969 0.051876128 0.998550177 -0.014363771 -10.537425995 0.001861250 0.014286437 0.999896169 94.537895203
0.998643935 -0.052011330 -0.002227859 7.431905746 0.051962439 0.998483717 -0.018170577 -10.667578697 0.003169557 0.018030168 0.999832332 95.645217896
0.998628080 -0.052322518 -0.002050494 7.473886490 0.052272517 0.998440981 -0.019574109 -10.804219246 0.003071463 0.019440075 0.999806285 96.774177551
0.998587012 -0.053091504 -0.002312989 7.527088165 0.053042054 0.998433232 -0.017818803 -10.937010765 0.003255393 0.017670937 0.999838650 97.859893799
0.998635292 -0.052208245 -0.001366535 7.568277836 0.052186929 0.998557687 -0.012611880 -11.060951233 0.002023008 0.012523354 0.999919474 98.945137024
0.998719335 -0.050593272 -0.000105318 7.616183281 0.050590213 0.998678029 -0.009099553 -11.181846619 0.000565555 0.009082571 0.999958575 100.014198303
0.998822927 -0.048462555 0.002044156 7.656651974 0.048479266 0.998782456 -0.009128803 -11.305101395 -0.001599262 0.009217159 0.999956250 101.073272705
0.998905540 -0.046611905 0.003881888 7.707888603 0.046651535 0.998852432 -0.010834736 -11.426916122 -0.003372405 0.011003973 0.999933779 102.112457275
0.998875380 -0.046915002 0.006855393 7.753194332 0.047002256 0.998807907 -0.013176943 -11.550180435 -0.006229024 0.013484344 0.999889672 103.132934570
0.998785675 -0.048421595 0.009084905 7.785160065 0.048545115 0.998724103 -0.013906844 -11.665610313 -0.008399923 0.014330985 0.999862015 104.128807068
0.998672307 -0.050336070 0.010951173 7.844484329 0.050479729 0.998637021 -0.013262415 -11.778659821 -0.010268670 0.013797617 0.999852121 105.111160278
0.998648286 -0.050377298 0.012803265 7.898119450 0.050529476 0.998652220 -0.011853721 -11.896180153 -0.012188852 0.012484639 0.999847770 106.087364197
0.998584151 -0.051369321 0.013816213 7.964523315 0.051514994 0.998618066 -0.010402161 -12.000417709 -0.013262769 0.011099175 0.999850452 107.006210327
0.998513758 -0.052126635 0.015907140 8.018078804 0.052298915 0.998575151 -0.010613682 -12.109609604 -0.015331218 0.011429834 0.999817014 107.922805786
0.998517752 -0.051500857 0.017607095 8.069447517 0.051666055 0.998623252 -0.009060393 -12.208827972 -0.017116239 0.009956649 0.999804080 108.815666199
0.998526394 -0.050548188 0.019745141 8.123367310 0.050694704 0.998689771 -0.006991475 -12.306246758 -0.019365864 0.007982147 0.999780655 109.685974121
0.998496771 -0.050754368 0.020690046 8.187960625 0.050841067 0.998699963 -0.003685108 -12.408806801 -0.020476116 0.004731473 0.999779165 110.539367676
0.998463213 -0.050859161 0.022014730 8.249430656 0.050951160 0.998694479 -0.003637865 -12.499845505 -0.021800971 0.004753950 0.999751031 111.364883423
0.998471916 -0.050025325 0.023479933 8.296161652 0.050105583 0.998739898 -0.002841935 -12.588251114 -0.023308175 0.004014068 0.999720216 112.170089722
0.998579323 -0.047667686 0.023809277 8.348085403 0.047737014 0.998857141 -0.002351709 -12.669916153 -0.023669964 0.003484952 0.999713778 112.948951721
0.998705983 -0.045198511 0.023312801 8.390712738 0.045195222 0.998977900 0.000668120 -12.748564720 -0.023319172 0.000386372 0.999728024 113.710182190
0.998783350 -0.044918109 0.020351335 8.434945107 0.044887993 0.998990119 0.001934225 -12.830129623 -0.020417664 -0.001018342 0.999791026 114.432899475
0.998882532 -0.044989958 0.014477301 8.459772110 0.044965323 0.998986423 0.002023124 -12.905468941 -0.014553649 -0.001369886 0.999893129 115.133384705
0.999034464 -0.043776322 0.003683187 8.495624542 0.043773685 0.999041140 0.000793323 -12.979417801 -0.003714383 -0.000631331 0.999992967 115.815818787
0.999068081 -0.041747853 -0.010971495 8.495817184 0.041730084 0.999127209 -0.001843102 -13.055937767 0.011038866 0.001383543 0.999938130 116.466270447
0.998751879 -0.040252343 -0.029572096 8.487284660 0.040145271 0.999185026 -0.004205544 -13.124493599 0.029717278 0.003013115 0.999553800 117.077102661
0.997946560 -0.038102109 -0.051487401 8.449563980 0.037796527 0.999261618 -0.006896088 -13.188920021 0.051712140 0.004935882 0.998649836 117.663299561
0.996173263 -0.036409337 -0.079456188 8.411622047 0.035837211 0.999320447 -0.008615170 -13.255708694 0.079715870 0.005734714 0.996801078 118.226173401
0.993204534 -0.034448639 -0.111167111 8.331825256 0.033490144 0.999384165 -0.010478396 -13.332890511 0.111459613 0.006684187 0.993746519 118.779289246
0.988675714 -0.030244254 -0.146988630 8.228546143 0.028762992 0.999511898 -0.012192937 -13.385541916 0.147285670 0.007827025 0.989063025 119.313873291
0.982438385 -0.024383232 -0.184987336 8.106342316 0.022626139 0.999676645 -0.011603824 -13.445905685 0.185210451 0.007214492 0.982672453 119.831092834
0.973683953 -0.019211426 -0.227091700 7.970924377 0.017478822 0.999800801 -0.009638185 -13.502340317 0.227231592 0.005415249 0.973825693 120.330245972
0.962406933 -0.014159054 -0.271242768 7.792201996 0.012425918 0.999889970 -0.008106048 -13.565855026 0.271327704 0.004430876 0.962476850 120.827819824
0.948067486 -0.008166162 -0.317964524 7.601863861 0.005716960 0.999946356 -0.008635120 -13.618796349 0.318017960 0.006368883 0.948063314 121.299942017
0.930505812 -0.000535435 -0.366276801 7.367500305 -0.003220696 0.999948263 -0.009643755 -13.672840118 0.366263032 0.010153235 0.930455983 121.762893677
0.909063578 0.004256016 -0.416635752 7.124206543 -0.009448309 0.999901235 -0.010401212 -13.727685928 0.416550398 0.013391865 0.909013987 122.198623657
0.883664191 0.008472574 -0.468044817 6.859954834 -0.014465312 0.999853015 -0.009210975 -13.780025482 0.467897952 0.014909823 0.883656740 122.608619690
0.854708552 0.011457653 -0.518981755 6.563549042 -0.018990789 0.999777257 -0.009203576 -13.826125145 0.518760741 0.017722249 0.854735792 123.012580872
0.822783828 0.020278342 -0.567992628 6.242305756 -0.028961813 0.999560833 -0.006267473 -13.872049332 0.567616045 0.021606874 0.823009789 123.386039734
0.789171934 0.034571443 -0.613198578 5.894039154 -0.043258950 0.999063671 0.000652836 -13.917041779 0.612646997 0.026011121 0.789928555 123.730300903
0.752886772 0.043621890 -0.656702936 5.540256500 -0.054813951 0.998490453 0.003483079 -13.959459305 0.655863523 0.033374116 0.754141271 124.047485352
0.712966084 0.047008537 -0.699621022 5.170043945 -0.061670750 0.998087704 0.004215838 -14.004886627 0.698481321 0.040140413 0.714501560 124.347198486
0.670075119 0.048601162 -0.740700543 4.793457031 -0.064196430 0.997909784 0.007402647 -14.052499771 0.739512146 0.042590000 0.671794593 124.631622314
0.626883209 0.052480731 -0.777343631 4.383724213 -0.067931220 0.997610807 0.012568956 -14.085829735 0.776146054 0.044926636 0.628950536 124.887763977
0.581892490 0.061377432 -0.810946226 3.961784363 -0.078934334 0.996702552 0.018797467 -14.126399994 0.809426069 0.053073395 0.584818661 125.106933594
0.536243618 0.070212469 -0.841137886 3.521633148 -0.090755001 0.995553255 0.025243727 -14.149244308 0.839170039 0.062800683 0.540231228 125.310554504
0.489070952 0.075441144 -0.868975461 3.070938110 -0.096290514 0.994833171 0.032174055 -14.177853584 0.866912723 0.067938700 0.493808210 125.509277344
0.442497313 0.077415369 -0.893422008 2.603805542 -0.095869668 0.994641125 0.038703352 -14.206585884 0.891630650 0.068525940 0.447547853 125.682357788
0.394717634 0.078506179 -0.915442288 2.126960754 -0.092434108 0.994681120 0.045446053 -14.229359627 0.914141059 0.066679731 0.399874866 125.863220215
0.348790139 0.080985323 -0.933695257 1.639144897 -0.094251566 0.994239926 0.051028229 -14.248139381 0.932449520 0.070204094 0.354414016 126.006011963
0.305102140 0.084247284 -0.948585808 1.137355804 -0.100236841 0.993387222 0.055986185 -14.264438629 0.947029710 0.078001723 0.311529279 126.119415283
0.263434321 0.085887827 -0.960846305 0.609642029 -0.104679652 0.992692411 0.060034554 -14.283459663 0.958981037 0.084765889 0.270499885 126.227302551
0.224358186 0.082721896 -0.970989406 0.076244354 -0.104946859 0.992646873 0.060317814 -14.305267334 0.968839288 0.088369504 0.231389895 126.319992065
0.189391077 0.077642433 -0.978827119 -0.456159592 -0.100003272 0.993210495 0.059433922 -14.325517654 0.976795912 0.086629674 0.195869684 126.412322998
0.158754468 0.072719045 -0.984636426 -1.006946564 -0.097371146 0.993575335 0.057679903 -14.348352432 0.982504904 0.086718231 0.164815247 126.490768433
0.132810593 0.070933022 -0.988599896 -1.576391220 -0.098534599 0.993439436 0.058042914 -14.366171837 0.986231387 0.089702576 0.138928592 126.551223755
0.111021079 0.069829121 -0.991361797 -2.167299271 -0.099136889 0.993331134 0.058865651 -14.377552032 0.988861084 0.091745190 0.117203310 126.607131958
0.091928616 0.071496978 -0.993195534 -2.753418922 -0.101432718 0.992903113 0.062087473 -14.398143768 0.990585923 0.095034905 0.098528348 126.673263550
0.076170184 0.069827177 -0.994646847 -3.362148285 -0.102343343 0.992823720 0.061861727 -14.421390533 0.991828620 0.097083449 0.082769908 126.717094421
0.061873853 0.068585098 -0.995724738 -3.981168270 -0.100619711 0.992982328 0.062143739 -14.449042320 0.992999196 0.096344449 0.068340652 126.769584656
0.049954467 0.066183053 -0.996556282 -4.618628502 -0.096689180 0.993435681 0.061129067 -14.471626282 0.994060218 0.093302540 0.056025736 126.807556152
0.037821539 0.063428290 -0.997269511 -5.272210121 -0.094526201 0.993735611 0.059618611 -14.488626480 0.994803667 0.092013232 0.043580242 126.845771790
0.026747119 0.062354937 -0.997695565 -5.949500084 -0.093579672 0.993825972 0.059604317 -14.509167671 0.995252430 0.091769777 0.032417130 126.885711670
0.016905151 0.063746586 -0.997822940 -6.621242523 -0.096927688 0.993369699 0.061819933 -14.531096458 0.995147765 0.095671602 0.022971876 126.907180786
0.009043694 0.063525520 -0.997939229 -7.298476219 -0.099667415 0.993067801 0.062312197 -14.557366371 0.994979680 0.098898515 0.015312428 126.917800903
0.002168334 0.062912546 -0.998016834 -7.992562294 -0.101643421 0.992864013 0.062366918 -14.579963684 0.994818509 0.101306610 0.008547509 126.937675476
-0.003010829 0.063794076 -0.997958601 -8.691151619 -0.102395400 0.992697716 0.063766718 -14.598381996 0.994739175 0.102378353 0.003543376 126.953056335
-0.006427929 0.066320859 -0.997777700 -9.416548729 -0.105113126 0.992225647 0.066629000 -14.618920326 0.994439483 0.105307810 0.000593239 126.972122192
-0.007085611 0.070121251 -0.997513354 -10.150751114 -0.107307285 0.991724908 0.070476577 -14.644108772 0.994200587 0.107539818 0.000497544 126.970878601
-0.008325358 0.073491372 -0.997261047 -10.866811752 -0.109372221 0.991245389 0.073961124 -14.660039902 0.993965983 0.109688416 -0.000214556 126.983642578
-0.008872777 0.078980118 -0.996836662 -11.605355263 -0.114026010 0.990293622 0.079476647 -14.667589188 0.993438125 0.114370510 0.000219134 126.990447998
-0.009985622 0.082856409 -0.996511459 -12.352394104 -0.117006429 0.989618480 0.083455756 -14.682022095 0.993080914 0.117431603 -0.000187224 126.997482300
-0.011490749 0.083237544 -0.996463478 -13.100170135 -0.116982885 0.989574254 0.084011056 -14.700078011 0.993067443 0.117534503 -0.001633581 127.015617371
-0.013215225 0.080242783 -0.996687710 -13.843457222 -0.114495911 0.990097106 0.081230313 -14.719846725 0.993335783 0.115190133 -0.003896885 127.037353516
-0.014645658 0.076604269 -0.996954024 -14.602548599 -0.118058138 0.989954174 0.077800743 -14.725252151 0.992898703 0.118837968 -0.005454773 127.048072815
-0.015854865 0.078238770 -0.996808529 -15.370916367 -0.123206012 0.989183545 0.079599954 -14.736236572 0.992254436 0.124074847 -0.006043885 127.047569275
-0.017645298 0.081953511 -0.996479928 -16.139396667 -0.120170511 0.989236593 0.083485737 -14.752168655 0.992596388 0.121220626 -0.007606979 127.062789917
-0.019770857 0.082038589 -0.996433020 -16.910118103 -0.119217500 0.989323795 0.083818734 -14.771682739 0.992671251 0.120449439 -0.009779342 127.078872681
-0.020737451 0.080853403 -0.996510208 -17.708240509 -0.122047447 0.989065409 0.082789160 -14.779106140 0.992307544 0.123338357 -0.010642744 127.072990417
-0.021302016 0.080656298 -0.996514320 -18.495239258 -0.126732081 0.988482296 0.082715265 -14.786376953 0.991708279 0.128052324 -0.010834926 127.070945740
-0.022234883 0.085200585 -0.996115744 -19.299098969 -0.128731713 0.987823665 0.087364838 -14.794990540 0.991430163 0.130174235 -0.010996128 127.071258545
-0.022876926 0.089419201 -0.995731294 -20.113082886 -0.127133191 0.987645805 0.091613978 -14.803894997 0.991621792 0.128686339 -0.011226152 127.084930420
-0.022439240 0.091868378 -0.995518208 -20.933425903 -0.128913715 0.987189949 0.094005592 -14.818291664 0.991401911 0.130445361 -0.010308696 127.101768494
-0.020486075 0.090556987 -0.995680571 -21.751153946 -0.128342703 0.987411737 0.092445582 -14.824247360 0.991518199 0.129682198 -0.008605865 127.110221863
-0.019197246 0.090625964 -0.995699942 -22.583587646 -0.128458753 0.987405896 0.092347741 -14.829770088 0.991529047 0.129679188 -0.007313776 127.117912292
-0.019254941 0.089736253 -0.995779335 -23.411687851 -0.126750171 0.987709165 0.091459900 -14.836928368 0.991747797 0.127976254 -0.007644200 127.142318726
-0.018425958 0.091828518 -0.995604336 -24.249145508 -0.127583966 0.987417042 0.093434602 -14.844614029 0.991656601 0.128744781 -0.006478255 127.159675598
-0.017938958 0.093853779 -0.995424330 -25.088970184 -0.129357800 0.986999154 0.095390588 -14.846422195 0.991435707 0.130477130 -0.005565017 127.174865723
-0.017830951 0.096353941 -0.995187342 -25.962575912 -0.132327154 0.986362576 0.097870417 -14.850114822 0.991045713 0.133435458 -0.004837541 127.186676025
-0.016289588 0.097381696 -0.995113790 -26.825960159 -0.134436578 0.985995471 0.098690055 -14.847640991 0.990788341 0.135387331 -0.002969794 127.197860718
-0.014563178 0.100614466 -0.994818866 -27.695810318 -0.141227320 0.984743416 0.101662882 -14.848896980 0.989870071 0.141976148 -0.000131479 127.210830688
-0.012260950 0.104344368 -0.994465649 -28.577007294 -0.145695508 0.983740091 0.105015315 -14.844690323 0.989253461 0.146176815 0.003140917 127.225540161
-0.010222622 0.106082030 -0.994304776 -29.451770782 -0.148161948 0.983220339 0.106422715 -14.839750290 0.988910317 0.148406059 0.005666229 127.254829407
-0.006499477 0.106967941 -0.994241238 -30.353191376 -0.147016570 0.983355939 0.106757887 -14.841406822 0.989112616 0.146863848 0.009334764 127.274894714
-0.003886475 0.106886119 -0.994263589 -31.245580673 -0.149564192 0.983025312 0.106262594 -14.835564613 0.988744438 0.149119228 0.012165832 127.301605225
-0.001558311 0.110727154 -0.993849576 -32.146625519 -0.150050297 0.982572973 0.109706052 -14.828903198 0.988677144 0.149298370 0.015083489 127.332130432
0.000948575 0.112986229 -0.993596077 -33.064601898 -0.149499491 0.982446313 0.111575618 -14.825351715 0.988761485 0.148436263 0.017823307 127.367271423
0.002769576 0.114370354 -0.993434250 -33.957431793 -0.150227383 0.982211530 0.112659506 -14.822682381 0.988647521 0.148929045 0.019901868 127.406188965
0.005214359 0.112640262 -0.993622124 -34.861202240 -0.151630506 0.982235193 0.110553674 -14.816942215 0.988423526 0.150086969 0.022201430 127.435333252
0.005159147 0.113685586 -0.993503392 -35.767612457 -0.155708179 0.981489718 0.111502297 -14.807820320 0.987789631 0.154121324 0.022765422 127.478500366
0.006193162 0.114372626 -0.993418574 -36.661384583 -0.156554133 0.981298327 0.112001233 -14.804270744 0.987649918 0.154830128 0.023982842 127.513854980
0.006621485 0.110833138 -0.993816972 -37.558658600 -0.156734332 0.981670141 0.108434223 -14.801331520 0.987618685 0.155047223 0.023871468 127.546951294
0.007243881 0.106735833 -0.994261026 -38.464046478 -0.158044234 0.981912434 0.104258731 -14.802371025 0.987405479 0.156381994 0.023981839 127.590377808
0.007749182 0.105886199 -0.994348109 -39.362880707 -0.157744065 0.982057035 0.103348009 -14.795900345 0.987449646 0.156051621 0.024313057 127.628273010
0.007562574 0.109981216 -0.993904948 -40.268074036 -0.159915090 0.981274426 0.107366800 -14.792221069 0.987101734 0.158128351 0.025008613 127.668190002
0.008016396 0.116335645 -0.993177593 -41.189449310 -0.160873950 0.980422139 0.113543026 -14.780760765 0.986942410 0.158866227 0.026574822 127.699516296
0.008123660 0.115195811 -0.993309557 -42.083396912 -0.158726290 0.980897069 0.112458184 -14.782329559 0.987289190 0.156750798 0.026253087 127.742965698
0.009026955 0.104725122 -0.994460225 -42.973281860 -0.158049509 0.982149541 0.101994038 -14.787157059 0.987389982 0.156253263 0.025417577 127.784652710
0.009384979 0.094244048 -0.995504856 -43.903846741 -0.159635082 0.982922077 0.091547869 -14.793724060 0.987131476 0.158058316 0.024269354 127.822494507
0.008417029 0.091197446 -0.995797217 -44.804241180 -0.156550393 0.983673215 0.088763826 -14.802124023 0.987634063 0.155145332 0.022556596 127.865997314
0.008531621 0.101256542 -0.994823754 -45.725570679 -0.149086818 0.983869433 0.098863006 -14.805720329 0.988787234 0.147471666 0.023490014 127.912406921
0.008285074 0.114429213 -0.993396878 -46.676116943 -0.144292295 0.983170867 0.112047859 -14.802025795 0.989500403 0.142411217 0.024656897 127.971694946
0.008509427 0.123486929 -0.992309749 -47.598300934 -0.144554183 0.982074022 0.120973557 -14.793457031 0.989460289 0.142413110 0.026207436 128.014480591
0.008666135 0.117728680 -0.993008018 -48.510135651 -0.145071030 0.982687354 0.115239024 -14.790483475 0.989383161 0.143058017 0.025595121 128.050201416
0.008447579 0.104164191 -0.994524181 -49.441928864 -0.144651070 0.984226227 0.101856925 -14.788097382 0.989446640 0.142998561 0.023381796 128.094085693
0.008977331 0.095387720 -0.995399773 -50.356964111 -0.145260289 0.985005200 0.093081549 -14.788790703 0.989352763 0.143756434 0.022698766 128.135208130
0.009596469 0.095310792 -0.995401263 -51.290161133 -0.144257993 0.985165894 0.092939958 -14.794521332 0.989493549 0.142702743 0.023203459 128.175582886
0.008894200 0.096978813 -0.995246708 -52.231758118 -0.147360325 0.984546661 0.094619252 -14.814315796 0.989042819 0.145818263 0.023047581 128.217681885
0.009610890 0.096402466 -0.995296061 -53.160633087 -0.152023062 0.983912945 0.093831949 -14.815946579 0.988330185 0.150406152 0.024111679 128.247787476
0.010273055 0.095577314 -0.995369017 -54.099613190 -0.153714463 0.983740866 0.092874296 -14.815711975 0.988061845 0.152048498 0.024797641 128.286087036
0.010719474 0.103396691 -0.994582415 -55.064472198 -0.162754044 0.981556594 0.100288391 -14.819785118 0.986608386 0.160797298 0.027350001 128.326065063
0.012144395 0.112751096 -0.993548989 -56.004165649 -0.168054357 0.979718804 0.109127447 -14.812390327 0.985702872 0.165644988 0.030846406 128.363067627
0.013328074 0.121279567 -0.992528796 -56.961345673 -0.168566138 0.978683114 0.117324136 -14.808022499 0.985600233 0.165743053 0.033487588 128.403335571
0.014576863 0.121566638 -0.992476165 -57.917137146 -0.170299262 0.978381038 0.117338918 -14.795573235 0.985284567 0.167307541 0.034964439 128.447479248
0.016189953 0.112009570 -0.993575215 -58.863098145 -0.171852395 0.979229629 0.107592054 -14.795467377 0.984989762 0.169006333 0.035102792 128.489395142
0.017312597 0.106908634 -0.994118035 -59.799980164 -0.170190945 0.980072558 0.102434285 -14.790015221 0.985259056 0.167416498 0.035162486 128.543945312
0.019301314 0.105615839 -0.994219601 -60.772758484 -0.168825015 0.980470181 0.100877739 -14.791439056 0.985457003 0.165902078 0.036754958 128.596191406
0.022268344 0.111112393 -0.993558347 -61.731864929 -0.170013085 0.979750276 0.105757788 -14.787290573 0.985190213 0.166562840 0.040707983 128.659164429
0.026063250 0.113592274 -0.993185520 -62.712795258 -0.172650814 0.979104638 0.107451104 -14.793264389 0.984638214 0.168673784 0.045130447 128.709197998
0.029861048 0.108481772 -0.993649781 -63.668422699 -0.171735823 0.979867518 0.101816103 -14.793572426 0.984690428 0.167604938 0.047890075 128.768585205
0.032979909 0.102895610 -0.994145334 -64.624015808 -0.171514928 0.980513155 0.095794812 -14.801216125 0.984629273 0.167351469 0.049985372 128.833389282
0.036515012 0.102260351 -0.994087279 -65.578651428 -0.169499367 0.980971396 0.094685048 -14.796630859 0.984853625 0.165039748 0.053153239 128.899765015
0.038476609 0.106951453 -0.993519485 -66.542655945 -0.166149184 0.981100261 0.099179983 -14.815248489 0.985349655 0.161256328 0.055519301 128.990280151
0.042055525 0.113747098 -0.992619157 -67.501396179 -0.165603831 0.980549335 0.105347648 -14.816284180 0.985295236 0.159951061 0.060074475 129.064773560
0.044785433 0.117675118 -0.992041767 -68.465637207 -0.163367614 0.980532646 0.108934723 -14.820705414 0.985548198 0.157188803 0.063137881 129.144699097
0.046941523 0.119582072 -0.991714060 -69.450111389 -0.163025379 0.980414033 0.110502914 -14.822201729 0.985504508 0.156487346 0.065517038 129.222518921
0.049053412 0.116338745 -0.991997480 -70.389595032 -0.161777407 0.981003761 0.107049681 -14.817843437 0.985607326 0.155231640 0.066942565 129.292022705
0.049890954 0.115189895 -0.992089748 -71.334495544 -0.159770995 0.981455088 0.105920434 -14.822999954 0.985892534 0.153222695 0.067369737 129.375808716
0.050620325 0.111548290 -0.992468774 -72.280258179 -0.156747490 0.982314587 0.102412172 -14.830631256 0.986340523 0.150382847 0.067209996 129.460968018
0.050066121 0.110999815 -0.992558539 -73.274108887 -0.154938146 0.982636631 0.102074936 -14.821341515 0.986654878 0.148674682 0.066394925 129.545455933
0.049926203 0.115563326 -0.992044628 -74.228820801 -0.151618287 0.982648194 0.106838316 -14.821658134 0.987177432 0.145078048 0.066581413 129.627975464
0.049086936 0.117456265 -0.991864204 -75.192268372 -0.145734191 0.983275592 0.109226905 -14.828767776 0.988105237 0.139186919 0.065383397 129.726074219
0.048954211 0.112625383 -0.992430866 -76.149757385 -0.142899394 0.984189987 0.104641281 -14.811347961 0.988525808 0.136695102 0.064274356 129.798370361
0.047420066 0.108805023 -0.992931366 -77.110946655 -0.144666076 0.984317243 0.100952171 -14.813583374 0.988343596 0.138856307 0.062416777 129.870193481
0.046034537 0.106244922 -0.993273914 -78.060333252 -0.141142666 0.985044479 0.098823264 -14.818998337 0.988918424 0.135644004 0.060341775 129.952453613
0.044708144 0.106766164 -0.993278503 -79.024917603 -0.141248763 0.984959722 0.099514291 -14.819952965 0.988964081 0.135850251 0.059116311 130.021224976
0.044025112 0.107864447 -0.993190348 -79.978820801 -0.142707199 0.984638155 0.100609884 -14.821302414 0.988785326 0.137306049 0.058741841 130.092117310
0.042552430 0.108262599 -0.993211210 -80.932983398 -0.144293755 0.984355152 0.101115242 -14.825731277 0.988619566 0.139011472 0.057508320 130.164199829
0.041643783 0.109150559 -0.993152559 -81.883216858 -0.143969849 0.984296679 0.102140509 -14.828027725 0.988705456 0.138730496 0.056704234 130.226303101
0.039425489 0.109402515 -0.993215322 -82.848686218 -0.143988729 0.984235942 0.102697819 -14.830354691 0.988793612 0.138962924 0.054556713 130.296997070
0.037477002 0.111867592 -0.993016124 -83.801567078 -0.144433871 0.983886421 0.105388038 -14.824887276 0.988804519 0.139475554 0.053030580 130.369033813
0.035956468 0.115659423 -0.992637932 -84.755569458 -0.145760179 0.983265102 0.109287433 -14.818264961 0.988666356 0.140757501 0.052213281 130.426422119
0.033827733 0.120183170 -0.992175281 -85.704338074 -0.146744221 0.982581377 0.114017874 -14.806944847 0.988595903 0.141739041 0.050874695 130.490341187
0.031573121 0.120255940 -0.992240727 -86.659088135 -0.146920085 0.982510567 0.114401646 -14.805164337 0.988644302 0.142168105 0.048688930 130.547866821
0.030691197 0.115352519 -0.992850363 -87.604095459 -0.147050470 0.983030796 0.109665997 -14.802184105 0.988652706 0.142633334 0.047133036 130.605484009
0.028056337 0.110275716 -0.993504941 -88.553405762 -0.150930598 0.982968926 0.104843982 -14.789847374 0.988146067 0.147008777 0.044222485 130.665283203
0.026833504 0.108197078 -0.993767142 -89.496673584 -0.148937300 0.983462036 0.103053533 -14.788708687 0.988482535 0.145243719 0.042504314 130.727996826
0.026505211 0.109361149 -0.993648648 -90.462425232 -0.144277185 0.984008968 0.104451679 -14.789223671 0.989182293 0.140592307 0.041859690 130.778274536
0.025696648 0.110792443 -0.993511319 -91.411453247 -0.141289458 0.984265506 0.106107011 -14.788800240 0.989634812 0.137646079 0.040946126 130.839080811
0.024587525 0.110515617 -0.993570209 -92.363044739 -0.136231735 0.984969616 0.106187664 -14.789266586 0.990371823 0.132744938 0.039273705 130.903732300
0.023297770 0.107732765 -0.993906975 -93.304397583 -0.132045731 0.985798240 0.103758611 -14.793269157 0.990969837 0.128823832 0.037192553 130.965667725
0.023083612 0.104479514 -0.994259119 -94.260078430 -0.127024263 0.986770391 0.100743443 -14.794396400 0.991630912 0.123969518 0.036049653 131.016479492
0.021004206 0.107131794 -0.994022965 -95.237541199 -0.124974146 0.986725330 0.103704520 -14.798591614 0.991937637 0.122048937 0.034114085 131.074295044
0.019711513 0.109477706 -0.993793786 -96.186210632 -0.124343865 0.986538231 0.106212109 -14.797528267 0.992043376 0.121478580 0.033059042 131.128341675
0.018204805 0.107262954 -0.994064093 -97.144760132 -0.120089039 0.987265825 0.104330167 -14.794384956 0.992596269 0.117476888 0.030854087 131.178710938
0.016249493 0.104329824 -0.994409978 -98.092361450 -0.117297821 0.987872899 0.101727225 -14.795940399 0.992963910 0.114989109 0.028290089 131.224197388
0.012578631 0.101766691 -0.994728684 -99.064437866 -0.115919784 0.988248408 0.099637866 -14.794671059 0.993178904 0.114055447 0.024227586 131.276367188
0.009682028 0.100826502 -0.994856954 -100.020706177 -0.110378340 0.988931537 0.099151768 -14.804523468 0.993842423 0.108850658 0.020703923 131.325439453
0.007765569 0.101050474 -0.994850993 -100.978210449 -0.103578985 0.989610732 0.099709697 -14.800956726 0.994590878 0.102271356 0.018151596 131.362991333
0.005252693 0.109053336 -0.994022012 -101.944892883 -0.093614891 0.989723921 0.108087093 -14.801972389 0.995594621 0.092487529 0.015407731 131.422637939
0.002470035 0.117135756 -0.993112803 -102.903175354 -0.085569613 0.989498019 0.116496578 -14.798282623 0.996329188 0.084692515 0.012467356 131.476837158
-0.000285664 0.116848968 -0.993149698 -103.856948853 -0.081343263 0.989855826 0.116484828 -14.793269157 0.996686101 0.080819316 0.009222111 131.519409180
-0.003102106 0.106798679 -0.994275808 -104.813606262 -0.082035325 0.990902066 0.106692217 -14.793724060 0.996624529 0.081896707 0.005687380 131.551437378
-0.005187690 0.097505473 -0.995221436 -105.760345459 -0.083918825 0.991681755 0.097596087 -14.793026924 0.996459067 0.084024109 0.003038007 131.586151123
-0.005523694 0.098963171 -0.995075762 -106.719772339 -0.091131940 0.990900278 0.099053770 -14.795299530 0.995823503 0.091230325 0.003545274 131.603271484
-0.006488509 0.108232245 -0.994104445 -107.681182861 -0.094374821 0.989621818 0.108360179 -14.784599304 0.995515585 0.094521523 0.003793228 131.636642456
-0.007942005 0.119490027 -0.992803574 -108.644981384 -0.098411880 0.987921834 0.119689718 -14.772702217 0.995114088 0.098654255 0.003913159 131.662094116
-0.009302152 0.121346682 -0.992566645 -109.589660645 -0.105347477 0.986966729 0.121649355 -14.762972832 0.994391978 0.105696000 0.003602651 131.688308716
-0.009364807 0.117945381 -0.992975950 -110.567222595 -0.112345859 0.986608267 0.118248560 -14.742993355 0.993625045 0.112664096 0.004011280 131.707763672
-0.009624226 0.114118442 -0.993420541 -111.521530151 -0.120696329 0.986070454 0.114443414 -14.732463837 0.992642820 0.121003643 0.004283511 131.729141235
-0.007199771 0.116074219 -0.993214428 -112.488899231 -0.125182867 0.985321999 0.116059303 -14.713556290 0.992107511 0.125169024 0.007436412 131.748306274
-0.005801116 0.116959848 -0.993119717 -113.475624084 -0.133012310 0.984221220 0.116688840 -14.694758415 0.991097391 0.132774070 0.009847522 131.770339966
-0.005348188 0.119562820 -0.992812276 -114.438888550 -0.142188355 0.982647836 0.119104676 -14.678644180 0.989825130 0.141803339 0.011745058 131.789016724
-0.005060690 0.121810004 -0.992540538 -115.414108276 -0.147586241 0.981592715 0.121218920 -14.658971786 0.989036202 0.147098780 0.013009943 131.812545776
-0.005259233 0.121179231 -0.992616653 -116.394561768 -0.150885478 0.981169581 0.120581210 -14.653118134 0.988537252 0.150405616 0.013123984 131.855789185
-0.003698408 0.111822136 -0.993721366 -117.349800110 -0.149875745 0.982441664 0.111110657 -14.656725883 0.988697827 0.149345681 0.013125958 131.884933472
-0.002239738 0.100420184 -0.994942605 -118.302543640 -0.152848706 0.983219624 0.099581070 -14.650636673 0.988246977 0.152298748 0.013146943 131.918502808
