1.000000000 0.000000000 0.000000000 0.000000000 0.000000000 1.000000000 0.000000000 0.000000000 0.000000000 0.000000000 1.000000000 0.000000000
0.999997735 -0.001674539 -0.001333418 0.049281754 0.001671631 0.999996245 -0.002179049 -0.132671908 0.001337062 0.002176815 0.999996722 1.298129439
0.999997556 0.000050322 -0.002222657 0.105690904 -0.000064434 0.999979854 -0.006349487 -0.268326044 0.002222292 0.006349614 0.999977350 2.603251219
0.999995828 0.002489227 -0.001433959 0.149691135 -0.002500332 0.999966502 -0.007795398 -0.407685012 0.001414506 0.007798951 0.999968588 3.906295776
0.999983311 0.005782000 0.000123731 0.193461850 -0.005781065 0.999961853 -0.006560329 -0.546062350 -0.000161658 0.006559505 0.999978483 5.220265388
0.999975145 0.006655602 0.002334009 0.241975486 -0.006648032 0.999972582 -0.003236671 -0.689680934 -0.002355488 0.003221075 0.999992013 6.538493633
0.999959826 0.006961035 0.005650265 0.298092753 -0.006950783 0.999974132 -0.001832132 -0.827720761 -0.005662872 0.001792784 0.999982357 7.842208385
0.999944985 0.005271938 0.009069575 0.352676153 -0.005255802 0.999984562 -0.001802014 -0.961481154 -0.009078936 0.001754247 0.999957204 9.147697449
0.999915302 0.004035216 0.012377120 0.430578440 -0.004013659 0.999990404 -0.001766129 -1.097822189 -0.012384128 0.001716302 0.999921858 10.447624207
0.999871612 0.002802279 0.015778640 0.495082796 -0.002763487 0.999993086 -0.002479764 -1.236254454 -0.015785480 0.002435842 0.999872446 11.756205559
0.999813199 0.001828838 0.019241711 0.570713520 -0.001766108 0.999993026 -0.003276651 -1.373160243 -0.019247571 0.003242056 0.999809444 13.050246239
0.999743342 0.001934034 0.022569472 0.638487875 -0.001860562 0.999992907 -0.003275911 -1.520355940 -0.022575645 0.003233078 0.999739885 14.373746872
0.999664962 0.001773774 0.025823269 0.725199819 -0.001662893 0.999989212 -0.004314644 -1.658584237 -0.025830641 0.004270256 0.999657214 15.670192719
0.999576211 0.002638580 0.028988387 0.807282329 -0.002514481 0.999987483 -0.004316626 -1.797280312 -0.028999418 0.004241906 0.999570429 16.974872589
0.999481201 0.002255089 0.032128129 0.898116112 -0.002134424 0.999990642 -0.003789529 -1.937959552 -0.032136366 0.003718987 0.999476612 18.261548996
0.999418199 0.000639331 0.034104738 1.001203656 -0.000512733 0.999992967 -0.003720663 -2.078294516 -0.034106877 0.003701011 0.999411464 19.559658051
0.999354422 -0.001817982 0.035879605 1.095366120 0.001996971 0.999985814 -0.004953390 -2.219575644 -0.035870079 0.005021842 0.999343872 20.837228775
0.999318302 -0.001596080 0.036883440 1.196429968 0.001841523 0.999976397 -0.006621529 -2.363243341 -0.036871996 0.006684938 0.999297559 22.144388199
0.999269843 -0.001525191 0.038176432 1.278506041 0.001883602 0.999954462 -0.009354063 -2.506132126 -0.038160428 0.009419142 0.999227166 23.429422379
0.999235451 -0.001118668 0.039080638 1.383345246 0.001535156 0.999942303 -0.010628775 -2.652557135 -0.039066501 0.010680645 0.999179482 24.722581863
0.999187887 -0.000457270 0.040291701 1.481089354 0.000913789 0.999935627 -0.011312660 -2.798111439 -0.040283933 0.011340290 0.999123931 25.994319916
0.999174654 -0.002038324 0.040568627 1.582945824 0.002455660 0.999944508 -0.010239995 -2.945429802 -0.040545508 0.010331165 0.999124289 27.288410187
0.999168813 -0.004967270 0.040459458 1.685421705 0.005339618 0.999944329 -0.009100136 -3.092592478 -0.040412009 0.009308609 0.999139726 28.566284180
0.999195635 -0.006606283 0.039551146 1.785200357 0.006987254 0.999930441 -0.009501912 -3.240353823 -0.039485618 0.009770625 0.999172390 29.860578537
0.999217510 -0.008268675 0.038677756 1.891632318 0.008734409 0.999891162 -0.011887973 -3.387846231 -0.038575247 0.012216501 0.999181032 31.127950668
0.999245822 -0.008194981 0.037956152 1.997481704 0.008661466 0.999888778 -0.012141990 -3.536451578 -0.037852425 0.012461587 0.999205649 32.417644501
0.999255896 -0.008684190 0.037580784 2.091205597 0.009158296 0.999880433 -0.012461904 -3.681763887 -0.037468072 0.012796806 0.999215961 33.683410645
0.999276876 -0.009435289 0.036836635 2.190145969 0.009902320 0.999872625 -0.012516691 -3.826495886 -0.036713842 0.012872407 0.999242902 34.953262329
0.999289334 -0.009970855 0.036350377 2.283876181 0.010450466 0.999860525 -0.013028082 -3.969979525 -0.036215402 0.013398702 0.999254167 36.213756561
0.999330223 -0.010537026 0.035048071 2.397526741 0.011002803 0.999853373 -0.013123455 -4.129382610 -0.034904655 0.013500293 0.999299467 37.502769470
0.999326468 -0.010197517 0.035251964 2.491281986 0.010600862 0.999880373 -0.011273851 -4.274964333 -0.035132773 0.011639957 0.999314904 38.759170532
0.999288201 -0.010014446 0.036369674 2.585811853 0.010398374 0.999891996 -0.010382477 -4.412317753 -0.036261786 0.010753274 0.999284446 40.030384064
0.999204576 -0.011826102 0.038082421 2.690958261 0.012155216 0.999890685 -0.008422201 -4.558359623 -0.037978645 0.008878402 0.999239087 41.280521393
0.999098182 -0.012859870 0.040462237 2.789392948 0.013271241 0.999862790 -0.009914652 -4.697980881 -0.040329184 0.010442696 0.999131799 42.546394348
0.998972714 -0.014232541 0.043020312 2.881446838 0.014814111 0.999802649 -0.013230052 -4.844599724 -0.042823523 0.013853768 0.998986602 43.798168182
0.998869956 -0.015222503 0.045022167 2.988510609 0.015875729 0.999773264 -0.014187163 -4.994457245 -0.044796001 0.014885890 0.998885214 45.055023193
0.998731136 -0.015216431 0.048006319 3.103752136 0.015856693 0.999789953 -0.012984521 -5.130640984 -0.047798663 0.013729270 0.998762548 46.295234680
0.998537719 -0.016512506 0.051476259 3.209227324 0.017024886 0.999809623 -0.009531301 -5.284851074 -0.051309071 0.010393740 0.998628676 47.556198120
0.998271644 -0.019591466 0.055406339 3.325784683 0.020046538 0.999769568 -0.007669531 -5.421142101 -0.055243321 0.008766981 0.998434424 48.788589478
0.998032570 -0.021554515 0.058875930 3.456263065 0.022061331 0.999724865 -0.007971725 -5.561897755 -0.058687896 0.009254923 0.998233497 50.038059235
0.997760475 -0.024949744 0.062061246 3.601434708 0.025711574 0.999603212 -0.011507178 -5.697941303 -0.061749518 0.013077097 0.998006046 51.266044617
0.997467518 -0.026407640 0.066039719 3.730344296 0.027239585 0.999560118 -0.011728953 -5.834568501 -0.065700933 0.013498143 0.997748077 52.502891541
0.997112870 -0.028830737 0.070247091 3.857439041 0.029556148 0.999519706 -0.009308938 -5.971858978 -0.069944978 0.011358294 0.997486115 53.722606659
0.996837318 -0.031398498 0.073004045 4.018732548 0.031919021 0.999472558 -0.005974125 -6.103662968 -0.072777949 0.008285446 0.997313797 54.917549133
0.996562004 -0.033872757 0.075608596 4.149231434 0.034309585 0.999401212 -0.004485751 -6.238128662 -0.075411379 0.007064429 0.997127414 56.176219940
0.996400416 -0.037087440 0.076227233 4.312407017 0.037301965 0.999303102 -0.001392022 -6.359647751 -0.076122493 0.004230438 0.997089446 57.377384186
0.996190906 -0.039620258 0.077677086 4.442020416 0.039731499 0.999210298 0.000113467 -6.488762856 -0.077620238 0.002973192 0.996978581 58.602397919
0.996162176 -0.041451082 0.077089004 4.591726780 0.041827872 0.999119401 -0.003278906 -6.612036228 -0.076885208 0.006490792 0.997018874 59.796146393
0.996165514 -0.042849515 0.076277144 4.742813110 0.043542776 0.999023795 -0.007448261 -6.743833542 -0.075883545 0.010741020 0.997058749 61.006675720
0.996180117 -0.044196725 0.075310916 4.880785465 0.045181911 0.998913467 -0.011427570 -6.873188496 -0.074724011 0.014786611 0.997094572 62.186595917
0.996211350 -0.046387330 0.073560357 5.033088207 0.047519032 0.998776376 -0.013709004 -7.010219574 -0.072834395 0.017152580 0.997196555 63.403160095
0.996345818 -0.046334889 0.071750686 5.167045116 0.047444474 0.998777986 -0.013837238 -7.142205238 -0.071021847 0.017190844 0.997326612 64.579505920
0.996590376 -0.045609668 0.068754852 5.301551819 0.046632491 0.998822987 -0.013344590 -7.285131931 -0.068065263 0.016505305 0.997544348 65.797584534
0.996829569 -0.044969458 0.065639980 5.424660683 0.045818225 0.998883843 -0.011482202 -7.415761948 -0.065050364 0.014453303 0.997777343 66.971130371
0.997257054 -0.041069567 0.061576080 5.551180840 0.041618258 0.999104261 -0.007654449 -7.551303387 -0.061206553 0.010196143 0.998072982 68.162887573
0.997528791 -0.039076209 0.058389653 5.668080330 0.039457142 0.999206722 -0.005384925 -7.677635193 -0.058132902 0.007675505 0.998279393 69.345932007
0.997754514 -0.038176816 0.055032816 5.777951241 0.038690440 0.999216735 -0.008297537 -7.814626217 -0.054672942 0.010408148 0.998450100 70.504234314
0.997925103 -0.038331885 0.051731832 5.890846252 0.039177373 0.999113142 -0.015429413 -7.947471619 -0.051094517 0.017424116 0.998541772 71.695014954
0.997934401 -0.042300552 0.048347842 5.998804092 0.043225184 0.998898804 -0.018241294 -8.084754944 -0.047522984 0.020293459 0.998664021 72.865638733
0.997967899 -0.046175744 0.043905549 6.110168457 0.046809811 0.998812258 -0.013524620 -8.219820976 -0.043228887 0.015552348 0.998944163 74.030807495
0.997967422 -0.049936276 0.039589077 6.214500427 0.050314710 0.998696208 -0.008620283 -8.347369194 -0.039106999 0.010594675 0.999178827 75.191177368
0.998010218 -0.052239768 0.035307117 6.308766365 0.052480690 0.998604298 -0.005931017 -8.473544121 -0.034948003 0.007772157 0.999358892 76.374938965
0.998188436 -0.051463552 0.031165270 6.396821976 0.051593766 0.998662412 -0.003388029 -8.600084305 -0.030949220 0.004989825 0.999508500 77.531921387
0.998329639 -0.050989699 0.027165502 6.483656883 0.051090013 0.998689532 -0.003011215 -8.725103378 -0.026976354 0.004394073 0.999626398 78.678176880
0.998462319 -0.049760085 0.024429737 6.555380821 0.049896624 0.998741806 -0.005011071 -8.847464561 -0.024149643 0.006222327 0.999688983 79.839477539
0.998647988 -0.047477078 0.021164730 6.631497383 0.047698624 0.998810828 -0.010088656 -8.975038528 -0.020660579 0.011084545 0.999725103 80.983741760
0.998557270 -0.050862104 0.017219298 6.717351913 0.051120382 0.998581231 -0.014906610 -9.113182068 -0.016436690 0.015765363 0.999740541 82.144004822
0.998410344 -0.054326873 0.015013600 6.767123699 0.054566726 0.998381019 -0.016056443 -9.242304802 -0.014116999 0.016850164 0.999758303 83.282333374
0.998441994 -0.054669917 0.011172849 6.835974216 0.054809049 0.998417974 -0.012550803 -9.371727943 -0.010469019 0.013143620 0.999858856 84.420951843
0.998437345 -0.055259831 0.008331576 6.904546261 0.055341799 0.998417974 -0.009951153 -9.502652168 -0.007768496 0.010396687 0.999915719 85.552391052
0.998583913 -0.052631501 0.007748757 6.946048737 0.052720346 0.998540163 -0.011746749 -9.629139900 -0.007119198 0.012138633 0.999900937 86.692100525
0.998772144 -0.048976839 0.007443441 6.997956753 0.049083836 0.998682797 -0.014945947 -9.756565094 -0.006701631 0.015292948 0.999860585 87.812271118
0.998855054 -0.047451973 0.006059609 7.062963486 0.047553159 0.998709857 -0.017817240 -9.881291389 -0.005206328 0.018084997 0.999822915 88.907943726
0.998811901 -0.048376963 0.005866872 7.102636337 0.048477285 0.998655319 -0.018370287 -10.021948814 -0.004970283 0.018632872 0.999814034 90.058090210
0.998763263 -0.049522832 0.004423319 7.157108784 0.049586408 0.998647094 -0.015653811 -10.153028488 -0.003642114 0.015853785 0.999867678 91.171936035
0.998700023 -0.050862148 0.003376845 7.210310459 0.050902057 0.998618662 -0.013027105 -10.283600807 -0.002709594 0.013182059 0.999909461 92.287101746
0.998731852 -0.050258476 0.002957453 7.272845268 0.050291345 0.998658240 -0.012350357 -10.408283234 -0.002332774 0.012483430 0.999919295 93.423080444
0.998701870 -0.050842289 0.003093718 7.318883896 0.050881699 0.998601317 -0.014375031 -10.536930084 -0.002358531 0.014513784 0.999891877 94.530143738
0.998699367 -0.050925989 0.002471630 7.379751205 0.050963279 0.998527050 -0.018617775 -10.663018227 -0.001519860 0.018719524 0.999823570 95.635490417
0.998672128 -0.051446285 0.002688767 7.426281929 0.051489148 0.998481929 -0.019561986 -10.801703453 -0.001678293 0.019674456 0.999805033 96.753219604
0.998633683 -0.052205071 0.002301072 7.486342907 0.052237801 0.998476505 -0.017770024 -10.935062408 -0.001369880 0.017865945 0.999839485 97.837944031
0.998689294 -0.051070977 0.003426019 7.527671814 0.051110633 0.998612285 -0.012708114 -11.057426453 -0.002772248 0.012866563 0.999913394 98.925750732
0.998764932 -0.049459841 0.004736696 7.578195572 0.049501196 0.998733103 -0.009052660 -11.179319382 -0.004282952 0.009275952 0.999947846 99.989601135
0.998863101 -0.047198959 0.006677472 7.625254631 0.047259361 0.998840272 -0.009197066 -11.300812721 -0.006235637 0.009502184 0.999935389 101.060287476
0.998929918 -0.045392320 0.008862496 7.675187111 0.045487907 0.998905361 -0.010898879 -11.422224045 -0.008358071 0.011290354 0.999901354 102.095260620
0.998881638 -0.045821708 0.011649430 7.726493359 0.045974463 0.998855352 -0.013202092 -11.545041084 -0.011031155 0.013722904 0.999844968 103.113914490
0.998791695 -0.047297504 0.013345503 7.779377460 0.047485683 0.998771727 -0.014155246 -11.660343170 -0.012659606 0.014771865 0.999810755 104.130676270
0.998677552 -0.049099687 0.015243267 7.842641830 0.049306538 0.998692274 -0.013503935 -11.773869514 -0.014560294 0.014237669 0.999792635 105.112983704
0.998631656 -0.049420167 0.017098932 7.900655746 0.049630105 0.998694539 -0.012079110 -11.892634392 -0.016479660 0.012911202 0.999780834 106.087577820
0.998569250 -0.050414950 0.017824015 7.978254795 0.050606430 0.998663902 -0.010460039 -12.004032135 -0.017272858 0.011347082 0.999786556 107.036941528
0.998496592 -0.051091474 0.019852649 8.036455154 0.051313899 0.998623490 -0.010860745 -12.111576080 -0.019270435 0.011863133 0.999743938 107.954345703
0.998477161 -0.050834652 0.021433298 8.100146294 0.051037576 0.998655856 -0.009028912 -12.212727547 -0.020945512 0.010109066 0.999729455 108.861297607
0.998481512 -0.049861878 0.023418617 8.158906937 0.050037719 0.998722851 -0.006983307 -12.310399055 -0.023040509 0.008144516 0.999701321 109.730880737
0.998450875 -0.049892616 0.024627922 8.222584724 0.050001387 0.998741865 -0.003820397 -12.412417412 -0.024406327 0.005045908 0.999689400 110.591636658
0.998398006 -0.050137468 0.026223458 8.284594536 0.050244179 0.998731077 -0.003425963 -12.506796837 -0.026018415 0.004738050 0.999650300 111.418373108
0.998411834 -0.049282167 0.027295146 8.339961052 0.049377020 0.998776257 -0.002811722 -12.597385406 -0.027123181 0.004155009 0.999623477 112.229721069
0.998509884 -0.046951711 0.027809940 8.393971443 0.047041304 0.998889685 -0.002575905 -12.677341461 -0.027658120 0.003880283 0.999609888 113.010124207
0.998649418 -0.044255104 0.027218334 8.442369461 0.044263955 0.999019802 0.000277713 -12.754350662 -0.027203949 0.000927453 0.999629498 113.769218445
0.998723686 -0.044347949 0.024171475 8.490077972 0.044326201 0.999016106 0.001434851 -12.837408066 -0.024211327 -0.000361591 0.999706805 114.518753052
0.998857379 -0.044379495 0.017726284 8.528331757 0.044359498 0.999014497 0.001520143 -12.911461830 -0.017776279 -0.000732077 0.999841690 115.216667175
0.999051452 -0.042915594 0.007378034 8.556475639 0.042912733 0.999078691 0.000546150 -12.988604546 -0.007394675 -0.000229020 0.999972582 115.886711121
0.999169707 -0.040154431 -0.006906796 8.562094688 0.040138651 0.999191165 -0.002409979 -13.056488037 0.006997976 0.002130748 0.999973178 116.533500671
0.998931706 -0.038666930 -0.025303779 8.554586411 0.038559955 0.999245226 -0.004702266 -13.127627373 0.025466502 0.003721530 0.999668896 117.152229309
0.998174369 -0.037032217 -0.047714822 8.522847176 0.036736846 0.999300122 -0.007053013 -13.196695328 0.047942616 0.005287245 0.998836100 117.740516663
0.996504903 -0.035570025 -0.075583056 8.484519005 0.034996483 0.999347806 -0.008899605 -13.263433456 0.075850330 0.006223358 0.997099876 118.306770325
0.993640602 -0.033186290 -0.107596919 8.413674355 0.032189712 0.999421358 -0.010986316 -13.329966545 0.107899249 0.007452935 0.994133949 118.853805542
0.989343584 -0.028697815 -0.142743334 8.301712036 0.027195493 0.999552429 -0.012464928 -13.393975258 0.143037140 0.008450123 0.989681244 119.392936707
0.983149648 -0.022623830 -0.181397513 8.188648224 0.020846751 0.999714255 -0.011697493 -13.458248138 0.181610346 0.007718837 0.983340323 119.921974182
0.974656761 -0.017789489 -0.222997025 8.047510147 0.016034298 0.999824524 -0.009679212 -13.514030457 0.223130107 0.005858310 0.974771023 120.426368713
0.963407040 -0.012954399 -0.267729193 7.882041931 0.011190901 0.999904454 -0.008111808 -13.573354721 0.267808676 0.004818843 0.963460028 120.911743164
0.949051440 -0.007101295 -0.315041035 7.692012787 0.004610057 0.999951959 -0.008652115 -13.629185677 0.315087318 0.006758944 0.949038565 121.393623352
0.931845486 0.000699635 -0.362854481 7.459491730 -0.004383940 0.999946892 -0.009330346 -13.683429718 0.362828702 0.010285174 0.931799054 121.859924316
0.910869420 0.005170180 -0.412662327 7.214675903 -0.010264036 0.999896109 -0.010128265 -13.736081123 0.412566960 0.013461107 0.910827816 122.288116455
0.885951400 0.010197629 -0.463665813 6.934032440 -0.016155710 0.999830008 -0.008879846 -13.792046547 0.463496447 0.015357962 0.885965645 122.716903687
0.856972396 0.013351624 -0.515189290 6.651069641 -0.020716120 0.999748826 -0.008550012 -13.837294579 0.514945805 0.017999848 0.857033730 123.114288330
0.825493693 0.023049947 -0.563940406 6.324596405 -0.031554442 0.999487817 -0.005337186 -13.883611679 0.563528597 0.022200638 0.825798213 123.488342285
0.791652501 0.035971712 -0.609911740 5.973236084 -0.044469584 0.999010026 0.001199586 -13.927617073 0.609351099 0.026172867 0.792468488 123.845764160
0.755979836 0.045007426 -0.653045774 5.625240326 -0.055912245 0.998427331 0.004085653 -13.966453552 0.652202725 0.033424586 0.757307351 124.145477295
0.716070890 0.049131013 -0.696296334 5.257984161 -0.063425675 0.997973084 0.005190520 -14.018633842 0.695139945 0.040446289 0.717735708 124.454132080
0.673619330 0.050591901 -0.737344921 4.881019592 -0.065752298 0.997800708 0.008393106 -14.062815666 0.736147821 0.042828362 0.675464392 124.740386963
0.629462838 0.054123666 -0.775143385 4.479125977 -0.069322489 0.997504950 0.013355844 -14.093070030 0.773932219 0.045327853 0.631644249 125.010932922
0.584534883 0.063207895 -0.808902740 4.051589966 -0.080465823 0.996562183 0.019724883 -14.131532669 0.807368755 0.053559136 0.587611556 125.241668701
0.539418280 0.071881831 -0.838964164 3.596267700 -0.092111409 0.995407581 0.026062034 -14.153560638 0.836984634 0.063219830 0.543562233 125.453437805
0.492700130 0.077013440 -0.866784632 3.148246765 -0.097956546 0.994653523 0.032693800 -14.176251411 0.864668131 0.068798989 0.497609913 125.646209717
0.445688486 0.078403585 -0.891748071 2.685001373 -0.097182281 0.994507432 0.038867384 -14.202987671 0.889897346 0.069339387 0.450859874 125.824745178
0.397891283 0.080288656 -0.913912654 2.211799622 -0.094620809 0.994442344 0.046168126 -14.227340698 0.912540078 0.068105258 0.403276861 126.006118774
0.352985531 0.083041362 -0.931936383 1.718879700 -0.096387401 0.993981421 0.052061733 -14.247604370 0.930650711 0.071449891 0.358865142 126.141563416
0.309408516 0.086519934 -0.946985006 1.220149994 -0.102013692 0.993125319 0.057404540 -14.267547607 0.945441484 0.078843974 0.316107631 126.258766174
0.267863393 0.087879732 -0.959440649 0.699367523 -0.106627077 0.992418051 0.061131384 -14.283151627 0.957538545 0.085927494 0.275202870 126.362960815
0.228372484 0.084137082 -0.969931483 0.172613144 -0.106565617 0.992432892 0.060997870 -14.297486305 0.967724085 0.089431092 0.235610530 126.466934204
0.193261594 0.079434864 -0.977926373 -0.359323502 -0.101583742 0.992980540 0.060582317 -14.321184158 0.975874305 0.087633178 0.199974328 126.558158875
0.162966385 0.074301951 -0.983829916 -0.908098221 -0.098786198 0.993378282 0.058659647 -14.341446877 0.981673658 0.087629266 0.169227257 126.637672424
0.136505365 0.072626434 -0.987973571 -1.474262238 -0.099937499 0.993230760 0.059204824 -14.358972549 0.985585451 0.090653829 0.142839417 126.706680298
0.114622802 0.071501285 -0.990832567 -2.065132141 -0.100430578 0.993130326 0.060048953 -14.368966103 0.988319397 0.092626899 0.121016294 126.763854980
0.096227475 0.073262595 -0.992659569 -2.658732414 -0.102447711 0.992719948 0.063335873 -14.386320114 0.990073085 0.095601045 0.103032529 126.819061279
0.079652153 0.071654879 -0.994243979 -3.267725945 -0.103563979 0.992610276 0.063240290 -14.410762787 0.991428256 0.097930655 0.086484395 126.878608704
0.065426975 0.070572421 -0.995358646 -3.886574745 -0.102406211 0.992704034 0.063652836 -14.439075470 0.992588580 0.097766303 0.072176680 126.933044434
0.053082172 0.068200290 -0.996258557 -4.526729584 -0.098234646 0.993182600 0.062755637 -14.461539268 0.993746519 0.094535887 0.059419915 126.977912903
0.041381817 0.065577090 -0.996989071 -5.174477100 -0.095963627 0.993491530 0.061363898 -14.477502823 0.994524240 0.093135342 0.047405504 127.013175964
0.030722851 0.064493179 -0.997445107 -5.845763206 -0.094989583 0.993587971 0.061317965 -14.496942520 0.995004058 0.092863023 0.036652036 127.051185608
0.021052662 0.065884605 -0.997605085 -6.517045498 -0.098422296 0.993115962 0.063511088 -14.517458916 0.994922042 0.096849509 0.027392253 127.073928833
0.012686094 0.065761596 -0.997754753 -7.195616722 -0.101108685 0.992805064 0.064149797 -14.544498444 0.994794548 0.100067869 0.019243885 127.091178894
0.005902799 0.065101035 -0.997861207 -7.886301517 -0.103208244 0.992589176 0.064146563 -14.564132690 0.994642258 0.102608860 0.012578022 127.113456726
0.000816529 0.066108391 -0.997812092 -8.582768440 -0.104004644 0.992406726 0.065665171 -14.581887245 0.994576454 0.103723474 0.007685909 127.130287170
-0.002708037 0.068457000 -0.997650266 -9.304064751 -0.106216215 0.991990626 0.068356946 -14.599907875 0.994339406 0.106151767 0.004584894 127.154785156
-0.003466000 0.072565146 -0.997357666 -10.040646553 -0.108745366 0.991421461 0.072511151 -14.625018120 0.994063497 0.108709335 0.004454857 127.156333923
-0.004718045 0.075739682 -0.997116446 -10.752006531 -0.110990383 0.990926981 0.075794712 -14.641036034 0.993810296 0.111027941 0.003731137 127.173530579
-0.005280321 0.081295095 -0.996676087 -11.492668152 -0.115870200 0.989926696 0.081358463 -14.647305489 0.993250251 0.115914665 0.004192549 127.181991577
-0.006532081 0.085083209 -0.996352375 -12.233156204 -0.118848704 0.989245474 0.085255489 -14.659643173 0.992890835 0.118972108 0.003650197 127.193756104
-0.007871430 0.085619099 -0.996296823 -12.981538773 -0.118921928 0.989176750 0.085946791 -14.678092957 0.992872357 0.119158082 0.002395752 127.214958191
-0.009335937 0.082599267 -0.996539056 -13.725452423 -0.116541281 0.989701211 0.083124295 -14.695983887 0.993141949 0.116913989 0.000386435 127.237358093
-0.011141241 0.078856386 -0.996823728 -14.487503052 -0.120163918 0.989555776 0.079624467 -14.699351311 0.992691636 0.120669372 -0.001549187 127.252357483
-0.012062056 0.081046745 -0.996637285 -15.254888535 -0.125547662 0.988699615 0.081920713 -14.712774277 0.992014289 0.126113638 -0.001750520 127.252258301
-0.013441437 0.083823927 -0.996389925 -16.040946960 -0.122164503 0.988877177 0.084839910 -14.724855423 0.992418945 0.122863837 -0.003051623 127.268829346
-0.015646892 0.083779939 -0.996361434 -16.814046860 -0.120825410 0.989022732 0.085060291 -14.739701271 0.992550433 0.121716715 -0.005352387 127.287948608
-0.016128317 0.083332777 -0.996391296 -17.608737946 -0.124523111 0.988595128 0.084696397 -14.749935150 0.992085636 0.125439748 -0.005567519 127.282554626
-0.017795719 0.082971945 -0.996392906 -18.404191971 -0.128593728 0.988084197 0.084576763 -14.763135910 0.991537690 0.129635021 -0.006914000 127.304824829
-0.019042891 0.087268278 -0.996002793 -19.201267242 -0.130402088 0.987457335 0.089012735 -14.768173218 0.991278291 0.131575897 -0.007424079 127.315124512
-0.020097943 0.092182800 -0.995539308 -20.003841400 -0.129681468 0.987088263 0.094018295 -14.781797409 0.991351962 0.130992591 -0.007884043 127.334403992
-0.018867241 0.094424956 -0.995353162 -20.834684372 -0.130458295 0.986786842 0.096085183 -14.787476540 0.991274238 0.131664932 -0.006299428 127.346122742
-0.016829073 0.093284719 -0.995497227 -21.652530670 -0.129849657 0.987002492 0.094683841 -14.793136597 0.991390824 0.130858377 -0.004497353 127.356597900
-0.015823057 0.093391746 -0.995503724 -22.485322952 -0.129924431 0.986994982 0.094658621 -14.797714233 0.991397679 0.130838051 -0.003483411 127.371620178
-0.015682811 0.092169851 -0.995619774 -23.313285828 -0.128156662 0.987343967 0.093422398 -14.799606323 0.991629958 0.129060432 -0.003672146 127.396018982
-0.014736572 0.094027020 -0.995460510 -24.149826050 -0.129086986 0.987058282 0.095144346 -14.804794312 0.991523743 0.129903108 -0.002408193 127.416099548
-0.014475183 0.096076943 -0.995268643 -24.989809036 -0.130794927 0.986638367 0.097146094 -14.805477142 0.991303802 0.131582305 -0.001715397 127.437644958
-0.014245518 0.098757759 -0.995009661 -25.854740143 -0.133510262 0.986011982 0.099776216 -14.806373596 0.990944982 0.134265348 -0.000861073 127.449325562
-0.012572617 0.099828437 -0.994925201 -26.718679428 -0.135644600 0.985635877 0.100610480 -14.802145004 0.990677834 0.136221170 0.001149165 127.462471008
-0.010857737 0.103129692 -0.994608641 -27.587633133 -0.142603114 0.984340727 0.103621788 -14.803091049 0.989720345 0.142959371 0.004018903 127.478889465
-0.008551843 0.106727429 -0.994251549 -28.472078323 -0.147087485 0.983338475 0.106821112 -14.795063019 0.989086449 0.147155493 0.007288918 127.494850159
-0.006455383 0.108638518 -0.994060397 -29.346954346 -0.149677381 0.982777178 0.108377412 -14.789142609 0.988713861 0.149487972 0.009916529 127.527015686
-0.002430280 0.109545544 -0.993978798 -30.244987488 -0.148562744 0.982912004 0.108689100 -14.789740562 0.988900006 0.147932380 0.013885635 127.549377441
-0.000014120 0.109451622 -0.993992090 -31.134256363 -0.151192278 0.982565284 0.108195528 -14.783201218 0.988504410 0.150285453 0.016534368 127.583213806
0.002671329 0.113206543 -0.993567824 -32.037723541 -0.151565671 0.982138634 0.111496806 -14.773182869 0.988443553 0.150292918 0.019781843 127.612014771
0.004922955 0.115166001 -0.993334055 -32.949817657 -0.150501326 0.982116878 0.113119595 -14.768413544 0.988597572 0.148941219 0.022167547 127.657669067
0.006730037 0.116299950 -0.993191302 -33.842281342 -0.151078567 0.981931210 0.113957696 -14.763330460 0.988498867 0.149282977 0.024178863 127.700416565
0.009254698 0.114349417 -0.993397474 -34.745494843 -0.152248606 0.982018948 0.111621253 -14.754378319 0.988298953 0.150210351 0.026497828 127.734245300
0.009658730 0.115690306 -0.993238389 -35.657703400 -0.156725526 0.981183827 0.112762153 -14.745128632 0.987594903 0.154576704 0.027608618 127.777534485
0.010568444 0.116391249 -0.993147135 -36.552433014 -0.157375023 0.981018543 0.113295130 -14.739429474 0.987482309 0.155099228 0.028684914 127.817298889
0.011086618 0.112940595 -0.993539870 -37.447387695 -0.158233225 0.981279910 0.109781273 -14.736881256 0.987339497 0.155993938 0.028750032 127.853019714
0.011883282 0.108620889 -0.994012237 -38.353374481 -0.158895746 0.981656253 0.105371110 -14.736795425 0.987223864 0.156692177 0.028924692 127.902191162
0.012317113 0.107810825 -0.994095206 -39.249485016 -0.158493400 0.981812835 0.104515031 -14.730947495 0.987283289 0.156270161 0.029180406 127.947456360
0.012139560 0.112081632 -0.993624866 -40.148593903 -0.161196411 0.980920255 0.108679146 -14.725999832 0.986847758 0.158849418 0.029975096 127.990875244
0.012407592 0.118214041 -0.992910624 -41.087665558 -0.161312148 0.980216980 0.114686973 -14.714645386 0.986825407 0.158745587 0.031231487 128.030441284
0.012631430 0.116915703 -0.993061543 -41.982307434 -0.159088552 0.980725408 0.113439776 -14.713909149 0.987183511 0.156551808 0.030987907 128.077896118
0.013570240 0.106582552 -0.994211257 -42.873870850 -0.158256829 0.981999278 0.103113279 -14.719860077 0.987304747 0.155941427 0.030193374 128.121749878
0.013855291 0.096069120 -0.995278239 -43.795955658 -0.159939945 0.982770562 0.092635289 -14.723065376 0.987029493 0.157901227 0.028981859 128.164184570
0.012725145 0.093105741 -0.995574832 -44.697505951 -0.156719863 0.983536005 0.089976721 -14.730626106 0.987561047 0.154881373 0.027107161 128.212570190
0.012702776 0.103055179 -0.994594514 -45.616268158 -0.149231359 0.983730316 0.100023523 -14.732246399 0.988720715 0.147154152 0.027875176 128.265167236
0.012662989 0.116239779 -0.993140399 -46.567668915 -0.144506946 0.983006120 0.113211088 -14.728467941 0.989422739 0.142082095 0.029245252 128.324157715
0.012852257 0.125506282 -0.992009640 -47.488727570 -0.144639954 0.981890559 0.122352153 -14.719890594 0.989400804 0.141911730 0.030772742 128.372070312
0.012819177 0.119538419 -0.992746890 -48.405483246 -0.144793302 0.982586145 0.116445258 -14.713973999 0.989378810 0.142250344 0.029904310 128.414230347
0.012914412 0.106087349 -0.994272947 -49.341365814 -0.144734442 0.984082341 0.103120111 -14.712466240 0.989386261 0.142573789 0.028063338 128.454345703
0.013555212 0.097276770 -0.995165050 -50.258258820 -0.145205781 0.984897852 0.094295278 -14.711629868 0.989308596 0.143225521 0.027475646 128.500625610
0.014004319 0.097305000 -0.995156050 -51.190338135 -0.144223630 0.985042870 0.094286568 -14.718318939 0.989445984 0.142204568 0.027828535 128.547103882
0.013569291 0.098451346 -0.995049357 -52.142433167 -0.147424385 0.984462380 0.095393464 -14.728982925 0.988980234 0.145400122 0.027872588 128.587875366
0.014127549 0.098079033 -0.995078385 -53.070842743 -0.152028874 0.983818233 0.094810762 -14.731507301 0.988275051 0.149941176 0.028809782 128.623901367
0.014468668 0.097538434 -0.995126605 -54.009845734 -0.153751954 0.983611524 0.094174296 -14.734887123 0.988003612 0.151640072 0.029228270 128.668991089
0.015343375 0.104990602 -0.994354844 -54.966987610 -0.162361845 0.981535017 0.101131685 -14.733316422 0.986611962 0.159893587 0.032106522 128.713058472
0.017144287 0.114541486 -0.993270457 -55.920734406 -0.168926001 0.979467571 0.110033982 -14.724607468 0.985479534 0.165902793 0.036141310 128.746765137
0.018505724 0.122726843 -0.992267966 -56.865783691 -0.169219971 0.978504777 0.117868617 -14.715747833 0.985404491 0.165730327 0.038875770 128.793472290
0.019306162 0.123663403 -0.992136359 -57.808315277 -0.170756981 0.978149593 0.118597224 -14.709231377 0.985123932 0.167124569 0.040000711 128.841903687
0.020818923 0.113856956 -0.993279040 -58.744525909 -0.172233090 0.979049742 0.108615920 -14.702249527 0.984836161 0.168814242 0.039992690 128.895080566
0.021558043 0.108868644 -0.993822455 -59.724956512 -0.170444414 0.979901075 0.103646360 -14.705036163 0.985131443 0.167157084 0.039680805 128.966674805
0.023742888 0.107389793 -0.993933439 -60.677265167 -0.169328153 0.980280817 0.101869807 -14.701324463 0.985273659 0.165882260 0.041458812 129.022720337
0.027461119 0.113218956 -0.993190467 -61.639495850 -0.170439631 0.979546666 0.106951080 -14.694673538 0.984985352 0.166342020 0.046196453 129.077835083
0.030892633 0.115725376 -0.992800653 -62.622570038 -0.173476920 0.978820980 0.108697809 -14.703870773 0.984353304 0.168870062 0.050314035 129.130935669
0.034696128 0.110737145 -0.993243933 -63.558773041 -0.172948822 0.979512990 0.103164807 -14.706068039 0.984319508 0.168200940 0.053137161 129.199371338
0.037913635 0.105183110 -0.993729830 -64.509750366 -0.172832027 0.980148256 0.097151503 -14.712347031 0.984221339 0.168064997 0.055339985 129.269088745
0.041285984 0.105101965 -0.993604064 -65.477813721 -0.170179665 0.980660737 0.096661553 -14.715602875 0.984547794 0.165100455 0.058373757 129.341903687
0.043909088 0.109182820 -0.993051410 -66.437660217 -0.168039471 0.980655253 0.100389808 -14.721271515 0.984801948 0.162463799 0.061406698 129.423995972
0.046876732 0.116051383 -0.992136538 -67.408035278 -0.167651325 0.980053365 0.106716797 -14.724262238 0.984731197 0.161330462 0.065397866 129.517333984
0.050477348 0.119773455 -0.991517246 -68.363998413 -0.165483445 0.980062723 0.109965153 -14.722196579 0.984919965 0.158528939 0.069291480 129.594161987
0.052172776 0.121495441 -0.991219938 -69.328384399 -0.164978072 0.979982018 0.111434385 -14.722477913 0.984916449 0.157715723 0.071172468 129.683975220
0.053937592 0.118832305 -0.991448224 -70.284515381 -0.163142085 0.980601072 0.108656794 -14.718338013 0.985127091 0.155886263 0.072277799 129.771911621
0.054323107 0.117420383 -0.991595447 -71.238510132 -0.160999969 0.981098175 0.107357182 -14.721304893 0.985458255 0.153814867 0.072200969 129.860000610
0.054244623 0.112714969 -0.992145598 -72.212524414 -0.157022864 0.982209146 0.103001021 -14.722839355 0.986104131 0.150202274 0.070978381 129.967788696
0.054100763 0.112658903 -0.992159784 -73.164443970 -0.155757800 0.982404470 0.103057995 -14.716948509 0.986312687 0.148961097 0.070696324 130.056335449
0.053583540 0.117590122 -0.991615534 -74.114143372 -0.152588099 0.982344031 0.108245321 -14.722166061 0.986836195 0.145508558 0.070580326 130.149169922
0.053616442 0.118656829 -0.991486728 -75.088844299 -0.147054628 0.983027220 0.109692208 -14.714110374 0.987674177 0.139921367 0.070155457 130.234893799
0.052748740 0.114566021 -0.992014349 -76.053329468 -0.144206598 0.983858585 0.105956212 -14.715435028 0.988140702 0.137465939 0.068418473 130.320587158
0.051768634 0.111525841 -0.992412269 -77.004875183 -0.146193609 0.983885467 0.102941498 -14.719614983 0.987900496 0.139755160 0.067238770 130.397247314
0.050281402 0.108799078 -0.992791295 -77.973007202 -0.142831430 0.984614134 0.100669026 -14.721464157 0.988469064 0.136740044 0.065047711 130.478546143
0.048651751 0.108446531 -0.992911041 -78.932144165 -0.142844290 0.984625101 0.100542307 -14.718262672 0.988548696 0.136940092 0.063394703 130.561874390
0.047796790 0.110027477 -0.992778659 -79.882781982 -0.143417925 0.984371960 0.102191024 -14.720516205 0.988507390 0.137497813 0.062829711 130.640899658
0.046928514 0.111066796 -0.992704332 -80.851585388 -0.145962924 0.983894527 0.103180960 -14.728277206 0.988176346 0.140055895 0.062384333 130.706146240
0.045771804 0.111190408 -0.992744625 -81.801315308 -0.145997271 0.983859777 0.103463903 -14.721185684 0.988225579 0.140202269 0.061266538 130.779174805
0.043760207 0.111392699 -0.992812455 -82.752807617 -0.146169066 0.983784437 0.103937037 -14.719905853 0.988291264 0.140570179 0.059332769 130.852554321
0.041332219 0.115013003 -0.992503703 -83.693862915 -0.146025300 0.983381867 0.107874781 -14.724467278 0.988417029 0.140471950 0.057440158 130.934387207
0.039980374 0.118288681 -0.992173970 -84.657348633 -0.146709844 0.982901275 0.111271366 -14.707807541 0.988371372 0.141113058 0.056650873 130.986816406
0.037837692 0.122875474 -0.991700530 -85.607475281 -0.147878185 0.982173026 0.116052769 -14.694030762 0.988281548 0.142259717 0.055333763 131.053848267
0.036017828 0.123305351 -0.991714954 -86.554122925 -0.148175076 0.982048929 0.116721980 -14.693329811 0.988305032 0.142743379 0.053642046 131.119750977
0.034354180 0.117296293 -0.992502570 -87.496353149 -0.148365304 0.982683420 0.111000352 -14.683166504 0.988335729 0.143439621 0.051161975 131.191406250
0.032321148 0.112970673 -0.993072450 -88.434654236 -0.153134048 0.982419968 0.106774867 -14.675524712 0.987676740 0.148622096 0.049052596 131.253173828
0.032155652 0.110544018 -0.993350863 -89.407455444 -0.151874214 0.982864380 0.104460686 -14.667546272 0.987876654 0.147505432 0.048393428 131.301208496
0.031182660 0.111663692 -0.993256688 -90.358375549 -0.147760585 0.983336210 0.105909564 -14.671614647 0.988531530 0.143461645 0.047162525 131.365493774
0.030262934 0.112959623 -0.993138552 -91.312339783 -0.144185454 0.983695090 0.107491903 -14.667976379 0.989087760 0.139943093 0.046056625 131.435668945
0.029029179 0.113141082 -0.993154705 -92.257537842 -0.139226779 0.984346032 0.108068101 -14.670665741 0.989834964 0.135136604 0.044327024 131.505279541
0.027913807 0.110329926 -0.993502915 -93.203720093 -0.134985179 0.985202670 0.105615579 -14.672674179 0.990454376 0.131160021 0.042393658 131.569915771
0.027328581 0.106893823 -0.993894815 -94.157745361 -0.129503384 0.986265719 0.102512442 -14.673302650 0.991202295 0.125911251 0.040796354 131.624649048
0.026384773 0.109495088 -0.993637085 -95.117088318 -0.127543271 0.986228347 0.105291918 -14.676157951 0.991481960 0.123953618 0.039986771 131.682800293
0.024768721 0.111812636 -0.993420601 -96.062904358 -0.127283081 0.985990644 0.107802860 -14.675209999 0.991557121 0.123775482 0.038653575 131.749069214
0.023468163 0.110357165 -0.993614972 -97.016998291 -0.122262992 0.986744940 0.106706426 -14.676169395 0.992220283 0.118978135 0.036649682 131.798416138
0.020026460 0.106976412 -0.994059861 -97.979164124 -0.120633118 0.987253964 0.103813700 -14.674308777 0.992495239 0.117837518 0.032676097 131.866653442
0.016966134 0.104453579 -0.994385064 -98.928436279 -0.119440019 0.987618566 0.101704895 -14.674141884 0.992696404 0.117043838 0.029232003 131.923461914
0.014946260 0.103047512 -0.994564056 -99.891159058 -0.113118380 0.988463759 0.100715525 -14.678617477 0.993469119 0.110998154 0.026430406 131.968994141
0.011968278 0.103334516 -0.994574666 -100.835105896 -0.107403204 0.989024460 0.101465404 -14.674984932 0.994143486 0.105606154 0.022935381 132.031326294
0.009892350 0.110946141 -0.993777156 -101.832672119 -0.097401783 0.989206731 0.109466322 -14.670843124 0.995195985 0.095712818 0.020591933 132.087280273
0.007325330 0.119124234 -0.992852330 -102.791793823 -0.089478336 0.988974214 0.117998734 -14.666236877 0.995961845 0.087974392 0.017903602 132.145111084
0.003717266 0.117966503 -0.993010700 -103.744186401 -0.085505314 0.989418089 0.117219664 -14.655539513 0.996330738 0.084471941 0.013764694 132.198913574
0.001631445 0.108236805 -0.994123757 -104.699249268 -0.086021386 0.990455389 0.107696228 -14.654136658 0.996291935 0.085340224 0.010926552 132.229293823
-0.000480963 0.099158578 -0.995071530 -105.646347046 -0.087929226 0.991213322 0.098816618 -14.655002594 0.996126592 0.087543398 0.008242203 132.268417358
-0.001399733 0.100906730 -0.994894922 -106.594039917 -0.095571674 0.990328312 0.100578040 -14.661067009 0.995421529 0.095224559 0.008257631 132.300720215
-0.001749735 0.109823786 -0.993949533 -107.567283630 -0.098342314 0.989114106 0.109462649 -14.641588211 0.995151043 0.097938821 0.009069638 132.328933716
-0.003229047 0.121266931 -0.992614746 -108.530616760 -0.102315202 0.987370431 0.120959096 -14.629645348 0.994746745 0.101950154 0.009219186 132.359527588
-0.005198660 0.122969396 -0.992396891 -109.477119446 -0.109069057 0.986419797 0.122800134 -14.617747307 0.994020522 0.108878195 0.008284096 132.394851685
-0.004461193 0.120150536 -0.992745638 -110.466613770 -0.116678432 0.985912085 0.119847827 -14.600753784 0.993159711 0.116366684 0.009620634 132.412109375
-0.004766415 0.116232447 -0.993210554 -111.421005249 -0.124837399 0.985382795 0.115915462 -14.587648392 0.992165804 0.124542333 0.009813410 132.438858032
-0.002619800 0.118081786 -0.993000388 -112.387023926 -0.129401669 0.984614849 0.117426030 -14.566978455 0.991588831 0.128803536 0.012700488 132.464340210
-0.001103086 0.119431086 -0.992841899 -113.371322632 -0.137467861 0.983398557 0.118447863 -14.550148964 0.990505636 0.136614501 0.015333163 132.491500854
-0.000238420 0.122209415 -0.992504299 -114.337318420 -0.146758556 0.981753647 0.120920897 -14.532190323 0.989172339 0.145687327 0.017701209 132.510681152
-0.000140282 0.124567308 -0.992211163 -115.311653137 -0.152348533 0.980626225 0.123134419 -14.511771202 0.988326848 0.151179194 0.018840078 132.540557861
-0.000260795 0.123621389 -0.992329419 -116.286712646 -0.155424222 0.980265439 0.122159325 -14.501945496 0.987847745 0.154263884 0.018958112 132.588973999
0.001505150 0.113885120 -0.993492723 -117.243255615 -0.154240727 0.981631458 0.112291768 -14.501625061 0.988032222 0.153068021 0.019043224 132.621429443
0.002474777 0.102429606 -0.994737089 -118.191894531 -0.157396883 0.982381046 0.100765683 -14.493052483 0.987532258 0.156319171 0.018553274 132.665206909
