1.000000000 0.000000000 0.000000000 0.000000000 0.000000000 1.000000000 0.000000000 0.000000000 0.000000000 0.000000000 1.000000000 0.000000000
0.999997735 -0.001631791 -0.001387922 0.050504941 0.001628818 0.999996364 -0.002140602 -0.132681891 0.001391410 0.002138336 0.999996722 1.297030210
0.999997675 -0.000008647 -0.002151647 0.104044288 -0.000004978 0.999979913 -0.006332200 -0.268159002 0.002151659 0.006332196 0.999977648 2.600949287
0.999995947 0.002502788 -0.001368916 0.149452344 -0.002513435 0.999966264 -0.007832089 -0.406655192 0.001349268 0.007835499 0.999968410 3.905258894
0.999982834 0.005854709 0.000255373 0.193282694 -0.005852911 0.999961436 -0.006548121 -0.545143664 -0.000293700 0.006546513 0.999978542 5.218132496
0.999974608 0.006682896 0.002458871 0.242506281 -0.006674958 0.999972522 -0.003222227 -0.689914286 -0.002480337 0.003205733 0.999991775 6.538371086
0.999958634 0.006968725 0.005851392 0.297781825 -0.006958123 0.999974132 -0.001830333 -0.827551544 -0.005863995 0.001789542 0.999981225 7.841038704
0.999944627 0.005302239 0.009084290 0.355611563 -0.005286449 0.999984503 -0.001761184 -0.961148798 -0.009093485 0.001713063 0.999957204 9.146007538
0.999915600 0.003910734 0.012385800 0.433928490 -0.003890098 0.999991000 -0.001689721 -1.097914577 -0.012392296 0.001641396 0.999921858 10.446137428
0.999871790 0.002686559 0.015784653 0.498515606 -0.002648777 0.999993563 -0.002413987 -1.236515522 -0.015791036 0.002371868 0.999872506 11.755380630
0.999814987 0.001567351 0.019167159 0.574773550 -0.001506302 0.999993682 -0.003199121 -1.372520328 -0.019172052 0.003169657 0.999811172 13.049794197
0.999745190 0.001484110 0.022523619 0.643985033 -0.001410723 0.999993622 -0.003273736 -1.520409346 -0.022528335 0.003241127 0.999740958 14.371359825
0.999664664 0.001341695 0.025859373 0.729399920 -0.001230185 0.999989927 -0.004327607 -1.658366561 -0.025864918 0.004294344 0.999656260 15.667499542
0.999572575 0.002279112 0.029145520 0.809032500 -0.002155595 0.999988556 -0.004268668 -1.797443509 -0.029154921 0.004204018 0.999566019 16.975034714
0.999475956 0.001928209 0.032315727 0.899323463 -0.001805664 0.999991059 -0.003820892 -1.937223196 -0.032322809 0.003760538 0.999470413 18.261495590
0.999412298 0.000191888 0.034279276 1.001962066 -0.000067056 0.999993384 -0.003642719 -2.079272270 -0.034279738 0.003638279 0.999405682 19.558502197
0.999346435 -0.002281039 0.036075678 1.095028043 0.002460900 0.999984801 -0.004942042 -2.219673634 -0.036063850 0.005027591 0.999336898 20.834880829
0.999307096 -0.002105096 0.037159737 1.195265055 0.002357646 0.999974430 -0.006753815 -2.361683846 -0.037144572 0.006836745 0.999286473 22.143638611
0.999262989 -0.001917727 0.038336307 1.278571606 0.002280612 0.999952972 -0.009424366 -2.504708290 -0.038316436 0.009504852 0.999220490 23.429882050
0.999225199 -0.001514334 0.039328948 1.383286715 0.001940011 0.999940038 -0.010787619 -2.648968458 -0.039310250 0.010855560 0.999168098 24.717620850
0.999179602 -0.000997635 0.040486917 1.484065294 0.001466006 0.999932289 -0.011540396 -2.794731140 -0.040472671 0.011590281 0.999113441 25.986644745
0.999161005 -0.002590865 0.040872298 1.586359382 0.003017884 0.999941468 -0.010389409 -2.942181826 -0.040842988 0.010504040 0.999110341 27.269557953
0.999155998 -0.005683412 0.040681019 1.692577124 0.006060496 0.999939799 -0.009151949 -3.088632584 -0.040626552 0.009390772 0.999130189 28.546598434
0.999180615 -0.007084430 0.039848328 1.789862394 0.007472869 0.999925852 -0.009607388 -3.236822605 -0.039777305 0.009897294 0.999159575 29.840599060
0.999203622 -0.008711361 0.038941398 1.897038221 0.009190421 0.999884069 -0.012140024 -3.383238554 -0.038831130 0.012488245 0.999167740 31.108695984
0.999234498 -0.008866127 0.038102891 2.008059740 0.009341736 0.999880433 -0.012322394 -3.531080484 -0.037989076 0.012668907 0.999197841 32.398532867
0.999245346 -0.009462038 0.037674040 2.103262424 0.009947722 0.999869525 -0.012725178 -3.674318314 -0.037548721 0.013090345 0.999209046 33.662872314
0.999266207 -0.010048179 0.036960017 2.204875946 0.010528995 0.999862075 -0.012837502 -3.818667412 -0.036825940 0.013217234 0.999234200 34.930934906
0.999282777 -0.010524138 0.036374509 2.300601959 0.011017532 0.999849558 -0.013390580 -3.963114262 -0.036228120 0.013781733 0.999248505 36.191761017
0.999317527 -0.011219720 0.035194382 2.410607815 0.011696536 0.999842167 -0.013371556 -4.124813080 -0.035038803 0.013774083 0.999291003 37.482124329
0.999325097 -0.010807332 0.035106450 2.505150557 0.011215775 0.999871433 -0.011458451 -4.271384239 -0.034978103 0.011844466 0.999317884 38.740882874
0.999280751 -0.010855225 0.036332808 2.603866100 0.011249226 0.999879897 -0.010657404 -4.407777786 -0.036212765 0.011058455 0.999282837 40.011768341
0.999194264 -0.012681933 0.038080454 2.710042000 0.013029861 0.999875546 -0.008902446 -4.550852776 -0.037962813 0.009391457 0.999234974 41.261100769
0.999089062 -0.013618101 0.040443186 2.809378862 0.014039758 0.999849677 -0.010160125 -4.695620060 -0.040298749 0.010718681 0.999130189 42.524692535
0.998967111 -0.014854467 0.042943966 2.904636860 0.015435193 0.999793351 -0.013223006 -4.845699310 -0.042738669 0.013872197 0.998989999 43.775985718
0.998869658 -0.015973845 0.044767108 3.013185740 0.016632516 0.999758244 -0.014379607 -4.992213726 -0.044526592 0.015107946 0.998893976 45.040775299
0.998755872 -0.016281258 0.047130987 3.144447565 0.016927036 0.999767840 -0.013335229 -5.123940945 -0.046902925 0.014116429 0.998799741 46.279476166
0.998554289 -0.017550116 0.050807029 3.250035286 0.018067017 0.999789417 -0.009732519 -5.283438683 -0.050625529 0.010636382 0.998661041 47.543239594
0.998270869 -0.020500427 0.055091333 3.354811668 0.020955158 0.999750853 -0.007689150 -5.423221588 -0.054919977 0.008830301 0.998451650 48.754608154
0.998051107 -0.022826500 0.058076143 3.500372171 0.023340844 0.999693990 -0.008193430 -5.559233665 -0.057871349 0.009533009 0.998278558 50.025074005
0.997764528 -0.026003135 0.061561320 3.636835098 0.026795942 0.999567866 -0.012087833 -5.691783428 -0.061220396 0.013710406 0.998030066 51.257369995
0.997484565 -0.027716938 0.065240696 3.773964167 0.028562728 0.999519289 -0.012067142 -5.829283714 -0.064874887 0.013900242 0.997796535 52.486576080
0.997131646 -0.030155262 0.069420435 3.899896145 0.030899527 0.999475718 -0.009672081 -5.967595577 -0.069092385 0.011789397 0.997540593 53.706726074
0.996860385 -0.032738399 0.072094150 4.056520462 0.033280868 0.999425948 -0.006335640 -6.101996422 -0.071845345 0.008715103 0.997377694 54.921012878
0.996634603 -0.035271563 0.073995881 4.209249020 0.035701286 0.999352515 -0.004492286 -6.235448837 -0.073789507 0.007118915 0.997248411 56.138759613
0.996409655 -0.038411129 0.075448066 4.358007908 0.038632337 0.999252260 -0.001474095 -6.358345032 -0.075335033 0.004383537 0.997148573 57.351322174
0.996250153 -0.041507144 0.075912789 4.513672829 0.041634247 0.999132931 -0.000091925 -6.482911110 -0.075843148 0.003252152 0.997114480 58.555397034
0.996178925 -0.043774836 0.075573333 4.656955242 0.044136975 0.999020576 -0.003127603 -6.610952854 -0.075362422 0.006451231 0.997135341 59.769138336
0.996198654 -0.044921324 0.074634217 4.806393623 0.045603409 0.998931766 -0.007459286 -6.739436150 -0.074219421 0.010834505 0.997183025 60.956329346
0.996197641 -0.046560418 0.073636882 4.938272476 0.047542851 0.998801351 -0.011644534 -6.865468502 -0.073006429 0.015101164 0.997217119 62.161514282
0.996246934 -0.047920447 0.072080985 5.085126400 0.049053490 0.998697579 -0.014030754 -6.999101639 -0.071314745 0.017513920 0.997300088 63.355674744
0.996334851 -0.048567049 0.070413642 5.212025642 0.049691159 0.998662233 -0.014300574 -7.133042336 -0.069624916 0.017747093 0.997415304 64.538208008
0.996565342 -0.048027717 0.067459360 5.348109722 0.049057800 0.998701990 -0.013696148 -7.268577099 -0.066714004 0.016958516 0.997627974 65.714965820
0.996825159 -0.046934962 0.064317279 5.466161728 0.047766492 0.998792887 -0.011451580 -7.412488461 -0.063702166 0.014487434 0.997863770 66.910263062
0.997212887 -0.043160073 0.060856227 5.583327293 0.043735683 0.999009788 -0.008157822 -7.539751530 -0.060443882 0.010796677 0.998113096 68.084701538
0.997499347 -0.041270372 0.057373907 5.707397461 0.041664802 0.999115407 -0.005694924 -7.669582367 -0.057088125 0.008071156 0.998336434 69.277870178
0.997717381 -0.040506002 0.054031502 5.819396019 0.041030660 0.999120533 -0.008636072 -7.806106091 -0.053634174 0.010833306 0.998501837 70.442184448
0.997901380 -0.040607359 0.050437439 5.933081150 0.041443408 0.999018371 -0.015641879 -7.937516689 -0.049752757 0.017699353 0.998604715 71.614723206
0.997915387 -0.044054713 0.047159627 6.032404900 0.044975378 0.998814285 -0.018641897 -8.082707405 -0.046282437 0.020724060 0.998713374 72.802307129
0.997944653 -0.046997182 0.043562260 6.132841110 0.047633905 0.998771012 -0.013694895 -8.219571114 -0.042865094 0.015741788 0.998956800 73.970001221
0.997923851 -0.051282324 0.038961291 6.240448952 0.051676810 0.998621583 -0.009185985 -8.345308304 -0.038436510 0.011180309 0.999198437 75.133140564
0.997982323 -0.053231809 0.034606677 6.334584236 0.053487763 0.998547137 -0.006512023 -8.464881897 -0.034209751 0.008349917 0.999379754 76.301925659
0.998166561 -0.052182008 0.030668674 6.416707993 0.052332230 0.998621166 -0.004115590 -8.594265938 -0.030411629 0.005713005 0.999521136 77.464035034
0.998309612 -0.051520485 0.026897134 6.506241798 0.051639397 0.998658895 -0.003745140 -8.721552849 -0.026668107 0.005127761 0.999631107 78.650115967
0.998456061 -0.050232407 0.023713224 6.587572098 0.050371580 0.998716414 -0.005307999 -8.847912788 -0.023416152 0.006494276 0.999704719 79.800460815
0.998619735 -0.048211396 0.020845067 6.654172421 0.048443113 0.998768032 -0.010757390 -8.972165108 -0.020300750 0.011752341 0.999724865 80.963485718
0.998521924 -0.051219635 0.018181404 6.715454102 0.051487725 0.998566806 -0.014596576 -9.130584717 -0.017407719 0.015511118 0.999728143 82.103759766
0.998384953 -0.054943543 0.014443794 6.788712025 0.055167221 0.998355687 -0.015572658 -9.257411003 -0.013564428 0.016344335 0.999774396 83.229858398
0.998415172 -0.055202212 0.010950022 6.857050419 0.055337526 0.998389900 -0.012465960 -9.384670258 -0.010244243 0.013052150 0.999862373 84.395835876
0.998416483 -0.055699699 0.007880586 6.912539482 0.055781092 0.998387575 -0.010515615 -9.510719299 -0.007282163 0.010938549 0.999913573 85.536987305
0.998537898 -0.053553499 0.007354239 6.962598801 0.053640135 0.998486578 -0.012137459 -9.636102676 -0.006693105 0.012514195 0.999899209 86.664772034
0.998726130 -0.049973153 0.006980063 7.012908936 0.050075911 0.998626411 -0.015417742 -9.764842033 -0.006200002 0.015747633 0.999856710 87.780639648
0.998811364 -0.048468512 0.005159934 7.079682350 0.048552636 0.998664320 -0.017666012 -9.900840759 -0.004296796 0.017895540 0.999830604 88.883888245
0.998742521 -0.049938787 0.004404928 7.130748272 0.050011337 0.998581350 -0.018280787 -10.032285690 -0.003485759 0.018478099 0.999823153 89.995964050
0.998710573 -0.050665244 0.003185054 7.185952663 0.050710421 0.998581767 -0.016216997 -10.160193443 -0.002358899 0.016357606 0.999863386 91.097442627
0.998657584 -0.051729985 0.002656900 7.235020638 0.051760446 0.998573840 -0.013078066 -10.289405823 -0.001976583 0.013198030 0.999910951 92.257316589
0.998702943 -0.050878815 0.001935838 7.288701057 0.050898712 0.998629332 -0.012203476 -10.415930748 -0.001312286 0.012286181 0.999923646 93.364807129
0.998661220 -0.051697552 0.001797881 7.335632324 0.051717877 0.998561323 -0.014161924 -10.550021172 -0.001063158 0.014235945 0.999898076 94.491828918
0.998636842 -0.052176435 0.001455178 7.395778179 0.052194268 0.998472214 -0.018146187 -10.684424400 -0.000506151 0.018197404 0.999834299 95.603736877
0.998605549 -0.052783832 0.000953799 7.450737953 0.052792396 0.998417318 -0.019390959 -10.812322617 0.000071240 0.019414274 0.999811530 96.695610046
0.998575687 -0.053334530 0.001419915 7.501532555 0.053351555 0.998409629 -0.018216217 -10.942808151 -0.000446104 0.018266024 0.999832988 97.785629272
0.998596132 -0.052943096 0.001678527 7.556468964 0.052960183 0.998515725 -0.012702536 -11.066077232 -0.001003524 0.012773598 0.999917924 98.871650696
0.998676896 -0.051344603 0.002840478 7.603838921 0.051368885 0.998636782 -0.009265400 -11.191864967 -0.002360877 0.009399054 0.999953032 99.939987183
0.998730958 -0.050149295 0.004629905 7.661382675 0.050191313 0.998694897 -0.009453448 -11.304620743 -0.004149778 0.009673831 0.999944568 100.991508484
0.998835206 -0.047730137 0.007074618 7.703323364 0.047805741 0.998796761 -0.010933003 -11.431564331 -0.006544272 0.011258477 0.999915183 102.037803650
0.998811543 -0.047768913 0.009683169 7.756165981 0.047899108 0.998758376 -0.013691349 -11.547019958 -0.009017127 0.014138894 0.999859333 103.048377991
0.998723269 -0.049284816 0.011084620 7.825510979 0.049438082 0.998678923 -0.014006815 -11.668519974 -0.010379654 0.014536935 0.999840438 104.057128906
0.998597801 -0.051489919 0.012297730 7.895489693 0.051652472 0.998576701 -0.013287820 -11.793560028 -0.011596039 0.013904396 0.999836028 105.066581726
0.998578429 -0.051423531 0.014021992 7.955489159 0.051590279 0.998598516 -0.011801385 -11.907323837 -0.013395471 0.012508008 0.999832094 106.024215698
0.998504996 -0.052339837 0.015757598 8.013262749 0.052508537 0.998565376 -0.010489199 -12.014855385 -0.015185989 0.011300926 0.999820828 106.980735779
0.998443723 -0.052964240 0.017460227 8.072560310 0.053158313 0.998527229 -0.010844526 -12.121062279 -0.016860139 0.011755806 0.999788761 107.896095276
0.998418272 -0.052826282 0.019244539 8.134123802 0.053008147 0.998552859 -0.009064995 -12.222051620 -0.018737819 0.010070773 0.999773860 108.798355103
0.998424232 -0.052047431 0.020979067 8.191522598 0.052201677 0.998612940 -0.006873213 -12.321366310 -0.020592237 0.007957526 0.999756336 109.667419434
0.998404384 -0.051849205 0.022367923 8.253577232 0.051943053 0.998643458 -0.003634418 -12.422585487 -0.022149136 0.004790477 0.999743164 110.526733398
0.998367131 -0.051740821 0.024204642 8.310799599 0.051843487 0.998648643 -0.003633131 -12.514122963 -0.023983948 0.004882052 0.999700427 111.350135803
0.998389959 -0.050821081 0.025191277 8.365139008 0.050909977 0.998699009 -0.002900200 -12.603517532 -0.025011111 0.004178018 0.999678433 112.169448853
0.998484194 -0.048582159 0.025865525 8.415568352 0.048661657 0.998812258 -0.002452799 -12.684804916 -0.025715638 0.003707740 0.999662459 112.948448181
0.998616874 -0.046153337 0.025184730 8.461502075 0.046153098 0.998934269 0.000590862 -12.762508392 -0.025185158 0.000572308 0.999682665 113.703384399
0.998701453 -0.045860451 0.022186927 8.506320000 0.045836478 0.998947680 0.001587792 -12.848354340 -0.022236396 -0.000568759 0.999752581 114.449394226
0.998820066 -0.045865621 0.015965452 8.540365219 0.045845821 0.998947203 0.001604287 -12.921701431 -0.016022220 -0.000870445 0.999871314 115.146621704
0.998997927 -0.044448681 0.005237447 8.570743561 0.044445578 0.999011517 0.000707242 -12.999674797 -0.005263705 -0.000473752 0.999986053 115.814987183
0.999096811 -0.041669372 -0.008306915 8.568027496 0.041652143 0.999129593 -0.002236052 -13.067396164 0.008392865 0.001888032 0.999963045 116.455818176
0.998821437 -0.040037069 -0.027436333 8.572641373 0.039924026 0.999191821 -0.004655961 -13.137784004 0.027600568 0.003555105 0.999612689 117.078956604
0.998032928 -0.038428321 -0.049534708 8.535884857 0.038130190 0.999248624 -0.006950081 -13.208320618 0.049764574 0.005047642 0.998748243 117.664939880
0.996325493 -0.037005402 -0.077240914 8.497146606 0.036465999 0.999299765 -0.008382639 -13.278853416 0.077497043 0.005535169 0.996977150 118.230377197
0.993375003 -0.034700569 -0.109553926 8.425994873 0.033724111 0.999373317 -0.010753935 -13.343634605 0.109858423 0.006988081 0.993922591 118.777786255
0.988949895 -0.029980959 -0.145186961 8.323781967 0.028503392 0.999518633 -0.012246991 -13.408801079 0.145484239 0.007973338 0.989328444 119.328269958
0.982734978 -0.024073508 -0.183445916 8.211879730 0.022268174 0.999681294 -0.011895153 -13.464894295 0.183673769 0.007604778 0.982957840 119.831993103
0.974206209 -0.018683050 -0.224884793 8.071840286 0.016855503 0.999807537 -0.010043889 -13.520985603 0.225029156 0.005994276 0.974333584 120.336524963
0.962823987 -0.014164292 -0.269757867 7.899320602 0.012326838 0.999887884 -0.008504394 -13.579257011 0.269848049 0.004862974 0.962890625 120.831985474
0.948550940 -0.008102664 -0.316520751 7.711021423 0.005525826 0.999943912 -0.009037897 -13.635581970 0.316576242 0.006823868 0.948542476 121.298912048
0.931052089 -0.000198611 -0.364886224 7.477985382 -0.003745647 0.999942005 -0.010101760 -13.690965652 0.364867032 0.010771999 0.930997372 121.776687622
0.910055697 0.004144313 -0.414465308 7.220378876 -0.009526823 0.999894977 -0.010920244 -13.743692398 0.414376527 0.013886566 0.909999609 122.207427979
0.884958029 0.008414772 -0.465594560 6.953006744 -0.014630867 0.999845505 -0.009738582 -13.797164917 0.465440720 0.015430289 0.884944558 122.620040894
0.855723679 0.011395994 -0.517307520 6.670982361 -0.019214591 0.999767721 -0.009760219 -13.839112282 0.517076194 0.018291904 0.855743885 123.024154663
0.824388266 0.021487817 -0.565616846 6.341403961 -0.030428117 0.999516547 -0.006377367 -13.891647339 0.565206468 0.022468083 0.824643493 123.386596680
0.790452838 0.034247570 -0.611564755 5.993892670 -0.043157298 0.999068141 0.000166539 -13.934740067 0.611000657 0.026261840 0.791194379 123.740791321
0.754588187 0.042966321 -0.654790521 5.636753082 -0.054581773 0.998505890 0.002619708 -13.974816322 0.653924763 0.033762820 0.755805910 124.055633545
0.714824438 0.046830803 -0.697734237 5.265106201 -0.061616402 0.998092353 0.003864744 -14.023957253 0.696584344 0.040229253 0.716346323 124.355194092
0.672283828 0.048853498 -0.738679707 4.889472961 -0.064380705 0.997897923 0.007403333 -14.075375557 0.737488627 0.042579569 0.674015999 124.637977600
0.628414631 0.052078322 -0.776133299 4.480285645 -0.068018869 0.997613430 0.011866493 -14.105253220 0.774899006 0.045334633 0.630457222 124.907859802
0.583586156 0.060708318 -0.809778810 4.052436829 -0.079325616 0.996694207 0.017553307 -14.137937546 0.808167458 0.053992331 0.586472750 125.136322021
0.537857831 0.069471970 -0.840168118 3.610263824 -0.090910614 0.995566905 0.024122551 -14.162641525 0.838119388 0.063405707 0.541789174 125.348876953
0.491055429 0.074702166 -0.867919445 3.156742096 -0.096713595 0.994832277 0.030906552 -14.191162109 0.865743041 0.068762779 0.495742500 125.546012878
0.443785340 0.075581722 -0.892940044 2.686820984 -0.096305862 0.994688511 0.036330696 -14.211634636 0.890943170 0.069872350 0.448707163 125.730499268
0.396953642 0.077341102 -0.914574206 2.213756561 -0.094081461 0.994623423 0.043276176 -14.234198570 0.913004041 0.068865865 0.402095824 125.896438599
0.350773931 0.080188267 -0.933020532 1.720672607 -0.095783219 0.994173884 0.049433868 -14.257884026 0.931548893 0.072027616 0.356411010 126.046905518
0.306919932 0.083119482 -0.948098719 1.217948914 -0.101214819 0.993380368 0.054323886 -14.277050972 0.946338058 0.079288565 0.313301116 126.163185120
0.265381724 0.085115246 -0.960379004 0.691476822 -0.106205672 0.992614448 0.058624346 -14.297894478 0.958276153 0.086439870 0.272461414 126.269638062
0.226279885 0.081746504 -0.970626056 0.167091370 -0.106666140 0.992559075 0.058726862 -14.315526962 0.968204379 0.090244234 0.233315736 126.365303040
0.191837877 0.076774225 -0.978419185 -0.372203827 -0.101723880 0.993121505 0.057982959 -14.335786819 0.976140618 0.088405259 0.198328078 126.451515198
0.161217123 0.071571372 -0.984320402 -0.926445007 -0.099003062 0.993508756 0.056024238 -14.355787277 0.981940687 0.088418670 0.167256415 126.530044556
0.134193540 0.069948047 -0.988483369 -1.488294601 -0.099593990 0.993407011 0.056775875 -14.377681732 0.985937715 0.090828061 0.140275210 126.611793518
0.112041309 0.069309205 -0.991283536 -2.069976807 -0.100740276 0.993217289 0.058058094 -14.395864487 0.988583982 0.093357280 0.118263602 126.676551819
0.093747810 0.070423879 -0.993102133 -2.677659988 -0.103030622 0.992825747 0.060678292 -14.408641815 0.990250468 0.096631475 0.100331038 126.724670410
0.077430874 0.068907917 -0.994613588 -3.279791832 -0.103896849 0.992734730 0.060689338 -14.435184479 0.991569519 0.098637976 0.084027611 126.777359009
0.063756846 0.067988113 -0.995646834 -3.901089191 -0.103620186 0.992735088 0.061153911 -14.463241577 0.992571354 0.099270128 0.070338570 126.820793152
0.051385630 0.065276004 -0.996543229 -4.550532341 -0.098019816 0.993373275 0.060014065 -14.486939430 0.993856907 0.094597138 0.057443451 126.875160217
0.039332215 0.062598310 -0.997263372 -5.197821617 -0.095689476 0.993684888 0.058599673 -14.505690575 0.994633853 0.093122773 0.045073822 126.916961670
0.028439641 0.062348794 -0.997649133 -5.856732368 -0.095184162 0.993686676 0.059387777 -14.528591156 0.995053351 0.093271427 0.034194708 126.952522278
0.019645918 0.063706696 -0.997775257 -6.528157711 -0.098748095 0.993212104 0.061471023 -14.551528931 0.994918525 0.097320750 0.025803477 126.961387634
0.011131116 0.063078694 -0.997946501 -7.231504440 -0.101939216 0.992880225 0.061621450 -14.576454163 0.994728267 0.101043954 0.017482057 126.980026245
0.004818599 0.062531441 -0.998031378 -7.918621540 -0.104557596 0.992603898 0.061686568 -14.598935127 0.994507134 0.104054518 0.011321096 126.996498108
-0.000645247 0.063782983 -0.997963607 -8.613862038 -0.105043329 0.992438316 0.063497745 -14.620995522 0.994467437 0.104870386 0.006059606 127.013237000
-0.004094070 0.065977097 -0.997812748 -9.335541725 -0.106925212 0.992071629 0.066036195 -14.641439438 0.994258642 0.106961697 0.002993003 127.034812927
-0.005252843 0.069559209 -0.997564018 -10.053249359 -0.109171592 0.991575062 0.069716468 -14.664335251 0.994009018 0.109271869 0.002385302 127.052070618
-0.006352105 0.073042810 -0.997308612 -10.787287712 -0.112093642 0.990990877 0.073294051 -14.681133270 0.993677378 0.112257533 0.001892757 127.064178467
-0.007372434 0.078760758 -0.996866226 -11.519315720 -0.117121592 0.989963889 0.079081602 -14.695275307 0.993090212 0.117337584 0.001926142 127.072143555
-0.008514847 0.082203619 -0.996579170 -12.257980347 -0.119992301 0.989329994 0.082630903 -14.708659172 0.992738247 0.120285414 0.001439810 127.087196350
-0.010017626 0.082905889 -0.996507108 -13.004761696 -0.119488120 0.989317298 0.083508924 -14.726837158 0.992785096 0.119907320 -0.000004344 127.104217529
-0.011238708 0.079432502 -0.996776879 -13.779534340 -0.117383659 0.989842594 0.080203421 -14.743046761 0.993022978 0.117906682 -0.001800474 127.121742249
-0.012988700 0.076177105 -0.997009754 -14.532255173 -0.121234715 0.989617884 0.077191740 -14.751078606 0.992538929 0.121874802 -0.003618540 127.133598328
-0.013769396 0.077910155 -0.996865332 -15.306436539 -0.126110002 0.988863468 0.079026707 -14.762428284 0.991920710 0.126802817 -0.003790804 127.130996704
-0.015364885 0.080804728 -0.996611536 -16.078660965 -0.123210482 0.988979876 0.082085527 -14.776288033 0.992261589 0.124054216 -0.005239570 127.149169922
-0.017471749 0.081042595 -0.996557474 -16.852390289 -0.122131675 0.989072978 0.082575157 -14.794599533 0.992360115 0.123153970 -0.007382966 127.164299011
-0.018279577 0.080417819 -0.996593595 -17.643367767 -0.125298396 0.988717973 0.082080528 -14.806198120 0.991950750 0.126371980 -0.007997123 127.162788391
-0.019240184 0.079970360 -0.996611536 -18.437126160 -0.129209906 0.988238156 0.081792951 -14.820602417 0.991430581 0.130345836 -0.008680925 127.177169800
-0.020628080 0.084268525 -0.996229529 -19.233640671 -0.131108165 0.987608671 0.086254045 -14.828069687 0.991153479 0.132393107 -0.009324177 127.187484741
-0.021511694 0.089289069 -0.995773494 -20.038248062 -0.130261838 0.987263262 0.091340020 -14.844763756 0.991246223 0.131676182 -0.009606749 127.204902649
-0.020109143 0.091390349 -0.995612085 -20.864234924 -0.131454781 0.986926734 0.093248203 -14.850358963 0.991118133 0.132753104 -0.007832551 127.213432312
-0.018127294 0.090233184 -0.995755672 -21.683525085 -0.130801171 0.987146139 0.091834188 -14.858827591 0.991242766 0.131910726 -0.006091680 127.224281311
-0.016963344 0.090243906 -0.995775223 -22.513448715 -0.130739018 0.987167656 0.091691017 -14.864336967 0.991271675 0.131742060 -0.004947263 127.234085083
-0.017028503 0.089368515 -0.995853066 -23.332914352 -0.129216850 0.987448275 0.090823807 -14.874418259 0.991470098 0.130227596 -0.005266851 127.259338379
-0.016383674 0.091197059 -0.995698035 -24.169813156 -0.130139634 0.987166107 0.092556968 -14.881451607 0.991360366 0.131096214 -0.004305058 127.280357361
-0.015968004 0.093206838 -0.995518684 -25.010084152 -0.131623358 0.986785233 0.094500355 -14.883501053 0.991171181 0.132542506 -0.003488796 127.299430847
-0.015491738 0.095948003 -0.995265901 -25.881208420 -0.134941578 0.986078143 0.097162694 -14.888101578 0.990732431 0.135807976 -0.002328693 127.307228088
-0.013857231 0.096991576 -0.995188713 -26.745836258 -0.137218595 0.985683382 0.097975843 -14.886008263 0.990443826 0.137916073 -0.000349796 127.319168091
-0.012200294 0.100154944 -0.994896948 -27.613588333 -0.144062236 0.984414577 0.100866303 -14.887236595 0.989493310 0.144557714 0.002418397 127.334991455
-0.009819535 0.104125924 -0.994515598 -28.491964340 -0.148843929 0.983331561 0.104424581 -14.885498047 0.988811910 0.149053022 0.005842653 127.351875305
-0.007707553 0.105912462 -0.994345546 -29.366680145 -0.151375026 0.982792079 0.105855204 -14.881072998 0.988446355 0.151334956 0.008457581 127.382713318
-0.003756386 0.106719561 -0.994282007 -30.264421463 -0.150182888 0.982951641 0.106070839 -14.883274078 0.988651097 0.149722576 0.012335108 127.404457092
-0.000949409 0.106660202 -0.994295001 -31.157663345 -0.152756423 0.982610822 0.105552673 -14.878370285 0.988263428 0.151985168 0.015360130 127.432174683
0.001396961 0.110565796 -0.993867815 -32.056869507 -0.153326020 0.982140660 0.109045640 -14.872900963 0.988174677 0.152233467 0.018324623 127.464622498
0.003421878 0.112538226 -0.993641615 -32.962692261 -0.152400807 0.982098877 0.110706091 -14.868806839 0.988312840 0.151052952 0.020511538 127.509757996
0.005186327 0.113970928 -0.993470550 -33.858146667 -0.153113157 0.981859565 0.111839607 -14.867702484 0.988195062 0.151533395 0.022542695 127.551025391
0.007564149 0.111978143 -0.993681908 -34.758834839 -0.154270068 0.981944382 0.109481096 -14.860961914 0.987999737 0.152467251 0.024702448 127.583732605
0.008158453 0.113228925 -0.993535340 -35.669574738 -0.158926219 0.981086612 0.110505164 -14.851997375 0.987256706 0.156997278 0.025999196 127.621040344
0.009283352 0.113887072 -0.993450284 -36.563796997 -0.159687087 0.980912089 0.110957503 -14.848615646 0.987124085 0.157611117 0.027292443 127.658317566
0.009620688 0.110434018 -0.993836880 -37.461917877 -0.160131037 0.981226504 0.107482642 -14.847486496 0.987048864 0.158110097 0.027123990 127.693962097
0.010264007 0.106197774 -0.994292080 -38.370239258 -0.161140487 0.981524050 0.103170611 -14.848960876 0.986878097 0.159161747 0.027187133 127.739006042
0.010725932 0.105295472 -0.994383037 -39.268054962 -0.160692275 0.981697142 0.102218844 -14.843488693 0.986946225 0.158693299 0.027449783 127.780578613
0.010637900 0.109346852 -0.993946731 -40.174949646 -0.162953556 0.980904937 0.106168047 -14.840395927 0.986576319 0.160837725 0.028253222 127.821517944
0.011111443 0.115634292 -0.993229687 -41.105033875 -0.163872004 0.980072260 0.112269185 -14.829021454 0.986419022 0.161515042 0.029839238 127.855529785
0.011510267 0.114454947 -0.993361712 -41.999771118 -0.161819920 0.980545998 0.111103266 -14.831003189 0.986753225 0.159466863 0.029807435 127.899276733
0.012409620 0.103952035 -0.994504869 -42.890766144 -0.161089048 0.981797934 0.100613728 -14.836544037 0.986861825 0.158955261 0.028929273 127.943305969
0.012424469 0.093655556 -0.995527148 -43.817832947 -0.162548333 0.982550085 0.090406068 -14.846271515 0.986622334 0.160698012 0.027431216 127.986412048
0.011307264 0.090673923 -0.995816350 -44.717609406 -0.159420028 0.983305514 0.087724559 -14.856641769 0.987146080 0.157761171 0.025573736 128.033966064
0.011169225 0.100752056 -0.994848847 -45.641986847 -0.152172610 0.983493924 0.097893648 -14.860332489 0.988290787 0.150295332 0.026316566 128.082489014
0.011358447 0.113781735 -0.993440866 -46.579471588 -0.147151262 0.982878447 0.110889547 -14.858386993 0.989048779 0.144926548 0.027907100 128.140625000
0.011504098 0.122577794 -0.992392242 -47.500591278 -0.147562817 0.981799841 0.119558856 -14.850036621 0.988985837 0.145064771 0.029382646 128.187545776
0.011544870 0.116761461 -0.993092895 -48.417610168 -0.148021638 0.982416689 0.113785431 -14.848051071 0.988916755 0.145685613 0.028625099 128.225982666
0.011468012 0.103546269 -0.994558454 -49.333110809 -0.147379994 0.983936191 0.100740917 -14.849549294 0.989013374 0.145422712 0.026544439 128.271240234
0.011879349 0.094737649 -0.995431364 -50.248725891 -0.147770435 0.984737456 0.091956422 -14.850496292 0.988950372 0.146002918 0.025697466 128.316268921
0.012473050 0.094529539 -0.995444000 -51.179885864 -0.146820635 0.984904528 0.091689005 -14.856685638 0.989084482 0.145008072 0.026163651 128.359542847
0.011847663 0.096398801 -0.995272279 -52.118625641 -0.150107011 0.984234452 0.093542859 -14.879795074 0.988598764 0.148289070 0.026131013 128.404373169
0.012504935 0.095796354 -0.995322406 -53.046577454 -0.154639199 0.983609974 0.092726231 -14.882363319 0.987891853 0.152756318 0.027113851 128.437881470
0.012959406 0.095105320 -0.995382845 -53.985843658 -0.156349719 0.983414590 0.091926195 -14.885893822 0.987616837 0.154436529 0.027614160 128.479736328
0.013732876 0.102894396 -0.994597495 -54.947498322 -0.165285289 0.981241107 0.099230461 -14.889636993 0.986150205 0.163029641 0.030482195 128.518890381
0.015119402 0.112193815 -0.993571281 -55.887786865 -0.170702577 0.979386449 0.107994437 -14.882634163 0.985206664 0.167972371 0.033959508 128.558639526
0.016359029 0.120700747 -0.992554128 -56.845764160 -0.171144798 0.978374839 0.116155691 -14.879388809 0.985110164 0.167970285 0.036662560 128.601074219
0.017322697 0.121276394 -0.992467642 -57.801513672 -0.172951490 0.978017092 0.116491877 -14.871358871 0.984778106 0.169630811 0.037916824 128.650512695
0.018996306 0.111765936 -0.993552983 -58.743930817 -0.174922556 0.978777051 0.106759332 -14.871416092 0.984398901 0.171766803 0.038143530 128.693054199
0.020343050 0.106863111 -0.994065523 -59.682048798 -0.173436210 0.979574203 0.101755977 -14.867164612 0.984634995 0.170336962 0.038461458 128.747192383
0.022256028 0.105161414 -0.994206131 -60.654205322 -0.171728134 0.980073929 0.099822342 -14.867499352 0.984892964 0.168511495 0.039871722 128.803451538
0.025392212 0.110784993 -0.993519962 -61.607593536 -0.173096284 0.979315758 0.104777165 -14.864907265 0.984577537 0.169314086 0.044043463 128.867584229
0.029047878 0.113452390 -0.993118703 -62.574134827 -0.176256284 0.978551567 0.106632933 -14.871233940 0.983915567 0.171945930 0.048421539 128.917144775
0.032900739 0.108367972 -0.993566275 -63.531257629 -0.175283834 0.979322433 0.101010107 -14.872180939 0.983968079 0.170832768 0.051215582 128.978744507
0.036185831 0.102701604 -0.994053781 -64.486534119 -0.175138354 0.979962349 0.094870307 -14.879942894 0.983878672 0.170663968 0.053447742 129.044464111
0.040037304 0.102097392 -0.993968427 -65.442146301 -0.172868147 0.980473340 0.093748055 -14.877862930 0.984130919 0.168072090 0.056904890 129.114501953
0.041940458 0.106695607 -0.993406892 -66.397499084 -0.170251653 0.980503142 0.098121911 -14.897197723 0.984507680 0.165013850 0.059287865 129.202484131
0.045489781 0.113281153 -0.992520988 -67.354942322 -0.169627428 0.979997218 0.104077272 -14.897811890 0.984457850 0.163624316 0.063795432 129.280929565
0.047797013 0.117015421 -0.991979301 -68.320472717 -0.167411372 0.980004787 0.107536428 -14.901782990 0.984727800 0.160928681 0.066431008 129.369354248
0.049923208 0.118817419 -0.991660357 -69.300384521 -0.166900009 0.979929328 0.109009586 -14.903456688 0.984709084 0.160066009 0.068751834 129.449447632
0.052316092 0.116210289 -0.991845846 -70.238494873 -0.165746778 0.980440795 0.106131501 -14.906615257 0.984779716 0.158842862 0.070554323 129.520767212
0.053065382 0.114960186 -0.991951704 -71.184913635 -0.163805872 0.980897784 0.104916140 -14.912068367 0.985064328 0.156920075 0.070882857 129.608200073
0.053584207 0.111543410 -0.992313862 -72.128646851 -0.160717085 0.981749296 0.101677284 -14.922527313 0.985544980 0.154033482 0.070533186 129.698623657
0.053351436 0.110812813 -0.992408216 -73.122550964 -0.159261808 0.982046604 0.101094000 -14.914330482 0.985793650 0.152659252 0.070041835 129.782989502
0.053106062 0.115587153 -0.991876721 -74.075759888 -0.155983537 0.982045829 0.106090024 -14.917957306 0.986331046 0.149082437 0.070182279 129.869628906
0.052543819 0.117424674 -0.991690755 -75.036697388 -0.149924845 0.982734680 0.108420573 -14.924448967 0.987300158 0.142982289 0.069241509 129.968154907
0.051760800 0.112907872 -0.992256284 -75.993927002 -0.147149503 0.983605385 0.104247436 -14.914708138 0.987758994 0.140614137 0.067526534 130.051818848
0.050430082 0.108795382 -0.992784142 -76.957672119 -0.149468675 0.983675838 0.100204729 -14.914129257 0.987479687 0.143336818 0.065868348 130.124572754
0.049134597 0.106240869 -0.993125677 -77.905853271 -0.145940319 0.984418571 0.098089054 -14.920331001 0.988072455 0.140117496 0.063873835 130.208572388
0.047780462 0.106827468 -0.993128896 -78.870208740 -0.146141440 0.984312892 0.098848127 -14.921856880 0.988109112 0.140414253 0.062642835 130.280487061
0.046820071 0.108044423 -0.993042886 -79.822090149 -0.147324592 0.984008312 0.100115359 -14.926666260 0.987979352 0.141612217 0.061988946 130.357254028
0.045334425 0.108257823 -0.993088663 -80.776145935 -0.148898289 0.983738124 0.100441314 -14.930481911 0.987812817 0.143315732 0.060716607 130.432037354
0.044305317 0.109239250 -0.993027687 -81.726028442 -0.148609996 0.983664930 0.101578854 -14.933904648 0.987902880 0.143073350 0.059815634 130.497802734
0.041971609 0.109441616 -0.993106663 -82.691062927 -0.148637652 0.983605564 0.102112703 -14.936320305 0.988000691 0.143327221 0.057550643 130.572937012
0.040329006 0.112133287 -0.992874384 -83.636245728 -0.149283886 0.983205974 0.104977660 -14.935423851 0.987971604 0.143986493 0.056391407 130.647720337
0.038833741 0.115922809 -0.992498815 -84.590255737 -0.150569901 0.982585967 0.108873621 -14.929018021 0.987836301 0.145212471 0.055611972 130.707611084
0.036014665 0.121010192 -0.991997719 -85.534439087 -0.151473045 0.981833935 0.114271104 -14.922341347 0.987805068 0.146145463 0.053690206 130.780059814
0.034078788 0.120636880 -0.992111564 -86.477851868 -0.151317999 0.981866896 0.114193439 -14.918139458 0.987897456 0.146232784 0.051715359 130.844985962
0.032770626 0.116306409 -0.992672682 -87.424568176 -0.152153149 0.982210100 0.110057622 -14.920418739 0.987813413 0.147431597 0.049884029 130.904769897
0.030925997 0.110749714 -0.993367016 -88.371337891 -0.155867413 0.982218325 0.104654215 -14.902199745 0.987293720 0.151597053 0.047638353 130.957641602
0.029612185 0.108600020 -0.993644357 -89.314071655 -0.153730437 0.982747912 0.102827683 -14.901047707 0.987668991 0.149708450 0.045796443 131.024978638
0.029707946 0.109651558 -0.993526042 -90.282279968 -0.149181917 0.983318567 0.104064249 -14.901603699 0.988363385 0.145124584 0.045570403 131.070739746
0.029159017 0.110998802 -0.993392706 -91.231063843 -0.146198422 0.983601511 0.105613403 -14.901213646 0.988825440 0.142152846 0.044908699 131.132751465
0.028039848 0.110975005 -0.993427575 -92.176948547 -0.140739486 0.984357119 0.105989315 -14.907104492 0.989649534 0.136842579 0.043219779 131.199096680
0.026594590 0.108234040 -0.993769705 -93.117942810 -0.136574000 0.985193074 0.103645034 -14.911817551 0.990272880 0.132966667 0.040982753 131.265640259
0.025867725 0.105118327 -0.994123220 -94.063781738 -0.131283909 0.986200154 0.100864463 -14.916385651 0.991007328 0.127903238 0.039311104 131.329559326
0.024425823 0.107625805 -0.993891299 -95.046081543 -0.129406005 0.986163914 0.103608735 -14.918555260 0.991290927 0.126084805 0.038015299 131.383239746
0.023194507 0.110102914 -0.993649483 -95.992218018 -0.128771812 0.985966384 0.106245674 -14.918949127 0.991402984 0.125489712 0.037047155 131.440902710
0.021709912 0.107682556 -0.993948221 -96.954193115 -0.124571823 0.986726105 0.104179211 -14.914110184 0.991973042 0.121556245 0.034835950 131.493423462
0.019975636 0.105450824 -0.994223773 -97.905570984 -0.121506952 0.987307250 0.102275945 -14.921056747 0.992389619 0.118762076 0.032535091 131.541809082
0.015540057 0.102529429 -0.994608700 -98.870208740 -0.120134160 0.987714231 0.099941723 -14.918007851 0.992636025 0.117933370 0.027666433 131.606369019
0.012801568 0.101501837 -0.994753063 -99.824516296 -0.114663415 0.988420784 0.099380128 -14.926869392 0.993321896 0.112789564 0.024291886 131.657012939
0.010719134 0.101654887 -0.994762003 -100.783111572 -0.107874766 0.989130735 0.099917024 -14.922804832 0.994106710 0.106238715 0.021568622 131.698699951
0.007997144 0.109431989 -0.993962109 -101.752540588 -0.097755976 0.989318252 0.108134210 -14.922297478 0.995178282 0.096300982 0.018609352 131.763061523
0.005486152 0.117450632 -0.993063569 -102.709869385 -0.089715622 0.989131451 0.116489947 -14.918356895 0.995952308 0.088454247 0.015963681 131.817626953
0.001976329 0.116682872 -0.993167341 -103.665710449 -0.085391521 0.989561260 0.116089299 -14.910137177 0.996345520 0.084578633 0.011919426 131.870056152
-0.000259143 0.107356861 -0.994220614 -104.619285583 -0.086543672 0.990487874 0.106976382 -14.917037964 0.996247947 0.086071208 0.009034381 131.897491455
-0.002292602 0.098290302 -0.995155156 -105.566696167 -0.088500425 0.991232872 0.098106802 -14.918553352 0.996073365 0.088296570 0.006426231 131.934341431
-0.002523724 0.099569626 -0.995027363 -106.528648376 -0.095713496 0.990438342 0.099353157 -14.917792320 0.995405674 0.095488310 0.007030563 131.951141357
-0.003696790 0.108787157 -0.994058192 -107.490707397 -0.098991916 0.989142478 0.108617336 -14.906966209 0.995081484 0.098805226 0.007112395 131.991622925
-0.005310517 0.120000519 -0.992759585 -108.453659058 -0.102952383 0.987432539 0.119907320 -14.894898415 0.994672060 0.102843747 0.007110561 132.021423340
-0.006606621 0.121877067 -0.992523193 -109.399162292 -0.109953538 0.986438036 0.121861733 -14.884585381 0.993914723 0.109936535 0.006883793 132.049957275
-0.006689229 0.119036011 -0.992867351 -110.381774902 -0.117252156 0.985947192 0.118996277 -14.870053291 0.993079662 0.117211834 0.007362001 132.071945190
-0.007033893 0.115015402 -0.993338764 -111.335494995 -0.125364095 0.985424757 0.114986770 -14.857333183 0.992085814 0.125337839 0.007487432 132.097229004
-0.004532901 0.117232926 -0.993094087 -112.305038452 -0.129994333 0.984608293 0.116824545 -14.839392662 0.991504371 0.129626140 0.010776483 132.117218018
-0.003133989 0.117906488 -0.993019760 -113.287193298 -0.138087898 0.983460307 0.117207274 -14.816899300 0.990415037 0.137491301 0.013199311 132.142868042
-0.002515137 0.120594844 -0.992698610 -114.251403809 -0.147318661 0.981825769 0.119647220 -14.800332069 0.989085853 0.146543965 0.015296442 132.162719727
-0.002220785 0.122876383 -0.992419481 -115.226203918 -0.152703270 0.980741203 0.121772140 -14.780661583 0.988269687 0.151816145 0.016585609 132.188552856
-0.002264190 0.122581340 -0.992455900 -116.200912476 -0.156330779 0.980212450 0.121425770 -14.774416924 0.987702191 0.155426338 0.016943850 132.229858398
-0.000711481 0.113208741 -0.993570983 -117.155426025 -0.155290782 0.981505513 0.111945197 -14.777449608 0.987868547 0.154372096 0.016881954 132.262756348
0.000463492 0.101574168 -0.994827867 -118.107559204 -0.158228472 0.982303023 0.100221649 -14.769469261 0.987402439 0.157363623 0.016527211 132.301254272
