1.000000000 0.000000000 0.000000000 0.000000000 0.000000000 1.000000000 0.000000000 0.000000000 0.000000000 0.000000000 1.000000000 0.000000000
0.999997735 -0.001612778 -0.001405288 0.050825678 0.001609746 0.999996364 -0.002155757 -0.132533625 0.001408760 0.002153490 0.999996662 1.297091603
0.999997675 0.000005282 -0.002157246 0.105730437 -0.000019138 0.999979377 -0.006423295 -0.266629547 0.002157168 0.006423323 0.999977052 2.604221106
0.999996066 0.002435090 -0.001397449 0.150011852 -0.002446253 0.999964654 -0.008042681 -0.404619783 0.001377815 0.008046069 0.999966681 3.909322739
0.999983549 0.005738375 0.000211040 0.193701580 -0.005736820 0.999960780 -0.006747881 -0.543215513 -0.000249753 0.006746558 0.999977171 5.220075130
0.999975920 0.006515225 0.002391869 0.244711876 -0.006507392 0.999973476 -0.003268104 -0.692368090 -0.002413098 0.003252461 0.999991775 6.538450241
0.999961317 0.006698221 0.005692202 0.301213324 -0.006686765 0.999975622 -0.002029476 -0.829267263 -0.005705656 0.001991335 0.999981642 7.841202259
0.999944031 0.005380095 0.009103224 0.361519396 -0.005362356 0.999983668 -0.001971901 -0.963034630 -0.009113682 0.001922975 0.999956608 9.153811455
0.999915004 0.003953846 0.012420973 0.439721167 -0.003930469 0.999990463 -0.001905860 -1.100006580 -0.012428388 0.001856878 0.999920964 10.453690529
0.999873459 0.002666455 0.015683370 0.505015552 -0.002627724 0.999993443 -0.002489645 -1.237677813 -0.015689908 0.002448118 0.999873877 11.766224861
0.999813497 0.001598357 0.019242553 0.578687489 -0.001536006 0.999993563 -0.003254597 -1.374049425 -0.019247631 0.003224434 0.999809504 13.059166908
0.999745965 0.001467487 0.022488238 0.650435686 -0.001397132 0.999994040 -0.003143884 -1.523022413 -0.022492716 0.003111666 0.999742150 14.380733490
0.999662638 0.001444223 0.025935085 0.734109044 -0.001332880 0.999989867 -0.004309926 -1.660698414 -0.025941048 0.004273904 0.999654353 15.676950455
0.999578536 0.002521658 0.028921200 0.819220901 -0.002397617 0.999987781 -0.004322779 -1.798434138 -0.028931750 0.004251616 0.999572277 16.983764648
0.999477863 0.002072023 0.032245506 0.908129930 -0.001950349 0.999990821 -0.003804365 -1.938454509 -0.032253090 0.003739489 0.999472737 18.269042969
0.999409676 0.000578893 0.034350544 1.004327774 -0.000458688 0.999993682 -0.003507152 -2.082571268 -0.034352355 0.003489324 0.999403715 19.575817108
0.999353290 -0.001866308 0.035909764 1.103156328 0.002040840 0.999986231 -0.004824245 -2.222839594 -0.035900269 0.004894411 0.999343395 20.849882126
0.999310851 -0.001694118 0.037078798 1.199189067 0.001941721 0.999976039 -0.006642752 -2.364904881 -0.037066650 0.006710171 0.999290287 22.161701202
0.999263644 -0.001708591 0.038330305 1.282502413 0.002066725 0.999954522 -0.009305682 -2.507059336 -0.038312662 0.009378048 0.999221802 23.444618225
0.999225616 -0.001049541 0.039331589 1.385231733 0.001473548 0.999941111 -0.010752879 -2.650768280 -0.039317992 0.010802512 0.999168336 24.736232758
0.999176323 -0.000516974 0.040574852 1.483411670 0.000980707 0.999934435 -0.011410000 -2.797743559 -0.040566292 0.011440394 0.999111354 26.006935120
0.999162555 -0.001938811 0.040868774 1.586817026 0.002361029 0.999944329 -0.010285344 -2.944508076 -0.040846553 0.010373224 0.999111593 27.292076111
0.999153852 -0.004945751 0.040831249 1.690337777 0.005324103 0.999943852 -0.009162711 -3.090501308 -0.040783644 0.009372348 0.999124110 28.568748474
0.999186814 -0.006288947 0.039824419 1.791320324 0.006679164 0.999930859 -0.009672987 -3.235594511 -0.039760821 0.009931115 0.999159873 29.858671188
0.999204457 -0.007986696 0.039070558 1.896076918 0.008470270 0.999889374 -0.012227106 -3.381316900 -0.038968578 0.012548319 0.999161601 31.124954224
0.999234021 -0.008199348 0.038262274 2.005052090 0.008677601 0.999886096 -0.012350012 -3.531268120 -0.038156655 0.012672576 0.999191344 32.412616730
0.999243855 -0.008897951 0.037847456 2.101583481 0.009386728 0.999874651 -0.012756339 -3.674185753 -0.037729204 0.013101956 0.999202073 33.676246643
0.999270022 -0.009552319 0.036986515 2.204854965 0.010027376 0.999869287 -0.012679980 -3.820654869 -0.036860563 0.013041602 0.999235332 34.947803497
0.999284148 -0.009992186 0.036485374 2.297446251 0.010477825 0.999858677 -0.013143684 -3.966410875 -0.036348883 0.013516566 0.999247730 36.210453033
0.999326587 -0.010559627 0.035141084 2.411075592 0.011028426 0.999852359 -0.013173467 -4.125860691 -0.034996789 0.013552145 0.999295533 37.495838165
0.999323905 -0.010251841 0.035309426 2.506150723 0.010657418 0.999879181 -0.011317443 -4.271825314 -0.035189133 0.011686099 0.999312341 38.751300812
0.999292135 -0.010227274 0.036200386 2.605464458 0.010607730 0.999890327 -0.010333275 -4.409690857 -0.036090735 0.010709966 0.999291122 40.021533966
0.999209166 -0.012030900 0.037899859 2.711262703 0.012367895 0.999885917 -0.008669822 -4.552992821 -0.037791230 0.009131705 0.999243915 41.270271301
0.999111474 -0.013084118 0.040063154 2.816210747 0.013496838 0.999858439 -0.010048630 -4.692469120 -0.039926004 0.010580428 0.999146760 42.532516479
0.998991072 -0.014283262 0.042576160 2.909674168 0.014851802 0.999804258 -0.013067173 -4.842195034 -0.042381190 0.013686322 0.999007761 43.782218933
0.998902500 -0.015265631 0.044280954 3.024190903 0.015909964 0.999772072 -0.014235281 -4.987975597 -0.044053543 0.014924166 0.998917699 45.049758911
0.998768449 -0.015519061 0.047125973 3.141786098 0.016142771 0.999786735 -0.012883281 -5.123919487 -0.046915986 0.013628161 0.998805821 46.288860321
0.998580754 -0.016738068 0.050559282 3.252727032 0.017251292 0.999803841 -0.009731665 -5.277169228 -0.050386474 0.010590065 0.998673618 47.549396515
0.998308897 -0.019956226 0.054598499 3.367705107 0.020419762 0.999759912 -0.007945241 -5.412787914 -0.054426834 0.009046693 0.998476803 48.780860901
0.998091578 -0.021709289 0.057809144 3.501961231 0.022209406 0.999721169 -0.008022689 -5.556663513 -0.057618856 0.009291285 0.998295426 50.034111023
0.997819841 -0.025160022 0.061012723 3.645870924 0.025926936 0.999594033 -0.011810677 -5.691233635 -0.060690802 0.013366801 0.998067141 51.260940552
0.997542262 -0.026426924 0.064891368 3.777777195 0.027266202 0.999555171 -0.012082059 -5.826319695 -0.064543203 0.013821704 0.997819185 52.495368958
0.997188210 -0.028939432 0.069123611 3.900876522 0.029651802 0.999517024 -0.009301847 -5.968827724 -0.068821028 0.011325330 0.997564733 53.715950012
0.996930659 -0.031594109 0.071630239 4.064557076 0.032118734 0.999464929 -0.006183955 -6.099238396 -0.071396537 0.008465648 0.997412145 54.909660339
0.996660471 -0.033912022 0.074281983 4.196514606 0.034345247 0.999399722 -0.004562322 -6.235773087 -0.074082643 0.007098320 0.997226834 56.162071228
0.996470273 -0.036985103 0.075359389 4.350508690 0.037163232 0.999308705 -0.000962412 -6.364489079 -0.075271696 0.003759614 0.997155964 57.370914459
0.996305287 -0.039570697 0.076224692 4.487408638 0.039676070 0.999212563 0.000132073 -6.489138603 -0.076169908 0.002892712 0.997090638 58.582916260
0.996262848 -0.041639686 0.075673848 4.635460854 0.042009417 0.999111772 -0.003299865 -6.610666752 -0.075469226 0.006466547 0.997127175 59.775840759
0.996277690 -0.042967666 0.074729420 4.786733150 0.043632176 0.999021113 -0.007281765 -6.745399952 -0.074343376 0.010515267 0.997177243 60.978519440
0.996292472 -0.044369712 0.073705956 4.924953938 0.045322649 0.998908341 -0.011306247 -6.874411106 -0.073123850 0.014604878 0.997215867 62.159824371
0.996304810 -0.046556078 0.072174579 5.065102100 0.047653459 0.998772025 -0.013557202 -7.012249947 -0.071454778 0.016946482 0.997299850 63.385654449
0.996435344 -0.046673864 0.070271619 5.200006008 0.047732145 0.998769522 -0.013455934 -7.146823883 -0.069557123 0.016762184 0.997437060 64.561592102
0.996679187 -0.045735717 0.067370154 5.334680557 0.046702627 0.998826206 -0.012846930 -7.290704250 -0.066703506 0.015950631 0.997645319 65.782722473
0.996915102 -0.045012228 0.064297035 5.455387115 0.045810897 0.998889506 -0.011001068 -7.420292854 -0.063730456 0.013912639 0.997870147 66.956550598
0.997315705 -0.041163757 0.060554929 5.574615955 0.041660197 0.999107540 -0.006958161 -7.560687542 -0.060214467 0.009462213 0.998140633 68.154800415
0.997597039 -0.039199267 0.057126503 5.692048073 0.039535005 0.999206841 -0.004758375 -7.685184479 -0.056894671 0.007005437 0.998355567 69.331970215
0.997802198 -0.038186204 0.054152388 5.796625137 0.038664166 0.999221802 -0.007805983 -7.821252346 -0.053812169 0.009882585 0.998502195 70.504859924
0.997969508 -0.038288157 0.050899319 5.909668922 0.039084919 0.999126971 -0.014751244 -7.957373142 -0.050290089 0.016710684 0.998594761 71.696899414
0.997980177 -0.042349998 0.047350224 6.018553734 0.043224160 0.998910487 -0.017592160 -8.092944145 -0.046553612 0.019603301 0.998723328 72.866943359
0.998011589 -0.046201125 0.042875126 6.130910873 0.046787467 0.998823166 -0.012773781 -8.228855133 -0.042234518 0.014754399 0.998998761 74.032608032
0.998018503 -0.049961545 0.038248669 6.237322807 0.050304551 0.998701334 -0.008057799 -8.353034973 -0.037796423 0.009965915 0.999235690 75.190238953
0.998064458 -0.052067123 0.034005385 6.330411911 0.052276578 0.998618603 -0.005299132 -8.478705406 -0.033682503 0.007066562 0.999407530 76.382507324
0.998229206 -0.051372364 0.029987682 6.418586254 0.051477406 0.998670459 -0.002740944 -8.603977203 -0.029806998 0.004279779 0.999546528 77.541885376
0.998350620 -0.051185537 0.026001956 6.513441086 0.051275525 0.998680532 -0.002805286 -8.717572212 -0.025824055 0.004133923 0.999657929 78.700645447
0.998499036 -0.049697857 0.023018068 6.576396942 0.049817566 0.998747468 -0.004656380 -8.849821091 -0.022757826 0.005796096 0.999724209 79.867324829
0.998681724 -0.047373272 0.019764900 6.650252342 0.047572851 0.998820126 -0.009752570 -8.976483345 -0.019279571 0.010679984 0.999757051 81.011672974
0.998588741 -0.050630890 0.016030811 6.733513355 0.050861292 0.998603284 -0.014306789 -9.116562843 -0.015284054 0.015101946 0.999769151 82.172340393
0.998440564 -0.054191310 0.013408002 6.789430141 0.054395810 0.998400867 -0.015388826 -9.245999336 -0.012552620 0.016094171 0.999791682 83.310829163
0.998469889 -0.054452736 0.009641559 6.856059551 0.054568034 0.998436391 -0.012128488 -9.373021126 -0.008966055 0.012636047 0.999879897 84.449188232
0.998454273 -0.055206567 0.006432175 6.924887180 0.055264316 0.998429656 -0.009177515 -9.507145882 -0.005915413 0.009518800 0.999937177 85.576446533
0.998604715 -0.052473217 0.005929893 6.964713097 0.052536830 0.998556912 -0.011135804 -9.631259918 -0.005337005 0.011431804 0.999920428 86.727363586
0.998793304 -0.048797607 0.005541920 7.015426159 0.048872147 0.998703778 -0.014221478 -9.758766174 -0.004840762 0.014475163 0.999883533 87.848876953
0.998887300 -0.046914797 0.004810785 7.069406509 0.046990350 0.998750269 -0.017021054 -9.885361671 -0.004006235 0.017228177 0.999843538 88.950729370
0.998767376 -0.049482312 0.003907183 7.113106728 0.049544577 0.998611808 -0.017884124 -10.017402649 -0.003016811 0.018055659 0.999832451 90.085540771
0.998715103 -0.050618116 0.002465707 7.164981842 0.050649956 0.998599827 -0.015264775 -10.147258759 -0.001689581 0.015370050 0.999880493 91.199737549
0.998680413 -0.051323961 0.001756947 7.213693142 0.051341888 0.998603642 -0.012435736 -10.278827667 -0.001116243 0.012509532 0.999921143 92.316337585
0.998696685 -0.051023670 0.001181720 7.273095608 0.051034138 0.998625875 -0.011922260 -10.400437355 -0.000571778 0.011967032 0.999928176 93.457656860
0.998666584 -0.051608227 0.001280919 7.317910671 0.051621158 0.998567760 -0.014062107 -10.527802467 -0.000553364 0.014109479 0.999900281 94.566482544
0.998667300 -0.051609326 0.000321614 7.379874706 0.051606745 0.998504817 -0.018023949 -10.655695915 0.000609071 0.018016525 0.999837518 95.673400879
0.998636246 -0.052202869 0.000733335 7.422926426 0.052207351 0.998454511 -0.019051190 -10.794008255 0.000262325 0.019063495 0.999818265 96.788009644
0.998591542 -0.053053439 0.000559291 7.478606701 0.053055227 0.998444617 -0.017127797 -10.927646637 0.000350268 0.017133346 0.999853134 97.871345520
0.998639822 -0.052121125 0.001373742 7.521333218 0.052134033 0.998565435 -0.012213386 -11.048064232 -0.000735196 0.012268395 0.999924421 98.961021423
0.998720467 -0.050496027 0.002768098 7.568892956 0.050518174 0.998685956 -0.008620625 -11.168960571 -0.002329153 0.008749435 0.999959052 100.024978638
0.998830974 -0.048117183 0.004633649 7.614887714 0.048155889 0.998802423 -0.008640266 -11.290242195 -0.004212355 0.008853301 0.999951959 101.097877502
0.998902798 -0.046321258 0.006890927 7.662371159 0.046391826 0.998868525 -0.010460462 -11.410254478 -0.006398588 0.010768668 0.999921560 102.133422852
0.998861611 -0.046763577 0.009417332 7.715225697 0.046881445 0.998819590 -0.012710594 -11.533334732 -0.008811823 0.013137622 0.999874890 103.154121399
0.998769581 -0.048295047 0.011263012 7.765084743 0.048448030 0.998731434 -0.013731773 -11.647798538 -0.010585545 0.014260551 0.999842227 104.176017761
0.998651922 -0.050235339 0.013068075 7.827000141 0.050404809 0.998644590 -0.012979520 -11.762020111 -0.012398330 0.013620717 0.999830306 105.158172607
0.998619020 -0.050411880 0.014787100 7.885693550 0.050586849 0.998651087 -0.011707670 -11.878440857 -0.014176947 0.012439536 0.999822080 106.134460449
0.998560548 -0.051292650 0.015680108 7.960134983 0.051450737 0.998626947 -0.009850334 -11.991849899 -0.015153327 0.010642909 0.999828637 107.089027405
0.998490572 -0.051978417 0.017738005 8.016376495 0.052165687 0.998585641 -0.010263017 -12.098728180 -0.017179461 0.011172841 0.999790013 108.006561279
0.998480439 -0.051604927 0.019328961 8.079305649 0.051777780 0.998621941 -0.008551182 -12.197766304 -0.018861039 0.009538996 0.999776721 108.914710999
0.998493314 -0.050580774 0.021279901 8.136899948 0.050728742 0.998691499 -0.006471456 -12.294442177 -0.020924727 0.007541207 0.999752641 109.786018372
0.998454094 -0.050816346 0.022525718 8.196714401 0.050901633 0.998698592 -0.003228621 -12.398277283 -0.022332333 0.004370226 0.999741077 110.644592285
0.998411715 -0.050872087 0.024208795 8.255565643 0.050964627 0.998695254 -0.003220382 -12.489284515 -0.024013385 0.004449059 0.999701738 111.471694946
0.998434961 -0.049873937 0.025302511 8.308261871 0.049949478 0.998748958 -0.002361649 -12.580102921 -0.025153071 0.003621801 0.999677062 112.285964966
0.998531640 -0.047567796 0.025922278 8.361053467 0.047639079 0.998862386 -0.002138899 -12.659725189 -0.025791042 0.003370672 0.999661684 113.064903259
0.998667598 -0.045051847 0.025164843 8.408876419 0.045040950 0.998984635 0.001000068 -12.738065720 -0.025184341 0.000134713 0.999682903 113.824279785
0.998740196 -0.045064665 0.022069074 8.455721855 0.045029942 0.998983502 0.002067814 -12.822791100 -0.022139823 -0.001071440 0.999754250 114.574226379
0.998864472 -0.044994269 0.015662249 8.491654396 0.044967320 0.998986304 0.002068926 -12.895544052 -0.015739465 -0.001362287 0.999875188 115.272163391
0.999038458 -0.043533470 0.005189285 8.520649910 0.043528743 0.999051690 0.001019260 -12.971376419 -0.005228737 -0.000792397 0.999986053 115.944648743
0.999127984 -0.040821217 -0.008767048 8.519659042 0.040806603 0.999165416 -0.001840447 -13.039982796 0.008834856 0.001481088 0.999959826 116.589431763
0.998858452 -0.039129373 -0.027397925 8.515970230 0.039026178 0.999228954 -0.004291281 -13.108471870 0.027544716 0.003217145 0.999615371 117.208747864
0.998059034 -0.037476037 -0.049737222 8.482481003 0.037193429 0.999286234 -0.006595975 -13.177652359 0.049948908 0.004733275 0.998740494 117.795234680
0.996334374 -0.036034882 -0.077583559 8.442864418 0.035480879 0.999334157 -0.008507770 -13.243918419 0.077838466 0.005723852 0.996949494 118.363754272
0.993414819 -0.033791754 -0.109476984 8.370721817 0.032860503 0.999406815 -0.010299969 -13.312623978 0.109760098 0.006634675 0.993935883 118.905052185
0.989013731 -0.029372808 -0.144876361 8.265874863 0.027962880 0.999539733 -0.011759162 -13.376470566 0.145155072 0.007578813 0.989379823 119.439643860
0.982747316 -0.023400489 -0.183467150 8.145811081 0.021699004 0.999700963 -0.011276414 -13.437456131 0.183676168 0.007100809 0.982961178 119.978591919
0.974201441 -0.017835408 -0.224974170 8.003068924 0.016153451 0.999826252 -0.009314811 -13.493925095 0.225101143 0.005440393 0.974320352 120.477966309
0.962846518 -0.013079427 -0.269732147 7.836973190 0.011441775 0.999905288 -0.007642824 -13.554377556 0.269806564 0.004272651 0.962905109 120.962028503
0.948372841 -0.007268871 -0.317074180 7.646018982 0.004876810 0.999953270 -0.008337156 -13.608896255 0.317119986 0.006360421 0.948364139 121.445037842
0.931177557 0.000529029 -0.364565730 7.410900116 -0.004085505 0.999951303 -0.008984193 -13.663186073 0.364543200 0.009855313 0.931134343 121.907455444
0.909985721 0.004980230 -0.414609551 7.166267395 -0.010025849 0.999899805 -0.009994102 -13.714011192 0.414518207 0.013251303 0.909944534 122.339019775
0.885025084 0.010077537 -0.465434283 6.885913849 -0.015734686 0.999841928 -0.008271087 -13.775600433 0.465277314 0.014643581 0.885043800 122.763252258
0.855867028 0.013124706 -0.517029345 6.603870392 -0.020214872 0.999763012 -0.008083975 -13.819549561 0.516800642 0.017370492 0.855929494 123.161346436
0.824296594 0.022875682 -0.565695882 6.275981903 -0.031057898 0.999505877 -0.004837482 -13.866366386 0.565305591 0.021556845 0.824599743 123.533966064
0.790146112 0.035715580 -0.611876905 5.930355072 -0.043897126 0.999034703 0.001627713 -13.909810066 0.611344457 0.025573505 0.790951252 123.892211914
0.754419684 0.044782639 -0.654862940 5.579036713 -0.055461828 0.998451173 0.004385317 -13.947106361 0.654045045 0.033011518 0.755734980 124.194244385
0.714641154 0.048806034 -0.697786510 5.209407806 -0.062706113 0.998016536 0.005584586 -14.000743866 0.696674943 0.039764512 0.716284037 124.494186401
0.672225237 0.050298497 -0.738636076 4.830627441 -0.065159857 0.997837424 0.008647838 -14.043786049 0.737473726 0.042316135 0.674048960 124.777481079
0.627816737 0.053747267 -0.776503325 4.429843903 -0.068492338 0.997557938 0.013670744 -14.075546265 0.775341749 0.044601813 0.629964828 125.050460815
0.582646191 0.062893204 -0.810288727 4.006031036 -0.079794034 0.996611178 0.019978520 -14.112943649 0.808799267 0.053015798 0.585690260 125.277633667
0.537749767 0.071502365 -0.840067029 3.541011810 -0.091388077 0.995469868 0.026229495 -14.134587288 0.838136852 0.062667206 0.541848123 125.492004395
0.490934700 0.076666325 -0.867816448 3.092826843 -0.097262397 0.994716406 0.032854602 -14.157767296 0.865750074 0.068276443 0.495797455 125.684371948
0.443297833 0.078078538 -0.892967522 2.630542755 -0.096582055 0.994560063 0.039015070 -14.184261322 0.891156018 0.068949327 0.448427260 125.868347168
0.395871520 0.079932466 -0.914820492 2.156196594 -0.093967356 0.994501293 0.046231959 -14.208648682 0.913485527 0.067661345 0.401205659 126.042709351
0.351068228 0.082494609 -0.932708800 1.658882141 -0.095626406 0.994061887 0.051927630 -14.227516174 0.931454003 0.070961460 0.356872261 126.177726746
0.307443708 0.086043105 -0.947668195 1.159835815 -0.101274937 0.993205786 0.057321925 -14.248148918 0.946161628 0.078351773 0.314068854 126.294013977
0.265929520 0.087251954 -0.960035682 0.642137527 -0.105859265 0.992515683 0.060880896 -14.263109207 0.958162367 0.085438646 0.273175657 126.396926880
0.226191565 0.083736293 -0.970476985 0.111469269 -0.105747156 0.992520869 0.060991552 -14.279785156 0.968325794 0.088829406 0.233354688 126.502639771
0.191374004 0.078738749 -0.978353739 -0.423719406 -0.100888334 0.993075430 0.060188968 -14.300889969 0.976318300 0.087185889 0.197992608 126.589538574
0.161006853 0.073511295 -0.984211802 -0.971837997 -0.098098040 0.993476093 0.058155429 -14.320812225 0.982066035 0.087185822 0.167167753 126.668754578
0.134660497 0.071882248 -0.988281071 -1.539728165 -0.099274762 0.993325830 0.058722265 -14.339082718 0.985906184 0.090203799 0.140897855 126.735267639
0.112527646 0.070810378 -0.991122305 -2.128684998 -0.099611633 0.993236721 0.059651975 -14.350057602 0.988643050 0.092014804 0.118820101 126.793830872
0.094067410 0.072290227 -0.992937744 -2.721563339 -0.101331212 0.992875814 0.062685959 -14.365631104 0.990395546 0.094718881 0.100722484 126.848167419
0.077857271 0.071028836 -0.994431078 -3.326953888 -0.102911010 0.992703021 0.062848166 -14.393894196 0.991638839 0.097444713 0.084598787 126.903343201
0.063631736 0.069931760 -0.995520234 -3.946488857 -0.101773143 0.992795825 0.063235238 -14.422644615 0.992770493 0.097293459 0.070290498 126.956504822
0.051204931 0.067612045 -0.996396840 -4.584030151 -0.097510301 0.993276954 0.062389288 -14.445780754 0.993916392 0.093964323 0.057453558 127.002723694
0.039937265 0.064920284 -0.997090995 -5.236342430 -0.095309146 0.993584573 0.060874496 -14.460552216 0.994646370 0.092600733 0.045868557 127.030647278
0.028866677 0.063866183 -0.997540832 -5.904418945 -0.094501466 0.993661225 0.060883123 -14.480894089 0.995106101 0.092511579 0.034719143 127.073326111
0.019176330 0.065383442 -0.997676015 -6.575578213 -0.097820252 0.993194759 0.063209556 -14.502481461 0.995019317 0.096380778 0.025441652 127.095527649
0.010826256 0.065408066 -0.997799873 -7.251505375 -0.100762203 0.992850602 0.063990347 -14.530343056 0.994851649 0.099847741 0.017339520 127.109550476
0.004213843 0.064660855 -0.997898400 -7.944849014 -0.102890179 0.992639005 0.063885599 -14.550638199 0.994683743 0.102404736 0.010835792 127.128875732
-0.000842954 0.065431133 -0.997856736 -8.643795967 -0.103669964 0.992474735 0.065165803 -14.567197800 0.994611442 0.103502691 0.005946632 127.144058228
-0.004516692 0.067965239 -0.997677445 -9.363021851 -0.105743706 0.992061377 0.068061367 -14.586960793 0.994383156 0.105805546 0.002706058 127.167427063
-0.005404660 0.071943901 -0.997393966 -10.098448753 -0.107985251 0.991534054 0.072106361 -14.612756729 0.994137824 0.108093552 0.002409974 127.171127319
-0.006385027 0.075122841 -0.997153819 -10.808564186 -0.110472970 0.991017342 0.075367920 -14.626237869 0.993858635 0.110639766 0.001971370 127.183944702
-0.007093446 0.080655023 -0.996716857 -11.546907425 -0.115264639 0.990032136 0.080934413 -14.633335114 0.993309498 0.115460314 0.002273933 127.193428040
-0.008257234 0.084602147 -0.996380568 -12.288553238 -0.118307844 0.989333630 0.084984235 -14.646762848 0.992942631 0.118581377 0.001839937 127.202575684
-0.009626169 0.085318811 -0.996307194 -13.037118912 -0.118319117 0.989256680 0.085858218 -14.667578697 0.992928982 0.118708670 0.000572092 127.221885681
-0.011199668 0.082245812 -0.996549070 -13.780580521 -0.115920536 0.989785254 0.082990356 -14.685396194 0.993195355 0.116449967 -0.001551289 127.244071960
-0.012713433 0.078472629 -0.996835232 -14.544322014 -0.119368605 0.989667416 0.079430781 -14.687684059 0.992768645 0.120000660 -0.003214904 127.254600525
-0.013554980 0.080199048 -0.996686697 -15.309218407 -0.124954276 0.988828659 0.081266142 -14.699181557 0.992069900 0.125641808 -0.003382338 127.252189636
-0.015558966 0.083622411 -0.996376038 -16.076877594 -0.121801078 0.988916934 0.084898382 -14.712785721 0.992432594 0.122680619 -0.005201225 127.271575928
-0.017163241 0.083517060 -0.996358573 -16.850118637 -0.120895363 0.989020705 0.084984533 -14.728763580 0.992516935 0.121913753 -0.006877974 127.284797668
-0.018747039 0.082954586 -0.996377110 -17.643972397 -0.123643816 0.988710165 0.084642678 -14.741710663 0.992149591 0.124782652 -0.008278565 127.286956787
-0.019370586 0.082738481 -0.996383011 -18.430913925 -0.128345460 0.988119006 0.084547393 -14.747342110 0.991540372 0.129518971 -0.008521334 127.286972046
-0.020637449 0.087215900 -0.995975673 -19.235301971 -0.130210668 0.987468541 0.089169011 -14.754350662 0.991271555 0.131526887 -0.009022388 127.292427063
-0.020809945 0.091370054 -0.995599568 -20.048263550 -0.128701821 0.987284899 0.093297102 -14.760951996 0.991464972 0.130076990 -0.008785850 127.303306580
-0.020215292 0.093976364 -0.995369196 -20.873863220 -0.130444586 0.986814559 0.095817938 -14.774854660 0.991249502 0.131777525 -0.007690039 127.320510864
-0.018282270 0.092508003 -0.995544136 -21.692010880 -0.129915237 0.987049401 0.094104446 -14.778079033 0.991356611 0.131056786 -0.006027302 127.330696106
-0.017061615 0.092446074 -0.995571494 -22.523502350 -0.130028963 0.987055421 0.093883649 -14.781824112 0.991363466 0.131054953 -0.004820094 127.342002869
-0.017146975 0.091947548 -0.995616198 -23.356132507 -0.128448978 0.987308741 0.093392543 -14.790983200 0.991567850 0.129487261 -0.005118790 127.366569519
-0.016169192 0.093981780 -0.995442510 -24.193298340 -0.129406586 0.987002790 0.095286921 -14.797128677 0.991459787 0.130357578 -0.003797176 127.384368896
-0.015671672 0.096095465 -0.995248675 -25.030906677 -0.131037876 0.986588776 0.097322673 -14.797556877 0.991253495 0.131940499 -0.002869348 127.402725220
-0.015700037 0.098287448 -0.995034218 -25.906656265 -0.133662730 0.986018598 0.099505886 -14.795469284 0.990902483 0.134561226 -0.002343162 127.416381836
-0.014021889 0.099357188 -0.994953036 -26.770694733 -0.135809138 0.985640764 0.100341201 -14.791533470 0.990635753 0.136530682 -0.000326933 127.427833557
-0.012465149 0.102518156 -0.994653046 -27.639989853 -0.142566666 0.984385610 0.103246562 -14.790580750 0.989706635 0.143091366 0.002345159 127.444984436
-0.009855920 0.106390610 -0.994275510 -28.522777557 -0.147349522 0.983314812 0.106678367 -14.785301208 0.989035308 0.147557452 0.005985132 127.458847046
-0.007865239 0.108202949 -0.994097650 -29.397449493 -0.149850816 0.982775152 0.108156137 -14.779457092 0.988677323 0.149817050 0.008484540 127.490936279
-0.004004646 0.109192304 -0.994012594 -30.296644211 -0.149089381 0.982845724 0.108566254 -14.780866623 0.988815546 0.148631543 0.012343464 127.512916565
-0.001417594 0.109143309 -0.994024992 -31.187217712 -0.151684612 0.982500613 0.108094245 -14.774232864 0.988427877 0.150931567 0.015162574 127.543388367
0.001151462 0.112799153 -0.993617117 -32.088798523 -0.152154103 0.982068658 0.111311801 -14.764228821 0.988356113 0.151054755 0.018293669 127.574058533
0.003680533 0.114815265 -0.993380070 -33.006378174 -0.151269168 0.982019246 0.112941720 -14.757126808 0.988485754 0.149852052 0.020982359 127.612617493
0.005454922 0.115969516 -0.993237853 -33.898731232 -0.151769802 0.981842220 0.113805473 -14.752296448 0.988400757 0.150122717 0.022956543 127.654701233
0.008051211 0.114113897 -0.993435144 -34.802352905 -0.153050378 0.981902421 0.111548796 -14.744046211 0.988185585 0.151147559 0.025370682 127.686485291
0.008254413 0.115249842 -0.993302226 -35.710746765 -0.157361254 0.981109083 0.112527408 -14.732846260 0.987506628 0.155378461 0.026234340 127.730293274
0.009325244 0.115816943 -0.993226826 -36.603881836 -0.158092096 0.980948687 0.112900928 -14.727271080 0.987380326 0.155968443 0.027457330 127.768264771
0.009796228 0.112304866 -0.993625522 -37.500923157 -0.158551186 0.981277227 0.109346040 -14.723664284 0.987302184 0.156469285 0.027418885 127.802261353
0.010622628 0.108328268 -0.994058371 -38.407714844 -0.159839362 0.981515706 0.105253339 -14.724873543 0.987085819 0.157771602 0.027741402 127.848068237
0.011218529 0.107592516 -0.994131744 -39.305042267 -0.159525231 0.981653571 0.104441799 -14.718894958 0.987130046 0.157417431 0.028176429 127.890281677
0.011075632 0.111494839 -0.993703246 -40.208843231 -0.162032932 0.980830431 0.108244509 -14.710986137 0.986723244 0.159813747 0.028929153 127.929672241
0.011240096 0.117917717 -0.992959738 -41.137626648 -0.162714615 0.980002642 0.114537105 -14.701105118 0.986609101 0.160281673 0.030202255 127.972770691
0.011448142 0.116572551 -0.993116081 -42.032562256 -0.160412371 0.980532050 0.113246247 -14.700187683 0.986983776 0.158011690 0.029924948 128.019638062
0.012455701 0.106303088 -0.994255722 -42.923683167 -0.159617513 0.981793940 0.102971062 -14.706411362 0.987100363 0.157418057 0.029196765 128.061721802
0.012699733 0.095784612 -0.995321095 -43.842285156 -0.161617756 0.982509732 0.092489563 -14.708835602 0.986771703 0.159686938 0.027958106 128.103378296
0.011644653 0.092751585 -0.995621145 -44.743637085 -0.158360481 0.983293772 0.089751005 -14.716093063 0.987312615 0.156621933 0.026138302 128.150451660
0.011493980 0.102520585 -0.994664490 -45.665714264 -0.150874838 0.983519673 0.099628434 -14.716341019 0.988485992 0.148924723 0.026772335 128.201416016
0.011432592 0.115840726 -0.993202031 -46.611465454 -0.145925179 0.982826531 0.112950861 -14.714170456 0.989229560 0.143641859 0.028140340 128.262893677
0.011462710 0.124974936 -0.992093742 -47.533805847 -0.146139249 0.981715024 0.121979043 -14.705303192 0.989197612 0.143585622 0.029516857 128.309921265
0.011549267 0.119089089 -0.992816508 -48.450065613 -0.146314710 0.982397199 0.116137251 -14.699987411 0.989170730 0.143922329 0.028770454 128.350494385
0.011433920 0.105682470 -0.994334161 -49.378688812 -0.146437615 0.983855069 0.102884799 -14.700901031 0.989153802 0.144431561 0.026725210 128.397125244
0.012093398 0.096832238 -0.995227218 -50.294464111 -0.146909729 0.984671414 0.094020039 -14.700023651 0.989075959 0.145071551 0.026133625 128.441619873
0.012570851 0.096764758 -0.995227873 -51.229953766 -0.145814866 0.984844387 0.093913369 -14.704927444 0.989232063 0.143938482 0.026490076 128.486480713
0.011752419 0.098437272 -0.995073915 -52.167671204 -0.148842081 0.984228373 0.095606484 -14.720384598 0.988791168 0.146985248 0.026218675 128.527404785
0.012531233 0.097705185 -0.995136619 -53.121055603 -0.153806224 0.983559072 0.094631702 -14.723236084 0.988021553 0.151872307 0.027352879 128.565216064
0.012946948 0.097126879 -0.995187819 -54.053054810 -0.155306682 0.983388126 0.093954816 -14.723506927 0.987781346 0.153342918 0.027816337 128.609649658
0.014052597 0.104495801 -0.994426012 -54.998535156 -0.164643452 0.981191278 0.100778438 -14.718761444 0.986252964 0.162309527 0.030992834 128.642074585
0.015523279 0.114114329 -0.993346334 -55.948867798 -0.170340642 0.979244947 0.109832451 -14.714754105 0.985262871 0.167502299 0.034639407 128.680618286
0.016587675 0.122133046 -0.992375135 -56.920635223 -0.170412153 0.978335381 0.117556684 -14.709763527 0.985233188 0.167162761 0.037041266 128.740142822
0.017518442 0.123022057 -0.992249310 -57.863822937 -0.171733752 0.978023529 0.118226305 -14.701223373 0.984987676 0.168331519 0.038260490 128.787261963
0.018814847 0.113222793 -0.993391514 -58.802001953 -0.173401669 0.978880107 0.108284622 -14.695724487 0.984671414 0.170218378 0.038050506 128.840347290
0.019797705 0.108320594 -0.993918896 -59.755092621 -0.171823099 0.979691803 0.103347562 -14.694736481 0.984928906 0.168732181 0.038007628 128.902725220
0.022370612 0.106808633 -0.994027913 -60.703720093 -0.170749068 0.980076134 0.101466805 -14.695375443 0.985060513 0.167459428 0.040162377 128.948913574
0.025503084 0.112643495 -0.993308127 -61.681785583 -0.172415122 0.979236901 0.106621042 -14.691668510 0.984694123 0.168542176 0.044395007 129.013198853
0.029100861 0.114836819 -0.992958069 -62.642673492 -0.175211966 0.978584826 0.108039573 -14.691766739 0.984100580 0.170834109 0.048598442 129.068740845
0.033560500 0.109542586 -0.993415356 -63.592266083 -0.174679473 0.979318798 0.102086991 -14.690454483 0.984053254 0.170103177 0.052001264 129.128051758
0.036152735 0.104085557 -0.993911028 -64.547607422 -0.174636632 0.979915679 0.096267641 -14.699957848 0.983969033 0.170092940 0.053603776 129.199890137
0.039328314 0.104085363 -0.993790567 -65.513916016 -0.171794012 0.980455041 0.095890068 -14.703724861 0.984347522 0.166956082 0.056440879 129.276031494
0.041902587 0.108456492 -0.993217707 -66.491943359 -0.169542298 0.980445743 0.099909030 -14.717004776 0.984631717 0.164205953 0.059471160 129.361389160
0.045243915 0.115312979 -0.992298305 -67.450469971 -0.168868288 0.979903519 0.106173016 -14.718717575 0.984599650 0.162764043 0.063807383 129.442138672
0.047793534 0.119371362 -0.991698682 -68.414787292 -0.166607499 0.979877472 0.109919012 -14.724899292 0.984864354 0.159971029 0.066719972 129.527435303
0.050252743 0.121125840 -0.991364300 -69.399734497 -0.166287452 0.979778051 0.111281015 -14.723462105 0.984795988 0.159259290 0.069378242 129.606414795
0.052143414 0.118224047 -0.991616845 -70.340950012 -0.164874703 0.980360389 0.108212195 -14.720416069 0.984935224 0.157849997 0.070611484 129.688629150
0.052767172 0.116775066 -0.991755545 -71.288032532 -0.162902266 0.980842352 0.106822729 -14.722740173 0.985230207 0.155922487 0.070779197 129.777084351
0.052993052 0.113055304 -0.992174447 -72.229446411 -0.159785494 0.981728792 0.103330746 -14.730016708 0.985728264 0.153059304 0.070089407 129.869644165
0.052989095 0.112843186 -0.992198825 -73.220588684 -0.158313751 0.981978118 0.103225917 -14.721460342 0.985965967 0.151608855 0.069898777 129.950958252
0.052693747 0.117407694 -0.991684854 -74.173797607 -0.154985756 0.981992841 0.108024970 -14.721027374 0.986510396 0.148004800 0.069941409 130.037811279
0.052187331 0.119299538 -0.991485775 -75.136543274 -0.149067506 0.982645988 0.110389642 -14.726685524 0.987448931 0.142037362 0.069065347 130.135131836
0.051627420 0.114547580 -0.992075443 -76.099624634 -0.146339953 0.983544469 0.105947092 -14.709401131 0.987886250 0.139710456 0.067540757 130.214584351
0.050250970 0.110884346 -0.992562234 -77.060295105 -0.148098037 0.983657837 0.102391779 -14.712215424 0.987695217 0.141851187 0.065851510 130.290603638
0.048873361 0.108213000 -0.992925704 -78.008964539 -0.144630879 0.984402657 0.100165181 -14.715674400 0.988277912 0.138712272 0.063762017 130.376327515
0.047397118 0.108928621 -0.992918909 -78.974136353 -0.144625098 0.984309971 0.101080470 -14.717067719 0.988350689 0.138810068 0.062407274 130.449310303
0.047022142 0.109672733 -0.992854893 -79.929107666 -0.145706773 0.984076142 0.101802260 -14.713453293 0.988209665 0.139878735 0.062253423 130.521102905
0.045738619 0.109932877 -0.992886126 -80.883476257 -0.147319660 0.983800888 0.102140486 -14.715306282 0.988030791 0.141599879 0.061192967 130.594131470
0.044264875 0.110678516 -0.992870033 -81.832847595 -0.147044212 0.983741403 0.103105277 -14.716224670 0.988139033 0.141431838 0.059819821 130.664901733
0.042072292 0.111372806 -0.992887735 -82.797424316 -0.147140831 0.983622432 0.104098611 -14.720212936 0.988220394 0.141714692 0.057770737 130.738342285
0.040578984 0.113502994 -0.992708623 -83.753128052 -0.147767290 0.983283818 0.106385089 -14.710727692 0.988189340 0.142372891 0.056672689 130.807739258
0.039089739 0.117132179 -0.992346704 -84.706840515 -0.149058804 0.982677579 0.110119261 -14.702304840 0.988055408 0.143613487 0.055872194 130.868347168
0.037295904 0.122315377 -0.991790295 -85.656509399 -0.150370196 0.981867194 0.115436956 -14.693330765 0.987926066 0.144830376 0.055012211 130.931701660
0.034533765 0.121861935 -0.991946042 -86.609237671 -0.150220290 0.981894732 0.115397319 -14.687495232 0.988049209 0.145025313 0.052214660 131.001174927
0.033511426 0.116811305 -0.992588580 -87.554252625 -0.150329724 0.982436657 0.110541202 -14.683258057 0.988067746 0.145511180 0.050483059 131.062500000
0.031051293 0.111892678 -0.993235052 -88.503204346 -0.154482245 0.982310891 0.105832450 -14.671435356 0.987507522 0.150150940 0.047787447 131.124847412
0.029864606 0.109778360 -0.993507326 -89.446548462 -0.152312264 0.982843101 0.104021527 -14.668686867 0.987881184 0.148216769 0.046072807 131.190475464
0.029520961 0.111040719 -0.993377268 -90.413345337 -0.147905678 0.983355701 0.105525047 -14.671274185 0.988560796 0.143810913 0.045453154 131.243728638
0.028721655 0.112373412 -0.993250787 -91.362167358 -0.144861460 0.983638883 0.107097015 -14.669320107 0.989035010 0.140807763 0.044530313 131.307723999
0.027592272 0.112193562 -0.993303180 -92.315361023 -0.139600724 0.984376311 0.107307427 -14.670456886 0.989823341 0.135704994 0.042823471 131.375122070
0.026272880 0.109382339 -0.993652523 -93.256507874 -0.135412768 0.985223174 0.104874030 -14.673364639 0.990440845 0.131797895 0.040696416 131.440246582
0.025765052 0.106116258 -0.994019806 -94.211433411 -0.130145937 0.986243308 0.101912685 -14.673354149 0.991160035 0.126741856 0.039221209 131.497741699
0.023881314 0.108772784 -0.993779719 -95.188774109 -0.128502563 0.986150920 0.104849763 -14.676658630 0.991421521 0.125199303 0.037528165 131.558609009
0.022433536 0.111205406 -0.993544161 -96.137550354 -0.127854958 0.985953212 0.107468873 -14.675569534 0.991539121 0.124618657 0.036336578 131.617538452
0.021160327 0.108771801 -0.993841529 -97.095657349 -0.123670176 0.986714363 0.105358645 -14.669319153 0.992097735 0.120679133 0.034331024 131.668014526
0.019055935 0.105919935 -0.994192064 -98.043533325 -0.120757550 0.987337053 0.102875017 -14.670690536 0.992499173 0.118095815 0.031605255 131.718795776
0.015493406 0.102947526 -0.994566083 -99.014244080 -0.119402640 0.987758219 0.100382760 -14.663251877 0.992724955 0.117198557 0.027595941 131.774337769
0.012867741 0.102126993 -0.994688153 -99.968887329 -0.113829270 0.988453388 0.100014292 -14.673483849 0.993416965 0.111937687 0.024344206 131.823623657
0.010638019 0.102102198 -0.994717062 -100.927757263 -0.107044004 0.989173234 0.100388363 -14.667629242 0.994197369 0.105410561 0.021452270 131.867187500
0.008349934 0.110172577 -0.993877411 -101.894805908 -0.097294502 0.989285767 0.108846195 -14.669035912 0.995220542 0.095789939 0.018979656 131.927017212
0.005885907 0.118160397 -0.992977023 -102.851837158 -0.089262374 0.989092290 0.117169015 -14.664117813 0.995990813 0.087945841 0.016368983 131.981796265
0.001809944 0.117732160 -0.993043721 -103.809753418 -0.084789835 0.989487350 0.117155999 -14.657621384 0.996397257 0.083987951 0.011773406 132.039093018
0.000087562 0.107696995 -0.994183779 -104.762458801 -0.086077124 0.990494668 0.107289769 -14.658513069 0.996288478 0.085567087 0.009356978 132.065048218
-0.002145456 0.098152258 -0.995169163 -105.708625793 -0.087796211 0.991310060 0.097960912 -14.654974937 0.996136129 0.087582253 0.006490584 132.104232788
-0.002553490 0.099579230 -0.995026410 -106.667701721 -0.094992034 0.990505993 0.099370614 -14.656586647 0.995474756 0.094773307 0.006929987 132.125167847
-0.003074161 0.109024234 -0.994034350 -107.633216858 -0.098334588 0.989188254 0.108796850 -14.646299362 0.995148659 0.098082408 0.007679930 132.158401489
-0.004580496 0.120473586 -0.992706060 -108.596389771 -0.102408364 0.987440467 0.120307103 -14.635254860 0.994731843 0.102212459 0.007814535 132.187774658
-0.005920286 0.122187696 -0.992489338 -109.543548584 -0.109372132 0.986473203 0.122099459 -14.624099731 0.993983209 0.109273538 0.007523725 132.217758179
-0.005829612 0.119004950 -0.992876530 -110.519302368 -0.116512172 0.986050010 0.118870825 -14.605522156 0.993172169 0.116375186 0.008117238 132.240783691
-0.006039474 0.115101010 -0.993335366 -111.473724365 -0.124592796 0.985526383 0.114953659 -14.593289375 0.992189527 0.124456696 0.008388695 132.265258789
-0.003686936 0.116958514 -0.993129909 -112.441604614 -0.129187077 0.984758615 0.116452239 -14.573345184 0.991613448 0.128728911 0.011478787 132.288269043
-0.002420513 0.118162356 -0.992991328 -113.420104980 -0.137142852 0.983572364 0.117375836 -14.556963921 0.990548313 0.136465758 0.013824368 132.315841675
-0.001954308 0.120800570 -0.992674887 -114.383361816 -0.146323279 0.981957793 0.119784445 -14.540262222 0.989234805 0.145485535 0.015756885 132.337768555
-0.001620954 0.123014092 -0.992403626 -115.358673096 -0.151829243 0.980869353 0.121832356 -14.519551277 0.988405406 0.150873348 0.017087191 132.364761353
-0.001976353 0.122451104 -0.992472529 -116.329879761 -0.155165538 0.980416536 0.121272609 -14.512763977 0.987886429 0.154237241 0.017062543 132.416564941
-0.000523945 0.112949833 -0.993600547 -117.284812927 -0.154146045 0.981716096 0.111680120 -14.515200615 0.988047957 0.153218120 0.016896404 132.450119019
0.000835661 0.101434872 -0.994841754 -118.234695435 -0.156872794 0.982538164 0.100048594 -14.507797241 0.987618446 0.155980006 0.016733438 132.488906860
