1.000000000 0.000000000 0.000000000 0.000000000 0.000000000 1.000000000 0.000000000 0.000000000 0.000000000 0.000000000 1.000000000 0.000000000
0.999997795 -0.001604888 -0.001340026 0.049064189 0.001602006 0.999996424 -0.002148961 -0.132860631 0.001343470 0.002146810 0.999996781 1.298058152
0.999997795 -0.000016023 -0.002102904 0.104184359 0.000002612 0.999979675 -0.006377297 -0.266721815 0.002102963 0.006377276 0.999977410 2.605052471
0.999996245 0.002425006 -0.001271879 0.147324696 -0.002435094 0.999965131 -0.007990948 -0.404683471 0.001252457 0.007994017 0.999967217 3.909220219
0.999983728 0.005696538 0.000225261 0.192648798 -0.005694872 0.999960542 -0.006812344 -0.542163372 -0.000264058 0.006810951 0.999976814 5.222866535
0.999976039 0.006487442 0.002404343 0.242134899 -0.006479736 0.999973893 -0.003198899 -0.691017210 -0.002425033 0.003183243 0.999991953 6.540764332
0.999961078 0.006746827 0.005689909 0.299478471 -0.006735672 0.999975383 -0.001977363 -0.827989757 -0.005703109 0.001938960 0.999981880 7.843351364
0.999943078 0.005310100 0.009254702 0.351161480 -0.005293158 0.999984264 -0.001854154 -0.960092425 -0.009264405 0.001805062 0.999955416 9.148548126
0.999912024 0.004087925 0.012624010 0.428763598 -0.004065693 0.999990106 -0.001786388 -1.096642256 -0.012631188 0.001734906 0.999918759 10.448643684
0.999866426 0.002946846 0.016073737 0.491771400 -0.002906902 0.999992609 -0.002507841 -1.235581279 -0.016081005 0.002460782 0.999867618 11.754348755
0.999813259 0.001736103 0.019251406 0.570661545 -0.001671074 0.999992907 -0.003393429 -1.371125579 -0.019257158 0.003360625 0.999808908 13.049032211
0.999740064 0.001814827 0.022727359 0.639290810 -0.001742213 0.999993265 -0.003214376 -1.519434333 -0.022733040 0.003173944 0.999736547 14.369028091
0.999658883 0.001625062 0.026065698 0.724167883 -0.001511532 0.999989331 -0.004374657 -1.656603336 -0.026072526 0.004333766 0.999650657 15.662397385
0.999559700 0.002887668 0.029531490 0.800114989 -0.002762694 0.999987066 -0.004271828 -1.794824600 -0.029543448 0.004188360 0.999554634 16.965465546
0.999460638 0.002517026 0.032742213 0.891122639 -0.002390267 0.999989510 -0.003910001 -1.933711767 -0.032751705 0.003829630 0.999456167 18.251094818
0.999395192 0.000925505 0.034765571 0.993253231 -0.000797606 0.999992847 -0.003692576 -2.075872660 -0.034768745 0.003662613 0.999388695 19.552175522
0.999335587 -0.001548658 0.036413230 1.091416121 0.001725987 0.999986827 -0.004838953 -2.218280315 -0.036405258 0.004898587 0.999325097 20.827753067
0.999297023 -0.001329134 0.037466664 1.192031384 0.001574657 0.999977410 -0.006524361 -2.361400604 -0.037457153 0.006578771 0.999276578 22.135232925
0.999246657 -0.001116965 0.038794365 1.274065614 0.001474634 0.999956727 -0.009192233 -2.503846884 -0.038782407 0.009242515 0.999204934 23.420692444
0.999212742 -0.000648662 0.039666194 1.377753019 0.001074419 0.999942183 -0.010713147 -2.646663189 -0.039656948 0.010747332 0.999155581 24.703907013
0.999173522 -0.000120063 0.040647533 1.483083248 0.000583460 0.999934971 -0.011388701 -2.793608189 -0.040643524 0.011403005 0.999108672 25.970067978
0.999152482 -0.001692317 0.041126542 1.579266191 0.002116421 0.999944985 -0.010270828 -2.940513611 -0.041106910 0.010349167 0.999101162 27.261690140
0.999147594 -0.004685946 0.041013140 1.683544397 0.005060955 0.999946177 -0.009044612 -3.088448524 -0.040968556 0.009244467 0.999117672 28.539693832
0.999173880 -0.006146402 0.040170670 1.778643608 0.006538403 0.999932230 -0.009634306 -3.232635260 -0.040108725 0.009888999 0.999146402 29.830043793
0.999196827 -0.007863006 0.039291665 1.885544181 0.008348143 0.999890745 -0.012198320 -3.377332211 -0.039191455 0.012516535 0.999153316 31.098583221
0.999223530 -0.008025009 0.038573056 1.990789890 0.008505789 0.999887943 -0.012316203 -3.525868893 -0.038469907 0.012634735 0.999179840 32.383235931
0.999236584 -0.008655137 0.038096670 2.087116718 0.009141291 0.999878764 -0.012605430 -3.670698643 -0.037982948 0.012944059 0.999194622 33.647087097
0.999248326 -0.009086787 0.037685238 2.182311535 0.009578234 0.999871135 -0.012880784 -3.812311172 -0.037563335 0.013232058 0.999206603 34.911674500
0.999258399 -0.009421052 0.037333641 2.273519039 0.009931609 0.999859333 -0.013513737 -3.955826044 -0.037201077 0.013874499 0.999211490 36.171390533
0.999301672 -0.010267716 0.035926983 2.387571335 0.010754665 0.999852479 -0.013387001 -4.117579460 -0.035784230 0.013764032 0.999264777 37.460292816
0.999300063 -0.009966239 0.036056455 2.478957653 0.010390945 0.999878585 -0.011610774 -4.263278484 -0.035936359 0.011977308 0.999282300 38.722919464
0.999267399 -0.010041308 0.036928099 2.579976082 0.010435974 0.999890447 -0.010510246 -4.405082226 -0.036818508 0.010887928 0.999262631 39.986797333
0.999195337 -0.011779569 0.038338181 2.697154045 0.012120757 0.999888957 -0.008679193 -4.549520493 -0.038231682 0.009136897 0.999227107 41.238605499
0.999071240 -0.012883421 0.041118354 2.785237789 0.013302670 0.999862134 -0.009938912 -4.695879459 -0.040984642 0.010476664 0.999104798 42.499816895
0.998946071 -0.014067986 0.043688975 2.879291534 0.014654609 0.999806345 -0.013136147 -4.844649315 -0.043495715 0.013762546 0.998958766 43.751789093
0.998848975 -0.015203541 0.045495082 2.991387129 0.015870485 0.999771416 -0.014334540 -4.987648964 -0.045266744 0.015040072 0.998861730 45.016174316
0.998718739 -0.015484086 0.048177600 3.115958214 0.016132016 0.999784231 -0.013089058 -5.121406555 -0.047964524 0.013849490 0.998753071 46.251476288
0.998530507 -0.016541725 0.051605459 3.228662491 0.017063977 0.999807358 -0.009695928 -5.277635574 -0.051435128 0.010562276 0.998620629 47.520000458
0.998246312 -0.019477943 0.055901479 3.340494633 0.019923594 0.999773860 -0.007425869 -5.419832230 -0.055744197 0.008526606 0.998408675 48.749446869
0.998026133 -0.021651646 0.058949683 3.480039120 0.022161420 0.999722362 -0.008007504 -5.558264256 -0.058759931 0.009298108 0.998228967 49.999076843
0.997752964 -0.025041545 0.062144116 3.624147415 0.025823541 0.999596775 -0.011812394 -5.695104599 -0.061823249 0.013390634 0.997997284 51.233158112
0.997456729 -0.026418392 0.066197284 3.752743006 0.027264815 0.999557257 -0.011915537 -5.830960751 -0.065853171 0.013690087 0.997735381 52.463840485
0.997102737 -0.028858982 0.070379861 3.882342815 0.029598067 0.999516964 -0.009480984 -5.968905449 -0.070072241 0.011536621 0.997475147 53.682743073
0.996832132 -0.031543087 0.073011950 4.039743900 0.032063503 0.999467969 -0.005966412 -6.106122494 -0.072784923 0.008288531 0.997313201 54.890071869
0.996608019 -0.034225743 0.074840121 4.193858147 0.034642022 0.999390721 -0.004270788 -6.236033440 -0.074648336 0.006848915 0.997186363 56.110301971
0.996392310 -0.037398349 0.076180637 4.343359947 0.037603650 0.999291956 -0.001261831 -6.359991550 -0.076079480 0.004121949 0.997093260 57.317852020
0.996238947 -0.040398616 0.076655306 4.499702930 0.040510967 0.999179065 0.000089356 -6.485172272 -0.076595984 0.003016361 0.997057676 58.522281647
0.996163726 -0.042474717 0.076508924 4.641209602 0.042830955 0.999077678 -0.003020609 -6.613776207 -0.076310053 0.006285971 0.997064292 59.727390289
0.996178567 -0.043617565 0.075667746 4.790415287 0.044298194 0.998991370 -0.007339165 -6.740868568 -0.075271308 0.010663062 0.997106016 60.914745331
0.996193171 -0.045000944 0.074660055 4.922864914 0.045959860 0.998880804 -0.011174921 -6.872604370 -0.074073598 0.014563745 0.997146428 62.117301941
0.996240854 -0.046413679 0.073142290 5.065920830 0.047539260 0.998775065 -0.013723006 -7.003962040 -0.072415754 0.017148552 0.997227073 63.306472778
0.996372879 -0.046831500 0.071048528 5.205399990 0.047945358 0.998751044 -0.014053036 -7.135600090 -0.070301659 0.017408509 0.997373879 64.492561340
0.996591806 -0.046317764 0.068259463 5.339666367 0.047343861 0.998787642 -0.013491289 -7.270376205 -0.067551821 0.016676974 0.997576356 65.668922424
0.996858537 -0.045198057 0.065042064 5.462025166 0.046023052 0.998877227 -0.011241348 -7.415044785 -0.064460956 0.014199465 0.997819126 66.860313416
0.997240961 -0.041496355 0.061551742 5.580214977 0.042045396 0.999086380 -0.007651175 -7.544763565 -0.061178003 0.010218032 0.998074532 68.036094666
0.997476220 -0.039853673 0.058759846 5.690339088 0.040252946 0.999173701 -0.005626429 -7.667181015 -0.058487043 0.007977486 0.998256266 69.198768616
0.997752726 -0.038313109 0.054969195 5.817450523 0.038817637 0.999213159 -0.008139975 -7.818433285 -0.054614082 0.010255455 0.998454869 70.408020020
0.997940063 -0.038637180 0.051213522 5.928438663 0.039425883 0.999117553 -0.014480315 -7.950561523 -0.050608855 0.016469626 0.998582780 71.566322327
0.997995913 -0.042164914 0.047185585 6.038413048 0.043051090 0.998912096 -0.017924201 -8.084454536 -0.046378482 0.019919667 0.998725295 72.740562439
0.998007774 -0.046034552 0.043142721 6.160127163 0.046660636 0.998817980 -0.013618728 -8.215367317 -0.042464796 0.015604663 0.998976052 73.933273315
0.998001575 -0.049742289 0.038967907 6.263705254 0.050110389 0.998707354 -0.008526739 -8.343567848 -0.038493395 0.010462397 0.999204099 75.090721130
0.998040378 -0.052416921 0.034172624 6.360050678 0.052634027 0.998598754 -0.005484039 -8.475707054 -0.033837285 0.007271935 0.999400854 76.277038574
0.998218298 -0.051546857 0.030052118 6.448856354 0.051661599 0.998659968 -0.003054024 -8.599882126 -0.029854422 0.004601124 0.999543607 77.436500549
0.998358011 -0.051043808 0.025994420 6.545159817 0.051160045 0.998683095 -0.003825957 -8.707661629 -0.025764897 0.005149552 0.999654651 78.596710205
0.998470187 -0.050097998 0.023399372 6.604359627 0.050226171 0.998725712 -0.004922112 -8.846632957 -0.023122970 0.006089843 0.999714017 79.778892517
0.998655260 -0.047769826 0.020145981 6.679589272 0.047975484 0.998799860 -0.009851402 -8.975558281 -0.019651204 0.010804666 0.999748468 80.924057007
0.998561919 -0.051077913 0.016283739 6.765685081 0.051317230 0.998575151 -0.014634013 -9.116050720 -0.015513066 0.015448604 0.999760270 82.088104248
0.998409688 -0.054687772 0.013695289 6.832315445 0.054905329 0.998362660 -0.016047575 -9.244817734 -0.012795261 0.016773997 0.999777436 83.235763550
0.998451710 -0.054807454 0.009502918 6.895146370 0.054923452 0.998413444 -0.012407742 -9.372734070 -0.008807805 0.012910464 0.999877870 84.389137268
0.998444080 -0.055306725 0.007104107 6.953034878 0.055374902 0.998417556 -0.009788509 -9.500306129 -0.006551494 0.010166669 0.999926865 85.520980835
0.998574436 -0.052983265 0.006473714 7.004234791 0.053056609 0.998522580 -0.011738942 -9.627038956 -0.005842182 0.012065682 0.999910116 86.666267395
0.998788536 -0.048906215 0.005429003 7.059046745 0.048982166 0.998688877 -0.014873347 -9.759139061 -0.004694487 0.015121253 0.999874592 87.801330566
0.998851597 -0.047732100 0.004140331 7.111511230 0.047796991 0.998706698 -0.017324060 -9.891032219 -0.003308063 0.017502060 0.999841332 88.919448853
0.998783469 -0.049204301 0.003225219 7.168541431 0.049253717 0.998630464 -0.017638389 -10.024616241 -0.002352918 0.017775787 0.999839246 90.033203125
0.998759866 -0.049708705 0.002792945 7.204367638 0.049746014 0.998642802 -0.015425390 -10.160959244 -0.002022378 0.015545198 0.999877095 91.165008545
0.998668611 -0.051555738 0.001719554 7.262083054 0.051573370 0.998589575 -0.012616248 -10.287071228 -0.001066689 0.012688138 0.999918818 92.274940491
0.998686314 -0.051212419 0.001674321 7.310333252 0.051228970 0.998613775 -0.012094694 -10.413105011 -0.001052601 0.012164583 0.999925375 93.414657593
0.998673260 -0.051470518 0.001570515 7.354294777 0.051487524 0.998575151 -0.014025056 -10.549159050 -0.000846400 0.014087310 0.999900341 94.546638489
0.998671770 -0.051514111 0.001012820 7.411943913 0.051523961 0.998516917 -0.017587155 -10.676818848 -0.000105332 0.017615981 0.999844790 95.646324158
0.998614371 -0.052621514 0.000470191 7.466302872 0.052621268 0.998445928 -0.018351091 -10.811477661 0.000496202 0.018350407 0.999831498 96.750450134
0.998611152 -0.052668788 0.001260399 7.508750916 0.052682821 0.998456538 -0.017575452 -10.937234879 -0.000332776 0.017617447 0.999844730 97.812034607
0.998626113 -0.052373044 0.001714408 7.560271740 0.052389737 0.998556316 -0.011846379 -11.059915543 -0.001091503 0.011919921 0.999928355 98.901420593
0.998723507 -0.050426774 0.002909985 7.611851692 0.050450798 0.998687088 -0.008879027 -11.177862167 -0.002458423 0.009014506 0.999956369 99.971397400
0.998794556 -0.048837803 0.004930628 7.666961193 0.048880845 0.998763919 -0.009024079 -11.289534569 -0.004483816 0.009254214 0.999947190 101.018257141
0.998873770 -0.046982896 0.006621888 7.722001076 0.047050025 0.998838663 -0.010375281 -11.418797493 -0.006126737 0.010675156 0.999924242 102.065322876
0.998846412 -0.047157958 0.009056087 7.776334763 0.047272466 0.998799145 -0.012876382 -11.536034584 -0.008437986 0.013289632 0.999876022 103.080711365
0.998759806 -0.048675161 0.010477908 7.845428467 0.048813969 0.998717666 -0.013426954 -11.654958725 -0.009810911 0.013921767 0.999854922 104.091247559
0.998660803 -0.050202027 0.012505189 7.904019356 0.050360855 0.998650014 -0.012727304 -11.773743629 -0.011849373 0.013340034 0.999840736 105.089233398
0.998641670 -0.050092936 0.014334971 7.963780403 0.050253272 0.998675346 -0.011052025 -11.888555527 -0.013762354 0.011757392 0.999836087 106.048645020
0.998566091 -0.051224936 0.015550381 8.025136948 0.051384404 0.998628557 -0.010034375 -11.993568420 -0.015015043 0.010819033 0.999828756 107.004730225
0.998501301 -0.051868130 0.017461644 8.083293915 0.052054290 0.998590350 -0.010380452 -12.100341797 -0.016898615 0.011273850 0.999793708 107.923767090
0.998468220 -0.051913556 0.019133354 8.144692421 0.052083071 0.998606861 -0.008470339 -12.202889442 -0.018666970 0.009453889 0.999781072 108.829902649
0.998478174 -0.051007103 0.020969968 8.203003883 0.051149525 0.998671114 -0.006312076 -12.300676346 -0.020620139 0.007375075 0.999760151 109.701377869
0.998462558 -0.050835028 0.022096431 8.267291069 0.050912745 0.998698711 -0.002969104 -12.403835297 -0.021916742 0.004089530 0.999751389 110.561584473
0.998424172 -0.050943833 0.023535434 8.329215050 0.051026091 0.998693109 -0.002906961 -12.495260239 -0.023356583 0.004103301 0.999718726 111.387130737
0.998437822 -0.049947161 0.025043661 8.374649048 0.050019965 0.998745620 -0.002288579 -12.583198547 -0.024897937 0.003537687 0.999683738 112.197479248
0.998529136 -0.047761209 0.025660377 8.425498009 0.047826808 0.998853743 -0.001947919 -12.663431168 -0.025537927 0.003172307 0.999668837 112.973091125
0.998670936 -0.044893619 0.025314428 8.465337753 0.044883903 0.998991728 0.000952368 -12.740024567 -0.025331657 0.000185108 0.999679089 113.730186462
0.998750925 -0.045101024 0.021504153 8.523618698 0.045067851 0.998981833 0.002024966 -12.824226379 -0.021573588 -0.001053291 0.999766648 114.473876953
0.998862267 -0.045199815 0.015204780 8.557950020 0.045169331 0.998976707 0.002342753 -12.899774551 -0.015295113 -0.001653297 0.999881625 115.169593811
0.999042034 -0.043458078 0.005132969 8.580379486 0.043452568 0.999054849 0.001181163 -12.975178719 -0.005179448 -0.000956991 0.999986112 115.838577271
0.999141574 -0.040493593 -0.008743249 8.579222679 0.040479343 0.999178708 -0.001801136 -13.042697906 0.008809004 0.001445669 0.999960184 116.483238220
0.998841345 -0.039344862 -0.027711639 8.579405785 0.039246336 0.999221206 -0.004090835 -13.111938477 0.027851013 0.002998514 0.999607563 117.094436646
0.998034775 -0.037628334 -0.050107010 8.546834946 0.037360266 0.999282122 -0.006276039 -13.182309151 0.050307199 0.004391694 0.998724103 117.680870056
0.996307135 -0.036119401 -0.077893764 8.505974770 0.035615630 0.999334812 -0.007847345 -13.252378464 0.078125395 0.005044130 0.996930659 118.252029419
0.993367553 -0.034010697 -0.109836839 8.431232452 0.033096850 0.999400854 -0.010132968 -13.315481186 0.110115640 0.006430509 0.993897915 118.798400879
0.989008784 -0.029003704 -0.144984066 8.321647644 0.027625300 0.999552071 -0.011511907 -13.382799149 0.145253018 0.007380147 0.989367008 119.336387634
0.982722878 -0.023375804 -0.183600515 8.210950851 0.021733835 0.999703825 -0.010950641 -13.442808151 0.183802098 0.006771103 0.982939959 119.848800659
0.974173248 -0.018012628 -0.225082383 8.069818497 0.016445844 0.999825835 -0.008834029 -13.500746727 0.225202262 0.004904205 0.974299729 120.352310181
0.962838054 -0.013363835 -0.269748479 7.896364212 0.011803090 0.999902964 -0.007407161 -13.557712555 0.269821316 0.003948032 0.962902308 120.846809387
0.948568583 -0.007327788 -0.316486835 7.706493378 0.005108757 0.999956191 -0.007840637 -13.615336418 0.316530436 0.005820526 0.948564529 121.310287476
0.931005478 0.000609786 -0.365004599 7.478130341 -0.004007719 0.999955416 -0.008551814 -13.672986984 0.364983141 0.009424622 0.930966437 121.793502808
0.910030663 0.005314285 -0.414506882 7.220458984 -0.010244986 0.999900699 -0.009672920 -13.721237183 0.414414346 0.013049271 0.909994721 122.220191956
0.884853303 0.009584962 -0.465771079 6.954288483 -0.015218619 0.999849439 -0.008336122 -13.775300026 0.465621114 0.014464639 0.884865940 122.633140564
0.855514050 0.012491532 -0.517628849 6.679115295 -0.019743320 0.999768913 -0.008504244 -13.814176559 0.517403066 0.017495213 0.855562985 123.035278320
0.824299276 0.022520149 -0.565706313 6.341098785 -0.030972045 0.999506056 -0.005340599 -13.864264488 0.565306544 0.021923330 0.824589550 123.401214600
0.790167809 0.035611648 -0.611855090 5.999870300 -0.043676466 0.999044180 0.001742033 -13.911382675 0.611332297 0.025347168 0.790968001 123.753524780
0.754100025 0.044247240 -0.655267477 5.642662048 -0.054798879 0.998487830 0.004359292 -13.951224327 0.654469430 0.032620572 0.755384445 124.071907043
0.714335620 0.048082899 -0.698149562 5.273410797 -0.061870798 0.998069286 0.005433730 -13.998388290 0.697062850 0.039313558 0.715931416 124.367767334
0.671985149 0.050047956 -0.738871634 4.894241333 -0.064756237 0.997863233 0.008696756 -14.046105385 0.737728059 0.042002462 0.673790097 124.649124146
0.628093898 0.053449117 -0.776299655 4.486194611 -0.068142921 0.997583508 0.013551219 -14.079542160 0.775148034 0.044387877 0.630218327 124.918968201
0.583155394 0.062093932 -0.809983969 4.061656952 -0.079390742 0.996657729 0.019246379 -14.110832214 0.808471978 0.053081594 0.586135983 125.146606445
0.537589848 0.070857525 -0.840223908 3.618545532 -0.090815485 0.995532215 0.025849614 -14.134977341 0.838301599 0.062408853 0.541622877 125.356307983
0.490247607 0.075864725 -0.868275166 3.166267395 -0.096251704 0.994823813 0.032575924 -14.163513184 0.866252184 0.067602709 0.495012045 125.559806824
0.443495154 0.077090167 -0.892955303 2.698146820 -0.096233815 0.994630277 0.038072448 -14.184753418 0.891095459 0.069047533 0.448532492 125.736961365
0.396565169 0.078792281 -0.914618969 2.225299835 -0.093827330 0.994570971 0.044997849 -14.206159592 0.913199127 0.067971669 0.401805043 125.904060364
0.350493252 0.081664085 -0.932998121 1.731990814 -0.095366538 0.994125068 0.051188748 -14.229062080 0.931697130 0.071035475 0.356222183 126.053283691
0.306639194 0.084757589 -0.948044598 1.229389191 -0.100797795 0.993318200 0.056202747 -14.248041153 0.946473598 0.078326844 0.313133597 126.169204712
0.265112311 0.086443953 -0.960334778 0.706575394 -0.105789252 0.992568195 0.060140997 -14.265307426 0.958396614 0.085648969 0.272286892 126.273979187
0.226125732 0.083059989 -0.970550478 0.180311203 -0.106276840 0.992513895 0.060178488 -14.281938553 0.968283236 0.089539133 0.233260244 126.367645264
0.191731885 0.077860922 -0.978353977 -0.358215332 -0.101259053 0.993097723 0.059190139 -14.299247742 0.976209760 0.087718546 0.198292643 126.453521729
0.161303878 0.072894022 -0.984209061 -0.912225723 -0.098644070 0.993465245 0.057412606 -14.318155289 0.981962502 0.087825507 0.167440295 126.532524109
0.134034827 0.071160555 -0.988418341 -1.470161438 -0.099106416 0.993380427 0.058078442 -14.340778351 0.986008346 0.090174064 0.140200093 126.613494873
0.111844599 0.070363790 -0.991231441 -2.051949501 -0.100344196 0.993191183 0.059180669 -14.357336998 0.988646507 0.092845283 0.118143678 126.678482056
0.093755335 0.071575999 -0.993019044 -2.659486771 -0.102601238 0.992796421 0.061872911 -14.369005203 0.990294337 0.096084081 0.100423753 126.724227905
0.077282831 0.070144780 -0.994538546 -3.261285782 -0.103505000 0.992696464 0.061971769 -14.395968437 0.991622031 0.098150358 0.083978742 126.779281616
0.063682653 0.069146290 -0.995571852 -3.885807037 -0.103175327 0.992707193 0.062347632 -14.423375130 0.992622435 0.098747991 0.070352413 126.821495056
0.050962720 0.066469237 -0.996486068 -4.532229424 -0.096985325 0.993396044 0.061303061 -14.446787834 0.993980229 0.093520336 0.057072695 126.880950928
0.038858026 0.063851997 -0.997202635 -5.179811478 -0.094667137 0.993702948 0.059939016 -14.465074539 0.994750381 0.092073187 0.044658016 126.922821045
0.027999420 0.063518293 -0.997587800 -5.838184357 -0.094113611 0.993713617 0.060630105 -14.486736298 0.995167673 0.092188977 0.033801340 126.958068848
0.019209169 0.064859830 -0.997709513 -6.509312630 -0.097687446 0.993240833 0.062688529 -14.508745193 0.995031774 0.096259497 0.025415320 126.966583252
0.010546107 0.064151287 -0.997884393 -7.211817741 -0.100410804 0.992963791 0.062773757 -14.532581329 0.994890153 0.099536374 0.016913382 126.988533020
0.004189113 0.063595541 -0.997966886 -7.898684978 -0.103022844 0.992692828 0.062826991 -14.554303169 0.994670093 0.102550194 0.010710295 127.005020142
-0.001431495 0.064938471 -0.997888207 -8.593653679 -0.103609391 0.992509067 0.064737037 -14.576780319 0.994617105 0.103483260 0.005307461 127.022781372
-0.004678216 0.067088127 -0.997736037 -9.320125580 -0.105396666 0.992156625 0.067207128 -14.594174385 0.994419277 0.105472468 0.002429341 127.040351868
-0.005516069 0.070684865 -0.997483432 -10.038010597 -0.107778803 0.991645873 0.070867211 -14.615814209 0.994159639 0.107898489 0.002148344 127.052673340
-0.006677994 0.074363180 -0.997208893 -10.771136284 -0.110579349 0.991060138 0.074645184 -14.633667946 0.993844867 0.110769190 0.001604738 127.066017151
-0.008197346 0.079692461 -0.996785820 -11.500370026 -0.115180865 0.990109265 0.080105916 -14.643365860 0.993310690 0.115467288 0.001062776 127.079429626
-0.009300685 0.083123602 -0.996495843 -12.238549232 -0.118084274 0.989474773 0.083640069 -14.655934334 0.992960036 0.118448384 0.000612798 127.094268799
-0.010846927 0.083911151 -0.996414185 -12.982322693 -0.117504574 0.989461780 0.084604815 -14.674529076 0.993013084 0.118000939 -0.000872678 127.111396790
-0.011843832 0.080580309 -0.996677756 -13.755033493 -0.115802996 0.989930391 0.081410885 -14.693256378 0.993201613 0.116382517 -0.002393127 127.125640869
-0.013615529 0.077246755 -0.996919036 -14.508066177 -0.119535178 0.989735842 0.078322724 -14.699711800 0.992736578 0.120233312 -0.004242072 127.137954712
-0.014648561 0.078972697 -0.996769130 -15.280792236 -0.124382906 0.988989055 0.080184229 -14.710735321 0.992126167 0.125155628 -0.004664413 127.136711121
-0.016002299 0.082146987 -0.996491730 -16.051574707 -0.121453755 0.989079893 0.083486363 -14.725778580 0.992468119 0.122363649 -0.005850492 127.150527954
-0.018098591 0.082190551 -0.996452272 -16.825857162 -0.120241001 0.989203453 0.083776593 -14.741786003 0.992579758 0.121330641 -0.008020516 127.165550232
-0.018335462 0.081638314 -0.996493399 -17.614164352 -0.123808175 0.988804758 0.083286501 -14.753289223 0.992136776 0.124901116 -0.008022702 127.159927368
-0.019814910 0.081082709 -0.996510327 -18.408956528 -0.127540171 0.988358200 0.082955435 -14.764868736 0.991635442 0.128738865 -0.009242930 127.174697876
-0.021194022 0.085317366 -0.996128440 -19.205789566 -0.129422694 0.987734497 0.087352097 -14.770828247 0.991363049 0.130772918 -0.009892066 127.184356689
-0.022017879 0.090086482 -0.995690584 -20.009284973 -0.128654510 0.987395942 0.092180982 -14.784290314 0.991444945 0.130129710 -0.010150335 127.199707031
-0.020500071 0.092526123 -0.995499194 -20.840984344 -0.129875392 0.987025082 0.094412997 -14.791252136 0.991318405 0.131226331 -0.008217217 127.206092834
-0.018593032 0.091461904 -0.995634973 -21.659442902 -0.129302412 0.987224698 0.093103975 -14.799608231 0.991430879 0.130469099 -0.006529256 127.216590881
-0.017654348 0.091644928 -0.995635152 -22.490798950 -0.129239127 0.987227380 0.093162663 -14.806249619 0.991456330 0.130319759 -0.005584744 127.229995728
-0.017507717 0.090450831 -0.995746970 -23.314859390 -0.127420023 0.987577617 0.091949083 -14.811077118 0.991694272 0.128487945 -0.005764987 127.252662659
-0.016786311 0.092489503 -0.995572150 -24.152336121 -0.128298834 0.987281919 0.093882576 -14.818090439 0.991593480 0.129306704 -0.004706522 127.272705078
-0.016469367 0.094332933 -0.995404482 -24.991514206 -0.129951909 0.986893296 0.095676459 -14.818509102 0.991383493 0.130930424 -0.003994763 127.291191101
-0.016046863 0.097032383 -0.995151818 -25.866304398 -0.132926971 0.986238420 0.098306723 -14.821437836 0.990995944 0.133860067 -0.002927812 127.299934387
-0.014448572 0.098168813 -0.995064855 -26.729589462 -0.135073289 0.985855103 0.099221513 -14.819160461 0.990730286 0.135840267 -0.000984211 127.312286377
-0.012607222 0.101424083 -0.994763494 -27.600166321 -0.141756058 0.984613299 0.102185756 -14.820469856 0.989821374 0.142302021 0.001964241 127.326286316
-0.010494238 0.105049238 -0.994411647 -28.481510162 -0.146394610 0.983589709 0.105450943 -14.815242767 0.989170611 0.146683142 0.005056618 127.342399597
-0.008446605 0.106796198 -0.994245052 -29.356363297 -0.148822412 0.983073056 0.106860489 -14.809492111 0.988827884 0.148868576 0.007590039 127.373039246
-0.004693222 0.107962415 -0.994143903 -30.251689911 -0.147935763 0.983140945 0.107465893 -14.813353539 0.988985837 0.147573799 0.011357406 127.395942688
-0.001973127 0.107832521 -0.994167089 -31.144155502 -0.150435373 0.982823253 0.106900655 -14.806791306 0.988617837 0.149768829 0.014282584 127.424125671
0.000356283 0.111881092 -0.993721545 -32.044891357 -0.151112854 0.982316256 0.110542804 -14.801696777 0.988516331 0.150124699 0.017256653 127.455902100
0.002736333 0.113900334 -0.993488371 -32.967479706 -0.150196433 0.982268870 0.112200342 -14.797602654 0.988652408 0.148911372 0.019795235 127.495216370
0.004571090 0.115121052 -0.993340969 -33.860836029 -0.150847390 0.982063591 0.113119923 -14.793268204 0.988546550 0.149325833 0.021854814 127.535728455
0.006875272 0.113336779 -0.993532896 -34.762187958 -0.152166277 0.982104242 0.110980093 -14.787159920 0.988331079 0.150419176 0.023998272 127.569000244
0.007309530 0.114601322 -0.993384659 -35.674011230 -0.156821862 0.981250346 0.112047523 -14.777402878 0.987599850 0.154965386 0.025144467 127.607208252
0.008459701 0.115238696 -0.993301749 -36.567913055 -0.157628387 0.981071949 0.112477362 -14.772737503 0.987462282 0.155621037 0.026464462 127.643989563
0.008740568 0.111833714 -0.993688524 -37.464996338 -0.157993987 0.981398702 0.109060869 -14.770120621 0.987401366 0.156043574 0.026247041 127.680343628
0.009347306 0.107682794 -0.994141281 -38.372261047 -0.159121037 0.981677055 0.104836568 -14.771563530 0.987214804 0.157208890 0.026310636 127.724205017
0.009764759 0.106851362 -0.994227052 -39.268604279 -0.158727244 0.981833994 0.103960499 -14.765947342 0.987274170 0.156795785 0.026547596 127.766914368
0.009776971 0.110884070 -0.993785262 -40.172760010 -0.161390781 0.980977893 0.107867286 -14.758609772 0.986842155 0.159333169 0.027486661 127.803756714
0.010132665 0.117331266 -0.993041158 -41.105869293 -0.162167981 0.980138183 0.114152044 -14.748664856 0.986711264 0.159882829 0.028958790 127.837677002
0.010560704 0.115928307 -0.993201554 -42.001533508 -0.160092831 0.980640352 0.112759903 -14.747262955 0.987045527 0.157813594 0.028915547 127.881332397
0.011236467 0.105715260 -0.994333029 -42.891616821 -0.159274399 0.981889248 0.102592386 -14.753835678 0.987170398 0.157219008 0.027870700 127.925239563
0.011492566 0.095086493 -0.995402813 -43.822475433 -0.160654515 0.982711852 0.092019342 -14.757703781 0.986943722 0.158858418 0.026569963 127.965293884
0.010382088 0.092049375 -0.995700300 -44.724529266 -0.157547623 0.983467698 0.089275762 -14.766016006 0.987456799 0.155943364 0.024712607 128.011672974
0.010313146 0.102200225 -0.994710445 -45.646240234 -0.150266722 0.983625531 0.099503338 -14.769632339 0.988591731 0.148445696 0.025501566 128.059860229
0.010322947 0.115300223 -0.993277073 -46.583320618 -0.145123050 0.982985795 0.112597376 -14.767055511 0.989359677 0.142985046 0.026880031 128.117675781
0.010439210 0.124087237 -0.992216408 -47.504547119 -0.145385697 0.981914759 0.121269308 -14.756729126 0.989319921 0.142988116 0.028290927 128.164215088
0.010324347 0.118361205 -0.992917001 -48.422012329 -0.145583719 0.982567489 0.115613721 -14.753486633 0.989292026 0.143358931 0.027375834 128.202987671
0.010613946 0.105113447 -0.994403601 -49.332447052 -0.145324737 0.984063387 0.102469303 -14.753364563 0.989327013 0.143423855 0.025720386 128.240005493
0.011119532 0.096226908 -0.995297372 -50.247581482 -0.145911872 0.984861016 0.093587764 -14.752716064 0.989235103 0.144185022 0.024991840 128.283630371
0.011566489 0.096131757 -0.995301425 -51.178405762 -0.144899800 0.985022902 0.093455106 -14.758333206 0.989378750 0.143138021 0.025322726 128.327346802
0.010988557 0.097936049 -0.995132029 -52.114978790 -0.148274794 0.984349728 0.095237598 -14.779911041 0.988885164 0.146506459 0.025338035 128.370300293
0.011832349 0.097406678 -0.995174348 -53.044696808 -0.152885869 0.983718395 0.094467632 -14.781148911 0.988173068 0.151030317 0.026531808 128.401062012
0.012068748 0.096867785 -0.995223999 -53.986167908 -0.154462308 0.983530521 0.093856514 -14.783784866 0.987924993 0.152591869 0.026832405 128.443069458
0.012713769 0.104491383 -0.994444549 -54.936641693 -0.162877649 0.981458664 0.101044536 -14.787805557 0.986564398 0.160688162 0.029497355 128.481460571
0.014577126 0.113795102 -0.993397295 -55.891475677 -0.169282630 0.979441881 0.109712452 -14.779314041 0.985459745 0.166565627 0.033540983 128.521545410
0.015423331 0.122021861 -0.992407560 -56.838886261 -0.169406250 0.978495359 0.117678486 -14.771305084 0.985425651 0.166305065 0.035762925 128.570480347
0.016591100 0.122854382 -0.992286086 -57.780147552 -0.171074480 0.978137136 0.118242241 -14.765121460 0.985118449 0.167793050 0.037245624 128.613983154
0.018410543 0.113136098 -0.993408859 -58.722480774 -0.172544345 0.979029834 0.108300790 -14.760604858 0.984829783 0.169413209 0.037545457 128.655868530
0.019388089 0.108138070 -0.993946791 -59.659141541 -0.170981526 0.979847372 0.103268899 -14.755807877 0.985083401 0.167944357 0.037486982 128.713241577
0.021536829 0.106484063 -0.994081140 -60.628528595 -0.169581726 0.980292678 0.101333074 -14.755004883 0.985280633 0.166395634 0.039170150 128.767623901
0.024417257 0.112298578 -0.993374467 -61.589588165 -0.170868412 0.979517639 0.106532134 -14.750020027 0.984991193 0.167135134 0.043105420 128.831726074
0.028266337 0.114695594 -0.992998481 -62.558109283 -0.173851669 0.978819728 0.108109087 -14.754539490 0.984366059 0.169578597 0.047607671 128.885452271
0.032018136 0.109789327 -0.993439078 -63.512809753 -0.172936320 0.979565978 0.102682479 -14.755732536 0.984412491 0.168513983 0.050350443 128.947463989
0.034993306 0.103998765 -0.993961632 -64.466651917 -0.172783837 0.980223358 0.096478306 -14.761590004 0.984337986 0.168364391 0.052270561 129.017990112
0.038928479 0.103867315 -0.993829072 -65.423652649 -0.170157492 0.980745792 0.095834844 -14.762676239 0.984647751 0.165376753 0.055852734 129.083633423
0.041272301 0.108089834 -0.993284047 -66.389923096 -0.167630702 0.980788887 0.099764831 -14.774404526 0.984985530 0.162387356 0.058598585 129.166824341
0.044674352 0.114750065 -0.992389381 -67.347473145 -0.167060778 0.980250716 0.105825916 -14.773905754 0.984933972 0.161061630 0.062962309 129.245941162
0.047439154 0.119011097 -0.991759002 -68.311210632 -0.164773121 0.980207205 0.109743237 -14.781123161 0.985189974 0.158209085 0.066110045 129.328079224
0.049341291 0.120464258 -0.991490722 -69.293289185 -0.164532930 0.980118036 0.110894546 -14.778391838 0.985136688 0.157661200 0.068180621 129.410064697
0.051744033 0.117507778 -0.991722941 -70.230407715 -0.163499027 0.980650961 0.107665174 -14.775376320 0.985185504 0.156574696 0.069955222 129.484741211
0.052482732 0.116312742 -0.991825104 -71.175765991 -0.161466196 0.981113553 0.106512554 -14.780200958 0.985481739 0.154556155 0.070272103 129.572341919
0.052936714 0.112706020 -0.992217243 -72.119308472 -0.158487737 0.981964946 0.103085816 -14.787992477 0.985940814 0.151797220 0.069844514 129.663452148
0.052574407 0.112233043 -0.992290139 -73.107856750 -0.156923041 0.982247829 0.102782972 -14.780205727 0.986210406 0.150309443 0.069253042 129.747406006
0.052305419 0.117021352 -0.991751134 -74.061325073 -0.153632358 0.982230723 0.107795373 -14.782034874 0.986742735 0.146726772 0.069354258 129.833648682
0.051423505 0.118828438 -0.991582334 -75.021163940 -0.147616461 0.982893825 0.110131852 -14.786916733 0.987706959 0.140710488 0.068084873 129.934890747
0.051053695 0.114563189 -0.992103219 -75.978096008 -0.144904837 0.983736098 0.106140196 -14.777368546 0.988127530 0.138341695 0.066824138 130.013885498
0.049559820 0.110471949 -0.992642939 -76.952270508 -0.146685168 0.983892202 0.102174513 -14.777815819 0.987940848 0.140542239 0.064966112 130.092971802
0.048305981 0.107795388 -0.992998838 -77.901084900 -0.143133461 0.984646022 0.099925682 -14.780776978 0.988523722 0.137304381 0.062993430 130.175949097
0.046988308 0.108579792 -0.992976665 -78.866844177 -0.143400103 0.984511077 0.100868315 -14.781448364 0.988548636 0.137653306 0.061830867 130.246231079
0.046322063 0.109737851 -0.992880583 -79.822006226 -0.144481882 0.984231949 0.102041289 -14.784749985 0.988422632 0.138726503 0.061446790 130.320022583
0.044735581 0.109955072 -0.992929399 -80.774307251 -0.146019369 0.983969450 0.102384090 -14.786605835 0.988269687 0.140406698 0.060074016 130.396057129
0.043648738 0.110946514 -0.992867410 -81.727241516 -0.145876363 0.983870983 0.103528157 -14.788390160 0.988339484 0.140317038 0.059129208 130.461761475
0.041424304 0.111087710 -0.992946863 -82.690101624 -0.145821095 0.983831048 0.103984401 -14.788010597 0.988443434 0.140485138 0.056953449 130.534194946
0.039984051 0.113553748 -0.992726982 -83.643959045 -0.145862728 0.983541727 0.106628180 -14.781585693 0.988496482 0.140538484 0.055889245 130.606918335
0.038411647 0.117504612 -0.992329240 -84.597702026 -0.147279486 0.982882321 0.110684983 -14.774804115 0.988348722 0.141898155 0.055060148 130.667175293
0.036151357 0.122310720 -0.991833210 -85.546318054 -0.148495898 0.982121468 0.115700535 -14.764368057 0.988251925 0.143100455 0.053667665 130.733825684
0.033986405 0.122048274 -0.991942227 -86.493553162 -0.148135170 0.982167602 0.115770161 -14.760306358 0.988382995 0.143006906 0.051459994 130.797653198
0.032920383 0.116840988 -0.992604911 -87.438247681 -0.148306355 0.982719481 0.110758699 -14.755257607 0.988393426 0.143563405 0.049679756 130.859176636
0.030511305 0.112230912 -0.993213594 -88.383377075 -0.152505875 0.982564569 0.106342643 -14.745238304 0.987831414 0.148226261 0.047095198 130.919036865
0.029451469 0.110090017 -0.993485212 -89.326446533 -0.150328636 0.983099520 0.104482740 -14.741663933 0.988197327 0.146272138 0.045503411 130.983489990
0.028803326 0.111352094 -0.993363440 -90.292442322 -0.145535380 0.983653486 0.106043719 -14.744225502 0.988933623 0.141515106 0.044538155 131.039642334
0.028344210 0.112662867 -0.993228912 -91.241333008 -0.142565072 0.983925939 0.107539199 -14.741596222 0.989379525 0.138551623 0.043950401 131.100723267
0.026962562 0.112505063 -0.993285298 -92.193603516 -0.137273535 0.984649599 0.107800700 -14.743102074 0.990166128 0.133445174 0.041992646 131.169845581
0.025631296 0.109571733 -0.993648469 -93.135482788 -0.133223772 0.985483170 0.105234809 -14.744889259 0.990754545 0.129680261 0.039856773 131.234802246
0.025017435 0.106498949 -0.993997991 -94.082252502 -0.128272340 0.986432016 0.102459893 -14.748354912 0.991423368 0.124939151 0.038338874 131.296432495
0.023695553 0.109674379 -0.993685067 -95.062202454 -0.126608804 0.986290097 0.105839059 -14.756919861 0.991669655 0.123301357 0.037256431 131.343505859
0.022309631 0.111946382 -0.993463755 -96.011032104 -0.125982359 0.986104548 0.108288020 -14.753538132 0.991781533 0.122743048 0.036102895 131.401748657
0.020909505 0.109659411 -0.993749321 -96.969841003 -0.121825390 0.986839175 0.106333576 -14.747863770 0.992331266 0.118840508 0.033993613 131.453903198
0.018778041 0.107017405 -0.994079769 -97.921295166 -0.118872598 0.987441838 0.104057312 -14.749247551 0.992731869 0.116214842 0.031263657 131.506072998
0.015059570 0.104874365 -0.994371414 -98.889541626 -0.117746517 0.987750649 0.102392852 -14.752256393 0.992929459 0.115541779 0.027223691 131.558212280
0.012451080 0.103939876 -0.994505703 -99.844001770 -0.112176329 0.988449514 0.101902485 -14.759503365 0.993610322 0.110291205 0.023966856 131.607727051
0.010280386 0.104300179 -0.994492769 -100.803565979 -0.105380937 0.989120007 0.102647342 -14.755168915 0.994378746 0.103745319 0.021159787 131.650482178
0.007378988 0.112158403 -0.993662894 -101.766845703 -0.095781155 0.989200473 0.110943422 -14.755734444 0.995374978 0.094355524 0.018041959 131.718734741
0.004822162 0.120044634 -0.992756784 -102.724258423 -0.087709807 0.988992989 0.119163476 -14.748001099 0.996134460 0.086499885 0.015298174 131.773742676
0.001492674 0.120085821 -0.992762327 -103.679862976 -0.083433442 0.989317000 0.119543612 -14.743249893 0.996512175 0.082651146 0.011495901 131.823318481
-0.000844796 0.110311866 -0.993896663 -104.631393433 -0.084775150 0.990311205 0.109985963 -14.745525360 0.996399760 0.084350653 0.008515094 131.852935791
-0.002909509 0.100639001 -0.994918764 -105.578727722 -0.086511530 0.991167486 0.100512557 -14.738569260 0.996246576 0.086364374 0.005822624 131.889480591
-0.003027451 0.102584064 -0.994719625 -106.542449951 -0.094093859 0.990281701 0.102412768 -14.741576195 0.995558679 0.093907066 0.006654501 131.904144287
-0.004008402 0.111426897 -0.993764460 -107.502105713 -0.097223543 0.989021063 0.111287184 -14.723859787 0.995254457 0.097063377 0.006868922 131.942031860
-0.005446448 0.122954860 -0.992397249 -108.465461731 -0.101361692 0.987232745 0.122871280 -14.710999489 0.994834781 0.101260252 0.007086000 131.970153809
-0.006901144 0.124539882 -0.992190599 -109.410484314 -0.108115591 0.986304939 0.124553107 -14.696321487 0.994114399 0.108130828 0.006658071 131.999710083
-0.006794680 0.121281832 -0.992594838 -110.391380310 -0.115253307 0.985907793 0.121253684 -14.675139427 0.993312836 0.115223728 0.007279204 132.019180298
-0.006996472 0.117208555 -0.993082702 -111.345977783 -0.123322651 0.985424757 0.117173553 -14.659550667 0.992341995 0.123289391 0.007559972 132.042984009
-0.004630941 0.119255096 -0.992852867 -112.314933777 -0.127937675 0.984633505 0.118864566 -14.638486862 0.991771400 0.127573714 0.010697439 132.064559937
-0.003362979 0.120564841 -0.992699742 -113.295883179 -0.135999650 0.983426809 0.119899355 -14.619545937 0.990703106 0.135410041 0.013089536 132.090103149
-0.002882985 0.123301148 -0.992365122 -114.259346008 -0.145205319 0.981800079 0.122410275 -14.600852013 0.989397347 0.144449547 0.015073465 132.111068726
-0.002895175 0.125736341 -0.992059469 -115.233787537 -0.150719211 0.980676055 0.124733403 -14.579168320 0.988572299 0.149883538 0.016111650 132.140045166
-0.002329497 0.124906220 -0.992165804 -116.215675354 -0.154752046 0.980171084 0.123759516 -14.564458847 0.987950623 0.153827950 0.017046187 132.180267334
-0.000911195 0.115423858 -0.993315876 -117.170074463 -0.153674453 0.981501043 0.114191942 -14.564810753 0.988121212 0.152751327 0.016843358 132.213943481
0.000800595 0.103909567 -0.994586349 -118.124732971 -0.156942934 0.982274652 0.102496944 -14.552611351 0.987607360 0.156011239 0.017094273 132.248504639
