1.000000000 0.000000000 0.000000000 0.000000000 0.000000000 1.000000000 0.000000000 0.000000000 0.000000000 0.000000000 1.000000000 0.000000000
0.999997795 -0.001604836 -0.001363984 0.049765479 0.001601895 0.999996424 -0.002154300 -0.132595167 0.001367437 0.002152111 0.999996722 1.297551036
0.999997675 -0.000037313 -0.002168482 0.105761282 0.000023433 0.999979496 -0.006400409 -0.267032236 0.002168676 0.006400343 0.999977112 2.604129791
0.999996245 0.002406558 -0.001312413 0.148626074 -0.002416898 0.999965549 -0.007934985 -0.405536026 0.001293272 0.007938126 0.999967635 3.908130884
0.999983966 0.005656197 0.000206030 0.194320306 -0.005654715 0.999962270 -0.006594511 -0.544952273 -0.000243322 0.006593239 0.999978244 5.220291138
0.999976814 0.006390846 0.002355753 0.242792353 -0.006383015 0.999974072 -0.003316631 -0.689324200 -0.002376889 0.003301517 0.999991715 6.539792538
0.999961972 0.006615226 0.005683859 0.299163997 -0.006603859 0.999976218 -0.002016390 -0.826902032 -0.005697063 0.001978778 0.999981821 7.842868328
0.999944508 0.005170224 0.009179615 0.353386790 -0.005153321 0.999984980 -0.001864052 -0.961149871 -0.009189113 0.001816643 0.999956131 9.148045540
0.999913871 0.003878184 0.012544573 0.431295812 -0.003855723 0.999990940 -0.001814163 -1.097377896 -0.012551494 0.001765638 0.999919653 10.448120117
0.999870420 0.002646668 0.015879916 0.495248914 -0.002606322 0.999993265 -0.002560813 -1.235235929 -0.015886588 0.002519094 0.999870539 11.756161690
0.999814808 0.001540070 0.019180324 0.574065268 -0.001475765 0.999993324 -0.003366349 -1.371865869 -0.019185377 0.003337420 0.999810278 13.048541069
0.999747813 0.001412222 0.022410665 0.644827187 -0.001339334 0.999993742 -0.003267032 -1.519737244 -0.022415137 0.003236193 0.999743521 14.368607521
0.999667287 0.001289809 0.025762422 0.729274869 -0.001177820 0.999989748 -0.004361716 -1.657583594 -0.025767785 0.004329922 0.999658585 15.664798737
0.999570072 0.002313994 0.029226860 0.803439021 -0.002190482 0.999988556 -0.004257281 -1.795944333 -0.029236373 0.004191430 0.999563694 16.967998505
0.999470592 0.001949321 0.032479819 0.893986702 -0.001824259 0.999990761 -0.003879645 -1.934572458 -0.032487087 0.003818339 0.999464869 18.253749847
0.999403834 0.000461968 0.034521233 0.995606780 -0.000338803 0.999993503 -0.003573574 -2.078259945 -0.034522664 0.003559747 0.999397576 19.553863525
0.999351084 -0.001984106 0.035963707 1.095861554 0.002159882 0.999985933 -0.004849383 -2.219053030 -0.035953578 0.004923914 0.999341369 20.828527451
0.999307215 -0.001741769 0.037175823 1.193065166 0.001986737 0.999976516 -0.006553533 -2.360939503 -0.037163537 0.006622851 0.999287248 22.136373520
0.999261677 -0.001677126 0.038384959 1.277577400 0.002028996 0.999956310 -0.009129741 -2.502863407 -0.038367968 0.009200882 0.999221325 23.418756485
0.999221683 -0.001039089 0.039433531 1.376873255 0.001457245 0.999943018 -0.010576813 -2.648136139 -0.039420292 0.010626044 0.999166131 24.706138611
0.999175668 -0.000468544 0.040592324 1.477705717 0.000925576 0.999936402 -0.011241032 -2.793852806 -0.040584467 0.011269337 0.999112487 25.974357605
0.999156415 -0.002010644 0.041015536 1.575477839 0.002434977 0.999944031 -0.010298329 -2.939402819 -0.040992539 0.010389516 0.999105453 27.267993927
0.999155700 -0.004964983 0.040781934 1.681632519 0.005336355 0.999945283 -0.009002503 -3.088021755 -0.040735003 0.009212528 0.999127567 28.546808243
0.999173760 -0.006447284 0.040130347 1.773771286 0.006835063 0.999931216 -0.009533272 -3.233532429 -0.040066134 0.009799689 0.999148965 29.838142395
0.999194801 -0.008176864 0.039280329 1.880560040 0.008658801 0.999889135 -0.012114757 -3.377942324 -0.039176911 0.012445120 0.999154747 31.106403351
0.999222040 -0.008126145 0.038591437 1.985120296 0.008600736 0.999889135 -0.012147792 -3.529964209 -0.038488440 0.012470257 0.999181211 32.394649506
0.999233067 -0.008670812 0.038185835 2.080264091 0.009155326 0.999879479 -0.012531769 -3.674611568 -0.038072579 0.012871760 0.999192059 33.660274506
0.999253929 -0.009543427 0.037424058 2.179800510 0.010021745 0.999870181 -0.012614365 -3.815561533 -0.037298821 0.012980008 0.999219775 34.928337097
0.999263704 -0.009944234 0.037056383 2.272079706 0.010434825 0.999860168 -0.013069286 -3.962028027 -0.036921225 0.013446339 0.999227762 36.190631866
0.999307275 -0.010591689 0.035676662 2.388831139 0.011070753 0.999850810 -0.013257249 -4.118348122 -0.035530936 0.013643032 0.999275386 37.479408264
0.999306440 -0.010234349 0.035804085 2.483885765 0.010650984 0.999877453 -0.011465187 -4.263581276 -0.035682365 0.011838583 0.999293089 38.736778259
0.999272108 -0.010191776 0.036761388 2.584556103 0.010581161 0.999889731 -0.010413287 -4.404590130 -0.036651205 0.010794685 0.999269843 40.011367798
0.999189615 -0.011991566 0.038422838 2.690577507 0.012325823 0.999888122 -0.008474402 -4.550549984 -0.038316913 0.008941129 0.999225616 41.260227203
0.999085307 -0.012965204 0.040747378 2.793619871 0.013381028 0.999860942 -0.009948784 -4.690434933 -0.040612720 0.010484927 0.999119937 42.527385712
0.998960376 -0.014231384 0.043310665 2.887586117 0.014817325 0.999802589 -0.013237953 -4.837603092 -0.043113720 0.013865936 0.998973966 43.776828766
0.998856664 -0.015398340 0.045257106 2.990990162 0.016055556 0.999770343 -0.014194363 -4.986631870 -0.045028150 0.014904764 0.998874545 45.041191101
0.998725653 -0.015568191 0.048007336 3.110517263 0.016204622 0.999785542 -0.012896357 -5.121620178 -0.047796268 0.013657865 0.998763740 46.278263092
0.998519659 -0.016625654 0.051788848 3.213031054 0.017149577 0.999805987 -0.009688620 -5.275074482 -0.051617719 0.010562433 0.998611033 47.544174194
0.998243392 -0.019802328 0.055837803 3.328493118 0.020267731 0.999764383 -0.007780985 -5.411671162 -0.055670556 0.008899025 0.998409450 48.774589539
0.998016477 -0.021864843 0.059034586 3.464296103 0.022378860 0.999716997 -0.008059887 -5.553469658 -0.058841661 0.009365027 0.998223364 50.024700165
0.997750938 -0.025257548 0.062089905 3.611740351 0.026044751 0.999589920 -0.011901834 -5.687515736 -0.061763834 0.013492182 0.997999609 51.252155304
0.997461557 -0.026372239 0.066142924 3.742137909 0.027223131 0.999557376 -0.011996182 -5.823225021 -0.065797277 0.013766348 0.997738063 52.488708496
0.997094452 -0.028910182 0.070476383 3.867324114 0.029650046 0.999515355 -0.009474440 -5.963823318 -0.070168316 0.011536538 0.997468472 53.706130981
0.996835470 -0.031605437 0.072940722 4.035814285 0.032146212 0.999463677 -0.006251619 -6.094770908 -0.072703995 0.008576603 0.997316718 54.904064178
0.996567190 -0.033802904 0.075572126 4.161985397 0.034253947 0.999402225 -0.004679810 -6.229502201 -0.075368769 0.007252389 0.997129381 56.153457642
0.996358752 -0.036814403 0.076900966 4.314044476 0.037011430 0.999314249 -0.001138018 -6.358166695 -0.076806344 0.003980091 0.997038126 57.359725952
0.996204793 -0.039568078 0.077525742 4.457069874 0.039700706 0.999211609 -0.000169686 -6.480834007 -0.077457897 0.003246870 0.996990323 58.582237244
0.996164083 -0.041462854 0.077058338 4.605486393 0.041857786 0.999117494 -0.003516391 -6.603667736 -0.076844521 0.006728393 0.997020423 59.774700165
0.996169209 -0.042907070 0.076195300 4.754847050 0.043620881 0.999018192 -0.007727869 -6.735254288 -0.075788915 0.011021970 0.997062922 60.979537964
0.996174455 -0.044357188 0.075292692 4.892646790 0.045359910 0.998902678 -0.011659419 -6.866119385 -0.074692890 0.015030086 0.997093201 62.160232544
0.996194541 -0.046609432 0.073647544 5.040572643 0.047765642 0.998760104 -0.014015684 -7.002766609 -0.072902970 0.017480168 0.997185826 63.378700256
0.996326864 -0.046443861 0.071941741 5.174340248 0.047557928 0.998772502 -0.013850057 -7.137561798 -0.071210153 0.017220587 0.997312725 64.556015015
0.996580839 -0.045843575 0.068738945 5.313759804 0.046878178 0.998809218 -0.013513449 -7.280126572 -0.068037577 0.016689600 0.997543097 65.774070740
0.996822238 -0.045078237 0.065677948 5.436142921 0.045945238 0.998874843 -0.011749991 -7.409440041 -0.065074369 0.014730240 0.997771680 66.947181702
0.997236848 -0.041264508 0.061772309 5.562268257 0.041818403 0.999095559 -0.007700290 -7.545994759 -0.061398692 0.010262232 0.998060584 68.147705078
0.997526407 -0.039250612 0.058312878 5.682022095 0.039640069 0.999198675 -0.005536688 -7.671793938 -0.058048833 0.007834518 0.998282969 69.329437256
0.997730196 -0.038322117 0.055370413 5.789349079 0.038848206 0.999209344 -0.008456002 -7.809155941 -0.055002585 0.010587848 0.998430073 70.495582581
0.997913420 -0.038621232 0.051741220 5.907239914 0.039475948 0.999098718 -0.015600013 -7.942717075 -0.051092088 0.017609997 0.998538673 71.682876587
0.997928739 -0.042471368 0.048315253 6.015392303 0.043414615 0.998883069 -0.018643362 -8.077673912 -0.047469486 0.020702340 0.998658061 72.852233887
0.997963428 -0.046265654 0.043917168 6.127709389 0.046916481 0.998802125 -0.013905652 -8.214292526 -0.043221205 0.015937770 0.998938382 74.021911621
0.997946739 -0.050118960 0.039878383 6.228816986 0.050503604 0.998685956 -0.008696503 -8.344147682 -0.039390121 0.010692649 0.999166667 75.183067322
0.998008907 -0.052238941 0.035345431 6.325331688 0.052480657 0.998604238 -0.005945352 -8.472958565 -0.034985531 0.007788466 0.999357402 76.369201660
0.998178840 -0.051565200 0.031304494 6.413470268 0.051699251 0.998656690 -0.003487287 -8.598735809 -0.031082617 0.005099355 0.999503851 77.526916504
0.998310924 -0.051165994 0.027520839 6.504262924 0.051279355 0.998678446 -0.003428532 -8.716428757 -0.027309041 0.004833991 0.999615312 78.682113647
0.998458266 -0.049694225 0.024730191 6.572880268 0.049843371 0.998742163 -0.005450922 -8.847466469 -0.024428206 0.006675155 0.999679267 79.869247437
0.998641789 -0.047425922 0.021571286 6.648083210 0.047663037 0.998807013 -0.010613641 -8.974794388 -0.021042194 0.011627378 0.999711037 81.012504578
0.998562992 -0.050623003 0.017591894 6.733549118 0.050896931 0.998583794 -0.015488855 -9.112658501 -0.016782887 0.016361969 0.999725342 82.178413391
0.998419046 -0.054130014 0.015143662 6.803032398 0.054375239 0.998387814 -0.016279103 -9.245173454 -0.014238058 0.017076809 0.999752820 83.315521240
0.998471797 -0.054087810 0.011336220 6.861312866 0.054231033 0.998447239 -0.012732458 -9.379767418 -0.010629947 0.013327779 0.999854624 84.470489502
0.998466909 -0.054639716 0.008853398 6.921630859 0.054731961 0.998445570 -0.010535439 -9.504337311 -0.008263983 0.011003852 0.999905348 85.602615356
0.998607934 -0.052099552 0.008239864 6.975028515 0.052197598 0.998562634 -0.012169245 -9.633527756 -0.007594009 0.012582407 0.999891996 86.747879028
0.998817682 -0.048014242 0.007610325 7.025011063 0.048124772 0.998727560 -0.015076123 -9.766090393 -0.006876774 0.015424544 0.999857366 87.878440857
0.998881638 -0.046867076 0.006239952 7.080434322 0.046969511 0.998744249 -0.017429216 -9.898695946 -0.005415260 0.017702810 0.999828637 88.996833801
0.998829126 -0.048075084 0.005405693 7.137554646 0.048165392 0.998676360 -0.018044900 -10.030770302 -0.004531029 0.018284140 0.999822497 90.112716675
0.998811424 -0.048518009 0.004657571 7.179595947 0.048585996 0.998693943 -0.015802801 -10.163760185 -0.003884768 0.016010312 0.999864280 91.225975037
0.998717666 -0.050509274 0.003428052 7.240882874 0.050549757 0.998637199 -0.012979073 -10.290511131 -0.002767816 0.013135718 0.999909937 92.335258484
0.998741686 -0.050005257 0.003790041 7.289536476 0.050048325 0.998671234 -0.012278441 -10.417995453 -0.003171019 0.012452678 0.999917388 93.473014832
0.998727083 -0.050326787 0.003374687 7.335663795 0.050371230 0.998622119 -0.014719274 -10.549576759 -0.002629264 0.014870525 0.999885976 94.620162964
0.998724878 -0.050392509 0.003024033 7.391804695 0.050439078 0.998563766 -0.018065695 -10.679981232 -0.002109314 0.018195190 0.999832213 95.719398499
0.998680174 -0.051306050 0.002347341 7.451155663 0.051341940 0.998493671 -0.019347640 -10.811291695 -0.001351154 0.019442623 0.999810040 96.824752808
0.998674452 -0.051377539 0.003116478 7.492954731 0.051425450 0.998514950 -0.017982302 -10.948515892 -0.002187964 0.018118732 0.999833465 97.901893616
0.998694420 -0.050952505 0.003638545 7.545846462 0.050994016 0.998621821 -0.012413369 -11.069659233 -0.003001038 0.012582706 0.999916315 98.990921021
0.998783827 -0.049070444 0.004815418 7.600251198 0.049113687 0.998749673 -0.009316672 -11.191161156 -0.004352224 0.009541842 0.999944985 100.064064026
0.998853922 -0.047337435 0.007066221 7.652307987 0.047403693 0.998830318 -0.009524497 -11.304369926 -0.006607092 0.009848547 0.999929667 101.112007141
0.998922586 -0.045584489 0.008698590 7.707896709 0.045678563 0.998896301 -0.010940588 -11.433643341 -0.008190270 0.011326139 0.999902248 102.169128418
0.998891771 -0.045764968 0.010987799 7.766654968 0.045910537 0.998855948 -0.013383957 -11.551556587 -0.010362710 0.013873580 0.999850035 103.185913086
0.998797059 -0.047355734 0.012718784 7.830803394 0.047535185 0.998768687 -0.014198112 -11.668114662 -0.012030762 0.014785623 0.999818265 104.203353882
0.998732090 -0.048093870 0.014873567 7.893595219 0.048292983 0.998744249 -0.013330666 -11.796551704 -0.014213766 0.014032053 0.999800622 105.201278687
0.998704255 -0.048096079 0.016629292 7.957315922 0.048294615 0.998764098 -0.011750622 -11.911709785 -0.016043579 0.012538502 0.999792635 106.159378052
0.998625457 -0.049264014 0.017896496 8.019835472 0.049455542 0.998721957 -0.010421624 -12.020349503 -0.017360216 0.011292380 0.999785542 107.117767334
0.998549759 -0.050080203 0.019756369 8.080900192 0.050300740 0.998675406 -0.010828456 -12.126624107 -0.019187909 0.011806511 0.999746203 108.035690308
0.998531818 -0.049645923 0.021665651 8.140611649 0.049849574 0.998716533 -0.008962855 -12.228467941 -0.021192873 0.010029721 0.999725103 108.940307617
0.998529553 -0.048815735 0.023578759 8.200146675 0.048987001 0.998776734 -0.006740888 -12.327371597 -0.023220858 0.007886027 0.999699295 109.810997009
0.998502016 -0.048823737 0.024696456 8.263666153 0.048925251 0.998796225 -0.003522722 -12.430604935 -0.024494734 0.004725726 0.999688745 110.666549683
0.998450458 -0.048959527 0.026450519 8.325400352 0.049064431 0.998790085 -0.003331393 -12.523229599 -0.026255414 0.004624011 0.999644518 111.492958069
0.998468578 -0.048022993 0.027469208 8.378973961 0.048116777 0.998838007 -0.002763030 -12.612077713 -0.027304599 0.004080528 0.999618769 112.305931091
0.998568118 -0.045640185 0.027905330 8.433673859 0.045726143 0.998951018 -0.002449601 -12.692193031 -0.027764257 0.003722096 0.999607563 113.086318970
0.998694241 -0.043097265 0.027432274 8.480219841 0.043098908 0.999070644 0.000531791 -12.770676613 -0.027429702 0.000651205 0.999623537 113.845535278
0.998769522 -0.043354318 0.024079258 8.532875061 0.043330122 0.999059618 0.001525922 -12.852451324 -0.024122771 -0.000480687 0.999708831 114.597045898
0.998903036 -0.043315407 0.017787570 8.568819046 0.043292496 0.999060988 0.001671187 -12.926979065 -0.017843254 -0.000899285 0.999840438 115.295967102
0.999106348 -0.041588411 0.007534951 8.594003677 0.041586831 0.999134779 0.000365654 -13.000990868 -0.007543636 -0.000051972 0.999971569 115.970802307
0.999225259 -0.038831633 -0.006393043 8.597079277 0.038818352 0.999243796 -0.002189721 -13.072230339 0.006473238 0.001939858 0.999977112 116.607383728
0.998978198 -0.037309941 -0.025505530 8.602177620 0.037203882 0.999297023 -0.004620292 -13.140915871 0.025659980 0.003666667 0.999663949 117.227058411
0.998214662 -0.035604101 -0.047956310 8.570703506 0.035302330 0.999351323 -0.007125204 -13.208706856 0.048178881 0.005419514 0.998824000 117.816085815
0.996553600 -0.034117717 -0.075609952 8.529558182 0.033549048 0.999398530 -0.008778835 -13.276163101 0.075863987 0.006211939 0.997098863 118.383491516
0.993683815 -0.031932678 -0.107576907 8.459700584 0.030959984 0.999463320 -0.010700256 -13.344570160 0.107860878 0.007302092 0.994139135 118.923324585
0.989366114 -0.027463691 -0.142830372 8.347883224 0.026009163 0.999589145 -0.012041003 -13.408325195 0.143102393 0.008198063 0.989673972 119.465133667
0.983157456 -0.021383747 -0.181504801 8.244518280 0.019618386 0.999741137 -0.011516237 -13.464854240 0.181704104 0.007761445 0.983322620 119.981506348
0.974672437 -0.015957577 -0.223067269 8.103858948 0.014230316 0.999855042 -0.009348596 -13.523565292 0.223184124 0.005937501 0.974758267 120.484901428
0.963409781 -0.011369463 -0.267791659 7.932641983 0.009658793 0.999923646 -0.007704567 -13.581383705 0.267858803 0.004836112 0.963446021 120.981292725
0.949189246 -0.005295912 -0.314661443 7.744712830 0.002879736 0.999962687 -0.008143052 -13.637557983 0.314692825 0.006823156 0.949169099 121.445671082
0.931833744 0.002569172 -0.362876475 7.512924194 -0.006275013 0.999939442 -0.009034073 -13.692224503 0.362831324 0.010695309 0.931793451 121.931251526
0.910909176 0.007195083 -0.412543982 7.260555267 -0.012305507 0.999876916 -0.009732302 -13.744215965 0.412423223 0.013941808 0.910885692 122.355491638
0.885931492 0.011431772 -0.463675201 6.993469238 -0.017285671 0.999815404 -0.008377111 -13.796838760 0.463493854 0.015436482 0.885965765 122.768730164
0.856930673 0.014639650 -0.515223742 6.709907532 -0.022091683 0.999721169 -0.008337098 -13.836940765 0.514958024 0.018526476 0.857015193 123.169906616
0.825409234 0.024315776 -0.564010739 6.385524750 -0.032735478 0.999452472 -0.004818542 -13.888798714 0.563584805 0.022440437 0.825753391 123.540687561
0.791311145 0.037183002 -0.610281944 6.039337158 -0.045491677 0.998962939 0.001878428 -13.930145264 0.609718919 0.026276333 0.792182028 123.901985168
0.755425155 0.045870733 -0.653627396 5.684295654 -0.056614738 0.998385310 0.004633317 -13.970659256 0.652784467 0.033504821 0.756802380 124.216934204
0.715631783 0.049716782 -0.696706116 5.315711975 -0.063738987 0.997950077 0.005743043 -14.016691208 0.695563436 0.040297445 0.717333674 124.517440796
0.673335075 0.051599640 -0.737534583 4.936023712 -0.066531561 0.997743070 0.009064192 -14.063455582 0.736337781 0.042966090 0.675248384 124.798973083
0.629485786 0.055310097 -0.775041044 4.522293091 -0.069894433 0.997450173 0.014414111 -14.101417542 0.773862004 0.045097571 0.631746531 125.075248718
0.584535956 0.063970797 -0.808842003 4.097988129 -0.080929935 0.996512473 0.020326881 -14.133300781 0.807321548 0.053577743 0.587674677 125.304962158
0.538824081 0.072711907 -0.839274526 3.655841827 -0.092558451 0.995346248 0.026809826 -14.155610085 0.837318122 0.063236170 0.543046653 125.516990662
0.491710722 0.077525534 -0.867300630 3.204410553 -0.097900279 0.994635403 0.033403665 -14.180001259 0.865237653 0.068484038 0.496662736 125.722404480
0.444771737 0.078701109 -0.892179489 2.732284546 -0.097629733 0.994456291 0.039052539 -14.200418472 0.890306950 0.069733791 0.449989676 125.901641846
0.397951603 0.080517299 -0.913866222 2.259670258 -0.095355369 0.994375706 0.046087310 -14.221763611 0.912437320 0.068801537 0.403391153 126.068847656
0.351950705 0.083331399 -0.932301700 1.767433167 -0.096758135 0.993932068 0.052313171 -14.244151115 0.931003988 0.071796104 0.357878089 126.217453003
0.308242172 0.086313933 -0.947384059 1.265384674 -0.101987004 0.993134141 0.057299480 -14.261462212 0.945825219 0.078958727 0.314928740 126.332588196
0.266800314 0.088180587 -0.959709227 0.738534927 -0.107110672 0.992349327 0.061402734 -14.279110909 0.957781255 0.086412854 0.274204165 126.439010620
0.227815911 0.084721856 -0.970011353 0.211820602 -0.107506193 0.992305398 0.061420240 -14.294528961 0.967751145 0.090289734 0.235171020 126.533966064
0.193405569 0.079519339 -0.977891088 -0.324441910 -0.102231435 0.992917776 0.060522117 -14.311255455 0.975778162 0.088265896 0.200165182 126.622207642
0.162931576 0.074612543 -0.983812153 -0.880502701 -0.099678971 0.993279457 0.058822464 -14.329016685 0.981589258 0.088481352 0.169273853 126.700942993
0.135765299 0.072998866 -0.988048077 -1.437904358 -0.100000143 0.993198454 0.059638608 -14.352595329 0.985681355 0.090708107 0.142141789 126.781021118
0.113670580 0.072313718 -0.990883350 -2.019686699 -0.101065479 0.993015468 0.060875472 -14.367738724 0.988364697 0.093224347 0.120185047 126.846336365
0.095491663 0.073514432 -0.992711961 -2.625608444 -0.103547618 0.992592573 0.063545071 -14.379522324 0.990029931 0.096724935 0.102396548 126.894561768
0.079179540 0.071768843 -0.994273543 -3.228745461 -0.104117289 0.992545247 0.063352652 -14.402600288 0.991408169 0.098504841 0.086061656 126.949028015
0.065310009 0.071205169 -0.995321274 -3.850609779 -0.103620335 0.992542326 0.064207107 -14.431886673 0.992470264 0.098942161 0.072201252 126.996253967
0.052954361 0.068301044 -0.996258378 -4.494424820 -0.098116487 0.993186653 0.062875263 -14.452208519 0.993765175 0.094419844 0.059295014 127.050025940
0.040815990 0.065693088 -0.997004747 -5.141551018 -0.095769905 0.993499279 0.061541434 -14.469585419 0.994566321 0.092971168 0.046842076 127.093933105
0.030019313 0.065390490 -0.997408092 -5.800220490 -0.095276512 0.993501484 0.062266815 -14.490104675 0.994998097 0.093160346 0.036054417 127.129974365
0.021101791 0.066747926 -0.997546732 -6.471574306 -0.098793797 0.993024707 0.064355500 -14.510876656 0.994884133 0.097193398 0.027548879 127.140151978
0.012457239 0.066270575 -0.997723937 -7.165781021 -0.101774976 0.992703438 0.064666353 -14.535425186 0.994729459 0.100737765 0.019111024 127.161918640
0.005945710 0.065780953 -0.997816443 -7.852738380 -0.104492776 0.992412269 0.064802051 -14.556255341 0.994507909 0.103879318 0.012774231 127.181480408
0.000437215 0.067213073 -0.997738600 -8.546414375 -0.105098709 0.992215991 0.066794999 -14.578283310 0.994461775 0.104831830 0.007497820 127.199798584
-0.002850318 0.068961456 -0.997615278 -9.267200470 -0.106709406 0.991902113 0.068871409 -14.589551926 0.994286180 0.106651239 0.004531600 127.219894409
-0.003859343 0.072488599 -0.997361779 -9.985823631 -0.109054528 0.991390049 0.072476566 -14.609491348 0.994028270 0.109046534 0.004079096 127.234970093
-0.004691507 0.075873479 -0.997106433 -10.719223976 -0.111757979 0.990831017 0.075921774 -14.623722076 0.993724346 0.111790799 0.003830974 127.244720459
-0.006141095 0.081707984 -0.996637404 -11.450441360 -0.116524085 0.989808083 0.081866093 -14.635758400 0.993168890 0.116634995 0.003442440 127.261245728
-0.007445718 0.085535713 -0.996307313 -12.188172340 -0.119490013 0.989120007 0.085811652 -14.649617195 0.992807508 0.119687691 0.002855955 127.279357910
-0.008990008 0.085931174 -0.996260583 -12.932741165 -0.118643150 0.989171684 0.086390331 -14.664626122 0.992896318 0.118976146 0.001302484 127.297981262
-0.009818156 0.082583666 -0.996535778 -13.702958107 -0.117104024 0.989631355 0.083165221 -14.681642532 0.993071079 0.117514871 -0.000045476 127.312767029
-0.011599312 0.079429880 -0.996773005 -14.454207420 -0.120862916 0.989419997 0.080250420 -14.688516617 0.992601514 0.121403731 -0.001876465 127.327812195
-0.012625173 0.081198290 -0.996618032 -15.227729797 -0.125722677 0.988658965 0.082142495 -14.697567940 0.991985083 0.126334548 -0.002273524 127.327667236
-0.014177625 0.084148444 -0.996352375 -16.003368378 -0.122948602 0.988744378 0.085255377 -14.711620331 0.992311776 0.123708852 -0.003672112 127.346015930
-0.016522976 0.084232159 -0.996309102 -16.777502060 -0.121648252 0.988873482 0.085620947 -14.726478577 0.992435753 0.122613981 -0.006092437 127.364173889
-0.017258924 0.083737656 -0.996338367 -17.567329407 -0.124886937 0.988502383 0.085242420 -14.736657143 0.992020905 0.125900820 -0.006602747 127.363815308
-0.018175896 0.083438262 -0.996347129 -18.362195969 -0.129422799 0.987931490 0.085094497 -14.749592781 0.991422892 0.130496711 -0.007157726 127.377029419
-0.019455118 0.087552384 -0.995969951 -19.159029007 -0.131230786 0.987316608 0.089355148 -14.753177643 0.991160929 0.132440329 -0.007718795 127.387466431
-0.020156514 0.092434302 -0.995514750 -19.962968826 -0.130435243 0.986963809 0.094281301 -14.765756607 0.991251826 0.131750599 -0.007837060 127.403266907
-0.019170249 0.094923116 -0.995299995 -20.785926819 -0.131265521 0.986627102 0.096624255 -14.772717476 0.991161883 0.132500872 -0.006453751 127.416961670
-0.017263692 0.093798511 -0.995441496 -21.604379654 -0.130719766 0.986832857 0.095254369 -14.778491020 0.991269052 0.131768361 -0.004775056 127.429016113
-0.016224528 0.094030663 -0.995437026 -22.435115814 -0.130608454 0.986838520 0.095347203 -14.783524513 0.991301298 0.131559476 -0.003729786 127.441879272
-0.016178882 0.092727542 -0.995559931 -23.265947342 -0.128801674 0.987201214 0.094042137 -14.784439087 0.991538405 0.129751310 -0.004028348 127.467185974
-0.015227001 0.094758213 -0.995383799 -24.103582382 -0.129779190 0.986891150 0.095935017 -14.790124893 0.991425991 0.130640909 -0.002729747 127.486091614
-0.014744155 0.096889921 -0.995185852 -24.942438126 -0.131441012 0.986469269 0.097988643 -14.790843964 0.991214335 0.132253021 -0.001809345 127.504272461
-0.014796457 0.099128202 -0.994964659 -25.806930542 -0.134023994 0.985897541 0.100217976 -14.788018227 0.990867615 0.134831980 -0.001302231 127.519721985
-0.013062870 0.100256726 -0.994875908 -26.670951843 -0.136150569 0.985515952 0.101101160 -14.783504486 0.990602016 0.136773556 0.000776342 127.532058716
-0.011074227 0.103452273 -0.994572818 -27.544021606 -0.142839208 0.984269857 0.103971057 -14.781808853 0.989683986 0.143215403 0.003877015 127.545959473
-0.009106014 0.107195027 -0.994196415 -28.426742554 -0.147594497 0.983203590 0.107361659 -14.775331497 0.989005983 0.147715524 0.006868335 127.564376831
-0.007019773 0.108917467 -0.994025946 -29.301855087 -0.150085121 0.982675612 0.108733669 -14.767843246 0.988648176 0.149951816 0.009448732 127.596229553
-0.003059396 0.109847307 -0.993943751 -30.199275970 -0.148732066 0.982843161 0.109078310 -14.767554283 0.988872826 0.148165017 0.013330914 127.618789673
-0.000314804 0.109715097 -0.993963003 -31.091901779 -0.151351571 0.982507408 0.108498544 -14.759424210 0.988479972 0.150472000 0.016296254 127.647789001
0.001964152 0.113508567 -0.993535042 -31.993421555 -0.151744753 0.982065260 0.111898199 -14.750098228 0.988417804 0.150543928 0.019153258 127.682334900
0.004457784 0.115228727 -0.993328989 -32.912582397 -0.150625661 0.982082844 0.113248184 -14.741340637 0.988580823 0.149116009 0.021734318 127.721733093
0.006326188 0.116500624 -0.993170440 -33.806034088 -0.151264653 0.981872976 0.114211909 -14.736595154 0.988472998 0.149509043 0.023833942 127.763420105
0.008780316 0.114732988 -0.993357539 -34.708362579 -0.152683750 0.981901169 0.112060212 -14.729310036 0.988236129 0.150685623 0.026139267 127.797256470
0.009223360 0.116020098 -0.993203998 -35.619449615 -0.157099813 0.981080055 0.113144904 -14.719033241 0.987539649 0.154988602 0.027275588 127.838699341
0.010412903 0.116562396 -0.993128777 -36.513477325 -0.157862753 0.980919421 0.113474213 -14.712572098 0.987406135 0.155596420 0.028615080 127.876747131
0.010469905 0.112937704 -0.993546963 -37.407447815 -0.158035934 0.981300592 0.109880283 -14.707981110 0.987377882 0.155865654 0.028122341 127.915977478
0.011489424 0.108993925 -0.993975997 -38.314975739 -0.159355685 0.981536925 0.105787918 -14.709681511 0.987154365 0.157180250 0.028646102 127.960876465
0.011973142 0.108198024 -0.994057298 -39.213104248 -0.158986866 0.981688082 0.104936749 -14.702915192 0.987208068 0.156785607 0.028955953 128.004058838
0.011924124 0.112415485 -0.993589818 -40.117912292 -0.161507294 0.980829835 0.109033547 -14.697206497 0.986799479 0.159171894 0.029851455 128.043945312
0.011996545 0.118538186 -0.992877007 -41.047489166 -0.161695272 0.980110109 0.115060255 -14.686165810 0.986767828 0.159163222 0.030924994 128.088043213
0.012273845 0.117178880 -0.993034959 -41.941768646 -0.159441352 0.980632663 0.113744728 -14.685219765 0.987131178 0.156934708 0.030719291 128.134536743
0.013044335 0.106933407 -0.994180501 -42.831901550 -0.158739686 0.981877744 0.103527322 -14.689832687 0.987234235 0.156465471 0.029782513 128.180221558
0.013466044 0.096354604 -0.995255947 -43.752769470 -0.160280958 0.982683480 0.092968762 -14.693762779 0.986979604 0.158268660 0.028676668 128.221038818
0.012430526 0.093283407 -0.995561898 -44.654933929 -0.157171160 0.983444989 0.090185612 -14.700757980 0.987493098 0.155352622 0.026886195 128.268554688
0.012232805 0.103475541 -0.994556785 -45.572586060 -0.149669692 0.983615577 0.100496307 -14.703397751 0.988660395 0.147625625 0.027519528 128.322067261
0.012288360 0.116546996 -0.993109167 -46.523109436 -0.144795969 0.982923329 0.113559969 -14.699582100 0.989385188 0.142402723 0.028954053 128.381896973
0.012430032 0.125671998 -0.991993964 -47.445663452 -0.145050839 0.981803656 0.122563504 -14.689512253 0.989346147 0.142366096 0.030432688 128.429214478
0.012437277 0.119825445 -0.992717206 -48.360782623 -0.145207629 0.982486248 0.116771311 -14.684337616 0.989323139 0.142697796 0.029619025 128.470993042
0.012604762 0.106389776 -0.994244635 -49.299316406 -0.145226076 0.983975291 0.103449769 -14.683176041 0.989318192 0.143086299 0.027853344 128.512619019
0.013282449 0.097544417 -0.995142519 -50.214916229 -0.145690650 0.984798312 0.094585903 -14.681829453 0.989241004 0.143726602 0.027291844 128.557723999
0.013708918 0.097565591 -0.995134771 -51.150283813 -0.144551426 0.984966993 0.094577402 -14.687257767 0.989402354 0.142551586 0.027606077 128.604476929
0.013286055 0.098798051 -0.995018721 -52.109107971 -0.147907048 0.984353900 0.095764153 -14.700083733 0.988912046 0.145897955 0.027691105 128.643829346
0.014056193 0.098482311 -0.995039463 -53.039020538 -0.152560711 0.983697772 0.095204666 -14.701974869 0.988194168 0.150465712 0.028851580 128.677474976
0.014243292 0.098061129 -0.995078385 -53.976234436 -0.154115885 0.983502686 0.094714396 -14.705442429 0.987950206 0.152008370 0.029121092 128.724578857
0.015070873 0.105459258 -0.994309306 -54.930587769 -0.162854925 0.981402695 0.101621911 -14.703474045 0.986534894 0.160396665 0.031965159 128.766250610
0.016896060 0.115037657 -0.993217409 -55.886341095 -0.169529632 0.979305923 0.110542431 -14.696496964 0.985380352 0.166512027 0.036048699 128.802276611
0.018287882 0.123172574 -0.992216647 -56.831718445 -0.169836447 0.978343487 0.118320048 -14.686841965 0.985302567 0.166350767 0.038811024 128.848693848
0.019061139 0.124123365 -0.992083669 -57.772102356 -0.171360970 0.977986872 0.119067259 -14.679756165 0.985023916 0.167734817 0.039911442 128.897583008
0.020568218 0.114557959 -0.993203580 -58.713409424 -0.172830537 0.978865504 0.109325014 -14.674518585 0.984736741 0.169407278 0.039932631 128.951644897
0.021189416 0.109568983 -0.993753314 -59.682106018 -0.171046659 0.979718864 0.104374416 -14.677659035 0.985035062 0.167766526 0.039501071 129.022476196
0.023410337 0.107989259 -0.993876338 -60.634399414 -0.169994563 0.980101049 0.102488354 -14.672574997 0.985166967 0.166554287 0.041302077 129.078216553
0.026841454 0.113934323 -0.993125677 -61.596252441 -0.170977414 0.979367077 0.107734844 -14.666751862 0.984909296 0.166910321 0.045767836 129.135848999
0.030476995 0.116291463 -0.992747366 -62.579216003 -0.173895910 0.978678942 0.109304935 -14.674304962 0.984292388 0.169303432 0.050049804 129.188217163
0.033962965 0.111020349 -0.993237555 -63.536598206 -0.173427626 0.979388475 0.103542127 -14.670297623 0.984260798 0.168738261 0.052516941 129.266601562
0.037161794 0.105330825 -0.993742585 -64.487007141 -0.173385382 0.980026662 0.097393103 -14.675094604 0.984152555 0.168681160 0.054682374 129.335601807
0.040611017 0.105238236 -0.993617415 -65.453468323 -0.170829907 0.980527103 0.096869640 -14.677556992 0.984463155 0.165805653 0.057798050 129.408386230
0.043001704 0.109317273 -0.993076265 -66.417129517 -0.168419927 0.980563581 0.100647032 -14.682857513 0.984776855 0.162925839 0.060577117 129.489257812
0.045966506 0.116520062 -0.992124081 -67.394248962 -0.167946965 0.979938149 0.107307665 -14.691309929 0.984723747 0.161691681 0.064613514 129.588607788
0.049495932 0.120308660 -0.991501927 -68.350059509 -0.165700197 0.979950726 0.110635258 -14.689208031 0.984933257 0.158816084 0.068438739 129.665359497
0.051330790 0.121875800 -0.991217196 -69.314270020 -0.165252611 0.979879975 0.111924104 -14.687743187 0.984914660 0.158056095 0.070438303 129.753387451
0.053495772 0.119317919 -0.991413951 -70.271339417 -0.163449690 0.980491281 0.109183788 -14.683829308 0.985100150 0.156205446 0.071954623 129.833465576
0.053617503 0.118000694 -0.991564929 -71.225616455 -0.161473721 0.980949044 0.108005889 -14.688012123 0.985419393 0.154320657 0.071650043 129.926147461
0.053713217 0.113804296 -0.992050052 -72.191421509 -0.157983601 0.981940031 0.104090698 -14.696106911 0.985979736 0.151136592 0.070722364 130.027359009
0.053529575 0.113811649 -0.992059171 -73.144020081 -0.156706244 0.982131302 0.104217134 -14.689472198 0.986193478 0.149883181 0.070408054 130.115280151
0.053083085 0.118770361 -0.991501749 -74.096832275 -0.153611362 0.982054949 0.109414667 -14.693226814 0.986704469 0.146497861 0.070374966 130.205093384
0.053119518 0.119657166 -0.991393149 -75.070739746 -0.147909060 0.982786834 0.110693350 -14.682607651 0.987573385 0.140756086 0.069903545 130.292526245
0.052589402 0.115845464 -0.991874099 -76.043022156 -0.145143226 0.983588159 0.107182153 -14.685922623 0.988012016 0.138327166 0.068540484 130.372726440
0.051708795 0.112902798 -0.992259681 -76.994812012 -0.147120833 0.983609140 0.104251720 -14.689661980 0.987765968 0.140591294 0.067471594 130.448257446
0.050377168 0.109653272 -0.992692471 -77.961723328 -0.143710464 0.984406471 0.101444975 -14.685694695 0.988336682 0.137549773 0.065349929 130.528671265
0.048255596 0.109818920 -0.992779553 -78.912597656 -0.143717214 0.984358370 0.101901792 -14.686638832 0.988441527 0.137762174 0.063283674 130.615280151
0.047290381 0.111721337 -0.992613792 -79.862312317 -0.144400597 0.984051764 0.103878088 -14.690417290 0.988388598 0.138421580 0.062668815 130.694915771
0.046644196 0.112617910 -0.992543101 -80.831825256 -0.147063777 0.983571351 0.104688749 -14.695240021 0.988026619 0.141084015 0.062439915 130.758514404
0.045014270 0.112891577 -0.992587268 -81.785163879 -0.146822140 0.983552277 0.105205566 -14.689888954 0.988138139 0.140998021 0.060848869 130.836135864
0.043076351 0.112826496 -0.992680550 -82.734642029 -0.146866664 0.983523428 0.105412588 -14.684957504 0.988217831 0.141250879 0.058937050 130.909317017
0.040681727 0.116578579 -0.992347956 -83.677719116 -0.146746799 0.983097434 0.109475896 -14.688189507 0.988337219 0.141170233 0.057101630 130.989669800
0.039479963 0.120141894 -0.991971374 -84.641281128 -0.148054734 0.982490659 0.113101140 -14.675274849 0.988190830 0.142400861 0.056576282 131.041961670
0.037164968 0.125028670 -0.991456747 -85.589965820 -0.149279848 0.981704414 0.118203059 -14.661766052 0.988096297 0.143611506 0.055149268 131.110977173
0.035276666 0.125035092 -0.991524935 -86.538116455 -0.149374649 0.981657088 0.118476234 -14.656983376 0.988151193 0.143929228 0.053306662 131.175659180
0.033951044 0.119063124 -0.992306054 -87.479507446 -0.149638936 0.982291937 0.112741761 -14.644948959 0.988157630 0.144659892 0.051166315 131.243637085
0.031866468 0.114642650 -0.992895603 -88.419334412 -0.154430851 0.982035398 0.108432308 -14.634997368 0.987489641 0.149878338 0.048998367 131.304687500
0.031486448 0.112478249 -0.993155181 -89.384681702 -0.152968809 0.982484281 0.106420077 -14.627833366 0.987729311 0.148570970 0.048140604 131.356384277
0.030461244 0.113654323 -0.993053257 -90.335853577 -0.148978665 0.982932985 0.107926242 -14.630541801 0.988371134 0.144656166 0.046873439 131.420639038
0.029895091 0.114858784 -0.992931902 -91.286796570 -0.145447910 0.983302712 0.109365761 -14.624213219 0.988914132 0.141150415 0.046101883 131.488983154
0.028758641 0.115033165 -0.992945313 -92.232376099 -0.140680566 0.983934760 0.109914772 -14.624972343 0.989637256 0.136527121 0.044479560 131.557250977
0.027633678 0.112301081 -0.993289888 -93.179794312 -0.136519581 0.984782815 0.107541248 -14.625344276 0.990251899 0.132631749 0.042544477 131.621597290
0.026936902 0.108786933 -0.993700027 -94.142387390 -0.131242201 0.985841095 0.104368918 -14.627119064 0.990984321 0.127604008 0.040832952 131.676849365
0.025988447 0.111216508 -0.993456304 -95.101821899 -0.129250795 0.985824227 0.106980957 -14.626586914 0.991271317 0.125624761 0.039994866 131.736083984
0.024649166 0.113839209 -0.993193328 -96.047492981 -0.129409865 0.985499382 0.109745629 -14.627145767 0.991284847 0.125823885 0.039023653 131.797134399
0.023496015 0.111907944 -0.993440688 -97.002593994 -0.124494404 0.986307561 0.108159967 -14.622171402 0.991942167 0.121136487 0.037106212 131.846893311
0.019822353 0.109159447 -0.993826509 -97.959495544 -0.122366697 0.986813724 0.105948500 -14.625796318 0.992286980 0.119511127 0.032918449 131.915191650
0.016891744 0.106460944 -0.994173408 -98.908706665 -0.121270888 0.987192690 0.103652939 -14.622271538 0.992475748 0.118813396 0.029586025 131.970687866
0.014795167 0.104990691 -0.994363129 -99.870780945 -0.115022093 0.988048792 0.102612585 -14.624783516 0.993252754 0.112855561 0.026694600 132.018310547
0.011859290 0.105845556 -0.994311750 -100.816772461 -0.108982727 0.988594890 0.103937119 -14.624505043 0.993972898 0.107130185 0.023259368 132.078918457
0.009150056 0.113227285 -0.993526995 -101.815139771 -0.098865591 0.988802850 0.111778378 -14.619140625 0.995058715 0.097202845 0.020241885 132.141021729
0.006663101 0.121349789 -0.992587507 -102.774101257 -0.090931185 0.988570631 0.120248295 -14.611975670 0.995834887 0.089455932 0.017621426 132.197540283
0.002601751 0.120626159 -0.992694557 -103.728179932 -0.086628936 0.988993227 0.119949341 -14.601155281 0.996237218 0.085683994 0.013022829 132.255630493
0.000913516 0.110909536 -0.993830085 -104.680442810 -0.087739788 0.990006626 0.110402174 -14.602169037 0.996142924 0.087097615 0.010635567 132.281326294
-0.001157993 0.101355717 -0.994849563 -105.628181458 -0.089481339 0.990848899 0.101052277 -14.595983505 0.995987773 0.089137502 0.007922051 132.319824219
-0.001956861 0.103218779 -0.994656742 -106.579193115 -0.096965104 0.989952028 0.102921322 -14.599370003 0.995285809 0.096648410 0.008071424 132.349014282
-0.002267259 0.112667099 -0.993630230 -107.554870605 -0.100334175 0.988593161 0.112324879 -14.583214760 0.994951189 0.099949755 0.009062964 132.375686646
-0.003769742 0.124130867 -0.992258608 -108.518013000 -0.104233377 0.986811817 0.123845465 -14.568628311 0.994545639 0.103893355 0.009218555 132.406311035
-0.005674175 0.125918135 -0.992024422 -109.464355469 -0.111143216 0.985814512 0.125765622 -14.554697990 0.993788183 0.110970393 0.008401264 132.440704346
-0.004693558 0.122680791 -0.992435038 -110.454139709 -0.118501440 0.985384703 0.122369684 -14.530930519 0.992942810 0.118179336 0.009912889 132.454025269
-0.005077454 0.118667372 -0.992921114 -111.407623291 -0.126590535 0.984869242 0.118352413 -14.514766693 0.991942108 0.126295343 0.010021539 132.481765747
-0.002753022 0.120736696 -0.992680788 -112.375862122 -0.131122008 0.984070182 0.120053068 -14.492545128 0.991362393 0.130492806 0.013122072 132.505508423
-0.001096306 0.122078091 -0.992519915 -113.357124329 -0.139281988 0.982827425 0.121039793 -14.471749306 0.990252137 0.138372824 0.015925800 132.529006958
-0.000605391 0.124631062 -0.992202997 -114.320510864 -0.148445219 0.981199026 0.123339392 -14.450810432 0.988920450 0.147362441 0.017906873 132.552337646
-0.000274941 0.126890048 -0.991916835 -115.296485901 -0.153879285 0.980097413 0.125420704 -14.426064491 0.988089621 0.152669907 0.019256284 132.580657959
0.000364976 0.126059726 -0.992022514 -116.274032593 -0.158236295 0.979531705 0.124414220 -14.407797813 0.987401187 0.156928569 0.020304732 132.616195679
0.001703038 0.116446488 -0.993195474 -117.227592468 -0.157099903 0.980895221 0.114735022 -14.406945229 0.987581193 0.155835524 0.019964237 132.653350830
0.003288263 0.104893826 -0.994477987 -118.180923462 -0.160416782 0.981659353 0.103011362 -14.393945694 0.987043917 0.159192249 0.020054689 132.691177368
