1.000000000 0.000000000 0.000000000 0.000000000 0.000000000 1.000000000 0.000000000 0.000000000 0.000000000 0.000000000 1.000000000 0.000000000
0.999997854 -0.001601409 -0.001319021 0.048617400 0.001598605 0.999996483 -0.002124342 -0.133098662 0.001322419 0.002122228 0.999996901 1.297911882
0.999997616 -0.000046059 -0.002183026 0.105726562 0.000032215 0.999979854 -0.006341300 -0.267895788 0.002183275 0.006341214 0.999977529 2.603495359
0.999995768 0.002490714 -0.001467855 0.151901141 -0.002502201 0.999965847 -0.007876390 -0.406309277 0.001448187 0.007880029 0.999967933 3.908093452
0.999983251 0.005783865 0.000091166 0.195662156 -0.005783136 0.999961436 -0.006610699 -0.544526577 -0.000129398 0.006610062 0.999978244 5.221067429
0.999974906 0.006667674 0.002396597 0.243715450 -0.006659767 0.999972403 -0.003291729 -0.689018846 -0.002418479 0.003275685 0.999991715 6.535734177
0.999959171 0.006986833 0.005724014 0.300082982 -0.006976000 0.999973893 -0.001910262 -0.826808572 -0.005737211 0.001870253 0.999981821 7.839576244
0.999944448 0.005253992 0.009134821 0.354033917 -0.005237700 0.999984562 -0.001806561 -0.960341454 -0.009144174 0.001758616 0.999956667 9.140971184
0.999914527 0.003924993 0.012466943 0.432329506 -0.003903736 0.999990880 -0.001729019 -1.097174883 -0.012473616 0.001680204 0.999920845 10.441221237
0.999873519 0.002674688 0.015685922 0.499972373 -0.002634709 0.999993205 -0.002568795 -1.232955098 -0.015692687 0.002527142 0.999873698 11.748695374
0.999817371 0.001382107 0.019058993 0.575854659 -0.001317249 0.999993265 -0.003415134 -1.368439436 -0.019063581 0.003389405 0.999812543 13.042632103
0.999748468 0.001448817 0.022380646 0.645486951 -0.001375381 0.999993622 -0.003296235 -1.518349409 -0.022385282 0.003264624 0.999744058 14.363677025
0.999667108 0.001432840 0.025759980 0.729463935 -0.001320565 0.999989629 -0.004374976 -1.656016111 -0.025765980 0.004339502 0.999658644 15.661305428
0.999577701 0.002255795 0.028969182 0.812167645 -0.002131078 0.999988317 -0.004335301 -1.794216633 -0.028978622 0.004271735 0.999570906 16.965967178
0.999479175 0.001920295 0.032213494 0.902123809 -0.001795262 0.999990761 -0.003909843 -1.934029460 -0.032220706 0.003849975 0.999473333 18.252656937
0.999410689 0.000323316 0.034324437 1.000134587 -0.000196107 0.999993086 -0.003709366 -2.075561762 -0.034325395 0.003700448 0.999403954 19.552320480
0.999346554 -0.002126219 0.036082767 1.095358610 0.002307545 0.999984860 -0.004984362 -2.215415478 -0.036071625 0.005064366 0.999336302 20.825391769
0.999313235 -0.001950910 0.037003908 1.196801782 0.002201077 0.999974966 -0.006721011 -2.357875109 -0.036989864 0.006797844 0.999292493 22.132625580
0.999269068 -0.002082971 0.038170777 1.283032894 0.002437808 0.999954224 -0.009251839 -2.500820875 -0.038149759 0.009338128 0.999228358 23.414716721
0.999232709 -0.001396004 0.039144993 1.384035707 0.001817096 0.999940872 -0.010723715 -2.647134066 -0.039127711 0.010786613 0.999176025 24.707166672
0.999188602 -0.000755728 0.040268179 1.484083056 0.001214648 0.999934554 -0.011373322 -2.792958498 -0.040256951 0.011413005 0.999124229 25.977397919
0.999165535 -0.002392199 0.040772956 1.581221700 0.002813321 0.999943256 -0.010274217 -2.940975904 -0.040746067 0.010380349 0.999115586 27.269937515
0.999162138 -0.005374556 0.040573303 1.685614347 0.005754078 0.999940693 -0.009243034 -3.087014675 -0.040521212 0.009468751 0.999133825 28.547964096
0.999180734 -0.006896691 0.039877299 1.779725313 0.007284006 0.999927640 -0.009575552 -3.235261440 -0.039808370 0.009858174 0.999158680 29.843536377
0.999201238 -0.008565021 0.039034124 1.885691166 0.009040285 0.999886990 -0.012015392 -3.381206036 -0.038926803 0.012358675 0.999165595 31.110576630
0.999226928 -0.008572767 0.038367521 1.989570260 0.009044922 0.999885201 -0.012149519 -3.532199383 -0.038258962 0.012487155 0.999189854 32.402629852
0.999237716 -0.009143406 0.037952509 2.084940434 0.009622143 0.999876201 -0.012450656 -3.677130222 -0.037833974 0.012806350 0.999202013 33.667499542
0.999256074 -0.009794548 0.037299823 2.182682276 0.010273027 0.999867022 -0.012657982 -3.818883181 -0.037170891 0.013031751 0.999223948 34.938003540
0.999265075 -0.010204916 0.036948286 2.273020267 0.010702531 0.999854207 -0.013295200 -3.963507891 -0.036807232 0.013680870 0.999228716 36.200729370
0.999310315 -0.011000240 0.035470761 2.392707825 0.011482085 0.999844134 -0.013409344 -4.119778156 -0.035317719 0.013807370 0.999280691 37.490814209
0.999313235 -0.010600781 0.035506878 2.484210730 0.011020034 0.999871552 -0.011632780 -4.265059948 -0.035378996 0.012016075 0.999301732 38.748905182
0.999270320 -0.010598759 0.036694862 2.584986210 0.010998387 0.999882221 -0.010705941 -4.404224873 -0.036577072 0.011101713 0.999269187 40.023918152
0.999184370 -0.012464682 0.038410179 2.691700459 0.012802312 0.999881446 -0.008556738 -4.552588940 -0.038298976 0.009041496 0.999225378 41.272495270
0.999082267 -0.013318155 0.040709853 2.791929245 0.013741824 0.999854088 -0.010144917 -4.693132401 -0.040568795 0.010695037 0.999119520 42.543441772
0.998957753 -0.014489550 0.043283507 2.886457205 0.015078013 0.999797821 -0.013300154 -4.842810631 -0.043082044 0.013938922 0.998974323 43.794948578
0.998852432 -0.015769932 0.045222737 2.992475748 0.016431842 0.999762714 -0.014302452 -4.990901947 -0.044986460 0.015029133 0.998874485 45.058242798
0.998722911 -0.016209636 0.047851998 3.115283966 0.016864674 0.999769092 -0.013316940 -5.122502804 -0.047625087 0.014106940 0.998765588 46.291851044
0.998520613 -0.017193118 0.051584743 3.221343994 0.017712161 0.999796808 -0.009621703 -5.282583237 -0.051408831 0.010521147 0.998622417 47.565132141
0.998246849 -0.020137850 0.055655818 3.337003231 0.020600919 0.999757588 -0.007759004 -5.418914795 -0.055486079 0.008891963 0.998419881 48.793140411
0.998025239 -0.022233905 0.058746342 3.475887537 0.022743963 0.999709070 -0.008028039 -5.559245110 -0.058550760 0.009348311 0.998240650 50.045536041
0.997761428 -0.025514193 0.061814293 3.621222019 0.026308954 0.999580860 -0.012077576 -5.691097260 -0.061480235 0.013676811 0.998014569 51.279823303
0.997458994 -0.026844466 0.065991849 3.748947620 0.027700424 0.999543071 -0.012089880 -5.828495502 -0.065637149 0.013887161 0.997746944 52.515487671
0.997120261 -0.029323485 0.069937594 3.883435726 0.030044194 0.999505579 -0.009275283 -5.969698429 -0.069631040 0.011349792 0.997508228 53.731452942
0.996847630 -0.032044739 0.072579905 4.043976307 0.032579511 0.999449849 -0.006195902 -6.101487160 -0.072341427 0.008540989 0.997343421 54.928386688
0.996585488 -0.034428924 0.075045131 4.180603981 0.034869250 0.999381483 -0.004564745 -6.236989498 -0.074841581 0.007165926 0.997169673 56.175369263
0.996380270 -0.037409604 0.076334119 4.331459522 0.037634276 0.999290466 -0.001506367 -6.360855103 -0.076223619 0.004373694 0.997081101 57.381801605
0.996193230 -0.040292904 0.077301621 4.469710827 0.040411342 0.999183059 0.000032295 -6.490082264 -0.077239782 0.003091690 0.997007728 58.610858917
0.996151865 -0.042089380 0.076876223 4.616859913 0.042468190 0.999092340 -0.003298594 -6.613061905 -0.076667622 0.006550694 0.997035205 59.804832458
0.996164680 -0.043448631 0.075948440 4.767814159 0.044144053 0.998997033 -0.007501181 -6.744278908 -0.075546362 0.010825084 0.997083545 61.010944366
0.996173680 -0.044800226 0.075039908 4.904850960 0.045790132 0.998884678 -0.011522742 -6.872415543 -0.074439980 0.014914740 0.997113883 62.192050934
0.996172190 -0.046736781 0.073869094 5.039681435 0.047876772 0.998758733 -0.013736962 -7.008620739 -0.073135383 0.017220993 0.997173309 63.406501770
0.996317685 -0.046833612 0.071816698 5.178959846 0.047929775 0.998757899 -0.013615835 -7.143169880 -0.071089834 0.017007854 0.997324884 64.581069946
0.996564746 -0.045706756 0.069061600 5.309855938 0.046729598 0.998819470 -0.013267525 -7.285306931 -0.068373643 0.016449168 0.997524142 65.806571960
0.996799111 -0.044987042 0.066089481 5.432117462 0.045838334 0.998883605 -0.011420717 -7.415098190 -0.065501899 0.014413591 0.997748256 66.981849670
0.997192919 -0.041099336 0.062585928 5.553054333 0.041657317 0.999102771 -0.007636489 -7.549436092 -0.062215917 0.010222215 0.998010337 68.162521362
0.997472107 -0.039154336 0.059298538 5.672025681 0.039550722 0.999202251 -0.005525321 -7.674565792 -0.059034891 0.007856654 0.998224974 69.344520569
0.997647941 -0.037852332 0.057146978 5.768757820 0.038391382 0.999227822 -0.008364048 -7.814122200 -0.056786258 0.010538328 0.998330772 70.514465332
0.997869670 -0.038474984 0.052686285 5.897639751 0.039339472 0.999106109 -0.015470308 -7.947430611 -0.052043967 0.017510002 0.998491228 71.706565857
0.997883856 -0.042477101 0.049229503 6.007704735 0.043434560 0.998884141 -0.018544523 -8.082181931 -0.048386857 0.020643542 0.998615324 72.877616882
0.997921467 -0.046419203 0.044697918 6.123153687 0.047068726 0.998799145 -0.013589766 -8.220436096 -0.044013422 0.015665393 0.998908103 74.051612854
0.997907639 -0.050183315 0.040767055 6.225070953 0.050574441 0.998683035 -0.008619798 -8.348590851 -0.040280800 0.010663532 0.999131501 75.212135315
0.997978866 -0.052384019 0.035973307 6.326345444 0.052631158 0.998596191 -0.005957263 -8.474092484 -0.035610743 0.007838539 0.999334991 76.404510498
0.998158574 -0.051617920 0.031860851 6.418070793 0.051761158 0.998652697 -0.003686420 -8.597806931 -0.031627640 0.005328787 0.999485493 77.564048767
0.998296261 -0.051444143 0.027532011 6.518618584 0.051563207 0.998663127 -0.003631732 -8.714258194 -0.027308363 0.005045184 0.999614298 78.722930908
0.998429954 -0.050038174 0.025172535 6.577651024 0.050189588 0.998724997 -0.005419113 -8.845643044 -0.024869278 0.006674004 0.999668360 79.899421692
0.998622060 -0.047708046 0.021861438 6.654863358 0.047941983 0.998796940 -0.010304363 -8.975611687 -0.021343537 0.011338244 0.999707937 81.043464661
0.998539507 -0.051039118 0.017714435 6.742027283 0.051300485 0.998576164 -0.014627373 -9.119099617 -0.016942641 0.015514771 0.999736130 82.206909180
0.998384893 -0.054626592 0.015602655 6.801544189 0.054877963 0.998362184 -0.016164457 -9.246332169 -0.014694086 0.016994594 0.999747694 83.340179443
0.998418212 -0.055022467 0.011559558 6.873976707 0.055168863 0.998395622 -0.012751895 -9.377579689 -0.010839374 0.013369454 0.999851823 84.505233765
0.998419344 -0.055463396 0.009088088 6.934434414 0.055554446 0.998404682 -0.010091548 -9.505887032 -0.008513877 0.010580480 0.999907792 85.636932373
0.998558462 -0.052986894 0.008566322 6.986418247 0.053086210 0.998520136 -0.011813363 -9.634092331 -0.007927692 0.012251086 0.999893546 86.777603149
0.998754144 -0.049343854 0.007442754 7.043734550 0.049450837 0.998664618 -0.014949963 -9.768155098 -0.006695125 0.015299388 0.999860466 87.905776978
0.998817086 -0.048261013 0.005945928 7.100408554 0.048357714 0.998679161 -0.017363969 -9.900046349 -0.005100071 0.017630963 0.999831498 89.022476196
0.998773932 -0.049238127 0.005137706 7.154528141 0.049322084 0.998625278 -0.017745661 -10.034342766 -0.004256880 0.017977305 0.999829292 90.136375427
0.998730540 -0.050133534 0.004875079 7.194642544 0.050203808 0.998617768 -0.015556848 -10.170117378 -0.004088421 0.015781846 0.999867082 91.264541626
0.998644948 -0.051913124 0.003649315 7.256110191 0.051955391 0.998569369 -0.012643600 -10.297076225 -0.002987725 0.012816070 0.999913394 92.374145508
0.998675227 -0.051325053 0.003671509 7.307697296 0.051366609 0.998604238 -0.012297146 -10.422224998 -0.003035232 0.012469452 0.999917567 93.509689331
0.998639047 -0.052028701 0.003592669 7.353994370 0.052075185 0.998539925 -0.014356403 -10.555711746 -0.002840478 0.014523955 0.999890506 94.644783020
0.998639166 -0.052060124 0.003111766 7.412265778 0.052107397 0.998483300 -0.017778996 -10.684677124 -0.002181469 0.017916949 0.999837101 95.743736267
0.998587191 -0.053083073 0.002410375 7.472182274 0.053119306 0.998408496 -0.018942859 -10.816071510 -0.001400993 0.019044133 0.999817610 96.848197937
0.998586059 -0.053058416 0.003260826 7.513602734 0.053108104 0.998431325 -0.017733200 -10.947965622 -0.002314816 0.017881302 0.999837458 97.918495178
0.998598933 -0.052778512 0.003818546 7.566270351 0.052820541 0.998533189 -0.011900267 -11.071472168 -0.003184866 0.012085291 0.999921918 99.007682800
0.998695970 -0.050811373 0.004977716 7.619544029 0.050853815 0.998667300 -0.008807565 -11.191253662 -0.004523558 0.009049214 0.999948800 100.085304260
0.998758256 -0.049327713 0.006979583 7.676308632 0.049389005 0.998740017 -0.008899730 -11.305076599 -0.006531784 0.009233393 0.999936044 101.138275146
0.998837709 -0.047412883 0.008675845 7.731929302 0.047501799 0.998817563 -0.010346048 -11.431619644 -0.008175049 0.010746141 0.999908864 102.183235168
0.998806059 -0.047615364 0.010921336 7.791843414 0.047753822 0.998777270 -0.012788422 -11.549703598 -0.010299058 0.013294689 0.999858618 103.199813843
0.998705328 -0.049344167 0.012360568 7.859267235 0.049511589 0.998680592 -0.013626169 -11.664093971 -0.011671888 0.014220523 0.999830723 104.214538574
0.998588264 -0.051117226 0.014436658 7.923062325 0.051298454 0.998605430 -0.012475014 -11.793849945 -0.013778836 0.013197981 0.999818087 105.214973450
0.998569965 -0.050996948 0.016036263 7.986425400 0.051175945 0.998629510 -0.010957549 -11.907715797 -0.015455482 0.011762550 0.999811411 106.172393799
0.998491943 -0.051980074 0.017660649 8.044614792 0.052154556 0.998593152 -0.009566452 -12.015275955 -0.017138541 0.010473107 0.999798238 107.131492615
0.998422205 -0.052706536 0.019369598 8.105634689 0.052906014 0.998550117 -0.009934076 -12.120441437 -0.018817924 0.010943169 0.999763131 108.046829224
0.998397350 -0.052519877 0.021081539 8.169408798 0.052700073 0.998577595 -0.008084423 -12.221527100 -0.020626957 0.009182463 0.999745071 108.955085754
0.998395741 -0.051688686 0.023111382 8.228071213 0.051840812 0.998637199 -0.006031916 -12.317567825 -0.022768103 0.007220351 0.999714673 109.824020386
0.998367369 -0.051618226 0.024454596 8.288598061 0.051698234 0.998659253 -0.002650222 -12.421559334 -0.024285007 0.003910154 0.999697566 110.680946350
0.998315990 -0.051748887 0.026216101 8.348540306 0.051831201 0.998652756 -0.002469538 -12.513370514 -0.026052987 0.003824190 0.999653339 111.506919861
0.998337805 -0.050795134 0.027228646 8.405054092 0.050866634 0.998703718 -0.001939436 -12.600223541 -0.027094832 0.003321242 0.999627292 112.321952820
0.998435318 -0.048566554 0.027718406 8.459532738 0.048628256 0.998815715 -0.001555979 -12.680253029 -0.027610013 0.002901442 0.999614596 113.102584839
0.998577774 -0.045923609 0.027082928 8.505311966 0.045903835 0.998944938 0.001351911 -12.756414413 -0.027116440 -0.000106778 0.999632299 113.858589172
0.998656690 -0.045932017 0.023978835 8.555246353 0.045888297 0.998943746 0.002370409 -12.839814186 -0.024062388 -0.001266877 0.999709666 114.606101990
0.998778343 -0.046119809 0.017745072 8.591863632 0.046079054 0.998934150 0.002698941 -12.915008545 -0.017850634 -0.001877967 0.999838948 115.303222656
0.998979151 -0.044522725 0.007635931 8.616806030 0.044512611 0.999007761 0.001488953 -12.990366936 -0.007694645 -0.001147537 0.999969721 115.971290588
0.999122798 -0.041489627 -0.005670378 8.614221573 0.041481744 0.999138057 -0.001500150 -13.057983398 0.005727734 0.001263618 0.999982834 116.604339600
0.998866558 -0.040205494 -0.025483131 8.621002197 0.040122535 0.999187708 -0.003758470 -13.129746437 0.025613543 0.002731762 0.999668181 117.243621826
0.998104274 -0.038621511 -0.047921389 8.589101791 0.038379710 0.999245524 -0.005955936 -13.200261116 0.048115261 0.004105436 0.998833239 117.832450867
0.996444523 -0.036946747 -0.075718515 8.551449776 0.036448698 0.999303877 -0.007949436 -13.265875816 0.075959511 0.005161331 0.997097492 118.400917053
0.993534744 -0.035024088 -0.107991911 8.481765747 0.034141622 0.999366879 -0.010010209 -13.331461906 0.108274132 0.006258470 0.994101346 118.950157166
0.989261031 -0.030007539 -0.143046230 8.374937057 0.028667128 0.999523759 -0.011422761 -13.398546219 0.143320858 0.007199368 0.989650130 119.489646912
0.983088672 -0.024196951 -0.181524634 8.268964767 0.022610456 0.999685943 -0.010804425 -13.458939552 0.181729093 0.006517354 0.983327031 120.001586914
0.974557519 -0.018786166 -0.223348692 8.131975174 0.017201483 0.999811172 -0.009038717 -13.513613701 0.223476321 0.004966822 0.974696696 120.505447388
0.963339984 -0.014202726 -0.267907560 7.958129883 0.012648865 0.999891698 -0.007525110 -13.571441650 0.267985404 0.003860514 0.963415325 121.002029419
0.949143827 -0.007911647 -0.314743459 7.773933411 0.005672994 0.999951661 -0.008028057 -13.627656937 0.314791858 0.005834244 0.949142814 121.469909668
0.931885660 -0.000219370 -0.362752259 7.545654297 -0.003208526 0.999955595 -0.008847209 -13.683180809 0.362738132 0.009408486 0.931843638 121.929161072
0.910937130 0.004480979 -0.412520885 7.279991150 -0.009344579 0.999908566 -0.009773454 -13.738642693 0.412439406 0.012757837 0.910895646 122.383316040
0.885933459 0.008697955 -0.463730633 7.013401031 -0.014312534 0.999860644 -0.008589491 -13.791378975 0.463591307 0.014246881 0.885934591 122.797187805
0.856588662 0.011542211 -0.515870690 6.735115051 -0.018852651 0.999782383 -0.008934927 -13.829433441 0.515655339 0.017379088 0.856619835 123.205581665
0.825652361 0.021800475 -0.563757896 6.402149200 -0.030063113 0.999533594 -0.005377082 -13.883245468 0.563377738 0.021387918 0.825922608 123.566169739
0.791305244 0.034018178 -0.610474408 6.061832428 -0.042297844 0.999104619 0.000847249 -13.921534538 0.609956682 0.025151314 0.792035520 123.927444458
0.755443037 0.042696476 -0.653821647 5.705596924 -0.053559661 0.998559117 0.003324571 -13.962338448 0.653021455 0.032506935 0.756641388 124.243080139
0.715698540 0.046602681 -0.696852803 5.336212158 -0.060755491 0.998143196 0.004353181 -14.009494781 0.695761681 0.039222069 0.717200935 124.543342590
0.673251987 0.048338614 -0.737831354 4.959888458 -0.063360430 0.997962058 0.007566171 -14.058701515 0.736693323 0.041655373 0.674942732 124.824630737
0.629317760 0.051721800 -0.775425076 4.551670074 -0.066614568 0.997700632 0.012484948 -14.092716217 0.774287820 0.043797612 0.631316185 125.095886230
0.584462166 0.060559805 -0.809157968 4.124717712 -0.077804327 0.996798813 0.018404644 -14.127880096 0.807682276 0.052199163 0.587302983 125.325393677
0.538953722 0.069247998 -0.839484096 3.681301117 -0.089520141 0.995679677 0.024659928 -14.150071144 0.837564945 0.061860170 0.542824388 125.536422729
0.492196590 0.074358560 -0.867302299 3.226203918 -0.095292829 0.994959474 0.031224353 -14.177167892 0.865252376 0.067279167 0.496801585 125.739173889
0.444702119 0.075822800 -0.892463446 2.763431549 -0.094510391 0.994820237 0.037425715 -14.205532074 0.890678227 0.067703761 0.449564695 125.922004700
0.397733450 0.076921649 -0.914270818 2.285541534 -0.091779418 0.994816899 0.043771740 -14.223348618 0.912899077 0.066501752 0.402731806 126.095672607
0.351886511 0.080529988 -0.932572186 1.788383484 -0.093975671 0.994297922 0.050400425 -14.253482819 0.931313336 0.069903873 0.357447803 126.243347168
0.308569968 0.083786957 -0.947504342 1.288688660 -0.099655837 0.993478596 0.055397909 -14.273165703 0.945966899 0.077330202 0.314907521 126.356697083
0.267026156 0.085178465 -0.959917545 0.767087936 -0.104386456 0.992781818 0.059056871 -14.289384842 0.958019137 0.084432669 0.273990124 126.459907532
0.227509350 0.081822887 -0.970332205 0.240564346 -0.104561873 0.992755055 0.059197538 -14.308154106 0.968145847 0.087991752 0.234416574 126.564407349
0.192516223 0.076572478 -0.978301644 -0.301826477 -0.100122318 0.993280709 0.058042213 -14.328546524 0.976172626 0.086775780 0.198889270 126.653366089
0.161952019 0.071215078 -0.984225452 -0.849502563 -0.097475849 0.993669093 0.055858951 -14.349051476 0.981972516 0.086891763 0.167868435 126.735168457
0.135770470 0.069824509 -0.988276720 -1.416833878 -0.098666713 0.993507385 0.056639131 -14.370376587 0.985815048 0.089820094 0.141778320 126.800552368
0.113763161 0.069048993 -0.991105437 -2.009897232 -0.099063285 0.993398845 0.057837870 -14.384092331 0.988556743 0.091602355 0.119852401 126.858428955
0.094879590 0.070764504 -0.992970347 -2.603250504 -0.101582520 0.992951691 0.061056819 -14.403091431 0.990292251 0.095075399 0.101399295 126.919479370
0.079128139 0.068978652 -0.994475007 -3.217092514 -0.102655269 0.992863297 0.060698804 -14.427865982 0.991564691 0.097285129 0.085644446 126.970268250
0.064681463 0.068029501 -0.995584428 -3.836593628 -0.101573490 0.992940664 0.061249800 -14.459381104 0.992723167 0.097163253 0.071134850 127.025970459
0.052776523 0.065396637 -0.996462703 -4.476433754 -0.097218402 0.993449867 0.060049832 -14.481135368 0.993862867 0.093705289 0.058788583 127.067558289
0.040776476 0.062917896 -0.997185409 -5.125472546 -0.094880901 0.993749261 0.058821268 -14.499363899 0.994653106 0.092215307 0.046491299 127.104293823
0.030454399 0.061922252 -0.997616231 -5.794450760 -0.094250455 0.993810058 0.058808785 -14.518180847 0.995082557 0.092234805 0.036102090 127.139938354
0.020771900 0.063408546 -0.997771382 -6.465172768 -0.097553723 0.993353128 0.061096862 -14.541786194 0.995013475 0.096067220 0.026819570 127.162750244
0.012374075 0.063555092 -0.997901618 -7.145298958 -0.100579195 0.992995739 0.061995450 -14.572007179 0.994852185 0.099601015 0.018679729 127.179153442
0.005816524 0.062666267 -0.998017609 -7.840549946 -0.102547280 0.992810130 0.061741658 -14.591876030 0.994711101 0.101984859 0.012200962 127.199340820
0.000790157 0.063455418 -0.997984290 -8.540673256 -0.103324085 0.992648423 0.063034341 -14.609774590 0.994647324 0.103066020 0.007340824 127.215728760
-0.002907614 0.065835021 -0.997826219 -9.264923096 -0.105669580 0.992223740 0.065773278 -14.630555153 0.994396985 0.105631135 0.004071756 127.241333008
-0.003820843 0.069851451 -0.997550070 -9.995683670 -0.107861042 0.991708815 0.069855548 -14.656906128 0.994158506 0.107863709 0.003745087 127.246139526
-0.004622645 0.073170356 -0.997308612 -10.728433609 -0.110113092 0.991217375 0.073233843 -14.674049377 0.993908286 0.110155299 0.003474968 127.255676270
-0.005301085 0.078686774 -0.996885240 -11.468703270 -0.114748068 0.990266383 0.078774504 -14.681442261 0.993380427 0.114808261 0.003779669 127.265541077
-0.006451888 0.082596779 -0.996562123 -12.210222244 -0.117810383 0.989579737 0.082780786 -14.696491241 0.993015051 0.117939457 0.003346100 127.275962830
-0.007800675 0.082836218 -0.996532738 -12.973898888 -0.117653809 0.989565074 0.083178021 -14.713904381 0.993023992 0.117894679 0.002026721 127.292633057
-0.009073228 0.079787605 -0.996770501 -13.717807770 -0.115266457 0.990083456 0.080301546 -14.733432770 0.993293166 0.115622804 0.000213581 127.313262939
-0.010625905 0.076044746 -0.997047782 -14.477892876 -0.118875198 0.989936948 0.076769285 -14.738795280 0.992852330 0.119339988 -0.001479144 127.327751160
-0.011869107 0.077918008 -0.996889114 -15.243383408 -0.124116011 0.989134610 0.078789666 -14.752222061 0.992196739 0.124665052 -0.002069271 127.330345154
-0.013867510 0.081550367 -0.996572673 -16.011539459 -0.120990701 0.989208460 0.082631342 -14.768236160 0.992556751 0.121721901 -0.003851025 127.350166321
-0.015768643 0.081446022 -0.996553004 -16.785575867 -0.120329924 0.989278615 0.082755506 -14.786820412 0.992608786 0.121220097 -0.005799192 127.365058899
-0.016691301 0.080763943 -0.996593416 -17.577610016 -0.123200439 0.988970816 0.082209595 -14.799857140 0.992241442 0.124152936 -0.006557055 127.365333557
-0.017020548 0.080420777 -0.996615648 -18.365383148 -0.127965599 0.988387764 0.081942268 -14.806455612 0.991632640 0.128927201 -0.006531808 127.363990784
-0.018102448 0.085067175 -0.996210754 -19.168945312 -0.129863411 0.987733722 0.086703099 -14.816051483 0.991366625 0.130940869 -0.006833289 127.368949890
-0.019265033 0.089163885 -0.995830655 -19.995265961 -0.128936917 0.987476885 0.090910271 -14.824934006 0.991465628 0.130150720 -0.007527257 127.394645691
-0.017900346 0.091781326 -0.995618343 -20.811494827 -0.129908428 0.987123489 0.093333863 -14.836871147 0.991364419 0.131009921 -0.005746683 127.403083801
-0.017484894 0.090302497 -0.995760977 -21.637809753 -0.129572570 0.987310231 0.091811337 -14.844820976 0.991415679 0.130628631 -0.005562290 127.430259705
-0.016077733 0.090218149 -0.995792270 -22.463920593 -0.129363805 0.987362564 0.091543086 -14.850954056 0.991466820 0.130291283 -0.004203590 127.441833496
-0.015091008 0.089460932 -0.995876014 -23.297399521 -0.128683582 0.987532854 0.090661444 -14.858103752 0.991570830 0.129521072 -0.003390714 127.461280823
-0.014545325 0.091545217 -0.995694637 -24.130739212 -0.129263431 0.987271607 0.092659093 -14.866434097 0.991503596 0.130054653 -0.002526738 127.481750488
-0.014278948 0.093693055 -0.995498717 -24.980157852 -0.131103337 0.986829698 0.094757639 -14.874950409 0.991265893 0.131866217 -0.001807419 127.494804382
-0.013627194 0.096265770 -0.995262384 -25.833909988 -0.133672193 0.986244977 0.097223826 -14.875007629 0.990931988 0.134363770 -0.000571695 127.511306763
-0.012267435 0.097233780 -0.995185912 -26.705471039 -0.135587484 0.985906780 0.097998537 -14.870610237 0.990689456 0.136136949 0.001089135 127.526557922
-0.010388905 0.100304089 -0.994902551 -27.578004837 -0.142109409 0.984709203 0.100760333 -14.873381615 0.989796460 0.142431810 0.004024103 127.541839600
-0.007943947 0.103968576 -0.994548917 -28.451114655 -0.147107735 0.983637512 0.104002945 -14.867725372 0.989088655 0.147132009 0.007480617 127.563003540
-0.005451171 0.106166959 -0.994333386 -29.336376190 -0.149917513 0.983023405 0.105781272 -14.865756989 0.988683462 0.149644628 0.010557659 127.587951660
-0.002819614 0.106507920 -0.994307816 -30.217567444 -0.147701487 0.983361781 0.105754234 -14.867706299 0.989027977 0.147158965 0.012958677 127.626571655
0.000400532 0.106376640 -0.994325817 -31.116785049 -0.150169849 0.983056784 0.105110548 -14.862678528 0.988660097 0.149275661 0.016368315 127.654090881
0.002342986 0.110493451 -0.993874073 -32.007251740 -0.150991216 0.982521176 0.108875334 -14.859779358 0.988532305 0.149811178 0.018985575 127.696563721
0.005128151 0.112714902 -0.993614137 -32.927642822 -0.150404677 0.982410848 0.110667758 -14.854871750 0.988611281 0.148876682 0.021990802 127.723587036
0.007665240 0.113840036 -0.993469536 -33.832309723 -0.151341587 0.982186615 0.111379415 -14.848095894 0.988451719 0.149499506 0.024757426 127.764495850
0.009368054 0.111535996 -0.993716240 -34.720169067 -0.151608884 0.982429922 0.108839966 -14.839978218 0.988396049 0.149636596 0.026113305 127.812995911
0.010105401 0.112746798 -0.993572414 -35.627330780 -0.155831009 0.981660962 0.109810241 -14.830924988 0.987731993 0.153719708 0.027489528 127.839416504
0.011461808 0.113873936 -0.993429065 -36.531719208 -0.157340065 0.981323540 0.110670999 -14.829782486 0.987477958 0.155037731 0.029164681 127.875289917
0.011028500 0.110202216 -0.993848085 -37.416553497 -0.157103524 0.981755674 0.107118033 -14.830759048 0.987520576 0.154955685 0.028140455 127.925109863
0.012127618 0.106173210 -0.994273603 -38.317317963 -0.159125060 0.981880307 0.102908872 -14.831844330 0.987183988 0.156965867 0.028802687 127.958297729
0.012444739 0.105481632 -0.994343340 -39.226497650 -0.158317834 0.982084990 0.102199785 -14.832425117 0.987309694 0.156150475 0.028921416 128.008102417
0.012031642 0.109780565 -0.993883073 -40.127548218 -0.160385996 0.981297612 0.106448844 -14.828228951 0.986980975 0.158124134 0.029413885 128.050689697
0.012136730 0.116145536 -0.993158042 -41.035636902 -0.160966948 0.980504274 0.112698659 -14.823799133 0.986885071 0.158497825 0.030595711 128.089096069
0.012712099 0.114815101 -0.993305564 -41.951438904 -0.158529401 0.981053054 0.111370012 -14.830325127 0.987272441 0.156052396 0.030672811 128.132827759
0.013365008 0.104528494 -0.994432092 -42.840278625 -0.158035740 0.982241631 0.101123162 -14.835191727 0.987342954 0.155804321 0.029646905 128.178421021
0.013564117 0.094230220 -0.995458007 -43.735206604 -0.160052240 0.982917786 0.090862282 -14.841170311 0.987015307 0.158092842 0.028414167 128.220504761
0.012826662 0.091066450 -0.995762169 -44.668800354 -0.156505406 0.983753264 0.087952182 -14.852300644 0.987593830 0.154714003 0.026870657 128.266479492
0.012770803 0.101132177 -0.994791090 -45.580524445 -0.149117425 0.983939886 0.098114714 -14.856317520 0.988737106 0.147087663 0.027646264 128.320205688
0.012579452 0.114231050 -0.993374586 -46.524475098 -0.144352213 0.983253896 0.111239262 -14.852350235 0.989446402 0.141996458 0.028858297 128.379196167
0.012784215 0.123405457 -0.992274046 -47.445114136 -0.144761324 0.982128978 0.120278686 -14.845276833 0.989383996 0.142105207 0.030420084 128.426452637
0.012776365 0.117858559 -0.992948174 -48.366218567 -0.144798562 0.982780218 0.114788510 -14.843259811 0.989378631 0.142310873 0.029622106 128.472686768
0.012925717 0.104180254 -0.994474411 -49.286872864 -0.144708335 0.984282255 0.101231694 -14.844662666 0.989389837 0.142600253 0.027798310 128.505783081
0.013564463 0.095592916 -0.995328009 -50.201068878 -0.145161405 0.985062540 0.092628717 -14.846181870 0.989314973 0.143226773 0.027238246 128.549896240
0.013942749 0.095621109 -0.995320141 -51.121059418 -0.144428089 0.985170901 0.092622861 -14.856491089 0.989417076 0.142460793 0.027546367 128.600509644
0.013336574 0.096984617 -0.995196640 -52.065731049 -0.147593454 0.984573781 0.093971506 -14.871736526 0.988958180 0.145631239 0.027445132 128.639083862
0.014212447 0.096366286 -0.995244503 -52.994846344 -0.152149811 0.983962715 0.093101144 -14.873582840 0.988255203 0.150103077 0.028646631 128.672653198
0.014503892 0.096013546 -0.995274305 -53.933162689 -0.153757825 0.983754218 0.092661522 -14.879774094 0.988002062 0.151687279 0.029031098 128.716873169
0.015140246 0.103674822 -0.994495928 -54.886516571 -0.162889808 0.981578946 0.099848405 -14.884305954 0.986528099 0.160481513 0.031748917 128.759323120
0.016457528 0.112701572 -0.993492603 -55.825252533 -0.168311670 0.979760289 0.108355664 -14.875298500 0.985596478 0.165433109 0.035093427 128.801666260
0.017682392 0.121491142 -0.992434978 -56.780010223 -0.168605536 0.978737772 0.116810299 -14.873792648 0.985525012 0.165264547 0.037790503 128.847381592
0.018718153 0.121697575 -0.992390633 -57.740570068 -0.170404717 0.978430688 0.116771534 -14.860950470 0.985196352 0.166922301 0.039052259 128.896392822
0.020506870 0.112334348 -0.993458867 -58.669803619 -0.171964511 0.979255319 0.107178628 -14.862744331 0.984889686 0.168641776 0.039398983 128.940216064
0.021809196 0.107169367 -0.994001508 -59.606960297 -0.170345381 0.980098069 0.101932839 -14.855861664 0.985143006 0.167100534 0.039630957 128.996856689
0.023379266 0.105741285 -0.994118869 -60.576404572 -0.168754622 0.980538785 0.100328118 -14.858655930 0.985380709 0.165416583 0.040768605 129.057968140
0.026813440 0.111450456 -0.993408144 -61.535053253 -0.170349777 0.979739249 0.105318949 -14.856611252 0.985018730 0.166402921 0.045255736 129.119812012
0.030569397 0.113844961 -0.993028104 -62.491615295 -0.173038676 0.979094267 0.106920704 -14.861396790 0.984440506 0.168563798 0.049629912 129.171524048
0.034482941 0.108856909 -0.993459165 -63.448669434 -0.172001556 0.979864419 0.101397119 -14.863035202 0.984493017 0.167380050 0.052512158 129.234954834
0.037663154 0.102918588 -0.993976474 -64.403427124 -0.172036961 0.980498612 0.095004335 -14.867567062 0.984370291 0.167422548 0.054634467 129.302932739
0.041138142 0.102818176 -0.993849099 -65.361640930 -0.169606760 0.980973959 0.094465688 -14.869911194 0.984652936 0.164677382 0.057794102 129.379791260
0.043510422 0.107438996 -0.993259132 -66.304702759 -0.166953951 0.981002033 0.098799631 -14.889259338 0.985004187 0.161529720 0.060621187 129.461242676
0.046998575 0.114022538 -0.992365777 -67.262718201 -0.166431367 0.980470896 0.104773596 -14.889341354 0.984932423 0.160236582 0.065057650 129.541442871
0.049375650 0.117500000 -0.991844654 -68.227981567 -0.164172545 0.980503380 0.107983679 -14.889918327 0.985195160 0.157501876 0.067703269 129.631393433
0.051429734 0.119147711 -0.991543651 -69.208900452 -0.163751885 0.980425835 0.109318227 -14.890328407 0.985160053 0.156744927 0.069933712 129.713180542
0.053845238 0.116674013 -0.991709590 -70.141891479 -0.162726179 0.980899453 0.106566943 -14.893048286 0.985200942 0.155638963 0.071802676 129.786010742
0.054373927 0.115481943 -0.991820276 -71.085807800 -0.160706684 0.981352687 0.105452843 -14.899187088 0.985503435 0.153658256 0.071918711 129.877899170
0.055054799 0.112078995 -0.992173076 -72.031440735 -0.157698676 0.982184470 0.102200106 -14.909187317 0.985951245 0.150837764 0.071748674 129.967926025
0.054887343 0.111140423 -0.992287815 -73.012687683 -0.156000242 0.982536495 0.101419248 -14.898025513 0.986230850 0.149230495 0.071266748 130.054901123
0.054601219 0.115841836 -0.991765916 -73.965423584 -0.152673662 0.982536912 0.106358469 -14.900883675 0.986767173 0.145609230 0.071333714 130.143615723
0.053379700 0.117663167 -0.991617918 -74.927986145 -0.146621630 0.983194292 0.108770855 -14.907629013 0.987751424 0.139586434 0.069734573 130.253112793
0.053180113 0.112896584 -0.992182553 -75.884948730 -0.143768042 0.984102726 0.104271352 -14.894032478 0.988181412 0.137098983 0.068565622 130.329727173
0.051792406 0.109002888 -0.992691219 -76.858947754 -0.145667255 0.984218597 0.100472540 -14.896328926 0.987977028 0.139398918 0.066853203 130.412002563
0.050477594 0.106432021 -0.993037939 -77.808258057 -0.142195180 0.984941900 0.098336309 -14.901578903 0.988550663 0.136241451 0.064851627 130.497039795
0.049403664 0.107261449 -0.993002713 -78.774230957 -0.142481580 0.984805107 0.099287242 -14.903882980 0.988563776 0.136579439 0.063935772 130.567306519
0.048592646 0.108078852 -0.992954016 -79.740036011 -0.144125968 0.984483063 0.100103669 -14.904344559 0.988365471 0.138246179 0.063415594 130.644760132
0.047057778 0.108383670 -0.992994666 -80.693321228 -0.145623431 0.984219790 0.100524843 -14.908555031 0.988220274 0.139872819 0.062098384 130.722152710
0.045398902 0.109340474 -0.992967129 -81.643318176 -0.145525619 0.984112203 0.101711966 -14.912849426 0.988312244 0.139884517 0.060589444 130.795547485
0.043270681 0.109821863 -0.993008971 -82.607177734 -0.145611867 0.984019518 0.102482617 -14.916930199 0.988395035 0.140159383 0.058570564 130.868713379
0.041742831 0.111626662 -0.992873132 -83.571472168 -0.145165503 0.983872116 0.104511566 -14.907692909 0.988526464 0.139768317 0.057273947 130.946807861
0.040344931 0.115336522 -0.992506862 -84.525794983 -0.146513343 0.983261704 0.108306460 -14.901429176 0.988385618 0.141045868 0.056567974 131.007080078
0.037919234 0.120222189 -0.992022634 -85.474510193 -0.147742599 0.982500851 0.113420911 -14.893518448 0.988298714 0.142263189 0.055017620 131.076354980
0.035835039 0.120237172 -0.992098212 -86.423820496 -0.147613510 0.982483327 0.113740034 -14.892019272 0.988395870 0.142371207 0.052955955 131.141372681
0.034675680 0.115105607 -0.992747843 -87.369171143 -0.147735134 0.983022392 0.108817741 -14.888991356 0.988418996 0.142890394 0.051092107 131.205062866
0.032281041 0.110038802 -0.993402898 -88.316032410 -0.151581541 0.982962906 0.103956655 -14.876614571 0.987917483 0.147225738 0.048410915 131.266906738
0.031088592 0.107889958 -0.993676603 -89.258636475 -0.149493396 0.983476698 0.102105357 -14.875648499 0.988273799 0.145373762 0.046703741 131.333496094
0.030867530 0.109141752 -0.993546784 -90.227790833 -0.144838989 0.984017015 0.103595063 -14.879163742 0.988973618 0.140706584 0.046182163 131.387619019
0.030085305 0.110509872 -0.993419528 -91.176239014 -0.141993731 0.984262526 0.105191000 -14.879721642 0.989410281 0.137894660 0.045303546 131.452163696
0.028985661 0.110508785 -0.993452311 -92.124679565 -0.136514053 0.984995306 0.105585009 -14.885806084 0.990213990 0.132559761 0.043636739 131.519851685
0.027669057 0.107660629 -0.993802607 -93.066246033 -0.132350504 0.985825241 0.103111580 -14.890040398 0.990816772 0.128677264 0.041525792 131.586227417
0.027230173 0.104535952 -0.994148254 -94.011146545 -0.127292529 0.986783445 0.100274943 -14.894623756 0.991491377 0.123817146 0.040176932 131.647628784
0.025333727 0.107193418 -0.993915379 -94.996353149 -0.125359699 0.986726820 0.103222884 -14.896448135 0.991787791 0.121981926 0.038435210 131.705978394
0.023992842 0.109441251 -0.993703604 -95.942932129 -0.124786086 0.986543834 0.105639763 -14.894917488 0.991893589 0.121465780 0.037326735 131.764877319
0.022898905 0.107208960 -0.993972719 -96.901222229 -0.120722033 0.987254739 0.103703186 -14.890713692 0.992422223 0.117619731 0.035549536 131.813949585
0.020901568 0.104559921 -0.994298875 -97.850814819 -0.117722601 0.987855136 0.101407602 -14.897170067 0.992826521 0.114931874 0.032956790 131.864471436
0.017086823 0.102093242 -0.994628072 -98.814743042 -0.116446212 0.988206983 0.099433720 -14.896258354 0.993049979 0.114121661 0.028773686 131.920135498
0.014397755 0.101177536 -0.994764209 -99.768714905 -0.110903695 0.988890469 0.098974958 -14.906779289 0.993726909 0.108898021 0.025458764 131.971801758
0.012272576 0.101072170 -0.994803429 -100.728164673 -0.104027964 0.989608765 0.099261038 -14.901287079 0.994498610 0.102269188 0.022659380 132.015823364
0.009687142 0.108901560 -0.994005442 -101.690864563 -0.094045766 0.989745021 0.107518293 -14.901549339 0.995520771 0.092440464 0.019829528 132.078887939
0.006906820 0.117135778 -0.993091881 -102.648818970 -0.085965410 0.989508510 0.116115235 -14.899678230 0.996274173 0.084569566 0.016903978 132.137222290
0.004144322 0.116657816 -0.993163526 -103.602127075 -0.081792638 0.989883780 0.115931265 -14.894532204 0.996640801 0.080753013 0.013644146 132.184051514
0.001316209 0.106316291 -0.994331419 -104.558349609 -0.082232051 0.990976274 0.105848685 -14.893071175 0.996612251 0.081626616 0.010046938 132.220001221
-0.000786559 0.096854635 -0.995298147 -105.507728577 -0.084049717 0.991770387 0.096577749 -14.892484665 0.996461213 0.083730482 0.007360520 132.258575439
-0.001531006 0.098168805 -0.995168626 -106.459663391 -0.091099583 0.991017878 0.097899541 -14.894055367 0.995840549 0.090809323 0.007425887 132.287246704
-0.002246068 0.108003557 -0.994147956 -107.421401978 -0.094687745 0.989660800 0.107730001 -14.887429237 0.995504618 0.094375573 0.008003768 132.320037842
-0.003731358 0.119483657 -0.992829144 -108.384780884 -0.098771177 0.987937152 0.119266130 -14.877659798 0.995103180 0.098507933 0.008115194 132.349670410
-0.005144581 0.121581115 -0.992568135 -109.325317383 -0.105940431 0.986929059 0.121439487 -14.871320724 0.994359195 0.105777845 0.007803018 132.382217407
-0.005270637 0.117749393 -0.993029356 -110.304000854 -0.112408146 0.986679375 0.117593072 -14.847270012 0.993648052 0.112244375 0.008035563 132.406387329
-0.005519878 0.113737799 -0.993495405 -111.258628845 -0.120494604 0.986195982 0.113571599 -14.835408211 0.992698610 0.120337740 0.008261109 132.431594849
-0.003199285 0.115704782 -0.993278503 -112.221221924 -0.125086799 0.985435724 0.115194112 -14.817846298 0.992140591 0.124614567 0.011320453 132.456146240
-0.001975794 0.117119268 -0.993115902 -113.203186035 -0.133042783 0.984258413 0.116339415 -14.802303314 0.991108239 0.132356793 0.013637189 132.483306885
-0.001234519 0.119595714 -0.992821932 -114.168289185 -0.142245948 0.982706010 0.118554026 -14.785113335 0.989830554 0.141371220 0.015798837 132.503814697
-0.001385883 0.121546671 -0.992584765 -115.140419006 -0.147564813 0.981694341 0.120419137 -14.764390945 0.989051402 0.146637499 0.016575502 132.535003662
-0.001317589 0.121227331 -0.992623806 -116.114456177 -0.151421562 0.981154799 0.120027639 -14.756464958 0.988468409 0.150462791 0.017063674 132.580596924
0.000540924 0.111618504 -0.993750930 -117.070564270 -0.150473922 0.982445359 0.110266738 -14.758721352 0.988613844 0.149473935 0.017327100 132.611373901
0.001613986 0.100289389 -0.994957030 -118.014816284 -0.153648406 0.983168721 0.098851904 -14.753046036 0.988124251 0.152714029 0.016996127 132.653259277
