1.000000000 0.000000000 0.000000000 0.000000000 0.000000000 1.000000000 0.000000000 0.000000000 0.000000000 0.000000000 1.000000000 0.000000000
0.999997735 -0.001618593 -0.001402333 0.050864555 0.001615583 0.999996424 -0.002144995 -0.132580236 0.001405800 0.002142725 0.999996722 1.297260642
0.999997377 0.000034867 -0.002277344 0.107270122 -0.000049432 0.999979496 -0.006396054 -0.265570998 0.002277074 0.006396150 0.999976933 2.602090120
0.999995589 0.002516686 -0.001530617 0.152864024 -0.002528809 0.999965012 -0.007970224 -0.403774768 0.001510504 0.007974059 0.999967039 3.907529593
0.999983609 0.005712983 -0.000075430 0.199156046 -0.005713360 0.999961197 -0.006696272 -0.542186677 0.000037172 0.006696594 0.999977589 5.221542835
0.999974728 0.006699055 0.002377330 0.243994951 -0.006691151 0.999972105 -0.003316727 -0.688401043 -0.002399483 0.003300736 0.999991655 6.537335396
0.999959350 0.006984929 0.005700119 0.300183564 -0.006972984 0.999973476 -0.002112485 -0.825492024 -0.005714724 0.002072652 0.999981403 7.840115070
0.999942958 0.005474529 0.009171045 0.356449515 -0.005457063 0.999983251 -0.001928463 -0.958888769 -0.009181449 0.001878307 0.999956071 9.145791054
0.999912560 0.004111737 0.012565929 0.434879780 -0.004090370 0.999990165 -0.001725673 -1.096441031 -0.012572900 0.001674123 0.999919534 10.445031166
0.999871075 0.002859859 0.015800431 0.503766418 -0.002820676 0.999992907 -0.002501642 -1.232754827 -0.015807472 0.002456751 0.999871969 11.750902176
0.999815404 0.001724196 0.019132175 0.580119908 -0.001660010 0.999992967 -0.003370260 -1.367859483 -0.019137852 0.003337879 0.999811292 13.044298172
0.999746978 0.001593753 0.022434222 0.651566207 -0.001518689 0.999993145 -0.003362578 -1.514719605 -0.022439426 0.003327657 0.999742687 14.374366760
0.999662936 0.001603978 0.025913268 0.734523535 -0.001491396 0.999989390 -0.004363300 -1.654044509 -0.025919992 0.004323183 0.999654710 15.671511650
0.999582827 0.002295556 0.028789701 0.821995258 -0.002170044 0.999988019 -0.004390102 -1.792611718 -0.028799433 0.004325796 0.999575853 16.970170975
0.999481201 0.001840754 0.032153025 0.910337448 -0.001714762 0.999990702 -0.003945621 -1.931708455 -0.032159992 0.003888439 0.999475121 18.255800247
0.999412239 0.000328243 0.034279570 1.005398989 -0.000199740 0.999992907 -0.003752025 -2.073878527 -0.034280561 0.003742973 0.999405265 19.558488846
0.999348819 -0.002168418 0.036017850 1.101596594 0.002348486 0.999984980 -0.004957841 -2.215077877 -0.036006559 0.005039199 0.999338865 20.833896637
0.999317408 -0.001740039 0.036904540 1.202764750 0.001988600 0.999975562 -0.006699583 -2.355529070 -0.036891986 0.006768396 0.999296367 22.135755539
0.999272466 -0.001605498 0.038105480 1.286297202 0.001964359 0.999954045 -0.009381987 -2.498258829 -0.038088664 0.009450015 0.999229610 23.421970367
0.999232769 -0.001332355 0.039141707 1.389164925 0.001758263 0.999939620 -0.010848782 -2.642108440 -0.039124887 0.010909278 0.999174774 24.707439423
0.999186993 -0.000754208 0.040307436 1.487059712 0.001213621 0.999934554 -0.011374474 -2.790792942 -0.040296216 0.011414145 0.999122620 25.978303909
0.999173164 -0.002361875 0.040588368 1.589108586 0.002783610 0.999942660 -0.010337180 -2.936450005 -0.040561620 0.010441614 0.999122500 27.269966125
0.999168813 -0.005380521 0.040406469 1.692997217 0.005753845 0.999941826 -0.009128573 -3.084003448 -0.040355004 0.009353478 0.999141693 28.548955917
0.999195158 -0.006795202 0.039536104 1.791867256 0.007183999 0.999927163 -0.009700170 -3.229128838 -0.039467324 0.009976390 0.999171019 29.838893890
0.999217331 -0.008458737 0.038641475 1.898895264 0.008939031 0.999884665 -0.012273652 -3.374083996 -0.038533200 0.012609463 0.999177814 31.107242584
0.999239028 -0.008570157 0.038049754 2.002244949 0.009045200 0.999883056 -0.012330277 -3.523712397 -0.037939630 0.012665060 0.999199748 32.392387390
0.999254227 -0.009136629 0.037515793 2.098922014 0.009616074 0.999874055 -0.012619326 -3.668973684 -0.037395764 0.012970670 0.999216259 33.656368256
0.999270082 -0.009767115 0.036931895 2.197617531 0.010244377 0.999866188 -0.012755707 -3.812663794 -0.036802370 0.013124741 0.999236286 34.923080444
0.999280989 -0.010295471 0.036490731 2.290015459 0.010788882 0.999852717 -0.013350494 -3.957134247 -0.036347907 0.013734589 0.999244809 36.184638977
0.999322236 -0.010935728 0.035148796 2.403872967 0.011410365 0.999845982 -0.013331491 -4.117434978 -0.034997597 0.013723518 0.999293089 37.468852997
0.999318719 -0.010518761 0.035376169 2.493963242 0.010930486 0.999874532 -0.011465258 -4.262901306 -0.035251129 0.011844127 0.999308169 38.726402283
0.999286592 -0.010530840 0.036267348 2.594081402 0.010919614 0.999884844 -0.010538341 -4.401089191 -0.036152191 0.010926849 0.999286532 40.000915527
0.999204397 -0.012384874 0.037910484 2.701679230 0.012726725 0.999880433 -0.008789340 -4.544066429 -0.037797093 0.009264824 0.999242425 41.250026703
0.999094844 -0.013443336 0.040357675 2.801643372 0.013861763 0.999852836 -0.010106055 -4.689142704 -0.040215876 0.010656336 0.999134183 42.520771027
0.998970687 -0.014733595 0.042898815 2.896554947 0.015320287 0.999793172 -0.013379660 -4.836511135 -0.042692799 0.014023112 0.998989820 43.770019531
0.998877704 -0.015776038 0.044658426 3.008858681 0.016431164 0.999762118 -0.014340804 -4.985491753 -0.044421569 0.015058501 0.998899400 45.041828156
0.998742223 -0.015878458 0.047559392 3.127811193 0.016513666 0.999779224 -0.012993024 -5.122535706 -0.047342591 0.013762061 0.998783886 46.281383514
0.998560071 -0.017190771 0.050816525 3.240359306 0.017699318 0.999797463 -0.009574511 -5.277131081 -0.050641645 0.010460143 0.998662055 47.540229797
0.998289883 -0.020132741 0.054881953 3.353455067 0.020588111 0.999757946 -0.007744510 -5.413845062 -0.054712757 0.008861181 0.998462796 48.765003204
0.998056173 -0.022348028 0.058175337 3.490047216 0.022852773 0.999706626 -0.008025430 -5.554586411 -0.057978921 0.009339299 0.998274148 50.026020050
0.997788489 -0.025654331 0.061318498 3.635052204 0.026422415 0.999581873 -0.011748180 -5.688950539 -0.060991455 0.013342381 0.998049140 51.253105164
0.997502685 -0.027163636 0.065195516 3.770263910 0.027991898 0.999538183 -0.011824449 -5.826426029 -0.064844221 0.013619866 0.997802436 52.489532471
0.997160435 -0.029679963 0.069211602 3.898987532 0.030400198 0.999493778 -0.009376060 -5.965066910 -0.068898275 0.011453483 0.997557938 53.710887909
0.996870220 -0.032488033 0.072072715 4.054424763 0.033014894 0.999436021 -0.006130625 -6.098196983 -0.071832910 0.008490910 0.997380495 54.923339844
0.996635914 -0.035105709 0.074056029 4.206343651 0.035533290 0.999358535 -0.004463714 -6.229111671 -0.073851824 0.007080153 0.997244060 56.137878418
0.996435583 -0.038229056 0.075198822 4.356281757 0.038440842 0.999259889 -0.001370375 -6.352280617 -0.075090788 0.004256196 0.997167647 57.359729767
0.996246278 -0.041210312 0.076124988 4.500484943 0.041314464 0.999146104 0.000206788 -6.480258465 -0.076068513 0.002939051 0.997098267 58.565055847
0.996219516 -0.043091964 0.075430512 4.653100014 0.043461028 0.999049842 -0.003257252 -6.603110313 -0.075218491 0.006523225 0.997145653 59.770858765
0.996228397 -0.044205535 0.074664049 4.799599171 0.044892184 0.998963356 -0.007542567 -6.731003761 -0.074253224 0.010865954 0.997180164 60.959156036
0.996237040 -0.045490969 0.073772363 4.928760052 0.046454672 0.998855352 -0.011399469 -6.861896992 -0.073169328 0.014783643 0.997209966 62.162460327
0.996276081 -0.046795040 0.072417632 5.071282864 0.047917947 0.998755276 -0.013846191 -6.993347168 -0.071679547 0.017264731 0.997278333 63.347534180
0.996395528 -0.047146983 0.070520192 5.202633858 0.048270248 0.998731792 -0.014308920 -7.125588417 -0.069756150 0.017661372 0.997407734 64.533912659
0.996619701 -0.046542477 0.067697555 5.335940361 0.047576580 0.998773038 -0.013743325 -7.260713577 -0.066974841 0.016917687 0.997611165 65.709037781
0.996866226 -0.045454942 0.064742573 5.452744961 0.046300232 0.998860002 -0.011615475 -7.403701782 -0.064140789 0.014576672 0.997834384 66.908447266
0.997252941 -0.041665163 0.061241861 5.571002007 0.042229988 0.999076128 -0.007957008 -7.534282207 -0.060853761 0.010521391 0.998091161 68.083183289
0.997506380 -0.039958429 0.058175232 5.684112549 0.040357079 0.999169230 -0.005693515 -7.660076618 -0.057899386 0.008027101 0.998290122 69.248573303
0.997758687 -0.038740616 0.054558206 5.806486607 0.039269056 0.999191284 -0.008647029 -7.805759430 -0.054179091 0.010770098 0.998473108 70.458641052
0.997940123 -0.039115638 0.050844930 5.917124748 0.039918799 0.999092162 -0.014877629 -7.939627171 -0.050216813 0.016876649 0.998595774 71.616645813
0.997976542 -0.042523775 0.047270201 6.021516800 0.043440156 0.998884141 -0.018530274 -8.072633743 -0.046429470 0.020546205 0.998710275 72.794273376
0.998009205 -0.046262037 0.042865366 6.144957542 0.046902843 0.998800397 -0.014065617 -8.205497742 -0.042163249 0.016048124 0.998981774 73.981643677
0.997996807 -0.049995963 0.038763136 6.247295380 0.050387133 0.998687506 -0.009180347 -8.332393646 -0.038253274 0.011115118 0.999206305 75.138259888
0.998031914 -0.052434079 0.034394503 6.337839127 0.052672010 0.998593509 -0.006047954 -8.464913368 -0.034029003 0.007847678 0.999389946 76.320404053
0.998210132 -0.051620319 0.030196531 6.427091599 0.051752843 0.998653412 -0.003623310 -8.589721680 -0.029968832 0.005179581 0.999537468 77.480850220
0.998342514 -0.051213045 0.026255487 6.519333363 0.051336516 0.998673260 -0.004049874 -8.701267242 -0.026013244 0.005391027 0.999647021 78.636413574
0.998469353 -0.050082993 0.023462744 6.584477425 0.050229363 0.998721480 -0.005690905 -8.834540367 -0.023147730 0.006860714 0.999708474 79.808479309
0.998655796 -0.047685135 0.020317182 6.658000946 0.047907922 0.998795211 -0.010623179 -8.964840889 -0.019786138 0.011582252 0.999737144 80.953247070
0.998569429 -0.050842341 0.016556039 6.737312317 0.051098511 0.998574317 -0.015435770 -9.106909752 -0.015747646 0.016259676 0.999743760 82.121017456
0.998417497 -0.054548223 0.013676042 6.797462463 0.054771643 0.998362184 -0.016532006 -9.235176086 -0.012751852 0.017254898 0.999769747 83.258918762
0.998443246 -0.054889172 0.009916894 6.864140034 0.055017032 0.998399258 -0.013116224 -9.364095688 -0.009181080 0.013641406 0.999864757 84.396301270
0.998447895 -0.055198323 0.007419333 6.926841259 0.055275980 0.998413801 -0.010704089 -9.493185997 -0.006816716 0.011097588 0.999915123 85.531867981
0.998590052 -0.052689739 0.006459436 6.968643188 0.052766193 0.998531163 -0.012300083 -9.625280380 -0.005801859 0.012623581 0.999903500 86.680877686
0.998779535 -0.049030874 0.005961589 7.021139145 0.049117055 0.998675942 -0.015288293 -9.754701614 -0.005204097 0.015562447 0.999865294 87.800552368
0.998862386 -0.047479112 0.004440851 7.084789753 0.047552027 0.998705149 -0.018082067 -9.882299423 -0.003576580 0.018272670 0.999826550 88.898963928
0.998789251 -0.049002316 0.004325571 7.120621204 0.049074925 0.998620391 -0.018680034 -10.021187782 -0.003404237 0.018869696 0.999816179 90.045372009
0.998734832 -0.050206508 0.002821087 7.173729897 0.050245255 0.998609543 -0.015946548 -10.152524948 -0.002016544 0.016068120 0.999868929 91.159202576
0.998690367 -0.051102918 0.002455167 7.218656063 0.051130846 0.998605728 -0.013121122 -10.284892082 -0.001781216 0.013229474 0.999910951 92.275421143
0.998703837 -0.050877132 0.001467656 7.285585403 0.050891720 0.998623013 -0.012725406 -10.406684875 -0.000818203 0.012783604 0.999917865 93.402206421
0.998675764 -0.051422421 0.001513229 7.331394196 0.051439289 0.998564839 -0.014908636 -10.534470558 -0.000744420 0.014966737 0.999887705 94.510398865
0.998657942 -0.051787797 0.000614302 7.394289017 0.051790215 0.998482287 -0.018724494 -10.663981438 0.000356330 0.018731177 0.999824464 95.620124817
0.998631120 -0.052297510 0.000920542 7.436849594 0.052305464 0.998434305 -0.019832525 -10.801612854 0.000118091 0.019853532 0.999802887 96.726333618
0.998589396 -0.053092625 0.000632200 7.494357586 0.053095374 0.998426080 -0.018062873 -10.934717178 0.000327801 0.018070962 0.999836624 97.811607361
0.998643398 -0.052042268 0.001727492 7.534535408 0.052060395 0.998558879 -0.013022581 -11.056339264 -0.001047278 0.013094847 0.999913633 98.895690918
0.998725712 -0.050372660 0.003089773 7.583472252 0.050399762 0.998684585 -0.009432206 -11.177800179 -0.002610584 0.009575910 0.999950707 99.961441040
0.998827875 -0.048140060 0.005042500 7.630002022 0.048186816 0.998792171 -0.009602381 -11.298346519 -0.004574152 0.009834108 0.999941170 101.032638550
0.998903096 -0.046236977 0.007397413 7.677307606 0.046318404 0.998863459 -0.011244043 -11.421323776 -0.006869115 0.011574345 0.999909401 102.065826416
0.998847902 -0.046912756 0.010091864 7.730372429 0.047047649 0.998800397 -0.013572657 -11.543627739 -0.009443026 0.014031820 0.999856949 103.087661743
0.998774588 -0.048088226 0.011698202 7.782355785 0.048257057 0.998728096 -0.014604237 -11.658444405 -0.010981034 0.015150861 0.999824941 104.109252930
0.998664260 -0.049807321 0.013746424 7.842377186 0.049999632 0.998650789 -0.014019732 -11.771495819 -0.013029591 0.014688322 0.999807298 105.090827942
0.998625338 -0.050054584 0.015558961 7.898520947 0.050251763 0.998657703 -0.012551209 -11.891733170 -0.014909831 0.013315821 0.999800265 106.071327209
0.998566985 -0.050988123 0.016261719 7.977759361 0.051165834 0.998632789 -0.010705833 -12.005700111 -0.015693614 0.011522532 0.999810457 107.016342163
0.998496294 -0.051673971 0.018307114 8.034185410 0.051883582 0.998590708 -0.011165599 -12.113269806 -0.017704345 0.012098647 0.999770105 107.933578491
0.998483062 -0.051377177 0.019803690 8.099966049 0.051572137 0.998624444 -0.009462275 -12.214238167 -0.019290302 0.010469238 0.999759138 108.847663879
0.998491466 -0.050397929 0.021786448 8.157525063 0.050569449 0.998693109 -0.007394544 -12.311774254 -0.021385308 0.008485120 0.999735296 109.717018127
0.998457551 -0.050591193 0.022866864 8.220612526 0.050700538 0.998704970 -0.004227503 -12.414484024 -0.022623373 0.005380345 0.999729574 110.578079224
0.998412311 -0.050740823 0.024460657 8.281396866 0.050855782 0.998697579 -0.004100265 -12.506927490 -0.024220748 0.005337722 0.999692380 111.405212402
0.998431563 -0.049763132 0.025651403 8.334902763 0.049861528 0.998750985 -0.003209880 -12.599731445 -0.025459627 0.004483863 0.999665737 112.219917297
0.998530209 -0.047458343 0.026172716 8.387131691 0.047555201 0.998863757 -0.003089958 -12.678828239 -0.025996335 0.004330066 0.999652624 113.000251770
0.998669863 -0.044737779 0.025628455 8.433881760 0.044753984 0.998997927 -0.000058513 -12.757886887 -0.025600158 0.001205410 0.999671578 113.759368896
0.998736084 -0.044970721 0.022446889 8.483918190 0.044955611 0.998988271 0.001177572 -12.842518806 -0.022477131 -0.000166970 0.999747336 114.513946533
0.998856962 -0.045044199 0.015992433 8.520915985 0.045028295 0.998984694 0.001353362 -12.917074203 -0.016037161 -0.000631703 0.999871254 115.211906433
0.999035120 -0.043528628 0.005830761 8.545976639 0.043527160 0.999052048 0.000378044 -12.994894981 -0.005841687 -0.000123883 0.999983013 115.882354736
0.999141037 -0.040623121 -0.008179259 8.548451424 0.040602621 0.999171793 -0.002656905 -13.062575340 0.008280419 0.002322523 0.999962986 116.530838013
0.998856544 -0.039258596 -0.027279818 8.547465324 0.039131928 0.999220669 -0.005161930 -13.132194519 0.027461208 0.004088515 0.999614537 117.153800964
0.998057723 -0.037656762 -0.049625859 8.514038086 0.037328448 0.999274731 -0.007526467 -13.201660156 0.049873285 0.005659392 0.998739541 117.741821289
0.996343076 -0.036181994 -0.077403352 8.473747253 0.035558667 0.999323189 -0.009416582 -13.268496513 0.077691674 0.006629786 0.996955395 118.308914185
0.993430495 -0.033823859 -0.109323852 8.401644707 0.032774050 0.999397874 -0.011385921 -13.337179184 0.109643146 0.007728137 0.993940949 118.852180481
0.989075482 -0.029431313 -0.144441709 8.288677216 0.027901400 0.999531150 -0.012606628 -13.403933525 0.144745022 0.008438781 0.989432991 119.392013550
0.982799530 -0.023449022 -0.183181003 8.175643921 0.021590447 0.999693334 -0.012134178 -13.464105606 0.183409348 0.007970504 0.983004332 119.924102783
0.974199653 -0.018513018 -0.224927053 8.036869049 0.016629778 0.999809027 -0.010264483 -13.519254684 0.225074098 0.006259169 0.974321544 120.430389404
0.962834597 -0.013691950 -0.269744575 7.871492386 0.011812183 0.999893308 -0.008590769 -13.579916000 0.269833416 0.005085216 0.962893605 120.915634155
0.948470473 -0.007877182 -0.316767573 7.678913116 0.005232671 0.999943912 -0.009198251 -13.636220932 0.316822290 0.007066728 0.948458552 121.394073486
0.931208313 -0.000057690 -0.364487469 7.451522827 -0.003751721 0.999945462 -0.009743329 -13.691003799 0.364468157 0.010440522 0.931157410 121.850837708
0.910089016 0.004217909 -0.414391339 7.193107605 -0.009638753 0.999893069 -0.010991220 -13.740942001 0.414300710 0.013997204 0.910032392 122.296966553
0.884951770 0.009268390 -0.465590298 6.920021057 -0.015536461 0.999832869 -0.009626871 -13.798038483 0.465423226 0.015752941 0.884947956 122.722274780
0.855892360 0.012401619 -0.517005324 6.637115479 -0.020175841 0.999752104 -0.009419248 -13.842606544 0.516760290 0.018492881 0.855930328 123.117988586
0.824297488 0.022155751 -0.565723240 6.308059692 -0.030962015 0.999502659 -0.005969661 -13.892606735 0.565309644 0.022436704 0.824573517 123.491622925
0.790175021 0.035049323 -0.611878276 5.961776733 -0.043993704 0.999031723 0.000412934 -13.935634613 0.611300349 0.026592499 0.790951729 123.849777222
0.754559457 0.044240255 -0.654738724 5.606300354 -0.055688675 0.998442650 0.003285203 -13.978185654 0.653864503 0.033982649 0.755848110 124.157470703
0.714566112 0.048014041 -0.697918296 5.242088318 -0.062956311 0.998007476 0.004200950 -14.023450851 0.696729362 0.040936507 0.716165006 124.456108093
0.672263026 0.049736924 -0.738639772 4.860027313 -0.065521553 0.997822583 0.007555666 -14.071719170 0.737407207 0.043317430 0.674058020 124.739791870
0.628515482 0.053286720 -0.775969565 4.443614960 -0.069096178 0.997531235 0.012535482 -14.104517937 0.774721980 0.045737784 0.630645633 125.011535645
0.583078980 0.061845366 -0.810058057 4.019493103 -0.080005206 0.996622741 0.018501325 -14.139167786 0.808466494 0.054021128 0.586057663 125.248641968
0.537567019 0.070803314 -0.840243220 3.580024719 -0.091793954 0.995460272 0.025155203 -14.163723946 0.838209748 0.063606642 0.541625738 125.452079773
0.490674257 0.075925075 -0.868028939 3.127212524 -0.097285569 0.994741440 0.032015398 -14.191896439 0.865895033 0.068737559 0.495480359 125.650093079
0.443418264 0.077887774 -0.892924309 2.666843414 -0.096978568 0.994538009 0.038592614 -14.219528198 0.891052961 0.069481857 0.448549688 125.827835083
0.396259516 0.078869238 -0.914744794 2.191375732 -0.093589395 0.994583845 0.045210842 -14.241708755 0.913356125 0.067695193 0.401494563 126.002609253
0.350526810 0.081440561 -0.933005035 1.703388214 -0.095274150 0.994144619 0.050983157 -14.260874748 0.931694031 0.071020313 0.356233597 126.145011902
0.306902230 0.084843203 -0.947951794 1.200336456 -0.101224735 0.993279040 0.056128241 -14.279253006 0.946342766 0.078730293 0.313427746 126.258697510
0.265533566 0.086217307 -0.960238814 0.673006058 -0.105845071 0.992579758 0.059851918 -14.295866013 0.958273768 0.085743852 0.272688985 126.365844727
0.225813553 0.083201535 -0.970611036 0.147651672 -0.106088556 0.992520690 0.060398046 -14.318918228 0.968376696 0.089332044 0.232951343 126.465972900
0.191032618 0.078059465 -0.978474975 -0.387012482 -0.100987196 0.993106425 0.059510451 -14.337987900 0.976374984 0.087445013 0.197598681 126.556808472
0.160310924 0.073156118 -0.984351933 -0.935634613 -0.098386899 0.993467689 0.057810359 -14.361222267 0.982150853 0.087579705 0.166461319 126.637336731
0.134314597 0.071706139 -0.988340974 -1.507184982 -0.099743992 0.993291318 0.058510199 -14.379750252 0.985906005 0.090722293 0.140565753 126.697357178
0.111779206 0.070473947 -0.991231024 -2.084823608 -0.100367494 0.993182063 0.059294418 -14.393109322 0.988651514 0.092859492 0.118090376 126.767265320
0.093347967 0.071980871 -0.993028104 -2.680874825 -0.102227055 0.992804885 0.062354993 -14.410108566 0.990371525 0.095693618 0.100034714 126.824913025
0.077324748 0.070127115 -0.994536579 -3.289946556 -0.103156872 0.992732227 0.061979488 -14.432579994 0.991654992 0.097800739 0.083996862 126.872047424
0.063296854 0.069132857 -0.995597363 -3.908049107 -0.101655453 0.992855787 0.062479556 -14.462282181 0.992803931 0.097253151 0.069872379 126.923431396
0.051256899 0.066306919 -0.996481895 -4.545995235 -0.097560607 0.993353486 0.061080437 -14.481828690 0.993908763 0.094086587 0.057385169 126.962814331
0.039505776 0.063795574 -0.997180700 -5.202154636 -0.095188573 0.993661523 0.059799302 -14.499686241 0.994675100 0.092557803 0.045327976 126.997123718
0.027845260 0.062824480 -0.997636020 -5.876827717 -0.094708107 0.993699312 0.059933156 -14.521704674 0.995115519 0.092815354 0.033619802 127.048561096
0.018316451 0.064453788 -0.997752666 -6.549101353 -0.098031573 0.993227541 0.062361829 -14.544538498 0.995014787 0.096669003 0.024510914 127.067504883
0.010049678 0.064258009 -0.997882724 -7.225368500 -0.100949593 0.992899895 0.062920481 -14.570947647 0.994840801 0.100103512 0.016465144 127.082160950
0.003274824 0.063487373 -0.997977257 -7.918514729 -0.103061900 0.992689669 0.062812775 -14.592231750 0.994669557 0.102647714 0.009794012 127.103813171
-0.001917142 0.064432487 -0.997920215 -8.614736557 -0.103803031 0.992518306 0.064283133 -14.610747337 0.994596004 0.103710383 0.004785489 127.119506836
-0.005567282 0.066876158 -0.997745752 -9.335398674 -0.106192410 0.992079794 0.067088939 -14.630611420 0.994329989 0.106326520 0.001578554 127.142730713
-0.006043872 0.070541918 -0.997490466 -10.073635101 -0.108260199 0.991599560 0.070781261 -14.653014183 0.994104207 0.108416311 0.001643781 127.139968872
-0.007275264 0.074052468 -0.997227788 -10.784553528 -0.110544227 0.991082370 0.074402593 -14.671638489 0.993844509 0.110779084 0.000975687 127.155158997
-0.007922054 0.079485774 -0.996804476 -11.524411201 -0.115273282 0.990117788 0.079868697 -14.678584099 0.993302166 0.115537681 0.001318820 127.162322998
-0.009071386 0.083244972 -0.996487856 -12.265989304 -0.118252985 0.989446819 0.083733283 -14.691656113 0.992942095 0.118597232 0.000868312 127.171302795
-0.010361902 0.083870754 -0.996422768 -13.014606476 -0.118495710 0.989351928 0.084507823 -14.710311890 0.992900491 0.118947499 -0.000313245 127.188674927
-0.011833158 0.080879122 -0.996653676 -13.758481979 -0.116213679 0.989857674 0.081707433 -14.729514122 0.993153691 0.116791643 -0.002313880 127.208999634
-0.013501030 0.077292763 -0.996917009 -14.520929337 -0.119834878 0.989696920 0.078355879 -14.734629631 0.992702007 0.120523311 -0.004099558 127.220970154
-0.014668465 0.079141423 -0.996755421 -15.288677216 -0.125126407 0.988881171 0.080357611 -14.747213364 0.992032349 0.125899136 -0.004602685 127.220718384
-0.015836179 0.081791654 -0.996523559 -16.077091217 -0.122145735 0.989025712 0.083117321 -14.760221481 0.992385805 0.123037368 -0.005671886 127.233573914
-0.018225826 0.081867166 -0.996476591 -16.850145340 -0.120885447 0.989150345 0.083476298 -14.777021408 0.992499053 0.121980943 -0.008131537 127.252128601
-0.018562786 0.081400394 -0.996508598 -17.645071030 -0.124728918 0.988705933 0.083086461 -14.788214684 0.992017150 0.125835747 -0.008200154 127.242965698
-0.020217281 0.080789380 -0.996526062 -18.436424255 -0.128505081 0.988252461 0.082725696 -14.800622940 0.991502762 0.129731193 -0.009597931 127.262687683
-0.021293933 0.085139476 -0.996141493 -19.233863831 -0.130390480 0.987620711 0.087198503 -14.807156563 0.991233945 0.131744176 -0.009928952 127.269348145
-0.022296963 0.090016022 -0.995690703 -20.036579132 -0.129691601 0.987262487 0.092158288 -14.821716309 0.991303623 0.131187588 -0.010338630 127.286224365
-0.021372911 0.092209995 -0.995510161 -20.865633011 -0.130291715 0.986989021 0.094217978 -14.829517365 0.991245329 0.131720468 -0.009080624 127.297134399
-0.019355074 0.091082908 -0.995655179 -21.684513092 -0.129682809 0.987200558 0.092830442 -14.836823463 0.991366565 0.130916134 -0.007295449 127.305732727
-0.018386913 0.091135964 -0.995668709 -22.516162872 -0.129732594 0.987200975 0.092756659 -14.842369080 0.991378486 0.130876184 -0.006328273 127.318733215
-0.018289605 0.090022087 -0.995771825 -23.348220825 -0.127997786 0.987532616 0.091628194 -14.846319199 0.991605818 0.129132405 -0.006538952 127.341369629
-0.017172329 0.091963969 -0.995614290 -24.185703278 -0.128998190 0.987234950 0.093414940 -14.853196144 0.991496146 0.130036563 -0.005089940 127.356918335
-0.016535172 0.094278999 -0.995408475 -25.024940491 -0.130778342 0.986788154 0.095634945 -14.856849670 0.991273701 0.131759211 -0.003987062 127.369766235
-0.016604776 0.096638843 -0.995180964 -25.892599106 -0.133818477 0.986148834 0.097994551 -14.857463837 0.990866661 0.134800822 -0.003442718 127.385475159
-0.015066342 0.097677946 -0.995104015 -26.756126404 -0.136045367 0.985761702 0.098820709 -14.855244637 0.990588069 0.136868149 -0.001563190 127.397781372
-0.013224923 0.100713447 -0.994827569 -27.624122620 -0.142663553 0.984546006 0.101569101 -14.855226517 0.989682913 0.143268868 0.001347596 127.411781311
-0.010932379 0.104642235 -0.994449854 -28.501235962 -0.147263944 0.983496547 0.105108596 -14.851013184 0.989036798 0.147595719 0.004658075 127.428596497
-0.008842557 0.106464036 -0.994277298 -29.375833511 -0.149792194 0.982955873 0.106583953 -14.846598625 0.988677979 0.149877444 0.007255640 127.458770752
-0.004737802 0.107149869 -0.994231582 -30.275587082 -0.148711830 0.983111620 0.106660090 -14.846630096 0.988869190 0.148359329 0.011276666 127.477165222
-0.002037687 0.107085221 -0.994247675 -31.166341782 -0.151278526 0.982774079 0.106159508 -14.841172218 0.988489151 0.150624648 0.014197112 127.506248474
0.000578655 0.110872902 -0.993834376 -32.070369720 -0.151764423 0.982332468 0.109501362 -14.833172798 0.988416553 0.150765315 0.017394995 127.534004211
0.002860051 0.112925462 -0.993599355 -32.982238770 -0.150694221 0.982305408 0.111208104 -14.830413818 0.988576293 0.149411663 0.019826658 127.575157166
0.004742577 0.114221409 -0.993443966 -33.874771118 -0.151296973 0.982100546 0.112194933 -14.827503204 0.988476992 0.149772987 0.021939047 127.615318298
0.007244258 0.112325594 -0.993645072 -34.778083801 -0.152562886 0.982162535 0.109915309 -14.821107864 0.988267183 0.150797114 0.024251759 127.646957397
0.007527966 0.113430396 -0.993517399 -35.688667297 -0.156720772 0.981401443 0.110859618 -14.811590195 0.987614274 0.154870331 0.025164859 127.688919067
0.008721329 0.114148185 -0.993425429 -36.583843231 -0.157529071 0.981215179 0.111362219 -14.808126450 0.987475812 0.155522183 0.026539160 127.724838257
0.008931672 0.110466667 -0.993839681 -37.481800079 -0.157801613 0.981581569 0.107686006 -14.805612564 0.987430453 0.155867726 0.026198987 127.761085510
0.009677367 0.106437765 -0.994272292 -38.387073517 -0.159087479 0.981818378 0.103556149 -14.808412552 0.987217069 0.157174110 0.026434328 127.807075500
0.010408146 0.105620228 -0.994352102 -39.284873962 -0.158802688 0.981960416 0.102641784 -14.803350449 0.987255514 0.156837493 0.026993167 127.847045898
0.010043007 0.109806560 -0.993902266 -40.183261871 -0.161232591 0.981124461 0.106765673 -14.799673080 0.986865342 0.159177214 0.027557833 127.890098572
0.010355943 0.115959607 -0.993199944 -41.124221802 -0.161810324 0.980356932 0.112772964 -14.788393021 0.986767530 0.159542128 0.028915979 127.928001404
0.010653359 0.114694051 -0.993343771 -42.019531250 -0.159623727 0.980856240 0.111540288 -14.789252281 0.987120450 0.157372952 0.028757308 127.972396851
0.011459560 0.104457065 -0.994463384 -42.910980225 -0.158755332 0.982104480 0.101329491 -14.797787666 0.987251401 0.156715155 0.027837602 128.015197754
0.011706689 0.093865283 -0.995516062 -43.831481934 -0.160655573 0.982826948 0.090779632 -14.801742554 0.986941099 0.158872455 0.026585631 128.056762695
0.010824604 0.090863153 -0.995804489 -44.733509064 -0.157545000 0.983579934 0.088035151 -14.810638428 0.987452447 0.155931100 0.024961902 128.100540161
0.010567501 0.100936830 -0.994836628 -45.653259277 -0.150084987 0.983782113 0.098220952 -14.815121651 0.988616705 0.148272097 0.025545219 128.151489258
0.010470664 0.114053391 -0.993419468 -46.601570129 -0.145114645 0.983129919 0.111342564 -14.812470436 0.989359438 0.142993867 0.026844842 128.212356567
0.010473588 0.123204470 -0.992326140 -47.522735596 -0.145189390 0.982051313 0.120396383 -14.805313110 0.989348471 0.142814264 0.028173586 128.259323120
0.010417387 0.117313601 -0.993040323 -48.440174103 -0.145240173 0.982740223 0.114573151 -14.801570892 0.989341557 0.143035769 0.027276227 128.299133301
0.010525848 0.103800341 -0.994542480 -49.364578247 -0.145261779 0.984205604 0.101184085 -14.800569534 0.989337265 0.143403918 0.025437819 128.341903687
0.011179533 0.094924420 -0.995421708 -50.280506134 -0.145812124 0.984997869 0.092292786 -14.801382065 0.989249110 0.144112751 0.024852946 128.385467529
0.011726601 0.095012866 -0.995407045 -51.216270447 -0.144631431 0.985168278 0.092331707 -14.808979988 0.989416122 0.142884403 0.025294522 128.427963257
0.011082436 0.096632265 -0.995258510 -52.149620056 -0.147895113 0.984531224 0.093943872 -14.825917244 0.988941014 0.146152720 0.025202444 128.467697144
0.011663137 0.095866926 -0.995325744 -53.100399017 -0.152811006 0.983872354 0.092973121 -14.830617905 0.988186598 0.151012406 0.026124556 128.506927490
0.012062266 0.095294230 -0.995376110 -54.032474518 -0.154304206 0.983701944 0.092306696 -14.832294464 0.987949669 0.152477279 0.026569981 128.550445557
0.013216039 0.102689765 -0.994625628 -54.979804993 -0.163717881 0.981510937 0.099160343 -14.829018593 0.986418605 0.161527485 0.029783836 128.581954956
0.014785428 0.112212285 -0.993574262 -55.926635742 -0.169268891 0.979621649 0.108117588 -14.825966835 0.985458970 0.166582629 0.033478171 128.618392944
0.015738012 0.120296903 -0.992613137 -56.894962311 -0.169397995 0.978706062 0.115925647 -14.822542191 0.985422075 0.166322216 0.035780948 128.675567627
0.016592786 0.121187583 -0.992490947 -57.836692810 -0.170691043 0.978399634 0.116613299 -14.816101074 0.985184908 0.167474374 0.036920007 128.722518921
0.017939016 0.111396320 -0.993614078 -58.775745392 -0.172368780 0.979239523 0.106672734 -14.811892509 0.984869182 0.169354439 0.036767837 128.774063110
0.019009830 0.106730998 -0.994106174 -59.718872070 -0.170850068 0.980008364 0.101950310 -14.812085152 0.985113680 0.167905077 0.036864795 128.829376221
0.020922283 0.105150320 -0.994236171 -60.669113159 -0.169286191 0.980467081 0.100131728 -14.820378304 0.985344827 0.166215479 0.038314112 128.890930176
0.024531370 0.110656634 -0.993555903 -61.661624908 -0.171219751 0.979634762 0.104878679 -14.810976982 0.984927416 0.167543545 0.042978384 128.945343018
0.028102381 0.112885222 -0.993210495 -62.622543335 -0.174032792 0.978980958 0.106343769 -14.812936783 0.984338820 0.169862702 0.047157433 129.000137329
0.032413598 0.107731998 -0.993651450 -63.571582794 -0.173342675 0.979713619 0.100566283 -14.815269470 0.984328032 0.168982491 0.050430592 129.059173584
0.035168558 0.102056861 -0.994156718 -64.527816772 -0.173398465 0.980307281 0.094501115 -14.823905945 0.984223723 0.169061735 0.052172489 129.127975464
0.038509805 0.101908602 -0.994048059 -65.496505737 -0.170573875 0.980855882 0.093948051 -14.826957703 0.984592140 0.165940687 0.055155512 129.199081421
0.041049294 0.106451333 -0.993470192 -66.471954346 -0.168346688 0.980830133 0.098141000 -14.844026566 0.984872699 0.163218811 0.058183119 129.285903931
0.044456042 0.113155715 -0.992582202 -67.429542542 -0.167662129 0.980317235 0.104248181 -14.846243858 0.984841645 0.161783978 0.062552959 129.365676880
0.046776403 0.117318735 -0.991992056 -68.394515991 -0.165399313 0.980280578 0.108134419 -14.854349136 0.985116720 0.159016639 0.065258436 129.451492310
0.049095690 0.119013883 -0.991677999 -69.378189087 -0.165093169 0.980184972 0.109461173 -14.854443550 0.985055327 0.158345193 0.067771226 129.530822754
0.051326610 0.116075933 -0.991913259 -70.323120117 -0.163528681 0.980793476 0.106312878 -14.853287697 0.985202432 0.156749561 0.069322556 129.606185913
0.051903866 0.114719331 -0.992040992 -71.270515442 -0.161545172 0.981261373 0.105020694 -14.858083725 0.985499442 0.154808447 0.069463611 129.693710327
0.052056875 0.111193702 -0.992434382 -72.212463379 -0.158354998 0.982127368 0.101732574 -14.868766785 0.986008942 0.151861072 0.068734571 129.786041260
0.052172434 0.110681109 -0.992485642 -73.199234009 -0.156968489 0.982394159 0.101304270 -14.860306740 0.986224592 0.150503680 0.068627335 129.865005493
0.051886443 0.115310118 -0.991973519 -74.152236938 -0.153682753 0.982401013 0.106158830 -14.862859726 0.986757040 0.146940991 0.068694465 129.950836182
0.051284615 0.116784796 -0.991832137 -75.118461609 -0.147758782 0.983096242 0.108116001 -14.864608765 0.987692833 0.141007245 0.067673683 130.050079346
0.050544716 0.112519182 -0.992363155 -76.078140259 -0.144906804 0.983944952 0.104184039 -14.857939720 0.988153458 0.138534233 0.066038005 130.129531860
0.049370278 0.108747594 -0.992842615 -77.037750244 -0.147047728 0.984013736 0.100468419 -14.859597206 0.987896502 0.141035169 0.064572111 130.206466675
0.048234969 0.105903246 -0.993205845 -77.987495422 -0.143488571 0.984784126 0.098036751 -14.862852097 0.988475740 0.137784898 0.062696926 130.287979126
0.046979990 0.106750362 -0.993175328 -78.952705383 -0.143607035 0.984666228 0.099042758 -14.866196632 0.988519073 0.137973905 0.061589710 130.357559204
0.045938905 0.107873857 -0.993102610 -79.906982422 -0.144916832 0.984355152 0.100220107 -14.869928360 0.988376796 0.139313295 0.060852926 130.434967041
0.044620879 0.108203992 -0.993126750 -80.860771179 -0.146465853 0.984083176 0.100638010 -14.873953819 0.988208771 0.140968606 0.059758846 130.507720947
0.042972881 0.109255917 -0.993084371 -81.811279297 -0.146415845 0.983959019 0.101916283 -14.878703117 0.988289237 0.141023651 0.058280360 130.578048706
0.041305672 0.109223701 -0.993158638 -82.776412964 -0.146346316 0.983947873 0.102124184 -14.878409386 0.988370597 0.141126782 0.056627125 130.644775391
0.039234739 0.111391805 -0.993001759 -83.724227905 -0.145914763 0.983752906 0.104589052 -14.871044159 0.988518834 0.140790075 0.054851014 130.723907471
0.037751168 0.115010664 -0.992646635 -84.678451538 -0.147189483 0.983159900 0.108313769 -14.864153862 0.988387525 0.142018199 0.054043803 130.782592773
0.035692234 0.120082967 -0.992122054 -85.627197266 -0.148548946 0.982363403 0.113557659 -14.856785774 0.988260746 0.143325567 0.052900940 130.846801758
0.033304572 0.119826943 -0.992235959 -86.584365845 -0.148322180 0.982385933 0.113658950 -14.855075836 0.988378048 0.143385261 0.050490938 130.914031982
0.032300998 0.114785127 -0.992865086 -87.529541016 -0.148401320 0.982923090 0.108807787 -14.852398872 0.988399506 0.143827900 0.048783664 130.974273682
0.029708298 0.109926157 -0.993495703 -88.474250793 -0.152396291 0.982812524 0.104187019 -14.843462944 0.987872839 0.148309842 0.045950018 131.036193848
0.028563596 0.107824020 -0.993759632 -89.417694092 -0.150341526 0.983319759 0.102370039 -14.842578888 0.988221407 0.146479264 0.044297580 131.100067139
0.028280009 0.109097920 -0.993628621 -90.383934021 -0.145450488 0.983895898 0.103889570 -14.846180916 0.988961279 0.141585797 0.043692932 131.150207520
0.027977029 0.110446140 -0.993488193 -91.333541870 -0.142491177 0.984168470 0.105397455 -14.845498085 0.989400625 0.138614595 0.043271713 131.208969116
0.026276726 0.110189319 -0.993563175 -92.284500122 -0.137273699 0.984888434 0.105596796 -14.847866058 0.990184546 0.133615389 0.041005746 131.279830933
0.025050987 0.107284181 -0.993912876 -93.226585388 -0.133291036 0.985706151 0.103038818 -14.852167130 0.990760207 0.129898444 0.038992938 131.343109131
0.024604667 0.104184702 -0.994253576 -94.169105530 -0.128246620 0.986665785 0.100215919 -14.857027054 0.991437018 0.125043869 0.037637919 131.403503418
0.022893680 0.106855668 -0.994010925 -95.151550293 -0.125860065 0.986669004 0.103167638 -14.859318733 0.991783798 0.122744396 0.036037352 131.455139160
0.021458985 0.109206185 -0.993787348 -96.098487854 -0.125221729 0.986482263 0.105699487 -14.858918190 0.991896689 0.122175597 0.034843896 131.513442993
0.020102276 0.106866859 -0.994070113 -97.059265137 -0.121149264 0.987204909 0.103678927 -14.855611801 0.992430687 0.118346684 0.032791909 131.563583374
0.018162556 0.104036473 -0.994407594 -98.009170532 -0.118227042 0.987817526 0.101187631 -14.857659340 0.992820442 0.115728036 0.030241217 131.611175537
0.014108800 0.101000771 -0.994786322 -98.978210449 -0.116940670 0.988224566 0.098676033 -14.851667404 0.993038654 0.114938781 0.025753763 131.670883179
0.011563526 0.100172088 -0.994902968 -99.932876587 -0.111371353 0.988907814 0.098274015 -14.863265991 0.993711531 0.109667301 0.022591563 131.717544556
0.009299450 0.100127220 -0.994931221 -100.891876221 -0.104538865 0.989619315 0.098615542 -14.858838081 0.994477212 0.103091918 0.019670105 131.760116577
0.007078618 0.107802108 -0.994147122 -101.860481262 -0.094670966 0.989778817 0.106654339 -14.857035637 0.995483458 0.093361929 0.017212000 131.817718506
0.004509915 0.115839131 -0.993257761 -102.817794800 -0.086640887 0.989578009 0.115016580 -14.854379654 0.996229410 0.085537985 0.014499318 131.871566772
0.001534557 0.115549780 -0.993300498 -103.773017883 -0.082474649 0.989932239 0.115030549 -14.851199150 0.996591985 0.081745572 0.011049036 131.917694092
-0.001110583 0.105242178 -0.994445980 -104.724868774 -0.083124839 0.990995228 0.104969822 -14.850838661 0.996538520 0.082779758 0.007647658 131.950393677
-0.003284656 0.095669307 -0.995407701 -105.672470093 -0.084926449 0.991790116 0.095601879 -14.849209785 0.996381819 0.084850468 0.004867166 131.987182617
-0.003517637 0.096911520 -0.995286703 -106.635612488 -0.092026882 0.991037965 0.096823081 -14.850708961 0.995750248 0.091933727 0.005432353 132.003814697
-0.004297671 0.106707044 -0.994281232 -107.593009949 -0.095512994 0.989700794 0.106628314 -14.844960213 0.995418906 0.095425047 0.005938502 132.040069580
-0.005810434 0.118038572 -0.992992043 -108.556541443 -0.099477448 0.988014877 0.118029006 -14.835153580 0.995022833 0.099466123 0.006001381 132.068267822
-0.007453136 0.119932614 -0.992754042 -109.507484436 -0.106408045 0.987049699 0.120042354 -14.827130318 0.994294584 0.106531695 0.005405179 132.098068237
-0.006763377 0.116886467 -0.993122220 -110.491432190 -0.113812111 0.986601532 0.116894081 -14.811030388 0.993479252 0.113819972 0.006630337 132.112625122
-0.006971871 0.112942144 -0.993577063 -111.445640564 -0.121890828 0.986096084 0.112947054 -14.800287247 0.992518961 0.121895395 0.006891674 132.136459351
-0.004528385 0.114979163 -0.993357599 -112.412628174 -0.126672491 0.985299706 0.114623927 -14.783825874 0.991934240 0.126350164 0.010102881 132.157196045
-0.003280803 0.116111711 -0.993230760 -113.392074585 -0.134664297 0.984137595 0.115493499 -14.766573906 0.990885854 0.134131640 0.012407341 132.184036255
-0.002766870 0.118634291 -0.992934108 -114.355644226 -0.143854827 0.982562959 0.117796004 -14.751132965 0.989594996 0.143164322 0.014347490 132.204452515
-0.002368841 0.121076211 -0.992640436 -115.331802368 -0.149454623 0.981451452 0.120068118 -14.733251572 0.988765776 0.148639098 0.015770499 132.228973389
-0.002438637 0.120395601 -0.992722988 -116.302406311 -0.153318480 0.980943680 0.119343646 -14.723637581 0.988173842 0.152493790 0.016066708 132.274063110
-0.000953374 0.110990874 -0.993820965 -117.257171631 -0.152356207 0.982203007 0.109839544 -14.728260040 0.988325119 0.151519522 0.015973743 132.306976318
0.000408563 0.099376962 -0.995049894 -118.207153320 -0.155375823 0.982971728 0.098106928 -14.721136093 0.987855375 0.154566616 0.015842387 132.343627930
