1.000000000 0.000000000 0.000000000 0.000000000 0.000000000 1.000000000 0.000000000 0.000000000 0.000000000 0.000000000 1.000000000 0.000000000
0.999997795 -0.001592727 -0.001361325 0.049775235 0.001589784 0.999996424 -0.002160564 -0.132478863 0.001364761 0.002158395 0.999996722 1.297560215
0.999997616 0.000062191 -0.002169914 0.105417602 -0.000076127 0.999979317 -0.006422951 -0.266771793 0.002169470 0.006423101 0.999976933 2.604804993
0.999996364 0.002413164 -0.001295620 0.148116529 -0.002423347 0.999965727 -0.007915997 -0.406464338 0.001276473 0.007919108 0.999967813 3.908028126
0.999983847 0.005661626 0.000241775 0.193356887 -0.005659896 0.999961913 -0.006640475 -0.544777155 -0.000279362 0.006639000 0.999977887 5.220727444
0.999975920 0.006499299 0.002432595 0.242585331 -0.006491637 0.999974012 -0.003144397 -0.693776071 -0.002452968 0.003128530 0.999992073 6.536785126
0.999961555 0.006686640 0.005677752 0.299791247 -0.006675769 0.999975860 -0.001931636 -0.829707861 -0.005690531 0.001893659 0.999982059 7.839199066
0.999944866 0.005273320 0.009080586 0.354451507 -0.005257099 0.999984562 -0.001809321 -0.963170886 -0.009089987 0.001761483 0.999957144 9.144656181
0.999914646 0.003998027 0.012443537 0.432354629 -0.003976951 0.999990582 -0.001717937 -1.099870086 -0.012450286 0.001668303 0.999921083 10.444638252
0.999870420 0.002826799 0.015844451 0.495551109 -0.002788706 0.999993086 -0.002425742 -1.239537835 -0.015851200 0.002381243 0.999871492 11.753027916
0.999812365 0.001759266 0.019288953 0.571308851 -0.001696344 0.999993205 -0.003277951 -1.375384688 -0.019294590 0.003244615 0.999808550 13.047194481
0.999742687 0.001636985 0.022625940 0.638802767 -0.001565498 0.999993682 -0.003176904 -1.524289966 -0.022630997 0.003140667 0.999738872 14.371726990
0.999661028 0.001457452 0.025995670 0.723893523 -0.001347651 0.999990106 -0.004240851 -1.661731720 -0.026001591 0.004204380 0.999653101 15.666612625
0.999564707 0.002563633 0.029391062 0.799723268 -0.002443254 0.999988496 -0.004130968 -1.800491571 -0.029401310 0.004057360 0.999559462 16.968750000
0.999470055 0.002136100 0.032482259 0.892003655 -0.002019053 0.999991357 -0.003635798 -1.940507650 -0.032489751 0.003568287 0.999465704 18.254283905
0.999399006 0.000522843 0.034660719 0.990897059 -0.000402121 0.999993801 -0.003489835 -2.082728863 -0.034662332 0.003473800 0.999393046 19.553544998
0.999337614 -0.002033052 0.036333017 1.088651419 0.002209357 0.999985933 -0.004812989 -2.222343445 -0.036322728 0.004890074 0.999328136 20.828918457
0.999296963 -0.001641749 0.037453763 1.186822891 0.001889176 0.999976635 -0.006571786 -2.363137007 -0.037442103 0.006637922 0.999276757 22.135906219
0.999252081 -0.001468965 0.038640231 1.272630215 0.001822570 0.999956727 -0.009117591 -2.507195711 -0.038625162 0.009181197 0.999211550 23.423486710
0.999210596 -0.000942548 0.039715640 1.371728182 0.001369397 0.999941587 -0.010721797 -2.648057699 -0.039703213 0.010767722 0.999153495 24.704282761
0.999160945 -0.000278049 0.040957887 1.470157623 0.000743390 0.999935389 -0.011346655 -2.794513464 -0.040952086 0.011367581 0.999096453 25.975286484
0.999150813 -0.001814686 0.041162416 1.573104382 0.002237342 0.999945164 -0.010224268 -2.942782402 -0.041141614 0.010307679 0.999100149 27.263771057
0.999145448 -0.004782841 0.041054450 1.677804589 0.005153610 0.999946833 -0.008930078 -3.090891838 -0.041009549 0.009134023 0.999117017 28.541173935
0.999167144 -0.006232200 0.040325332 1.770262003 0.006620381 0.999932945 -0.009499845 -3.237483025 -0.040263426 0.009758903 0.999141455 29.834472656
0.999188185 -0.007860146 0.039512180 1.876317263 0.008343262 0.999892235 -0.012076994 -3.383563995 -0.039413001 0.012396852 0.999146104 31.102993011
0.999214411 -0.007953683 0.038824674 1.980642557 0.008432884 0.999890089 -0.012194559 -3.530802727 -0.038723405 0.012512384 0.999171615 32.386390686
0.999223292 -0.008420295 0.038497183 2.075395823 0.008910447 0.999881208 -0.012578384 -3.674886227 -0.038386688 0.012911639 0.999179542 33.651702881
0.999243677 -0.009096776 0.037805941 2.174997807 0.009580182 0.999874413 -0.012625111 -3.819104671 -0.037686352 0.012977752 0.999205291 34.920215607
0.999251425 -0.009646703 0.037461724 2.268287420 0.010147195 0.999861419 -0.013193060 -3.963780642 -0.037329275 0.013563316 0.999210954 36.179588318
0.999299705 -0.010369660 0.035952393 2.386820793 0.010859139 0.999850631 -0.013446205 -4.119532585 -0.035807583 0.013827201 0.999263048 37.468955994
0.999295235 -0.009985521 0.036184885 2.473479271 0.010408769 0.999879360 -0.011527328 -4.267212868 -0.036065415 0.011895843 0.999278605 38.731639862
0.999260664 -0.010006609 0.037120957 2.580223560 0.010405003 0.999890149 -0.010554686 -4.406865120 -0.037011266 0.010933127 0.999255002 40.005970001
0.999179482 -0.011850600 0.038728356 2.687506676 0.012190896 0.999889016 -0.008562422 -4.553510666 -0.038622584 0.009027530 0.999213159 41.254974365
0.999074996 -0.012906971 0.041017529 2.791180611 0.013327774 0.999861181 -0.010002209 -4.697205067 -0.040882729 0.010539629 0.999108374 42.524688721
0.998949647 -0.014153951 0.043580681 2.884284973 0.014737814 0.999805450 -0.013105202 -4.846975327 -0.043386716 0.013733720 0.998963952 43.778251648
0.998847246 -0.015240047 0.045518387 2.989651680 0.015896786 0.999774218 -0.014101024 -4.995409489 -0.045293208 0.014808367 0.998863995 45.042083740
0.998721123 -0.015533227 0.048113674 3.113471985 0.016181178 0.999783218 -0.013107003 -5.127161503 -0.047899645 0.013868776 0.998755872 46.276340485
0.998512566 -0.016460290 0.051977720 3.218995571 0.016977113 0.999810576 -0.009517274 -5.286429882 -0.051811207 0.010385549 0.998602867 47.547836304
0.998249352 -0.019323645 0.055900581 3.336734772 0.019789074 0.999773860 -0.007784424 -5.420881748 -0.055737518 0.008877018 0.998405933 48.772861481
0.998005569 -0.021490365 0.059355330 3.467170238 0.021999670 0.999726474 -0.007940440 -5.564128876 -0.059168451 0.009230402 0.998205364 50.033908844
0.997733653 -0.024855817 0.062526412 3.613310814 0.025641305 0.999601781 -0.011791583 -5.700591564 -0.062208418 0.013368121 0.997973680 51.268104553
0.997433007 -0.025951128 0.066736616 3.736137629 0.026818600 0.999566674 -0.012135427 -5.831117153 -0.066392764 0.013894060 0.997696817 52.504890442
0.997070014 -0.028485013 0.070993312 3.861376286 0.029225757 0.999528468 -0.009416950 -5.972712040 -0.070691600 0.011464192 0.997432292 53.724441528
0.996811867 -0.031166952 0.073449023 4.029161453 0.031695180 0.999479413 -0.006036917 -6.107104301 -0.073222630 0.008345651 0.997280657 54.914722443
0.996509433 -0.033606470 0.076416127 4.152904510 0.034062117 0.999408841 -0.004666911 -6.238437653 -0.076214127 0.007253517 0.997065067 56.173271179
0.996340334 -0.036571249 0.077255890 4.312305450 0.036743622 0.999324381 -0.000810478 -6.368949413 -0.077174082 0.003646174 0.997010887 57.379390717
0.996129751 -0.039235629 0.078651123 4.440711021 0.039355699 0.999225259 0.000023503 -6.492933750 -0.078591101 0.003071958 0.996902227 58.595901489
0.996084571 -0.041120980 0.078259662 4.589474201 0.041507643 0.999132693 -0.003319870 -6.616343498 -0.078055263 0.006555245 0.996927440 59.788490295
0.996103942 -0.042519823 0.077259503 4.740949631 0.043231722 0.999036431 -0.007564580 -6.747603893 -0.076863438 0.010875170 0.996982276 60.993701935
0.996119142 -0.043903422 0.076282978 4.880469322 0.044902958 0.998925865 -0.011436741 -6.878115654 -0.075698927 0.014817690 0.997020543 62.174102783
0.996133626 -0.045743417 0.075001761 5.019095898 0.046914805 0.998801887 -0.013930568 -7.010649681 -0.074274637 0.017395403 0.997086108 63.392589569
0.996276379 -0.045760006 0.073071882 5.156619549 0.046897139 0.998802722 -0.013921690 -7.145189285 -0.072347343 0.017296713 0.997229517 64.567176819
0.996526599 -0.044942033 0.070106335 5.291333199 0.045980610 0.998854101 -0.013270810 -7.288212299 -0.069429591 0.016448246 0.997451246 65.787345886
0.996761382 -0.044379368 0.067061700 5.415037155 0.045238089 0.998911858 -0.011340364 -7.419741631 -0.066485457 0.014337380 0.997684360 66.963180542
0.997167408 -0.040346827 0.063476466 5.539044857 0.040910698 0.999133945 -0.007608160 -7.550924778 -0.063114516 0.010183475 0.997954309 68.143043518
0.997438788 -0.038382418 0.060353741 5.657382965 0.038782597 0.999232650 -0.005472762 -7.676448822 -0.060097363 0.007799420 0.998161972 69.326919556
0.997626424 -0.037101343 0.058008250 5.758906841 0.037666697 0.999252617 -0.008682798 -7.812578678 -0.057642743 0.010847168 0.998278379 70.495956421
0.997838676 -0.037334964 0.054077137 5.874797821 0.038208041 0.999154150 -0.015201575 -7.953933716 -0.053463850 0.017234899 0.998420954 71.679855347
0.997857571 -0.041312341 0.050730824 5.984859467 0.042281561 0.998940170 -0.018182432 -8.089447021 -0.049925901 0.020288453 0.998546779 72.852760315
0.997911274 -0.044969797 0.046377152 6.098677635 0.045626573 0.998871326 -0.013201120 -8.227424622 -0.045731165 0.015289579 0.998836756 74.019477844
0.997933328 -0.048722688 0.041895334 6.207152367 0.049110584 0.998759031 -0.008279564 -8.354197502 -0.041439947 0.010319956 0.999087691 75.178009033
0.997995496 -0.050838180 0.037689120 6.301943779 0.051081724 0.998679101 -0.005526624 -8.479903221 -0.037358370 0.007440771 0.999274194 76.361656189
0.998172462 -0.050127026 0.033750169 6.391611576 0.050258528 0.998731554 -0.003058702 -8.605226517 -0.033554025 0.004749346 0.999425650 77.519676208
0.998312414 -0.049771979 0.029917516 6.479815483 0.049878858 0.998751283 -0.002836501 -8.725472450 -0.029738978 0.004323967 0.999548316 78.665847778
0.998464465 -0.048464037 0.026829613 6.558306694 0.048610616 0.998806179 -0.004838393 -8.852576256 -0.026563093 0.006135170 0.999628246 79.844253540
0.998653710 -0.046160966 0.023662943 6.635484695 0.046409138 0.998871982 -0.010048058 -8.978754044 -0.023172420 0.011132707 0.999669492 80.987304688
0.998589158 -0.049412549 0.019449089 6.727467537 0.049705375 0.998653173 -0.014871649 -9.117454529 -0.018688045 0.015817389 0.999700248 82.155044556
0.998442531 -0.053088184 0.017148184 6.782343864 0.053362999 0.998447120 -0.015986597 -9.246119499 -0.016272856 0.016876783 0.999725103 83.294601440
0.998481631 -0.053409364 0.013484601 6.851484299 0.053576652 0.998487175 -0.012365269 -9.376820564 -0.012803779 0.013068955 0.999832690 84.430686951
0.998493254 -0.053803060 0.010786386 6.921234608 0.053910155 0.998496711 -0.009896185 -9.506916046 -0.010237725 0.010462770 0.999892831 85.569740295
0.998640418 -0.051109996 0.010249583 6.963611603 0.051227216 0.998620570 -0.011519119 -9.635393143 -0.009646702 0.012028513 0.999881089 86.715972900
0.998836398 -0.047347598 0.009168527 7.023563862 0.047481358 0.998759985 -0.014966438 -9.760998726 -0.008448534 0.015384356 0.999845982 87.837287903
0.998900533 -0.046199135 0.007964483 7.091869831 0.046337102 0.998761714 -0.018108450 -9.884876251 -0.007118027 0.018457592 0.999804258 88.929580688
0.998853326 -0.047202617 0.007986774 7.134223461 0.047339372 0.998718441 -0.017902073 -10.029672623 -0.007131515 0.018259635 0.999807835 90.079467773
0.998810470 -0.048316702 0.006574578 7.190371037 0.048410915 0.998714626 -0.015015416 -10.161312103 -0.005840632 0.015315836 0.999865592 91.193588257
0.998764098 -0.049362741 0.005796768 7.243450642 0.049431089 0.998701692 -0.012308022 -10.292411804 -0.005181684 0.012579352 0.999907434 92.309875488
0.998771787 -0.049281131 0.005130973 7.308987141 0.049338911 0.998712122 -0.011821053 -10.415451050 -0.004541810 0.012059691 0.999916911 93.429115295
0.998742223 -0.049877834 0.005124912 7.359665871 0.049945101 0.998654246 -0.013961948 -10.542203903 -0.004421624 0.014200350 0.999889374 94.537597656
0.998738885 -0.049980614 0.004751908 7.419767857 0.050057448 0.998589039 -0.017725460 -10.672415733 -0.003859275 0.017940976 0.999831557 95.638977051
0.998699248 -0.050770987 0.004727039 7.472218513 0.050851349 0.998529196 -0.018801900 -10.810601234 -0.003765495 0.019017810 0.999812067 96.744979858
0.998662889 -0.051507097 0.004408537 7.533907413 0.051575232 0.998523295 -0.017065730 -10.942168236 -0.003523020 0.017270280 0.999844670 97.829940796
0.998703897 -0.050607242 0.005412290 7.580638885 0.050669592 0.998642445 -0.012079725 -11.061137199 -0.004793622 0.012338308 0.999912381 98.910362244
0.998777211 -0.048976433 0.006732055 7.634176731 0.049033534 0.998760104 -0.008595029 -11.181149483 -0.006302755 0.008914616 0.999940336 99.976455688
0.998873293 -0.046615541 0.008886804 7.683788776 0.046690766 0.998873591 -0.008453093 -11.302735329 -0.008482750 0.008858503 0.999924779 101.043388367
0.998935044 -0.044821035 0.010942636 7.739267349 0.044932745 0.998938143 -0.010185712 -11.423394203 -0.010474483 0.010666548 0.999888241 102.081878662
0.998894632 -0.045036625 0.013466623 7.799275875 0.045206569 0.998898387 -0.012592832 -11.544820786 -0.012884649 0.013187690 0.999830008 103.101295471
0.998791456 -0.046707381 0.015297749 7.849544525 0.046919409 0.998803258 -0.013807831 -11.654557228 -0.014634515 0.014508908 0.999787629 104.113563538
0.998680115 -0.048430711 0.017100632 7.915631771 0.048659552 0.998727798 -0.013229838 -11.767657280 -0.016438145 0.014044487 0.999766231 105.096778870
0.998643875 -0.048617173 0.018621745 7.978306770 0.048840001 0.998737991 -0.011703921 -11.886647224 -0.018029233 0.012597535 0.999758124 106.070549011
0.998576581 -0.049515214 0.019824654 8.052903175 0.049725529 0.998710215 -0.010259431 -11.992658615 -0.019291088 0.011230618 0.999750793 107.001640320
0.998495936 -0.050191451 0.022058012 8.109865189 0.050434407 0.998671114 -0.010599085 -12.100241661 -0.021496717 0.011695625 0.999700546 107.917007446
0.998482764 -0.049821049 0.023453426 8.176566124 0.050041493 0.998707414 -0.008907791 -12.201388359 -0.022979312 0.010067921 0.999685168 108.818420410
0.998484969 -0.048860494 0.025308339 8.237394333 0.049044851 0.998774052 -0.006715506 -12.299798965 -0.024949189 0.007946577 0.999657154 109.688484192
0.998447478 -0.049150381 0.026206417 8.306776047 0.049256876 0.998780370 -0.003433867 -12.402987480 -0.026005672 0.004719383 0.999650598 110.543441772
0.998394668 -0.049297534 0.027891524 8.369626999 0.049410820 0.998772740 -0.003386598 -12.494250298 -0.027690345 0.004759304 0.999605179 111.367584229
0.998405278 -0.048305493 0.029213559 8.419782639 0.048398871 0.998824894 -0.002497474 -12.584995270 -0.029058591 0.003907393 0.999570072 112.173744202
0.998515069 -0.045854840 0.029410113 8.477796555 0.045944724 0.998941064 -0.002387469 -12.663919449 -0.029269494 0.003735163 0.999564528 112.951866150
0.998650074 -0.043287046 0.028711203 8.525145531 0.043288015 0.999062419 0.000588303 -12.739750862 -0.028709751 0.000655342 0.999587595 113.701957703
0.998723984 -0.043424048 0.025782099 8.575117111 0.043389648 0.999056399 0.001892219 -12.826494217 -0.025839943 -0.000771128 0.999665797 114.452857971
0.998862743 -0.043526452 0.019459032 8.613911629 0.043495353 0.999051630 0.002018698 -12.900527000 -0.019528441 -0.001170025 0.999808669 115.149559021
0.999079823 -0.042039126 0.008494243 8.648717880 0.042033266 0.999115825 0.000866526 -12.974809647 -0.008523159 -0.000508688 0.999963582 115.820991516
0.999216795 -0.039279804 -0.004771400 8.644680023 0.039272025 0.999227047 -0.001711800 -13.047114372 0.004834954 0.001523077 0.999987185 116.460052490
0.998981476 -0.037999004 -0.024332447 8.656350136 0.037898138 0.999271035 -0.004593376 -13.108374596 0.024489254 0.003666543 0.999693513 117.083091736
0.998249590 -0.036264867 -0.046718985 8.624910355 0.035990715 0.999329686 -0.006696467 -13.179863930 0.046930522 0.005003296 0.998885691 117.669784546
0.996627748 -0.034712285 -0.074352182 8.584595680 0.034150358 0.999377787 -0.008816182 -13.244516373 0.074611962 0.006247298 0.997193098 118.240013123
0.993807912 -0.032344513 -0.106299900 8.513278008 0.031348895 0.999447644 -0.011024220 -13.308593750 0.106597766 0.007623572 0.994272947 118.781883240
0.989562392 -0.027749782 -0.141407803 8.402313232 0.026249500 0.999577761 -0.012464268 -13.372889519 0.141693980 0.008622287 0.989872992 119.325469971
0.983423352 -0.021705493 -0.180020452 8.289823532 0.019873977 0.999730825 -0.011971552 -13.435001373 0.180231869 0.008195382 0.983590007 119.849143982
0.974982679 -0.016669102 -0.221654668 8.152109146 0.014912214 0.999842703 -0.009597483 -13.489154816 0.221779779 0.006052017 0.975077987 120.335746765
0.963761270 -0.011839940 -0.266503423 7.988836288 0.010092445 0.999917626 -0.007925824 -13.549015045 0.266575277 0.004948931 0.963801444 120.822593689
0.949650645 -0.005904300 -0.313255072 7.796352386 0.003376340 0.999957263 -0.008611847 -13.603492737 0.313292563 0.007120588 0.949630022 121.294471741
0.932460189 0.001863534 -0.361268073 7.571014404 -0.005586506 0.999941468 -0.009261193 -13.655566216 0.361229658 0.010653920 0.932416081 121.758193970
0.911635518 0.006657085 -0.410945654 7.320301056 -0.011716593 0.999883473 -0.009794366 -13.712450027 0.410832524 0.013743776 0.911607206 122.190338135
0.886650324 0.011431949 -0.462299079 7.044395447 -0.017339323 0.999813259 -0.008531496 -13.766326904 0.462115258 0.015580406 0.886682928 122.620971680
0.857866347 0.014425398 -0.513670385 6.758766174 -0.021624420 0.999733806 -0.008038817 -13.812962532 0.513417661 0.018004054 0.857949972 123.015754700
0.826394677 0.024266584 -0.562568128 6.433555603 -0.032456774 0.999462724 -0.004565781 -13.861372948 0.562155008 0.022032287 0.826738298 123.390045166
0.792681336 0.037237328 -0.608497798 6.085556030 -0.045463614 0.998964131 0.001907314 -13.901907921 0.607938588 0.026152622 0.793553293 123.745407104
0.757115722 0.045962870 -0.651661813 5.736213684 -0.056631379 0.998384476 0.004622197 -13.937766075 0.650821507 0.033404972 0.758495510 124.048782349
0.717195630 0.050169766 -0.695063591 5.379669189 -0.064080440 0.997927248 0.005909600 -13.990483284 0.693919241 0.040301643 0.718924105 124.346611023
0.675031364 0.051762372 -0.735970855 5.001514435 -0.066732235 0.997730613 0.008965764 -14.031900406 0.734764874 0.043060813 0.676953912 124.629058838
0.630885065 0.055050615 -0.773920834 4.600311279 -0.070047066 0.997447550 0.013849545 -14.061234474 0.772707820 0.045473408 0.633130848 124.901992798
0.585782170 0.064322121 -0.807912111 4.173954010 -0.081339218 0.996478558 0.020359326 -14.100143433 0.806376636 0.053788807 0.588951230 125.137435913
0.540917814 0.073045477 -0.837897480 3.716705322 -0.092872635 0.995316803 0.026813451 -14.121789932 0.835932076 0.063313887 0.545168638 125.347167969
0.494135678 0.078189008 -0.865861535 3.270072937 -0.098614044 0.994560599 0.033533059 -14.144992828 0.863773763 0.068816237 0.499158502 125.542221069
0.446800590 0.079623334 -0.891083241 2.809108734 -0.097700730 0.994416952 0.039868400 -14.171743393 0.889282823 0.069246262 0.452085316 125.725372314
0.399577141 0.081521474 -0.913067579 2.333076477 -0.095273174 0.994336963 0.047083978 -14.194768906 0.911735356 0.068177171 0.405081093 125.901412964
0.354569644 0.083996691 -0.931249142 1.840286255 -0.096752562 0.993906558 0.052810073 -14.212985039 0.930010378 0.071375899 0.360535949 126.038917542
0.310972631 0.087578818 -0.946375191 1.341922760 -0.102393702 0.993036985 0.058251072 -14.233037949 0.944887042 0.078788355 0.317774892 126.157531738
0.269504309 0.088898815 -0.958887100 0.824983597 -0.106931634 0.992334783 0.061945610 -14.248702049 0.957043827 0.085840754 0.276944607 126.260910034
0.229884595 0.085049212 -0.969494641 0.295764923 -0.106940217 0.992349446 0.061696719 -14.261270523 0.967324615 0.089494839 0.237221032 126.368591309
0.194883406 0.080084696 -0.977551401 -0.239900589 -0.101737201 0.992935479 0.061062828 -14.284311295 0.975535750 0.087553211 0.201654226 126.461257935
0.164479598 0.074999064 -0.983525097 -0.787599564 -0.098921232 0.993332505 0.059203863 -14.304286003 0.981407702 0.087553687 0.170801938 126.542556763
0.138240546 0.073415965 -0.987673879 -1.354476929 -0.100147732 0.993173480 0.059807513 -14.322412491 0.985322297 0.090645477 0.144649267 126.611526489
0.115916893 0.072415337 -0.990615666 -1.943696022 -0.100701220 0.993056595 0.060810219 -14.334307671 0.988141000 0.092707269 0.122404359 126.673988342
0.097481593 0.074048430 -0.992478788 -2.540129662 -0.102667257 0.992656171 0.063977651 -14.350234032 0.989927649 0.095658429 0.104368083 126.731300354
0.081239320 0.072441086 -0.994058728 -3.141610146 -0.103680953 0.992558420 0.063858449 -14.374299049 0.991287172 0.097877137 0.088145539 126.788597107
0.066868976 0.071512006 -0.995195687 -3.760770798 -0.102500692 0.992643356 0.064441390 -14.403901100 0.992482722 0.097699128 0.073707074 126.845252991
0.054463767 0.069016837 -0.996127665 -4.398107529 -0.098185875 0.993143857 0.063441738 -14.425346375 0.993676603 0.094350398 0.060866844 126.893531799
0.042510841 0.066163845 -0.996902883 -5.046369076 -0.095783949 0.993478537 0.061852079 -14.439516068 0.994494021 0.092857882 0.048571061 126.932830811
0.032348081 0.065260738 -0.997343779 -5.712124348 -0.095332198 0.993517935 0.061918370 -14.457125664 0.994919777 0.093076050 0.038359851 126.968750000
0.022701327 0.066667639 -0.997516930 -6.383493900 -0.098594382 0.993059456 0.064125925 -14.477626801 0.994868755 0.096893832 0.029116819 126.992553711
0.014463000 0.066646300 -0.997671843 -7.061452866 -0.101420790 0.992727995 0.064845763 -14.504296303 0.994738519 0.100246802 0.021117145 127.009216309
0.007503977 0.065992691 -0.997791886 -7.753717422 -0.103433110 0.992519021 0.064866073 -14.524200439 0.994608104 0.102717966 0.014273667 127.036102295
0.002265438 0.066881724 -0.997758389 -8.453285217 -0.104146630 0.992350817 0.066282772 -14.540990829 0.994559288 0.103763007 0.009213616 127.055343628
-0.001441791 0.069218725 -0.997600436 -9.177462578 -0.106414884 0.991926253 0.068978809 -14.558675766 0.994320750 0.106258981 0.005935751 127.082206726
-0.002025827 0.073494263 -0.997293591 -9.912970543 -0.108815752 0.991357386 0.073277853 -14.583978653 0.994059920 0.108669683 0.005989015 127.084228516
-0.002890552 0.076651208 -0.997053742 -10.624157906 -0.111089751 0.990861893 0.076497257 -14.599390984 0.993806124 0.110983573 0.005651027 127.096931458
-0.003497584 0.082265466 -0.996604323 -11.365778923 -0.115831755 0.989868641 0.082115978 -14.605585098 0.993262649 0.115725629 0.006066806 127.107589722
-0.004432820 0.086098284 -0.996276855 -12.110403061 -0.118856266 0.989179015 0.086013727 -14.617250443 0.992901504 0.118795052 0.005848471 127.117851257
-0.005803123 0.086513564 -0.996233761 -12.857001305 -0.118927516 0.989120066 0.086588606 -14.634099007 0.992886007 0.118982099 0.004548861 127.138198853
-0.007456871 0.083434686 -0.996485233 -13.600403786 -0.116441727 0.989661396 0.083734684 -14.651478767 0.993169606 0.116656862 0.002335500 127.163825989
-0.008848041 0.079666235 -0.996782362 -14.362146378 -0.120144472 0.989515543 0.080151938 -14.653875351 0.992717028 0.120467082 0.000816184 127.177345276
-0.009990822 0.081686936 -0.996607959 -15.134149551 -0.125334337 0.988695562 0.082294852 -14.665721893 0.992064238 0.125731394 0.000360298 127.180763245
-0.011702057 0.085208021 -0.996294439 -15.903096199 -0.122362718 0.988752484 0.086000212 -14.678844452 0.992416382 0.122915685 -0.001144151 127.199768066
-0.013795917 0.085254051 -0.996263742 -16.678087234 -0.121517695 0.988830507 0.086300679 -14.694932938 0.992493391 0.122254275 -0.003281947 127.217170715
-0.015073257 0.084517255 -0.996308029 -17.471384048 -0.124208562 0.988545001 0.085737899 -14.705121994 0.992141664 0.125042319 -0.004402827 127.224876404
-0.015643964 0.084293060 -0.996318161 -18.258546829 -0.128911033 0.987953842 0.085609540 -14.709769249 0.991532803 0.129775673 -0.004589207 127.227355957
-0.016591361 0.088856153 -0.995906293 -19.062309265 -0.130851462 0.987283945 0.090266809 -14.715948105 0.991263151 0.131813422 -0.004753425 127.232849121
-0.017236089 0.093265772 -0.995492041 -19.876188278 -0.129199550 0.987084866 0.094715111 -14.724129677 0.991468847 0.130249619 -0.004963588 127.250946045
-0.016772548 0.095453404 -0.995292544 -20.701057434 -0.131125331 0.986625433 0.096831881 -14.732774734 0.991223931 0.132132217 -0.004031863 127.273498535
-0.014947972 0.094237752 -0.995437503 -21.519218445 -0.130515605 0.986847341 0.095384389 -14.737251282 0.991333604 0.131345928 -0.002451871 127.287796021
-0.013329045 0.094115756 -0.995472074 -22.350318909 -0.130629867 0.986864388 0.095051035 -14.738391876 0.991341650 0.131305322 -0.000859635 127.297363281
-0.013298673 0.093194388 -0.995559037 -23.177364349 -0.129147574 0.987147450 0.094132125 -14.742650986 0.991536200 0.129825905 -0.001091920 127.324836731
-0.012867702 0.095237561 -0.995371401 -24.016302109 -0.130093798 0.986833274 0.096102424 -14.748419762 0.991418183 0.130728260 -0.000308460 127.350395203
-0.012235372 0.097293012 -0.995180488 -24.854438782 -0.131728053 0.986424208 0.098056495 -14.748182297 0.991210401 0.132292941 0.000746954 127.370704651
-0.011908377 0.099786192 -0.994937658 -25.720386505 -0.134679779 0.985781491 0.100479849 -14.748202324 0.990817606 0.135194570 0.001700125 127.384757996
-0.010277063 0.100969791 -0.994836390 -26.584697723 -0.136871830 0.985382795 0.101424247 -14.744180679 0.990535438 0.137207434 0.003693079 127.400009155
-0.008680406 0.104163222 -0.994522393 -27.453639984 -0.143604413 0.984120727 0.104327202 -14.743175507 0.989597142 0.143723398 0.006415729 127.420196533
-0.006289505 0.108120099 -0.994117916 -28.338117599 -0.148386225 0.983030617 0.107853048 -14.737374306 0.988909423 0.148191765 0.009860763 127.437248230
-0.004201649 0.109945007 -0.993928790 -29.213161469 -0.150831744 0.982496500 0.109318025 -14.729692459 0.988550484 0.150375351 0.012455092 127.471290588
-0.000784344 0.111016564 -0.993818223 -30.104204178 -0.149758980 0.982597768 0.109881349 -14.731937408 0.988722205 0.148919389 0.015855033 127.503540039
0.001644399 0.111107543 -0.993806958 -30.994924545 -0.152624026 0.982193112 0.109556586 -14.725726128 0.988282919 0.151498690 0.018572800 127.538513184
0.004444008 0.114885308 -0.993368804 -31.897891998 -0.153085157 0.981747627 0.112856448 -14.715461731 0.988202989 0.151568472 0.021950131 127.569396973
0.006630434 0.116893925 -0.993122220 -32.811668396 -0.152341455 0.981669605 0.114528812 -14.707242966 0.988305628 0.150534302 0.024316687 127.613945007
0.008427230 0.118284062 -0.992944062 -33.704391479 -0.153077438 0.981428027 0.115613028 -14.702196121 0.988178194 0.151023015 0.026377337 127.658607483
0.010947764 0.116610892 -0.993117332 -34.607578278 -0.154543310 0.981440783 0.113536194 -14.694399834 0.987925291 0.152236700 0.028766014 127.693328857
0.010856292 0.117834605 -0.992973864 -35.513172150 -0.158919170 0.980614305 0.114630446 -14.683403015 0.987232029 0.156558126 0.029372012 127.742874146
0.011943622 0.118338250 -0.992901444 -36.406059265 -0.159634352 0.980462492 0.114935465 -14.675710678 0.987103939 0.157128438 0.030601125 127.783485413
0.012174161 0.114839800 -0.993309438 -37.301345825 -0.160029128 0.980802536 0.111432478 -14.670454025 0.987037241 0.157601833 0.030318160 127.822578430
0.012974416 0.110787608 -0.993759394 -38.212680817 -0.161142528 0.981084108 0.107270673 -14.670380592 0.986845851 0.158745110 0.030581590 127.872856140
0.013302258 0.110042945 -0.993837833 -39.106758118 -0.160652548 0.981248558 0.106498703 -14.664396286 0.986921370 0.158245906 0.030731497 127.920112610
0.013049299 0.114310905 -0.993359387 -40.008411407 -0.163122192 0.980378628 0.110674307 -14.658330917 0.986519516 0.160594746 0.031439900 127.966972351
0.013809813 0.120562643 -0.992609680 -40.943218231 -0.163960055 0.979540467 0.116694152 -14.644956589 0.986370325 0.161136776 0.033294737 128.001602173
0.014115949 0.119318202 -0.992755711 -41.838401794 -0.161873311 0.980030477 0.115487099 -14.642292023 0.986710608 0.159070432 0.033148494 128.049804688
0.014949239 0.109016702 -0.993927479 -42.727264404 -0.161045134 0.981323004 0.105211996 -14.646293640 0.986833811 0.158494323 0.032226641 128.097518921
0.015098903 0.098410331 -0.995031357 -43.656425476 -0.162841454 0.982100785 0.094660483 -14.648021698 0.986536741 0.160603076 0.030853933 128.142120361
0.014066709 0.095383920 -0.995341063 -44.556812286 -0.159639612 0.982885182 0.091934144 -14.653505325 0.987075150 0.157602653 0.029053012 128.192626953
0.013829791 0.105265781 -0.994347930 -45.478183746 -0.152420446 0.983043432 0.101949118 -14.653767586 0.988218963 0.150149032 0.029639944 128.245452881
0.014013449 0.118533343 -0.992851198 -46.425952911 -0.147516608 0.982328355 0.115194954 -14.647923470 0.988960445 0.144847706 0.031251442 128.308349609
0.014372451 0.127402157 -0.991747022 -47.347450256 -0.147909626 0.981208682 0.123904847 -14.635635376 0.988896430 0.144908100 0.032946374 128.355987549
0.014318218 0.121705227 -0.992463052 -48.262863159 -0.148226023 0.981856525 0.118266106 -14.630273819 0.988849878 0.145415500 0.032098323 128.401000977
0.014192516 0.108403698 -0.994005620 -49.181472778 -0.147913605 0.983396292 0.105134748 -14.628965378 0.988898456 0.145534828 0.029991250 128.446807861
0.014709643 0.099632375 -0.994915605 -50.096157074 -0.148463219 0.984211624 0.096365459 -14.627068520 0.988808453 0.146290883 0.029269146 128.493896484
0.015254147 0.099498779 -0.994920790 -51.027618408 -0.147464409 0.984379470 0.096183680 -14.629613876 0.988949776 0.145248204 0.029688405 128.539993286
0.014570969 0.101100750 -0.994769454 -51.965454102 -0.150677830 0.983736217 0.097772330 -14.645353317 0.988475561 0.148465082 0.029567631 128.589462280
0.015400202 0.100459330 -0.994822025 -52.895442963 -0.155201510 0.983121336 0.096875206 -14.643220901 0.987762809 0.152906001 0.030731708 128.624130249
0.015602650 0.099952415 -0.994869888 -53.832405090 -0.156709358 0.982939065 0.096296065 -14.644989014 0.987521589 0.154402927 0.030999931 128.672058105
0.016229184 0.107748829 -0.994045615 -54.799491882 -0.165725499 0.980715156 0.103598200 -14.645297050 0.986038387 0.163057387 0.033772931 128.715026855
0.017749701 0.117003553 -0.992972851 -55.741050720 -0.171199933 0.978818059 0.112275414 -14.633241653 0.985076427 0.168004051 0.037404727 128.755752563
0.018872615 0.125482380 -0.991916299 -56.696083069 -0.171620876 0.977774680 0.120428063 -14.626259804 0.984982252 0.167960763 0.039988555 128.803695679
0.020050757 0.126140267 -0.991809785 -57.649230957 -0.173380271 0.977417707 0.120804742 -14.613866806 0.984650910 0.169538006 0.041468199 128.852462769
0.021592995 0.116608225 -0.992943168 -58.603889465 -0.175159886 0.978254199 0.111074105 -14.613162994 0.984303176 0.171525374 0.041548520 128.902465820
0.022821875 0.111667514 -0.993483484 -59.543884277 -0.173638821 0.979081631 0.106059976 -14.605030060 0.984544933 0.170086831 0.041734293 128.960266113
0.024443960 0.110175677 -0.993611574 -60.511295319 -0.171832860 0.979579270 0.104392461 -14.603494644 0.984822869 0.168183327 0.042876601 129.024749756
0.028087441 0.115857370 -0.992868662 -61.473964691 -0.173870787 0.978685856 0.109283730 -14.595680237 0.984367847 0.169561341 0.047632996 129.082580566
0.031462379 0.118111864 -0.992501736 -62.447509766 -0.176510319 0.978043139 0.110795841 -14.595018387 0.983795822 0.171700940 0.051619526 129.143493652
0.035571676 0.113003232 -0.992957652 -63.403652191 -0.175589427 0.978836596 0.105105884 -14.591569901 0.983820558 0.170614049 0.054661024 129.206298828
0.038607694 0.107481390 -0.993457198 -64.358474731 -0.175510153 0.979472280 0.099147707 -14.596763611 0.983720362 0.170533970 0.056679241 129.276901245
0.042441361 0.106964529 -0.993356645 -65.316001892 -0.173303872 0.979968548 0.098118477 -14.590207100 0.983953476 0.167988271 0.060128566 129.348175049
0.044447001 0.111398049 -0.992781401 -66.275787354 -0.170524314 0.980025232 0.102332294 -14.603418350 0.984350502 0.164745018 0.062555261 129.439941406
0.048058894 0.117904738 -0.991861165 -67.232513428 -0.169916734 0.979500175 0.108202323 -14.599433899 0.984285951 0.163333759 0.067107677 129.520751953
0.050473388 0.122061662 -0.991238177 -68.197753906 -0.167627946 0.979458988 0.112075604 -14.603983879 0.984557450 0.160502419 0.069897540 129.609954834
0.052531414 0.123524062 -0.990950108 -69.178657532 -0.167382434 0.979370832 0.113207534 -14.598734856 0.984491527 0.159920678 0.072123498 129.695220947
0.054660540 0.120940946 -0.991153598 -70.117950439 -0.166113839 0.979906440 0.110407621 -14.598646164 0.984590471 0.158609375 0.073652163 129.774627686
0.055300504 0.119572341 -0.991284192 -71.063224792 -0.164147541 0.980383992 0.109100260 -14.599191666 0.984884501 0.156683534 0.073843218 129.865966797
0.056140143 0.116356075 -0.991619647 -72.009490967 -0.161107600 0.981226385 0.106015481 -14.607227325 0.985338867 0.153805718 0.073832035 129.957122803
0.055662226 0.115449585 -0.991752565 -72.997650146 -0.159596160 0.981549799 0.105304524 -14.592464447 0.985611856 0.152418390 0.073060572 130.046615601
0.055473838 0.120174244 -0.991201699 -73.950454712 -0.156271398 0.981540918 0.110257044 -14.591635704 0.986154974 0.148780137 0.073229641 130.135910034
0.054843448 0.122043416 -0.991008341 -74.910850525 -0.150232151 0.982212365 0.112646185 -14.594417572 0.987128377 0.142703444 0.072202757 130.238037109
0.054114364 0.117420457 -0.991606772 -75.869338989 -0.147440329 0.983116210 0.108368881 -14.579220772 0.987589478 0.140338540 0.070513219 130.323974609
0.052846182 0.113208026 -0.992164910 -76.825347900 -0.149793312 0.983210325 0.104207784 -14.574231148 0.987304032 0.143112674 0.068916723 130.400390625
0.051650368 0.110598132 -0.992522240 -77.773872375 -0.146255508 0.983970761 0.102034174 -14.575840950 0.987897575 0.139891729 0.066998035 130.486373901
0.050189570 0.111339316 -0.992514253 -78.737350464 -0.146415293 0.983850062 0.102963440 -14.575125694 0.987949193 0.140151575 0.065680802 130.561859131
0.049592018 0.112299249 -0.992436111 -79.687446594 -0.147535533 0.983581662 0.103924960 -14.574137688 0.987812698 0.141265750 0.065345921 130.637130737
0.048454370 0.112720840 -0.992444575 -80.643341064 -0.149146184 0.983288527 0.104399100 -14.574509621 0.987627268 0.142960712 0.064456500 130.711868286
0.046917036 0.113552339 -0.992423654 -81.591522217 -0.148887813 0.983214498 0.105459936 -14.575174332 0.987740397 0.142811939 0.063036077 130.786499023
0.044888638 0.113975629 -0.992468894 -82.559494019 -0.149049163 0.983114719 0.106159993 -14.574514389 0.987810373 0.143161297 0.061118651 130.858749390
0.043026906 0.116332158 -0.992277861 -83.508895874 -0.149135441 0.982817709 0.108756289 -14.565423012 0.987880230 0.143304348 0.059636857 130.937454224
0.041440278 0.119908988 -0.991919637 -84.462165833 -0.150392681 0.982210040 0.112452179 -14.554374695 0.987757385 0.144517362 0.058736492 131.001403809
0.039287105 0.124774218 -0.991407037 -85.410797119 -0.151503041 0.981446207 0.117516875 -14.542046547 0.987675726 0.145584300 0.057461862 131.070877075
0.037071183 0.124675758 -0.991504669 -86.366050720 -0.151445389 0.981427550 0.117746256 -14.535818100 0.987770200 0.145793810 0.055264238 131.137481689
0.035967287 0.119637512 -0.992165923 -87.310630798 -0.151448160 0.981994033 0.112920783 -14.529333115 0.987810612 0.146200240 0.053438537 131.202651978
0.033545390 0.114667252 -0.992837429 -88.257904053 -0.155526146 0.981893778 0.108148493 -14.514916420 0.987262011 0.150784269 0.050771773 131.266571045
0.032290995 0.112518765 -0.993124783 -89.200836182 -0.153475583 0.982416451 0.106315359 -14.510133743 0.987624705 0.148987338 0.048992086 131.335311890
0.031934556 0.113804042 -0.992989838 -90.166992188 -0.148800835 0.982966125 0.107869826 -14.509844780 0.988351405 0.144312948 0.048324723 131.391082764
0.031416520 0.115127586 -0.992853761 -91.115592957 -0.145840392 0.983240843 0.109398127 -14.505740166 0.988809228 0.141361251 0.047680251 131.455871582
0.030197341 0.114816725 -0.992927611 -92.066574097 -0.140640765 0.983986139 0.109505549 -14.503824234 0.989600182 0.136339307 0.045861680 131.526870728
0.028967168 0.111952767 -0.993291140 -93.008026123 -0.136471406 0.984846234 0.107021041 -14.504509926 0.990220487 0.132455766 0.043806560 131.594284058
0.028439134 0.108827062 -0.993653715 -93.953422546 -0.131415620 0.985834837 0.104209498 -14.505952835 0.990919352 0.127618000 0.042337868 131.658706665
0.026427472 0.111152902 -0.993451893 -94.937286377 -0.129793748 0.985768080 0.106840469 -14.504103661 0.991188765 0.126120284 0.040478308 131.720001221
0.025038546 0.113596261 -0.993211448 -95.885566711 -0.129158348 0.985563576 0.109465510 -14.501308441 0.991307735 0.125540674 0.039348975 131.780960083
0.023746766 0.111239746 -0.993509889 -96.843742371 -0.124943107 0.986328483 0.107449293 -14.493785858 0.991879642 0.121580638 0.037320752 131.834136963
0.021700576 0.108569868 -0.993851960 -97.790802002 -0.122029617 0.986940861 0.105150387 -14.495169640 0.992289245 0.118997529 0.034665920 131.886291504
0.017588807 0.105797991 -0.994231999 -98.759986877 -0.120701514 0.987338185 0.102929078 -14.489309311 0.992532969 0.118194930 0.030136080 131.951461792
0.014974511 0.104945801 -0.994365156 -99.715057373 -0.115144998 0.988041639 0.102544390 -14.496730804 0.993235767 0.112960637 0.026879424 132.002853394
0.012823217 0.105081417 -0.994381011 -100.672851562 -0.108434640 0.988744140 0.103087403 -14.490062714 0.994020879 0.106503442 0.024073353 132.048233032
0.010481860 0.112671673 -0.993577003 -101.642166138 -0.098404825 0.988924742 0.111105949 -14.485415459 0.995091200 0.096608177 0.021453202 132.111328125
0.007876255 0.120800123 -0.992645621 -102.599876404 -0.090349644 0.988702059 0.119603336 -14.479411125 0.995878994 0.088743128 0.018701514 132.169418335
0.005156362 0.119938128 -0.992767930 -103.553466797 -0.086152114 0.989143193 0.119052753 -14.468150139 0.996268630 0.084915176 0.015433304 132.217651367
0.002341872 0.110419706 -0.993882298 -104.505424500 -0.086984977 0.990140259 0.109799013 -14.470211983 0.996206820 0.086195685 0.011923638 132.254089355
0.000256661 0.100919239 -0.994894564 -105.452796936 -0.088720635 0.990973532 0.100498624 -14.464841843 0.996056557 0.088241875 0.009207963 132.294433594
0.000070321 0.102421828 -0.994741082 -106.414756775 -0.096010327 0.990146399 0.101941973 -14.463720322 0.995380342 0.095498249 0.009903183 132.313232422
-0.000902829 0.111956187 -0.993712723 -107.374214172 -0.099381454 0.988783538 0.111491136 -14.452527046 0.995048940 0.098857269 0.010233669 132.354431152
-0.002348953 0.123465687 -0.992346048 -108.337623596 -0.103452310 0.986994147 0.123044714 -14.439033508 0.994631648 0.102949500 0.010454406 132.385604858
-0.003971831 0.125166476 -0.992127836 -109.278144836 -0.110437624 0.986011803 0.124837004 -14.426769257 0.993875146 0.110064067 0.009906816 132.421798706
-0.003771514 0.121625006 -0.992568970 -110.265495300 -0.117368862 0.985661805 0.121224597 -14.401366234 0.993081152 0.116953887 0.010557550 132.442382812
-0.003970933 0.118014239 -0.993004024 -111.220130920 -0.125600636 0.985089064 0.117575847 -14.388607025 0.992072880 0.125188842 0.010910944 132.468597412
-0.001702161 0.120110244 -0.992759109 -112.187232971 -0.130318463 0.984267831 0.119306356 -14.368323326 0.991470635 0.129577905 0.013977201 132.494384766
-0.000128389 0.120960586 -0.992657304 -113.169525146 -0.138224989 0.983126521 0.119817093 -14.345305443 0.990400851 0.137225419 0.016593557 132.519424438
0.000281465 0.123597130 -0.992332399 -114.132499695 -0.147372261 0.981502473 0.122206397 -14.325997353 0.989081085 0.146207869 0.018491045 132.544464111
0.000487652 0.125789836 -0.992056727 -115.107498169 -0.152742311 0.980425596 0.124239929 -14.302680969 0.988265932 0.151468500 0.019691534 132.574676514
0.000900623 0.125418991 -0.992103398 -116.086578369 -0.156995028 0.979818821 0.123723477 -14.289176941 0.987598956 0.155643895 0.020572606 132.615661621
0.002508292 0.116056837 -0.993239403 -117.042022705 -0.156053811 0.981119156 0.114246547 -14.289781570 0.987745285 0.154712230 0.020572050 132.651062012
0.003930383 0.104396492 -0.994527996 -117.994369507 -0.159098625 0.981933057 0.102445602 -14.278013229 0.987254858 0.157825395 0.020468708 132.690902710
