1.000000000 0.000000000 0.000000000 0.000000000 0.000000000 1.000000000 0.000000000 0.000000000 0.000000000 0.000000000 1.000000000 0.000000000
0.999997914 -0.001572592 -0.001316497 0.048333343 0.001569815 0.999996543 -0.002107980 -0.132771641 0.001319808 0.002105909 0.999996901 1.298402071
0.999997914 0.000017157 -0.002030546 0.102737993 -0.000030132 0.999979556 -0.006390225 -0.267439902 0.002030395 0.006390272 0.999977529 2.605082273
0.999996364 0.002406772 -0.001212824 0.146948025 -0.002416329 0.999965549 -0.007940628 -0.406218350 0.001193671 0.007943529 0.999967754 3.908508062
0.999983966 0.005645456 0.000322177 0.192165971 -0.005643188 0.999961972 -0.006653622 -0.544775486 -0.000359728 0.006651697 0.999977827 5.222821236
0.999975920 0.006474632 0.002505596 0.242673099 -0.006466594 0.999973953 -0.003202968 -0.691853762 -0.002526269 0.003186689 0.999991715 6.540080070
0.999961197 0.006692772 0.005716254 0.300738066 -0.006681887 0.999975860 -0.001921295 -0.828714252 -0.005728975 0.001883026 0.999981821 7.842698097
0.999944985 0.005207755 0.009105219 0.356725246 -0.005190998 0.999984801 -0.001863024 -0.961520255 -0.009114780 0.001815657 0.999956787 9.149474144
0.999915004 0.003947563 0.012424245 0.434661627 -0.003926323 0.999990761 -0.001733554 -1.098517537 -0.012430975 0.001684625 0.999921322 10.449103355
0.999870777 0.002606024 0.015858719 0.499347806 -0.002566720 0.999993563 -0.002498196 -1.234542131 -0.015865127 0.002457169 0.999871135 11.757639885
0.999814510 0.001441686 0.019200351 0.576185584 -0.001375284 0.999992967 -0.003471115 -1.370033264 -0.019205224 0.003444066 0.999809623 13.052740097
0.999746621 0.001439493 0.022460962 0.647528052 -0.001363879 0.999993324 -0.003381385 -1.518140793 -0.022465684 0.003349895 0.999741971 14.376400948
0.999665618 0.001295517 0.025826273 0.733900189 -0.001181925 0.999989569 -0.004413138 -1.656610250 -0.025831722 0.004381138 0.999656737 15.671118736
0.999571919 0.002240274 0.029170543 0.811658502 -0.002114062 0.999988198 -0.004356818 -1.794548035 -0.029179962 0.004293285 0.999564946 16.977256775
0.999475598 0.001779048 0.032332465 0.902888775 -0.001654863 0.999991179 -0.003867242 -1.934626222 -0.032339059 0.003811708 0.999469697 18.263360977
0.999406338 0.000103575 0.034452453 1.000918984 0.000026526 0.999992967 -0.003775775 -2.075586081 -0.034452595 0.003774449 0.999399126 19.567888260
0.999344110 -0.002395378 0.036133111 1.097408533 0.002582270 0.999983490 -0.005126553 -2.215578079 -0.036120236 0.005216496 0.999333799 20.842781067
0.999296248 -0.001975397 0.037457630 1.193119049 0.002228233 0.999975026 -0.006709385 -2.358354330 -0.037443440 0.006788127 0.999275684 22.153724670
0.999252617 -0.001783369 0.038614150 1.279386759 0.002148661 0.999953330 -0.009420597 -2.501282215 -0.038595546 0.009496524 0.999209762 23.441232681
0.999218166 -0.001257551 0.039515492 1.381305933 0.001691450 0.999938607 -0.010948952 -2.643105030 -0.039499305 0.011007231 0.999158978 24.730161667
0.999162912 -0.000735700 0.040902838 1.478373051 0.001207308 0.999933004 -0.011506450 -2.790979147 -0.040891636 0.011546199 0.999096870 26.001091003
0.999154329 -0.002364266 0.041052319 1.581891537 0.002799664 0.999940395 -0.010551694 -2.936863899 -0.041024927 0.010657699 0.999101281 27.290739059
0.999146461 -0.005348686 0.040959526 1.686456442 0.005735860 0.999939919 -0.009340940 -3.084379196 -0.040907096 0.009567906 0.999117196 28.569404602
0.999174237 -0.006840418 0.040048771 1.783617020 0.007237002 0.999926150 -0.009765931 -3.232398748 -0.039979015 0.010047701 0.999149978 29.859853745
0.999193370 -0.008592208 0.039226398 1.889719963 0.009082419 0.999882698 -0.012335884 -3.377550602 -0.039115805 0.012682203 0.999154150 31.128252029
0.999217570 -0.008566188 0.038612019 1.991504669 0.009055839 0.999880493 -0.012524275 -3.526937485 -0.038500123 0.012864139 0.999175787 32.415821075
0.999225855 -0.009070425 0.038282290 2.085488796 0.009574296 0.999869704 -0.012999202 -3.670873404 -0.038159389 0.013355665 0.999182403 33.681442261
0.999247730 -0.009770271 0.037528817 2.186784983 0.010262789 0.999863446 -0.012953593 -3.815433502 -0.037397131 0.013329001 0.999211550 34.953224182
0.999252677 -0.010307644 0.037254438 2.277984619 0.010818345 0.999849975 -0.013533020 -3.960830212 -0.037109353 0.013925939 0.999214292 36.213031769
0.999304235 -0.011035898 0.035626065 2.398235798 0.011528856 0.999840200 -0.013661358 -4.117408276 -0.035469614 0.014062581 0.999271810 37.505187988
0.999304652 -0.010752576 0.035699695 2.491949081 0.011178074 0.999868572 -0.011740679 -4.265442848 -0.035568763 0.012131570 0.999293506 38.763290405
0.999261796 -0.010672389 0.036905445 2.587383747 0.011076587 0.999880731 -0.010765155 -4.403394699 -0.036786154 0.011165994 0.999260783 40.023323059
0.999171913 -0.012543596 0.038705599 2.691322803 0.012900772 0.999876320 -0.008992040 -4.547390938 -0.038588017 0.009483927 0.999210179 41.270957947
0.999063075 -0.013415279 0.041143961 2.785246849 0.013848022 0.999851525 -0.010250865 -4.691997528 -0.041000333 0.010811025 0.999100626 42.534099579
0.998934388 -0.014598864 0.043783229 2.879650593 0.015191638 0.999796987 -0.013236793 -4.842939854 -0.043581095 0.013887825 0.998953342 43.783473969
0.998830438 -0.015743446 0.045715690 2.986533165 0.016424930 0.999758959 -0.014569743 -4.988129139 -0.045475297 0.015303580 0.998848200 45.056770325
0.998702407 -0.015897915 0.048382863 3.108858109 0.016558066 0.999774814 -0.013274208 -5.125271797 -0.048160940 0.014058109 0.998740673 46.292407990
0.998501658 -0.016822327 0.052071672 3.218362093 0.017359227 0.999800563 -0.009875694 -5.278518200 -0.051895160 0.010764821 0.998594522 47.549678802
0.998238027 -0.019941324 0.055885997 3.338263988 0.020419629 0.999759555 -0.008000573 -5.415894508 -0.055713017 0.009127649 0.998405039 48.775871277
0.997978210 -0.021944337 0.059648417 3.461163998 0.022469582 0.999714255 -0.008149155 -5.558040619 -0.059452549 0.009472951 0.998186171 50.028923035
0.997698128 -0.025363494 0.062889501 3.606917620 0.026169321 0.999585211 -0.012022827 -5.691267967 -0.062558472 0.013640927 0.997948050 51.256713867
0.997418642 -0.026330072 0.066803530 3.735942602 0.027203953 0.999555349 -0.012205468 -5.827435493 -0.066452451 0.013991280 0.997691512 52.489547729
0.997046292 -0.028835760 0.071185112 3.859396458 0.029592348 0.999515951 -0.009596577 -5.968122005 -0.070873931 0.011674769 0.997416914 53.709377289
0.996787369 -0.031520203 0.073632114 4.026347160 0.032068182 0.999466002 -0.006271369 -6.101854324 -0.073395126 0.008612471 0.997265756 54.902332306
0.996501446 -0.033967011 0.076361589 4.157019615 0.034430154 0.999395788 -0.004756428 -6.235847950 -0.076153897 0.007368930 0.997068763 56.154369354
0.996308684 -0.037078083 0.077421516 4.316941738 0.037291326 0.999303520 -0.001309903 -6.359755039 -0.077319026 0.004192218 0.996997535 57.359954834
0.996127784 -0.039526016 0.078530706 4.449582100 0.039653581 0.999213457 -0.000064932 -6.489388943 -0.078466393 0.003178705 0.996911705 58.580463409
0.996086299 -0.041484240 0.078044772 4.598722935 0.041879740 0.999116659 -0.003436999 -6.612511158 -0.077833250 0.006692043 0.996943951 59.775707245
0.996102989 -0.042821184 0.077103965 4.754338264 0.043528881 0.999023855 -0.007520625 -6.746622086 -0.076706655 0.010847566 0.996994674 60.986957550
0.996110022 -0.044264033 0.076193534 4.893781662 0.045273289 0.998907626 -0.011569198 -6.876811028 -0.075598195 0.014973726 0.997025967 62.168243408
0.996112049 -0.046688434 0.074705735 5.032733440 0.047854397 0.998757720 -0.013893449 -7.012527466 -0.073964246 0.017414426 0.997108817 63.384441376
0.996258259 -0.046559487 0.072812892 5.168907166 0.047676910 0.998769104 -0.013683637 -7.147429466 -0.072086155 0.017103931 0.997251689 64.559181213
0.996506512 -0.045765869 0.069857620 5.306642532 0.046790324 0.998818815 -0.013098825 -7.291702271 -0.069175631 0.016321730 0.997470915 65.781486511
0.996746600 -0.045043964 0.066837139 5.429621696 0.045899399 0.998881996 -0.011318095 -7.420906067 -0.066252604 0.014349060 0.997699738 66.955924988
0.997140646 -0.041237310 0.063324101 5.547247887 0.041782215 0.999099970 -0.007304485 -7.559885025 -0.062965900 0.009929421 0.997966230 68.150222778
0.997428119 -0.039314214 0.059929520 5.667057514 0.039699841 0.999197781 -0.005257261 -7.683158875 -0.059674770 0.007622932 0.998188794 69.326652527
0.997653723 -0.038279273 0.056760032 5.777160645 0.038809188 0.999212444 -0.008262929 -7.820532799 -0.056399044 0.010446353 0.998353660 70.498908997
0.997815490 -0.038594868 0.053616133 5.891322136 0.039458185 0.999106526 -0.015137210 -7.954336643 -0.052984007 0.017219737 0.998446822 71.686004639
0.997834325 -0.042533595 0.050175544 6.001907349 0.043484967 0.998891532 -0.018023707 -8.090087891 -0.049353313 0.020166555 0.998577714 72.856552124
0.997876942 -0.046439990 0.045660593 6.117385864 0.047087297 0.998803496 -0.013204024 -8.226303101 -0.044992775 0.015326025 0.998869717 74.024894714
0.997880876 -0.050187960 0.041411821 6.222440720 0.050575905 0.998685062 -0.008373381 -8.352689743 -0.040937129 0.010450078 0.999107003 75.184860229
0.997949958 -0.052260239 0.036942784 6.321476936 0.052504454 0.998604596 -0.005671129 -8.477681160 -0.036594860 0.007599163 0.999301255 76.375122070
0.998127103 -0.051613577 0.032839488 6.413663864 0.051745638 0.998655260 -0.003183698 -8.603286743 -0.032630999 0.004877036 0.999455631 77.534545898
0.998268068 -0.051118702 0.029118989 6.504719734 0.051222648 0.998683214 -0.002834569 -8.723373413 -0.028935745 0.004321211 0.999571919 78.689979553
0.998426080 -0.049677677 0.026028251 6.573479176 0.049825650 0.998745084 -0.005067668 -8.850670815 -0.025743835 0.006356567 0.999648333 79.856719971
0.998614013 -0.047443759 0.022784261 6.651407242 0.047682963 0.998811722 -0.010072567 -8.978491783 -0.022279304 0.011145027 0.999689698 81.001419067
0.998530507 -0.050761007 0.018978583 6.738308430 0.051045392 0.998586535 -0.014813082 -9.117450714 -0.018199828 0.015760085 0.999710202 82.162429810
0.998405695 -0.054080285 0.016163785 6.801023960 0.054335263 0.998398125 -0.015775055 -9.248560905 -0.015284772 0.016628172 0.999744892 83.300392151
0.998443425 -0.054398265 0.012312436 6.871340752 0.054551434 0.998433113 -0.012465855 -9.376337051 -0.011615023 0.013118112 0.999846578 84.439125061
0.998443186 -0.054944500 0.009610169 6.939856529 0.055038240 0.998436451 -0.009778226 -9.508607864 -0.009057881 0.010291930 0.999906003 85.571502686
0.998592079 -0.052365560 0.008468785 6.987845421 0.052460395 0.998557985 -0.011394083 -9.636356354 -0.007859913 0.011822319 0.999899149 86.718574524
0.998776495 -0.048811268 0.007934229 7.042465687 0.048925284 0.998691618 -0.014874444 -9.761190414 -0.007197808 0.015244432 0.999857903 87.839065552
0.998869836 -0.047026269 0.006887081 7.103502750 0.047140442 0.998735428 -0.017477430 -9.888813019 -0.006056472 0.017782340 0.999823570 88.939582825
0.998799026 -0.048540037 0.006662184 7.141563416 0.048652496 0.998655200 -0.017908832 -10.029262543 -0.005783929 0.018211456 0.999817431 90.089103699
0.998752952 -0.049650546 0.005225517 7.196853161 0.049725126 0.998646200 -0.015267516 -10.159300804 -0.004460402 0.015508317 0.999869704 91.203132629
0.998704970 -0.050677665 0.004494733 7.248631477 0.050730035 0.998635113 -0.012423021 -10.290490150 -0.003859029 0.012634950 0.999912679 92.318176270
0.998721182 -0.050425474 0.003634896 7.315378666 0.050465681 0.998653829 -0.011982113 -10.413173676 -0.003025799 0.012150229 0.999921620 93.459243774
0.998694539 -0.050935335 0.003841453 7.361741066 0.050985083 0.998598278 -0.014207153 -10.539731979 -0.003112423 0.014384462 0.999891639 94.567764282
0.998676300 -0.051330887 0.003255333 7.424932480 0.051381536 0.998515427 -0.018076994 -10.667636871 -0.002322593 0.018220332 0.999831319 95.671646118
0.998672187 -0.051402796 0.003400380 7.468664169 0.051458173 0.998495758 -0.018928353 -10.809087753 -0.002422294 0.019078197 0.999815047 96.786109924
0.998628616 -0.052260969 0.003090563 7.528188705 0.052306287 0.998485208 -0.017067526 -10.941991806 -0.002193916 0.017205775 0.999849617 97.870399475
0.998686790 -0.051059615 0.004226553 7.570800781 0.051107951 0.998618007 -0.012247914 -11.061333656 -0.003595340 0.012447836 0.999916017 98.953788757
0.998766005 -0.049357451 0.005503439 7.624185085 0.049404297 0.998740733 -0.008729166 -11.181638718 -0.005065660 0.008990287 0.999946833 100.022613525
0.998860896 -0.047125347 0.007491550 7.673089981 0.047191784 0.998845756 -0.008952339 -11.300486565 -0.007061021 0.009295681 0.999931812 101.092094421
0.998920977 -0.045413438 0.009716324 7.722981930 0.045516267 0.998906970 -0.010636736 -11.422196388 -0.009222653 0.011067510 0.999896169 102.125740051
0.998870313 -0.045850907 0.012474330 7.777685642 0.046011962 0.998856962 -0.012945463 -11.544267654 -0.011866512 0.013504807 0.999838412 103.145957947
0.998790681 -0.047128484 0.014003508 7.836609840 0.047323965 0.998781800 -0.013972311 -11.657774925 -0.013327953 0.014618116 0.999804318 104.167716980
0.998675764 -0.048910841 0.015955864 7.899253845 0.049124282 0.998704553 -0.013271072 -11.771301270 -0.015286092 0.014037318 0.999784648 105.149002075
0.998635530 -0.049145222 0.017658815 7.962498665 0.049353551 0.998714387 -0.011561165 -11.893236160 -0.017067935 0.012416914 0.999777198 106.123611450
0.998567641 -0.050127279 0.018707678 8.031826019 0.050322820 0.998681605 -0.010131997 -12.001991272 -0.018175125 0.011058906 0.999773622 107.075531006
0.998495698 -0.050788965 0.020664113 8.091438293 0.051013764 0.998642683 -0.010500751 -12.109246254 -0.020102743 0.011539108 0.999731302 107.993293762
0.998466194 -0.050640088 0.022379043 8.153890610 0.050844096 0.998669207 -0.008642613 -12.211125374 -0.021911601 0.009767198 0.999712169 108.903747559
0.998470306 -0.049651742 0.024331028 8.213194847 0.049824242 0.998736620 -0.006534857 -12.308407784 -0.023975827 0.007737134 0.999682605 109.773109436
0.998432398 -0.049761742 0.025622942 8.277680397 0.049863651 0.998750389 -0.003353062 -12.410993576 -0.025424069 0.004625459 0.999666035 110.636650085
0.998377919 -0.050016049 0.027204340 8.341841698 0.050118808 0.998738348 -0.003107982 -12.503961563 -0.027014572 0.004466390 0.999625087 111.462600708
0.998398185 -0.048993446 0.028293904 8.396551132 0.049080461 0.998791993 -0.002388911 -12.594592094 -0.028142685 0.003773762 0.999596775 112.277992249
0.998495162 -0.046511352 0.029054195 8.449525833 0.046596389 0.998911321 -0.002256463 -12.673539162 -0.028917613 0.003606888 0.999575257 113.057022095
0.998624444 -0.043972623 0.028558508 8.497183800 0.043962244 0.999032676 0.000991744 -12.752022743 -0.028574491 0.000265116 0.999591649 113.812576294
0.998703837 -0.044142406 0.025337486 8.548589706 0.044109203 0.999024987 0.001868022 -12.834925652 -0.025395241 -0.000747984 0.999677122 114.571632385
0.998841047 -0.044294018 0.018828388 8.588391304 0.044261336 0.999017715 0.002149018 -12.910123825 -0.018905083 -0.001313158 0.999820471 115.270095825
0.999064744 -0.042378467 0.008584065 8.616686821 0.042373408 0.999101579 0.000770573 -12.982816696 -0.008609012 -0.000406117 0.999962866 115.941864014
0.999196351 -0.039729491 -0.005322076 8.619560242 0.039719917 0.999209046 -0.001894301 -13.054198265 0.005393125 0.001681386 0.999984026 116.581405640
0.998975396 -0.038294222 -0.024119463 8.614034653 0.038200170 0.999260664 -0.004348410 -13.123689651 0.024268147 0.003422587 0.999699652 117.206687927
0.998241663 -0.036653109 -0.046584107 8.583316803 0.036387578 0.999316394 -0.006535753 -13.193808556 0.046791814 0.004829178 0.998893023 117.794326782
0.996612847 -0.035240147 -0.074303940 8.543931961 0.034709092 0.999361992 -0.008426659 -13.260355949 0.074553482 0.005819094 0.997200072 118.360961914
0.993794918 -0.032931402 -0.106241032 8.473366737 0.032011267 0.999433935 -0.010354996 -13.328098297 0.106521882 0.006889832 0.994286537 118.904174805
0.989545166 -0.028484698 -0.141382337 8.367530823 0.027102437 0.999564409 -0.011693109 -13.392762184 0.141653821 0.007739055 0.989886045 119.437042236
0.983379602 -0.022327369 -0.180183396 8.255437851 0.020636545 0.999723852 -0.011253208 -13.453184128 0.180384874 0.007347812 0.983568668 119.974403381
0.974948227 -0.017290130 -0.221758977 8.113653183 0.015680870 0.999836326 -0.009015493 -13.512268066 0.221878543 0.005312267 0.975059807 120.483512878
0.963714659 -0.012550056 -0.266639262 7.950307846 0.010982265 0.999912500 -0.007370223 -13.571618080 0.266708463 0.004174490 0.963768184 120.970031738
0.949397981 -0.006614421 -0.314005792 7.759944916 0.004321986 0.999958634 -0.007996234 -13.626422882 0.314045727 0.006234483 0.949387312 121.454086304
0.932275295 0.001325335 -0.361747146 7.527297974 -0.004808030 0.999950409 -0.008727474 -13.679748535 0.361717582 0.009875700 0.932235479 121.919509888
0.911240160 0.005760776 -0.411835194 7.284400940 -0.010661881 0.999896944 -0.009604210 -13.731264114 0.411737442 0.013142681 0.911207795 122.352005005
0.886252344 0.009934713 -0.463096231 7.009445190 -0.015448132 0.999847770 -0.008114387 -13.789441109 0.462945104 0.014345365 0.886270881 122.780014038
0.857244313 0.012989783 -0.514746070 6.727905273 -0.019863479 0.999771953 -0.007850532 -13.834602356 0.514526725 0.016954470 0.857306719 123.177726746
0.825705111 0.022807341 -0.563640833 6.402973175 -0.030777594 0.999515414 -0.004642894 -13.879978180 0.563261807 0.021181170 0.826007009 123.552993774
0.791771173 0.035704549 -0.609773517 6.056056976 -0.043552380 0.999049187 0.001946768 -13.924715042 0.609263301 0.025015693 0.792573333 123.909240723
0.756308258 0.044753157 -0.652682781 5.699897766 -0.055082172 0.998471022 0.004635691 -13.963019371 0.651892424 0.032445166 0.757617116 124.217010498
0.716633141 0.048546530 -0.695758700 5.334049225 -0.062396985 0.998036981 0.005368943 -14.006261826 0.694653571 0.039565679 0.718255520 124.514678955
0.674179494 0.050252873 -0.736855865 4.955814362 -0.064753413 0.997862458 0.008807730 -14.054924965 0.735723436 0.041775942 0.675992489 124.802185059
0.630334496 0.053712625 -0.774463356 4.542301178 -0.068239667 0.997575581 0.013646346 -14.086392403 0.773318648 0.044247352 0.632471681 125.078048706
0.585518658 0.062670693 -0.808232903 4.110904694 -0.079462312 0.996642828 0.019714179 -14.122277260 0.806755006 0.052681033 0.588532865 125.312286377
0.539878488 0.071727127 -0.838681281 3.674934387 -0.091152795 0.995485306 0.026460413 -14.147405624 0.836793065 0.062162753 0.543979168 125.519454956
0.493125856 0.076811641 -0.866560400 3.221092224 -0.096616380 0.994767964 0.033195287 -14.173630714 0.864576399 0.067354485 0.497967064 125.718086243
0.446099311 0.078532256 -0.891531289 2.760032654 -0.096008450 0.994593680 0.039570533 -14.200728416 0.889819026 0.067942165 0.451227367 125.896987915
0.398805380 0.079574428 -0.913576543 2.284000397 -0.092810407 0.994615138 0.046118349 -14.220779419 0.912326932 0.066397153 0.404043227 126.077575684
0.353189856 0.082237169 -0.931930244 1.796550751 -0.094533131 0.994167805 0.051902376 -14.240186691 0.930763304 0.069766894 0.358904094 126.220481873
0.309449434 0.085563809 -0.947058558 1.295017242 -0.100445107 0.993312895 0.056922510 -14.256626129 0.945596039 0.077512763 0.315974593 126.337257385
0.267987907 0.086965531 -0.959489286 0.768594742 -0.104909711 0.992629528 0.060667716 -14.274385452 0.957693338 0.084401533 0.275136173 126.446533203
0.228441581 0.083747968 -0.969948828 0.240869522 -0.104817219 0.992617726 0.061018799 -14.295057297 0.967898667 0.087728105 0.235533446 126.547080994
0.193489984 0.078742549 -0.977937341 -0.292074203 -0.099802159 0.993183076 0.060223754 -14.315088272 0.976012886 0.085947551 0.200029701 126.641784668
0.162874341 0.073673755 -0.983892381 -0.841817856 -0.097163178 0.993558764 0.058313098 -14.336612701 0.981851041 0.086100407 0.168983608 126.722198486
0.137155220 0.072244599 -0.987911582 -1.413805008 -0.098562352 0.993382633 0.058960930 -14.355586052 0.985633790 0.089284077 0.143368229 126.782363892
0.114580043 0.071129575 -0.990864336 -1.991375923 -0.099122249 0.993274271 0.059840444 -14.368741989 0.988456547 0.091360167 0.120859981 126.853866577
0.095904410 0.072660103 -0.992735028 -2.586352348 -0.100910597 0.992903650 0.062923834 -14.385478973 0.990262270 0.094142795 0.102555998 126.916984558
0.079987414 0.070836328 -0.994275808 -3.195048332 -0.101877660 0.992829263 0.062537424 -14.407910347 0.991576076 0.096292257 0.086630493 126.964820862
0.066088840 0.069938786 -0.995359600 -3.814589500 -0.100248128 0.992958724 0.063113913 -14.437085152 0.992765009 0.095611826 0.072634742 127.015792847
0.053818390 0.067040794 -0.996297717 -4.452076435 -0.096085079 0.993461549 0.061659578 -14.456756592 0.993917108 0.092410915 0.059908129 127.059463501
0.041632779 0.064455405 -0.997051835 -5.108231068 -0.093763307 0.993765175 0.060327750 -14.474886894 0.994723678 0.090975255 0.047416750 127.100990295
0.030428451 0.063552037 -0.997514486 -5.772827625 -0.093016602 0.993825972 0.060479626 -14.494331360 0.995199502 0.090945102 0.036151975 127.147026062
0.020951468 0.065185107 -0.997653186 -6.444844246 -0.096412547 0.993353307 0.062879436 -14.516611099 0.995120883 0.094868869 0.027096873 127.167442322
0.012481291 0.064996086 -0.997807443 -7.119693279 -0.099337250 0.993029237 0.063442267 -14.542845726 0.994975567 0.098327607 0.018850820 127.184532166
0.005952885 0.064415976 -0.997905374 -7.814198017 -0.101633482 0.992794514 0.063479781 -14.565294266 0.994804084 0.101042710 0.012456812 127.205467224
0.000887257 0.065344714 -0.997862339 -8.510557175 -0.102379113 0.992625415 0.064910740 -14.583089828 0.994745016 0.102102667 0.007570648 127.221977234
-0.002775798 0.067716002 -0.997700751 -9.232368469 -0.104784459 0.992192447 0.067633681 -14.601519585 0.994491041 0.104731277 0.004341460 127.246818542
-0.003267580 0.071654916 -0.997424126 -9.966578484 -0.106940299 0.991684496 0.071592912 -14.626246452 0.994260073 0.106898792 0.004422392 127.247512817
-0.004651428 0.074811816 -0.997186840 -10.684025764 -0.109295934 0.991185486 0.074871391 -14.639214516 0.993998349 0.109336734 0.003566199 127.265541077
-0.005196732 0.080389939 -0.996749938 -11.424262047 -0.114127211 0.990202844 0.080456913 -14.646473885 0.993452489 0.114174403 0.004028861 127.273910522
-0.006524457 0.084048510 -0.996440291 -12.164521217 -0.116975211 0.989556193 0.084233761 -14.658827782 0.993113339 0.117108375 0.003375276 127.286636353
-0.007833739 0.084562518 -0.996387362 -12.915387154 -0.117164902 0.989477038 0.084897213 -14.676821709 0.993081570 0.117406696 0.002156454 127.306396484
-0.009376873 0.081594191 -0.996621609 -13.660240173 -0.114793606 0.989988387 0.082131170 -14.696208000 0.993345082 0.115175910 0.000083494 127.329544067
-0.011016245 0.078118160 -0.996883333 -14.422814369 -0.118273959 0.989843488 0.078873530 -14.700130463 0.992919803 0.118774213 -0.001665016 127.341995239
-0.012595303 0.079927184 -0.996721089 -15.184164047 -0.123702340 0.989018381 0.080872685 -14.713712692 0.992239356 0.124315351 -0.002569810 127.350555420
-0.013350264 0.082811572 -0.996475756 -15.975363731 -0.120473690 0.989171505 0.083818607 -14.728422165 0.992626667 0.121168114 -0.003229088 127.358718872
-0.015687967 0.082852967 -0.996438324 -16.748390198 -0.119269170 0.989290655 0.084136419 -14.744472504 0.992737889 0.120164312 -0.005638151 127.378623962
-0.016029617 0.082168162 -0.996489584 -17.542968750 -0.123046748 0.988880157 0.083520047 -14.754309654 0.992271423 0.123953603 -0.005740845 127.371910095
-0.017733315 0.081664637 -0.996502101 -18.335035324 -0.126890674 0.988416135 0.083260074 -14.766301155 0.991758108 0.127923310 -0.007165416 127.395080566
-0.018842842 0.086015649 -0.996115625 -19.132392883 -0.128756821 0.987787664 0.087732151 -14.772388458 0.991497159 0.129909813 -0.007537630 127.404098511
-0.019803306 0.090959221 -0.995657682 -19.935152054 -0.128111318 0.987412810 0.092754096 -14.786822319 0.991562068 0.129391864 -0.007901131 127.422531128
-0.018664140 0.093155585 -0.995476484 -20.759588242 -0.128497079 0.987169564 0.094787389 -14.793661118 0.991534233 0.129684985 -0.006454452 127.433273315
-0.016613998 0.092395201 -0.995583832 -21.578033447 -0.127824411 0.987354636 0.093764596 -14.803537369 0.991657615 0.128817692 -0.004593545 127.443511963
-0.015648255 0.092104331 -0.995626330 -22.409128189 -0.127964213 0.987375617 0.093352266 -14.805695534 0.991655409 0.128865346 -0.003664647 127.458694458
-0.015556641 0.090930916 -0.995735705 -23.238035202 -0.126185060 0.987715542 0.092169918 -14.808458328 0.991884828 0.127080828 -0.003891414 127.484764099
-0.014655658 0.092833742 -0.995573699 -24.075792313 -0.127165586 0.987422407 0.093945645 -14.815057755 0.991773188 0.127979547 -0.002666067 127.504943848
-0.013965687 0.095184304 -0.995361686 -24.914205551 -0.128968939 0.986972272 0.096191555 -14.818385124 0.991550207 0.129714116 -0.001507929 127.520362854
-0.014093835 0.097561851 -0.995129645 -25.780443192 -0.131579891 0.986392856 0.098568842 -14.818954468 0.991205394 0.132328272 -0.001064881 127.538658142
-0.012412684 0.098691992 -0.995040536 -26.644428253 -0.133813158 0.986002505 0.099464811 -14.816170692 0.990928829 0.134384155 0.000967349 127.551765442
-0.010596020 0.101668447 -0.994761944 -27.515283585 -0.140367955 0.984816074 0.102147132 -14.814937592 0.990042746 0.140715048 0.003835861 127.568374634
-0.008183444 0.105508171 -0.994384766 -28.399011612 -0.145240188 0.983747542 0.105574787 -14.809549332 0.989362597 0.145288602 0.007273584 127.582481384
-0.006027817 0.107336506 -0.994204402 -29.274269104 -0.147728845 0.983217776 0.107046038 -14.803770065 0.989009619 0.147517934 0.009930041 127.614021301
-0.002270680 0.108142376 -0.994132757 -30.167327881 -0.146425188 0.983384311 0.107307598 -14.804463387 0.989219069 0.145809785 0.013601818 127.640304565
0.000343948 0.108098708 -0.994140089 -31.058895111 -0.149083227 0.983035862 0.106839709 -14.798480034 0.988824606 0.148172855 0.016453816 127.671302795
0.002887611 0.111781232 -0.993728638 -31.962587357 -0.149381906 0.982630849 0.110098787 -14.789524078 0.988775373 0.148127139 0.019535549 127.703277588
0.005371027 0.113776512 -0.993491828 -32.883453369 -0.148345947 0.982603848 0.111727633 -14.786319733 0.988920927 0.146780342 0.022155879 127.744697571
0.007025932 0.114920288 -0.993349850 -33.775688171 -0.148924991 0.982416511 0.112602077 -14.782520294 0.988823473 0.147143483 0.024016894 127.789100647
0.009713877 0.113064721 -0.993540168 -34.680202484 -0.150271565 0.982468545 0.110335588 -14.775448799 0.988597035 0.148229063 0.026533987 127.821151733
0.010093361 0.114391610 -0.993384480 -35.592044830 -0.154661283 0.981658995 0.111469932 -14.766082764 0.987915993 0.152513012 0.027600195 127.864837646
0.011182392 0.115077309 -0.993293524 -36.485569000 -0.155511856 0.981469154 0.111956656 -14.762084961 0.987770677 0.153217018 0.028871061 127.904067993
0.011362782 0.111372925 -0.993713737 -37.381614685 -0.155554309 0.981876254 0.108267508 -14.759246826 0.987761915 0.153346241 0.028481392 127.943733215
0.012371727 0.107345752 -0.994144797 -38.292922974 -0.156952411 0.982105374 0.104092523 -14.760397911 0.987528622 0.154745609 0.028998513 127.989250183
0.012822009 0.106544808 -0.994225264 -39.190959930 -0.156563118 0.982257009 0.103243150 -14.755163193 0.987584770 0.154335171 0.029275494 128.033264160
0.012717717 0.110634074 -0.993779898 -40.095851898 -0.159089670 0.981424391 0.107222676 -14.750432968 0.987182260 0.156736448 0.030082216 128.074401855
0.012993411 0.116935551 -0.993054509 -41.030727386 -0.159627542 0.980643988 0.113385573 -14.739302635 0.987091780 0.157045603 0.031408049 128.118774414
0.013277424 0.115601793 -0.993206859 -41.925846100 -0.157437459 0.981146574 0.112093389 -14.739475250 0.987439692 0.154879689 0.031227153 128.165771484
0.014070716 0.105186678 -0.994352937 -42.815006256 -0.156578988 0.982414544 0.101708107 -14.745275497 0.987565160 0.154263660 0.030293304 128.211898804
0.014445771 0.094646327 -0.995406151 -43.735206604 -0.158564046 0.983129740 0.091177888 -14.749002457 0.987242937 0.156518474 0.029209569 128.253692627
0.013478274 0.091673069 -0.995697916 -44.637454987 -0.155481234 0.983868480 0.088479251 -14.757955551 0.987746835 0.153619811 0.027514288 128.300521851
0.013270788 0.101620331 -0.994734764 -45.559070587 -0.148115307 0.984047413 0.098552510 -14.761089325 0.988880992 0.146027580 0.028110614 128.352523804
0.013173638 0.114761867 -0.993305683 -46.502780914 -0.142781869 0.983427823 0.111727007 -14.758404732 0.989666462 0.140354216 0.029341243 128.417755127
0.013221263 0.123923607 -0.992203712 -47.425304413 -0.143004432 0.982324243 0.120784141 -14.750849724 0.989633799 0.140292600 0.030709194 128.465866089
0.013241747 0.118013553 -0.992923737 -48.341617584 -0.143123358 0.983009458 0.114926495 -14.746276855 0.989616275 0.140588760 0.029907258 128.508712769
0.013284677 0.104493737 -0.994436800 -49.265182495 -0.143129915 0.984481752 0.101535589 -14.747083664 0.989614666 0.140984803 0.028034702 128.553939819
0.014026141 0.095698334 -0.995311558 -50.180274963 -0.143655896 0.985275626 0.092708945 -14.748041153 0.989528358 0.141682029 0.027567243 128.598800659
0.014542338 0.095765680 -0.995297670 -51.111465454 -0.142686889 0.985414445 0.092729926 -14.756347656 0.989661098 0.140667424 0.027994735 128.646163940
0.013664428 0.097439893 -0.995147586 -52.046833038 -0.145625517 0.984822989 0.094429366 -14.773222923 0.989245415 0.143628597 0.027646780 128.691116333
0.014239182 0.096597642 -0.995221674 -52.998790741 -0.150557101 0.984182000 0.093372017 -14.775105476 0.988498747 0.148508146 0.028557407 128.730148315
0.014720323 0.096071839 -0.995265543 -53.930873871 -0.152080804 0.984007776 0.092735834 -14.776626587 0.988258362 0.149995685 0.029095594 128.775192261
0.015771752 0.103435382 -0.994511187 -54.876049042 -0.161442176 0.981847525 0.099558026 -14.773355484 0.986756086 0.158985853 0.032184288 128.809631348
0.017316703 0.113047473 -0.993438661 -55.826366425 -0.167109504 0.979939222 0.108598411 -14.769616127 0.985786259 0.164132491 0.035860620 128.848281860
0.018425997 0.121203527 -0.992456615 -56.792980194 -0.167230994 0.979015589 0.116457239 -14.765455246 0.985745549 0.163823694 0.038308326 128.904998779
0.019319762 0.122157633 -0.992322624 -57.735576630 -0.168569341 0.978697479 0.117198437 -14.758686066 0.985500395 0.165010929 0.039500237 128.953811646
0.020706428 0.112235196 -0.993465900 -58.673759460 -0.170240581 0.979563236 0.107116327 -14.752683640 0.985184968 0.166910186 0.039390244 129.007705688
0.021844940 0.107528105 -0.993961990 -59.619815826 -0.168660656 0.980346143 0.102348335 -14.753835678 0.985432088 0.165406480 0.039551362 129.064102173
0.024042979 0.105784759 -0.994098365 -60.587730408 -0.167219520 0.980801940 0.100325525 -14.759167671 0.985626459 0.163820520 0.041270677 129.122039795
0.027745064 0.112111069 -0.993308365 -61.542652130 -0.168566540 0.979985178 0.105898924 -14.757478714 0.985299706 0.164500400 0.046087924 129.175277710
0.030723691 0.114387602 -0.992960989 -62.509593964 -0.171541497 0.979293704 0.107505403 -14.763538361 0.984697700 0.167031065 0.049709741 129.243774414
0.035249799 0.108589955 -0.993461490 -63.460113525 -0.171084225 0.980060279 0.101054758 -14.756676674 0.984625638 0.166403428 0.053124957 129.303527832
0.037789948 0.103238851 -0.993938446 -64.420455933 -0.170191586 0.980782032 0.095401548 -14.773939133 0.984686136 0.165554732 0.054634087 129.385986328
0.040659726 0.103351831 -0.993813396 -65.390464783 -0.168176413 0.981153548 0.095154695 -14.782254219 0.984917998 0.163267046 0.057274766 129.466186523
0.043901041 0.107815228 -0.993201256 -66.345848083 -0.165670380 0.981180489 0.099187464 -14.788868904 0.985203564 0.160189584 0.060936633 129.543853760
0.047305427 0.114499539 -0.992296398 -67.321136475 -0.165368333 0.980597973 0.105266124 -14.788829803 0.985096693 0.159114763 0.065322205 129.621582031
0.050054021 0.118207254 -0.991726637 -68.294189453 -0.163124755 0.980604827 0.108648457 -14.789366722 0.985334933 0.156336889 0.068365738 129.707107544
0.051692147 0.119818203 -0.991449118 -69.247840881 -0.162574723 0.980542839 0.110023826 -14.793409348 0.985341251 0.155497208 0.070165768 129.795837402
0.053519435 0.116995186 -0.991689384 -70.198158264 -0.160751313 0.981169283 0.107078671 -14.789436340 0.985542834 0.153684586 0.071318761 129.883499146
0.054996137 0.115288481 -0.991808414 -71.151374817 -0.159085557 0.981634974 0.105284527 -14.790194511 0.985731840 0.151992157 0.072326846 129.960678101
0.055203784 0.111719459 -0.992205203 -72.102081299 -0.155725375 0.982523620 0.101965167 -14.798441887 0.986256599 0.148882687 0.071636580 130.047744751
0.054450937 0.111261301 -0.992298484 -73.081245422 -0.154184565 0.982790530 0.101734594 -14.792692184 0.986540496 0.147457555 0.070668653 130.153991699
0.054230679 0.116111048 -0.991754651 -74.038200378 -0.150931671 0.982757568 0.106804535 -14.794690132 0.987055540 0.143895075 0.070820436 130.240402222
0.053544283 0.117974348 -0.991572022 -75.001220703 -0.144684926 0.983434379 0.109193236 -14.802992821 0.988027990 0.137618855 0.069726393 130.339111328
0.052749846 0.113370515 -0.992151499 -75.962310791 -0.141997293 0.984290600 0.104922697 -14.792671204 0.988460541 0.135348156 0.068019487 130.424926758
0.051507976 0.109722570 -0.992626786 -76.924743652 -0.143638089 0.984425545 0.101362593 -14.792503357 0.988288939 0.137358010 0.066466115 130.505767822
0.050168507 0.106986687 -0.992994010 -77.873847961 -0.140110329 0.985167563 0.099064767 -14.796072960 0.988864064 0.134158731 0.064414330 130.590866089
0.049175285 0.107562825 -0.992981434 -78.839912415 -0.140229121 0.985080421 0.099762417 -14.796210289 0.988897204 0.134339035 0.063525043 130.659835815
0.048142806 0.108695693 -0.992908597 -79.795059204 -0.141230762 0.984815001 0.100961864 -14.799158096 0.988805413 0.135368645 0.062762931 130.740203857
0.046653405 0.108834915 -0.992964387 -80.747749329 -0.142797261 0.984564126 0.101205014 -14.801377296 0.988651752 0.137071043 0.061474588 130.816802979
0.045425478 0.109966561 -0.992896616 -81.700134277 -0.142735109 0.984439313 0.102499671 -14.805532455 0.988717973 0.137065113 0.060414694 130.885360718
0.042967729 0.110327661 -0.992966056 -82.660408020 -0.142501861 0.984398901 0.103209414 -14.808379173 0.988861501 0.137064829 0.058019269 130.962173462
0.041414157 0.112353578 -0.992804885 -83.616722107 -0.142399892 0.984177470 0.105437115 -14.798448563 0.988942385 0.137008771 0.056758024 131.036209106
0.040005699 0.116112210 -0.992430031 -84.570877075 -0.143757835 0.983560681 0.109279513 -14.791526794 0.988803923 0.138297796 0.056040078 131.096450806
0.037892293 0.120980561 -0.991931379 -85.519622803 -0.144900635 0.982818186 0.114333779 -14.781852722 0.988720357 0.139399126 0.054771397 131.163467407
0.035508074 0.120861270 -0.992034256 -86.472335815 -0.144848526 0.982800424 0.114551745 -14.779588699 0.988816500 0.139627159 0.052403945 131.227752686
0.034612276 0.115830250 -0.992665768 -87.417274475 -0.144968107 0.983337760 0.109687053 -14.775841713 0.988830805 0.140108332 0.050827242 131.289489746
0.031843204 0.111022636 -0.993307531 -88.364349365 -0.149065062 0.983224332 0.105116926 -14.766260147 0.988314509 0.144720197 0.047858607 131.354080200
0.030848620 0.109105051 -0.993551373 -89.307907104 -0.147166699 0.983686686 0.103452429 -14.765376091 0.988630474 0.143026292 0.046402007 131.418594360
0.030503064 0.110203587 -0.993440807 -90.273078918 -0.142217398 0.984269798 0.104819521 -14.766130447 0.989365339 0.138087228 0.045696117 131.472015381
0.030003462 0.111483149 -0.993313313 -91.222038269 -0.139295608 0.984529853 0.106289878 -14.764590263 0.989796221 0.135175124 0.045068420 131.534545898
0.028760631 0.111436099 -0.993355453 -92.172309875 -0.134018064 0.985223949 0.106643699 -14.766893387 0.990561426 0.130060419 0.043270111 131.603454590
0.027521446 0.108641967 -0.993699849 -93.114044189 -0.130038291 0.986018360 0.104200616 -14.770326614 0.991126835 0.126351282 0.041264266 131.669250488
0.027170116 0.105234258 -0.994076192 -94.066535950 -0.125011384 0.986994088 0.101067722 -14.770643234 0.991783261 0.121524841 0.039972227 131.726211548
0.024768388 0.107904941 -0.993852615 -95.042007446 -0.123480991 0.986874759 0.104069993 -14.777095795 0.992037773 0.120144255 0.037767507 131.795410156
0.023364833 0.110260278 -0.993628025 -95.990715027 -0.122793421 0.986690223 0.106602959 -14.775293350 0.992157102 0.119520240 0.036593087 131.853973389
0.022302069 0.108044274 -0.993895829 -96.947097778 -0.118823744 0.987383008 0.104669966 -14.771413803 0.992664814 0.115764089 0.034858909 131.901870728
0.020157881 0.105010182 -0.994266868 -97.897354126 -0.115810938 0.988019884 0.102002464 -14.773295403 0.993066669 0.113090821 0.032077719 131.955245972
0.016853383 0.102362558 -0.994604349 -98.866539001 -0.114590652 0.988388956 0.099781178 -14.766992569 0.993269801 0.112290718 0.028387487 132.005905151
0.013913590 0.101576596 -0.994730413 -99.821922302 -0.109031349 0.989048958 0.099471360 -14.778401375 0.993940949 0.107072800 0.024836253 132.059753418
0.012021307 0.101372525 -0.994775951 -100.781120300 -0.102188393 0.989763677 0.099626862 -14.770616531 0.994692445 0.100456931 0.022257350 132.101593018
0.009453094 0.109093323 -0.993986487 -101.745697021 -0.092142805 0.989896834 0.107768148 -14.768881798 0.995700955 0.090569980 0.019409750 132.165908813
0.006629271 0.117092095 -0.993098915 -102.703460693 -0.084071673 0.989669979 0.116126597 -14.765121460 0.996437728 0.082721636 0.016404921 132.224502563
0.004088993 0.116489992 -0.993183494 -103.656089783 -0.079998784 0.990046561 0.115792722 -14.759099007 0.996786535 0.078979991 0.013367353 132.268981934
0.001018116 0.106137231 -0.994350970 -104.609130859 -0.080380872 0.991142631 0.105712466 -14.756688118 0.996763706 0.079819180 0.009540500 132.309616089
-0.001126262 0.097012386 -0.995282531 -105.555679321 -0.082340933 0.991894484 0.096775308 -14.758128166 0.996603608 0.082061484 0.006870958 132.348327637
-0.001147431 0.098327316 -0.995153487 -106.520797729 -0.089640103 0.991137803 0.098033890 -14.759842873 0.995973527 0.089318141 0.007676807 132.364120483
-0.002141163 0.107578628 -0.994194269 -107.482826233 -0.092872471 0.989878118 0.107311621 -14.749503136 0.995675683 0.092563041 0.007871603 132.404556274
-0.003586201 0.118853815 -0.992905200 -108.446289062 -0.096833065 0.988204300 0.118640833 -14.738204956 0.995294094 0.096571527 0.007965082 132.434265137
-0.004857172 0.120529585 -0.992697775 -109.395393372 -0.103816710 0.987284482 0.120380282 -14.727563858 0.994584560 0.103643328 0.007717576 132.464141846
-0.004442330 0.117746964 -0.993033707 -110.374404907 -0.111247458 0.986821115 0.117507994 -14.713638306 0.993782759 0.110994488 0.008715266 132.482879639
-0.004551426 0.113955304 -0.993475437 -111.329154968 -0.119416669 0.986314535 0.113681011 -14.703156471 0.992833853 0.119154945 0.009119025 132.507553101
-0.002367325 0.115771472 -0.993273079 -112.295257568 -0.124043308 0.985570610 0.115169339 -14.684617996 0.992273927 0.123481542 0.012027510 132.533538818
-0.000952049 0.116961487 -0.993135989 -113.275062561 -0.132161170 0.984410107 0.116060548 -14.667740822 0.991227806 0.131364495 0.014520563 132.560348511
-0.000458271 0.119716674 -0.992807984 -114.238647461 -0.141399309 0.982825279 0.118578173 -14.652733803 0.989952564 0.140436694 0.016477451 132.583221436
-0.000168000 0.121890925 -0.992543519 -115.213638306 -0.146980718 0.981760859 0.120591626 -14.633296013 0.989139378 0.145905063 0.017750680 132.611541748
-0.000284552 0.121635564 -0.992574811 -116.181739807 -0.150833994 0.981213689 0.120286569 -14.626150131 0.988559008 0.149748266 0.018067572 132.656372070
0.001298019 0.112029925 -0.993704021 -117.136787415 -0.149778455 0.982517183 0.110573091 -14.628729820 0.988718748 0.148691908 0.018054992 132.690765381
0.002694456 0.100694232 -0.994913697 -118.086570740 -0.152919009 0.983257294 0.099100344 -14.622017860 0.988235056 0.151874200 0.018047404 132.728576660
