1.000000000 0.000000000 0.000000000 0.000000000 0.000000000 1.000000000 0.000000000 0.000000000 0.000000000 0.000000000 1.000000000 0.000000000
0.999997795 -0.001604591 -0.001337511 0.049042348 0.001601716 0.999996424 -0.002148011 -0.132901534 0.001340953 0.002145864 0.999996781 1.297988057
0.999997675 0.000043735 -0.002164335 0.104478993 -0.000057587 0.999979496 -0.006400704 -0.267596066 0.002164010 0.006400815 0.999977171 2.603659391
0.999996185 0.002508248 -0.001257793 0.146936879 -0.002518129 0.999965489 -0.007917212 -0.406092793 0.001237891 0.007920349 0.999967873 3.906639099
0.999983430 0.005746694 0.000277104 0.192579046 -0.005744728 0.999961436 -0.006637352 -0.544510841 -0.000315237 0.006635650 0.999977887 5.219645500
0.999974251 0.006706559 0.002548391 0.240698323 -0.006698247 0.999972224 -0.003256660 -0.690923691 -0.002570163 0.003239506 0.999991417 6.536804676
0.999959409 0.006937081 0.005742908 0.299267828 -0.006925809 0.999974072 -0.001980382 -0.827568948 -0.005756497 0.001940527 0.999981523 7.840143681
0.999941230 0.005620258 0.009269421 0.354752123 -0.005603613 0.999982655 -0.001820700 -0.961519182 -0.009279493 0.001768650 0.999955297 9.146066666
0.999911189 0.004321932 0.012602698 0.432923853 -0.004301087 0.999989331 -0.001680677 -1.098939061 -0.012609826 0.001626322 0.999919176 10.445054054
0.999868214 0.002974982 0.015957851 0.498327136 -0.002936663 0.999992728 -0.002424184 -1.236546159 -0.015964948 0.002377001 0.999869704 11.753836632
0.999814093 0.001849711 0.019187165 0.576319873 -0.001786465 0.999992847 -0.003312893 -1.371950507 -0.019193154 0.003278000 0.999810398 13.047765732
0.999743819 0.001714263 0.022569193 0.645227075 -0.001640487 0.999993265 -0.003286979 -1.519814491 -0.022574676 0.003249112 0.999739885 14.371877670
0.999656856 0.001638720 0.026142914 0.728069067 -0.001525206 0.999989331 -0.004361418 -1.657938838 -0.026149780 0.004320049 0.999648690 15.666764259
0.999570966 0.002557341 0.029176028 0.810840964 -0.002431293 0.999987483 -0.004354944 -1.794449568 -0.029186802 0.004282139 0.999564826 16.963712692
0.999471545 0.002163374 0.032434549 0.901443005 -0.002037999 0.999990344 -0.003898044 -1.933460951 -0.032442667 0.003829882 0.999466300 18.250713348
0.999408245 0.000550565 0.034390334 1.003278494 -0.000421305 0.999992788 -0.003765749 -2.074851990 -0.034392163 0.003749032 0.999401391 19.550029755
0.999350011 -0.001980341 0.035992961 1.102012873 0.002162448 0.999985039 -0.005021298 -2.215689659 -0.035982486 0.005095867 0.999339461 20.824995041
0.999306440 -0.001535691 0.037206590 1.200482607 0.001786205 0.999975979 -0.006700748 -2.358101130 -0.037195407 0.006762560 0.999285102 22.133420944
0.999258101 -0.001390170 0.038489461 1.281683564 0.001751074 0.999954879 -0.009344579 -2.502341986 -0.038474731 0.009405044 0.999215245 23.418571472
0.999219060 -0.000883150 0.039502837 1.385339379 0.001311796 0.999940455 -0.010826391 -2.644589424 -0.039490923 0.010869756 0.999160767 24.703784943
0.999177814 -0.000246449 0.040541023 1.486061335 0.000707299 0.999935329 -0.011353531 -2.791477680 -0.040535599 0.011372872 0.999113441 25.974489212
0.999158442 -0.001875785 0.040972821 1.588051558 0.002306039 0.999942601 -0.010456228 -2.937029600 -0.040950853 0.010541913 0.999105573 27.261770248
0.999148965 -0.004850369 0.040962998 1.689644575 0.005235021 0.999943197 -0.009288145 -3.083439350 -0.040915616 0.009494684 0.999117553 28.540414810
0.999176979 -0.006363992 0.040061139 1.787845016 0.006765408 0.999928176 -0.009892511 -3.229144096 -0.039995305 0.010155400 0.999148250 29.829410553
0.999194264 -0.008047184 0.039320882 1.893285036 0.008542054 0.999886155 -0.012433693 -3.373770952 -0.039216354 0.012759553 0.999149323 31.095706940
0.999224186 -0.008098958 0.038541082 1.997914553 0.008584712 0.999885559 -0.012454720 -3.526062250 -0.038435802 0.012775924 0.999179423 32.380989075
0.999240160 -0.008718221 0.037988894 2.095447063 0.009208113 0.999876380 -0.012739845 -3.671254396 -0.037873130 0.013079970 0.999197006 33.645732880
0.999252260 -0.009253907 0.037543733 2.189516544 0.009746416 0.999868572 -0.012956566 -3.814889193 -0.037418898 0.013312795 0.999211013 34.912879944
0.999264657 -0.009773407 0.037078124 2.283928394 0.010282231 0.999855220 -0.013557288 -3.959183455 -0.036940258 0.013928563 0.999220490 36.173500061
0.999301255 -0.010354606 0.035912871 2.392190456 0.010849174 0.999848604 -0.013603861 -4.116594315 -0.035766572 0.013983979 0.999262333 37.456024170
0.999298215 -0.009987624 0.036101151 2.484198809 0.010416539 0.999877095 -0.011712395 -4.262610435 -0.035979744 0.012080224 0.999279439 38.712821960
0.999263525 -0.010067511 0.037028369 2.580543756 0.010470567 0.999887824 -0.010707360 -4.402351856 -0.036916420 0.011087184 0.999256849 39.982925415
0.999182940 -0.011902238 0.038624212 2.690504789 0.012252408 0.999885738 -0.008842097 -4.547884464 -0.038514566 0.009308110 0.999214649 41.232070923
0.999070764 -0.012809352 0.041152425 2.784379005 0.013237700 0.999860764 -0.010153207 -4.692254543 -0.041016638 0.010688534 0.999101400 42.493118286
0.998937666 -0.014117916 0.043864213 2.877373934 0.014714295 0.999803185 -0.013303027 -4.841313362 -0.043667767 0.013934325 0.998948932 43.743438721
0.998847246 -0.015246635 0.045516450 2.989169598 0.015921069 0.999768138 -0.014491769 -4.988294125 -0.045284949 0.015199732 0.998858452 45.008285522
0.998726666 -0.015412042 0.048038483 3.118458509 0.016076941 0.999779820 -0.013485447 -5.119989872 -0.047820065 0.014240587 0.998754442 46.245109558
0.998509169 -0.016589435 0.052001238 3.210936069 0.017128265 0.999803960 -0.009933428 -5.277030468 -0.051826242 0.010809311 0.998597622 47.511470795
0.998233199 -0.019751206 0.056037612 3.320702553 0.020226393 0.999764085 -0.007925389 -5.416448593 -0.055867843 0.009044828 0.998397231 48.718986511
0.997981727 -0.021784285 0.059648108 3.451368332 0.022317512 0.999716461 -0.008287877 -5.558583736 -0.059450664 0.009602346 0.998185039 49.984680176
0.997704089 -0.025142418 0.062882930 3.597029448 0.025939081 0.999592900 -0.011884722 -5.695298672 -0.062558517 0.013488560 0.997950137 51.218502045
0.997405827 -0.026170574 0.067057356 3.721586227 0.027050514 0.999558985 -0.012247817 -5.827474594 -0.066707246 0.014029977 0.997674048 52.457340240
0.997038484 -0.028647691 0.071370371 3.849872589 0.029424110 0.999518454 -0.009851037 -5.967733860 -0.071053788 0.011921873 0.997401178 53.675014496
0.996779859 -0.031349503 0.073804453 4.017330647 0.031914987 0.999469459 -0.006494795 -6.100422382 -0.073561676 0.008829348 0.997251570 54.869842529
0.996500552 -0.033577383 0.076544762 4.142207623 0.034048002 0.999408364 -0.004851307 -6.234757423 -0.076336592 0.007440528 0.997054338 56.117637634
0.996287346 -0.036715906 0.077868484 4.295078754 0.036940429 0.999316454 -0.001444415 -6.363798141 -0.077762231 0.004315549 0.996962547 57.322628021
0.996132255 -0.039253015 0.078611456 4.436706543 0.039391365 0.999223769 -0.000209458 -6.489153385 -0.078542218 0.003305261 0.996905327 58.542739868
0.996105015 -0.040901523 0.078114413 4.585525513 0.041315567 0.999139309 -0.003691116 -6.611007690 -0.077896208 0.006904080 0.996937573 59.734630585
0.996105373 -0.042257469 0.077384815 4.735884666 0.042984232 0.999045670 -0.007749329 -6.743374825 -0.076983511 0.011045476 0.996971130 60.940570831
0.996117115 -0.043715015 0.076417834 4.875464916 0.044747226 0.998928010 -0.011846934 -6.872406006 -0.075818054 0.015220420 0.997005463 62.121467590
0.996141255 -0.045964863 0.074766502 5.024513721 0.047134899 0.998790920 -0.013959588 -7.012065411 -0.074034460 0.017429831 0.997103274 63.335124969
0.996270478 -0.045918278 0.073051989 5.159293175 0.047068823 0.998792052 -0.014105945 -7.144656658 -0.072316036 0.017491810 0.997228324 64.512237549
0.996535778 -0.044958923 0.069964953 5.296992779 0.046007141 0.998850644 -0.013442636 -7.289227009 -0.069280185 0.016614953 0.997458875 65.736595154
0.996803045 -0.044173289 0.066576980 5.423842430 0.045047119 0.998916566 -0.011680870 -7.418636322 -0.065988846 0.014642627 0.997712910 66.913154602
0.997163773 -0.040432725 0.063479394 5.538663387 0.041009359 0.999128282 -0.007806741 -7.556004047 -0.063108422 0.010387850 0.997952640 68.108963013
0.997441709 -0.038605772 0.060164105 5.657428741 0.038998581 0.999224782 -0.005367869 -7.685126305 -0.059910234 0.007700450 0.998174131 69.281967163
0.997632027 -0.037431695 0.057699721 5.765245438 0.037976664 0.999243498 -0.008377081 -7.820133209 -0.057342492 0.010548485 0.998298883 70.461341858
0.997842729 -0.037760437 0.053702913 5.884309292 0.038643405 0.999132872 -0.015499118 -7.957068443 -0.053071082 0.017540941 0.998436689 71.652664185
0.997852981 -0.041729249 0.050478052 5.992258072 0.042701911 0.998919368 -0.018346071 -8.093581200 -0.049657937 0.020462189 0.998556674 72.826232910
0.997898042 -0.045731977 0.045914214 6.108981133 0.046396773 0.998831630 -0.013519001 -8.231458664 -0.045242321 0.015620857 0.998853862 73.992469788
0.997908235 -0.049436130 0.041656591 6.216808319 0.049841970 0.998718739 -0.008760476 -8.357045174 -0.041170135 0.010818399 0.999093533 75.148231506
0.997984588 -0.051460691 0.037129089 6.316015244 0.051714033 0.998644471 -0.005894951 -8.485053062 -0.036775406 0.007803164 0.999293089 76.345909119
0.998162985 -0.050810218 0.033000942 6.407809258 0.050951306 0.998695254 -0.003447853 -8.610439301 -0.032782692 0.005122961 0.999449372 77.504837036
0.998307407 -0.050441179 0.028949102 6.502760410 0.050551184 0.998716712 -0.003080253 -8.732456207 -0.028756585 0.004538450 0.999576092 78.657318115
0.998458266 -0.048970867 0.026133144 6.569175720 0.049121551 0.998779476 -0.005154764 -8.858242989 -0.025848813 0.006430516 0.999645174 79.812942505
0.998648286 -0.046649791 0.022919459 6.647220612 0.046894550 0.998847067 -0.010260170 -8.985831261 -0.022414399 0.011321099 0.999684691 80.957229614
0.998563766 -0.050133407 0.018893745 6.734939098 0.050418455 0.998616636 -0.014925262 -9.126550674 -0.018119354 0.015856419 0.999710083 82.121520996
0.998435318 -0.053452946 0.016418297 6.791994095 0.053721294 0.998422027 -0.016363390 -9.251191139 -0.015517714 0.017219802 0.999731302 83.254089355
0.998473525 -0.053769473 0.012623604 6.862111092 0.053932603 0.998460531 -0.012959140 -9.380513191 -0.011907363 0.013620186 0.999836326 84.391616821
0.998482347 -0.054186709 0.009841874 6.931325436 0.054288790 0.998471022 -0.010419358 -9.510974884 -0.009262232 0.010937849 0.999897242 85.527381897
0.998624265 -0.051665664 0.008954939 6.975126743 0.051770460 0.998588145 -0.011894847 -9.640619278 -0.008327741 0.012342085 0.999889135 86.662994385
0.998811662 -0.047973000 0.008601663 7.028654575 0.048099697 0.998727083 -0.015181607 -9.767611504 -0.007862407 0.015577303 0.999847770 87.782913208
0.998893619 -0.046469703 0.007217928 7.095072746 0.046592973 0.998752296 -0.017969467 -9.894663811 -0.006373888 0.018285889 0.999812484 88.885559082
0.998776197 -0.049011201 0.006647852 7.138646603 0.049126230 0.998622835 -0.018411268 -10.034141541 -0.005736338 0.018715309 0.999808371 90.032356262
0.998733282 -0.050040632 0.005266198 7.192376614 0.050117262 0.998621643 -0.015593640 -10.166143417 -0.004478624 0.015837813 0.999864519 91.147583008
0.998697519 -0.050814815 0.004592903 7.244478226 0.050869625 0.998624265 -0.012728637 -10.298417091 -0.003939780 0.012945699 0.999908388 92.261657715
0.998704314 -0.050748635 0.003774746 7.309464931 0.050792031 0.998631537 -0.012460472 -10.420337677 -0.003137229 0.012636056 0.999915242 93.390792847
0.998671055 -0.051410157 0.003606780 7.360332012 0.051457893 0.998566985 -0.014699861 -10.546611786 -0.002845889 0.014865925 0.999885380 94.499275208
0.998672187 -0.051421229 0.003098028 7.420327663 0.051469438 0.998507321 -0.018281370 -10.678794861 -0.002153353 0.018416550 0.999828100 95.602859497
0.998633564 -0.052172381 0.003004395 7.472232342 0.052221105 0.998446047 -0.019451987 -10.816479683 -0.001984870 0.019582298 0.999806285 96.711257935
0.998591363 -0.052986551 0.002762930 7.530828953 0.053027086 0.998438120 -0.017590567 -10.949956894 -0.001826551 0.017712297 0.999841511 97.795646667
0.998636842 -0.052064348 0.003710599 7.576900959 0.052107185 0.998562455 -0.012573355 -11.070490837 -0.003050640 0.012749567 0.999914050 98.877784729
0.998721421 -0.050303079 0.005011951 7.628897190 0.050347708 0.998689175 -0.009217085 -11.189767838 -0.004541733 0.009457642 0.999944925 99.942604065
0.998809755 -0.048262056 0.007056925 7.674130440 0.048325341 0.998790205 -0.009089800 -11.313069344 -0.006609696 0.009420007 0.999933720 101.011383057
0.998879671 -0.046435695 0.009111451 7.727469444 0.046532590 0.998859167 -0.010727993 -11.435203552 -0.008602894 0.011139958 0.999900937 102.049736023
0.998835623 -0.046706159 0.012077508 7.776630402 0.046862308 0.998816967 -0.012985609 -11.559104919 -0.011456712 0.013536470 0.999842703 103.068984985
0.998733640 -0.048356179 0.013884140 7.825666428 0.048550848 0.998721898 -0.014043485 -11.671813011 -0.013187307 0.014699789 0.999804974 104.075737000
0.998614907 -0.050228745 0.015660755 7.889891624 0.050440248 0.998637021 -0.013415990 -11.784619331 -0.014965543 0.014187342 0.999787331 105.057624817
0.998579383 -0.050295122 0.017595485 7.948599815 0.050513227 0.998649120 -0.012177995 -11.902130127 -0.016959220 0.013049500 0.999770999 106.030464172
0.998526514 -0.050981469 0.018591862 8.019101143 0.051182419 0.998634279 -0.010497761 -12.014451027 -0.018031280 0.011433869 0.999772072 106.978271484
0.998448312 -0.051625405 0.020877372 8.075050354 0.051862370 0.998594046 -0.010972822 -12.121968269 -0.020281538 0.012038546 0.999721825 107.894454956
0.998447657 -0.051055524 0.022261411 8.139846802 0.051270153 0.998642743 -0.009179590 -12.221519470 -0.021762522 0.010306688 0.999709964 108.799980164
0.998451471 -0.050144065 0.024086086 8.201506615 0.050328258 0.998707414 -0.007102604 -12.319351196 -0.023698799 0.008303817 0.999684691 109.671760559
0.998407781 -0.050415691 0.025302131 8.263677597 0.050528914 0.998715103 -0.003855175 -12.423426628 -0.025075261 0.005127526 0.999672413 110.528640747
0.998348534 -0.050571166 0.027256707 8.323192596 0.050690342 0.998707533 -0.003698920 -12.515957832 -0.027034424 0.005074463 0.999621570 111.352706909
0.998379052 -0.049517032 0.028060200 8.380203247 0.049620274 0.998763621 -0.002994810 -12.605586052 -0.027877219 0.004382310 0.999601722 112.163192749
0.998476744 -0.047277395 0.028441474 8.435212135 0.047369305 0.998874128 -0.002566160 -12.687301636 -0.028288132 0.003909504 0.999592185 112.943077087
0.998604476 -0.044890814 0.027817558 8.481253624 0.044890717 0.998991728 0.000628057 -12.766301155 -0.027817706 0.000621571 0.999612689 113.696289062
0.998694837 -0.044498648 0.025069244 8.527474403 0.044473201 0.999009252 0.001571813 -12.850053787 -0.025114352 -0.000454852 0.999684453 114.444206238
0.998828650 -0.044642579 0.018663244 8.566596985 0.044617437 0.999002457 0.001761154 -12.925043106 -0.018723249 -0.000926385 0.999824286 115.139526367
0.999037862 -0.043100595 0.008106902 8.597306252 0.043096583 0.999070644 0.000668859 -13.000023842 -0.008128196 -0.000318836 0.999966919 115.805809021
0.999167621 -0.040444620 -0.005298885 8.596199036 0.040432926 0.999179542 -0.002296018 -13.066304207 0.005387397 0.002079858 0.999983311 116.437744141
0.998932123 -0.038994301 -0.024781384 8.600665092 0.038888831 0.999232352 -0.004723964 -13.138000488 0.024946569 0.003755200 0.999681711 117.075492859
0.998208940 -0.037252985 -0.046808150 8.564754486 0.036954779 0.999290824 -0.007220405 -13.206009865 0.047043934 0.005477688 0.998877823 117.661697388
0.996571362 -0.035682257 -0.074648283 8.526490211 0.035105005 0.999342799 -0.009031251 -13.273376465 0.074921474 0.006379758 0.997169077 118.232917786
0.993678987 -0.033524852 -0.107136585 8.460786819 0.032523282 0.999409556 -0.011082611 -13.340657234 0.107444875 0.007528124 0.994182527 118.777572632
0.989446282 -0.028741295 -0.142020419 8.348756790 0.027238991 0.999550641 -0.012511294 -13.404702187 0.142316177 0.008510761 0.989784718 119.320907593
0.983269453 -0.022895982 -0.180712268 8.247070312 0.021122765 0.999708056 -0.011730976 -13.467222214 0.180928111 0.007717569 0.983466029 119.824264526
0.974832118 -0.017486718 -0.222253233 8.106950760 0.015731556 0.999829590 -0.009665147 -13.525054932 0.222384378 0.005925508 0.974941075 120.326744080
0.963647842 -0.012894293 -0.266864240 7.933971405 0.011110502 0.999904692 -0.008193120 -13.582593918 0.266944468 0.004930287 0.963699281 120.821594238
0.949688673 -0.006469402 -0.313128293 7.740856171 0.003916712 0.999953747 -0.008780568 -13.637998581 0.313170582 0.007112374 0.949670315 121.282058716
0.932135761 0.001156052 -0.362107188 7.517520905 -0.004950580 0.999942124 -0.009551382 -13.696153641 0.362075239 0.010695826 0.932087481 121.772476196
0.911271095 0.006004923 -0.411763251 7.263248444 -0.011166411 0.999886334 -0.010130548 -13.751385689 0.411655545 0.013829594 0.911234558 122.198699951
0.886307657 0.010309990 -0.462982088 6.996612549 -0.016182683 0.999831021 -0.008714346 -13.805811882 0.462813944 0.015215883 0.886324763 122.613174438
0.857198238 0.013602731 -0.514807045 6.722503662 -0.020978494 0.999743640 -0.008514810 -13.847981453 0.514559150 0.018098753 0.857263803 123.011459351
0.825838804 0.023236766 -0.563427508 6.393836975 -0.031550966 0.999489427 -0.005024792 -13.901281357 0.563023031 0.021926347 0.826150239 123.380889893
0.792502880 0.036381621 -0.608781993 6.036209106 -0.044696540 0.998999476 0.001516278 -13.940832138 0.608228087 0.026008796 0.793336093 123.731201172
0.756554306 0.045085289 -0.652374804 5.682987213 -0.055943936 0.998425424 0.004122897 -13.980710983 0.651533425 0.033377215 0.757885337 124.049331665
0.716543913 0.048816007 -0.695831776 5.317043304 -0.062884517 0.998007059 0.005258738 -14.027566910 0.694701612 0.039988924 0.718185604 124.353454590
0.674203932 0.050759971 -0.736798763 4.941452026 -0.065682754 0.997803152 0.008638565 -14.075469971 0.735618711 0.042570829 0.676056862 124.635322571
0.630641878 0.054497816 -0.774158120 4.533287048 -0.069267616 0.997502685 0.013793910 -14.108552933 0.772976577 0.044925075 0.632841945 124.904266357
0.585678816 0.063338198 -0.808064699 4.108886719 -0.080531023 0.996556520 0.019744437 -14.142022133 0.806532741 0.053510379 0.588762760 125.135467529
0.540166557 0.072256148 -0.838450372 3.665302277 -0.091985568 0.995407104 0.026521238 -14.167415619 0.836515784 0.062799461 0.544332147 125.346908569
0.492980927 0.077289350 -0.866600335 3.216453552 -0.097188361 0.994704545 0.033427253 -14.196557999 0.864594817 0.067744464 0.497882009 125.552597046
0.446506023 0.078161724 -0.891360283 2.746845245 -0.096502669 0.994573355 0.038871549 -14.215538025 0.889561474 0.068662256 0.451625854 125.727027893
0.399931133 0.079885691 -0.913057148 2.273086548 -0.094212368 0.994500518 0.045745131 -14.236214638 0.911690295 0.067726366 0.405257940 125.892890930
0.353866190 0.082765296 -0.931626916 1.781848907 -0.095689341 0.994053900 0.051964954 -14.259017944 0.930388272 0.070758127 0.359681845 126.044296265
0.309808612 0.085819960 -0.946918011 1.278293610 -0.101118065 0.993244052 0.056935139 -14.277523041 0.945406616 0.078111514 0.316393584 126.165229797
0.268477589 0.087583244 -0.959296107 0.754850388 -0.105904765 0.992505014 0.060975712 -14.294971466 0.957446575 0.085223407 0.275740772 126.268951416
0.229457200 0.084092483 -0.969679356 0.230976105 -0.106360875 0.992460966 0.060899779 -14.310390472 0.967489958 0.089162052 0.236671403 126.365737915
0.194904208 0.079248384 -0.977615535 -0.308324814 -0.101330318 0.993024111 0.060295526 -14.329964638 0.975573897 0.087310247 0.201574832 126.456047058
0.164358705 0.073944494 -0.983625114 -0.862508774 -0.098618284 0.993421853 0.058202360 -14.346349716 0.981458426 0.087437376 0.170569777 126.536247253
0.137334868 0.072355591 -0.987878442 -1.421863556 -0.098940790 0.993342638 0.059001070 -14.368957520 0.985570848 0.089638583 0.143579498 126.616531372
0.115284100 0.071785204 -0.990735292 -2.003380775 -0.100033946 0.993153870 0.060320266 -14.385810852 0.988282740 0.092153199 0.121675804 126.682456970
0.097034916 0.072996080 -0.992600501 -2.609481812 -0.102432922 0.992743373 0.062992916 -14.397764206 0.989995897 0.095562443 0.103807956 126.732147217
0.080688044 0.071251199 -0.994189501 -3.212639809 -0.103162013 0.992681980 0.062770568 -14.421634674 0.991386473 0.097497746 0.087447956 126.787773132
0.066896819 0.070548557 -0.995262623 -3.835037231 -0.102685124 0.992687345 0.063463978 -14.450021744 0.992461920 0.097953133 0.073651880 126.835319519
0.054575633 0.067674585 -0.996213675 -4.481425762 -0.097058810 0.993335485 0.062161889 -14.471864700 0.993781209 0.093298785 0.060780331 126.890296936
0.042492870 0.065043107 -0.996977329 -5.128283978 -0.094738059 0.993644536 0.060787790 -14.489609718 0.994594872 0.091868654 0.048384868 126.934913635
0.031684741 0.064700939 -0.997401536 -5.787471771 -0.094192974 0.993654728 0.061465625 -14.510452271 0.995049596 0.092000715 0.037578061 126.971641541
0.022908043 0.066060655 -0.997552633 -6.458569527 -0.097829990 0.993173718 0.063524090 -14.531036377 0.994939387 0.096135385 0.029214382 126.981834412
0.014272726 0.065476626 -0.997752011 -7.157603264 -0.100747772 0.992869735 0.063715056 -14.555346489 0.994809628 0.099611908 0.020767584 127.005134583
0.007881646 0.064984903 -0.997855127 -7.844742298 -0.103349827 0.992595196 0.063826025 -14.576612473 0.994613886 0.102625109 0.014539462 127.024711609
0.002360761 0.066232257 -0.997801483 -8.539992332 -0.103816152 0.992428899 0.065630004 -14.597465515 0.994593680 0.103432976 0.009218865 127.044288635
-0.001101629 0.068380155 -0.997658730 -9.260402679 -0.105521388 0.992081463 0.068114407 -14.615764618 0.994416416 0.105349354 0.006122664 127.069183350
-0.002017897 0.072100647 -0.997395337 -9.979226112 -0.107892990 0.991559267 0.071897060 -14.638012886 0.994160414 0.107757054 0.005778290 127.085327148
-0.002921620 0.075667322 -0.997128785 -10.711483955 -0.110827051 0.990965903 0.075524382 -14.653840065 0.993835390 0.110729493 0.005490759 127.097328186
-0.004481860 0.081183299 -0.996689081 -11.440913200 -0.115562521 0.989979267 0.081156425 -14.665310860 0.993290067 0.115543649 0.004944799 127.114639282
-0.005528969 0.084847376 -0.996378660 -12.179121971 -0.118539266 0.989312768 0.084903471 -14.678203583 0.992933989 0.118579425 0.004587867 127.131042480
-0.006978142 0.085327953 -0.996328473 -12.925133705 -0.117954150 0.989326715 0.085554421 -14.693002701 0.992994487 0.118118100 0.003161121 127.149658203
-0.008320353 0.081998222 -0.996597767 -13.696238518 -0.116072990 0.989816010 0.082409315 -14.711699486 0.993205786 0.116363756 0.001282163 127.171005249
-0.010086029 0.078752957 -0.996843100 -14.448698044 -0.119780324 0.989620745 0.079394288 -14.718031883 0.992749214 0.120202981 -0.000548289 127.186355591
-0.011060375 0.080509886 -0.996692479 -15.221664429 -0.124542758 0.988881111 0.081260957 -14.727859497 0.992152631 0.125029594 -0.000910473 127.187156677
-0.012573808 0.083540589 -0.996425033 -15.995534897 -0.121681862 0.988969922 0.084451042 -14.741768837 0.992489517 0.122308724 -0.002269742 127.206756592
-0.014643261 0.083838522 -0.996371686 -16.770109177 -0.120678090 0.989046216 0.084995672 -14.758321762 0.992583692 0.121484838 -0.004365391 127.223503113
-0.015491565 0.083151437 -0.996416450 -17.559331894 -0.123888582 0.988697469 0.084433399 -14.767781258 0.992175221 0.124752633 -0.005014956 127.224494934
-0.016394075 0.082497381 -0.996456444 -18.353193283 -0.127634645 0.988264620 0.083919086 -14.777426720 0.991685748 0.128558174 -0.005672159 127.237907410
-0.017687660 0.086808190 -0.996068001 -19.150226593 -0.129541665 0.987627983 0.088372976 -14.783173561 0.991416156 0.130595431 -0.006223547 127.249710083
-0.018383041 0.091707379 -0.995616376 -19.951885223 -0.128677279 0.987286329 0.093315989 -14.797056198 0.991516173 0.129828632 -0.006348666 127.264694214
-0.017360862 0.094163500 -0.995405376 -20.779529572 -0.130052254 0.986885011 0.095625743 -14.802604675 0.991355121 0.131114811 -0.004886999 127.282798767
-0.015550831 0.093031280 -0.995541692 -21.597782135 -0.129357800 0.987107337 0.094263732 -14.809361458 0.991475999 0.130246982 -0.003316016 127.297546387
-0.014259762 0.093037151 -0.995560467 -22.427473068 -0.129335046 0.987125874 0.094101414 -14.813233376 0.991498470 0.130102724 -0.002043216 127.310874939
-0.014372010 0.091889888 -0.995665550 -23.254856110 -0.127639562 0.987453222 0.092974409 -14.815790176 0.991716504 0.128422529 -0.002462903 127.337554932
-0.013724320 0.093775347 -0.995498657 -24.092920303 -0.128470331 0.987175524 0.094762422 -14.821148872 0.991618395 0.129192635 -0.001500965 127.360061646
-0.013303385 0.095761135 -0.995315433 -24.930885315 -0.130105257 0.986775458 0.096678488 -14.821665764 0.991410911 0.130781919 -0.000668428 127.380851746
-0.012888496 0.098455608 -0.995058000 -25.805616379 -0.133221269 0.986099720 0.099294782 -14.823287964 0.991002500 0.133842647 0.000407037 127.392440796
-0.011195209 0.099648312 -0.994959772 -26.668582916 -0.135491475 0.985694170 0.100244880 -14.820105553 0.990715325 0.135930836 0.002466448 127.406227112
-0.009591579 0.103042781 -0.994630754 -27.537477493 -0.142397583 0.984398544 0.103355922 -14.822219849 0.989762962 0.142624363 0.005231105 127.424560547
-0.007245126 0.106625892 -0.994272828 -28.414670944 -0.146913633 0.983396053 0.106530003 -14.815168381 0.989122808 0.146844044 0.008539970 127.442810059
-0.005204374 0.108416326 -0.994091928 -29.289916992 -0.149408489 0.982862532 0.107973829 -14.808642387 0.988761902 0.149087682 0.011083134 127.476142883
-0.001274833 0.109279975 -0.994010210 -30.186428070 -0.148155019 0.983020604 0.108261801 -14.809045792 0.988963306 0.147405609 0.014937191 127.500862122
0.001489072 0.109216608 -0.994016826 -31.078882217 -0.150700733 0.982690275 0.107746348 -14.802166939 0.988578260 0.149638593 0.017922319 127.532066345
0.003996990 0.113079995 -0.993577838 -31.980886459 -0.151221558 0.982227564 0.111179866 -14.794936180 0.988491714 0.149806008 0.021026088 127.565048218
0.006029428 0.115273103 -0.993315518 -32.897113800 -0.150329500 0.982149363 0.113064781 -14.790557861 0.988617539 0.148642883 0.023250744 127.611999512
0.007824053 0.116439462 -0.993166983 -33.789817810 -0.150950998 0.981953323 0.113935590 -14.785397530 0.988510191 0.149028122 0.025259512 127.655960083
0.010228829 0.114570379 -0.993362546 -34.690952301 -0.152234301 0.982012808 0.111693777 -14.777845383 0.988291502 0.150081351 0.027486384 127.692108154
0.010605305 0.115930080 -0.993200779 -35.605953217 -0.156765044 0.981167257 0.112851568 -14.766374588 0.987578928 0.154502332 0.028579362 127.735038757
0.011720548 0.116623923 -0.993106902 -36.499763489 -0.157563627 0.980982959 0.113340594 -14.761121750 0.987439275 0.155149132 0.029873345 127.774795532
0.011931363 0.113026038 -0.993520439 -37.394039154 -0.157888472 0.981339574 0.109744206 -14.757337570 0.987384856 0.155556008 0.029554229 127.813720703
0.012666700 0.108926982 -0.993969023 -38.299789429 -0.159229964 0.981583953 0.105540566 -14.756492615 0.987160265 0.156932801 0.029777866 127.861297607
0.013103561 0.108065508 -0.994057417 -39.197216034 -0.158767536 0.981755793 0.104635321 -14.749273300 0.987229049 0.156452939 0.030021794 127.905792236
0.012948454 0.112143576 -0.993607640 -40.104267120 -0.161108837 0.980941892 0.108614512 -14.744211197 0.986851692 0.158672571 0.030769002 127.949386597
0.013654923 0.118643045 -0.992843032 -41.031215668 -0.162258029 0.980038047 0.114881285 -14.732028961 0.986653864 0.159528062 0.032633130 127.983032227
0.013885928 0.117257647 -0.993004501 -41.924827576 -0.160100088 0.980548203 0.113547966 -14.730909348 0.987003148 0.157403395 0.032388777 128.031143188
0.014821395 0.106849276 -0.994164765 -42.816188812 -0.159306511 0.981825829 0.103148110 -14.734447479 0.987117827 0.156848088 0.031573810 128.077636719
0.015038690 0.096430130 -0.995226145 -43.742931366 -0.160996929 0.982585013 0.092772499 -14.739480972 0.986840308 0.158833176 0.030301742 128.121826172
0.013969967 0.093371667 -0.995533347 -44.643085480 -0.157828644 0.983355224 0.090014726 -14.747220993 0.987367630 0.155866176 0.028474165 128.171890259
0.014043452 0.103562810 -0.994523764 -45.564872742 -0.150508553 0.983508587 0.100290462 -14.750593185 0.988508880 0.148275942 0.029398950 128.223022461
0.013855699 0.116611287 -0.993080974 -46.508987427 -0.145664677 0.982816458 0.113373637 -14.746599197 0.989237010 0.143085957 0.030603759 128.286605835
0.014164569 0.125425562 -0.992001891 -47.429756165 -0.146074533 0.981717110 0.122039445 -14.735691071 0.989172220 0.143177599 0.032227088 128.335189819
0.014012014 0.119682550 -0.992713392 -48.346469879 -0.146282896 0.982374072 0.116371267 -14.732070923 0.989143550 0.143586382 0.031272553 128.378448486
0.014015062 0.106351510 -0.994229794 -49.260181427 -0.146035880 0.983883202 0.103186160 -14.730004311 0.989180028 0.143747032 0.029320320 128.425247192
0.014373302 0.097679071 -0.995114207 -50.175899506 -0.146443292 0.984691024 0.094540730 -14.729581833 0.989114702 0.144368917 0.028457705 128.472976685
0.014823903 0.097449072 -0.995130181 -51.103679657 -0.145485282 0.984858334 0.094275996 -14.734827042 0.989249408 0.143379226 0.028776849 128.521270752
0.014316067 0.099288560 -0.994955719 -52.042873383 -0.148864314 0.984179735 0.096071251 -14.754450798 0.988753974 0.146738037 0.028870111 128.567047119
0.015175479 0.098725967 -0.994998872 -52.971748352 -0.153463840 0.983552873 0.095249660 -14.754667282 0.988037705 0.151250899 0.030076750 128.601409912
0.015310882 0.098029561 -0.995065689 -53.909156799 -0.154968858 0.983389795 0.094494820 -14.755552292 0.987800717 0.152757391 0.030248089 128.648727417
0.016044589 0.105997674 -0.994236946 -54.873573303 -0.164010599 0.981175303 0.101958424 -14.759487152 0.986328065 0.161429554 0.033127304 128.692031860
0.017496478 0.115443051 -0.993160069 -55.813488007 -0.169458270 0.979284108 0.110844806 -14.750724792 0.985382140 0.166359767 0.036696803 128.733764648
0.018753910 0.123824023 -0.992126942 -56.772342682 -0.169966653 0.978253007 0.118879616 -14.743528366 0.985271394 0.166399062 0.039392017 128.778030396
0.019854790 0.124273628 -0.992049336 -57.728092194 -0.171855316 0.977900922 0.119061746 -14.731355667 0.984922111 0.168125033 0.040773094 128.828933716
0.021527953 0.114826217 -0.993152320 -58.660694122 -0.173709556 0.978702605 0.109390192 -14.730506897 0.984561741 0.170165122 0.041015882 128.874313354
0.022780754 0.109787524 -0.993694067 -59.597820282 -0.172046676 0.979553699 0.104281016 -14.723375320 0.984825373 0.168586150 0.041203547 128.932800293
0.024508737 0.108147256 -0.993832767 -60.568553925 -0.170352772 0.980043232 0.102445677 -14.721614838 0.985078275 0.166791365 0.042442806 128.995117188
0.027587596 0.113914520 -0.993107498 -61.524028778 -0.172105566 0.979191303 0.107537299 -14.719666481 0.984692216 0.167952627 0.046618849 129.058700562
0.031476788 0.116403647 -0.992703080 -62.497810364 -0.174904078 0.978511691 0.109193690 -14.719251633 0.984082222 0.170190766 0.051159881 129.113540649
0.035352103 0.111354031 -0.993151665 -63.451686859 -0.173802912 0.979314208 0.103615850 -14.718317032 0.984145761 0.168949634 0.053974461 129.178253174
0.038516752 0.105957344 -0.993624449 -64.405906677 -0.173831001 0.979911447 0.097756669 -14.726048470 0.984021962 0.168957442 0.056161679 129.248641968
0.042630553 0.105377026 -0.993518054 -65.374496460 -0.171586230 0.980419099 0.096625149 -14.720235825 0.984246373 0.166354865 0.059877057 129.314971924
0.044183608 0.109844841 -0.992966235 -66.320907593 -0.168878004 0.980454028 0.100946195 -14.738180161 0.984646142 0.163229987 0.061870366 129.412811279
0.047643825 0.116633378 -0.992031634 -67.278663635 -0.168312117 0.979895711 0.107123114 -14.737533569 0.984581709 0.161867186 0.066316798 129.494400024
0.050105732 0.120296761 -0.991472721 -68.244483948 -0.166105956 0.979897439 0.110497877 -14.737921715 0.984834135 0.159152985 0.069080487 129.584457397
0.052521478 0.121959701 -0.991144478 -69.226760864 -0.165696219 0.979820728 0.111785948 -14.735548019 0.984777212 0.158357739 0.071669891 129.663894653
0.054689914 0.119391270 -0.991339862 -70.168548584 -0.164478138 0.980340540 0.108992711 -14.735531807 0.984863400 0.157092929 0.073251992 129.739700317
0.055387873 0.118176080 -0.991446733 -71.113861084 -0.162444293 0.980807841 0.107832901 -14.738602638 0.985161960 0.155082196 0.073521890 129.830520630
0.056322470 0.114444017 -0.991831839 -72.057579041 -0.159543484 0.981675029 0.104212165 -14.744355202 0.985582888 0.152370811 0.073549159 129.919235229
0.055590011 0.114086539 -0.991914332 -73.062797546 -0.158081219 0.981925666 0.104078300 -14.735863686 0.985860050 0.151017278 0.072620198 130.010726929
0.055413559 0.118509151 -0.991405547 -74.016632080 -0.154739931 0.981953740 0.108730324 -14.733099937 0.986399949 0.147384882 0.072751656 130.099594116
0.054819375 0.120613195 -0.991184771 -74.977699280 -0.148697272 0.982594311 0.111343876 -14.739621162 0.987362146 0.141282678 0.071800053 130.200927734
0.054254483 0.115662113 -0.991805851 -75.937614441 -0.145844191 0.983534634 0.106719494 -14.721620560 0.987818718 0.138859093 0.070229806 130.284149170
0.052467484 0.112183422 -0.992301524 -76.897987366 -0.148297206 0.983527660 0.103350386 -14.725943565 0.987550020 0.141732991 0.068239719 130.367645264
0.051270396 0.109478943 -0.992666066 -77.846244812 -0.144745275 0.984292626 0.101079471 -14.727699280 0.988139689 0.138501361 0.066311628 130.453140259
0.049948476 0.109973356 -0.992678702 -78.809860229 -0.144974485 0.984190881 0.101738371 -14.725281715 0.988173783 0.138831437 0.065102175 130.527130127
0.049269035 0.111131385 -0.992583692 -79.766197205 -0.145998597 0.983917236 0.102914102 -14.725977898 0.988057196 0.139845341 0.064701676 130.604034424
0.047775850 0.111279495 -0.992640078 -80.720161438 -0.147522599 0.983662784 0.103172824 -14.726082802 0.987904191 0.141507685 0.063411556 130.682128906
0.046450663 0.112397276 -0.992577136 -81.671524048 -0.147367239 0.983548343 0.104478382 -14.728911400 0.987990499 0.141420260 0.062250160 130.752380371
0.044284418 0.112741426 -0.992637098 -82.638504028 -0.147412166 0.983472764 0.105124086 -14.729279518 0.988083363 0.141671389 0.060171973 130.825805664
0.042752225 0.114816926 -0.992466271 -83.586883545 -0.147023052 0.983282745 0.107421219 -14.719032288 0.988208711 0.141322955 0.058918260 130.905456543
0.041211516 0.118727811 -0.992071271 -84.540618896 -0.148424461 0.982625604 0.111431733 -14.711213112 0.988064587 0.142655343 0.058117598 130.968246460
0.039093379 0.123599276 -0.991561890 -85.489524841 -0.149664029 0.981850922 0.116488136 -14.700186729 0.987963796 0.143847227 0.056882236 131.036453247
0.036644120 0.123398542 -0.991680384 -86.436347961 -0.149429932 0.981866598 0.116655722 -14.695295334 0.988093078 0.143911973 0.054419074 131.105331421
0.035660565 0.118271582 -0.992340684 -87.380844116 -0.149509549 0.982428610 0.111717463 -14.689330101 0.988117039 0.144380495 0.052716695 131.168975830
0.033179019 0.113510519 -0.992982507 -88.325942993 -0.153656721 0.982297003 0.107154809 -14.677363396 0.987567067 0.149023190 0.050033309 131.232696533
0.032017812 0.111447148 -0.993254364 -89.268852234 -0.151499391 0.982822537 0.105393015 -14.673678398 0.987938702 0.147102997 0.048351999 131.300613403
0.031617720 0.112727821 -0.993122756 -90.232681274 -0.147085235 0.983326614 0.106933177 -14.674478531 0.988618374 0.142692730 0.047671136 131.356292725
0.031214353 0.114049718 -0.992984533 -91.181388855 -0.143969327 0.983621776 0.108448692 -14.670767784 0.989089787 0.139574185 0.047122769 131.420028687
0.029990347 0.113796376 -0.993051291 -92.133262634 -0.138734996 0.984355867 0.108610108 -14.670666695 0.989875257 0.134513736 0.045308705 131.490036011
0.028690044 0.110887185 -0.993418813 -93.074981689 -0.134733096 0.985187590 0.106077306 -14.671900749 0.990466475 0.130803019 0.043205250 131.557769775
0.027802242 0.107956484 -0.993766785 -94.022193909 -0.129480422 0.986164749 0.103508227 -14.675568581 0.991192162 0.125795588 0.041395843 131.624649048
0.026121866 0.110738896 -0.993506193 -95.000686646 -0.128060371 0.986027479 0.106538251 -14.681671143 0.991422296 0.124445818 0.039938141 131.682769775
0.024809724 0.112948537 -0.993291020 -95.949241638 -0.127454996 0.985845804 0.108918451 -14.676804543 0.991534054 0.123897642 0.038854413 131.742553711
0.023419438 0.110723712 -0.993575215 -96.907707214 -0.123306014 0.986579180 0.107037641 -14.671291351 0.992092252 0.120007038 0.036758032 131.796752930
0.021518243 0.107690044 -0.993951619 -97.857200623 -0.120378748 0.987227917 0.104355462 -14.667819023 0.992494822 0.117405087 0.034207001 131.848358154
0.017792551 0.105386667 -0.994272053 -98.824668884 -0.119297780 0.987549305 0.102539271 -14.668468475 0.992699206 0.116790019 0.030143416 131.905532837
0.015211189 0.104546607 -0.994403601 -99.779335022 -0.113772720 0.988240600 0.102158293 -14.676490784 0.993390322 0.111582078 0.026926864 131.956817627
0.012976467 0.104589164 -0.994430900 -100.737304688 -0.107034974 0.988945723 0.102615550 -14.669463158 0.994170606 0.105107315 0.024027724 132.003280640
0.010172806 0.112788036 -0.993567109 -101.701568604 -0.097618774 0.988984287 0.111268334 -14.675328255 0.995171845 0.095858894 0.021070974 132.072921753
0.007594532 0.121135294 -0.992606938 -102.659301758 -0.089506239 0.988733470 0.119977780 -14.670391083 0.995957375 0.087933332 0.018351331 132.130554199
0.004459338 0.120814823 -0.992664933 -103.613677979 -0.085251041 0.989107013 0.119998805 -14.663014412 0.996349573 0.084090628 0.014710348 132.181228638
0.001913748 0.110705979 -0.993851364 -104.566589355 -0.086354025 0.990158916 0.110128395 -14.661389351 0.996262670 0.085612290 0.011454822 132.215530396
-0.000168395 0.101388738 -0.994846880 -105.513938904 -0.088147767 0.990972817 0.101008847 -14.657234192 0.996107340 0.087710530 0.008770317 132.255401611
-0.000602943 0.102952383 -0.994686067 -106.472831726 -0.095408477 0.990142763 0.102539979 -14.656672478 0.995437920 0.094963312 0.009225531 132.277755737
-0.001420790 0.111831009 -0.993726194 -107.437286377 -0.098452136 0.988883853 0.111426823 -14.639314651 0.995140791 0.097992800 0.009605005 132.316070557
-0.003000344 0.123160362 -0.992382228 -108.400260925 -0.102503687 0.987121522 0.122817382 -14.624888420 0.994728148 0.102091335 0.009662687 132.348129272
-0.004315325 0.124954812 -0.992153108 -109.342872620 -0.109551877 0.986131310 0.124672920 -14.612530708 0.993971765 0.109230205 0.009433555 132.380218506
-0.004117042 0.122175016 -0.992500007 -110.329818726 -0.116898693 0.985644758 0.121816039 -14.593304634 0.993135333 0.116523474 0.010224159 132.400344849
-0.004459159 0.118070297 -0.992995203 -111.283935547 -0.124961533 0.985155582 0.117699295 -14.577201843 0.992151558 0.124611050 0.010361280 132.428192139
-0.001781821 0.120336980 -0.992731512 -112.251762390 -0.129726425 0.984316409 0.119549789 -14.556597710 0.991548300 0.128996506 0.013857014 132.449325562
-0.000704122 0.121289983 -0.992617011 -113.234138489 -0.137658477 0.983155370 0.120231509 -14.534031868 0.990479469 0.136726826 0.016004333 132.479873657
-0.000148272 0.124238305 -0.992252350 -114.198303223 -0.147031039 0.981465757 0.122909687 -14.516025543 0.989131927 0.145910114 0.018121360 132.502258301
0.000137684 0.127196535 -0.991877556 -115.173454285 -0.152869835 0.980221987 0.125680625 -14.496590614 0.988246322 0.151610851 0.019579472 132.529663086
0.000230346 0.125701800 -0.992068052 -116.148612976 -0.156253859 0.979886949 0.124122113 -14.477599144 0.987716913 0.154985875 0.019867105 132.575332642
0.001662638 0.116168082 -0.993228197 -117.103118896 -0.155166954 0.981229782 0.114505008 -14.477141380 0.987886846 0.153925821 0.019656884 132.611785889
0.003148136 0.104580753 -0.994511425 -118.055175781 -0.158417434 0.982009768 0.102764636 -14.464612007 0.987367213 0.157224417 0.019658914 132.650238037
