1.000000000 0.000000000 0.000000000 0.000000000 0.000000000 1.000000000 0.000000000 0.000000000 0.000000000 0.000000000 1.000000000 0.000000000
0.999997854 -0.001552671 -0.001374711 0.049686767 0.001549759 0.999996543 -0.002117090 -0.132603392 0.001377994 0.002114955 0.999996841 1.297982216
0.999997675 -0.000019874 -0.002155351 0.103795998 0.000005928 0.999979019 -0.006470537 -0.266043991 0.002155434 0.006470510 0.999976754 2.603481293
0.999996424 0.002357943 -0.001281921 0.146369547 -0.002367957 0.999966264 -0.007867481 -0.406462699 0.001263327 0.007870488 0.999968231 3.907384634
0.999984086 0.005634399 0.000258249 0.191379786 -0.005632580 0.999962509 -0.006573213 -0.545514286 -0.000295276 0.006571653 0.999978364 5.220324993
0.999975741 0.006547499 0.002386026 0.242537469 -0.006539647 0.999973178 -0.003284385 -0.691236615 -0.002407467 0.003268702 0.999991775 6.535848618
0.999961197 0.006826148 0.005576082 0.301071674 -0.006814845 0.999974728 -0.002043659 -0.828144073 -0.005589891 0.002005580 0.999982357 7.839298725
0.999942064 0.005568094 0.009212994 0.351739675 -0.005551164 0.999982774 -0.001862168 -0.961845636 -0.009223206 0.001810917 0.999955773 9.144080162
0.999912441 0.004252137 0.012530918 0.429853946 -0.004229813 0.999989390 -0.001807512 -1.098456860 -0.012538472 0.001754351 0.999919832 10.443786621
0.999870121 0.002894728 0.015851429 0.496357411 -0.002857378 0.999993086 -0.002378386 -1.237444639 -0.015858205 0.002332784 0.999871492 11.748408318
0.999815881 0.001751484 0.019105135 0.574697912 -0.001689261 0.999993265 -0.003272505 -1.372915268 -0.019110739 0.003239629 0.999812126 13.042610168
0.999747634 0.001725730 0.022395024 0.645247757 -0.001654617 0.999993503 -0.003193530 -1.520757794 -0.022400388 0.003155670 0.999744117 14.361891747
0.999661624 0.001653781 0.025957350 0.726847172 -0.001543715 0.999989748 -0.004259747 -1.659118533 -0.025964120 0.004218235 0.999653935 15.658974648
0.999579191 0.002465867 0.028903337 0.810062051 -0.002341108 0.999987721 -0.004349474 -1.795486212 -0.028913710 0.004279978 0.999572754 16.957683563
0.999481022 0.002040557 0.032150619 0.899981022 -0.001918081 0.999990821 -0.003839825 -1.935114741 -0.032158159 0.003776164 0.999475718 18.244174957
0.999406934 0.000465962 0.034432378 0.992700100 -0.000339208 0.999993145 -0.003687016 -2.077063322 -0.034433860 0.003673150 0.999400258 19.546932220
0.999353468 -0.001946610 0.035898339 1.089476228 0.002119658 0.999986351 -0.004783071 -2.218802691 -0.035888538 0.004856071 0.999343991 20.825708389
0.999305546 -0.001774578 0.037219599 1.185368657 0.002023983 0.999975741 -0.006664291 -2.359155416 -0.037206870 0.006734994 0.999284863 22.130750656
0.999268889 -0.001781506 0.038192037 1.272034168 0.002140998 0.999953747 -0.009373927 -2.502434492 -0.038173571 0.009448843 0.999226451 23.416324615
0.999215901 -0.001128199 0.039576910 1.369024992 0.001556025 0.999940693 -0.010780850 -2.646172523 -0.039562412 0.010833981 0.999158323 24.707920074
0.999170780 -0.000582871 0.040711571 1.467971087 0.001044408 0.999935508 -0.011316399 -2.794357300 -0.040702347 0.011349536 0.999106824 25.979131699
0.999151647 -0.001996504 0.041133124 1.568961859 0.002421255 0.999944150 -0.010278992 -2.940676689 -0.041110311 0.010369866 0.999100745 27.272544861
0.999156415 -0.004939063 0.040766455 1.676287889 0.005314173 0.999944389 -0.009098189 -3.086704731 -0.040719248 0.009307154 0.999127269 28.550231934
0.999167800 -0.006342282 0.040291674 1.768253088 0.006733997 0.999931276 -0.009593744 -3.234436035 -0.040228065 0.009857086 0.999141932 29.841972351
0.999185503 -0.007934683 0.039565004 1.871944427 0.008424318 0.999889731 -0.012224128 -3.378955841 -0.039463647 0.012547481 0.999142289 31.107069016
0.999216259 -0.008180918 0.038727477 1.982496142 0.008663920 0.999886572 -0.012320455 -3.529555082 -0.038622297 0.012646331 0.999173880 32.398681641
0.999234498 -0.008931547 0.038085263 2.082414150 0.009422886 0.999874413 -0.012741145 -3.671196938 -0.037966684 0.013090265 0.999193311 33.663391113
0.999252856 -0.009333393 0.037503414 2.178039312 0.009816284 0.999871016 -0.012712586 -3.819299221 -0.037379920 0.013071231 0.999215662 34.937561035
0.999262869 -0.009925971 0.037084319 2.268089056 0.010433306 0.999854207 -0.013512183 -3.961350203 -0.036944792 0.013889132 0.999220788 36.194519043
0.999310136 -0.010540298 0.035611156 2.391752720 0.011020984 0.999850452 -0.013328860 -4.122924805 -0.035465349 0.013712134 0.999276817 37.487102509
0.999307096 -0.010229042 0.035786290 2.483417511 0.010644463 0.999877989 -0.011437144 -4.270654678 -0.035664938 0.011810144 0.999293983 38.747264862
0.999268055 -0.010153462 0.036880977 2.580899000 0.010545205 0.999889851 -0.010442915 -4.409096241 -0.036770884 0.010824191 0.999265075 40.020324707
0.999191165 -0.011910085 0.038407732 2.692903519 0.012257165 0.999886096 -0.008813978 -4.549928188 -0.038298376 0.009277620 0.999223232 41.267562866
0.999076784 -0.012926305 0.040969640 2.787412167 0.013339219 0.999862731 -0.009821245 -4.698573112 -0.040837064 0.010358681 0.999112070 42.537322998
0.998954117 -0.014229083 0.043453369 2.886245728 0.014805368 0.999806225 -0.012969255 -4.846581936 -0.043260410 0.013599033 0.998971224 43.782119751
0.998865604 -0.015356269 0.045072556 2.998540640 0.016011123 0.999770939 -0.014204003 -4.992324829 -0.044844102 0.014909551 0.998882651 45.046543121
0.998741448 -0.015522905 0.047690503 3.120962620 0.016163891 0.999783754 -0.013084366 -5.124951839 -0.047477078 0.013838763 0.998776376 46.281982422
0.998540461 -0.016566129 0.051405739 3.233022213 0.017085774 0.999807239 -0.009685786 -5.278839588 -0.051235367 0.010549958 0.998630881 47.546226501
0.998247266 -0.019792518 0.055771574 3.340955734 0.020246621 0.999766231 -0.007588999 -5.419852257 -0.055608321 0.008704884 0.998414695 48.780521393
0.998021722 -0.021629557 0.059032343 3.474168301 0.022137122 0.999723256 -0.007957626 -5.560210705 -0.058843885 0.009248691 0.998224318 50.025012970
0.997755110 -0.024873430 0.062177457 3.618287802 0.025653707 0.999601483 -0.011782406 -5.693429470 -0.061859626 0.013351038 0.997995496 51.252418518
0.997469127 -0.026293907 0.066059798 3.752038479 0.027156286 0.999556839 -0.012190467 -5.823673248 -0.065709993 0.013953552 0.997741342 52.490493774
0.997131765 -0.028822472 0.069981635 3.883195877 0.029565673 0.999516547 -0.009607285 -5.965758324 -0.069670908 0.011648783 0.997502029 53.712440491
0.996859193 -0.031688638 0.072578676 4.047722816 0.032245200 0.999458790 -0.006509330 -6.095069408 -0.072333142 0.008829199 0.997341454 54.903114319
0.996562660 -0.033724718 0.075666845 4.170228004 0.034166735 0.999405742 -0.004554360 -6.234542370 -0.075468309 0.007123994 0.997122705 56.163101196
0.996420264 -0.037153494 0.075935721 4.339365959 0.037352201 0.999301434 -0.001197681 -6.359196186 -0.075838193 0.004029761 0.997111917 57.365013123
0.996200204 -0.039242763 0.077750534 4.462028503 0.039362792 0.999224961 -0.000011237 -6.485814095 -0.077689856 0.003071672 0.996972859 58.587368011
0.996152461 -0.040989764 0.077459648 4.607679367 0.041376818 0.999137759 -0.003397861 -6.608357430 -0.077253588 0.006589822 0.996989667 59.781829834
0.996177316 -0.042295858 0.076431297 4.763626099 0.042984951 0.999048352 -0.007392680 -6.743295670 -0.076045893 0.010649816 0.997047424 60.992076874
0.996186554 -0.043697037 0.075517595 4.901456833 0.044673171 0.998937905 -0.011284570 -6.872536659 -0.074944288 0.014615147 0.997080624 62.172111511
0.996230721 -0.045872483 0.073620774 5.055529594 0.046982501 0.998805702 -0.013416351 -7.012842178 -0.072917402 0.016824666 0.997196078 63.385456085
0.996386528 -0.045611788 0.071646638 5.192353725 0.046695612 0.998817503 -0.013525208 -7.144732952 -0.070945010 0.016821917 0.997338355 64.561889648
0.996619046 -0.044886030 0.068816252 5.328155518 0.045887683 0.998861432 -0.013043636 -7.287096024 -0.068152428 0.016157351 0.997544050 65.782318115
0.996864557 -0.044276249 0.065578729 5.453156471 0.045083713 0.998923838 -0.010883976 -7.419125080 -0.065026261 0.013806383 0.997788012 66.958824158
0.997264624 -0.040364895 0.061918199 5.575200081 0.040886093 0.999137998 -0.007173230 -7.555909157 -0.061575282 0.009685202 0.998055458 68.151222229
0.997546256 -0.038533092 0.058452398 5.692209244 0.038887717 0.999231398 -0.004941041 -7.682142258 -0.058217078 0.007201997 0.998277962 69.330390930
0.997761726 -0.037448324 0.055399813 5.799873352 0.037947394 0.999247730 -0.007983849 -7.818092823 -0.055059165 0.010068257 0.998432398 70.501258850
0.997939885 -0.037419897 0.052112367 5.914829254 0.038257282 0.999152780 -0.015164864 -7.949300766 -0.051500749 0.017127296 0.998526037 71.686271667
0.997933030 -0.041510269 0.049056116 6.018772125 0.042419765 0.998943985 -0.017646233 -8.088135719 -0.048271812 0.019690707 0.998640060 72.854042053
0.998018086 -0.045039430 0.043945123 6.141108036 0.045663953 0.998868108 -0.013312168 -8.219997406 -0.043295804 0.015292495 0.998945177 74.026237488
0.998018742 -0.048792321 0.039723206 6.244441986 0.049162611 0.998755455 -0.008398183 -8.347417831 -0.039264008 0.010334440 0.999175370 75.186790466
0.998064995 -0.051322136 0.035102237 6.344587803 0.051545173 0.998655558 -0.005478067 -8.475025177 -0.034773901 0.007276818 0.999368846 76.375579834
0.998241186 -0.050562106 0.030950254 6.434549332 0.050683327 0.998709857 -0.003144125 -8.599185944 -0.030751340 0.004707256 0.999516070 77.535354614
0.998380899 -0.050088592 0.026958060 6.527969360 0.050189845 0.998734951 -0.003091985 -8.717633247 -0.026769090 0.004440000 0.999631763 78.693542480
0.998514950 -0.048892144 0.024030814 6.595609665 0.049024854 0.998785198 -0.004964443 -8.844859123 -0.023758899 0.006135177 0.999698877 79.852508545
0.998698592 -0.046597715 0.020728944 6.671509743 0.046814274 0.998852730 -0.010087625 -8.971919060 -0.020235101 0.011044909 0.999734282 80.996925354
0.998603642 -0.050082073 0.016815938 6.755932331 0.050332174 0.998622954 -0.014794253 -9.110711098 -0.016051859 0.015619976 0.999749124 82.157005310
0.998457313 -0.053641561 0.014334470 6.811945438 0.053865664 0.998424232 -0.015733946 -9.239854813 -0.013467887 0.016481811 0.999773443 83.283180237
0.998488903 -0.053875115 0.010831317 6.876600266 0.054006062 0.998466313 -0.012184311 -9.369215012 -0.010158274 0.012750855 0.999867082 84.420936584
0.998487473 -0.054384544 0.008057909 6.944370270 0.054461118 0.998469591 -0.009610461 -9.499454498 -0.007522915 0.010034766 0.999921262 85.559608459
0.998629808 -0.051900540 0.006691073 6.992785931 0.051974967 0.998582363 -0.011473477 -9.625837326 -0.006086108 0.011805524 0.999911726 86.698486328
0.998813868 -0.048273791 0.006378686 7.043746471 0.048363749 0.998720229 -0.014792457 -9.752099991 -0.005656434 0.015083408 0.999870181 87.818527222
0.998907506 -0.046448603 0.005138270 7.104094982 0.046531457 0.998765409 -0.017390467 -9.879980087 -0.004324164 0.017610557 0.999835491 88.920509338
0.998798430 -0.048814926 0.004324072 7.150720596 0.048886143 0.998637259 -0.018268757 -10.014518738 -0.003426392 0.018458195 0.999823689 90.079521179
0.998751760 -0.049863983 0.002922548 7.203018188 0.049903635 0.998632431 -0.015586380 -10.145380974 -0.002141353 0.015712775 0.999874175 91.193763733
0.998700798 -0.050913021 0.002148996 7.251443386 0.050936483 0.998619497 -0.012827462 -10.276893616 -0.001492944 0.012920259 0.999915421 92.310432434
0.998721421 -0.050535567 0.001307640 7.315355301 0.050548017 0.998642981 -0.012534034 -10.395658493 -0.000672451 0.012584107 0.999920547 93.446685791
0.998690128 -0.051150851 0.001275179 7.361649513 0.051164150 0.998580456 -0.014804856 -10.522235870 -0.000516088 0.014850705 0.999889612 94.556060791
0.998686969 -0.051223684 0.000756656 7.419812202 0.051228900 0.998514235 -0.018571539 -10.652639389 0.000195771 0.018585915 0.999827266 95.659828186
0.998661816 -0.051707223 0.000955459 7.464651585 0.051716004 0.998467863 -0.019682720 -10.789585114 0.000063743 0.019705793 0.999805808 96.779960632
0.998623788 -0.052440729 0.000766523 7.520393848 0.052446045 0.998462617 -0.017941473 -10.922816277 0.000175519 0.017956983 0.999838769 97.864715576
0.998688459 -0.051165327 0.001836781 7.559944630 0.051184624 0.998607934 -0.012734711 -11.047331810 -0.001182649 0.012812025 0.999917209 98.951057434
0.998770595 -0.049469482 0.003191798 7.609930515 0.049497169 0.998731077 -0.009273381 -11.167839050 -0.002728999 0.009419965 0.999951899 100.019660950
0.998877823 -0.047092203 0.005039730 7.655760288 0.047137957 0.998844266 -0.009382825 -11.287224770 -0.004592047 0.009609860 0.999943197 101.087860107
0.998949766 -0.045237534 0.007286653 7.703103065 0.045316279 0.998911738 -0.011031855 -11.409984589 -0.006779670 0.011350471 0.999912560 102.121459961
0.998901844 -0.045825347 0.009754941 7.760042191 0.045954831 0.998852432 -0.013492221 -11.530303955 -0.009125459 0.013925690 0.999861360 103.141372681
0.998828888 -0.046963207 0.011630084 7.810509205 0.047131009 0.998781979 -0.014600654 -11.644296646 -0.010930226 0.015131694 0.999825716 104.166664124
0.998721719 -0.048677139 0.013618736 7.871271133 0.048866421 0.998708129 -0.013928936 -11.758565903 -0.012923121 0.014576630 0.999810219 105.148841858
0.998678625 -0.049044393 0.015346827 7.929915428 0.049235914 0.998710573 -0.012360584 -11.878757477 -0.014720821 0.013099868 0.999805808 106.124389648
0.998611629 -0.050029844 0.016488634 7.999209404 0.050209146 0.998682082 -0.010646092 -11.991587639 -0.015934279 0.011459192 0.999807358 107.081581116
0.998541415 -0.050740767 0.018455701 8.056825638 0.050951086 0.998639286 -0.011109171 -12.098883629 -0.017866900 0.012033305 0.999768019 107.998962402
0.998530924 -0.050334517 0.020053737 8.118178368 0.050532702 0.998677135 -0.009501548 -12.198728561 -0.019548953 0.010500960 0.999753773 108.910217285
0.998535752 -0.049443599 0.021945637 8.177118301 0.049616717 0.998740792 -0.007414672 -12.296447754 -0.021551397 0.008492686 0.999731660 109.779968262
0.998497307 -0.049624261 0.023249859 8.237464905 0.049732428 0.998754144 -0.004097207 -12.400907516 -0.023017572 0.005247323 0.999721289 110.638481140
0.998450756 -0.049779106 0.024864048 8.298456192 0.049888331 0.998747528 -0.003791909 -12.494457245 -0.024644149 0.005026461 0.999683619 111.465934753
0.998462379 -0.048965428 0.025985656 8.350679398 0.049066227 0.998790324 -0.003255463 -12.584103584 -0.025794815 0.004525477 0.999657035 112.275032043
0.998559356 -0.046559911 0.026670765 8.402914047 0.046656623 0.998906374 -0.003014717 -12.664217949 -0.026501233 0.004254743 0.999639750 113.053604126
0.998687685 -0.044162508 0.025933567 8.454069138 0.044172473 0.999023855 0.000188642 -12.745373726 -0.025916582 0.000957155 0.999663770 113.814537048
0.998767674 -0.043933932 0.023085134 8.499010086 0.043910030 0.999034286 0.001541049 -12.827470779 -0.023130542 -0.000525481 0.999732316 114.539451599
0.998894393 -0.043963306 0.016647127 8.533288956 0.043940566 0.999032676 0.001729512 -12.904991150 -0.016707059 -0.000996116 0.999859929 115.243614197
0.999068856 -0.042685393 0.006267102 8.564052582 0.042683780 0.999088645 0.000391593 -12.978139877 -0.006278109 -0.000123725 0.999980271 115.926200867
0.999149799 -0.040370725 -0.008362652 8.574969292 0.040352710 0.999182820 -0.002312901 -13.055723190 0.008449190 0.001973479 0.999962330 116.579170227
0.998884141 -0.038705233 -0.027064938 8.570128441 0.038588353 0.999243617 -0.004827853 -13.123330116 0.027231328 0.003778073 0.999621987 117.192893982
0.998098493 -0.036952090 -0.049336456 8.535797119 0.036650468 0.999303639 -0.007004682 -13.191669464 0.049560934 0.005183158 0.998757720 117.783370972
0.996400356 -0.035284080 -0.077080309 8.489081383 0.034685742 0.999356985 -0.009087874 -13.254730225 0.077351406 0.006381573 0.996983469 118.356979370
0.993489802 -0.033262968 -0.108957082 8.419043541 0.032260448 0.999419510 -0.010951348 -13.329786301 0.109258108 0.007365047 0.993986130 118.910301208
0.989067078 -0.028744856 -0.144637376 8.324201584 0.027261011 0.999553442 -0.012230949 -13.393219948 0.144924402 0.008154267 0.989409149 119.432685852
0.982866108 -0.022779832 -0.182908207 8.205631256 0.021022007 0.999712288 -0.011543854 -13.453371048 0.183118552 0.007500963 0.983062327 119.947654724
0.974321187 -0.017660987 -0.224468976 8.064809799 0.015897172 0.999826849 -0.009662710 -13.508779526 0.224600807 0.005846161 0.974433303 120.451004028
0.962948024 -0.012578055 -0.269393563 7.896989822 0.010923771 0.999911129 -0.007639058 -13.574860573 0.269465685 0.004413223 0.962999880 120.945472717
0.948735535 -0.006276335 -0.316008687 7.706523895 0.003774296 0.999956489 -0.008529049 -13.625740051 0.316048503 0.006899101 0.948717952 121.418663025
0.931383014 0.001105761 -0.364039183 7.471206665 -0.004749803 0.999947071 -0.009114911 -13.685076714 0.364009887 0.010218586 0.931339025 121.884620667
0.910269618 0.006153357 -0.413970143 7.218601227 -0.011163548 0.999890804 -0.009684641 -13.740555763 0.413865447 0.013437012 0.910238862 122.323783875
0.885127187 0.010442100 -0.465231985 6.952644348 -0.016259318 0.999831736 -0.008493013 -13.792421341 0.465064973 0.015081753 0.885148048 122.738632202
0.855887055 0.013671918 -0.516981959 6.676330566 -0.020862350 0.999749482 -0.008099556 -13.836882591 0.516741633 0.017717764 0.855958045 123.137237549
0.824338019 0.023244934 -0.565620303 6.345058441 -0.031376991 0.999496758 -0.004653319 -13.888019562 0.565227509 0.021583371 0.824652612 123.510879517
0.790260673 0.035975773 -0.611713827 5.995185852 -0.044147700 0.999023557 0.001720502 -13.925683975 0.611178458 0.025646115 0.791077197 123.873283386
0.754316449 0.045035243 -0.654964566 5.644981384 -0.055467606 0.998449087 0.004771667 -13.973243713 0.654163659 0.032729968 0.755644560 124.179283142
0.714412689 0.048886459 -0.698014915 5.279510498 -0.062633313 0.998019755 0.005793032 -14.017444611 0.696915865 0.039580368 0.716059864 124.475776672
0.671595812 0.050736848 -0.739178538 4.904304504 -0.065261699 0.997825801 0.009195421 -14.065568924 0.738037944 0.042064440 0.673446774 124.763336182
0.628257573 0.054124195 -0.776120484 4.483757019 -0.068802498 0.997533798 0.013870317 -14.096410751 0.774957299 0.044684891 0.630432010 125.032073975
0.583598673 0.062843673 -0.809606791 4.055484772 -0.079530127 0.996631086 0.020032305 -14.133662224 0.808138311 0.052697301 0.586630583 125.257995605
0.538103044 0.072008140 -0.839797497 3.616321564 -0.091337837 0.995458424 0.026830206 -14.158370018 0.837915480 0.062267866 0.542236328 125.461227417
0.490925789 0.077053547 -0.867787123 3.165073395 -0.096732661 0.994742990 0.033602607 -14.184826851 0.865814447 0.067446977 0.495798677 125.662536621
0.443988055 0.078094594 -0.892622888 2.697818756 -0.096248202 0.994587481 0.039141782 -14.204172134 0.890848398 0.068534873 0.449101329 125.843307495
0.396972835 0.079811804 -0.914353669 2.226940155 -0.093796641 0.994524121 0.046087235 -14.225709915 0.913025081 0.067467913 0.402285039 126.011512756
0.350880027 0.082263380 -0.932800055 1.735523224 -0.095318891 0.994097412 0.051814225 -14.245122910 0.931556523 0.070732884 0.356650114 126.158493042
0.307247490 0.085900016 -0.947744727 1.227863312 -0.100508951 0.993276536 0.057443049 -14.266714096 0.946307003 0.077607587 0.313815385 126.275573730
0.265726894 0.087355040 -0.960082471 0.714273453 -0.105243616 0.992562711 0.061181497 -14.282933235 0.958286405 0.084784985 0.272944123 126.378295898
0.226795912 0.083666697 -0.970341861 0.187223434 -0.105476998 0.992553473 0.060928952 -14.297097206 0.968213916 0.088530324 0.233931988 126.471611023
0.191626400 0.078826219 -0.978297353 -0.351026535 -0.100157641 0.993136406 0.060403261 -14.318736076 0.976344109 0.086409092 0.198206171 126.566482544
0.161288232 0.073951364 -0.984132707 -0.903511047 -0.097931914 0.993466198 0.058602765 -14.340619087 0.982036293 0.086926073 0.167476624 126.645629883
0.134634838 0.072376728 -0.988248527 -1.466957092 -0.098661952 0.993352115 0.059309196 -14.361006737 0.985971272 0.089517437 0.140880615 126.716369629
0.112827808 0.071737938 -0.991021454 -2.052500725 -0.099773034 0.993167222 0.060534086 -14.376131058 0.988592505 0.092047289 0.119214356 126.776397705
0.094315149 0.072963282 -0.992865026 -2.659280777 -0.101738535 0.992795706 0.063293733 -14.388692856 0.990330160 0.095043086 0.101058841 126.827217102
0.078415222 0.071451217 -0.994356930 -3.266591072 -0.102919661 0.992678881 0.063214377 -14.415690422 0.991593897 0.097381912 0.085194901 126.873237610
0.064529054 0.070393689 -0.995429933 -3.905391693 -0.101607628 0.992788196 0.063620113 -14.443143845 0.992729545 0.097037926 0.071216218 126.925361633
0.052014619 0.067818873 -0.996340871 -4.536836624 -0.097647324 0.993255973 0.062511131 -14.465238571 0.993860900 0.094038531 0.058286183 126.975158691
0.039963134 0.065139957 -0.997075558 -5.186998844 -0.095285296 0.993573606 0.061092101 -14.482053757 0.994647503 0.092565194 0.045913190 127.015632629
0.029420462 0.065020420 -0.997450233 -5.850527287 -0.095339090 0.993515253 0.061951838 -14.502884865 0.995009959 0.093273334 0.035428673 127.042716980
0.019898633 0.066558905 -0.997584045 -6.535363197 -0.099143267 0.992995143 0.064275138 -14.531257629 0.994874179 0.097624741 0.026358105 127.067153931
0.011675560 0.065544739 -0.997781336 -7.216495991 -0.101400472 0.992783070 0.064029865 -14.548711777 0.994777143 0.100427911 0.018237568 127.084114075
0.005121946 0.065201677 -0.997858942 -7.901917458 -0.104161695 0.992478549 0.064315453 -14.572110176 0.994547129 0.103609256 0.011874944 127.099670410
-0.000575840 0.066413030 -0.997792065 -8.610448837 -0.104359858 0.992339909 0.066110365 -14.593159676 0.994539440 0.104167506 0.006359427 127.122184753
-0.003980107 0.068767048 -0.997624815 -9.319111824 -0.106691569 0.991909146 0.068798721 -14.610499382 0.994284272 0.106711991 0.003388959 127.141502380
-0.004849068 0.072251923 -0.997374594 -10.033518791 -0.108682424 0.991440177 0.072350413 -14.631937027 0.994064748 0.108747929 0.003044954 127.152763367
-0.006176598 0.075961113 -0.997091651 -10.778767586 -0.110738046 0.990925848 0.076177366 -14.652507782 0.993830442 0.110886499 0.002291234 127.170326233
-0.007017108 0.081297889 -0.996665180 -11.517000198 -0.115291722 0.989977360 0.081564084 -14.657434464 0.993306875 0.115479596 0.002426194 127.182418823
-0.008061103 0.084808819 -0.996364594 -12.260500908 -0.118250117 0.989324868 0.085166313 -14.666975021 0.992951095 0.118506782 0.002053604 127.189331055
-0.009653472 0.085708112 -0.996273518 -13.016674042 -0.118331194 0.989221394 0.086248010 -14.689841270 0.992927253 0.118722819 0.000592523 127.209907532
-0.011230508 0.082789958 -0.996503711 -13.760186195 -0.115857989 0.989746869 0.083534308 -14.708351135 0.993202329 0.116391055 -0.001523482 127.232460022
-0.012980781 0.079188466 -0.996775150 -14.522137642 -0.119668208 0.989571393 0.080174588 -14.711901665 0.992729068 0.120323025 -0.003369068 127.244934082
-0.013756559 0.080836125 -0.996632457 -15.286586761 -0.124872223 0.988784790 0.081923239 -14.722312927 0.992077470 0.125578687 -0.003508092 127.245162964
-0.015652847 0.084513895 -0.996299386 -16.054998398 -0.121921122 0.988824785 0.085795335 -14.736650467 0.992416382 0.122812882 -0.005173894 127.262954712
-0.017690508 0.084572159 -0.996260285 -16.829584122 -0.120675832 0.988951504 0.086094551 -14.752674103 0.992534280 0.121747583 -0.007289240 127.277053833
-0.018845659 0.083697349 -0.996312976 -17.627355576 -0.123852827 0.988619447 0.085393757 -14.764712334 0.992121637 0.125005469 -0.008265032 127.277053833
-0.019334484 0.083460651 -0.996323466 -18.414608002 -0.128532544 0.988033414 0.085260481 -14.769434929 0.991516769 0.129708439 -0.008375707 127.275871277
-0.020348828 0.087947227 -0.995917261 -19.218103409 -0.130523175 0.987364769 0.089858845 -14.775700569 0.991236389 0.131818786 -0.008612564 127.278930664
-0.021095412 0.092255324 -0.995511830 -20.031900406 -0.128963336 0.987163663 0.094214477 -14.783127785 0.991424918 0.130372018 -0.008927068 127.294479370
-0.020598259 0.094645001 -0.995297968 -20.850963593 -0.130314156 0.986762404 0.096530259 -14.794672966 0.991258740 0.131689757 -0.007992006 127.314399719
-0.019036928 0.093578100 -0.995429933 -21.669931412 -0.129717574 0.986964226 0.095263027 -14.800915718 0.991368175 0.130938292 -0.006650043 127.328674316
-0.017678473 0.093490437 -0.995463252 -22.500284195 -0.129774153 0.986982286 0.094998591 -14.802812576 0.991385937 0.130864844 -0.005315697 127.337821960
-0.017325478 0.092445493 -0.995567024 -23.331964493 -0.128463075 0.987257957 0.093909532 -14.806703568 0.991562963 0.129520625 -0.005228883 127.358032227
-0.016652139 0.094416298 -0.995393515 -24.170707703 -0.129333198 0.986964583 0.095780425 -14.811855316 0.991461337 0.130332410 -0.004223908 127.378623962
-0.016034056 0.096531346 -0.995200872 -25.009338379 -0.131033063 0.986541927 0.097802579 -14.812639236 0.991248369 0.131972387 -0.003169470 127.394851685
-0.015858499 0.098875545 -0.994973540 -25.875411987 -0.133683309 0.985954762 0.100110054 -14.810735703 0.990897119 0.134598985 -0.002417754 127.409866333
-0.014280207 0.100019589 -0.994883001 -26.739509583 -0.135922581 0.985554397 0.101032741 -14.806999207 0.990616560 0.136669829 -0.000478999 127.422340393
-0.012723054 0.103162922 -0.994583011 -27.609027863 -0.142565161 0.984314740 0.103921585 -14.806324005 0.989703536 0.143115103 0.002183951 127.439819336
-0.010335977 0.106954604 -0.994210184 -28.490419388 -0.147517785 0.983221173 0.107306041 -14.799096107 0.989005387 0.147772759 0.005615154 127.453186035
-0.008236623 0.108675204 -0.994043231 -29.365573883 -0.149898410 0.982710302 0.108678274 -14.792022705 0.988667071 0.149900630 0.008196026 127.483764648
-0.004103838 0.109426796 -0.993986368 -30.268745422 -0.148957923 0.982838213 0.108814515 -14.789596558 0.988835037 0.148508713 0.012266583 127.501663208
-0.001394374 0.109320484 -0.994005561 -31.160749435 -0.151525140 0.982506096 0.108268321 -14.781594276 0.988452494 0.150767773 0.015194820 127.530364990
0.000924817 0.113236614 -0.993567526 -32.062736511 -0.152128384 0.982019544 0.111778878 -14.773335457 0.988360286 0.151046440 0.018134687 127.563392639
0.003295969 0.115346573 -0.993319869 -32.982452393 -0.151065022 0.981982946 0.113528855 -14.770655632 0.988518357 0.149681702 0.020661417 127.605079651
0.005057747 0.116723098 -0.993151665 -33.875595093 -0.151798874 0.981744230 0.114609361 -14.766403198 0.988398552 0.150179610 0.022683846 127.646553040
0.007536382 0.114884526 -0.993350267 -34.778301239 -0.153114900 0.981796801 0.112386666 -14.758563042 0.988179684 0.151249737 0.024989728 127.679176331
0.007878460 0.116050988 -0.993212104 -35.687755585 -0.157413587 0.981002986 0.113375798 -14.747230530 0.987501323 0.155451804 0.025996802 127.720680237
0.008925429 0.116654232 -0.993132472 -36.580890656 -0.158258960 0.980819464 0.113785654 -14.741299629 0.987357318 0.156156480 0.027215809 127.758674622
0.009216027 0.113231622 -0.993525863 -37.477916718 -0.158528864 0.981168091 0.110352702 -14.738212585 0.987311244 0.156485513 0.026992956 127.794487000
0.010192882 0.109144285 -0.993973672 -38.386997223 -0.159982592 0.981398880 0.106122904 -14.737770081 0.987067223 0.157936782 0.027464462 127.839378357
0.010632400 0.108326972 -0.994058549 -39.283340454 -0.159568146 0.981559277 0.105258152 -14.731019020 0.987129748 0.157500938 0.027721863 127.883110046
0.010507709 0.112449437 -0.993601859 -40.188270569 -0.162069410 0.980709970 0.109276459 -14.724573135 0.986723423 0.159884244 0.028529625 127.922592163
0.010734307 0.118700311 -0.992872119 -41.128746033 -0.162667304 0.979910195 0.115392029 -14.711672783 0.986622512 0.160269171 0.029827319 127.963966370
0.010756125 0.117413186 -0.993024945 -42.023097992 -0.160458103 0.980415702 0.114184290 -14.710880280 0.986984074 0.158110723 0.029385379 128.011917114
0.011728544 0.107201084 -0.994168222 -42.913314819 -0.159642756 0.981684327 0.103971593 -14.717329025 0.987105191 0.157492325 0.028627604 128.054504395
0.012103470 0.096578240 -0.995251775 -43.836750031 -0.161458120 0.982452452 0.093372673 -14.718458176 0.986805320 0.159561321 0.027484426 128.096939087
0.011074931 0.093661338 -0.995542467 -44.739452362 -0.158347309 0.983205318 0.090739094 -14.725689888 0.987321317 0.156636566 0.025719952 128.143280029
0.011028904 0.103417017 -0.994576931 -45.659618378 -0.150943801 0.983412027 0.100582242 -14.724373817 0.988480806 0.149015918 0.026456114 128.192855835
0.010924101 0.116746575 -0.993101656 -46.605857849 -0.145937815 0.982712746 0.113919973 -14.723470688 0.989233434 0.143686607 0.027772995 128.253479004
0.011171206 0.125767529 -0.991996884 -47.528167725 -0.146177098 0.981606603 0.122804068 -14.712821007 0.989195287 0.143635347 0.029350063 128.299041748
0.010917596 0.119939975 -0.992721200 -48.445678711 -0.145976111 0.982335627 0.117079817 -14.704387665 0.989227891 0.143635347 0.028233115 128.340682983
0.011082752 0.106744088 -0.994224727 -49.370132446 -0.146380395 0.983747602 0.103987493 -14.707567215 0.989166319 0.144382522 0.026527869 128.381347656
0.011699293 0.097814016 -0.995135963 -50.286003113 -0.146927088 0.984570086 0.095048137 -14.705553055 0.989078164 0.145100430 0.025890306 128.426437378
0.012159187 0.097782522 -0.995133519 -51.221260071 -0.145703182 0.984758198 0.094982751 -14.709722519 0.989253640 0.143839210 0.026221087 128.470550537
0.011392269 0.099472687 -0.994975150 -52.150329590 -0.148649767 0.984151661 0.096688606 -14.726490021 0.988824308 0.146801308 0.025998317 128.512145996
0.012166826 0.098776169 -0.995035291 -53.110916138 -0.153935328 0.983431458 0.095742024 -14.727272987 0.988005996 0.152006209 0.027170384 128.548461914
0.012593579 0.098268300 -0.995080292 -54.042575836 -0.155468389 0.983249426 0.095132351 -14.726995468 0.987760484 0.153505504 0.027660243 128.592468262
0.013637511 0.105434388 -0.994332671 -54.988986969 -0.164764032 0.981068790 0.101768166 -14.719696045 0.986238658 0.162442431 0.030751130 128.625503540
0.015532292 0.115222298 -0.993218243 -55.930984497 -0.170420080 0.979108632 0.110920355 -14.715513229 0.985249043 0.167541504 0.034843989 128.659454346
0.015991127 0.123238556 -0.992248178 -56.907531738 -0.170548275 0.978168726 0.118741244 -14.710864067 0.985219538 0.167327434 0.036660135 128.726348877
0.016989548 0.124048226 -0.992130637 -57.849498749 -0.171893433 0.977862537 0.119320698 -14.700632095 0.984969020 0.168513522 0.037936516 128.772323608
0.018202940 0.114333220 -0.993275642 -58.787406921 -0.173531592 0.978724301 0.109478079 -14.695045471 0.984660149 0.170371875 0.037656084 128.825836182
0.019458802 0.109492794 -0.993797064 -59.731952667 -0.172004297 0.979532063 0.104553230 -14.692138672 0.984903991 0.168902874 0.037893753 128.880294800
0.021317400 0.107952788 -0.993927360 -60.680995941 -0.170650482 0.979956925 0.102775365 -14.695762634 0.985101044 0.167423278 0.039312329 128.941085815
0.024904732 0.113836609 -0.993187308 -61.674171448 -0.172338620 0.979110122 0.107901633 -14.690370560 0.984722853 0.168477267 0.044002913 128.998641968
0.028526533 0.115916573 -0.992849231 -62.634948730 -0.175108194 0.978473783 0.109207019 -14.688127518 0.984135866 0.170740724 0.048210409 129.053726196
0.032772008 0.110690720 -0.993314326 -63.583328247 -0.174491376 0.979218483 0.103363015 -14.687425613 0.984113216 0.169937402 0.051405527 129.114837646
0.035643868 0.105231121 -0.993808806 -64.543426514 -0.174540967 0.979811907 0.097488962 -14.693368912 0.984004438 0.169985458 0.053291433 129.181823730
0.038845573 0.104998454 -0.993713439 -65.505455017 -0.171842411 0.980350196 0.096868925 -14.694396973 0.984358191 0.166999161 0.056125455 129.259246826
0.041732572 0.109544218 -0.993105471 -66.489883423 -0.169820160 0.980286360 0.100993961 -14.706237793 0.984590948 0.164434597 0.059512682 129.337707520
0.045152307 0.116427638 -0.992172241 -67.448875427 -0.169255957 0.979717731 0.107263558 -14.706764221 0.984537363 0.163087860 0.063942589 129.417312622
0.047546953 0.120417550 -0.991584063 -68.413810730 -0.166930556 0.979703963 0.110970423 -14.710971832 0.984821558 0.160249382 0.066683300 129.504974365
0.049666170 0.122173503 -0.991265357 -69.394706726 -0.166701689 0.979582131 0.112381153 -14.709314346 0.984755695 0.159664065 0.069018617 129.585815430
0.051999085 0.119329199 -0.991492152 -70.342529297 -0.165157348 0.980191290 0.109307386 -14.705410957 0.984895527 0.158068359 0.070677131 129.664245605
0.052586500 0.117936991 -0.991627753 -71.289932251 -0.163188338 0.980668187 0.107979596 -14.707683563 0.985192537 0.156143829 0.070815854 129.752731323
0.053024743 0.114408605 -0.992017627 -72.232604980 -0.160094365 0.981539428 0.104642890 -14.714082718 0.985676527 0.153267786 0.070362054 129.844299316
0.052677438 0.114070393 -0.992075086 -73.221008301 -0.158497497 0.981816471 0.104474895 -14.704802513 0.985953152 0.151737973 0.069799446 129.928909302
0.052348293 0.118824914 -0.991534293 -74.173950195 -0.155225545 0.981795788 0.109462671 -14.704846382 0.986491024 0.148181275 0.069839999 130.015899658
0.051816788 0.120585240 -0.991349697 -75.138763428 -0.149212241 0.982475221 0.111706600 -14.707146645 0.987446547 0.142133236 0.068901509 130.113372803
0.050990742 0.116066650 -0.991931617 -76.099525452 -0.146411866 0.983361244 0.107537441 -14.695177078 0.987908602 0.139747143 0.067135848 130.197189331
0.049680561 0.112599544 -0.992397666 -77.043922424 -0.148386523 0.983429372 0.104153581 -14.695812225 0.987680852 0.142084047 0.065565571 130.276138306
0.048531130 0.109854981 -0.992762148 -77.992767334 -0.144818306 0.984204531 0.101828597 -14.696721077 0.988267303 0.138828263 0.063673571 130.358840942
0.047056414 0.110873640 -0.992719889 -78.957748413 -0.145056814 0.984044552 0.103028819 -14.698537827 0.988303661 0.139152631 0.062388569 130.431472778
0.046003617 0.111259632 -0.992725968 -79.908988953 -0.146034285 0.983850718 0.103497609 -14.692442894 0.988209307 0.140210748 0.061508417 130.509750366
0.044805426 0.111622222 -0.992740154 -80.864654541 -0.147731304 0.983552635 0.103921622 -14.692893982 0.988012075 0.142002568 0.060558591 130.581253052
0.043406315 0.112308539 -0.992724836 -81.812728882 -0.147382393 0.983509481 0.104821756 -14.692353249 0.988126636 0.141760275 0.059242830 130.651062012
0.041340295 0.113028094 -0.992731392 -82.777793884 -0.147361428 0.983404636 0.105829611 -14.695273399 0.988218307 0.141915336 0.057310227 130.722366333
0.039295856 0.114880875 -0.992601752 -83.730377197 -0.147326723 0.983178616 0.107957773 -14.682140350 0.988306999 0.141994476 0.055559851 130.801040649
0.037858769 0.118548520 -0.992226303 -84.684265137 -0.148675919 0.982554853 0.111720219 -14.672421455 0.988161027 0.143290564 0.054823630 130.860046387
0.035020370 0.123658322 -0.991706729 -85.630203247 -0.149554640 0.981789947 0.117140539 -14.663328171 0.988133073 0.144212037 0.052876316 130.932754517
0.033229839 0.123360969 -0.991805315 -86.574630737 -0.149491310 0.981803477 0.117108323 -14.656484604 0.988204479 0.144374803 0.051066566 130.996078491
0.031918641 0.118828334 -0.992401719 -87.520652771 -0.150061801 0.982222795 0.112783082 -14.655162811 0.988161206 0.145321712 0.049182810 131.055358887
0.030070698 0.113261178 -0.993110120 -88.468849182 -0.153931469 0.982231617 0.107359581 -14.633526802 0.987623811 0.149642497 0.046970841 131.109634399
0.028903555 0.111143805 -0.993383884 -89.411407471 -0.151816592 0.982758105 0.105537690 -14.629567146 0.987986028 0.147761732 0.045278680 131.174957275
0.028638495 0.112045892 -0.993290365 -90.381011963 -0.146967918 0.983370721 0.106689557 -14.626486778 0.988726616 0.142926380 0.044629406 131.223846436
0.028085757 0.113320261 -0.993161440 -91.329971313 -0.144109383 0.983633220 0.108157806 -14.623435020 0.989163220 0.140086159 0.043956589 131.285156250
0.026839172 0.113251798 -0.993203759 -92.275955200 -0.138709709 0.984371960 0.108496420 -14.626065254 0.989969313 0.134855047 0.042128846 131.352081299
0.025353214 0.110383533 -0.993565738 -93.216384888 -0.134565219 0.985216498 0.106022187 -14.627943993 0.990580380 0.131011382 0.039832182 131.418441772
0.024809662 0.106959574 -0.993953884 -94.163742065 -0.129651174 0.986207008 0.102889769 -14.627952576 0.991249144 0.126314595 0.038334895 131.479614258
0.022954918 0.109900884 -0.993677557 -95.148490906 -0.127695620 0.986120403 0.106115192 -14.630627632 0.991547644 0.124452412 0.036670174 131.538070679
0.021600299 0.112202935 -0.993450522 -96.096694946 -0.127096996 0.985928297 0.108589903 -14.626898766 0.991655052 0.123919003 0.035557002 131.594848633
0.020236265 0.109971158 -0.993728757 -97.054313660 -0.123003356 0.986655414 0.106683537 -14.620360374 0.992199898 0.120073110 0.033493035 131.646072388
0.018080074 0.107227996 -0.994070113 -98.004318237 -0.120031960 0.987274766 0.104311869 -14.623323441 0.992605329 0.117434211 0.030720791 131.696762085
0.014667769 0.104533345 -0.994413137 -98.971748352 -0.118901044 0.987645984 0.102068171 -14.615931511 0.992797792 0.116739668 0.026915686 131.746948242
0.011944742 0.103710160 -0.994535804 -99.925819397 -0.113358207 0.988335311 0.101702087 -14.624279976 0.993482411 0.111523986 0.023561800 131.796951294
0.009932438 0.103856474 -0.994542658 -100.885253906 -0.106496155 0.989044845 0.102218799 -14.618259430 0.994263530 0.104899675 0.020883940 131.838043213
0.007471196 0.111529112 -0.993733108 -101.849212646 -0.096666999 0.989187241 0.110292122 -14.615153313 0.995288849 0.095237166 0.018171595 131.900177002
0.005017058 0.119606607 -0.992808759 -102.805900574 -0.088619679 0.988968074 0.118696064 -14.609369278 0.996052921 0.087386876 0.015561209 131.953933716
0.002024676 0.119276069 -0.992859125 -103.760574341 -0.084427580 0.989336610 0.118680730 -14.602684975 0.996427596 0.083584405 0.012073278 132.000793457
-0.000619234 0.109264441 -0.994012475 -104.712570190 -0.085518755 0.990365446 0.108916812 -14.603752136 0.996336281 0.085074149 0.008730889 132.033142090
-0.002708984 0.100025676 -0.994981229 -105.660072327 -0.087432817 0.991150677 0.099878661 -14.601177216 0.996166766 0.087264560 0.006060515 132.069793701
-0.003280153 0.101219513 -0.994858682 -106.618545532 -0.094516203 0.990378976 0.101075344 -14.599492073 0.995517910 0.094361827 0.006318289 132.091964722
-0.003908600 0.110818394 -0.993833125 -107.583328247 -0.098169766 0.988997519 0.110665284 -14.589134216 0.995161951 0.097996920 0.007013419 132.124740601
-0.005469271 0.121966757 -0.992519200 -108.546569824 -0.101974986 0.987291634 0.121886313 -14.573969841 0.994771957 0.101878747 0.007037791 132.154449463
-0.006944883 0.123838156 -0.992278159 -109.491210938 -0.108953103 0.986300707 0.123854734 -14.562500954 0.994022608 0.108971931 0.006642807 132.184082031
-0.006625946 0.120623499 -0.992676139 -110.472381592 -0.116182797 0.985882163 0.120573439 -14.540987968 0.993205726 0.116130792 0.007481975 132.203186035
-0.006934079 0.116469264 -0.993170083 -111.426483154 -0.124209121 0.985402107 0.116425522 -14.525568008 0.992231786 0.124168076 0.007633692 132.228073120
-0.004448318 0.118418053 -0.992953837 -112.395713806 -0.128833234 0.984620571 0.118001394 -14.504356384 0.991656303 0.128450379 0.010876276 132.248764038
-0.003120154 0.119772486 -0.992796481 -113.373161316 -0.137124315 0.983371794 0.119066440 -14.485299110 0.990549028 0.136508077 0.013355448 132.274414062
-0.002685838 0.122525752 -0.992461741 -114.336494446 -0.146335602 0.981733143 0.121597268 -14.467441559 0.989231408 0.145559072 0.015293103 132.296096802
-0.002409419 0.124569982 -0.992207825 -115.311813354 -0.151660115 0.980687976 0.123491943 -14.443880081 0.988429725 0.150775924 0.016529409 132.323104858
-0.001992109 0.124110065 -0.992266476 -116.284667969 -0.155850068 0.980105042 0.122901857 -14.432317734 0.987778723 0.154889688 0.017390089 132.361358643
-0.000557803 0.114663206 -0.993404269 -117.239273071 -0.154802158 0.981419444 0.113366812 -14.433673859 0.987945378 0.153844312 0.017202673 132.395385742
0.000810895 0.102977790 -0.994683325 -118.190231323 -0.158000022 0.982202709 0.101556875 -14.421929359 0.987438798 0.157077610 0.017066959 132.432983398
