1.000000000 0.000000000 0.000000000 0.000000000 0.000000000 1.000000000 0.000000000 0.000000000 0.000000000 0.000000000 1.000000000 0.000000000
0.999997854 -0.001575782 -0.001361878 0.049879164 0.001572938 0.999996603 -0.002087190 -0.132659122 0.001365162 0.002085043 0.999996901 1.297448039
0.999997556 0.000035101 -0.002186498 0.105539806 -0.000049028 0.999979734 -0.006369576 -0.267759413 0.002186229 0.006369668 0.999977350 2.607047081
0.999995947 0.002485198 -0.001353997 0.148532555 -0.002495859 0.999965429 -0.007930315 -0.405885965 0.001334242 0.007933663 0.999967575 3.911381006
0.999983191 0.005788452 0.000247964 0.192531779 -0.005786678 0.999961138 -0.006644651 -0.545188844 -0.000286416 0.006643103 0.999977827 5.223252296
0.999974787 0.006654501 0.002468300 0.241236508 -0.006646319 0.999972463 -0.003308123 -0.689556420 -0.002490246 0.003291635 0.999991417 6.541484356
0.999959409 0.006911506 0.005779041 0.297878712 -0.006900207 0.999974251 -0.001972963 -0.826444387 -0.005792528 0.001933007 0.999981344 7.844203472
0.999944210 0.005376193 0.009091630 0.354478478 -0.005358835 0.999983788 -0.001932490 -0.961019754 -0.009101871 0.001883661 0.999956787 9.154401779
0.999914825 0.004001269 0.012417868 0.432179749 -0.003978188 0.999990284 -0.001882849 -1.097756028 -0.012425283 0.001833288 0.999921143 10.453762054
0.999871016 0.002807494 0.015810458 0.497179389 -0.002767656 0.999992967 -0.002541068 -1.236985207 -0.015817482 0.002496982 0.999871790 11.765172005
0.999810994 0.001861546 0.019350773 0.572174966 -0.001799891 0.999993265 -0.003203094 -1.377341390 -0.019356607 0.003167660 0.999807596 13.058759689
0.999744713 0.001582273 0.022535075 0.643424988 -0.001509218 0.999993503 -0.003258442 -1.522850156 -0.022540083 0.003223600 0.999740660 14.380348206
0.999664366 0.001449481 0.025864119 0.729216576 -0.001338921 0.999989986 -0.004291437 -1.660614133 -0.025870077 0.004255367 0.999656200 15.676356316
0.999572575 0.002248556 0.029145502 0.808582306 -0.002122077 0.999988198 -0.004369759 -1.799605012 -0.029154984 0.004306043 0.999565542 16.987659454
0.999475658 0.001906289 0.032322813 0.898791194 -0.001781553 0.999990940 -0.003887416 -1.939429522 -0.032329928 0.003827793 0.999469936 18.274003983
0.999407172 0.000171762 0.034426063 0.998050690 -0.000043133 0.999993026 -0.003737104 -2.081145048 -0.034426451 0.003733404 0.999400377 19.576034546
0.999341309 -0.002328329 0.036214061 1.092807293 0.002510600 0.999984443 -0.004988487 -2.221947432 -0.036201876 0.005076121 0.999331594 20.853414536
0.999300361 -0.002020486 0.037345637 1.191926718 0.002269121 0.999975562 -0.006616492 -2.366388321 -0.037331350 0.006696605 0.999280453 22.162414551
0.999258637 -0.002061187 0.038443886 1.279383063 0.002421108 0.999953687 -0.009318019 -2.507328510 -0.038422901 0.009404188 0.999217272 23.445281982
0.999220908 -0.001487542 0.039437395 1.379941940 0.001917791 0.999939024 -0.010874057 -2.651861668 -0.039418820 0.010941219 0.999162793 24.738517761
0.999171495 -0.000797503 0.040690579 1.478854775 0.001265199 0.999933362 -0.011469526 -2.798545599 -0.040678717 0.011511503 0.999105990 26.007797241
0.999154329 -0.002474372 0.041042786 1.581276417 0.002901872 0.999942124 -0.010359661 -2.946960449 -0.041014776 0.010469999 0.999103665 27.289859772
0.999159753 -0.005576437 0.040603556 1.691153288 0.005955161 0.999939859 -0.009212416 -3.092138529 -0.040549744 0.009446478 0.999132812 28.566091537
0.999179006 -0.006957447 0.039909359 1.785489559 0.007344940 0.999927163 -0.009570935 -3.241185427 -0.039839856 0.009856210 0.999157608 29.855195999
0.999197066 -0.008664877 0.039116584 1.891430855 0.009143761 0.999885201 -0.012080253 -3.387306452 -0.039007425 0.012428230 0.999161601 31.124055862
0.999227166 -0.008639792 0.038345397 1.999198437 0.009114249 0.999883771 -0.012215741 -3.536683559 -0.038235400 0.012555787 0.999189854 32.403160095
0.999239206 -0.009183190 0.037903655 2.094552517 0.009670966 0.999872446 -0.012705550 -3.679309845 -0.037782144 0.013062448 0.999200583 33.667079926
0.999258757 -0.009898423 0.037201338 2.193460464 0.010379067 0.999864876 -0.012749223 -3.823283195 -0.037070114 0.013125886 0.999226451 34.937816620
0.999272823 -0.010454715 0.036665674 2.287545681 0.010950209 0.999851048 -0.013339109 -3.967471361 -0.036520761 0.013730906 0.999238551 36.198547363
0.999319136 -0.010987713 0.035221092 2.407009602 0.011465820 0.999844432 -0.013401323 -4.125513554 -0.035068370 0.013796038 0.999289632 37.485622406
0.999321759 -0.010682223 0.035238698 2.500905752 0.011095302 0.999871731 -0.011547618 -4.272157669 -0.035110824 0.011930772 0.999312222 38.743259430
0.999282897 -0.010689051 0.036323871 2.599761963 0.011081690 0.999882162 -0.010625268 -4.409640312 -0.036206014 0.011020179 0.999283612 40.011268616
0.999205887 -0.012458455 0.037846003 2.712504625 0.012811545 0.999876559 -0.009101515 -4.550158978 -0.037727937 0.009579156 0.999242127 41.259471893
0.999088168 -0.013627140 0.040460132 2.802657366 0.014045774 0.999850452 -0.010080630 -4.700370789 -0.040316708 0.010639732 0.999130309 42.523231506
0.998960435 -0.014748488 0.043133594 2.895476103 0.015330265 0.999795437 -0.013188230 -4.850629330 -0.042930264 0.013835769 0.998982251 43.775104523
0.998856604 -0.015961125 0.045063876 3.001008511 0.016620135 0.999759793 -0.014287311 -4.997531891 -0.044825010 0.015019942 0.998881936 45.040813446
0.998729765 -0.016330466 0.047669403 3.124558687 0.016968511 0.999771357 -0.013010939 -5.133086205 -0.047446024 0.013803289 0.998778403 46.275051117
0.998520136 -0.017322926 0.051550116 3.229526520 0.017844716 0.999794066 -0.009678943 -5.288940907 -0.051371828 0.010584518 0.998623431 47.549015045
0.998262227 -0.020352131 0.055300940 3.348190784 0.020808108 0.999754012 -0.007682038 -5.427451611 -0.055130981 0.008819397 0.998440087 48.781097412
0.998017430 -0.022420716 0.058809604 3.482967377 0.022939891 0.999703467 -0.008167717 -5.564904690 -0.058609035 0.009500608 0.998235762 50.041751862
0.997751653 -0.025675489 0.061907429 3.627360106 0.026465120 0.999578118 -0.011968832 -5.698429108 -0.061574001 0.013580307 0.998010099 51.268009186
0.997461736 -0.026955619 0.065904193 3.760259628 0.027817203 0.999538660 -0.012190606 -5.833291054 -0.065545179 0.013992933 0.997751474 52.506317139
0.997123837 -0.029409889 0.069850452 3.893700123 0.030136500 0.999501824 -0.009371199 -5.978707790 -0.069540054 0.011449294 0.997513413 53.724594116
0.996834278 -0.032212328 0.072689787 4.052035332 0.032767460 0.999442160 -0.006457154 -6.103502274 -0.072441235 0.008818571 0.997333765 54.923347473
0.996568978 -0.034478843 0.075243190 4.184743404 0.034937564 0.999378026 -0.004788384 -6.241255760 -0.075031281 0.007400770 0.997153819 56.181728363
0.996397018 -0.037604049 0.076018736 4.342166424 0.037799653 0.999284685 -0.001135418 -6.371118069 -0.075921647 0.004004809 0.997105718 57.384197235
0.996209443 -0.040372800 0.077050105 4.486431122 0.040506411 0.999179244 -0.000171382 -6.494820118 -0.076979928 0.003291755 0.997027218 58.615840912
0.996170163 -0.042270623 0.076540165 4.637010098 0.042671923 0.999082565 -0.003614487 -6.617056847 -0.076317154 0.006866760 0.997060001 59.812461853
0.996189952 -0.043591861 0.075533532 4.787475109 0.044308633 0.998987138 -0.007838979 -6.748759270 -0.075115308 0.011155900 0.997112453 61.017177582
0.996200681 -0.044892870 0.074625708 4.923779011 0.045884948 0.998879015 -0.011632212 -6.878961086 -0.074019857 0.015012213 0.997143745 62.197402954
0.996198475 -0.047116004 0.073270075 5.061570644 0.048282586 0.998732328 -0.014231983 -7.012635708 -0.072506651 0.017715551 0.997210503 63.411663055
0.996329963 -0.047176372 0.071421087 5.197539330 0.048305698 0.998732150 -0.014167503 -7.147840500 -0.070662156 0.017565550 0.997345567 64.588760376
0.996581614 -0.046409421 0.068345882 5.331746101 0.047450975 0.998779655 -0.013694884 -7.289813519 -0.067626908 0.016891152 0.997567654 65.806838989
0.996822655 -0.045728415 0.065218598 5.455031395 0.046604637 0.998841643 -0.011976987 -7.419773102 -0.064595371 0.014978424 0.997799158 66.979965210
0.997232497 -0.041782353 0.061494410 5.576609612 0.042350728 0.999071062 -0.007967914 -7.555228233 -0.061104372 0.010550197 0.998075604 68.164039612
0.997513115 -0.039814793 0.058157071 5.694337845 0.040206537 0.999175906 -0.005580999 -7.683154106 -0.057886947 0.007905414 0.998291790 69.344917297
0.997739196 -0.038687393 0.054951061 5.803238869 0.039231107 0.999191046 -0.008850031 -7.816933632 -0.054564219 0.010985813 0.998449802 70.512123108
0.997906744 -0.039258152 0.051390022 5.922038078 0.040119153 0.999069512 -0.015831036 -7.950253963 -0.050720710 0.017859621 0.998553157 71.696792603
0.997888327 -0.043226700 0.048479613 6.024971008 0.044172667 0.998850584 -0.018613655 -8.088059425 -0.047619268 0.020715820 0.998650670 72.865165710
0.997936785 -0.047149789 0.043578856 6.141388893 0.047794435 0.998760879 -0.013870435 -8.223194122 -0.042870879 0.015924644 0.998953700 74.031700134
0.997929275 -0.050903689 0.039318707 6.244412899 0.051288903 0.998644650 -0.008850774 -8.351730347 -0.038814887 0.010849060 0.999187469 75.192436218
0.997984827 -0.053001922 0.034886938 6.339001656 0.053243369 0.998563349 -0.006027746 -8.480235100 -0.034517340 0.007873097 0.999373019 76.373428345
0.998155415 -0.052339688 0.030762639 6.428927422 0.052472778 0.998616159 -0.003534764 -8.606723785 -0.030535063 0.005142447 0.999520421 77.533020020
0.998304009 -0.051654011 0.026853841 6.522234440 0.051765110 0.998653352 -0.003458038 -8.725447655 -0.026639052 0.004842265 0.999633372 78.691795349
0.998430550 -0.050689083 0.023813082 6.591970444 0.050825942 0.998694122 -0.005177460 -8.856736183 -0.023519546 0.006379657 0.999703050 79.866966248
0.998616576 -0.048391499 0.020572435 6.666530609 0.048605904 0.998767436 -0.010052578 -8.986461639 -0.020060616 0.011038613 0.999737859 81.009841919
0.998529315 -0.051614191 0.016588509 6.751394272 0.051856000 0.998549402 -0.014493341 -9.130323410 -0.015816381 0.015332240 0.999757349 82.172790527
0.998377740 -0.055186704 0.014008029 6.812840462 0.055402320 0.998343766 -0.015501507 -9.261240959 -0.013129347 0.016252438 0.999781728 83.303344727
0.998407185 -0.055469934 0.010296000 6.878662586 0.055595763 0.998376787 -0.012366428 -9.387998581 -0.009593321 0.012919146 0.999870539 84.463348389
0.998407245 -0.055887237 0.007717706 6.938987732 0.055961765 0.998384833 -0.009804622 -9.514914513 -0.007157286 0.010220903 0.999922156 85.594200134
0.998542666 -0.053507376 0.007029890 6.991121769 0.053587858 0.998493373 -0.011808015 -9.641683578 -0.006387482 0.012167524 0.999905586 86.736808777
0.998727202 -0.050105773 0.005774450 7.048953533 0.050185595 0.998632848 -0.014624861 -9.776292801 -0.005033765 0.014896042 0.999876320 87.865982056
0.998787224 -0.049027126 0.004507561 7.101865768 0.049096990 0.998649836 -0.016976219 -9.907955170 -0.003669179 0.017176937 0.999845743 88.984237671
0.998745203 -0.049934275 0.003826705 7.154811859 0.049993396 0.998599172 -0.017338324 -10.042880058 -0.002955567 0.017507879 0.999842346 90.101097107
0.998708844 -0.050688110 0.003367214 7.195552826 0.050733462 0.998597682 -0.015124185 -10.177524567 -0.002595876 0.015275485 0.999879956 91.216293335
0.998615384 -0.052565385 0.002040667 7.256556988 0.052586351 0.998542726 -0.012131113 -10.304362297 -0.001400017 0.012221631 0.999924302 92.325965881
0.998626590 -0.052349675 0.002099585 7.306090355 0.052371103 0.998556256 -0.011940516 -10.426759720 -0.001471471 0.012034079 0.999926507 93.463607788
0.998613954 -0.052593801 0.002024164 7.348731995 0.052616455 0.998522937 -0.013544638 -10.565424919 -0.001308810 0.013632369 0.999906182 94.603576660
0.998612404 -0.052640684 0.001465592 7.405989647 0.052658033 0.998467267 -0.017032731 -10.693120956 -0.000566731 0.017086275 0.999853849 95.703155518
0.998561144 -0.053614955 0.001007469 7.461309910 0.053624406 0.998400211 -0.017925933 -10.827055931 -0.000044759 0.017954171 0.999838829 96.806877136
0.998536706 -0.054056037 0.001495232 7.509594917 0.054073773 0.998388767 -0.017209662 -10.953423500 -0.000562536 0.017265333 0.999850810 97.875152588
0.998553514 -0.053729810 0.001979356 7.560809135 0.053749178 0.998487532 -0.011561826 -11.074093819 -0.001355148 0.011651492 0.999931216 98.964614868
0.998656332 -0.051732250 0.003056649 7.615395069 0.051756747 0.998622894 -0.008569327 -11.193045616 -0.002609129 0.008716013 0.999958575 100.034622192
0.998736084 -0.050028171 0.004851666 7.673830986 0.050069202 0.998707473 -0.008740713 -11.305277824 -0.004408113 0.008972585 0.999950051 101.084907532
0.998805523 -0.048368663 0.006924580 7.719967842 0.048436832 0.998775721 -0.010041652 -11.433948517 -0.006430401 0.010365063 0.999925613 102.132728577
0.998776078 -0.048512187 0.009630495 7.770496845 0.048631102 0.998738289 -0.012523530 -11.550498009 -0.009010799 0.012976546 0.999875188 103.143295288
0.998688281 -0.050004628 0.011007741 7.841486931 0.050144989 0.998659134 -0.012867655 -11.669443130 -0.010349538 0.013402760 0.999856591 104.149620056
0.998580694 -0.051581848 0.013264822 7.894231319 0.051745765 0.998584092 -0.012325809 -11.790054321 -0.012610253 0.012994713 0.999835968 105.158966064
0.998561919 -0.051496223 0.014911981 7.956235886 0.051657811 0.998607993 -0.010661507 -11.903994560 -0.014342194 0.011416495 0.999831975 106.115554810
0.998485386 -0.052465767 0.016559860 8.012127876 0.052628245 0.998568594 -0.009532779 -12.010771751 -0.016036017 0.010389855 0.999817431 107.068901062
0.998423278 -0.052984200 0.018534223 8.069766998 0.053177234 0.998534143 -0.010081923 -12.114962578 -0.017972875 0.011051623 0.999777436 107.984924316
0.998404324 -0.052710656 0.020257205 8.133485794 0.052882217 0.998568475 -0.008028223 -12.217261314 -0.019805035 0.009086658 0.999762595 108.893165588
0.998411596 -0.051711801 0.022368088 8.189690590 0.051860355 0.998635590 -0.006112015 -12.312876701 -0.022021510 0.007262322 0.999731183 109.764602661
0.998383820 -0.051922478 0.023105096 8.257448196 0.051995531 0.998643994 -0.002571882 -12.417158127 -0.022940233 0.003769088 0.999729693 110.623245239
0.998331606 -0.052063119 0.024971612 8.316892624 0.052136917 0.998637259 -0.002312822 -12.509579659 -0.024817172 0.003610906 0.999685466 111.449111938
0.998359919 -0.050901860 0.026201671 8.367682457 0.050965298 0.998698890 -0.001758638 -12.597072601 -0.026078062 0.003091130 0.999655128 112.260070801
0.998454213 -0.048624255 0.026924489 8.418628693 0.048677642 0.998813629 -0.001330505 -12.677347183 -0.026827851 0.002639069 0.999636590 113.038681030
0.998591900 -0.046133850 0.026190126 8.464438438 0.046106808 0.998935163 0.001635757 -12.753753662 -0.026237700 -0.000425910 0.999655664 113.789970398
0.998665571 -0.046291824 0.022895288 8.518407822 0.046242587 0.998926640 0.002675664 -12.839456558 -0.022994578 -0.001613356 0.999734223 114.548927307
0.998792231 -0.046191629 0.016743556 8.553368568 0.046152271 0.998930693 0.002729943 -12.912224770 -0.016851757 -0.001953893 0.999856055 115.245651245
0.998988986 -0.044493202 0.006424293 8.580745697 0.044483006 0.999008596 0.001722070 -12.986719131 -0.006494552 -0.001434557 0.999977827 115.913627625
0.999093115 -0.041907910 -0.007525524 8.581817627 0.041900095 0.999121070 -0.001193499 -13.055615425 0.007568922 0.000877096 0.999970913 116.558006287
0.998810589 -0.040574256 -0.027039165 8.593011856 0.040491521 0.999173284 -0.003600759 -13.126166344 0.027162911 0.002501619 0.999627888 117.187812805
0.998027802 -0.038832698 -0.049319915 8.558410645 0.038587019 0.999237657 -0.005924303 -13.195028305 0.049512379 0.004009510 0.998765409 117.776145935
0.996335387 -0.037264019 -0.076987699 8.518361092 0.036778200 0.999293625 -0.007719075 -13.262608528 0.077220961 0.004859318 0.997002125 118.342926025
0.993404150 -0.035212353 -0.109124951 8.447626114 0.034372404 0.999363303 -0.009569217 -13.330385208 0.109392434 0.005755212 0.993981838 118.885643005
0.989091456 -0.030326627 -0.144146800 8.338277817 0.028995330 0.999515355 -0.011328015 -13.392724991 0.144420475 0.007024858 0.989491463 119.426750183
0.982798278 -0.024773357 -0.183013037 8.229845047 0.023222035 0.999673963 -0.010615112 -13.455396652 0.183216333 0.006182579 0.983053207 119.946067810
0.974281251 -0.019294875 -0.224507332 8.088888168 0.017779477 0.999803483 -0.008769725 -13.512614250 0.224632382 0.004552556 0.974433005 120.450599670
0.962963641 -0.014754131 -0.269227147 7.916814804 0.013298571 0.999885380 -0.007229572 -13.570196152 0.269302964 0.003381478 0.963049531 120.943916321
0.948769212 -0.008515945 -0.315855235 7.727001190 0.006398905 0.999949574 -0.007739095 -13.626994133 0.315905213 0.005321489 0.948775887 121.408935547
0.931279898 -0.000974416 -0.364302933 7.496673584 -0.002388414 0.999958694 -0.008780204 -13.682683945 0.364296436 0.009046934 0.931239128 121.892196655
0.910302877 0.003801192 -0.413925409 7.238281250 -0.008564911 0.999916732 -0.009653400 -13.735989571 0.413854271 0.012332752 0.910259545 122.323776245
0.885227740 0.008052336 -0.465088218 6.971763611 -0.013576698 0.999871433 -0.008529923 -13.789055824 0.464959800 0.013865286 0.885223150 122.737190247
0.856148243 0.011266225 -0.516607523 6.691287994 -0.018362064 0.999794185 -0.008626942 -13.830548286 0.516404033 0.016871922 0.856178820 123.135475159
0.824858665 0.021007435 -0.564948618 6.357055664 -0.028979041 0.999566793 -0.005142550 -13.884486198 0.564595938 0.020613547 0.825110018 123.504791260
0.790854394 0.033648722 -0.611078680 6.007156372 -0.041784976 0.999126196 0.000938485 -13.921792030 0.610576272 0.024791703 0.791569352 123.863624573
0.754960537 0.042392507 -0.654398739 5.651050568 -0.053085707 0.998583972 0.003445710 -13.962915421 0.653618038 0.032137848 0.756141961 124.178901672
0.715250671 0.046263009 -0.697335124 5.280246735 -0.060231421 0.998174667 0.004442619 -14.010653496 0.696267605 0.038823899 0.716731548 124.477439880
0.672486544 0.048144527 -0.738541961 4.906143188 -0.062888540 0.997990191 0.007793840 -14.060961723 0.737432718 0.041204561 0.674162745 124.763145447
0.628280878 0.051411077 -0.776285946 4.501552582 -0.065904461 0.997744620 0.012738380 -14.096519470 0.775190115 0.043157425 0.630252063 125.037002563
0.583342016 0.060223389 -0.809991002 4.076271057 -0.077237397 0.996841192 0.018490773 -14.130770683 0.808545947 0.051775150 0.586150885 125.265411377
0.537775040 0.068873748 -0.840270400 3.633499146 -0.088927969 0.995731711 0.024702206 -14.153330803 0.838385224 0.061439309 0.541604459 125.474868774
0.491041958 0.074100479 -0.867978632 3.174247742 -0.094535805 0.995024025 0.031464729 -14.182686806 0.865991175 0.066604547 0.495603800 125.678871155
0.443651348 0.075380713 -0.893023610 2.712791443 -0.093820684 0.994887531 0.037369281 -14.209291458 0.891274989 0.067205153 0.448455513 125.859069824
0.396551251 0.076713108 -0.914801717 2.235923767 -0.091222510 0.994863153 0.043883435 -14.227626801 0.913468778 0.066048481 0.401512325 126.031570435
0.350533515 0.079937525 -0.933132410 1.738639832 -0.092885435 0.994405746 0.050293904 -14.255421638 0.931932688 0.069044732 0.355997562 126.182830811
0.307139009 0.083189279 -0.948021710 1.238807678 -0.098587207 0.993593574 0.055248052 -14.275243759 0.946544409 0.076493986 0.313372761 126.296188354
0.265531063 0.084621191 -0.960381389 0.717266083 -0.103299692 0.992903233 0.058925927 -14.292197227 0.958552182 0.083560452 0.272388011 126.398925781
0.226047218 0.081311412 -0.970716774 0.190572739 -0.103782117 0.992848635 0.058997914 -14.310400009 0.968572080 0.087406725 0.232869387 126.502021790
0.190835968 0.075715572 -0.978697479 -0.344381332 -0.098814592 0.993438125 0.057588127 -14.328659058 0.976635635 0.085719697 0.197065577 126.595504761
0.160321191 0.070441984 -0.984548092 -0.892839432 -0.096154839 0.993820846 0.055447835 -14.350190163 0.982370257 0.085779600 0.166103899 126.675643921
0.134085238 0.069049574 -0.988561213 -1.460529327 -0.097368732 0.993660390 0.056198966 -14.371376991 0.986174643 0.088719495 0.139958456 126.740287781
0.112161733 0.068314292 -0.991338968 -2.053341866 -0.097844288 0.993545294 0.057396065 -14.385800362 0.988861144 0.090559214 0.118121922 126.796760559
0.093270540 0.069885850 -0.993185043 -2.646610260 -0.100229666 0.993125260 0.060469013 -14.404002190 0.990582943 0.093906619 0.099633977 126.854202271
0.077407606 0.067964099 -0.994680285 -3.256505966 -0.101067610 0.993069232 0.059988771 -14.427515030 0.991863549 0.095886365 0.083740078 126.905799866
0.063083805 0.066887818 -0.995764256 -3.876252174 -0.100033864 0.993150592 0.060374878 -14.458715439 0.992982268 0.095801458 0.069342777 126.959175110
0.051016416 0.064552970 -0.996609271 -4.516299725 -0.095725045 0.993630290 0.059459843 -14.482287407 0.994099736 0.092367038 0.056870803 127.000045776
0.038970016 0.062525764 -0.997282326 -5.164887905 -0.093785688 0.993863583 0.058646634 -14.504629135 0.994829416 0.091245338 0.044594917 127.033531189
0.028652485 0.060838908 -0.997736216 -5.830511570 -0.092982709 0.993980467 0.057939656 -14.521329880 0.995255351 0.091112107 0.034136973 127.071037292
0.018996058 0.062365916 -0.997872591 -6.501198769 -0.096298218 0.993526638 0.060261104 -14.545414925 0.995171189 0.094948605 0.024878815 127.092308044
0.010712210 0.062354505 -0.997996688 -7.178032875 -0.099229299 0.993193686 0.060989331 -14.575083733 0.995006859 0.098377153 0.016826695 127.105796814
0.004043262 0.061498735 -0.998098969 -7.871271133 -0.101699807 0.992957294 0.060769945 -14.594813347 0.994807065 0.101260744 0.010269195 127.125411987
-0.001061588 0.062288344 -0.998057604 -8.569391251 -0.102464437 0.992798388 0.062069096 -14.613678932 0.994736195 0.102331296 0.005328395 127.141510010
-0.004618552 0.064821765 -0.997886121 -9.290651321 -0.104721047 0.992378592 0.064948693 -14.635528564 0.994490981 0.104799651 0.002204852 127.164321899
-0.005668579 0.068693444 -0.997621655 -10.024314880 -0.106756970 0.991894722 0.068905689 -14.662900925 0.994269013 0.106893674 0.001710870 127.169166565
-0.006453656 0.071646743 -0.997409165 -10.735745430 -0.109467365 0.991384923 0.071922302 -14.675970078 0.993969560 0.109647930 0.001444924 127.178817749
-0.006854447 0.077247053 -0.996988356 -11.476323128 -0.114427738 0.990402102 0.077523448 -14.685579300 0.993407905 0.114614509 0.002050546 127.184417725
-0.008012387 0.080928184 -0.996687710 -12.217045784 -0.117316186 0.989760399 0.081308827 -14.700141907 0.993062258 0.117579065 0.001563843 127.194168091
-0.009452431 0.081349738 -0.996640801 -12.969150543 -0.117545635 0.989684761 0.081896812 -14.719080925 0.993022442 0.117924884 0.000207378 127.212669373
-0.011003484 0.078359939 -0.996864378 -13.712695122 -0.115209959 0.990186214 0.079106688 -14.740397453 0.993280232 0.115719147 -0.001867655 127.234146118
-0.012384212 0.074536346 -0.997141421 -14.472553253 -0.118840180 0.990040243 0.075481482 -14.746348381 0.992836237 0.119435236 -0.003402956 127.246063232
-0.013538498 0.076373704 -0.996987343 -15.240618706 -0.123890802 0.989267528 0.077464707 -14.760169983 0.992203474 0.124566309 -0.003931198 127.246719360
-0.015089083 0.079531133 -0.996718168 -16.031894684 -0.120930836 0.989369035 0.080775484 -14.778359413 0.992546260 0.121752784 -0.005310903 127.261741638
-0.017307090 0.079604812 -0.996676207 -16.806396484 -0.119801596 0.989478946 0.081110306 -14.797041893 0.992646933 0.120807178 -0.007588218 127.278022766
-0.017794430 0.079111300 -0.996706903 -17.599182129 -0.123414896 0.989067733 0.080708325 -14.810173035 0.992195606 0.124444626 -0.007836380 127.271903992
-0.019153815 0.078501031 -0.996730030 -18.391498566 -0.127486825 0.988583565 0.080309302 -14.824611664 0.991655231 0.128608227 -0.008927300 127.291007996
-0.020404771 0.082901925 -0.996348798 -19.188528061 -0.129339889 0.987963080 0.084853008 -14.833405495 0.991390288 0.130599022 -0.009436634 127.299942017
-0.020911921 0.087760657 -0.995922089 -19.995925903 -0.128583372 0.987630844 0.089729972 -14.849323273 0.991478086 0.129935458 -0.009368698 127.309822083
-0.020291878 0.090010434 -0.995734096 -20.828544617 -0.129236266 0.987347424 0.091886006 -14.859546661 0.991406143 0.130549505 -0.008402518 127.330924988
-0.018417254 0.088992894 -0.995862007 -21.646856308 -0.128572509 0.987550378 0.090627961 -14.869843483 0.991529107 0.129709572 -0.006745925 127.341644287
-0.017402126 0.089103222 -0.995870411 -22.474906921 -0.128479376 0.987564564 0.090605170 -14.878080368 0.991559505 0.129525557 -0.005737792 127.355384827
-0.017166063 0.087871902 -0.995983779 -23.306970596 -0.127023041 0.987867713 0.089345112 -14.882901192 0.991751194 0.128046572 -0.005796043 127.377532959
-0.016367227 0.089733288 -0.995831311 -24.143615723 -0.127906054 0.987594068 0.091093272 -14.891770363 0.991651177 0.128863797 -0.004686745 127.397315979
-0.016199132 0.091810003 -0.995644748 -24.982303619 -0.129619554 0.987179875 0.093138337 -14.895772934 0.991431534 0.130563796 -0.004091083 127.416580200
-0.015910344 0.094466068 -0.995400965 -25.847566605 -0.132235080 0.986583591 0.095742889 -14.899822235 0.991090655 0.133150220 -0.003205158 127.429206848
-0.014290079 0.095554151 -0.995321691 -26.710441589 -0.134417817 0.986204088 0.096608706 -14.899408340 0.990821660 0.135169491 -0.001248756 127.441101074
-0.012151171 0.098611951 -0.995051861 -27.584270477 -0.141154945 0.984990835 0.099338636 -14.900565147 0.989912927 0.141663536 0.001950773 127.451698303
-0.010337443 0.102488309 -0.994680583 -28.463413239 -0.145791188 0.983949661 0.102897815 -14.899683952 0.989261389 0.146079376 0.004770367 127.472267151
-0.008214405 0.104223952 -0.994519889 -29.338825226 -0.148238808 0.983437657 0.104286946 -14.896485329 0.988917530 0.148283139 0.007371683 127.501945496
-0.004513243 0.105194010 -0.994441450 -30.237709045 -0.147257894 0.983540058 0.104709163 -14.900711060 0.989087820 0.146911964 0.011051695 127.525398254
-0.001862868 0.105041914 -0.994466066 -31.130083084 -0.149797589 0.983217537 0.104134381 -14.896577835 0.988714814 0.149162635 0.013903420 127.553619385
0.000650463 0.108847216 -0.994058251 -32.031223297 -0.150329128 0.982772589 0.107513092 -14.890988350 0.988635719 0.149365976 0.017002165 127.584342957
0.003069968 0.111052208 -0.993809819 -32.948921204 -0.149531618 0.982691884 0.109347925 -14.888174057 0.988752186 0.148270294 0.019622648 127.622726440
0.004731742 0.112269066 -0.993666589 -33.841213226 -0.150113419 0.982497633 0.110292323 -14.886590958 0.988657475 0.148640826 0.021502025 127.664985657
0.007390272 0.110393465 -0.993860483 -34.745388031 -0.151325956 0.982564688 0.108013555 -14.881850243 0.988456309 0.149598643 0.023966819 127.694450378
0.007220604 0.111480966 -0.993740320 -35.647987366 -0.155148998 0.981857061 0.109020539 -14.874359131 0.987864673 0.153390601 0.024385758 127.740180969
0.008348574 0.112156950 -0.993655384 -36.541587830 -0.156033695 0.981664300 0.109492496 -14.872592926 0.987716377 0.154129609 0.025695764 127.776145935
0.008463709 0.108669773 -0.994041920 -37.434764862 -0.156300232 0.982002735 0.106022842 -14.872991562 0.987673283 0.154471636 0.025296498 127.812881470
0.009278026 0.104457043 -0.994486094 -38.345081329 -0.157602116 0.982251585 0.101701669 -14.874055862 0.987459123 0.155789509 0.025576018 127.856399536
0.009822433 0.103905439 -0.994538665 -39.241134644 -0.157311559 0.982362449 0.101079643 -14.873417854 0.987500131 0.155459568 0.025994718 127.896591187
0.009789235 0.107722238 -0.994132817 -40.148456573 -0.159624085 0.981599987 0.104792394 -14.867965698 0.987129271 0.157661691 0.026804177 127.934120178
0.010248927 0.114139766 -0.993411779 -41.067058563 -0.160769090 0.980727792 0.111023784 -14.858670235 0.986938775 0.158572078 0.028401557 127.966880798
0.010619328 0.112852395 -0.993555009 -41.962909698 -0.158613473 0.981221318 0.109756194 -14.861169815 0.987283707 0.156425655 0.028319823 128.009338379
0.011238361 0.102426738 -0.994677067 -42.851989746 -0.157947987 0.982433617 0.099381380 -14.869765282 0.987383544 0.155990332 0.027219037 128.055328369
0.011630828 0.092010975 -0.995690048 -43.780147552 -0.159580246 0.983165801 0.088989519 -14.877252579 0.987116456 0.157857403 0.026118159 128.096405029
0.010641027 0.089008987 -0.995974004 -44.681819916 -0.156459287 0.983910441 0.086259276 -14.888130188 0.987627089 0.154911473 0.024396105 128.141098022
0.010338970 0.099050455 -0.995028615 -45.603744507 -0.149249420 0.984088242 0.096410587 -14.894104004 0.988745570 0.147510663 0.024957679 128.191162109
0.010752589 0.112163886 -0.993631542 -46.549186707 -0.144321799 0.983458757 0.109453775 -14.892917633 0.989472389 0.142225772 0.026762422 128.246688843
0.010958564 0.121089593 -0.992581069 -47.470417023 -0.144632071 0.982394338 0.118250027 -14.886523247 0.989424884 0.142263204 0.028279062 128.292678833
0.010564723 0.115322478 -0.993271947 -48.387279510 -0.144727916 0.983044267 0.112595648 -14.885740280 0.989415050 0.142564625 0.027075972 128.334793091
0.010767600 0.101957388 -0.994730473 -49.307544708 -0.144613773 0.984488606 0.099342242 -14.887831688 0.989429533 0.142782047 0.025345022 128.376907349
0.011358641 0.092987284 -0.995602489 -50.220867157 -0.145219609 0.985264182 0.090364918 -14.889684677 0.989334226 0.143554568 0.024694843 128.419494629
0.011699279 0.093062945 -0.995591462 -51.147911072 -0.144446135 0.985373557 0.090410441 -14.902073860 0.989443541 0.142751589 0.024970746 128.465972900
0.011193760 0.094557367 -0.995456398 -52.094974518 -0.147326306 0.984810233 0.091889434 -14.919412613 0.989024580 0.145628288 0.024954516 128.505294800
0.011792069 0.094232127 -0.995480418 -53.022960663 -0.151870012 0.984168947 0.091362402 -14.925136566 0.988330126 0.150106296 0.025916426 128.538757324
0.012495207 0.093479544 -0.995542765 -53.961902618 -0.153606534 0.983982205 0.090466090 -14.929161072 0.988053083 0.151791483 0.026654126 128.577178955
0.013074276 0.101310909 -0.994768858 -54.921375275 -0.162608162 0.981826246 0.097855635 -14.938955307 0.986604035 0.160478190 0.029310655 128.619842529
0.014443164 0.110862985 -0.993730724 -55.862213135 -0.168016449 0.979972363 0.106886074 -14.934921265 0.985678434 0.165419340 0.032780703 128.658752441
0.015522496 0.119406007 -0.992724240 -56.813995361 -0.168412343 0.978971422 0.115118481 -14.934474945 0.985594511 0.165400073 0.035305526 128.704437256
0.016767114 0.119786359 -0.992658079 -57.774349213 -0.170238301 0.978643537 0.115219690 -14.924806595 0.985260248 0.167056516 0.036801253 128.748504639
0.018596834 0.110092282 -0.993747354 -58.709251404 -0.172010034 0.979452193 0.105289608 -14.923486710 0.984919608 0.168976486 0.037151691 128.789947510
0.019836845 0.105106764 -0.994263053 -59.647212982 -0.170412034 0.980262339 0.100226760 -14.920412064 0.985173285 0.167446181 0.037356768 128.844314575
0.021590143 0.103424728 -0.994402945 -60.618743896 -0.168696865 0.980749786 0.098342024 -14.922014236 0.985431552 0.165629447 0.038621962 128.901351929
0.024703119 0.109267958 -0.993705332 -61.578586578 -0.170144320 0.979965746 0.103527449 -14.922379494 0.985109508 0.166515842 0.042799544 128.964492798
0.028613105 0.111763835 -0.993322790 -62.544887543 -0.173200339 0.979252934 0.105191655 -14.929430008 0.984470844 0.169034004 0.047376998 129.013565063
0.032385200 0.106694706 -0.993764281 -63.499881744 -0.172197655 0.980013490 0.099606715 -14.932188034 0.984529912 0.167898104 0.050110519 129.075469971
0.035445429 0.101007052 -0.994254053 -64.453628540 -0.172203377 0.980615675 0.093482390 -14.941020966 0.984423459 0.167900443 0.052152097 129.144805908
0.039065797 0.100656524 -0.994153976 -65.412895203 -0.169726029 0.981124699 0.092667863 -14.942693710 0.984716713 0.165113658 0.055412456 129.212829590
0.041618243 0.104976393 -0.993603468 -66.370010376 -0.167096809 0.981190205 0.096665874 -14.958738327 0.985061705 0.162004918 0.058376636 129.291397095
0.044995643 0.111881033 -0.992702305 -67.326820374 -0.166488543 0.980651498 0.102976523 -14.963165283 0.985016108 0.160640091 0.062751956 129.371170044
0.047766201 0.115635537 -0.992142498 -68.290908813 -0.164229959 0.980667830 0.106391385 -14.968948364 0.985264838 0.157857627 0.065833591 129.452911377
0.049760766 0.117282063 -0.991851211 -69.275131226 -0.163790181 0.980594754 0.107733764 -14.970635414 0.985239327 0.157094583 0.068004802 129.533676147
0.051706083 0.114578858 -0.992067635 -70.208755493 -0.162154987 0.981176853 0.104869604 -14.973882675 0.985409677 0.155446321 0.069312349 129.612106323
0.052355148 0.113299400 -0.992180526 -71.154472351 -0.160284474 0.981615424 0.103635080 -14.980216026 0.985681415 0.153605282 0.069552757 129.699295044
0.053041060 0.109837867 -0.992533207 -72.098503113 -0.157245532 0.982451022 0.100318894 -14.991958618 0.986134052 0.150750384 0.069381759 129.787353516
0.052602053 0.108801484 -0.992670715 -73.100601196 -0.155420378 0.982825994 0.099486664 -14.980194092 0.986446857 0.149048045 0.068608627 129.872589111
0.052354366 0.113321319 -0.992178023 -74.054389954 -0.152029216 0.982864201 0.104235418 -14.982906342 0.986988366 0.145382866 0.068685375 129.958709717
0.051766329 0.115203500 -0.991992116 -75.015838623 -0.146023676 0.983521044 0.106599584 -14.991137505 0.987925768 0.139336109 0.067735702 130.055984497
0.051134095 0.110114992 -0.992602646 -75.975929260 -0.143174320 0.984444499 0.101834305 -14.976011276 0.988375604 0.136908010 0.066104323 130.136657715
0.049445182 0.106690370 -0.993062079 -76.939956665 -0.145528913 0.984436631 0.098517716 -14.986557961 0.988117635 0.139648005 0.064202167 130.218368530
0.048105288 0.104083948 -0.993404508 -77.888809204 -0.141967282 0.985171378 0.096346617 -14.993487358 0.988701761 0.136396125 0.062168464 130.301040649
0.046990521 0.104595549 -0.993404090 -78.853912354 -0.142208785 0.985073268 0.096991561 -14.995452881 0.988720655 0.136713102 0.061163507 130.368698120
0.046040699 0.105973281 -0.993302524 -79.806526184 -0.143173873 0.984790862 0.098428927 -15.004033089 0.988626063 0.137683228 0.060513053 130.445831299
0.044493943 0.105942875 -0.993376195 -80.759483337 -0.144708470 0.984557331 0.098520748 -15.007484436 0.988473415 0.139366373 0.059137661 130.521179199
0.043284506 0.106962383 -0.993320465 -81.712020874 -0.144587770 0.984455526 0.099707320 -15.013456345 0.988544822 0.139306203 0.058077130 130.587677002
0.041326281 0.107186653 -0.993379653 -82.675537109 -0.144467741 0.984422207 0.100210011 -15.017509460 0.988646150 0.139370009 0.056167521 130.656738281
0.039572682 0.109653935 -0.993181765 -83.624282837 -0.143881738 0.984227061 0.102932416 -15.014038086 0.988803327 0.138827354 0.054725710 130.731918335
0.038091969 0.113359384 -0.992823541 -84.578247070 -0.145247728 0.983621120 0.106735915 -15.009335518 0.988661766 0.140139580 0.053933255 130.790603638
0.035873976 0.118227810 -0.992338240 -85.527694702 -0.146472827 0.982876062 0.111805335 -15.003005981 0.988563955 0.141339675 0.052576829 130.856643677
0.033644844 0.117994957 -0.992443979 -86.476478577 -0.146390960 0.982878029 0.111894831 -15.001013756 0.988654494 0.141520143 0.050342172 130.920989990
0.032591585 0.112903260 -0.993071377 -87.421501160 -0.146536827 0.983401775 0.106994741 -14.999957085 0.988668203 0.142034367 0.048595119 130.981491089
0.030114353 0.108113363 -0.993682384 -88.368118286 -0.150674105 0.983264327 0.102413580 -14.991442680 0.988124728 0.146638051 0.045900255 131.042373657
0.028947206 0.105992757 -0.993945420 -89.311065674 -0.148638129 0.983763516 0.100578114 -14.992125511 0.988467932 0.144826710 0.044231769 131.106277466
0.028418768 0.107429750 -0.993806422 -90.276000977 -0.143944964 0.984285414 0.102284282 -14.998394012 0.989177525 0.140146643 0.043436151 131.159255981
0.027922560 0.108530842 -0.993700862 -91.224548340 -0.140871689 0.984594762 0.103577852 -14.998423576 0.989633977 0.137092173 0.042781331 131.220001221
0.026639495 0.108498618 -0.993739605 -92.176780701 -0.135638937 0.985291123 0.103940077 -15.003885269 0.990400136 0.132020831 0.040964294 131.286697388
0.025398839 0.105579980 -0.994086444 -93.119667053 -0.131748736 0.986087024 0.101364188 -15.009662628 0.990957737 0.128395095 0.038955491 131.349441528
0.024528163 0.102516741 -0.994428813 -94.062973022 -0.126617134 0.987035930 0.098631509 -15.017416954 0.991648436 0.123492479 0.037190549 131.413955688
0.022742016 0.105098873 -0.994201660 -95.047103882 -0.124800935 0.986978412 0.101480521 -15.022321701 0.991921127 0.121769443 0.035562314 131.468017578
0.021412674 0.107409783 -0.993984222 -95.995643616 -0.124178603 0.986799061 0.103958279 -15.022881508 0.992028713 0.121205553 0.034468006 131.524398804
0.020026008 0.105249882 -0.994244218 -96.954574585 -0.119994916 0.987508357 0.102119900 -15.022697449 0.992572427 0.117259189 0.032405298 131.574584961
0.018061938 0.102417722 -0.994577527 -97.902313232 -0.117080390 0.988112807 0.099625781 -15.027193069 0.992958188 0.114646085 0.029838335 131.621734619
0.014434194 0.100038528 -0.994878769 -98.869911194 -0.115719423 0.988463879 0.097714573 -15.028758049 0.993177176 0.113716364 0.025844075 131.674621582
0.011791321 0.099096432 -0.995007992 -99.825462341 -0.110190213 0.989145517 0.097206786 -15.040097237 0.993840635 0.108493939 0.022582792 131.722564697
0.009529858 0.099021122 -0.995039761 -100.783493042 -0.103416882 0.989846468 0.097513869 -15.036520004 0.994592547 0.101974621 0.019673552 131.765274048
0.006619589 0.107093349 -0.994226873 -101.752380371 -0.093424320 0.989966273 0.106012367 -15.041217804 0.995604396 0.092183217 0.016558291 131.828369141
0.004035695 0.115207382 -0.993333220 -102.710525513 -0.085386254 0.989753127 0.114445254 -15.039449692 0.996339798 0.084355138 0.013831466 131.881927490
0.001200929 0.114849627 -0.993382156 -103.664566040 -0.081242517 0.990110159 0.114373140 -15.036592484 0.996693671 0.080567501 0.010519727 131.926162720
-0.001638389 0.104966380 -0.994474411 -104.614120483 -0.082015455 0.991111279 0.104746521 -15.041189194 0.996629715 0.081733897 0.006985039 131.957962036
-0.003755483 0.095447086 -0.995427430 -105.561668396 -0.083753407 0.991906881 0.095425501 -15.040587425 0.996479392 0.083728805 0.004268929 131.994506836
-0.003960280 0.096772343 -0.995298624 -106.524169922 -0.090922244 0.991148949 0.096730642 -15.042821884 0.995850146 0.090877861 0.004873530 132.009399414
-0.004971198 0.106690615 -0.994279802 -107.481056213 -0.094799906 0.989763796 0.106680021 -15.038907051 0.995483875 0.094787955 0.005193947 132.044326782
-0.006447900 0.118099645 -0.992980838 -108.444587708 -0.098877713 0.988059938 0.118156426 -15.029391289 0.995078683 0.098945528 0.005306510 132.071670532
-0.007756914 0.119757116 -0.992772937 -109.391555786 -0.105825081 0.987129271 0.119903177 -15.019935608 0.994354427 0.105990350 0.005016230 132.099624634
-0.007920388 0.116588496 -0.993148744 -110.362678528 -0.113197349 0.986691236 0.116733186 -15.002433777 0.993540943 0.113346368 0.005382532 132.120956421
-0.008065247 0.112839900 -0.993580461 -111.317298889 -0.121490143 0.986141682 0.112981267 -14.993751526 0.992559791 0.121621467 0.005755458 132.142517090
-0.005453964 0.114803374 -0.993373215 -112.281753540 -0.126150548 0.985372722 0.114571363 -14.976195335 0.991996109 0.125939444 0.009108322 132.161148071
-0.004379068 0.115812518 -0.993261576 -113.254364014 -0.134259894 0.984209776 0.115349039 -14.958432198 0.990936458 0.133860305 0.011239056 132.184478760
-0.004001323 0.118598588 -0.992934287 -114.217514038 -0.143513277 0.982595325 0.117942028 -14.944598198 0.989640296 0.142971188 0.013088791 132.204559326
-0.003462353 0.120860316 -0.992663562 -115.193443298 -0.149143845 0.981504440 0.120021865 -14.925668716 0.988809347 0.148465231 0.014627259 132.226745605
-0.003547305 0.120236099 -0.992738962 -116.176414490 -0.152617767 0.981050253 0.119365752 -14.919150352 0.988278925 0.151933044 0.014870083 132.273727417
-0.001780440 0.110495061 -0.993875086 -117.132453918 -0.151532739 0.982369721 0.109487399 -14.921558380 0.988450587 0.150799528 0.014994570 132.303237915
-0.000705326 0.098994695 -0.995087683 -118.076828003 -0.154594496 0.983114243 0.097913109 -14.916534424 0.987977743 0.153904110 0.014610621 132.342529297
