1.000000000 0.000000000 0.000000000 0.000000000 0.000000000 1.000000000 0.000000000 0.000000000 0.000000000 0.000000000 1.000000000 0.000000000
0.999997914 -0.001561896 -0.001333069 0.048870757 0.001559063 0.999996543 -0.002123825 -0.132900864 0.001336381 0.002121742 0.999996841 1.298008204
0.999997795 0.000042982 -0.002095824 0.104405083 -0.000056258 0.999979913 -0.006335162 -0.267107815 0.002095510 0.006335265 0.999977708 2.602305889
0.999996066 0.002485411 -0.001255968 0.147702396 -0.002495245 0.999965787 -0.007889538 -0.405968368 0.001236316 0.007892641 0.999968112 3.905405045
0.999983609 0.005723405 0.000267870 0.191577479 -0.005721487 0.999961317 -0.006687819 -0.543855309 -0.000306137 0.006686175 0.999977648 5.218911648
0.999974966 0.006610419 0.002516889 0.240149468 -0.006602109 0.999972761 -0.003296197 -0.690299392 -0.002538610 0.003279497 0.999991417 6.536888123
0.999960065 0.006854865 0.005718498 0.298009157 -0.006843154 0.999974430 -0.002065040 -0.827427506 -0.005732507 0.002025824 0.999981582 7.840971470
0.999942839 0.005327309 0.009269610 0.352723122 -0.005310339 0.999984145 -0.001854385 -0.961360991 -0.009279344 0.001805054 0.999955297 9.145533562
0.999912620 0.003972230 0.012606792 0.431395411 -0.003951741 0.999990940 -0.001649801 -1.098652482 -0.012613231 0.001599838 0.999919116 10.445954323
0.999871731 0.002639153 0.015795428 0.497879058 -0.002599376 0.999993384 -0.002538227 -1.234300017 -0.015802020 0.002496843 0.999871969 11.755524635
0.999813378 0.001618064 0.019248882 0.572573185 -0.001553462 0.999993086 -0.003370629 -1.370076895 -0.019254208 0.003340098 0.999809027 13.049078941
0.999741137 0.001692714 0.022689741 0.639164209 -0.001619480 0.999993384 -0.003245605 -1.520015121 -0.022695085 0.003208019 0.999737263 14.374173164
0.999656856 0.001554329 0.026148126 0.723640442 -0.001441367 0.999989510 -0.004338385 -1.657893300 -0.026154596 0.004299208 0.999648750 15.671447754
0.999570012 0.002466776 0.029216187 0.809324086 -0.002344860 0.999988496 -0.004206411 -1.797743082 -0.029226229 0.004136095 0.999564290 16.976482391
0.999472022 0.002085898 0.032425150 0.898741722 -0.001964358 0.999990940 -0.003779704 -1.936584592 -0.032432742 0.003714014 0.999467075 18.264297485
0.999406338 0.000382128 0.034449957 0.999907374 -0.000259940 0.999993682 -0.003551233 -2.077767849 -0.034451101 0.003540170 0.999400079 19.563207626
0.999349952 -0.002222527 0.035982039 1.099422455 0.002396240 0.999985695 -0.004785355 -2.218238354 -0.035970885 0.004868466 0.999341011 20.838184357
0.999304950 -0.001754783 0.037236892 1.196525812 0.001999199 0.999976635 -0.006527581 -2.360347033 -0.037224561 0.006597488 0.999285161 22.144746780
0.999260187 -0.001698206 0.038422957 1.280057669 0.002051249 0.999956012 -0.009150784 -2.503777266 -0.038405731 0.009222829 0.999219656 23.429603577
0.999221861 -0.001334716 0.039418917 1.382994413 0.001756192 0.999941766 -0.010659518 -2.646685362 -0.039402384 0.010720451 0.999165893 24.718528748
0.999173105 -0.000715905 0.040652733 1.481595755 0.001175761 0.999935627 -0.011289048 -2.791809320 -0.040642034 0.011327510 0.999109566 25.988946915
0.999156475 -0.002204442 0.041005980 1.583482981 0.002625641 0.999944329 -0.010220638 -2.938804865 -0.040981174 0.010319683 0.999106646 27.274261475
0.999150872 -0.005069932 0.040887263 1.683692813 0.005451635 0.999942541 -0.009229411 -3.083151579 -0.040838122 0.009444475 0.999121189 28.556602478
0.999176681 -0.006711591 0.040010508 1.785083771 0.007100074 0.999928951 -0.009575398 -3.231629372 -0.039943397 0.009851593 0.999153316 29.843822479
0.999190092 -0.008316344 0.039369587 1.887184381 0.008799170 0.999888003 -0.012106610 -3.377524853 -0.039264493 0.012443225 0.999151409 31.110843658
0.999222994 -0.008343537 0.038520124 1.996432543 0.008820422 0.999886334 -0.012226856 -3.527512550 -0.038413733 0.012557120 0.999182999 32.396545410
0.999238968 -0.009034581 0.037944835 2.094520092 0.009517775 0.999875724 -0.012572882 -3.671080112 -0.037826534 0.012924465 0.999200761 33.664295197
0.999250233 -0.009460060 0.037541874 2.189476252 0.009940462 0.999870837 -0.012630458 -3.817408562 -0.037417531 0.012994171 0.999215364 34.936054230
0.999265790 -0.009965668 0.036994737 2.282683372 0.010461912 0.999857545 -0.013244600 -3.960601330 -0.036857471 0.013621910 0.999227822 36.194145203
0.999305248 -0.010442520 0.035776105 2.394097805 0.010921512 0.999852955 -0.013219411 -4.122521877 -0.035632800 0.013600955 0.999272406 37.480838776
0.999299765 -0.010170865 0.036006346 2.482775927 0.010591146 0.999877751 -0.011500955 -4.267158985 -0.035884965 0.011874251 0.999285340 38.745758057
0.999262989 -0.010186239 0.037009258 2.582306385 0.010575134 0.999890685 -0.010327512 -4.408849239 -0.036900010 0.010711278 0.999261558 40.012435913
0.999185383 -0.011884586 0.038565002 2.695930958 0.012230072 0.999887049 -0.008735063 -4.550151348 -0.038456831 0.009199601 0.999217868 41.261672974
0.999071956 -0.013133659 0.041019648 2.792188883 0.013547046 0.999859989 -0.009816083 -4.696876049 -0.040884987 0.010362669 0.999110043 42.529556274
0.998950183 -0.014350098 0.043502890 2.888759851 0.014922487 0.999805868 -0.012861444 -4.846913338 -0.043309886 0.013497114 0.998970449 43.779586792
0.998850167 -0.015417488 0.045393672 2.993417263 0.016070593 0.999772012 -0.014057921 -4.987538815 -0.045166589 0.014771261 0.998870194 45.036396027
0.998716474 -0.015679648 0.048160367 3.113701820 0.016323691 0.999782145 -0.013008860 -5.120145321 -0.047945898 0.013778319 0.998754799 46.271091461
0.998520315 -0.016633758 0.051773667 3.223226070 0.017139787 0.999809444 -0.009345258 -5.278571129 -0.051608358 0.010218817 0.998615265 47.537563324
0.998245418 -0.019763902 0.055816460 3.339627743 0.020211510 0.999767840 -0.007466158 -5.414536953 -0.055655956 0.008581193 0.998413146 48.767070770
0.998016953 -0.021773625 0.059059571 3.475746393 0.022265395 0.999722600 -0.007681354 -5.555631638 -0.058875930 0.008981106 0.998224914 50.017082214
0.997746587 -0.025140051 0.062206484 3.622140408 0.025905374 0.999597907 -0.011527015 -5.689052105 -0.061891679 0.013112523 0.997996747 51.244533539
0.997457743 -0.026315991 0.066223413 3.757424355 0.027140239 0.999564588 -0.011577602 -5.824349880 -0.065889902 0.013345488 0.997737646 52.481594086
0.997096121 -0.028870743 0.070468597 3.882407904 0.029572476 0.999522686 -0.008935003 -5.964707851 -0.070177004 0.010992989 0.997473896 53.701145172
0.996827841 -0.031561647 0.073062867 4.046866894 0.032057140 0.999470234 -0.005618749 -6.097800255 -0.072846837 0.007943112 0.997311532 54.895526886
0.996566653 -0.033825289 0.075569183 4.180723667 0.034244604 0.999404430 -0.004259643 -6.227253914 -0.075380109 0.006832856 0.997131407 56.145172119
0.996407092 -0.037202574 0.076085232 4.345931530 0.037362479 0.999301612 -0.000678903 -6.353060722 -0.076006830 0.003519196 0.997101128 57.347564697
0.996197522 -0.039903592 0.077447973 4.476315975 0.039990589 0.999199927 0.000428000 -6.480988026 -0.077403098 0.002670818 0.996996224 58.568710327
0.996160686 -0.041793197 0.076922886 4.624772549 0.042142626 0.999107361 -0.002924161 -6.603352070 -0.076732010 0.006154668 0.997032642 59.761573792
0.996169031 -0.043069046 0.076107562 4.773697853 0.043729305 0.999018788 -0.007029434 -6.734758377 -0.075730123 0.010330638 0.997074842 60.963302612
0.996180415 -0.044330891 0.075228393 4.910382271 0.045274206 0.998915315 -0.010879836 -6.864194393 -0.074664481 0.014244186 0.997106969 62.143844604
0.996194482 -0.046645131 0.073626190 5.051573277 0.047749668 0.998770595 -0.013312680 -6.997585773 -0.072914682 0.016777642 0.997197032 63.358467102
0.996334016 -0.046726335 0.071661681 5.187493801 0.047776509 0.998773336 -0.013010176 -7.134295940 -0.070965849 0.016386222 0.997344077 64.532455444
0.996570706 -0.046025030 0.068764552 5.323572159 0.047003109 0.998814344 -0.012673090 -7.274899483 -0.068099752 0.015861778 0.997552395 65.750740051
0.996821940 -0.045135334 0.065640710 5.447269917 0.045946039 0.998884559 -0.010893248 -7.404143333 -0.065075815 0.013874562 0.997783780 66.927825928
0.997214317 -0.041529611 0.061958376 5.569239140 0.042022608 0.999094367 -0.006674487 -7.543086052 -0.061625078 0.009259546 0.998056412 68.117324829
0.997499228 -0.039564550 0.058564894 5.687615395 0.039903805 0.999192655 -0.004634239 -7.667829514 -0.058334272 0.006959612 0.998272896 69.291091919
0.997687161 -0.038298275 0.056156974 5.790576935 0.038794853 0.999216855 -0.007778836 -7.801352024 -0.055815082 0.009939446 0.998391628 70.473709106
0.997878671 -0.038826380 0.052256227 5.904815674 0.039636869 0.999107957 -0.014563548 -7.939256668 -0.051644165 0.016603926 0.998527527 71.661125183
0.997884512 -0.042866357 0.048879031 6.013028622 0.043754339 0.998893440 -0.017243570 -8.076900482 -0.048085772 0.019345758 0.998655856 72.833671570
0.997923911 -0.046636052 0.044416737 6.125337601 0.047240455 0.998803377 -0.012656085 -8.210472107 -0.043773353 0.014728077 0.998932898 74.001617432
0.997929215 -0.050432719 0.039922908 6.233600140 0.050791837 0.998676956 -0.008031862 -8.333887100 -0.039465025 0.010042991 0.999170482 75.157363892
0.997983396 -0.052502930 0.035672795 6.327183247 0.052711662 0.998597562 -0.004935854 -8.461939812 -0.035363626 0.006806273 0.999351263 76.348777771
0.998162746 -0.051722944 0.031555351 6.418381691 0.051831417 0.998652399 -0.002628821 -8.584730148 -0.031376857 0.004259550 0.999498546 77.508712769
0.998310685 -0.051354088 0.027174165 6.517215252 0.051436700 0.998673439 -0.002349635 -8.704528809 -0.027017454 0.003743416 0.999627888 78.667114258
0.998441994 -0.050167825 0.024425955 6.584180832 0.050286643 0.998725593 -0.004274277 -8.832962036 -0.024180392 0.005495917 0.999692500 79.839187622
0.998632252 -0.047789752 0.021206846 6.659955978 0.047995582 0.998804212 -0.009305384 -8.959859848 -0.020736786 0.010310492 0.999731839 80.983741760
0.998548269 -0.051048219 0.017190637 6.745070457 0.051292326 0.998584509 -0.014071167 -9.097153664 -0.016447997 0.014932487 0.999753118 82.142372131
0.998395443 -0.054695133 0.014660222 6.804681301 0.054910660 0.998382688 -0.014725033 -9.233314514 -0.013831125 0.015506409 0.999784112 83.285140991
0.998427629 -0.054980848 0.010920626 6.872538090 0.055107065 0.998412967 -0.011613563 -9.357249260 -0.010264769 0.012197108 0.999872983 84.422080994
0.998441815 -0.055204496 0.008144893 6.940052986 0.055276290 0.998431742 -0.008870821 -9.488469124 -0.007642408 0.009307219 0.999927461 85.556961060
0.998576224 -0.052854564 0.007226061 6.982360840 0.052928634 0.998543382 -0.010474786 -9.616378784 -0.006661896 0.010842338 0.999919057 86.702827454
0.998765051 -0.049179979 0.007053371 7.032695770 0.049273379 0.998690784 -0.013743293 -9.742303848 -0.006368243 0.014073864 0.999880672 87.823486328
0.998854339 -0.047501519 0.005803308 7.090717316 0.047589105 0.998738587 -0.016021520 -9.872872353 -0.005034940 0.016279340 0.999854803 88.933746338
0.998765230 -0.049402084 0.005238393 7.138096333 0.049484342 0.998631060 -0.016948851 -10.006710052 -0.004393913 0.017187143 0.999842584 90.065681458
0.998720229 -0.050443340 0.003644432 7.192817211 0.050490476 0.998622596 -0.014269373 -10.135994911 -0.002919618 0.014435123 0.999891460 91.179641724
0.998669446 -0.051484264 0.002920404 7.242186546 0.051514819 0.998605013 -0.011583879 -10.265007019 -0.002319943 0.011718912 0.999928594 92.296432495
0.998688817 -0.051136743 0.002376711 7.303169727 0.051160030 0.998629153 -0.011065923 -10.386847496 -0.001807579 0.011173005 0.999935865 93.428153992
0.998657227 -0.051751643 0.002365989 7.350277424 0.051778685 0.998569667 -0.013328630 -10.511896133 -0.001672827 0.013433240 0.999908328 94.536666870
0.998648882 -0.051933266 0.001846649 7.411620617 0.051957496 0.998499274 -0.017311260 -10.637911797 -0.000944847 0.017383818 0.999848425 95.643569946
0.998623490 -0.052410383 0.002029393 7.455222130 0.052438535 0.998460889 -0.018055916 -10.778608322 -0.001079952 0.018137485 0.999834836 96.762252808
0.998580933 -0.053222593 0.001872517 7.511746883 0.053246032 0.998449326 -0.016239969 -10.910232544 -0.001005281 0.016316626 0.999866366 97.845436096
0.998623252 -0.052388683 0.002643592 7.556942463 0.052415207 0.998562217 -0.011231735 -11.030430794 -0.002051376 0.011354835 0.999933422 98.936309814
0.998708785 -0.050660904 0.003767418 7.609241009 0.050689444 0.998683155 -0.007911096 -11.148299217 -0.003361673 0.008091850 0.999961555 100.001930237
0.998812318 -0.048368692 0.005858874 7.653642654 0.048413992 0.998796463 -0.007852613 -11.267960548 -0.005472003 0.008126939 0.999952018 101.074058533
0.998881280 -0.046597350 0.008050898 7.702661514 0.046673525 0.998864532 -0.009546832 -11.388233185 -0.007596899 0.009911917 0.999922037 102.108802795
0.998834670 -0.047028445 0.010837662 7.753998280 0.047154713 0.998818934 -0.011705518 -11.511347771 -0.010274369 0.012202924 0.999872804 103.129524231
0.998739362 -0.048628096 0.012450855 7.808986187 0.048788894 0.998725116 -0.012953958 -11.622572899 -0.011805055 0.013545089 0.999838591 104.155128479
0.998620033 -0.050528545 0.014320802 7.871524334 0.050704088 0.998639524 -0.012171886 -11.736001968 -0.013686292 0.012881210 0.999823391 105.137336731
0.998584807 -0.050572354 0.016461328 7.923947811 0.050755396 0.998651743 -0.010898721 -11.852557182 -0.015887957 0.011718798 0.999805093 106.115653992
0.998520076 -0.051662944 0.016984433 8.007891655 0.051822860 0.998614728 -0.009114254 -11.964045525 -0.016490033 0.009980951 0.999814212 107.069725037
0.998446286 -0.052371480 0.019032471 8.065216064 0.052559435 0.998572528 -0.009512843 -12.070152283 -0.018507097 0.010498397 0.999773622 107.987113953
0.998435557 -0.052037101 0.020458428 8.131494522 0.052205265 0.998606145 -0.007773154 -12.168732643 -0.020025419 0.008829032 0.999760509 108.898132324
0.998438418 -0.051153507 0.022451648 8.190080643 0.051290765 0.998668134 -0.005579982 -12.266072273 -0.022136310 0.006722832 0.999732375 109.769683838
0.998396814 -0.051389869 0.023722075 8.251323700 0.051465079 0.998671472 -0.002570989 -12.366316795 -0.023558440 0.003787726 0.999715209 110.624061584
0.998346329 -0.051567700 0.025402032 8.311331749 0.051642321 0.998662949 -0.002289812 -12.458065033 -0.025249990 0.003597844 0.999674618 111.450241089
0.998378515 -0.050433908 0.026396001 8.365534782 0.050493304 0.998723149 -0.001588061 -12.547921181 -0.026282206 0.002918307 0.999650300 112.261512756
0.998474002 -0.048197057 0.026955985 8.419053078 0.048250895 0.998834372 -0.001349992 -12.626338005 -0.026859500 0.002648582 0.999635696 113.042625427
0.998611748 -0.045598414 0.026368486 8.465826035 0.045568127 0.998959720 0.001748773 -12.704691887 -0.026420796 -0.000544783 0.999650717 113.800895691
0.998693764 -0.045434382 0.023373315 8.511764526 0.045376945 0.998965502 0.002982024 -12.790643692 -0.023484619 -0.001917520 0.999722362 114.542617798
0.998824775 -0.045415666 0.016921444 8.549486160 0.045370817 0.998965621 0.003025494 -12.863157272 -0.017041344 -0.002254199 0.999852240 115.242187500
0.999014318 -0.043941844 0.006274655 8.579092979 0.043930080 0.999032557 0.002001527 -12.939897537 -0.006356537 -0.001723908 0.999978304 115.914901733
0.999112666 -0.041421659 -0.007617971 8.578203201 0.041415676 0.999141634 -0.000941493 -13.005429268 0.007650429 0.000625153 0.999970496 116.564765930
0.998857200 -0.039874632 -0.026349217 8.579856873 0.039802611 0.999202192 -0.003251903 -13.077429771 0.026457867 0.002199419 0.999647498 117.179862976
0.998080671 -0.038148612 -0.048781440 8.547513962 0.037924502 0.999265432 -0.005511731 -13.147086143 0.048955873 0.003651141 0.998794317 117.767265320
0.996411264 -0.036643166 -0.076301128 8.505284309 0.036170710 0.999316990 -0.007565212 -13.211240768 0.076526240 0.004778195 0.997056067 118.337661743
0.993517220 -0.034449320 -0.108335711 8.434638023 0.033600625 0.999388695 -0.009650103 -13.277007103 0.108601943 0.005947395 0.994067490 118.885574341
0.989138782 -0.029892927 -0.143912211 8.330120087 0.028600242 0.999529898 -0.011043310 -13.342455864 0.144174680 0.006807443 0.989528894 119.432647705
0.982958853 -0.023860915 -0.182271332 8.215833664 0.022308342 0.999695301 -0.010563722 -13.399674416 0.182467848 0.006317531 0.983191550 119.943641663
0.974444568 -0.018546287 -0.223861739 8.076471329 0.017046293 0.999817491 -0.008631377 -13.456593513 0.223980948 0.004594785 0.974582672 120.447921753
0.963175058 -0.013820251 -0.268519431 7.903076172 0.012355590 0.999898136 -0.007143785 -13.513998985 0.268590838 0.003563000 0.963247836 120.944007874
0.948982954 -0.007648247 -0.315234542 7.707435608 0.005454587 0.999954343 -0.007840483 -13.567855835 0.315280139 0.005721011 0.948981404 121.422943115
0.931592584 -0.000022432 -0.363504529 7.482959747 -0.003202494 0.999960601 -0.008269098 -13.630076408 0.363490403 0.008867549 0.931555748 121.890907288
0.910533071 0.004749428 -0.413408935 7.229408264 -0.009427568 0.999912441 -0.009276768 -13.680990219 0.413328707 0.012344246 0.910498202 122.322799683
0.885458529 0.008951044 -0.464632124 6.963294983 -0.014356545 0.999864161 -0.008097368 -13.733772278 0.464496553 0.013840394 0.885466754 122.736000061
0.856401563 0.011940730 -0.516172111 6.683292389 -0.018772261 0.999791622 -0.008017384 -13.775371552 0.515968800 0.016555818 0.856447279 123.136566162
0.825058401 0.021808650 -0.564626276 6.354812622 -0.029740511 0.999545872 -0.004850837 -13.825372696 0.564264059 0.020794498 0.825332463 123.500656128
0.790960073 0.034927852 -0.610870004 6.003093719 -0.042733286 0.999084830 0.001793447 -13.868243217 0.610373616 0.024685938 0.791728854 123.864677429
0.755041122 0.043588635 -0.654227018 5.647708893 -0.053878497 0.998537958 0.004347782 -13.908741951 0.653460085 0.031966008 0.756285667 124.179992676
0.715243459 0.047293376 -0.697273254 5.277248383 -0.061091524 0.998119414 0.005032630 -13.951539993 0.696200073 0.038997937 0.716787696 124.479904175
0.672731459 0.049232088 -0.738246977 4.901924133 -0.063549496 0.997941256 0.008640730 -14.004423141 0.737152457 0.041102327 0.674475193 124.762245178
0.629057109 0.052780021 -0.775565088 4.489696503 -0.067123763 0.997653961 0.013450217 -14.038249016 0.774455667 0.043597884 0.631124258 125.033638000
0.584000707 0.061478853 -0.809421778 4.064483643 -0.078445747 0.996735215 0.019107189 -14.069828987 0.807953894 0.052337065 0.586916924 125.264160156
0.538555384 0.070404626 -0.839643538 3.620025635 -0.089835405 0.995620847 0.025862116 -14.095791817 0.837787390 0.061501537 0.542521775 125.472839355
0.491452605 0.075440228 -0.867630780 3.170806885 -0.095477834 0.994903326 0.032424983 -14.122044563 0.865654945 0.066904157 0.496150672 125.674087524
0.444483966 0.076191045 -0.892540812 2.697414398 -0.094944380 0.994770885 0.037635680 -14.142034531 0.890740991 0.068013296 0.449393630 125.857231140
0.397600085 0.077829346 -0.914251924 2.224613190 -0.092655070 0.994708598 0.044383660 -14.163103104 0.912868738 0.067063145 0.402707458 126.024421692
0.351469696 0.080678903 -0.932716370 1.732810974 -0.094212987 0.994270384 0.050501548 -14.186031342 0.931446731 0.070124239 0.357056916 126.174720764
0.307440400 0.083883286 -0.947862744 1.225658417 -0.099567875 0.993474662 0.055624858 -14.207674026 0.946343839 0.077275366 0.313786328 126.296020508
0.266264766 0.085699327 -0.960082650 0.701103210 -0.104727253 0.992715418 0.059567660 -14.223602295 0.958193779 0.084686041 0.273300171 126.397148132
0.227208585 0.082248867 -0.970366538 0.176200867 -0.105234548 0.992665946 0.059498578 -14.240396500 0.968143523 0.088597514 0.234197646 126.492713928
0.192463607 0.076927826 -0.978284121 -0.363618851 -0.100149907 0.993256807 0.058402136 -14.257742882 0.976180196 0.086734779 0.198870093 126.583702087
0.162281156 0.072111033 -0.984106064 -0.917036057 -0.097741470 0.993595958 0.056688655 -14.278607368 0.981891751 0.086988464 0.168290108 126.658920288
0.135226056 0.070522942 -0.988301754 -1.477258682 -0.098232299 0.993503690 0.057453342 -14.301588058 0.985933244 0.089313969 0.141275167 126.738182068
0.113117054 0.069849268 -0.991123319 -2.058778763 -0.099421635 0.993314981 0.058656722 -14.318942070 0.988594890 0.091904029 0.119305395 126.803276062
0.094895825 0.071084790 -0.992945969 -2.666225433 -0.101807944 0.992910504 0.061352462 -14.331512451 0.990267634 0.095267698 0.101460040 126.850631714
0.078390464 0.069575965 -0.994491935 -3.267657280 -0.102667458 0.992821038 0.061366361 -14.358826637 0.991622090 0.097291425 0.084970877 126.906555176
0.064944558 0.068572596 -0.995530128 -3.892415047 -0.102360904 0.992831469 0.061709084 -14.385623932 0.992624998 0.097895682 0.071498141 126.947441101
0.052263409 0.065781258 -0.996464431 -4.538347244 -0.096294165 0.993510365 0.060535733 -14.409215927 0.993979812 0.092789896 0.058258593 127.007080078
0.040151402 0.063177973 -0.997194231 -5.185666084 -0.093998611 0.993811846 0.059178889 -14.428226471 0.994762301 0.091358751 0.045841582 127.050003052
0.029264636 0.062752567 -0.997599900 -5.844254494 -0.093464762 0.993826687 0.059773419 -14.449518204 0.995192349 0.091491193 0.034949131 127.085891724
0.020583823 0.064200707 -0.997724712 -6.515958309 -0.097025670 0.993353963 0.061917759 -14.472029686 0.995068967 0.095530391 0.026676144 127.093994141
0.011826185 0.063541591 -0.997909129 -7.214599133 -0.099827513 0.993068099 0.062050276 -14.496820450 0.994934499 0.098884948 0.018087402 127.117561340
0.005345099 0.062959269 -0.998001873 -7.901528358 -0.102522269 0.992791593 0.062081493 -14.518795967 0.994716346 0.101985581 0.011761297 127.136276245
-0.000044250 0.064292379 -0.997931063 -8.596791267 -0.103002988 0.992622912 0.063954957 -14.541616440 0.994680941 0.102792703 0.006578383 127.152328491
-0.003495478 0.066366963 -0.997789145 -9.319956779 -0.104799248 0.992276371 0.066367440 -14.559462547 0.994487226 0.104799531 0.003486728 127.173812866
-0.004481314 0.070087202 -0.997530818 -10.038393974 -0.107105397 0.991768897 0.070163526 -14.582398415 0.994237602 0.107155368 0.003062289 127.187934875
-0.005376236 0.073524274 -0.997278869 -10.770957947 -0.109745182 0.991225898 0.073669635 -14.599038124 0.993945181 0.109842606 0.002739871 127.198669434
-0.006928008 0.079077236 -0.996844411 -11.501302719 -0.114499018 0.990249276 0.079349838 -14.611619949 0.993399203 0.114687443 0.002193814 127.215614319
-0.008078731 0.082688279 -0.996542633 -12.239848137 -0.117493406 0.989593744 0.083064169 -14.625449181 0.993040800 0.117758252 0.001720666 127.231216431
-0.009637490 0.083263382 -0.996480942 -12.984477043 -0.116791964 0.989613175 0.083819069 -14.643648148 0.993109703 0.117188781 0.000187106 127.249412537
-0.010633165 0.080069825 -0.996732533 -13.752024651 -0.115155295 0.990058959 0.080762200 -14.663641930 0.993290603 0.115637772 -0.001306994 127.265434265
-0.012373401 0.076854728 -0.996965528 -14.503711700 -0.118977614 0.989845574 0.077782504 -14.671632767 0.992819846 0.119579032 -0.003103763 127.279037476
-0.013402920 0.078550845 -0.996820033 -15.275236130 -0.123646334 0.989128053 0.079607219 -14.682720184 0.992235899 0.124320112 -0.003544679 127.279350281
-0.014739496 0.081529036 -0.996561944 -16.050888062 -0.121169016 0.989179432 0.082717188 -14.695899963 0.992522478 0.121971644 -0.004701213 127.293113708
-0.017070351 0.081549615 -0.996523023 -16.824382782 -0.119894966 0.989309967 0.083013117 -14.712449074 0.992639780 0.120895170 -0.007110477 127.311157227
-0.017744135 0.081149623 -0.996543884 -17.614547729 -0.123210624 0.988926709 0.082723178 -14.725390434 0.992221892 0.124252670 -0.007549154 127.309082031
-0.018682422 0.080642059 -0.996568024 -18.408769608 -0.127261117 0.988443077 0.082370326 -14.738094330 0.991693199 0.128363252 -0.008203914 127.321273804
-0.019948101 0.084690198 -0.996207654 -19.205732346 -0.129059583 0.987851262 0.086564109 -14.743500710 0.991436064 0.130296931 -0.008775676 127.330818176
-0.020742990 0.089656509 -0.995756745 -20.008823395 -0.128280640 0.987499893 0.091585346 -14.758993149 0.991520882 0.129636064 -0.008982507 127.347419739
-0.019506330 0.092312813 -0.995539069 -20.831497192 -0.129245937 0.987140834 0.094066508 -14.768422127 0.991420686 0.130504236 -0.007324439 127.357666016
-0.017644962 0.091176063 -0.995678365 -21.649234772 -0.128656670 0.987347722 0.092693202 -14.776415825 0.991532147 0.129736230 -0.005691305 127.369575500
-0.016691286 0.091442652 -0.995670378 -22.480821609 -0.128578529 0.987344623 0.092833482 -14.783838272 0.991558790 0.129571363 -0.004722487 127.384338379
-0.016479352 0.090001144 -0.995805323 -23.308345795 -0.126895979 0.987698972 0.091368459 -14.785618782 0.991779089 0.127869368 -0.004855857 127.405464172
-0.015549943 0.092000462 -0.995637536 -24.146129608 -0.127861708 0.987399876 0.093236223 -14.793115616 0.991670132 0.128753752 -0.003590675 127.424530029
-0.014862427 0.094128981 -0.995449066 -24.984125137 -0.129556894 0.986985266 0.095262975 -14.796132088 0.991460681 0.130383119 -0.002473935 127.439239502
-0.015079551 0.096458212 -0.995222926 -25.850267410 -0.132332996 0.986387789 0.097607017 -14.795820236 0.991090596 0.133172706 -0.002109681 127.456939697
-0.013361843 0.097500548 -0.995145738 -26.714530945 -0.134461164 0.986019969 0.098411843 -14.793115616 0.990828812 0.135123372 -0.000065009 127.468856812
-0.011268942 0.100683659 -0.994854689 -27.587547302 -0.141289487 0.984775484 0.101264022 -14.794151306 0.989904106 0.141703621 0.003128165 127.479515076
-0.009263184 0.104471005 -0.994484723 -28.466686249 -0.145927951 0.983739138 0.104701415 -14.789658546 0.989251792 0.146092951 0.006132684 127.501365662
-0.007244932 0.106260926 -0.994311810 -29.341262817 -0.148402780 0.983212829 0.106156103 -14.785423279 0.988900542 0.148327723 0.008646106 127.533599854
-0.003214242 0.107159682 -0.994236648 -30.242702484 -0.147428229 0.983326554 0.106460407 -14.787612915 0.989067554 0.146920681 0.012637711 127.553939819
-0.000416270 0.107000090 -0.994258881 -31.135589600 -0.149953216 0.983010352 0.105852336 -14.781272888 0.988692999 0.149136379 0.015635811 127.582313538
0.001832890 0.110776782 -0.993843615 -32.036453247 -0.150428131 0.982566893 0.109242402 -14.774069786 0.988619328 0.149301812 0.018464882 127.616767883
0.004281451 0.112742290 -0.993615150 -32.949802399 -0.149408594 0.982543170 0.110842220 -14.769647598 0.988766253 0.147980094 0.021051381 127.656600952
0.006115812 0.113941424 -0.993468583 -33.842239380 -0.149961337 0.982356787 0.111743830 -14.766712189 0.988672912 0.148298487 0.023094717 127.698532104
0.008640049 0.112332709 -0.993633091 -34.745445251 -0.151482671 0.982349277 0.109739855 -14.762428284 0.988422155 0.149570048 0.025504002 127.730789185
0.009074366 0.113376945 -0.993510604 -35.657051086 -0.155764952 0.981583595 0.110593177 -14.753079414 0.987752438 0.153750554 0.026567405 127.772453308
0.010157096 0.113866575 -0.993444085 -36.550498962 -0.156444743 0.981441796 0.110891379 -14.748870850 0.987634480 0.154292777 0.027782422 127.811126709
0.010351490 0.110428602 -0.993830144 -37.445915222 -0.156792000 0.981768608 0.107455269 -14.747655869 0.987577438 0.154712319 0.027477087 127.848258972
0.011241053 0.106353998 -0.994264781 -38.356075287 -0.157981351 0.982028186 0.103258967 -14.750660896 0.987378120 0.155914575 0.027840985 127.894088745
0.011710745 0.105596393 -0.994340122 -39.253017426 -0.157546967 0.982182741 0.102449819 -14.746797562 0.987442136 0.155455500 0.028138487 127.937644958
0.011772584 0.109673932 -0.993897915 -40.158332825 -0.159996524 0.981366992 0.106396034 -14.742558479 0.987047374 0.157767653 0.029100679 127.976135254
0.011873968 0.115900770 -0.993189752 -41.091079712 -0.160510257 0.980600476 0.112512670 -14.732553482 0.986962736 0.158081204 0.030246878 128.018386841
0.012133209 0.114613630 -0.993336082 -41.985240936 -0.158284187 0.981104076 0.111268900 -14.734218597 0.987319052 0.155879319 0.030045466 128.064285278
0.012966818 0.104224749 -0.994469285 -42.875888824 -0.157520980 0.982347310 0.100900419 -14.740044594 0.987430453 0.155341417 0.029155508 128.109130859
0.013341799 0.093638785 -0.995516837 -43.795406342 -0.159345716 0.983081281 0.090333559 -14.744436264 0.987132668 0.157426119 0.028037013 128.149047852
0.012260791 0.090603836 -0.995811462 -44.697296143 -0.156253785 0.983825624 0.087589443 -14.754150391 0.987640798 0.154525369 0.026219675 128.195922852
0.011966202 0.100373596 -0.994877815 -45.618206024 -0.148911580 0.984033167 0.097488381 -14.757052422 0.988778114 0.146982253 0.026721932 128.247467041
0.012140810 0.113786444 -0.993431032 -46.563278198 -0.143723518 0.983386636 0.110879496 -14.756034851 0.989543319 0.141433254 0.028292898 128.306838989
0.012211682 0.122906134 -0.992343187 -47.484497070 -0.143911391 0.982301176 0.119891427 -14.748975754 0.989515185 0.141345367 0.029683143 128.354690552
0.012224998 0.117096700 -0.993045211 -48.401809692 -0.144013032 0.982971668 0.114135958 -14.745700836 0.989500225 0.141616181 0.028880280 128.395874023
0.012529633 0.103445023 -0.994556189 -49.332199097 -0.144001350 0.984452784 0.100579999 -14.743085861 0.989498138 0.141957223 0.027231054 128.433242798
0.013240252 0.094524242 -0.995434582 -50.247806549 -0.144436359 0.985261858 0.091637127 -14.743561745 0.989425540 0.142563641 0.026697852 128.478820801
0.013648497 0.094607808 -0.995421112 -51.182731628 -0.143274188 0.985426247 0.091693386 -14.752529144 0.989588857 0.141366705 0.027004441 128.523757935
0.013024794 0.096182220 -0.995278478 -52.121776581 -0.146424055 0.984816492 0.093254991 -14.768709183 0.989136159 0.144518107 0.026910422 128.562942505
0.013409685 0.095403753 -0.995348334 -53.072296143 -0.151316315 0.984167278 0.092293471 -14.772014618 0.988394439 0.149374813 0.027633514 128.609054565
0.013836759 0.094834141 -0.995396972 -54.004344940 -0.152816355 0.983998060 0.091623873 -14.774255753 0.988157749 0.150845170 0.028107556 128.653747559
0.014935596 0.102335475 -0.994637787 -54.951911926 -0.162271395 0.981809616 0.098578922 -14.772515297 0.986633122 0.159928948 0.031270035 128.687057495
0.016404677 0.111923143 -0.993581414 -55.900947571 -0.167853013 0.979920805 0.107612953 -14.770838737 0.985675573 0.165010288 0.034861922 128.725585938
0.017761741 0.120013215 -0.992613316 -56.863624573 -0.168229446 0.978975117 0.115353987 -14.768124580 0.985587955 0.164937928 0.037578054 128.779479980
0.018701501 0.120868199 -0.992492378 -57.806274414 -0.169524401 0.978676319 0.115991317 -14.761550903 0.985348523 0.166082487 0.038792830 128.827133179
0.020003112 0.111181058 -0.993598759 -58.744213104 -0.171136156 0.979511321 0.106159404 -14.759008408 0.985044301 0.167917177 0.038620383 128.881195068
0.020696757 0.106132448 -0.994136572 -59.691364288 -0.169519275 0.980324447 0.101128712 -14.759149551 0.985309541 0.166432261 0.038281035 128.952011108
0.022962222 0.104606554 -0.994248509 -60.654991150 -0.168259889 0.980728507 0.099298120 -14.767168045 0.985475183 0.165012032 0.040120792 129.003265381
0.026693808 0.110985838 -0.993463516 -61.608959198 -0.169588774 0.979914546 0.104915455 -14.766973495 0.985153317 0.165679649 0.044979598 129.055374146
0.029884087 0.113159999 -0.993127286 -62.576320648 -0.172622114 0.979226530 0.106381744 -14.771412849 0.984534681 0.168256640 0.048797213 129.120147705
0.033864576 0.107752435 -0.993600845 -63.533016205 -0.171792582 0.980001390 0.100422472 -14.769661903 0.984550953 0.167292491 0.051698402 129.181579590
0.036491215 0.101923130 -0.994122684 -64.488914490 -0.171486616 0.980667889 0.094248913 -14.782802582 0.984510541 0.167039469 0.053264216 129.262344360
0.040094528 0.101819411 -0.993994594 -65.441093445 -0.168974459 0.981157541 0.093688563 -14.788167000 0.984804630 0.164203301 0.056543931 129.333557129
0.042665150 0.106501631 -0.993396759 -66.395942688 -0.166390792 0.981173456 0.098044902 -14.802019119 0.985136449 0.161108971 0.059582796 129.415420532
0.045776989 0.113317415 -0.992503822 -67.373283386 -0.166164264 0.980567634 0.104290709 -14.806589127 0.985035002 0.160144538 0.063716747 129.501373291
0.049126968 0.117023245 -0.991913319 -68.328758240 -0.164033622 0.980573118 0.107561164 -14.806615829 0.985230744 0.157423005 0.067368329 129.578201294
0.050681368 0.118426599 -0.991668582 -69.290573120 -0.163522422 0.980528593 0.108739071 -14.807360649 0.985237002 0.156649008 0.069059931 129.669601440
0.052592490 0.115854368 -0.991872787 -70.249298096 -0.161725834 0.981123745 0.106023572 -14.806484222 0.985433340 0.154835418 0.070336379 129.753219604
0.053096563 0.114175268 -0.992040694 -71.205390930 -0.159007818 0.981733561 0.104478486 -14.811584473 0.985848486 0.152194783 0.070281439 129.842193604
0.053367473 0.110496603 -0.992442667 -72.146125793 -0.155917317 0.982591271 0.101015501 -14.820748329 0.986327350 0.149348065 0.069666758 129.934799194
0.053359497 0.110763557 -0.992413282 -73.116806030 -0.154985383 0.982704580 0.101346806 -14.822408676 0.986474633 0.148401752 0.069603354 130.014801025
0.052179672 0.114568174 -0.992044032 -74.063316345 -0.151306093 0.982835889 0.105546340 -14.819007874 0.987108767 0.144594923 0.068618909 130.119445801
0.052109197 0.116896950 -0.991776049 -75.041702271 -0.146192059 0.983319163 0.108219042 -14.827506065 0.987882853 0.139350548 0.068329372 130.205154419
0.050988216 0.113016792 -0.992283940 -75.990371704 -0.143038675 0.984159112 0.104741409 -14.824967384 0.988402843 0.136594385 0.066346280 130.293060303
0.049707863 0.109634019 -0.992728233 -76.939559937 -0.144689992 0.984262168 0.101454109 -14.830640793 0.988227725 0.138594761 0.064788520 130.374755859
0.048419319 0.105496228 -0.993240178 -77.920875549 -0.141241834 0.985137403 0.097750209 -14.826569557 0.988790333 0.135554060 0.062600166 130.450881958
0.047828898 0.106651187 -0.993145466 -78.870666504 -0.141712964 0.984950244 0.098946393 -14.831243515 0.988751590 0.136009082 0.062222946 130.517868042
0.046629388 0.107907079 -0.993066847 -79.819564819 -0.142252505 0.984733403 0.100322105 -14.832651138 0.988731444 0.136588290 0.061267566 130.599288940
0.046109982 0.109136172 -0.992956698 -80.786392212 -0.144866869 0.984236479 0.101450518 -14.842404366 0.988376200 0.139168650 0.061193328 130.661407471
0.044051915 0.109035298 -0.993061244 -81.737388611 -0.144556656 0.984260798 0.101656526 -14.836802483 0.988515437 0.139075458 0.059120346 130.743865967
0.042285211 0.109583817 -0.993077695 -82.691078186 -0.144876689 0.984133720 0.102428019 -14.838797569 0.988545656 0.139542595 0.057490442 130.811492920
0.040357959 0.112724788 -0.992806256 -83.636901855 -0.144782111 0.983789146 0.105815530 -14.841033936 0.988640130 0.139470056 0.056024242 130.884719849
0.038810492 0.116903968 -0.992384613 -84.598793030 -0.146631569 0.983048260 0.110069640 -14.833622932 0.988429546 0.141243055 0.055294406 130.937789917
0.036553811 0.121373251 -0.991933703 -85.547691345 -0.147641584 0.982360363 0.114761107 -14.820306778 0.988365173 0.142255694 0.053828754 131.005340576
0.034727339 0.121603824 -0.991971076 -86.495971680 -0.147859722 0.982271731 0.115238473 -14.819688797 0.988398552 0.142670602 0.052091978 131.069030762
0.033393413 0.115683429 -0.992724776 -87.440261841 -0.148135185 0.982880354 0.109553315 -14.810716629 0.988403201 0.143399104 0.049958527 131.135757446
0.031131430 0.111115068 -0.993319869 -88.378646851 -0.152876824 0.982637525 0.105128855 -14.803718567 0.987754762 0.148582771 0.047577836 131.198593140
0.030850159 0.108671173 -0.993598938 -89.351364136 -0.151471600 0.983099520 0.102819800 -14.795297623 0.987980068 0.147330031 0.046789370 131.247634888
0.029861923 0.109883010 -0.993495822 -90.302543640 -0.147424385 0.983553112 0.104352131 -14.801329613 0.988622427 0.143349379 0.045570225 131.310516357
0.029287733 0.110891789 -0.993400812 -91.256439209 -0.144025803 0.983924687 0.105587766 -14.797094345 0.989140451 0.139982924 0.044788197 131.376739502
0.028048741 0.110992104 -0.993425429 -92.201995850 -0.139162734 0.984571993 0.106073782 -14.801202774 0.989872217 0.135272563 0.043061968 131.444763184
0.027002189 0.108099878 -0.993773282 -93.147491455 -0.134997591 0.985422969 0.103523500 -14.803942680 0.990477979 0.131361619 0.041201796 131.507522583
0.026219429 0.104775965 -0.994150162 -94.120536804 -0.129714519 0.986440778 0.100542381 -14.809576988 0.991204679 0.126319513 0.039454885 131.563171387
0.025119474 0.107300907 -0.993909240 -95.081283569 -0.127792224 0.986410737 0.103261635 -14.814217567 0.991482794 0.124419987 0.038490336 131.622299194
0.023615090 0.109874569 -0.993664920 -96.025032043 -0.127387598 0.986170650 0.106018446 -14.815898895 0.991571903 0.124076925 0.037285160 131.685943604
0.022684742 0.107822768 -0.993911266 -96.979957581 -0.122923627 0.986924350 0.104259245 -14.813702583 0.992156863 0.119810082 0.035642091 131.730484009
0.019389134 0.104849182 -0.994299233 -97.935066223 -0.120724343 0.987455249 0.101773337 -14.818516731 0.992496669 0.118062794 0.031803746 131.794052124
0.016501971 0.102261961 -0.994620681 -98.883735657 -0.119717032 0.987802029 0.099574640 -14.819492340 0.992670774 0.117429845 0.028543174 131.848007202
0.014231847 0.101263829 -0.994757712 -99.843666077 -0.113437951 0.988599062 0.099013932 -14.830748558 0.993443131 0.111434124 0.025556751 131.897125244
0.011340400 0.101111189 -0.994810522 -100.788116455 -0.107391648 0.989243329 0.099321127 -14.824005127 0.994152009 0.105707988 0.022076912 131.954635620
0.008886328 0.108605742 -0.994045198 -101.781143188 -0.097304337 0.989460826 0.107234992 -14.823549271 0.995214999 0.095771983 0.019360481 132.013549805
0.006285110 0.116951294 -0.993117690 -102.739852905 -0.089382440 0.989227772 0.115927532 -14.822235107 0.995977581 0.088038675 0.016670797 132.069976807
0.002832795 0.116041183 -0.993240416 -103.692695618 -0.085364431 0.989646792 0.115377888 -14.814636230 0.996345758 0.084460549 0.012709259 132.121398926
0.000585297 0.106197499 -0.994344890 -104.649314880 -0.086306572 0.990640163 0.105751045 -14.817442894 0.996268570 0.085756592 0.009745364 132.151504517
-0.001540946 0.096724562 -0.995310009 -105.596305847 -0.088103324 0.991427660 0.096483670 -14.816753387 0.996110201 0.087838799 0.006994019 132.189773560
-0.002290926 0.098577417 -0.995126724 -106.547355652 -0.095519401 0.990557611 0.098344691 -14.823822975 0.995424926 0.095279202 0.007146761 132.218261719
-0.002840816 0.107752241 -0.994173706 -107.519485474 -0.098809659 0.989282310 0.107504435 -14.810795784 0.995102286 0.098539352 0.007836593 132.248214722
-0.004232939 0.119072609 -0.992876470 -108.483047485 -0.102745853 0.987578809 0.118875317 -14.799859047 0.994698703 0.102517143 0.008053856 132.276840210
-0.005773970 0.120990328 -0.992636919 -109.424575806 -0.109939747 0.986559331 0.120889015 -14.792641640 0.993921518 0.109828249 0.007605281 132.310028076
-0.005421658 0.117891416 -0.993011653 -110.406532288 -0.117087387 0.986120820 0.117712595 -14.774642944 0.993106782 0.116907351 0.008457188 132.328628540
-0.005723403 0.113973923 -0.993467331 -111.360733032 -0.125229523 0.985580683 0.113790609 -14.763566971 0.992111325 0.125062704 0.008632026 132.354324341
-0.003893631 0.115931727 -0.993249655 -112.326141357 -0.129739076 0.984803617 0.115454495 -14.746187210 0.991540611 0.129312798 0.011206411 132.382522583
-0.002019627 0.117163800 -0.993110478 -113.312484741 -0.137768283 0.983610034 0.116323143 -14.729118347 0.990462422 0.137054026 0.014154930 132.404067993
-0.001205456 0.120099388 -0.992761135 -114.278213501 -0.147153139 0.981932998 0.118968144 -14.714327812 0.989112973 0.146231368 0.016489327 132.422561646
-0.001342765 0.122462563 -0.992472172 -115.250991821 -0.152681053 0.980811715 0.121230327 -14.696477890 0.988274574 0.151694492 0.017380713 132.453643799
-0.001200227 0.121263735 -0.992619574 -116.227233887 -0.155963898 0.980450630 0.119965695 -14.683968544 0.987761974 0.154956833 0.017736001 132.498092651
0.000314394 0.111961871 -0.993712485 -117.181976318 -0.155024722 0.981704593 0.110559888 -14.688495636 0.987910569 0.154015243 0.017665502 132.531112671
0.001733265 0.100329071 -0.994952798 -118.132652283 -0.158094764 0.982469261 0.098794818 -14.680564880 0.987422407 0.157125577 0.017564377 132.569503784
