1.000000000 0.000000000 0.000000000 0.000000000 0.000000000 1.000000000 0.000000000 0.000000000 0.000000000 0.000000000 1.000000000 0.000000000
0.999997795 -0.001606079 -0.001333368 0.048976235 0.001603222 0.999996424 -0.002141295 -0.132976338 0.001336802 0.002139153 0.999996841 1.297984600
0.999997735 -0.000018447 -0.002117723 0.103986517 0.000004886 0.999979436 -0.006403401 -0.266925246 0.002117798 0.006403375 0.999977231 2.604925632
0.999996006 0.002455627 -0.001345430 0.147935227 -0.002466255 0.999965429 -0.007955721 -0.404703289 0.001325847 0.007959008 0.999967456 3.908588171
0.999983609 0.005740598 0.000195334 0.193178207 -0.005739171 0.999961376 -0.006657179 -0.543876231 -0.000233542 0.006655949 0.999977827 5.219542503
0.999976039 0.006507662 0.002355262 0.243261233 -0.006499986 0.999973714 -0.003251646 -0.689265668 -0.002376361 0.003236259 0.999991894 6.538186550
0.999961913 0.006680827 0.005614073 0.300390810 -0.006670192 0.999975979 -0.001910836 -0.826747954 -0.005626705 0.001873316 0.999982417 7.841245651
0.999944866 0.005231970 0.009096780 0.353677928 -0.005214528 0.999984622 -0.001939948 -0.959346592 -0.009106789 0.001892406 0.999956667 9.143747330
0.999915183 0.003884987 0.012428438 0.431570292 -0.003862056 0.999990821 -0.001868524 -1.095955729 -0.012435584 0.001820366 0.999920964 10.443525314
0.999871373 0.002756577 0.015800465 0.497366607 -0.002715420 0.999992847 -0.002625599 -1.234205365 -0.015807590 0.002582356 0.999871731 11.752550125
0.999813735 0.001678253 0.019226050 0.573291481 -0.001611489 0.999992609 -0.003487514 -1.371162057 -0.019231765 0.003455882 0.999809086 13.044921875
0.999744415 0.001579702 0.022549825 0.641896963 -0.001502386 0.999992847 -0.003445219 -1.518689275 -0.022555105 0.003410460 0.999739766 14.367704391
0.999664426 0.001510951 0.025860582 0.727161229 -0.001397677 0.999989271 -0.004397666 -1.657664180 -0.025866952 0.004360046 0.999655783 15.665198326
0.999571145 0.002297089 0.029193928 0.805804849 -0.002168189 0.999987900 -0.004446187 -1.795445442 -0.029203780 0.004380983 0.999563873 16.970941544
0.999474585 0.001992993 0.032351635 0.896413267 -0.001864911 0.999990404 -0.003988769 -1.935879946 -0.032359272 0.003926341 0.999468625 18.257301331
0.999407232 0.000100291 0.034426656 0.995628953 0.000030894 0.999992728 -0.003810003 -2.078022242 -0.034426793 0.003808809 0.999399960 19.554712296
0.999342620 -0.002412452 0.036171511 1.092102289 0.002599728 0.999983490 -0.005131301 -2.218338251 -0.036158521 0.005221965 0.999332368 20.828697205
0.999302268 -0.001882547 0.037302256 1.190429926 0.002132036 0.999975622 -0.006649638 -2.363737583 -0.037288819 0.006724529 0.999281883 22.138029099
0.999257207 -0.001742655 0.038498100 1.273765206 0.002097171 0.999955773 -0.009170222 -2.509115696 -0.038480420 0.009244148 0.999216616 23.423835754
0.999222815 -0.001342882 0.039395656 1.379626870 0.001770967 0.999939740 -0.010833406 -2.649760246 -0.039378744 0.010894755 0.999164939 24.709608078
0.999180615 -0.000811708 0.040466953 1.481019258 0.001273379 0.999934316 -0.011384122 -2.796931505 -0.040455054 0.011426322 0.999116063 25.980146408
0.999160528 -0.002266084 0.040903892 1.581802964 0.002689503 0.999943316 -0.010299478 -2.943408966 -0.040878236 0.010400841 0.999109983 27.262422562
0.999157369 -0.005276883 0.040702693 1.686028838 0.005651353 0.999942660 -0.009090548 -3.090617657 -0.040652405 0.009312915 0.999129891 28.540298462
0.999176383 -0.006690884 0.040021207 1.781116009 0.007082524 0.999928296 -0.009652038 -3.236408234 -0.039953753 0.009927539 0.999152184 29.830505371
0.999197900 -0.008324855 0.039170336 1.887796044 0.008808838 0.999886811 -0.012199516 -3.382071495 -0.039064344 0.012534775 0.999158025 31.099575043
0.999220073 -0.008443144 0.038573597 1.989549398 0.008927791 0.999883115 -0.012409332 -3.529414654 -0.038464312 0.012744029 0.999178827 32.384769440
0.999233127 -0.008850296 0.038140174 2.084718227 0.009340467 0.999875784 -0.012692835 -3.675218821 -0.038023107 0.013039348 0.999191761 33.650260925
0.999248028 -0.009503420 0.037590880 2.180769920 0.009989716 0.999868572 -0.012769941 -3.817652225 -0.037464585 0.013135861 0.999211550 34.915485382
0.999262631 -0.010039953 0.037060209 2.275982857 0.010541535 0.999855042 -0.013363727 -3.962606907 -0.036920678 0.013744543 0.999223709 36.175437927
0.999305844 -0.010579237 0.035717778 2.391731739 0.011068868 0.999847054 -0.013538548 -4.119315147 -0.035569083 0.013924506 0.999270201 37.465099335
0.999297738 -0.010275610 0.036034081 2.478208065 0.010707384 0.999872923 -0.011809940 -4.264862537 -0.035908148 0.012187475 0.999280751 38.727844238
0.999262989 -0.010319285 0.036973022 2.581615925 0.010719975 0.999885678 -0.010655500 -4.406690121 -0.036858838 0.011043995 0.999259591 39.996849060
0.999185264 -0.012073174 0.038511697 2.694509268 0.012419675 0.999884427 -0.008770683 -4.551805496 -0.038401354 0.009241840 0.999219656 41.248249054
0.999072254 -0.013244988 0.040978782 2.788105965 0.013670608 0.999855280 -0.010123557 -4.696957588 -0.040838774 0.010674370 0.999108732 42.511775970
0.998951137 -0.014509605 0.043430954 2.884097815 0.015099512 0.999797702 -0.013285540 -4.845556259 -0.043229401 0.013927389 0.998968065 43.761875153
0.998848498 -0.015454936 0.045418877 2.990670919 0.016119601 0.999767721 -0.014304486 -4.993993282 -0.045187246 0.015020148 0.998865604 45.024768829
0.998713851 -0.015625075 0.048233543 3.113251209 0.016284415 0.999778807 -0.013307226 -5.125285625 -0.048014946 0.014075566 0.998747408 46.258846283
0.998525262 -0.016796540 0.051625226 3.227851629 0.017320065 0.999802828 -0.009710248 -5.283459663 -0.051451940 0.010590082 0.998619318 47.534347534
0.998240471 -0.019711038 0.055922329 3.342453241 0.020174462 0.999766588 -0.007734525 -5.421169758 -0.055756811 0.008849119 0.998405159 48.762447357
0.998014927 -0.021946616 0.059028678 3.475404739 0.022462072 0.999715030 -0.008082928 -5.563129902 -0.058834467 0.009392789 0.998223543 50.010860443
0.997743607 -0.025207466 0.062225457 3.619552135 0.026010368 0.999588192 -0.012126879 -5.695752144 -0.061894137 0.013718026 0.997988403 51.242382050
0.997439086 -0.026324233 0.066499554 3.742278099 0.027191546 0.999556065 -0.012170893 -5.832436562 -0.066149652 0.013947949 0.997712195 52.481422424
0.997090816 -0.028730808 0.070600502 3.872513533 0.029488042 0.999517918 -0.009706693 -5.971694946 -0.070287600 0.011760326 0.997457385 53.700984955
0.996819556 -0.031487010 0.073209345 4.035637379 0.032023739 0.999468029 -0.006168897 -6.107026577 -0.072976172 0.008493712 0.997297525 54.890972137
0.996530652 -0.034209818 0.075870477 4.158565998 0.034660157 0.999388456 -0.004626457 -6.239803791 -0.075665824 0.007240089 0.997106910 56.133556366
0.996369243 -0.037516568 0.076423563 4.323238373 0.037747778 0.999285996 -0.001582663 -6.361057758 -0.076309614 0.004461736 0.997074187 57.332622528
0.996164680 -0.040044591 0.077795960 4.454596996 0.040160179 0.999193370 0.000078672 -6.494066715 -0.077736326 0.003045930 0.996969283 58.558967590
0.996108115 -0.041860733 0.077564508 4.599890709 0.042249534 0.999101460 -0.003377714 -6.615954876 -0.077353403 0.006641632 0.996981621 59.750301361
0.996146560 -0.042973850 0.076453649 4.757580280 0.043668754 0.999018490 -0.007440003 -6.749048710 -0.076058887 0.010749969 0.997045338 60.956710815
0.996169508 -0.044366479 0.075352579 4.896612644 0.045350913 0.998906136 -0.011403079 -6.879056454 -0.074764237 0.014776709 0.997091770 62.138278961
0.996157229 -0.046788905 0.074037693 5.036011219 0.047921523 0.998758495 -0.013595074 -7.016674519 -0.073309682 0.017090833 0.997162759 63.357761383
0.996298909 -0.046736706 0.072140805 5.171029568 0.047835369 0.998762906 -0.013576630 -7.151203156 -0.071417034 0.016977264 0.997301996 64.532402039
0.996534526 -0.046132538 0.069214709 5.307471752 0.047146428 0.998802185 -0.013086229 -7.293199539 -0.068528078 0.016304102 0.997516096 65.756752014
0.996770740 -0.045348942 0.066267923 5.429323196 0.046186607 0.998870492 -0.011163092 -7.423015118 -0.065686814 0.014187736 0.997739494 66.933067322
0.997205496 -0.041579906 0.062067229 5.561353683 0.042115774 0.999085665 -0.007350034 -7.558474541 -0.061704878 0.009943503 0.998044908 68.125160217
0.997501493 -0.039512686 0.058561020 5.681457043 0.039877042 0.999191761 -0.005065828 -7.684971333 -0.058313522 0.007388410 0.998270988 69.307723999
0.997716844 -0.038488202 0.055496722 5.790120125 0.039003022 0.999205291 -0.008222916 -7.819322109 -0.055136140 0.010368681 0.998425007 70.475509644
0.997880161 -0.038940921 0.052142520 5.904389858 0.039782435 0.999092698 -0.015198878 -7.954794884 -0.051503345 0.017241009 0.998524010 71.660835266
0.997892201 -0.042789642 0.048787288 6.011985779 0.043720525 0.998878419 -0.018175324 -8.089972496 -0.047954850 0.020270020 0.998643816 72.832679749
0.997924626 -0.046671618 0.044363957 6.125222206 0.047306813 0.998790801 -0.013377105 -8.227209091 -0.043685980 0.015448060 0.998925865 74.005790710
0.997929335 -0.050377261 0.039989866 6.230852127 0.050742187 0.998678386 -0.008162932 -8.356476784 -0.039525785 0.010175205 0.999166727 75.167755127
0.997982323 -0.052549850 0.035634059 6.326123714 0.052775662 0.998591781 -0.005426129 -8.484085083 -0.035298727 0.007295793 0.999350190 76.351142883
0.998158216 -0.051841043 0.031507291 6.415503025 0.051955428 0.998645425 -0.002822121 -8.610626221 -0.031318314 0.004453898 0.999499559 77.509498596
0.998288453 -0.051480472 0.027747076 6.506093025 0.051580027 0.998664737 -0.002883711 -8.727180481 -0.027561571 0.004309971 0.999610841 78.664520264
0.998441339 -0.050126892 0.024539290 6.577015877 0.050257381 0.998725057 -0.004729538 -8.858107567 -0.024270933 0.005955446 0.999687672 79.828781128
0.998630702 -0.047829196 0.021193648 6.653203011 0.048040532 0.998799503 -0.009576961 -8.987032890 -0.020710148 0.010582002 0.999729574 80.973152161
0.998548508 -0.051049352 0.017170906 6.739594460 0.051301468 0.998576820 -0.014577460 -9.124370575 -0.016402300 0.015437195 0.999746323 82.131988525
0.998397827 -0.054598089 0.014850975 6.793917656 0.054826260 0.998376846 -0.015417225 -9.255368233 -0.013985120 0.016206749 0.999770820 83.257606506
0.998433650 -0.054833278 0.011116102 6.862004280 0.054963060 0.998419523 -0.011727177 -9.385692596 -0.010455496 0.012319782 0.999869466 84.395477295
0.998432159 -0.055371590 0.008205548 6.930742264 0.055446550 0.998419285 -0.009208025 -9.515820503 -0.007682715 0.009648560 0.999923885 85.529411316
0.998572052 -0.052886669 0.007540050 6.972972393 0.052969132 0.998533428 -0.011190788 -9.640918732 -0.006937149 0.011574197 0.999908864 86.677215576
0.998759747 -0.049253132 0.007285498 7.024323940 0.049354859 0.998675942 -0.014511883 -9.766795158 -0.006561095 0.014853461 0.999868095 87.797531128
0.998848796 -0.047592279 0.006002801 7.086612225 0.047688603 0.998716295 -0.017078286 -9.893671036 -0.005182300 0.017344892 0.999836147 88.895393372
0.998762190 -0.049473107 0.005148566 7.134229183 0.049556915 0.998614907 -0.017674224 -10.035284042 -0.004267036 0.017907493 0.999830484 90.077117920
0.998712957 -0.050573755 0.003846521 7.186312675 0.050626174 0.998604476 -0.015035616 -10.165121078 -0.003080745 0.015210999 0.999879539 91.193359375
0.998660564 -0.051663063 0.002841036 7.239017487 0.051694158 0.998587787 -0.012250710 -10.295879364 -0.002204114 0.012381168 0.999920905 92.307594299
0.998684287 -0.051238243 0.002076278 7.301585197 0.051259000 0.998617649 -0.011633967 -10.417271614 -0.001477304 0.011725088 0.999930143 93.457832336
0.998653173 -0.051841144 0.002082569 7.348163605 0.051864915 0.998559833 -0.013720850 -10.544795990 -0.001368265 0.013810382 0.999903619 94.567024231
0.998650849 -0.051909208 0.001360704 7.409005642 0.051925138 0.998495221 -0.017636884 -10.673033714 -0.000443140 0.017683743 0.999843478 95.674873352
0.998625278 -0.052400772 0.001261314 7.456522942 0.052415207 0.998450756 -0.018670708 -10.811131477 -0.000281001 0.018711146 0.999824822 96.795173645
0.998585045 -0.053172208 0.000832107 7.515463829 0.053178672 0.998439670 -0.017036166 -10.941723824 0.000075042 0.017056312 0.999854445 97.880577087
0.998641074 -0.052084524 0.001859084 7.559340954 0.052102964 0.998571336 -0.011855190 -11.063376427 -0.001238956 0.011935944 0.999927998 98.970138550
0.998725772 -0.050367177 0.003152807 7.608881950 0.050392080 0.998694241 -0.008393912 -11.183225632 -0.002725912 0.008542093 0.999959767 100.035209656
0.998824179 -0.048176598 0.005394385 7.650972366 0.048220411 0.998802125 -0.008308850 -11.304299355 -0.004987632 0.008559201 0.999950945 101.094390869
0.998899519 -0.046267014 0.007685983 7.699769497 0.046342198 0.998876452 -0.009911429 -11.426507950 -0.007218775 0.010256707 0.999921381 102.129867554
0.998848617 -0.046839453 0.010364279 7.751572609 0.046968296 0.998817444 -0.012558094 -11.544777870 -0.009763809 0.013030426 0.999867499 103.149551392
0.998764277 -0.048230805 0.011982032 7.801800728 0.048392195 0.998736203 -0.013565585 -11.657452583 -0.011312610 0.014128660 0.999836147 104.162345886
0.998647392 -0.050065760 0.014033475 7.862083435 0.050246391 0.998654366 -0.012828065 -11.770513535 -0.013372345 0.013515843 0.999819219 105.144592285
0.998613775 -0.050207928 0.015797546 7.917680740 0.050394528 0.998661518 -0.011644300 -11.887336731 -0.015191765 0.012424267 0.999807477 106.124732971
0.998565257 -0.050944634 0.016493492 7.997249603 0.051112659 0.998643517 -0.009931132 -11.997369766 -0.015965179 0.010759907 0.999814749 107.055061340
0.998494267 -0.051595919 0.018626068 8.052986145 0.051793072 0.998605132 -0.010261996 -12.105024338 -0.018070612 0.011211246 0.999773860 107.971435547
0.998489022 -0.051178586 0.020010203 8.115629196 0.051359989 0.998642683 -0.008659017 -12.201166153 -0.019539891 0.009673657 0.999762237 108.872390747
0.998491883 -0.050252326 0.022107685 8.170949936 0.050408110 0.998707235 -0.006546157 -12.299400330 -0.021750145 0.007650692 0.999734223 109.741264343
0.998455524 -0.050560523 0.023024159 8.236631393 0.050651819 0.998710573 -0.003398936 -12.400343895 -0.022822620 0.004559902 0.999729156 110.601242065
0.998409927 -0.050653081 0.024734987 8.296382904 0.050755233 0.998704910 -0.003519408 -12.490262032 -0.024524685 0.004769242 0.999687791 111.426193237
0.998431325 -0.049722716 0.025737938 8.349569321 0.049801700 0.998756111 -0.002436248 -12.582794189 -0.025584787 0.003714219 0.999665737 112.236160278
0.998535931 -0.047396071 0.026069527 8.403934479 0.047467478 0.998870492 -0.002126794 -12.662320137 -0.025939280 0.003361134 0.999657869 113.015159607
0.998665810 -0.044931374 0.025451597 8.451137543 0.044929285 0.998989999 0.000654267 -12.737904549 -0.025455283 0.000490127 0.999675870 113.774093628
0.998746753 -0.044626236 0.022659237 8.494359970 0.044595905 0.999003410 0.001842358 -12.822925568 -0.022718875 -0.000829540 0.999741554 114.515846252
0.998859882 -0.044833988 0.016395332 8.529191017 0.044805590 0.998993456 0.002095704 -12.898386002 -0.016472790 -0.001358712 0.999863386 115.212554932
0.999047875 -0.043248907 0.005726853 8.559062004 0.043242704 0.999063849 0.001201288 -12.975646973 -0.005773446 -0.000952499 0.999982834 115.879158020
0.999152720 -0.040396236 -0.007870322 8.556999207 0.040382862 0.999182582 -0.001852404 -13.041838646 0.007938717 0.001533008 0.999967277 116.525184631
0.998865128 -0.039017227 -0.027320063 8.563673973 0.038911596 0.999232948 -0.004387632 -13.110404968 0.027470302 0.003319585 0.999617100 117.150390625
0.998077035 -0.037343144 -0.049476564 8.526775360 0.037056535 0.999290764 -0.006697991 -13.179848671 0.049691595 0.004851680 0.998752832 117.737556458
0.996363461 -0.035714533 -0.077358454 8.489830971 0.035139978 0.999343932 -0.008776162 -13.244537354 0.077621125 0.006025873 0.996964693 118.305465698
0.993390501 -0.033672132 -0.109734878 8.420143127 0.032709591 0.999409080 -0.010560396 -13.312866211 0.110025622 0.006901213 0.993904769 118.852882385
0.989076316 -0.028880009 -0.144547790 8.308324814 0.027439121 0.999552071 -0.011952373 -13.379184723 0.144828200 0.007855545 0.989425600 119.394332886
0.982745349 -0.023257118 -0.183495685 8.208293915 0.021531075 0.999703348 -0.011393431 -13.436245918 0.183706224 0.007245983 0.982954502 119.901214600
0.974200308 -0.017891889 -0.224974990 8.066560745 0.016216232 0.999825239 -0.009293959 -13.494935989 0.225101978 0.005405932 0.974320173 120.403137207
0.962861121 -0.013174079 -0.269675612 7.893087387 0.011435414 0.999902487 -0.008017320 -13.549770355 0.269754916 0.004635714 0.962917805 120.898597717
0.948671043 -0.006967488 -0.316187859 7.701881409 0.004594635 0.999955356 -0.008249463 -13.608954430 0.316231310 0.006373258 0.948660731 121.358276367
0.931225896 0.000667424 -0.364441872 7.477134705 -0.004298924 0.999948740 -0.009153394 -13.662517548 0.364417136 0.010090585 0.931181133 121.824317932
0.910149157 0.005636721 -0.414242327 7.217128754 -0.010701721 0.999893606 -0.009907340 -13.718696594 0.414142430 0.013450263 0.910112739 122.269561768
0.885020852 0.009890424 -0.465446293 6.950366974 -0.015739027 0.999838471 -0.008681005 -13.771689415 0.465285271 0.015008542 0.885033607 122.682716370
0.856204152 0.013062376 -0.516472399 6.660690308 -0.020414677 0.999754965 -0.008557969 -13.814667702 0.516234100 0.017870983 0.856261015 123.081420898
0.824639559 0.022954559 -0.565192580 6.335376740 -0.031226758 0.999499977 -0.004967750 -13.866853714 0.564795971 0.021745732 0.824944019 123.448303223
0.790620685 0.035962567 -0.611249328 5.993759155 -0.043932837 0.999032557 0.001952675 -13.913674355 0.610728085 0.025310092 0.791435659 123.797119141
0.754462361 0.044712339 -0.654818475 5.638221741 -0.055102646 0.998469651 0.004689905 -13.954338074 0.654026091 0.032543875 0.755771637 124.117805481
0.714637518 0.048493266 -0.697811961 5.270942688 -0.062238004 0.998045564 0.005618809 -14.000049591 0.696720600 0.039415002 0.716259003 124.414138794
0.672111809 0.050226886 -0.738744080 4.891208649 -0.064991273 0.997847736 0.008713963 -14.046206474 0.737591982 0.042155165 0.673929572 124.699577332
0.628579915 0.053618100 -0.775894582 4.477935791 -0.068346001 0.997569442 0.013567371 -14.078508377 0.774736166 0.044501118 0.630716681 124.967056274
0.583465695 0.062485084 -0.809730411 4.053321838 -0.079661727 0.996631145 0.019506119 -14.112614632 0.808221459 0.053123370 0.586477637 125.198165894
0.538021386 0.071214691 -0.839917660 3.607963562 -0.091179259 0.995495081 0.025999557 -14.135757446 0.837985277 0.062594749 0.542090893 125.406890869
0.490482926 0.076013304 -0.868129253 3.154323578 -0.096463084 0.994802415 0.032604270 -14.163634300 0.866095543 0.067750596 0.495266020 125.615692139
0.443861723 0.077003889 -0.892780602 2.679840088 -0.095878370 0.994662702 0.038123764 -14.182232857 0.890951157 0.068676673 0.448875695 125.795150757
0.397057980 0.078788966 -0.914405346 2.207309723 -0.093594521 0.994590342 0.045056913 -14.204381943 0.913008690 0.067693144 0.402284294 125.960952759
0.350748956 0.081634678 -0.932904541 1.714420319 -0.095083557 0.994149387 0.051244896 -14.227005005 0.931629837 0.070729785 0.356458962 126.112571716
0.306795895 0.084781736 -0.947991788 1.209007263 -0.100507863 0.993341506 0.056310423 -14.247637749 0.946453512 0.078004815 0.313274324 126.231552124
0.265747458 0.086495683 -0.960154533 0.690027237 -0.105219223 0.992619276 0.060298145 -14.264052391 0.958283484 0.085002638 0.272887081 126.330451965
0.226710379 0.083010286 -0.970418274 0.163509369 -0.105755344 0.992568374 0.060198322 -14.280205727 0.968203604 0.088979349 0.233804360 126.425125122
0.192228705 0.078191742 -0.978230119 -0.373100281 -0.100754224 0.993125618 0.059583489 -14.300484657 0.976164222 0.087107152 0.198785424 126.512405396
0.161783636 0.073026530 -0.984120548 -0.928144455 -0.098056205 0.993512392 0.057603605 -14.317198753 0.981942534 0.087179810 0.167894721 126.591110229
0.134483144 0.071405463 -0.988339782 -1.490375519 -0.098293714 0.993442416 0.058399320 -14.341947556 0.986028731 0.089293852 0.140619978 126.671768188
0.112278312 0.070767678 -0.991153657 -2.071765900 -0.099344678 0.993262708 0.059664451 -14.358650208 0.988698304 0.091766812 0.118552268 126.737274170
0.094373986 0.071937077 -0.992934287 -2.677488327 -0.101759136 0.992859006 0.062259860 -14.370777130 0.990322471 0.095164441 0.101020321 126.782173157
0.077910677 0.070317425 -0.994477391 -3.281511307 -0.102588840 0.992779791 0.062160246 -14.396039963 0.991667986 0.097179346 0.084561944 126.836929321
0.064032763 0.069328912 -0.995536685 -3.899659634 -0.101972349 0.992816806 0.062580653 -14.423583984 0.992724299 0.097510017 0.070642456 126.884918213
0.051516496 0.066698812 -0.996442318 -4.546971321 -0.096435711 0.993436635 0.061511867 -14.446834564 0.994005084 0.092923746 0.057610530 126.939781189
0.039325781 0.064133584 -0.997166216 -5.193898678 -0.094121195 0.993739009 0.060201254 -14.465383530 0.994783759 0.091487020 0.045115899 126.983291626
0.028451126 0.063868329 -0.997552693 -5.852978706 -0.093552731 0.993746579 0.060956437 -14.487234116 0.995207727 0.091589496 0.034248270 127.018531799
0.019562088 0.065293692 -0.997674286 -6.524211884 -0.097094350 0.993272901 0.063101843 -14.509888649 0.995082855 0.095634155 0.025770143 127.028160095
0.011036942 0.064333372 -0.997867405 -7.225960255 -0.099848680 0.993011475 0.062915929 -14.531502724 0.994941354 0.098941319 0.017383413 127.048477173
0.004654868 0.063688122 -0.997958958 -7.912764072 -0.102461986 0.992747664 0.062877625 -14.552749634 0.994725943 0.101960175 0.011146722 127.066032410
-0.000931460 0.065157257 -0.997874439 -8.608347893 -0.103032753 0.992558002 0.064906284 -14.575296402 0.994677544 0.102874212 0.005788802 127.083511353
-0.004398297 0.067310296 -0.997722387 -9.324869156 -0.104329124 0.992256403 0.067401439 -14.593945503 0.994533122 0.104387954 0.002658186 127.106399536
-0.005213398 0.070807815 -0.997476399 -10.042716026 -0.106632330 0.991763115 0.070959575 -14.614645004 0.994284809 0.106733158 0.002379945 127.119323730
-0.006237181 0.074422836 -0.997207284 -10.775923729 -0.109541140 0.991174519 0.074657753 -14.631409645 0.993962705 0.109700881 0.001970229 127.131019592
-0.007487882 0.080319792 -0.996740997 -11.503851891 -0.114557438 0.990137517 0.080648258 -14.646018028 0.993388414 0.114787959 0.001787195 127.141838074
-0.008794929 0.083794370 -0.996444166 -12.241329193 -0.117480479 0.989495277 0.084246911 -14.658359528 0.993036270 0.117803693 0.001141662 127.159500122
-0.010287704 0.084518060 -0.996368766 -12.986982346 -0.116798975 0.989499331 0.085141324 -14.676517487 0.993102312 0.117250763 -0.000308054 127.175300598
-0.011404546 0.081024013 -0.996646762 -13.751208305 -0.114785671 0.990016758 0.081798494 -14.692377090 0.993324757 0.115333661 -0.001990295 127.191825867
-0.012662169 0.077584416 -0.996905386 -14.515048027 -0.117851920 0.989920557 0.078537717 -14.699262619 0.992950380 0.118481658 -0.003391067 127.200645447
-0.014239241 0.078928843 -0.996778548 -15.280381203 -0.122919157 0.989180267 0.080083109 -14.708920479 0.992314577 0.123663500 -0.004383310 127.207435608
-0.015767684 0.083087750 -0.996417522 -16.045524597 -0.120350361 0.989138484 0.084385253 -14.727319717 0.992606282 0.121249750 -0.005596783 127.219635010
-0.017428875 0.081915677 -0.996486843 -16.830049515 -0.119281858 0.989350140 0.083415300 -14.732012749 0.992707431 0.120316654 -0.007472204 127.232818604
-0.019155914 0.081151821 -0.996517599 -17.611595154 -0.122342825 0.989020109 0.082893036 -14.744009972 0.992303014 0.123504683 -0.009017244 127.243690491
-0.018794971 0.081170626 -0.996522963 -18.412067413 -0.127456114 0.988372803 0.082910649 -14.752300262 0.991666079 0.128571272 -0.008230747 127.231460571
-0.020583326 0.086098157 -0.996074021 -19.209913254 -0.128201544 0.987833083 0.088035047 -14.771435738 0.991534531 0.129510254 -0.009294972 127.244552612
-0.021046065 0.090318672 -0.995690525 -20.014631271 -0.127245352 0.987570047 0.092271663 -14.780895233 0.991647959 0.128638953 -0.009291836 127.255348206
-0.019804973 0.093192615 -0.995451212 -20.827737808 -0.128548905 0.987145066 0.094972551 -14.790697098 0.991505444 0.129845098 -0.007570575 127.263610840
-0.018780960 0.091820352 -0.995598435 -21.655939102 -0.127143770 0.987470508 0.093469180 -14.797764778 0.991706491 0.128339589 -0.006871257 127.280166626
-0.017551046 0.091800191 -0.995622754 -22.476591110 -0.126831546 0.987527609 0.093289591 -14.803040504 0.991768956 0.127913743 -0.005688984 127.295654297
-0.016747486 0.091139793 -0.995697260 -23.308412552 -0.126332834 0.987663090 0.092529312 -14.809521675 0.991846561 0.127338916 -0.005026922 127.308555603
-0.016547304 0.093073770 -0.995521665 -24.145576477 -0.126868144 0.987414956 0.094424643 -14.817914009 0.991781533 0.127862468 -0.004530958 127.333122253
-0.016279439 0.095086962 -0.995335817 -24.992084503 -0.129179850 0.986924648 0.096396253 -14.820060730 0.991487503 0.130146593 -0.003783261 127.347869873
-0.016202994 0.097800881 -0.995074093 -25.842475891 -0.131086707 0.986406863 0.099083543 -14.821552277 0.991238475 0.132046416 -0.003162351 127.369903564
-0.014380980 0.098214634 -0.995061338 -26.728704453 -0.132216901 0.986238897 0.099254690 -14.803856850 0.991116464 0.132991314 -0.001197447 127.379913330
-0.011956345 0.101443827 -0.994769335 -27.599851608 -0.138901442 0.985026896 0.102119789 -14.800630569 0.990234017 0.139395893 0.002313375 127.388137817
-0.009766893 0.105037987 -0.994420230 -28.469148636 -0.144100711 0.983939528 0.105346262 -14.795380592 0.989514768 0.144325584 0.005526017 127.408584595
-0.007181329 0.106614053 -0.994274557 -29.367992401 -0.146333069 0.983484328 0.106513955 -14.783138275 0.989209294 0.146260157 0.008538439 127.429397583
-0.004092495 0.106778719 -0.994274318 -30.254537582 -0.143860802 0.983877122 0.106254227 -14.781166077 0.989589393 0.143471956 0.011334756 127.461235046
-0.000920985 0.106676206 -0.994293332 -31.152460098 -0.147349879 0.983425915 0.105646774 -14.775220871 0.989084005 0.146606296 0.014813007 127.488327026
0.001429222 0.110492140 -0.993875980 -32.045902252 -0.148001552 0.982954919 0.109065190 -14.768881798 0.988986135 0.146939307 0.017757867 127.525177002
0.003989956 0.112946115 -0.993593097 -32.956466675 -0.147048071 0.982866049 0.111136220 -14.766847610 0.989121377 0.145662531 0.020530097 127.557167053
0.006197263 0.114211284 -0.993437171 -33.852954865 -0.148337170 0.982570052 0.112036586 -14.760452271 0.988917410 0.146669373 0.023031024 127.601211548
0.008026402 0.112151168 -0.993658781 -34.742557526 -0.148883253 0.982749104 0.109717242 -14.753393173 0.988822162 0.147058502 0.024585374 127.646713257
0.008811636 0.113575257 -0.993490338 -35.652042389 -0.153471068 0.981911361 0.110890359 -14.744850159 0.988113880 0.151494905 0.026082763 127.670143127
0.009852339 0.114473119 -0.993377507 -36.551303864 -0.154458374 0.981676936 0.111592874 -14.742784500 0.987950206 0.152335986 0.027353143 127.708511353
0.009928579 0.110386975 -0.993839085 -37.477024078 -0.155078456 0.982032955 0.107526399 -14.735129356 0.987852275 0.153055474 0.026868833 127.761917114
0.010356775 0.106298901 -0.994280398 -38.369094849 -0.156377748 0.982271492 0.103386149 -14.734233856 0.987643003 0.154412538 0.026795948 127.805435181
0.010722931 0.105575539 -0.994353473 -39.266212463 -0.156143412 0.982389033 0.102621384 -14.731840134 0.987676144 0.154161334 0.027019013 127.848831177
0.011084349 0.109780058 -0.993894100 -40.184757233 -0.159030020 0.981497824 0.106637277 -14.726551056 0.987211525 0.156877026 0.028337589 127.882431030
0.010809632 0.115798302 -0.993214011 -41.087039948 -0.158737212 0.980875432 0.112632141 -14.718344688 0.987261653 0.156442523 0.028984405 127.926605225
0.011275369 0.114778541 -0.993327141 -41.992683411 -0.156953707 0.981279850 0.111604862 -14.723628998 0.987541497 0.154647991 0.029079212 127.967269897
0.012448705 0.103918634 -0.994507909 -42.896343231 -0.155775771 0.982643187 0.100728959 -14.727399826 0.987713993 0.153666317 0.028420644 128.013015747
0.012669797 0.093832329 -0.995507479 -43.788589478 -0.157708660 0.983313799 0.090675846 -14.732116699 0.987404406 0.155851305 0.027256550 128.052947998
0.012236756 0.090419970 -0.995828629 -44.695846558 -0.155077577 0.984024823 0.087442599 -14.741683960 0.987826526 0.153360650 0.026063383 128.091171265
0.011711251 0.100496173 -0.994868517 -45.622177124 -0.147253484 0.984262586 0.097691402 -14.747034073 0.989029408 0.145353779 0.026325360 128.146484375
0.012157061 0.114142194 -0.993390024 -46.543914795 -0.142463401 0.983526349 0.111265399 -14.745549202 0.989725411 0.140169084 0.028217878 128.197845459
0.011828179 0.122749895 -0.992367148 -47.475028992 -0.142874226 0.982460976 0.119821638 -14.734312057 0.989670157 0.140366375 0.029158527 128.247802734
0.012096009 0.117215835 -0.993032753 -48.392066956 -0.143088818 0.983087659 0.114298977 -14.731168747 0.989635944 0.140709326 0.028663712 128.292343140
0.012336999 0.103268102 -0.994577110 -49.320602417 -0.143039897 0.984605312 0.100458428 -14.720975876 0.989640057 0.141024843 0.026918534 128.328384399
0.012645937 0.094783410 -0.995417595 -50.239280701 -0.143877894 0.985310316 0.091993153 -14.735609055 0.989514649 0.142055228 0.026097411 128.373748779
0.013432625 0.095143944 -0.995372832 -51.161079407 -0.143080875 0.985401452 0.092259914 -14.746896744 0.989619851 0.141179547 0.026849808 128.418289185
0.012909722 0.096116178 -0.995286405 -52.081417084 -0.146105811 0.984867632 0.093214907 -14.755826950 0.989184737 0.144213781 0.026757499 128.459503174
0.012767262 0.095771767 -0.995321453 -53.038780212 -0.150488749 0.984248817 0.092775978 -14.770284653 0.988529205 0.148600161 0.026978735 128.506210327
0.013436357 0.095343560 -0.995353699 -53.970207214 -0.152029350 0.984065175 0.092210002 -14.773031235 0.988284647 0.150084034 0.027717272 128.548141479
0.014612229 0.103045143 -0.994569302 -54.917495728 -0.161506474 0.981857538 0.099355258 -14.773665428 0.986763477 0.159177572 0.030989584 128.580154419
0.016463168 0.112036176 -0.993567705 -55.861030579 -0.167030960 0.980046809 0.107743897 -14.765769005 0.985814095 0.164182782 0.034848187 128.618301392
0.017083609 0.120055676 -0.992620170 -56.840309143 -0.167282790 0.979115009 0.115543216 -14.758680344 0.985760927 0.164074376 0.036810067 128.681182861
0.018168245 0.120892249 -0.992499352 -57.782157898 -0.168783545 0.978787720 0.116132401 -14.751647949 0.985485613 0.165407643 0.038187470 128.726623535
0.019255664 0.111244239 -0.993606508 -58.720939636 -0.170263469 0.979639471 0.106380850 -14.749428749 0.985210419 0.167126447 0.037804432 128.782699585
0.020222617 0.106685042 -0.994087279 -59.667659760 -0.168793127 0.980382383 0.101780511 -14.753197670 0.985444069 0.165736809 0.037833598 128.838562012
0.022371462 0.104184628 -0.994306326 -60.629619598 -0.166887671 0.980989575 0.099034384 -14.748650551 0.985722184 0.163721919 0.039333306 128.900131226
0.025993107 0.110807426 -0.993501961 -61.582992554 -0.168398008 0.980120480 0.104909152 -14.750816345 0.985376298 0.164576799 0.044136129 128.951965332
0.029003264 0.113176048 -0.993151605 -62.549419403 -0.171287909 0.979435861 0.106610902 -14.759086609 0.984794021 0.167022794 0.047792532 129.017990112
0.033349916 0.107774116 -0.993615925 -63.506866455 -0.170578286 0.980195940 0.100593172 -14.756166458 0.984779537 0.166134521 0.051073372 129.075958252
0.036290020 0.101685867 -0.994154394 -64.473968506 -0.170588836 0.980838895 0.094096862 -14.765690804 0.984673798 0.166176885 0.052941155 129.150482178
0.039834328 0.101571634 -0.994030476 -65.425910950 -0.168157175 0.981312633 0.093533494 -14.770921707 0.984955013 0.163427487 0.056169938 129.221435547
0.042455822 0.106246188 -0.993433058 -66.380599976 -0.165542781 0.981333494 0.097877458 -14.784961700 0.985288322 0.160300240 0.059251614 129.302276611
0.045516621 0.112831347 -0.992571056 -67.359626770 -0.165233985 0.980764985 0.103912100 -14.786620140 0.985203505 0.159276739 0.063284680 129.387588501
0.048886094 0.116627522 -0.991971850 -68.313896179 -0.163020089 0.980773330 0.107276969 -14.787443161 0.985410810 0.156467006 0.066958800 129.464584351
0.050294217 0.118290007 -0.991704464 -69.276634216 -0.162590101 0.980684638 0.108729802 -14.791119576 0.985411048 0.155772895 0.068555549 129.555755615
0.052330613 0.115722269 -0.991902113 -70.234611511 -0.160803616 0.981277943 0.105999127 -14.790122986 0.985598087 0.153954431 0.069959432 129.638854980
0.052570444 0.113809131 -0.992110789 -71.184936523 -0.158335611 0.981867075 0.104244068 -14.795632362 0.985984862 0.151606306 0.069637224 129.733016968
0.052728325 0.110073544 -0.992523849 -72.125663757 -0.155252382 0.982724845 0.100738965 -14.804954529 0.986466646 0.148779884 0.068906613 129.826629639
0.052799590 0.110606112 -0.992460907 -73.096138000 -0.154406101 0.982798994 0.101314835 -14.807849884 0.986595631 0.147892594 0.068969652 129.904342651
0.051509857 0.114298671 -0.992110133 -74.040779114 -0.150536880 0.982966483 0.105429456 -14.804584503 0.987261474 0.143918484 0.067838624 130.011154175
0.051567208 0.116477534 -0.991853714 -75.012634277 -0.145375609 0.983471394 0.107934974 -14.813545227 0.988031745 0.138625398 0.067647859 130.094329834
0.050627988 0.112664081 -0.992342412 -75.961395264 -0.142349854 0.984285951 0.104486912 -14.812015533 0.988520682 0.135969847 0.065870121 130.179840088
0.049283590 0.109054439 -0.992813230 -76.910469055 -0.143815905 0.984437346 0.100995332 -14.815236092 0.988376439 0.137804940 0.064200364 130.261184692
0.047969893 0.105029419 -0.993311405 -77.892272949 -0.140261441 0.985311151 0.097409859 -14.812851906 0.988951743 0.134650558 0.061996847 130.336456299
0.046890482 0.106899664 -0.993163526 -78.838752747 -0.141021326 0.985007524 0.099363722 -14.826828957 0.988895476 0.135397986 0.061262611 130.399093628
0.045680091 0.108175971 -0.993081748 -79.787666321 -0.141506627 0.984795630 0.100764319 -14.828083992 0.988882840 0.135924712 0.060293168 130.479980469
0.044973563 0.109377734 -0.992982328 -80.756072998 -0.144059956 0.984308720 0.101897664 -14.837448120 0.988546491 0.138466284 0.060024824 130.543228149
0.043526299 0.109174833 -0.993069112 -81.707839966 -0.143894657 0.984331846 0.101907380 -14.829545975 0.988635302 0.138461694 0.058554001 130.616302490
0.041543011 0.109803088 -0.993084848 -82.661911011 -0.144194350 0.984196305 0.102788337 -14.831987381 0.988676906 0.138927087 0.056719474 130.685134888
0.039670069 0.113089710 -0.992792487 -83.608200073 -0.144199938 0.983821809 0.106305890 -14.834288597 0.988753021 0.138943478 0.055335816 130.756866455
0.037986543 0.116541572 -0.992459059 -84.572074890 -0.145591810 0.983223438 0.109884508 -14.824065208 0.988615215 0.140319809 0.054316767 130.809494019
0.035729863 0.121051952 -0.992003024 -85.521026611 -0.146572053 0.982537210 0.114617676 -14.811171532 0.988554597 0.141304642 0.052848756 130.876388550
0.033848844 0.121381693 -0.992028594 -86.469322205 -0.146951586 0.982413530 0.115191109 -14.811100006 0.988564372 0.141881064 0.051090792 130.938964844
0.032564718 0.115412429 -0.992783666 -87.414451599 -0.146870494 0.983079910 0.109466776 -14.803233147 0.988619566 0.142245859 0.048964389 131.003036499
0.030309519 0.110980839 -0.993360221 -88.352508545 -0.151657060 0.982821584 0.105176046 -14.796977043 0.987968445 0.147462279 0.046619877 131.064590454
0.030374914 0.108617984 -0.993619323 -89.327079773 -0.150193125 0.983287454 0.102897137 -14.789145470 0.988189936 0.146109313 0.046180941 131.108215332
0.029337691 0.109698214 -0.993531942 -90.277908325 -0.146048918 0.983763099 0.104306974 -14.794688225 0.988842189 0.142044112 0.044882644 131.171096802
0.028532194 0.110995561 -0.993411183 -91.226608276 -0.142633930 0.984098315 0.105858356 -14.793054581 0.989364207 0.138673753 0.043910213 131.238021851
0.027332176 0.110956341 -0.993449330 -92.171829224 -0.137653857 0.984770536 0.106199846 -14.795752525 0.990103245 0.133849457 0.042189494 131.305282593
0.026243988 0.108207300 -0.993781984 -93.118377686 -0.133592471 0.985586822 0.103787042 -14.798811913 0.990688860 0.130037993 0.040321402 131.368530273
0.025172219 0.104747206 -0.994180262 -94.089508057 -0.128502250 0.986583948 0.100693233 -14.804430008 0.991389632 0.125219718 0.038294759 131.427062988
0.024271179 0.107159011 -0.993945599 -95.049186707 -0.126534298 0.986571610 0.103274167 -14.806979179 0.991665244 0.123261601 0.037504546 131.482971191
0.022478227 0.109714970 -0.993708909 -95.996932983 -0.126409382 0.986294508 0.106036894 -14.810496330 0.991723359 0.123230591 0.036039151 131.548187256
0.021788903 0.107267715 -0.993991375 -96.953247070 -0.122103669 0.987069905 0.103844203 -14.803194046 0.992278159 0.119107328 0.034604955 131.590469360
0.018436309 0.104809783 -0.994321406 -97.907981873 -0.120059974 0.987526536 0.101867437 -14.810809135 0.992595434 0.117500141 0.030789804 131.653671265
0.015547086 0.102341644 -0.994627833 -98.857048035 -0.119024366 0.987864435 0.099785239 -14.813117981 0.992769599 0.116833575 0.027539564 131.706344604
0.013302733 0.101105347 -0.994786799 -99.818519592 -0.112620845 0.988695860 0.098980255 -14.820789337 0.993548930 0.110717028 0.024538927 131.753845215
0.010614835 0.101166010 -0.994812965 -100.763854980 -0.106805593 0.989292324 0.099464953 -14.818362236 0.994223237 0.105195776 0.021306267 131.809799194
0.007807800 0.109136827 -0.993996084 -101.755607605 -0.096794911 0.989440978 0.107876390 -14.818677902 0.995273650 0.095371492 0.018289249 131.871322632
0.005291555 0.117369585 -0.993074179 -102.714698792 -0.088826686 0.989217579 0.116440468 -14.815715790 0.996033013 0.087595351 0.015660049 131.926132202
0.000969613 0.116196901 -0.993225753 -103.668617249 -0.084524550 0.989681363 0.115699731 -14.805683136 0.996420860 0.083839782 0.010781102 131.984680176
-0.000603344 0.107221738 -0.994234920 -104.628829956 -0.086071081 0.990539908 0.106875472 -14.814571381 0.996288836 0.085639365 0.008631053 132.008529663
-0.002808897 0.097494557 -0.995232105 -105.576164246 -0.087809071 0.991367638 0.097363815 -14.810285568 0.996133387 0.087663889 0.005776256 132.046218872
-0.002878708 0.099574305 -0.995025992 -106.538650513 -0.095588759 0.990446270 0.099392571 -14.817687988 0.995416820 0.095399417 0.006666979 132.060958862
-0.003811505 0.108891778 -0.994046330 -107.505638123 -0.098712899 0.989157498 0.108734734 -14.805720329 0.995108664 0.098539636 0.006978844 132.098037720
-0.005332041 0.120214403 -0.992733657 -108.468818665 -0.102657549 0.987436891 0.120124370 -14.793657303 0.994702458 0.102552101 0.007075862 132.126953125
-0.006987224 0.121762246 -0.992534816 -109.411918640 -0.109537758 0.986492991 0.121792167 -14.782289505 0.993958056 0.109571032 0.006444716 132.160247803
-0.006717943 0.118772812 -0.992898703 -110.405624390 -0.116645128 0.986049712 0.118742742 -14.764432907 0.993150890 0.116614513 0.007230045 132.175476074
-0.006948166 0.114705585 -0.993375242 -111.359718323 -0.124676324 0.985548437 0.114673883 -14.751214981 0.992173135 0.124647141 0.007453317 132.199768066
-0.004969473 0.116555132 -0.993171811 -112.326728821 -0.129279047 0.984774411 0.116216518 -14.732035637 0.991595685 0.128973842 0.010174326 132.224960327
-0.003706512 0.118202172 -0.992982626 -113.304069519 -0.137337625 0.983519852 0.117588408 -14.717914581 0.990517378 0.136809722 0.012588180 132.249053955
-0.003142819 0.121038392 -0.992642939 -114.268074036 -0.146637216 0.981861711 0.120188057 -14.702067375 0.989185333 0.145936117 0.014662920 132.268463135
-0.003203660 0.123638175 -0.992322087 -115.241683960 -0.152238831 0.980700016 0.122681610 -14.684008598 0.988338530 0.151463017 0.015680706 132.296478271
-0.002637701 0.122509867 -0.992463708 -116.223976135 -0.155654043 0.980320334 0.121424548 -14.671338081 0.987808108 0.154801250 0.016483361 132.333557129
-0.001347259 0.113048427 -0.993588567 -117.177436829 -0.154598951 0.981620252 0.111896344 -14.674101830 0.987976313 0.153758481 0.016154671 132.368148804
0.000292046 0.101331279 -0.994852722 -118.130767822 -0.157867134 0.982382298 0.100014769 -14.664196968 0.987460315 0.157025337 0.016283780 132.402145386
