1.000000000 0.000000000 0.000000000 0.000000000 0.000000000 1.000000000 0.000000000 0.000000000 0.000000000 0.000000000 1.000000000 0.000000000
0.999997735 -0.001666020 -0.001330318 0.049127534 0.001663102 0.999996245 -0.002191641 -0.132520795 0.001333964 0.002189424 0.999996722 1.298319697
0.999997973 0.000014934 -0.002017155 0.102698795 -0.000027811 0.999979615 -0.006384115 -0.266840637 0.002017018 0.006384158 0.999977589 2.603160858
0.999996126 0.002486210 -0.001241003 0.146770969 -0.002495892 0.999965906 -0.007861398 -0.406533808 0.001221416 0.007864466 0.999968290 3.906889677
0.999983549 0.005732353 0.000295225 0.192258373 -0.005730287 0.999961853 -0.006578938 -0.544615090 -0.000332927 0.006577138 0.999978304 5.219759941
0.999974728 0.006591430 0.002644844 0.238549799 -0.006582983 0.999973238 -0.003189791 -0.692517221 -0.002665798 0.003172300 0.999991357 6.537713528
0.999959052 0.006781881 0.005996889 0.294583946 -0.006770229 0.999975204 -0.001961256 -0.829412937 -0.006010042 0.001920575 0.999980092 7.841340065
0.999941230 0.005361351 0.009423767 0.351788491 -0.005344814 0.999984145 -0.001779053 -0.963569403 -0.009433156 0.001728580 0.999953985 9.149258614
0.999908984 0.004044923 0.012873575 0.428484082 -0.004022482 0.999990344 -0.001768613 -1.099402428 -0.012880603 0.001716668 0.999915540 10.448120117
0.999865294 0.002875470 0.016160978 0.491936326 -0.002835176 0.999992728 -0.002515656 -1.237902880 -0.016168097 0.002469499 0.999866247 11.756391525
0.999809444 0.001711517 0.019443566 0.569520473 -0.001646874 0.999992967 -0.003340194 -1.374438405 -0.019449152 0.003307536 0.999805391 13.049132347
0.999738753 0.001517951 0.022805940 0.637512565 -0.001443862 0.999993563 -0.003264785 -1.521110535 -0.022810752 0.003231003 0.999734521 14.372490883
0.999653339 0.001438791 0.026289130 0.720125377 -0.001326581 0.999989927 -0.004285227 -1.659674644 -0.026295029 0.004248867 0.999645174 15.671398163
0.999557614 0.002583905 0.029628385 0.795636833 -0.002459919 0.999988079 -0.004220411 -1.796764731 -0.029638937 0.004145661 0.999552071 16.973369598
0.999452889 0.002264066 0.032996837 0.884072602 -0.002139373 0.999990463 -0.003813756 -1.935380220 -0.033005152 0.003741077 0.999448240 18.260021210
0.999386191 0.000693346 0.035022903 0.987635374 -0.000569637 0.999993563 -0.003542091 -2.078968763 -0.035025138 0.003519967 0.999380231 19.564701080
0.999332905 -0.001720813 0.036480851 1.088618398 0.001900392 0.999986231 -0.004888459 -2.218661785 -0.036471937 0.004954526 0.999322474 20.839054108
0.999293745 -0.001570246 0.037547439 1.188677311 0.001821756 0.999976099 -0.006665190 -2.360913277 -0.037536081 0.006728884 0.999272645 22.147520065
0.999245524 -0.001440188 0.038812157 1.271393180 0.001803371 0.999954879 -0.009324080 -2.504758120 -0.038796980 0.009387039 0.999203026 23.432785034
0.999212861 -0.000961548 0.039655924 1.377336383 0.001389954 0.999940932 -0.010776936 -2.647180557 -0.039643206 0.010823572 0.999155283 24.715173721
0.999166071 -0.000350986 0.040828779 1.478768945 0.000816577 0.999934733 -0.011387384 -2.793273449 -0.040822122 0.011411226 0.999101281 25.983268738
0.999154150 -0.001990935 0.041071460 1.580582261 0.002425030 0.999941647 -0.010522151 -2.939099312 -0.041048121 0.010612850 0.999100804 27.274627686
0.999152124 -0.005040152 0.040861677 1.686731100 0.005425242 0.999941945 -0.009318854 -3.085709572 -0.040812332 0.009532635 0.999121308 28.551610947
0.999170423 -0.006452416 0.040210012 1.780490160 0.006851985 0.999928415 -0.009807195 -3.233124495 -0.040143862 0.010074577 0.999143124 29.845241547
0.999188185 -0.008044450 0.039475907 1.885898113 0.008540451 0.999886453 -0.012412153 -3.379542112 -0.039371576 0.012739218 0.999143481 31.113149643
0.999221742 -0.008262898 0.038569335 1.997339964 0.008750283 0.999883771 -0.012484952 -3.526088476 -0.038461685 0.012812730 0.999177933 32.395149231
0.999234676 -0.008938602 0.038079336 2.094161510 0.009434512 0.999872744 -0.012863340 -3.669450045 -0.037959516 0.013212753 0.999191940 33.659770966
0.999253988 -0.009562560 0.037420411 2.194065332 0.010054559 0.999865115 -0.012981768 -3.814845324 -0.037291232 0.013348325 0.999215305 34.931274414
0.999265671 -0.010013702 0.036984004 2.287925005 0.010515085 0.999855042 -0.013387236 -3.961695194 -0.036844589 0.013766295 0.999226213 36.191883087
0.999309301 -0.010742453 0.035572696 2.403171539 0.011232910 0.999844134 -0.013616417 -4.118339062 -0.035420876 0.014006597 0.999274313 37.482925415
0.999312103 -0.010438345 0.035586651 2.498047590 0.010861956 0.999872148 -0.011731148 -4.264554024 -0.035459641 0.012109619 0.999297798 38.740219116
0.999272764 -0.010400949 0.036684852 2.596973181 0.010801462 0.999884009 -0.010736438 -4.404704094 -0.036568925 0.011124880 0.999269307 40.016983032
0.999189615 -0.012204517 0.038355097 2.703817129 0.012547575 0.999883235 -0.008716309 -4.552238941 -0.038244244 0.009190510 0.999226093 41.264682770
0.999084651 -0.013236162 0.040677838 2.806760788 0.013661124 0.999854803 -0.010186801 -4.697220325 -0.040537104 0.010733182 0.999120355 42.533432007
0.998959661 -0.014638877 0.043188799 2.902982712 0.015225369 0.999795854 -0.013282198 -4.846325874 -0.042985544 0.013925946 0.998978615 43.782196045
0.998871684 -0.015721558 0.044811476 3.020455360 0.016380899 0.999762475 -0.014384669 -4.993935108 -0.044574682 0.015102492 0.998892009 45.047164917
0.998746276 -0.016028872 0.047422361 3.142968416 0.016682923 0.999770761 -0.013428542 -5.125269890 -0.047196239 0.014202851 0.998784661 46.281085968
0.998549759 -0.017266229 0.050992433 3.252707005 0.017790671 0.999793231 -0.009848784 -5.282757759 -0.050811838 0.010741690 0.998650491 47.541530609
0.998274565 -0.020466208 0.055035755 3.367129326 0.020930547 0.999749899 -0.007873885 -5.422482491 -0.054860841 0.009012228 0.998453319 48.779956818
0.998040915 -0.022253884 0.058472939 3.500152349 0.022775088 0.999706388 -0.008262269 -5.561074257 -0.058271900 0.009577809 0.998254776 50.022510529
0.997752726 -0.025486013 0.061967701 3.635818481 0.026287021 0.999580622 -0.012145335 -5.694807053 -0.061632186 0.013746988 0.998004198 51.251781464
0.997482717 -0.026634157 0.065719567 3.773404837 0.027499706 0.999546111 -0.012300783 -5.831060886 -0.065362118 0.014077084 0.997762263 52.488143921
0.997121394 -0.029221253 0.069964916 3.899536610 0.029966144 0.999504626 -0.009620558 -5.973043919 -0.069649130 0.011689441 0.997503102 53.705802917
0.996873617 -0.031762190 0.072346665 4.067615509 0.032302108 0.999458194 -0.006304904 -6.106944084 -0.072107218 0.008622142 0.997359693 54.900638580
0.996596634 -0.034627568 0.074807137 4.198459625 0.035070002 0.999374151 -0.004608442 -6.244240284 -0.074600741 0.007216243 0.997187376 56.145561218
0.996442437 -0.037720650 0.075363599 4.361719608 0.037933756 0.999279201 -0.001397703 -6.365705490 -0.075256556 0.004251554 0.997155130 57.345546722
0.996236742 -0.040281624 0.076744914 4.492068291 0.040411968 0.999183118 -0.000145649 -6.494501114 -0.076676369 0.003246514 0.997050762 58.576900482
0.996188819 -0.042168021 0.076351881 4.638414860 0.042547826 0.999088764 -0.003353883 -6.618982792 -0.076140895 0.006589707 0.997075260 59.769050598
0.996210575 -0.043492924 0.075318135 4.795257568 0.044199821 0.998992682 -0.007743339 -6.750378132 -0.074905500 0.011043042 0.997129500 60.983184814
0.996215641 -0.044796728 0.074481837 4.930741310 0.045800269 0.998880684 -0.011819744 -6.879115582 -0.073868982 0.015186301 0.997152328 62.163589478
0.996235967 -0.047182266 0.072718039 5.074924946 0.048325446 0.998732924 -0.014041376 -7.017296314 -0.071963407 0.017502651 0.997253716 63.380481720
0.996381223 -0.047039233 0.070792943 5.209583759 0.048131477 0.998745620 -0.013801932 -7.153269768 -0.070054896 0.017159358 0.997395575 64.555740356
0.996609151 -0.046420306 0.067938022 5.344192028 0.047442153 0.998782694 -0.013504677 -7.293862343 -0.067228422 0.016682008 0.997598112 65.770851135
0.996844649 -0.045655094 0.064933568 5.465609550 0.046514023 0.998848200 -0.011777421 -7.422981262 -0.064321071 0.014760583 0.997820079 66.948249817
0.997265637 -0.041811936 0.060934685 5.590631008 0.042356636 0.999073088 -0.007674374 -7.561467171 -0.060557321 0.010234377 0.998112261 68.137428284
0.997550905 -0.039772827 0.057534907 5.707951069 0.040153608 0.999178469 -0.005476878 -7.687066078 -0.057269808 0.007773700 0.998328447 69.318565369
0.997756064 -0.038724296 0.054620296 5.815315723 0.039247926 0.999192894 -0.008546252 -7.822589874 -0.054245267 0.010670808 0.998470724 70.489082336
0.997936010 -0.039170876 0.050887730 5.932464600 0.040003944 0.999080002 -0.015456171 -7.961087227 -0.050235480 0.017459977 0.998584747 71.680778503
0.997946918 -0.043186601 0.047293153 6.041205406 0.044100139 0.998856902 -0.018446047 -8.096197128 -0.046442460 0.020493815 0.998710632 72.851531982
0.997964501 -0.047065683 0.043028753 6.150362015 0.047684625 0.998771548 -0.013472662 -8.233530998 -0.042341795 0.015497051 0.998982906 74.018630981
0.997946680 -0.050812718 0.038992707 6.251001835 0.051184770 0.998652041 -0.008602783 -8.360656738 -0.038503017 0.010580953 0.999202371 75.177810669
0.998033464 -0.052678399 0.033976704 6.351672173 0.052911896 0.998581052 -0.006009165 -8.484214783 -0.033611942 0.007795118 0.999404550 76.362541199
0.998201609 -0.051926017 0.029953629 6.438509941 0.052057426 0.998637438 -0.003623445 -8.609263420 -0.029724663 0.005176238 0.999544680 77.521041870
0.998340309 -0.051449776 0.025875315 6.530369759 0.051560730 0.998663306 -0.003638935 -8.726743698 -0.025653493 0.004967045 0.999658525 78.676101685
0.998470783 -0.050301276 0.022930630 6.598823547 0.050436966 0.998712897 -0.005378169 -8.858835220 -0.022630587 0.006526497 0.999722600 79.838172913
0.998656869 -0.047897309 0.019757070 6.671288490 0.048114885 0.998784602 -0.010688064 -8.985137939 -0.019221133 0.011624316 0.999747694 80.980911255
0.998569429 -0.051205851 0.015397742 6.759970665 0.051441792 0.998558223 -0.015338108 -9.125214577 -0.014590144 0.016108256 0.999763727 82.146118164
0.998407125 -0.054879978 0.013090774 6.811207771 0.055088867 0.998350561 -0.016168762 -9.257001877 -0.012181840 0.016864160 0.999783576 83.270858765
0.998433948 -0.055151906 0.009376902 6.877141953 0.055269901 0.998389065 -0.012827815 -9.384514809 -0.008654319 0.013325992 0.999873698 84.408813477
0.998426795 -0.055676103 0.006637476 6.942570210 0.055740569 0.998395622 -0.009958684 -9.518689156 -0.006072368 0.010312991 0.999928355 85.547103882
0.998573482 -0.053112052 0.005490142 6.987023830 0.053174473 0.998514056 -0.011930646 -9.644771576 -0.004848323 0.012205562 0.999913692 86.683586121
0.998768032 -0.049368676 0.005014338 7.038077354 0.049439106 0.998663664 -0.015056983 -9.772700310 -0.004264294 0.015286337 0.999874055 87.803367615
0.998852491 -0.047767945 0.003448354 7.101604462 0.047822576 0.998692989 -0.018033665 -9.897673607 -0.002582416 0.018177882 0.999831438 88.900825500
0.998770177 -0.049472902 0.003248490 7.139042854 0.049524620 0.998602331 -0.018457042 -10.040385246 -0.002330826 0.018595221 0.999824405 90.061485291
0.998716235 -0.050622065 0.001810012 7.190721989 0.050644387 0.998591721 -0.015804680 -10.171127319 -0.001007398 0.015876060 0.999873459 91.177543640
0.998668492 -0.051579975 0.000870882 7.239966393 0.051586937 0.998583853 -0.012994407 -10.303058624 -0.000199398 0.013022031 0.999915183 92.293220520
0.998673022 -0.051498950 0.000159364 7.300323486 0.051496860 0.998593450 -0.012612759 -10.423707008 0.000490404 0.012604231 0.999920368 93.412979126
0.998641312 -0.052110396 0.000219162 7.345145226 0.052107934 0.998531938 -0.014792964 -10.550795555 0.000552027 0.014784284 0.999890506 94.521759033
0.998640001 -0.052136872 -0.000165923 7.399440289 0.052124541 0.998463631 -0.018798437 -10.679886818 0.001145760 0.018764226 0.999823213 95.627220154
0.998625159 -0.052419711 -0.000119241 7.444010258 0.052407015 0.998428285 -0.019857045 -10.820008278 0.001159954 0.019823499 0.999802828 96.746528625
0.998589635 -0.053089704 -0.000393785 7.500301838 0.053073790 0.998425186 -0.018174062 -10.952399254 0.001358020 0.018127527 0.999834776 97.831901550
0.998636425 -0.052197751 0.000860492 7.535851479 0.052204493 0.998554349 -0.012813460 -11.077603340 -0.000190415 0.012840910 0.999917448 98.916107178
0.998729110 -0.050357513 0.002069832 7.584348202 0.050374817 0.998686194 -0.009396624 -11.198272705 -0.001593922 0.009488950 0.999953628 99.983367920
0.998830497 -0.048172906 0.004123127 7.627042294 0.048210084 0.998792529 -0.009449718 -11.318271637 -0.003662928 0.009637442 0.999946833 101.050453186
0.998903155 -0.046407390 0.006228533 7.675806522 0.046475202 0.998856366 -0.011223202 -11.439412117 -0.005700571 0.011500363 0.999917626 102.084602356
0.998870432 -0.046715841 0.008679662 7.732611656 0.046830297 0.998811722 -0.013486803 -11.561496735 -0.008039301 0.013878038 0.999871373 103.102966309
0.998779893 -0.048176251 0.010848469 7.776745796 0.048333142 0.998723149 -0.014696736 -11.675130844 -0.010126582 0.015203146 0.999833167 104.125503540
0.998666763 -0.050033893 0.012701172 7.838150978 0.050209392 0.998642027 -0.013896528 -11.790063858 -0.011988629 0.014515720 0.999822736 105.107910156
0.998625576 -0.050358232 0.014519407 7.895206451 0.050539140 0.998645484 -0.012373843 -11.910350800 -0.013876614 0.013090640 0.999818027 106.083793640
0.998563528 -0.051317316 0.015406577 7.967721939 0.051487111 0.998614907 -0.010834636 -12.021283150 -0.014829230 0.011612313 0.999822617 107.038291931
0.998493016 -0.052032705 0.017442545 8.023782730 0.052234981 0.998570323 -0.011348531 -12.128482819 -0.016827112 0.012242540 0.999783456 107.955543518
0.998489857 -0.051508721 0.019101767 8.084624290 0.051697791 0.998617351 -0.009539898 -12.229126930 -0.018583965 0.010513011 0.999772012 108.865081787
0.998495460 -0.050620064 0.021084689 8.141726494 0.050786395 0.998681903 -0.007429364 -12.327220917 -0.020680819 0.008489001 0.999750137 109.734680176
0.998454273 -0.050910588 0.022298696 8.201116562 0.051018048 0.998688579 -0.004276562 -12.430457115 -0.022051737 0.005407588 0.999742150 110.591979980
0.998407483 -0.051057819 0.023995163 8.260381699 0.051169623 0.998681843 -0.004068767 -12.523468971 -0.023755789 0.005290111 0.999703765 111.418815613
0.998429835 -0.050167542 0.024921754 8.314851761 0.050267339 0.998730004 -0.003393511 -12.613921165 -0.024719860 0.004640933 0.999683619 112.233901978
0.998524547 -0.047880575 0.025612276 8.366329193 0.047976971 0.998843372 -0.003162289 -12.693577766 -0.025431240 0.004386422 0.999666929 113.013374329
0.998659551 -0.045415930 0.024827557 8.413654327 0.045430623 0.998967469 -0.000027911 -12.773453712 -0.024800655 0.001155805 0.999691725 113.773094177
0.998743474 -0.045159254 0.021727124 8.461180687 0.045147017 0.998979747 0.001053520 -12.858707428 -0.021752536 -0.000071281 0.999763310 114.521362305
0.998857498 -0.045259941 0.015337925 8.496516228 0.045246776 0.998975098 0.001204296 -12.933633804 -0.015376716 -0.000508929 0.999881566 115.220054626
0.999035895 -0.043632410 0.004832268 8.524282455 0.043632496 0.999047637 0.000087177 -13.010210991 -0.004831472 0.000123751 0.999988317 115.892738342
0.999124587 -0.040815294 -0.009177897 8.523909569 0.040789787 0.999163389 -0.002949616 -13.077253342 0.009290608 0.002572669 0.999953508 116.536445618
0.998835564 -0.039438896 -0.027786825 8.524082184 0.039310642 0.999213755 -0.005146862 -13.151241302 0.027967962 0.004048551 0.999600649 117.150695801
0.998023033 -0.037769556 -0.050233804 8.491798401 0.037436776 0.999270499 -0.007549486 -13.220640182 0.050482303 0.005653969 0.998709023 117.739273071
0.996298552 -0.036274403 -0.077931322 8.449580193 0.035649836 0.999320209 -0.009391056 -13.287660599 0.078219004 0.006578057 0.996914566 118.309150696
0.993363738 -0.034137711 -0.109831691 8.375862122 0.033093750 0.999388158 -0.011314467 -13.355955124 0.110150754 0.007604638 0.993885815 118.851409912
0.988957167 -0.029387027 -0.145258263 8.269063950 0.027794797 0.999529421 -0.012979144 -13.418307304 0.145571321 0.008798394 0.989308715 119.402198792
0.982588708 -0.023556629 -0.184294745 8.164875031 0.021641577 0.999688923 -0.012396087 -13.478875160 0.184529424 0.008191825 0.982792974 119.935668945
0.974084139 -0.018579513 -0.225421503 8.009466171 0.016681669 0.999807596 -0.010321057 -13.536103249 0.225569919 0.006293171 0.974206686 120.430351257
0.962704659 -0.013758504 -0.270204335 7.843727112 0.011845361 0.999891877 -0.008709826 -13.596296310 0.270294964 0.005184323 0.962763608 120.914344788
0.948273957 -0.007945450 -0.317353576 7.650810242 0.005283669 0.999943256 -0.009247209 -13.653715134 0.317409098 0.007092097 0.948262215 121.395378113
0.930963337 -0.000121510 -0.365112484 7.416385651 -0.003853338 0.999940991 -0.010158018 -13.705893517 0.365092158 0.010863644 0.930908084 121.863517761
0.909672081 0.004005115 -0.415307879 7.173591614 -0.009440345 0.999894559 -0.011035006 -13.757891655 0.415219963 0.013958889 0.909614027 122.295814514
0.884605765 0.008988422 -0.466252953 6.895027161 -0.015203728 0.999838531 -0.009570627 -13.817616463 0.466091752 0.015555016 0.884599686 122.722885132
0.855447292 0.012099683 -0.517748475 6.612937927 -0.019772742 0.999761224 -0.009305188 -13.863105774 0.517512262 0.018197404 0.855482280 123.118911743
0.823762536 0.021838482 -0.566514075 6.284603119 -0.030566316 0.999515176 -0.005915992 -13.912715912 0.566110313 0.022189625 0.824030817 123.493164062
0.789635897 0.034883380 -0.612583399 5.938495636 -0.043616414 0.999048054 0.000667812 -13.957487106 0.612023592 0.026191361 0.790405691 123.850456238
0.754300356 0.044198681 -0.655040026 5.584976196 -0.055296417 0.998463035 0.003695412 -13.999396324 0.654196620 0.033433918 0.755585253 124.142837524
0.714398026 0.048000164 -0.698091269 5.209674835 -0.062691882 0.998022914 0.004466906 -14.048113823 0.696925521 0.040573508 0.715994775 124.451286316
0.671827435 0.049440764 -0.739055812 4.832965851 -0.065103397 0.997849762 0.007572104 -14.091751099 0.737841070 0.043027896 0.673601687 124.736221313
0.627788126 0.053024072 -0.776576221 4.427249908 -0.068871722 0.997548103 0.012435629 -14.121567726 0.775331378 0.045677196 0.629900634 125.004058838
0.582512498 0.062115863 -0.810444951 3.998233795 -0.080120802 0.996607900 0.018796835 -14.161176682 0.808863342 0.053984109 0.585513294 125.238891602
0.537234604 0.070583001 -0.840474188 3.543209076 -0.091705665 0.995472670 0.024981130 -14.182241440 0.838432372 0.063655518 0.541275322 125.451858521
0.490469217 0.075816862 -0.868154228 3.094890594 -0.097609207 0.994718969 0.031724963 -14.206940651 0.865974784 0.069179721 0.495279610 125.642959595
0.443307132 0.077022046 -0.893054485 2.632270813 -0.096738905 0.994593263 0.037758689 -14.232990265 0.891134262 0.069654413 0.448361367 125.821693420
0.395630360 0.079131097 -0.914994478 2.157859802 -0.094602771 0.994492948 0.045101453 -14.257842064 0.913524449 0.068717502 0.400937647 125.998046875
0.350525260 0.081613831 -0.932990432 1.660015106 -0.096143275 0.994068503 0.050835572 -14.277961731 0.931605458 0.071881592 0.356292754 126.136611938
0.306948394 0.085070550 -0.947916448 1.160717010 -0.101886630 0.993210435 0.056143150 -14.298511505 0.946256697 0.079346977 0.313531995 126.252441406
0.265439779 0.086401753 -0.960248172 0.641036987 -0.106576279 0.992502093 0.059843212 -14.314670563 0.958218694 0.086454906 0.272657871 126.353462219
0.225678861 0.082676664 -0.970687211 0.113872528 -0.106578097 0.992506981 0.059756372 -14.330926895 0.968354285 0.089968234 0.232799411 126.460334778
0.190629527 0.077899061 -0.978566349 -0.419269562 -0.101411566 0.993075728 0.059298601 -14.354397774 0.976409733 0.087933891 0.197209433 126.548240662
0.160326928 0.072857574 -0.984371424 -0.967618942 -0.098677158 0.993459344 0.057458419 -14.375587463 0.982119203 0.087922834 0.166467622 126.625846863
0.133791357 0.071216702 -0.988447249 -1.534379959 -0.099864319 0.993306279 0.058049656 -14.395208359 0.985965014 0.090944074 0.140007794 126.694396973
0.111728445 0.070366569 -0.991244256 -2.123766899 -0.100333169 0.993191481 0.059195686 -14.408408165 0.988660753 0.092840858 0.118027836 126.752204895
0.093519859 0.071802005 -0.993024886 -2.718586922 -0.102283530 0.992811680 0.062153850 -14.423482895 0.990349472 0.095757484 0.100191765 126.803153992
0.077027701 0.070075713 -0.994563282 -3.327699661 -0.103532262 0.992696464 0.061925735 -14.447538376 0.991638958 0.098199375 0.083720237 126.859802246
0.062836394 0.069011830 -0.995634913 -3.946753502 -0.102424189 0.992784917 0.062350083 -14.476895332 0.992754102 0.098059252 0.069451511 126.912117004
0.050497133 0.066608839 -0.996500492 -4.587032795 -0.098225527 0.993267238 0.061415199 -14.500171661 0.993882120 0.094780505 0.056699846 126.955398560
0.038708769 0.063954510 -0.997201800 -5.234936714 -0.095843755 0.993586242 0.060002226 -14.516243935 0.994643450 0.093252942 0.044590130 126.988731384
0.028041128 0.063093819 -0.997613609 -5.905261040 -0.095030367 0.993654132 0.060172271 -14.537856102 0.995079339 0.093116306 0.033859011 127.025779724
0.018447390 0.064498499 -0.997747421 -6.576864719 -0.098449171 0.993184805 0.062383328 -14.559115410 0.994971097 0.097076580 0.024671491 127.045829773
0.010070972 0.064370573 -0.997875333 -7.254492283 -0.101188235 0.992868841 0.063026406 -14.586986542 0.994816303 0.100338511 0.016512703 127.061264038
0.003231713 0.063721485 -0.997962475 -7.945590496 -0.103283606 0.992651641 0.063047931 -14.607631683 0.994646609 0.102869429 0.009789351 127.083534241
-0.001839834 0.064551353 -0.997912645 -8.642202377 -0.104013793 0.992489219 0.064392284 -14.625278473 0.994574070 0.103915155 0.004888215 127.098320007
-0.005397762 0.067071743 -0.997733533 -9.363202095 -0.106242657 0.992062390 0.067265272 -14.645330429 0.994325519 0.106364943 0.001770963 127.120910645
-0.005929246 0.071149260 -0.997448027 -10.101007462 -0.108818300 0.991496146 0.071371578 -14.670715332 0.994043887 0.108963780 0.001863521 127.118019104
-0.007286184 0.074218273 -0.997215390 -10.813700676 -0.111179091 0.990998924 0.074567921 -14.686312675 0.993773699 0.111412823 0.001030918 127.134666443
-0.007895472 0.079583682 -0.996796906 -11.551680565 -0.115858026 0.990041912 0.079962067 -14.692347527 0.993234396 0.116118275 0.001403561 127.142875671
-0.008914605 0.083556086 -0.996463180 -12.294518471 -0.119046293 0.989327192 0.084022731 -14.706561089 0.992848635 0.119374290 0.001127584 127.148277283
-0.010192813 0.084156252 -0.996400416 -13.039894104 -0.119045302 0.989263415 0.084771253 -14.727279663 0.992836475 0.119480833 -0.000064969 127.166336060
-0.011599381 0.081208155 -0.996629596 -13.783834457 -0.116692692 0.989776492 0.082007870 -14.746263504 0.993100226 0.117250644 -0.002004398 127.186233521
-0.013319775 0.077393189 -0.996911645 -14.545897484 -0.120252378 0.989639997 0.078435369 -14.750169754 0.992653966 0.120925754 -0.003875068 127.199256897
-0.014228936 0.079338752 -0.996746182 -15.313684464 -0.125595897 0.988810122 0.080499984 -14.762964249 0.991979420 0.126332641 -0.004105094 127.197006226
-0.015836973 0.082430609 -0.996470988 -16.101663589 -0.122184247 0.988967478 0.083751783 -14.779680252 0.992381096 0.123079412 -0.005590528 127.213485718
-0.018053658 0.082378276 -0.996437609 -16.875709534 -0.121001616 0.989094913 0.083963566 -14.795448303 0.992488146 0.122086398 -0.007888877 127.230056763
-0.018667329 0.081976794 -0.996459424 -17.669921875 -0.124613054 0.988671303 0.083670534 -14.806583405 0.992029786 0.125733748 -0.008240473 127.224113464
-0.020194728 0.081525542 -0.996466577 -18.464035034 -0.128838226 0.988147616 0.083456010 -14.820766449 0.991459966 0.130068347 -0.009451768 127.244483948
-0.021517208 0.085735351 -0.996085644 -19.260713577 -0.130569547 0.987542033 0.087820522 -14.826303482 0.991205633 0.131948099 -0.010054716 127.253677368
-0.022288188 0.090613015 -0.995636761 -20.064270020 -0.129957393 0.987171888 0.092751831 -14.839807510 0.991269052 0.131457612 -0.010226438 127.267890930
-0.021253962 0.092830800 -0.995455027 -20.902034760 -0.130675569 0.986880302 0.094821237 -14.847846985 0.991197348 0.132096991 -0.008844403 127.280761719
-0.019147262 0.091890708 -0.995584965 -21.720415115 -0.130093724 0.987073123 0.093607068 -14.855972290 0.991316855 0.131311655 -0.006945341 127.288291931
-0.018339030 0.091706268 -0.995617211 -22.552085876 -0.130130649 0.987095535 0.093318328 -14.859728813 0.991327286 0.131271660 -0.006168579 127.303016663
-0.018231751 0.090680219 -0.995713174 -23.375654221 -0.128622949 0.987391114 0.092277437 -14.865882874 0.991525948 0.129753947 -0.006338311 127.326293945
-0.017193355 0.092556380 -0.995559037 -24.213546753 -0.129541606 0.987107635 0.094007850 -14.871458054 0.991424918 0.130582601 -0.004981793 127.342857361
-0.016694654 0.094888404 -0.995348036 -25.051395416 -0.131254867 0.986663997 0.096262045 -14.875331879 0.991208017 0.132251322 -0.004017448 127.358116150
-0.016750297 0.097392313 -0.995105088 -25.914524078 -0.134091616 0.986035287 0.098761760 -14.878656387 0.990827501 0.135089532 -0.003456886 127.372817993
-0.015031461 0.098505050 -0.995023012 -26.778890610 -0.136233822 0.985653698 0.099635534 -14.875312805 0.990562677 0.137053475 -0.001396093 127.383140564
-0.013053349 0.101624459 -0.994737148 -27.650629044 -0.142991334 0.984407723 0.102445558 -14.875326157 0.989637792 0.143576086 0.001681601 127.395401001
-0.010987991 0.105484456 -0.994360209 -28.531652451 -0.147808254 0.983324945 0.105947122 -14.870213509 0.988955021 0.148138762 0.004786707 127.410942078
-0.008975597 0.107344754 -0.994181395 -29.406959534 -0.150274768 0.982785523 0.107471026 -14.864644051 0.988603592 0.150364995 0.007310120 127.441291809
-0.005019256 0.108102441 -0.994127095 -30.301122665 -0.148996994 0.982961535 0.107640542 -14.864642143 0.988824844 0.148662210 0.011173200 127.463294983
-0.002438502 0.107965924 -0.994151592 -31.192663193 -0.151592299 0.982625186 0.107085973 -14.858047485 0.988439977 0.150966868 0.013970667 127.492195129
0.000005152 0.111818336 -0.993728697 -32.094661713 -0.152134150 0.982161582 0.110515967 -14.850271225 0.988359749 0.151179522 0.017016448 127.523674011
0.002448079 0.113759503 -0.993505299 -33.008903503 -0.151050493 0.982150733 0.112087168 -14.844723701 0.988523126 0.149795070 0.019587811 127.563591003
0.004229987 0.114848405 -0.993373990 -33.901554108 -0.151564196 0.981980205 0.112885706 -14.840362549 0.988438427 0.150082439 0.021560665 127.604354858
0.006904815 0.113092646 -0.993560493 -34.806606293 -0.153000712 0.982004702 0.110714011 -14.833281517 0.988201916 0.151250988 0.024083817 127.633491516
0.007154172 0.114308663 -0.993419528 -35.716941833 -0.157436863 0.981184006 0.111766964 -14.824170113 0.987503111 0.155601293 0.025015960 127.676536560
0.008154386 0.115112767 -0.993318915 -36.610664368 -0.158302799 0.980974197 0.112382613 -14.820459366 0.987356961 0.156328768 0.026221910 127.713905334
0.008688421 0.111413389 -0.993736207 -37.508213043 -0.158714667 0.981329799 0.108634777 -14.816109657 0.987286270 0.156776607 0.026209142 127.746002197
0.009363526 0.107311450 -0.994181275 -38.414161682 -0.159726828 0.981619716 0.104451202 -14.818714142 0.987116814 0.157819390 0.026331941 127.793746948
0.009867922 0.106518872 -0.994261622 -39.310783386 -0.159401596 0.981763124 0.103597783 -14.813711166 0.987164617 0.157464623 0.026667237 127.835678101
0.009564728 0.110728040 -0.993804634 -40.210021973 -0.161930352 0.980903864 0.107732162 -14.809078217 0.986755908 0.159896746 0.027312307 127.877784729
0.009913258 0.116692260 -0.993118644 -41.148719788 -0.162346914 0.980178356 0.113551207 -14.795343399 0.986683965 0.160104111 0.028661389 127.914535522
0.010264106 0.115413919 -0.993264496 -42.044147491 -0.160153329 0.980683565 0.112297066 -14.795399666 0.987038851 0.157921955 0.028549762 127.958343506
0.011093942 0.105086796 -0.994401217 -42.935729980 -0.159236982 0.981957436 0.101995260 -14.802364349 0.987178087 0.157213911 0.027627490 128.000762939
0.011297812 0.094555348 -0.995455503 -43.855266571 -0.161022723 0.982698560 0.091516115 -14.806238174 0.986886024 0.159257025 0.026327906 128.042297363
0.010297468 0.091514103 -0.995750546 -44.757381439 -0.157880723 0.983461618 0.088751987 -14.814380646 0.987404466 0.156295925 0.024575476 128.087493896
0.010001299 0.101580709 -0.994777024 -45.678611755 -0.150394022 0.983663440 0.098933809 -14.817104340 0.988575518 0.148619071 0.025115041 128.137420654
0.009938345 0.114740565 -0.993345737 -46.625720978 -0.145357236 0.983009040 0.112092271 -14.816236496 0.989329338 0.143276006 0.026447847 128.198043823
0.010141795 0.123726130 -0.992264569 -47.548076630 -0.145542756 0.981930912 0.120950043 -14.807146072 0.989300072 0.143190265 0.027965982 128.242599487
0.009987518 0.118031681 -0.992959678 -48.463909149 -0.145501018 0.982612073 0.115338176 -14.803895950 0.989307702 0.143324688 0.026987582 128.283111572
0.010250084 0.104631953 -0.994458199 -49.389789581 -0.145836055 0.984033167 0.102031924 -14.804456711 0.989255667 0.143982023 0.025345534 128.321762085
0.010892468 0.095791131 -0.995341897 -50.307476044 -0.146343827 0.984835625 0.093178511 -14.804612160 0.989173770 0.144647196 0.024745731 128.365478516
0.011472325 0.095884725 -0.995326459 -51.242767334 -0.145153642 0.985008001 0.093217663 -14.811836243 0.989342570 0.143405795 0.025218349 128.407241821
0.010749906 0.097520724 -0.995175481 -52.178363800 -0.148235947 0.984391749 0.094862759 -14.826904297 0.988893688 0.146500990 0.025038194 128.447021484
0.011295766 0.096714653 -0.995248079 -53.127605438 -0.153254732 0.983719587 0.093854964 -14.832075119 0.988122165 0.151466310 0.025933843 128.486816406
0.011695360 0.096199781 -0.995293438 -54.059463501 -0.154787481 0.983537614 0.093244694 -14.833618164 0.987878561 0.152968392 0.026393348 128.529983521
0.012786533 0.103553258 -0.994541705 -55.006736755 -0.164158434 0.981345117 0.100068681 -14.830067635 0.986351013 0.161982894 0.029547144 128.561248779
0.014339924 0.112965576 -0.993495405 -55.953559875 -0.169698521 0.979458451 0.108920097 -14.824117661 0.985391676 0.167032808 0.033215452 128.598754883
0.015267313 0.120975710 -0.992538035 -56.921192169 -0.169648647 0.978574872 0.116664261 -14.821022034 0.985386252 0.166601598 0.035463572 128.655731201
0.016234590 0.121905938 -0.992408812 -57.864170074 -0.171011344 0.978253305 0.117369547 -14.813761711 0.985135257 0.167807743 0.036728840 128.700927734
0.017599927 0.112057462 -0.993545890 -58.802772522 -0.172642425 0.979114890 0.107371636 -14.808249474 0.984827340 0.169638425 0.036578219 128.752487183
0.018798444 0.107194148 -0.994060397 -59.747081757 -0.171135291 0.979908407 0.102431789 -14.806074142 0.985068202 0.168193236 0.036765460 128.803619385
0.020489512 0.105742849 -0.994182348 -60.694133759 -0.169653922 0.980337739 0.100773834 -14.814090729 0.985290706 0.166602135 0.038026325 128.868164062
0.024144696 0.111697994 -0.993448853 -61.679920197 -0.171523347 0.979465544 0.105957098 -14.811496735 0.984884143 0.167841345 0.042807713 128.921188354
0.027878039 0.113769673 -0.993115902 -62.640968323 -0.174299449 0.978835583 0.107240930 -14.810648918 0.984298050 0.170109868 0.047118012 128.974716187
0.032010160 0.108662717 -0.993563116 -63.590007782 -0.173677057 0.979554474 0.101535186 -14.812965393 0.984282196 0.169308960 0.050227914 129.034896851
0.034798481 0.102906995 -0.994082034 -64.545845032 -0.173530832 0.980197370 0.095395081 -14.819464684 0.984213471 0.169184297 0.051966909 129.104187012
0.037664857 0.102752313 -0.993993580 -65.513137817 -0.170978218 0.980694115 0.094898708 -14.823190689 0.984554648 0.166376904 0.054506104 129.187957764
0.041021205 0.107391372 -0.993370175 -66.469337463 -0.168437272 0.980721354 0.099068314 -14.829733849 0.984858453 0.163256675 0.058319077 129.260528564
0.044598684 0.114292145 -0.992445588 -67.443572998 -0.168128088 0.980122983 0.105317682 -14.832778931 0.984755754 0.162160963 0.062927917 129.332580566
0.046805806 0.117820010 -0.991931319 -68.417762756 -0.165684789 0.980180264 0.108606145 -14.833341599 0.985067368 0.159264505 0.065399103 129.423156738
0.048706550 0.119233906 -0.991670787 -69.374427795 -0.165471554 0.980092764 0.109714575 -14.836460114 0.985011041 0.158749506 0.067466766 129.505432129
0.050657079 0.116600491 -0.991886258 -70.326881409 -0.163671777 0.980702996 0.106926896 -14.833540916 0.985213399 0.156927183 0.068763755 129.587966919
0.051921342 0.115078554 -0.991998553 -71.279953003 -0.161862850 0.981173575 0.105350867 -14.836151123 0.985446453 0.155097768 0.069570795 129.664657593
0.051800929 0.111589201 -0.992403388 -72.232391357 -0.158316582 0.982088566 0.102165647 -14.847517014 0.986028612 0.151821658 0.068539523 129.755142212
0.051409349 0.111028224 -0.992486656 -73.198242188 -0.157284155 0.982298434 0.101741396 -14.840093613 0.986214340 0.150871947 0.067962326 129.847015381
0.051157847 0.115692042 -0.991966844 -74.154754639 -0.154040262 0.982295156 0.106619857 -14.840993881 0.986739278 0.147348389 0.068073340 129.931335449
0.050625131 0.117804036 -0.991745591 -75.117835999 -0.148018777 0.982937157 0.109201886 -14.851005554 0.987688005 0.141268596 0.067198530 130.025375366
0.049670383 0.112963788 -0.992356837 -76.080612183 -0.145337135 0.983824790 0.104718015 -14.837270737 0.988134563 0.139024898 0.065284796 130.110794067
0.048847504 0.109247796 -0.992813587 -77.037391663 -0.146796837 0.983991146 0.101054437 -14.837409019 0.987959743 0.140805662 0.064102754 130.179779053
0.047488362 0.106523827 -0.993175447 -77.986701965 -0.143308803 0.984737456 0.098766528 -14.841651917 0.988538027 0.137640536 0.062029362 130.262695312
0.046093758 0.107435979 -0.993142962 -78.950073242 -0.143443912 0.984607935 0.099855170 -14.845998764 0.988584459 0.137857601 0.060795322 130.333892822
0.045287263 0.108597644 -0.993053675 -79.907806396 -0.144651100 0.984309912 0.101044782 -14.850527763 0.988445818 0.139070228 0.060285464 130.408767700
0.043823101 0.108911537 -0.993084967 -80.861022949 -0.146251410 0.984030187 0.101464689 -14.853329659 0.988276303 0.140793577 0.059051730 130.482635498
0.042631008 0.110213324 -0.992993236 -81.813430786 -0.146106467 0.983899415 0.102931380 -14.858036041 0.988349855 0.140694648 0.058047511 130.547470093
0.040418684 0.110211737 -0.993085921 -82.776657104 -0.145843297 0.983904302 0.103256956 -14.858964920 0.988481700 0.140661418 0.055841766 130.619644165
0.038723905 0.112299062 -0.992919624 -83.729469299 -0.145637304 0.983688712 0.105575204 -14.851251602 0.988579869 0.140517876 0.054447211 130.692581177
0.037090860 0.116108254 -0.992543817 -84.683189392 -0.147026271 0.983052492 0.109503672 -14.844819069 0.988436878 0.141868412 0.053533234 130.752166748
0.035143416 0.121431522 -0.991977572 -85.633018494 -0.148417786 0.982217968 0.114978731 -14.837639809 0.988300025 0.143186331 0.052541092 130.814422607
0.032696769 0.120797001 -0.992138624 -86.579177856 -0.147973061 0.982314706 0.114724353 -14.832225800 0.988450706 0.143058643 0.049993221 130.879806519
0.031701826 0.115640983 -0.992785156 -87.524177551 -0.148078561 0.982866287 0.109757155 -14.827858925 0.988467336 0.143530682 0.048282616 130.939453125
0.029154945 0.110803865 -0.993414581 -88.471107483 -0.152147040 0.982748687 0.105148949 -14.816824913 0.987927735 0.148079470 0.045510463 130.999069214
0.028043268 0.108686358 -0.993680418 -89.414100647 -0.149996474 0.983273566 0.103314944 -14.814559937 0.988288701 0.146151260 0.043876775 131.062545776
0.027479285 0.109994709 -0.993552268 -90.379318237 -0.145411164 0.983795226 0.104892820 -14.816288948 0.988989651 0.141591206 0.043028448 131.114883423
0.027292149 0.111465283 -0.993393540 -91.328895569 -0.142548487 0.984041512 0.106499605 -14.815137863 0.989411533 0.138700157 0.042745821 131.172225952
0.025931604 0.111153759 -0.993464828 -92.280639648 -0.137149483 0.984797239 0.106604069 -14.816724777 0.990210891 0.133488804 0.040782053 131.239074707
0.024522154 0.108226061 -0.993823767 -93.222236633 -0.132973373 0.985642433 0.104054034 -14.820012093 0.990816295 0.129600480 0.038561258 131.303192139
0.023976063 0.105055034 -0.994177222 -94.168563843 -0.127995417 0.986601353 0.101167679 -14.823878288 0.991484940 0.124824531 0.037101381 131.363693237
0.021947039 0.107693501 -0.993941784 -95.158363342 -0.126021236 0.986549437 0.104109868 -14.825609207 0.991784751 0.122972891 0.035223506 131.419692993
0.020612134 0.110077552 -0.993709147 -96.106719971 -0.125423342 0.986353040 0.106661066 -14.824575424 0.991889119 0.122435831 0.034137141 131.475585938
0.019212749 0.108112186 -0.993953049 -97.064498901 -0.121116251 0.987066925 0.105022050 -14.823367119 0.992452323 0.118366115 0.032058418 131.524291992
0.017390285 0.105434939 -0.994274139 -98.013305664 -0.118297465 0.987656653 0.102664120 -14.826644897 0.992825925 0.115834765 0.029648315 131.569427490
0.013881373 0.102048919 -0.994682550 -98.986335754 -0.117060378 0.988103747 0.099740312 -14.815865517 0.993027806 0.115053393 0.025662120 131.620803833
0.011215460 0.101228252 -0.994800031 -99.941604614 -0.111451313 0.988790274 0.099360198 -14.826560020 0.993706584 0.109757386 0.022371758 131.668869019
0.009064689 0.101596288 -0.994784474 -100.899635315 -0.104749851 0.989448428 0.100096814 -14.824626923 0.994457364 0.103296183 0.019611236 131.709472656
0.006778201 0.109055810 -0.994012535 -101.864860535 -0.095095463 0.989600599 0.107923321 -14.822625160 0.995445013 0.093794569 0.017078424 131.769592285
0.004449346 0.117029577 -0.993118465 -102.821304321 -0.087069184 0.989401937 0.116201527 -14.818235397 0.996192336 0.085953012 0.014591862 131.821304321
0.001284835 0.116534896 -0.993185818 -103.776313782 -0.082947120 0.989776433 0.116027564 -14.812691689 0.996553183 0.082232818 0.010937934 131.868652344
-0.001501614 0.106653951 -0.994295001 -104.730346680 -0.083709702 0.990792990 0.106404707 -14.814764977 0.996489048 0.083391942 0.007440181 131.902526855
-0.003644941 0.097098306 -0.995268106 -105.677688599 -0.085532472 0.991597176 0.097053401 -14.812041283 0.996328712 0.085481510 0.004690745 131.938705444
-0.003859792 0.098594345 -0.995120287 -106.639923096 -0.092801787 0.990797937 0.098526046 -14.814357758 0.995677114 0.092729233 0.005325458 131.955383301
-0.004550282 0.108100273 -0.994129598 -107.601112366 -0.096226633 0.989479065 0.108035043 -14.805921555 0.995349050 0.096153334 0.005899719 131.989532471
-0.006065113 0.119433448 -0.992823720 -108.564437866 -0.100212507 0.987771273 0.119437851 -14.794680595 0.994947612 0.100217730 0.005977781 132.017532349
-0.007419090 0.121157698 -0.992605627 -109.512245178 -0.107169703 0.986819386 0.121252462 -14.784325600 0.994213104 0.107276820 0.005663131 132.045913696
-0.007228392 0.118137427 -0.992970943 -110.486328125 -0.114464402 0.986372173 0.118185595 -14.768317223 0.993400991 0.114514105 0.006392643 132.065856934
-0.007447223 0.114190914 -0.993430912 -111.440689087 -0.122535743 0.985867262 0.114240080 -14.756430626 0.992436171 0.122581556 0.006650493 132.089096069
-0.005060593 0.116047002 -0.993230760 -112.409355164 -0.127139404 0.985108435 0.115745775 -14.737090111 0.991871893 0.126864523 0.009768913 132.110000610
-0.003768668 0.117280498 -0.993091702 -113.387069702 -0.135213763 0.983918667 0.116710320 -14.721367836 0.990809202 0.134719521 0.012149878 132.135360718
-0.003323076 0.120039664 -0.992763638 -114.350402832 -0.144446582 0.982299805 0.119257927 -14.706030846 0.989507020 0.143797621 0.014075061 132.156127930
-0.003151413 0.122248068 -0.992494643 -115.324310303 -0.149898961 0.981227696 0.121336259 -14.686743736 0.988696277 0.149156287 0.015232606 132.182907104
-0.003098140 0.121890850 -0.992538691 -116.297470093 -0.153510660 0.980720699 0.120918691 -14.680217743 0.988142133 0.152739927 0.015673140 132.226867676
-0.001775842 0.112334900 -0.993668854 -117.251518250 -0.152424872 0.982028902 0.111291431 -14.682866096 0.988313437 0.151657462 0.015378709 132.260253906
-0.000227577 0.100750826 -0.994911671 -118.202453613 -0.155522406 0.982802272 0.099560171 -14.673638344 0.987832367 0.154753685 0.015445349 132.296005249
