1.000000000 0.000000000 0.000000000 0.000000000 0.000000000 1.000000000 0.000000000 0.000000000 0.000000000 0.000000000 1.000000000 0.000000000
0.999997795 -0.001607688 -0.001354762 0.049191210 0.001604774 0.999996424 -0.002149461 -0.132409766 0.001358213 0.002147282 0.999996781 1.297677636
0.999997735 0.000048963 -0.002135489 0.105002657 -0.000062574 0.999979615 -0.006374130 -0.267271936 0.002135134 0.006374248 0.999977410 2.602952242
0.999996185 0.002434580 -0.001289510 0.148007154 -0.002444746 0.999965489 -0.007941545 -0.405932724 0.001270132 0.007944667 0.999967635 3.906981230
0.999983907 0.005664782 0.000229035 0.193830326 -0.005663135 0.999961972 -0.006647019 -0.544546425 -0.000266680 0.006645615 0.999977827 5.219612598
0.999975443 0.006556022 0.002484406 0.241483301 -0.006548020 0.999973416 -0.003215795 -0.693111777 -0.002505423 0.003199448 0.999991715 6.535337925
0.999960840 0.006789217 0.005692851 0.299965948 -0.006777827 0.999975026 -0.002017719 -0.828934669 -0.005706408 0.001979054 0.999981761 7.838552475
0.999941945 0.005361175 0.009338470 0.352700591 -0.005344223 0.999984026 -0.001839216 -0.962860823 -0.009348181 0.001789202 0.999954641 9.143783569
0.999911308 0.004007802 0.012700842 0.430927217 -0.003987117 0.999990642 -0.001653561 -1.100295901 -0.012707349 0.001602775 0.999917984 10.443774223
0.999870360 0.002679144 0.015871752 0.497328222 -0.002641105 0.999993563 -0.002417154 -1.236684442 -0.015878124 0.002374922 0.999871135 11.753020287
0.999815404 0.001665319 0.019137815 0.578133404 -0.001605894 0.999993801 -0.003120016 -1.375339031 -0.019142894 0.003088707 0.999812007 13.040675163
0.999745071 0.001608324 0.022521533 0.646042585 -0.001538500 0.999993980 -0.003117335 -1.521637201 -0.022526415 0.003081891 0.999741495 14.370852470
0.999659300 0.001503534 0.026062034 0.726316929 -0.001393053 0.999989986 -0.004256802 -1.658416986 -0.026068175 0.004219045 0.999651313 15.667640686
0.999577165 0.002510594 0.028968368 0.814099431 -0.002389744 0.999988258 -0.004205648 -1.796153545 -0.028978588 0.004134643 0.999571443 16.969722748
0.999479771 0.002167084 0.032178193 0.904846430 -0.002046186 0.999990702 -0.003789593 -1.935572386 -0.032186106 0.003721780 0.999475002 18.254888535
0.999412894 0.000448249 0.034259319 1.008100748 -0.000332635 0.999994218 -0.003380296 -2.079776764 -0.034260638 0.003366916 0.999407232 19.554227829
0.999356210 -0.002062785 0.035818711 1.106522322 0.002233520 0.999986231 -0.004727285 -2.219992161 -0.035808463 0.004804244 0.999347150 20.828708649
0.999312580 -0.001690622 0.037033193 1.204117656 0.001926018 0.999978185 -0.006321610 -2.363777876 -0.037021704 0.006388592 0.999294043 22.139226913
0.999266326 -0.001647604 0.038262382 1.287305593 0.001989829 0.999958396 -0.008907802 -2.507744789 -0.038246118 0.008977403 0.999228001 23.422920227
0.999230742 -0.001224248 0.039200470 1.394052267 0.001634809 0.999944150 -0.010443021 -2.648643494 -0.039185505 0.010499071 0.999176800 24.709676743
0.999189138 -0.000696410 0.040256936 1.495030642 0.001139820 0.999938905 -0.010992590 -2.796256542 -0.040246814 0.011029562 0.999128878 25.979070663
0.999167502 -0.002162999 0.040737756 1.592150927 0.002573656 0.999946356 -0.010030752 -2.942044973 -0.040713862 0.010127246 0.999119520 27.279027939
0.999169469 -0.005127087 0.040423263 1.697103977 0.005487303 0.999946177 -0.008805219 -3.090267897 -0.040375929 0.009019720 0.999143898 28.558843613
0.999191523 -0.006678020 0.039645303 1.795367956 0.007049887 0.999932349 -0.009247496 -3.237071514 -0.039580867 0.009519513 0.999171019 29.852153778
0.999213219 -0.008228286 0.038797669 1.901643515 0.008693448 0.999892116 -0.011836033 -3.382012129 -0.038696092 0.012164006 0.999176979 31.119876862
0.999235272 -0.008397811 0.038186032 2.006888628 0.008855270 0.999890864 -0.011826460 -3.532516241 -0.038082551 0.012155565 0.999200642 32.411266327
0.999243677 -0.008881173 0.037855238 2.100088596 0.009348219 0.999882162 -0.012178568 -3.677254200 -0.037742615 0.012523239 0.999208987 33.677585602
0.999268770 -0.009460816 0.037045043 2.203258276 0.009917216 0.999877036 -0.012155869 -3.821116924 -0.036925483 0.012514367 0.999239683 34.944488525
0.999277174 -0.010011071 0.036673438 2.296496868 0.010483223 0.999864340 -0.012704842 -3.965306282 -0.036541276 0.013080114 0.999246597 36.203945160
0.999320924 -0.010648947 0.035275269 2.410433769 0.011110248 0.999854982 -0.012907069 -4.121289253 -0.035132710 0.013290218 0.999294221 37.497222900
0.999323726 -0.010360985 0.035282876 2.505283356 0.010752531 0.999882519 -0.010925676 -4.268035412 -0.035165537 0.011297666 0.999317646 38.756290436
0.999285340 -0.010235229 0.036388274 2.601522923 0.010604511 0.999894083 -0.009969886 -4.407224655 -0.036282387 0.010348642 0.999287963 40.028202057
0.999210894 -0.011909407 0.037890334 2.714549541 0.012230438 0.999891162 -0.008252138 -4.548821926 -0.037787937 0.008709045 0.999247789 41.275299072
0.999094009 -0.013162372 0.040469792 2.807334423 0.013554101 0.999863744 -0.009420421 -4.696815491 -0.040340282 0.009960415 0.999136448 42.544281006
0.998969257 -0.014443718 0.043031812 2.901221275 0.014992623 0.999809921 -0.012460480 -4.846101761 -0.042843662 0.013092795 0.998996019 43.796627045
0.998874843 -0.015439631 0.044840120 3.011312008 0.016069667 0.999776661 -0.013724406 -4.990435600 -0.044618204 0.014429530 0.998899877 45.062969208
0.998748422 -0.015693691 0.047490224 3.134342194 0.016306441 0.999788344 -0.012542920 -5.123152256 -0.047283325 0.013301618 0.998792887 46.295898438
0.998558462 -0.016880980 0.050951064 3.246578455 0.017371813 0.999806702 -0.009205972 -5.277380466 -0.050785813 0.010077815 0.998658657 47.567901611
0.998284578 -0.019989135 0.055030663 3.362082005 0.020420767 0.999764860 -0.007292289 -5.414745808 -0.054871958 0.008403545 0.998458028 48.796302795
0.998055339 -0.022063805 0.058297291 3.494449139 0.022536485 0.999718189 -0.007462999 -5.556902885 -0.058116190 0.008762301 0.998271286 50.048156738
0.997770309 -0.025430959 0.061704926 3.635852814 0.026173672 0.999594092 -0.011258164 -5.691889286 -0.061393574 0.012848106 0.998030901 51.280391693
0.997508705 -0.026666926 0.065308638 3.777071238 0.027466945 0.999557912 -0.011382511 -5.827287197 -0.064976223 0.013147984 0.997800291 52.514587402
0.997159898 -0.029068977 0.069476470 3.905123472 0.029751852 0.999518454 -0.008814182 -5.966302395 -0.069186799 0.010856204 0.997544587 53.733573914
0.996888638 -0.031621303 0.072201058 4.064481258 0.032101229 0.999469519 -0.005496143 -6.099761486 -0.071988955 0.007796786 0.997374952 54.927051544
0.996625364 -0.034395717 0.074532531 4.198437214 0.034775671 0.999387920 -0.003805761 -6.236114502 -0.074356019 0.006384837 0.997211277 56.185646057
0.996428549 -0.037407823 0.075701520 4.352694988 0.037578333 0.999293387 -0.000828786 -6.355654716 -0.075617015 0.003670563 0.997130156 57.392627716
0.996264040 -0.040288255 0.076385990 4.497715950 0.040355042 0.999185205 0.000669598 -6.482072830 -0.076350749 0.002415463 0.997078061 58.612995148
0.996222377 -0.042076733 0.075964071 4.642621040 0.042408295 0.999096572 -0.002756180 -6.603979588 -0.075779483 0.005967274 0.997106731 59.805828094
0.996235192 -0.043451414 0.075015731 4.799214840 0.044087484 0.999004245 -0.006843260 -6.736895561 -0.074643686 0.010124750 0.997158825 61.015258789
0.996243954 -0.044778999 0.074112982 4.935504436 0.045709897 0.998895109 -0.010911418 -6.865051270 -0.073542491 0.014258132 0.997190118 62.196159363
0.996250927 -0.047259640 0.072461076 5.078115463 0.048334695 0.998744667 -0.013154456 -7.000131130 -0.071748428 0.016607525 0.997284472 63.417316437
0.996400535 -0.047323961 0.070330508 5.215417385 0.048348434 0.998746693 -0.012935222 -7.134789467 -0.069630228 0.016289029 0.997439861 64.594169617
0.996627092 -0.046320420 0.067741103 5.342686176 0.047266245 0.998805046 -0.012425982 -7.277719021 -0.067084566 0.015585936 0.997625649 65.812805176
0.996860325 -0.045684427 0.064672053 5.464382172 0.046464056 0.998863697 -0.010601963 -7.405996323 -0.064114235 0.013573602 0.997850180 66.990509033
0.997268856 -0.041833170 0.060866777 5.589649677 0.042320438 0.999081373 -0.006737800 -7.541251183 -0.060529005 0.009295307 0.998123169 68.177787781
0.997534513 -0.039772283 0.057819013 5.704676151 0.040106229 0.999184668 -0.004626284 -7.665629864 -0.057587877 0.006933780 0.998316407 69.362754822
0.997721255 -0.038732227 0.055247318 5.805748463 0.039208781 0.999202371 -0.007567654 -7.802684307 -0.054910138 0.009716588 0.998444080 70.531455994
0.997923374 -0.039080985 0.051200412 5.921818733 0.039865777 0.999101460 -0.014396972 -7.942574501 -0.050591756 0.016408218 0.998584628 71.720596313
0.997929335 -0.043076590 0.047764808 6.030310154 0.043949328 0.998882771 -0.017373934 -8.076859474 -0.046963036 0.019437188 0.998707533 72.893798828
0.997961700 -0.046766460 0.043419115 6.140678406 0.047343466 0.998802245 -0.012356963 -8.214183807 -0.042789225 0.014387388 0.998980463 74.056884766
0.997937143 -0.050569586 0.039548218 6.240492821 0.050892074 0.998678207 -0.007189982 -8.341951370 -0.039132353 0.009187842 0.999191761 75.217247009
0.998017430 -0.052561905 0.034618869 6.340560913 0.052761547 0.998595238 -0.004878202 -8.463034630 -0.034313831 0.006695074 0.999388814 76.402618408
0.998188376 -0.051811185 0.030585257 6.429540634 0.051905360 0.998649299 -0.002292814 -8.588091850 -0.030425152 0.003876198 0.999529541 77.562217712
0.998309255 -0.051799588 0.026368760 6.524647713 0.051876135 0.998650968 -0.002226721 -8.703474045 -0.026217844 0.003590865 0.999649763 78.716171265
0.998461068 -0.050140772 0.023693286 6.587392330 0.050255414 0.998727202 -0.004267650 -8.831211090 -0.023449149 0.005451798 0.999710083 79.879409790
0.998644590 -0.047873210 0.020424619 6.663265228 0.048070908 0.998800576 -0.009300357 -8.958563805 -0.019954884 0.010269580 0.999748111 81.023567200
0.998566926 -0.051020246 0.016153680 6.750583172 0.051248573 0.998587132 -0.014050649 -9.097311020 -0.015413988 0.014858366 0.999770701 82.183555603
0.998406947 -0.054659091 0.013992034 6.804649830 0.054873984 0.998373508 -0.015465072 -9.221760750 -0.013123969 0.016208235 0.999782503 83.319190979
0.998437047 -0.054942977 0.010229427 6.871490955 0.055064332 0.998410761 -0.011985814 -9.350561142 -0.009554637 0.012530359 0.999875784 84.456054688
0.998436391 -0.055410855 0.007371719 6.941002846 0.055478260 0.998416781 -0.009277554 -9.481616974 -0.006845971 0.009672018 0.999929786 85.593788147
0.998574197 -0.053001955 0.006355945 6.983991623 0.053069755 0.998529971 -0.011020203 -9.608771324 -0.005762510 0.011341799 0.999919057 86.734085083
0.998759329 -0.049440037 0.005961004 7.035557270 0.049521219 0.998670101 -0.014342766 -9.734954834 -0.005243970 0.014620169 0.999879360 87.853637695
0.998849988 -0.047707874 0.004778908 7.095075130 0.047781482 0.998718202 -0.016699741 -9.864863396 -0.003976074 0.016908878 0.999849141 88.961135864
0.998734176 -0.050144359 0.003953301 7.142663479 0.050205927 0.998587012 -0.017417358 -10.002757072 -0.003074333 0.017593790 0.999840498 90.113037109
0.998685658 -0.051192936 0.002520963 7.194703579 0.051224530 0.998579383 -0.014674809 -10.133345604 -0.001766135 0.014784658 0.999889135 91.229331970
0.998632371 -0.052245576 0.001937911 7.241198063 0.052264806 0.998564065 -0.011758177 -10.264245033 -0.001320816 0.011843380 0.999929070 92.344444275
0.998626590 -0.052378461 0.001198254 7.304429531 0.052388694 0.998562396 -0.011329290 -10.387196541 -0.000603121 0.011376504 0.999935091 93.476173401
0.998595774 -0.052962463 0.001212684 7.349939346 0.052974019 0.998504758 -0.013492304 -10.513301849 -0.000496285 0.013537597 0.999908268 94.585487366
0.998579264 -0.053281609 0.000707472 7.408979416 0.053285867 0.998429418 -0.017301369 -10.641158104 0.000215484 0.017314490 0.999850035 95.691864014
0.998565495 -0.053539105 0.000676739 7.453726768 0.053542498 0.998397231 -0.018336071 -10.778224945 0.000306042 0.018346000 0.999831676 96.795028687
0.998525977 -0.054274824 0.000418274 7.510899544 0.054274216 0.998385668 -0.016744129 -10.908420563 0.000491186 0.016742155 0.999859750 97.881080627
0.998583496 -0.053183299 0.001559223 7.549055099 0.053197660 0.998518884 -0.011406137 -11.033212662 -0.000950298 0.011472927 0.999933720 98.960998535
0.998672903 -0.051423755 0.002836515 7.600121975 0.051445041 0.998643637 -0.008024386 -11.151731491 -0.002420023 0.008159662 0.999963760 100.032058716
0.998766005 -0.049417086 0.004937307 7.643034935 0.049455438 0.998744488 -0.007976806 -11.270782471 -0.004536918 0.008211141 0.999955952 101.092269897
0.998847902 -0.047465410 0.007077403 7.692721844 0.047533110 0.998822451 -0.009724880 -11.390695572 -0.006607474 0.010050086 0.999927640 102.127532959
0.998801112 -0.047964372 0.009779427 7.743404388 0.048079066 0.998773336 -0.011851939 -11.513871193 -0.009198958 0.012307919 0.999881923 103.149528503
0.998704553 -0.049569387 0.011490661 7.789866447 0.049719565 0.998676240 -0.013174735 -11.621271133 -0.010822387 0.013728977 0.999847174 104.157218933
0.998592913 -0.051328488 0.013316426 7.852067947 0.051494636 0.998595655 -0.012449666 -11.733778000 -0.012658703 0.013117875 0.999833763 105.139389038
0.998568177 -0.051338702 0.015031083 7.910242081 0.051506110 0.998612344 -0.010969859 -11.851397514 -0.014447047 0.011728344 0.999826849 106.113891602
0.998500049 -0.052386303 0.015916076 7.982807636 0.052542184 0.998573065 -0.009538539 -11.956508636 -0.015393679 0.010360497 0.999827862 107.050231934
0.998431861 -0.052949641 0.018163148 8.036705017 0.053133335 0.998539567 -0.009784733 -12.063991547 -0.017618522 0.010734459 0.999787211 107.966438293
0.998417795 -0.052737046 0.019512126 8.099075317 0.052903011 0.998566985 -0.008089586 -12.161298752 -0.019057546 0.009109036 0.999776900 108.869079590
0.998430848 -0.051847380 0.021161206 8.158992767 0.051986448 0.998629212 -0.006075033 -12.257693291 -0.020817226 0.007165596 0.999757588 109.739173889
0.998399675 -0.051882748 0.022497028 8.219743729 0.051960450 0.998645008 -0.002882600 -12.358067513 -0.022316989 0.004046943 0.999742746 110.591438293
0.998349011 -0.052041773 0.024307230 8.278489113 0.052122653 0.998637080 -0.002705357 -12.450038910 -0.024133308 0.003967848 0.999700844 111.415954590
0.998373568 -0.050958361 0.025563935 8.326661110 0.051023602 0.998695612 -0.001905873 -12.538704872 -0.025433470 0.003207137 0.999671400 112.221900940
0.998485267 -0.048539303 0.025907664 8.380856514 0.048604123 0.998816252 -0.001877882 -12.615704536 -0.025785847 0.003134256 0.999662638 112.998550415
0.998619199 -0.045961298 0.025442971 8.422912598 0.045947179 0.998943090 0.001139702 -12.692850113 -0.025468467 0.000030905 0.999675632 113.755920410
0.998691440 -0.046027515 0.022290563 8.472253799 0.045985095 0.998939157 0.002411920 -12.776403427 -0.022377936 -0.001383731 0.999748647 114.497253418
0.998806953 -0.046139605 0.015996652 8.508102417 0.046104651 0.998933434 0.002546947 -12.850643158 -0.016097108 -0.001806388 0.999868810 115.194786072
0.998990595 -0.044610415 0.005257046 8.538106918 0.044602681 0.999003530 0.001579117 -12.926580429 -0.005322251 -0.001343045 0.999984980 115.860694885
0.999084890 -0.041856829 -0.008799247 8.539629936 0.041845310 0.999123037 -0.001489085 -12.993083954 0.008853860 0.001119515 0.999960184 116.506034851
0.998792589 -0.040624231 -0.027622437 8.542354584 0.040523659 0.999169767 -0.004190929 -13.057784081 0.027769757 0.003066507 0.999609649 117.124137878
0.997998834 -0.038820025 -0.049912401 8.507072449 0.038542889 0.999235690 -0.006503437 -13.127815247 0.050126716 0.004566655 0.998732448 117.710632324
0.996283948 -0.037125509 -0.077717498 8.467012405 0.036576036 0.999294817 -0.008482113 -13.193060875 0.077977598 0.005607995 0.996939301 118.281303406
0.993333817 -0.035012618 -0.109826975 8.397637367 0.034050934 0.999363661 -0.010620235 -13.259613037 0.110128924 0.006809727 0.993893921 118.821388245
0.989017010 -0.030350182 -0.144651517 8.281932831 0.028918382 0.999509811 -0.011991058 -13.326108932 0.144944534 0.007676272 0.989410043 119.367286682
0.982659876 -0.024606902 -0.183777303 8.182439804 0.022940276 0.999674201 -0.011189607 -13.387403488 0.183992773 0.006779675 0.982904196 119.881980896
0.974106312 -0.019081006 -0.225283578 8.040842056 0.017432751 0.999804735 -0.009303507 -13.445857048 0.225417092 0.005135295 0.974248767 120.385620117
0.962785125 -0.014610019 -0.269872814 7.865592957 0.012977554 0.999885201 -0.007832361 -13.502796173 0.269956231 0.004038592 0.962864041 120.878227234
0.948547423 -0.008351719 -0.316525102 7.677379608 0.006089414 0.999948382 -0.008135810 -13.561820984 0.316576689 0.005789749 0.948549211 121.341506958
0.931161225 -0.000568096 -0.364607304 7.450862885 -0.002947118 0.999954462 -0.009084597 -13.617395401 0.364595890 0.009533767 0.931116998 121.807449341
0.910015285 0.004109504 -0.414554358 7.193115234 -0.009066448 0.999908984 -0.009990188 -13.671940804 0.414475530 0.012849759 0.909969747 122.249969482
0.884845257 0.008328415 -0.465810567 6.927494049 -0.014123009 0.999860168 -0.008950908 -13.723659515 0.465670943 0.014498815 0.884839177 122.661628723
0.855794251 0.011620237 -0.517185807 6.645450592 -0.018868174 0.999783576 -0.008758080 -13.768389702 0.516972184 0.017253468 0.855828285 123.060974121
0.824494123 0.021098338 -0.565477014 6.313385010 -0.029298238 0.999556065 -0.005424195 -13.818782806 0.565111458 0.021039695 0.824746251 123.425834656
0.790497482 0.034384143 -0.611499310 5.967559814 -0.042615734 0.999090910 0.001087892 -13.861143112 0.610980749 0.025199514 0.791244268 123.784057617
0.754565895 0.043268789 -0.654796064 5.611461639 -0.054114185 0.998528183 0.003623077 -13.904033661 0.653989136 0.032699909 0.755796790 124.096832275
0.714677632 0.047090728 -0.697867036 5.246425629 -0.061225805 0.998113155 0.004650116 -13.950127602 0.696769297 0.039404135 0.716212213 124.394027710
0.672332168 0.048937004 -0.738630176 4.865192413 -0.063971624 0.997920513 0.007886291 -13.998056412 0.737480342 0.041949168 0.674064577 124.678390503
0.628736019 0.052365776 -0.775853574 4.450084686 -0.067493871 0.997639656 0.012639419 -14.029697418 0.774684131 0.044418503 0.630786359 124.944938660
0.583782613 0.060876310 -0.809624553 4.030536652 -0.078517854 0.996744156 0.018330406 -14.062863350 0.808104455 0.052869018 0.586661816 125.169952393
0.538080573 0.070037507 -0.839978635 3.593086243 -0.090322144 0.995594859 0.025153480 -14.089163780 0.838040173 0.062334072 0.542036176 125.375740051
0.491257846 0.075056672 -0.867774308 3.139480591 -0.095831729 0.994889379 0.031799749 -14.116164207 0.865726352 0.067538440 0.495940000 125.573524475
0.444238752 0.076668255 -0.892621875 2.680961609 -0.095556676 0.994702995 0.037879609 -14.140131950 0.890797973 0.068468392 0.449211746 125.747863770
0.396968335 0.078116521 -0.914502025 2.197200775 -0.092153348 0.994728982 0.044967428 -14.169635773 0.913194358 0.066423781 0.402074605 125.931091309
0.351204813 0.080638088 -0.932819724 1.709228516 -0.093927935 0.994292915 0.050588481 -14.188498497 0.931575418 0.069850914 0.356774628 126.074073792
0.307504952 0.084022753 -0.947829545 1.207881927 -0.099891186 0.993440390 0.055658288 -14.206412315 0.946288764 0.077564619 0.313880980 126.189422607
0.266034573 0.085480444 -0.960165977 0.679470062 -0.104475141 0.992749989 0.059434213 -14.224186897 0.958285272 0.084501922 0.273036420 126.297409058
0.226543099 0.082789764 -0.970476210 0.148544312 -0.104927197 0.992656827 0.060188279 -14.251117706 0.968332827 0.088194102 0.233566493 126.395645142
0.191547006 0.077632144 -0.978408456 -0.385137558 -0.099917211 0.993230343 0.059246983 -14.270826340 0.976384282 0.086411253 0.198007047 126.490013123
0.160942972 0.072565012 -0.984292448 -0.934513092 -0.097280234 0.993603647 0.057345025 -14.292933464 0.982157767 0.086522922 0.166972637 126.570495605
0.134610936 0.071012519 -0.988350689 -1.499216080 -0.098524019 0.993445456 0.057959832 -14.312755585 0.985988259 0.089574262 0.140725046 126.636375427
0.112493239 0.069949865 -0.991187215 -2.085042953 -0.099013716 0.993343532 0.058864620 -14.325342178 0.988706946 0.091519259 0.118670404 126.699478149
0.094184682 0.071750440 -0.992965817 -2.680944443 -0.101487882 0.992895484 0.062119037 -14.344533920 0.990368366 0.094923332 0.100797340 126.757438660
0.078179598 0.069965787 -0.994481087 -3.289967537 -0.102381460 0.992823601 0.061800607 -14.367252350 0.991668224 0.096984886 0.084781751 126.805023193
0.063899301 0.068929330 -0.995572984 -3.908040047 -0.100805134 0.992955089 0.062278055 -14.396949768 0.992852032 0.096379340 0.070397556 126.858421326
0.051880553 0.066301934 -0.996449947 -4.546014309 -0.096564189 0.993451178 0.061074749 -14.418105125 0.993973792 0.093052775 0.057943169 126.899459839
0.040198363 0.063490763 -0.997172415 -5.203435421 -0.094433501 0.993753493 0.059466224 -14.434663773 0.994719267 0.091776036 0.045942921 126.932434082
0.029226178 0.062657215 -0.997607052 -5.878547668 -0.093789250 0.993802428 0.059670575 -14.455869675 0.995163023 0.091820888 0.034921605 126.973281860
0.019479252 0.064110667 -0.997752726 -6.547747612 -0.097119570 0.993344009 0.061931323 -14.478025436 0.995082080 0.095694937 0.025576001 126.995117188
0.011346353 0.063900486 -0.997891784 -7.225094318 -0.100139886 0.993011713 0.062449358 -14.503397942 0.994908750 0.099220201 0.017666047 127.008102417
0.004449209 0.063046835 -0.998000681 -7.923467636 -0.101816788 0.992852509 0.062267695 -14.525221825 0.994793236 0.101336181 0.010836633 127.033668518
-0.000913468 0.063975558 -0.997951150 -8.620632172 -0.102536462 0.992685437 0.063731864 -14.544408798 0.994728804 0.102384560 0.005653042 127.051513672
-0.004429782 0.066491470 -0.997777164 -9.343865395 -0.104837701 0.992257476 0.066589080 -14.564409256 0.994479477 0.104899637 0.002575330 127.074195862
-0.004758930 0.070591174 -0.997494042 -10.081183434 -0.107344203 0.991705418 0.070693642 -14.590699196 0.994210541 0.107411616 0.002858096 127.070960999
-0.005995337 0.073640101 -0.997266889 -10.797193527 -0.109757684 0.991210878 0.073852755 -14.606719971 0.993940234 0.109900467 0.002139924 127.085601807
-0.006612536 0.079094112 -0.996845245 -11.535554886 -0.114380784 0.990264416 0.079330698 -14.613682747 0.993414938 0.114544511 0.002498688 127.095451355
-0.007504364 0.082943276 -0.996526062 -12.282947540 -0.117430836 0.989585519 0.083249927 -14.628504753 0.993052721 0.117647633 0.002313889 127.101020813
-0.009239623 0.083303563 -0.996481299 -13.016183853 -0.117487632 0.989531279 0.083811946 -14.646576881 0.993031383 0.117848612 0.000644243 127.124992371
-0.010861220 0.080104046 -0.996727228 -13.760313988 -0.115069568 0.990064025 0.080822431 -14.665493965 0.993298113 0.115570821 -0.001535766 127.147338867
-0.012360422 0.076648563 -0.996981561 -14.524259567 -0.119021967 0.989856422 0.077576391 -14.671932220 0.992814720 0.119621590 -0.003112181 127.158142090
-0.013387254 0.078266315 -0.996842623 -15.291768074 -0.123931140 0.989115179 0.079323955 -14.682749748 0.992200434 0.124601781 -0.003541900 127.161231995
-0.015249396 0.081834406 -0.996529341 -16.058629990 -0.120843090 0.989188910 0.083080828 -14.698358536 0.992554486 0.121690616 -0.005195409 127.179870605
-0.016847560 0.082160354 -0.996476829 -16.835744858 -0.120058335 0.989241242 0.083593614 -14.718168259 0.992623866 0.121043690 -0.006802265 127.189376831
-0.018306362 0.080982581 -0.996547401 -17.628961563 -0.122991525 0.988962114 0.082625508 -14.727455139 0.992238879 0.124079458 -0.008144123 127.192657471
-0.018911812 0.080841295 -0.996547520 -18.416007996 -0.127699554 0.988367260 0.082601093 -14.735139847 0.991632581 0.128820822 -0.008368418 127.192565918
-0.019797817 0.085169725 -0.996169686 -19.220397949 -0.129572153 0.987743795 0.087024435 -14.742845535 0.991372287 0.130798772 -0.008519542 127.195190430
-0.020596048 0.089398146 -0.995782971 -20.032680511 -0.127972901 0.987565458 0.091307327 -14.751901627 0.991563737 0.129313827 -0.008899407 127.211631775
-0.019850884 0.092090927 -0.995552719 -20.853748322 -0.129800215 0.987084270 0.093895748 -14.766582489 0.991341352 0.131086871 -0.007641072 127.226280212
-0.017786777 0.090747491 -0.995715022 -21.672294617 -0.129182771 0.987316728 0.092289694 -14.772397995 0.991461217 0.130270779 -0.005838173 127.236045837
-0.016415372 0.090753853 -0.995738029 -22.503391266 -0.129321054 0.987314701 0.092118070 -14.777299881 0.991466880 0.130282074 -0.004470752 127.244956970
-0.016712040 0.089918762 -0.995808899 -23.331476212 -0.127513960 0.987623870 0.091319665 -14.785177231 0.991696000 0.128505662 -0.005039311 127.274307251
-0.015806068 0.092003271 -0.995633245 -24.169059753 -0.128404811 0.987325847 0.093274072 -14.793665886 0.991595864 0.129318401 -0.003792075 127.293167114
-0.015358957 0.094136402 -0.995440900 -25.008136749 -0.130113825 0.986904919 0.095336743 -14.795935631 0.991380155 0.130984873 -0.002909384 127.311485291
-0.015151730 0.096377961 -0.995229483 -25.883670807 -0.133239627 0.986272395 0.097539067 -14.796623230 0.990968049 0.134081885 -0.002102367 127.322784424
-0.013610551 0.097459711 -0.995146394 -26.747116089 -0.135422468 0.985889077 0.098405257 -14.794861794 0.990694523 0.136104554 -0.000220256 127.336059570
-0.011898707 0.100634970 -0.994852245 -27.616798401 -0.142159536 0.984646380 0.101302840 -14.795660973 0.989772320 0.142633125 0.002590200 127.351646423
-0.009548315 0.104443684 -0.994484961 -28.497774124 -0.146839142 0.983602524 0.104710624 -14.791816711 0.989114285 0.147029161 0.005944673 127.367385864
-0.007350810 0.106167451 -0.994321108 -29.372764587 -0.149347961 0.983078897 0.106071167 -14.786436081 0.988757372 0.149279550 0.008629465 127.397476196
-0.003824772 0.106919885 -0.994260311 -30.266569138 -0.147909939 0.983270705 0.106307089 -14.788206100 0.988993466 0.147467569 0.012053729 127.424438477
-0.001112269 0.106821112 -0.994277656 -31.159605026 -0.150488362 0.982937276 0.105771102 -14.782576561 0.988611162 0.149744838 0.014982044 127.452568054
0.001205994 0.110639118 -0.993859947 -32.060497284 -0.151017845 0.982482195 0.109189264 -14.775792122 0.988530338 0.149958894 0.017893350 127.485923767
0.003520567 0.112666816 -0.993626595 -32.975463867 -0.150008574 0.982448876 0.110867873 -14.771576881 0.988678455 0.148662165 0.020359758 127.528335571
0.005375632 0.114052862 -0.993460178 -33.868530273 -0.150737166 0.982215047 0.111946240 -14.769954681 0.988559246 0.149149582 0.022472030 127.568939209
0.007960024 0.112255231 -0.993647575 -34.772354126 -0.152104095 0.982252181 0.109749377 -14.764023781 0.988332391 0.150264218 0.024893230 127.599906921
0.007999870 0.113432258 -0.993513525 -35.683975220 -0.156439990 0.981453419 0.110795654 -14.754810333 0.987655163 0.154538855 0.025596837 127.644706726
0.009060961 0.113975339 -0.993442297 -36.577194214 -0.157274857 0.981280446 0.111145571 -14.750882149 0.987513244 0.155236408 0.026816802 127.682411194
0.009489161 0.110563144 -0.993823826 -37.474555969 -0.157501608 0.981627941 0.107702494 -14.749223709 0.987473071 0.155506819 0.026728697 127.717842102
0.010074069 0.106444374 -0.994267642 -38.387111664 -0.158620447 0.981898487 0.103512973 -14.751523018 0.987288177 0.156668395 0.026775969 127.764480591
0.010623886 0.105691038 -0.994342268 -39.286075592 -0.158280656 0.982039511 0.102692232 -14.746356010 0.987336993 0.156294152 0.027161928 127.804847717
0.010581940 0.109779030 -0.993899643 -40.192813873 -0.160469368 0.981259525 0.106674366 -14.743042946 0.986984074 0.158361644 0.027999800 127.845748901
0.010973399 0.116060488 -0.993181527 -41.112430573 -0.161300749 0.980439007 0.112789266 -14.734045029 0.986844301 0.158963278 0.029479392 127.882949829
0.011128086 0.114798754 -0.993326366 -42.006896973 -0.159091622 0.980937660 0.111584693 -14.735439301 0.987201154 0.156788200 0.029179476 127.928535461
0.012149436 0.104451850 -0.994455814 -42.896850586 -0.158498436 0.982156813 0.101223655 -14.741407394 0.987284482 0.156389847 0.028488107 127.971771240
0.012353743 0.093980558 -0.995497406 -43.819919586 -0.160309300 0.982881606 0.090800181 -14.747193336 0.986989439 0.158465758 0.027208220 128.011764526
0.011377611 0.091002040 -0.995785773 -44.719787598 -0.157163829 0.983635426 0.088095948 -14.756976128 0.987506986 0.155499175 0.025493650 128.058242798
0.011350257 0.100849725 -0.994836926 -45.643905640 -0.149788156 0.983846664 0.098026656 -14.758476257 0.988652945 0.147902176 0.026273012 128.105941772
0.011235913 0.114015356 -0.993415415 -46.585556030 -0.144888610 0.983179212 0.111201800 -14.756450653 0.989384115 0.142685130 0.027566450 128.168960571
0.011444823 0.123073325 -0.992331624 -47.506389618 -0.145039111 0.982105970 0.120132305 -14.748810768 0.989359677 0.142552003 0.029090472 128.215789795
0.011315214 0.117260136 -0.993036807 -48.423271179 -0.145367131 0.982743025 0.114388227 -14.746243477 0.989313066 0.143060550 0.028165715 128.256332397
0.011431040 0.103796847 -0.994532824 -49.346912384 -0.145337269 0.984208405 0.101048812 -14.744555473 0.989316106 0.143387586 0.026336076 128.296890259
0.011949346 0.095053844 -0.995400488 -50.261550903 -0.145963594 0.984974086 0.092305988 -14.746364594 0.989217758 0.144189209 0.025644200 128.340652466
0.012623026 0.094845317 -0.995411932 -51.189014435 -0.145190388 0.985114932 0.092023008 -14.754170418 0.989323199 0.143362641 0.026205758 128.384948730
0.011786279 0.096561432 -0.995257258 -52.131153107 -0.148114353 0.984515250 0.093765192 -14.773521423 0.988900006 0.146306768 0.025905909 128.431274414
0.012679975 0.096136913 -0.995287299 -53.059944153 -0.152805373 0.983862460 0.093086615 -14.777082443 0.988174975 0.150904909 0.027165592 128.462631226
0.013119493 0.095456913 -0.995347083 -53.998886108 -0.154496163 0.983672380 0.092300884 -14.780204773 0.987906218 0.152566344 0.027653011 128.504226685
0.013789278 0.103053614 -0.994580209 -54.960754395 -0.163413182 0.981533766 0.099436171 -14.782657623 0.986461341 0.161156371 0.030374965 128.545135498
0.015272383 0.112600155 -0.993523002 -55.900627136 -0.168805167 0.979666591 0.108434878 -14.777420044 0.985531151 0.166055754 0.033969332 128.584548950
0.016429102 0.120801412 -0.992540777 -56.856616974 -0.169392481 0.978661656 0.116308309 -14.771522522 0.985411704 0.166218147 0.036541384 128.628433228
0.017382286 0.121136419 -0.992483675 -57.815544128 -0.171064481 0.978357852 0.116416305 -14.760194778 0.985106468 0.167755127 0.037728239 128.678359985
0.019070745 0.111928560 -0.993533194 -58.753643036 -0.172914907 0.979109168 0.106984496 -14.763172150 0.984752059 0.169756427 0.038026456 128.722595215
0.020313244 0.106711671 -0.994082510 -59.691257477 -0.171178296 0.979977131 0.101699620 -14.756952286 0.985030591 0.168099493 0.038173236 128.778869629
0.022015758 0.105210871 -0.994206250 -60.661426544 -0.169631094 0.980421484 0.099995784 -14.758287430 0.985261738 0.166446775 0.039431747 128.839096069
0.024921678 0.111120880 -0.993494391 -61.615039825 -0.171281099 0.979582250 0.105268262 -14.760422707 0.984907031 0.167543337 0.043445729 128.901687622
0.028892610 0.113635011 -0.993102312 -62.593875885 -0.174250901 0.978877366 0.106937818 -14.763311386 0.984277248 0.169959292 0.048083331 128.954010010
0.032651931 0.108668581 -0.993541658 -63.548545837 -0.173158988 0.979654133 0.101458900 -14.765243530 0.984352469 0.168727815 0.050804537 129.017211914
0.036264226 0.102731235 -0.994047940 -64.506599426 -0.173148409 0.980303824 0.094994165 -14.768924713 0.984227836 0.168672904 0.053337708 129.079162598
0.040171377 0.102553010 -0.993916094 -65.481994629 -0.171039060 0.980742991 0.094280861 -14.770610809 0.984444976 0.166211069 0.056938365 129.141006470
0.041429441 0.107039817 -0.993391216 -66.430229187 -0.167714357 0.980882645 0.098697476 -14.788161278 0.984964728 0.162516981 0.058589537 129.241455078
0.045052268 0.113594450 -0.992505193 -67.389778137 -0.167225912 0.980352879 0.104612783 -14.788167000 0.984888732 0.161259547 0.063163057 129.318450928
0.047713730 0.117493272 -0.991926789 -68.351097107 -0.164992630 0.980343640 0.108184755 -14.793290138 0.985140085 0.158498704 0.066161364 129.403152466
0.049767189 0.119224593 -0.991619229 -69.337005615 -0.164479151 0.980272055 0.109605446 -14.792826653 0.985124350 0.157645926 0.068395346 129.483032227
0.051921181 0.116448544 -0.991838574 -70.281394958 -0.163256884 0.980806887 0.106607072 -14.793413162 0.985216439 0.156389341 0.069935672 129.560760498
0.052642811 0.115164511 -0.991950512 -71.229362488 -0.161312923 0.981262922 0.105362803 -14.798692703 0.985498309 0.154467836 0.070233963 129.647827148
0.053082030 0.111675903 -0.992325842 -72.173431396 -0.158186927 0.982119918 0.102065504 -14.808409691 0.985981345 0.151555166 0.069798596 129.739074707
0.052841179 0.110860556 -0.992430210 -73.167449951 -0.156691208 0.982428551 0.101400413 -14.797640800 0.986233056 0.150146976 0.069283560 129.821685791
0.052581064 0.115628541 -0.991899848 -74.120948792 -0.153322235 0.982431591 0.106397115 -14.801392555 0.986776233 0.146485835 0.069385730 129.907943726
0.052024938 0.117392972 -0.991721928 -75.082298279 -0.147259071 0.983112454 0.108648770 -14.806408882 0.987728775 0.140387595 0.068433568 130.006286621
0.051403623 0.112660490 -0.992302954 -76.039207458 -0.144543320 0.983993590 0.104229391 -14.793651581 0.988162398 0.138073012 0.066865161 130.087677002
0.050084360 0.108909957 -0.992789090 -77.012413025 -0.146770135 0.984047174 0.100546688 -14.796957016 0.987901866 0.140675932 0.065270111 130.161666870
0.048873022 0.106208734 -0.993142068 -77.961372375 -0.143250212 0.984795868 0.098266765 -14.801336288 0.988479018 0.137465194 0.063344367 130.244552612
0.047575273 0.106474139 -0.993176699 -78.926033020 -0.143375561 0.984734178 0.098701097 -14.800046921 0.988524139 0.137701556 0.062114801 130.315109253
0.046700556 0.108159125 -0.993036091 -79.876434326 -0.144621074 0.984378755 0.100414932 -14.808620453 0.988384426 0.138924509 0.061613131 130.389068604
0.045308262 0.108450815 -0.993068814 -80.831222534 -0.146197110 0.984106421 0.100801870 -14.812199593 0.988217354 0.140616640 0.060443338 130.462615967
0.044158503 0.109349146 -0.993022144 -81.779212952 -0.145904914 0.984039605 0.101871803 -14.815248489 0.988312602 0.140388280 0.059408288 130.531005859
0.041825604 0.109661393 -0.993088603 -82.745559692 -0.146012887 0.983958006 0.102503575 -14.818718910 0.988398135 0.140716448 0.057166606 130.604553223
0.039930113 0.112081520 -0.992896438 -83.693595886 -0.146096557 0.983664751 0.105164021 -14.813682556 0.988464117 0.140859589 0.055652581 130.681854248
0.038485181 0.115891300 -0.992516100 -84.647644043 -0.147421479 0.983041763 0.109068684 -14.807211876 0.988324761 0.142120674 0.054917403 130.741043091
0.035634831 0.120991237 -0.992013752 -85.591766357 -0.148207709 0.982307494 0.114483550 -14.801073074 0.988314033 0.142944485 0.052936185 130.814132690
0.033754166 0.120539255 -0.992134511 -86.535453796 -0.148126662 0.982339919 0.114309728 -14.795998573 0.988392174 0.143103153 0.051013134 130.878234863
0.032419030 0.116244264 -0.992691457 -87.481498718 -0.148623794 0.982731760 0.110224262 -14.798025131 0.988362253 0.143964186 0.049135864 130.937088013
0.030992312 0.110798292 -0.993359566 -88.426994324 -0.152372628 0.982744575 0.104860373 -14.781532288 0.987837076 0.148110911 0.047340147 130.989120483
0.029727437 0.108779967 -0.993621230 -89.370048523 -0.150306910 0.983243823 0.103146955 -14.780503273 0.988192379 0.146281824 0.045579702 131.055831909
0.029523937 0.109798007 -0.993515313 -90.339401245 -0.145638689 0.983814240 0.104398005 -14.780836105 0.988897204 0.141612038 0.045036901 131.105331421
0.028768329 0.111166313 -0.993385255 -91.288284302 -0.142789736 0.984061778 0.105987787 -14.780570984 0.989334881 0.138796166 0.044183221 131.168182373
0.027619807 0.110912174 -0.993446350 -92.233818054 -0.137226343 0.984837055 0.106135830 -14.784721375 0.990154564 0.133395582 0.042421084 131.236389160
0.026186891 0.108118199 -0.993793130 -93.174316406 -0.133060634 0.985665023 0.103727706 -14.789064407 0.990761936 0.129518449 0.040197778 131.302719116
0.025511932 0.104685836 -0.994178057 -94.120132446 -0.128058195 0.986650646 0.100607052 -14.791364670 0.991438389 0.124746002 0.038577247 131.365188599
0.023726985 0.107599348 -0.993911147 -95.104438782 -0.126118183 0.986570477 0.103793889 -14.796863556 0.991731405 0.122887559 0.036978573 131.422332764
0.022379331 0.109949954 -0.993685067 -96.052253723 -0.125539705 0.986375809 0.106313840 -14.795913696 0.991836131 0.122367702 0.035877511 131.479232788
0.021325441 0.107749999 -0.993949175 -97.008811951 -0.121401392 0.987097681 0.104402550 -14.791474342 0.992374301 0.118440405 0.034131292 131.526535034
0.018949734 0.104858279 -0.994306564 -97.960197449 -0.118515484 0.987709284 0.101903841 -14.795872688 0.992771327 0.115909666 0.031144159 131.580535889
0.015197119 0.102653608 -0.994601071 -98.932174683 -0.117341362 0.988025606 0.100182019 -14.797061920 0.992975354 0.115185380 0.027060660 131.635223389
0.012528904 0.101748601 -0.994731307 -99.886802673 -0.111817464 0.988712251 0.099724561 -14.806456566 0.993649781 0.109978877 0.023764746 131.684555054
0.010469081 0.101749144 -0.994754970 -100.844886780 -0.104957469 0.989426076 0.100099482 -14.800987244 0.994421601 0.103359021 0.021037713 131.726608276
0.007912314 0.110216163 -0.993876159 -101.810096741 -0.095348328 0.989461839 0.108967580 -14.809267044 0.995412529 0.093902275 0.018337861 131.790481567
0.005162651 0.118343435 -0.992959380 -102.768089294 -0.087307386 0.989234030 0.117445514 -14.804981232 0.996168137 0.086086333 0.015439328 131.847015381
0.002090055 0.118341148 -0.992970824 -103.723068237 -0.083006762 0.989566743 0.117760725 -14.801715851 0.996546805 0.082177177 0.011891363 131.894866943
-0.000477137 0.108252846 -0.994123399 -104.676284790 -0.084313452 0.990579247 0.107907392 -14.804708481 0.996439159 0.083869457 0.008654528 131.926681519
-0.002571724 0.098685019 -0.995115399 -105.622650146 -0.086031690 0.991407394 0.098539621 -14.800414085 0.996289015 0.085864902 0.005940414 131.964050293
-0.003110658 0.100364789 -0.994945884 -106.581588745 -0.093341298 0.990577638 0.100215986 -14.803886414 0.995629311 0.093181290 0.006286832 131.985763550
-0.003950783 0.109545372 -0.993973970 -107.546531677 -0.096724801 0.989279270 0.109412417 -14.791673660 0.995303333 0.096574210 0.006687330 132.020248413
-0.005463677 0.121014886 -0.992635787 -108.509750366 -0.100775316 0.987530231 0.120947182 -14.780146599 0.994894266 0.100693978 0.006799768 132.048980713
-0.006808632 0.122777067 -0.992410898 -109.455307007 -0.107771568 0.986563325 0.122793011 -14.768386841 0.994152367 0.107789740 0.006514731 132.077468872
-0.006911435 0.119749166 -0.992780149 -110.435890198 -0.115014508 0.986119866 0.119746506 -14.750807762 0.993339777 0.115011737 0.006957390 132.098876953
-0.007135620 0.115599737 -0.993270338 -111.390243530 -0.123063885 0.985643387 0.115596190 -14.736342430 0.992373109 0.123060547 0.007192978 132.122894287
-0.004746286 0.117857747 -0.993019164 -112.359382629 -0.127734780 0.984824181 0.117495634 -14.718037605 0.991797030 0.127400756 0.010380274 132.143768311
-0.003221606 0.118855625 -0.992906332 -113.339141846 -0.136035785 0.983629107 0.118186504 -14.698247910 0.990698636 0.135451525 0.012999755 132.166610718
-0.002538939 0.121697672 -0.992563963 -114.303802490 -0.145333439 0.981983900 0.120772205 -14.681396484 0.989379466 0.144559368 0.015193546 132.185653687
-0.002162408 0.124102555 -0.992267072 -115.279556274 -0.150886416 0.980868459 0.123005770 -14.660985947 0.988548815 0.149985582 0.016604353 132.210739136
-0.002651493 0.123008735 -0.992402077 -116.257308960 -0.154376656 0.980458319 0.121940754 -14.648384094 0.988008499 0.153527051 0.016389996 132.258972168
-0.001248122 0.113683380 -0.993516326 -117.211372375 -0.153301448 0.981751382 0.112529777 -14.651005745 0.988178611 0.152447939 0.016202480 132.292694092
0.000112673 0.102172151 -0.994766653 -118.165657043 -0.156181917 0.982561052 0.100900814 -14.643144608 0.987728298 0.155353203 0.016068147 132.329589844
