1.000000000 0.000000000 0.000000000 0.000000000 0.000000000 1.000000000 0.000000000 0.000000000 0.000000000 0.000000000 1.000000000 0.000000000
0.999997854 -0.001569686 -0.001334217 0.048800979 0.001566857 0.999996543 -0.002118946 -0.132924080 0.001337538 0.002116851 0.999996841 1.297869682
0.999997556 0.000030904 -0.002216877 0.106143437 -0.000044981 0.999979854 -0.006350268 -0.267486662 0.002216636 0.006350352 0.999977350 2.606394291
0.999996126 0.002394624 -0.001379250 0.148874685 -0.002405482 0.999965727 -0.007925201 -0.405318379 0.001360225 0.007928489 0.999967575 3.910176277
0.999984026 0.005649821 0.000136229 0.194204718 -0.005648791 0.999962032 -0.006648554 -0.543393254 -0.000173787 0.006647677 0.999977887 5.222738266
0.999976099 0.006525363 0.002295160 0.244464204 -0.006517920 0.999973536 -0.003234892 -0.691306353 -0.002316208 0.003219855 0.999992073 6.535599232
0.999962807 0.006754301 0.005378026 0.303857684 -0.006743900 0.999975443 -0.001949624 -0.828281999 -0.005391061 0.001913282 0.999983609 7.839997768
0.999944389 0.005398889 0.009061330 0.356209099 -0.005381560 0.999983668 -0.001935477 -0.961323440 -0.009071633 0.001886605 0.999957085 9.146098137
0.999914408 0.004092528 0.012423202 0.433521748 -0.004070163 0.999990106 -0.001824911 -1.098255277 -0.012430546 0.001774190 0.999921143 10.445401192
0.999872446 0.002845715 0.015715703 0.499123454 -0.002807069 0.999992907 -0.002480546 -1.237158060 -0.015722655 0.002436115 0.999873340 11.751800537
0.999816716 0.001774224 0.019057922 0.576047480 -0.001710375 0.999992788 -0.003366046 -1.373118401 -0.019063760 0.003332833 0.999812722 13.045780182
0.999747574 0.001719147 0.022401867 0.644490957 -0.001646042 0.999993205 -0.003281380 -1.522527933 -0.022407355 0.003243677 0.999743640 14.366106033
0.999667108 0.001565206 0.025750402 0.730908751 -0.001453329 0.999989450 -0.004362816 -1.660610676 -0.025756961 0.004323941 0.999658883 15.660689354
0.999573588 0.002492101 0.029093942 0.804600716 -0.002371564 0.999988437 -0.004176816 -1.798928618 -0.029104019 0.004106036 0.999567926 16.961420059
0.999478161 0.002031170 0.032239247 0.895621777 -0.001912075 0.999991238 -0.003724491 -1.938484311 -0.032246530 0.003660904 0.999473214 18.248058319
0.999402642 0.000571659 0.034555223 0.991542101 -0.000449255 0.999993622 -0.003549936 -2.079813719 -0.034557037 0.003532290 0.999396503 19.549043655
0.999340355 -0.001939528 0.036266625 1.087785602 0.002118804 0.999985754 -0.004905490 -2.219408512 -0.036256600 0.004979095 0.999330103 20.824119568
0.999305427 -0.001697022 0.037226368 1.187782407 0.001943883 0.999976337 -0.006596173 -2.361386776 -0.037214302 0.006663955 0.999285102 22.131887436
0.999253392 -0.001507454 0.038606383 1.269467592 0.001867793 0.999954998 -0.009299304 -2.504746437 -0.038590632 0.009364471 0.999211252 23.420494080
0.999223471 -0.001041920 0.039385468 1.375822663 0.001469512 0.999940276 -0.010829195 -2.644823790 -0.039371833 0.010878665 0.999165356 24.703531265
0.999170780 -0.000436473 0.040712841 1.472579598 0.000903391 0.999934018 -0.011450890 -2.791276455 -0.040705156 0.011478175 0.999105275 25.974651337
0.999161303 -0.002110145 0.040893100 1.575423837 0.002541348 0.999941707 -0.010495530 -2.937226295 -0.040868562 0.010590651 0.999108315 27.267635345
0.999158919 -0.004974236 0.040703345 1.680413485 0.005359722 0.999941766 -0.009366985 -3.083119869 -0.040654380 0.009577265 0.999127328 28.545150757
0.999184728 -0.006649896 0.039820015 1.776524067 0.007042154 0.999927998 -0.009718620 -3.232223988 -0.039752513 0.009991115 0.999159515 29.839506149
0.999203622 -0.008279075 0.039032221 1.881831884 0.008764807 0.999886036 -0.012289749 -3.378905058 -0.038926028 0.012622073 0.999162257 31.107625961
0.999225855 -0.008387110 0.038435616 1.984659910 0.008863289 0.999885798 -0.012235402 -3.529414892 -0.038328610 0.012566595 0.999186158 32.391418457
0.999235511 -0.008996951 0.038045697 2.079694271 0.009484544 0.999875009 -0.012654943 -3.671954632 -0.037927084 0.013006114 0.999195874 33.656173706
0.999251842 -0.009639828 0.037453428 2.177557468 0.010122575 0.999867857 -0.012721066 -3.817398310 -0.037325837 0.013090675 0.999217391 34.922946930
0.999262869 -0.010149512 0.037023388 2.270833492 0.010647520 0.999855101 -0.013278931 -3.962502718 -0.036883254 0.013663349 0.999226153 36.184268951
0.999308169 -0.010654579 0.035633106 2.384912491 0.011139804 0.999847472 -0.013446585 -4.117451191 -0.035484403 0.013834227 0.999274492 37.468673706
0.999302149 -0.010251040 0.035920039 2.473776102 0.010669232 0.999877274 -0.011470011 -4.265336990 -0.035798043 0.011845244 0.999288917 38.724609375
0.999263823 -0.010305015 0.036954939 2.572224140 0.010702845 0.999886632 -0.010583593 -4.402422905 -0.036841698 0.010971325 0.999260902 39.996067047
0.999180615 -0.012014573 0.038650304 2.677806139 0.012356739 0.999886453 -0.008626203 -4.549649715 -0.038542278 0.009096725 0.999215543 41.244304657
0.999068201 -0.013063526 0.041135050 2.773792744 0.013489104 0.999858141 -0.010085318 -4.692273140 -0.040997472 0.010630795 0.999102652 42.509223938
0.998943567 -0.014404276 0.043639567 2.870537758 0.014997507 0.999798954 -0.013297126 -4.840172291 -0.043439262 0.013937563 0.998958886 43.757259369
0.998851597 -0.015495994 0.045335721 2.981441021 0.016156819 0.999768078 -0.014246301 -4.989205360 -0.045104433 0.014962424 0.998870194 45.016937256
0.998725593 -0.015738299 0.047952004 3.104734898 0.016373929 0.999782860 -0.012891683 -5.124978542 -0.047738694 0.013660420 0.998766422 46.253078461
0.998512924 -0.016935403 0.051817112 3.205590725 0.017459266 0.999800801 -0.009674024 -5.278823376 -0.051642966 0.010564328 0.998609662 47.513435364
0.998236954 -0.019877451 0.055925936 3.315472841 0.020345425 0.999762535 -0.007810851 -5.416732788 -0.055757400 0.008934919 0.998404324 48.740982056
0.998004377 -0.022129679 0.059138566 3.451451063 0.022633137 0.999712944 -0.007856853 -5.560919285 -0.058947716 0.009179666 0.998218834 49.989437103
0.997724175 -0.025442425 0.062442333 3.595167160 0.026210304 0.999590158 -0.011509162 -5.695754051 -0.062123917 0.013119605 0.997982144 51.216747284
0.997438848 -0.026684506 0.066359989 3.726377964 0.027521361 0.999552429 -0.011728666 -5.832226753 -0.066017307 0.013524943 0.997726738 52.450908661
0.997069359 -0.029089794 0.070757501 3.849004745 0.029809255 0.999513865 -0.009133252 -5.972217560 -0.070457429 0.011215712 0.997451723 53.670757294
0.996810019 -0.031819969 0.073194772 4.015731335 0.032325670 0.999460995 -0.005734481 -6.105075359 -0.072972856 0.008082259 0.997301161 54.863655090
0.996550620 -0.034236744 0.075594887 4.150444984 0.034654379 0.999390364 -0.004219477 -6.240094662 -0.075404324 0.006824617 0.997129679 56.107555389
0.996348441 -0.037322361 0.076790407 4.306063652 0.037490387 0.999296665 -0.000747249 -6.367527485 -0.076708525 0.003623422 0.997046947 57.314468384
0.996185541 -0.039711554 0.077700466 4.443922043 0.039815072 0.999207020 0.000217055 -6.487925053 -0.077647455 0.002877422 0.996976733 58.532371521
0.996138632 -0.041474849 0.077379987 4.589480877 0.041840702 0.999119461 -0.003112106 -6.610274315 -0.077182770 0.006337723 0.996996820 59.723274231
0.996159017 -0.042833518 0.076370791 4.745117188 0.043508574 0.999027133 -0.007196651 -6.744297981 -0.075988233 0.010491793 0.997053504 60.926269531
0.996166825 -0.044162203 0.075507142 4.882290363 0.045142125 0.998916447 -0.011320096 -6.873041153 -0.074925415 0.014685256 0.997080922 62.107620239
0.996171355 -0.046512943 0.074021079 5.022906303 0.047644582 0.998771846 -0.013595438 -7.008930683 -0.073297791 0.017070087 0.997163951 63.334957123
0.996345043 -0.046303000 0.071781628 5.163845539 0.047387399 0.998785675 -0.013477266 -7.143101215 -0.071070425 0.016829550 0.997329295 64.509597778
0.996567130 -0.045528807 0.069144860 5.299063206 0.046528634 0.998833418 -0.012918079 -7.287183285 -0.068476059 0.016090950 0.997523010 65.729827881
0.996809781 -0.044771794 0.066073790 5.422143459 0.045602959 0.998897731 -0.011124413 -7.416427135 -0.065502904 0.014102083 0.997752786 66.903976440
0.997225821 -0.040940762 0.062167320 5.548126698 0.041465182 0.999114156 -0.007168367 -7.555117607 -0.061818782 0.009726257 0.998040020 68.105377197
0.997508049 -0.038934026 0.058837771 5.665660858 0.039297879 0.999214828 -0.005039148 -7.679432392 -0.058595374 0.007338789 0.998254895 69.285079956
0.997724831 -0.037946939 0.055723891 5.775329590 0.038457207 0.999227285 -0.008113137 -7.815243244 -0.055372968 0.010237665 0.998413205 70.455177307
0.997896135 -0.038249537 0.052346081 5.891926765 0.039086655 0.999122322 -0.015062496 -7.950506210 -0.051723994 0.017076842 0.998515546 71.643623352
0.997907221 -0.042209901 0.048985478 6.000364780 0.043137643 0.998906195 -0.018038500 -8.085241318 -0.048170507 0.020113865 0.998636603 72.815521240
0.997952223 -0.045997024 0.044448327 6.115179062 0.046621516 0.998826504 -0.013116337 -8.223131180 -0.043792855 0.015161727 0.998925567 73.986831665
0.997949719 -0.049774740 0.040235642 6.218478203 0.050152306 0.998705983 -0.008428791 -8.348374367 -0.039764043 0.010429420 0.999154687 75.147216797
0.998011529 -0.051846676 0.035846163 6.314857483 0.052074559 0.998628318 -0.005452464 -8.475924492 -0.035514310 0.007308295 0.999342442 76.338096619
0.998182118 -0.051180501 0.031830523 6.403938770 0.051302589 0.998678505 -0.003030203 -8.600522041 -0.031633377 0.004657682 0.999488652 77.496971130
0.998317480 -0.050790548 0.027973101 6.495771408 0.050892401 0.998699784 -0.002940797 -8.718751907 -0.027787363 0.004359467 0.999604344 78.650596619
0.998467684 -0.049243882 0.025243795 6.561416626 0.049380150 0.998768449 -0.004803079 -8.850133896 -0.024976185 0.006042262 0.999669731 79.833168030
0.998652041 -0.046969641 0.022090197 6.637502193 0.047198467 0.998835921 -0.009953763 -8.977052689 -0.021596953 0.010982969 0.999706447 80.977371216
0.998566151 -0.050284199 0.018362001 6.721345901 0.050557770 0.998612225 -0.014751544 -9.115474701 -0.017594747 0.015658734 0.999722600 82.143592834
0.998420417 -0.053869616 0.015966140 6.782941341 0.054113030 0.998418689 -0.015227051 -9.248491287 -0.015120615 0.016066974 0.999756515 83.264633179
0.998484433 -0.053757485 0.011789473 6.853487015 0.053900924 0.998471677 -0.012206281 -9.379445076 -0.011115277 0.012823244 0.999855936 84.433547974
0.998484135 -0.054239627 0.009356903 6.913485050 0.054329086 0.998476982 -0.009586694 -9.506962776 -0.008822676 0.010080513 0.999910295 85.566482544
0.998626649 -0.051700708 0.008481953 6.968918324 0.051795904 0.998592436 -0.011414760 -9.633503914 -0.007879865 0.011838414 0.999898851 86.706611633
0.998820722 -0.047876712 0.008062193 7.018621445 0.047990438 0.998741686 -0.014558778 -9.764996529 -0.007355022 0.014928521 0.999861479 87.841613770
0.998889983 -0.046626389 0.006705101 7.073954105 0.046733733 0.998764992 -0.016858358 -9.897002220 -0.005910777 0.017152997 0.999835432 88.959999084
0.998827577 -0.048019215 0.006132015 7.127429485 0.048118927 0.998691678 -0.017305110 -10.030541420 -0.005293014 0.017579891 0.999831438 90.078765869
0.998817146 -0.048379775 0.004867289 7.178625107 0.048449341 0.998707414 -0.015365395 -10.160315514 -0.004117623 0.015583036 0.999870062 91.197898865
0.998733282 -0.050182991 0.003680499 7.239263058 0.050225325 0.998659849 -0.012490654 -10.287055016 -0.003048748 0.012659687 0.999915183 92.308052063
0.998749673 -0.049849741 0.003762027 7.288762569 0.049891986 0.998681009 -0.012123914 -10.411527634 -0.003152692 0.012296448 0.999919415 93.447975159
0.998747706 -0.049898155 0.003659049 7.334032059 0.049945116 0.998652160 -0.014119011 -10.545425415 -0.002949605 0.014284079 0.999893546 94.575836182
0.998746455 -0.049958784 0.003111129 7.393352509 0.050005868 0.998594701 -0.017551726 -10.674989700 -0.002229894 0.017685298 0.999841034 95.675537109
0.998694479 -0.051007293 0.002756941 7.448148727 0.051050019 0.998521447 -0.018674046 -10.805915833 -0.001800353 0.018790409 0.999821723 96.781127930
0.998685300 -0.051151797 0.003330807 7.491761684 0.051202215 0.998536706 -0.017399695 -10.939123154 -0.002435908 0.017547367 0.999843001 97.847129822
0.998700917 -0.050810546 0.003839619 7.544869900 0.050852682 0.998636246 -0.011813956 -11.059621811 -0.003234109 0.011993865 0.999922752 98.936660767
0.998789191 -0.048944656 0.004954685 7.599572659 0.048986759 0.998760879 -0.008765693 -11.179998398 -0.004519512 0.008997794 0.999949276 100.016380310
0.998849452 -0.047417779 0.007155874 7.653817177 0.047481310 0.998831689 -0.008986076 -11.292724609 -0.006721415 0.009315507 0.999934018 101.067764282
0.998925805 -0.045481663 0.008870217 7.707200050 0.045573227 0.998906910 -0.010409338 -11.419473648 -0.008387085 0.010802402 0.999906480 102.110023499
0.998891175 -0.045727450 0.011207640 7.765158653 0.045871679 0.998863220 -0.012968229 -11.535603523 -0.010601893 0.013467962 0.999853075 103.125068665
0.998797596 -0.047285106 0.012942344 7.829701900 0.047462396 0.998778284 -0.013752305 -11.650930405 -0.012276253 0.014350042 0.999821663 104.141220093
0.998700440 -0.048769582 0.014798361 7.892453671 0.048958816 0.998720050 -0.012707449 -11.780881882 -0.014159680 0.013415448 0.999809682 105.138114929
0.998685479 -0.048545353 0.016453760 7.957072258 0.048734710 0.998747647 -0.011309810 -11.893872261 -0.015884114 0.012096813 0.999800682 106.096313477
0.998602808 -0.049734000 0.017860344 8.017896652 0.049915545 0.998704672 -0.009866524 -12.002893448 -0.017346507 0.010744246 0.999791801 107.053779602
0.998522878 -0.050589390 0.019818785 8.077706337 0.050799176 0.998656631 -0.010228566 -12.109385490 -0.019274702 0.011220234 0.999751270 107.970878601
0.998510122 -0.050158303 0.021487102 8.140348434 0.050349895 0.998695672 -0.008470185 -12.209599495 -0.021034228 0.009539440 0.999733210 108.875114441
0.998501182 -0.049486410 0.023379711 8.200672150 0.049643345 0.998747945 -0.006180238 -12.308403969 -0.023044597 0.007331622 0.999707580 109.746032715
0.998474360 -0.049441434 0.024587188 8.262201309 0.049533889 0.998767436 -0.003165514 -12.410005569 -0.024400374 0.004378583 0.999692678 110.602340698
0.998425424 -0.049535383 0.026325572 8.323039055 0.049634587 0.998762548 -0.003127941 -12.501232147 -0.026138050 0.004429675 0.999648571 111.429336548
0.998440683 -0.048662309 0.027357023 8.378173828 0.048739288 0.998809218 -0.002153546 -12.593635559 -0.027219655 0.003483549 0.999623418 112.244300842
0.998536944 -0.046357460 0.027837681 8.433000565 0.046427064 0.998919964 -0.001858858 -12.673305511 -0.027721448 0.003148560 0.999610662 113.025482178
0.998677552 -0.043715492 0.027057275 8.481609344 0.043703414 0.999044001 0.001037564 -12.749822617 -0.027076768 0.000146303 0.999633312 113.782028198
0.998750210 -0.043724775 0.024211822 8.527565002 0.043688271 0.999043107 0.002035089 -12.832016945 -0.024277641 -0.000974773 0.999704719 114.530349731
0.998885393 -0.043711510 0.017811764 8.564214706 0.043679036 0.999043286 0.002208268 -12.906579971 -0.017891251 -0.001427806 0.999838889 115.228439331
0.999091148 -0.041977402 0.007410321 8.592714310 0.041972142 0.999118447 0.000864302 -12.979542732 -0.007440072 -0.000552489 0.999972165 115.902755737
0.999197900 -0.039466958 -0.006787429 8.595274925 0.039455190 0.999219596 -0.001859812 -13.048702240 0.006855531 0.001590521 0.999975204 116.547485352
0.998958468 -0.037799552 -0.025556780 8.596092224 0.037703041 0.999279976 -0.004247938 -13.121519089 0.025698945 0.003279946 0.999664366 117.161300659
0.998196065 -0.036136020 -0.047945693 8.564165115 0.035865802 0.999335527 -0.006484569 -13.191020966 0.048148163 0.004753261 0.998828948 117.749855042
0.996531844 -0.034557614 -0.075696543 8.524232864 0.034012116 0.999385357 -0.008484120 -13.255799294 0.075943202 0.005880096 0.997094810 118.318786621
0.993665040 -0.032447338 -0.107595779 8.453014374 0.031517942 0.999449790 -0.010327554 -13.324310303 0.107871689 0.006870933 0.994141102 118.858352661
0.989326417 -0.027997961 -0.143001139 8.343914032 0.026609473 0.999578416 -0.011613233 -13.388885498 0.143265992 0.007684093 0.989654481 119.403030396
0.983095765 -0.021952607 -0.181771308 8.241611481 0.020284902 0.999733329 -0.011028992 -13.447639465 0.181964964 0.007155342 0.983278990 119.917182922
0.974646449 -0.016548194 -0.223137662 8.099218369 0.014890994 0.999847651 -0.009107459 -13.503541946 0.223254353 0.005553811 0.974744439 120.419219971
0.963371634 -0.011997484 -0.267901540 7.927806854 0.010404576 0.999918699 -0.007364780 -13.563143730 0.267968088 0.004307617 0.963418245 120.915809631
0.949165404 -0.005591007 -0.314728200 7.740032196 0.003302095 0.999964118 -0.007805373 -13.618970871 0.314760566 0.006369328 0.949149668 121.381072998
0.931809485 0.001934430 -0.362942517 7.507041931 -0.005411420 0.999948680 -0.008563563 -13.674927711 0.362907290 0.009943644 0.931772172 121.864761353
0.910910666 0.006848698 -0.412546784 7.254039764 -0.011796189 0.999885738 -0.009447068 -13.725631714 0.412434906 0.013471915 0.910887420 122.287979126
0.885896683 0.011127822 -0.463749200 6.987625122 -0.016893703 0.999822915 -0.008280816 -13.776746750 0.463574886 0.015170387 0.885927796 122.702499390
0.857103884 0.014478041 -0.514940023 6.702007294 -0.021562872 0.999737203 -0.007782239 -13.821886063 0.514692068 0.017773774 0.857190847 123.098114014
0.825587273 0.024097390 -0.563759744 6.375514984 -0.032154817 0.999473393 -0.004366938 -13.872443199 0.563357592 0.021732882 0.825927258 123.472991943
0.791821778 0.037082404 -0.609625399 6.024955750 -0.045109801 0.998979688 0.002174524 -13.912577629 0.609084010 0.025778247 0.792686641 123.822006226
0.756022096 0.045849033 -0.652938306 5.668529510 -0.056306269 0.998401403 0.004911568 -13.953131676 0.652119696 0.033051271 0.757395208 124.137695312
0.716410458 0.049587607 -0.695914507 5.297359467 -0.063401900 0.997970939 0.005841528 -13.997461319 0.694792151 0.039937370 0.718100905 124.437492371
0.673224032 0.051124882 -0.737668991 4.930137634 -0.065380223 0.997815311 0.009486168 -14.048757553 0.736542404 0.041842654 0.675095856 124.728027344
0.630117178 0.054968655 -0.774551988 4.517757416 -0.069304951 0.997491479 0.014409008 -14.079417229 0.773401022 0.044600926 0.632346094 124.988037109
0.585168242 0.063666031 -0.808408678 4.092678070 -0.080594920 0.996543407 0.020143721 -14.110470772 0.806896806 0.053366166 0.588276744 125.219161987
0.539426148 0.072554760 -0.838901281 3.651351929 -0.091907091 0.995401680 0.026992496 -14.136037827 0.837002099 0.062540516 0.543613970 125.432373047
0.492944509 0.077590443 -0.866594136 3.196105957 -0.097586200 0.994661450 0.033547014 -14.159852028 0.864570796 0.068030819 0.497884691 125.631866455
0.445491880 0.078956008 -0.891797543 2.734088898 -0.096815780 0.994510770 0.039686084 -14.185744286 0.890035868 0.068660252 0.450690687 125.814552307
0.398782581 0.080128767 -0.913538039 2.256156921 -0.093990736 0.994500458 0.046200838 -14.202347755 0.912216127 0.067440033 0.404120803 125.986930847
0.352653384 0.083683178 -0.932004690 1.761615753 -0.095787905 0.993989527 0.053004321 -14.230899811 0.930838406 0.070582613 0.358549654 126.137954712
0.309402972 0.087060846 -0.946937323 1.262145996 -0.101336472 0.993148446 0.058198713 -14.249797821 0.945516109 0.077952422 0.316105515 126.250938416
0.267718643 0.088415414 -0.959431887 0.740783691 -0.106019899 0.992437124 0.061873324 -14.264040947 0.957646370 0.085154213 0.275067717 126.356140137
0.228193149 0.085107401 -0.969889045 0.214519501 -0.106116779 0.992411494 0.062116850 -14.281538010 0.967815578 0.088746853 0.235492840 126.461616516
0.193173498 0.079881243 -0.977907479 -0.323320389 -0.101710580 0.992940903 0.061017618 -14.300717354 0.975878656 0.087676540 0.199934661 126.551910400
0.162663803 0.074592471 -0.983857989 -0.871765137 -0.099025227 0.993337929 0.058939103 -14.319759369 0.981699824 0.087839492 0.168966696 126.633201599
0.136597067 0.073007032 -0.987932801 -1.438138962 -0.099986896 0.993203819 0.059571795 -14.337760925 0.985567749 0.090643004 0.142968521 126.699234009
0.114425264 0.072392635 -0.990790725 -2.032649994 -0.100269489 0.993089736 0.060980618 -14.350688934 0.988358736 0.092368342 0.120893352 126.758316040
0.095088378 0.073702186 -0.992736816 -2.625870705 -0.102521390 0.992677569 0.063877895 -14.366816521 0.990175486 0.095702700 0.101948172 126.822410583
0.079593547 0.072052367 -0.994219959 -3.235118866 -0.103252359 0.992615283 0.063670091 -14.389791489 0.991465509 0.097587809 0.086445361 126.872177124
0.065330178 0.070828676 -0.995346725 -3.854063988 -0.102109618 0.992716193 0.063939445 -14.417363167 0.992625654 0.097457319 0.072086595 126.927185059
0.053282671 0.068449736 -0.996230662 -4.493579388 -0.097794160 0.993209958 0.063011728 -14.438692093 0.993779302 0.094068117 0.059614856 126.969688416
0.041021593 0.065919206 -0.996981382 -5.136646271 -0.095430888 0.993518174 0.061763622 -14.456679344 0.994590521 0.092609182 0.047046408 127.012054443
0.030573085 0.064876743 -0.997424841 -5.809107780 -0.094590791 0.993600726 0.061728597 -14.474988937 0.995046675 0.092459962 0.036514170 127.046775818
0.020995542 0.066424176 -0.997570574 -6.480131149 -0.097900182 0.993131876 0.064068139 -14.496086121 0.994974673 0.096317194 0.027354281 127.068984985
0.012628041 0.066368960 -0.997715294 -7.157674789 -0.100725636 0.992803931 0.064767368 -14.522873878 0.994834125 0.099677600 0.019222226 127.085281372
0.006049282 0.065768413 -0.997816563 -7.847437382 -0.103030711 0.992565334 0.064797670 -14.543678284 0.994659722 0.102413766 0.012780474 127.102905273
0.000994354 0.066508479 -0.997785330 -8.545578957 -0.103815414 0.992401242 0.066046149 -14.559385300 0.994596004 0.103519820 0.007891403 127.119842529
-0.002713402 0.069140136 -0.997603357 -9.265510559 -0.105937488 0.991973221 0.069038078 -14.579575539 0.994369149 0.105870910 0.004632910 127.145309448
-0.003498259 0.073011190 -0.997324944 -10.002919197 -0.108310305 0.991436124 0.072960004 -14.602837563 0.994110942 0.108275816 0.004439563 127.148109436
-0.004794758 0.075857654 -0.997107148 -10.709877968 -0.110988781 0.990917563 0.075920455 -14.612680435 0.993810117 0.111031741 0.003668138 127.166313171
-0.005334842 0.081512958 -0.996658087 -11.450410843 -0.115895472 0.989905417 0.081581049 -14.619999886 0.993247032 0.115943387 0.004165993 127.174499512
-0.006508667 0.085264564 -0.996337116 -12.190660477 -0.118788250 0.989237368 0.085432976 -14.631886482 0.992898226 0.118909210 0.003689811 127.185798645
-0.007766096 0.085750207 -0.996286392 -12.942154884 -0.118918613 0.989166975 0.086064398 -14.649096489 0.992873728 0.119145356 0.002515329 127.204078674
-0.009144483 0.082670130 -0.996534944 -13.687200546 -0.116627336 0.989687085 0.083172247 -14.666653633 0.993133545 0.116983786 0.000591422 127.225753784
-0.010685251 0.078897797 -0.996825457 -14.447177887 -0.120071068 0.989568055 0.079610467 -14.668582916 0.992707789 0.120540544 -0.001100440 127.239410400
-0.012067728 0.080496468 -0.996681809 -15.212592125 -0.125312984 0.988774359 0.081375100 -14.679258347 0.992043912 0.125879198 -0.001845006 127.244750977
-0.013364554 0.084131613 -0.996364951 -15.990032196 -0.122325450 0.988831758 0.085136317 -14.698763847 0.992400050 0.123018622 -0.002923857 127.259918213
-0.015519032 0.084181614 -0.996329546 -16.764978409 -0.121224895 0.988940597 0.085445531 -14.713849068 0.992503703 0.122105986 -0.005142496 127.277252197
-0.016310614 0.083557263 -0.996369481 -17.556015015 -0.124613464 0.988562703 0.084942512 -14.722784042 0.992071271 0.125546530 -0.005711704 127.276908875
-0.017612807 0.082904674 -0.996401846 -18.349880219 -0.128674820 0.988081336 0.084486902 -14.732792854 0.991530418 0.129699886 -0.006735140 127.294746399
-0.018844133 0.087297961 -0.996004045 -19.146774292 -0.130511895 0.987442374 0.089016825 -14.738258362 0.991267622 0.131667823 -0.007214071 127.305130005
-0.019605963 0.092206165 -0.995546937 -19.950515747 -0.129877776 0.987066209 0.093978480 -14.750806808 0.991336167 0.131141916 -0.007376851 127.321350098
-0.018713279 0.094291076 -0.995368779 -20.780462265 -0.130466416 0.986800790 0.095932223 -14.757066727 0.991276085 0.131657422 -0.006164454 127.337265015
-0.016711008 0.093442574 -0.995484293 -21.598733902 -0.129797161 0.986995995 0.094824672 -14.765229225 0.991399705 0.130795673 -0.004365118 127.347900391
-0.015753821 0.093169928 -0.995525479 -22.430284500 -0.129856393 0.987026095 0.094429396 -14.766880035 0.991407633 0.130762994 -0.003450718 127.363281250
-0.015589012 0.092157185 -0.995622396 -23.255039215 -0.128375530 0.987317741 0.093398519 -14.771243095 0.991603076 0.129269525 -0.003560582 127.387176514
-0.014461542 0.094092138 -0.995458484 -24.093114853 -0.129295230 0.987028241 0.095173635 -14.776028633 0.991500616 0.130084381 -0.002108285 127.404373169
-0.014235204 0.096327290 -0.995247960 -24.930988312 -0.130941242 0.986597657 0.097362921 -14.778456688 0.991287887 0.131704971 -0.001431203 127.424858093
-0.014153287 0.098710328 -0.995015502 -25.803134918 -0.134157255 0.985930145 0.099717282 -14.778888702 0.990858972 0.134899914 -0.000711448 127.441505432
-0.012621529 0.099809304 -0.994926453 -26.666242599 -0.136341020 0.985541105 0.100597359 -14.775321007 0.990581572 0.136918977 0.001169068 127.456039429
-0.010825867 0.102897115 -0.994633138 -27.535776138 -0.143025354 0.984304368 0.103385322 -14.773530960 0.989659846 0.143376976 0.004060947 127.472457886
-0.008372559 0.106699303 -0.994256079 -28.416639328 -0.147706673 0.983251989 0.106762245 -14.767542839 0.988995790 0.147752091 0.007527866 127.487487793
-0.006238732 0.108450234 -0.994082332 -29.291326523 -0.150217101 0.982719481 0.108153358 -14.760871887 0.988633454 0.150002912 0.010160160 127.519943237
-0.002286107 0.109273024 -0.994009137 -30.185411453 -0.148890361 0.982894897 0.108393654 -14.760171890 0.988851011 0.148246184 0.014022701 127.544105530
0.000370887 0.109227516 -0.994016588 -31.077339172 -0.151501775 0.982548952 0.107910834 -14.753247261 0.988456964 0.150555283 0.016912576 127.574737549
0.002831343 0.113027796 -0.993587732 -31.979635239 -0.152009487 0.982093811 0.111287095 -14.744437218 0.988374949 0.150719658 0.019961940 127.607963562
0.005053310 0.115242794 -0.993324518 -32.890640259 -0.151038408 0.982029140 0.113163963 -14.743262291 0.988514960 0.149458319 0.022368588 127.653617859
0.006759222 0.116363116 -0.993183732 -33.782928467 -0.151586309 0.981847644 0.114003338 -14.738037109 0.988420904 0.149782509 0.024275586 127.697677612
0.009410683 0.114502117 -0.993378401 -34.686580658 -0.152935922 0.981899679 0.111730203 -14.729770660 0.988191247 0.150871828 0.026751837 127.730262756
0.009555323 0.115657732 -0.993243098 -35.593524933 -0.157043964 0.981135786 0.112737074 -14.719701767 0.987545371 0.154905558 0.027538415 127.777168274
0.010739246 0.116185792 -0.993169546 -36.487083435 -0.157755449 0.980985105 0.113054603 -14.713535309 0.987419784 0.155463740 0.028863985 127.815376282
0.010950558 0.112657771 -0.993573546 -37.383823395 -0.158094555 0.981330693 0.109527193 -14.710809708 0.987363219 0.155879155 0.028556695 127.854118347
0.011952533 0.108583078 -0.994015515 -38.292633057 -0.159292132 0.981598496 0.105311282 -14.710094452 0.987159133 0.157080114 0.029029019 127.899597168
0.012505306 0.107810915 -0.994092703 -39.190769196 -0.158923224 0.981747806 0.104472883 -14.702893257 0.987211704 0.156677976 0.029410716 127.942276001
0.012272027 0.111827306 -0.993651867 -40.096820831 -0.161153108 0.980957270 0.108408332 -14.697910309 0.986853182 0.158799693 0.030059654 127.986381531
0.012502545 0.118108198 -0.992922008 -41.028114319 -0.161599085 0.980184734 0.114558309 -14.686456680 0.986777246 0.159023032 0.031340990 128.027481079
0.012701089 0.116908580 -0.993061483 -41.922260284 -0.159471646 0.980666578 0.113409773 -14.686845779 0.987120867 0.156924725 0.031099137 128.074523926
0.013631393 0.106421642 -0.994227588 -42.812355042 -0.158675626 0.981950521 0.102931991 -14.690381050 0.987236738 0.156356588 0.030271875 128.119949341
0.013781780 0.096014284 -0.995284557 -43.733928680 -0.160228163 0.982728362 0.092584312 -14.696043015 0.986983776 0.158196598 0.028927939 128.165008545
0.012755396 0.092982486 -0.995585978 -44.634334564 -0.157084614 0.983490348 0.089840241 -14.703538895 0.987502754 0.155245304 0.027150923 128.213073730
0.012668705 0.103085190 -0.994591832 -45.555328369 -0.149594933 0.983672559 0.100047976 -14.705907822 0.988666177 0.147518426 0.027882874 128.264511108
0.012629118 0.116120361 -0.993154883 -46.506504059 -0.144842595 0.982970893 0.113087796 -14.700279236 0.989374220 0.142422944 0.029233230 128.327560425
0.012875013 0.125287712 -0.992036939 -47.427940369 -0.144956112 0.981872559 0.122122750 -14.691588402 0.989354312 0.142229483 0.030802848 128.374923706
0.012668370 0.119293615 -0.992778301 -48.342914581 -0.145074710 0.982571661 0.116215974 -14.684921265 0.989339590 0.142554730 0.029754071 128.418457031
0.012842220 0.105906397 -0.994293094 -49.276119232 -0.145060629 0.984053016 0.102942094 -14.684911728 0.989339411 0.142910793 0.028000277 128.460235596
0.013427191 0.097052418 -0.995188653 -50.192584991 -0.145508170 0.984873533 0.094083235 -14.683850288 0.989265919 0.143544778 0.027345998 128.506729126
0.013980659 0.096975029 -0.995188653 -51.129158020 -0.144383252 0.985050857 0.093958855 -14.688611984 0.989423096 0.142374948 0.027773229 128.551040649
0.013440916 0.098383822 -0.995057762 -52.079147339 -0.147713438 0.984424472 0.095337197 -14.703722954 0.988938868 0.145702019 0.027764177 128.592178345
0.014241138 0.097940095 -0.995090306 -53.009021759 -0.152375758 0.983780384 0.094646193 -14.705214500 0.988220036 0.150279790 0.028933844 128.625534058
0.014413772 0.097575799 -0.995123684 -53.946502686 -0.153944999 0.983577549 0.094213843 -14.709840775 0.987974286 0.151836351 0.029198367 128.672698975
0.015099475 0.105043262 -0.994352996 -54.904094696 -0.162758380 0.981461346 0.101209857 -14.709108353 0.986550391 0.160311073 0.031916220 128.717468262
0.017212780 0.114358336 -0.993290424 -55.859474182 -0.169182003 0.979445875 0.109832652 -14.697727203 0.985434532 0.166156337 0.036206361 128.747665405
0.018545741 0.122615457 -0.992280900 -56.804031372 -0.169474632 0.978475988 0.117742099 -14.689815521 0.985360026 0.165982842 0.038926776 128.794937134
0.019392241 0.123508409 -0.992154002 -57.746650696 -0.170912445 0.978143632 0.118423708 -14.682464600 0.985095382 0.167274982 0.040077515 128.843017578
0.020986244 0.113802180 -0.993281782 -58.684028625 -0.172574624 0.979000270 0.108519726 -14.676540375 0.984772861 0.169137806 0.040184908 128.895446777
0.021374887 0.108864591 -0.993826866 -59.660160065 -0.170473829 0.979893208 0.103671826 -14.681314468 0.985130250 0.167205498 0.039503671 128.970748901
0.023612717 0.107265837 -0.993949890 -60.612525940 -0.169387057 0.980281353 0.101766713 -14.676540375 0.985266685 0.165959254 0.041316550 129.026168823
0.027209504 0.113066867 -0.993214726 -61.573230743 -0.170490384 0.979549944 0.106840625 -14.669499397 0.984983563 0.166426465 0.045929879 129.082611084
0.030605668 0.115600586 -0.992824137 -62.555984497 -0.173483461 0.978828132 0.108622991 -14.679136276 0.984361112 0.168914065 0.050012477 129.137069702
0.034394860 0.110617675 -0.993267715 -63.495117188 -0.172973558 0.979515851 0.103096455 -14.680313110 0.984325707 0.168263063 0.052824244 129.208786011
0.037661172 0.104821436 -0.993777692 -64.445945740 -0.172930717 0.980162501 0.096831776 -14.684346199 0.984213591 0.168207884 0.055040915 129.277862549
0.041341934 0.104750440 -0.993638754 -65.406341553 -0.170341551 0.980668604 0.096295759 -14.687397957 0.984517336 0.165276930 0.058386084 129.348571777
0.043528710 0.109138548 -0.993073106 -66.374633789 -0.167846695 0.980685174 0.100420006 -14.696520805 0.984851658 0.162312895 0.061006494 129.432922363
0.046729423 0.115723595 -0.992181659 -67.342681885 -0.167743042 0.980070949 0.106410757 -14.695951462 0.984722614 0.161459073 0.065209977 129.523300171
0.050184228 0.119468562 -0.991568923 -68.298133850 -0.165544152 0.980081499 0.109706171 -14.694109917 0.984924614 0.158642903 0.068961948 129.601150513
0.051945284 0.121192433 -0.991268992 -69.262565613 -0.164998859 0.980008483 0.111169338 -14.695377350 0.984924853 0.157783523 0.070903435 129.690185547
0.053965636 0.118451171 -0.991492391 -70.219688416 -0.163197473 0.980634451 0.108271390 -14.690229416 0.985116303 0.155966103 0.072251476 129.774765015
0.053956401 0.116938256 -0.991672337 -71.174301147 -0.160684928 0.981193125 0.106959760 -14.697239876 0.985529840 0.153575614 0.071731858 129.871704102
0.054259319 0.113206238 -0.992088854 -72.115943909 -0.157606006 0.982069194 0.103443123 -14.703784943 0.986010253 0.150746390 0.071128383 129.965393066
0.054495711 0.113747865 -0.992013872 -73.085708618 -0.156669363 0.982158959 0.104011327 -14.704102516 0.986146450 0.149750024 0.071344271 130.043807983
0.053122535 0.117852435 -0.991609156 -74.037834167 -0.153123602 0.982228816 0.108534433 -14.701873779 0.986778200 0.146073133 0.070224471 130.150848389
0.053157695 0.119138204 -0.991453648 -75.007415771 -0.147715166 0.982872844 0.110187218 -14.698133469 0.987600327 0.140595451 0.069845781 130.238708496
0.052303698 0.115176886 -0.991967022 -75.956680298 -0.144686535 0.983719587 0.106590360 -14.692543983 0.988094151 0.137949184 0.068116732 130.325454712
0.050900381 0.111968532 -0.992407203 -76.905525208 -0.146267310 0.983816266 0.103497207 -14.697662354 0.987934768 0.139888689 0.066453941 130.408981323
0.049862590 0.107646376 -0.992937982 -77.885681152 -0.142583251 0.984758854 0.099599510 -14.690321922 0.988526046 0.136610031 0.064451188 130.481643677
0.049032476 0.109089285 -0.992821932 -78.838226318 -0.143314749 0.984499931 0.101096988 -14.697479248 0.988461912 0.137328953 0.063906558 130.542373657
0.047799051 0.110623628 -0.992712319 -79.786773682 -0.143856913 0.984249353 0.102753863 -14.699049950 0.988443434 0.137896970 0.062960170 130.625503540
0.047091726 0.111774154 -0.992617249 -80.755470276 -0.146474183 0.983750641 0.103826694 -14.706680298 0.988092899 0.140503362 0.062698551 130.690399170
0.045739885 0.111872107 -0.992669344 -81.707908630 -0.146343231 0.983738780 0.104122482 -14.698779106 0.988175869 0.140507907 0.061367825 130.763671875
0.043736365 0.112475462 -0.992691457 -82.661720276 -0.146542251 0.983616829 0.104990862 -14.698969841 0.988237023 0.140879318 0.059502237 130.835433960
0.041380182 0.115646392 -0.992428184 -83.606933594 -0.146426469 0.983256340 0.108472236 -14.699215889 0.988355696 0.140829161 0.057621021 130.913436890
0.040120397 0.119284131 -0.992049217 -84.568244934 -0.147932231 0.982616186 0.112167269 -14.687152863 0.988183379 0.142255887 0.057068937 130.967086792
0.037808932 0.123926759 -0.991570830 -85.516082764 -0.148991629 0.981887996 0.117035516 -14.672904015 0.988115311 0.143310755 0.055588193 131.036636353
0.036066897 0.124084629 -0.991615951 -86.464820862 -0.149241790 0.981803060 0.117428526 -14.669653893 0.988142729 0.143755227 0.053929213 131.100753784
0.034541938 0.118124366 -0.992397845 -87.405273438 -0.149211869 0.982470214 0.111749180 -14.659283638 0.988201737 0.144217461 0.051561985 131.169921875
0.032379877 0.113793001 -0.992976665 -88.344032288 -0.153957754 0.982207954 0.107538536 -14.650902748 0.987546742 0.149394363 0.049323089 131.232757568
0.032378335 0.111520290 -0.993234575 -89.317878723 -0.152399361 0.982686102 0.105367891 -14.642017365 0.987788439 0.147956669 0.048813362 131.279083252
0.031422295 0.112589307 -0.993144631 -90.269393921 -0.148392215 0.983148992 0.106761120 -14.645309448 0.988429368 0.144020244 0.047600165 131.343002319
0.030561125 0.114006907 -0.993009806 -91.219177246 -0.144889161 0.983486056 0.108454347 -14.642323494 0.988975763 0.140561879 0.046574809 131.412948608
0.029456984 0.114038140 -0.993039548 -92.164627075 -0.140059680 0.984140456 0.108861521 -14.643249512 0.989704847 0.135878071 0.044961955 131.481689453
0.028437577 0.111327946 -0.993376851 -93.112380981 -0.135965198 0.984973311 0.106493883 -14.644209862 0.990305424 0.132036269 0.043146990 131.545486450
0.027543033 0.107928008 -0.993777096 -94.085098267 -0.130768418 0.985999942 0.103459053 -14.648231506 0.991030276 0.127105117 0.041271001 131.605926514
0.026546609 0.110195823 -0.993555307 -95.044067383 -0.128864765 0.985989928 0.105913632 -14.647168159 0.991306782 0.125222623 0.040375043 131.665679932
0.025219584 0.112876788 -0.993288875 -95.989425659 -0.128622100 0.985712826 0.108750135 -14.648507118 0.991372943 0.125016257 0.039377708 131.728210449
0.024262499 0.110524036 -0.993577242 -96.947433472 -0.124147780 0.986509621 0.106706239 -14.638678551 0.991967022 0.120761462 0.037656501 131.777725220
0.020538183 0.107852980 -0.993954659 -97.908676147 -0.122279808 0.986971676 0.104568571 -14.645242691 0.992283165 0.119392946 0.033458848 131.846298218
0.017589612 0.105543762 -0.994259119 -98.858238220 -0.121132381 0.987313151 0.102663457 -14.646221161 0.992480576 0.118631147 0.030151222 131.901794434
0.015396023 0.103908390 -0.994467735 -99.820594788 -0.114774615 0.988195062 0.101476081 -14.648150444 0.993272245 0.112577334 0.027140317 131.951248169
0.012897152 0.105489045 -0.994336843 -100.767883301 -0.108730972 0.988670766 0.103477642 -14.657983780 0.993987620 0.106780648 0.024220964 132.006439209
0.010054808 0.112176411 -0.993637443 -101.755226135 -0.099183284 0.988899350 0.110637836 -14.645030975 0.995018303 0.097439788 0.021069219 132.075103760
0.007445622 0.120397955 -0.992697835 -102.713447571 -0.091299877 0.988660753 0.119223543 -14.639798164 0.995795667 0.089745507 0.018353514 132.133224487
0.002950340 0.119303070 -0.992853582 -103.668594360 -0.086903594 0.989132047 0.118597671 -14.627803802 0.996212304 0.085932627 0.013286144 132.195907593
0.001755636 0.109653510 -0.993968308 -104.625289917 -0.088024981 0.990128458 0.109074421 -14.627794266 0.996116698 0.087302551 0.011390552 132.219802856
-0.000316831 0.099945724 -0.994992793 -105.572540283 -0.089723952 0.990976810 0.099570915 -14.621940613 0.995966613 0.089306220 0.008653554 132.259109497
-0.001150816 0.102227539 -0.994760334 -106.523124695 -0.097495347 0.990010500 0.101852201 -14.631087303 0.995235264 0.097101718 0.008827389 132.289337158
-0.001381599 0.111296467 -0.993786275 -107.499832153 -0.100579709 0.988732219 0.110870279 -14.612611771 0.994928002 0.100107901 0.009828133 132.316574097
-0.002957136 0.122775607 -0.992430091 -108.462623596 -0.104553655 0.986957192 0.122410074 -14.599795341 0.994514883 0.104124181 0.009918071 132.348358154
-0.004832088 0.124487683 -0.992209375 -109.409584045 -0.111391716 0.985978842 0.124248445 -14.586661339 0.993764877 0.111124292 0.009102562 132.383651733
-0.003680305 0.121687479 -0.992561758 -110.401153564 -0.119162031 0.985442698 0.121256553 -14.567735672 0.992867947 0.118721925 0.010873797 132.396209717
-0.004057641 0.117409766 -0.993075192 -111.354660034 -0.127177507 0.984958887 0.116969809 -14.551038742 0.991871655 0.126771450 0.010935273 132.424987793
-0.002120367 0.119605884 -0.992819190 -112.320617676 -0.131816998 0.984124660 0.118839964 -14.531243324 0.991271794 0.131122425 0.013679385 132.453414917
-0.000111818 0.120831318 -0.992673039 -113.301147461 -0.140070483 0.982884943 0.119655669 -14.509805679 0.990141451 0.139057592 0.016815003 132.474639893
0.000521248 0.123523429 -0.992341518 -114.265449524 -0.149294242 0.981229901 0.122061871 -14.490701675 0.988792658 0.148087233 0.018952800 132.497390747
0.000931274 0.126086533 -0.992018759 -115.241508484 -0.154942706 0.980057299 0.124420755 -14.469068527 0.987923026 0.153590187 0.020448886 132.524978638
0.001153656 0.124941587 -0.992163539 -116.208190918 -0.158944190 0.979574263 0.123171426 -14.451131821 0.987286925 0.157556489 0.020988829 132.566467285
0.002747552 0.115517750 -0.993301630 -117.163642883 -0.157908529 0.980893135 0.113637879 -14.451805115 0.987449944 0.156538606 0.020936292 132.602005005
0.004084948 0.103957728 -0.994573295 -118.113380432 -0.161086217 0.981660903 0.101946443 -14.440919876 0.986931860 0.159795612 0.020756193 132.643249512
