1.000000000 0.000000000 0.000000000 0.000000000 0.000000000 1.000000000 0.000000000 0.000000000 0.000000000 0.000000000 1.000000000 0.000000000
0.999997854 -0.001588546 -0.001332799 0.048993081 0.001585682 0.999996424 -0.002147455 -0.132734627 0.001336206 0.002145337 0.999996781 1.298017502
0.999997675 0.000021816 -0.002142936 0.104935050 -0.000035673 0.999979079 -0.006466925 -0.265862167 0.002142750 0.006466988 0.999976814 2.603781462
0.999996126 0.002433275 -0.001306024 0.148069173 -0.002443697 0.999964714 -0.008038812 -0.404367149 0.001286417 0.008041974 0.999966800 3.907943487
0.999983609 0.005724411 0.000214654 0.193926990 -0.005722828 0.999960780 -0.006766347 -0.542686641 -0.000253379 0.006765007 0.999977171 5.220739841
0.999975920 0.006503892 0.002423221 0.242456138 -0.006495901 0.999973476 -0.003290366 -0.691280246 -0.002444557 0.003274546 0.999991655 6.539844513
0.999961615 0.006685485 0.005660274 0.300380707 -0.006674063 0.999975681 -0.002034211 -0.828275383 -0.005673735 0.001996357 0.999981940 7.843040466
0.999945402 0.005231663 0.009040843 0.354900032 -0.005214857 0.999984741 -0.001881457 -0.961965501 -0.009050546 0.001834208 0.999957383 9.148591042
0.999913990 0.003911396 0.012522170 0.431535155 -0.003889560 0.999990821 -0.001767629 -1.098776221 -0.012528971 0.001718771 0.999920011 10.448155403
0.999872148 0.002700320 0.015756443 0.497964680 -0.002661730 0.999993384 -0.002469643 -1.238271475 -0.015763007 0.002427388 0.999872744 11.753776550
0.999816298 0.001570960 0.019104853 0.573544800 -0.001507288 0.999993205 -0.003346728 -1.374336958 -0.019109985 0.003317317 0.999811828 13.046055794
0.999748230 0.001387605 0.022391925 0.644828558 -0.001312485 0.999993443 -0.003369110 -1.519692302 -0.022396455 0.003338873 0.999743521 14.375631332
0.999666333 0.001262766 0.025796948 0.728387833 -0.001151268 0.999989927 -0.004336521 -1.658804655 -0.025802165 0.004305375 0.999657750 15.673406601
0.999575615 0.002239158 0.029044809 0.805703163 -0.002109864 0.999987721 -0.004481416 -1.794515491 -0.029054491 0.004418234 0.999568045 16.972009659
0.999477446 0.001899868 0.032268271 0.896125197 -0.001773015 0.999990582 -0.003959356 -1.934694529 -0.032275487 0.003900075 0.999471426 18.259414673
0.999404430 0.000172130 0.034507174 0.990946651 -0.000040133 0.999992669 -0.003825876 -2.076816559 -0.034507591 0.003822213 0.999397039 19.561935425
0.999348640 -0.002402255 0.036008403 1.091048837 0.002586866 0.999983788 -0.005081181 -2.217143059 -0.035995610 0.005171021 0.999338627 20.836421967
0.999309659 -0.002148608 0.037089642 1.190423012 0.002407299 0.999973059 -0.006931506 -2.358028412 -0.037073750 0.007016006 0.999287903 22.145484924
0.999268413 -0.002103755 0.038186349 1.275888085 0.002473681 0.999950409 -0.009642735 -2.500979424 -0.038164169 0.009730141 0.999224067 23.429395676
0.999225616 -0.001585343 0.039314479 1.375023365 0.002021387 0.999936879 -0.011053914 -2.645861626 -0.039294474 0.011124824 0.999165714 24.721195221
0.999177873 -0.001072348 0.040527213 1.474135637 0.001551011 0.999929368 -0.011781309 -2.792303324 -0.040511720 0.011834481 0.999108911 25.992115021
0.999163508 -0.002604577 0.040810335 1.576894164 0.003042999 0.999938309 -0.010684478 -2.939099073 -0.040779982 0.010799727 0.999109745 27.274917603
0.999161780 -0.005712109 0.040534947 1.683557749 0.006101483 0.999936461 -0.009488668 -3.085843086 -0.040478162 0.009728040 0.999133050 28.551891327
0.999181032 -0.007172338 0.039822835 1.780394077 0.007575624 0.999921441 -0.009985363 -3.233095169 -0.039748080 0.010278868 0.999156833 29.842763901
0.999200583 -0.008905578 0.038973100 1.886147618 0.009401233 0.999876976 -0.012553167 -3.377865791 -0.038856514 0.012909524 0.999161422 31.109708786
0.999231875 -0.008947819 0.038151540 1.996506929 0.009439340 0.999874473 -0.012722739 -3.527813911 -0.038032912 0.013073091 0.999190986 32.396900177
0.999242306 -0.009435629 0.037759602 2.091672659 0.009932468 0.999866247 -0.012992076 -3.674173832 -0.037631966 0.013357276 0.999202430 33.661506653
0.999264657 -0.010115418 0.036984086 2.191618443 0.010608533 0.999857128 -0.013161303 -3.817257404 -0.036845673 0.013543971 0.999229133 34.932987213
0.999273896 -0.010619737 0.036589805 2.283718109 0.011126788 0.999844491 -0.013682093 -3.963076353 -0.036438808 0.014079285 0.999236703 36.194477081
0.999318480 -0.011291550 0.035147127 2.402546644 0.011785134 0.999834359 -0.013867967 -4.119087696 -0.034984708 0.014272727 0.999285936 37.483276367
0.999313653 -0.010928808 0.035394240 2.491782188 0.011359444 0.999863625 -0.011988666 -4.265678406 -0.035258386 0.012382499 0.999301493 38.741294861
0.999282539 -0.011022551 0.036233332 2.597414017 0.011428221 0.999874115 -0.011008117 -4.407112122 -0.036107440 0.011414304 0.999282718 40.017463684
0.999197662 -0.012823449 0.037944235 2.701931477 0.013174364 0.999872565 -0.009012625 -4.553739548 -0.037823830 0.009505285 0.999239147 41.266403198
0.999099851 -0.013821228 0.040106360 2.806655884 0.014252744 0.999843299 -0.010493361 -4.696349621 -0.039955042 0.011055543 0.999140263 42.529926300
0.998974264 -0.015309350 0.042614669 2.901418924 0.015907118 0.999779224 -0.013723719 -4.843081474 -0.042395148 0.014387520 0.998997271 43.779930115
0.998879194 -0.016230894 0.044462748 3.012096405 0.016903298 0.999747694 -0.014788860 -4.992494583 -0.044211496 0.015523851 0.998901546 45.049720764
0.998760939 -0.016368983 0.046998102 3.140313625 0.017026059 0.999762356 -0.013614683 -5.126600266 -0.046764079 0.014398006 0.998802125 46.286197662
0.998569310 -0.017617185 0.050490033 3.251865149 0.018157659 0.999782562 -0.010265940 -5.282409668 -0.050298199 0.011168029 0.998671830 47.561660767
0.998288870 -0.020663045 0.054703958 3.366656542 0.021150321 0.999741554 -0.008343512 -5.420229435 -0.054517418 0.009486241 0.998467743 48.789775848
0.998068392 -0.022667896 0.057843216 3.504377842 0.023206007 0.999693274 -0.008648101 -5.559761524 -0.057629451 0.009973707 0.998288155 50.041503906
0.997806072 -0.025963686 0.060900170 3.649506569 0.026775720 0.999562502 -0.012555761 -5.693218231 -0.060547542 0.014158861 0.998064816 51.277374268
0.997520149 -0.027455537 0.064805284 3.780450583 0.028311796 0.999523103 -0.012331541 -5.835269451 -0.064435810 0.014135716 0.997821748 52.501514435
0.997153997 -0.029814122 0.069247499 3.903646231 0.030564288 0.999484777 -0.009798715 -5.975308418 -0.068919688 0.011887328 0.997551382 53.720878601
0.996884584 -0.032717153 0.071768470 4.061800957 0.033260137 0.999426365 -0.006383484 -6.110018730 -0.071518451 0.008750626 0.997400880 54.927688599
0.996668637 -0.035332836 0.073507495 4.216709614 0.035764772 0.999349833 -0.004567759 -6.242794514 -0.073298305 0.007181520 0.997284174 56.144577026
0.996452093 -0.038421609 0.074881218 4.362951279 0.038654618 0.999251187 -0.001664261 -6.362944603 -0.074761212 0.004552860 0.997191072 57.353946686
0.996304452 -0.041297473 0.075310633 4.515638828 0.041438732 0.999140978 -0.000313292 -6.488840103 -0.075232998 0.003432910 0.997160077 58.553768158
0.996253729 -0.043495160 0.074744217 4.663727283 0.043867871 0.999031842 -0.003351200 -6.617524147 -0.074526094 0.006617516 0.997197092 59.760414124
0.996251881 -0.044821110 0.073981471 4.813724518 0.045498788 0.998936236 -0.007499512 -6.747650623 -0.073566630 0.010837471 0.997231364 60.948371887
0.996272087 -0.045963794 0.073000945 4.943542004 0.046934951 0.998830199 -0.011643232 -6.873616695 -0.072380379 0.015026126 0.997263908 62.155010223
0.996306121 -0.047437463 0.071580313 5.083564758 0.048569754 0.998719454 -0.014160886 -7.006348610 -0.070816904 0.017585218 0.997334301 63.345214844
0.996438444 -0.048063535 0.069283240 5.223734856 0.049179431 0.998684824 -0.014490576 -7.138521194 -0.068495646 0.017846279 0.997491777 64.539413452
0.996655345 -0.047472719 0.066516213 5.357023239 0.048497714 0.998726845 -0.013879756 -7.274626255 -0.065772615 0.017059218 0.997688830 65.716773987
0.996916592 -0.046544537 0.063173294 5.478236198 0.047373641 0.998808980 -0.011689711 -7.420122623 -0.062553950 0.014646417 0.997934103 66.916610718
0.997304142 -0.042711154 0.059667110 5.595117569 0.043262690 0.999031842 -0.007981907 -7.551123619 -0.059268430 0.010541749 0.998186409 68.091178894
0.997580051 -0.040979769 0.056167237 5.717848778 0.041368663 0.999127269 -0.005778226 -7.678642750 -0.055881418 0.008087805 0.998404801 69.281982422
0.997794867 -0.040265549 0.052765105 5.829208851 0.040767912 0.999132693 -0.008478805 -7.817725182 -0.052377939 0.010611232 0.998570979 70.446327209
0.997954845 -0.040402189 0.049537726 5.937881947 0.041221149 0.999027908 -0.015622824 -7.945508957 -0.048858378 0.017632872 0.998650014 71.616500854
0.998006761 -0.043914959 0.045320623 6.052586555 0.044804461 0.998818815 -0.018800939 -8.091480255 -0.044441447 0.020794030 0.998795509 72.815078735
0.998000562 -0.047258023 0.041972511 6.147746086 0.047864135 0.998761892 -0.013554458 -8.230328560 -0.041279994 0.015536334 0.999026775 73.981086731
0.997992158 -0.051461007 0.036923684 6.261524200 0.051840786 0.998611093 -0.009402283 -8.352506638 -0.036388554 0.011297558 0.999273777 75.154617310
0.998035729 -0.053548977 0.032514360 6.354799271 0.053793866 0.998529494 -0.006703699 -8.472492218 -0.032107573 0.008439604 0.999448717 76.324699402
0.998224258 -0.052462444 0.028213151 6.440464973 0.052598432 0.998607278 -0.004099085 -8.605259895 -0.027958808 0.005575774 0.999593496 77.486732483
0.998337269 -0.052092180 0.024677325 6.522914410 0.052200798 0.998629451 -0.003777705 -8.727549553 -0.024446715 0.005059600 0.999688268 78.642219543
0.998536646 -0.049837440 0.020994393 6.602104187 0.049961060 0.998736501 -0.005405017 -8.858986855 -0.020698495 0.006446010 0.999764979 79.809631348
0.998627245 -0.049061865 0.018342061 6.664417267 0.049264252 0.998727918 -0.010749550 -8.982776642 -0.017791333 0.011638404 0.999773979 80.957237244
0.998526514 -0.052346684 0.014303889 6.747581482 0.052574925 0.998487532 -0.016076105 -9.111020088 -0.013440723 0.016804440 0.999768436 82.101463318
0.998348355 -0.056441303 0.010725105 6.816276550 0.056617163 0.998253465 -0.016868860 -9.243645668 -0.009754274 0.017448224 0.999800146 83.264381409
0.998369753 -0.056604620 0.007327496 6.871258736 0.056698501 0.998302639 -0.013309330 -9.379716873 -0.006561689 0.013703092 0.999884546 84.416778564
0.998354733 -0.057127252 0.004928292 6.926777840 0.057177328 0.998306632 -0.010700653 -9.508701324 -0.004308647 0.010964835 0.999930620 85.549140930
0.998509228 -0.054402035 0.004456681 6.972517490 0.054453179 0.998440623 -0.012293383 -9.639123917 -0.003780946 0.012517737 0.999914527 86.695266724
0.998679399 -0.051266216 0.003346907 7.027944565 0.051312689 0.998559117 -0.015708216 -9.770329475 -0.002536784 0.015859211 0.999871016 87.838783264
0.998746693 -0.049995106 0.002332728 7.077123165 0.050029118 0.998585165 -0.018024011 -9.903487206 -0.001428315 0.018118126 0.999834836 88.958488464
0.998707414 -0.050804589 0.001554480 7.127555370 0.050824732 0.998534620 -0.018586867 -10.040061951 -0.000607904 0.018641850 0.999826014 90.074401855
0.998665810 -0.051633388 0.000758490 7.168529987 0.051638868 0.998528600 -0.016556013 -10.169901848 0.000097470 0.016573094 0.999862611 91.214179993
0.998567224 -0.053510524 -0.000359718 7.224456310 0.053500816 0.998476624 -0.013488928 -10.298775673 0.001080970 0.013450358 0.999908924 92.323898315
0.998591661 -0.053050753 -0.000475185 7.271852493 0.053040054 0.998507082 -0.013053680 -10.425552368 0.001166984 0.013010092 0.999914765 93.459548950
0.998578072 -0.053303309 -0.000794979 7.316215038 0.053285118 0.998463869 -0.015183726 -10.559168816 0.001603100 0.015119774 0.999884427 94.609764099
0.998575628 -0.053338427 -0.001327836 7.370985985 0.053304043 0.998400629 -0.018835286 -10.687392235 0.002330358 0.018737681 0.999821723 95.709236145
0.998513341 -0.054472949 -0.001930867 7.426463127 0.054423690 0.998318195 -0.019969501 -10.819894791 0.003015418 0.019834729 0.999798715 96.814926147
0.998531222 -0.054165512 -0.001220677 7.466602802 0.054132946 0.998355687 -0.018856362 -10.949084282 0.002240034 0.018762587 0.999821484 97.890754700
0.998554468 -0.053744543 -0.000755623 7.514977932 0.053729676 0.998466015 -0.013366690 -11.070424080 0.001472851 0.013306766 0.999910414 98.979034424
0.998633981 -0.052249551 0.000027041 7.565689564 0.052247208 0.998583853 -0.010019413 -11.193695068 0.000496507 0.010007139 0.999949813 100.049888611
0.998710275 -0.050730124 0.002030408 7.617928982 0.050748661 0.998656690 -0.010456698 -11.305711746 -0.001497211 0.010546252 0.999943316 101.101615906
0.998804569 -0.048707165 0.004125874 7.661595345 0.048752781 0.998741210 -0.011789465 -11.431012154 -0.003546450 0.011976521 0.999921918 102.150451660
0.998784363 -0.048829619 0.006729397 7.711950302 0.048921786 0.998700380 -0.014290401 -11.549311638 -0.006022858 0.014602246 0.999875247 103.160209656
0.998690784 -0.050475106 0.008293387 7.779778481 0.050596140 0.998605132 -0.015098015 -11.665601730 -0.007519744 0.015497865 0.999851584 104.166496277
0.998600185 -0.052022722 0.009555334 7.843402863 0.052154366 0.998539627 -0.014086857 -11.792788506 -0.008808547 0.014565490 0.999855042 105.173828125
0.998596191 -0.051756054 0.011270950 7.901178360 0.051896635 0.998573542 -0.012559205 -11.907225609 -0.010604857 0.013126500 0.999857605 106.131958008
0.998526812 -0.052701347 0.012910297 7.953286171 0.052847393 0.998539269 -0.011245238 -12.016474724 -0.012298799 0.011910947 0.999853432 107.088348389
0.998463452 -0.053442404 0.014653415 8.010177612 0.053614244 0.998494387 -0.011596201 -12.123870850 -0.014011624 0.012364013 0.999825358 108.004409790
0.998450875 -0.053208429 0.016268780 8.067269325 0.053374823 0.998524725 -0.009971076 -12.223638535 -0.015714230 0.010823974 0.999817908 108.915603638
0.998475671 -0.051972732 0.018573135 8.118263245 0.052128665 0.998608232 -0.008012280 -12.321091652 -0.018130865 0.008968260 0.999795377 109.785675049
0.998446941 -0.052206933 0.019442474 8.181739807 0.052304897 0.998620689 -0.004564676 -12.424190521 -0.019177349 0.005574524 0.999800563 110.643409729
0.998403966 -0.052412432 0.021033863 8.240062714 0.052518345 0.998609781 -0.004514475 -12.516941071 -0.020768005 0.005611934 0.999768674 111.468429565
0.998421729 -0.051512346 0.022373786 8.287318230 0.051610325 0.998659968 -0.003823724 -12.606255531 -0.022146838 0.004972408 0.999742329 112.280097961
0.998511553 -0.049320281 0.023286361 8.334238052 0.049413670 0.998772383 -0.003451876 -12.687575340 -0.023087528 0.004597402 0.999722898 113.057022095
0.998650491 -0.046651788 0.022821397 8.372015953 0.046674602 0.998909950 -0.000467655 -12.766050339 -0.022774708 0.001532204 0.999739408 113.813148499
0.998727620 -0.046607263 0.019256985 8.422670364 0.046605494 0.998913229 0.000540715 -12.851000786 -0.019261254 0.000357454 0.999814510 114.561859131
0.998826921 -0.046607513 0.013134049 8.454648972 0.046604555 0.998913288 0.000531377 -12.924891472 -0.013144543 0.000081353 0.999913573 115.259475708
0.998987556 -0.044894837 0.002897996 8.476686478 0.044896584 0.998991489 -0.000538876 -13.001556396 -0.002870880 0.000668440 0.999995589 115.926834106
0.999055684 -0.042104434 -0.010717554 8.472474098 0.042068366 0.999108374 -0.003569631 -13.069442749 0.010858292 0.003115390 0.999936104 116.574424744
0.998716176 -0.040859561 -0.029942483 8.473366737 0.040710233 0.999155402 -0.005580238 -13.145620346 0.030145194 0.004354107 0.999536037 117.195823669
0.997881532 -0.039064646 -0.052023638 8.435596466 0.038681161 0.999216557 -0.008358335 -13.211650848 0.052309401 0.006328293 0.998610854 117.783103943
0.996087790 -0.037664734 -0.079940438 8.395755768 0.037005439 0.999267817 -0.009713504 -13.284494400 0.080247767 0.006717273 0.996752381 118.352180481
0.993077278 -0.035507120 -0.111967765 8.322686195 0.034393955 0.999337912 -0.011858429 -13.351652145 0.112314694 0.007925322 0.993641019 118.898902893
0.988608062 -0.030579114 -0.147373751 8.214778900 0.028895695 0.999490559 -0.013550689 -13.416908264 0.147713050 0.009137853 0.988988042 119.438888550
0.982192695 -0.024531990 -0.186267689 8.115200043 0.022540338 0.999663949 -0.012803009 -13.480810165 0.186519191 0.008376483 0.982415617 119.952140808
0.973551154 -0.019023044 -0.227676004 7.971759796 0.016950931 0.999795198 -0.011053203 -13.537150383 0.227839679 0.006901536 0.973674178 120.455245972
0.962109447 -0.014428060 -0.272281229 7.796266556 0.012274431 0.999878466 -0.009611223 -13.594400406 0.272386849 0.005904952 0.962169647 120.950393677
0.947706819 -0.008246955 -0.319035530 7.607612610 0.005351529 0.999936104 -0.009951083 -13.655237198 0.319097221 0.007723382 0.947690547 121.409500122
0.930118263 -0.000812693 -0.367259145 7.379680634 -0.003382376 0.999936223 -0.010778900 -13.709404945 0.367244482 0.011267861 0.930056274 121.879997253
0.908803761 0.003741124 -0.417207032 7.117004395 -0.009639432 0.999881148 -0.012031610 -13.761315346 0.417112499 0.014956011 0.908731818 122.328292847
0.883522689 0.008017084 -0.468319625 6.849021912 -0.014768034 0.999833167 -0.010745116 -13.815999031 0.468155354 0.016409712 0.883493781 122.740661621
0.854271710 0.011243016 -0.519705117 6.567783356 -0.019674787 0.999749005 -0.010712656 -13.858939171 0.519454241 0.019376604 0.854278564 123.137443542
0.822700977 0.020717962 -0.568096578 6.234527588 -0.030517228 0.999504268 -0.007743167 -13.908114433 0.567654490 0.023707047 0.822925389 123.506668091
0.788593292 0.033919215 -0.613978922 5.883979797 -0.043781612 0.999040604 -0.001041097 -13.952946663 0.613354564 0.027701989 0.789321721 123.860824585
0.752496362 0.042829726 -0.657202244 5.527080536 -0.055160955 0.998475671 0.001911174 -13.997119904 0.656282425 0.034813754 0.753711760 124.175537109
0.712699413 0.046343021 -0.699937046 5.153728485 -0.062460493 0.998044372 0.002481420 -14.040504456 0.698683321 0.041949909 0.714200139 124.472900391
0.669851303 0.048145603 -0.740932703 4.779380798 -0.065205358 0.997854531 0.005890436 -14.090186119 0.739626646 0.044367068 0.671553373 124.754196167
0.626178741 0.051728759 -0.777961612 4.365787506 -0.068726316 0.997574747 0.011013832 -14.127517700 0.776644588 0.046569802 0.628215253 125.020874023
0.581072032 0.060309693 -0.811614454 3.941524506 -0.080020152 0.996652186 0.016769432 -14.160116196 0.809908628 0.055201273 0.583952725 125.248016357
0.535546243 0.069047637 -0.841678441 3.496612549 -0.091668643 0.995516062 0.023340531 -14.184737206 0.839515924 0.064655580 0.539474428 125.455657959
0.488210917 0.074239679 -0.869562328 3.045009613 -0.097280227 0.994795203 0.030314125 -14.216100693 0.867286980 0.069791511 0.492891967 125.658805847
0.441121042 0.075386226 -0.894275665 2.575519562 -0.096768171 0.994651437 0.036114752 -14.240638733 0.892215252 0.070606448 0.446056694 125.836593628
0.394171417 0.076992020 -0.915806234 2.101413727 -0.094510667 0.994597435 0.042937744 -14.262185097 0.914164484 0.069628626 0.399318457 126.001823425
0.347949684 0.079914227 -0.934100926 1.610786438 -0.096187457 0.994145393 0.049221631 -14.286955833 0.932565808 0.072722144 0.353599370 126.150047302
0.304213613 0.082978681 -0.948982894 1.107688904 -0.101666361 0.993337333 0.054266028 -14.306737900 0.947163224 0.079971172 0.310622871 126.262336731
0.262971550 0.084723748 -0.961076379 0.588047028 -0.106923848 0.992559969 0.058242466 -14.325757980 0.958860397 0.087445885 0.270073980 126.362007141
0.223798782 0.081267707 -0.971241236 0.061590195 -0.107515208 0.992494285 0.058271781 -14.342847824 0.968687057 0.091382042 0.230856508 126.455863953
0.189094722 0.076308496 -0.978989363 -0.478031158 -0.102366351 0.993075788 0.057634115 -14.363686562 0.976608574 0.089317262 0.195596814 126.544586182
0.158603907 0.071337551 -0.984761775 -1.031042099 -0.099562190 0.993458033 0.055932216 -14.385009766 0.982309699 0.089173973 0.164668858 126.620491028
0.131692946 0.069414638 -0.988857210 -1.597660065 -0.100425027 0.993347287 0.056355532 -14.404553413 0.986190498 0.091884404 0.137787804 126.695709229
0.109522566 0.068627566 -0.991612315 -2.179391861 -0.101556703 0.993165553 0.057518240 -14.421738625 0.988782585 0.094405346 0.115743607 126.759170532
0.091353349 0.070012197 -0.993354380 -2.786559105 -0.103997640 0.992741466 0.060404904 -14.436321259 0.990373194 0.097788312 0.097971335 126.804603577
0.075014584 0.068401136 -0.994833648 -3.389897346 -0.105061188 0.992634177 0.060327850 -14.462630272 0.991632462 0.099992953 0.081648298 126.855125427
0.061381094 0.067303203 -0.995842695 -4.011596203 -0.104462199 0.992677629 0.060650539 -14.489439964 0.992632866 0.100305125 0.067962281 126.897506714
0.048995946 0.064637192 -0.996705294 -4.656041145 -0.099111371 0.993293226 0.059543818 -14.513206482 0.993869364 0.095867425 0.055073630 126.949226379
0.036791522 0.062031783 -0.997395754 -5.303668022 -0.096788168 0.993600368 0.058225453 -14.532816887 0.994624734 0.094393916 0.042560015 126.990562439
0.026038846 0.061693370 -0.997755468 -5.962876797 -0.096296035 0.993607104 0.058923792 -14.555290222 0.995012105 0.094545603 0.031813212 127.022445679
0.017280556 0.063091010 -0.997858226 -6.633001328 -0.099880382 0.993124008 0.061061993 -14.578584671 0.994849324 0.098611280 0.023463294 127.028427124
0.008761646 0.062438618 -0.998010337 -7.335309029 -0.102860466 0.992810607 0.061210282 -14.605294228 0.994657338 0.102119483 0.015121119 127.046356201
0.002279990 0.061923642 -0.998078287 -8.022202492 -0.105541758 0.992521346 0.061337773 -14.628482819 0.994412243 0.105199084 0.008798469 127.063018799
-0.003159845 0.063292779 -0.997989953 -8.718001366 -0.106125072 0.992337883 0.063270323 -14.651322365 0.994347811 0.106111698 0.003581317 127.077499390
-0.006587944 0.065201469 -0.997850358 -9.441177368 -0.107808843 0.992009521 0.065531589 -14.668535233 0.994149804 0.108008824 0.000493991 127.096588135
-0.007511132 0.068813115 -0.997601211 -10.157418251 -0.110206470 0.991495192 0.069221690 -14.691986084 0.993880332 0.110462032 0.000136397 127.108909607
-0.008482285 0.072312810 -0.997345924 -10.893049240 -0.112915717 0.990933478 0.072808206 -14.709218025 0.993568301 0.113233618 -0.000240127 127.118919373
-0.010043203 0.078023098 -0.996900976 -11.619669914 -0.117858984 0.989909768 0.078663290 -14.723672867 0.992979527 0.118283771 -0.000746142 127.130241394
-0.011484623 0.081521951 -0.996605396 -12.358456612 -0.120763637 0.989262700 0.082312979 -14.738076210 0.992614806 0.121299028 -0.001516422 127.147270203
-0.012878440 0.082353830 -0.996519983 -13.102199554 -0.120082714 0.989262462 0.083305940 -14.758392334 0.992680311 0.120737664 -0.002850887 127.160560608
-0.013842304 0.078859717 -0.996789575 -13.871626854 -0.118390135 0.989743531 0.079946354 -14.778088570 0.992870688 0.119116694 -0.004364118 127.173439026
-0.015920117 0.075564362 -0.997013867 -14.622167587 -0.122149512 0.989524424 0.076947197 -14.786463737 0.992384017 0.123009771 -0.006523193 127.187644958
-0.016725047 0.077473961 -0.996854067 -15.396512985 -0.126859307 0.988771856 0.078974247 -14.799169540 0.991779745 0.127781063 -0.006708961 127.182571411
-0.018101770 0.080397084 -0.996598661 -16.171600342 -0.124282271 0.988850415 0.082029440 -14.814613342 0.992081761 0.125344411 -0.007908013 127.195632935
-0.020205287 0.080514170 -0.996548593 -16.945524216 -0.123126991 0.988964260 0.082397826 -14.832232475 0.992185175 0.124366902 -0.010068839 127.209014893
-0.020525981 0.079900034 -0.996591508 -17.736637115 -0.126597062 0.988570392 0.081864357 -14.843973160 0.991741836 0.127845913 -0.010176269 127.201469421
-0.021852558 0.079264075 -0.996614218 -18.528282166 -0.130098671 0.988150358 0.081443593 -14.856425285 0.991260231 0.131437913 -0.011281461 127.214324951
-0.023264037 0.083439656 -0.996241331 -19.324909210 -0.132009804 0.987528801 0.085792609 -14.863706589 0.990975380 0.133509532 -0.011959054 127.222579956
-0.024139447 0.088485852 -0.995784938 -20.127504349 -0.131162524 0.987184584 0.090901211 -14.880588531 0.991066992 0.132803947 -0.012224061 127.237045288
-0.022972964 0.090863533 -0.995598316 -20.958522797 -0.132217586 0.986837387 0.093114816 -14.889492035 0.990954399 0.133774728 -0.010656825 127.245445251
-0.021171404 0.089682899 -0.995745242 -21.776729584 -0.131601155 0.987052500 0.091698043 -14.897826195 0.991076648 0.132982567 -0.009094917 127.255081177
-0.020118359 0.089764930 -0.995759726 -22.608673096 -0.131666049 0.987049162 0.091639876 -14.904851913 0.991089940 0.132951394 -0.008038818 127.265342712
-0.019854795 0.088850215 -0.995847106 -23.437362671 -0.129958734 0.987363696 0.090684392 -14.912507057 0.991320610 0.131219521 -0.008057045 127.284393311
-0.018801773 0.090790555 -0.995692551 -24.274927139 -0.130945429 0.987066984 0.092476733 -14.920402527 0.991211295 0.132120118 -0.006670000 127.298667908
-0.018429726 0.092847653 -0.995509744 -25.113969803 -0.132583439 0.986658871 0.094476663 -14.923035622 0.991000593 0.133729294 -0.005873793 127.316093445
-0.018321097 0.095529549 -0.995257974 -25.986680984 -0.135822490 0.985959649 0.097137354 -14.928794861 0.990563750 0.136958063 -0.005088801 127.325515747
-0.016730187 0.096637547 -0.995179057 -26.849689484 -0.138045266 0.985563159 0.098024510 -14.927703857 0.990284622 0.139019698 -0.003148304 127.336006165
-0.014952626 0.099731587 -0.994901955 -27.719528198 -0.144701824 0.984322906 0.100845858 -14.928891182 0.989362240 0.145472065 -0.000286872 127.348030090
-0.012755615 0.103612326 -0.994535983 -28.600418091 -0.149427131 0.983250678 0.104353122 -14.926367760 0.988690436 0.149941728 0.002940524 127.362953186
-0.010613835 0.105388097 -0.994374573 -29.474954605 -0.151937574 0.982714057 0.105774030 -14.922543526 0.988333046 0.152205557 0.005582046 127.391174316
-0.006807228 0.106258370 -0.994315267 -30.375581741 -0.150850818 0.982849836 0.106065884 -14.924762726 0.988533080 0.150715277 0.009338681 127.409149170
-0.004217802 0.106145903 -0.994341552 -31.265464783 -0.153370216 0.982517183 0.105534211 -14.919841766 0.988159776 0.152947515 0.012135556 127.437522888
-0.001790022 0.109888807 -0.993942261 -32.168727875 -0.153825894 0.982083619 0.108854756 -14.912523270 0.988096356 0.153088927 0.015145794 127.465644836
0.000767337 0.111873537 -0.993722141 -33.084720612 -0.152951255 0.982043266 0.110440589 -14.909208298 0.988233447 0.151906326 0.017864753 127.500778198
0.002642711 0.113000073 -0.993591487 -33.977603912 -0.153448194 0.981873155 0.111259237 -14.906358719 0.988153219 0.152170792 0.019934464 127.539291382
0.005256858 0.111288473 -0.993774235 -34.882198334 -0.154784545 0.981901348 0.109140083 -14.901186943 0.987934291 0.153247193 0.022387449 127.567466736
0.005344294 0.112572916 -0.993629098 -35.789730072 -0.159314081 0.981047928 0.110290669 -14.894095421 0.987213492 0.157709673 0.023177458 127.608947754
0.006312648 0.113132365 -0.993559837 -36.683750153 -0.159916326 0.980906546 0.110675558 -14.890810013 0.987110376 0.158187777 0.024283828 127.645713806
0.006777238 0.109616488 -0.993950844 -37.581089020 -0.160484582 0.981208801 0.107116990 -14.889368057 0.987015069 0.158787817 0.024241641 127.677024841
0.007325073 0.105553187 -0.994386792 -38.486400604 -0.161313012 0.981513858 0.102998458 -14.894592285 0.986876249 0.159653023 0.024216764 127.721931458
0.007792762 0.104832463 -0.994459391 -39.384300232 -0.161038637 0.981640339 0.102219187 -14.890714645 0.986917377 0.159349814 0.024531767 127.761161804
0.007573373 0.109026186 -0.994010091 -40.285190582 -0.163410693 0.980811000 0.106333442 -14.889524460 0.986529052 0.161626562 0.025244089 127.802223206
0.008021159 0.115179472 -0.993312240 -41.216148376 -0.163883135 0.980064571 0.112319939 -14.882725716 0.986447155 0.161886171 0.026737224 127.835083008
0.008336131 0.113901682 -0.993457079 -42.112213135 -0.161720321 0.980566621 0.111066744 -14.883557320 0.986801445 0.159736350 0.026594343 127.877243042
0.009080433 0.103705660 -0.994566560 -43.001804352 -0.160885200 0.981801450 0.100905709 -14.893306732 0.986931324 0.159094781 0.025599889 127.918922424
0.009302319 0.093165576 -0.995607197 -43.925811768 -0.162598237 0.982540250 0.090423591 -14.900114059 0.986648440 0.161042839 0.024288462 127.956596375
0.008119335 0.090084285 -0.995900989 -44.825073242 -0.159392521 0.983316839 0.087646492 -14.909984589 0.987181842 0.158027530 0.022342643 128.002105713
0.008188549 0.100308843 -0.994922698 -45.747219086 -0.152087972 0.983505845 0.097906038 -14.915142059 0.988333106 0.150514022 0.023309251 128.047683716
0.008115223 0.113305323 -0.993527174 -46.693832397 -0.147267431 0.982861400 0.110886090 -14.911516190 0.989063442 0.145414338 0.024662329 128.106399536
0.008338782 0.122436777 -0.992441237 -47.615257263 -0.147505790 0.981769145 0.119880766 -14.904304504 0.989026010 0.145391196 0.026246896 128.149841309
0.008178973 0.116734259 -0.993129551 -48.532394409 -0.147756770 0.982401788 0.114256456 -14.902503967 0.988989890 0.145807117 0.025283314 128.187667847
0.008266591 0.103104725 -0.994636118 -49.452880859 -0.147799745 0.983871162 0.100760415 -14.902846336 0.988982737 0.146174029 0.023372114 128.227371216
0.008891480 0.094352111 -0.995499253 -50.366447449 -0.148436591 0.984633565 0.091996498 -14.904825211 0.988881886 0.146950513 0.022760157 128.267242432
0.009338563 0.094304532 -0.995499611 -51.289218903 -0.147528827 0.984778583 0.091904975 -14.914209366 0.989013672 0.146006614 0.023109054 128.311431885
0.008726391 0.095827505 -0.995359719 -52.242359161 -0.150481105 0.984188020 0.093432665 -14.932271004 0.988574386 0.148967490 0.023008643 128.350524902
0.009449041 0.095400117 -0.995394111 -53.170444489 -0.155171961 0.983520150 0.092789084 -14.936450005 0.987842262 0.153580472 0.024096746 128.380645752
0.009982368 0.094904743 -0.995436311 -54.113098145 -0.157014400 0.983285725 0.092171751 -14.940302849 0.987545907 0.155377761 0.024716932 128.418273926
0.010504710 0.102487162 -0.994678795 -55.077667236 -0.165637612 0.981169999 0.099345982 -14.945880890 0.986130714 0.163712606 0.027282631 128.459854126
0.011991024 0.111854061 -0.993652344 -56.018669128 -0.171045974 0.979306638 0.108175077 -14.939037323 0.985190094 0.168663114 0.030875077 128.495574951
0.013062527 0.120263524 -0.992656112 -56.976917267 -0.171483353 0.978302181 0.116267927 -14.935647011 0.985100389 0.168705240 0.033402290 128.536453247
0.014134204 0.120689981 -0.992589653 -57.926898956 -0.173264325 0.977967381 0.116444811 -14.925700188 0.984773934 0.170334533 0.034734063 128.581939697
0.015814096 0.111206561 -0.993671596 -58.876640320 -0.175028577 0.978758931 0.106752105 -14.925839424 0.984436274 0.172232702 0.034942519 128.623077393
0.016921101 0.106262758 -0.994194090 -59.815574646 -0.173344851 0.979590833 0.101751611 -14.921960831 0.984715819 0.170616657 0.034995854 128.676651001
0.018735481 0.104628906 -0.994334877 -60.787235260 -0.171820015 0.980051160 0.099888436 -14.923705101 0.984950185 0.168975160 0.036339067 128.732147217
0.021958798 0.110500529 -0.993633449 -61.745410919 -0.173111677 0.979280829 0.105078690 -14.922798157 0.984657347 0.169702142 0.040632751 128.789749146
0.025761278 0.112822145 -0.993281186 -62.719879150 -0.176419213 0.978528976 0.106570981 -14.928251266 0.983977973 0.172488421 0.045112152 128.840957642
0.029490989 0.107792854 -0.993735850 -63.674167633 -0.175354883 0.979308367 0.101023890 -14.929948807 0.984063506 0.171277165 0.047782775 128.901504517
0.032931201 0.101942234 -0.994245112 -64.631439209 -0.175407976 0.979934096 0.094665065 -14.935358047 0.983944893 0.171281099 0.050151888 128.961776733
0.036748759 0.101544179 -0.994152069 -65.597091675 -0.173035741 0.980443776 0.093747750 -14.935093880 0.984229684 0.168578729 0.053600866 129.029953003
0.038594387 0.106026113 -0.993614078 -66.548500061 -0.170240983 0.980515659 0.098015830 -14.950475693 0.984646380 0.165370971 0.055892389 129.113571167
0.042235903 0.112551957 -0.992747724 -67.507080078 -0.169731557 0.979999483 0.103885487 -14.950719833 0.984584928 0.164112940 0.060494781 129.187240601
0.044342197 0.116439104 -0.992207468 -68.473434448 -0.167334244 0.980018675 0.107530452 -14.956870079 0.984902561 0.161262155 0.062940426 129.274108887
0.046571661 0.118146457 -0.991903484 -69.455398560 -0.167102516 0.979909956 0.108872138 -14.957806587 0.984839022 0.160679206 0.065378614 129.349899292
0.049063299 0.115931705 -0.992044687 -70.389564514 -0.166135713 0.980351388 0.106348671 -14.962298393 0.984881580 0.159596235 0.067359656 129.424179077
0.049676698 0.114596754 -0.992169321 -71.335487366 -0.164082140 0.980834723 0.105072238 -14.967299461 0.985195041 0.157577619 0.067527927 129.510299683
0.050025899 0.110950217 -0.992566168 -72.278671265 -0.161027864 0.981704175 0.101620190 -14.977226257 0.985681236 0.154747143 0.066976719 129.598251343
0.049971238 0.110382952 -0.992632091 -73.272552490 -0.159576789 0.981988132 0.101165868 -14.967208862 0.985919952 0.153345659 0.066685721 129.678329468
0.049785655 0.115108438 -0.992104590 -74.227409363 -0.156312749 0.981993377 0.106091216 -14.969574928 0.986452043 0.149796784 0.066882111 129.760848999
0.049084868 0.117201447 -0.991894424 -75.189071655 -0.150306895 0.982648611 0.108670898 -14.979578972 0.987420201 0.143754467 0.065849371 129.857116699
0.048459355 0.112556152 -0.992462933 -76.147789001 -0.147461325 0.983548224 0.104344964 -14.966417313 0.987880051 0.141293406 0.064259790 129.935470581
0.047322270 0.108546034 -0.992964387 -77.110198975 -0.149308875 0.983678579 0.100415275 -14.967032433 0.987657547 0.143506512 0.062756784 130.002426147
0.046136897 0.105851717 -0.993311107 -78.059303284 -0.145796344 0.984435499 0.098134011 -14.972043991 0.988238156 0.140293524 0.060851593 130.082824707
0.044534758 0.106300294 -0.993336260 -79.025108337 -0.146018997 0.984336853 0.098790690 -14.972322464 0.988278866 0.140646353 0.059359062 130.153549194
0.043881588 0.107822411 -0.993201256 -79.976150513 -0.147140011 0.984014690 0.100324191 -14.979715347 0.988141775 0.141737238 0.059045117 130.223999023
0.042719033 0.108166941 -0.993214488 -80.932907104 -0.148746803 0.983730912 0.100736395 -14.983503342 0.987952113 0.143434078 0.058113515 130.293151855
0.041369636 0.109198302 -0.993158698 -81.882431030 -0.148486957 0.983643413 0.101966925 -14.987753868 0.988048613 0.143252805 0.056907494 130.359024048
0.039018348 0.109638080 -0.993205369 -82.847328186 -0.148728251 0.983527899 0.102726951 -14.992100716 0.988108039 0.143709481 0.054681908 130.430267334
0.037618916 0.112014376 -0.992994189 -83.804946899 -0.149084717 0.983205795 0.105262205 -14.986264229 0.988108516 0.144080400 0.053686768 130.498443604
0.036087848 0.115745217 -0.992623150 -84.758888245 -0.150462821 0.982576907 0.109103546 -14.979642868 0.987956703 0.145415515 0.052874438 130.556289673
0.034115199 0.120895423 -0.992078781 -85.709678650 -0.151728123 0.981776953 0.114422470 -14.971743584 0.987833321 0.146622717 0.051836755 130.618133545
0.031695895 0.120545745 -0.992201567 -86.659950256 -0.151622847 0.981791437 0.114437394 -14.969264984 0.987930119 0.146813229 0.049396239 130.680465698
0.030737767 0.115403064 -0.992843032 -87.605125427 -0.151676729 0.982347488 0.109487310 -14.965306282 0.987952173 0.147225797 0.047699127 130.739181519
0.028217699 0.110628724 -0.993461132 -88.553833008 -0.155747578 0.982205570 0.104951568 -14.955682755 0.987393737 0.151767701 0.044945739 130.798049927
0.026925972 0.108556859 -0.993725479 -89.497367859 -0.153660938 0.982720613 0.103191070 -14.954352379 0.987756670 0.149918273 0.043141663 130.861419678
0.026807362 0.109623089 -0.993611693 -90.467216492 -0.148672551 0.983351588 0.104479991 -14.954866409 0.988523066 0.144922018 0.042659003 130.909683228
0.026040290 0.110979132 -0.993481576 -91.416557312 -0.145746902 0.983620644 0.106057391 -14.954459190 0.988979042 0.142035112 0.041788641 130.970382690
0.024872584 0.110797919 -0.993531585 -92.369087219 -0.140560076 0.984353900 0.106255561 -14.956467628 0.989759684 0.137008071 0.040057186 131.036514282
0.023629313 0.107985809 -0.993871570 -93.311485291 -0.136569813 0.985177934 0.103794262 -14.960484505 0.990348518 0.133280307 0.038026676 131.098510742
0.023059335 0.104970992 -0.994207859 -94.256462097 -0.131324008 0.986173034 0.101076774 -14.965279579 0.991071224 0.128232613 0.036525715 131.157928467
0.021028295 0.107553385 -0.993977010 -95.234512329 -0.129478619 0.986117005 0.103963718 -14.970161438 0.991359234 0.126512557 0.034662228 131.212707520
0.019608079 0.109998472 -0.993738353 -96.181266785 -0.128818691 0.985922933 0.106591567 -14.970061302 0.991474271 0.125922009 0.033501912 131.269348145
0.018250005 0.107626185 -0.994023979 -97.141632080 -0.124665052 0.986676097 0.104541786 -14.965340614 0.992031038 0.122012138 0.031424072 131.316726685
0.016236430 0.104476027 -0.994394839 -98.089958191 -0.121835969 0.987321854 0.101743557 -14.964410782 0.992417455 0.119501084 0.028759521 131.364181519
0.012335096 0.101885103 -0.994719625 -99.056510925 -0.120261364 0.987725496 0.099677376 -14.962867737 0.992665648 0.118396796 0.024436532 131.418502808
0.009740710 0.100986503 -0.994840086 -100.011581421 -0.114712678 0.988431990 0.099212833 -14.972874641 0.993350983 0.113154359 0.021212464 131.464401245
0.007409849 0.100870378 -0.994872093 -100.970581055 -0.107893363 0.989171922 0.099488847 -14.966893196 0.994134903 0.106602877 0.018212862 131.506439209
0.004948466 0.108908288 -0.994039476 -101.933677673 -0.097926982 0.989326656 0.107904419 -14.967617989 0.995181262 0.096809335 0.015560709 131.563491821
0.002212634 0.117171824 -0.993109167 -102.891807556 -0.089944005 0.989109635 0.116499551 -14.964962006 0.995944440 0.089066446 0.012727442 131.617019653
-0.000546925 0.116822027 -0.993152738 -103.845634460 -0.085600428 0.989502132 0.116439752 -14.960158348 0.996329367 0.085077994 0.009458835 131.659805298
-0.003150401 0.106723487 -0.994283736 -104.795646667 -0.086700656 0.990515411 0.106593706 -14.962677956 0.996229351 0.086540870 0.006132476 131.688690186
-0.005182997 0.097410262 -0.995230794 -105.743064880 -0.088595234 0.991285741 0.097485527 -14.961668968 0.996054173 0.088677973 0.003492255 131.722213745
-0.005263120 0.098975204 -0.995075881 -106.706619263 -0.096029572 0.990440786 0.099022076 -14.965632439 0.995364547 0.096077889 0.004291737 131.734909058
-0.006371361 0.108305745 -0.994097352 -107.665901184 -0.099419221 0.989123285 0.108401068 -14.953597069 0.995025218 0.099523038 0.004465612 131.771011353
-0.007817544 0.119700819 -0.992779315 -108.629241943 -0.103387684 0.987392128 0.119865410 -14.942744255 0.994610369 0.103578180 0.004656610 131.797103882
-0.009350478 0.121545121 -0.992541909 -109.570854187 -0.110482775 0.986382425 0.121831700 -14.933885574 0.993834078 0.110797957 0.004205495 131.826248169
-0.009304929 0.118164845 -0.992950320 -110.556587219 -0.117530786 0.985981345 0.118436888 -14.913571358 0.993025661 0.117804289 0.004713521 131.842391968
-0.009668173 0.114207812 -0.993409872 -111.510322571 -0.125665814 0.985441267 0.114514731 -14.901821136 0.992025495 0.125944808 0.004824603 131.864715576
-0.007055670 0.116021045 -0.993221641 -112.473091125 -0.130250052 0.984678090 0.115948305 -14.882273674 0.991456091 0.130185261 0.008164184 131.883331299
-0.005897473 0.117230602 -0.993087351 -113.459304810 -0.138130873 0.983488679 0.116917834 -14.866440773 0.990396440 0.137865499 0.010393067 131.906448364
-0.005333969 0.119979687 -0.992762089 -114.423072815 -0.147380754 0.981840312 0.119451590 -14.850730896 0.989065468 0.146951154 0.012445590 131.924102783
-0.005023928 0.122249424 -0.992486715 -115.397918701 -0.152791232 0.980751693 0.121577375 -14.830940247 0.988245845 0.152254030 0.013751415 131.946884155
-0.005110180 0.121953219 -0.992522717 -116.371688843 -0.156488225 0.980209529 0.121245980 -14.824888229 0.987666607 0.155937701 0.014075199 131.985610962
-0.003709359 0.112558886 -0.993638158 -117.326103210 -0.155441731 0.981502235 0.111764394 -14.828011513 0.987838089 0.154867411 0.013855599 132.016738892
-0.002293948 0.100960717 -0.994887769 -118.280113220 -0.158429354 0.982288420 0.100047439 -14.820133209 0.987367630 0.157848909 0.013741820 132.050354004
