1.000000000 0.000000000 0.000000000 0.000000000 0.000000000 1.000000000 0.000000000 0.000000000 0.000000000 0.000000000 1.000000000 0.000000000
0.999997795 -0.001593409 -0.001378279 0.050065156 0.001590483 0.999996483 -0.002121843 -0.133021891 0.001381655 0.002119646 0.999996781 1.297488928
0.999997795 -0.000029151 -0.002111908 0.103256136 0.000015858 0.999980152 -0.006294160 -0.267390460 0.002112050 0.006294112 0.999977946 2.603726149
0.999996066 0.002478813 -0.001246881 0.146037176 -0.002488554 0.999965906 -0.007872190 -0.405475587 0.001227325 0.007875263 0.999968231 3.907824039
0.999983251 0.005764924 0.000298232 0.190490648 -0.005762833 0.999961674 -0.006594429 -0.544695318 -0.000336237 0.006592602 0.999978244 5.219671726
0.999975085 0.006617042 0.002451682 0.240602210 -0.006609125 0.999972880 -0.003224144 -0.689691603 -0.002472950 0.003207861 0.999991775 6.538947582
0.999960542 0.006800138 0.005721529 0.297734678 -0.006789638 0.999975145 -0.001852731 -0.827498615 -0.005733986 0.001813810 0.999981880 7.842261314
0.999943256 0.005340432 0.009215204 0.350579947 -0.005322961 0.999983966 -0.001919547 -0.959915817 -0.009225309 0.001870386 0.999955714 9.146136284
0.999914110 0.004001905 0.012480551 0.428520232 -0.003978213 0.999990225 -0.001922569 -1.096059561 -0.012488123 0.001872753 0.999920309 10.445603371
0.999870360 0.002631330 0.015880918 0.493032157 -0.002591198 0.999993503 -0.002547112 -1.233939528 -0.015887516 0.002505632 0.999870598 11.753776550
0.999812603 0.001636773 0.019286703 0.566660643 -0.001575859 0.999993682 -0.003173106 -1.373904467 -0.019291775 0.003142118 0.999808967 13.048666954
0.999748230 0.001245843 0.022402450 0.643270373 -0.001168234 0.999993205 -0.003477076 -1.515134573 -0.022406628 0.003450030 0.999742985 14.364303589
0.999670148 0.001148376 0.025657583 0.731003940 -0.001033223 0.999989271 -0.004500889 -1.653960109 -0.025662478 0.004472894 0.999660552 15.658578873
0.999578953 0.002083332 0.028940521 0.810222805 -0.001956375 0.999988317 -0.004414431 -1.792043447 -0.028949380 0.004355954 0.999571383 16.956714630
0.999484181 0.001593945 0.032075379 0.901415348 -0.001465404 0.999990880 -0.004030585 -1.930884004 -0.032081515 0.003981502 0.999477327 18.243272781
0.999404073 0.000092980 0.034518812 0.992788851 0.000035269 0.999993086 -0.003714707 -2.074045897 -0.034518927 0.003713712 0.999397159 19.543956757
0.999343574 -0.002417817 0.036145363 1.090269327 0.002601454 0.999983847 -0.005034341 -2.214041471 -0.036132608 0.005125067 0.999333918 20.818893433
0.999305129 -0.002072614 0.037217811 1.188186407 0.002318222 0.999975741 -0.006557261 -2.358512163 -0.037203323 0.006638982 0.999285638 22.123373032
0.999260604 -0.001977309 0.038397692 1.272697210 0.002332378 0.999954879 -0.009204539 -2.501129150 -0.038377762 0.009287291 0.999220073 23.408344269
0.999226272 -0.001583125 0.039301712 1.375425339 0.002009150 0.999939620 -0.010802712 -2.642873764 -0.039282240 0.010873316 0.999168992 24.697938919
0.999182642 -0.000865830 0.040413298 1.475520730 0.001331772 0.999932945 -0.011503918 -2.788946152 -0.040400624 0.011548337 0.999116838 25.968635559
0.999152899 -0.002469248 0.041078158 1.570778131 0.002898831 0.999941647 -0.010401415 -2.936443329 -0.041050073 0.010511681 0.999101937 27.258663177
0.999150157 -0.005383657 0.040866323 1.676425695 0.005763712 0.999941230 -0.009187827 -3.084055424 -0.040814456 0.009415560 0.999122441 28.536500931
0.999169827 -0.006886130 0.040152580 1.769883633 0.007281274 0.999926388 -0.009703126 -3.229924679 -0.040082809 0.009987433 0.999146461 29.828001022
0.999190152 -0.008493070 0.039330479 1.876220703 0.008982184 0.999884248 -0.012276029 -3.376419067 -0.039221667 0.012619362 0.999150872 31.095901489
0.999217451 -0.008695648 0.038584620 1.983979464 0.009173851 0.999882996 -0.012233926 -3.527902603 -0.038473725 0.012578323 0.999180436 32.381057739
0.999227583 -0.009254203 0.038192071 2.079020500 0.009742221 0.999872983 -0.012611771 -3.671672583 -0.038070507 0.012974104 0.999190867 33.646965027
0.999243557 -0.009839990 0.037620600 2.176344872 0.010327399 0.999864936 -0.012783614 -3.815890312 -0.037489727 0.013162469 0.999210298 34.918708801
0.999257803 -0.010373642 0.037098229 2.272305250 0.010874044 0.999852240 -0.013312332 -3.960706472 -0.036954645 0.013705859 0.999222934 36.179622650
0.999291122 -0.010981279 0.036009561 2.376874447 0.011471529 0.999843895 -0.013436188 -4.119507313 -0.035856381 0.013839748 0.999261260 37.470188141
0.999296010 -0.010674205 0.035966229 2.472840309 0.011095718 0.999871790 -0.011540549 -4.264963627 -0.035838425 0.011931497 0.999286413 38.725784302
0.999256074 -0.010558588 0.037089709 2.570377350 0.010952477 0.999885619 -0.010432859 -4.406399250 -0.036975306 0.010831323 0.999257505 40.001380920
0.999172509 -0.012323924 0.038759049 2.678139687 0.012659703 0.999884307 -0.008429795 -4.553072453 -0.038650669 0.008913498 0.999212980 41.248806000
0.999064386 -0.013326524 0.041143414 2.776670456 0.013750184 0.999855161 -0.010031397 -4.692976952 -0.041003771 0.010587741 0.999102890 42.513511658
0.998929977 -0.014730211 0.043840311 2.869688749 0.015320669 0.999795973 -0.013162944 -4.841165543 -0.043637466 0.013820522 0.998951912 43.764259338
0.998829305 -0.015665298 0.045767546 2.979615450 0.016329329 0.999766231 -0.014171086 -4.992373943 -0.045534853 0.014901848 0.998851597 45.040649414
0.998690009 -0.015711941 0.048696861 3.097353458 0.016361224 0.999782145 -0.012963290 -5.128976822 -0.048482567 0.013743049 0.998729467 46.282825470
0.998501539 -0.016906716 0.052046910 3.213141918 0.017436221 0.999800563 -0.009736386 -5.279921532 -0.051871918 0.010629295 0.998597205 47.555469513
0.998228133 -0.020085452 0.056010801 3.329750299 0.020557197 0.999757767 -0.007858914 -5.416441441 -0.055839382 0.008996415 0.998399258 48.787200928
0.997985303 -0.022040075 0.059493188 3.462941885 0.022559442 0.999712825 -0.008072295 -5.558844566 -0.059298184 0.009398163 0.998196185 50.040988922
0.997701526 -0.025315257 0.062854990 3.604770184 0.026105776 0.999589682 -0.011787545 -5.694959164 -0.062530801 0.013401330 0.997953057 51.273063660
0.997411847 -0.026622863 0.066789344 3.732158661 0.027482303 0.999550462 -0.011982184 -5.829651356 -0.066440322 0.013786696 0.997695148 52.508697510
0.997052729 -0.029141216 0.070971258 3.860685349 0.029899335 0.999506474 -0.009643022 -5.967226028 -0.070655219 0.011736594 0.997431755 53.728965759
0.996780217 -0.031917408 0.073556557 4.027421951 0.032446638 0.999455392 -0.006010821 -6.103981495 -0.073324651 0.008378131 0.997272968 54.920368195
0.996504903 -0.034459867 0.076094940 4.158630848 0.034906883 0.999380171 -0.004551882 -6.239095688 -0.075890914 0.007192211 0.997090101 56.177814484
0.996329010 -0.037382536 0.077014044 4.315914154 0.037605293 0.999291658 -0.001443739 -6.363395214 -0.076905526 0.004334575 0.997028947 57.384117126
0.996142030 -0.040053893 0.078081988 4.454208851 0.040174536 0.999192655 0.000025724 -6.491871357 -0.078019977 0.003111284 0.996946871 58.608985901
0.996107459 -0.041932151 0.077534087 4.603393555 0.042312969 0.999098957 -0.003274521 -6.616056442 -0.077326916 0.006542472 0.996984363 59.804714203
0.996115029 -0.043198574 0.076737158 4.754595757 0.043906160 0.999007046 -0.007557041 -6.747610092 -0.076334491 0.010896917 0.997022629 61.014125824
0.996127844 -0.044546336 0.075794898 4.893002510 0.045549251 0.998895228 -0.011554303 -6.876366615 -0.075196460 0.014961963 0.997056425 62.193973541
0.996123374 -0.046407271 0.074730098 5.025248051 0.047569826 0.998771846 -0.013851704 -7.011582375 -0.073995493 0.017352903 0.997107565 63.416099548
0.996269763 -0.046501290 0.072692372 5.165182590 0.047622550 0.998770535 -0.013767486 -7.144356728 -0.071962789 0.017177926 0.997259319 64.591506958
0.996530890 -0.045559652 0.069645785 5.306886673 0.046594530 0.998825252 -0.013306856 -7.288138866 -0.068957709 0.016505802 0.997483015 65.805679321
0.996759534 -0.044832185 0.066785805 5.429382801 0.045684561 0.998892128 -0.011290084 -7.419861794 -0.066205643 0.014304578 0.997703433 66.981620789
0.997178435 -0.040890161 0.062953785 5.554408550 0.041452043 0.999111235 -0.007644709 -7.556348801 -0.062585242 0.010232703 0.997987092 68.178543091
0.997452736 -0.038932446 0.059769325 5.672792912 0.039339140 0.999210060 -0.005642485 -7.680518627 -0.059502415 0.007979386 0.998196244 69.361541748
0.997632563 -0.037610468 0.057573430 5.769397259 0.038163461 0.999235034 -0.008535496 -7.818251610 -0.057208348 0.010712490 0.998304844 70.534515381
0.997857630 -0.038240049 0.053083740 5.899485111 0.039110940 0.999115109 -0.015464853 -7.955353737 -0.052445397 0.017507875 0.998470306 71.725456238
0.997856677 -0.042146407 0.050056435 6.005508900 0.043117702 0.998898923 -0.018484751 -8.090221405 -0.049222264 0.020603452 0.998575270 72.896324158
0.997917473 -0.046084590 0.045132503 6.125732422 0.046732716 0.998817384 -0.013411860 -8.229987144 -0.044461053 0.015493093 0.998890936 74.071151733
0.997926712 -0.049763933 0.040813491 6.231304169 0.050158042 0.998703480 -0.008689255 -8.355716705 -0.040328160 0.010718368 0.999129057 75.230224609
0.997984946 -0.052008595 0.036348056 6.329966068 0.052253760 0.998616815 -0.005827159 -8.482574463 -0.035994723 0.007714740 0.999322176 76.420158386
0.998161852 -0.051251981 0.032344379 6.420634747 0.051387478 0.998673022 -0.003371242 -8.607812881 -0.032128677 0.005027141 0.999471068 77.579307556
0.998296261 -0.051038802 0.028275704 6.517896175 0.051146731 0.998686314 -0.003106443 -8.727478981 -0.028080005 0.004547359 0.999595284 78.737861633
0.998437524 -0.049629141 0.025679462 6.581706047 0.049776595 0.998747170 -0.005134857 -8.855685234 -0.025392456 0.006405070 0.999657035 79.912017822
0.998625815 -0.047345173 0.022467401 6.658249378 0.047583677 0.998815179 -0.010202104 -8.983391762 -0.021957759 0.011257167 0.999695539 81.055763245
0.998550355 -0.050583441 0.018400764 6.746850014 0.050863761 0.998591483 -0.015099169 -9.120916367 -0.017611079 0.016013213 0.999716640 82.222557068
0.998399377 -0.054395098 0.015491481 6.826431274 0.054647945 0.998371065 -0.016395275 -9.248699188 -0.014574423 0.017215608 0.999745607 83.377319336
0.998454273 -0.054256029 0.012048699 6.879843235 0.054408122 0.998438299 -0.012676206 -9.383011818 -0.011342124 0.013312160 0.999846995 84.511070251
0.998452485 -0.054754939 0.009716330 6.939141750 0.054853559 0.998442352 -0.010192136 -9.509651184 -0.009143126 0.010709342 0.999900818 85.643272400
0.998592973 -0.052269973 0.008935776 6.996044159 0.052374519 0.998556674 -0.011894933 -9.639222145 -0.008301132 0.012346204 0.999889314 86.788223267
0.998812377 -0.048074175 0.007937410 7.050389290 0.048188742 0.998726547 -0.014935412 -9.771169662 -0.007209296 0.015300165 0.999856889 87.912612915
0.998871684 -0.047043789 0.006505652 7.107070923 0.047150217 0.998737872 -0.017308669 -9.903065681 -0.005683176 0.017595880 0.999828994 89.029823303
0.998846710 -0.047647059 0.005922097 7.161414623 0.047745291 0.998702168 -0.017731184 -10.038293839 -0.005069572 0.017993487 0.999825239 90.146530151
0.998807073 -0.048559178 0.005165446 7.207105160 0.048635039 0.998692513 -0.015746165 -10.168153763 -0.004394073 0.015978601 0.999862671 91.265876770
0.998720706 -0.050412986 0.003959166 7.268636227 0.050459921 0.998643875 -0.012817907 -10.295141220 -0.003307608 0.013001290 0.999909937 92.375259399
0.998727977 -0.050256174 0.004101972 7.319260597 0.050303698 0.998656511 -0.012447307 -10.420180321 -0.003470907 0.012637822 0.999914110 93.513626099
0.998717189 -0.050486855 0.003916163 7.364977837 0.050539393 0.998613358 -0.014733328 -10.552891731 -0.003166893 0.014912345 0.999883711 94.657989502
0.998714864 -0.050561648 0.003493186 7.422254562 0.050617080 0.998552322 -0.018200228 -10.682407379 -0.002567896 0.018353654 0.999828219 95.757980347
0.998665512 -0.051567752 0.002842078 7.482557774 0.051613078 0.998481333 -0.019266881 -10.814564705 -0.001844212 0.019387856 0.999810338 96.862182617
0.998671830 -0.051389337 0.003690256 7.525566578 0.051448248 0.998509824 -0.018204385 -10.947004318 -0.002749245 0.018370070 0.999827445 97.934463501
0.998684466 -0.051105686 0.004186655 7.579255581 0.051154487 0.998612165 -0.012522066 -11.068998337 -0.003540896 0.012719758 0.999912858 99.023590088
0.998772681 -0.049226981 0.005461612 7.633382797 0.049276970 0.998740613 -0.009432643 -11.189514160 -0.004990393 0.009690198 0.999940574 100.100273132
0.998842239 -0.047517966 0.007493201 7.689103127 0.047588423 0.998821676 -0.009522150 -11.303096771 -0.007031898 0.009867717 0.999926567 101.149902344
0.998907685 -0.045832425 0.009100315 7.749448776 0.045930404 0.998885512 -0.010866543 -11.434452057 -0.008592133 0.011272655 0.999899566 102.204032898
0.998874187 -0.046006199 0.011565449 7.805531502 0.046160527 0.998843372 -0.013451668 -11.550445557 -0.010933213 0.013970389 0.999842644 103.217521667
0.998781741 -0.047640376 0.012853634 7.878975868 0.047819059 0.998758316 -0.013971917 -11.669379234 -0.012172047 0.014569546 0.999819815 104.225021362
0.998673260 -0.049309533 0.014843626 7.942615509 0.049510736 0.998682261 -0.013506683 -11.790600777 -0.014158058 0.014223682 0.999798596 105.236839294
0.998651445 -0.049247973 0.016427996 8.007897377 0.049446993 0.998705387 -0.011936225 -11.905687332 -0.015818894 0.012732443 0.999793768 106.195640564
0.998584747 -0.050069280 0.017930750 8.066850662 0.050261963 0.998681307 -0.010460882 -12.016762733 -0.017383337 0.011347312 0.999784648 107.154518127
0.998511791 -0.050797470 0.019844929 8.127223015 0.051019739 0.998638570 -0.010858516 -12.123414040 -0.019266326 0.011854837 0.999744117 108.073226929
0.998480439 -0.050684843 0.021630878 8.189466476 0.050887212 0.998664796 -0.008909969 -12.225740433 -0.021150393 0.009997163 0.999726295 108.978401184
0.998480022 -0.049819637 0.023570411 8.249790192 0.049991190 0.998726904 -0.006745405 -12.323580742 -0.023204353 0.007913464 0.999699354 109.848136902
0.998449862 -0.049884349 0.024682982 8.313212395 0.049985323 0.998743832 -0.003490077 -12.427010536 -0.024477879 0.004718454 0.999689221 110.703208923
0.998395562 -0.050058421 0.026464695 8.372995377 0.050166182 0.998734951 -0.003423306 -12.518877029 -0.026259849 0.004745446 0.999643862 111.527763367
0.998415768 -0.049087599 0.027502619 8.427885056 0.049177647 0.998786628 -0.002606953 -12.609076500 -0.027341280 0.003955337 0.999618292 112.342483521
0.998519719 -0.046694435 0.027895007 8.483149529 0.046779558 0.998902380 -0.002406359 -12.688068390 -0.027752025 0.003707713 0.999607980 113.124137878
0.998653054 -0.044108186 0.027324872 8.531948090 0.044106677 0.999026537 0.000658164 -12.766782761 -0.027327307 0.000547932 0.999626398 113.882202148
0.998731315 -0.044170421 0.024186952 8.579082489 0.044141594 0.999023914 0.001724834 -12.851352692 -0.024239529 -0.000654995 0.999705911 114.631416321
0.998864472 -0.044190891 0.017806655 8.616293907 0.044165589 0.999022543 0.001812524 -12.924785614 -0.017869346 -0.001024025 0.999839842 115.328933716
0.999067247 -0.042513475 0.007558232 8.642825127 0.042510822 0.999095976 0.000512298 -12.998946190 -0.007573176 -0.000190513 0.999971330 115.998878479
0.999188304 -0.039763018 -0.006444529 8.645196915 0.039749231 0.999207079 -0.002253694 -13.068015099 0.006529033 0.001995699 0.999976635 116.641441345
0.998952746 -0.038195562 -0.025188876 8.642104149 0.038089883 0.999263465 -0.004661928 -13.139597893 0.025348388 0.003697606 0.999671757 117.263130188
0.998193622 -0.036588557 -0.047650695 8.611473083 0.036302283 0.999317408 -0.006859623 -13.209414482 0.047869153 0.005117404 0.998840451 117.851875305
0.996541202 -0.035061736 -0.075340226 8.570835114 0.034500819 0.999366522 -0.008734119 -13.276439667 0.075598732 0.006104610 0.997119606 118.417182922
0.993673027 -0.032882452 -0.107390612 8.500275612 0.031912029 0.999432921 -0.010742967 -13.343208313 0.107682966 0.007247944 0.994158804 118.961296082
0.989353538 -0.028472580 -0.142719209 8.392953873 0.027073188 0.999564588 -0.011737911 -13.412064552 0.142991260 0.007749080 0.989693522 119.499496460
0.983134985 -0.022386122 -0.181506008 8.284662247 0.020646121 0.999721169 -0.011470387 -13.470189095 0.181712165 0.007529545 0.983322859 120.035140991
0.974742830 -0.017171219 -0.222669214 8.130142212 0.015422557 0.999835074 -0.009589828 -13.528735161 0.222797140 0.005913487 0.974846900 120.543380737
0.963419855 -0.012436942 -0.267708063 7.968580246 0.010796737 0.999912858 -0.007598075 -13.591414452 0.267779201 0.004429761 0.963470161 121.029335022
0.949188650 -0.006488634 -0.314640671 7.774696350 0.004076364 0.999957025 -0.008324146 -13.645483017 0.314681232 0.006618596 0.949174285 121.508354187
0.932025373 0.001340910 -0.362390518 7.547901154 -0.004986185 0.999946058 -0.009123888 -13.696157455 0.362358719 0.010310642 0.931981623 121.967208862
0.911103368 0.005986774 -0.412134558 7.295261383 -0.011112937 0.999887824 -0.010042669 -13.749750137 0.412028223 0.013729935 0.911067665 122.405929565
0.886013091 0.010453685 -0.463542342 7.020336151 -0.016308770 0.999829829 -0.008624622 -13.804181099 0.463373244 0.015201334 0.886032820 122.834983826
0.857066631 0.013568213 -0.515026927 6.737068176 -0.020739116 0.999751568 -0.008174252 -13.850899696 0.514788032 0.017687080 0.857135057 123.230926514
0.825484931 0.023295883 -0.563943207 6.411861420 -0.031651527 0.999486268 -0.005042947 -13.895698547 0.563536048 0.022012537 0.825798154 123.606056213
0.791445017 0.036186311 -0.610168159 6.063613892 -0.044449516 0.999010384 0.001591610 -13.941182137 0.609621942 0.025862010 0.792270303 123.967041016
0.756089747 0.045501478 -0.652884305 5.707912445 -0.056158748 0.998411477 0.004546204 -13.981469154 0.652054071 0.033227827 0.757444024 124.270385742
0.716334939 0.049268972 -0.696014941 5.342437744 -0.063301213 0.997979343 0.005494925 -14.026696205 0.694879293 0.040122397 0.718006253 124.568252563
0.673752010 0.050853670 -0.737205565 4.966541290 -0.065628387 0.997804940 0.008850692 -14.073579788 0.736037433 0.042418443 0.675610662 124.853805542
0.630308449 0.054565772 -0.774424791 4.551708221 -0.069223732 0.997503757 0.013942294 -14.105803490 0.773252487 0.044820637 0.632512271 125.122222900
0.585160375 0.063151076 -0.808454871 4.126277924 -0.080270112 0.996577501 0.019746380 -14.139546394 0.806934953 0.053339954 0.588226855 125.358596802
0.539603114 0.072277598 -0.838811338 3.687725067 -0.092003584 0.995403767 0.026585203 -14.164610863 0.836877406 0.062828206 0.543772697 125.564285278
0.492843270 0.077309653 -0.866676867 3.235210419 -0.097435869 0.994683862 0.033320434 -14.190788269 0.864645481 0.068023659 0.497756034 125.762329102
0.445901006 0.079017051 -0.891587675 2.773048401 -0.097019002 0.994493783 0.039615944 -14.215053558 0.889808774 0.068836153 0.451112032 125.939254761
0.398399055 0.080144100 -0.913704038 2.296604156 -0.093919210 0.994503558 0.046280041 -14.237627983 0.912391007 0.067376420 0.403736413 126.123649597
0.352620453 0.082743958 -0.932100952 1.809284210 -0.095520616 0.994062662 0.052108254 -14.256602287 0.930878401 0.070660427 0.358430594 126.268104553
0.308854550 0.086144894 -0.947200060 1.307292938 -0.101448052 0.993192255 0.057248466 -14.274193764 0.945683420 0.078410164 0.315491259 126.384460449
0.267802656 0.087550305 -0.959487796 0.776603699 -0.106205091 0.992476463 0.060917519 -14.287788391 0.957602322 0.085588619 0.275086105 126.489967346
0.228141814 0.084362984 -0.969966054 0.244678497 -0.106060341 0.992463827 0.061373703 -14.309720993 0.967833936 0.088873021 0.235370100 126.591056824
0.193389207 0.079251863 -0.977915943 -0.289560318 -0.100955792 0.993048787 0.060513593 -14.328268051 0.975914299 0.087023601 0.200045854 126.683380127
0.162856221 0.074243262 -0.983852446 -0.837938309 -0.098476008 0.993408740 0.058663741 -14.350441933 0.981723130 0.087332115 0.169093996 126.763252258
0.136635020 0.072686777 -0.987951159 -1.405967712 -0.099477589 0.993269980 0.059320208 -14.368058205 0.985614002 0.090173781 0.142946154 126.829238892
0.114204705 0.071857952 -0.990854979 -1.985202789 -0.100311190 0.993117392 0.060460277 -14.384074211 0.988379955 0.092488989 0.120626859 126.897262573
0.095564209 0.073304094 -0.992720485 -2.581616402 -0.101886898 0.992767215 0.063499421 -14.399532318 0.990195215 0.095076948 0.102341749 126.959259033
0.079574361 0.071498893 -0.994261503 -3.190169334 -0.102824241 0.992692471 0.063156694 -14.421823502 0.991511524 0.097208515 0.086344689 127.007667542
0.065577686 0.070448175 -0.995357573 -3.809904099 -0.101075970 0.992843091 0.063610986 -14.449366570 0.992715120 0.096435264 0.072228968 127.059432983
0.053694822 0.067803495 -0.996252775 -4.448012352 -0.097308464 0.993298888 0.062357854 -14.470377922 0.993804753 0.093595542 0.059932865 127.098876953
0.041465186 0.064966887 -0.997025609 -5.099908352 -0.094556265 0.993660212 0.060815126 -14.485612869 0.994655550 0.091753297 0.047345337 127.141891479
0.030091602 0.064112678 -0.997488856 -5.770244598 -0.094029322 0.993696928 0.061032340 -14.506625175 0.995114684 0.091956615 0.035930399 127.189529419
0.020651286 0.065668367 -0.997627795 -6.441855431 -0.097371235 0.993229091 0.063363194 -14.528116226 0.995033920 0.095831722 0.026905663 127.209518433
0.012170142 0.065423988 -0.997783363 -7.117241383 -0.100316115 0.992902815 0.063880399 -14.553482056 0.994881213 0.099316314 0.018646851 127.226547241
0.005611812 0.065037906 -0.997866988 -7.813295841 -0.102476083 0.992666602 0.064122654 -14.577094078 0.994719565 0.101897672 0.012235490 127.246421814
0.000466455 0.066030018 -0.997817457 -8.510012627 -0.103230983 0.992489934 0.065629207 -14.594953537 0.994657338 0.102975078 0.007279295 127.263610840
-0.003295687 0.068431921 -0.997650385 -9.231356621 -0.105575316 0.992056370 0.068396971 -14.613515854 0.994405806 0.105552666 0.003955217 127.289237976
-0.003728614 0.072399765 -0.997368634 -9.965274811 -0.107827276 0.991531491 0.072379135 -14.638161659 0.994162560 0.107813433 0.004109633 127.288932800
-0.005016149 0.075601064 -0.997125506 -10.683546066 -0.110120416 0.991031826 0.075693011 -14.651655197 0.993905604 0.110183582 0.003354057 127.305839539
-0.005731310 0.081039302 -0.996694446 -11.423097610 -0.114834309 0.990063667 0.081160493 -14.657711983 0.993368089 0.114919886 0.003631730 127.315780640
-0.006871084 0.084903188 -0.996365488 -12.164018631 -0.117788114 0.989383876 0.085120536 -14.670191765 0.993014872 0.117944896 0.003202447 127.324974060
-0.007928411 0.085258983 -0.996327221 -12.911428452 -0.118060283 0.989310265 0.085597999 -14.686408043 0.992974699 0.118305340 0.002222043 127.342903137
-0.009553850 0.082303651 -0.996561587 -13.654546738 -0.115715332 0.989820600 0.082856268 -14.705086708 0.993236423 0.116109036 0.000067196 127.366836548
-0.011048133 0.078815289 -0.996828020 -14.415021896 -0.119294077 0.989665270 0.079571143 -14.709955215 0.992797494 0.119794793 -0.001531756 127.380310059
-0.012504485 0.080617532 -0.996666670 -15.187697411 -0.124719672 0.988834977 0.081548832 -14.720698357 0.992113233 0.125323653 -0.002310280 127.381347656
-0.013490324 0.083714768 -0.996398389 -15.973564148 -0.121376187 0.988983214 0.084735073 -14.737466812 0.992514849 0.122082151 -0.003180723 127.395034790
-0.015866492 0.083739832 -0.996361256 -16.748794556 -0.120261014 0.989093006 0.085044034 -14.752571106 0.992615521 0.121172771 -0.005622800 127.413246155
-0.016244298 0.083149232 -0.996404648 -17.540124893 -0.123815268 0.988698840 0.084524721 -14.761935234 0.992172301 0.124743164 -0.005765573 127.408958435
-0.017882047 0.082380079 -0.996440530 -18.332832336 -0.127593100 0.988263667 0.083993852 -14.770625114 0.991665363 0.128640920 -0.007161048 127.430603027
-0.019012669 0.086692601 -0.996053636 -19.130149841 -0.129430279 0.987637520 0.088430658 -14.776032448 0.991406143 0.130600795 -0.007556977 127.440055847
-0.019816376 0.091600150 -0.995598614 -19.933544159 -0.128826514 0.987259209 0.093397044 -14.789122581 0.991469085 0.130110279 -0.007763372 127.456283569
-0.019004742 0.093856804 -0.995404303 -20.764453888 -0.129619658 0.986950755 0.095534489 -14.796018600 0.991381645 0.130839616 -0.006591058 127.469680786
-0.017226622 0.092738502 -0.995541513 -21.582912445 -0.129068092 0.987152278 0.094190381 -14.802630424 0.991486013 0.130115226 -0.005035715 127.482856750
-0.016072331 0.092729382 -0.995561659 -22.414590836 -0.129028589 0.987172723 0.094031043 -14.806767464 0.991510630 0.129967213 -0.003901425 127.495910645
-0.015915999 0.091785267 -0.995651603 -23.242813110 -0.127444878 0.987469554 0.093068264 -14.811681747 0.991717875 0.128372014 -0.004019002 127.520393372
-0.014906806 0.093772419 -0.995482087 -24.081493378 -0.128355429 0.987176061 0.094912067 -14.817234993 0.991616070 0.129190400 -0.002679440 127.538406372
-0.014243701 0.096112698 -0.995268524 -24.919797897 -0.130170718 0.986720562 0.097150147 -14.820129395 0.991389275 0.130938604 -0.001543493 127.553504944
-0.014281871 0.098302968 -0.995054066 -25.789882660 -0.133087739 0.986114323 0.099329941 -14.818564415 0.991001368 0.133848131 -0.001000635 127.570106506
-0.012659281 0.099356338 -0.994971395 -26.653690338 -0.135331243 0.985725403 0.100154892 -14.814887047 0.990719616 0.135918587 0.000967443 127.583518982
-0.010953528 0.102336608 -0.994689524 -27.522935867 -0.141961396 0.984514236 0.102853015 -14.812865257 0.989811599 0.142334118 0.003743944 127.600845337
-0.008546463 0.106326334 -0.994294584 -28.403707504 -0.146623418 0.983450472 0.106427029 -14.808706284 0.989155412 0.146696419 0.007184906 127.616676331
-0.006442179 0.108273901 -0.994100153 -29.278484344 -0.149174780 0.982892931 0.108019955 -14.803739548 0.988789856 0.148990557 0.009819765 127.648796082
-0.002469211 0.109107815 -0.994026840 -30.179904938 -0.148227006 0.983009219 0.108266667 -14.803628922 0.988950253 0.147608951 0.013745467 127.669830322
0.000150131 0.109053083 -0.994035840 -31.070062637 -0.150774866 0.982674778 0.107783891 -14.796673775 0.988568068 0.149859458 0.016589992 127.701675415
0.002762353 0.112862900 -0.993606746 -31.973661423 -0.151301011 0.982218981 0.111148708 -14.788084984 0.988483906 0.150026679 0.019789502 127.732231140
0.005139857 0.114926130 -0.993360758 -32.887554169 -0.150467947 0.982152760 0.112850882 -14.783620834 0.988601506 0.148888946 0.022340823 127.774002075
0.006882332 0.116192967 -0.993202806 -33.779502869 -0.151061594 0.981948733 0.113829590 -14.779482841 0.988500297 0.149251372 0.024310390 127.817726135
0.009501597 0.114341870 -0.993396044 -34.683406830 -0.152353063 0.982008100 0.111573875 -14.771489143 0.988280416 0.150286809 0.026750980 127.850509644
0.009778819 0.115563706 -0.993251920 -35.591838837 -0.156629190 0.981215477 0.112621218 -14.761592865 0.987609088 0.154470906 0.027695773 127.894935608
0.010872062 0.116144411 -0.993172884 -36.484802246 -0.157372251 0.981052458 0.113004290 -14.756027222 0.987479508 0.155069262 0.028943971 127.934165955
0.011120218 0.112529516 -0.993586183 -37.382827759 -0.157607228 0.981424570 0.109388202 -14.752321243 0.987439275 0.155379921 0.028649118 127.973464966
0.011987055 0.108507000 -0.994023383 -38.291908264 -0.158802986 0.981684923 0.105245091 -14.753531456 0.987237513 0.156592324 0.028998744 128.019775391
0.012530836 0.107685499 -0.994105995 -39.189888000 -0.158458903 0.981834948 0.104358867 -14.746845245 0.987285972 0.156217262 0.029366944 128.063064575
0.012395409 0.111865163 -0.993646145 -40.094203949 -0.160912469 0.980994105 0.108433463 -14.741772652 0.986890852 0.158545986 0.030160323 128.104293823
0.012551958 0.117981270 -0.992936492 -41.024761200 -0.161526069 0.980212033 0.114427455 -14.729371071 0.986788630 0.158948839 0.031360634 128.148010254
0.012731618 0.116730906 -0.993081987 -41.918804169 -0.159277916 0.980718195 0.113235623 -14.729898453 0.987151742 0.156734377 0.031078789 128.195236206
0.013455195 0.106393963 -0.994233072 -42.808464050 -0.158574834 0.981966615 0.102935277 -14.734563828 0.987255335 0.156275302 0.030083954 128.242233276
0.013959742 0.095869102 -0.995296061 -43.730472565 -0.160308272 0.982731700 0.092410430 -14.738296509 0.986968279 0.158264175 0.029087292 128.282669067
0.012973927 0.092886150 -0.995592177 -44.633243561 -0.157220840 0.983480692 0.089707360 -14.746435165 0.987478256 0.155364007 0.027363246 128.329681396
0.012863820 0.103017911 -0.994596303 -45.555099487 -0.149813235 0.983649790 0.099946432 -14.748000145 0.988630533 0.147718012 0.028086942 128.381149292
0.012781613 0.115956649 -0.993172050 -46.501483917 -0.144729882 0.983008325 0.112907387 -14.744768143 0.989388764 0.142298535 0.029346814 128.445220947
0.013022888 0.124995768 -0.992071867 -47.423683167 -0.145001411 0.981904507 0.121811330 -14.735054970 0.989345729 0.142265469 0.030911794 128.492294312
0.012902940 0.119088694 -0.992799819 -48.338111877 -0.145130843 0.982591569 0.115977980 -14.730105400 0.989328325 0.142589420 0.029961759 128.535308838
0.012858671 0.105780616 -0.994306326 -49.256084442 -0.145092487 0.984061599 0.102814332 -14.729701996 0.989334524 0.142944321 0.028001698 128.580032349
0.013470428 0.096919246 -0.995201111 -50.172027588 -0.145605028 0.984872639 0.093942560 -14.729374886 0.989251018 0.143640861 0.027378583 128.626434326
0.014001960 0.096943282 -0.995191395 -51.107189178 -0.144392610 0.985052824 0.093924120 -14.734857559 0.989421308 0.142383173 0.027790569 128.671646118
0.013299043 0.098607101 -0.995037556 -52.036315918 -0.147533402 0.984427571 0.095583826 -14.751317978 0.988967597 0.145530134 0.027639784 128.713485718
0.013839164 0.097932272 -0.995096862 -52.993301392 -0.152664736 0.983731270 0.094690584 -14.755181313 0.988181114 0.150605783 0.028564824 128.754562378
0.014332094 0.097415186 -0.995140672 -53.924797058 -0.154139131 0.983561635 0.094061784 -14.755538940 0.987945139 0.152041987 0.029111993 128.799575806
0.015412746 0.104724988 -0.994381785 -54.870937347 -0.163478613 0.981381595 0.100821950 -14.750761032 0.986426473 0.161006212 0.032246079 128.833374023
0.017250020 0.114443064 -0.993280053 -55.813117981 -0.169167638 0.979439676 0.109910533 -14.746621132 0.985436320 0.166134864 0.036255416 128.869659424
0.018003190 0.122533396 -0.992301106 -56.777416229 -0.169266269 0.978509903 0.117759429 -14.743421555 0.985405922 0.165843025 0.038357064 128.929214478
0.018932613 0.123375021 -0.992179513 -57.719638824 -0.170689106 0.978188038 0.118378155 -14.734355927 0.985143006 0.167113006 0.039578430 128.977447510
0.020305214 0.113670722 -0.993310928 -58.658561707 -0.172227234 0.979061425 0.108519413 -14.729122162 0.984848022 0.168871656 0.039457239 129.031585693
0.021352842 0.108881801 -0.993825316 -59.600811005 -0.170769855 0.979840755 0.103680596 -14.727225304 0.985079587 0.167501509 0.039516117 129.088806152
0.023226339 0.107232861 -0.993962586 -60.548995972 -0.169374257 0.980280280 0.101798907 -14.732641220 0.985278010 0.165987268 0.040930811 129.153884888
0.026711797 0.113037489 -0.993231714 -61.534629822 -0.171346426 0.979398966 0.106855072 -14.726822853 0.984848619 0.167332411 0.045530077 129.211959839
0.030390156 0.115052164 -0.992894471 -62.495506287 -0.174124464 0.978773713 0.108086370 -14.724977493 0.984254599 0.169602469 0.049778491 129.268173218
0.034709655 0.109903201 -0.993336082 -63.443725586 -0.173533410 0.979499340 0.102308616 -14.725498199 0.984216213 0.168825909 0.053069960 129.329772949
0.037370749 0.104048997 -0.993869841 -64.400489807 -0.173649803 0.980109513 0.096078977 -14.730297089 0.984098196 0.168994755 0.054695517 129.402114868
0.040973522 0.104222104 -0.993709683 -65.364479065 -0.170718834 0.980650246 0.095813170 -14.733794212 0.984467447 0.165719151 0.057973366 129.476577759
0.043378603 0.108526058 -0.993146718 -66.342079163 -0.168486193 0.980638683 0.099800125 -14.745077133 0.984749079 0.163002312 0.060823884 129.561965942
0.046867244 0.115169622 -0.992239594 -67.300979614 -0.167939886 0.980100334 0.105828159 -14.745089531 0.984682560 0.161676779 0.065276183 129.642532349
0.049206026 0.118993409 -0.991674960 -68.265487671 -0.165547222 0.980116010 0.109392114 -14.749046326 0.984973550 0.158786312 0.067926645 129.732543945
0.051770791 0.120966680 -0.991305649 -69.250785828 -0.165204465 0.979997754 0.110959038 -14.749169350 0.984899640 0.158023700 0.070719503 129.812377930
0.053814523 0.118034296 -0.991550267 -70.196411133 -0.163695216 0.980598330 0.107846327 -14.745357513 0.985042214 0.156508356 0.072092071 129.891540527
0.054411747 0.116633661 -0.991683424 -71.142341614 -0.161682382 0.981077671 0.106515102 -14.748501778 0.985341728 0.154542044 0.072239757 129.982086182
0.054984663 0.113114603 -0.992059350 -72.087905884 -0.158631936 0.981932998 0.103167847 -14.756179810 0.985805631 0.151699662 0.071934834 130.073074341
0.054531716 0.112856396 -0.992113769 -73.076736450 -0.157131106 0.982182384 0.103089944 -14.750259399 0.986071050 0.150270253 0.071293347 130.161773682
0.054219276 0.117532320 -0.991587877 -74.028816223 -0.153859645 0.982172251 0.108003385 -14.751158714 0.986604035 0.146709472 0.071336165 130.250518799
0.053495489 0.118981481 -0.991454303 -74.994270325 -0.147857815 0.982875168 0.109974027 -14.752032280 0.987560749 0.140711114 0.070171744 130.354019165
0.052851096 0.114661321 -0.991997838 -75.954757690 -0.145100459 0.983725131 0.105974548 -14.740671158 0.988004446 0.138338462 0.068628378 130.435165405
0.051805228 0.110944010 -0.992475510 -76.899398804 -0.147070050 0.983821690 0.102299884 -14.743203163 0.987768531 0.140663728 0.067283645 130.511718750
0.050599702 0.108224824 -0.992837906 -77.848060608 -0.143482938 0.984586358 0.100012779 -14.746058464 0.988358498 0.137394682 0.065348186 130.596679688
0.049209617 0.109044120 -0.992818117 -78.812347412 -0.143689290 0.984455049 0.101003535 -14.747501373 0.988398612 0.137686968 0.064113125 130.669982910
0.048068754 0.109810643 -0.992789507 -79.763793945 -0.144678324 0.984222054 0.101857990 -14.747087479 0.988310397 0.138738945 0.063197546 130.750000000
0.046589591 0.109945625 -0.992845058 -80.718177795 -0.146274015 0.983961344 0.102097899 -14.748623848 0.988146365 0.140470758 0.061924547 130.826354980
0.045567475 0.110940062 -0.992781818 -81.668144226 -0.146000430 0.983882368 0.103244312 -14.750431061 0.988234520 0.140242010 0.061030332 130.893432617
0.043249510 0.111153461 -0.992861748 -82.632896423 -0.146066487 0.983816445 0.103778102 -14.751329422 0.988328815 0.140535474 0.058785371 130.969177246
0.041517537 0.113658100 -0.992652059 -83.581680298 -0.146251410 0.983498752 0.106493108 -14.745289803 0.988375843 0.140755430 0.057455108 131.045349121
0.039895691 0.117486849 -0.992272675 -84.535217285 -0.147585824 0.982864022 0.110438965 -14.737970352 0.988244236 0.142039359 0.056551434 131.107650757
0.037289120 0.122520752 -0.991765201 -85.479431152 -0.148579895 0.982103825 0.115740791 -14.729716301 0.988197029 0.143040493 0.054825917 131.179901123
0.035466060 0.122183271 -0.991873741 -86.423500061 -0.148448542 0.982131481 0.115675159 -14.724020004 0.988283813 0.143139660 0.052970264 131.245666504
0.034271091 0.117765412 -0.992449939 -87.369659424 -0.149107769 0.982521415 0.111438327 -14.724446297 0.988226891 0.144162878 0.051231828 131.305557251
0.032516532 0.112094298 -0.993165433 -88.313026428 -0.152949616 0.982544839 0.105887957 -14.704672813 0.987698913 0.148461178 0.049093723 131.361923218
0.031213272 0.109947063 -0.993447185 -89.255554199 -0.150870383 0.983061552 0.104057446 -14.702195168 0.988060653 0.146633804 0.047272321 131.430374146
0.031204563 0.110973008 -0.993333399 -90.220809937 -0.145880491 0.983680964 0.105311967 -14.699089050 0.988809943 0.141621754 0.046884131 131.479446411
0.030689066 0.112085953 -0.993224442 -91.169815063 -0.142857388 0.983982682 0.106628947 -14.696388245 0.989267349 0.138617098 0.046209812 131.543090820
0.029483527 0.112061828 -0.993263721 -92.119140625 -0.137607574 0.984689236 0.107009768 -14.698497772 0.990047872 0.133525595 0.044452675 131.613143921
0.028021783 0.109175168 -0.993627489 -93.060867310 -0.133590043 0.985510111 0.104515836 -14.701951027 0.990640521 0.129810020 0.042200468 131.681381226
0.026869113 0.106080435 -0.993994474 -94.006202698 -0.128482997 0.986472368 0.101804614 -14.706958771 0.991347671 0.124976009 0.040135175 131.751739502
0.025269395 0.108790010 -0.993743539 -94.996368408 -0.126102969 0.986467302 0.104786836 -14.708591461 0.991695285 0.122666113 0.038646176 131.807830811
0.023963297 0.111270547 -0.993501246 -95.942337036 -0.125454307 0.986265242 0.107434161 -14.707831383 0.991809905 0.122064523 0.037593536 131.867477417
0.022514353 0.109138645 -0.993771553 -96.904121399 -0.121227406 0.986986578 0.105647050 -14.704858780 0.992369354 0.118093766 0.035451960 131.920104980
0.020086972 0.106272362 -0.994134188 -97.852981567 -0.118278958 0.987604737 0.103184476 -14.705583572 0.992777228 0.115512490 0.032407772 131.977020264
0.016962150 0.103842385 -0.994449258 -98.823524475 -0.117233321 0.987938464 0.101162918 -14.704993248 0.992959559 0.114866629 0.028931351 132.024322510
0.013981119 0.102991834 -0.994584024 -99.779136658 -0.111691311 0.988617003 0.100803867 -14.714556694 0.993644655 0.109677039 0.025325267 132.079208374
0.012206966 0.103086978 -0.994597554 -100.736305237 -0.104894169 0.989315450 0.101252139 -14.708378792 0.994408548 0.103091493 0.022889769 132.119171143
0.008933090 0.111319646 -0.993744493 -101.708709717 -0.095320083 0.989353538 0.109970920 -14.713504791 0.995406687 0.093741432 0.019448981 132.193450928
0.006523117 0.119361885 -0.992829382 -102.665222168 -0.087318882 0.989126027 0.118342943 -14.707733154 0.996159017 0.085920803 0.016874731 132.248336792
0.003156852 0.119023047 -0.992886543 -103.620681763 -0.082946345 0.989501119 0.118353486 -14.701225281 0.996548891 0.081982687 0.012996238 132.300262451
0.000866094 0.108595513 -0.994085670 -104.574890137 -0.083755776 0.990601003 0.108141877 -14.698118210 0.996485949 0.083166756 0.009953455 132.331787109
-0.001216961 0.099273160 -0.995059550 -105.521324158 -0.085697584 0.991389215 0.099011809 -14.695734978 0.996320426 0.085394688 0.007300988 132.369964600
-0.001306645 0.101051182 -0.994880319 -106.485466003 -0.093206778 0.990537941 0.100732543 -14.699837685 0.995646000 0.092861205 0.008124374 132.386215210
-0.002345960 0.109929994 -0.993936539 -107.449836731 -0.096246459 0.989300132 0.109644383 -14.682856560 0.995354712 0.095920101 0.008259514 132.428329468
-0.003919847 0.121120222 -0.992630124 -108.412506104 -0.100153901 0.987599075 0.120901830 -14.669228554 0.994964242 0.099889688 0.008259425 132.459411621
-0.005246276 0.122997262 -0.992393136 -109.354339600 -0.107280597 0.986609995 0.122847646 -14.659308434 0.994214952 0.107109003 0.008019192 132.490249634
-0.005112447 0.119959801 -0.992765605 -110.339912415 -0.114549384 0.986173213 0.119753115 -14.638600349 0.993404388 0.114332899 0.008699563 132.511505127
-0.005538115 0.115737379 -0.993264437 -111.292922974 -0.122568816 0.985711634 0.115540698 -14.623742104 0.992444575 0.122383125 0.008726810 132.539276123
-0.002838460 0.117782868 -0.993035316 -112.262374878 -0.127138570 0.984938145 0.117185891 -14.603614807 0.991880953 0.126585722 0.012179038 132.559265137
-0.001545003 0.119094200 -0.992881775 -113.241638184 -0.135270447 0.983732164 0.118207216 -14.584987640 0.990807533 0.134490252 0.014590058 132.586776733
-0.001133574 0.121644109 -0.992573082 -114.204689026 -0.144408420 0.982149780 0.120531604 -14.566863060 0.989517510 0.143472552 0.016453091 132.610336304
-0.000931019 0.123908490 -0.992293298 -115.179710388 -0.149947375 0.981057465 0.122646146 -14.545130730 0.988693655 0.148905918 0.017666370 132.638427734
-0.000631826 0.123227455 -0.992378235 -116.153594971 -0.153829336 0.980554640 0.121857226 -14.533973694 0.988097250 0.152733877 0.018336464 132.682113647
0.001003165 0.113636024 -0.993521929 -117.109054565 -0.152719572 0.981885374 0.112150870 -14.535047531 0.988269031 0.151617736 0.018339437 132.715393066
0.002344632 0.102105685 -0.994770765 -118.060226440 -0.156016663 0.982629240 0.100491710 -14.525405884 0.987751663 0.154965192 0.018234093 132.754394531
