1.000000000 0.000000000 0.000000000 0.000000000 0.000000000 1.000000000 0.000000000 0.000000000 0.000000000 0.000000000 1.000000000 0.000000000
0.999997854 -0.001579543 -0.001333075 0.049071029 0.001576650 0.999996424 -0.002168388 -0.132499173 0.001336495 0.002166282 0.999996781 1.298100352
0.999997556 -0.000039929 -0.002182500 0.105135009 0.000026203 0.999980211 -0.006288909 -0.267979860 0.002182708 0.006288836 0.999977827 2.603156805
0.999996066 0.002425791 -0.001353357 0.148391142 -0.002436338 0.999966264 -0.007847688 -0.406321228 0.001334274 0.007850955 0.999968290 3.906953812
0.999983609 0.005724447 0.000231956 0.192803890 -0.005722810 0.999962270 -0.006534097 -0.544949830 -0.000269352 0.006532663 0.999978662 5.217784882
0.999976575 0.006423149 0.002372392 0.243135124 -0.006415481 0.999974191 -0.003225777 -0.688654363 -0.002393051 0.003210481 0.999991953 6.536522865
0.999961138 0.006759075 0.005660806 0.300116181 -0.006748574 0.999975443 -0.001871978 -0.825742245 -0.005673320 0.001833703 0.999982178 7.839306831
0.999944627 0.005204771 0.009146110 0.352597475 -0.005187800 0.999984801 -0.001878279 -0.959786534 -0.009155747 0.001830727 0.999956369 9.145321846
0.999914527 0.003864452 0.012487510 0.430430710 -0.003842636 0.999991119 -0.001770637 -1.096802711 -0.012494240 0.001722501 0.999920487 10.445149422
0.999871969 0.002551221 0.015795801 0.494764388 -0.002511571 0.999993622 -0.002529462 -1.234479666 -0.015802152 0.002489466 0.999872029 11.757069588
0.999815106 0.001602195 0.019161180 0.569696188 -0.001539365 0.999993324 -0.003293345 -1.372080564 -0.019166330 0.003263240 0.999810994 13.050501823
0.999747515 0.001207019 0.022436606 0.639774859 -0.001132782 0.999993861 -0.003321160 -1.518229961 -0.022440474 0.003294906 0.999742687 14.378808975
0.999667943 0.001148470 0.025739975 0.724608898 -0.001034464 0.999989629 -0.004442005 -1.655478001 -0.025744811 0.004413904 0.999658763 15.673336983
0.999571919 0.002191934 0.029173914 0.799887121 -0.002063212 0.999988019 -0.004441571 -1.792717457 -0.029183300 0.004379478 0.999564469 16.980945587
0.999472976 0.001818868 0.032409869 0.889635086 -0.001688350 0.999990404 -0.004054043 -1.931384325 -0.032416932 0.003997188 0.999466419 18.267879486
0.999404490 0.000170894 0.034506325 0.991771102 -0.000039957 0.999992788 -0.003795229 -2.074947119 -0.034506723 0.003791591 0.999397278 19.569507599
0.999342263 -0.002234451 0.036194909 1.088154674 0.002414868 0.999984920 -0.004941639 -2.217172146 -0.036183316 0.005025794 0.999332607 20.847352982
0.999300838 -0.002053780 0.037331413 1.187427640 0.002302991 0.999975324 -0.006633863 -2.361041069 -0.037316877 0.006715199 0.999280930 22.154960632
0.999250531 -0.001952567 0.038659155 1.268892407 0.002312348 0.999954402 -0.009263981 -2.504747391 -0.038639314 0.009346432 0.999209523 23.440708160
0.999215424 -0.001467985 0.039577428 1.373832464 0.001894474 0.999940515 -0.010740717 -2.646351099 -0.039559301 0.010807268 0.999158800 24.724952698
0.999173045 -0.000836842 0.040649306 1.475035191 0.001300325 0.999934316 -0.011376887 -2.792721748 -0.040637124 0.011420335 0.999108672 25.995311737
0.999153674 -0.002419463 0.041061584 1.576384306 0.002844790 0.999942899 -0.010303016 -2.939989567 -0.041034322 0.010411111 0.999103427 27.286958694
0.999151945 -0.005474421 0.040807623 1.683283329 0.005848813 0.999941945 -0.009060834 -3.086364269 -0.040755644 0.009291827 0.999125957 28.563451767
0.999174178 -0.006880134 0.040045749 1.780165553 0.007268756 0.999927759 -0.009566929 -3.233737469 -0.039977033 0.009850109 0.999152184 29.858005524
0.999196351 -0.008519686 0.039167378 1.887161732 0.009000897 0.999885857 -0.012126135 -3.379461288 -0.039059605 0.012468931 0.999159098 31.126070023
0.999223709 -0.008627119 0.038442284 1.994944453 0.009104757 0.999883294 -0.012267080 -3.526968956 -0.038331974 0.012607564 0.999185503 32.413143158
0.999242485 -0.009266553 0.037796322 2.094144583 0.009750668 0.999872506 -0.012644411 -3.670473337 -0.037674341 0.013003372 0.999205470 33.679588318
0.999254286 -0.009766593 0.037354961 2.188400269 0.010252564 0.999864936 -0.012840135 -3.814133167 -0.037224509 0.013213543 0.999219537 34.951347351
0.999264657 -0.010185897 0.036963850 2.278766870 0.010690048 0.999852240 -0.013467091 -3.957330704 -0.036821213 0.013852336 0.999225795 36.208473206
0.999303818 -0.010821461 0.035703920 2.390178442 0.011306216 0.999846220 -0.013403247 -4.118766785 -0.035553377 0.013797591 0.999272525 37.499610901
0.999304473 -0.010597430 0.035752028 2.484047413 0.011020761 0.999871254 -0.011664550 -4.262948513 -0.035623807 0.012050452 0.999292552 38.760978699
0.999269903 -0.010453623 0.036748189 2.585683107 0.010855304 0.999883294 -0.010748095 -4.400724411 -0.036631554 0.011139160 0.999266744 40.028236389
0.999188721 -0.012290633 0.038352225 2.694574833 0.012638794 0.999880970 -0.008848748 -4.545098782 -0.038238913 0.009326294 0.999225080 41.276325226
0.999078631 -0.013191775 0.040839940 2.791314363 0.013622974 0.999854147 -0.010298016 -4.687374592 -0.040698130 0.010844891 0.999112546 42.538448334
0.998949766 -0.014421720 0.043491781 2.885172367 0.015020677 0.999796391 -0.013476525 -4.836777210 -0.043288570 0.014115648 0.998962760 43.790332794
0.998847008 -0.015643163 0.045386635 2.990347147 0.016315406 0.999762058 -0.014479058 -4.984156609 -0.045149338 0.015202865 0.998864532 45.051010132
0.998733282 -0.015835591 0.047759671 3.120884657 0.016496714 0.999773085 -0.013480514 -5.115235806 -0.047535356 0.014251318 0.998767912 46.288784027
0.998515844 -0.016955825 0.051754843 3.220729113 0.017490465 0.999798059 -0.009894828 -5.275699615 -0.051576618 0.010785362 0.998610795 47.558712006
0.998245001 -0.019994654 0.055739902 3.339360952 0.020459969 0.999760389 -0.007789716 -5.415140152 -0.055570789 0.008916484 0.998414934 48.786277771
0.998000622 -0.022103986 0.059212826 3.468601465 0.022626337 0.999710560 -0.008165583 -5.554803371 -0.059015200 0.009489025 0.998211980 50.035232544
0.997723758 -0.025265770 0.062522873 3.609198809 0.026065180 0.999588192 -0.012003281 -5.688616276 -0.062193856 0.013605628 0.997971237 51.268104553
0.997435153 -0.026753491 0.066387400 3.743283272 0.027625240 0.999543250 -0.012247954 -5.821501732 -0.066029400 0.014050509 0.997718751 52.505664825
0.997094333 -0.029214565 0.070351712 3.874643803 0.029974911 0.999502838 -0.009776263 -5.960541248 -0.070031121 0.011856642 0.997474372 53.725200653
0.996823668 -0.032025032 0.072918214 4.040276051 0.032590784 0.999447107 -0.006581927 -6.091955662 -0.072667114 0.008937484 0.997316182 54.919769287
0.996552765 -0.034577340 0.075411037 4.175787449 0.035027150 0.999375463 -0.004650073 -6.232952118 -0.075203158 0.007275477 0.997141719 56.175327301
0.996366143 -0.037215777 0.076611713 4.327067375 0.037442304 0.999297559 -0.001522145 -6.357194901 -0.076501265 0.004385133 0.997059822 57.380714417
0.996199667 -0.040309366 0.077209711 4.475735188 0.040438578 0.999182045 -0.000110150 -6.483924389 -0.077142119 0.003231982 0.997014880 58.602027893
0.996159971 -0.042208735 0.076705433 4.624433041 0.042605698 0.999085784 -0.003545307 -6.605978966 -0.076485649 0.006799781 0.997047484 59.795948029
0.996181548 -0.043347422 0.075784773 4.778245449 0.044068921 0.998997450 -0.007873277 -6.735778809 -0.075367518 0.011182968 0.997093081 61.002712250
0.996199846 -0.044732273 0.074731849 4.917228222 0.045745485 0.998882174 -0.011900736 -6.864925385 -0.074115969 0.015274158 0.997132599 62.184825897
0.996218562 -0.047142480 0.072980732 5.066576481 0.048294984 0.998733461 -0.014107537 -7.004050732 -0.072223239 0.017578792 0.997233570 63.401874542
0.996355772 -0.047066137 0.071133837 5.201693058 0.048181072 0.998739898 -0.014039061 -7.138246536 -0.070383437 0.017415205 0.997367978 64.578849792
0.996585786 -0.046456557 0.068255208 5.333980083 0.047473002 0.998783350 -0.013345073 -7.283471107 -0.067552209 0.016539788 0.997578621 65.796035767
0.996837139 -0.045528062 0.065137818 5.457318783 0.046368781 0.998858690 -0.011452817 -7.413537025 -0.064542063 0.014436954 0.997810543 66.973152161
0.997246861 -0.041949775 0.061146900 5.583674908 0.042501163 0.999066532 -0.007744222 -7.547198296 -0.060764927 0.010321715 0.998098850 68.160057068
0.997537553 -0.039873242 0.057697911 5.701592445 0.040265467 0.999173105 -0.005650919 -7.671860218 -0.057424881 0.007960236 0.998318136 69.342109680
0.997733474 -0.038924109 0.054889128 5.806849480 0.039445300 0.999186039 -0.008443650 -7.810374260 -0.054515801 0.010589628 0.998456776 70.508987427
0.997901082 -0.039471105 0.051335286 5.921133041 0.040303756 0.999070466 -0.015286733 -7.950200558 -0.050684188 0.017323654 0.998564422 71.699432373
0.997907162 -0.043317623 0.048006143 6.027256012 0.044236083 0.998854578 -0.018237442 -8.085222244 -0.047161151 0.020322882 0.998680532 72.870521545
0.997931421 -0.047277354 0.043561686 6.139913559 0.047898505 0.998763323 -0.013327079 -8.223125458 -0.042877737 0.015386049 0.998961866 74.039916992
0.997910142 -0.050991803 0.039687481 6.239366531 0.051355485 0.998646736 -0.008197805 -8.351906776 -0.039215751 0.010218842 0.999178529 75.201370239
0.997983992 -0.053011071 0.034896053 6.337906837 0.053235147 0.998566747 -0.005523154 -8.477581978 -0.034553252 0.007369716 0.999375641 76.383636475
0.998158157 -0.052258652 0.030810734 6.426723480 0.052377950 0.998622596 -0.003077204 -8.602289200 -0.030607488 0.004685340 0.999520481 77.541534424
0.998283327 -0.052064318 0.026822368 6.522219658 0.052174158 0.998632252 -0.003411142 -8.714207649 -0.026608085 0.004804722 0.999634385 78.698776245
0.998436749 -0.050498825 0.023957886 6.584845543 0.050626952 0.998706162 -0.004770999 -8.852173805 -0.023685960 0.005976455 0.999701560 79.871200562
0.998619795 -0.048267558 0.020706462 6.660206795 0.048474696 0.998778045 -0.009620537 -8.981470108 -0.020216800 0.010610998 0.999739349 81.014999390
0.998523414 -0.051720858 0.016613357 6.744277954 0.051955663 0.998550892 -0.014026793 -9.124434471 -0.015863806 0.014869239 0.999763489 82.177108765
0.998376012 -0.055175453 0.014171869 6.803724289 0.055396013 0.998341560 -0.015673235 -9.248428345 -0.013283583 0.016432848 0.999776661 83.308479309
0.998407602 -0.055438887 0.010430660 6.870839119 0.055565625 0.998379529 -0.012281664 -9.376225471 -0.009732874 0.012841693 0.999870241 84.444885254
0.998413622 -0.055797044 0.007538147 6.939518929 0.055867832 0.998392642 -0.009531403 -9.507911682 -0.006994207 0.009937423 0.999926150 85.582962036
0.998554170 -0.053353775 0.006554599 6.981918335 0.053425342 0.998508155 -0.011277295 -9.635961533 -0.005943134 0.011611174 0.999914885 86.722290039
0.998744309 -0.049715199 0.006176408 7.033851147 0.049800370 0.998653889 -0.014500561 -9.762807846 -0.005447196 0.014789940 0.999875844 87.841278076
0.998827398 -0.048165452 0.004893572 7.095117092 0.048242614 0.998689115 -0.017111421 -9.890193939 -0.004062977 0.017327435 0.999841630 88.942939758
0.998752117 -0.049747005 0.004408202 7.136207104 0.049817879 0.998600304 -0.017773077 -10.030120850 -0.003517874 0.017970504 0.999832273 90.081115723
0.998695195 -0.050988551 0.002828093 7.190094471 0.051025514 0.998583734 -0.015062677 -10.160052299 -0.002056063 0.015187328 0.999882519 91.195045471
0.998640597 -0.052071594 0.002304540 7.237367153 0.052096583 0.998562634 -0.012594961 -10.288465500 -0.001645387 0.012697900 0.999917984 92.311973572
0.998655081 -0.051823631 0.001518263 7.300737381 0.051837988 0.998585582 -0.011816087 -10.413355827 -0.000903763 0.011878901 0.999929011 93.444206238
0.998624384 -0.052404203 0.001764249 7.344483376 0.052423928 0.998525202 -0.014105808 -10.539141655 -0.001022444 0.014178894 0.999898911 94.552803040
0.998609841 -0.052697100 0.001160250 7.405983925 0.052709438 0.998448372 -0.017954161 -10.666698456 -0.000212318 0.017990356 0.999838114 95.656471252
0.998576880 -0.053323504 0.000899217 7.452798843 0.053330965 0.998396933 -0.018958153 -10.802764893 0.000113140 0.018979130 0.999819875 96.761116028
0.998535991 -0.054086171 0.000721061 7.509062767 0.054090556 0.998387218 -0.017239217 -10.934642792 0.000212506 0.017252984 0.999851167 97.844467163
0.998587370 -0.053107068 0.001779166 7.551891804 0.053125057 0.998511553 -0.012346389 -11.053286552 -0.001120837 0.012423462 0.999922216 98.928497314
0.998676360 -0.051342003 0.003091133 7.603324890 0.051367689 0.998640120 -0.008895806 -11.173410416 -0.002630201 0.009042813 0.999955714 99.997741699
0.998766541 -0.049400508 0.005000032 7.649752617 0.049443398 0.998737633 -0.008851228 -11.293193817 -0.004556464 0.009087529 0.999948263 101.057456970
0.998845518 -0.047515854 0.007056582 7.701136589 0.047589287 0.998810410 -0.010630993 -11.414263725 -0.006543046 0.010954538 0.999918580 102.094108582
0.998801827 -0.047925718 0.009905605 7.749312401 0.048050903 0.998762786 -0.012811577 -11.536923409 -0.009279344 0.013272202 0.999868870 103.114410400
0.998702288 -0.049560994 0.011717870 7.797097206 0.049724542 0.998663366 -0.014104173 -11.646553993 -0.011003191 0.014668539 0.999831796 104.121742249
0.998594165 -0.051244695 0.013557595 7.858891010 0.051426142 0.998587012 -0.013391647 -11.760720253 -0.012852189 0.014070031 0.999818444 105.105285645
0.998557270 -0.051436342 0.015419857 7.916431427 0.051620811 0.998596907 -0.011813452 -11.878474236 -0.014790579 0.012592394 0.999811292 106.078071594
0.998488963 -0.052577123 0.015982414 7.995752811 0.052747451 0.998553395 -0.010429000 -11.983973503 -0.015410964 0.011256274 0.999817908 107.017387390
0.998419523 -0.053115483 0.018363260 8.046342850 0.053314462 0.998522401 -0.010521401 -12.093976021 -0.017777279 0.011483801 0.999776065 107.933906555
0.998407483 -0.052928314 0.019521678 8.113906860 0.053114582 0.998546481 -0.009148794 -12.189040184 -0.019009070 0.010171109 0.999767721 108.838401794
0.998419046 -0.051983077 0.021377867 8.171657562 0.052144542 0.998614609 -0.007065976 -12.285633087 -0.020980936 0.008169546 0.999746561 109.707237244
0.998392284 -0.052103836 0.022322282 8.237933159 0.052203327 0.998628795 -0.003896841 -12.387714386 -0.022088638 0.005055874 0.999743223 110.566978455
0.998348117 -0.052207254 0.023988493 8.296903610 0.052315544 0.998622954 -0.003908661 -12.479102135 -0.023751400 0.005157175 0.999704540 111.391624451
0.998363554 -0.051511534 0.024834651 8.352252960 0.051601555 0.998663187 -0.002997116 -12.569948196 -0.024647065 0.004273716 0.999687195 112.201095581
0.998473227 -0.049205840 0.025102232 8.406459808 0.049287956 0.998781025 -0.002662759 -12.650641441 -0.024940610 0.003895931 0.999681354 112.980529785
0.998612344 -0.046429437 0.024853429 8.444547653 0.046438731 0.998921037 0.000203649 -12.727907181 -0.024836069 0.000950795 0.999691069 113.733749390
0.998684406 -0.046375051 0.021881182 8.493624687 0.046356454 0.998924017 0.001356983 -12.811632156 -0.021920571 -0.000340864 0.999759674 114.479553223
0.998803198 -0.046415512 0.015414812 8.530038834 0.046397939 0.998921931 0.001495748 -12.885597229 -0.015467616 -0.000778742 0.999880075 115.177917480
0.998987973 -0.044721127 0.004799778 8.560217857 0.044719990 0.998999476 0.000345280 -12.961655617 -0.004810417 -0.000130284 0.999988437 115.850936890
0.999073207 -0.042112190 -0.008908464 8.558061600 0.042090334 0.999110281 -0.002628067 -13.029085159 0.009011213 0.002250671 0.999956906 116.494903564
0.998779178 -0.040751562 -0.027919654 8.559268951 0.040625121 0.999161482 -0.005081496 -13.098340988 0.028103322 0.003941054 0.999597251 117.099227905
0.997970760 -0.039047059 -0.050295334 8.525615692 0.038735103 0.999223888 -0.007162599 -13.169859886 0.050535973 0.005199869 0.998708785 117.687431335
0.996252954 -0.037437014 -0.077963784 8.484833717 0.036834046 0.999279380 -0.009158156 -13.236806870 0.078250453 0.006252118 0.996914148 118.256149292
0.993277252 -0.035111476 -0.110306941 8.414464951 0.034056958 0.999354482 -0.011430059 -13.301235199 0.110637069 0.007596497 0.993831813 118.802650452
0.988941491 -0.030407520 -0.145155936 8.303277969 0.028852891 0.999501646 -0.012803806 -13.368153572 0.145472929 0.008474047 0.989325941 119.343032837
0.982579827 -0.024968987 -0.184155539 8.200256348 0.023104206 0.999657810 -0.012265241 -13.425104141 0.184398785 0.007796810 0.982820570 119.853439331
0.974052846 -0.019456614 -0.225482911 8.057497025 0.017507382 0.999790072 -0.010641236 -13.481018066 0.225642592 0.006417508 0.974188983 120.355690002
0.962660909 -0.014947958 -0.270297319 7.885173798 0.012957929 0.999874234 -0.009145427 -13.538827896 0.270399988 0.005301451 0.962733388 120.850646973
0.948464274 -0.008463979 -0.316770911 7.696113586 0.005703740 0.999937296 -0.009639943 -13.597201347 0.316832662 0.007336361 0.948453128 121.309425354
0.930991769 -0.000766751 -0.365039259 7.467838287 -0.003298444 0.999939322 -0.010512648 -13.652960777 0.365025163 0.010991247 0.930932760 121.780693054
0.909837842 0.004017333 -0.414944828 7.213851929 -0.009478243 0.999893367 -0.011102092 -13.710603714 0.414856076 0.014034051 0.909778833 122.217163086
0.884734213 0.008293023 -0.466022074 6.945075989 -0.014691140 0.999840975 -0.010098337 -13.761861801 0.465864301 0.015780738 0.884715438 122.629394531
0.855808973 0.011566274 -0.517162800 6.656227112 -0.019435696 0.999762952 -0.009802927 -13.807765961 0.516926885 0.018440848 0.855830967 123.028945923
0.824157476 0.021346254 -0.565958321 6.331989288 -0.030247722 0.999522269 -0.006348222 -13.860507965 0.565552473 0.022350887 0.824409306 123.397300720
0.789853096 0.033410065 -0.612385392 5.988212585 -0.042435654 0.999099195 -0.000225289 -13.897781372 0.611826181 0.026164921 0.790559351 123.757644653
0.753891051 0.042084355 -0.655650198 5.632137299 -0.053709228 0.998553872 0.002337516 -13.939755440 0.654800296 0.033452239 0.755061090 124.071678162
0.714068532 0.045873079 -0.698571205 5.261329651 -0.061026148 0.998131216 0.003164311 -13.984892845 0.697410822 0.040371578 0.715533435 124.370414734
0.671495557 0.047680162 -0.739473104 4.884464264 -0.063880421 0.997937500 0.006337499 -14.034367561 0.738250077 0.042982247 0.673156261 124.652801514
0.627970576 0.051276475 -0.776546001 4.475334167 -0.067587294 0.997650206 0.011220397 -14.066853523 0.775296628 0.045438565 0.629960656 124.915237427
0.582932055 0.060050387 -0.810298800 4.051040649 -0.079000041 0.996729016 0.017033605 -14.101051331 0.808671296 0.054084204 0.585769355 125.143844604
0.537343442 0.068714067 -0.840559542 3.607215881 -0.090553656 0.995614171 0.023501342 -14.125275612 0.838487804 0.063487448 0.541209221 125.353996277
0.490842879 0.073863514 -0.868111372 3.147380829 -0.096628286 0.994867921 0.030013574 -14.151373863 0.865873098 0.069152169 0.495461136 125.552497864
0.443305165 0.075251751 -0.893206418 2.685142517 -0.095905684 0.994731724 0.036206421 -14.179482460 0.891225278 0.069613069 0.448186815 125.734390259
0.396304667 0.076456964 -0.914930046 2.206516266 -0.093420714 0.994712412 0.042658590 -14.198091507 0.913353860 0.068567604 0.401351780 125.907012939
0.350259990 0.079954408 -0.933233738 1.709732056 -0.095447138 0.994210184 0.049355455 -14.228333473 0.931776702 0.071787246 0.355863482 126.056289673
0.306768924 0.083172023 -0.948143005 1.209987640 -0.101103559 0.993385911 0.054429010 -14.248818398 0.946398973 0.079163507 0.313148916 126.170562744
0.265313804 0.084573865 -0.960445523 0.687921524 -0.105971225 0.992668092 0.058137748 -14.265375137 0.958320737 0.086354852 0.272331029 126.271415710
0.225796014 0.081445567 -0.970763922 0.161514282 -0.106138892 0.992623627 0.058592044 -14.285968781 0.968375266 0.089805976 0.232774958 126.374778748
0.190962821 0.076045841 -0.978647172 -0.384441376 -0.101919040 0.993142068 0.057284754 -14.305596352 0.976291835 0.088803515 0.197403699 126.462303162
0.160364956 0.070784912 -0.984516382 -0.933155060 -0.099308200 0.993521333 0.055256329 -14.326982498 0.982049346 0.088909365 0.166355520 126.542884827
0.134332418 0.069184266 -0.988518238 -1.499376297 -0.100503787 0.993366957 0.055865884 -14.347293854 0.985826433 0.091845244 0.140394658 126.606552124
0.112425022 0.068646871 -0.991286099 -2.094312668 -0.100888252 0.993243992 0.057340369 -14.362310410 0.988525331 0.093562633 0.118591107 126.661720276
0.093372218 0.069992207 -0.993167937 -2.688405037 -0.103178591 0.992835224 0.060268469 -14.380077362 0.990270615 0.096846260 0.099924922 126.723144531
0.077552788 0.068475455 -0.994633913 -3.302721024 -0.104527578 0.992698789 0.060192093 -14.407301903 0.991493523 0.099298619 0.084144123 126.776496887
0.063027941 0.067473754 -0.995728254 -3.922217369 -0.103488520 0.992775321 0.060722988 -14.438469887 0.992631614 0.099219218 0.069555350 126.831596375
0.051011886 0.064915232 -0.996586025 -4.561374664 -0.099051006 0.993294120 0.059630707 -14.461238861 0.993773937 0.095670991 0.057099737 126.873947144
0.038966872 0.062625080 -0.997276127 -5.208508015 -0.096974619 0.993560076 0.058602609 -14.481341362 0.994523764 0.094426908 0.044788968 126.911506653
0.028699884 0.061226297 -0.997711182 -5.884078979 -0.096281677 0.993650734 0.058207497 -14.498685837 0.994940281 0.094390765 0.034412630 126.944435120
0.019108817 0.062705532 -0.997849107 -6.556404591 -0.099544890 0.993191779 0.060506571 -14.522699356 0.994849563 0.098174587 0.025220735 126.964973450
0.010774923 0.062613256 -0.997979701 -7.232919216 -0.102459408 0.992853701 0.061185431 -14.551187515 0.994678855 0.101593144 0.017113239 126.980499268
0.003860446 0.062042665 -0.998066008 -7.925364017 -0.104473650 0.992636621 0.061301060 -14.574414253 0.994520128 0.104034960 0.010313844 127.003623962
-0.001402704 0.062888056 -0.998019576 -8.623121262 -0.105295859 0.992463231 0.062685929 -14.593299866 0.994439900 0.105175272 0.005229720 127.021057129
-0.004935018 0.065232836 -0.997857809 -9.346766472 -0.107798427 0.992020369 0.065384351 -14.613819122 0.994160533 0.107890189 0.002136358 127.043006897
-0.005764232 0.069255576 -0.997582257 -10.078457832 -0.109793119 0.991523862 0.069469377 -14.641914368 0.993937850 0.109928109 0.001888413 127.046676636
-0.006348933 0.071949884 -0.997388184 -10.807251930 -0.112175249 0.991061449 0.072207563 -14.651659966 0.993668139 0.112340704 0.001778814 127.050460815
-0.006958027 0.077569358 -0.996962726 -11.549457550 -0.116932280 0.990083873 0.077850252 -14.661137581 0.993115485 0.117118798 0.002181331 127.057693481
-0.008108411 0.081431173 -0.996645987 -12.293916702 -0.120098419 0.989385009 0.081815004 -14.677521706 0.992728829 0.120358996 0.001757415 127.066650391
-0.009482359 0.081810996 -0.996602774 -13.044864655 -0.120003469 0.989351451 0.082357541 -14.694741249 0.992728174 0.120376728 0.000436217 127.085960388
-0.010989444 0.078672409 -0.996840000 -13.788291931 -0.117635563 0.989875853 0.079419635 -14.715053558 0.992995918 0.118136600 -0.001623513 127.107223511
-0.012404040 0.075175136 -0.997093201 -14.548686981 -0.121381186 0.989682436 0.076126412 -14.722462654 0.992528439 0.121972628 -0.003151211 127.119033813
-0.013870299 0.076897532 -0.996942580 -15.308416367 -0.126281038 0.988920391 0.078035690 -14.736305237 0.991897464 0.126977310 -0.004005920 127.127616882
-0.014928491 0.079955295 -0.996686578 -16.113491058 -0.123565920 0.989009440 0.081190228 -14.752941132 0.992224216 0.124368541 -0.004884666 127.132232666
-0.017098041 0.080025189 -0.996646225 -16.887683868 -0.122452699 0.989120603 0.081521690 -14.771444321 0.992326975 0.123435870 -0.007112722 127.148414612
-0.017610945 0.079502851 -0.996679068 -17.680089951 -0.126192003 0.988685727 0.081094988 -14.784240723 0.991849482 0.127201080 -0.007379065 127.142845154
-0.019241899 0.078947783 -0.996693015 -18.474170685 -0.129886627 0.988232374 0.080785178 -14.798656464 0.991342068 0.131011546 -0.008761202 127.161453247
-0.020532411 0.083266549 -0.996315777 -19.271131516 -0.131670699 0.987620711 0.085253373 -14.806730270 0.991080880 0.132936060 -0.009314468 127.170783997
-0.021260252 0.088018030 -0.995891929 -20.075134277 -0.130980358 0.987286329 0.090053633 -14.822125435 0.991156995 0.132356867 -0.009461324 127.185012817
-0.020173533 0.090399116 -0.995701194 -20.905090332 -0.131769493 0.986976087 0.092276700 -14.832114220 0.991075099 0.133064568 -0.007998945 127.195770264
-0.018342117 0.089152887 -0.995848954 -21.723031998 -0.131170660 0.987193406 0.090793967 -14.840517044 0.991190076 0.132291511 -0.006412972 127.207740784
-0.017179053 0.089290567 -0.995857418 -22.551811218 -0.131121203 0.987201512 0.090776362 -14.848238945 0.991217494 0.132137492 -0.005251301 127.220138550
-0.017159687 0.088178754 -0.995956838 -23.380590439 -0.129402831 0.987529993 0.089662209 -14.854454041 0.991443634 0.130418196 -0.005535124 127.244407654
-0.016280876 0.090344198 -0.995777547 -24.217771530 -0.130325973 0.987221718 0.091698758 -14.864694595 0.991337538 0.131268606 -0.004298637 127.263298035
-0.015857475 0.092430711 -0.995592833 -25.055116653 -0.131967768 0.986813903 0.093717597 -14.868603706 0.991127193 0.132872298 -0.003450499 127.279312134
-0.015831266 0.094673105 -0.995382547 -25.932598114 -0.135117620 0.986173153 0.095946178 -14.871649742 0.990703225 0.136012614 -0.002820367 127.293968201
-0.014294340 0.095762245 -0.995301545 -26.795398712 -0.137270719 0.985790551 0.096818618 -14.871306419 0.990430474 0.138009712 -0.000945873 127.306800842
-0.012497013 0.098841615 -0.995024681 -27.665275574 -0.143974096 0.984555364 0.099609889 -14.872957230 0.989502549 0.144502595 0.001926628 127.321044922
-0.010180041 0.102811255 -0.994648933 -28.545515060 -0.148693636 0.983485758 0.103179261 -14.872478485 0.988830864 0.148948327 0.005275457 127.337776184
-0.008169957 0.104661196 -0.994474351 -29.419967651 -0.151179954 0.982946932 0.104690008 -14.870042801 0.988472462 0.151199922 0.007792043 127.369132996
-0.004304432 0.105664290 -0.994392514 -30.316518784 -0.150276497 0.983040750 0.105108552 -14.875374794 0.988634646 0.149886265 0.011647427 127.391677856
-0.001664711 0.105503581 -0.994417429 -31.208724976 -0.152818829 0.982711792 0.104517467 -14.870908737 0.988252878 0.152139738 0.014486999 127.420280457
0.000666989 0.109333351 -0.994004965 -32.109336853 -0.153213188 0.982280195 0.107940920 -14.865976334 0.988192976 0.152222678 0.017406486 127.452705383
0.002979289 0.111447707 -0.993765950 -33.016574860 -0.152449936 0.982204795 0.109694146 -14.864278793 0.988306642 0.151172742 0.019916467 127.495933533
0.004722771 0.112489402 -0.993641675 -33.908912659 -0.152927324 0.982045829 0.110449776 -14.861906052 0.988226175 0.151433304 0.021840682 127.537414551
0.007220089 0.110775240 -0.993819237 -34.812377930 -0.154199079 0.982081294 0.108346619 -14.857378006 0.988013387 0.152463764 0.024172157 127.568519592
0.007489556 0.111870311 -0.993694603 -35.722465515 -0.158287182 0.981326640 0.109284915 -14.850412369 0.987364650 0.156470656 0.025057338 127.612319946
0.008595924 0.112722866 -0.993589222 -36.617034912 -0.159220323 0.981103718 0.109928913 -14.849395752 0.987205684 0.157254651 0.026381265 127.648727417
0.008775215 0.109146014 -0.993987024 -37.514385223 -0.159364656 0.981473029 0.106364995 -14.849115372 0.987180710 0.157473028 0.026006654 127.684944153
0.009475783 0.104931720 -0.994434297 -38.425338745 -0.160564870 0.981734335 0.102061659 -14.853889465 0.986979783 0.158704072 0.026151052 127.732673645
0.009953608 0.104282022 -0.994498014 -39.322502136 -0.160296544 0.981851757 0.101351619 -14.851606369 0.987018704 0.158405736 0.026489018 127.774284363
0.009907153 0.108318470 -0.994066954 -40.227195740 -0.162530363 0.981070578 0.105282515 -14.848296165 0.986653805 0.160522997 0.027324660 127.812515259
0.010440656 0.114685200 -0.993346989 -41.166610718 -0.163429365 0.980239153 0.111454107 -14.840476036 0.986499786 0.161178410 0.028977262 127.849014282
0.010721682 0.113395222 -0.993492007 -42.061077118 -0.161218524 0.980746806 0.110200651 -14.842754364 0.986860514 0.158987761 0.028796664 127.892929077
0.011552411 0.102926105 -0.994621873 -42.952030182 -0.160519913 0.981978953 0.099753365 -14.850031853 0.986965001 0.158504218 0.027865909 127.936698914
0.011695468 0.092380315 -0.995655119 -43.876716614 -0.162142992 0.982720613 0.089275584 -14.857021332 0.986697912 0.160394415 0.026472196 127.977447510
0.010597414 0.089299269 -0.995948434 -44.776874542 -0.158951834 0.983490646 0.086490914 -14.867561340 0.987229407 0.157391295 0.024616741 128.024368286
0.010557199 0.099545136 -0.994976997 -45.697700500 -0.151619017 0.983687103 0.096806839 -14.874658585 0.988382578 0.149835467 0.025477914 128.072463989
0.010598512 0.112584509 -0.993585646 -46.640075684 -0.146801338 0.983050287 0.109824814 -14.872858047 0.989109159 0.144695714 0.026946435 128.131988525
0.010883135 0.121596113 -0.992519975 -47.561420441 -0.147025391 0.981985509 0.118693329 -14.865993500 0.989072859 0.144633904 0.028564796 128.177383423
0.010658095 0.115879618 -0.993206084 -48.478302002 -0.147031516 0.982647955 0.113069974 -14.864845276 0.989074349 0.144827470 0.027511112 128.217864990
0.010630699 0.102593668 -0.994666517 -49.388195038 -0.147107154 0.984059930 0.099927425 -14.871231079 0.989063442 0.145260260 0.025553502 128.261428833
0.011208621 0.093611427 -0.995545685 -50.301651001 -0.147739753 0.984836459 0.090941042 -14.872198105 0.988962770 0.146062359 0.024868781 128.304107666
0.011444264 0.093702585 -0.995534480 -51.231063843 -0.146747023 0.984977365 0.091021955 -14.883197784 0.989107907 0.145050034 0.025022915 128.350280762
0.011062749 0.095310427 -0.995386064 -52.175872803 -0.149903014 0.984355807 0.092588216 -14.902390480 0.988638818 0.148187086 0.025177004 128.389724731
0.011522947 0.094907731 -0.995419323 -53.103584290 -0.154470325 0.983704567 0.092002615 -14.907739639 0.987930298 0.152702615 0.025995595 128.423980713
0.012228611 0.094162084 -0.995481670 -54.045238495 -0.156220481 0.983511031 0.091110744 -14.911163330 0.987646461 0.154400483 0.026737019 128.461593628
0.013003061 0.101908989 -0.994708717 -55.002521515 -0.165004596 0.981373370 0.098385796 -14.915241241 0.986207068 0.162852198 0.029576313 128.502136230
0.014523786 0.111482136 -0.993660271 -55.942966461 -0.170631707 0.979464650 0.107395455 -14.911706924 0.985227823 0.167990163 0.033247922 128.539413452
0.015958045 0.119487695 -0.992707372 -56.900932312 -0.170990646 0.978534400 0.115033045 -14.904185295 0.985143363 0.167907953 0.036046777 128.580871582
0.016474562 0.120211639 -0.992611527 -57.854038239 -0.172754660 0.978158355 0.115594029 -14.898653984 0.984827042 0.169573918 0.036881853 128.635726929
0.018426133 0.110794172 -0.993672550 -58.785167694 -0.174635962 0.978920400 0.105910972 -14.902782440 0.984460652 0.171579391 0.037386358 128.672698975
0.019677497 0.105712436 -0.994202018 -59.723087311 -0.173040941 0.979747891 0.100750692 -14.897994995 0.984718025 0.170055121 0.037571572 128.727325439
0.021652261 0.104187533 -0.994322002 -60.693725586 -0.171569839 0.980188072 0.098970458 -14.899920464 0.984934032 0.168452695 0.039098728 128.780868530
0.024776302 0.109854482 -0.993638813 -61.668525696 -0.172939107 0.979429424 0.103971295 -14.897142410 0.984620869 0.169262975 0.043264776 128.838623047
0.028344907 0.112267524 -0.993273675 -62.625740051 -0.176058933 0.978699505 0.105596073 -14.904269218 0.983971477 0.171881542 0.047506850 128.898269653
0.032189533 0.107110612 -0.993725836 -63.580543518 -0.174860761 0.979510486 0.099914171 -14.905620575 0.984066784 0.170547456 0.050259441 128.959884644
0.035325602 0.101551563 -0.994202852 -64.534698486 -0.174746126 0.980125308 0.093904614 -14.915525436 0.983979583 0.170415863 0.052369263 129.027526855
0.039142545 0.100972287 -0.994118869 -65.499946594 -0.172567502 0.980615795 0.092806093 -14.913647652 0.984219611 0.167919964 0.055808339 129.089385986
0.041080099 0.105715744 -0.993547440 -66.453567505 -0.169717476 0.980674803 0.097328782 -14.933537483 0.984636188 0.164624095 0.058228031 129.184860229
0.044692509 0.112284549 -0.992670536 -67.411888123 -0.169190794 0.980159879 0.103252053 -14.934886932 0.984569490 0.163336098 0.062803328 129.261840820
0.047267813 0.116021134 -0.992121398 -68.376739502 -0.167034209 0.980164349 0.106664814 -14.938714981 0.984817386 0.160676405 0.065709725 129.346298218
0.049361087 0.118041262 -0.991781116 -69.360839844 -0.166435659 0.980079651 0.108365051 -14.943085670 0.984816134 0.159718677 0.068024069 129.425277710
0.051734097 0.115435399 -0.991966844 -70.302841187 -0.165423527 0.980565548 0.105481297 -14.947254181 0.984864712 0.158637688 0.069824405 129.495285034
0.052251019 0.114032000 -0.992102027 -71.248611450 -0.163452283 0.981038094 0.104151778 -14.952660561 0.985166609 0.156719312 0.069899030 129.584671021
0.052642934 0.110670745 -0.992461920 -72.194580078 -0.160365865 0.981878340 0.100984290 -14.965030670 0.985652804 0.153840899 0.069436759 129.675109863
0.052440137 0.109990679 -0.992548287 -73.191207886 -0.159020573 0.982153177 0.100437060 -14.957083702 0.985881686 0.152568623 0.068995014 129.756698608
0.052196879 0.114714757 -0.992026210 -74.145065308 -0.155683249 0.982169509 0.105383456 -14.961055756 0.986426950 0.148941174 0.069125347 129.842117310
0.051748980 0.116467200 -0.991845369 -75.106918335 -0.149689525 0.982860446 0.107602164 -14.966618538 0.987377822 0.142900571 0.068295956 129.937393188
0.051060542 0.111842729 -0.992413163 -76.067283630 -0.146864161 0.983746946 0.103309743 -14.955393791 0.987837911 0.140474901 0.066656336 130.018814087
0.049608357 0.108312801 -0.992878318 -77.034286499 -0.149129003 0.983761847 0.099867150 -14.964061737 0.987572670 0.143112704 0.064955369 130.097579956
0.048245657 0.105491109 -0.993249178 -77.982734680 -0.145607367 0.984527230 0.097492084 -14.968400955 0.988165498 0.139920846 0.062859438 130.181579590
0.046858497 0.106206648 -0.993239403 -78.947921753 -0.145707667 0.984423041 0.098389812 -14.971952438 0.988217354 0.140112177 0.061603703 130.251754761
0.046317697 0.107371487 -0.993139505 -79.914054871 -0.147594795 0.984029949 0.099503152 -14.975172997 0.987962782 0.141973466 0.061425466 130.325103760
0.044988509 0.107691206 -0.993165970 -80.867980957 -0.149160266 0.983752131 0.099913776 -14.979689598 0.987789094 0.143645898 0.060320787 130.397445679
0.043759413 0.108687751 -0.993112326 -81.818946838 -0.148823768 0.983682275 0.101098090 -14.984304428 0.987895012 0.143374726 0.059220675 130.465103149
0.041568626 0.109102733 -0.993160844 -82.786415100 -0.149184749 0.983554840 0.101803347 -14.989845276 0.987935185 0.143932655 0.057161499 130.536285400
0.039891090 0.111417249 -0.992972672 -83.735519409 -0.149429336 0.983253479 0.104323603 -14.983922005 0.987967372 0.144217715 0.055872057 130.608535767
0.038386934 0.115128055 -0.992608607 -84.689590454 -0.150759801 0.982637703 0.108141266 -14.977903366 0.987824798 0.145494297 0.055077124 130.668090820
0.036221150 0.120110705 -0.992099404 -85.638427734 -0.151820481 0.981889307 0.113331661 -14.969902992 0.987744153 0.146516055 0.053800423 130.734100342
0.033972636 0.119880617 -0.992206872 -86.594917297 -0.151944831 0.981858850 0.113427848 -14.967736244 0.987804949 0.146907225 0.051571567 130.796142578
0.032978825 0.114883080 -0.992831469 -87.539581299 -0.152022779 0.982389748 0.108625107 -14.965417862 0.987826645 0.147350669 0.049862910 130.856765747
0.030591851 0.110112317 -0.993448257 -88.487449646 -0.156050757 0.982251823 0.104065962 -14.956885338 0.987275183 0.151844800 0.047232013 130.916839600
0.029328192 0.108124144 -0.993704736 -89.430641174 -0.154059455 0.982742667 0.102384485 -14.957073212 0.987626255 0.150086820 0.045479614 130.982330322
0.028896034 0.109165147 -0.993603528 -90.396110535 -0.149336740 0.983334184 0.103693850 -14.959763527 0.988364041 0.145385191 0.044716820 131.036148071
0.028384855 0.110578425 -0.993461967 -91.345306396 -0.146319076 0.983616889 0.105302021 -14.959643364 0.988830149 0.142373443 0.044099554 131.097122192
0.027138205 0.110445149 -0.993511617 -92.297874451 -0.141081020 0.984352708 0.105573326 -14.963571548 0.989626050 0.137300551 0.042295285 131.164443970
0.025783369 0.107637294 -0.993855774 -93.239646912 -0.137010038 0.985185087 0.103143804 -14.968092918 0.990234077 0.133508846 0.040148780 131.229278564
0.025051914 0.104633436 -0.994195223 -94.186744690 -0.131791830 0.986172915 0.100468218 -14.973975182 0.990960836 0.128509894 0.038495354 131.291122437
0.023407044 0.107381612 -0.993942320 -95.163215637 -0.130203381 0.986074030 0.103465296 -14.982517242 0.991211116 0.126992807 0.037062522 131.346633911
0.021951899 0.109637648 -0.993729234 -96.111824036 -0.129593670 0.985894799 0.105910517 -14.980725288 0.991324186 0.126456067 0.035850611 131.404586792
0.020698993 0.107687831 -0.993969321 -97.069297791 -0.125473738 0.986601651 0.104276679 -14.980113983 0.991880953 0.122558609 0.033933654 131.453460693
0.018812705 0.104634672 -0.994332850 -98.018524170 -0.122512348 0.987255752 0.101572029 -14.981156349 0.992288768 0.119907163 0.031391986 131.502502441
0.015112786 0.102052011 -0.994664252 -98.986175537 -0.121225081 0.987626731 0.099488072 -14.979252815 0.992510021 0.119074710 0.027297053 131.556365967
0.012437978 0.101098306 -0.994798720 -99.940628052 -0.115703881 0.988338232 0.098995112 -14.989210129 0.993205845 0.113870770 0.023990393 131.605728149
0.010080187 0.100851990 -0.994850457 -100.900360107 -0.108782880 0.989106715 0.099167511 -14.982473373 0.994014442 0.107223064 0.020941351 131.650680542
0.007631267 0.108437620 -0.994073927 -101.863998413 -0.098712087 0.989329159 0.107162252 -14.978997231 0.995086789 0.097309329 0.018253941 131.713165283
0.004842136 0.116662964 -0.993159652 -102.822105408 -0.090643942 0.989134014 0.115748130 -14.977562904 0.995871603 0.089463443 0.015364311 131.769454956
0.002081552 0.116255835 -0.993217111 -103.776435852 -0.086522512 0.989515543 0.115641221 -14.973291397 0.996247709 0.085694917 0.012118474 131.814422607
-0.000612742 0.105976902 -0.994368374 -104.726531982 -0.087128565 0.990581393 0.105626971 -14.972434044 0.996196985 0.086702608 0.008626644 131.848083496
-0.002671171 0.096786439 -0.995301545 -105.674339294 -0.089011118 0.991331339 0.096639246 -14.973661423 0.996026993 0.088851050 0.005967054 131.884109497
-0.002860918 0.098062843 -0.995176077 -106.636375427 -0.096259981 0.990531683 0.097881936 -14.974717140 0.995352149 0.096075661 0.006605698 131.900833130
-0.003989066 0.107930139 -0.994150400 -107.592567444 -0.100031346 0.989128768 0.107786328 -14.970520020 0.994976223 0.099876180 0.006850698 131.938995361
-0.005369472 0.119335242 -0.992839515 -108.556221008 -0.104083784 0.987394392 0.119243652 -14.960118294 0.994554043 0.103978775 0.007119077 131.966415405
-0.006790444 0.120995060 -0.992629886 -109.504936218 -0.110933192 0.986434460 0.120998777 -14.949000359 0.993804574 0.110937253 0.006724040 131.995391846
-0.006872305 0.117417015 -0.993058920 -110.480529785 -0.117790341 0.986073613 0.117406242 -14.928731918 0.993014693 0.117779613 0.007053992 132.018554688
-0.007132481 0.113653645 -0.993494809 -111.434371948 -0.126074746 0.985489964 0.113643028 -14.919425964 0.991995156 0.126065150 0.007299867 132.042236328
-0.004494723 0.115539946 -0.993292630 -112.400901794 -0.130683944 0.984716117 0.115133673 -14.900565147 0.991413832 0.130324915 0.010673190 132.061447144
-0.003456272 0.116633020 -0.993169069 -113.385604858 -0.138450384 0.983554184 0.115985706 -14.883436203 0.990363359 0.137905508 0.012748456 132.089675903
-0.002760007 0.119025946 -0.992887378 -114.350921631 -0.147585616 0.981969714 0.118127398 -14.866314888 0.989045441 0.146861911 0.014856273 132.108703613
-0.002377316 0.122094318 -0.992515683 -115.327102661 -0.153622583 0.980692267 0.121007837 -14.851422310 0.988126695 0.152760476 0.016425030 132.131500244
-0.002420627 0.121061318 -0.992642105 -116.300514221 -0.157206297 0.980256021 0.119934089 -14.840909958 0.987562835 0.156339884 0.016658770 132.176452637
-0.000514494 0.111530244 -0.993760884 -117.257385254 -0.156300679 0.981538236 0.110239394 -14.843746185 0.987709343 0.155382246 0.016927257 132.205535889
0.000411878 0.099924438 -0.994994938 -118.205688477 -0.159280300 0.982298851 0.098583475 -14.836704254 0.987233341 0.158442453 0.016320581 132.246307373
