1.000000000 0.000000000 0.000000000 0.000000000 0.000000000 1.000000000 0.000000000 0.000000000 0.000000000 0.000000000 1.000000000 0.000000000
0.999997854 -0.001566883 -0.001334807 0.048710551 0.001564055 0.999996543 -0.002116568 -0.132959679 0.001338119 0.002114475 0.999996841 1.297812104
0.999997854 0.000047956 -0.002077551 0.103248715 -0.000060964 0.999980390 -0.006261608 -0.269010186 0.002077210 0.006261721 0.999978185 2.605080605
0.999995947 0.002526914 -0.001312262 0.147892639 -0.002537099 0.999966204 -0.007818100 -0.406829685 0.001292462 0.007821398 0.999968588 3.910212278
0.999983311 0.005782124 0.000279302 0.192302436 -0.005780186 0.999962211 -0.006501422 -0.545851469 -0.000316883 0.006499699 0.999978840 5.221166134
0.999974608 0.006693038 0.002437126 0.241646409 -0.006685342 0.999972641 -0.003152794 -0.691985011 -0.002458162 0.003136421 0.999992013 6.538739681
0.999960423 0.006866200 0.005648641 0.299499810 -0.006855477 0.999974668 -0.001915646 -0.828661799 -0.005661650 0.001876846 0.999982238 7.841751099
0.999943316 0.005428813 0.009157045 0.354741067 -0.005412731 0.999983788 -0.001780195 -0.962746382 -0.009166562 0.001730529 0.999956429 9.152022362
0.999913633 0.004157392 0.012461483 0.432417095 -0.004136910 0.999990046 -0.001668990 -1.099681139 -0.012468299 0.001617294 0.999921024 10.451455116
0.999871969 0.002786767 0.015756125 0.497956574 -0.002751008 0.999993563 -0.002290757 -1.238327980 -0.015762409 0.002247119 0.999873161 11.762911797
0.999815822 0.001677707 0.019116892 0.574321270 -0.001617366 0.999993622 -0.003171461 -1.373536706 -0.019122092 0.003139958 0.999812186 13.058066368
0.999743938 0.001754156 0.022556679 0.642298222 -0.001683205 0.999993563 -0.003164028 -1.520996928 -0.022562079 0.003125251 0.999740541 14.379656792
0.999660671 0.001609433 0.025996787 0.724610150 -0.001497025 0.999989450 -0.004342825 -1.658309937 -0.026003504 0.004302434 0.999652565 15.678411484
0.999568403 0.002831180 0.029238265 0.803560257 -0.002710598 0.999987602 -0.004162918 -1.796487570 -0.029249689 0.004081868 0.999563813 16.984500885
0.999469817 0.002418114 0.032469898 0.893231988 -0.002300073 0.999990642 -0.003672246 -1.936130166 -0.032478474 0.003595616 0.999466002 18.271175385
0.999399006 0.000880638 0.034653381 0.995755911 -0.000764600 0.999993980 -0.003361648 -2.080107927 -0.034656137 0.003333132 0.999393702 19.575607300
0.999339342 -0.001531547 0.036311239 1.093865633 0.001702957 0.999987543 -0.004690115 -2.219954014 -0.036303602 0.004748853 0.999329567 20.850053787
0.999302208 -0.001252893 0.037328478 1.194473267 0.001492225 0.999978483 -0.006384337 -2.363660812 -0.037319679 0.006435584 0.999282777 22.162675858
0.999249160 -0.001118213 0.038730931 1.274996638 0.001470290 0.999957800 -0.009063037 -2.506674767 -0.038719162 0.009113178 0.999208570 23.448472977
0.999213219 -0.000832838 0.039652232 1.379411936 0.001245590 0.999945283 -0.010385738 -2.651534081 -0.039641406 0.010426958 0.999159575 24.736423492
0.999170184 -0.000220511 0.040729538 1.480216026 0.000664932 0.999940395 -0.010898297 -2.799253702 -0.040724717 0.010916336 0.999110758 26.006187439
0.999155641 -0.001892030 0.041040525 1.581618786 0.002304044 0.999947429 -0.009994239 -2.943662643 -0.041019458 0.010080358 0.999107599 27.301979065
0.999153554 -0.004839754 0.040850949 1.685955286 0.005205332 0.999947369 -0.008847454 -3.091099977 -0.040805973 0.009052608 0.999126077 28.580698013
0.999177158 -0.006329671 0.040061500 1.783509254 0.006708682 0.999933958 -0.009333337 -3.236288309 -0.039999779 0.009594414 0.999153614 29.872711182
0.999196351 -0.007853492 0.039305173 1.888022661 0.008326263 0.999894738 -0.011878994 -3.382478714 -0.039207753 0.012196712 0.999156654 31.139919281
0.999229908 -0.008166878 0.038378224 1.999196768 0.008632464 0.999890983 -0.011981516 -3.532171249 -0.038276184 0.012303587 0.999191403 32.434020996
0.999239743 -0.008856292 0.037968814 2.094263554 0.009329696 0.999880672 -0.012309222 -3.675371647 -0.037855275 0.012654101 0.999203146 33.699356079
0.999262154 -0.009363641 0.037247106 2.196526766 0.009831935 0.999874651 -0.012409434 -3.819921494 -0.037126236 0.012766487 0.999229014 34.968898773
0.999276936 -0.009912349 0.036705591 2.290537596 0.010389728 0.999863625 -0.012837808 -3.965050697 -0.036573324 0.013209885 0.999243617 36.230396271
0.999314487 -0.010583028 0.035476781 2.401712894 0.011050905 0.999854147 -0.013018236 -4.121240616 -0.035333835 0.013401362 0.999285698 37.515975952
0.999311566 -0.010217385 0.035665143 2.492591381 0.010620259 0.999881685 -0.011124873 -4.267181396 -0.035547253 0.011495986 0.999301851 38.773231506
0.999276936 -0.010138233 0.036644697 2.595678806 0.010520485 0.999892235 -0.010253584 -4.404231071 -0.036536779 0.010631690 0.999275684 40.051780701
0.999193490 -0.011935917 0.038338002 2.703131914 0.012269544 0.999888778 -0.008478787 -4.548738480 -0.038232539 0.008942338 0.999228835 41.299297333
0.999090970 -0.012945300 0.040615831 2.806710958 0.013353324 0.999862790 -0.009790721 -4.691253185 -0.040483512 0.010324176 0.999126852 42.566684723
0.998965681 -0.014341775 0.043151144 2.901488781 0.014910562 0.999805748 -0.012888422 -4.838706493 -0.042957924 0.013518499 0.998985350 43.818317413
0.998882115 -0.015341708 0.044713899 3.019770145 0.015978875 0.999775290 -0.013927382 -4.987957001 -0.044490200 0.014626288 0.998902678 45.082790375
0.998754621 -0.015577544 0.047396153 3.146111250 0.016195703 0.999788404 -0.012686455 -5.122167587 -0.047188502 0.013438269 0.998795629 46.321800232
0.998563826 -0.016921761 0.050833020 3.253495216 0.017416056 0.999805093 -0.009296699 -5.275383472 -0.050665788 0.010168659 0.998663902 47.576717377
0.998300195 -0.020129405 0.054695357 3.370566130 0.020564782 0.999761045 -0.007408854 -5.412423134 -0.054533154 0.008521060 0.998475552 48.806076050
0.998069406 -0.021973701 0.058090266 3.506179094 0.022464518 0.999717057 -0.007809643 -5.553156376 -0.057902228 0.009099536 0.998280704 50.061550140
0.997786462 -0.025348321 0.061478913 3.646306515 0.026103793 0.999592900 -0.011516295 -5.687494278 -0.061161973 0.013095636 0.998041868 51.285541534
0.997514606 -0.026526993 0.065275498 3.783632994 0.027353298 0.999556184 -0.011797611 -5.821405888 -0.064933591 0.013553791 0.997797549 52.521553040
0.997164607 -0.029044054 0.069419049 3.909526348 0.029758021 0.999514043 -0.009272753 -5.960863113 -0.069116004 0.011312234 0.997544467 53.742000580
0.996883810 -0.031801745 0.072189212 4.066782475 0.032312218 0.999460280 -0.005914182 -6.095686913 -0.071962170 0.008228344 0.997373402 54.954334259
0.996652722 -0.034241378 0.074235067 4.218867302 0.034660518 0.999389589 -0.004364826 -6.224478722 -0.074040286 0.006923241 0.997231185 56.166809082
0.996436834 -0.037494786 0.075549580 4.366683483 0.037687775 0.999288857 -0.001129921 -6.350860119 -0.075453497 0.003973190 0.997141421 57.385086060
0.996294200 -0.040607065 0.075821459 4.521565437 0.040696841 0.999171495 0.000361334 -6.477780342 -0.075773314 0.002725698 0.997121394 58.583835602
0.996238232 -0.042532127 0.075501345 4.665618420 0.042882130 0.999075592 -0.003019785 -6.599559784 -0.075303108 0.006246082 0.997141063 59.793884277
0.996242642 -0.043687515 0.074779928 4.812265873 0.044349160 0.998990119 -0.007209597 -6.728989601 -0.074389443 0.010498934 0.997173965 60.980690002
0.996263325 -0.044934671 0.073758222 4.944311142 0.045888744 0.998882711 -0.011291052 -6.856517792 -0.073168442 0.014633532 0.997212231 62.187187195
0.996313989 -0.046396546 0.072150722 5.088963032 0.047514617 0.998774469 -0.013856992 -6.988054752 -0.071419373 0.017234130 0.997297525 63.376728058
0.996420026 -0.046994999 0.070274346 5.221516132 0.048084319 0.998746693 -0.013889621 -7.123980999 -0.069533519 0.017218992 0.997430980 64.570297241
0.996634007 -0.046483163 0.067526750 5.352819443 0.047474019 0.998785973 -0.013142911 -7.260903358 -0.066833854 0.016304441 0.997630835 65.746467590
0.996892333 -0.045464277 0.064332679 5.476264954 0.046265889 0.998868287 -0.011025360 -7.405020714 -0.063758619 0.013967504 0.997867584 66.946640015
0.997280300 -0.041713376 0.060762089 5.595939636 0.042241439 0.999079645 -0.007431653 -7.534737587 -0.060396168 0.009978119 0.998124540 68.120750427
0.997493386 -0.039861359 0.058464102 5.700657845 0.040228449 0.999177396 -0.005114946 -7.658840179 -0.058212142 0.007454047 0.998276353 69.284904480
0.997771382 -0.038883626 0.054227415 5.833007812 0.039368641 0.999193490 -0.007904259 -7.808319569 -0.053876333 0.010021502 0.998497307 70.499168396
0.997948527 -0.039173622 0.050638046 5.942041397 0.039966695 0.999092221 -0.014744760 -7.936223030 -0.050014473 0.016738346 0.998608172 71.657768250
0.997993946 -0.042483784 0.046937659 6.051242352 0.043359540 0.998900950 -0.017799484 -8.074553490 -0.046129890 0.019798970 0.998739243 72.845123291
0.998000920 -0.045670286 0.043685827 6.149077415 0.046278436 0.998843789 -0.013012050 -8.208651543 -0.043041065 0.015007749 0.998960555 74.012786865
0.998002648 -0.049984902 0.038628042 6.262784004 0.050344151 0.998696685 -0.008383503 -8.333641052 -0.038158644 0.010311452 0.999218464 75.187400818
0.998074949 -0.051943049 0.033887140 6.360846519 0.052171379 0.998620749 -0.005888110 -8.451608658 -0.033534553 0.007644713 0.999408245 76.362457275
0.998251975 -0.050841521 0.030137511 6.441425800 0.050966647 0.998694539 -0.003397772 -8.580414772 -0.029925421 0.004927841 0.999539912 77.519767761
0.998408318 -0.050252169 0.025604552 6.543052673 0.050364282 0.998723805 -0.003752567 -8.694829941 -0.025383303 0.005036148 0.999665082 78.697105408
0.998549998 -0.048973251 0.022350410 6.622727394 0.049100164 0.998780429 -0.005165352 -8.823161125 -0.022070192 0.006255271 0.999736845 79.841156006
0.998714805 -0.046759646 0.019555800 6.687843323 0.046970032 0.998841703 -0.010441227 -8.953609467 -0.019044921 0.011346344 0.999754250 80.999015808
0.998622835 -0.049819313 0.016447615 6.754052162 0.050063241 0.998636842 -0.014767527 -9.101872444 -0.015689485 0.015570609 0.999755621 82.156387329
0.998479903 -0.053665288 0.012564860 6.826217651 0.053859685 0.998425364 -0.015680932 -9.228740692 -0.011703553 0.016333839 0.999798119 83.280792236
0.998507321 -0.053979494 0.008338777 6.903866768 0.054082267 0.998456478 -0.012633629 -9.355043411 -0.007643951 0.013065750 0.999885499 84.460441589
0.998504400 -0.054322541 0.006165180 6.943470955 0.054383941 0.998467267 -0.010269892 -9.485157013 -0.005597843 0.010589820 0.999928236 85.583557129
0.998614669 -0.052277680 0.005978817 6.989144325 0.052347127 0.998555362 -0.012115582 -9.608782768 -0.005336806 0.012411773 0.999908626 86.710510254
0.998800457 -0.048627269 0.005758441 7.038816452 0.048708670 0.998701036 -0.014957733 -9.739925385 -0.005023608 0.015220277 0.999871492 87.821861267
0.998855770 -0.047677174 0.003749098 7.102860451 0.047734980 0.998711228 -0.017237518 -9.875758171 -0.002922431 0.017396756 0.999844372 88.934898376
0.998789489 -0.049099490 0.002982629 7.152152061 0.049145110 0.998631716 -0.017873824 -10.006607056 -0.002100952 0.017998768 0.999835789 90.047363281
0.998752296 -0.049911886 0.001619122 7.207833290 0.049931429 0.998624563 -0.015995637 -10.133470535 -0.000818522 0.016056525 0.999870718 91.150070190
0.998707414 -0.050815638 0.001119414 7.252284050 0.050825763 0.998627007 -0.012681730 -10.264401436 -0.000473447 0.012722234 0.999918938 92.312835693
0.998757482 -0.049831167 0.000474208 7.303734779 0.049833294 0.998687685 -0.011810957 -10.390813828 0.000114969 0.011819914 0.999930084 93.419555664
0.998707771 -0.050816931 0.000610536 7.349501133 0.050820500 0.998609722 -0.014000260 -10.521841049 0.000101763 0.014013194 0.999901772 94.538719177
0.998699307 -0.050985433 0.000213035 7.405493259 0.050981157 0.998541474 -0.017772542 -10.656768799 0.000693416 0.017760288 0.999841988 95.654121399
0.998671770 -0.051522981 -0.000000264 7.456297874 0.051513825 0.998494685 -0.018835250 -10.786133766 0.000970711 0.018810222 0.999822617 96.745788574
0.998644948 -0.052040651 0.000161950 7.501469135 0.052035574 0.998493493 -0.017413110 -10.915604591 0.000744483 0.017397944 0.999848366 97.834396362
0.998658299 -0.051778249 0.000785229 7.557090282 0.051784009 0.998580813 -0.012443068 -11.033843040 -0.000139834 0.012467033 0.999922276 98.919158936
0.998746514 -0.050015744 0.001951581 7.607024193 0.050031330 0.998707294 -0.008978318 -11.154833794 -0.001500000 0.009064705 0.999957740 99.985992432
0.998829246 -0.048197288 0.004137753 7.650034428 0.048233058 0.998795211 -0.009029920 -11.276060104 -0.003697551 0.009218925 0.999950588 101.052360535
0.998909056 -0.046201833 0.006775331 7.692703724 0.046274219 0.998868763 -0.010947421 -11.396235466 -0.006261875 0.011249003 0.999917090 102.087722778
0.998867810 -0.046723142 0.008941850 7.750831604 0.046837900 0.998816788 -0.013085716 -11.519918442 -0.008319862 0.013489719 0.999874413 103.109962463
0.998790205 -0.047884468 0.011191764 7.792954445 0.048037317 0.998750031 -0.013813361 -11.639351845 -0.010516328 0.014334273 0.999841869 104.126754761
0.998673141 -0.049861766 0.012878524 7.856118202 0.050029315 0.998662710 -0.013033165 -11.753057480 -0.012211444 0.013660178 0.999832034 105.109207153
0.998649597 -0.049720995 0.015056978 7.907132149 0.049898982 0.998685896 -0.011685619 -11.871469498 -0.014456171 0.012421167 0.999818325 106.088607788
0.998576164 -0.050981488 0.015695957 7.985414505 0.051142767 0.998640776 -0.010051192 -11.982431412 -0.015162199 0.010839613 0.999826431 107.037269592
0.998516142 -0.051540498 0.017581301 8.043876648 0.051732056 0.998604596 -0.010619879 -12.088137627 -0.017009415 0.011513636 0.999789059 107.956161499
0.998491287 -0.051396456 0.019327208 8.102886200 0.051571742 0.998631537 -0.008682734 -12.189505577 -0.018854499 0.009666375 0.999775529 108.864227295
0.998492599 -0.050628431 0.021192003 8.162815094 0.050777975 0.998688340 -0.006578939 -12.286869049 -0.020831121 0.007645110 0.999753833 109.736679077
0.998469353 -0.050620515 0.022281546 8.224269867 0.050708652 0.998707652 -0.003407938 -12.388681412 -0.022080243 0.004532589 0.999745905 110.594238281
0.998415530 -0.050935514 0.023914402 8.283584595 0.051019941 0.998693347 -0.002933227 -12.483434677 -0.023733746 0.004148690 0.999709725 111.421073914
0.998440087 -0.049949173 0.024950445 8.338143349 0.050024416 0.998745084 -0.002400622 -12.571850777 -0.024799224 0.003645009 0.999685824 112.232849121
0.998540461 -0.047618710 0.025484519 8.390354156 0.047689855 0.998859763 -0.002190598 -12.651351929 -0.025351144 0.003402754 0.999672890 113.013908386
0.998668492 -0.045206875 0.024852263 8.435933113 0.045194428 0.998977661 0.001062425 -12.729567528 -0.024874877 0.000062173 0.999690652 113.768806458
0.998747051 -0.044941787 0.022013683 8.479869843 0.044908717 0.998989105 0.001994644 -12.813307762 -0.022081075 -0.001003538 0.999755621 114.512557983
0.998866320 -0.044995416 0.015538096 8.516782761 0.044967439 0.998986125 0.002145518 -12.887253761 -0.015618881 -0.001444377 0.999877036 115.210365295
0.999059021 -0.043075874 0.005050333 8.546452522 0.043071765 0.999071538 0.000919872 -12.961103439 -0.005085273 -0.000701479 0.999986887 115.882003784
0.999138534 -0.040599797 -0.008595088 8.545028687 0.040585652 0.999174476 -0.001814339 -13.029869080 0.008661652 0.001463939 0.999961436 116.517120361
0.998844981 -0.039136283 -0.027874928 8.545737267 0.039029785 0.999228656 -0.004354661 -13.099286079 0.028023845 0.003261679 0.999602079 117.148857117
0.998039603 -0.037467323 -0.050129674 8.511131287 0.037184380 0.999286830 -0.006565345 -13.168794632 0.050339911 0.004688435 0.998721123 117.737060547
0.996307671 -0.036023296 -0.077932090 8.471098900 0.035471581 0.999334931 -0.008452646 -13.235736847 0.078184754 0.005657062 0.996922851 118.306182861
0.993329287 -0.033996649 -0.110185862 8.401124001 0.033072464 0.999400854 -0.010204788 -13.305047989 0.110466778 0.006492598 0.993858635 118.849945068
0.988993764 -0.029020764 -0.145083293 8.284156799 0.027620658 0.999550521 -0.011655796 -13.372060776 0.145356357 0.007520214 0.989350855 119.396766663
0.982674181 -0.023234461 -0.183879346 8.186582565 0.021523716 0.999704540 -0.011294331 -13.425596237 0.184087470 0.007140880 0.982883930 119.898223877
0.974088371 -0.017745670 -0.225470811 8.046285629 0.016032642 0.999827027 -0.009426460 -13.482122421 0.225599110 0.005567311 0.974204361 120.402351379
0.962768257 -0.013098150 -0.270010710 7.871013641 0.011465729 0.999905169 -0.007622170 -13.542087555 0.270084977 0.004242513 0.962827206 120.896041870
0.948555112 -0.006900702 -0.316536665 7.679698944 0.004523193 0.999955833 -0.008245166 -13.596997261 0.316579580 0.006389238 0.948544443 121.357986450
0.930909991 0.000785638 -0.365247786 7.457672119 -0.004414164 0.999948800 -0.009099552 -13.654567719 0.365222037 0.010083128 0.930865884 121.841354370
0.909872174 0.005594661 -0.414850920 7.199314117 -0.010576788 0.999896884 -0.009712985 -13.708921432 0.414753824 0.013225365 0.909837544 122.268409729
0.884754539 0.009800008 -0.465954244 6.931697845 -0.015653281 0.999839604 -0.008693710 -13.759574890 0.465794384 0.014985511 0.884766042 122.681816101
0.855366945 0.012559288 -0.517870247 6.650566101 -0.019878127 0.999765515 -0.008586601 -13.800544739 0.517641068 0.017638985 0.855416000 123.087890625
0.824205697 0.022713786 -0.565834701 6.320487976 -0.030831084 0.999513149 -0.004786606 -13.856691360 0.565450549 0.021390447 0.824504733 123.445266724
0.790265620 0.035850901 -0.611714780 5.965328217 -0.044035673 0.999028683 0.001661222 -13.896930695 0.611180067 0.025624469 0.791076660 123.803833008
0.754253805 0.044559918 -0.655069232 5.609840393 -0.055254165 0.998463035 0.004298421 -13.937623024 0.654253840 0.032953203 0.755556643 124.119293213
0.714453042 0.048381332 -0.698008657 5.238822937 -0.062396199 0.998037338 0.005311137 -13.983342171 0.696895719 0.039758522 0.716069579 124.417495728
0.672015905 0.050200894 -0.738833308 4.862068176 -0.065305561 0.997829914 0.008399174 -14.030004501 0.737651587 0.042605538 0.673835874 124.697937012
0.628058195 0.053568494 -0.776320398 4.454387665 -0.068264939 0.997574508 0.013608044 -14.065234184 0.775166333 0.044448823 0.630191624 124.970893860
0.582825482 0.062394042 -0.810198307 4.031105042 -0.079423234 0.996647835 0.019618656 -14.098925591 0.808706582 0.052914321 0.585827410 125.201416016
0.537500799 0.071042627 -0.840265334 3.585174561 -0.090968966 0.995514810 0.025977634 -14.121057510 0.838342249 0.062475059 0.541552544 125.408554077
0.489949644 0.076188922 -0.868414998 3.136936188 -0.096378118 0.994800806 0.032901768 -14.151494980 0.866406679 0.067575991 0.494745195 125.616073608
0.443372488 0.077051856 -0.893019497 2.666648865 -0.095664456 0.994675457 0.038326833 -14.171030045 0.891217709 0.068437144 0.448382914 125.789596558
0.396456838 0.078715317 -0.914672494 2.193824768 -0.093348622 0.994610012 0.045133449 -14.191753387 0.913295090 0.067489959 0.401667893 125.956413269
0.350284517 0.081542045 -0.933087111 1.701992035 -0.094881758 0.994167924 0.051260874 -14.214351654 0.931825221 0.070577055 0.355978519 126.106384277
0.306098700 0.084813818 -0.948214233 1.197212219 -0.100201905 0.993361354 0.056505252 -14.236051559 0.946711779 0.077716686 0.312565148 126.227874756
0.265108645 0.086559825 -0.960325360 0.671836853 -0.105253130 0.992608607 0.060413398 -14.252014160 0.958456576 0.085061148 0.272259891 126.327354431
0.226050615 0.083104588 -0.970564127 0.147262573 -0.105697021 0.992564142 0.060370807 -14.268299103 0.968364120 0.088938892 0.233153641 126.422386169
0.191526115 0.077724986 -0.978405118 -0.392923355 -0.100586988 0.993165016 0.059207283 -14.284174919 0.976319611 0.087075077 0.198035181 126.510406494
0.161074996 0.072980210 -0.984240115 -0.946147919 -0.098102085 0.993507266 0.057612531 -14.305744171 0.982054412 0.087276079 0.167188749 126.587806702
0.133850798 0.071464278 -0.988421381 -1.505203247 -0.098807454 0.993388891 0.058443051 -14.329411507 0.986063421 0.089840747 0.140027091 126.669136047
0.111636162 0.070679337 -0.991232455 -2.086503029 -0.099921338 0.993210673 0.059566885 -14.345656395 0.988712788 0.092395455 0.117940620 126.734283447
0.093487315 0.072000995 -0.993013561 -2.694777489 -0.102294482 0.992797852 0.062354837 -14.358001709 0.990351439 0.095750421 0.100179315 126.779914856
0.077128410 0.070322432 -0.994538128 -3.300436020 -0.103246979 0.992709875 0.062186155 -14.383144379 0.991660893 0.097886726 0.083826743 126.832351685
0.063676260 0.069376767 -0.995556176 -3.922595978 -0.102665439 0.992743313 0.062614210 -14.409006119 0.992675781 0.098222166 0.070336759 126.873565674
0.050922375 0.066742815 -0.996469915 -4.562540054 -0.096978322 0.993379653 0.061579969 -14.432414055 0.993982971 0.093500182 0.057057854 126.933792114
0.038754921 0.064132541 -0.997188628 -5.210062981 -0.094676405 0.993684530 0.060227677 -14.450773239 0.994753420 0.092076100 0.044582006 126.976280212
0.027982144 0.063705593 -0.997576356 -5.868894577 -0.094149917 0.993698776 0.060817048 -14.471664429 0.995164692 0.092219956 0.033803694 127.010406494
0.019135889 0.065169029 -0.997690737 -6.540747166 -0.097696476 0.993219972 0.063003168 -14.493831635 0.995032310 0.096265256 0.025372926 127.018402100
0.010475712 0.064670652 -0.997851670 -7.236559868 -0.100313134 0.992940307 0.063299231 -14.518452644 0.994900763 0.099434540 0.016889073 127.040641785
0.003977179 0.064157978 -0.997931838 -7.923872471 -0.103044100 0.992653668 0.063407958 -14.540144920 0.994668841 0.102578789 0.010559060 127.058616638
-0.001405086 0.065520309 -0.997850239 -8.619670868 -0.103515208 0.992481112 0.065313511 -14.561756134 0.994626820 0.103384443 0.005387827 127.074256897
-0.004842338 0.067604072 -0.997700334 -9.340291023 -0.105261758 0.992134809 0.067737818 -14.579497337 0.994432747 0.105347708 0.002311870 127.094490051
-0.005764870 0.071148023 -0.997449100 -10.059284210 -0.107699014 0.991619587 0.071354680 -14.600133896 0.994166732 0.107835636 0.001946015 127.106994629
-0.006697797 0.074595273 -0.997191370 -10.792243958 -0.110312976 0.991072357 0.074878462 -14.615242004 0.993874252 0.110504687 0.001590825 127.115974426
-0.008182394 0.080295384 -0.996737480 -11.519951820 -0.115224496 0.990055859 0.080702990 -14.628434181 0.993305743 0.115508944 0.001150968 127.130874634
-0.009423010 0.083729468 -0.996443987 -12.257795334 -0.118065588 0.989424765 0.084256165 -14.640307426 0.992961168 0.118439674 0.000562211 127.147613525
-0.011069735 0.084462069 -0.996365309 -13.002509117 -0.117235228 0.989444673 0.085177906 -14.658251762 0.993042529 0.117752008 -0.001050958 127.165161133
-0.011902792 0.081018075 -0.996641576 -13.771753311 -0.115772597 0.989897370 0.081852503 -14.675057411 0.993204415 0.116358049 -0.002402870 127.177841187
-0.013733555 0.077679284 -0.996883810 -14.523081779 -0.119535647 0.989700556 0.078766331 -14.681800842 0.992734849 0.120244898 -0.004306662 127.191398621
-0.014667320 0.079518162 -0.996725559 -15.296221733 -0.124293007 0.988956273 0.080727369 -14.692594528 0.992137134 0.125070095 -0.004621786 127.188980103
-0.016138067 0.082596086 -0.996452451 -16.072555542 -0.121564150 0.989027083 0.083949372 -14.706633568 0.992452383 0.122487664 -0.005920266 127.204269409
-0.018355792 0.082748160 -0.996401429 -16.849407196 -0.120528966 0.989118576 0.084363721 -14.722700119 0.992540121 0.121643797 -0.008182507 127.217567444
-0.019065574 0.082376406 -0.996418893 -17.636024475 -0.123664714 0.988753140 0.084108867 -14.734670639 0.992140949 0.124825425 -0.008664094 127.217765808
-0.020076584 0.081578776 -0.996464670 -18.429246902 -0.127422556 0.988329172 0.083480023 -14.743968010 0.991645277 0.128648058 -0.009447297 127.230484009
-0.021348711 0.085736312 -0.996089160 -19.226415634 -0.129326180 0.987708569 0.087786764 -14.749132156 0.991372287 0.130694538 -0.009998354 127.238906860
-0.022209253 0.090685688 -0.995631933 -20.029043198 -0.128636256 0.987340271 0.092799909 -14.763169289 0.991443098 0.130135387 -0.010262622 127.255172729
-0.020969421 0.093242019 -0.995422602 -20.854572296 -0.129482657 0.987002969 0.095181003 -14.771673203 0.991359890 0.130885869 -0.008623658 127.264564514
-0.019230850 0.092217125 -0.995553136 -21.672721863 -0.128852516 0.987205029 0.093932852 -14.779612541 0.991477311 0.130085960 -0.007102384 127.276542664
-0.018202817 0.092423931 -0.995553315 -22.504680634 -0.128839344 0.987199903 0.094004147 -14.785717964 0.991498470 0.129977569 -0.006061982 127.289215088
-0.018015197 0.091046222 -0.995683670 -23.332935333 -0.127021775 0.987567782 0.092602342 -14.786469460 0.991736293 0.128141806 -0.006226375 127.310195923
-0.017137527 0.093140535 -0.995505452 -24.170574188 -0.127961516 0.987259924 0.094571903 -14.793769836 0.991631031 0.129007131 -0.005000786 127.328544617
-0.016712325 0.095120341 -0.995325506 -25.009788513 -0.129617646 0.986858368 0.096487537 -14.794485092 0.991423190 0.130624279 -0.004163428 127.346778870
-0.016625607 0.097452968 -0.995101273 -25.875719070 -0.132297799 0.986273825 0.098798819 -14.792304993 0.991070688 0.133292273 -0.003504594 127.358413696
-0.014901596 0.098534122 -0.995022058 -26.739091873 -0.134468153 0.985895216 0.099644132 -14.789023399 0.990805924 0.135283619 -0.001441710 127.369186401
-0.013251213 0.101837344 -0.994712889 -27.609058380 -0.141325757 0.984622955 0.102687053 -14.790726662 0.989874542 0.141939253 0.001344792 127.384590149
-0.010910608 0.105461076 -0.994363606 -28.490562439 -0.145862967 0.983618200 0.105921879 -14.783380508 0.989244580 0.146196514 0.004650991 127.398452759
-0.008760286 0.107359774 -0.994181573 -29.365310669 -0.148422271 0.983067334 0.107467391 -14.778493881 0.988885283 0.148500115 0.007322626 127.428222656
-0.004905220 0.108154245 -0.994121969 -30.264650345 -0.147283673 0.983213782 0.107694231 -14.779455185 0.989082038 0.146946236 0.011106475 127.448982239
-0.002191979 0.108048171 -0.994143188 -31.156816483 -0.149887249 0.982879341 0.107154436 -14.772785187 0.988700509 0.149244264 0.014040593 127.476608276
0.000348208 0.111919172 -0.993717134 -32.058322906 -0.150284529 0.982437313 0.110596076 -14.764941216 0.988642693 0.149301782 0.017161809 127.505256653
0.002558486 0.113766477 -0.993504226 -32.971042633 -0.149101064 0.982445359 0.112116165 -14.759510994 0.988818645 0.147845685 0.019476272 127.548492432
0.004359387 0.114892654 -0.993368447 -33.863456726 -0.149613351 0.982271671 0.112952642 -14.755203247 0.988734961 0.148128733 0.021471575 127.589347839
0.006922145 0.113101922 -0.993559361 -34.767364502 -0.151025429 0.982304275 0.110768504 -14.748212814 0.988505602 0.149285957 0.023880919 127.619865417
0.007293595 0.114455082 -0.993401647 -35.678691864 -0.155520365 0.981470048 0.111938506 -14.738760948 0.987805784 0.153677762 0.024958542 127.660469055
0.008457249 0.115083180 -0.993319869 -36.573253632 -0.156302914 0.981297433 0.112359516 -14.733844757 0.987672985 0.154308498 0.026286913 127.696792603
0.008781556 0.111810781 -0.993690789 -37.469932556 -0.157001331 0.981558383 0.109058179 -14.731929779 0.987559378 0.155053049 0.026174054 127.730125427
0.009592162 0.107428603 -0.994166493 -38.376209259 -0.157814056 0.981915116 0.104582079 -14.732469559 0.987422168 0.155890301 0.026372436 127.776123047
0.010140401 0.106669255 -0.994242847 -39.273117065 -0.157498807 0.982053459 0.103755154 -14.727192879 0.987467051 0.155539930 0.026758697 127.817848206
0.010053821 0.110774264 -0.993794799 -40.178123474 -0.159828261 0.981245577 0.107758559 -14.721883774 0.987093568 0.157753080 0.027570127 127.856300354
0.010170859 0.116938926 -0.993087173 -41.112392426 -0.160412595 0.980466783 0.113809958 -14.709602356 0.986997664 0.158146128 0.028730672 127.897155762
0.010499294 0.115637839 -0.993236005 -42.007701874 -0.158243656 0.980966032 0.112536557 -14.709303856 0.987344384 0.155991703 0.028598402 127.941154480
0.011311693 0.105318300 -0.994374216 -42.898887634 -0.157319456 0.982240677 0.102243572 -14.716375351 0.987482905 0.155277878 0.027679419 127.984344482
0.011605364 0.094776027 -0.995430887 -43.818943024 -0.159182414 0.982977986 0.091734506 -14.719326019 0.987180948 0.157390520 0.026494496 128.024414062
0.010546152 0.091698959 -0.995730937 -44.721446991 -0.156030267 0.983739793 0.088942088 -14.727049828 0.987695932 0.154426172 0.024682479 128.070251465
0.010388393 0.101706646 -0.994760215 -45.642581940 -0.148558989 0.983930767 0.099048004 -14.728883743 0.988848925 0.146751627 0.025330896 128.119415283
0.010282553 0.114964448 -0.993316412 -46.585624695 -0.143625170 0.983238518 0.112311289 -14.728736877 0.989578724 0.141510412 0.026621990 128.179916382
0.010474928 0.124001965 -0.992226779 -47.508098602 -0.143809497 0.982152402 0.121224746 -14.719611168 0.989549935 0.141421825 0.028120637 128.224899292
0.010444199 0.118106797 -0.992946029 -48.423492432 -0.143984944 0.982829392 0.115388997 -14.715366364 0.989524782 0.141764075 0.027270462 128.264678955
0.010453617 0.104726985 -0.994446039 -49.346527100 -0.143923104 0.984302998 0.102145873 -14.714495659 0.989533663 0.142056003 0.025362162 128.307723999
0.011239985 0.095888831 -0.995328605 -50.262008667 -0.144437060 0.985108137 0.093273126 -14.714127541 0.989450097 0.142713964 0.024922505 128.349456787
0.011710304 0.096018314 -0.995310724 -51.191421509 -0.143400684 0.985251188 0.093360707 -14.722482681 0.989595473 0.141634956 0.025306685 128.394897461
0.011080489 0.097516283 -0.995172203 -52.132331848 -0.146415457 0.984664798 0.094856448 -14.736114502 0.989161134 0.144657582 0.025188463 128.433959961
0.011550837 0.096874923 -0.995229542 -53.085186005 -0.151409641 0.983989179 0.094023503 -14.742401123 0.988403618 0.149601325 0.026033698 128.470596313
0.012030730 0.096228838 -0.995286524 -54.017135620 -0.153017387 0.983812153 0.093269825 -14.742181778 0.988150239 0.151174024 0.026560664 128.513244629
0.013000060 0.103768311 -0.994516492 -54.962707520 -0.162218317 0.981643617 0.100304671 -14.740701675 0.986669242 0.160024852 0.029594544 128.546508789
0.014526899 0.113454767 -0.993436992 -55.912185669 -0.167945579 0.979703665 0.109430514 -14.736942291 0.985689223 0.165253669 0.033286270 128.584915161
0.015489447 0.121419914 -0.992480397 -56.877311707 -0.168042958 0.978797019 0.117123291 -14.733647346 0.985657990 0.164965153 0.035564788 128.643295288
0.016434740 0.122367308 -0.992348850 -57.820171356 -0.169373661 0.978480220 0.117852069 -14.725818634 0.985414922 0.166140869 0.036806863 128.688507080
0.017659860 0.112458967 -0.993499517 -58.757518768 -0.170996979 0.979354501 0.107818298 -14.720235825 0.985113323 0.167981327 0.036525413 128.742095947
0.018854992 0.107884586 -0.993984640 -59.702182770 -0.169404298 0.980131924 0.103167601 -14.722083092 0.985366404 0.166440025 0.036756486 128.796585083
0.020990223 0.106223986 -0.994120717 -60.654644012 -0.168388382 0.980510652 0.101214312 -14.725046158 0.985497236 0.165273845 0.038468018 128.854141235
0.024271213 0.112090871 -0.993401468 -61.639274597 -0.170125648 0.979663193 0.106384099 -14.719025612 0.985123396 0.166421041 0.042847142 128.910919189
0.027958669 0.114311121 -0.993051589 -62.599979401 -0.172990024 0.979003847 0.107823685 -14.719214439 0.984526694 0.168773413 0.047146324 128.964859009
0.032398786 0.109093204 -0.993503332 -63.550643921 -0.172478080 0.979722679 0.101955369 -14.718865395 0.984480381 0.168054298 0.050558008 129.021560669
0.035050578 0.103174582 -0.994045496 -64.506912231 -0.172394440 0.980370402 0.095676489 -14.724668503 0.984404266 0.168014407 0.052149273 129.093963623
0.038566295 0.102743670 -0.993959963 -65.468589783 -0.169601038 0.980940998 0.094817311 -14.722914696 0.984758019 0.164919868 0.055256695 129.166213989
0.040916849 0.107555009 -0.993356824 -66.438301086 -0.167300090 0.980891049 0.099314131 -14.738255501 0.985056579 0.162125036 0.058128946 129.250198364
0.044266589 0.114499964 -0.992436528 -67.396575928 -0.166579142 0.980348945 0.105675325 -14.741422653 0.985033810 0.160641298 0.062470015 129.329284668
0.046878517 0.118442491 -0.991853774 -68.361114502 -0.164363563 0.980325818 0.109297477 -14.746830940 0.985285282 0.157900870 0.065423861 129.412506104
0.049229097 0.120156512 -0.991533637 -69.345420837 -0.164160922 0.980209827 0.110633761 -14.744629860 0.985204339 0.157324657 0.067979850 129.491424561
0.051136930 0.117364764 -0.991771340 -70.285537720 -0.162486598 0.980816424 0.107690364 -14.744446754 0.985384703 0.155642599 0.069226123 129.572616577
0.051759217 0.115857959 -0.991916239 -71.231399536 -0.160486862 0.981303394 0.106243961 -14.747030258 0.985679984 0.153690442 0.069385163 129.660858154
0.052438535 0.112145238 -0.992307305 -72.177650452 -0.157420665 0.982178807 0.102681659 -14.753458977 0.986138403 0.150825188 0.069158003 129.748611450
0.052106805 0.112316445 -0.992305338 -73.158073425 -0.156145632 0.982349992 0.102990314 -14.752195358 0.986358643 0.149577647 0.068724833 129.830184937
0.051763404 0.117148042 -0.991764545 -74.111274719 -0.152901366 0.982316673 0.108051628 -14.754752159 0.986884892 0.146049023 0.068760157 129.916213989
0.051150631 0.118871383 -0.991591334 -75.075134277 -0.146830291 0.982996404 0.110266879 -14.757681847 0.987838209 0.139955372 0.067734808 130.014373779
0.050405961 0.114204362 -0.992177665 -76.036911011 -0.144019812 0.983888388 0.105933532 -14.744710922 0.988290250 0.137553543 0.066041514 130.096069336
0.049226243 0.110528186 -0.992653131 -76.990173340 -0.145944178 0.983986676 0.102325745 -14.747625351 0.988067329 0.139834866 0.064568900 130.174041748
0.048028450 0.107947022 -0.992995858 -77.939735413 -0.142398492 0.984728515 0.100160882 -14.750918388 0.988643467 0.136590540 0.062666491 130.255935669
0.046970762 0.108648695 -0.992969871 -78.906463623 -0.142696023 0.984601617 0.100983053 -14.750725746 0.988651395 0.136949584 0.061751224 130.324035645
0.045820884 0.109785601 -0.992898703 -79.862251282 -0.143771261 0.984319270 0.102202155 -14.753904343 0.988549590 0.138067231 0.060886394 130.402008057
0.044281911 0.110010400 -0.992943525 -80.816070557 -0.145388395 0.984046519 0.102540866 -14.755396843 0.988383114 0.139821768 0.059569702 130.476684570
0.042860363 0.111004241 -0.992895305 -81.765472412 -0.145055160 0.983969510 0.103744760 -14.757673264 0.988494813 0.139578030 0.058275025 130.545349121
0.040855587 0.111189991 -0.992959023 -82.731163025 -0.144969404 0.983932555 0.104214422 -14.758275986 0.988592267 0.139690951 0.056318283 130.616653442
0.039628547 0.113875613 -0.992704332 -83.688804626 -0.145847470 0.983503938 0.106997989 -14.752112389 0.988513052 0.140543252 0.055583298 130.681365967
0.038256884 0.117714450 -0.992310286 -84.643058777 -0.147205025 0.982867062 0.110918984 -14.744020462 0.988365829 0.141829684 0.054929599 130.739761353
0.036184482 0.122747049 -0.991778016 -85.592308044 -0.148494527 0.982071161 0.116127923 -14.733998299 0.988251030 0.143071592 0.053762998 130.804443359
0.033770878 0.122452699 -0.991899610 -86.543998718 -0.148273528 0.982096672 0.116194278 -14.728583336 0.988369703 0.143148467 0.051322754 130.869689941
0.032633737 0.117220923 -0.992569506 -87.489402771 -0.148329347 0.982669055 0.111174926 -14.722493172 0.988399386 0.143599123 0.049455471 130.931701660
0.030371072 0.112599626 -0.993176103 -88.434875488 -0.152622908 0.982505322 0.106722653 -14.712446213 0.987817645 0.148340195 0.047025017 130.990463257
0.029071713 0.110435180 -0.993457913 -89.378028870 -0.150379553 0.983049631 0.104877576 -14.708714485 0.988200784 0.146346793 0.045186125 131.056747437
0.028615575 0.111611404 -0.993339956 -90.346664429 -0.145861104 0.983576238 0.106312498 -14.710427284 0.988891125 0.141847432 0.044425365 131.110382080
0.028206237 0.112923175 -0.993203282 -91.296318054 -0.142850906 0.983855665 0.107803538 -14.707284927 0.989342272 0.138839275 0.043882038 131.170669556
0.026842143 0.112869129 -0.993247211 -92.247207642 -0.137570530 0.984568179 0.108165085 -14.708806992 0.990128219 0.133738145 0.041955389 131.240097046
0.025549965 0.110073373 -0.993595064 -93.188903809 -0.133583054 0.985381663 0.105728447 -14.710995674 0.990708232 0.130026102 0.039880414 131.304763794
0.024846781 0.106871679 -0.993962228 -94.132652283 -0.128521591 0.986359835 0.102841511 -14.714314461 0.991395414 0.125190347 0.038243189 131.368133545
0.023136051 0.109833591 -0.993680656 -95.114631653 -0.126796484 0.986242414 0.106059179 -14.720352173 0.991658926 0.123541422 0.036744263 131.419799805
0.021705706 0.112013549 -0.993469656 -96.062194824 -0.126144379 0.986068964 0.108423084 -14.715606689 0.991774440 0.122967221 0.035533205 131.478988647
0.020375062 0.109872542 -0.993736923 -97.021163940 -0.121970065 0.986792207 0.106603906 -14.711552620 0.992324650 0.119034074 0.033507116 131.528350830
0.018511090 0.106861077 -0.994101584 -97.971611023 -0.119131833 0.987424493 0.103924975 -14.708775520 0.992705882 0.116505392 0.031008864 131.577102661
0.014524068 0.104377739 -0.994431615 -98.937446594 -0.117774740 0.987792075 0.101960674 -14.707861900 0.992934108 0.115638040 0.026639817 131.633483887
0.011883022 0.103614062 -0.994546652 -99.892044067 -0.112225324 0.988470972 0.101640187 -14.717167854 0.993611693 0.110405520 0.023374142 131.682632446
0.009645415 0.103471644 -0.994585633 -100.850975037 -0.105432898 0.989192963 0.101888128 -14.708682060 0.994379640 0.103879295 0.020450491 131.725967407
0.007127228 0.111700073 -0.993716419 -101.814201355 -0.095636129 0.989262581 0.110513523 -14.710349083 0.995390832 0.094247520 0.017733259 131.787185669
0.004574738 0.119827427 -0.992784202 -102.771163940 -0.087571137 0.989028454 0.118970618 -14.704530716 0.996147752 0.086394973 0.015017970 131.841812134
0.001305684 0.119492978 -0.992834210 -103.725784302 -0.083188564 0.989406645 0.118971050 -14.697400093 0.996532917 0.082437098 0.011232300 131.891113281
-0.001047416 0.109216295 -0.994017482 -104.676124573 -0.084306374 0.990469456 0.108915322 -14.695741653 0.996439338 0.083916076 0.008170197 131.921234131
-0.003102377 0.100057669 -0.994976759 -105.622978210 -0.086180754 0.991252899 0.099951930 -14.693985939 0.996274710 0.086057939 0.005547807 131.957580566
-0.003245546 0.101500303 -0.994830251 -106.587142944 -0.093512610 0.990445256 0.101358004 -14.694035530 0.995612860 0.093358114 0.006277022 131.972427368
-0.004357124 0.110860966 -0.993826389 -107.546768188 -0.096814372 0.989120364 0.110760465 -14.681873322 0.995292902 0.096699275 0.006423214 132.012527466
-0.005867710 0.122153521 -0.992493808 -108.509780884 -0.100781731 0.987385154 0.122120589 -14.667963982 0.994891226 0.100741811 0.006517152 132.041122437
-0.007265998 0.123816930 -0.992278457 -109.451019287 -0.107741639 0.986431122 0.123876236 -14.655449867 0.994152308 0.107809797 0.006172831 132.070922852
-0.007054040 0.120716013 -0.992662132 -110.438667297 -0.114827409 0.986022413 0.120724581 -14.634601593 0.993360341 0.114836395 0.006906067 132.089096069
-0.007333111 0.116815336 -0.993126571 -111.393020630 -0.122951195 0.985512257 0.116827555 -14.620770454 0.992385685 0.122962818 0.007135714 132.113082886
-0.005144433 0.118599594 -0.992928863 -112.360084534 -0.127527386 0.984756649 0.118284196 -14.598722458 0.991821647 0.127234116 0.010058681 132.136459351
-0.003603006 0.119798146 -0.992791831 -113.341102600 -0.135544345 0.983577430 0.119178154 -14.579242706 0.990764737 0.134996712 0.012694126 132.160049438
-0.003065246 0.122552179 -0.992457271 -114.305160522 -0.144792929 0.981948912 0.121701747 -14.561143875 0.989457250 0.144073859 0.014734774 132.180206299
-0.002721516 0.124859855 -0.992170632 -115.280754089 -0.150275066 0.980856240 0.123848192 -14.539196014 0.988640487 0.149435550 0.016093906 132.205429077
-0.002648196 0.124097437 -0.992266476 -116.251533508 -0.153902888 0.980397403 0.123023778 -14.525687218 0.988082409 0.153038502 0.016502671 132.246505737
-0.001301605 0.114753976 -0.993393004 -117.205535889 -0.152938172 0.981684506 0.113601841 -14.527563095 0.988234937 0.152075574 0.016272498 132.281143188
0.000214346 0.102949820 -0.994686544 -118.157661438 -0.155761495 0.982549489 0.101660073 -14.516180992 0.987794697 0.154912084 0.016246222 132.316406250
