1.000000000 0.000000000 0.000000000 0.000000000 0.000000000 1.000000000 0.000000000 0.000000000 0.000000000 0.000000000 1.000000000 0.000000000
0.999997854 -0.001571346 -0.001339049 0.049039911 0.001568468 0.999996483 -0.002147538 -0.132682741 0.001342419 0.002145433 0.999996781 1.298063874
0.999997616 -0.000032208 -0.002191514 0.105578646 0.000018358 0.999979973 -0.006319791 -0.267819792 0.002191674 0.006319736 0.999977648 2.603121519
0.999996066 0.002438330 -0.001391436 0.149367094 -0.002449168 0.999966264 -0.007840946 -0.406412899 0.001372270 0.007844323 0.999968290 3.907009840
0.999983609 0.005725429 0.000176013 0.193672568 -0.005724161 0.999962389 -0.006514460 -0.545695662 -0.000213304 0.006513345 0.999978781 5.219004631
0.999975502 0.006565890 0.002396919 0.242599010 -0.006558120 0.999973238 -0.003234540 -0.689948142 -0.002418092 0.003218743 0.999991894 6.536996841
0.999959826 0.006864920 0.005767572 0.298078150 -0.006854181 0.999974787 -0.001879657 -0.827340543 -0.005780330 0.001840049 0.999981582 7.840658665
0.999943376 0.005335174 0.009202485 0.352536708 -0.005318738 0.999984145 -0.001809661 -0.960818470 -0.009211996 0.001760613 0.999955952 9.142495155
0.999914050 0.004072501 0.012458389 0.430863231 -0.004050740 0.999990225 -0.001771496 -1.097429872 -0.012465481 0.001720878 0.999920785 10.442016602
0.999871433 0.002872755 0.015774703 0.497690380 -0.002836136 0.999993205 -0.002343260 -1.235824943 -0.015781326 0.002298220 0.999872804 11.746850967
0.999815941 0.001680030 0.019109190 0.574213743 -0.001621258 0.999993920 -0.003090678 -1.372188210 -0.019114260 0.003059128 0.999812603 13.039222717
0.999746323 0.001603503 0.022463202 0.644300938 -0.001532022 0.999993682 -0.003199005 -1.518471003 -0.022468191 0.003163780 0.999742508 14.362591743
0.999662876 0.001543548 0.025917280 0.727150083 -0.001434241 0.999989986 -0.004235612 -1.657085061 -0.025923558 0.004197013 0.999655068 15.660470963
0.999578655 0.002388803 0.028926704 0.813376427 -0.002269022 0.999988735 -0.004172985 -1.796007872 -0.028936351 0.004105592 0.999572814 16.962490082
0.999479651 0.002118214 0.032183383 0.903329730 -0.001996640 0.999990761 -0.003809179 -1.935004115 -0.032191154 0.003742939 0.999474704 18.248296738
0.999407887 0.000335756 0.034403719 0.997747898 -0.000212019 0.999993503 -0.003600206 -2.076464653 -0.034404710 0.003590781 0.999401510 19.547348022
0.999348581 -0.002211512 0.036020271 1.096086025 0.002388227 0.999985278 -0.004863715 -2.217070818 -0.036008995 0.004946571 0.999339283 20.822179794
0.999309838 -0.001851195 0.037100065 1.194376945 0.002094343 0.999976695 -0.006516044 -2.358596087 -0.037087135 0.006589249 0.999290287 22.127723694
0.999266922 -0.001907652 0.038235251 1.281660080 0.002263849 0.999954402 -0.009274794 -2.498720407 -0.038215816 0.009354552 0.999225616 23.409275055
0.999225497 -0.001337450 0.039325897 1.382681966 0.001752555 0.999943078 -0.010522946 -2.646764755 -0.039309580 0.010583716 0.999171019 24.701553345
0.999184549 -0.000716152 0.040370118 1.483143568 0.001164339 0.999937952 -0.011079536 -2.793591499 -0.040359683 0.011117502 0.999123394 25.973062515
0.999159753 -0.002104150 0.040931739 1.581340671 0.002521941 0.999945164 -0.010158069 -2.939703941 -0.040908117 0.010252760 0.999110281 27.266370773
0.999160051 -0.005141556 0.040653303 1.685321808 0.005512171 0.999944150 -0.009009631 -3.087194204 -0.040604714 0.009226153 0.999132633 28.547737122
0.999178588 -0.006663194 0.039972547 1.782010078 0.007045447 0.999930680 -0.009429679 -3.233145952 -0.039906956 0.009703558 0.999156237 29.839370728
0.999195755 -0.008365360 0.039217412 1.887240410 0.008845855 0.999887764 -0.012094669 -3.376131058 -0.039111841 0.012431855 0.999157548 31.106369019
0.999227524 -0.008329934 0.038405027 1.992383242 0.008796467 0.999889374 -0.011994793 -3.528730631 -0.038300864 0.012323356 0.999190271 32.399631500
0.999250352 -0.008964148 0.037661888 2.094078064 0.009440301 0.999877512 -0.012484072 -3.669299841 -0.037545364 0.012830253 0.999212623 33.669097900
0.999257982 -0.009469869 0.037333909 2.185989857 0.009943335 0.999872208 -0.012516752 -3.815707684 -0.037210599 0.012878688 0.999224484 34.936733246
0.999265492 -0.010003572 0.036992509 2.274268150 0.010499362 0.999857247 -0.013232606 -3.958463192 -0.036854852 0.013611283 0.999228001 36.194820404
0.999305308 -0.010684566 0.035702169 2.389113903 0.011158887 0.999851763 -0.013112727 -4.120428562 -0.035556767 0.013502015 0.999276459 37.487266541
0.999299884 -0.010368721 0.035946924 2.477487087 0.010781906 0.999877810 -0.011319527 -4.266791821 -0.035825156 0.011699181 0.999289632 38.754138947
0.999267399 -0.010281723 0.036864117 2.578138828 0.010664041 0.999891222 -0.010189479 -4.407423496 -0.036755346 0.010575134 0.999268293 40.017139435
0.999187768 -0.012014396 0.038464576 2.691328526 0.012346094 0.999888480 -0.008397569 -4.550940514 -0.038359396 0.008865636 0.999224663 41.265495300
0.999072194 -0.013139713 0.041013438 2.779544115 0.013547117 0.999861419 -0.009671396 -4.695615292 -0.040880676 0.010218035 0.999111772 42.525981903
0.998942077 -0.014530865 0.043630261 2.872083426 0.015104387 0.999803424 -0.012844292 -4.843731880 -0.043435052 0.013489712 0.998965144 43.776367188
0.998856425 -0.015523043 0.045220565 2.993069649 0.016163919 0.999773502 -0.013841183 -4.992180347 -0.044995476 0.014556297 0.998881161 45.046287537
0.998726010 -0.015782552 0.047929149 3.115146160 0.016415792 0.999782681 -0.012847237 -5.123632431 -0.047715988 0.013617667 0.998768151 46.279693604
0.998530746 -0.016975269 0.051460110 3.222836733 0.017469443 0.999805450 -0.009168550 -5.283086300 -0.051294446 0.010054059 0.998632967 47.557529449
0.998268127 -0.020007253 0.055321373 3.345306396 0.020449080 0.999763310 -0.007432006 -5.418025970 -0.055159587 0.008550406 0.998440921 48.790599823
0.998014390 -0.021899620 0.059055850 3.471584797 0.022394758 0.999719262 -0.007735346 -5.557184696 -0.058869861 0.009042527 0.998224854 50.044242859
0.997745335 -0.025275864 0.062172372 3.617328405 0.026045362 0.999593496 -0.011597561 -5.691324711 -0.061853964 0.013190716 0.997998059 51.278411865
0.997449279 -0.026587341 0.066242062 3.744389057 0.027419422 0.999555647 -0.011683685 -5.824326515 -0.065901987 0.013470202 0.997735202 52.503639221
0.997101605 -0.029147156 0.070276417 3.874433041 0.029858492 0.999512792 -0.009092639 -5.963482857 -0.069977142 0.011164633 0.997486115 53.723480225
0.996814966 -0.031772930 0.073146060 4.029531002 0.032289803 0.999461174 -0.005894387 -6.098239422 -0.072919361 0.008237485 0.997303843 54.935070038
0.996601105 -0.034322876 0.074888401 4.185451984 0.034711804 0.999389708 -0.003897744 -6.232419491 -0.074708924 0.006484007 0.997184336 56.152683258
0.996362627 -0.037540648 0.076500133 4.332891941 0.037735954 0.999287128 -0.001108455 -6.352443695 -0.076403998 0.003991229 0.997068942 57.361167908
0.996212602 -0.040696926 0.076839723 4.491197109 0.040782895 0.999167860 0.000450726 -6.478398800 -0.076794133 0.002684726 0.997043312 58.565685272
0.996150792 -0.042575099 0.076622106 4.630949020 0.042917632 0.999074519 -0.002828644 -6.603056908 -0.076430783 0.006106195 0.997056127 59.770259857
0.996164262 -0.043696418 0.075811833 4.781712532 0.044368304 0.998989224 -0.007200190 -6.731057644 -0.075420603 0.010536212 0.997096121 60.958507538
0.996162951 -0.044934936 0.075100631 4.908104420 0.045895591 0.998884380 -0.011114173 -6.856243134 -0.074517436 0.014518316 0.997113943 62.156440735
0.996214330 -0.046325143 0.073559850 5.052542686 0.047446832 0.998781502 -0.013574142 -6.987923145 -0.072841384 0.017012935 0.997198403 63.345394135
0.996336162 -0.046802793 0.071580119 5.188580036 0.047919188 0.998753667 -0.013958596 -7.120457649 -0.070837609 0.017337514 0.997337162 64.532951355
0.996573091 -0.046190038 0.068618901 5.323732376 0.047189571 0.998801172 -0.013016748 -7.257276058 -0.067935377 0.016210236 0.997557938 65.707527161
0.996803582 -0.045364127 0.065764531 5.442537308 0.046179779 0.998873293 -0.010935120 -7.401045799 -0.065194391 0.013937160 0.997775197 66.907592773
0.997196198 -0.041596681 0.062206309 5.562340260 0.042134866 0.999084771 -0.007364318 -7.530132771 -0.061843064 0.009964726 0.998036087 68.082107544
0.997406363 -0.039647784 0.060071882 5.670357704 0.040019918 0.999186397 -0.005003952 -7.655576229 -0.059824612 0.007395046 0.998181522 69.250976562
0.997712016 -0.038278654 0.055727281 5.804593086 0.038784757 0.999215364 -0.008028365 -7.799663544 -0.055376235 0.010171366 0.998413682 70.457908630
0.997879267 -0.038596131 0.052415106 5.912299633 0.039410055 0.999116659 -0.014584338 -7.929848671 -0.051805910 0.016619092 0.998518884 71.617652893
0.997958422 -0.042062875 0.048060521 6.025858879 0.042965405 0.998916209 -0.017902415 -8.063214302 -0.047255404 0.019930804 0.998683929 72.792839050
0.997951806 -0.046526693 0.043900520 6.149787903 0.047150023 0.998799682 -0.013271146 -8.198827744 -0.043230359 0.015313876 0.998947740 73.982711792
0.997968316 -0.049997680 0.039492249 6.256050110 0.050369941 0.998694599 -0.008487456 -8.323698997 -0.039016336 0.010459434 0.999183834 75.138854980
0.998013973 -0.052181154 0.035287187 6.348565102 0.052412994 0.998609304 -0.005676627 -8.452940941 -0.034941908 0.007514859 0.999361038 76.334381104
0.998202145 -0.051281266 0.031025646 6.439673424 0.051402047 0.998673141 -0.003107657 -8.578333855 -0.030825123 0.004696852 0.999513745 77.492652893
0.998341441 -0.050817158 0.027052108 6.536856651 0.050925121 0.998696983 -0.003316680 -8.694520950 -0.026848316 0.004688812 0.999628544 78.655174255
0.998475611 -0.049527042 0.024362840 6.599408150 0.049662385 0.998753607 -0.004981954 -8.826114655 -0.024085728 0.006184275 0.999690771 79.831962585
0.998669207 -0.047098860 0.021012867 6.679486752 0.047320344 0.998827934 -0.010170441 -8.953909874 -0.020509221 0.011151243 0.999727488 80.980361938
0.998578846 -0.050445214 0.017196000 6.761743546 0.050710574 0.998595119 -0.015361022 -9.089224815 -0.016396955 0.016211212 0.999734104 82.155487061
0.998426557 -0.054209732 0.014341025 6.823318005 0.054436926 0.998389721 -0.015957238 -9.220240593 -0.013452891 0.016712816 0.999769807 83.275245667
0.998456299 -0.054533467 0.010537824 6.890824318 0.054661755 0.998429239 -0.012296243 -9.350665092 -0.009850712 0.012853280 0.999868870 84.410903931
0.998466253 -0.054782242 0.007999877 6.955016136 0.054859929 0.998445570 -0.009837141 -9.481797218 -0.007448541 0.010260927 0.999919593 85.544609070
0.998601377 -0.052408978 0.006970322 7.000323772 0.052488308 0.998552620 -0.011731439 -9.609634399 -0.006345401 0.012080894 0.999906898 86.690734863
0.998791814 -0.048696883 0.006598082 7.052267551 0.048790008 0.998699725 -0.014775566 -9.738352776 -0.005869980 0.015079635 0.999868989 87.810226440
0.998894572 -0.046712942 0.005238302 7.111727715 0.046798132 0.998750567 -0.017529991 -9.865815163 -0.004412881 0.017755758 0.999832571 88.915977478
0.998800755 -0.048762422 0.004395812 7.158789635 0.048834011 0.998644769 -0.017997615 -10.005348206 -0.003512247 0.018190691 0.999828458 90.063926697
0.998746097 -0.049980216 0.002864663 7.211722851 0.050018303 0.998631418 -0.015280340 -10.135887146 -0.002097028 0.015404467 0.999879122 91.176567078
0.998686731 -0.051218282 0.001261729 7.268805504 0.051230196 0.998606086 -0.012699686 -10.265851974 -0.000609515 0.012747647 0.999918520 92.291313171
0.998722792 -0.050501585 0.001528411 7.323429585 0.050516531 0.998648524 -0.012215139 -10.388221741 -0.000909462 0.012276747 0.999924183 93.446014404
0.998693109 -0.051089592 0.001419219 7.370441914 0.051104680 0.998591244 -0.014282066 -10.515961647 -0.000687555 0.014335930 0.999897003 94.553359985
0.998681128 -0.051334299 0.000825709 7.429311275 0.051340833 0.998517513 -0.018076971 -10.647094727 0.000103484 0.018095523 0.999836266 95.658798218
0.998663366 -0.051681254 0.000710046 7.478362560 0.051685344 0.998477638 -0.019261021 -10.783604622 0.000286469 0.019271972 0.999814212 96.765235901
0.998624563 -0.052430540 0.000327174 7.536749840 0.052428149 0.998468995 -0.017634043 -10.914813042 0.000597890 0.017626939 0.999844432 97.851707458
0.998668432 -0.051568113 0.001452216 7.577161312 0.051582150 0.998592257 -0.012357006 -11.038084984 -0.000812945 0.012415462 0.999922514 98.930488586
0.998748600 -0.049930826 0.002860543 7.624843597 0.049954314 0.998712420 -0.008827781 -11.158534050 -0.002416082 0.008959631 0.999956906 99.994178772
0.998853028 -0.047632083 0.004885781 7.671118259 0.047673773 0.998824179 -0.008804761 -11.280135155 -0.004460648 0.009027584 0.999949276 101.065719604
0.998924315 -0.045845497 0.006961877 7.722640991 0.045916833 0.998890579 -0.010459327 -11.402280807 -0.006474640 0.010767744 0.999921024 102.105056763
0.998883843 -0.046216454 0.009748016 7.774307251 0.046339672 0.998843491 -0.012818376 -11.524950981 -0.009144323 0.013255790 0.999870300 103.125846863
0.998797715 -0.047584493 0.011777768 7.816856384 0.047748003 0.998761117 -0.014014724 -11.635408401 -0.011096292 0.014560240 0.999832451 104.127853394
0.998685837 -0.049388796 0.013686625 7.879040241 0.049570192 0.998682857 -0.013246956 -11.749197960 -0.013014345 0.013907995 0.999818683 105.109947205
0.998651683 -0.049532760 0.015538776 7.932431698 0.049719628 0.998692632 -0.011878993 -11.867597580 -0.014930061 0.012635557 0.999808788 106.090820312
0.998598933 -0.050261699 0.016545517 8.006497383 0.050436083 0.998674214 -0.010296233 -11.973665237 -0.016006075 0.011116299 0.999810100 107.014289856
0.998520792 -0.051026631 0.018775916 8.061333656 0.051232982 0.998629630 -0.010678343 -12.080890656 -0.018205307 0.011624493 0.999766707 107.930290222
0.998509705 -0.050711796 0.020165971 8.124895096 0.050901834 0.998663008 -0.009024693 -12.180274963 -0.019681344 0.010037728 0.999755919 108.836883545
0.998519957 -0.049756467 0.021955494 8.183779716 0.049918648 0.998729467 -0.006900755 -12.277735710 -0.021584239 0.007986529 0.999735117 109.707344055
0.998489738 -0.049816363 0.023162426 8.245837212 0.049911078 0.998747408 -0.003528766 -12.380642891 -0.022957621 0.004679498 0.999725461 110.557350159
0.998445034 -0.049898397 0.024851980 8.305734634 0.049996525 0.998743773 -0.003342436 -12.472776413 -0.024653975 0.004579751 0.999685585 111.384399414
0.998460114 -0.049085177 0.025846925 8.360261917 0.049171038 0.998786747 -0.002696397 -12.561474800 -0.025683215 0.003963165 0.999662280 112.192337036
0.998555958 -0.046867948 0.026255246 8.413093567 0.046945613 0.998894751 -0.002349298 -12.642537117 -0.026116118 0.003578474 0.999652505 112.972366333
0.998694479 -0.044318251 0.025400914 8.460435867 0.044310194 0.999017477 0.000880071 -12.721079826 -0.025414955 0.000246597 0.999676943 113.722846985
0.998766303 -0.044207439 0.022616195 8.508986473 0.044179626 0.999022067 0.001728190 -12.804311752 -0.022670478 -0.000726884 0.999742687 114.475296021
0.998883307 -0.044300694 0.016416805 8.543608665 0.044278219 0.999017715 0.001730782 -12.877791405 -0.016477354 -0.001001943 0.999863744 115.171630859
0.999063671 -0.042916279 0.005480951 8.575634003 0.042911641 0.999078393 0.000962664 -12.955938339 -0.005517216 -0.000726566 0.999984503 115.838760376
0.999161661 -0.040105652 -0.008218803 8.573549271 0.040090516 0.999194086 -0.001998605 -13.023712158 0.008292329 0.001667433 0.999964237 116.486022949
0.998882651 -0.038769621 -0.027024521 8.573701859 0.038670883 0.999243438 -0.004167090 -13.095463753 0.027165629 0.003117373 0.999626040 117.099288940
0.998100460 -0.036974028 -0.049277484 8.538438797 0.036700338 0.999305546 -0.006447718 -13.164653778 0.049481660 0.004626971 0.998764336 117.684127808
0.996406496 -0.035492554 -0.076904953 8.497585297 0.034969397 0.999355197 -0.008139108 -13.232851028 0.077144235 0.005420541 0.997005165 118.251441956
0.993492067 -0.033210590 -0.108951710 8.426291466 0.032260243 0.999424636 -0.010474217 -13.298056602 0.109236874 0.006891244 0.993991792 118.796859741
0.989132047 -0.028783932 -0.144185096 8.316242218 0.027380509 0.999556541 -0.011708749 -13.363919258 0.144458175 0.007633638 0.989481449 119.343460083
0.982850373 -0.022868797 -0.182982028 8.213693619 0.021144636 0.999711812 -0.011368309 -13.417758942 0.183189258 0.007304255 0.983050525 119.857894897
0.974309266 -0.017486200 -0.224534214 8.074026108 0.015809126 0.999832153 -0.009264886 -13.476474762 0.224658534 0.005477175 0.974422157 120.361305237
0.962993026 -0.012801975 -0.269222081 7.900188446 0.011119838 0.999907970 -0.007772273 -13.532963753 0.269296765 0.004490940 0.963046670 120.855873108
0.948782444 -0.006488754 -0.315863371 7.710128784 0.004133087 0.999958515 -0.008127190 -13.591854095 0.315902948 0.006405445 0.948769867 121.318145752
0.931413412 0.001107670 -0.363961428 7.478580475 -0.004762514 0.999946892 -0.009144525 -13.646772385 0.363931954 0.010250703 0.931369066 121.789779663
0.910256326 0.005920281 -0.414002925 7.226573944 -0.010853070 0.999895394 -0.009563733 -13.702051163 0.413902968 0.013198650 0.910225332 122.232421875
0.885104775 0.010159054 -0.465280950 6.960632324 -0.016047999 0.999833345 -0.008697541 -13.751574516 0.465115041 0.015165064 0.885120273 122.645759583
0.856087625 0.013342033 -0.516658366 6.674537659 -0.020635705 0.999751925 -0.008375458 -13.794823647 0.516418397 0.017831737 0.856150687 123.047210693
0.824615300 0.023407569 -0.565209508 6.347995758 -0.031661302 0.999487162 -0.004799692 -13.848591805 0.564807177 0.021853168 0.824933410 123.414962769
0.790348291 0.035704561 -0.611616373 6.007438660 -0.043877430 0.999035597 0.001621403 -13.886714935 0.611084521 0.025554677 0.791152835 123.768775940
0.754426539 0.044436198 -0.654878557 5.651573181 -0.055059604 0.998473763 0.004321313 -13.928256989 0.654070914 0.032797236 0.755721867 124.082946777
0.714682341 0.048339441 -0.697776794 5.279781342 -0.062361307 0.998039722 0.005268394 -13.972749710 0.696663558 0.039749037 0.716295898 124.381919861
0.672337472 0.050340641 -0.738531113 4.901084900 -0.065098763 0.997840464 0.008751954 -14.022502899 0.737376690 0.042193186 0.674162626 124.662811279
0.628042340 0.053478673 -0.776339233 4.499343872 -0.068324029 0.997572541 0.013445768 -14.053076744 0.775173783 0.044598125 0.630171657 124.936294556
0.582936406 0.062397536 -0.810118318 4.074840546 -0.079479046 0.996644318 0.019573592 -14.088545799 0.808621228 0.052977283 0.585939407 125.166671753
0.537295461 0.071190178 -0.840384126 3.631900787 -0.090983830 0.995508730 0.026160952 -14.113046646 0.838472128 0.062405206 0.541359425 125.376281738
0.490267158 0.076119512 -0.868241787 3.181800842 -0.096724726 0.994777322 0.032595761 -14.137581825 0.866188407 0.067999825 0.495069265 125.577026367
0.443467975 0.076868527 -0.892987907 2.711536407 -0.095843576 0.994669855 0.038024295 -14.156812668 0.891151011 0.068724595 0.448471576 125.754188538
0.396663815 0.078724496 -0.914582074 2.238372803 -0.093608953 0.994590938 0.045012258 -14.179275513 0.913178563 0.067758337 0.401887566 125.919715881
0.350311667 0.081438430 -0.933086038 1.746036530 -0.095125936 0.994155169 0.051055003 -14.201335907 0.931790054 0.070875518 0.356010973 126.071159363
0.306418478 0.084425591 -0.948145568 1.241962433 -0.100658640 0.993348300 0.055920038 -14.219936371 0.946559787 0.078304112 0.312878430 126.188446045
0.265100658 0.086350195 -0.960346460 0.722854614 -0.105121672 0.992633402 0.060234796 -14.240199089 0.958473325 0.084984943 0.272225082 126.290946960
0.226133898 0.082890779 -0.970563054 0.197425842 -0.105537429 0.992592573 0.060182773 -14.256535530 0.968362212 0.088821352 0.233206898 126.385353088
0.191668287 0.077954993 -0.978358984 -0.339807510 -0.100557983 0.993154466 0.059433773 -14.275875092 0.976294696 0.086990237 0.198195219 126.471649170
0.161068112 0.072658405 -0.984265149 -0.896427155 -0.097849801 0.993548453 0.057331264 -14.291519165 0.982080698 0.087075897 0.167138636 126.551368713
0.134055778 0.071146958 -0.988416493 -1.456644058 -0.098324455 0.993452609 0.058174022 -14.317131042 0.986083865 0.089386947 0.140173554 126.628967285
0.111970186 0.070330247 -0.991219640 -2.038405418 -0.099419564 0.993280292 0.059245817 -14.332748413 0.988725722 0.091912851 0.118209988 126.693115234
0.093789101 0.071681157 -0.993008196 -2.645234108 -0.101906493 0.992857277 0.062045235 -14.346151352 0.990363002 0.095374815 0.100423962 126.740608215
0.077447630 0.069963217 -0.994538546 -3.247975349 -0.102722391 0.992785990 0.061840612 -14.370790482 0.991690457 0.097371966 0.084075712 126.794250488
0.063765675 0.068977147 -0.995578170 -3.867324829 -0.101956218 0.992838919 0.062257156 -14.397439957 0.992743075 0.097535521 0.070341699 126.839721680
0.051187396 0.066299364 -0.996485949 -4.513052464 -0.096748851 0.993430018 0.061126254 -14.420727730 0.993991673 0.093279965 0.057265487 126.893692017
0.039022572 0.063682444 -0.997206926 -5.160479546 -0.094395973 0.993739069 0.059767075 -14.439114571 0.994769633 0.091800064 0.044789612 126.936454773
0.028319063 0.063417323 -0.997585177 -5.818858147 -0.093908422 0.993740559 0.060507070 -14.461080551 0.995177984 0.091968134 0.034097213 126.970466614
0.019305766 0.064878747 -0.997706354 -6.488918304 -0.097486213 0.993259728 0.062703215 -14.484331131 0.995049596 0.096052088 0.025500420 126.979949951
0.010866583 0.064250775 -0.997874618 -7.188694954 -0.100279666 0.992972612 0.062843136 -14.509562492 0.994899929 0.099383637 0.017233267 126.999534607
0.004369896 0.063769259 -0.997955143 -7.875831127 -0.102925874 0.992693126 0.062982313 -14.531761169 0.994679391 0.102440178 0.010901472 127.017822266
-0.001192565 0.065258607 -0.997867823 -8.570931435 -0.103623964 0.992488325 0.065030657 -14.554890633 0.994615912 0.103480548 0.005578746 127.034942627
-0.004529819 0.067068458 -0.997738063 -9.292860985 -0.105197050 0.992180109 0.067172460 -14.570122719 0.994441211 0.105263375 0.002561007 127.055274963
-0.005326976 0.070675530 -0.997485101 -10.010858536 -0.107570268 0.991670668 0.070838012 -14.591952324 0.994183183 0.107677087 0.002319980 127.067329407
-0.006415334 0.074179597 -0.997224152 -10.745009422 -0.110357434 0.991100788 0.074434042 -14.608281136 0.993871272 0.110528626 0.001828026 127.080337524
-0.007940752 0.079859406 -0.996774495 -11.471045494 -0.115162887 0.990100324 0.080242112 -14.621848106 0.993314862 0.115428627 0.001334697 127.094314575
-0.009318030 0.083453707 -0.996468067 -12.209624290 -0.118027076 0.989453733 0.083969936 -14.635363579 0.992966652 0.118392654 0.000630038 127.112243652
-0.010665928 0.084104337 -0.996399879 -12.954823494 -0.117470302 0.989451289 0.084775284 -14.652925491 0.993019104 0.117951602 -0.000673655 127.126258850
-0.011715620 0.080711454 -0.996668577 -13.724155426 -0.115671106 0.989936233 0.081525914 -14.672222137 0.993218482 0.116240889 -0.002261735 127.143371582
-0.013546844 0.077320099 -0.996914268 -14.476195335 -0.119315416 0.989757359 0.078386337 -14.677986145 0.992763996 0.120009124 -0.004182609 127.156631470
-0.014581152 0.079139784 -0.996756852 -15.249519348 -0.124049075 0.989018381 0.080340028 -14.689039230 0.992168963 0.124818213 -0.004603811 127.155838013
-0.015846541 0.082207575 -0.996489227 -16.023942947 -0.121731624 0.989042044 0.083529040 -14.703080177 0.992436469 0.122627899 -0.005665637 127.168678284
-0.018145729 0.082243614 -0.996447086 -16.797882080 -0.120422281 0.989176393 0.083836459 -14.719038010 0.992556870 0.121515691 -0.008045366 127.185813904
-0.018397180 0.081673823 -0.996489346 -17.587997437 -0.123956293 0.988782525 0.083330654 -14.729991913 0.992117047 0.125054151 -0.008066829 127.179725647
-0.019787179 0.081253007 -0.996497095 -18.381124496 -0.127784118 0.988312542 0.083123036 -14.743161201 0.991604626 0.128981262 -0.009173074 127.194015503
-0.021193931 0.085370466 -0.996123970 -19.177680969 -0.129641622 0.987700880 0.087406896 -14.748667717 0.991334438 0.130991608 -0.009865704 127.204223633
-0.021961339 0.090123244 -0.995688498 -19.981136322 -0.128869116 0.987364948 0.092212260 -14.761803627 0.991418421 0.130338565 -0.010069756 127.219161987
-0.020667652 0.092611074 -0.995487809 -20.806459427 -0.130063504 0.986989975 0.094520807 -14.768351555 0.991290212 0.131430149 -0.008353445 127.229759216
-0.018831326 0.091513105 -0.995625675 -21.624734879 -0.129431918 0.987199783 0.093186699 -14.776471138 0.991409421 0.130620599 -0.006745567 127.241432190
-0.017818617 0.091721326 -0.995625198 -22.456087112 -0.129414365 0.987195194 0.093260832 -14.782843590 0.991430461 0.130509958 -0.005720396 127.253547668
-0.017548257 0.090405814 -0.995750248 -23.282064438 -0.127573058 0.987561405 0.091910556 -14.785702705 0.991673946 0.128643781 -0.005796636 127.273574829
-0.016577300 0.092424385 -0.995581627 -24.119585037 -0.128535703 0.987259626 0.093792036 -14.792973518 0.991566360 0.129522607 -0.004486267 127.291007996
-0.016158992 0.094486736 -0.995394945 -24.959007263 -0.130169079 0.986853838 0.095789120 -14.794643402 0.991360247 0.131117493 -0.003647311 127.309257507
-0.015974533 0.096900821 -0.995165825 -25.833900452 -0.133075982 0.986232162 0.098167084 -14.794132233 0.990977049 0.134000808 -0.002859429 127.320251465
-0.014357160 0.098001882 -0.995082676 -26.696605682 -0.135281399 0.985844433 0.099043913 -14.792005539 0.990703225 0.136038154 -0.000896092 127.332756042
-0.012560839 0.101132877 -0.994793653 -27.566829681 -0.141996816 0.984609246 0.101890445 -14.792414665 0.989787400 0.142537341 0.001993029 127.346206665
-0.010454003 0.105004378 -0.994416773 -28.443910599 -0.146511197 0.983577788 0.105400063 -14.788495064 0.989153743 0.146795049 0.005101991 127.366210938
-0.008291829 0.106847294 -0.994240820 -29.318201065 -0.149106860 0.983027279 0.106885739 -14.783421516 0.988786280 0.149134442 0.007780571 127.395889282
-0.004470332 0.107450351 -0.994200408 -30.216264725 -0.147705659 0.983234048 0.106929295 -14.782512665 0.989021242 0.147327036 0.011475642 127.419311523
-0.001597521 0.107342266 -0.994220734 -31.110612869 -0.150322676 0.982899070 0.106361419 -14.776601791 0.988635600 0.149623871 0.014565774 127.445701599
0.000606636 0.111171715 -0.993801057 -32.009178162 -0.150887430 0.982433319 0.109807953 -14.770502090 0.988550723 0.149885446 0.017370393 127.480049133
0.002967122 0.113163263 -0.993571997 -32.922084808 -0.149911731 0.982398570 0.111442983 -14.761548042 0.988694906 0.148617417 0.019879401 127.520111084
0.004709872 0.114473119 -0.993415177 -33.816066742 -0.150519490 0.982189000 0.112465888 -14.758565903 0.988595724 0.148998618 0.021856420 127.560493469
0.007135295 0.112573326 -0.993617833 -34.720726013 -0.151781768 0.982252121 0.110195674 -14.751731873 0.988388240 0.150026798 0.024095237 127.592247009
0.007669569 0.113725953 -0.993482471 -35.630802155 -0.156033322 0.981478333 0.111147255 -14.740672112 0.987722039 0.154163942 0.025272558 127.631698608
0.008703819 0.114619158 -0.993371367 -36.525463104 -0.156896830 0.981261253 0.111847125 -14.737751007 0.987576663 0.154883325 0.026524102 127.668563843
0.009235506 0.110884011 -0.993790388 -37.420776367 -0.157365352 0.981610179 0.108062550 -14.733971596 0.987497330 0.155390173 0.026514970 127.702468872
0.009716978 0.106745794 -0.994238853 -38.325172424 -0.158446655 0.981888711 0.103871271 -14.734770775 0.987319708 0.156524509 0.026454505 127.748275757
0.010155548 0.106019162 -0.994312286 -39.222221375 -0.158148035 0.982018888 0.103093103 -14.730634689 0.987363219 0.156201571 0.026739664 127.790649414
0.010103687 0.110143557 -0.993864357 -40.126895905 -0.160554335 0.981198311 0.107107654 -14.726247787 0.986975253 0.158487037 0.027597744 127.828826904
0.010342810 0.116376109 -0.993151367 -41.050354004 -0.161217079 0.980405033 0.113203570 -14.713296890 0.986864746 0.158942118 0.028901959 127.862846375
0.010500761 0.114918858 -0.993319333 -41.944721222 -0.158947468 0.980935872 0.111805886 -14.713577271 0.987231314 0.156711563 0.028566629 127.907936096
0.011475156 0.104583181 -0.994449914 -42.835990906 -0.158298716 0.982164264 0.101464473 -14.719287872 0.987324595 0.156255811 0.027825866 127.950798035
0.011766625 0.094169743 -0.995486557 -43.763946533 -0.160107762 0.982887983 0.091085494 -14.725312233 0.987029552 0.158313349 0.026642578 127.992187500
0.010736693 0.091099590 -0.995783865 -44.663696289 -0.156921491 0.983655930 0.088298112 -14.734156609 0.987552762 0.155311868 0.024856694 128.038421631
0.010435825 0.101115622 -0.994819939 -45.587417603 -0.149638891 0.983829260 0.098428756 -14.737724304 0.988685608 0.147836566 0.025397899 128.088394165
0.010742147 0.114378266 -0.993379176 -46.528175354 -0.144735634 0.983152628 0.111635640 -14.735696793 0.989411950 0.142578200 0.027115786 128.144149780
0.010962384 0.123191513 -0.992322326 -47.449630737 -0.145132855 0.982069492 0.120315388 -14.726799011 0.989351392 0.142699629 0.028644957 128.189941406
0.010596029 0.117576659 -0.993007243 -48.366622925 -0.145278871 0.982707202 0.114806853 -14.724885941 0.989333987 0.143046483 0.027494196 128.231933594
0.010797968 0.104122154 -0.994505882 -49.277778625 -0.144965008 0.984219790 0.101471245 -14.723800659 0.989377856 0.143072829 0.025721641 128.274490356
0.011165004 0.095232055 -0.995392501 -50.192150116 -0.145531133 0.985010028 0.092606336 -14.724275589 0.989290655 0.143826649 0.024856865 128.318634033
0.011332796 0.095325179 -0.995381713 -51.119319916 -0.144237459 0.985190749 0.092707016 -14.733181953 0.989478111 0.142520696 0.024914429 128.366943359
0.011196464 0.096747890 -0.995245934 -52.062477112 -0.147783682 0.984538257 0.094044439 -14.750020027 0.988956332 0.146028116 0.025321107 128.405197144
0.011774767 0.096237130 -0.995288730 -52.990825653 -0.152286261 0.983919322 0.093336165 -14.752535820 0.988266289 0.150469765 0.026241012 128.438354492
0.012409008 0.095524736 -0.995349646 -53.929336548 -0.154032290 0.983727455 0.092489019 -14.755019188 0.987987936 0.152168274 0.026920976 128.478454590
0.012911672 0.103502244 -0.994545400 -54.891716003 -0.162814111 0.981572151 0.100038387 -14.762712479 0.986572266 0.160634309 0.029525364 128.520767212
0.014258104 0.112977833 -0.993495166 -55.832183838 -0.168236122 0.979702294 0.108994916 -14.756153107 0.985643566 0.165587708 0.032975648 128.559875488
0.015576262 0.121292368 -0.992494643 -56.790466309 -0.168749511 0.978695333 0.116957620 -14.750637054 0.985535860 0.165661246 0.035712447 128.600585938
0.016584773 0.121940941 -0.992398858 -57.747829437 -0.170596316 0.978326797 0.117360875 -14.742011070 0.985201359 0.167353153 0.037028007 128.647735596
0.018465312 0.112257741 -0.993507564 -58.684387207 -0.172393635 0.979152083 0.107431591 -14.739768028 0.984855056 0.169290632 0.037432875 128.692764282
0.019725703 0.107194528 -0.994042397 -59.621849060 -0.170776308 0.979985893 0.102289826 -14.733778000 0.985112369 0.167741150 0.037637200 128.747695923
0.021542232 0.105596356 -0.994175732 -60.595573425 -0.169086993 0.980466306 0.100476347 -14.733739853 0.985365689 0.165937677 0.038976394 128.804351807
0.024536690 0.111375093 -0.993475556 -61.553474426 -0.170521796 0.979677200 0.105616696 -14.732051849 0.985048294 0.166817710 0.043029919 128.868652344
0.028279811 0.113748118 -0.993107080 -62.535030365 -0.173653439 0.978956759 0.107182406 -14.735197067 0.984400690 0.169425368 0.047437463 128.923217773
0.032176852 0.108563244 -0.993568659 -63.490287781 -0.172664076 0.979741216 0.101460636 -14.734878540 0.984454989 0.168288901 0.050269958 128.984069824
0.035403118 0.102937713 -0.994057536 -64.445510864 -0.172634169 0.980357945 0.095370770 -14.741830826 0.984349608 0.168231875 0.052478291 129.050918579
0.039467037 0.102448322 -0.993955076 -65.409011841 -0.170305431 0.980865300 0.094336808 -14.738815308 0.984600663 0.165552780 0.056159347 129.113128662
0.041135203 0.107053719 -0.993402064 -66.373222351 -0.167522818 0.980907977 0.098770469 -14.761024475 0.985009611 0.162354544 0.058283802 129.208999634
0.044606753 0.113832451 -0.992498040 -67.331306458 -0.166889533 0.980375051 0.104941338 -14.762381554 0.984966040 0.160956457 0.062728792 129.287368774
0.047131535 0.117748685 -0.991924286 -68.294105530 -0.164645970 0.980361104 0.108552843 -14.767777443 0.985226095 0.158200100 0.065592766 129.370452881
0.049164027 0.119297564 -0.991640568 -69.275238037 -0.164390862 0.980267465 0.109779075 -14.766201019 0.985169291 0.157619447 0.067805320 129.452087402
0.051539410 0.116543934 -0.991847396 -70.211929321 -0.163071066 0.980819583 0.106774479 -14.764856339 0.985267222 0.156238541 0.069555797 129.528930664
0.052166902 0.115231209 -0.991967976 -71.156494141 -0.161000237 0.981296778 0.105524719 -14.769695282 0.985574782 0.154202163 0.069743469 129.617370605
0.053047616 0.111773126 -0.992316782 -72.101608276 -0.158030882 0.982133329 0.102177992 -14.779402733 0.986008108 0.151396409 0.069763437 129.702835083
0.052319732 0.111247219 -0.992414713 -73.089294434 -0.156647637 0.982387424 0.101864830 -14.772229195 0.986267745 0.150129840 0.068824857 129.788955688
0.052062478 0.115926415 -0.991892457 -74.043190002 -0.153379872 0.982382774 0.106764376 -14.773897171 0.986794829 0.146577924 0.068926059 129.874328613
0.051564448 0.117818274 -0.991695464 -75.005187988 -0.147390321 0.983039916 0.109126233 -14.780945778 0.987733305 0.140539289 0.068055198 129.971755981
0.050753828 0.113246284 -0.992269754 -75.967117310 -0.144554153 0.983920753 0.104899608 -14.766375542 0.988194406 0.138112634 0.066307984 130.053039551
0.049474433 0.109396756 -0.992766142 -76.931083679 -0.146411002 0.984039962 0.101138815 -14.770683289 0.987985909 0.140348077 0.064701729 130.126113892
0.048118472 0.106800348 -0.993115485 -77.879554749 -0.142948210 0.984768689 0.098976597 -14.775663376 0.988559783 0.137201488 0.062652498 130.210296631
0.046752673 0.107377797 -0.993118465 -78.844383240 -0.143032461 0.984680235 0.099731952 -14.776206017 0.988613129 0.137385458 0.061394949 130.281066895
0.045977771 0.108543895 -0.993027747 -79.796791077 -0.144359812 0.984366179 0.100913189 -14.779685974 0.988456666 0.138713539 0.060928337 130.356079102
0.044853080 0.108826570 -0.993048310 -80.753540039 -0.145939365 0.984098196 0.101254098 -14.782280922 0.988276184 0.140383303 0.060021922 130.426727295
0.043412223 0.109433204 -0.993045568 -81.702583313 -0.145576194 0.984066725 0.102079682 -14.782936096 0.988394141 0.140132293 0.058651388 130.496292114
0.041066393 0.110137753 -0.993067503 -82.669593811 -0.145858109 0.983919442 0.103091486 -14.787862778 0.988452911 0.140613362 0.056470510 130.568069458
0.039503623 0.112527482 -0.992863059 -83.621353149 -0.146135151 0.983605444 0.105663888 -14.782227516 0.988475502 0.140918076 0.055300210 130.641174316
0.037958659 0.116249204 -0.992494464 -84.575111389 -0.147434458 0.982991993 0.109497450 -14.774981499 0.988343060 0.142171517 0.054452196 130.700927734
0.035807941 0.121093020 -0.991995096 -85.523963928 -0.148609892 0.982240379 0.114537895 -14.765345573 0.988247454 0.143318906 0.053167619 130.766311646
0.033596337 0.120904826 -0.992095411 -86.480712891 -0.148439363 0.982249737 0.114678226 -14.761638641 0.988350689 0.143413246 0.050947033 130.829849243
0.032547459 0.115738288 -0.992746353 -87.425682068 -0.148428246 0.982818246 0.109714590 -14.757290840 0.988387406 0.143780693 0.049167067 130.891265869
0.030164029 0.111025192 -0.993359685 -88.370880127 -0.152697057 0.982658744 0.105192423 -14.748270988 0.987812579 0.148510084 0.046594165 130.950332642
0.028879685 0.108965382 -0.993625879 -89.314147949 -0.150644049 0.983161569 0.103439353 -14.747004509 0.988166153 0.146696538 0.044808384 131.015884399
0.028489495 0.110093608 -0.993512928 -90.282760620 -0.145624548 0.983769536 0.104838066 -14.748280525 0.988929629 0.141693071 0.044059429 131.068786621
0.028006503 0.111374624 -0.993383765 -91.232360840 -0.142689377 0.984042227 0.106304437 -14.746684074 0.989371240 0.138768092 0.043451559 131.129043579
0.026680695 0.111142933 -0.993446231 -92.184104919 -0.137484595 0.984764040 0.106479220 -14.748306274 0.990144432 0.133742601 0.041554634 131.197875977
0.025407242 0.108238786 -0.993800223 -93.126159668 -0.133460328 0.985589445 0.103932500 -14.751628876 0.990728438 0.129992247 0.039486691 131.261840820
0.024830841 0.105266668 -0.994134009 -94.069366455 -0.128328323 0.986548901 0.101258188 -14.757065773 0.991420805 0.125061229 0.038005531 131.323822021
0.023067664 0.108069032 -0.993875742 -95.053672791 -0.126500979 0.986465096 0.104327187 -14.761332512 0.991698205 0.123319663 0.036426283 131.375579834
0.021616228 0.110342786 -0.993658483 -96.000595093 -0.125849277 0.986285329 0.106786266 -14.759198189 0.991813838 0.122742906 0.035206325 131.435058594
0.020274322 0.108186774 -0.993923843 -96.961067200 -0.121681876 0.987004936 0.104951568 -14.756075859 0.992362022 0.118814699 0.033175230 131.484436035
0.018468644 0.105279118 -0.994271219 -97.914360046 -0.118695736 0.987639189 0.102372102 -14.755921364 0.992758870 0.116125077 0.030736540 131.532943726
0.014917143 0.102751933 -0.994595170 -98.876182556 -0.117561482 0.987986803 0.100306027 -14.754154205 0.992953479 0.115429811 0.026817616 131.580856323
0.012248140 0.101693742 -0.994740367 -99.830497742 -0.111979693 0.988696635 0.099697091 -14.762364388 0.993634999 0.110169612 0.023497326 131.630691528
0.009980172 0.101691388 -0.994765997 -100.790489197 -0.105129652 0.989408791 0.100089036 -14.756733894 0.994408488 0.103580482 0.020565253 131.674179077
0.007355982 0.109672390 -0.993940592 -101.758773804 -0.095418565 0.989508927 0.108477235 -14.758550644 0.995410025 0.094042428 0.017743591 131.739074707
0.004760243 0.117819682 -0.993023694 -102.715362549 -0.087380223 0.989285469 0.116957292 -14.754868507 0.996163726 0.086213864 0.015004347 131.793945312
0.001569340 0.117691010 -0.993049026 -103.673828125 -0.083028801 0.989636719 0.117155403 -14.750783920 0.996545911 0.082267806 0.011324818 131.841659546
-0.000969924 0.107503325 -0.994204223 -104.623603821 -0.083817549 0.990697503 0.107205905 -14.750153542 0.996480644 0.083435744 0.008049764 131.874465942
-0.003055463 0.098067768 -0.995175123 -105.570663452 -0.085625611 0.991499007 0.097968429 -14.747459412 0.996322691 0.085511789 0.005367626 131.911407471
-0.003199515 0.099438995 -0.995038509 -106.533882141 -0.092815444 0.990718722 0.099305734 -14.748184204 0.995678306 0.092672668 0.006059655 131.926742554
-0.004198742 0.108387448 -0.994099855 -107.494445801 -0.095875740 0.989485502 0.108289264 -14.735062599 0.995384455 0.095764749 0.006237132 131.966278076
-0.005710437 0.119838297 -0.992777050 -108.457656860 -0.099924810 0.987755656 0.119806945 -14.724340439 0.994978607 0.099887192 0.006334302 131.994796753
-0.007041748 0.121712029 -0.992540479 -109.399604797 -0.107096672 0.986764491 0.121763542 -14.715982437 0.994223714 0.107155196 0.006086408 132.024337769
-0.006968685 0.118550420 -0.992923498 -110.381767273 -0.114038520 0.986375511 0.118568979 -14.696384430 0.993451834 0.114057817 0.006645576 132.042526245
-0.007213118 0.114584945 -0.993387341 -111.336318970 -0.122185253 0.985868394 0.114604861 -14.684012413 0.992481172 0.122203931 0.006889404 132.066024780
-0.004654077 0.116439052 -0.993186891 -112.299011230 -0.126736969 0.985120118 0.116087183 -14.664753914 0.991925478 0.126413777 0.010172307 132.087448120
-0.003609313 0.117775403 -0.993033707 -113.279563904 -0.134762362 0.983924329 0.117184803 -14.648248672 0.990871310 0.134246558 0.012320401 132.113235474
-0.003136057 0.120403700 -0.992720127 -114.242736816 -0.143913642 0.982336462 0.119598947 -14.631626129 0.989585340 0.143241048 0.014247073 132.134170532
-0.002890778 0.122415885 -0.992474735 -115.218872070 -0.149212718 0.981315315 0.121474057 -14.609288216 0.988800943 0.148440987 0.015429240 132.160064697
-0.002704809 0.122196235 -0.992502153 -116.191581726 -0.153388306 0.980709732 0.121162370 -14.601747513 0.988162279 0.152565941 0.016090840 132.201934814
-0.001055305 0.112617590 -0.993637800 -117.147087097 -0.152316779 0.982026160 0.111463323 -14.603502274 0.988331139 0.151465341 0.016117208 132.232559204
0.000189481 0.101040103 -0.994882345 -118.097091675 -0.155450881 0.982791126 0.099782526 -14.594610214 0.987843633 0.154636413 0.015892992 132.270690918
