1.000001e+00 -8.161166e-07 9.025470e-07 0.000000e+00 -8.161166e-07 1.000000e+00 -7.282209e-07 0.000000e+00 9.025470e-07 -7.282209e-07 9.999991e-01 0.000000e+00
9.999989e-01 -1.501596e-03 -1.506896e-03 5.499244e-02 1.496920e-03 9.999958e-01 -2.627079e-03 -1.315200e-01 1.512078e-03 2.623256e-03 9.999946e-01 1.275641e+00
9.999984e-01 3.522878e-04 -2.189236e-03 1.037707e-01 -3.678608e-04 9.999793e-01 -6.489571e-03 -2.684231e-01 2.188242e-03 6.489064e-03 9.999762e-01 2.552726e+00
9.999959e-01 2.760987e-03 -1.577205e-03 1.464931e-01 -2.774900e-03 9.999642e-01 -8.052788e-03 -4.058797e-01 1.556132e-03 8.055842e-03 9.999657e-01 3.833071e+00
9.999844e-01 5.744479e-03 -3.865753e-05 1.860634e-01 -5.745621e-03 9.999600e-01 -6.911097e-03 -5.455536e-01 -9.080000e-09 6.910224e-03 9.999755e-01 5.117123e+00
9.999725e-01 7.215999e-03 2.232583e-03 2.334175e-01 -7.208914e-03 9.999679e-01 -3.633973e-03 -6.851835e-01 -2.257927e-03 3.615997e-03 9.999900e-01 6.402495e+00
9.999587e-01 7.495114e-03 5.337283e-03 2.878853e-01 -7.483672e-03 9.999696e-01 -2.361752e-03 -8.226828e-01 -5.354257e-03 2.320358e-03 9.999821e-01 7.683074e+00
9.999430e-01 6.088001e-03 8.917783e-03 3.404414e-01 -6.070425e-03 9.999798e-01 -2.101446e-03 -9.566084e-01 -8.929620e-03 2.045618e-03 9.999569e-01 8.960480e+00
9.999118e-01 4.996570e-03 1.237935e-02 4.017108e-01 -4.970797e-03 9.999857e-01 -2.191888e-03 -1.093736e+00 -1.238931e-02 2.128925e-03 9.999206e-01 1.023943e+01
9.998705e-01 3.501992e-03 1.578735e-02 4.681880e-01 -3.460503e-03 9.999907e-01 -2.742622e-03 -1.229356e+00 -1.579592e-02 2.686242e-03 9.998713e-01 1.151470e+01
9.998117e-01 2.798711e-03 1.925619e-02 5.377777e-01 -2.726951e-03 9.999894e-01 -3.822966e-03 -1.365003e+00 -1.926570e-02 3.767981e-03 9.998066e-01 1.278835e+01
9.997408e-01 2.527072e-03 2.266212e-02 6.124792e-01 -2.438182e-03 9.999895e-01 -3.999891e-03 -1.502269e+00 -2.267104e-02 3.942355e-03 9.997343e-01 1.406385e+01
9.996605e-01 2.434502e-03 2.598804e-02 6.923981e-01 -2.306889e-03 9.999854e-01 -4.977202e-03 -1.644162e+00 -2.599888e-02 4.914253e-03 9.996496e-01 1.533380e+01
9.995682e-01 3.145534e-03 2.924892e-02 7.741973e-01 -3.007742e-03 9.999845e-01 -4.786795e-03 -1.782356e+00 -2.926220e-02 4.695478e-03 9.995601e-01 1.659941e+01
9.994811e-01 2.743674e-03 3.213744e-02 8.630796e-01 -2.598288e-03 9.999865e-01 -4.586970e-03 -1.922575e+00 -3.214915e-02 4.499310e-03 9.994721e-01 1.786687e+01
9.994021e-01 1.490177e-03 3.457840e-02 9.558105e-01 -1.339513e-03 9.999898e-01 -4.422563e-03 -2.061490e+00 -3.458349e-02 4.372550e-03 9.993917e-01 1.912976e+01
9.993399e-01 -7.600605e-04 3.636157e-02 1.050568e+00 9.737836e-04 9.999826e-01 -5.904278e-03 -2.200724e+00 -3.635597e-02 5.934500e-03 9.993208e-01 2.038915e+01
9.992996e-01 -8.150016e-04 3.745220e-02 1.144548e+00 1.090337e-03 9.999727e-01 -7.373222e-03 -2.339882e+00 -3.744401e-02 7.407778e-03 9.992706e-01 2.164332e+01
9.992646e-01 -7.716072e-04 3.836215e-02 1.242317e+00 1.154749e-03 9.999499e-01 -9.993104e-03 -2.482196e+00 -3.835205e-02 1.002896e-02 9.992131e-01 2.289596e+01
9.992211e-01 3.371913e-05 3.948754e-02 1.332680e+00 4.139488e-04 9.999359e-01 -1.135755e-02 -2.623327e+00 -3.948417e-02 1.136346e-02 9.991546e-01 2.414529e+01
9.991769e-01 8.650933e-04 4.058824e-02 1.425108e+00 -3.684265e-04 9.999251e-01 -1.226662e-02 -2.771003e+00 -4.059520e-02 1.223967e-02 9.991000e-01 2.539282e+01
9.991588e-01 -8.353397e-04 4.102556e-02 1.521267e+00 1.286707e-03 9.999392e-01 -1.099509e-02 -2.914843e+00 -4.101341e-02 1.103683e-02 9.990962e-01 2.663836e+01
9.991632e-01 -3.655224e-03 4.076621e-02 1.622562e+00 4.060920e-03 9.999431e-01 -9.904603e-03 -3.061016e+00 -4.072596e-02 1.006065e-02 9.991190e-01 2.787857e+01
9.991851e-01 -5.247081e-03 4.004950e-02 1.720884e+00 5.664737e-03 9.999307e-01 -1.036299e-02 -3.206982e+00 -3.999111e-02 1.058029e-02 9.991427e-01 2.911694e+01
9.992035e-01 -6.845263e-03 3.934028e-02 1.821597e+00 7.358000e-03 9.998899e-01 -1.292145e-02 -3.353608e+00 -3.924625e-02 1.319899e-02 9.991418e-01 3.034489e+01
9.992222e-01 -7.314445e-03 3.878972e-02 1.916802e+00 7.835299e-03 9.998809e-01 -1.332891e-02 -3.494753e+00 -3.868695e-02 1.362142e-02 9.991578e-01 3.158066e+01
9.992404e-01 -7.875060e-03 3.818052e-02 2.010981e+00 8.400496e-03 9.998719e-01 -1.365612e-02 -3.640697e+00 -3.806736e-02 1.396465e-02 9.991767e-01 3.281525e+01
9.992565e-01 -8.166637e-03 3.770949e-02 2.101851e+00 8.675971e-03 9.998730e-01 -1.339926e-02 -3.784721e+00 -3.759343e-02 1.371507e-02 9.991982e-01 3.404799e+01
9.992801e-01 -8.614430e-03 3.697352e-02 2.196800e+00 9.142384e-03 9.998582e-01 -1.417879e-02 -3.930866e+00 -3.684509e-02 1.450470e-02 9.992149e-01 3.527713e+01
9.992990e-01 -9.096149e-03 3.634507e-02 2.287724e+00 9.613362e-03 9.998546e-01 -1.411713e-02 -4.075598e+00 -3.621056e-02 1.445478e-02 9.992384e-01 3.650627e+01
9.993060e-01 -8.838260e-03 3.622403e-02 2.379603e+00 9.295048e-03 9.998792e-01 -1.249702e-02 -4.218179e+00 -3.610730e-02 1.282341e-02 9.992649e-01 3.773506e+01
9.992608e-01 -8.582683e-03 3.750345e-02 2.471940e+00 9.002018e-03 9.998989e-01 -1.105073e-02 -4.363217e+00 -3.740333e-02 1.137885e-02 9.992350e-01 3.896149e+01
9.991627e-01 -1.056447e-02 3.955209e-02 2.569558e+00 1.094502e-02 9.998959e-01 -9.454977e-03 -4.501415e+00 -3.944743e-02 9.878181e-03 9.991719e-01 4.018606e+01
9.990665e-01 -1.146520e-02 4.166998e-02 2.673261e+00 1.192058e-02 9.998719e-01 -1.072181e-02 -4.645064e+00 -4.154100e-02 1.120730e-02 9.990733e-01 4.140436e+01
9.989628e-01 -1.296873e-02 4.368616e-02 2.776021e+00 1.359490e-02 9.998087e-01 -1.409405e-02 -4.786539e+00 -4.349380e-02 1.467192e-02 9.989451e-01 4.261757e+01
9.988614e-01 -1.385704e-02 4.568468e-02 2.885683e+00 1.456279e-02 9.997794e-01 -1.516987e-02 -4.929010e+00 -4.546354e-02 1.581643e-02 9.988402e-01 4.382788e+01
9.987241e-01 -1.414328e-02 4.849188e-02 2.997876e+00 1.481558e-02 9.997988e-01 -1.355203e-02 -5.071191e+00 -4.828891e-02 1.425181e-02 9.987316e-01 4.504099e+01
9.985330e-01 -1.552774e-02 5.189634e-02 3.111306e+00 1.609350e-02 9.998155e-01 -1.052860e-02 -5.209370e+00 -5.172122e-02 1.134707e-02 9.985966e-01 4.624702e+01
9.982765e-01 -1.896993e-02 5.555935e-02 3.235538e+00 1.947167e-02 9.997746e-01 -8.518924e-03 -5.346411e+00 -5.538412e-02 9.584159e-03 9.984183e-01 4.744809e+01
9.980320e-01 -2.085622e-02 5.915634e-02 3.360417e+00 2.142459e-02 9.997304e-01 -9.003774e-03 -5.484301e+00 -5.895100e-02 1.025244e-02 9.982078e-01 4.864591e+01
9.977387e-01 -2.405849e-02 6.277484e-02 3.490255e+00 2.489199e-02 9.996119e-01 -1.254487e-02 -5.622106e+00 -6.244705e-02 1.407804e-02 9.979486e-01 4.983382e+01
9.974542e-01 -2.601923e-02 6.640403e-02 3.625500e+00 2.691373e-02 9.995584e-01 -1.263147e-02 -5.758408e+00 -6.604439e-02 1.438503e-02 9.977120e-01 5.102171e+01
9.971381e-01 -2.824646e-02 7.015096e-02 3.760044e+00 2.903454e-02 9.995262e-01 -1.025413e-02 -5.896481e+00 -6.982712e-02 1.226040e-02 9.974833e-01 5.221016e+01
9.968336e-01 -3.100322e-02 7.324024e-02 3.902934e+00 3.159514e-02 9.994770e-01 -6.958047e-03 -6.028274e+00 -7.298441e-02 9.248261e-03 9.972889e-01 5.339268e+01
9.965775e-01 -3.357328e-02 7.555326e-02 4.047256e+00 3.406404e-02 9.994064e-01 -5.231009e-03 -6.160642e+00 -7.533260e-02 7.785237e-03 9.971272e-01 5.457128e+01
9.963869e-01 -3.639635e-02 7.674655e-02 4.193986e+00 3.665302e-02 9.993265e-01 -1.960130e-03 -6.284401e+00 -7.662205e-02 4.764944e-03 9.970484e-01 5.575116e+01
9.962511e-01 -3.936743e-02 7.704168e-02 4.343455e+00 3.952289e-02 9.992189e-01 -5.043304e-04 -6.410357e+00 -7.696026e-02 3.546330e-03 9.970269e-01 5.692540e+01
9.961863e-01 -4.143746e-02 7.679801e-02 4.487117e+00 4.182671e-02 9.991193e-01 -3.477441e-03 -6.537307e+00 -7.658535e-02 6.674484e-03 9.970394e-01 5.809234e+01
9.962136e-01 -4.235809e-02 7.593250e-02 4.629361e+00 4.308891e-02 9.990395e-01 -8.021349e-03 -6.663977e+00 -7.551861e-02 1.126113e-02 9.970803e-01 5.925132e+01
9.962321e-01 -4.419167e-02 7.463484e-02 4.775664e+00 4.518345e-02 9.989110e-01 -1.167351e-02 -6.795083e+00 -7.403661e-02 1.500029e-02 9.971420e-01 6.040762e+01
9.962691e-01 -4.594908e-02 7.306699e-02 4.913653e+00 4.709722e-02 9.987915e-01 -1.408429e-02 -6.927917e+00 -7.233067e-02 1.747192e-02 9.972267e-01 6.156326e+01
9.963997e-01 -4.590696e-02 7.129487e-02 5.042463e+00 4.703699e-02 9.987916e-01 -1.427074e-02 -7.060161e+00 -7.055332e-02 1.757097e-02 9.973523e-01 6.271914e+01
9.966268e-01 -4.534529e-02 6.842228e-02 5.170925e+00 4.637825e-02 9.988319e-01 -1.359677e-02 -7.198644e+00 -6.772470e-02 1.672258e-02 9.975629e-01 6.387413e+01
9.969051e-01 -4.445789e-02 6.485568e-02 5.296969e+00 4.529973e-02 9.989068e-01 -1.158153e-02 -7.330436e+00 -6.426805e-02 1.448168e-02 9.978267e-01 6.502597e+01
9.972738e-01 -4.085635e-02 6.146466e-02 5.409415e+00 4.142479e-02 9.991099e-01 -8.020581e-03 -7.460188e+00 -6.108117e-02 1.054354e-02 9.980764e-01 6.618137e+01
9.975351e-01 -3.895406e-02 5.838807e-02 5.517652e+00 3.934696e-02 9.992103e-01 -5.618714e-03 -7.588990e+00 -5.812167e-02 7.901247e-03 9.982769e-01 6.733187e+01
9.977615e-01 -3.798059e-02 5.506238e-02 5.626711e+00 3.853044e-02 9.992176e-01 -8.974514e-03 -7.720092e+00 -5.467705e-02 1.107446e-02 9.984413e-01 6.847316e+01
9.979412e-01 -3.816144e-02 5.157103e-02 5.732297e+00 3.902068e-02 9.991142e-01 -1.578233e-02 -7.850005e+00 -5.092140e-02 1.776043e-02 9.985444e-01 6.960649e+01
9.979877e-01 -4.198354e-02 4.754631e-02 5.842935e+00 4.290314e-02 9.989080e-01 -1.851700e-02 -7.984308e+00 -4.671523e-02 2.051811e-02 9.986963e-01 7.074486e+01
9.980110e-01 -4.561487e-02 4.353745e-02 5.950115e+00 4.624724e-02 9.988372e-01 -1.365053e-02 -8.118810e+00 -4.286225e-02 1.563488e-02 9.989577e-01 7.189052e+01
9.979954e-01 -4.962140e-02 3.932370e-02 6.053447e+00 5.000983e-02 9.987088e-01 -8.981254e-03 -8.245350e+00 -3.882653e-02 1.092868e-02 9.991853e-01 7.303702e+01
9.980697e-01 -5.145264e-02 3.481230e-02 6.147335e+00 5.169066e-02 9.986457e-01 -5.992597e-03 -8.370764e+00 -3.445510e-02 7.778643e-03 9.993750e-01 7.417893e+01
9.982612e-01 -5.039106e-02 3.062859e-02 6.229810e+00 5.053205e-02 9.987153e-01 -3.894180e-03 -8.493155e+00 -3.039229e-02 5.434173e-03 9.995226e-01 7.531639e+01
9.983860e-01 -5.000077e-02 2.696986e-02 6.310593e+00 5.011392e-02 9.987374e-01 -3.591937e-03 -8.615177e+00 -2.675537e-02 4.936053e-03 9.996294e-01 7.644692e+01
9.985293e-01 -4.877193e-02 2.374845e-02 6.387779e+00 4.891118e-02 9.987890e-01 -5.383351e-03 -8.737552e+00 -2.345614e-02 6.535279e-03 9.997027e-01 7.757160e+01
9.986980e-01 -4.665258e-02 2.069468e-02 6.455955e+00 4.687664e-02 9.988455e-01 -1.054142e-02 -8.864965e+00 -2.017787e-02 1.149599e-02 9.997301e-01 7.869009e+01
9.986014e-01 -4.994922e-02 1.740731e-02 6.529522e+00 5.022195e-02 9.986152e-01 -1.569548e-02 -8.994033e+00 -1.659760e-02 1.654632e-02 9.997243e-01 7.980348e+01
9.984735e-01 -5.350083e-02 1.381232e-02 6.601043e+00 5.372451e-02 9.984210e-01 -1.643277e-02 -9.124203e+00 -1.291068e-02 1.714842e-02 9.997686e-01 8.092139e+01
9.985045e-01 -5.372382e-02 1.024898e-02 6.662926e+00 5.385571e-02 9.984627e-01 -1.314584e-02 -9.252818e+00 -9.526767e-03 1.367627e-02 9.998603e-01 8.204174e+01
9.984987e-01 -5.425744e-02 7.608479e-03 6.722868e+00 5.433945e-02 9.984607e-01 -1.114919e-02 -9.377170e+00 -6.990714e-03 1.154414e-02 9.999076e-01 8.315541e+01
9.986330e-01 -5.190419e-02 6.370794e-03 6.775772e+00 5.197992e-02 9.985698e-01 -1.254515e-02 -9.505870e+00 -5.710050e-03 1.285764e-02 9.999005e-01 8.426303e+01
9.988025e-01 -4.856729e-02 6.147766e-03 6.822937e+00 4.865718e-02 9.986941e-01 -1.560380e-02 -9.634905e+00 -5.380394e-03 1.588274e-02 9.998585e-01 8.536465e+01
9.988716e-01 -4.720315e-02 5.513091e-03 6.871684e+00 4.729627e-02 9.987131e-01 -1.833489e-02 -9.765550e+00 -4.639727e-03 1.857353e-02 9.998165e-01 8.646352e+01
9.988063e-01 -4.868505e-02 4.266564e-03 6.926852e+00 4.875591e-02 9.986316e-01 -1.893813e-02 -9.898541e+00 -3.337921e-03 1.912192e-02 9.998104e-01 8.756260e+01
9.987733e-01 -4.946290e-02 2.918281e-03 6.982904e+00 4.950383e-02 9.986380e-01 -1.650773e-02 -1.002840e+01 -2.096474e-03 1.663026e-02 9.998584e-01 8.866613e+01
9.987009e-01 -5.093816e-02 1.926381e-03 7.038654e+00 5.095834e-02 9.986086e-01 -1.360384e-02 -1.015719e+01 -1.229706e-03 1.368283e-02 9.999054e-01 8.976723e+01
9.987172e-01 -5.063288e-02 1.340205e-03 7.089177e+00 5.064453e-02 9.986364e-01 -1.269987e-02 -1.028515e+01 -6.948962e-04 1.275043e-02 9.999176e-01 9.086277e+01
9.986941e-01 -5.109936e-02 9.851346e-04 7.140241e+00 5.110707e-02 9.985794e-01 -1.510241e-02 -1.041272e+01 -2.107199e-04 1.513195e-02 9.998852e-01 9.194566e+01
9.986784e-01 -5.141595e-02 5.926200e-04 7.190036e+00 5.141662e-02 9.985016e-01 -1.875925e-02 -1.054115e+01 3.738054e-04 1.876343e-02 9.998231e-01 9.302175e+01
9.986468e-01 -5.201984e-02 3.316595e-04 7.240552e+00 5.201529e-02 9.984466e-01 -1.999274e-02 -1.067050e+01 7.100159e-04 1.998136e-02 9.997992e-01 9.408989e+01
9.986452e-01 -5.205597e-02 6.214654e-04 7.288891e+00 5.205741e-02 9.984685e-01 -1.874825e-02 -1.079940e+01 3.570925e-04 1.875354e-02 9.998234e-01 9.516027e+01
9.986814e-01 -5.134710e-02 1.087857e-03 7.337002e+00 5.135568e-02 9.985923e-01 -1.329727e-02 -1.092209e+01 -4.022067e-04 1.333382e-02 9.999097e-01 9.623001e+01
9.987703e-01 -4.955542e-02 2.166392e-03 7.383889e+00 4.957367e-02 9.987202e-01 -1.005913e-02 -1.104512e+01 -1.664270e-03 1.015290e-02 9.999463e-01 9.728473e+01
9.988372e-01 -4.807852e-02 3.903281e-03 7.435864e+00 4.811425e-02 9.987933e-01 -9.892122e-03 -1.116548e+01 -3.422296e-03 1.006649e-02 9.999422e-01 9.832160e+01
9.989088e-01 -4.633269e-02 6.013670e-03 7.484891e+00 4.640090e-02 9.988510e-01 -1.201640e-02 -1.128280e+01 -5.449274e-03 1.228060e-02 9.999094e-01 9.933919e+01
9.988922e-01 -4.637304e-02 8.135033e-03 7.540038e+00 4.648731e-02 9.988125e-01 -1.460963e-02 -1.140195e+01 -7.446253e-03 1.497036e-02 9.998591e-01 1.003379e+02
9.987988e-01 -4.799894e-02 9.952927e-03 7.600303e+00 4.814820e-02 9.987207e-01 -1.548025e-02 -1.152012e+01 -9.196228e-03 1.593950e-02 9.998297e-01 1.013222e+02
9.987017e-01 -4.964667e-02 1.155732e-02 7.661324e+00 4.981199e-02 9.986527e-01 -1.457265e-02 -1.163581e+01 -1.081790e-02 1.512784e-02 9.998265e-01 1.022858e+02
9.986544e-01 -5.019627e-02 1.311909e-02 7.720074e+00 5.036718e-02 9.986449e-01 -1.312914e-02 -1.175048e+01 -1.244144e-02 1.377109e-02 9.998271e-01 1.032304e+02
9.985912e-01 -5.104574e-02 1.457220e-02 7.780218e+00 5.121411e-02 9.986220e-01 -1.149623e-02 -1.185869e+01 -1.396458e-02 1.222463e-02 9.998268e-01 1.041529e+02
9.985370e-01 -5.161914e-02 1.620885e-02 7.840544e+00 5.181222e-02 9.985875e-01 -1.180523e-02 -1.196787e+01 -1.557589e-02 1.262620e-02 9.997978e-01 1.050470e+02
9.985192e-01 -5.131274e-02 1.810864e-02 7.896400e+00 5.149951e-02 9.986227e-01 -1.006285e-02 -1.206923e+01 -1.756652e-02 1.097956e-02 9.997845e-01 1.059213e+02
9.985312e-01 -5.047874e-02 1.975800e-02 7.952928e+00 5.064003e-02 9.986868e-01 -7.822339e-03 -1.216850e+01 -1.933560e-02 8.810102e-03 9.997735e-01 1.067750e+02
9.985093e-01 -5.034613e-02 2.114120e-02 8.010659e+00 5.046184e-02 9.987139e-01 -5.014152e-03 -1.226340e+01 -2.086031e-02 6.071614e-03 9.997638e-01 1.076074e+02
9.984695e-01 -5.049913e-02 2.257716e-02 8.069238e+00 5.061790e-02 9.987070e-01 -4.786447e-03 -1.235667e+01 -2.230497e-02 5.920799e-03 9.997334e-01 1.084133e+02
9.984813e-01 -4.984041e-02 2.350751e-02 8.124184e+00 4.994935e-02 9.987438e-01 -4.109562e-03 -1.244206e+01 -2.327256e-02 5.276348e-03 9.997144e-01 1.091952e+02
9.985835e-01 -4.751913e-02 2.397966e-02 8.173941e+00 4.761529e-02 9.988600e-01 -3.515625e-03 -1.252555e+01 -2.378378e-02 4.651394e-03 9.997054e-01 1.099528e+02
9.987178e-01 -4.505724e-02 2.311405e-02 8.219968e+00 4.508068e-02 9.989836e-01 -5.332138e-04 -1.260487e+01 -2.306610e-02 1.572689e-03 9.997322e-01 1.106920e+02
9.987919e-01 -4.494051e-02 1.991774e-02 8.263594e+00 4.493892e-02 9.989900e-01 4.517670e-04 -1.268495e+01 -1.991623e-02 4.427623e-04 9.998005e-01 1.114035e+02
9.989079e-01 -4.476557e-02 1.351007e-02 8.300238e+00 4.475776e-02 9.989980e-01 8.122559e-04 -1.276199e+01 -1.353180e-02 -2.079513e-04 9.999072e-01 1.120849e+02
9.990696e-01 -4.302445e-02 3.283337e-03 8.321298e+00 4.302537e-02 9.990743e-01 -6.104981e-04 -1.283497e+01 -3.253232e-03 7.494862e-04 9.999939e-01 1.127380e+02
9.991074e-01 -4.075754e-02 -1.121246e-02 8.326847e+00 4.072175e-02 9.991655e-01 -3.295439e-03 -1.290368e+01 1.133920e-02 2.834572e-03 9.999310e-01 1.133582e+02
9.987898e-01 -3.913838e-02 -2.983167e-02 8.317723e+00 3.898343e-02 9.992239e-01 -5.734620e-03 -1.297220e+01 3.003375e-02 4.563170e-03 9.995371e-01 1.139515e+02
9.979122e-01 -3.742613e-02 -5.265026e-02 8.291559e+00 3.705290e-02 9.992815e-01 -8.033030e-03 -1.304089e+01 5.291411e-02 6.063855e-03 9.985802e-01 1.145211e+02
9.961361e-01 -3.585468e-02 -8.017982e-02 8.246369e+00 3.518131e-02 9.993335e-01 -9.786281e-03 -1.310708e+01 8.047847e-02 6.925933e-03 9.967314e-01 1.150684e+02
9.931210e-01 -3.345867e-02 -1.122223e-01 8.176621e+00 3.232166e-02 9.994068e-01 -1.192249e-02 -1.317373e+01 1.125552e-01 8.211879e-03 9.936110e-01 1.155955e+02
9.885997e-01 -2.903090e-02 -1.477502e-01 8.083162e+00 2.738243e-02 9.995387e-01 -1.317127e-02 -1.323775e+01 1.480660e-01 8.973773e-03 9.889364e-01 1.161093e+02
9.822895e-01 -2.285820e-02 -1.859741e-01 7.961658e+00 2.086221e-02 9.997024e-01 -1.267561e-02 -1.329731e+01 1.862098e-01 8.569931e-03 9.824721e-01 1.166131e+02
9.736362e-01 -1.733268e-02 -2.274523e-01 7.817018e+00 1.531200e-02 9.998266e-01 -1.064223e-02 -1.335472e+01 2.275981e-01 6.877332e-03 9.737301e-01 1.171051e+02
9.621305e-01 -1.264974e-02 -2.723003e-01 7.652813e+00 1.056395e-02 9.999030e-01 -9.121708e-03 -1.341286e+01 2.723902e-01 5.898660e-03 9.621678e-01 1.175812e+02
9.477364e-01 -6.560994e-03 -3.189909e-01 7.459541e+00 3.781364e-03 9.999498e-01 -9.329432e-03 -1.347267e+01 3.190375e-01 7.633660e-03 9.477110e-01 1.180401e+02
9.303045e-01 1.245101e-03 -3.667898e-01 7.237793e+00 -5.184185e-03 9.999395e-01 -9.752270e-03 -1.352773e+01 3.667564e-01 1.097259e-02 9.302512e-01 1.184782e+02
9.090547e-01 6.123921e-03 -4.166342e-01 6.995990e+00 -1.145931e-02 9.998818e-01 -1.030421e-02 -1.358235e+01 4.165218e-01 1.413989e-02 9.090147e-01 1.188991e+02
8.837116e-01 1.012748e-02 -4.679239e-01 6.736044e+00 -1.634012e-02 9.998244e-01 -9.218309e-03 -1.363234e+01 4.677491e-01 1.579122e-02 8.837195e-01 1.193020e+02
8.547273e-01 1.358104e-02 -5.189011e-01 6.452323e+00 -2.110423e-02 9.997408e-01 -8.595535e-03 -1.368192e+01 5.186508e-01 1.829625e-02 8.547900e-01 1.196841e+02
8.228621e-01 2.317796e-02 -5.677694e-01 6.137339e+00 -3.164824e-02 9.994867e-01 -5.063905e-03 -1.372899e+01 5.673619e-01 2.213368e-02 8.231705e-01 1.200422e+02
7.890226e-01 3.646453e-02 -6.132818e-01 5.794906e+00 -4.507077e-02 9.989832e-01 1.412856e-03 -1.377132e+01 6.127105e-01 2.652471e-02 7.898620e-01 1.203743e+02
7.528858e-01 4.554608e-02 -6.565739e-01 5.442677e+00 -5.663232e-02 9.983862e-01 4.318552e-03 -1.381324e+01 6.557118e-01 3.392985e-02 7.542484e-01 1.206800e+02
7.130244e-01 4.919739e-02 -6.994121e-01 5.081898e+00 -6.380690e-02 9.979495e-01 5.148228e-03 -1.385721e+01 6.982314e-01 4.095495e-02 7.146996e-01 1.209672e+02
6.706357e-01 5.049080e-02 -7.400666e-01 4.708335e+00 -6.628578e-02 9.977691e-01 8.005723e-03 -1.389874e+01 7.388201e-01 4.368515e-02 6.724843e-01 1.212443e+02
6.266316e-01 5.477638e-02 -7.773887e-01 4.313215e+00 -7.038744e-02 9.974283e-01 1.354441e-02 -1.393375e+01 7.761316e-01 4.622966e-02 6.288739e-01 1.215027e+02
5.815111e-01 6.313563e-02 -8.110855e-01 3.893340e+00 -8.132406e-02 9.965020e-01 1.926407e-02 -1.396395e+01 8.094646e-01 5.475725e-02 5.846096e-01 1.217272e+02
5.358403e-01 7.231009e-02 -8.412184e-01 3.454693e+00 -9.290008e-02 9.953263e-01 2.638162e-02 -1.399128e+01 8.391942e-01 6.401110e-02 5.400508e-01 1.219296e+02
4.890326e-01 7.740455e-02 -8.688252e-01 3.009469e+00 -9.861210e-02 9.945757e-01 3.310222e-02 -1.401605e+01 8.666737e-01 6.948715e-02 4.940113e-01 1.221198e+02
4.413070e-01 7.845474e-02 -8.939206e-01 2.557911e+00 -9.770501e-02 9.944497e-01 3.904320e-02 -1.404092e+01 8.920225e-01 7.010923e-02 4.465214e-01 1.223038e+02
3.942064e-01 8.019267e-02 -9.155166e-01 2.090123e+00 -9.512499e-02 9.943957e-01 4.614304e-02 -1.406293e+01 9.140865e-01 6.889779e-02 3.996242e-01 1.224731e+02
3.482436e-01 8.303175e-02 -9.337198e-01 1.605993e+00 -9.670731e-02 9.939374e-01 5.231870e-02 -1.408573e+01 9.324031e-01 7.207649e-02 3.541601e-01 1.226179e+02
3.041542e-01 8.633729e-02 -9.487025e-01 1.106429e+00 -1.022152e-01 9.930934e-01 5.760729e-02 -1.410521e+01 9.471234e-01 7.944880e-02 3.108771e-01 1.227357e+02
2.624092e-01 8.768045e-02 -9.609648e-01 5.966217e-01 -1.067859e-01 9.923857e-01 6.138795e-02 -1.412285e+01 9.590300e-01 8.650753e-02 2.697732e-01 1.228342e+02
2.230735e-01 8.455902e-02 -9.711278e-01 7.820089e-02 -1.070125e-01 9.923341e-01 6.182456e-02 -1.413994e+01 9.689099e-01 9.013036e-02 2.304110e-01 1.229298e+02
1.879623e-01 7.939720e-02 -9.789622e-01 -4.494016e-01 -1.019049e-01 9.929248e-01 6.096354e-02 -1.415883e+01 9.768758e-01 8.830101e-02 1.947225e-01 1.230254e+02
1.571521e-01 7.422681e-02 -9.847810e-01 -9.917316e-01 -9.918001e-02 9.933167e-01 5.904271e-02 -1.418068e+01 9.825815e-01 8.839091e-02 1.634622e-01 1.231078e+02
1.305646e-01 7.246397e-02 -9.887881e-01 -1.553603e+00 -1.000419e-01 9.931984e-01 5.957722e-02 -1.419895e+01 9.863799e-01 9.114086e-02 1.369253e-01 1.231737e+02
1.084903e-01 7.189425e-02 -9.914947e-01 -2.133720e+00 -1.010049e-01 9.930174e-01 6.095297e-02 -1.421538e+01 9.889530e-01 9.353203e-02 1.149938e-01 1.232332e+02
8.980461e-02 7.298861e-02 -9.932820e-01 -2.728052e+00 -1.027157e-01 9.926722e-01 6.365740e-02 -1.422848e+01 9.906493e-01 9.630726e-02 9.664191e-02 1.232864e+02
7.337605e-02 7.119414e-02 -9.947609e-01 -3.330738e+00 -1.032882e-01 9.926278e-01 6.342257e-02 -1.424988e+01 9.919410e-01 9.809235e-02 8.018795e-02 1.233348e+02
5.944774e-02 6.989897e-02 -9.957816e-01 -3.947148e+00 -1.019731e-01 9.927526e-01 6.359832e-02 -1.427640e+01 9.930090e-01 9.776070e-02 6.614354e-02 1.233822e+02
4.692883e-02 6.750263e-02 -9.966152e-01 -4.576169e+00 -9.804592e-02 9.932080e-01 6.265483e-02 -1.430105e+01 9.940753e-01 9.477287e-02 5.322686e-02 1.234303e+02
3.473287e-02 6.478018e-02 -9.972950e-01 -5.218428e+00 -9.557626e-02 9.935391e-01 6.120735e-02 -1.431832e+01 9.948161e-01 9.319036e-02 4.069808e-02 1.234709e+02
2.406628e-02 6.425242e-02 -9.976440e-01 -5.874309e+00 -9.513985e-02 9.935508e-01 6.169405e-02 -1.433703e+01 9.951731e-01 9.342958e-02 3.002334e-02 1.234993e+02
1.435138e-02 6.601545e-02 -9.977154e-01 -6.543730e+00 -9.859483e-02 9.930493e-01 6.428882e-02 -1.436047e+01 9.950249e-01 9.744626e-02 2.075962e-02 1.235151e+02
5.906229e-03 6.541260e-02 -9.978409e-01 -7.215852e+00 -1.013366e-01 9.927609e-01 6.447945e-02 -1.438409e+01 9.948348e-01 1.007363e-01 1.249146e-02 1.235280e+02
-7.950768e-04 6.465481e-02 -9.979077e-01 -7.899271e+00 -1.036161e-01 9.925314e-01 6.438870e-02 -1.440429e+01 9.946170e-01 1.034495e-01 5.908934e-03 1.235402e+02
-6.096089e-03 6.569093e-02 -9.978214e-01 -8.593790e+00 -1.043715e-01 9.923485e-01 6.596803e-02 -1.442306e+01 9.945198e-01 1.045456e-01 8.056485e-04 1.235550e+02
-9.264679e-03 6.833823e-02 -9.976196e-01 -9.299069e+00 -1.065322e-01 9.919170e-01 6.893686e-02 -1.444365e+01 9.942657e-01 1.069166e-01 -1.910774e-03 1.235665e+02
-1.060780e-02 7.196015e-02 -9.973518e-01 -1.001103e+01 -1.087518e-01 9.914082e-01 7.268832e-02 -1.446586e+01 9.940121e-01 1.092338e-01 -2.692123e-03 1.235772e+02
-1.202342e-02 7.530501e-02 -9.970885e-01 -1.073316e+01 -1.120011e-01 9.907841e-01 7.617993e-02 -1.448379e+01 9.936356e-01 1.125900e-01 -3.480062e-03 1.235867e+02
-1.324181e-02 8.081036e-02 -9.966417e-01 -1.146670e+01 -1.162895e-01 9.898413e-01 8.180385e-02 -1.449205e+01 9.931273e-01 1.169810e-01 -3.710368e-03 1.235925e+02
-1.432767e-02 8.452891e-02 -9.963183e-01 -1.220283e+01 -1.193490e-01 9.891526e-01 8.563687e-02 -1.450297e+01 9.927492e-01 1.201357e-01 -4.084373e-03 1.235988e+02
-1.587971e-02 8.505506e-02 -9.962497e-01 -1.293969e+01 -1.189331e-01 9.891413e-01 8.634412e-02 -1.452230e+01 9.927753e-01 1.198574e-01 -5.592586e-03 1.236120e+02
-1.740921e-02 8.177503e-02 -9.964990e-01 -1.367874e+01 -1.167663e-01 9.896643e-01 8.325379e-02 -1.453822e+01 9.930068e-01 1.178057e-01 -7.682609e-03 1.236289e+02
-1.886345e-02 7.860126e-02 -9.967285e-01 -1.442630e+01 -1.207838e-01 9.894253e-01 8.031104e-02 -1.454604e+01 9.924992e-01 1.219022e-01 -9.170617e-03 1.236320e+02
-2.052769e-02 8.017799e-02 -9.965692e-01 -1.518737e+01 -1.254187e-01 9.886992e-01 8.212868e-02 -1.455506e+01 9.918919e-01 1.266731e-01 -1.024068e-02 1.236323e+02
-2.225759e-02 8.351295e-02 -9.962585e-01 -1.595687e+01 -1.225710e-01 9.887598e-01 8.562310e-02 -1.456941e+01 9.922102e-01 1.240170e-01 -1.177219e-02 1.236446e+02
-2.442773e-02 8.369497e-02 -9.961927e-01 -1.672808e+01 -1.214586e-01 9.888593e-01 8.605692e-02 -1.458643e+01 9.922959e-01 1.230975e-01 -1.399099e-02 1.236555e+02
-2.572379e-02 8.310423e-02 -9.962095e-01 -1.750510e+01 -1.250499e-01 9.884439e-01 8.568563e-02 -1.459806e+01 9.918168e-01 1.267791e-01 -1.503500e-02 1.236551e+02
-2.656985e-02 8.278537e-02 -9.962134e-01 -1.828788e+01 -1.293339e-01 9.879048e-01 8.554462e-02 -1.460461e+01 9.912457e-01 1.311156e-01 -1.554216e-02 1.236516e+02
-2.798047e-02 8.715325e-02 -9.958024e-01 -1.908412e+01 -1.313397e-01 9.872355e-01 9.009361e-02 -1.461145e+01 9.909425e-01 1.333077e-01 -1.617716e-02 1.236527e+02
-2.858305e-02 9.163318e-02 -9.953829e-01 -1.988698e+01 -1.303523e-01 9.869448e-01 9.459926e-02 -1.462138e+01 9.910556e-01 1.324530e-01 -1.626668e-02 1.236600e+02
-2.757824e-02 9.389380e-02 -9.952003e-01 -2.069402e+01 -1.311639e-01 9.866317e-01 9.671986e-02 -1.462757e+01 9.909765e-01 1.332006e-01 -1.489480e-02 1.236663e+02
-2.633218e-02 9.270309e-02 -9.953456e-01 -2.150478e+01 -1.307064e-01 9.868241e-01 9.536692e-02 -1.463451e+01 9.910717e-01 1.326079e-01 -1.386917e-02 1.236749e+02
-2.549228e-02 9.228695e-02 -9.954071e-01 -2.232157e+01 -1.302647e-01 9.869336e-01 9.483726e-02 -1.463801e+01 9.911516e-01 1.320825e-01 -1.313775e-02 1.236860e+02
-2.502213e-02 9.169844e-02 -9.954732e-01 -2.314449e+01 -1.296102e-01 9.870823e-01 9.418384e-02 -1.464530e+01 9.912499e-01 1.313789e-01 -1.281495e-02 1.236988e+02
-2.438667e-02 9.333934e-02 -9.953356e-01 -2.397899e+01 -1.305122e-01 9.868140e-01 9.573762e-02 -1.464936e+01 9.911467e-01 1.322367e-01 -1.188414e-02 1.237071e+02
-2.410019e-02 9.556960e-02 -9.951312e-01 -2.482145e+01 -1.329248e-01 9.862757e-01 9.793871e-02 -1.465265e+01 9.908333e-01 1.346370e-01 -1.106661e-02 1.237141e+02
-2.350377e-02 9.821537e-02 -9.948880e-01 -2.567216e+01 -1.354787e-01 9.856698e-01 1.005064e-01 -1.465331e+01 9.905017e-01 1.371472e-01 -9.862378e-03 1.237173e+02
-2.218031e-02 9.937988e-02 -9.948024e-01 -2.652619e+01 -1.379206e-01 9.852294e-01 1.014984e-01 -1.465559e+01 9.901952e-01 1.394535e-01 -8.146779e-03 1.237243e+02
-2.034761e-02 1.021113e-01 -9.945654e-01 -2.738887e+01 -1.443160e-01 9.840534e-01 1.039844e-01 -1.464930e+01 9.893227e-01 1.456461e-01 -5.287442e-03 1.237267e+02
-1.769063e-02 1.058361e-01 -9.942264e-01 -2.826309e+01 -1.493834e-01 9.829414e-01 1.072928e-01 -1.464228e+01 9.886213e-01 1.504177e-01 -1.579718e-03 1.237327e+02
-1.515407e-02 1.080116e-01 -9.940343e-01 -2.913798e+01 -1.523924e-01 9.822850e-01 1.090581e-01 -1.463933e+01 9.882046e-01 1.531344e-01 1.573905e-03 1.237473e+02
-1.184247e-02 1.082807e-01 -9.940505e-01 -3.001562e+01 -1.502807e-01 9.826357e-01 1.088277e-01 -1.463663e+01 9.885724e-01 1.506747e-01 4.635039e-03 1.237732e+02
-9.096827e-03 1.079259e-01 -9.941182e-01 -3.089591e+01 -1.524682e-01 9.823848e-01 1.080477e-01 -1.462977e+01 9.882666e-01 1.525533e-01 7.517146e-03 1.237943e+02
-6.175265e-03 1.115493e-01 -9.937403e-01 -3.178371e+01 -1.530713e-01 9.819419e-01 1.111757e-01 -1.461951e+01 9.881963e-01 1.527985e-01 1.101015e-02 1.238194e+02
-4.026616e-03 1.139423e-01 -9.934794e-01 -3.267189e+01 -1.525878e-01 9.817837e-01 1.132191e-01 -1.461667e+01 9.882820e-01 1.520472e-01 1.343189e-02 1.238505e+02
-1.954821e-03 1.149735e-01 -9.933674e-01 -3.355648e+01 -1.529306e-01 9.816494e-01 1.139186e-01 -1.461017e+01 9.882348e-01 1.521381e-01 1.566256e-02 1.238831e+02
2.150783e-04 1.130501e-01 -9.935903e-01 -3.443849e+01 -1.540645e-01 9.817309e-01 1.116679e-01 -1.460171e+01 9.880614e-01 1.530512e-01 1.762726e-02 1.239152e+02
6.279283e-04 1.142119e-01 -9.934566e-01 -3.532293e+01 -1.583534e-01 9.809333e-01 1.126717e-01 -1.459279e+01 9.873828e-01 1.572451e-01 1.870021e-02 1.239387e+02
1.766296e-03 1.147718e-01 -9.933906e-01 -3.620886e+01 -1.589489e-01 9.807953e-01 1.130336e-01 -1.458677e+01 9.872854e-01 1.576979e-01 1.997416e-02 1.239692e+02
2.207515e-03 1.113009e-01 -9.937844e-01 -3.708676e+01 -1.593982e-01 9.811200e-01 1.095283e-01 -1.458707e+01 9.872123e-01 1.581650e-01 1.990653e-02 1.240005e+02
3.142732e-03 1.068625e-01 -9.942698e-01 -3.796328e+01 -1.601622e-01 9.814925e-01 1.049831e-01 -1.458457e+01 9.870855e-01 1.589132e-01 2.019926e-02 1.240318e+02
3.912451e-03 1.058961e-01 -9.943699e-01 -3.884418e+01 -1.600563e-01 9.816241e-01 1.039088e-01 -1.457946e+01 9.871000e-01 1.587470e-01 2.078864e-02 1.240642e+02
3.481800e-03 1.099605e-01 -9.939304e-01 -3.973083e+01 -1.622300e-01 9.808317e-01 1.079427e-01 -1.457613e+01 9.867470e-01 1.608681e-01 2.125204e-02 1.240963e+02
3.530548e-03 1.161342e-01 -9.932281e-01 -4.061714e+01 -1.621698e-01 9.801526e-01 1.140290e-01 -1.457013e+01 9.867569e-01 1.606680e-01 2.229380e-02 1.241290e+02
4.138861e-03 1.146693e-01 -9.933953e-01 -4.149583e+01 -1.597857e-01 9.807160e-01 1.125396e-01 -1.457156e+01 9.871434e-01 1.582639e-01 2.238090e-02 1.241668e+02
5.287162e-03 1.047174e-01 -9.944882e-01 -4.236187e+01 -1.591590e-01 9.819131e-01 1.025470e-01 -1.458014e+01 9.872387e-01 1.577385e-01 2.185738e-02 1.241999e+02
5.787948e-03 9.418113e-02 -9.955388e-01 -4.323085e+01 -1.609780e-01 9.826587e-01 9.202673e-02 -1.458489e+01 9.869410e-01 1.597260e-01 2.084743e-02 1.242304e+02
4.888290e-03 9.090412e-02 -9.958481e-01 -4.411498e+01 -1.576462e-01 9.834772e-01 8.900097e-02 -1.459163e+01 9.874836e-01 1.565553e-01 1.913808e-02 1.242689e+02
4.754328e-03 1.009715e-01 -9.948784e-01 -4.502048e+01 -1.502253e-01 9.836712e-01 9.911633e-02 -1.459784e+01 9.886405e-01 1.489838e-01 1.984442e-02 1.243202e+02
4.979864e-03 1.143082e-01 -9.934336e-01 -4.593351e+01 -1.456302e-01 9.829372e-01 1.123701e-01 -1.459534e+01 9.893268e-01 1.441131e-01 2.154113e-02 1.243666e+02
5.120008e-03 1.231591e-01 -9.923743e-01 -4.684134e+01 -1.458313e-01 9.818696e-01 1.211025e-01 -1.458534e+01 9.892964e-01 1.440982e-01 2.298672e-02 1.244052e+02
5.106933e-03 1.176051e-01 -9.930475e-01 -4.772887e+01 -1.462778e-01 9.824664e-01 1.155995e-01 -1.458800e+01 9.892309e-01 1.446696e-01 2.221918e-02 1.244432e+02
4.921096e-03 1.041799e-01 -9.945465e-01 -4.860947e+01 -1.461509e-01 9.839543e-01 1.023470e-01 -1.458886e+01 9.892506e-01 1.448486e-01 2.006702e-02 1.244822e+02
5.409990e-03 9.526951e-02 -9.954370e-01 -4.950220e+01 -1.465521e-01 9.847792e-01 9.345289e-02 -1.458849e+01 9.891877e-01 1.453767e-01 1.928856e-02 1.245186e+02
6.240961e-03 9.522653e-02 -9.954366e-01 -5.041005e+01 -1.454698e-01 9.849529e-01 9.331189e-02 -1.459500e+01 9.893431e-01 1.442229e-01 1.999825e-02 1.245553e+02
5.834648e-03 9.647371e-02 -9.953184e-01 -5.132196e+01 -1.487053e-01 9.843525e-01 9.453924e-02 -1.460491e+01 9.888649e-01 1.474568e-01 2.008861e-02 1.245821e+02
6.013365e-03 9.553430e-02 -9.954089e-01 -5.223334e+01 -1.532249e-01 9.837594e-01 9.349087e-02 -1.460592e+01 9.881733e-01 1.519582e-01 2.055296e-02 1.246101e+02
6.747522e-03 9.511203e-02 -9.954444e-01 -5.315280e+01 -1.549472e-01 9.835431e-01 9.292414e-02 -1.461171e+01 9.878995e-01 1.536135e-01 2.137353e-02 1.246433e+02
7.719248e-03 1.024432e-01 -9.947091e-01 -5.408043e+01 -1.640433e-01 9.813923e-01 9.979890e-02 -1.460717e+01 9.864227e-01 1.624036e-01 2.437999e-02 1.246641e+02
9.475177e-03 1.119641e-01 -9.936674e-01 -5.501484e+01 -1.697565e-01 9.794682e-01 1.087458e-01 -1.460091e+01 9.854409e-01 1.676497e-01 2.828555e-02 1.246904e+02
1.069638e-02 1.198323e-01 -9.927367e-01 -5.594953e+01 -1.698900e-01 9.785777e-01 1.162929e-01 -1.459406e+01 9.854047e-01 1.674111e-01 3.082477e-02 1.247296e+02
1.144508e-02 1.205488e-01 -9.926419e-01 -5.687200e+01 -1.712792e-01 9.782716e-01 1.168289e-01 -1.458805e+01 9.851565e-01 1.686806e-01 3.184323e-02 1.247717e+02
1.283750e-02 1.112010e-01 -9.937155e-01 -5.778420e+01 -1.726571e-01 9.791166e-01 1.073369e-01 -1.459135e+01 9.848987e-01 1.701928e-01 3.176822e-02 1.248132e+02
1.404474e-02 1.058868e-01 -9.942793e-01 -5.870541e+01 -1.710886e-01 9.799677e-01 1.019458e-01 -1.458667e+01 9.851557e-01 1.686769e-01 3.187869e-02 1.248618e+02
1.608789e-02 1.041521e-01 -9.944312e-01 -5.963402e+01 -1.694918e-01 9.804510e-01 9.994558e-02 -1.458650e+01 9.854009e-01 1.669392e-01 3.342497e-02 1.249112e+02
1.942711e-02 1.103358e-01 -9.937047e-01 -6.057249e+01 -1.706795e-01 9.796693e-01 1.054402e-01 -1.458768e+01 9.851355e-01 1.675550e-01 3.786400e-02 1.249602e+02
2.317335e-02 1.125411e-01 -9.933775e-01 -6.150768e+01 -1.735145e-01 9.790165e-01 1.068667e-01 -1.458949e+01 9.845587e-01 1.698873e-01 4.221284e-02 1.250076e+02
2.680806e-02 1.074451e-01 -9.938505e-01 -6.243304e+01 -1.727960e-01 9.797392e-01 1.012591e-01 -1.459227e+01 9.845929e-01 1.690179e-01 4.482979e-02 1.250682e+02
2.994946e-02 1.017417e-01 -9.943599e-01 -6.336169e+01 -1.728696e-01 9.803432e-01 9.510123e-02 -1.460068e+01 9.844897e-01 1.690454e-01 4.694775e-02 1.251296e+02
3.324407e-02 1.015475e-01 -9.942753e-01 -6.429780e+01 -1.702025e-01 9.808692e-01 9.448744e-02 -1.460850e+01 9.848486e-01 1.660854e-01 4.989003e-02 1.251960e+02
3.597508e-02 1.059180e-01 -9.937244e-01 -6.524050e+01 -1.678153e-01 9.808882e-01 9.847481e-02 -1.461701e+01 9.851619e-01 1.632184e-01 5.306094e-02 1.252676e+02
3.919301e-02 1.122994e-01 -9.929022e-01 -6.618585e+01 -1.670905e-01 9.804105e-01 1.042905e-01 -1.461850e+01 9.851623e-01 1.618162e-01 5.718882e-02 1.253395e+02
4.209501e-02 1.160162e-01 -9.923555e-01 -6.712573e+01 -1.649827e-01 9.804077e-01 1.076213e-01 -1.462225e+01 9.853978e-01 1.591896e-01 6.041051e-02 1.254181e+02
4.407253e-02 1.175701e-01 -9.920866e-01 -6.806333e+01 -1.645187e-01 9.803477e-01 1.088702e-01 -1.462277e+01 9.853886e-01 1.584178e-01 6.254851e-02 1.254938e+02
4.563315e-02 1.150064e-01 -9.923166e-01 -6.899459e+01 -1.625837e-01 9.809619e-01 1.062139e-01 -1.462458e+01 9.856391e-01 1.564862e-01 6.346089e-02 1.255757e+02
4.625039e-02 1.131953e-01 -9.924963e-01 -6.992686e+01 -1.605527e-01 9.814848e-01 1.044578e-01 -1.462758e+01 9.859427e-01 1.545154e-01 6.356658e-02 1.256556e+02
4.663583e-02 1.091341e-01 -9.929323e-01 -7.085472e+01 -1.574218e-01 9.823963e-01 1.005820e-01 -1.463586e+01 9.864295e-01 1.516172e-01 6.299355e-02 1.257377e+02
4.660533e-02 1.094318e-01 -9.929010e-01 -7.179402e+01 -1.563047e-01 9.825367e-01 1.009530e-01 -1.463749e+01 9.866090e-01 1.504888e-01 6.289519e-02 1.258181e+02
4.625063e-02 1.137032e-01 -9.924384e-01 -7.273570e+01 -1.532373e-01 9.825497e-01 1.054288e-01 -1.463968e+01 9.871068e-01 1.472008e-01 6.286603e-02 1.259017e+02
4.590252e-02 1.155837e-01 -9.922367e-01 -7.367381e+01 -1.474880e-01 9.831825e-01 1.077061e-01 -1.464759e+01 9.879982e-01 1.413975e-01 6.217751e-02 1.259869e+02
4.468078e-02 1.117809e-01 -9.927287e-01 -7.460164e+01 -1.446207e-01 9.839766e-01 1.042864e-01 -1.464978e+01 9.884778e-01 1.389084e-01 6.013049e-02 1.260685e+02
4.344175e-02 1.076212e-01 -9.932423e-01 -7.552742e+01 -1.463901e-01 9.841364e-01 1.002313e-01 -1.465210e+01 9.882725e-01 1.410453e-01 5.850596e-02 1.261395e+02
4.195501e-02 1.046737e-01 -9.936214e-01 -7.645918e+01 -1.430407e-01 9.848819e-01 9.771328e-02 -1.465792e+01 9.888277e-01 1.380275e-01 5.629225e-02 1.262195e+02
4.039271e-02 1.053538e-01 -9.936143e-01 -7.739532e+01 -1.429832e-01 9.848013e-01 9.860639e-02 -1.466154e+01 9.889004e-01 1.380855e-01 5.484178e-02 1.262886e+02
3.969080e-02 1.069412e-01 -9.934729e-01 -7.833356e+01 -1.440667e-01 9.844807e-01 1.002177e-01 -1.466726e+01 9.887723e-01 1.391470e-01 5.448062e-02 1.263550e+02
3.853413e-02 1.069807e-01 -9.935144e-01 -7.926761e+01 -1.459649e-01 9.841910e-01 1.003151e-01 -1.467130e+01 9.885392e-01 1.411516e-01 5.353902e-02 1.264171e+02
3.700670e-02 1.075660e-01 -9.935097e-01 -8.020153e+01 -1.455504e-01 9.841688e-01 1.011331e-01 -1.467313e+01 9.886588e-01 1.408616e-01 5.207639e-02 1.264820e+02
3.473908e-02 1.079480e-01 -9.935498e-01 -8.113502e+01 -1.457968e-01 9.840616e-01 1.018195e-01 -1.467856e+01 9.887047e-01 1.413177e-01 4.992218e-02 1.265466e+02
3.291385e-02 1.105655e-01 -9.933245e-01 -8.207266e+01 -1.455545e-01 9.837969e-01 1.046821e-01 -1.467871e+01 9.888027e-01 1.411363e-01 4.847277e-02 1.266081e+02
3.069399e-02 1.147395e-01 -9.929223e-01 -8.301205e+01 -1.469341e-01 9.831155e-01 1.090645e-01 -1.467632e+01 9.886699e-01 1.425456e-01 4.703451e-02 1.266676e+02
2.864907e-02 1.193987e-01 -9.924335e-01 -8.395121e+01 -1.483445e-01 9.823546e-01 1.139042e-01 -1.466759e+01 9.885212e-01 1.439580e-01 4.585465e-02 1.267244e+02
2.679068e-02 1.189665e-01 -9.925371e-01 -8.488213e+01 -1.483535e-01 9.823719e-01 1.137442e-01 -1.466565e+01 9.885720e-01 1.441976e-01 4.396688e-02 1.267796e+02
2.532168e-02 1.137018e-01 -9.931927e-01 -8.580524e+01 -1.483764e-01 9.829343e-01 1.087447e-01 -1.466310e+01 9.886066e-01 1.446119e-01 4.176007e-02 1.268339e+02
2.369257e-02 1.088159e-01 -9.937802e-01 -8.672839e+01 -1.533769e-01 9.826861e-01 1.039443e-01 -1.465516e+01 9.878840e-01 1.499592e-01 3.997073e-02 1.268757e+02
2.312784e-02 1.069475e-01 -9.939963e-01 -8.765421e+01 -1.513596e-01 9.831753e-01 1.022614e-01 -1.465680e+01 9.882085e-01 1.480846e-01 3.892566e-02 1.269278e+02
2.201307e-02 1.078376e-01 -9.939256e-01 -8.858704e+01 -1.468413e-01 9.837329e-01 1.034799e-01 -1.466305e+01 9.889151e-01 1.436705e-01 3.748911e-02 1.269881e+02
2.163323e-02 1.088769e-01 -9.938200e-01 -8.952106e+01 -1.437935e-01 9.840563e-01 1.046772e-01 -1.466254e+01 9.893713e-01 1.406397e-01 3.694277e-02 1.270436e+02
2.091276e-02 1.086621e-01 -9.938596e-01 -9.045729e+01 -1.387923e-01 9.847667e-01 1.047473e-01 -1.466697e+01 9.901004e-01 1.357487e-01 3.567480e-02 1.271019e+02
1.944928e-02 1.060493e-01 -9.941716e-01 -9.138955e+01 -1.345899e-01 9.855861e-01 1.025010e-01 -1.467357e+01 9.907106e-01 1.318103e-01 3.344049e-02 1.271590e+02
1.850815e-02 1.027171e-01 -9.945386e-01 -9.231902e+01 -1.292028e-01 9.866146e-01 9.949448e-02 -1.467948e+01 9.914459e-01 1.266545e-01 3.153130e-02 1.272178e+02
1.735772e-02 1.045709e-01 -9.943668e-01 -9.325360e+01 -1.275777e-01 9.866188e-01 1.015289e-01 -1.468006e+01 9.916773e-01 1.250951e-01 3.046560e-02 1.272705e+02
1.620425e-02 1.069815e-01 -9.941294e-01 -9.419218e+01 -1.270128e-01 9.864256e-01 1.040826e-01 -1.468154e+01 9.917689e-01 1.245792e-01 2.957147e-02 1.273158e+02
1.458961e-02 1.054903e-01 -9.943138e-01 -9.512123e+01 -1.227246e-01 9.870899e-01 1.029227e-01 -1.468819e+01 9.923342e-01 1.205235e-01 2.734682e-02 1.273642e+02
1.224761e-02 1.021843e-01 -9.946902e-01 -9.604707e+01 -1.201637e-01 9.877064e-01 9.998761e-02 -1.469140e+01 9.926788e-01 1.182999e-01 2.437461e-02 1.274114e+02
9.728849e-03 9.962937e-02 -9.949773e-01 -9.697460e+01 -1.187305e-01 9.881007e-01 9.777957e-02 -1.469682e+01 9.928790e-01 1.171819e-01 2.144103e-02 1.274514e+02
7.169614e-03 9.843469e-02 -9.951178e-01 -9.790387e+01 -1.129047e-01 9.888599e-01 9.700251e-02 -1.470728e+01 9.935804e-01 1.116572e-01 1.820318e-02 1.274968e+02
4.463388e-03 9.941819e-02 -9.950355e-01 -9.883803e+01 -1.064597e-01 9.894384e-01 9.838153e-02 -1.471371e+01 9.943076e-01 1.054909e-01 1.499920e-02 1.275432e+02
2.610728e-03 1.066208e-01 -9.942967e-01 -9.978060e+01 -9.683554e-02 9.896543e-01 1.058683e-01 -1.471329e+01 9.952973e-01 9.600529e-02 1.290781e-02 1.275969e+02
2.941872e-04 1.143426e-01 -9.934416e-01 -1.007239e+02 -8.899348e-02 9.895030e-01 1.138625e-01 -1.471061e+01 9.960321e-01 8.837498e-02 1.046636e-02 1.276457e+02
-2.297959e-03 1.138677e-01 -9.934940e-01 -1.016559e+02 -8.495287e-02 9.898826e-01 1.136501e-01 -1.471124e+01 9.963828e-01 8.465981e-02 7.397719e-03 1.276870e+02
