1.000000000 0.000000000 0.000000000 0.000000000 0.000000000 1.000000000 0.000000000 0.000000000 0.000000000 0.000000000 1.000000000 0.000000000
0.999927342 0.002063317 0.011875286 -0.015966699 -0.002057015 0.999997735 -0.000542866 -0.006394844 -0.011876377 0.000518399 0.999929368 0.813751161
0.999702275 0.000738656 0.024385730 -0.018200785 -0.000695018 0.999998152 -0.001797924 -0.014143735 -0.024387011 0.001780441 0.999701023 1.695909142
0.999321997 0.006556048 0.036228970 -0.010159209 -0.006454264 0.999975026 -0.002925684 -0.022644615 -0.036247246 0.002689869 0.999339342 2.504409075
0.998724341 0.014429881 0.048387334 0.001132727 -0.014269719 0.999891520 -0.003653837 -0.032713886 -0.048434820 0.002958703 0.998821974 3.284934759
0.998115122 0.014551361 0.059618387 0.051024303 -0.014336056 0.999889076 -0.004037521 -0.039869886 -0.059670523 0.003175217 0.998213053 4.253526688
0.997391224 0.015632624 0.070472151 0.116122007 -0.015335401 0.999871075 -0.004756687 -0.046864610 -0.070537418 0.003663559 0.997502327 5.233633041
0.996590316 0.014490055 0.081226647 0.192460805 -0.014063260 0.999884129 -0.005824026 -0.054822981 -0.081301607 0.004661857 0.996678650 6.255177498
0.995649099 0.016102890 0.091780230 0.283642024 -0.015567451 0.999857366 -0.006546901 -0.064871959 -0.091872580 0.005089631 0.995757759 7.353531837
0.994593322 0.018232971 0.102233209 0.388964832 -0.017589517 0.999819398 -0.007192018 -0.071980163 -0.102345914 0.005354900 0.994734466 8.460245132
0.993427813 0.019492719 0.112787955 0.509509802 -0.018782254 0.999796510 -0.007358389 -0.081229560 -0.112908415 0.005191616 0.993591845 9.583164215
0.992056668 0.024003234 0.123480648 0.622219086 -0.023244319 0.999701083 -0.007583190 -0.093245141 -0.123625755 0.004652730 0.992318034 10.522333145
0.990748167 0.022885136 0.133769587 0.761733651 -0.022031225 0.999726415 -0.007860361 -0.102790132 -0.133912846 0.004840529 0.990981340 11.515524864
0.989270329 0.023697093 0.144162744 0.896046877 -0.022752032 0.999707520 -0.008200822 -0.116265759 -0.144314915 0.004832835 0.989519954 12.467453957
0.987839341 0.019740704 0.154220089 1.064029217 -0.018633612 0.999789178 -0.008620982 -0.123750389 -0.154357761 0.005642468 0.987998843 13.527780533
0.986036956 0.024097569 0.164773956 1.204221964 -0.022897052 0.999695659 -0.009181674 -0.142052203 -0.164945096 0.005280633 0.986288607 14.405659676
0.984295964 0.022472892 0.175089508 1.384409308 -0.021152452 0.999732018 -0.009404335 -0.154611945 -0.175253928 0.005553077 0.984507620 15.432904243
0.982360423 0.023727451 0.185485825 1.587950587 -0.022287726 0.999703109 -0.009843480 -0.168102950 -0.185664341 0.005535788 0.982597589 16.540798187
0.980375409 0.022304775 0.195873871 1.809273362 -0.020635689 0.999731302 -0.010558130 -0.181136653 -0.196056753 0.006308938 0.980572164 17.673507690
0.978075564 0.026478216 0.206560031 2.009968519 -0.024624404 0.999630153 -0.011540932 -0.192641914 -0.206789225 0.006201486 0.978365839 18.659442902
0.975491285 0.035598394 0.217139184 2.223641157 -0.033714615 0.999354839 -0.012375080 -0.203680351 -0.217439622 0.004751018 0.976062179 19.658885956
0.973235548 0.034153249 0.227258354 2.452480793 -0.031983234 0.999400854 -0.013225349 -0.224889383 -0.227573901 0.005602921 0.973744631 20.659776688
0.970901549 0.031880185 0.237347409 2.702979088 -0.029252810 0.999465644 -0.014584319 -0.240827337 -0.237685561 0.007216861 0.971315324 21.697128296
0.968284905 0.035038542 0.247379690 2.981340408 -0.032247223 0.999362409 -0.015327482 -0.258704007 -0.247758999 0.006864063 0.968797386 22.837572098
0.965954423 0.031369381 0.256803483 3.245420456 -0.028292552 0.999476910 -0.015668228 -0.274589688 -0.257160664 0.007869167 0.966336608 23.828603745
0.963747680 0.026484605 0.265497357 3.501733541 -0.023037510 0.999605119 -0.016089795 -0.293742090 -0.265818596 0.009390106 0.963977337 24.732248306
0.961370528 0.027729616 0.273857027 3.806277990 -0.023915172 0.999565005 -0.017257966 -0.311514616 -0.274216443 0.010041965 0.961615562 25.820646286
0.959227860 0.027749369 0.281268209 4.126055241 -0.023885287 0.999567449 -0.017157754 -0.333506405 -0.281622708 0.009740024 0.959475815 26.898948669
0.956971347 0.026705770 0.288950920 4.453819752 -0.022697490 0.999594152 -0.017214283 -0.352161169 -0.289293349 0.009915115 0.957189143 28.005199432
0.954658210 0.027850738 0.296398401 4.798592567 -0.023696864 0.999564290 -0.017598597 -0.372124761 -0.296759367 0.009776933 0.954902232 29.139530182
0.952152491 0.033527277 0.303779125 5.140111446 -0.029324360 0.999400795 -0.018388119 -0.393501580 -0.304213583 0.008600163 0.952565014 30.238246918
0.949829638 0.036021125 0.310686469 5.474700451 -0.031686489 0.999317408 -0.018989451 -0.416035116 -0.311158419 0.008192178 0.950322747 31.276649475
0.947708011 0.034312323 0.317288667 5.785699844 -0.029690437 0.999371052 -0.019392017 -0.436761320 -0.317754447 0.008957529 0.948130727 32.193031311
0.945415378 0.035934560 0.323880404 6.092902660 -0.031303193 0.999319732 -0.019499758 -0.460548103 -0.324360728 0.008296881 0.945897043 33.104698181
0.943001568 0.038723525 0.330528051 6.398578167 -0.034212787 0.999225199 -0.019456191 -0.481406718 -0.331025273 0.007038932 0.943595648 33.993923187
0.940822005 0.037558597 0.336813658 6.742854595 -0.032837290 0.999266386 -0.019705292 -0.503395736 -0.337306708 0.007479124 0.941365123 34.947933197
0.938735664 0.036893815 0.342657477 7.074066162 -0.031948887 0.999288023 -0.020066643 -0.523030996 -0.343153745 0.007889748 0.939246058 35.871498108
0.936994195 0.031952418 0.347880542 7.432438850 -0.026485836 0.999439836 -0.020459440 -0.546025276 -0.348339379 0.009956469 0.937315524 36.831932068
0.935236633 0.029733814 0.352772385 7.814120293 -0.023956560 0.999497950 -0.020732446 -0.569513619 -0.353211790 0.010938530 0.935479403 37.853446960
0.933853447 0.023132056 0.356907219 8.207134247 -0.016791778 0.999641538 -0.020853344 -0.593118548 -0.357261688 0.013480858 0.933907092 38.868885040
0.932457805 0.020844879 0.360677004 8.585638046 -0.014344760 0.999683022 -0.020689938 -0.618523598 -0.360993922 0.014118667 0.932461202 39.852134705
0.931273282 0.017268777 0.363911688 9.014287949 -0.010398736 0.999728918 -0.020829313 -0.641466796 -0.364172757 0.015613561 0.931200445 40.938770294
0.930149734 0.015636815 0.366847068 9.442411423 -0.008652651 0.999748826 -0.020675166 -0.670424521 -0.367078245 0.016056797 0.930051446 42.032207489
0.929088533 0.015059447 0.369550586 9.874500275 -0.008055025 0.999757648 -0.020489668 -0.695721149 -0.369769573 0.016059974 0.928984642 43.110782623
0.928074539 0.015618220 0.372066796 10.338026047 -0.008630998 0.999753892 -0.020437639 -0.727942824 -0.372294366 0.015756346 0.927980959 44.273094177
0.927226961 0.014822379 0.374206305 10.786532402 -0.007431780 0.999747932 -0.021185363 -0.752946615 -0.374426007 0.016862622 0.927103519 45.377861023
0.926295221 0.015774259 0.376468241 11.293035507 -0.008130386 0.999727428 -0.021884507 -0.784047782 -0.376710862 0.017210681 0.926171005 46.652164459
0.925574124 0.014597879 0.378285050 11.765470505 -0.006617924 0.999727428 -0.022386620 -0.812696338 -0.378508747 0.018217014 0.925418437 47.801639557
0.924893737 0.015317031 0.379917115 12.272954941 -0.007237442 0.999716401 -0.022686070 -0.843977928 -0.380156845 0.018232573 0.924742281 49.054000854
0.924418807 0.015255601 0.381073922 12.760251999 -0.007078569 0.999713898 -0.022850353 -0.873340130 -0.381313473 0.018425835 0.924262106 50.233428955
0.923961639 0.014533643 0.382208943 13.246616364 -0.006148919 0.999713063 -0.023149926 -0.905814767 -0.382435799 0.019039469 0.923785865 51.411140442
0.923559189 0.016063023 0.383119553 13.751558304 -0.007630129 0.999694347 -0.023520691 -0.936974466 -0.383380264 0.018799495 0.923399150 52.629199982
0.923238814 0.015365476 0.383919567 14.262164116 -0.006774794 0.999695659 -0.023718644 -0.970526457 -0.384167254 0.019296993 0.923061848 53.852870941
0.923042178 0.014937252 0.384408712 14.779409409 -0.006382536 0.999702930 -0.023520455 -1.002275586 -0.384645909 0.019256869 0.922863305 55.093097687
0.922838449 0.014244772 0.384923726 15.329885483 -0.005862300 0.999719620 -0.022941744 -1.039429903 -0.385142595 0.018914985 0.922663212 56.408134460
0.922612190 0.014037485 0.385473371 15.877157211 -0.005745223 0.999726832 -0.022655362 -1.072432041 -0.385686040 0.018687483 0.922440827 57.718647003
0.922498524 0.011887446 0.385817587 16.421905518 -0.003349250 0.999734521 -0.022794748 -1.107832670 -0.385986090 0.019735916 0.922293484 59.023353577
0.922383308 0.012008618 0.386088938 16.982025146 -0.003455333 0.999733150 -0.022839995 -1.140198946 -0.386260182 0.019733164 0.922178686 60.362262726
0.922366440 0.009937683 0.386188179 17.540859222 -0.001147707 0.999735177 -0.022984764 -1.176478863 -0.386314392 0.020757142 0.922133505 61.702270508
0.922404945 0.009737466 0.386101276 18.116224289 -0.000903851 0.999733865 -0.023053948 -1.211023569 -0.386222959 0.020916097 0.922168195 63.074970245
0.922410250 0.010597364 0.386066020 18.689029694 -0.001690427 0.999724627 -0.023403203 -1.246853709 -0.386207640 0.020934738 0.922174275 64.450912476
0.922512829 0.010098123 0.385834247 19.280673981 -0.001143517 0.999724805 -0.023430886 -1.281670213 -0.385964692 0.021174083 0.922270536 65.866355896
0.922598004 0.011247220 0.385598689 19.877841949 -0.002514547 0.999729037 -0.023143895 -1.319694519 -0.385754555 0.020382907 0.922376275 67.297821045
0.922761023 0.009688403 0.385250896 20.477691650 -0.000769134 0.999728262 -0.023299213 -1.358747721 -0.385372013 0.021203293 0.922517657 68.735649109
0.922820210 0.010459205 0.385088861 21.081167221 -0.001561636 0.999724746 -0.023410739 -1.396073580 -0.385227710 0.021002533 0.922582507 70.191009521
0.922891438 0.009759871 0.384936571 21.704847336 -0.000751407 0.999722481 -0.023545947 -1.434377193 -0.385059595 0.021441104 0.922642589 71.688941956
0.922976613 0.010564632 0.384710997 22.338630676 -0.001647085 0.999722362 -0.023502002 -1.472497582 -0.384852499 0.021058146 0.922737777 73.210281372
0.923094273 0.007504045 0.384500504 22.982259750 0.001486079 0.999732554 -0.023078848 -1.514638424 -0.384570867 0.021875352 0.922836244 74.752014160
0.923173070 0.005918705 0.384338945 23.621500015 0.003005120 0.999739766 -0.022613918 -1.553569436 -0.384372771 0.022031548 0.922915101 76.287185669
0.923243165 0.004463724 0.384190291 24.280364990 0.004675238 0.999727905 -0.022850379 -1.594457269 -0.384187758 0.022892635 0.922971129 77.867462158
0.923304021 0.003236137 0.384056300 24.930335999 0.006176377 0.999710083 -0.023272295 -1.633483052 -0.384020239 0.023859480 0.923016310 79.433265686
0.923345089 0.003506361 0.383955091 25.576665878 0.005858477 0.999713242 -0.023218216 -1.675332189 -0.383926392 0.023687815 0.923059821 80.992706299
0.923368335 0.002909152 0.383904338 26.238754272 0.006470027 0.999711335 -0.023137353 -1.718121767 -0.383860826 0.023848169 0.923082948 82.587379456
0.923377514 0.002760783 0.383883268 26.899595261 0.006510948 0.999717653 -0.022850867 -1.762948513 -0.383837968 0.023599423 0.923098862 84.183128357
0.923393846 0.000961417 0.383852601 27.559371948 0.008434606 0.999704599 -0.022794154 -1.806730866 -0.383761138 0.024285633 0.923112988 85.778266907
0.923368514 0.000942217 0.383913636 28.241792679 0.008514058 0.999700785 -0.022931064 -1.841989636 -0.383820355 0.024442483 0.923084140 87.422737122
0.923377872 0.000743431 0.383891493 28.919647217 0.008796457 0.999694645 -0.023094185 -1.883622408 -0.383791387 0.024701543 0.923089385 89.055633545
0.923287153 0.000957982 0.384109199 29.611539841 0.008629209 0.999692798 -0.023235384 -1.931081057 -0.384013474 0.024767492 0.922995210 90.726860046
0.923136234 0.002482106 0.384464890 30.290678024 0.007019784 0.999703646 -0.023309249 -1.975375056 -0.384408832 0.024216473 0.922845244 92.371459961
0.923039615 0.003493499 0.384689093 30.989347458 0.006005369 0.999706089 -0.023488227 -2.019217968 -0.384658098 0.023990763 0.922747314 94.046615601
0.922914088 0.004808938 0.384976149 31.686069489 0.004521349 0.999717653 -0.023327149 -2.063070774 -0.384979635 0.023269562 0.922631681 95.723136902
0.922883987 0.003135547 0.385065377 32.398017883 0.006284076 0.999711156 -0.023201551 -2.112465858 -0.385026932 0.023832120 0.922597587 97.427322388
0.922837794 0.005847050 0.385144264 33.120326996 0.003305514 0.999727726 -0.023097608 -2.156508684 -0.385174423 0.022588450 0.922567308 99.160980225
0.922659099 0.006804613 0.385556638 33.835315704 0.002350613 0.999726474 -0.023269117 -2.201336861 -0.385609537 0.022375759 0.922390699 100.873718262
0.922373593 0.007883312 0.386218846 34.547756195 0.001296194 0.999722958 -0.023501452 -2.246741295 -0.386297166 0.022177728 0.922107756 102.589469910
0.922110140 0.007134426 0.386861712 35.309337616 0.002205716 0.999716818 -0.023694051 -2.294722080 -0.386921167 0.022701830 0.921833277 104.381477356
0.921747148 0.008250052 0.387703568 36.055057526 0.000944447 0.999722898 -0.023518762 -2.344660044 -0.387790203 0.022044517 0.921484053 106.144882202
0.921357512 0.010549529 0.388573170 36.806339264 -0.001597196 0.999725878 -0.023354799 -2.394925833 -0.388713032 0.020897496 0.921121836 107.906059265
0.920941412 0.012402494 0.389503658 37.555885315 -0.003513462 0.999716938 -0.023525551 -2.442610741 -0.389685273 0.020297147 0.920724392 109.663642883
0.920470417 0.011816129 0.390633523 38.290615082 -0.002661169 0.999709070 -0.023969175 -2.491249561 -0.390803128 0.021023378 0.920234144 111.423759460
0.920085728 0.013209403 0.391494244 39.039516449 -0.003945561 0.999693036 -0.024457810 -2.540106058 -0.391697198 0.020958621 0.919855416 113.179656982
0.919667721 0.013205938 0.392475158 39.801929474 -0.003939730 0.999694467 -0.024405766 -2.591211557 -0.392677456 0.020898957 0.919438779 114.975326538
0.919193983 0.015039305 0.393517643 40.571647644 -0.005869948 0.999682724 -0.024494229 -2.640029430 -0.393761128 0.020205021 0.918990672 116.781127930
0.918644071 0.016683089 0.394733727 41.347469330 -0.007641669 0.999671578 -0.024466194 -2.690607309 -0.395012230 0.019459302 0.918469727 118.599830627
0.918146491 0.017241079 0.395865768 42.136329651 -0.008286501 0.999669909 -0.024319269 -2.743460655 -0.396154404 0.019048307 0.917986333 120.436073303
0.917631269 0.017425712 0.397050440 42.931854248 -0.008476542 0.999669135 -0.024283074 -2.795528889 -0.397342265 0.018917296 0.917475462 122.281356812
0.917175293 0.016713629 0.398133337 43.730571747 -0.007521174 0.999668121 -0.024639606 -2.847341537 -0.398412973 0.019604409 0.916996598 124.121704102
0.916690528 0.017098503 0.399231911 44.525814056 -0.007838098 0.999661267 -0.024816656 -2.899793863 -0.399521053 0.019619972 0.916514039 125.941917419
0.916128278 0.016227340 0.400556713 45.338245392 -0.006822971 0.999666810 -0.024893396 -2.953443050 -0.400827199 0.020072557 0.915933728 127.824928284
0.915637374 0.017007891 0.401645303 46.152763367 -0.007634733 0.999660134 -0.024926132 -3.006941557 -0.401932776 0.019756844 0.915455937 129.684112549
0.915131330 0.017967859 0.402755409 46.971603394 -0.008580662 0.999648154 -0.025099859 -3.060913086 -0.403064698 0.019513760 0.914963365 131.549911499
0.914611220 0.018894583 0.403892785 47.795124054 -0.009458944 0.999633968 -0.025344385 -3.114495754 -0.404223770 0.019359859 0.914455175 133.430587769
0.914243460 0.017780829 0.404774964 48.643085480 -0.008274090 0.999647498 -0.025223974 -3.168040752 -0.405080765 0.019711712 0.914068341 135.347488403
0.913925767 0.015789371 0.405574054 49.483558655 -0.006153338 0.999667108 -0.025051961 -3.224399805 -0.405834585 0.020399999 0.913718820 137.246749878
0.913606524 0.015045248 0.406320900 50.348323822 -0.005230437 0.999667346 -0.025255112 -3.278116703 -0.406565726 0.020948000 0.913381338 139.191680908
0.913348913 0.014945016 0.406903297 51.208602905 -0.005053442 0.999665260 -0.025373247 -3.334975719 -0.407146245 0.021118371 0.913118839 141.117675781
0.912981868 0.015650030 0.407699823 52.067581177 -0.005831247 0.999662519 -0.025314994 -3.393517017 -0.407958448 0.020734735 0.912764907 143.055770874
0.912601292 0.016815234 0.408504725 52.929908752 -0.007018435 0.999651015 -0.025469298 -3.451020956 -0.408790439 0.020376252 0.912400723 144.985183716
0.912147284 0.017923817 0.409470320 53.798152924 -0.008078226 0.999635458 -0.025761932 -3.509251118 -0.409782857 0.020190883 0.911959529 146.931335449
0.911733806 0.019077070 0.410338104 54.681674957 -0.009300054 0.999623537 -0.025809722 -3.565997124 -0.410676032 0.019715432 0.911568105 148.894546509
0.911280394 0.019208040 0.411338061 55.560184479 -0.009413356 0.999622166 -0.025824439 -3.628513336 -0.411678612 0.019661237 0.911116898 150.837768555
0.910813510 0.020016044 0.412332416 56.425075531 -0.010196285 0.999609888 -0.026001651 -3.681184292 -0.412691921 0.019478396 0.910662353 152.748001099
0.910382092 0.020742394 0.413248360 57.345397949 -0.010988151 0.999602437 -0.025966793 -3.749789238 -0.413622677 0.019098869 0.910248041 154.778961182
0.910038650 0.020048186 0.414038271 58.234756470 -0.010225097 0.999611616 -0.025927948 -3.809095383 -0.414397269 0.019361855 0.909890115 156.738174438
0.909582019 0.020241044 0.415031075 59.154361725 -0.010469934 0.999612093 -0.025805129 -3.871653080 -0.415392458 0.019126533 0.909441113 158.763290405
0.909279644 0.019320961 0.415737033 60.053058624 -0.009411335 0.999620914 -0.025872374 -3.932451725 -0.416079283 0.019612581 0.909116805 160.709976196
0.908874393 0.019441634 0.416616559 60.999290466 -0.009389580 0.999613583 -0.026163563 -3.995471716 -0.416964233 0.019867534 0.908705711 162.800094604
0.908578455 0.019635461 0.417252511 61.935951233 -0.009405382 0.999603093 -0.026559789 -4.058474541 -0.417608380 0.020207230 0.908402383 164.829376221
0.908208132 0.019024746 0.418086201 62.856418610 -0.008636284 0.999605477 -0.026725825 -4.121482849 -0.418429732 0.020661898 0.908014119 166.852722168
0.907950342 0.019370608 0.418629855 63.788974762 -0.008898905 0.999597132 -0.026952311 -4.183617592 -0.418983251 0.020746011 0.907756925 168.877822876
0.907575190 0.019185113 0.419451088 64.742652893 -0.008666972 0.999598742 -0.026967358 -4.249026775 -0.419800162 0.020839529 0.907377303 170.943267822
0.907172740 0.019246351 0.420317918 65.689971924 -0.008671179 0.999596298 -0.027056489 -4.310933113 -0.420669019 0.020900255 0.906973422 172.997604370
0.906851768 0.017506344 0.421085984 66.649078369 -0.006754913 0.999612331 -0.027010761 -4.380584240 -0.421395540 0.021650363 0.906618476 175.061233521
0.906622767 0.015017113 0.421674818 67.622329712 -0.004017456 0.999628365 -0.026962046 -4.445901871 -0.421923041 0.022750346 0.906346142 177.142822266
0.906319201 0.014909492 0.422330618 68.570762634 -0.003972041 0.999633789 -0.026765989 -4.510503769 -0.422575116 0.022581013 0.906046569 179.205764771
0.906101882 0.015343721 0.422781169 69.534622192 -0.004483530 0.999634266 -0.026669998 -4.574475765 -0.423035800 0.022270186 0.905839264 181.267379761
0.905758321 0.016279629 0.423481792 70.535133362 -0.005406181 0.999624431 -0.026864961 -4.643068314 -0.423760176 0.022043739 0.905506194 183.416641235
0.905491769 0.017062938 0.424020648 71.522743225 -0.006023863 0.999607444 -0.027361125 -4.709715843 -0.424321085 0.022221031 0.905239105 185.523925781
0.905184567 0.018005338 0.424637139 72.502685547 -0.006782281 0.999586940 -0.027926626 -4.774685383 -0.424964607 0.022398742 0.904932857 187.616714478
0.904825628 0.019073883 0.425354868 73.497528076 -0.007860578 0.999574184 -0.028101964 -4.845064640 -0.425709784 0.022083841 0.904590189 189.747817993
0.904489160 0.020780396 0.425990194 74.493103027 -0.009606080 0.999551535 -0.028363284 -4.915687084 -0.426388562 0.021562185 0.904283047 191.866317749
0.904086232 0.020023065 0.426880568 75.500457764 -0.008689588 0.999556541 -0.028481154 -4.986178875 -0.427261531 0.022040002 0.903859377 194.005233765
0.903620481 0.020779774 0.427829593 76.507843018 -0.009597964 0.999554098 -0.028276645 -5.056797504 -0.428226441 0.021445064 0.903416932 196.157028198
0.903296113 0.020388070 0.428532898 77.538803101 -0.009194802 0.999560773 -0.028174002 -5.130010605 -0.428919077 0.021509191 0.903086782 198.321685791
0.902947724 0.020633198 0.429254830 78.551490784 -0.009441394 0.999558091 -0.028186051 -5.200221062 -0.429646701 0.021397766 0.902743459 200.450912476
0.902490675 0.021654710 0.430164635 79.557609558 -0.010558688 0.999547482 -0.028165482 -5.273440361 -0.430579901 0.020877115 0.902310967 202.574966431
0.902070582 0.022868548 0.430982202 80.579772949 -0.011702306 0.999524176 -0.028542610 -5.341073513 -0.431429803 0.020703968 0.901908934 204.724456787
0.901800990 0.022429043 0.431569189 81.605720520 -0.011202930 0.999529958 -0.028536992 -5.417916298 -0.432006389 0.020899851 0.901628375 206.867218018
0.901520014 0.021218907 0.432216793 82.631828308 -0.009803132 0.999542177 -0.028623302 -5.493002415 -0.432626247 0.021567402 0.901315391 209.019912720
0.901288867 0.021263929 0.432696462 83.689865112 -0.009912284 0.999545395 -0.028473619 -5.566163540 -0.433105230 0.021373950 0.901089907 211.218780518
0.901055336 0.019713791 0.433255792 84.742797852 -0.008284723 0.999566436 -0.028251786 -5.640111446 -0.433624953 0.021867018 0.900828063 213.406433105
0.900829434 0.018759115 0.433767706 85.783668518 -0.007193674 0.999573886 -0.028288998 -5.714857578 -0.434113532 0.022363171 0.900580704 215.567855835
0.900542200 0.019023607 0.434352279 86.830520630 -0.007380666 0.999567211 -0.028476363 -5.787281513 -0.434706002 0.022438357 0.900292873 217.741714478
0.900246739 0.019808106 0.434929222 87.900413513 -0.008169753 0.999557197 -0.028612798 -5.859881401 -0.435303330 0.022205316 0.900009930 219.959518433
0.900047064 0.019501381 0.435356110 88.945175171 -0.007660613 0.999551833 -0.028936606 -5.934981823 -0.435725361 0.022709217 0.899793088 222.122619629
0.899700880 0.019611459 0.436066121 89.989822388 -0.007629897 0.999544084 -0.029210931 -6.009718895 -0.436440200 0.022953963 0.899440467 224.283767700
0.899358571 0.022782844 0.436617792 91.100578308 -0.011027887 0.999505758 -0.029438920 -6.091129780 -0.437072635 0.021661174 0.899165332 226.578796387
0.899078488 0.021939345 0.437237531 92.159149170 -0.010008932 0.999512553 -0.029571651 -6.167961121 -0.437673151 0.022210956 0.898859799 228.757034302
0.898812771 0.020473305 0.437854320 93.209777832 -0.008495327 0.999534607 -0.029297573 -6.246259689 -0.438250422 0.022613313 0.898568451 230.928512573
0.898632646 0.019093860 0.438286185 94.283996582 -0.007086776 0.999553859 -0.029015144 -6.322357178 -0.438644618 0.022967920 0.898367107 233.126739502
0.898244202 0.020577967 0.439014584 95.373954773 -0.008708083 0.999540508 -0.029034393 -6.401313782 -0.439410388 0.022257002 0.898010612 235.367675781
0.897856116 0.023003884 0.439687550 96.410705566 -0.011285034 0.999508440 -0.029248584 -6.476861000 -0.440144271 0.021299133 0.897674501 237.498413086
0.897487581 0.023558153 0.440410107 97.540519714 -0.011877648 0.999501288 -0.029259918 -6.556101799 -0.440879732 0.021029374 0.897319794 239.800567627
0.897102356 0.024666088 0.441133738 98.620391846 -0.013093743 0.999486208 -0.029258668 -6.631111622 -0.441628754 0.020471929 0.896964252 242.004104614
0.896719992 0.024764201 0.441904902 99.710754395 -0.013174330 0.999484479 -0.029277224 -6.712059498 -0.442402154 0.020431668 0.896584034 244.221603394
0.896304488 0.025357755 0.442713648 100.776206970 -0.013843878 0.999477088 -0.029220168 -6.786689758 -0.443223149 0.020061290 0.896186829 246.384292603
0.895863116 0.025964955 0.443570912 101.887313843 -0.014482104 0.999466956 -0.029256059 -6.866233349 -0.444094092 0.019785581 0.895761669 248.634414673
0.895488679 0.026013840 0.444323510 102.969924927 -0.014463875 0.999464035 -0.029365227 -6.936336040 -0.444849312 0.019869588 0.895385027 250.819793701
0.895025015 0.026609849 0.445221424 104.064163208 -0.015039055 0.999451697 -0.029502003 -7.021053314 -0.445762247 0.019709321 0.894934356 253.030105591
0.894614637 0.026750231 0.446037084 105.129058838 -0.015132643 0.999447763 -0.029588500 -7.099290371 -0.446582198 0.019720586 0.894525170 255.181671143
0.894266069 0.026498007 0.446750432 106.234809875 -0.014853196 0.999452949 -0.029548492 -7.177731514 -0.447288990 0.019788545 0.894170523 257.391540527
0.893826187 0.027941871 0.447542280 107.329895020 -0.016305663 0.999421895 -0.029832471 -7.256937504 -0.448117107 0.019367572 0.893765092 259.586242676
0.893434346 0.027497636 0.448351353 108.435508728 -0.015782729 0.999429941 -0.029845184 -7.332018375 -0.448916435 0.019588504 0.893359005 261.798004150
0.893101871 0.026422888 0.449077755 109.559524536 -0.014457676 0.999443769 -0.030052731 -7.408085823 -0.449622005 0.020347532 0.892987132 264.054901123
0.892756701 0.025135366 0.449837327 110.677062988 -0.012963471 0.999462247 -0.030118935 -7.492128372 -0.450352550 0.021057427 0.892602503 266.260253906
0.892467558 0.023636630 0.450491816 111.775024414 -0.011180497 0.999478579 -0.030291501 -7.571029663 -0.450972855 0.021997459 0.892266572 268.438140869
0.892145336 0.022416055 0.451191992 112.894973755 -0.009737957 0.999490261 -0.030401604 -7.652512074 -0.451643437 0.022728961 0.891908944 270.652526855
0.891933084 0.020602452 0.451697648 113.981872559 -0.007505313 0.999498367 -0.030768106 -7.729676247 -0.452104896 0.024052963 0.891640365 272.796966553
0.891571820 0.020099919 0.452433050 115.151260376 -0.006737969 0.999492764 -0.031125799 -7.814710140 -0.452829272 0.024702402 0.891254961 275.115631104
0.891336083 0.018432736 0.452968180 116.271469116 -0.004862811 0.999504328 -0.031104172 -7.896181583 -0.453317016 0.025521573 0.890983820 277.307037354
0.890944481 0.018985225 0.453715086 117.433937073 -0.005287039 0.999491632 -0.031440690 -7.975797176 -0.454081297 0.025613103 0.890591979 279.605712891
0.890535712 0.020151477 0.454466701 118.571258545 -0.006478510 0.999478877 -0.031623069 -8.052984238 -0.454867035 0.025217203 0.890202224 281.848815918
0.890182436 0.019238148 0.455198139 119.732116699 -0.005338352 0.999480069 -0.031801607 -8.140755653 -0.455573350 0.025879221 0.889822066 284.114227295
0.889708817 0.020294787 0.456077278 120.894020081 -0.006431893 0.999469519 -0.031927720 -8.225694656 -0.456483334 0.025472933 0.889367282 286.405609131
0.889395773 0.022076128 0.456604570 122.048164368 -0.008358556 0.999451637 -0.032040756 -8.310296059 -0.457061529 0.024680361 0.889092505 288.647888184
0.889076173 0.019960560 0.457323849 123.228576660 -0.005929023 0.999467254 -0.032096665 -8.390991211 -0.457720846 0.025824901 0.888720810 290.963531494
0.888920605 0.018577594 0.457684249 124.385963440 -0.004505591 0.999483466 -0.031818625 -8.481172562 -0.458038986 0.026222097 0.888545156 293.208953857
0.888768792 0.017366184 0.458026618 125.562522888 -0.003151723 0.999489784 -0.031780187 -8.563231468 -0.458344877 0.026801670 0.888370156 295.496948242
0.888408065 0.017717481 0.458712488 126.783493042 -0.003582339 0.999491990 -0.031666674 -8.654718399 -0.459040552 0.026489673 0.888020277 297.865478516
0.888289571 0.017532276 0.458949029 128.038848877 -0.003437025 0.999496818 -0.031529378 -8.747435570 -0.459271014 0.026429802 0.887902915 300.261260986
0.887874186 0.016749261 0.459781408 129.161300659 -0.002523923 0.999499440 -0.031536613 -8.820588112 -0.460079461 0.026840093 0.887471974 302.485626221
0.887552381 0.016785465 0.460400939 130.318756104 -0.002583102 0.999501705 -0.031460535 -8.898969650 -0.460699558 0.026733611 0.887153387 304.755401611
0.887420595 0.017196409 0.460639775 131.614273071 -0.002933263 0.999494255 -0.031661786 -8.997566223 -0.460951298 0.026746137 0.887022257 307.204223633
0.887305856 0.017884139 0.460834503 132.862640381 -0.003302779 0.999468505 -0.032428265 -9.078747749 -0.461169541 0.027251750 0.886893392 309.564392090
0.886623263 0.020113796 0.462054819 134.041015625 -0.005847841 0.999461532 -0.032286499 -9.175112724 -0.462455451 0.025923936 0.886263430 311.886779785
0.886045158 0.021414530 0.463104129 135.222229004 -0.007404322 0.999458849 -0.032049760 -9.260937691 -0.463539869 0.024968563 0.885724068 314.175201416
0.885318458 0.024405224 0.464344263 136.452606201 -0.010834532 0.999433100 -0.031871572 -9.342329025 -0.464859039 0.023185534 0.885081112 316.536437988
0.884691358 0.025302965 0.465490073 137.697128296 -0.011872118 0.999424875 -0.031762771 -9.430459023 -0.466026068 0.022573896 0.884483039 318.921142578
0.884204149 0.025839536 0.466385365 138.910629272 -0.012440401 0.999417186 -0.031786211 -9.514022827 -0.466935009 0.022303473 0.884010375 321.231262207
0.883721650 0.023871431 0.467403710 140.152465820 -0.010194878 0.999443173 -0.031768482 -9.602744102 -0.467901796 0.023309369 0.883472979 323.591369629
0.883269966 0.023020685 0.468299091 141.403686523 -0.009140758 0.999449492 -0.031890422 -9.690673828 -0.468775421 0.023887245 0.882994294 325.962066650
0.882697761 0.022210659 0.469415933 142.612548828 -0.008277161 0.999462306 -0.031725567 -9.775854111 -0.469868213 0.024118656 0.882407069 328.272827148
0.882222235 0.021415064 0.470346004 143.921539307 -0.007565421 0.999480903 -0.031316452 -9.875091553 -0.470772445 0.024069700 0.881926239 330.737854004
0.881848872 0.022624763 0.470989138 145.221923828 -0.009079795 0.999477923 -0.031011203 -9.967285156 -0.471444845 0.023070710 0.881593764 333.143585205
0.881208003 0.023351077 0.472151458 146.526321411 -0.009839829 0.999468923 -0.031065743 -10.060472488 -0.472626120 0.022729492 0.880969822 335.616882324
0.880716264 0.023838878 0.473043829 147.818618774 -0.010337548 0.999462187 -0.031121025 -10.147080421 -0.473531276 0.022518681 0.880489111 338.029052734
0.880050719 0.023535188 0.474296033 149.064636230 -0.010025964 0.999469399 -0.030991914 -10.237359047 -0.474773765 0.022519182 0.879819751 340.366149902
0.879673481 0.022430342 0.475048721 150.449966431 -0.008883492 0.999487817 -0.030742709 -10.332133293 -0.475495011 0.022823451 0.879422307 342.927215576
0.879176319 0.023342671 0.475924283 151.683547974 -0.009982603 0.999482512 -0.030580753 -10.419077873 -0.476391852 0.022134911 0.878954411 345.223876953
0.878843784 0.022743559 0.476567268 153.023269653 -0.009319649 0.999490917 -0.030512931 -10.508625984 -0.477018595 0.022374665 0.878608286 347.688781738
0.878678024 0.020941025 0.476955384 154.329284668 -0.007295280 0.999509931 -0.030444264 -10.594601631 -0.477359086 0.023271184 0.878400087 350.063354492
0.878125310 0.024566669 0.477799386 155.665832520 -0.011374682 0.999470532 -0.030484049 -10.687467575 -0.478295356 0.021334002 0.877939820 352.557556152
0.877750993 0.027558802 0.478323817 156.989944458 -0.014580317 0.999418437 -0.030826150 -10.776519775 -0.478895187 0.020083565 0.877642274 354.986511230
0.877217650 0.030997096 0.479091227 158.300033569 -0.018272853 0.999346077 -0.031199818 -10.864869118 -0.479745060 0.018614661 0.877210438 357.397308350
0.876823366 0.032845825 0.479689419 159.622909546 -0.020576006 0.999313295 -0.030815229 -10.957258224 -0.480372190 0.017149419 0.876897037 359.819641113
0.876435697 0.032024462 0.480452806 160.929244995 -0.019762054 0.999337554 -0.030560914 -11.045745850 -0.481113136 0.017289944 0.876487970 362.212066650
0.876018822 0.032563325 0.481176317 162.243530273 -0.020312076 0.999323785 -0.030648941 -11.137546539 -0.481848985 0.017075358 0.876087904 364.615081787
0.875518978 0.034447297 0.481954217 163.545227051 -0.022415036 0.999277174 -0.030703349 -11.225337982 -0.482663572 0.016078340 0.875658274 366.990539551
0.875096679 0.036443692 0.482573926 164.882110596 -0.025053566 0.999234974 -0.030029630 -11.317425728 -0.483299106 0.014188635 0.875340343 369.413665771
0.874514818 0.037604533 0.483538836 166.146286011 -0.026503880 0.999205232 -0.029773436 -11.402194977 -0.484274089 0.013221660 0.874816418 371.724792480
0.874037802 0.038224153 0.484352022 167.433624268 -0.027168715 0.999185801 -0.029826539 -11.485940933 -0.485097706 0.012910302 0.874364674 374.061981201
0.873661637 0.039108358 0.484959662 168.739547729 -0.028102484 0.999156475 -0.029947437 -11.572454453 -0.485721707 0.012535358 0.874023616 376.427703857
0.873344719 0.038780961 0.485556513 170.059387207 -0.027794873 0.999169171 -0.029809557 -11.661104202 -0.486309141 0.012538035 0.873696923 378.805908203
0.872871578 0.039643534 0.486336887 171.342651367 -0.028846145 0.999143362 -0.029672010 -11.747819901 -0.487096578 0.011870909 0.873267412 381.127410889
0.872352481 0.042657200 0.487012714 172.641860962 -0.032203920 0.999036491 -0.029820418 -11.834553719 -0.487815440 0.010330200 0.872885644 383.467590332
0.871443391 0.051995017 0.487732291 173.925170898 -0.042489085 0.998629928 -0.030543283 -11.922042847 -0.488652200 0.005893446 0.872458756 385.780487061
0.870627046 0.059020873 0.488390297 175.207702637 -0.049401965 0.998247802 -0.032569796 -12.010721207 -0.489456832 0.004228703 0.872017264 388.085906982
0.870813549 0.050772816 0.488984585 176.473678589 -0.039320234 0.998659313 -0.033670079 -12.104026794 -0.490038484 0.010093365 0.871642411 390.359802246
0.870971501 0.043519456 0.489402443 177.772827148 -0.031533435 0.998967171 -0.032712918 -12.199129105 -0.490320653 0.013059475 0.871444285 392.679107666
0.870601296 0.043423872 0.490069211 179.079528809 -0.032810107 0.999004245 -0.030232675 -12.286407471 -0.490894049 0.010241379 0.871159077 395.015777588
0.869857669 0.047134567 0.491045803 180.408355713 -0.038064253 0.998870194 -0.028451186 -12.372272491 -0.491831988 0.006057187 0.870669067 397.402038574
0.869082689 0.052177180 0.491907299 181.716003418 -0.044228081 0.998634994 -0.027785914 -12.453953743 -0.492685676 0.002392140 0.870204091 399.730163574
0.868551970 0.053753104 0.492674381 183.011840820 -0.046019696 0.998553097 -0.027817216 -12.533847809 -0.493456870 0.001487969 0.869769037 402.039398193
0.868445396 0.048582241 0.493399024 184.338485718 -0.039726336 0.998806179 -0.028423451 -12.618506432 -0.494190931 0.005083279 0.869338512 404.388000488
0.868276358 0.045786731 0.493963331 185.610275269 -0.035933655 0.998920739 -0.029429257 -12.698847771 -0.494777679 0.007802818 0.868984580 406.646545410
0.867931485 0.044571273 0.494680047 186.939529419 -0.034170393 0.998964012 -0.030054862 -12.788992882 -0.495507061 0.009182150 0.868555367 408.990264893
0.867517173 0.043939590 0.495462626 188.247253418 -0.033381082 0.998987973 -0.030146491 -12.871109962 -0.496285826 0.009613522 0.868105888 411.289611816
0.867029011 0.043488540 0.496356159 189.560241699 -0.033100713 0.999010324 -0.029708954 -12.961695671 -0.497156948 0.009328775 0.867610455 413.607543945
0.866689622 0.042971417 0.496993542 190.847290039 -0.032640889 0.999032915 -0.029457813 -13.047768593 -0.497778714 0.009308465 0.867254138 415.863861084
0.866374731 0.042232044 0.497605473 192.206771851 -0.031734396 0.999059677 -0.029538376 -13.127041817 -0.498385042 0.009800093 0.866900384 418.246215820
0.866243064 0.042224471 0.497835487 193.598632812 -0.031712499 0.999059796 -0.029556053 -13.213013649 -0.498615444 0.009815120 0.866767764 420.647796631
0.866014302 0.041350301 0.498306513 194.868957520 -0.030716781 0.999092042 -0.029523162 -13.300226212 -0.499074847 0.010261112 0.866498113 422.892272949
0.865890086 0.039888486 0.498641461 196.128753662 -0.029233849 0.999147236 -0.029161556 -13.382046700 -0.499379396 0.010673492 0.866317630 425.095031738
0.865738332 0.038255695 0.499033004 197.400909424 -0.027682820 0.999208272 -0.028573940 -13.462628365 -0.499731004 0.010922913 0.866111815 427.312469482
0.865622044 0.037103664 0.499321371 198.835708618 -0.026542401 0.999248803 -0.028238533 -13.548770905 -0.499994040 0.011190710 0.865956545 429.794799805
0.865383625 0.038134642 0.499656856 200.039901733 -0.027570395 0.999213219 -0.028510917 -13.624395370 -0.500350893 0.010897146 0.865754068 431.891723633
0.864936113 0.042242032 0.500101030 201.329681396 -0.031875566 0.999063611 -0.029258382 -13.705966949 -0.500868678 0.009365628 0.865472555 434.130035400
0.864713073 0.043944512 0.500340044 202.724975586 -0.033608109 0.998994887 -0.029657766 -13.793476105 -0.501140475 0.008829976 0.865320921 436.544647217
0.864560127 0.044148993 0.500586271 203.911102295 -0.033892084 0.998987913 -0.029570445 -13.867618561 -0.501385152 0.008599519 0.865181565 438.591247559
0.864164710 0.046378303 0.501067162 205.171813965 -0.036442753 0.998897076 -0.029606039 -13.955287933 -0.501887679 0.007324230 0.864901721 440.813842773
0.864177048 0.048207693 0.500873208 206.595733643 -0.038395196 0.998815596 -0.029888494 -14.043773651 -0.501720846 0.006597830 0.865004361 443.239501953
0.863885939 0.048571561 0.501340091 207.804473877 -0.038826730 0.998799622 -0.029862728 -14.125601768 -0.502188742 0.006332594 0.864734828 445.340972900
0.863645613 0.048695937 0.501741886 209.047042847 -0.039242961 0.998797357 -0.029388350 -14.205465317 -0.502569616 0.005691286 0.864517987 447.513366699
0.863795757 0.046223644 0.501717091 210.268432617 -0.036891110 0.998912275 -0.028516011 -14.285778046 -0.502489567 0.006123110 0.864561617 449.629760742
0.864176929 0.042002242 0.501431763 211.643844604 -0.032724373 0.999091744 -0.027290728 -14.368253708 -0.502122521 0.007174981 0.864766657 451.980834961
0.864593983 0.037257552 0.501087725 212.928466797 -0.027802479 0.999266624 -0.026327476 -14.442984581 -0.501701117 0.008831101 0.864995897 454.205383301
0.864516199 0.044071417 0.500669062 214.236267090 -0.035420783 0.999013722 -0.026776396 -14.520586967 -0.501355290 0.005414545 0.865224540 456.462890625
0.864278138 0.050884731 0.500433862 215.390686035 -0.042556323 0.998700142 -0.028051848 -14.588645935 -0.501210690 0.002947976 0.865320206 458.440948486
0.864303291 0.054915193 0.499964148 216.740768433 -0.047072321 0.998490512 -0.028297115 -14.671850204 -0.500763476 0.000922819 0.865583658 460.800018311
0.864633977 0.056204773 0.499248564 218.011474609 -0.048502762 0.998419166 -0.028400263 -14.755112648 -0.500055671 0.000340895 0.865993202 463.004699707
0.865216732 0.054011267 0.498480529 219.249114990 -0.046048608 0.998539150 -0.028266585 -14.831541061 -0.499279082 0.001502387 0.866439939 465.150207520
0.865620613 0.053527594 0.497830957 220.258590698 -0.045547914 0.998564899 -0.028169313 -14.890801430 -0.498624384 0.001708777 0.866816461 466.894317627
0.865677595 0.056661915 0.497384846 221.321319580 -0.048701983 0.998393059 -0.028972829 -14.948539734 -0.498227209 0.000857501 0.867045999 468.715240479
0.865637720 0.061689757 0.496855855 222.542984009 -0.054607920 0.998092830 -0.028783876 -15.003362656 -0.497683913 -0.002215853 0.867355645 470.781036377
0.865140080 0.069343597 0.496713340 223.852264404 -0.063510545 0.997569859 -0.028647443 -15.078893661 -0.497492790 -0.006762485 0.867441714 473.048309326
0.864697754 0.075646721 0.496563554 225.067153931 -0.070602216 0.997084439 -0.028952125 -15.155120850 -0.497305810 -0.010023647 0.867517412 475.168914795
0.864604056 0.077476546 0.496444553 226.159484863 -0.072678015 0.996933520 -0.029008791 -15.251960754 -0.497169703 -0.010999484 0.867583632 477.089172363
0.865026593 0.074306644 0.496192962 227.504287720 -0.069198228 0.997190058 -0.028697601 -15.325842857 -0.496931106 -0.009511484 0.867737889 479.435302734
0.865303755 0.073395364 0.495845228 228.752243042 -0.068550959 0.997255027 -0.027985554 -15.403432846 -0.496538222 -0.009774650 0.867959857 481.586242676
0.865303457 0.074973620 0.495609552 230.058990479 -0.070528068 0.997125089 -0.027703052 -15.473873138 -0.496261746 -0.010982834 0.868103445 483.907745361
0.865373969 0.076515138 0.495250762 231.259933472 -0.072134368 0.997002006 -0.027991004 -15.544172287 -0.495907813 -0.011501908 0.868299067 485.970458984
0.865321994 0.078217566 0.495075613 232.513275146 -0.073876746 0.996863782 -0.028369602 -15.638204575 -0.495741993 -0.012025727 0.868386567 488.182006836
0.865614593 0.077769369 0.494634569 233.766540527 -0.073176771 0.996906519 -0.028679568 -15.714848518 -0.495334804 -0.011370312 0.868627727 490.361083984
0.865808129 0.076679736 0.494465888 235.013000488 -0.072120868 0.996993601 -0.028326266 -15.813380241 -0.495151371 -0.011136202 0.868735373 492.535095215
