1.000000e+00 -6.938894e-18 1.110223e-16 0.000000e+00 1.734723e-18 1.000000e+00 -8.673617e-19 0.000000e+00 0.000000e+00 0.000000e+00 1.000000e+00 0.000000e+00
1.000000e+00 -1.215436e-04 -7.165763e-05 -3.774016e-05 1.215434e-04 1.000000e+00 -2.502914e-06 -5.491508e-04 7.165793e-05 2.494204e-06 1.000000e+00 3.437134e-02
9.999999e-01 -2.727713e-04 -1.669408e-04 -1.228536e-04 2.727673e-04 1.000000e+00 -2.363632e-05 -1.476616e-03 1.669472e-04 2.359079e-05 1.000000e+00 9.334619e-02
9.999999e-01 -3.463780e-04 -2.355681e-04 -3.253632e-04 3.463685e-04 9.999999e-01 -4.010941e-05 -1.817606e-03 2.355820e-04 4.002782e-05 1.000000e+00 1.175141e-01
9.999998e-01 -4.697154e-04 -4.596364e-04 -1.339393e-03 4.696821e-04 9.999999e-01 -7.269145e-05 -2.918392e-03 4.596705e-04 7.247555e-05 9.999999e-01 1.922546e-01
9.999995e-01 -6.771874e-04 -6.818513e-04 -2.173923e-03 6.771122e-04 9.999998e-01 -1.104228e-04 -3.804211e-03 6.819259e-04 1.099610e-04 9.999998e-01 2.569057e-01
9.999992e-01 -8.393519e-04 -9.395050e-04 -2.949044e-03 8.392108e-04 9.999996e-01 -1.505773e-04 -4.786518e-03 9.396310e-04 1.497888e-04 9.999995e-01 3.238047e-01
9.999987e-01 -1.020666e-03 -1.233595e-03 -3.763443e-03 1.020467e-03 9.999995e-01 -1.619852e-04 -5.763953e-03 1.233759e-03 1.607261e-04 9.999992e-01 3.928898e-01
9.999982e-01 -1.133612e-03 -1.542340e-03 -4.588191e-03 1.133301e-03 9.999993e-01 -2.022610e-04 -6.807204e-03 1.542569e-03 2.005127e-04 9.999988e-01 4.642333e-01
9.999975e-01 -1.267011e-03 -1.854219e-03 -5.516173e-03 1.266598e-03 9.999992e-01 -2.241124e-04 -7.771074e-03 1.854502e-03 2.217633e-04 9.999983e-01 5.377654e-01
9.999968e-01 -1.312136e-03 -2.139722e-03 -6.555044e-03 1.311573e-03 9.999991e-01 -2.645353e-04 -8.766070e-03 2.140068e-03 2.617280e-04 9.999977e-01 6.135713e-01
9.999958e-01 -1.548462e-03 -2.467116e-03 -6.112842e-03 1.547623e-03 9.999987e-01 -3.423085e-04 -8.335994e-03 2.467643e-03 3.384889e-04 9.999969e-01 6.894409e-01
9.999945e-01 -1.750452e-03 -2.833230e-03 -5.584501e-03 1.749486e-03 9.999984e-01 -3.433030e-04 -8.010145e-03 2.833827e-03 3.383444e-04 9.999959e-01 7.675874e-01
9.999931e-01 -1.941970e-03 -3.173151e-03 -5.134957e-03 1.940806e-03 9.999980e-01 -3.697454e-04 -7.817760e-03 3.173862e-03 3.635844e-04 9.999949e-01 8.317582e-01
9.999921e-01 -2.028586e-03 -3.416329e-03 -4.853414e-03 2.027247e-03 9.999979e-01 -3.955173e-04 -7.718499e-03 3.417124e-03 3.885885e-04 9.999941e-01 8.808691e-01
9.999906e-01 -2.051263e-03 -3.815789e-03 -4.404808e-03 2.049778e-03 9.999978e-01 -3.929357e-04 -7.662961e-03 3.816587e-03 3.851105e-04 9.999926e-01 9.476195e-01
9.999891e-01 -1.975896e-03 -4.220601e-03 -4.100179e-03 1.974267e-03 9.999980e-01 -3.901322e-04 -7.649983e-03 4.221364e-03 3.817953e-04 9.999910e-01 1.015844e+00
9.999869e-01 -2.010894e-03 -4.710028e-03 -3.726792e-03 2.009073e-03 9.999979e-01 -3.911755e-04 -7.724909e-03 4.710805e-03 3.817076e-04 9.999888e-01 1.085578e+00
9.999846e-01 -1.906362e-03 -5.206520e-03 -3.358181e-03 1.904464e-03 9.999981e-01 -3.695751e-04 -7.732041e-03 5.207215e-03 3.596538e-04 9.999864e-01 1.156805e+00
9.999811e-01 -2.186525e-03 -5.745225e-03 -2.971588e-03 2.184329e-03 9.999975e-01 -3.883916e-04 -7.649475e-03 5.746060e-03 3.758348e-04 9.999834e-01 1.229485e+00
9.999775e-01 -2.336859e-03 -6.292366e-03 -2.624866e-03 2.334089e-03 9.999972e-01 -4.476476e-04 -7.533078e-03 6.293394e-03 4.329506e-04 9.999801e-01 1.303624e+00
9.999741e-01 -2.351123e-03 -6.806193e-03 -2.413253e-03 2.347858e-03 9.999971e-01 -4.877038e-04 -7.375043e-03 6.807320e-03 4.717112e-04 9.999767e-01 1.379187e+00
9.999699e-01 -2.396119e-03 -7.380664e-03 -2.298313e-03 2.392231e-03 9.999970e-01 -5.355750e-04 -7.255584e-03 7.381925e-03 5.179026e-04 9.999726e-01 1.456171e+00
9.999655e-01 -2.241302e-03 -7.998866e-03 -2.342660e-03 2.237018e-03 9.999973e-01 -5.444578e-04 -7.236846e-03 8.000065e-03 5.265454e-04 9.999679e-01 1.554437e+00
9.999614e-01 -2.151430e-03 -8.521459e-03 -2.513946e-03 2.146604e-03 9.999975e-01 -5.754747e-04 -7.350328e-03 8.522676e-03 5.571602e-04 9.999635e-01 1.634618e+00
9.999575e-01 -2.080051e-03 -8.982736e-03 -2.740183e-03 2.075356e-03 9.999977e-01 -5.319099e-04 -7.615676e-03 8.983822e-03 5.132449e-04 9.999595e-01 1.716242e+00
9.999535e-01 -1.971886e-03 -9.438319e-03 -3.067832e-03 1.966887e-03 9.999979e-01 -5.389139e-04 -8.081018e-03 9.439362e-03 5.203247e-04 9.999553e-01 1.799219e+00
9.999485e-01 -1.837577e-03 -9.985254e-03 -3.488554e-03 1.833127e-03 9.999982e-01 -4.547768e-04 -8.799050e-03 9.986072e-03 4.364491e-04 9.999500e-01 1.904899e+00
9.999454e-01 -1.768762e-03 -1.029448e-02 -3.731973e-03 1.764385e-03 9.999983e-01 -4.342796e-04 -9.291563e-03 1.029523e-02 4.160925e-04 9.999469e-01 1.969266e+00
9.999414e-01 -1.614891e-03 -1.070541e-02 -4.082730e-03 1.611155e-03 9.999986e-01 -3.576554e-04 -9.834835e-03 1.070597e-02 3.403864e-04 9.999426e-01 2.056290e+00
9.999375e-01 -1.640070e-03 -1.105639e-02 -4.545636e-03 1.636458e-03 9.999986e-01 -3.356497e-04 -1.024911e-02 1.105692e-02 3.175354e-04 9.999388e-01 2.144397e+00
9.999328e-01 -1.444087e-03 -1.149923e-02 -5.128310e-03 1.441181e-03 9.999989e-01 -2.610392e-04 -1.075093e-02 1.149960e-02 2.444492e-04 9.999338e-01 2.256330e+00
9.999312e-01 -1.410470e-03 -1.164804e-02 -5.709132e-03 1.407442e-03 9.999990e-01 -2.680888e-04 -1.120718e-02 1.164840e-02 2.516764e-04 9.999321e-01 2.301914e+00
9.999255e-01 -1.515588e-03 -1.211120e-02 -8.158170e-03 1.512576e-03 9.999988e-01 -2.578245e-04 -1.311189e-02 1.211158e-02 2.394862e-04 9.999266e-01 2.441504e+00
9.999218e-01 -1.511823e-03 -1.241132e-02 -9.828228e-03 1.509185e-03 9.999988e-01 -2.218680e-04 -1.441654e-02 1.241165e-02 2.031197e-04 9.999230e-01 2.535992e+00
9.999178e-01 -1.678100e-03 -1.270924e-02 -1.145099e-02 1.676322e-03 9.999986e-01 -1.505863e-04 -1.585175e-02 1.270948e-02 1.292692e-04 9.999192e-01 2.631583e+00
9.999122e-01 -1.766153e-03 -1.313493e-02 -1.346974e-02 1.765276e-03 9.999984e-01 -7.836789e-05 -1.783773e-02 1.313505e-02 5.517424e-05 9.999137e-01 2.752463e+00
9.999078e-01 -1.711877e-03 -1.346867e-02 -1.509442e-02 1.712463e-03 9.999985e-01 3.195988e-05 -1.962331e-02 1.346860e-02 -5.502154e-05 9.999093e-01 2.850301e+00
9.999027e-01 -1.705474e-03 -1.384639e-02 -1.668557e-02 1.707405e-03 9.999985e-01 1.275992e-04 -2.150097e-02 1.384615e-02 -1.512282e-04 9.999041e-01 2.949024e+00
9.998980e-01 -1.612632e-03 -1.418810e-02 -1.836472e-02 1.616217e-03 9.999987e-01 2.412018e-04 -2.355407e-02 1.418769e-02 -2.641083e-04 9.998993e-01 3.048621e+00
9.998924e-01 -1.529442e-03 -1.458989e-02 -1.918920e-02 1.535362e-03 9.999987e-01 3.945953e-04 -2.595005e-02 1.458927e-02 -4.169536e-04 9.998935e-01 3.148443e+00
9.998872e-01 -1.245152e-03 -1.496924e-02 -2.017964e-02 1.253476e-03 9.999991e-01 5.467311e-04 -2.841715e-02 1.496854e-02 -5.654330e-04 9.998878e-01 3.249044e+00
9.998804e-01 -9.978152e-04 -1.543530e-02 -2.141435e-02 1.009940e-03 9.999992e-01 7.777476e-04 -3.165159e-02 1.543451e-02 -7.932432e-04 9.998806e-01 3.375832e+00
9.998750e-01 -7.126486e-04 -1.579413e-02 -2.252610e-02 7.280549e-04 9.999993e-01 9.697169e-04 -3.433920e-02 1.579342e-02 -9.810947e-04 9.998748e-01 3.477996e+00
9.998689e-01 -3.733364e-04 -1.618776e-02 -2.413198e-02 3.932434e-04 9.999992e-01 1.226589e-03 -3.778111e-02 1.618729e-02 -1.232794e-03 9.998682e-01 3.606523e+00
9.998637e-01 3.964894e-05 -1.650736e-02 -2.548433e-02 -1.580581e-05 9.999990e-01 1.444522e-03 -4.057937e-02 1.650740e-02 -1.444064e-03 9.998627e-01 3.709923e+00
9.998582e-01 3.828806e-04 -1.683560e-02 -2.690047e-02 -3.551616e-04 9.999986e-01 1.649416e-03 -4.331791e-02 1.683620e-02 -1.643203e-03 9.998569e-01 3.813869e+00
9.998544e-01 6.569999e-04 -1.705326e-02 -2.804644e-02 -6.263099e-04 9.999982e-01 1.804933e-03 -4.528893e-02 1.705441e-02 -1.793990e-03 9.998530e-01 3.892101e+00
9.998467e-01 1.191779e-03 -1.746670e-02 -3.008889e-02 -1.156992e-03 9.999973e-01 2.001571e-03 -4.841621e-02 1.746904e-02 -1.981056e-03 9.998454e-01 4.023018e+00
9.998405e-01 1.487748e-03 -1.779651e-02 -3.179526e-02 -1.449716e-03 9.999966e-01 2.149755e-03 -5.073787e-02 1.779965e-02 -2.123612e-03 9.998393e-01 4.128221e+00
9.998338e-01 1.861309e-03 -1.813763e-02 -3.358248e-02 -1.820317e-03 9.999958e-01 2.276269e-03 -5.296835e-02 1.814179e-02 -2.242874e-03 9.998329e-01 4.233784e+00
9.998278e-01 2.131933e-03 -1.843598e-02 -3.550882e-02 -2.088124e-03 9.999950e-01 2.395176e-03 -5.506683e-02 1.844099e-02 -2.356267e-03 9.998272e-01 4.339698e+00
9.998226e-01 2.332455e-03 -1.869092e-02 -3.749554e-02 -2.286567e-03 9.999943e-01 2.476124e-03 -5.705850e-02 1.869659e-02 -2.432947e-03 9.998222e-01 4.446011e+00
9.998169e-01 2.582286e-03 -1.896023e-02 -3.960201e-02 -2.534516e-03 9.999936e-01 2.543062e-03 -5.892241e-02 1.896667e-02 -2.494541e-03 9.998170e-01 4.552716e+00
9.998105e-01 2.730269e-03 -1.927266e-02 -4.222396e-02 -2.679743e-03 9.999929e-01 2.647011e-03 -6.115084e-02 1.927975e-02 -2.594864e-03 9.998108e-01 4.686690e+00
9.998076e-01 2.804131e-03 -1.941280e-02 -4.430310e-02 -2.751452e-03 9.999925e-01 2.739842e-03 -6.286988e-02 1.942034e-02 -2.685902e-03 9.998078e-01 4.794356e+00
9.998021e-01 2.695602e-03 -1.971068e-02 -4.679851e-02 -2.641399e-03 9.999927e-01 2.775433e-03 -6.483298e-02 1.971802e-02 -2.722820e-03 9.998019e-01 4.929419e+00
9.998004e-01 2.661184e-03 -1.980224e-02 -4.886858e-02 -2.604637e-03 9.999925e-01 2.880795e-03 -6.638546e-02 1.980975e-02 -2.828643e-03 9.997998e-01 5.037907e+00
9.998074e-01 4.191312e-03 -1.917459e-02 -5.301717e-02 -4.137008e-03 9.999873e-01 2.870872e-03 -6.817464e-02 1.918638e-02 -2.790993e-03 9.998120e-01 5.172426e+00
9.997917e-01 5.647074e-03 -1.961292e-02 -5.601965e-02 -5.597395e-03 9.999810e-01 2.586938e-03 -6.881251e-02 1.962715e-02 -2.476618e-03 9.998043e-01 5.252213e+00
9.997593e-01 4.524440e-03 -2.146617e-02 -5.804690e-02 -4.482987e-03 9.999880e-01 1.978815e-03 -6.916669e-02 2.147487e-02 -1.882107e-03 9.997676e-01 5.358832e+00
9.997799e-01 1.870697e-03 -2.089687e-02 -6.044256e-02 -1.841643e-03 9.999973e-01 1.409524e-03 -6.982628e-02 2.089945e-02 -1.370729e-03 9.997806e-01 5.467026e+00
9.997823e-01 2.030992e-04 -2.086641e-02 -6.137347e-02 -1.775215e-04 9.999992e-01 1.227629e-03 -7.035500e-02 2.086664e-02 -1.223658e-03 9.997815e-01 5.521797e+00
9.997849e-01 -2.730293e-03 -2.056173e-02 -6.424488e-02 2.758914e-03 9.999953e-01 1.363716e-03 -7.286494e-02 2.055791e-02 -1.420151e-03 9.997877e-01 5.687844e+00
9.997729e-01 -1.828078e-03 -2.123431e-02 -6.714288e-02 1.865427e-03 9.999967e-01 1.739213e-03 -7.594724e-02 2.123106e-02 -1.778429e-03 9.997730e-01 5.826993e+00
9.997701e-01 -9.061194e-04 -2.142394e-02 -6.862615e-02 9.534604e-04 9.999971e-01 2.199614e-03 -7.805818e-02 2.142188e-02 -2.219535e-03 9.997681e-01 5.910992e+00
9.997730e-01 1.097170e-03 -2.127566e-02 -7.151818e-02 -1.037885e-03 9.999955e-01 2.797357e-03 -8.132394e-02 2.127864e-02 -2.774641e-03 9.997697e-01 6.051781e+00
9.997631e-01 1.670879e-03 -2.170158e-02 -7.435910e-02 -1.600091e-03 9.999933e-01 3.278836e-03 -8.414718e-02 2.170691e-02 -3.243335e-03 9.997591e-01 6.192718e+00
9.997580e-01 1.929675e-03 -2.191251e-02 -7.678923e-02 -1.847830e-03 9.999912e-01 3.754720e-03 -8.574505e-02 2.191956e-02 -3.713321e-03 9.997528e-01 6.306002e+00
9.997494e-01 2.393328e-03 -2.225906e-02 -8.063511e-02 -2.304020e-03 9.999892e-01 4.036979e-03 -8.730726e-02 2.226848e-02 -3.984682e-03 9.997441e-01 6.447828e+00
9.997442e-01 3.363479e-03 -2.236735e-02 -8.380005e-02 -3.267384e-03 9.999853e-01 4.331382e-03 -8.816592e-02 2.238159e-02 -4.257191e-03 9.997404e-01 6.561023e+00
9.997283e-01 4.985746e-03 -2.276932e-02 -8.716946e-02 -4.885806e-03 9.999782e-01 4.442746e-03 -8.879919e-02 2.279097e-02 -4.330293e-03 9.997309e-01 6.673908e+00
9.997232e-01 6.381060e-03 -2.264501e-02 -9.201715e-02 -6.279776e-03 9.999700e-01 4.540978e-03 -8.957417e-02 2.267331e-02 -4.397516e-03 9.997333e-01 6.815722e+00
9.997147e-01 6.700876e-03 -2.292783e-02 -9.665735e-02 -6.600044e-03 9.999682e-01 4.470655e-03 -8.986761e-02 2.295706e-02 -4.318054e-03 9.997271e-01 6.957695e+00
9.997222e-01 6.110143e-03 -2.276308e-02 -1.010913e-01 -6.013848e-03 9.999727e-01 4.296378e-03 -9.016306e-02 2.278871e-02 -4.158291e-03 9.997317e-01 7.100476e+00
9.997318e-01 4.462997e-03 -2.272252e-02 -1.058576e-01 -4.373344e-03 9.999825e-01 3.993694e-03 -9.066884e-02 2.273995e-02 -3.893250e-03 9.997338e-01 7.272401e+00
9.997386e-01 3.543304e-03 -2.258506e-02 -1.092747e-01 -3.458573e-03 9.999868e-01 3.789621e-03 -9.152707e-02 2.259819e-02 -3.710519e-03 9.997377e-01 7.416665e+00
9.997386e-01 2.848082e-03 -2.268645e-02 -1.118087e-01 -2.767486e-03 9.999898e-01 3.583230e-03 -9.216598e-02 2.269642e-02 -3.519508e-03 9.997362e-01 7.532490e+00
9.997395e-01 1.918863e-03 -2.274440e-02 -1.139720e-01 -1.842953e-03 9.999927e-01 3.358023e-03 -9.260164e-02 2.275068e-02 -3.315231e-03 9.997357e-01 7.648800e+00
9.997397e-01 6.704403e-04 -2.280594e-02 -1.160877e-01 -5.998315e-04 9.999950e-01 3.102770e-03 -9.300836e-02 2.280791e-02 -3.088282e-03 9.997351e-01 7.765563e+00
9.997356e-01 -4.639972e-04 -2.299077e-02 -1.180222e-01 5.317430e-04 9.999955e-01 2.940627e-03 -9.344635e-02 2.298930e-02 -2.952074e-03 9.997314e-01 7.882899e+00
9.997458e-01 -4.658642e-04 -2.254013e-02 -1.225076e-01 5.328657e-04 9.999955e-01 2.966628e-03 -9.577704e-02 2.253864e-02 -2.977885e-03 9.997415e-01 8.059228e+00
9.997341e-01 2.082334e-03 -2.296287e-02 -1.278628e-01 -2.005491e-03 9.999923e-01 3.368936e-03 -1.030703e-01 2.296971e-02 -3.321989e-03 9.997306e-01 8.205982e+00
9.997274e-01 4.031997e-03 -2.299905e-02 -1.315400e-01 -3.931103e-03 9.999825e-01 4.430385e-03 -1.140892e-01 2.301651e-02 -4.338765e-03 9.997257e-01 8.384895e+00
9.997308e-01 6.701358e-04 -2.319272e-02 -1.335761e-01 -5.736017e-04 9.999911e-01 4.168666e-03 -1.128936e-01 2.319530e-02 -4.154240e-03 9.997223e-01 8.593857e+00
9.997122e-01 -2.480767e-03 -2.386258e-02 -1.352098e-01 2.562590e-03 9.999909e-01 3.398954e-03 -1.085090e-01 2.385394e-02 -3.459125e-03 9.997095e-01 8.713411e+00
9.997185e-01 -2.523846e-03 -2.359277e-02 -1.387405e-01 2.591190e-03 9.999927e-01 2.824261e-03 -1.026081e-01 2.358547e-02 -2.884600e-03 9.997177e-01 8.864191e+00
9.997157e-01 -4.077242e-03 -2.349225e-02 -1.431316e-01 4.126741e-03 9.999894e-01 2.058945e-03 -9.700876e-02 2.348360e-02 -2.155306e-03 9.997219e-01 9.015265e+00
9.997150e-01 -5.356679e-03 -2.326355e-02 -1.460040e-01 5.399342e-03 9.999839e-01 1.771503e-03 -9.374452e-02 2.325368e-02 -1.896606e-03 9.997278e-01 9.106610e+00
9.997172e-01 -7.053761e-03 -2.271004e-02 -1.534153e-01 7.081383e-03 9.999743e-01 1.136106e-03 -8.934401e-02 2.270144e-02 -1.296603e-03 9.997414e-01 9.290671e+00
9.997311e-01 -7.167713e-03 -2.205149e-02 -1.602839e-01 7.186504e-03 9.999739e-01 7.730032e-04 -8.731045e-02 2.204537e-02 -9.312685e-04 9.997565e-01 9.445382e+00
9.997424e-01 -5.811151e-03 -2.194000e-02 -1.669348e-01 5.827562e-03 9.999828e-01 6.841609e-04 -8.746429e-02 2.193565e-02 -8.118414e-04 9.997591e-01 9.600847e+00
9.997522e-01 -4.207177e-03 -2.186032e-02 -1.721143e-01 4.224615e-03 9.999908e-01 7.515463e-04 -8.942013e-02 2.185696e-02 -8.437115e-04 9.997608e-01 9.726027e+00
9.997610e-01 -2.299605e-03 -2.174062e-02 -1.777928e-01 2.323960e-03 9.999967e-01 1.095045e-03 -9.350972e-02 2.173803e-02 -1.145307e-03 9.997630e-01 9.883416e+00
9.997593e-01 -1.222364e-03 -2.190732e-02 -1.817628e-01 1.253128e-03 9.999982e-01 1.390630e-03 -9.748740e-02 2.190559e-02 -1.417748e-03 9.997590e-01 1.000989e+01
9.997564e-01 -7.557296e-04 -2.205735e-02 -1.861350e-01 7.926062e-04 9.999983e-01 1.663156e-03 -1.024844e-01 2.205606e-02 -1.680234e-03 9.997553e-01 1.016841e+01
9.997590e-01 -4.561646e-04 -2.195017e-02 -1.911937e-01 4.988901e-04 9.999980e-01 1.941043e-03 -1.078564e-01 2.194924e-02 -1.951526e-03 9.997572e-01 1.032594e+01
9.997643e-01 -2.872611e-04 -2.170886e-02 -1.952181e-01 3.321130e-04 9.999978e-01 2.062487e-03 -1.118625e-01 2.170822e-02 -2.069211e-03 9.997622e-01 1.045243e+01
9.997686e-01 -1.974684e-04 -2.151191e-02 -2.000979e-01 2.448923e-04 9.999975e-01 2.201929e-03 -1.165015e-01 2.151142e-02 -2.206688e-03 9.997662e-01 1.061108e+01
9.997789e-01 -3.937359e-04 -2.102205e-02 -2.040288e-01 4.410484e-04 9.999974e-01 2.246024e-03 -1.196780e-01 2.102111e-02 -2.254799e-03 9.997765e-01 1.073848e+01
9.997825e-01 -1.244598e-03 -2.081892e-02 -2.086455e-01 1.291768e-03 9.999966e-01 2.252432e-03 -1.227929e-01 2.081605e-02 -2.278836e-03 9.997807e-01 1.089806e+01
9.997909e-01 -1.901328e-03 -2.036161e-02 -2.124924e-01 1.946140e-03 9.999957e-01 2.181208e-03 -1.246510e-01 2.035737e-02 -2.220378e-03 9.997903e-01 1.102629e+01
9.997930e-01 -2.743011e-03 -2.015860e-02 -2.162159e-01 2.784311e-03 9.999941e-01 2.020973e-03 -1.258587e-01 2.015294e-02 -2.076682e-03 9.997948e-01 1.115477e+01
9.997980e-01 -3.348351e-03 -1.981928e-02 -2.202180e-01 3.385721e-03 9.999926e-01 1.852312e-03 -1.266425e-01 1.981293e-02 -1.919041e-03 9.998019e-01 1.128380e+01
9.998017e-01 -3.877724e-03 -1.953513e-02 -2.243771e-01 3.910807e-03 9.999910e-01 1.655562e-03 -1.270174e-01 1.952854e-02 -1.731632e-03 9.998078e-01 1.141332e+01
9.998055e-01 -4.192231e-03 -1.927196e-02 -2.276096e-01 4.221629e-03 9.999900e-01 1.484999e-03 -1.271010e-01 1.926554e-02 -1.566070e-03 9.998132e-01 1.151083e+01
9.998109e-01 -4.690970e-03 -1.887072e-02 -2.320174e-01 4.716358e-03 9.999880e-01 1.301044e-03 -1.271480e-01 1.886439e-02 -1.389799e-03 9.998211e-01 1.164134e+01
9.998146e-01 -5.096244e-03 -1.856721e-02 -2.365848e-01 5.117190e-03 9.999863e-01 1.080774e-03 -1.271527e-01 1.856145e-02 -1.175585e-03 9.998270e-01 1.177240e+01
9.998218e-01 -5.381013e-03 -1.809349e-02 -2.412124e-01 5.399050e-03 9.999850e-01 9.481880e-04 -1.274140e-01 1.808811e-02 -1.045707e-03 9.998358e-01 1.190416e+01
9.998266e-01 -5.707108e-03 -1.772658e-02 -2.457675e-01 5.722254e-03 9.999833e-01 8.038056e-04 -1.279593e-01 1.772169e-02 -9.051022e-04 9.998425e-01 1.203652e+01
9.998355e-01 -5.721505e-03 -1.721014e-02 -2.515077e-01 5.734615e-03 9.999833e-01 7.124562e-04 -1.291793e-01 1.720578e-02 -8.110326e-04 9.998516e-01 1.220298e+01
9.998410e-01 -5.765651e-03 -1.687375e-02 -2.559766e-01 5.778229e-03 9.999831e-01 6.967824e-04 -1.306635e-01 1.686945e-02 -7.941720e-04 9.998574e-01 1.233700e+01
9.998504e-01 -5.160641e-03 -1.650781e-02 -2.605544e-01 5.173499e-03 9.999863e-01 7.362687e-04 -1.326644e-01 1.650379e-02 -8.215617e-04 9.998635e-01 1.247182e+01
9.998563e-01 -4.721734e-03 -1.628021e-02 -2.638141e-01 4.735844e-03 9.999884e-01 8.282317e-04 -1.345345e-01 1.627611e-02 -9.052132e-04 9.998671e-01 1.257342e+01
9.998655e-01 -3.838789e-03 -1.594561e-02 -2.682245e-01 3.854707e-03 9.999921e-01 9.676685e-04 -1.373292e-01 1.594177e-02 -1.029004e-03 9.998724e-01 1.270961e+01
9.998716e-01 -3.129055e-03 -1.571773e-02 -2.723868e-01 3.147796e-03 9.999944e-01 1.167721e-03 -1.403243e-01 1.571399e-02 -1.217048e-03 9.998758e-01 1.284663e+01
9.998777e-01 -2.631820e-03 -1.541415e-02 -2.755780e-01 2.652355e-03 9.999956e-01 1.311927e-03 -1.426148e-01 1.541063e-02 -1.352650e-03 9.998803e-01 1.294992e+01
9.998834e-01 -1.732598e-03 -1.517440e-02 -2.806486e-01 1.756260e-03 9.999973e-01 1.546138e-03 -1.463046e-01 1.517168e-02 -1.572608e-03 9.998837e-01 1.312306e+01
9.998872e-01 -1.371283e-03 -1.495426e-02 -2.826445e-01 1.396132e-03 9.999977e-01 1.651380e-03 -1.476882e-01 1.495196e-02 -1.672072e-03 9.998868e-01 1.319294e+01
9.998961e-01 -1.703346e-04 -1.441128e-02 -2.879419e-01 1.986130e-04 9.999981e-01 1.960837e-03 -1.516538e-01 1.441092e-02 -1.963496e-03 9.998942e-01 1.340428e+01
9.999018e-01 4.343214e-04 -1.400477e-02 -2.915241e-01 -4.043296e-04 9.999976e-01 2.144302e-03 -1.541245e-01 1.400567e-02 -2.138429e-03 9.998996e-01 1.354619e+01
9.999080e-01 1.351442e-03 -1.349402e-02 -2.952715e-01 -1.319745e-03 9.999964e-01 2.357574e-03 -1.565686e-01 1.349716e-02 -2.339548e-03 9.999062e-01 1.368896e+01
9.999122e-01 1.954885e-03 -1.310500e-02 -2.988619e-01 -1.922383e-03 9.999950e-01 2.492305e-03 -1.587023e-01 1.310981e-02 -2.466893e-03 9.999110e-01 1.383239e+01
9.999189e-01 2.272353e-03 -1.252833e-02 -3.033401e-01 -2.240650e-03 9.999943e-01 2.543956e-03 -1.610435e-01 1.253404e-02 -2.515678e-03 9.999183e-01 1.401267e+01
9.999241e-01 2.211869e-03 -1.211809e-02 -3.064639e-01 -2.179508e-03 9.999940e-01 2.683009e-03 -1.630013e-01 1.212395e-02 -2.656394e-03 9.999230e-01 1.415799e+01
9.999312e-01 2.136502e-03 -1.153082e-02 -3.096883e-01 -2.105721e-03 9.999942e-01 2.680928e-03 -1.648242e-01 1.153648e-02 -2.656463e-03 9.999299e-01 1.430402e+01
9.999326e-01 2.006303e-03 -1.143392e-02 -3.124383e-01 -1.975426e-03 9.999944e-01 2.711174e-03 -1.667715e-01 1.143929e-02 -2.688405e-03 9.999310e-01 1.445090e+01
9.999392e-01 2.165639e-03 -1.081210e-02 -3.157469e-01 -2.136363e-03 9.999940e-01 2.718528e-03 -1.694428e-01 1.081792e-02 -2.695264e-03 9.999379e-01 1.459796e+01
9.999419e-01 2.064284e-03 -1.058239e-02 -3.194659e-01 -2.035246e-03 9.999941e-01 2.754016e-03 -1.727617e-01 1.058801e-02 -2.732318e-03 9.999402e-01 1.478273e+01
9.999453e-01 1.888713e-03 -1.029213e-02 -3.221889e-01 -1.859755e-03 9.999943e-01 2.822448e-03 -1.756944e-01 1.029740e-02 -2.803153e-03 9.999431e-01 1.493170e+01
9.999474e-01 1.885026e-03 -1.008295e-02 -3.249581e-01 -1.856436e-03 9.999942e-01 2.844148e-03 -1.784663e-01 1.008825e-02 -2.825280e-03 9.999451e-01 1.508149e+01
9.999490e-01 1.333831e-03 -1.000740e-02 -3.274723e-01 -1.305157e-03 9.999950e-01 2.871261e-03 -1.811059e-01 1.001118e-02 -2.858053e-03 9.999458e-01 1.523217e+01
9.999532e-01 1.118596e-03 -9.611258e-03 -3.302385e-01 -1.091323e-03 9.999954e-01 2.842376e-03 -1.834594e-01 9.614393e-03 -2.831754e-03 9.999498e-01 1.538382e+01
9.999549e-01 6.989917e-04 -9.467027e-03 -3.336444e-01 -6.723270e-04 9.999958e-01 2.819477e-03 -1.860130e-01 9.468958e-03 -2.812985e-03 9.999512e-01 1.557457e+01
9.999576e-01 7.324748e-04 -9.179098e-03 -3.359428e-01 -7.068403e-04 9.999958e-01 2.795643e-03 -1.874184e-01 9.181107e-03 -2.789036e-03 9.999540e-01 1.568979e+01
9.999594e-01 9.251919e-04 -8.958220e-03 -3.399846e-01 -9.013397e-04 9.999960e-01 2.666279e-03 -1.891494e-01 8.960651e-03 -2.658097e-03 9.999563e-01 1.588274e+01
9.999626e-01 7.384952e-04 -8.617449e-03 -3.434401e-01 -7.168402e-04 9.999966e-01 2.515742e-03 -1.900400e-01 8.619277e-03 -2.509471e-03 9.999597e-01 1.603815e+01
9.999652e-01 5.295720e-04 -8.320532e-03 -3.468842e-01 -5.102886e-04 9.999972e-01 2.319512e-03 -1.906027e-01 8.321737e-03 -2.315186e-03 9.999627e-01 1.619442e+01
9.999679e-01 4.631147e-04 -7.995466e-03 -3.506060e-01 -4.460803e-04 9.999976e-01 2.132167e-03 -1.910309e-01 7.996435e-03 -2.128532e-03 9.999658e-01 1.635164e+01
9.999703e-01 4.202720e-04 -7.698715e-03 -3.551075e-01 -4.053483e-04 9.999980e-01 1.939922e-03 -1.914611e-01 7.699515e-03 -1.936744e-03 9.999685e-01 1.654957e+01
9.999721e-01 4.187464e-04 -7.453176e-03 -3.586360e-01 -4.055835e-04 9.999984e-01 1.767505e-03 -1.919707e-01 7.453904e-03 -1.764432e-03 9.999707e-01 1.670891e+01
9.999734e-01 5.549083e-04 -7.271343e-03 -3.612533e-01 -5.427037e-04 9.999984e-01 1.680317e-03 -1.927819e-01 7.272264e-03 -1.676326e-03 9.999722e-01 1.682906e+01
9.999745e-01 6.164626e-04 -7.118863e-03 -3.650593e-01 -6.045166e-04 9.999984e-01 1.680101e-03 -1.947917e-01 7.119887e-03 -1.675755e-03 9.999732e-01 1.703074e+01
9.999763e-01 9.259055e-04 -6.823252e-03 -3.681970e-01 -9.151022e-04 9.999983e-01 1.586258e-03 -1.966513e-01 6.824709e-03 -1.579976e-03 9.999755e-01 1.719305e+01
9.999755e-01 1.135758e-03 -6.903708e-03 -3.710270e-01 -1.124593e-03 9.999981e-01 1.620902e-03 -1.988941e-01 6.905536e-03 -1.613098e-03 9.999749e-01 1.735634e+01
9.999781e-01 1.614757e-03 -6.419254e-03 -3.741201e-01 -1.604579e-03 9.999974e-01 1.590295e-03 -2.012460e-01 6.421805e-03 -1.579960e-03 9.999781e-01 1.752064e+01
9.999762e-01 1.917738e-03 -6.625847e-03 -3.769818e-01 -1.907212e-03 9.999969e-01 1.594673e-03 -2.038702e-01 6.628885e-03 -1.581998e-03 9.999768e-01 1.768565e+01
9.999791e-01 1.769290e-03 -6.214348e-03 -3.803661e-01 -1.759766e-03 9.999973e-01 1.537775e-03 -2.072660e-01 6.217051e-03 -1.526807e-03 9.999795e-01 1.789345e+01
9.999796e-01 1.555430e-03 -6.192205e-03 -3.815644e-01 -1.545710e-03 9.999976e-01 1.574060e-03 -2.085552e-01 6.194638e-03 -1.564456e-03 9.999796e-01 1.797714e+01
9.999828e-01 6.780512e-04 -5.826369e-03 -3.848428e-01 -6.696891e-04 9.999987e-01 1.437060e-03 -2.116004e-01 5.827336e-03 -1.433133e-03 9.999820e-01 1.823005e+01
9.999849e-01 -2.319922e-04 -5.484020e-03 -3.867258e-01 2.397159e-04 9.999990e-01 1.407780e-03 -2.135773e-01 5.483688e-03 -1.409074e-03 9.999840e-01 1.839991e+01
9.999863e-01 -6.243987e-04 -5.187503e-03 -3.888613e-01 6.310122e-04 9.999990e-01 1.273349e-03 -2.151583e-01 5.186703e-03 -1.276605e-03 9.999857e-01 1.857048e+01
9.999860e-01 -1.169226e-03 -5.155322e-03 -3.906844e-01 1.175509e-03 9.999986e-01 1.215858e-03 -2.169112e-01 5.153893e-03 -1.221901e-03 9.999860e-01 1.874205e+01
9.999891e-01 -1.425607e-03 -4.442047e-03 -3.929196e-01 1.430566e-03 9.999984e-01 1.113341e-03 -2.187316e-01 4.440452e-03 -1.119684e-03 9.999895e-01 1.891456e+01
9.999880e-01 -1.131647e-03 -4.757563e-03 -3.957370e-01 1.135795e-03 9.999990e-01 8.693856e-04 -2.206683e-01 4.756574e-03 -8.747788e-04 9.999883e-01 1.913102e+01
9.999903e-01 -1.276834e-03 -4.213935e-03 -3.980007e-01 1.280529e-03 9.999988e-01 8.744148e-04 -2.224943e-01 4.212814e-03 -8.798023e-04 9.999907e-01 1.930577e+01
9.999909e-01 -1.246818e-03 -4.091987e-03 -4.004583e-01 1.250040e-03 9.999989e-01 7.848075e-04 -2.241244e-01 4.091004e-03 -7.899155e-04 9.999913e-01 1.948112e+01
9.999913e-01 -1.313912e-03 -3.968599e-03 -4.026368e-01 1.316804e-03 9.999989e-01 7.260738e-04 -2.269089e-01 3.967640e-03 -7.312933e-04 9.999919e-01 1.965674e+01
9.999934e-01 -1.495346e-03 -3.296591e-03 -4.053267e-01 1.497499e-03 9.999987e-01 6.507361e-04 -2.301962e-01 3.295614e-03 -6.556685e-04 9.999944e-01 1.987764e+01
9.999942e-01 -1.404498e-03 -3.094074e-03 -4.077433e-01 1.406189e-03 9.999989e-01 5.444288e-04 -2.327787e-01 3.093306e-03 -5.487766e-04 9.999951e-01 2.005516e+01
9.999959e-01 -1.324154e-03 -2.527857e-03 -4.098331e-01 1.325491e-03 9.999990e-01 5.271847e-04 -2.354525e-01 2.527156e-03 -5.305333e-04 9.999967e-01 2.023382e+01
9.999972e-01 -6.658332e-04 -2.257742e-03 -4.122438e-01 6.669483e-04 9.999997e-01 4.931966e-04 -2.382240e-01 2.257413e-03 -4.947010e-04 9.999973e-01 2.041322e+01
9.999983e-01 -1.081079e-04 -1.832885e-03 -4.143412e-01 1.092152e-04 9.999998e-01 6.040564e-04 -2.414402e-01 1.832820e-03 -6.042556e-04 9.999981e-01 2.059376e+01
9.999993e-01 1.759408e-05 -1.201856e-03 -4.163059e-01 -1.683272e-05 9.999998e-01 6.334945e-04 -2.447880e-01 1.201866e-03 -6.334738e-04 9.999991e-01 2.077518e+01
9.999996e-01 -1.240715e-04 -9.063204e-04 -4.177434e-01 1.247590e-04 9.999997e-01 7.586002e-04 -2.483203e-01 9.062261e-04 -7.587129e-04 9.999993e-01 2.095748e+01
9.999997e-01 -4.158725e-04 -5.942787e-04 -4.188262e-01 4.164923e-04 9.999994e-01 1.043334e-03 -2.532596e-01 5.938444e-04 -1.043581e-03 9.999993e-01 2.118673e+01
9.999998e-01 -5.454390e-04 -1.765745e-04 -4.196487e-01 5.456585e-04 9.999991e-01 1.245244e-03 -2.583584e-01 1.758951e-04 -1.245340e-03 9.999992e-01 2.141735e+01
9.999998e-01 -5.664656e-04 2.822679e-04 -4.201554e-01 5.660653e-04 9.999988e-01 1.416276e-03 -2.635359e-01 -2.830698e-04 -1.416116e-03 9.999990e-01 2.164940e+01
9.999997e-01 -3.081793e-04 7.573599e-04 -4.210700e-01 3.069545e-04 9.999986e-01 1.616740e-03 -2.688800e-01 -7.578571e-04 -1.616507e-03 9.999984e-01 2.188254e+01
9.999992e-01 1.707169e-04 1.234502e-03 -4.221066e-01 -1.731537e-04 9.999980e-01 1.974090e-03 -2.746965e-01 -1.234163e-03 -1.974302e-03 9.999973e-01 2.211733e+01
9.999984e-01 3.646969e-04 1.731638e-03 -4.231206e-01 -3.680877e-04 9.999980e-01 1.958203e-03 -2.782959e-01 -1.730920e-03 -1.958837e-03 9.999966e-01 2.230586e+01
9.999984e-01 -3.535429e-04 1.759894e-03 -4.239046e-01 3.499679e-04 9.999979e-01 2.031254e-03 -2.827871e-01 -1.760608e-03 -2.030635e-03 9.999964e-01 2.254256e+01
9.999971e-01 -2.602355e-04 2.383686e-03 -4.246135e-01 2.552114e-04 9.999977e-01 2.107779e-03 -2.864143e-01 -2.384229e-03 -2.107164e-03 9.999949e-01 2.273314e+01
9.999974e-01 -7.141435e-05 2.268549e-03 -4.250087e-01 6.665963e-05 9.999978e-01 2.095935e-03 -2.892977e-01 -2.268694e-03 -2.095778e-03 9.999952e-01 2.287634e+01
9.999969e-01 4.861556e-04 2.448838e-03 -4.255934e-01 -4.915380e-04 9.999975e-01 2.197814e-03 -2.930132e-01 -2.447764e-03 -2.199011e-03 9.999946e-01 2.306822e+01
9.999964e-01 8.125709e-04 2.572273e-03 -4.263601e-01 -8.183074e-04 9.999972e-01 2.229870e-03 -2.963376e-01 -2.570454e-03 -2.231966e-03 9.999942e-01 2.326077e+01
9.999959e-01 9.248815e-04 2.723644e-03 -4.268969e-01 -9.308992e-04 9.999971e-01 2.208974e-03 -2.986361e-01 -2.721593e-03 -2.211501e-03 9.999939e-01 2.340560e+01
9.999956e-01 8.576493e-04 2.843347e-03 -4.277503e-01 -8.636278e-04 9.999974e-01 2.102068e-03 -3.013983e-01 -2.841537e-03 -2.104514e-03 9.999937e-01 2.359942e+01
9.999953e-01 8.758014e-04 2.938136e-03 -4.285310e-01 -8.818342e-04 9.999975e-01 2.052626e-03 -3.026771e-01 -2.936331e-03 -2.055207e-03 9.999936e-01 2.374570e+01
9.999944e-01 7.138570e-04 3.273485e-03 -4.297563e-01 -7.199581e-04 9.999980e-01 1.863000e-03 -3.041007e-01 -3.272148e-03 -1.865346e-03 9.999929e-01 2.394135e+01
9.999942e-01 6.637058e-04 3.348093e-03 -4.308332e-01 -6.696485e-04 9.999982e-01 1.774154e-03 -3.055449e-01 -3.346910e-03 -1.776385e-03 9.999928e-01 2.413771e+01
9.999936e-01 6.934315e-04 3.512314e-03 -4.318966e-01 -6.993128e-04 9.999984e-01 1.673532e-03 -3.068904e-01 -3.511148e-03 -1.675978e-03 9.999924e-01 2.433494e+01
9.999935e-01 4.463290e-04 3.567430e-03 -4.328361e-01 -4.517006e-04 9.999988e-01 1.505052e-03 -3.082527e-01 -3.566754e-03 -1.506653e-03 9.999925e-01 2.453284e+01
9.999926e-01 3.165548e-04 3.842219e-03 -4.336683e-01 -3.220368e-04 9.999989e-01 1.426225e-03 -3.100496e-01 -3.841764e-03 -1.427452e-03 9.999916e-01 2.473166e+01
9.999922e-01 3.643307e-04 3.921880e-03 -4.344943e-01 -3.699254e-04 9.999989e-01 1.425893e-03 -3.126120e-01 -3.921356e-03 -1.427333e-03 9.999913e-01 2.498110e+01
9.999916e-01 4.100894e-04 4.076427e-03 -4.349543e-01 -4.162258e-04 9.999988e-01 1.504596e-03 -3.150804e-01 -4.075805e-03 -1.506280e-03 9.999906e-01 2.518159e+01
9.999908e-01 8.009117e-04 4.203748e-03 -4.361018e-01 -8.073796e-04 9.999985e-01 1.537129e-03 -3.178872e-01 -4.202510e-03 -1.540509e-03 9.999900e-01 2.538203e+01
9.999908e-01 9.136843e-04 4.196014e-03 -4.371210e-01 -9.205014e-04 9.999983e-01 1.623031e-03 -3.206220e-01 -4.194524e-03 -1.626879e-03 9.999899e-01 2.558310e+01
9.999894e-01 1.139068e-03 4.455876e-03 -4.383083e-01 -1.146412e-03 9.999980e-01 1.646068e-03 -3.233310e-01 -4.453992e-03 -1.651159e-03 9.999887e-01 2.578478e+01
9.999885e-01 1.475782e-03 4.553798e-03 -4.399101e-01 -1.483360e-03 9.999975e-01 1.661292e-03 -3.266480e-01 -4.551335e-03 -1.668028e-03 9.999883e-01 2.603754e+01
9.999875e-01 1.537561e-03 4.754101e-03 -4.411532e-01 -1.545598e-03 9.999974e-01 1.687282e-03 -3.295446e-01 -4.751494e-03 -1.694609e-03 9.999873e-01 2.624050e+01
9.999863e-01 2.108403e-03 4.790770e-03 -4.425323e-01 -2.116921e-03 9.999962e-01 1.773772e-03 -3.328367e-01 -4.787012e-03 -1.783890e-03 9.999870e-01 2.644415e+01
9.999844e-01 2.647105e-03 4.918878e-03 -4.438818e-01 -2.656408e-03 9.999947e-01 1.885839e-03 -3.362971e-01 -4.913860e-03 -1.898876e-03 9.999861e-01 2.664845e+01
9.999817e-01 3.412790e-03 4.987784e-03 -4.452409e-01 -3.422822e-03 9.999921e-01 2.004120e-03 -3.401499e-01 -4.980905e-03 -2.021155e-03 9.999856e-01 2.685335e+01
9.999774e-01 4.303914e-03 5.168784e-03 -4.466579e-01 -4.314909e-03 9.999884e-01 2.118028e-03 -3.440331e-01 -5.159609e-03 -2.140283e-03 9.999844e-01 2.705889e+01
9.999748e-01 4.857791e-03 5.178642e-03 -4.479530e-01 -4.869390e-03 9.999857e-01 2.229468e-03 -3.478451e-01 -5.167738e-03 -2.254628e-03 9.999841e-01 2.726492e+01
9.999704e-01 5.509278e-03 5.366649e-03 -4.493791e-01 -5.522325e-03 9.999818e-01 2.419406e-03 -3.522591e-01 -5.353223e-03 -2.448970e-03 9.999827e-01 2.752341e+01
9.999706e-01 5.575285e-03 5.257095e-03 -4.503848e-01 -5.587955e-03 9.999815e-01 2.398511e-03 -3.552921e-01 -5.243625e-03 -2.427817e-03 9.999833e-01 2.773062e+01
9.999691e-01 5.685864e-03 5.432670e-03 -4.512976e-01 -5.699296e-03 9.999807e-01 2.460264e-03 -3.582574e-01 -5.418577e-03 -2.491151e-03 9.999822e-01 2.793857e+01
9.999688e-01 5.693105e-03 5.485210e-03 -4.522142e-01 -5.706603e-03 9.999807e-01 2.448253e-03 -3.607935e-01 -5.471166e-03 -2.479479e-03 9.999820e-01 2.814692e+01
9.999695e-01 5.629619e-03 5.421503e-03 -4.529961e-01 -5.642963e-03 9.999811e-01 2.449177e-03 -3.632310e-01 -5.407613e-03 -2.479695e-03 9.999823e-01 2.835582e+01
9.999695e-01 5.384336e-03 5.649954e-03 -4.539361e-01 -5.398127e-03 9.999825e-01 2.428502e-03 -3.663808e-01 -5.636780e-03 -2.458927e-03 9.999811e-01 2.861774e+01
9.999684e-01 5.490566e-03 5.740852e-03 -4.548130e-01 -5.504443e-03 9.999820e-01 2.404379e-03 -3.691562e-01 -5.727548e-03 -2.435903e-03 9.999806e-01 2.882784e+01
9.999681e-01 5.391695e-03 5.885771e-03 -4.554559e-01 -5.406382e-03 9.999823e-01 2.482250e-03 -3.722709e-01 -5.872283e-03 -2.513992e-03 9.999796e-01 2.903857e+01
9.999671e-01 5.488733e-03 5.978755e-03 -4.561838e-01 -5.503961e-03 9.999816e-01 2.533532e-03 -3.754153e-01 -5.964740e-03 -2.566355e-03 9.999789e-01 2.924973e+01
9.999679e-01 5.269337e-03 6.028474e-03 -4.566569e-01 -5.285129e-03 9.999826e-01 2.606641e-03 -3.784801e-01 -6.014634e-03 -2.638419e-03 9.999784e-01 2.946136e+01
9.999669e-01 5.337069e-03 6.145208e-03 -4.572483e-01 -5.353499e-03 9.999821e-01 2.660380e-03 -3.813227e-01 -6.130899e-03 -2.693190e-03 9.999776e-01 2.967346e+01
9.999684e-01 5.069610e-03 6.121895e-03 -4.576864e-01 -5.086193e-03 9.999834e-01 2.696183e-03 -3.846366e-01 -6.108125e-03 -2.727235e-03 9.999776e-01 2.993905e+01
9.999684e-01 4.978602e-03 6.194661e-03 -4.578536e-01 -4.995606e-03 9.999838e-01 2.732546e-03 -3.876064e-01 -6.180956e-03 -2.763405e-03 9.999771e-01 3.020584e+01
9.999680e-01 4.830544e-03 6.378794e-03 -4.580892e-01 -4.847675e-03 9.999847e-01 2.672857e-03 -3.892846e-01 -6.365785e-03 -2.703694e-03 9.999761e-01 3.036620e+01
9.999685e-01 4.561791e-03 6.488623e-03 -4.583005e-01 -4.579089e-03 9.999860e-01 2.653606e-03 -3.920615e-01 -6.476427e-03 -2.683234e-03 9.999754e-01 3.063392e+01
9.999692e-01 4.239190e-03 6.610618e-03 -4.585612e-01 -4.256356e-03 9.999876e-01 2.584754e-03 -3.942453e-01 -6.599579e-03 -2.612811e-03 9.999748e-01 3.084852e+01
9.999692e-01 4.042073e-03 6.731738e-03 -4.587801e-01 -4.059321e-03 9.999885e-01 2.550527e-03 -3.965096e-01 -6.721352e-03 -2.577775e-03 9.999741e-01 3.106348e+01
9.999688e-01 3.993023e-03 6.808923e-03 -4.590496e-01 -4.010489e-03 9.999887e-01 2.553400e-03 -3.988642e-01 -6.798651e-03 -2.580628e-03 9.999736e-01 3.127884e+01
9.999694e-01 3.753147e-03 6.858278e-03 -4.591900e-01 -3.770298e-03 9.999898e-01 2.489664e-03 -4.013734e-01 -6.848863e-03 -2.515446e-03 9.999734e-01 3.149457e+01
9.999687e-01 3.558437e-03 7.068933e-03 -4.592388e-01 -3.575749e-03 9.999906e-01 2.437923e-03 -4.039758e-01 -7.060192e-03 -2.463123e-03 9.999720e-01 3.171071e+01
9.999699e-01 3.009664e-03 7.145450e-03 -4.592745e-01 -3.026747e-03 9.999926e-01 2.381159e-03 -4.067128e-01 -7.138231e-03 -2.402715e-03 9.999716e-01 3.192660e+01
9.999701e-01 2.625797e-03 7.275249e-03 -4.593869e-01 -2.642468e-03 9.999939e-01 2.282740e-03 -4.098392e-01 -7.269211e-03 -2.301896e-03 9.999709e-01 3.214235e+01
9.999694e-01 2.279769e-03 7.482122e-03 -4.595446e-01 -2.296196e-03 9.999950e-01 2.187744e-03 -4.129449e-01 -7.477096e-03 -2.204857e-03 9.999696e-01 3.235844e+01
9.999686e-01 2.015254e-03 7.657983e-03 -4.597414e-01 -2.031115e-03 9.999958e-01 2.063865e-03 -4.158737e-01 -7.653792e-03 -2.079355e-03 9.999685e-01 3.257473e+01
9.999652e-01 1.987596e-03 8.098803e-03 -4.602643e-01 -2.004177e-03 9.999959e-01 2.039671e-03 -4.196914e-01 -8.094716e-03 -2.055832e-03 9.999651e-01 3.284560e+01
9.999640e-01 1.864610e-03 8.274083e-03 -4.604704e-01 -1.881323e-03 9.999962e-01 2.012556e-03 -4.220296e-01 -8.270299e-03 -2.028050e-03 9.999637e-01 3.300831e+01
9.999595e-01 1.830029e-03 8.806855e-03 -4.610326e-01 -1.847437e-03 9.999964e-01 1.968897e-03 -4.261991e-01 -8.803220e-03 -1.985088e-03 9.999593e-01 3.327982e+01
9.999555e-01 1.876053e-03 9.241906e-03 -4.614061e-01 -1.894942e-03 9.999961e-01 2.035490e-03 -4.299062e-01 -9.238051e-03 -2.052912e-03 9.999552e-01 3.349737e+01
9.999510e-01 2.082587e-03 9.673031e-03 -4.618381e-01 -2.102577e-03 9.999957e-01 2.056838e-03 -4.338294e-01 -9.668706e-03 -2.077075e-03 9.999511e-01 3.371515e+01
9.999449e-01 2.567217e-03 1.018165e-02 -4.622628e-01 -2.588727e-03 9.999944e-01 2.099994e-03 -4.379478e-01 -1.017620e-02 -2.126236e-03 9.999460e-01 3.393322e+01
9.999388e-01 2.910767e-03 1.067285e-02 -4.624453e-01 -2.934203e-03 9.999933e-01 2.180929e-03 -4.431000e-01 -1.066643e-02 -2.212112e-03 9.999407e-01 3.420611e+01
9.999350e-01 3.015076e-03 1.099441e-02 -4.624493e-01 -3.039940e-03 9.999929e-01 2.245544e-03 -4.472047e-01 -1.098756e-02 -2.278821e-03 9.999370e-01 3.442467e+01
9.999312e-01 3.053115e-03 1.132841e-02 -4.621585e-01 -3.079233e-03 9.999926e-01 2.288774e-03 -4.513079e-01 -1.132134e-02 -2.323499e-03 9.999332e-01 3.464346e+01
9.999272e-01 3.227295e-03 1.162921e-02 -4.617705e-01 -3.254325e-03 9.999920e-01 2.306132e-03 -4.554298e-01 -1.162168e-02 -2.343809e-03 9.999297e-01 3.486243e+01
9.999189e-01 3.888985e-03 1.212367e-02 -4.615038e-01 -3.918589e-03 9.999894e-01 2.419061e-03 -4.606345e-01 -1.211413e-02 -2.466373e-03 9.999236e-01 3.513659e+01
9.999152e-01 4.121245e-03 1.235746e-02 -4.611538e-01 -4.151611e-03 9.999884e-01 2.432696e-03 -4.636028e-01 -1.234730e-02 -2.483793e-03 9.999207e-01 3.530118e+01
9.999084e-01 4.387934e-03 1.280410e-02 -4.607851e-01 -4.419624e-03 9.999872e-01 2.447755e-03 -4.683989e-01 -1.279319e-02 -2.504120e-03 9.999150e-01 3.557576e+01
9.999038e-01 4.515325e-03 1.311515e-02 -4.603459e-01 -4.547967e-03 9.999866e-01 2.460131e-03 -4.721695e-01 -1.310387e-02 -2.519542e-03 9.999110e-01 3.579569e+01
9.998969e-01 4.793515e-03 1.353527e-02 -4.599287e-01 -4.827861e-03 9.999852e-01 2.505946e-03 -4.760078e-01 -1.352306e-02 -2.571034e-03 9.999053e-01 3.601588e+01
9.998931e-01 4.924764e-03 1.376600e-02 -4.592810e-01 -4.960120e-03 9.999845e-01 2.535386e-03 -4.797995e-01 -1.375330e-02 -2.603396e-03 9.999020e-01 3.623625e+01
9.998860e-01 5.132097e-03 1.420174e-02 -4.586526e-01 -5.168752e-03 9.999834e-01 2.545482e-03 -4.835981e-01 -1.418844e-02 -2.618597e-03 9.998959e-01 3.645686e+01
9.998810e-01 5.377388e-03 1.445776e-02 -4.579048e-01 -5.414955e-03 9.999821e-01 2.560471e-03 -4.873556e-01 -1.444373e-02 -2.638455e-03 9.998922e-01 3.667760e+01
9.998774e-01 5.656379e-03 1.459980e-02 -4.571998e-01 -5.694180e-03 9.999805e-01 2.548863e-03 -4.899223e-01 -1.458510e-02 -2.631684e-03 9.998902e-01 3.684352e+01
9.998707e-01 5.802259e-03 1.499865e-02 -4.554641e-01 -5.841087e-03 9.999797e-01 2.546279e-03 -4.940968e-01 -1.498357e-02 -2.633558e-03 9.998843e-01 3.717644e+01
9.998665e-01 5.774908e-03 1.528711e-02 -4.541298e-01 -5.814634e-03 9.999798e-01 2.555506e-03 -4.969546e-01 -1.527204e-02 -2.644054e-03 9.998799e-01 3.739864e+01
9.998605e-01 6.097476e-03 1.555135e-02 -4.528639e-01 -6.137599e-03 9.999780e-01 2.533618e-03 -4.999389e-01 -1.553556e-02 -2.628713e-03 9.998759e-01 3.762110e+01
9.998543e-01 6.294533e-03 1.586539e-02 -4.516814e-01 -6.335759e-03 9.999767e-01 2.549557e-03 -5.027984e-01 -1.584897e-02 -2.649705e-03 9.998709e-01 3.784382e+01
9.998492e-01 6.380800e-03 1.615016e-02 -4.503142e-01 -6.422834e-03 9.999761e-01 2.552217e-03 -5.055961e-01 -1.613349e-02 -2.655562e-03 9.998663e-01 3.806675e+01
9.998392e-01 6.969677e-03 1.652539e-02 -4.487491e-01 -7.013093e-03 9.999721e-01 2.570736e-03 -5.094821e-01 -1.650701e-02 -2.686217e-03 9.998601e-01 3.834582e+01
9.998295e-01 7.643512e-03 1.680800e-02 -4.474287e-01 -7.690494e-03 9.999667e-01 2.732368e-03 -5.128713e-01 -1.678655e-02 -2.861164e-03 9.998550e-01 3.856948e+01
9.998213e-01 8.251896e-03 1.701012e-02 -4.458741e-01 -8.302099e-03 9.999614e-01 2.882844e-03 -5.160631e-01 -1.698567e-02 -3.023548e-03 9.998512e-01 3.879331e+01
9.998145e-01 8.680457e-03 1.719615e-02 -4.441062e-01 -8.733531e-03 9.999573e-01 3.013709e-03 -5.198569e-01 -1.716926e-02 -3.163333e-03 9.998476e-01 3.901680e+01
