1.000000000 0.000000000 0.000000000 0.000000000 0.000000000 1.000000000 0.000000000 0.000000000 0.000000000 0.000000000 1.000000000 0.000000000
1.000000000 -0.000075581 0.000130227 0.000109204 0.000075528 0.999999940 0.000401920 -0.000307356 -0.000130258 -0.000401911 0.999999940 0.001206663
1.000000000 -0.000154366 0.000125125 -0.000708610 0.000154323 0.999999940 0.000344126 -0.000147648 -0.000125178 -0.000344107 0.999999940 -0.000699090
0.999999940 -0.000112686 0.000264570 0.000210452 0.000112561 0.999999881 0.000473801 -0.000487473 -0.000264623 -0.000473771 0.999999881 0.001039937
0.999999940 -0.000063684 0.000391598 -0.000349469 0.000063570 0.999999940 0.000290168 0.000516389 -0.000391617 -0.000290143 0.999999881 0.000057901
0.999999762 -0.000444306 0.000537826 0.000001730 0.000444087 0.999999821 0.000405937 0.000123738 -0.000538006 -0.000405698 0.999999762 -0.000172513
0.999999821 -0.000295147 0.000502117 -0.000014951 0.000295004 0.999999940 0.000284697 0.000588095 -0.000502201 -0.000284548 0.999999821 -0.000038961
0.999999821 -0.000002214 0.000559048 -0.000603725 0.000002082 1.000000000 0.000237478 0.001562746 -0.000559049 -0.000237476 0.999999821 -0.000682683
0.999999881 0.000054792 0.000492513 0.000147246 -0.000054953 0.999999940 0.000326596 0.000473735 -0.000492495 -0.000326623 0.999999821 -0.000124996
0.999999821 -0.000044882 0.000622353 -0.000152275 0.000044701 0.999999940 0.000291344 0.000445157 -0.000622366 -0.000291316 0.999999762 -0.000108618
0.999999642 -0.000355293 0.000739586 0.000289914 0.000355012 0.999999881 0.000380132 0.000058614 -0.000739721 -0.000379869 0.999999642 0.000100861
0.999999702 -0.000212428 0.000705053 0.000074069 0.000212156 0.999999881 0.000385875 0.000340176 -0.000705134 -0.000385725 0.999999702 -0.000135440
0.999999821 -0.000123586 0.000548266 -0.000311704 0.000123403 0.999999940 0.000334632 0.000207802 -0.000548308 -0.000334564 0.999999821 -0.000204136
0.999999702 -0.000237537 0.000706800 -0.000246621 0.000238711 0.999998569 -0.001662492 -0.000057901 -0.000706404 0.001662660 0.999998391 -0.000037797
0.999999821 -0.000555751 0.000266054 -0.000461277 0.000556771 0.999992430 -0.003849315 0.000602141 -0.000263912 0.003849462 0.999992549 -0.001818992
0.999999940 -0.000164368 -0.000182380 -0.001805027 0.000163300 0.999982893 -0.005844472 0.001613451 0.000183338 0.005844443 0.999982893 -0.002724715
0.999997914 -0.000899474 -0.001824319 -0.001263913 0.000884075 0.999964118 -0.008424460 0.001426614 0.001831832 0.008422829 0.999962866 -0.001487915
0.999988556 -0.001360171 -0.004583252 -0.001570776 0.001312340 0.999944806 -0.010422856 0.001042473 0.004597175 0.010416722 0.999935150 -0.000248185
0.999944687 -0.002519070 -0.010212462 0.001558919 0.002402113 0.999931574 -0.011448562 -0.000103780 0.010240603 0.011423397 0.999882340 0.005147310
0.999827921 -0.003449081 -0.018228658 0.015666621 0.003239725 0.999928594 -0.011502086 0.009645323 0.018267026 0.011441051 0.999767661 0.056113511
0.999578834 -0.003978224 -0.028749278 0.033891071 0.003638732 0.999923170 -0.011851368 0.018682128 0.028794212 0.011741762 0.999516368 0.115428470
0.999281585 -0.005420857 -0.037507270 0.039563112 0.004960448 0.999911368 -0.012357350 0.024073109 0.037570927 0.012162421 0.999219954 0.140522465
0.998913407 -0.006574296 -0.046139393 0.038874935 0.005982253 0.999898195 -0.012958002 0.022596700 0.046219885 0.012667904 0.998850942 0.174947828
0.998416483 -0.007685191 -0.055725869 0.037401028 0.006928690 0.999881387 -0.013755933 0.021873266 0.055824973 0.013348042 0.998351336 0.175862119
0.997957289 -0.009026389 -0.063245438 0.037547946 0.008014756 0.999836147 -0.016230825 0.020280037 0.063381582 0.015690774 0.997866035 0.204542622
0.997470677 -0.010823102 -0.070250459 0.040527474 0.009409080 0.999746978 -0.020428095 0.017595401 0.070453793 0.019715434 0.997320235 0.262878805
0.996992588 -0.010250597 -0.076815337 0.040220011 0.008499042 0.999697268 -0.023094473 0.017408762 0.077028789 0.022372160 0.996777952 0.324547917
0.996727705 -0.010437701 -0.080155298 0.030572645 0.008113937 0.999538839 -0.029261978 0.048793688 0.080423757 0.028515849 0.996352792 0.405009478
0.996616662 -0.011440776 -0.081388913 0.022006102 0.008748346 0.999405026 -0.033361077 0.071801297 0.081722163 0.032536194 0.996123910 0.486977726
0.996299565 -0.012029513 -0.085102372 0.070418373 0.009114066 0.999360919 -0.034564026 0.073835932 0.085463785 0.033660512 0.995772541 0.554631948
0.996089637 -0.011918125 -0.087540895 0.097405478 0.008574015 0.999222636 -0.038477689 0.102356955 0.087931417 0.037576649 0.995417595 0.670447648
0.995616496 -0.011983669 -0.092759646 0.158538997 0.007960078 0.999016225 -0.043625601 0.122573540 0.093191184 0.042695999 0.994732320 0.791929841
0.995581150 -0.012589838 -0.093057379 0.162096620 0.008375649 0.998927593 -0.045538515 0.139219046 0.093530893 0.044557877 0.994618833 0.858491659
0.995389163 -0.012260435 -0.095131211 0.182054132 0.007691008 0.998805583 -0.048251722 0.168808356 0.095609166 0.047297589 0.994294763 0.997906148
0.995301127 -0.012608191 -0.096002735 0.169237643 0.008188851 0.998894513 -0.046289075 0.201344669 0.096480221 0.045285419 0.994304121 1.136164904
0.995418191 -0.010375001 -0.095052831 0.144486517 0.006664610 0.999206424 -0.039269701 0.202920690 0.095384814 0.038456272 0.994697332 1.210201740
0.994802177 -0.009780813 -0.101355769 0.200960949 0.006596207 0.999475360 -0.031707730 0.280559152 0.101612732 0.030874366 0.994344771 1.429007053
0.994601071 -0.007697344 -0.103486545 0.219768658 0.006021964 0.999845803 -0.016492043 0.324112296 0.103597537 0.015779808 0.994494140 1.648126483
0.994081497 -0.007539308 -0.108374618 0.267419100 0.006779429 0.999949813 -0.007378350 0.395777524 0.108424820 0.006599964 0.994082689 1.901102424
0.994364798 -0.005624801 -0.105863176 0.223456442 0.005790051 0.999982476 0.001253696 0.429121941 0.105854265 -0.001859584 0.994379938 2.051035166
0.994488001 -0.005616775 -0.104700252 0.233708933 0.005539897 0.999984145 -0.001025072 0.483033508 0.104704365 0.000439393 0.994503319 2.231221437
0.994483769 -0.006130383 -0.104711100 0.252317727 0.006107521 0.999981225 -0.000538996 0.542070329 0.104712449 -0.000103502 0.994502544 2.409596205
0.994593799 -0.007012211 -0.103605174 0.248711020 0.006635454 0.999970019 -0.003980692 0.614583969 0.103629977 0.003271703 0.994610548 2.620725393
0.994589806 -0.006943153 -0.103649206 0.269873768 0.006549576 0.999970019 -0.004137068 0.660839975 0.103674822 0.003435828 0.994605303 2.814121246
0.994034111 -0.010995809 -0.108514458 0.353691310 0.009470952 0.999849200 -0.014557541 0.744071126 0.108658157 0.013442956 0.993988216 3.047394037
0.994155705 -0.010954805 -0.107398205 0.365042895 0.010039477 0.999908566 -0.009059736 0.784293234 0.107487634 0.007928569 0.994174778 3.271004438
0.993806124 -0.011362555 -0.110545307 0.414413631 0.010933453 0.999930084 -0.004487103 0.838952601 0.110588573 0.003250671 0.993860900 3.521033287
0.993790746 -0.012739025 -0.110532805 0.454463065 0.013019381 0.999913514 0.001815019 0.908889890 0.110500127 -0.003242817 0.993870795 3.773138523
0.993436158 -0.015375270 -0.113350324 0.510972977 0.015996384 0.999861538 0.004572043 0.960943639 0.113264337 -0.006355228 0.993544579 4.024861336
0.993400514 -0.013378896 -0.113913998 0.554028511 0.014008315 0.999890685 0.004726688 1.103670001 0.113838285 -0.006291238 0.993479311 4.286821842
0.993301690 -0.015916454 -0.114447877 0.573431730 0.015155510 0.999856889 -0.007515938 1.229007125 0.114551127 0.005731080 0.993400812 4.533029556
0.992939830 -0.018066436 -0.117236435 0.647370994 0.016255518 0.999733567 -0.016384602 1.321573853 0.117501222 0.014363183 0.992968798 4.792904854
0.992446601 -0.018882994 -0.121215202 0.712507367 0.016453886 0.999643862 -0.021009441 1.406667590 0.121568769 0.018856289 0.992403865 5.071714401
0.992642045 -0.019299503 -0.119537778 0.732162654 0.015930662 0.999450326 -0.029074082 1.459717989 0.120033160 0.026955841 0.992403865 5.320022106
0.992318690 -0.020458071 -0.122004129 0.791622341 0.015831375 0.999122679 -0.038772069 1.541548967 0.122690275 0.036542755 0.991772056 5.571599483
0.992291093 -0.020716645 -0.122185238 0.840562761 0.016214171 0.999156356 -0.037729535 1.608013153 0.122863799 0.035457548 0.991789877 5.850018501
0.991841078 -0.022733385 -0.125437438 0.913442552 0.017292032 0.998868585 -0.044298753 1.715458155 0.126302600 0.041768253 0.991112113 6.150343895
0.991254866 -0.022108607 -0.130096331 0.990785956 0.016651696 0.998941243 -0.042884547 1.834251404 0.130906716 0.040343188 0.990573525 6.485017300
0.990341127 -0.021832315 -0.136922747 1.085738420 0.016898371 0.999168873 -0.037094031 1.937921405 0.137618780 0.034421965 0.989887059 6.824536800
0.991860330 -0.019880533 -0.125769258 1.018553495 0.015356459 0.999203205 -0.036839109 1.983915806 0.126401424 0.034607880 0.991375268 7.084409237
0.991467774 -0.019055076 -0.128951907 1.072839379 0.013839760 0.999054253 -0.041219797 2.073218346 0.129615381 0.039083444 0.990793765 7.377369404
0.991167128 -0.019873625 -0.131121278 1.120437622 0.015022817 0.999169350 -0.037880924 2.160097837 0.131765217 0.035576507 0.990642309 7.677741051
0.990857065 -0.019506190 -0.133498043 1.171731234 0.014585594 0.999181271 -0.037738256 2.238722801 0.134124875 0.035446070 0.990330338 7.984584808
0.990782559 -0.021590043 -0.133729652 1.215910196 0.016263172 0.999035060 -0.040798273 2.286650419 0.134481460 0.038247351 0.990177691 8.235043526
0.990988672 -0.021594174 -0.132193044 1.243381262 0.015301839 0.998709261 -0.048431829 2.375153780 0.133068278 0.045972597 0.990040064 8.524874687
0.990808189 -0.022652358 -0.133364379 1.289206862 0.016263608 0.998676240 -0.048800528 2.431438923 0.134293243 0.046182975 0.989864826 8.803603172
0.991051435 -0.022153359 -0.131629959 1.300381422 0.015445319 0.998539805 -0.051765617 2.482632637 0.132584512 0.049269322 0.989946365 9.074172974
0.991295457 -0.021727266 -0.129850924 1.315743446 0.015272222 0.998607218 -0.050501879 2.509001732 0.130767360 0.048079167 0.990246534 9.343983650
0.991154969 -0.021291440 -0.130990952 1.340234399 0.014843122 0.998638451 -0.050008181 2.551323891 0.131877363 0.047621544 0.990121484 9.633697510
0.991369307 -0.020579638 -0.129473358 1.338091254 0.014237366 0.998661578 -0.049721468 2.593013525 0.130323380 0.047448985 0.990335464 9.892066002
0.991468847 -0.019584673 -0.128863931 1.332531095 0.014192012 0.998989940 -0.042633712 2.657753229 0.129568756 0.040441167 0.990745366 10.190216064
0.991477311 -0.019486830 -0.128813982 1.329855800 0.014407059 0.999085844 -0.040249810 2.730226994 0.129480585 0.038050942 0.990851641 10.502177238
0.992091238 -0.018458055 -0.124153912 1.281787753 0.014148733 0.999269366 -0.035502207 2.760529757 0.124718510 0.033464801 0.991627634 10.778564453
0.992348433 -0.020019645 -0.121834904 1.247725368 0.015730994 0.999225795 -0.036061220 2.832088709 0.122462519 0.033868723 0.991895020 11.089241028
0.992320120 -0.019817829 -0.122098118 1.251200676 0.015928084 0.999336600 -0.032751679 2.859587669 0.122666158 0.030555364 0.991977513 11.350008011
0.992421806 -0.021178516 -0.121039674 1.238939762 0.017146956 0.999266088 -0.034252930 2.936460733 0.121676244 0.031917892 0.992056549 11.660214424
0.992615998 -0.020828819 -0.119497150 1.230351806 0.017457135 0.999421358 -0.029193429 2.962891579 0.120036080 0.026891785 0.992405176 11.967039108
0.992258191 -0.022307742 -0.122173116 1.264582634 0.019507378 0.999520063 -0.024069784 3.039270401 0.122651406 0.021500159 0.992216885 12.298105240
0.991584837 -0.024892941 -0.127043128 1.321661353 0.021242550 0.999323845 -0.030008141 3.117359161 0.127704218 0.027056891 0.991443157 12.620097160
0.991221666 -0.026554622 -0.129516125 1.348217845 0.022658290 0.999247968 -0.031465270 3.184262276 0.130254298 0.028254442 0.991077960 12.913066864
0.990737617 -0.029189656 -0.132616848 1.389794946 0.024712233 0.999071717 -0.035283864 3.249412775 0.133523688 0.031679779 0.990539134 13.208770752
0.989974320 -0.031007707 -0.137801334 1.433671951 0.026304971 0.999012053 -0.035818405 3.316601276 0.138775826 0.031834435 0.989812016 13.530510902
0.989486277 -0.032732826 -0.140873373 1.468473911 0.027603002 0.998888135 -0.038216159 3.386839867 0.141967654 0.033925828 0.989289761 13.847600937
0.988928437 -0.035241473 -0.144147575 1.500511885 0.029934889 0.998797715 -0.038818877 3.453226328 0.145342305 0.034074053 0.988794506 14.147108078
0.988204002 -0.038359538 -0.148261413 1.545166016 0.032305490 0.998551428 -0.043029081 3.512606144 0.149697244 0.037731849 0.988011718 14.447971344
0.988092959 -0.039578967 -0.148680285 1.555608511 0.032957353 0.998363256 -0.046739545 3.576103210 0.150286868 0.041282907 0.987780154 14.711293221
0.987627327 -0.042134501 -0.151052967 1.582749844 0.034994069 0.998154759 -0.049622722 3.638671160 0.152865052 0.043722801 0.987279534 15.005373955
0.987299860 -0.043144945 -0.152896911 1.611795902 0.035038363 0.997853398 -0.055324595 3.702620983 0.154955670 0.049264710 0.986692369 15.292205811
0.987235308 -0.043137331 -0.153315514 1.613792896 0.034430340 0.997664034 -0.059000712 3.745932102 0.155502468 0.052968875 0.986414373 15.560552597
0.986903250 -0.043871950 -0.155232802 1.636090279 0.034600165 0.997480273 -0.061935317 3.808935642 0.157558873 0.055753093 0.985934496 15.831247330
0.986447334 -0.043065667 -0.158325493 1.665762663 0.034214072 0.997717500 -0.058215484 3.842374325 0.160471246 0.052009545 0.985669315 16.100219727
0.985890746 -0.042273391 -0.161964208 1.701920271 0.032865427 0.997637033 -0.060332987 3.890883446 0.164131969 0.054158702 0.984950423 16.360656738
0.986715615 -0.040238667 -0.157394528 1.647088051 0.030748591 0.997585416 -0.062272746 3.957037210 0.159520268 0.056605835 0.985570431 16.492214203
0.986487269 -0.038959421 -0.159138605 1.662689209 0.029238533 0.997586608 -0.062976301 4.017628670 0.161208063 0.057472341 0.985245526 16.710025787
0.986469030 -0.038564291 -0.159347087 1.652619123 0.028784119 0.997583449 -0.063235909 4.046188354 0.161400646 0.057793625 0.985195279 16.928197861
0.986406147 -0.037544105 -0.159978360 1.632373333 0.028104220 0.997750163 -0.060867328 4.090929031 0.161903650 0.055543855 0.985242188 17.137065887
0.986267626 -0.037607636 -0.160816088 1.639260769 0.027901195 0.997673869 -0.062195968 4.117720127 0.162781030 0.056854904 0.985022902 17.323205948
0.986126900 -0.037121657 -0.161788836 1.631782532 0.027195292 0.997633934 -0.063142888 4.165937424 0.163749978 0.057867009 0.984803200 17.516866684
0.986097038 -0.037067931 -0.161983222 1.625377655 0.026003126 0.997214794 -0.069902852 4.197524071 0.164123237 0.064718910 0.984314620 17.712026596
0.985953867 -0.037467562 -0.162760839 1.614163637 0.025300121 0.996771753 -0.076196827 4.236994743 0.165090308 0.071008682 0.983718932 17.890644073
0.985483766 -0.038930211 -0.165245906 1.618721008 0.026014008 0.996485710 -0.079620808 4.278289795 0.167764872 0.074166320 0.983033240 18.097427368
0.985248566 -0.038639631 -0.166709676 1.598090649 0.024916241 0.996184528 -0.083639480 4.325787544 0.169305429 0.078251906 0.982452214 18.308471680
0.984661758 -0.038321540 -0.170213133 1.599815130 0.025085432 0.996539593 -0.079243399 4.349458694 0.172660843 0.073758096 0.982215822 18.504947662
0.984041810 -0.039006155 -0.173609331 1.611317873 0.025312133 0.996440768 -0.080405377 4.399003983 0.176127732 0.074727833 0.981526792 18.714286804
0.983910561 -0.037230175 -0.174739525 1.602145195 0.025132529 0.997163773 -0.070942275 4.412516117 0.176885083 0.065409221 0.982055664 18.909404755
0.983230889 -0.036570705 -0.178660661 1.611601591 0.024715360 0.997369707 -0.068138167 4.440388203 0.180682570 0.062579885 0.981548607 19.128620148
0.983389735 -0.034889016 -0.178121850 1.584381819 0.022611966 0.997255743 -0.070496105 4.485459328 0.180092573 0.065297455 0.981479943 19.296981812
0.982977867 -0.035380080 -0.180285409 1.580162048 0.022903316 0.997225881 -0.070823714 4.518425941 0.182291046 0.065489002 0.981061220 19.472055435
0.982622564 -0.037217181 -0.181845009 1.598646641 0.024590494 0.997158527 -0.071204871 4.538323402 0.183978364 0.065495856 0.980745792 19.631336212
0.982517481 -0.035113819 -0.182828590 1.587243557 0.023199683 0.997489691 -0.066901922 4.598745823 0.184718832 0.061490741 0.980865836 19.850307465
0.982274294 -0.034638450 -0.184221029 1.590617895 0.023490630 0.997777522 -0.062355652 4.593433857 0.185971513 0.056922887 0.980904877 19.994758606
0.981780827 -0.036290385 -0.186519220 1.611454487 0.025318071 0.997824192 -0.060876444 4.623890877 0.188322604 0.055045024 0.980563402 20.179456711
0.981697023 -0.037150756 -0.186790407 1.605556011 0.026040386 0.997761965 -0.061586875 4.640403271 0.188660368 0.055595558 0.980467379 20.319719315
0.980927348 -0.038368374 -0.190550461 1.630575895 0.027313536 0.997806013 -0.060307391 4.638862610 0.192446321 0.053952560 0.979823232 20.493787766
0.980816543 -0.040418141 -0.190697178 1.605854511 0.028242473 0.997410536 -0.066140443 4.709089279 0.192876652 0.059485879 0.979418218 20.662322998
0.980961442 -0.041445751 -0.189728513 1.590229988 0.029242558 0.997346222 -0.066673890 4.723213196 0.191988364 0.059856374 0.979570270 20.813632965
0.980256438 -0.043393452 -0.192910403 1.608612061 0.030681064 0.997185767 -0.068404935 4.762324333 0.195335820 0.061135679 0.978829086 20.987117767
0.980265141 -0.045336299 -0.192418441 1.589315414 0.031927675 0.996877253 -0.072223529 4.784767151 0.195091978 0.064654738 0.978651524 21.138359070
0.980068445 -0.046825532 -0.193062007 1.571583748 0.032510653 0.996527076 -0.076660506 4.835040092 0.195981219 0.068855993 0.978187203 21.319936752
0.979869127 -0.047699999 -0.193858743 1.581688881 0.033992089 0.996720612 -0.073433757 4.833927631 0.196725771 0.065365799 0.978277206 21.448541641
0.979623497 -0.048363589 -0.194932535 1.576241493 0.034894813 0.996797740 -0.071947664 4.864515305 0.197787970 0.063679487 0.978174269 21.617237091
0.979379475 -0.049140338 -0.195961833 1.576232910 0.036225013 0.996961713 -0.068957321 4.878279686 0.198754996 0.060436662 0.978184104 21.766088486
0.978779018 -0.050507810 -0.198596776 1.580645561 0.037389219 0.996897519 -0.069262624 4.911225319 0.201478958 0.060367424 0.977630854 21.925416946
0.978485405 -0.052085619 -0.199633047 1.581769466 0.039109621 0.996890903 -0.068402931 4.932249546 0.202575177 0.059123691 0.977480352 22.073343277
0.978080988 -0.052873533 -0.201399982 1.583399773 0.039965112 0.996909618 -0.067631632 4.946241379 0.204353496 0.058100246 0.977171421 22.221153259
0.977576911 -0.054766092 -0.203332424 1.582776070 0.041679285 0.996807575 -0.068098076 4.971446037 0.206412762 0.058096364 0.976738691 22.374542236
0.977530181 -0.056268711 -0.203146979 1.571787834 0.042476658 0.996526480 -0.071628191 5.005208015 0.206471786 0.061389707 0.976524830 22.522855759
0.977194965 -0.057442814 -0.204426616 1.574627876 0.043610785 0.996483862 -0.071539588 5.026845455 0.207817286 0.060992930 0.976264238 22.667930603
0.976630032 -0.058327686 -0.206861585 1.591619968 0.044278853 0.996427894 -0.071909331 5.065620899 0.210316941 0.061069205 0.975724041 22.815357208
0.976619959 -0.059519596 -0.206569299 1.576592922 0.045409765 0.996342063 -0.072391137 5.077578545 0.210122362 0.061318371 0.975750327 22.954677582
0.975335240 -0.061120614 -0.212097883 1.630616665 0.046775814 0.996306658 -0.072008096 5.145971775 0.215715662 0.060310990 0.974591911 23.143526077
0.974478662 -0.060939364 -0.216049924 1.651188850 0.046321560 0.996321738 -0.072093651 5.190917492 0.219648570 0.060245968 0.973717093 23.315124512
0.973324180 -0.062861927 -0.220654517 1.700425625 0.047035910 0.995977640 -0.076263487 5.242936611 0.224561036 0.063850410 0.972365975 23.494945526
0.972912610 -0.062252283 -0.222633600 1.708734512 0.046967305 0.996202707 -0.073308006 5.281339645 0.226351812 0.060865782 0.972142100 23.641359329
0.972138941 -0.063689001 -0.225587696 1.728996277 0.047081143 0.995820940 -0.078255355 5.322971344 0.229628980 0.065454140 0.971074820 23.787948608
0.971331060 -0.064289898 -0.228872880 1.760046482 0.046770249 0.995602190 -0.081170738 5.350184917 0.233084783 0.068139195 0.970066249 23.944990158
0.970477760 -0.064499199 -0.232406676 1.784303188 0.046004552 0.995391011 -0.084143579 5.361187458 0.236762762 0.070967689 0.968972147 24.100917816
0.969668806 -0.066593699 -0.235175878 1.814976215 0.047146924 0.995059431 -0.087371975 5.400047302 0.239832386 0.073634081 0.968017757 24.251224518
0.968490720 -0.067212820 -0.239808500 1.847920418 0.046757672 0.994843900 -0.089996390 5.435962677 0.244620919 0.075947784 0.966639817 24.412235260
0.967448592 -0.067694813 -0.243845358 1.871347904 0.046136577 0.994590342 -0.093066521 5.476259232 0.248826340 0.078786880 0.965338349 24.569322586
0.967003882 -0.068500713 -0.245379686 1.883690357 0.046441995 0.994432688 -0.094587132 5.500366211 0.250492871 0.080070212 0.964801550 24.699758530
0.966317236 -0.069291539 -0.247850299 1.897050381 0.046684980 0.994289875 -0.095958695 5.539146423 0.253084183 0.081155650 0.964034319 24.847728729
0.964864790 -0.071459882 -0.252842873 1.932931423 0.047416635 0.993862391 -0.099946052 5.562580585 0.258433163 0.084445462 0.962331176 24.998441696
0.964267194 -0.073885858 -0.254420131 1.948098660 0.048342079 0.993271589 -0.105235569 5.595666409 0.260483712 0.089175992 0.961351097 25.139326096
0.963572979 -0.075447209 -0.256582707 1.962589264 0.048368283 0.992724597 -0.110264421 5.630998611 0.263035089 0.093837366 0.960212052 25.290601730
0.962844253 -0.078138240 -0.258506119 1.983273983 0.049703207 0.992148101 -0.114768185 5.659789085 0.265444130 0.097655304 0.959167778 25.419824600
0.961872756 -0.081497170 -0.261073083 1.999293804 0.050582040 0.991113245 -0.123028561 5.694276333 0.268779427 0.105132215 0.957446992 25.557607651
0.961588919 -0.085653454 -0.260787606 2.010061741 0.052525740 0.989929140 -0.131458268 5.718205929 0.269421130 0.112710752 0.956403971 25.683158875
0.961111188 -0.089192972 -0.261361659 2.003663540 0.052445766 0.988135397 -0.144353688 5.764325142 0.271136045 0.125032634 0.954385698 25.815603256
0.960688472 -0.092627101 -0.261720955 2.011341095 0.054082807 0.987080216 -0.150823444 5.783473015 0.272309899 0.130739748 0.953286111 25.952627182
0.959129155 -0.093381874 -0.267116070 2.030998230 0.054568470 0.987298071 -0.149214223 5.806293488 0.277657002 0.128539607 0.952042103 26.112028122
0.958601415 -0.086271293 -0.271368027 2.017116070 0.052269004 0.990117967 -0.130131856 5.847874641 0.279913068 0.110560462 0.953637779 26.306058884
0.957304358 -0.085120022 -0.276265979 2.023779392 0.053834189 0.991442204 -0.118928485 5.888966560 0.284025013 0.098978192 0.953694403 26.496711731
0.957130015 -0.079615206 -0.278502047 2.009111404 0.052977543 0.993382037 -0.101909176 5.899369240 0.284772456 0.082785994 0.955013633 26.650604248
0.955621123 -0.081324056 -0.283150971 2.018966198 0.053019550 0.992925823 -0.106240712 5.944652557 0.289787829 0.086513355 0.953172863 26.823341370
0.956024230 -0.082779452 -0.281363666 1.980851173 0.050864317 0.991601467 -0.118909188 5.951862335 0.288843811 0.099368677 0.952205420 26.943063736
0.955547214 -0.083463252 -0.282778412 1.963297844 0.048430838 0.990500808 -0.128696099 5.971643448 0.290833592 0.109279983 0.950512350 27.110137939
0.954154730 -0.085133627 -0.286951661 1.980134487 0.048146438 0.989867330 -0.133583024 5.995731354 0.295416653 0.113643125 0.948585331 27.238830566
0.952230036 -0.086715639 -0.292811304 1.994332790 0.049478818 0.989977539 -0.132273957 6.036459446 0.301346868 0.111467279 0.946976781 27.437082291
0.952348351 -0.083741970 -0.293291539 1.938298225 0.047397070 0.990522265 -0.128915295 6.052213669 0.301307410 0.108871110 0.947291374 27.604583740
0.951228082 -0.084431827 -0.296709239 1.930484295 0.042126227 0.988358498 -0.146194547 6.063589096 0.305598497 0.126565129 0.943711162 27.748731613
0.950315893 -0.092387840 -0.297261000 1.936069489 0.048574980 0.987255812 -0.151546463 6.063783169 0.307473689 0.129577562 0.942692637 27.899660110
0.949927807 -0.094032615 -0.297984928 1.887003899 0.051382363 0.987670779 -0.147872344 6.099931717 0.308215857 0.125156894 0.943047523 28.036436081
0.949467659 -0.087523803 -0.301414490 1.888142109 0.049163729 0.989950716 -0.132591069 6.107892990 0.309990346 0.111072287 0.944229245 28.235095978
0.948945582 -0.075981930 -0.306151927 1.887082100 0.045218032 0.993298650 -0.106363229 6.116240501 0.312181979 0.087089345 0.946022153 28.412130356
0.946040034 -0.079055458 -0.314259022 1.885663033 0.049756628 0.993722796 -0.100195907 6.133075237 0.320207417 0.079152867 0.944034994 28.595352173
0.946410000 -0.081750751 -0.312449962 1.865083694 0.050961252 0.993114650 -0.105481267 6.152944565 0.318921834 0.083905675 0.944059730 28.748466492
0.944804251 -0.087732464 -0.315670639 1.863709450 0.052221596 0.991488993 -0.119259030 6.178439140 0.323446751 0.096191630 0.941344440 28.881504059
0.944205344 -0.090919919 -0.316559225 1.843480110 0.052988268 0.990556479 -0.126451895 6.204919815 0.325066805 0.102622621 0.940106452 29.035768509
0.943735063 -0.092924617 -0.317378581 1.826691628 0.052672055 0.989695430 -0.133148879 6.238580704 0.326480865 0.108940266 0.938904822 29.198881149
0.942434192 -0.092459567 -0.321355015 1.802178383 0.053674519 0.990380108 -0.127539352 6.257111549 0.330055833 0.102948867 0.938330770 29.393081665
0.940998256 -0.093852907 -0.325136840 1.791767120 0.053129420 0.989830673 -0.131956145 6.283628464 0.334214926 0.106896177 0.936415195 29.582658768
0.940107822 -0.095963635 -0.327090710 1.771522522 0.055513047 0.989846170 -0.130853653 6.308789253 0.336326659 0.104858734 0.935889423 29.748462677
0.938633263 -0.096283391 -0.331205577 1.749557495 0.056107827 0.990080476 -0.128813058 6.343708038 0.340322763 0.102325000 0.934724510 29.955413818
0.937798500 -0.097531952 -0.333198756 1.740084648 0.056225091 0.989725769 -0.131459326 6.354663849 0.342596859 0.104548223 0.933647156 30.122848511
0.936551869 -0.094626077 -0.337515116 1.727537155 0.055646699 0.990799308 -0.123370513 6.367505074 0.346083790 0.096761279 0.933200479 30.323017120
0.935062349 -0.100022562 -0.340079010 1.702343941 0.059512306 0.990044355 -0.127555788 6.389971256 0.349451780 0.099033751 0.931705773 30.505603790
0.933460653 -0.104182839 -0.343215585 1.689728737 0.061665881 0.989253342 -0.132571340 6.435538292 0.353338838 0.102585427 0.929853737 30.714271545
0.932565987 -0.103723049 -0.345777720 1.660604477 0.060407717 0.989165545 -0.133800074 6.442810059 0.355909497 0.103889771 0.928727806 30.886495590
0.931004763 -0.108181216 -0.348607183 1.644389153 0.062188044 0.988117933 -0.140554816 6.471445560 0.359670401 0.109178014 0.926670015 31.079788208
0.929944992 -0.108247042 -0.351404130 1.606351852 0.063169651 0.988508821 -0.137331575 6.493350029 0.362231731 0.105512701 0.926096737 31.286388397
0.928373814 -0.109169997 -0.355251938 1.570428848 0.063167028 0.988326013 -0.138642207 6.536392212 0.366240263 0.106271602 0.924431920 31.508716583
0.926802814 -0.110013284 -0.359073222 1.549776077 0.064542130 0.988564551 -0.136288121 6.538461685 0.369960546 0.103136845 0.923304915 31.702804565
0.925099790 -0.113091551 -0.362492055 1.524889946 0.066503920 0.988119304 -0.138555199 6.557255745 0.373854786 0.104070261 0.921630144 31.903207779
0.923840940 -0.117177203 -0.364400148 1.503232956 0.065416649 0.986318529 -0.151315734 6.585002899 0.377145290 0.115953803 0.918866754 32.094200134
0.922286689 -0.121717125 -0.366840899 1.486662865 0.064806230 0.984381735 -0.163684607 6.608825207 0.381034672 0.127190560 0.915770233 32.281223297
0.920911670 -0.130891144 -0.367136449 1.492683411 0.064762853 0.980219305 -0.187018082 6.658014774 0.384353369 0.148450315 0.911172271 32.376010895
0.919161558 -0.132441968 -0.370946258 1.480463028 0.062184252 0.978756487 -0.195368126 6.655757427 0.388941050 0.156507820 0.907871187 32.575798035
0.916555285 -0.129513830 -0.378354967 1.460572243 0.057564653 0.978980184 -0.195663542 6.646008492 0.395743132 0.157556579 0.904744923 32.816108704
0.913901687 -0.125740856 -0.385970116 1.442970276 0.057152193 0.981201470 -0.184329391 6.646655560 0.401892185 0.146399885 0.903908014 33.071704865
0.909856975 -0.121764548 -0.396653116 1.477839470 0.052911818 0.982215226 -0.180149332 6.669401646 0.411534458 0.142922506 0.900118053 33.369995117
0.909529805 -0.116655923 -0.398932338 1.424120903 0.047616493 0.982730865 -0.178809181 6.698153496 0.412902206 0.143636525 0.899377704 33.533348083
0.907784760 -0.112934135 -0.403946519 1.411290169 0.046098903 0.984098971 -0.171533853 6.730455399 0.416895449 0.137094289 0.898556232 33.768863678
0.907579780 -0.104671635 -0.406623602 1.383340836 0.044776056 0.987034082 -0.154139146 6.719183445 0.417485386 0.121686570 0.900498927 33.983345032
0.906099141 -0.099640146 -0.411164582 1.364571571 0.044644009 0.988962889 -0.141277999 6.754724503 0.420703381 0.109655850 0.900546610 34.255851746
0.908185542 -0.094791807 -0.407692999 1.304070473 0.044137191 0.990276396 -0.131926090 6.778757095 0.416234285 0.101818934 0.903538585 34.390201569
0.906068802 -0.095720105 -0.412161499 1.292602539 0.046094149 0.990608156 -0.128727823 6.795841217 0.420612425 0.097638048 0.901971221 34.640552521
0.906327069 -0.100289345 -0.410503715 1.255002022 0.049771342 0.990002215 -0.131978258 6.861608982 0.419635683 0.099184141 0.902257323 34.807117462
0.902879655 -0.105074048 -0.416854650 1.272443771 0.054757558 0.989880562 -0.130912006 6.935023308 0.426391780 0.095371865 0.899496615 35.085800171
0.905004740 -0.098882332 -0.413749397 1.192521095 0.056832135 0.991994798 -0.112767294 6.936148643 0.421587914 0.078540683 0.903379738 35.227607727
0.903665841 -0.101125039 -0.416126907 1.139023781 0.058433924 0.991747677 -0.114113681 6.967714310 0.424232721 0.078804731 0.902117729 35.446571350
0.903444469 -0.107763395 -0.414939880 1.098649979 0.062182307 0.990595579 -0.121877052 7.042651176 0.424171448 0.084307238 0.901648998 35.610336304
0.901918054 -0.114387318 -0.416484505 1.069300652 0.066076018 0.989483654 -0.128670409 7.104343414 0.426822841 0.088530526 0.899991393 35.842308044
0.902545094 -0.121317551 -0.413151830 0.984782219 0.067008130 0.987371981 -0.143549427 7.197917461 0.425349563 0.101875298 0.899277031 36.021915436
0.899823725 -0.130619079 -0.416240007 0.976264000 0.066639543 0.984081447 -0.164750993 7.272482395 0.431133777 0.120508812 0.894204319 36.256961823
0.899870515 -0.140970200 -0.412747383 0.897301674 0.069101945 0.980454743 -0.184209794 7.339784145 0.430648327 0.137243316 0.892023742 36.435726166
0.897230208 -0.145653650 -0.416848868 0.907677650 0.070298798 0.979107678 -0.190803975 7.357929230 0.435931236 0.141891077 0.888724267 36.694847107
0.897696078 -0.146523923 -0.415538758 0.860665321 0.069428854 0.978345215 -0.194987744 7.444414616 0.435110718 0.146189392 0.888429701 36.877944946
0.896917105 -0.149221435 -0.416260332 0.797444344 0.070491552 0.977553248 -0.198545963 7.477092743 0.436543912 0.148736417 0.887303174 37.093444824
0.895396888 -0.150495797 -0.419064969 0.767262459 0.070990823 0.977361619 -0.199310094 7.549045086 0.439573348 0.148711875 0.885810375 37.345466614
0.893877864 -0.155899137 -0.420330584 0.713162422 0.069436722 0.974418819 -0.213743865 7.601919174 0.442900538 0.161874518 0.881836534 37.587192535
0.891614854 -0.158257410 -0.424237490 0.668453217 0.067682736 0.972987175 -0.220714852 7.679821968 0.447707325 0.168079078 0.878241181 37.857879639
0.891454935 -0.159769446 -0.424006909 0.600286484 0.067875519 0.972299576 -0.223665744 7.711717606 0.447996736 0.170608252 0.877605677 38.039585114
0.889632940 -0.159068808 -0.428077489 0.567423820 0.064640574 0.971800148 -0.226773620 7.767250061 0.452078372 0.174074128 0.874827504 38.291328430
0.888994396 -0.161424622 -0.428521961 0.462780952 0.063828461 0.970351815 -0.233116493 7.812473774 0.453447729 0.179887399 0.872940838 38.509544373
0.887295127 -0.160918027 -0.432218462 0.393955231 0.062301312 0.970386684 -0.233384401 7.869654655 0.456974775 0.180153087 0.871044755 38.772865295
0.886338472 -0.161228046 -0.434061855 0.318602562 0.063199572 0.970772207 -0.231532663 7.894593239 0.458704621 0.177783817 0.870622158 38.999397278
0.885303617 -0.164960325 -0.434770763 0.246304512 0.061898153 0.968447804 -0.241407260 7.922959328 0.460875332 0.186807215 0.867581069 39.222614288
0.884082377 -0.167168260 -0.436409414 0.194576263 0.059393007 0.966452360 -0.249884322 7.965686798 0.463541687 0.194998652 0.864352107 39.426406860
0.880554795 -0.167429686 -0.443385363 0.140366554 0.059974603 0.967365503 -0.246184856 7.967701912 0.470134377 0.190187350 0.861859858 39.685913086
0.878885090 -0.164132848 -0.447907895 0.067691803 0.059135087 0.969188273 -0.239117652 7.981472969 0.473354191 0.183669835 0.861510992 39.965930939
0.876283050 -0.166290238 -0.452189833 -0.018003464 0.059059903 0.968545318 -0.241726950 8.020748138 0.478163123 0.185114905 0.858540893 40.217018127
0.874548316 -0.171481296 -0.453607172 -0.089863777 0.058730949 0.965959549 -0.251938194 8.084713936 0.481368870 0.193691328 0.854849517 40.460823059
0.873807907 -0.167404264 -0.456547320 -0.180280685 0.057259202 0.967764020 -0.245263308 8.035828590 0.482888192 0.188171491 0.855225384 40.673549652
0.873094440 -0.166954637 -0.458074480 -0.244885445 0.058866397 0.968766272 -0.240886882 8.031852722 0.483984292 0.183351785 0.855652511 40.889148712
0.872260332 -0.163945153 -0.460742623 -0.320709229 0.056792703 0.969717264 -0.237534881 8.039585114 0.485732764 0.181025445 0.855157018 41.116447449
0.870626986 -0.168365076 -0.462235659 -0.336563110 0.058499489 0.968376637 -0.242537692 8.036093712 0.488453001 0.184119359 0.852944136 41.288711548
0.866652787 -0.173400685 -0.467808843 -0.350882530 0.058147676 0.966374397 -0.250478595 8.057316780 0.495511591 0.189876005 0.847593844 41.543121338
0.867063880 -0.174093291 -0.466788799 -0.392919540 0.057872679 0.965810001 -0.252708972 8.149363518 0.494824231 0.192100480 0.847494185 41.712829590
0.863382995 -0.180559233 -0.471135080 -0.407528877 0.058838803 0.963434398 -0.261404067 8.171653748 0.501106679 0.197970748 0.842436790 41.966499329
0.867086947 -0.179060027 -0.464863002 -0.481573105 0.059653200 0.963773310 -0.259966403 8.156942368 0.494572133 0.197682932 0.846356809 42.013633728
0.865779638 -0.181925222 -0.466185510 -0.531034470 0.061594654 0.963235080 -0.261503965 8.164047241 0.496620446 0.197690278 0.845154881 42.189315796
0.865622342 -0.182723641 -0.466165245 -0.563215256 0.062773049 0.963290393 -0.261019349 8.178277969 0.496746987 0.196681604 0.845315814 42.355613708
0.862670481 -0.189094618 -0.469087183 -0.575128555 0.062443592 0.960203171 -0.272232920 8.222936630 0.501896799 0.205555826 0.840146720 42.604701996
0.864065945 -0.189009964 -0.466546118 -0.631131172 0.063312657 0.960276008 -0.271774620 8.224111557 0.499381155 0.205292985 0.841708541 42.710830688
0.861629844 -0.190687016 -0.470353723 -0.664448738 0.063732542 0.960052013 -0.272466570 8.242327690 0.503519833 0.204788417 0.839362442 42.933895111
0.861760736 -0.194995537 -0.468343019 -0.694223404 0.064349651 0.957737982 -0.280351430 8.245144844 0.503217220 0.211458147 0.837888956 43.075012207
0.858496904 -0.193287045 -0.474998266 -0.740557671 0.062716223 0.958869159 -0.276833236 8.267685890 0.508969367 0.207870379 0.835308313 43.374767303
0.860973060 -0.190792382 -0.471512109 -0.800467491 0.063755035 0.960154355 -0.272100747 8.276372910 0.504639149 0.204210132 0.838831067 43.433784485
0.859810174 -0.188018337 -0.474737257 -0.847442627 0.062565587 0.961525798 -0.267495245 8.287188530 0.506766081 0.200292915 0.838493168 43.655120850
0.858365417 -0.194908351 -0.474573016 -0.852601051 0.062469788 0.957848072 -0.280400842 8.282532692 0.509221315 0.211039931 0.834359527 43.795475006
0.855460584 -0.197800100 -0.478604525 -0.876809120 0.062287301 0.956773102 -0.284087270 8.308624268 0.514108419 0.213214532 0.830802023 44.031970978
0.856693506 -0.196725890 -0.476838797 -0.938406944 0.062403567 0.957155228 -0.282771528 8.313816071 0.512037218 0.212492123 0.832264900 44.126159668
0.857680976 -0.197339639 -0.474805504 -0.989504814 0.059920099 0.955487430 -0.288882941 8.340778351 0.510678709 0.219319016 0.831328094 44.251411438
0.853127182 -0.204309553 -0.480032861 -1.006317139 0.059766158 0.952343702 -0.299114466 8.377423286 0.518268228 0.226492986 0.824681044 44.505599976
0.853074670 -0.204856455 -0.479893148 -1.073231697 0.061689995 0.952854156 -0.297091454 8.371889114 0.518129349 0.223836541 0.825493276 44.689250946
0.852056384 -0.204110548 -0.482015491 -1.124483109 0.057662182 0.951838434 -0.301128924 8.397216797 0.520264626 0.228784725 0.822789431 44.895061493
0.851746798 -0.200031564 -0.484267294 -1.229317665 0.056419030 0.953896701 -0.294784933 8.477523804 0.520907223 0.223760232 0.823763967 45.067131042
0.851130426 -0.192087889 -0.488548100 -1.251951218 0.056074671 0.958591580 -0.279208988 8.472667694 0.521950781 0.210248098 0.826657772 45.246562958
0.849724948 -0.191940650 -0.491046250 -1.301988602 0.053805724 0.958083987 -0.281389415 8.493783951 0.524473667 0.212682486 0.824435353 45.451553345
0.849061072 -0.198584661 -0.489550173 -1.328145981 0.052311189 0.953710020 -0.296142876 8.473936081 0.525698423 0.225834459 0.820146263 45.549453735
0.848085880 -0.201828554 -0.489913881 -1.371355057 0.052644659 0.952133477 -0.301115215 8.467592239 0.527237058 0.229580209 0.818116128 45.689395905
0.846578300 -0.202689499 -0.492160589 -1.438694000 0.052049421 0.951748610 -0.302432775 8.490664482 0.529713035 0.230416343 0.816279590 45.877593994
0.845792711 -0.202259213 -0.493686080 -1.482452393 0.050478738 0.951539099 -0.303356677 8.483161926 0.531118333 0.231656194 0.815014601 46.001659393
0.844694853 -0.202333525 -0.495531738 -1.511310577 0.051040426 0.952028215 -0.301723659 8.482172012 0.532809138 0.229572251 0.814500511 46.153186798
0.840647578 -0.203086585 -0.502063394 -1.547719955 0.051783007 0.952923417 -0.298756510 8.521871567 0.539101362 0.225150570 0.811589122 46.404533386
0.840833127 -0.198905095 -0.503424704 -1.594913483 0.051174223 0.955083609 -0.291884691 8.505425453 0.538869977 0.219663978 0.813244700 46.538002014
0.838304043 -0.204401031 -0.505437076 -1.663261414 0.052212402 0.952899337 -0.298758686 8.507632256 0.542697191 0.224060550 0.809491634 46.707252502
0.834495127 -0.207936481 -0.510274708 -1.676507950 0.051246893 0.951337099 -0.303860664 8.535134315 0.548627019 0.227420241 0.804542422 46.903194427
0.831265390 -0.209350109 -0.514946938 -1.726846695 0.051420726 0.951358438 -0.303764671 8.524393082 0.553492308 0.226030156 0.801596284 47.082763672
0.828629434 -0.208488539 -0.519524634 -1.794469833 0.050537612 0.952129245 -0.301489234 8.526272774 0.557511687 0.223567307 0.799498796 47.285186768
0.824802399 -0.211704567 -0.524292052 -1.814937592 0.051170424 0.951402783 -0.303668171 8.543828964 0.563100934 0.223638028 0.795552373 47.438823700
0.823607624 -0.206407741 -0.528267264 -1.869691849 0.050495725 0.954412878 -0.294187367 8.509851456 0.564907670 0.215619728 0.796484470 47.566528320
0.821217775 -0.205099568 -0.532480597 -1.961034775 0.049060475 0.955092847 -0.292216837 8.536090851 0.568502009 0.213849902 0.794401467 47.773456573
0.817371547 -0.208801344 -0.536941051 -1.990961075 0.048794992 0.953752041 -0.296608001 8.542876244 0.574040711 0.216238990 0.789758086 47.949256897
0.814349055 -0.216827288 -0.538350761 -2.047828674 0.047978733 0.949566603 -0.309873283 8.551596642 0.578388810 0.226515591 0.783681750 48.155799866
0.814878762 -0.223829731 -0.534670830 -2.101243973 0.047141653 0.944968879 -0.323745817 8.566895485 0.577711225 0.238608316 0.780586839 48.235168457
0.810183108 -0.224186689 -0.541612089 -2.145591736 0.046390124 0.945598125 -0.322012752 8.589822769 0.584338307 0.235763878 0.776507735 48.478519440
0.806100786 -0.224150822 -0.547684193 -2.192049026 0.043954816 0.945611119 -0.322316140 8.619426727 0.590143561 0.235745981 0.772110403 48.680320740
0.806143522 -0.225530073 -0.547054708 -2.248908997 0.046769653 0.945909202 -0.321042687 8.568000793 0.589868844 0.233220920 0.773086548 48.719421387
