1.000000000 0.000000000 0.000000000 0.000000000 0.000000000 1.000000000 0.000000000 0.000000000 0.000000000 0.000000000 1.000000000 0.000000000
1.000000000 0.000009561 -0.000021172 -0.000015347 -0.000009563 1.000000000 -0.000052766 0.000004130 0.000021171 0.000052766 1.000000000 0.005238696
1.000000000 -0.000118817 -0.000141979 0.001390716 0.000118801 1.000000000 -0.000112882 -0.001174817 0.000141992 0.000112865 1.000000000 0.019165173
0.999999940 -0.000283145 -0.000228800 0.000715453 0.000283102 0.999999940 -0.000186496 -0.000169539 0.000228853 0.000186431 0.999999940 0.011350977
0.999999642 -0.000606545 -0.000546874 0.017576596 0.000606495 0.999999821 -0.000090806 -0.008741493 0.000546929 0.000090475 0.999999821 0.174731076
0.999999702 -0.000206343 -0.000782264 0.029956628 0.000206056 0.999999940 -0.000367047 0.006675690 0.000782339 0.000366886 0.999999642 0.323619813
0.999999464 -0.000775772 -0.000649678 0.012488438 0.000775461 0.999999583 -0.000479006 0.010548824 0.000650049 0.000478502 0.999999702 0.395440191
0.999999344 -0.000915043 -0.000649704 0.003181866 0.000914754 0.999999464 -0.000446014 0.000868641 0.000650112 0.000445419 0.999999702 0.474577218
0.999999285 -0.001057431 -0.000563357 -0.013920996 0.001057129 0.999999285 -0.000534553 0.005490905 0.000563922 0.000533957 0.999999702 0.518291771
0.999998629 -0.001460371 -0.000799975 -0.010739055 0.001459884 0.999998748 -0.000609142 0.002898169 0.000800863 0.000607974 0.999999523 0.609439015
0.999998391 -0.001554614 -0.000912749 -0.018244497 0.001554088 0.999998629 -0.000577022 -0.003019968 0.000913645 0.000575603 0.999999404 0.678121030
0.999998689 -0.001173791 -0.001127648 -0.016967669 0.001173030 0.999999106 -0.000675247 -0.001831376 0.001128439 0.000673923 0.999999166 0.753835201
0.999997377 -0.001875761 -0.001310338 -0.034075294 0.001874860 0.999998033 -0.000688508 -0.005848589 0.001311627 0.000686049 0.999998927 0.945979476
0.999997497 -0.001467920 -0.001672435 -0.028512008 0.001466607 0.999998629 -0.000785857 -0.002449857 0.001673586 0.000783403 0.999998271 0.991524696
0.999996126 -0.001471150 -0.002361177 0.007054891 0.001467676 0.999997854 -0.001472481 0.036112484 0.002363338 0.001469010 0.999996126 1.103507042
0.999995530 -0.001411539 -0.002635904 0.007340939 0.001407533 0.999997854 -0.001521092 0.034838136 0.002638045 0.001517375 0.999995351 1.211572051
0.999995232 -0.000994060 -0.002928699 0.012772101 0.000989434 0.999998271 -0.001580669 0.031826172 0.002930265 0.001577764 0.999994457 1.309183478
0.999994099 -0.001356188 -0.003149087 0.002782570 0.001350840 0.999997616 -0.001699564 0.036682785 0.003151384 0.001695300 0.999993622 1.401014209
0.999992788 -0.001604345 -0.003435145 -0.003563915 0.001598836 0.999997437 -0.001605858 0.034673255 0.003437713 0.001600354 0.999992788 1.488393188
0.999991238 -0.002012434 -0.003666013 -0.011185777 0.002006502 0.999996662 -0.001621045 0.037868705 0.003669264 0.001613675 0.999991953 1.594168067
0.999990761 -0.001721818 -0.003938539 -0.018548261 0.001715160 0.999997079 -0.001693336 0.042208325 0.003941443 0.001686565 0.999990821 1.696677089
0.999986112 -0.001876611 -0.004919633 0.014431091 0.001869294 0.999997139 -0.001491543 0.034879193 0.004922417 0.001482326 0.999986768 1.789178252
0.999985039 -0.001848513 -0.005146138 -0.010704717 0.001840896 0.999997199 -0.001484445 0.030267058 0.005148868 0.001474950 0.999985635 1.902872682
0.999981523 -0.002060895 -0.005713991 -0.010324112 0.002049802 0.999996006 -0.001946522 0.063302569 0.005717979 0.001934774 0.999981761 2.055465698
0.999978125 -0.002159789 -0.006256150 -0.013925972 0.002147484 0.999995768 -0.001972775 0.062955663 0.006260384 0.001959296 0.999978483 2.092146635
0.999970138 -0.002583731 -0.007284006 0.023082385 0.002568524 0.999994516 -0.002096342 0.062813446 0.007289380 0.002077570 0.999971211 2.312591553
0.999965847 -0.002413006 -0.007898933 0.023804577 0.002396026 0.999994814 -0.002158308 0.062664486 0.007904100 0.002139309 0.999966502 2.318461657
0.999961674 -0.002378168 -0.008421412 0.023963951 0.002360041 0.999994934 -0.002161709 0.062845290 0.008426509 0.002141752 0.999962211 2.325517654
0.999959767 -0.001727844 -0.008798864 0.024878748 0.001709436 0.999996364 -0.002099182 0.062777914 0.008802459 0.002084056 0.999959111 2.341408730
0.999957681 -0.000698384 -0.009172870 0.023765592 0.000679891 0.999997735 -0.002019067 0.063502252 0.009174259 0.002012745 0.999955893 2.330547571
0.999951601 -0.001344518 -0.009742404 0.023842542 0.001327024 0.999997497 -0.001801879 0.063399740 0.009744802 0.001788864 0.999950945 2.334932327
0.999948978 -0.000884162 -0.010069378 0.023993326 0.000869192 0.999998450 -0.001491044 0.063343965 0.010070682 0.001482216 0.999948204 2.342309713
0.999943316 -0.001331376 -0.010573762 0.025627252 0.001316673 0.999998152 -0.001397352 0.063261829 0.010575605 0.001383350 0.999943078 2.358841896
0.999940455 -0.000616574 -0.010900392 0.026568139 0.000602788 0.999998987 -0.001267991 0.063368432 0.010901164 0.001261344 0.999939859 2.375073433
0.999936223 -0.000534132 -0.011280086 0.028206855 0.000521215 0.999999166 -0.001147989 0.064476453 0.011280688 0.001142036 0.999935687 2.396504164
0.999931514 -0.000265815 -0.011696319 0.028474649 0.000254460 0.999999464 -0.000972309 0.064567313 0.011696570 0.000969266 0.999931216 2.401561975
0.999926507 -0.000669381 -0.012104158 0.029024770 0.000659478 0.999999464 -0.000822120 0.064146928 0.012104700 0.000814078 0.999926448 2.408705711
0.999922931 -0.001285132 -0.012344428 0.029872719 0.001274565 0.999998748 -0.000863828 0.064680874 0.012345522 0.000848028 0.999923468 2.416599512
0.999918401 -0.001573800 -0.012678606 0.029572442 0.001563592 0.999998391 -0.000814999 0.065278769 0.012679867 0.000795108 0.999919355 2.419492483
0.999912381 -0.002213828 -0.013051192 0.029326439 0.002206170 0.999997377 -0.000601079 0.064632706 0.013052489 0.000572233 0.999914646 2.421496391
0.999909699 -0.002190455 -0.013260514 0.029853724 0.002185895 0.999997556 -0.000358321 0.064401165 0.013261266 0.000329302 0.999912024 2.428305864
0.999903500 -0.002597447 -0.013649007 0.030311733 0.002598403 0.999996543 0.000052266 0.064332537 0.013648827 -0.000087727 0.999906838 2.437430859
0.999892950 -0.003704571 -0.014151413 0.033312790 0.003711306 0.999993026 0.000449710 0.060201194 0.014149647 -0.000502182 0.999899805 2.503208637
0.999883294 -0.004346515 -0.014645094 0.035968829 0.004359018 0.999990106 0.000821928 0.060687933 0.014641378 -0.000885670 0.999892473 2.531607628
0.999871254 -0.005306930 -0.015144352 0.038842510 0.005327954 0.999984860 0.001348236 0.059387635 0.015136970 -0.001428751 0.999884427 2.563619614
0.999877632 -0.003206762 -0.015308962 0.036958199 0.003234234 0.999993265 0.001770079 0.059118778 0.015303181 -0.001819375 0.999881268 2.580667734
0.999873877 -0.003210719 -0.015555064 0.039362807 0.003249000 0.999991775 0.002436369 0.054814979 0.015547115 -0.002486600 0.999876022 2.648596287
0.999863565 -0.003868430 -0.016057350 0.039832160 0.003919210 0.999987423 0.003132193 0.054283179 0.016045032 -0.003194698 0.999866068 2.665549517
0.999859154 -0.003924291 -0.016316760 0.039216861 0.003987093 0.999984801 0.003818230 0.054617126 0.016301528 -0.003882749 0.999859512 2.671609163
0.999855578 -0.004264259 -0.016453084 0.039678417 0.004335507 0.999981403 0.004297162 0.054856636 0.016434453 -0.004367874 0.999855340 2.685191870
0.999849617 -0.004566317 -0.016729962 0.038864929 0.004650666 0.999976695 0.005006379 0.054473855 0.016706713 -0.005083432 0.999847412 2.689290762
0.999838352 -0.005047464 -0.017256808 0.039549068 0.005143280 0.999971628 0.005512498 0.054013606 0.017228493 -0.005600364 0.999835849 2.703680992
0.999834657 -0.004696688 -0.017566517 0.041116044 0.004802892 0.999970436 0.006008562 0.054982416 0.017537776 -0.006091939 0.999827623 2.702776432
0.999821484 -0.005721824 -0.018010095 0.041631319 0.005837481 0.999962628 0.006375793 0.054978192 0.017972939 -0.006479788 0.999817491 2.712949991
0.999811113 -0.006300220 -0.018390438 0.041261997 0.006425340 0.999956548 0.006752386 0.054651029 0.018347098 -0.006869275 0.999808073 2.721730709
0.999811709 -0.005820971 -0.018517463 0.041051839 0.005953067 0.999957204 0.007086521 0.054932769 0.018475423 -0.007195421 0.999803424 2.724266291
0.999804378 -0.005923473 -0.018870741 0.042209826 0.006064249 0.999954164 0.007411561 0.054766651 0.018825976 -0.007524549 0.999794483 2.739928484
0.999792278 -0.006890401 -0.019182986 0.043879583 0.007036219 0.999946833 0.007544340 0.054884352 0.019129980 -0.007677748 0.999787509 2.758202076
0.999793768 -0.006141772 -0.019361326 0.043081958 0.006297170 0.999948382 0.007975463 0.054825343 0.019311344 -0.008095738 0.999780715 2.753089190
0.999792457 -0.005670483 -0.019570485 0.042251341 0.005832804 0.999948978 0.008247110 0.054451175 0.019522723 -0.008359549 0.999774516 2.755758047
0.999795139 -0.004844518 -0.019657811 0.042662539 0.005009598 0.999952555 0.008357172 0.055428915 0.019616392 -0.008453936 0.999771833 2.780810118
0.999775589 -0.007389774 -0.019858541 0.043423042 0.007562090 0.999934316 0.008616148 0.055151120 0.019793566 -0.008764385 0.999765694 2.785916328
0.999784648 -0.006044493 -0.019857775 0.043564878 0.006210847 0.999945998 0.008326270 0.055216037 0.019806379 -0.008447809 0.999768138 2.791185617
0.999779642 -0.004103991 -0.020586435 0.043702077 0.004253605 0.999964833 0.007229158 0.055046774 0.020556042 -0.007315130 0.999761999 2.800986290
0.999770939 -0.003261623 -0.021152748 0.043703489 0.003380668 0.999978602 0.005594508 0.055805970 0.021134052 -0.005664735 0.999760628 2.808228254
0.999759257 -0.005389740 -0.021270772 0.043780807 0.005483853 0.999975443 0.004368680 0.054942090 0.021246707 -0.004484273 0.999764204 2.813802719
0.999746799 -0.008010656 -0.021029027 0.043618560 0.008097586 0.999958932 0.004051975 0.054997463 0.020995706 -0.004221232 0.999770701 2.819415569
0.999721229 -0.010112158 -0.021337820 0.043825679 0.010214355 0.999936819 0.004685950 0.055291638 0.021289092 -0.004902594 0.999761343 2.824749470
0.999713540 -0.010554713 -0.021478046 0.043557692 0.010680574 0.999926448 0.005753785 0.054122232 0.021415733 -0.005981537 0.999752760 2.835626841
0.999729693 -0.009168951 -0.021363709 0.044427171 0.009321780 0.999931633 0.007065114 0.054748680 0.021297468 -0.007262352 0.999746859 2.841129780
0.999732852 -0.008027484 -0.021673497 0.044704922 0.008214200 0.999929786 0.008539733 0.055204742 0.021603424 -0.008715480 0.999728620 2.848163843
0.999718785 -0.009279391 -0.021826047 0.045802571 0.009499243 0.999904990 0.009990848 0.055256814 0.021731270 -0.010195367 0.999711931 2.868828297
0.999718130 -0.009434800 -0.021787712 0.044516005 0.009678759 0.999891341 0.011118942 0.056857627 0.021680443 -0.011326686 0.999700785 2.895656347
0.999698579 -0.010689609 -0.022101063 0.045291662 0.010956421 0.999868155 0.011986837 0.057064660 0.021970013 -0.012225373 0.999683857 2.909392118
0.999714375 -0.008246800 -0.022434494 0.046396725 0.008542617 0.999877393 0.013122113 0.057492319 0.022323526 -0.013310013 0.999662220 2.961864471
0.999707818 -0.008207926 -0.022736568 0.048015080 0.008516020 0.999872804 0.013487045 0.056500696 0.022622973 -0.013676729 0.999650478 2.976516962
0.999725103 -0.006213754 -0.022606324 0.048701860 0.006521761 0.999886513 0.013576731 0.056868158 0.022519397 -0.013720432 0.999652267 2.987114429
0.999722362 -0.006299168 -0.022705738 0.047596112 0.006597498 0.999892592 0.013088056 0.058258303 0.022620855 -0.013234223 0.999656498 2.971178770
0.999717891 -0.006964363 -0.022708056 0.048283130 0.007254531 0.999892771 0.012720943 0.058067683 0.022617025 -0.012882088 0.999661267 2.979846001
0.999710679 -0.008229237 -0.022600506 0.047944307 0.008492508 0.999896944 0.011577784 0.058191568 0.022502901 -0.011766369 0.999677539 2.990244389
0.999711752 -0.008034620 -0.022624074 0.047912523 0.008287254 0.999904096 0.011094996 0.058605283 0.022532759 -0.011279289 0.999682486 2.989730120
0.999711454 -0.007909941 -0.022681240 0.048049107 0.008149658 0.999911666 0.010496090 0.058102299 0.022596214 -0.010677907 0.999687672 3.003016710
0.999710977 -0.007757915 -0.022755979 0.048967250 0.007985906 0.999918640 0.009945266 0.058791436 0.022676971 -0.010124119 0.999691546 3.018033743
0.999706984 -0.007993634 -0.022848783 0.047813602 0.008211291 0.999921679 0.009448100 0.058376282 0.022771468 -0.009632948 0.999694288 3.013651848
0.999695718 -0.009133999 -0.022908147 0.047897376 0.009340403 0.999916613 0.008919321 0.058588028 0.022824762 -0.009130581 0.999697804 3.019843340
0.999707937 -0.008408935 -0.022654289 0.048320636 0.008613105 0.999923110 0.008930089 0.058716729 0.022577450 -0.009122605 0.999703467 3.028335333
0.999715805 -0.007754376 -0.022540091 0.048836075 0.007994247 0.999912202 0.010571405 0.058750026 0.022456137 -0.010748593 0.999690056 3.048844337
0.999691248 -0.010068389 -0.022714535 0.049690068 0.010369223 0.999859571 0.013165387 0.058625724 0.022578789 -0.013396855 0.999655366 3.056226015
0.999650896 -0.012666951 -0.023186199 0.050293066 0.012957714 0.999838710 0.012433279 0.059906572 0.023024971 -0.012729379 0.999653816 3.079905272
0.999659181 -0.010748769 -0.023789443 0.051721156 0.010964739 0.999899745 0.008966545 0.058052890 0.023690676 -0.009224335 0.999676824 3.139133215
0.999661565 -0.010864599 -0.023635305 0.050556965 0.011048068 0.999909759 0.007645758 0.056999728 0.023550110 -0.007904297 0.999691367 3.151708841
0.999648452 -0.012797580 -0.023220349 0.037585266 0.012951015 0.999895215 0.006469435 0.036779117 0.023135124 -0.006767888 0.999709487 3.429829121
0.999667048 -0.012326992 -0.022666205 0.016441800 0.012455436 0.999907136 0.005534281 -0.009987898 0.022595877 -0.005814755 0.999727786 3.986393213
0.999720573 -0.008578151 -0.022026943 0.010600820 0.008683875 0.999951184 0.004708606 -0.010158554 0.021985477 -0.004898569 0.999746263 4.027679920
0.999733627 -0.008079830 -0.021616327 0.007768191 0.008172431 0.999957740 0.004198996 -0.014362993 0.021581486 -0.004374535 0.999757469 4.093053341
0.999753952 -0.006302951 -0.021264385 -0.003430173 0.006400594 0.999969244 0.004526986 -0.037392315 0.021235198 -0.004661978 0.999763548 4.353466034
0.999767125 -0.004279915 -0.021151524 -0.014431037 0.004385587 0.999978065 0.004952098 -0.055245161 0.021129869 -0.005043706 0.999763906 4.568354607
0.999777079 -0.002534309 -0.020962015 -0.028549127 0.002669796 0.999975681 0.006438013 -0.077764481 0.020945191 -0.006492541 0.999759495 4.861714840
0.999759972 -0.004100388 -0.021520650 0.003445789 0.004209877 0.999978423 0.005044772 0.069815107 0.021499502 -0.005134160 0.999755621 5.131693363
0.999765992 -0.004493760 -0.021162029 -0.019180357 0.004620911 0.999971509 0.005963390 0.050833631 0.021134630 -0.006059782 0.999758303 5.334080696
0.999761641 -0.005110784 -0.021224197 -0.005051680 0.005234235 0.999969721 0.005765070 0.103688762 0.021194089 -0.005874788 0.999758124 5.532311916
0.999758482 -0.005398822 -0.021301325 0.021199241 0.005527777 0.999966741 0.005999621 0.108158827 0.021268226 -0.006115921 0.999755085 5.686279297
0.999763906 -0.005768353 -0.020946799 0.020021319 0.005897574 0.999963999 0.006112480 0.106441215 0.020910783 -0.006234572 0.999761939 5.886428356
0.999766946 -0.006366809 -0.020626551 0.024110347 0.006489896 0.999961615 0.005905943 0.127479285 0.020588156 -0.006038431 0.999769807 6.017445564
0.999770999 -0.006556932 -0.020368192 0.031527698 0.006682610 0.999959052 0.006108318 0.116482645 0.020327305 -0.006243031 0.999773860 6.209098816
0.999774694 -0.006555988 -0.020187674 0.049687788 0.006687154 0.999956846 0.006436734 0.078518718 0.020144602 -0.006570282 0.999775469 6.411796093
0.999777377 -0.007509217 -0.019717602 0.043731123 0.007631629 0.999952018 0.006140437 0.072807886 0.019670548 -0.006289547 0.999786675 6.552766323
0.999783635 -0.007405409 -0.019438827 0.049008742 0.007516274 0.999955893 0.005636481 0.065833002 0.019396231 -0.005781369 0.999795139 6.760428429
0.999784648 -0.007716586 -0.019264018 0.060213163 0.007802090 0.999959946 0.004367325 0.108570471 0.019229548 -0.004516684 0.999804854 6.968852997
0.999794364 -0.007480941 -0.018851675 0.059589744 0.007552288 0.999964535 0.003716283 0.110848852 0.018823208 -0.003857892 0.999815345 7.160855770
0.999800801 -0.007173521 -0.018626088 0.072768867 0.007235054 0.999968588 0.003238315 0.114674971 0.018602272 -0.003372431 0.999821246 7.266589165
0.999810934 -0.007074733 -0.018118376 0.071260124 0.007126783 0.999970675 0.002809815 0.112481400 0.018097965 -0.002938409 0.999831855 7.326793671
0.999818861 -0.007022008 -0.017689558 0.068409964 0.007069004 0.999971628 0.002595562 0.106935516 0.017670829 -0.002720140 0.999840081 7.446704865
0.999832511 -0.006901767 -0.016953027 0.047569677 0.006940810 0.999973416 0.002245237 0.106759019 0.016937079 -0.002362529 0.999853730 7.693180084
0.999837577 -0.006954447 -0.016630115 0.056154311 0.006985321 0.999974012 0.001799124 0.121336371 0.016617170 -0.001914999 0.999860048 7.830468178
0.999839127 -0.006928640 -0.016539745 0.081041500 0.006962543 0.999973774 0.001993110 0.118035115 0.016525496 -0.002107948 0.999861240 8.082787514
0.999849200 -0.006475384 -0.016111286 0.082757339 0.006515618 0.999975801 0.002446032 0.106735207 0.016095057 -0.002550638 0.999867201 8.225899696
0.999859095 -0.006076592 -0.015644021 0.081365600 0.006117059 0.999978006 0.002540186 0.121070430 0.015628245 -0.002635523 0.999874353 8.387817383
0.999859750 -0.005831225 -0.015694754 0.101217747 0.005874062 0.999979138 0.002684680 0.138166755 0.015678771 -0.002776496 0.999873161 8.679589272
0.999866605 -0.005788356 -0.015272632 0.098351270 0.005841317 0.999976993 0.003425293 0.128519014 0.015252455 -0.003514048 0.999877512 8.824146271
0.999873042 -0.005283152 -0.015030462 0.115141973 0.005343338 0.999977827 0.003966944 0.129175350 0.015009172 -0.004046754 0.999879181 8.961705208
0.999879181 -0.004425629 -0.014897680 0.138906583 0.004493463 0.999979615 0.004522952 0.131827831 0.014877360 -0.004589348 0.999878824 9.111881256
0.999876380 -0.004715277 -0.014994246 0.170139089 0.004791408 0.999975741 0.005045505 0.134952843 0.014970091 -0.005116725 0.999874830 9.325009346
0.999887049 -0.004789336 -0.014247373 0.156045631 0.004867885 0.999973118 0.005483639 0.143856406 0.014220727 -0.005552374 0.999883473 9.480472565
0.999893785 -0.004586413 -0.013834384 0.165757552 0.004668296 0.999971747 0.005892333 0.148485810 0.013806966 -0.005956290 0.999886930 9.621761322
0.999898016 -0.004058101 -0.013699722 0.187075108 0.004142830 0.999972403 0.006161944 0.155988336 0.013674338 -0.006218071 0.999887168 9.871145248
0.999901354 -0.004267903 -0.013381938 0.201708525 0.004354151 0.999969840 0.006422559 0.153682947 0.013354124 -0.006480192 0.999889791 10.078107834
0.999906242 -0.004097697 -0.013066685 0.212406397 0.004184336 0.999969363 0.006610073 0.154522628 0.013039198 -0.006664128 0.999892831 10.224330902
0.999916911 -0.004532364 -0.012064311 0.178248242 0.004609684 0.999968946 0.006388977 0.163038224 0.012034979 -0.006444059 0.999906778 10.511070251
0.999923885 -0.004455817 -0.011499071 0.169309497 0.004531704 0.999968112 0.006581889 0.161227435 0.011469375 -0.006633499 0.999912262 10.745337486
0.999921381 -0.004908590 -0.011536125 0.200877711 0.004987709 0.999964178 0.006839672 0.154321402 0.011502138 -0.006896674 0.999910057 10.909810066
0.999920666 -0.005235782 -0.011461104 0.217120454 0.005316425 0.999961317 0.007017073 0.142762959 0.011423922 -0.007077449 0.999909639 11.060830116
0.999921203 -0.005080255 -0.011471812 0.241372377 0.005165771 0.999959052 0.007437150 0.123149477 0.011433560 -0.007495827 0.999906480 11.252046585
0.999922276 -0.005635459 -0.011121511 0.235004917 0.005714900 0.999958277 0.007124236 0.149956778 0.011080896 -0.007187239 0.999912798 11.536009789
0.999926329 -0.005646806 -0.010747495 0.231529519 0.005724327 0.999957740 0.007196021 0.146152467 0.010706404 -0.007257013 0.999916434 11.724929810
0.999931872 -0.006170596 -0.009904754 0.198370814 0.006240544 0.999955714 0.007046835 0.153645575 0.009860834 -0.007108167 0.999926150 11.898536682
0.999938905 -0.006217924 -0.009136706 0.173220709 0.006280997 0.999956429 0.006890757 0.154403806 0.009093463 -0.006947722 0.999934554 12.164669991
0.999932706 -0.006246495 -0.009772724 0.228498936 0.006313404 0.999956727 0.006830701 0.153584957 0.009729634 -0.006891941 0.999928892 12.338771820
0.999940097 -0.005800191 -0.009275885 0.218705893 0.005861728 0.999960899 0.006620758 0.155064970 0.009237123 -0.006674735 0.999935031 12.542191505
0.999946177 -0.005410264 -0.008840478 0.209313616 0.005465433 0.999965668 0.006228270 0.159605935 0.008806478 -0.006276253 0.999941468 12.809689522
0.999946058 -0.005175246 -0.009006795 0.242647260 0.005223747 0.999971926 0.005369936 0.180164635 0.008978751 -0.005416695 0.999945045 12.983953476
0.999948978 -0.004862580 -0.008859757 0.254336715 0.004905866 0.999976099 0.004870525 0.175300002 0.008835862 -0.004913741 0.999948919 13.197053909
0.999953628 -0.004289380 -0.008629273 0.258383691 0.004325286 0.999982059 0.004146586 0.192251921 0.008611330 -0.004183717 0.999954224 13.478044510
0.999957502 -0.003538393 -0.008515294 0.272791535 0.003569676 0.999986947 0.003661296 0.195005372 0.008502225 -0.003691537 0.999957025 13.650179863
0.999958992 -0.003195737 -0.008471435 0.283437937 0.003223660 0.999989450 0.003284469 0.196228489 0.008460850 -0.003311643 0.999958694 13.860059738
0.999960184 -0.003096931 -0.008369246 0.297836214 0.003124441 0.999989808 0.003275884 0.194987789 0.008359018 -0.003301902 0.999959648 14.091175079
0.999964893 -0.003074616 -0.007791838 0.269175529 0.003094855 0.999991894 0.002586754 0.233166277 0.007783821 -0.002610778 0.999966323 14.332903862
0.999968231 -0.002430775 -0.007581112 0.270925581 0.002450236 0.999993622 0.002558749 0.231383696 0.007574844 -0.002577243 0.999968052 14.522104263
0.999972224 -0.001881470 -0.007206627 0.260485470 0.001899954 0.999994934 0.002558910 0.225859523 0.007201776 -0.002572532 0.999970794 14.773286819
0.999971509 -0.002151021 -0.007235732 0.281928062 0.002168101 0.999994874 0.002353545 0.245543867 0.007230634 -0.002369167 0.999971032 14.998641968
0.999974191 -0.002256047 -0.006827095 0.273015797 0.002271728 0.999994755 0.002289979 0.242812097 0.006821894 -0.002305430 0.999974012 15.165671349
0.999975979 -0.002569605 -0.006435790 0.271745324 0.002583431 0.999994338 0.002140943 0.243272647 0.006430252 -0.002157519 0.999976993 15.342704773
0.999973476 -0.002865178 -0.006698353 0.310442388 0.002877099 0.999994278 0.001770654 0.258240074 0.006693240 -0.001789879 0.999975979 15.606210709
0.999970675 -0.003647929 -0.006741819 0.342178524 0.003659662 0.999991775 0.001728753 0.248624235 0.006735459 -0.001753375 0.999975741 15.825727463
0.999970853 -0.003834054 -0.006609630 0.356048465 0.003842704 0.999991715 0.001296462 0.245469585 0.006604604 -0.001321823 0.999977291 16.072097778
0.999974787 -0.004292211 -0.005675239 0.312843382 0.004296392 0.999990463 0.000724720 0.269471139 0.005672073 -0.000749085 0.999983609 16.332963943
0.999975324 -0.003908394 -0.005833623 0.347343028 0.003911329 0.999992251 0.000491713 0.262157619 0.005831657 -0.000514518 0.999982834 16.551208496
0.999977887 -0.003941422 -0.005354654 0.326292723 0.003940381 0.999992311 -0.000204825 0.278015494 0.005355419 0.000183721 0.999985635 16.816028595
0.999984860 -0.003244695 -0.004445879 0.302369744 0.003243505 0.999994695 -0.000274964 0.275267094 0.004446748 0.000260539 0.999990046 17.025554657
0.999984980 -0.003509241 -0.004202188 0.294101596 0.003507702 0.999993742 -0.000373482 0.266772062 0.004203472 0.000358736 0.999991119 17.250349045
0.999984622 -0.002955874 -0.004691314 0.350213319 0.002950748 0.999994993 -0.001099306 0.297910690 0.004694540 0.001085446 0.999988377 17.466159821
0.999982655 -0.003305031 -0.004859716 0.387443632 0.003298605 0.999993682 -0.001329555 0.302771509 0.004864080 0.001313501 0.999987304 17.642923355
0.999983788 -0.003031139 -0.004806606 0.417204887 0.003025153 0.999994636 -0.001251989 0.286509454 0.004810376 0.001237428 0.999987662 17.866899490
0.999983668 -0.003453118 -0.004538988 0.427987456 0.003443906 0.999991953 -0.002035874 0.323394001 0.004545982 0.002020209 0.999987602 18.173377991
0.999988616 -0.002486745 -0.004078284 0.430526972 0.002477924 0.999994576 -0.002166550 0.329929948 0.004083649 0.002156419 0.999989331 18.425693512
0.999990702 -0.002464609 -0.003522403 0.429706872 0.002458807 0.999995589 -0.001650692 0.317521006 0.003526456 0.001642016 0.999992430 18.661640167
0.999991298 -0.002423895 -0.003390643 0.448775560 0.002418464 0.999995708 -0.001605156 0.317915171 0.003394519 0.001596942 0.999992967 18.913200378
0.999990880 -0.002914459 -0.003124923 0.466951996 0.002909565 0.999994516 -0.001569225 0.333511561 0.003129479 0.001560119 0.999993861 19.186042786
0.999989927 -0.003561483 -0.002769490 0.476160437 0.003557774 0.999992728 -0.001342894 0.347537547 0.002774253 0.001333027 0.999995232 19.435306549
0.999989927 -0.003911805 -0.002201088 0.470532835 0.003909613 0.999991834 -0.000999455 0.350533009 0.002204979 0.000990839 0.999997020 19.753343582
0.999986649 -0.004791602 -0.001945825 0.483961612 0.004791119 0.999988496 -0.000253098 0.346659303 0.001947016 0.000243772 0.999998093 19.993196487
0.999985278 -0.005177804 -0.001647539 0.492908895 0.005178275 0.999986589 0.000280762 0.347544998 0.001646063 -0.000289289 0.999998569 20.260591507
0.999985278 -0.005276890 -0.001278679 0.501653731 0.005277763 0.999985814 0.000680093 0.351092070 0.001275072 -0.000686831 0.999998927 20.509157181
0.999983251 -0.005738419 -0.000826934 0.508092284 0.005739370 0.999982893 0.001151929 0.349258482 0.000820310 -0.001156656 0.999998987 20.739507675
0.999982238 -0.005929513 -0.000563193 0.522662580 0.005930275 0.999981463 0.001360850 0.349084765 0.000555113 -0.001364166 0.999998927 21.151109695
0.999979913 -0.006335353 0.000212079 0.533269584 0.006334996 0.999978542 0.001648816 0.349401832 -0.000222520 -0.001647439 0.999998629 21.566114426
0.999980688 -0.006204629 0.000394853 0.543814957 0.006203873 0.999978960 0.001888566 0.348609656 -0.000406562 -0.001886080 0.999998152 21.819252014
0.999981582 -0.006040220 0.000509608 0.551180363 0.006039144 0.999979615 0.002085219 0.349314332 -0.000522192 -0.002082103 0.999997675 22.094226837
0.999983609 -0.005672805 0.000694253 0.559974492 0.005671330 0.999981701 0.002108382 0.349368930 -0.000706201 -0.002104410 0.999997497 22.376329422
0.999987066 -0.005012494 0.000867635 0.567257702 0.005010871 0.999985754 0.001862517 0.350262463 -0.000876958 -0.001858146 0.999997914 22.590555191
0.999988794 -0.004618486 0.001028223 0.576175988 0.004616906 0.999988139 0.001534181 0.349749535 -0.001035297 -0.001529417 0.999998271 22.894742966
0.999989569 -0.004432505 0.001112021 0.585178733 0.004431185 0.999989390 0.001186463 0.350049347 -0.001117268 -0.001181523 0.999998629 23.172855377
0.999990880 -0.004081842 0.001281949 0.593025625 0.004080752 0.999991238 0.000852267 0.349331141 -0.001285417 -0.000847028 0.999998808 23.397109985
0.999991298 -0.003925733 0.001413167 0.603241205 0.003924869 0.999992073 0.000613470 0.349650383 -0.001415564 -0.000607918 0.999998808 23.712711334
0.999989808 -0.004239270 0.001547201 0.601804197 0.004239748 0.999990940 -0.000305177 0.380615175 -0.001545893 0.000311733 0.999998748 23.972902298
0.999989986 -0.003903023 0.002174949 0.582383335 0.003904475 0.999992132 -0.000664048 0.381970465 -0.002172340 0.000672534 0.999997437 24.220699310
0.999990165 -0.004111459 0.001625497 0.628835201 0.004112573 0.999991298 -0.000682214 0.382255703 -0.001622678 0.000688893 0.999998391 24.516799927
0.999990940 -0.004028821 0.001420107 0.659186065 0.004029563 0.999991775 -0.000519493 0.380468071 -0.001418003 0.000525211 0.999998868 24.776073456
0.999991953 -0.003914205 0.000943697 0.698556662 0.003914393 0.999992371 -0.000196314 0.377447069 -0.000942922 0.000200006 0.999999523 25.082378387
0.999990284 -0.004199291 0.001334656 0.691099644 0.004199600 0.999991179 -0.000228798 0.398437858 -0.001333683 0.000234401 0.999999106 25.345420837
0.999989748 -0.004295487 0.001403516 0.701461732 0.004296136 0.999990702 -0.000460036 0.408064842 -0.001401527 0.000466061 0.999998927 25.638092041
0.999989688 -0.004315052 0.001436971 0.714808226 0.004316399 0.999990284 -0.000935207 0.437287033 -0.001432921 0.000941400 0.999998569 25.939279556
0.999991477 -0.003946391 0.001229217 0.742649138 0.003947048 0.999992013 -0.000532330 0.418359727 -0.001227107 0.000537177 0.999999046 26.193841934
0.999994636 -0.003091222 0.001139976 0.770766079 0.003091624 0.999995232 -0.000350753 0.418524593 -0.001138886 0.000354276 0.999999225 26.447328568
0.999993145 -0.003513224 0.001236933 0.770640314 0.003513392 0.999993920 -0.000132848 0.421298981 -0.001236459 0.000137193 0.999999225 26.750061035
0.999993026 -0.003478931 0.001348172 0.783342063 0.003478717 0.999993861 0.000160878 0.432070017 -0.001348724 -0.000156187 0.999999106 27.037141800
0.999995708 -0.002596995 0.001378459 0.795705914 0.002596077 0.999996364 0.000666951 0.423182756 -0.001380186 -0.000663370 0.999998868 27.286346436
0.999996305 -0.002368822 0.001325023 0.809784472 0.002367157 0.999996424 0.001256679 0.409968168 -0.001327996 -0.001253537 0.999998391 27.602319717
0.999996245 -0.002118192 0.001747756 0.801734388 0.002115831 0.999996841 0.001351376 0.433052689 -0.001750613 -0.001347673 0.999997556 27.873390198
0.999995470 -0.002025670 0.002223149 0.783486307 0.002022279 0.999996781 0.001526285 0.430071533 -0.002226234 -0.001521783 0.999996424 28.130630493
0.999992490 -0.002952251 0.002513325 0.782405853 0.002948728 0.999994695 0.001404487 0.447090268 -0.002517458 -0.001397065 0.999995828 28.445009232
0.999994397 -0.002249040 0.002487934 0.795115650 0.002245675 0.999996543 0.001354361 0.451726526 -0.002490971 -0.001348766 0.999996006 28.724205017
0.999993801 -0.001867920 0.002994537 0.773172855 0.001864092 0.999997437 0.001280800 0.450136006 -0.002996922 -0.001275210 0.999994755 29.036437988
0.999992788 -0.002115057 0.003160574 0.768535256 0.002111186 0.999997020 0.001227827 0.453134507 -0.003163161 -0.001221145 0.999994278 29.276557922
0.999991715 -0.002501429 0.003218421 0.788282990 0.002498038 0.999996245 0.001057242 0.471359193 -0.003221054 -0.001049193 0.999994278 29.556209564
0.999991477 -0.002556480 0.003258265 0.797580123 0.002553141 0.999996245 0.001028314 0.475303531 -0.003260882 -0.001019986 0.999994159 29.807737350
0.999992192 -0.002477654 0.003082150 0.822404683 0.002473485 0.999996006 0.001355791 0.462518632 -0.003085498 -0.001348156 0.999994338 30.098571777
0.999990165 -0.003120179 0.003145208 0.836472571 0.003115873 0.999994218 0.001372869 0.478486449 -0.003149474 -0.001363056 0.999994040 30.384950638
0.999990880 -0.002834985 0.003191185 0.844988585 0.002829889 0.999994755 0.001600201 0.475582361 -0.003195705 -0.001591156 0.999993622 30.555309296
0.999986887 -0.003970524 0.003237481 0.854579210 0.003966032 0.999991179 0.001392730 0.495653719 -0.003242982 -0.001379872 0.999993801 30.878036499
0.999986589 -0.003859952 0.003464420 0.848837495 0.003855389 0.999991715 0.001322927 0.497580469 -0.003469497 -0.001309552 0.999993145 31.141996384
0.999982893 -0.004384801 0.003875847 0.840428650 0.004379454 0.999989450 0.001387327 0.496828049 -0.003881889 -0.001370329 0.999991536 31.400463104
0.999983132 -0.004221149 0.003985315 0.835536540 0.004216767 0.999990523 0.001107245 0.503385842 -0.003989950 -0.001090421 0.999991357 31.656459808
0.999981403 -0.004407510 0.004209427 0.831811786 0.004404022 0.999989986 0.000837465 0.507036090 -0.004213075 -0.000818911 0.999990761 31.919250488
0.999980152 -0.004331332 0.004576321 0.823849499 0.004328123 0.999990344 0.000711076 0.507031262 -0.004579356 -0.000691255 0.999989212 32.212341309
0.999980390 -0.004091244 0.004738516 0.824281812 0.004088478 0.999991417 0.000593246 0.510291934 -0.004740902 -0.000573861 0.999988616 32.397003174
0.999979615 -0.004175342 0.004813853 0.833470702 0.004174202 0.999991238 0.000246654 0.517700076 -0.004814842 -0.000226555 0.999988317 32.447956085
0.999979436 -0.004181709 0.004833651 0.834824622 0.004181402 0.999991238 0.000073479 0.517869353 -0.004833917 -0.000053266 0.999988258 32.463340759
0.999978662 -0.004170039 0.005019876 0.834802449 0.004170022 0.999991238 0.000014029 0.518131435 -0.005019891 0.000006904 0.999987364 32.474300385
0.999978065 -0.004084240 0.005210333 0.837208271 0.004085920 0.999991596 -0.000311981 0.517842948 -0.005209014 0.000333263 0.999986351 32.504493713
0.999981880 -0.002625106 0.005421147 0.835354209 0.002627712 0.999996364 -0.000473623 0.517259121 -0.005419885 0.000487859 0.999985218 32.499145508
0.999981225 -0.002495455 0.005611604 0.836453378 0.002500086 0.999996483 -0.000818448 0.517547250 -0.005609543 0.000832462 0.999983966 32.516334534
0.999975741 -0.003612551 0.005959567 0.836087108 0.003618691 0.999992847 -0.001019881 0.517159283 -0.005955840 0.001041423 0.999981761 32.520282745
0.999974847 -0.003315149 0.006270005 0.837431431 0.003322025 0.999993801 -0.001086606 0.517456114 -0.006266365 0.001107408 0.999979794 32.542045593
0.999973297 -0.002714586 0.006797073 0.836579561 0.002722283 0.999995589 -0.001123467 0.516402304 -0.006793994 0.001141941 0.999976337 32.543445587
0.999967158 -0.003731202 0.007191943 0.838296533 0.003739041 0.999992430 -0.001077004 0.516055703 -0.007187870 0.001103859 0.999973536 32.562187195
0.999964774 -0.002973930 0.007845116 0.837509036 0.002982542 0.999994993 -0.001086341 0.516191959 -0.007841846 0.001109701 0.999968588 32.570808411
0.999962270 -0.002626215 0.008268852 0.834838033 0.002634162 0.999996006 -0.000950378 0.517042518 -0.008266324 0.000972124 0.999965310 32.566925049
0.999961913 -0.000775491 0.008687268 0.840709209 0.000781108 0.999999523 -0.000643203 0.516580045 -0.008686763 0.000649965 0.999961972 32.606189728
0.999958456 -0.000350810 0.009103366 0.840137839 0.000355612 0.999999762 -0.000525883 0.516608298 -0.009103179 0.000529098 0.999958396 32.616477966
0.999953866 -0.001388286 0.009495752 0.840487242 0.001392659 0.999998868 -0.000453838 0.515634775 -0.009495109 0.000467041 0.999954760 32.637351990
0.999949217 -0.002002758 0.009873019 0.840709805 0.002006073 0.999997914 -0.000325828 0.515895963 -0.009872346 0.000345618 0.999951124 32.648841858
0.999945462 -0.002742783 0.010083438 0.843097210 0.002743630 0.999996126 -0.000070129 0.515565634 -0.010083207 0.000097790 0.999949098 32.668685913
0.999943256 -0.001448825 0.010558441 0.841777444 0.001448368 0.999998927 0.000050938 0.515754759 -0.010558504 -0.000035643 0.999944150 32.675109863
0.999938369 -0.002001422 0.010913600 0.838470101 0.001998734 0.999997914 0.000257247 0.513958097 -0.010914093 -0.000235418 0.999940336 32.629791260
0.999933243 -0.002504968 0.011276970 0.839233041 0.002501171 0.999996841 0.000350854 0.513489127 -0.011277811 -0.000322625 0.999936283 32.637191772
0.999930799 -0.001225585 0.011702244 0.840225816 0.001219397 0.999999106 0.000535908 0.514229476 -0.011702890 -0.000521601 0.999931335 32.659889221
0.999926567 -0.000466174 0.012113567 0.841832280 0.000460103 0.999999762 0.000503907 0.514771938 -0.012113799 -0.000498296 0.999926507 32.688652039
0.999921799 -0.000355091 0.012500426 0.843218684 0.000347901 0.999999762 0.000577308 0.514426589 -0.012500626 -0.000572914 0.999921679 32.705848694
0.999918640 -0.000011975 0.012758961 0.844240904 0.000002832 0.999999702 0.000716607 0.514361739 -0.012758966 -0.000716512 0.999918342 32.718257904
0.999910235 0.000987978 0.013370104 0.844305515 -0.000997548 0.999999225 0.000709163 0.509951293 -0.013369394 -0.000722436 0.999910355 32.828201294
0.999911547 -0.000229666 0.013303242 0.860738397 0.000222397 0.999999762 0.000547910 0.515689969 -0.013303364 -0.000544903 0.999911368 32.944412231
0.999910772 -0.000960211 0.013321778 0.882197142 0.000951522 0.999999285 0.000658609 0.509191573 -0.013322401 -0.000645875 0.999911010 33.093852997
0.999908090 0.000170169 0.013559498 0.901681542 -0.000176614 0.999999881 0.000474082 0.511067510 -0.013559416 -0.000476433 0.999907970 33.271072388
0.999906838 0.000528171 0.013641508 0.926169455 -0.000537354 0.999999642 0.000669537 0.479678541 -0.013641150 -0.000676805 0.999906719 33.664745331
0.999904871 0.000187226 0.013792228 0.937244892 -0.000197939 0.999999702 0.000775387 0.481579542 -0.013792078 -0.000778044 0.999904573 33.916545868
0.999893188 0.000288399 0.014610430 0.914432108 -0.000299107 0.999999642 0.000730725 0.496385604 -0.014610214 -0.000735017 0.999893069 34.248447418
0.999883533 0.001816397 0.015153870 0.902575076 -0.001828726 0.999998033 0.000799788 0.509677589 -0.015152385 -0.000827407 0.999884844 34.377380371
0.999881089 0.001864171 0.015308709 0.912322283 -0.001880972 0.999997616 0.001083149 0.508766830 -0.015306653 -0.001111816 0.999882221 34.501182556
0.999883950 0.001387933 0.015170048 0.943429947 -0.001415641 0.999997318 0.001815937 0.483355701 -0.015167486 -0.001837202 0.999883235 34.509086609
0.999876440 0.001949874 0.015596064 0.921605229 -0.001984476 0.999995530 0.002203413 0.493302375 -0.015591698 -0.002234091 0.999875903 34.401233673
0.999876857 0.002159559 0.015543791 0.956166685 -0.002205002 0.999993324 0.002906967 0.455066293 -0.015537410 -0.002940883 0.999874949 34.634296417
0.999876857 0.001454646 0.015623453 0.967709780 -0.001498960 0.999994814 0.002825036 0.490335643 -0.015619263 -0.002848107 0.999873936 34.832206726
0.999879122 0.001206651 0.015499252 0.994688272 -0.001261357 0.999993026 0.003520326 0.481529355 -0.015494894 -0.003539451 0.999873638 34.803585052
0.999874473 0.001453562 0.015771333 0.996294618 -0.001515346 0.999991238 0.003906201 0.482029378 -0.015765514 -0.003929609 0.999867976 34.919475555
0.999869108 0.002035114 0.016045911 1.000593901 -0.002104679 0.999988496 0.004319689 0.480462790 -0.016036937 -0.004352896 0.999861956 34.967079163
0.999864757 0.002636627 0.016229399 1.002927542 -0.002714943 0.999984741 0.004805428 0.479392469 -0.016216481 -0.004848841 0.999856770 35.055263519
0.999864697 0.001369196 0.016389759 1.006339431 -0.001457623 0.999984503 0.005384511 0.477614462 -0.016382130 -0.005407672 0.999851167 35.129924774
0.999860168 0.002107494 0.016587581 1.012484193 -0.002200576 0.999981940 0.005595243 0.476498574 -0.016575487 -0.005630963 0.999846756 35.268432617
0.999860764 0.001783265 0.016591026 1.021795392 -0.001876600 0.999982536 0.005611758 0.485291302 -0.016580727 -0.005642111 0.999846637 35.376533508
0.999860942 0.001094620 0.016643921 1.024445057 -0.001189328 0.999983251 0.005681462 0.488207519 -0.016637424 -0.005700468 0.999845386 35.516227722
0.999856412 0.001643935 0.016861804 1.026683807 -0.001738119 0.999982953 0.005572508 0.485370576 -0.016852355 -0.005601017 0.999842227 35.643165588
0.999855816 0.001290650 0.016933573 1.033753276 -0.001380784 0.999984920 0.005312175 0.484711170 -0.016926460 -0.005334792 0.999842405 35.708213806
0.999852359 0.001989375 0.017071232 1.037187338 -0.002078470 0.999984324 0.005202891 0.480750471 -0.017060611 -0.005237605 0.999840617 35.821949005
0.999849975 0.001863045 0.017219320 1.043245912 -0.001950330 0.999985278 0.005053602 0.478007048 -0.017209653 -0.005086428 0.999838889 35.930187225
0.999847531 0.002408706 0.017289648 1.048235416 -0.002493335 0.999984980 0.004874866 0.475567371 -0.017277643 -0.004917233 0.999838591 36.000141144
0.999845207 0.002881709 0.017353965 1.052945018 -0.002963552 0.999984562 0.004692268 0.473204851 -0.017340174 -0.004742971 0.999838293 36.080455780
0.999844253 0.002716939 0.017436245 1.058631778 -0.002797118 0.999985576 0.004575639 0.471305221 -0.017423557 -0.004623699 0.999837458 36.155094147
0.999844909 0.002273489 0.017465195 1.062125325 -0.002351998 0.999987185 0.004475943 0.469658196 -0.017454797 -0.004516328 0.999837399 36.221248627
0.999836981 0.003179160 0.017770916 1.066160917 -0.003256473 0.999985397 0.004323304 0.467929602 -0.017756909 -0.004380470 0.999832690 36.304653168
