1.000000e+00 -7.436949e-19 0.000000e+00 0.000000e+00 2.724905e-18 1.000000e+00 0.000000e+00 0.000000e+00 -4.336809e-19 0.000000e+00 1.000000e+00 0.000000e+00
1.000000e+00 7.685078e-05 -1.378102e-05 -1.351350e-04 -7.684927e-05 1.000000e+00 1.094974e-04 1.289733e-03 1.378944e-05 -1.094964e-04 1.000000e+00 1.302822e-04
1.000000e+00 8.558004e-05 5.875119e-05 -5.527903e-04 -8.557946e-05 1.000000e+00 -9.925122e-06 2.203612e-03 -5.875203e-05 9.920094e-06 1.000000e+00 8.043673e-04
1.000000e+00 8.586041e-05 9.728586e-05 -1.087507e-03 -8.586734e-05 1.000000e+00 7.126749e-05 3.303451e-03 -9.727975e-05 -7.127584e-05 1.000000e+00 1.147033e-03
1.000000e+00 1.323748e-04 1.373123e-04 -2.630277e-03 -1.323781e-04 1.000000e+00 2.411631e-05 3.545288e-03 -1.373091e-04 -2.413449e-05 1.000000e+00 2.287840e-03
1.000000e+00 1.174380e-04 1.320451e-04 -2.265232e-03 -1.174472e-04 1.000000e+00 6.924331e-05 4.290834e-03 -1.320370e-04 -6.925881e-05 1.000000e+00 2.248130e-03
1.000000e+00 1.175780e-04 1.558123e-04 -1.735842e-03 -1.175735e-04 1.000000e+00 -2.910290e-05 5.008016e-03 -1.558158e-04 2.908458e-05 1.000000e+00 2.391582e-03
1.000000e+00 1.490009e-04 1.856373e-04 -1.303464e-03 -1.490046e-04 1.000000e+00 1.998467e-05 5.875552e-03 -1.856344e-04 -2.001233e-05 1.000000e+00 2.455647e-03
1.000000e+00 1.488465e-04 2.410787e-04 -1.338441e-03 -1.488394e-04 1.000000e+00 -2.942580e-05 6.632884e-03 -2.410830e-04 2.938992e-05 1.000000e+00 3.055074e-03
1.000000e+00 1.356982e-04 2.296559e-04 -2.405149e-03 -1.357005e-04 1.000000e+00 9.768198e-06 6.867384e-03 -2.296545e-04 -9.799362e-06 1.000000e+00 4.082649e-03
1.000000e+00 1.496175e-04 2.618228e-04 -2.086868e-03 -1.496163e-04 1.000000e+00 -4.521223e-06 6.640256e-03 -2.618235e-04 4.482050e-06 1.000000e+00 4.060869e-03
1.000000e+00 1.569134e-04 1.894317e-04 -1.681483e-03 -1.569288e-04 1.000000e+00 8.147627e-05 6.557584e-03 -1.894189e-04 -8.150600e-05 1.000000e+00 3.860743e-03
1.000000e+00 1.325221e-04 2.089359e-04 -1.612422e-03 -1.326611e-04 9.999998e-01 6.652538e-04 7.805180e-03 -2.088477e-04 -6.652815e-04 9.999998e-01 6.384272e-03
9.999999e-01 3.914663e-04 6.719312e-05 -2.133728e-03 -3.915445e-04 9.999992e-01 1.167875e-03 9.041681e-03 -6.673588e-05 -1.167901e-03 9.999993e-01 1.896993e-02
9.999999e-01 3.725927e-04 -7.747807e-05 -3.706457e-03 -3.724656e-04 9.999986e-01 1.633843e-03 1.034768e-02 7.808672e-05 -1.633814e-03 9.999987e-01 4.658562e-02
9.999998e-01 3.624523e-04 -5.885672e-04 -3.137124e-03 -3.611182e-04 9.999974e-01 2.265306e-03 1.195403e-02 5.893868e-04 -2.265092e-03 9.999973e-01 8.967401e-02
9.999988e-01 5.964460e-04 -1.458890e-03 -2.320741e-03 -5.923857e-04 9.999960e-01 2.782014e-03 1.324541e-02 1.460544e-03 -2.781146e-03 9.999951e-01 1.525773e-01
9.999954e-01 5.692251e-04 -2.986301e-03 -7.343287e-04 -5.600198e-04 9.999951e-01 3.082450e-03 1.441109e-02 2.988040e-03 -3.080764e-03 9.999908e-01 2.371532e-01
9.999885e-01 6.029796e-04 -4.753926e-03 5.003627e-05 -5.878515e-04 9.999948e-01 3.183005e-03 1.556561e-02 4.755820e-03 -3.180174e-03 9.999836e-01 3.434663e-01
9.999754e-01 7.914552e-04 -6.966528e-03 -8.863352e-04 -7.683594e-04 9.999942e-01 3.317307e-03 1.712559e-02 6.969113e-03 -3.311873e-03 9.999702e-01 4.711706e-01
9.999577e-01 9.655134e-04 -9.141608e-03 -1.675912e-04 -9.345816e-04 9.999938e-01 3.387294e-03 1.904458e-02 9.144822e-03 -3.378607e-03 9.999525e-01 6.149317e-01
9.999345e-01 1.418478e-03 -1.135901e-02 4.806247e-05 -1.374110e-03 9.999914e-01 3.912825e-03 2.195328e-02 1.136446e-02 -3.896960e-03 9.999278e-01 7.771379e-01
9.999089e-01 1.663513e-03 -1.339458e-02 -3.090445e-04 -1.605879e-03 9.999894e-01 4.312435e-03 2.471427e-02 1.340161e-02 -4.290533e-03 9.999010e-01 9.613537e-01
9.998798e-01 1.769936e-03 -1.540217e-02 -1.830029e-03 -1.689735e-03 9.999850e-01 5.218566e-03 2.879944e-02 1.541118e-02 -5.191913e-03 9.998678e-01 1.172212e+00
9.998503e-01 2.367374e-03 -1.713821e-02 -6.870637e-03 -2.255371e-03 9.999760e-01 6.551664e-03 3.383056e-02 1.715331e-02 -6.512030e-03 9.998317e-01 1.417971e+00
9.998222e-01 3.221905e-03 -1.857750e-02 -1.270927e-02 -3.081678e-03 9.999666e-01 7.571902e-03 3.687490e-02 1.860128e-02 -7.513306e-03 9.997988e-01 1.702374e+00
9.998043e-01 3.534610e-03 -1.946677e-02 -1.986920e-02 -3.364942e-03 9.999561e-01 8.741632e-03 3.975295e-02 1.949681e-02 -8.674417e-03 9.997723e-01 2.028464e+00
9.997976e-01 3.525263e-03 -1.980758e-02 -2.838308e-02 -3.335744e-03 9.999484e-01 9.592895e-03 4.159624e-02 1.984038e-02 -9.524881e-03 9.997578e-01 2.398528e+00
9.997973e-01 3.522590e-03 -1.982106e-02 -3.860552e-02 -3.324249e-03 9.999442e-01 1.003064e-02 4.185740e-02 1.985529e-02 -9.962716e-03 9.997532e-01 2.813016e+00
9.997907e-01 4.874913e-03 -1.986700e-02 -5.167910e-02 -4.654731e-03 9.999274e-01 1.111400e-02 4.531913e-02 1.991974e-02 -1.101920e-02 9.997409e-01 3.272407e+00
9.997838e-01 5.780835e-03 -1.997442e-02 -6.692452e-02 -5.536899e-03 9.999097e-01 1.224619e-02 4.557867e-02 2.004341e-02 -1.213295e-02 9.997255e-01 3.777039e+00
9.997774e-01 6.214553e-03 -2.016139e-02 -8.266504e-02 -5.954975e-03 9.998989e-01 1.290960e-02 4.547360e-02 2.023958e-02 -1.278666e-02 9.997134e-01 4.329153e+00
9.997730e-01 7.359205e-03 -1.999569e-02 -1.012491e-01 -7.090917e-03 9.998843e-01 1.345522e-02 4.459755e-02 2.009239e-02 -1.331038e-02 9.997095e-01 4.928409e+00
9.997632e-01 7.756477e-03 -2.033107e-02 -1.190167e-01 -7.496923e-03 9.998898e-01 1.281163e-02 4.159556e-02 2.042820e-02 -1.265618e-02 9.997112e-01 5.575585e+00
9.997414e-01 8.753732e-03 -2.098955e-02 -1.372734e-01 -8.515586e-03 9.998987e-01 1.140859e-02 4.140186e-02 2.108729e-02 -1.122691e-02 9.997146e-01 6.270922e+00
9.997316e-01 9.205931e-03 -2.125914e-02 -1.568060e-01 -9.021055e-03 9.999208e-01 8.775909e-03 3.646865e-02 2.133825e-02 -8.581773e-03 9.997355e-01 7.010364e+00
9.997287e-01 9.533214e-03 -2.125268e-02 -1.772178e-01 -9.416285e-03 9.999400e-01 5.595144e-03 2.926768e-02 2.130475e-02 -5.393505e-03 9.997585e-01 7.792568e+00
9.997243e-01 9.760631e-03 -2.135510e-02 -1.980536e-01 -9.701171e-03 9.999488e-01 2.886185e-03 2.452628e-02 2.138218e-02 -2.678220e-03 9.997678e-01 8.615801e+00
9.997269e-01 9.681774e-03 -2.126808e-02 -2.208949e-01 -9.648978e-03 9.999521e-01 1.644082e-03 2.555127e-02 2.128298e-02 -1.438418e-03 9.997725e-01 9.477254e+00
9.997377e-01 9.504110e-03 -2.083848e-02 -2.444727e-01 -9.470737e-03 9.999537e-01 1.699618e-03 3.658351e-02 2.085367e-02 -1.501817e-03 9.997814e-01 1.037723e+01
9.997485e-01 8.686983e-03 -2.067492e-02 -2.684476e-01 -8.662278e-03 9.999617e-01 1.284207e-03 4.588998e-02 2.068528e-02 -1.104792e-03 9.997854e-01 1.131502e+01
9.997583e-01 8.416403e-03 -2.030872e-02 -2.944556e-01 -8.390448e-03 9.999639e-01 1.362872e-03 5.481305e-02 2.031945e-02 -1.192143e-03 9.997928e-01 1.228744e+01
9.997628e-01 8.332236e-03 -2.012058e-02 -3.204595e-01 -8.296114e-03 9.999638e-01 1.878066e-03 6.289310e-02 2.013550e-02 -1.710698e-03 9.997958e-01 1.329129e+01
9.997776e-01 7.001426e-03 -1.989180e-02 -3.462574e-01 -6.937860e-03 9.999706e-01 3.262803e-03 7.477954e-02 1.991406e-02 -3.124071e-03 9.997968e-01 1.432447e+01
9.997926e-01 6.060687e-03 -1.944455e-02 -3.723826e-01 -6.019223e-03 9.999795e-01 2.190275e-03 8.399472e-02 1.945743e-02 -2.072780e-03 9.998085e-01 1.538636e+01
9.998023e-01 5.595296e-03 -1.908268e-02 -3.962655e-01 -5.579650e-03 9.999841e-01 8.730484e-04 9.093631e-02 1.908726e-02 -7.664011e-04 9.998175e-01 1.647453e+01
9.998223e-01 3.518046e-03 -1.852066e-02 -4.180771e-01 -3.533161e-03 9.999935e-01 -7.834546e-04 9.763789e-02 1.851779e-02 8.487519e-04 9.998282e-01 1.758911e+01
9.998352e-01 1.903721e-03 -1.805400e-02 -4.399793e-01 -1.931561e-03 9.999970e-01 -1.524708e-03 1.114545e-01 1.805104e-02 1.559329e-03 9.998359e-01 1.872960e+01
9.998500e-01 1.270841e-03 -1.727210e-02 -4.641875e-01 -1.323868e-03 9.999944e-01 -3.059057e-03 1.218007e-01 1.726812e-02 3.081464e-03 9.998461e-01 1.989656e+01
9.998558e-01 -9.377623e-05 -1.698269e-02 -4.883780e-01 6.565641e-05 9.999986e-01 -1.656343e-03 1.374501e-01 1.698282e-02 1.654989e-03 9.998544e-01 2.108748e+01
9.998683e-01 -8.354997e-04 -1.620564e-02 -5.125585e-01 8.294083e-04 9.999996e-01 -3.825971e-04 1.545322e-01 1.620595e-02 3.691056e-04 9.998686e-01 2.230303e+01
9.998787e-01 -3.365789e-04 -1.557057e-02 -5.382021e-01 3.365751e-04 9.999999e-01 -2.859784e-06 1.642844e-01 1.557057e-02 -2.381231e-06 9.998788e-01 2.354196e+01
9.998907e-01 -1.787700e-04 -1.478453e-02 -5.629511e-01 2.097986e-04 9.999978e-01 2.097200e-03 1.770002e-01 1.478412e-02 -2.100073e-03 9.998885e-01 2.480162e+01
9.999031e-01 4.165217e-04 -1.391769e-02 -5.881274e-01 -3.672947e-04 9.999937e-01 3.539384e-03 1.891069e-01 1.391908e-02 -3.533929e-03 9.998969e-01 2.608241e+01
9.999133e-01 -3.647195e-05 -1.316931e-02 -6.134585e-01 7.524793e-05 9.999957e-01 2.943936e-03 1.951313e-01 1.316915e-02 -2.944671e-03 9.999089e-01 2.738084e+01
9.999255e-01 -9.826315e-04 -1.216801e-02 -6.373881e-01 1.022638e-03 9.999941e-01 3.282066e-03 2.031434e-01 1.216472e-02 -3.294265e-03 9.999206e-01 2.868440e+01
9.999386e-01 1.249719e-03 -1.101435e-02 -6.647618e-01 -1.234803e-03 9.999983e-01 1.360976e-03 2.083496e-01 1.101603e-02 -1.347292e-03 9.999384e-01 2.999073e+01
9.999449e-01 1.134699e-03 -1.043990e-02 -6.869443e-01 -1.144216e-03 9.999989e-01 -9.056358e-04 2.111544e-01 1.043886e-02 9.175313e-04 9.999451e-01 3.129386e+01
9.999520e-01 3.466625e-03 -9.163490e-03 -7.124912e-01 -3.474116e-03 9.999936e-01 -8.017338e-04 2.182453e-01 9.160652e-03 8.335303e-04 9.999577e-01 3.259059e+01
9.999534e-01 5.065157e-03 -8.218981e-03 -7.335808e-01 -5.071892e-03 9.999868e-01 -7.988171e-04 2.284225e-01 8.214826e-03 8.404656e-04 9.999659e-01 3.388219e+01
9.999547e-01 5.834703e-03 -7.517022e-03 -7.458166e-01 -5.852145e-03 9.999802e-01 -2.300423e-03 2.422743e-01 7.503451e-03 2.344310e-03 9.999691e-01 3.516721e+01
9.999589e-01 6.443021e-03 -6.379570e-03 -7.578623e-01 -6.461041e-03 9.999752e-01 -2.808124e-03 2.570194e-01 6.361319e-03 2.849228e-03 9.999757e-01 3.644212e+01
9.999570e-01 7.543750e-03 -5.389245e-03 -7.685672e-01 -7.555421e-03 9.999691e-01 -2.148533e-03 2.772120e-01 5.372870e-03 2.189158e-03 9.999832e-01 3.770723e+01
9.999527e-01 8.824962e-03 -4.083443e-03 -7.805380e-01 -8.831278e-03 9.999598e-01 -1.531226e-03 2.938482e-01 4.069766e-03 1.567216e-03 9.999905e-01 3.896264e+01
9.999582e-01 8.550443e-03 -3.228733e-03 -7.945758e-01 -8.555738e-03 9.999621e-01 -1.629737e-03 3.038943e-01 3.214676e-03 1.657293e-03 9.999935e-01 4.020789e+01
9.999603e-01 8.605497e-03 -2.305760e-03 -8.083324e-01 -8.608270e-03 9.999622e-01 -1.195405e-03 3.167277e-01 2.295386e-03 1.215206e-03 9.999966e-01 4.144363e+01
9.999553e-01 9.200576e-03 -2.158983e-03 -8.215366e-01 -9.202456e-03 9.999573e-01 -8.626714e-04 3.303736e-01 2.150953e-03 8.825008e-04 9.999973e-01 4.267005e+01
9.999483e-01 1.004631e-02 -1.578119e-03 -8.346359e-01 -1.004812e-02 9.999489e-01 -1.140315e-03 3.406446e-01 1.566583e-03 1.156113e-03 9.999981e-01 4.388711e+01
9.999427e-01 1.059115e-02 -1.539659e-03 -8.473654e-01 -1.059275e-02 9.999434e-01 -1.036819e-03 3.524142e-01 1.528591e-03 1.053069e-03 9.999983e-01 4.509437e+01
9.999364e-01 1.118895e-02 -1.396192e-03 -8.574244e-01 -1.119335e-02 9.999323e-01 -3.184074e-03 3.573988e-01 1.360471e-03 3.199500e-03 9.999940e-01 4.629327e+01
9.999404e-01 1.081751e-02 -1.483303e-03 -8.651447e-01 -1.082335e-02 9.999335e-01 -3.988522e-03 3.652770e-01 1.440059e-03 4.004338e-03 9.999909e-01 4.748139e+01
9.999425e-01 1.064126e-02 -1.361417e-03 -8.730271e-01 -1.064697e-02 9.999343e-01 -4.254092e-03 3.753276e-01 1.316058e-03 4.268342e-03 9.999900e-01 4.866050e+01
9.999582e-01 8.978873e-03 -1.751709e-03 -8.788066e-01 -8.986913e-03 9.999489e-01 -4.637244e-03 3.889577e-01 1.709982e-03 4.652793e-03 9.999877e-01 4.983135e+01
9.999678e-01 7.808297e-03 -1.826209e-03 -8.860508e-01 -7.817666e-03 9.999560e-01 -5.180806e-03 3.970917e-01 1.785675e-03 5.194916e-03 9.999849e-01 5.099381e+01
9.999740e-01 6.976673e-03 -1.848649e-03 -8.949329e-01 -6.986066e-03 9.999625e-01 -5.124031e-03 4.126256e-01 1.812831e-03 5.136813e-03 9.999852e-01 5.214967e+01
9.999810e-01 5.903572e-03 -1.774569e-03 -9.010906e-01 -5.913913e-03 9.999652e-01 -5.879278e-03 4.289028e-01 1.739798e-03 5.889661e-03 9.999811e-01 5.329898e+01
9.999905e-01 3.971395e-03 -1.785178e-03 -9.061188e-01 -3.984417e-03 9.999650e-01 -7.350996e-03 4.437192e-01 1.755922e-03 7.358039e-03 9.999714e-01 5.444076e+01
9.999900e-01 4.153715e-03 -1.660280e-03 -9.132863e-01 -4.163997e-03 9.999719e-01 -6.238424e-03 4.636538e-01 1.634321e-03 6.245275e-03 9.999792e-01 5.557319e+01
9.999930e-01 3.234094e-03 -1.870001e-03 -9.200379e-01 -3.245755e-03 9.999751e-01 -6.266502e-03 4.814675e-01 1.849688e-03 6.272528e-03 9.999786e-01 5.669843e+01
9.999955e-01 2.368157e-03 -1.849362e-03 -9.315068e-01 -2.378311e-03 9.999820e-01 -5.507749e-03 4.960671e-01 1.836286e-03 5.512122e-03 9.999831e-01 5.781169e+01
9.999963e-01 1.849134e-03 -2.007667e-03 -9.450928e-01 -1.860816e-03 9.999813e-01 -5.832719e-03 5.077968e-01 1.996844e-03 5.836433e-03 9.999810e-01 5.891437e+01
9.999973e-01 1.365552e-03 -1.865437e-03 -9.590441e-01 -1.375767e-03 9.999840e-01 -5.485566e-03 5.231418e-01 1.857916e-03 5.488118e-03 9.999832e-01 6.000895e+01
9.999981e-01 -3.676187e-04 -1.895744e-03 -9.714808e-01 3.565440e-04 9.999829e-01 -5.838891e-03 5.341569e-01 1.897858e-03 5.838204e-03 9.999812e-01 6.109566e+01
9.999976e-01 -1.380706e-03 -1.705890e-03 -9.847365e-01 1.372164e-03 9.999866e-01 -4.998697e-03 5.483307e-01 1.712768e-03 4.996344e-03 9.999861e-01 6.217431e+01
9.999968e-01 -1.936539e-03 -1.631314e-03 -9.937308e-01 1.929067e-03 9.999877e-01 -4.569455e-03 5.605516e-01 1.640143e-03 4.566293e-03 9.999882e-01 6.324918e+01
9.999938e-01 -3.149676e-03 -1.573504e-03 -9.955320e-01 3.142658e-03 9.999852e-01 -4.442927e-03 5.675965e-01 1.587474e-03 4.437954e-03 9.999889e-01 6.431632e+01
9.999967e-01 -2.231687e-03 -1.270963e-03 -1.000474e+00 2.227540e-03 9.999922e-01 -3.254518e-03 5.765590e-01 1.278216e-03 3.251677e-03 9.999939e-01 6.537423e+01
9.999985e-01 -1.351069e-03 -1.118935e-03 -1.004758e+00 1.348269e-03 9.999960e-01 -2.499010e-03 5.861739e-01 1.122307e-03 2.497498e-03 9.999963e-01 6.642388e+01
9.999986e-01 -1.370792e-03 -9.286605e-04 -1.009204e+00 1.368550e-03 9.999962e-01 -2.410469e-03 5.925238e-01 9.319612e-04 2.409195e-03 9.999967e-01 6.746497e+01
9.999998e-01 -5.192697e-05 -6.691582e-04 -1.018526e+00 4.997966e-05 9.999958e-01 -2.909776e-03 5.996727e-01 6.693065e-04 2.909742e-03 9.999955e-01 6.849544e+01
9.999973e-01 2.301891e-03 -3.869662e-04 -1.026060e+00 -2.302910e-03 9.999938e-01 -2.654552e-03 6.104605e-01 3.808533e-04 2.655436e-03 9.999964e-01 6.951210e+01
9.999960e-01 2.818974e-03 -3.691511e-04 -1.031165e+00 -2.820058e-03 9.999916e-01 -2.969558e-03 6.188610e-01 3.607769e-04 2.970587e-03 9.999955e-01 7.052007e+01
9.999941e-01 3.422338e-03 -1.483132e-04 -1.035860e+00 -3.422785e-03 9.999893e-01 -3.127127e-03 6.285448e-01 1.376095e-04 3.127616e-03 9.999951e-01 7.151920e+01
9.999857e-01 5.351076e-03 -7.100858e-05 -1.043450e+00 -5.351263e-03 9.999813e-01 -2.950963e-03 6.378059e-01 5.521643e-05 2.951300e-03 9.999956e-01 7.250995e+01
9.999862e-01 5.249635e-03 -2.118239e-04 -1.050664e+00 -5.250397e-03 9.999791e-01 -3.772972e-03 6.443873e-01 1.920127e-04 3.774032e-03 9.999929e-01 7.349877e+01
9.999861e-01 5.274009e-03 -1.508722e-04 -1.054960e+00 -5.274505e-03 9.999799e-01 -3.504688e-03 6.498112e-01 1.323854e-04 3.505435e-03 9.999938e-01 7.448420e+01
9.999805e-01 6.239660e-03 -1.162261e-04 -1.060890e+00 -6.240013e-03 9.999750e-01 -3.337319e-03 6.537593e-01 9.539949e-05 3.337979e-03 9.999944e-01 7.546102e+01
9.999756e-01 6.978952e-03 -2.396658e-04 -1.066762e+00 -6.979420e-03 9.999736e-01 -2.012538e-03 6.611454e-01 2.256141e-04 2.014162e-03 9.999979e-01 7.642811e+01
9.999760e-01 6.920221e-03 -3.336105e-04 -1.072122e+00 -6.920525e-03 9.999756e-01 -9.201845e-04 6.657950e-01 3.272345e-04 9.224712e-04 9.999995e-01 7.738523e+01
9.999746e-01 7.102063e-03 -6.608924e-04 -1.079948e+00 -7.102315e-03 9.999747e-01 -3.800694e-04 6.735991e-01 6.581764e-04 3.847536e-04 9.999997e-01 7.832860e+01
9.999620e-01 8.686639e-03 -7.354927e-04 -1.088992e+00 -8.686499e-03 9.999623e-01 1.938400e-04 6.800060e-01 7.371488e-04 -1.874438e-04 9.999997e-01 7.926406e+01
9.999589e-01 8.935079e-03 -1.549388e-03 -1.095786e+00 -8.936300e-03 9.999598e-01 -7.825905e-04 6.840188e-01 1.542333e-03 7.964041e-04 9.999985e-01 8.019070e+01
9.999626e-01 8.514537e-03 -1.529244e-03 -1.103832e+00 -8.516185e-03 9.999632e-01 -1.074399e-03 6.895033e-01 1.520039e-03 1.087382e-03 9.999983e-01 8.110747e+01
9.999518e-01 9.664369e-03 -1.707639e-03 -1.113264e+00 -9.669415e-03 9.999488e-01 -2.971553e-03 6.920177e-01 1.678834e-03 2.987922e-03 9.999941e-01 8.201577e+01
9.999423e-01 1.058876e-02 -1.816751e-03 -1.122173e+00 -1.059494e-02 9.999380e-01 -3.424557e-03 6.977820e-01 1.780376e-03 3.443608e-03 9.999925e-01 8.291377e+01
9.999265e-01 1.195452e-02 -2.027848e-03 -1.126167e+00 -1.196150e-02 9.999225e-01 -3.465637e-03 7.018652e-01 1.986261e-03 3.489639e-03 9.999919e-01 8.380771e+01
9.999304e-01 1.155962e-02 -2.341007e-03 -1.126950e+00 -1.156763e-02 9.999272e-01 -3.434791e-03 7.067441e-01 2.301132e-03 3.461632e-03 9.999914e-01 8.469321e+01
9.999308e-01 1.149410e-02 -2.486162e-03 -1.128884e+00 -1.150270e-02 9.999278e-01 -3.474144e-03 7.131041e-01 2.446050e-03 3.502501e-03 9.999909e-01 8.557077e+01
9.999189e-01 1.254064e-02 -2.228673e-03 -1.134468e+00 -1.255171e-02 9.999086e-01 -5.022447e-03 7.146044e-01 2.165484e-03 5.050014e-03 9.999849e-01 8.644026e+01
9.999171e-01 1.262245e-02 -2.525369e-03 -1.141350e+00 -1.263626e-02 9.999049e-01 -5.528845e-03 7.236211e-01 2.455341e-03 5.560299e-03 9.999815e-01 8.729765e+01
9.999312e-01 1.147548e-02 -2.431636e-03 -1.139938e+00 -1.148986e-02 9.999161e-01 -5.983652e-03 7.339380e-01 2.362766e-03 6.011180e-03 9.999791e-01 8.814975e+01
9.999371e-01 1.088305e-02 -2.718270e-03 -1.138315e+00 -1.089779e-02 9.999257e-01 -5.465864e-03 7.467704e-01 2.658583e-03 5.495143e-03 9.999814e-01 8.899353e+01
9.999476e-01 9.856624e-03 -2.749393e-03 -1.136797e+00 -9.871549e-03 9.999363e-01 -5.468614e-03 7.589407e-01 2.695316e-03 5.495469e-03 9.999813e-01 8.982976e+01
9.999530e-01 9.230532e-03 -2.962228e-03 -1.137367e+00 -9.245777e-03 9.999439e-01 -5.174967e-03 7.714903e-01 2.914294e-03 5.202112e-03 9.999822e-01 9.065755e+01
9.999577e-01 8.645509e-03 -3.135977e-03 -1.140815e+00 -8.660081e-03 9.999516e-01 -4.663137e-03 7.812160e-01 3.095510e-03 4.690097e-03 9.999842e-01 9.147896e+01
9.999671e-01 7.450276e-03 -3.203046e-03 -1.140388e+00 -7.464402e-03 9.999624e-01 -4.421314e-03 7.901635e-01 3.169985e-03 4.445078e-03 9.999851e-01 9.229779e+01
9.999735e-01 6.466095e-03 -3.352551e-03 -1.139698e+00 -6.479281e-03 9.999713e-01 -3.937072e-03 7.994793e-01 3.326997e-03 3.958690e-03 9.999866e-01 9.310822e+01
9.999758e-01 6.024727e-03 -3.482815e-03 -1.139895e+00 -6.037102e-03 9.999755e-01 -3.553568e-03 8.095321e-01 3.461321e-03 3.574508e-03 9.999876e-01 9.391073e+01
9.999809e-01 5.072740e-03 -3.523554e-03 -1.141209e+00 -5.085799e-03 9.999802e-01 -3.707175e-03 8.185059e-01 3.504679e-03 3.725025e-03 9.999869e-01 9.470458e+01
9.999855e-01 4.026105e-03 -3.579660e-03 -1.146582e+00 -4.042128e-03 9.999818e-01 -4.480195e-03 8.244565e-01 3.561557e-03 4.494599e-03 9.999836e-01 9.548532e+01
9.999874e-01 3.511110e-03 -3.592184e-03 -1.151781e+00 -3.528718e-03 9.999817e-01 -4.907154e-03 8.332508e-01 3.574889e-03 4.919768e-03 9.999815e-01 9.626103e+01
9.999891e-01 2.648480e-03 -3.849818e-03 -1.155854e+00 -2.668523e-03 9.999829e-01 -5.210648e-03 8.424578e-01 3.835952e-03 5.220864e-03 9.999790e-01 9.702892e+01
9.999918e-01 1.474771e-03 -3.779859e-03 -1.160299e+00 -1.495867e-03 9.999833e-01 -5.584451e-03 8.514593e-01 3.771560e-03 5.590060e-03 9.999773e-01 9.778910e+01
9.999922e-01 9.937899e-04 -3.820902e-03 -1.165286e+00 -1.014271e-03 9.999851e-01 -5.361991e-03 8.613434e-01 3.815517e-03 5.365825e-03 9.999783e-01 9.854058e+01
9.999918e-01 8.941032e-05 -4.043046e-03 -1.168299e+00 -1.105352e-04 9.999863e-01 -5.225059e-03 8.726824e-01 4.042524e-03 5.225464e-03 9.999782e-01 9.928262e+01
9.999921e-01 -5.763597e-04 -3.926089e-03 -1.167645e+00 5.573474e-04 9.999881e-01 -4.841930e-03 8.850713e-01 3.928833e-03 4.839703e-03 9.999806e-01 1.000181e+02
9.999919e-01 -9.960930e-04 -3.903899e-03 -1.167579e+00 9.769712e-04 9.999875e-01 -4.896989e-03 8.977799e-01 3.908728e-03 4.893136e-03 9.999804e-01 1.007464e+02
9.999914e-01 -1.543240e-03 -3.843067e-03 -1.166195e+00 1.523029e-03 9.999850e-01 -5.256468e-03 9.096873e-01 3.851122e-03 5.250570e-03 9.999788e-01 1.014673e+02
9.999912e-01 -1.699627e-03 -3.835719e-03 -1.166885e+00 1.680792e-03 9.999865e-01 -4.908415e-03 9.211690e-01 3.844009e-03 4.901925e-03 9.999806e-01 1.021797e+02
9.999906e-01 -2.467110e-03 -3.556293e-03 -1.169546e+00 2.446045e-03 9.999795e-01 -5.915338e-03 9.308509e-01 3.570814e-03 5.906584e-03 9.999762e-01 1.028825e+02
9.999901e-01 -2.378668e-03 -3.754344e-03 -1.165818e+00 2.354939e-03 9.999773e-01 -6.312291e-03 9.483629e-01 3.769274e-03 6.303387e-03 9.999730e-01 1.035756e+02
9.999899e-01 -2.875065e-03 -3.462907e-03 -1.161242e+00 2.854237e-03 9.999779e-01 -6.004731e-03 9.666218e-01 3.480094e-03 5.994786e-03 9.999760e-01 1.042610e+02
9.999925e-01 -1.894008e-03 -3.384011e-03 -1.158186e+00 1.870765e-03 9.999747e-01 -6.858583e-03 9.815389e-01 3.396916e-03 6.852201e-03 9.999708e-01 1.049394e+02
9.999929e-01 -1.615083e-03 -3.408909e-03 -1.155769e+00 1.594046e-03 9.999797e-01 -6.164915e-03 9.996553e-01 3.418796e-03 6.159437e-03 9.999752e-01 1.056096e+02
9.999935e-01 -1.726019e-03 -3.166273e-03 -1.158389e+00 1.708608e-03 9.999835e-01 -5.493363e-03 1.012111e+00 3.175703e-03 5.487917e-03 9.999799e-01 1.062730e+02
9.999949e-01 -5.577132e-04 -3.140510e-03 -1.155786e+00 5.430516e-04 9.999890e-01 -4.667463e-03 1.025243e+00 3.143079e-03 4.665733e-03 9.999842e-01 1.069247e+02
9.999957e-01 -8.038682e-04 -2.811250e-03 -1.151840e+00 7.914990e-04 9.999900e-01 -4.398225e-03 1.037617e+00 2.814758e-03 4.395981e-03 9.999864e-01 1.075690e+02
9.999957e-01 -6.366956e-05 -2.931370e-03 -1.148293e+00 5.187500e-05 9.999919e-01 -4.023464e-03 1.050758e+00 2.931602e-03 4.023294e-03 9.999876e-01 1.082057e+02
9.999964e-01 2.253999e-04 -2.681642e-03 -1.146064e+00 -2.356733e-04 9.999926e-01 -3.831310e-03 1.061577e+00 2.680759e-03 3.831928e-03 9.999891e-01 1.088349e+02
9.999965e-01 6.543426e-04 -2.562372e-03 -1.147853e+00 -6.635235e-04 9.999934e-01 -3.583792e-03 1.071729e+00 2.560010e-03 3.585479e-03 9.999903e-01 1.094582e+02
9.999968e-01 5.079308e-04 -2.478923e-03 -1.146268e+00 -5.168666e-04 9.999934e-01 -3.605370e-03 1.085161e+00 2.477076e-03 3.606639e-03 9.999904e-01 1.100730e+02
9.999967e-01 6.582346e-04 -2.482914e-03 -1.143605e+00 -6.649586e-04 9.999961e-01 -2.708255e-03 1.102776e+00 2.481122e-03 2.709897e-03 9.999933e-01 1.106791e+02
9.999972e-01 8.356207e-04 -2.233407e-03 -1.142011e+00 -8.399673e-04 9.999978e-01 -1.945968e-03 1.117674e+00 2.231776e-03 1.947839e-03 9.999956e-01 1.112765e+02
9.999976e-01 9.052708e-04 -1.981697e-03 -1.140641e+00 -9.079975e-04 9.999986e-01 -1.375473e-03 1.131255e+00 1.980449e-03 1.377269e-03 9.999971e-01 1.118649e+02
9.999981e-01 9.979237e-04 -1.686767e-03 -1.142941e+00 -9.984042e-04 9.999995e-01 -2.840288e-04 1.140204e+00 1.686482e-03 2.857123e-04 9.999985e-01 1.124452e+02
9.999985e-01 1.591562e-04 -1.739147e-03 -1.147953e+00 -1.575203e-04 9.999995e-01 9.407760e-04 1.148163e+00 1.739296e-03 -9.405006e-04 9.999980e-01 1.130244e+02
9.999991e-01 -7.231671e-04 -1.164607e-03 -1.153183e+00 7.265562e-04 9.999955e-01 2.912234e-03 1.156203e+00 1.162496e-03 -2.913077e-03 9.999951e-01 1.136053e+02
9.999987e-01 -1.032383e-03 -1.271182e-03 -1.158652e+00 1.038560e-03 9.999876e-01 4.867634e-03 1.162065e+00 1.266141e-03 -4.868948e-03 9.999873e-01 1.141884e+02
9.999973e-01 -2.250393e-03 -5.766623e-04 -1.162989e+00 2.253982e-03 9.999776e-01 6.301103e-03 1.167992e+00 5.624694e-04 -6.302386e-03 9.999800e-01 1.147761e+02
9.999980e-01 -1.745473e-03 -9.853741e-04 -1.163639e+00 1.750369e-03 9.999860e-01 4.989493e-03 1.174965e+00 9.766513e-04 -4.991208e-03 9.999871e-01 1.153743e+02
9.999995e-01 1.740779e-04 -1.004895e-03 -1.165894e+00 -1.738872e-04 1.000000e+00 1.897846e-04 1.180129e+00 1.004928e-03 -1.896098e-04 9.999995e-01 1.159881e+02
9.999992e-01 -3.784877e-04 -1.203096e-03 -1.163535e+00 3.747560e-04 9.999951e-01 -3.100393e-03 1.184002e+00 1.204264e-03 3.099939e-03 9.999945e-01 1.166110e+02
9.999990e-01 -1.867527e-04 -1.434850e-03 -1.163978e+00 1.771691e-04 9.999777e-01 -6.676430e-03 1.184819e+00 1.436065e-03 6.676168e-03 9.999767e-01 1.172434e+02
9.999984e-01 -7.967729e-04 -1.629746e-03 -1.162709e+00 7.865253e-04 9.999800e-01 -6.278878e-03 1.191739e+00 1.634717e-03 6.277585e-03 9.999790e-01 1.178811e+02
9.999975e-01 1.727206e-03 -1.397686e-03 -1.168281e+00 -1.730888e-03 9.999950e-01 -2.637753e-03 1.210862e+00 1.393124e-03 2.640165e-03 9.999955e-01 1.185266e+02
9.999898e-01 4.251465e-03 -1.514199e-03 -1.174493e+00 -4.252148e-03 9.999909e-01 -4.478965e-04 1.225485e+00 1.512281e-03 4.543306e-04 9.999988e-01 1.191889e+02
9.999876e-01 4.672498e-03 -1.717550e-03 -1.177417e+00 -4.671887e-03 9.999890e-01 3.592584e-04 1.233352e+00 1.719210e-03 -3.512297e-04 9.999985e-01 1.198652e+02
9.999887e-01 4.367948e-03 -1.874283e-03 -1.179717e+00 -4.369559e-03 9.999901e-01 -8.566713e-04 1.235038e+00 1.870522e-03 8.648514e-04 9.999979e-01 1.205546e+02
9.999731e-01 7.095764e-03 -1.852542e-03 -1.185569e+00 -7.097743e-03 9.999742e-01 -1.063955e-03 1.235546e+00 1.844945e-03 1.077076e-03 9.999977e-01 1.212533e+02
9.999293e-01 1.165876e-02 -2.340960e-03 -1.195021e+00 -1.165131e-02 9.999271e-01 3.169136e-03 1.249921e+00 2.377737e-03 -3.141637e-03 9.999922e-01 1.219570e+02
9.999783e-01 6.104286e-03 -2.477520e-03 -1.189372e+00 -6.093954e-03 9.999728e-01 4.156971e-03 1.261423e+00 2.502828e-03 -4.141783e-03 9.999883e-01 1.226743e+02
9.999883e-01 3.726051e-03 -3.097438e-03 -1.189175e+00 -3.717774e-03 9.999895e-01 2.673435e-03 1.271759e+00 3.107367e-03 -2.661888e-03 9.999916e-01 1.234053e+02
9.999776e-01 6.168534e-03 -2.593965e-03 -1.196353e+00 -6.170654e-03 9.999806e-01 -8.100633e-04 1.276990e+00 2.588918e-03 8.260516e-04 9.999963e-01 1.241497e+02
9.999607e-01 8.494528e-03 -2.538520e-03 -1.205026e+00 -8.510724e-03 9.999431e-01 -6.438992e-03 1.273899e+00 2.483679e-03 6.460344e-03 9.999760e-01 1.249055e+02
9.999785e-01 5.310424e-03 -3.854964e-03 -1.200875e+00 -5.339835e-03 9.999564e-01 -7.659630e-03 1.279404e+00 3.814120e-03 7.680050e-03 9.999632e-01 1.256702e+02
9.999854e-01 4.090901e-03 -3.542122e-03 -1.208693e+00 -4.114376e-03 9.999695e-01 -6.645715e-03 1.288421e+00 3.514826e-03 6.660191e-03 9.999716e-01 1.264471e+02
9.999843e-01 3.733787e-03 -4.184521e-03 -1.215891e+00 -3.748900e-03 9.999865e-01 -3.609582e-03 1.303723e+00 4.170987e-03 3.625213e-03 9.999847e-01 1.272354e+02
9.999859e-01 3.351762e-03 -4.115802e-03 -1.223504e+00 -3.360305e-03 9.999922e-01 -2.070302e-03 1.315710e+00 4.108830e-03 2.084103e-03 9.999894e-01 1.280366e+02
9.999825e-01 4.255528e-03 -4.101181e-03 -1.232910e+00 -4.259796e-03 9.999904e-01 -1.032539e-03 1.324007e+00 4.096747e-03 1.049991e-03 9.999911e-01 1.288484e+02
9.999818e-01 3.985400e-03 -4.521539e-03 -1.236189e+00 -3.996627e-03 9.999889e-01 -2.476705e-03 1.332188e+00 4.511618e-03 2.494731e-03 9.999867e-01 1.296694e+02
9.999816e-01 3.854510e-03 -4.689673e-03 -1.238460e+00 -3.862259e-03 9.999912e-01 -1.644528e-03 1.342930e+00 4.683293e-03 1.662611e-03 9.999877e-01 1.304973e+02
9.999838e-01 3.017903e-03 -4.828600e-03 -1.239937e+00 -3.028733e-03 9.999929e-01 -2.237238e-03 1.349933e+00 4.821814e-03 2.251827e-03 9.999858e-01 1.313357e+02
9.999849e-01 2.140454e-03 -5.069437e-03 -1.241730e+00 -2.156610e-03 9.999926e-01 -3.183627e-03 1.360027e+00 5.062585e-03 3.194512e-03 9.999821e-01 1.321841e+02
9.999822e-01 3.206027e-03 -5.034033e-03 -1.246526e+00 -3.219207e-03 9.999914e-01 -2.612258e-03 1.371752e+00 5.025615e-03 2.628417e-03 9.999839e-01 1.330415e+02
9.999783e-01 4.117555e-03 -5.140422e-03 -1.255812e+00 -4.140189e-03 9.999817e-01 -4.400243e-03 1.376337e+00 5.122210e-03 4.421430e-03 9.999771e-01 1.339109e+02
9.999815e-01 2.334710e-03 -5.624956e-03 -1.264965e+00 -2.352835e-03 9.999921e-01 -3.217788e-03 1.385628e+00 5.617399e-03 3.230963e-03 9.999790e-01 1.347882e+02
9.999821e-01 2.127276e-03 -5.589618e-03 -1.276852e+00 -2.143378e-03 9.999936e-01 -2.876289e-03 1.390394e+00 5.583464e-03 2.888219e-03 9.999802e-01 1.356748e+02
9.999755e-01 3.796704e-03 -5.889173e-03 -1.291498e+00 -3.808364e-03 9.999908e-01 -1.969914e-03 1.396096e+00 5.881640e-03 1.992293e-03 9.999807e-01 1.365696e+02
9.999772e-01 2.722363e-03 -6.181775e-03 -1.302235e+00 -2.729589e-03 9.999956e-01 -1.160838e-03 1.403564e+00 6.178588e-03 1.177685e-03 9.999802e-01 1.374727e+02
9.999766e-01 2.450326e-03 -6.389915e-03 -1.310712e+00 -2.462858e-03 9.999951e-01 -1.954103e-03 1.411077e+00 6.385095e-03 1.969795e-03 9.999777e-01 1.383843e+02
9.999707e-01 3.753218e-03 -6.665571e-03 -1.325406e+00 -3.767036e-03 9.999908e-01 -2.061601e-03 1.414926e+00 6.657772e-03 2.086650e-03 9.999757e-01 1.393011e+02
9.999704e-01 3.106732e-03 -7.036671e-03 -1.337552e+00 -3.125513e-03 9.999916e-01 -2.659679e-03 1.417383e+00 7.028348e-03 2.681593e-03 9.999717e-01 1.402255e+02
9.999692e-01 3.135522e-03 -7.198748e-03 -1.350582e+00 -3.148431e-03 9.999935e-01 -1.782567e-03 1.423854e+00 7.193111e-03 1.805177e-03 9.999725e-01 1.411564e+02
9.999618e-01 4.705755e-03 -7.372081e-03 -1.365840e+00 -4.698148e-03 9.999884e-01 1.048866e-03 1.431737e+00 7.376931e-03 -1.014190e-03 9.999723e-01 1.420927e+02
9.999576e-01 5.530186e-03 -7.360734e-03 -1.376352e+00 -5.501241e-03 9.999771e-01 3.946863e-03 1.442260e+00 7.382393e-03 -3.906202e-03 9.999651e-01 1.430373e+02
9.999519e-01 6.441084e-03 -7.396617e-03 -1.379663e+00 -6.377088e-03 9.999423e-01 8.643347e-03 1.451636e+00 7.451863e-03 -8.595762e-03 9.999353e-01 1.439874e+02
9.999191e-01 1.038287e-02 -7.341324e-03 -1.387942e+00 -1.030556e-02 9.998918e-01 1.049211e-02 1.450636e+00 7.449468e-03 -1.041561e-02 9.999180e-01 1.449420e+02
9.998699e-01 1.420583e-02 -7.636445e-03 -1.396440e+00 -1.412280e-02 9.998417e-01 1.081802e-02 1.449177e+00 7.788916e-03 -1.070877e-02 9.999123e-01 1.459009e+02
9.998518e-01 1.530082e-02 -7.896152e-03 -1.402022e+00 -1.523582e-02 9.998501e-01 8.227825e-03 1.438982e+00 8.020861e-03 -8.106301e-03 9.999350e-01 1.468633e+02
9.997757e-01 1.974420e-02 -7.661298e-03 -1.416645e+00 -1.968984e-02 9.997809e-01 7.106868e-03 1.432766e+00 7.799938e-03 -6.954424e-03 9.999454e-01 1.478257e+02
9.996753e-01 2.432513e-02 -7.582983e-03 -1.424135e+00 -2.427557e-02 9.996838e-01 6.561771e-03 1.437133e+00 7.740201e-03 -6.375559e-03 9.999497e-01 1.487953e+02
9.996677e-01 2.470893e-02 -7.344375e-03 -1.426126e+00 -2.467993e-02 9.996873e-01 4.013842e-03 1.439022e+00 7.441257e-03 -3.831250e-03 9.999650e-01 1.497701e+02
9.996439e-01 2.582316e-02 -6.732837e-03 -1.429441e+00 -2.582210e-02 9.996665e-01 2.433646e-04 1.435458e+00 6.736877e-03 -6.942196e-05 9.999773e-01 1.507497e+02
9.996260e-01 2.670268e-02 -5.901931e-03 -1.434173e+00 -2.671931e-02 9.996392e-01 -2.756169e-03 1.439699e+00 5.826204e-03 2.912834e-03 9.999788e-01 1.517335e+02
9.996679e-01 2.522415e-02 -5.266689e-03 -1.442731e+00 -2.525084e-02 9.996683e-01 -5.063344e-03 1.446934e+00 5.137224e-03 5.194651e-03 9.999733e-01 1.527189e+02
9.997088e-01 2.361437e-02 -4.963627e-03 -1.455030e+00 -2.364407e-02 9.997024e-01 -6.010632e-03 1.454100e+00 4.820213e-03 6.126242e-03 9.999696e-01 1.537069e+02
9.997838e-01 2.029061e-02 -4.554518e-03 -1.465338e+00 -2.031843e-02 9.997747e-01 -6.148176e-03 1.467708e+00 4.428741e-03 6.239387e-03 9.999707e-01 1.547016e+02
9.998625e-01 1.600445e-02 -4.339588e-03 -1.472736e+00 -1.603886e-02 9.998392e-01 -8.014652e-03 1.480871e+00 4.210621e-03 8.083152e-03 9.999585e-01 1.557051e+02
9.999062e-01 1.317158e-02 -3.763049e-03 -1.482410e+00 -1.321521e-02 9.998429e-01 -1.181565e-02 1.487376e+00 3.606827e-03 1.186427e-02 9.999231e-01 1.567176e+02
9.999301e-01 1.119512e-02 -3.804793e-03 -1.486920e+00 -1.123826e-02 9.998706e-01 -1.151196e-02 1.504678e+00 3.675423e-03 1.155391e-02 9.999265e-01 1.577374e+02
9.999716e-01 6.689648e-03 -3.479659e-03 -1.483743e+00 -6.727729e-03 9.999163e-01 -1.104985e-02 1.527067e+00 3.405448e-03 1.107294e-02 9.999329e-01 1.587650e+02
9.999885e-01 3.679263e-03 -3.078469e-03 -1.482300e+00 -3.711510e-03 9.999376e-01 -1.053564e-02 1.549267e+00 3.039514e-03 1.054695e-02 9.999398e-01 1.598007e+02
9.999905e-01 3.238930e-03 -2.902624e-03 -1.484321e+00 -3.262407e-03 9.999617e-01 -8.120389e-03 1.569244e+00 2.876212e-03 8.129782e-03 9.999628e-01 1.608417e+02
9.999908e-01 3.343505e-03 -2.696876e-03 -1.486134e+00 -3.355784e-03 9.999840e-01 -4.561521e-03 1.591913e+00 2.681581e-03 4.570529e-03 9.999860e-01 1.618884e+02
9.999949e-01 1.707005e-03 -2.697427e-03 -1.493009e+00 -1.709779e-03 9.999980e-01 -1.026443e-03 1.611897e+00 2.695670e-03 1.031049e-03 9.999958e-01 1.629387e+02
9.999971e-01 1.039798e-03 -2.181964e-03 -1.504737e+00 -1.040006e-03 9.999995e-01 -9.413808e-05 1.618994e+00 2.181865e-03 9.640706e-05 9.999976e-01 1.639917e+02
9.999958e-01 2.533012e-03 -1.400756e-03 -1.519661e+00 -2.533683e-03 9.999967e-01 -4.772339e-04 1.626397e+00 1.399543e-03 4.807810e-04 9.999989e-01 1.650492e+02
9.999978e-01 1.640367e-03 -1.287103e-03 -1.529959e+00 -1.641053e-03 9.999985e-01 -5.317573e-04 1.632691e+00 1.286229e-03 5.338683e-04 9.999990e-01 1.661093e+02
9.999991e-01 1.026878e-03 -8.693049e-04 -1.539084e+00 -1.027942e-03 9.999987e-01 -1.223876e-03 1.636083e+00 8.680470e-04 1.224768e-03 9.999989e-01 1.671731e+02
9.999962e-01 2.643817e-03 -7.702183e-04 -1.544423e+00 -2.643156e-03 9.999961e-01 8.588948e-04 1.650097e+00 7.724861e-04 -8.568557e-04 9.999993e-01 1.682429e+02
9.999935e-01 3.595747e-03 -3.155411e-04 -1.546153e+00 -3.595514e-03 9.999933e-01 7.380697e-04 1.659393e+00 3.181929e-04 -7.369303e-04 9.999997e-01 1.693202e+02
9.999924e-01 3.886374e-03 -3.607465e-04 -1.546140e+00 -3.886048e-03 9.999920e-01 9.002955e-04 1.670310e+00 3.642425e-04 -8.988868e-04 9.999995e-01 1.703996e+02
9.999837e-01 5.699595e-03 1.941839e-04 -1.548948e+00 -5.699677e-03 9.999837e-01 4.242945e-04 1.676545e+00 -1.917624e-04 -4.253944e-04 9.999999e-01 1.714811e+02
9.999714e-01 7.560708e-03 1.172448e-04 -1.551111e+00 -7.560801e-03 9.999711e-01 8.205004e-04 1.687906e+00 -1.110379e-04 -8.213634e-04 9.999997e-01 1.725637e+02
9.999676e-01 8.053867e-03 1.604339e-04 -1.556239e+00 -8.053809e-03 9.999675e-01 -3.621886e-04 1.691492e+00 -1.633457e-04 3.608848e-04 9.999999e-01 1.736485e+02
9.999745e-01 7.134122e-03 2.532998e-04 -1.559585e+00 -7.133818e-03 9.999739e-01 -1.183265e-03 1.693434e+00 -2.617347e-04 1.181428e-03 9.999993e-01 1.747381e+02
9.999652e-01 8.334731e-03 4.342118e-04 -1.565175e+00 -8.334921e-03 9.999652e-01 4.365336e-04 1.699269e+00 -4.305583e-04 -4.401375e-04 9.999998e-01 1.758280e+02
9.999495e-01 1.004047e-02 4.367591e-04 -1.572383e+00 -1.004088e-02 9.999491e-01 9.575581e-04 1.706034e+00 -4.271226e-04 -9.618952e-04 9.999994e-01 1.769208e+02
9.999636e-01 8.525939e-03 9.382038e-05 -1.574602e+00 -8.525901e-03 9.999636e-01 -4.023057e-04 1.708744e+00 -9.724699e-05 4.014912e-04 9.999999e-01 1.780163e+02
9.999571e-01 9.255380e-03 4.351160e-04 -1.582690e+00 -9.254226e-03 9.999538e-01 -2.581927e-03 1.708497e+00 -4.589926e-04 2.577790e-03 9.999966e-01 1.791101e+02
9.999530e-01 9.692084e-03 2.405063e-04 -1.598003e+00 -9.691284e-03 9.999481e-01 -3.131014e-03 1.712166e+00 -2.708399e-04 3.128536e-03 9.999951e-01 1.802033e+02
9.999575e-01 9.213666e-03 3.818572e-04 -1.612138e+00 -9.212746e-03 9.999548e-01 -2.343559e-03 1.716159e+00 -4.034328e-04 2.339942e-03 9.999972e-01 1.812984e+02
9.999530e-01 9.690592e-03 2.221777e-04 -1.627232e+00 -9.689821e-03 9.999478e-01 -3.242739e-03 1.719771e+00 -2.535901e-04 3.240434e-03 9.999947e-01 1.823976e+02
9.999640e-01 8.480869e-03 3.056933e-04 -1.639375e+00 -8.479417e-03 9.999540e-01 -4.471871e-03 1.724160e+00 -3.436046e-04 4.469118e-03 9.999900e-01 1.835007e+02
9.999571e-01 9.246385e-03 4.972525e-04 -1.645950e+00 -9.243538e-03 9.999424e-01 -5.452048e-03 1.727829e+00 -5.476356e-04 5.447218e-03 9.999850e-01 1.846037e+02
9.999634e-01 8.539661e-03 4.916914e-04 -1.649539e+00 -8.537646e-03 9.999557e-01 -3.963873e-03 1.737672e+00 -5.255198e-04 3.959530e-03 9.999920e-01 1.857043e+02
9.999686e-01 7.917076e-03 2.760629e-04 -1.651549e+00 -7.916230e-03 9.999643e-01 -2.941664e-03 1.745107e+00 -2.993424e-04 2.939387e-03 9.999956e-01 1.868083e+02
9.999699e-01 7.716711e-03 8.300104e-04 -1.656765e+00 -7.713775e-03 9.999642e-01 -3.484472e-03 1.748117e+00 -8.568694e-04 3.477964e-03 9.999936e-01 1.879163e+02
9.999767e-01 6.770150e-03 8.243556e-04 -1.658966e+00 -6.768281e-03 9.999746e-01 -2.249216e-03 1.754645e+00 -8.395622e-04 2.243584e-03 9.999971e-01 1.890265e+02
9.999733e-01 7.200015e-03 1.247844e-03 -1.667468e+00 -7.197329e-03 9.999718e-01 -2.143897e-03 1.763061e+00 -1.263245e-03 2.134859e-03 9.999969e-01 1.901454e+02
9.999872e-01 4.902868e-03 1.288731e-03 -1.673697e+00 -4.900180e-03 9.999858e-01 -2.080648e-03 1.766141e+00 -1.298914e-03 2.074306e-03 9.999970e-01 1.912624e+02
9.999948e-01 2.745119e-03 1.678745e-03 -1.680352e+00 -2.740989e-03 9.999932e-01 -2.457169e-03 1.768007e+00 -1.685479e-03 2.452555e-03 9.999956e-01 1.923807e+02
9.999937e-01 2.913449e-03 2.024013e-03 -1.689656e+00 -2.911392e-03 9.999952e-01 -1.018534e-03 1.773609e+00 -2.026971e-03 1.012635e-03 9.999974e-01 1.934983e+02
9.999961e-01 1.785437e-03 2.136707e-03 -1.696317e+00 -1.783109e-03 9.999978e-01 -1.090688e-03 1.775555e+00 -2.138650e-03 1.086874e-03 9.999971e-01 1.946171e+02
9.999968e-01 9.498330e-04 2.332054e-03 -1.700641e+00 -9.468515e-04 9.999987e-01 -1.279255e-03 1.782871e+00 -2.333266e-03 1.277043e-03 9.999965e-01 1.957366e+02
9.999955e-01 1.547989e-03 2.569310e-03 -1.704200e+00 -1.548685e-03 9.999988e-01 2.690125e-04 1.788161e+00 -2.568890e-03 -2.729903e-04 9.999967e-01 1.968436e+02
9.999941e-01 1.799928e-03 2.924843e-03 -1.708816e+00 -1.796342e-03 9.999976e-01 -1.227948e-03 1.791956e+00 -2.927047e-03 1.222687e-03 9.999950e-01 1.979511e+02
9.999956e-01 3.173568e-04 2.934215e-03 -1.709194e+00 -3.093915e-04 9.999963e-01 -2.714671e-03 1.796445e+00 -2.935065e-03 2.713752e-03 9.999920e-01 1.990569e+02
9.999903e-01 2.464114e-03 3.658219e-03 -1.714852e+00 -2.453619e-03 9.999929e-01 -2.870622e-03 1.801154e+00 -3.665267e-03 2.861618e-03 9.999892e-01 2.001616e+02
9.999931e-01 1.620681e-03 3.355892e-03 -1.716348e+00 -1.618245e-03 9.999984e-01 -7.287295e-04 1.812990e+00 -3.357068e-03 7.232938e-04 9.999941e-01 2.012682e+02
9.999932e-01 8.305049e-04 3.604248e-03 -1.714946e+00 -8.288247e-04 9.999995e-01 -4.676389e-04 1.824627e+00 -3.604635e-03 4.646485e-04 9.999934e-01 2.023722e+02
9.999925e-01 1.187924e-03 3.690947e-03 -1.714251e+00 -1.183852e-03 9.999987e-01 -1.105188e-03 1.829654e+00 -3.692255e-03 1.100810e-03 9.999926e-01 2.034743e+02
9.999854e-01 3.613609e-03 4.006089e-03 -1.716359e+00 -3.614936e-03 9.999934e-01 3.239480e-04 1.838602e+00 -4.004892e-03 -3.384250e-04 9.999919e-01 2.045724e+02
9.999882e-01 2.825870e-03 3.961672e-03 -1.715627e+00 -2.831104e-03 9.999951e-01 1.316217e-03 1.849447e+00 -3.957934e-03 -1.327417e-03 9.999913e-01 2.056691e+02
9.999872e-01 2.731254e-03 4.266976e-03 -1.717380e+00 -2.734816e-03 9.999959e-01 8.291784e-04 1.850529e+00 -4.264694e-03 -8.408372e-04 9.999906e-01 2.067666e+02
9.999717e-01 6.048834e-03 4.476198e-03 -1.714145e+00 -6.052878e-03 9.999813e-01 8.905337e-04 1.847871e+00 -4.470727e-03 -9.176024e-04 9.999896e-01 2.078595e+02
9.999760e-01 5.567146e-03 4.121689e-03 -1.704999e+00 -5.557136e-03 9.999816e-01 -2.436122e-03 1.844135e+00 -4.135175e-03 2.413159e-03 9.999885e-01 2.089530e+02
9.999743e-01 5.675734e-03 4.386546e-03 -1.697139e+00 -5.648982e-03 9.999655e-01 -6.087017e-03 1.837766e+00 -4.420943e-03 6.062081e-03 9.999719e-01 2.100447e+02
9.999612e-01 7.477166e-03 4.666580e-03 -1.693953e+00 -7.451077e-03 9.999567e-01 -5.583290e-03 1.840693e+00 -4.708125e-03 5.548302e-03 9.999735e-01 2.111330e+02
9.999506e-01 8.865190e-03 4.501085e-03 -1.693716e+00 -8.857803e-03 9.999594e-01 -1.658360e-03 1.859006e+00 -4.515604e-03 1.618409e-03 9.999885e-01 2.122184e+02
