1.000000e+00 0.000000e+00 0.000000e+00 0.000000e+00 2.168404e-19 1.000000e+00 4.336809e-19 0.000000e+00 -5.551115e-17 0.000000e+00 1.000000e+00 0.000000e+00
9.999999e-01 4.208351e-04 1.051139e-04 2.535746e-03 -4.208231e-04 9.999999e-01 -1.144634e-04 1.018204e-04 -1.051620e-04 1.144191e-04 1.000000e+00 2.463949e-01
1.000000e+00 1.444004e-04 4.574639e-05 4.751630e-03 -1.443999e-04 1.000000e+00 -1.125750e-05 1.921642e-04 -4.574802e-05 1.125090e-05 1.000000e+00 4.932986e-01
1.000000e+00 7.789430e-05 1.624282e-04 7.087692e-03 -7.789378e-05 1.000000e+00 -3.194226e-06 2.888201e-04 -1.624285e-04 3.181574e-06 1.000000e+00 7.407795e-01
1.000000e+00 1.145077e-06 2.415666e-04 9.929674e-03 -1.104065e-06 1.000000e+00 -1.697774e-04 1.174300e-04 -2.415668e-04 1.697771e-04 1.000000e+00 1.050725e+00
9.999999e-01 -1.222617e-04 4.734320e-04 1.218750e-02 1.224561e-04 9.999999e-01 -4.106724e-04 -3.328251e-04 -4.733818e-04 4.107304e-04 9.999998e-01 1.299274e+00
9.999998e-01 -3.020254e-05 6.214982e-04 1.455266e-02 3.067438e-05 9.999997e-01 -7.592047e-04 -8.513070e-04 -6.214751e-04 7.592236e-04 9.999995e-01 1.548245e+00
9.999997e-01 5.138979e-05 7.888818e-04 1.682670e-02 -5.058632e-05 9.999995e-01 -1.018483e-03 -1.296626e-03 -7.889338e-04 1.018442e-03 9.999992e-01 1.797757e+00
9.999996e-01 3.301177e-05 8.640152e-04 1.905218e-02 -3.186709e-05 9.999991e-01 -1.324809e-03 -1.655612e-03 -8.640582e-04 1.324781e-03 9.999987e-01 2.047799e+00
9.999995e-01 -1.953761e-05 1.042445e-03 2.123566e-02 2.105575e-05 9.999989e-01 -1.456335e-03 -1.918599e-03 -1.042415e-03 1.456356e-03 9.999984e-01 2.298506e+00
9.999994e-01 3.082437e-04 1.039807e-03 2.410304e-02 -3.063869e-04 9.999984e-01 -1.785438e-03 -2.431320e-03 -1.040355e-03 1.785118e-03 9.999979e-01 2.612413e+00
9.999990e-01 6.173876e-04 1.232880e-03 2.657958e-02 -6.149967e-04 9.999979e-01 -1.938726e-03 -2.522611e-03 -1.234074e-03 1.937966e-03 9.999974e-01 2.864308e+00
9.999986e-01 9.018347e-04 1.419941e-03 2.912794e-02 -8.988075e-04 9.999973e-01 -2.131092e-03 -2.495001e-03 -1.421859e-03 2.129813e-03 9.999967e-01 3.116681e+00
9.999983e-01 1.099518e-03 1.508109e-03 3.164895e-02 -1.096355e-03 9.999972e-01 -2.096668e-03 -2.205149e-03 -1.510410e-03 2.095011e-03 9.999967e-01 3.369655e+00
9.999979e-01 1.172211e-03 1.682628e-03 3.405314e-02 -1.168589e-03 9.999970e-01 -2.151784e-03 -2.179735e-03 -1.685145e-03 2.149813e-03 9.999963e-01 3.623101e+00
9.999979e-01 1.091029e-03 1.734370e-03 3.640441e-02 -1.087392e-03 9.999972e-01 -2.096167e-03 -1.780478e-03 -1.736653e-03 2.094276e-03 9.999963e-01 3.877084e+00
9.999978e-01 7.907319e-04 1.961519e-03 3.905833e-02 -7.869814e-04 9.999979e-01 -1.912074e-03 -1.091060e-03 -1.963027e-03 1.910526e-03 9.999962e-01 4.195449e+00
9.999977e-01 8.150449e-04 1.975602e-03 4.057750e-02 -8.112572e-04 9.999978e-01 -1.917279e-03 -5.849814e-04 -1.977161e-03 1.915672e-03 9.999962e-01 4.386767e+00
9.999977e-01 5.035674e-04 2.104310e-03 4.331963e-02 -5.005568e-04 9.999989e-01 -1.430973e-03 8.111549e-04 -2.105028e-03 1.429917e-03 9.999968e-01 4.770607e+00
9.999977e-01 5.909366e-04 2.071593e-03 4.759230e-02 -5.884954e-04 9.999991e-01 -1.178838e-03 7.270509e-04 -2.072288e-03 1.177617e-03 9.999972e-01 5.156869e+00
9.999975e-01 6.239044e-04 2.149609e-03 5.129086e-02 -6.214038e-04 9.999991e-01 -1.163739e-03 4.935183e-04 -2.150333e-03 1.162400e-03 9.999970e-01 5.479595e+00
9.999973e-01 7.557590e-04 2.213159e-03 5.592143e-02 -7.523197e-04 9.999985e-01 -1.554477e-03 -5.642006e-04 -2.214330e-03 1.552807e-03 9.999963e-01 5.867595e+00
9.999966e-01 9.831886e-04 2.408734e-03 6.004643e-02 -9.787819e-04 9.999978e-01 -1.829971e-03 -1.593479e-03 -2.410528e-03 1.827607e-03 9.999954e-01 6.191958e+00
9.999963e-01 1.094154e-03 2.482120e-03 6.247920e-02 -1.089223e-03 9.999974e-01 -1.986940e-03 -2.088372e-03 -2.484288e-03 1.984229e-03 9.999949e-01 6.386979e+00
9.999963e-01 1.044556e-03 2.520191e-03 6.637013e-02 -1.039472e-03 9.999974e-01 -2.017798e-03 -2.689108e-03 -2.522292e-03 2.015171e-03 9.999948e-01 6.712807e+00
9.999964e-01 7.889059e-04 2.563482e-03 6.842495e-02 -7.834895e-04 9.999975e-01 -2.113224e-03 -3.145332e-03 -2.565142e-03 2.111208e-03 9.999945e-01 6.974030e+00
9.999966e-01 7.753766e-04 2.497820e-03 7.019769e-02 -7.699667e-04 9.999974e-01 -2.166066e-03 -3.410210e-03 -2.499492e-03 2.164135e-03 9.999945e-01 7.301322e+00
9.999961e-01 9.577349e-04 2.626226e-03 7.129138e-02 -9.517333e-04 9.999969e-01 -2.285558e-03 -3.585347e-03 -2.628407e-03 2.283050e-03 9.999939e-01 7.498156e+00
9.999962e-01 1.285678e-03 2.445202e-03 7.282209e-02 -1.280123e-03 9.999966e-01 -2.272222e-03 -3.979257e-03 -2.448115e-03 2.269084e-03 9.999944e-01 7.761009e+00
9.999960e-01 1.325863e-03 2.480869e-03 7.441730e-02 -1.320578e-03 9.999969e-01 -2.130551e-03 -4.128732e-03 -2.483686e-03 2.127266e-03 9.999947e-01 8.024509e+00
9.999963e-01 1.129232e-03 2.479719e-03 7.596442e-02 -1.124803e-03 9.999978e-01 -1.786646e-03 -3.789203e-03 -2.481731e-03 1.783851e-03 9.999953e-01 8.288669e+00
9.999964e-01 5.705107e-04 2.623334e-03 7.789735e-02 -5.675508e-04 9.999992e-01 -1.128882e-03 -2.489974e-03 -2.623976e-03 1.127389e-03 9.999959e-01 8.619668e+00
9.999963e-01 -1.025982e-04 2.701488e-03 7.934318e-02 1.029218e-04 1.000000e+00 -1.196579e-04 -7.680173e-04 -2.701476e-03 1.199355e-04 9.999963e-01 8.885334e+00
9.999958e-01 -4.927063e-04 2.866783e-03 8.038297e-02 4.912329e-04 9.999997e-01 5.146297e-04 2.624026e-04 -2.867036e-03 -5.132192e-04 9.999958e-01 9.084946e+00
9.999955e-01 -1.059360e-03 2.816049e-03 8.152510e-02 1.056112e-03 9.999988e-01 1.154733e-03 1.220901e-03 -2.817269e-03 -1.151753e-03 9.999954e-01 9.351351e+00
9.999947e-01 -1.610014e-03 2.825632e-03 8.284883e-02 1.605348e-03 9.999973e-01 1.652575e-03 1.742034e-03 -2.828285e-03 -1.648030e-03 9.999946e-01 9.685010e+00
9.999948e-01 -1.838158e-03 2.664079e-03 8.396301e-02 1.832835e-03 9.999963e-01 1.999286e-03 2.034001e-03 -2.667744e-03 -1.994393e-03 9.999945e-01 9.952375e+00
9.999946e-01 -1.916707e-03 2.683420e-03 8.519819e-02 1.910909e-03 9.999958e-01 2.161569e-03 2.090556e-03 -2.687552e-03 -2.156430e-03 9.999941e-01 1.022030e+01
9.999951e-01 -1.802734e-03 2.577966e-03 8.668598e-02 1.796839e-03 9.999958e-01 2.286946e-03 1.795471e-03 -2.582077e-03 -2.282303e-03 9.999941e-01 1.048862e+01
9.999954e-01 -1.614500e-03 2.585504e-03 8.839753e-02 1.608810e-03 9.999963e-01 2.201055e-03 1.061918e-03 -2.589048e-03 -2.196885e-03 9.999942e-01 1.075743e+01
9.999954e-01 -1.534201e-03 2.626999e-03 9.015479e-02 1.529205e-03 9.999970e-01 1.902768e-03 2.199290e-05 -2.629911e-03 -1.898742e-03 9.999947e-01 1.102664e+01
9.999949e-01 -1.767803e-03 2.664502e-03 9.222189e-02 1.763856e-03 9.999973e-01 1.482959e-03 -1.669671e-03 -2.667116e-03 -1.478251e-03 9.999954e-01 1.136391e+01
9.999943e-01 -2.294716e-03 2.468458e-03 9.352570e-02 2.291655e-03 9.999966e-01 1.242302e-03 -3.290497e-03 -2.471300e-03 -1.236638e-03 9.999962e-01 1.163427e+01
9.999932e-01 -2.729681e-03 2.462772e-03 9.468639e-02 2.727818e-03 9.999960e-01 7.597122e-04 -5.086374e-03 -2.464836e-03 -7.529890e-04 9.999967e-01 1.190509e+01
9.999928e-01 -3.003971e-03 2.312106e-03 9.583986e-02 3.003182e-03 9.999954e-01 3.447129e-04 -6.851580e-03 -2.313131e-03 -3.377668e-04 9.999973e-01 1.217632e+01
9.999915e-01 -3.483635e-03 2.221412e-03 9.687287e-02 3.483118e-03 9.999939e-01 2.367626e-04 -8.235561e-03 -2.222224e-03 -2.290231e-04 9.999975e-01 1.244812e+01
9.999901e-01 -3.910062e-03 2.123949e-03 9.848386e-02 3.909322e-03 9.999923e-01 3.523127e-04 -9.070808e-03 -2.125310e-03 -3.440061e-04 9.999977e-01 1.278843e+01
9.999888e-01 -4.176420e-03 2.223011e-03 1.000157e-01 4.174747e-03 9.999910e-01 7.566839e-04 -9.086629e-03 -2.226151e-03 -7.473949e-04 9.999972e-01 1.306133e+01
9.999874e-01 -4.517279e-03 2.209852e-03 1.029134e-01 4.514611e-03 9.999891e-01 1.211208e-03 -9.317999e-03 -2.215299e-03 -1.201216e-03 9.999968e-01 1.333439e+01
9.999859e-01 -4.782889e-03 2.318996e-03 1.059986e-01 4.778853e-03 9.999871e-01 1.742580e-03 -9.275801e-03 -2.327300e-03 -1.731473e-03 9.999958e-01 1.360779e+01
9.999848e-01 -4.997557e-03 2.335983e-03 1.098708e-01 4.992259e-03 9.999850e-01 2.267979e-03 -9.209295e-03 -2.347282e-03 -2.256282e-03 9.999947e-01 1.394982e+01
9.999834e-01 -5.239151e-03 2.416621e-03 1.137606e-01 5.232260e-03 9.999823e-01 2.849213e-03 -9.147017e-03 -2.431505e-03 -2.836521e-03 9.999930e-01 1.429226e+01
9.999828e-01 -5.346744e-03 2.396078e-03 1.168542e-01 5.339345e-03 9.999810e-01 3.083680e-03 -9.377673e-03 -2.412520e-03 -3.070834e-03 9.999924e-01 1.456634e+01
9.999822e-01 -5.495989e-03 2.332936e-03 1.191359e-01 5.488318e-03 9.999796e-01 3.281586e-03 -9.563209e-03 -2.350924e-03 -3.268724e-03 9.999919e-01 1.477202e+01
9.999795e-01 -5.889485e-03 2.493883e-03 1.238109e-01 5.880192e-03 9.999758e-01 3.717408e-03 -1.028593e-02 -2.515716e-03 -3.702668e-03 9.999900e-01 1.518379e+01
9.999785e-01 -6.107255e-03 2.402289e-03 1.246913e-01 6.098696e-03 9.999751e-01 3.554188e-03 -1.135485e-02 -2.423936e-03 -3.539460e-03 9.999908e-01 1.552821e+01
9.999791e-01 -5.929942e-03 2.563703e-03 1.261274e-01 5.921400e-03 9.999769e-01 3.326673e-03 -1.260018e-02 -2.583371e-03 -3.311423e-03 9.999912e-01 1.580381e+01
9.999800e-01 -5.796584e-03 2.534691e-03 1.277477e-01 5.789617e-03 9.999795e-01 2.747167e-03 -1.478255e-02 -2.550563e-03 -2.732437e-03 9.999930e-01 1.614829e+01
9.999810e-01 -5.607008e-03 2.558316e-03 1.293764e-01 5.601540e-03 9.999820e-01 2.139527e-03 -1.711305e-02 -2.570266e-03 -2.125156e-03 9.999944e-01 1.649308e+01
9.999836e-01 -5.075517e-03 2.649677e-03 1.308755e-01 5.071607e-03 9.999860e-01 1.480239e-03 -1.884209e-02 -2.657153e-03 -1.466776e-03 9.999954e-01 1.676904e+01
9.999861e-01 -4.567663e-03 2.637125e-03 1.328435e-01 4.565343e-03 9.999892e-01 8.852607e-04 -2.069218e-02 -2.641140e-03 -8.732090e-04 9.999961e-01 1.711432e+01
9.999861e-01 -4.493743e-03 2.740564e-03 1.344034e-01 4.492423e-03 9.999898e-01 4.877988e-04 -2.207814e-02 -2.742728e-03 -4.754803e-04 9.999961e-01 1.739084e+01
9.999861e-01 -4.475845e-03 2.772501e-03 1.355653e-01 4.475384e-03 9.999900e-01 1.725967e-04 -2.310745e-02 -2.773246e-03 -1.601863e-04 9.999961e-01 1.759831e+01
9.999854e-01 -4.575537e-03 2.883143e-03 1.374477e-01 4.576022e-03 9.999895e-01 -1.618531e-04 -2.450945e-02 -2.882372e-03 1.750440e-04 9.999958e-01 1.794452e+01
9.999840e-01 -4.781185e-03 3.015374e-03 1.391222e-01 4.782203e-03 9.999885e-01 -3.308087e-04 -2.535870e-02 -3.013758e-03 3.452235e-04 9.999954e-01 1.829111e+01
9.999844e-01 -4.699338e-03 3.022875e-03 1.402166e-01 4.699701e-03 9.999889e-01 -1.130175e-04 -2.519646e-02 -3.022310e-03 1.272223e-04 9.999954e-01 1.849937e+01
9.999831e-01 -4.848592e-03 3.195856e-03 1.417429e-01 4.846508e-03 9.999880e-01 6.592943e-04 -2.486741e-02 -3.199014e-03 -6.437945e-04 9.999947e-01 1.884695e+01
9.999843e-01 -4.641504e-03 3.136730e-03 1.434500e-01 4.636746e-03 9.999881e-01 1.522386e-03 -2.399299e-02 -3.143759e-03 -1.507818e-03 9.999939e-01 1.919487e+01
9.999847e-01 -4.489844e-03 3.229024e-03 1.453840e-01 4.480886e-03 9.999861e-01 2.776222e-03 -2.254226e-02 -3.241444e-03 -2.761711e-03 9.999909e-01 1.954329e+01
9.999843e-01 -4.472242e-03 3.381689e-03 1.474477e-01 4.458643e-03 9.999820e-01 4.018180e-03 -2.084122e-02 -3.399598e-03 -4.003040e-03 9.999862e-01 1.989201e+01
9.999826e-01 -4.725810e-03 3.527589e-03 1.494755e-01 4.706829e-03 9.999745e-01 5.369747e-03 -1.928597e-02 -3.552876e-03 -5.353050e-03 9.999794e-01 2.024098e+01
9.999828e-01 -4.591390e-03 3.661958e-03 1.512057e-01 4.568935e-03 9.999709e-01 6.117049e-03 -1.832161e-02 -3.689937e-03 -6.100212e-03 9.999746e-01 2.052030e+01
9.999822e-01 -4.613725e-03 3.783552e-03 1.530609e-01 4.587528e-03 9.999656e-01 6.903464e-03 -1.790964e-02 -3.815272e-03 -6.885984e-03 9.999690e-01 2.086959e+01
9.999830e-01 -4.440754e-03 3.772592e-03 1.547874e-01 4.413431e-03 9.999642e-01 7.220392e-03 -1.854593e-02 -3.804520e-03 -7.203619e-03 9.999668e-01 2.121881e+01
9.999843e-01 -3.886374e-03 4.043150e-03 1.567008e-01 3.858454e-03 9.999688e-01 6.890395e-03 -2.058552e-02 -4.069803e-03 -6.874686e-03 9.999681e-01 2.156813e+01
9.999860e-01 -3.593344e-03 3.895762e-03 1.580179e-01 3.568274e-03 9.999730e-01 6.423239e-03 -2.259085e-02 -3.918738e-03 -6.409248e-03 9.999718e-01 2.177735e+01
9.999860e-01 -3.170930e-03 4.227750e-03 1.626282e-01 3.149238e-03 9.999819e-01 5.127750e-03 -2.750732e-02 -4.243933e-03 -5.114365e-03 9.999779e-01 2.219566e+01
9.999875e-01 -2.668535e-03 4.229632e-03 1.664382e-01 2.652571e-03 9.999894e-01 3.775388e-03 -3.226916e-02 -4.239662e-03 -3.764121e-03 9.999839e-01 2.254421e+01
9.999874e-01 -2.418443e-03 4.396503e-03 1.693595e-01 2.406870e-03 9.999936e-01 2.635482e-03 -3.608919e-02 -4.402849e-03 -2.624867e-03 9.999869e-01 2.282325e+01
9.999873e-01 -2.035419e-03 4.602647e-03 1.730151e-01 2.029937e-03 9.999972e-01 1.195555e-03 -4.043042e-02 -4.605068e-03 -1.186197e-03 9.999887e-01 2.317238e+01
9.999873e-01 -1.928545e-03 4.650800e-03 1.756855e-01 1.927183e-03 9.999981e-01 2.974680e-04 -4.350385e-02 -4.651365e-03 -2.885013e-04 9.999891e-01 2.345197e+01
9.999871e-01 -1.709854e-03 4.779735e-03 1.790794e-01 1.712110e-03 9.999984e-01 -4.680794e-04 -4.650426e-02 -4.778928e-03 4.762568e-04 9.999885e-01 2.380194e+01
9.999867e-01 -1.647202e-03 4.878143e-03 1.817218e-01 1.651410e-03 9.999983e-01 -8.587569e-04 -4.809918e-02 -4.876720e-03 8.668014e-04 9.999877e-01 2.408228e+01
9.999864e-01 -1.460023e-03 5.004259e-03 1.836495e-01 1.464003e-03 9.999986e-01 -7.916973e-04 -4.837425e-02 -5.003097e-03 7.990128e-04 9.999872e-01 2.443409e+01
9.999850e-01 -1.816603e-03 5.167042e-03 1.841060e-01 1.818788e-03 9.999983e-01 -4.182861e-04 -4.780143e-02 -5.166274e-03 4.276775e-04 9.999866e-01 2.464575e+01
9.999844e-01 -1.759611e-03 5.306240e-03 1.851801e-01 1.758683e-03 9.999984e-01 1.794211e-04 -4.634853e-02 -5.306548e-03 -1.700863e-04 9.999859e-01 2.499878e+01
9.999844e-01 -1.780571e-03 5.292034e-03 1.857518e-01 1.776474e-03 9.999981e-01 7.788067e-04 -4.523770e-02 -5.293411e-03 -7.693934e-04 9.999857e-01 2.521074e+01
9.999838e-01 -1.610438e-03 5.461215e-03 1.869987e-01 1.600608e-03 9.999971e-01 1.803900e-03 -4.254873e-02 -5.464104e-03 -1.795129e-03 9.999835e-01 2.563504e+01
9.999847e-01 -1.334976e-03 5.375156e-03 1.876760e-01 1.323134e-03 9.999967e-01 2.205998e-03 -4.122139e-02 -5.378084e-03 -2.198852e-03 9.999831e-01 2.584721e+01
9.999847e-01 -1.099490e-03 5.415364e-03 1.884191e-01 1.085058e-03 9.999959e-01 2.667247e-03 -3.974005e-02 -5.418274e-03 -2.661330e-03 9.999818e-01 2.613019e+01
9.999852e-01 -6.482038e-04 5.394026e-03 1.893010e-01 6.332163e-04 9.999959e-01 2.779782e-03 -3.873369e-02 -5.395806e-03 -2.776326e-03 9.999816e-01 2.641313e+01
9.999854e-01 -6.275504e-04 5.372747e-03 1.899839e-01 6.127527e-04 9.999960e-01 2.755408e-03 -3.835874e-02 -5.374455e-03 -2.752076e-03 9.999818e-01 2.669615e+01
9.999851e-01 -3.556612e-04 5.444861e-03 1.909259e-01 3.431641e-04 9.999973e-01 2.295971e-03 -3.885344e-02 -5.445663e-03 -2.294068e-03 9.999825e-01 2.704989e+01
9.999856e-01 -1.863834e-04 5.364519e-03 1.918020e-01 1.787681e-04 9.999990e-01 1.420027e-03 -4.048696e-02 -5.364779e-03 -1.419048e-03 9.999846e-01 2.740359e+01
9.999860e-01 -1.791566e-05 5.284862e-03 1.925826e-01 1.540283e-05 9.999999e-01 4.755183e-04 -4.258241e-02 -5.284870e-03 -4.754303e-04 9.999859e-01 2.775748e+01
9.999856e-01 1.269426e-04 5.357802e-03 1.932072e-01 -1.247053e-04 9.999999e-01 -4.179167e-04 -4.435800e-02 -5.357854e-03 4.172425e-04 9.999856e-01 2.804075e+01
9.999857e-01 2.602923e-04 5.340480e-03 1.939358e-01 -2.532464e-04 9.999991e-01 -1.319956e-03 -4.636969e-02 -5.340819e-03 1.318584e-03 9.999849e-01 2.839516e+01
9.999857e-01 5.932233e-04 5.324251e-03 1.947553e-01 -5.829187e-04 9.999980e-01 -1.936747e-03 -4.757624e-02 -5.325389e-03 1.933615e-03 9.999840e-01 2.867887e+01
9.999856e-01 8.709174e-04 5.303027e-03 1.955803e-01 -8.596735e-04 9.999974e-01 -2.122187e-03 -4.784470e-02 -5.304861e-03 2.117597e-03 9.999837e-01 2.896294e+01
9.999849e-01 9.972947e-04 5.410274e-03 1.964205e-01 -9.866447e-04 9.999976e-01 -1.970781e-03 -4.746256e-02 -5.412227e-03 1.965413e-03 9.999834e-01 2.924741e+01
9.999853e-01 1.046585e-03 5.310935e-03 1.971722e-01 -1.037387e-03 9.999980e-01 -1.734417e-03 -4.658130e-02 -5.312740e-03 1.728882e-03 9.999844e-01 2.953197e+01
9.999850e-01 9.694590e-04 5.397963e-03 1.981783e-01 -9.642426e-04 9.999991e-01 -9.688668e-04 -4.457728e-02 -5.398897e-03 9.636473e-04 9.999850e-01 2.988820e+01
9.999854e-01 9.107827e-04 5.334251e-03 1.989895e-01 -9.102340e-04 9.999996e-01 -1.053075e-04 -4.230821e-02 -5.334345e-03 1.004506e-04 9.999858e-01 3.017342e+01
9.999851e-01 9.630677e-04 5.375315e-03 2.000388e-01 -9.684931e-04 9.999990e-01 1.006809e-03 -3.920379e-02 -5.374341e-03 -1.012000e-03 9.999850e-01 3.053032e+01
9.999854e-01 8.960858e-04 5.322434e-03 2.023418e-01 -9.058784e-04 9.999979e-01 1.837751e-03 -3.752187e-02 -5.320776e-03 -1.842546e-03 9.999841e-01 3.081500e+01
9.999856e-01 8.907791e-04 5.300127e-03 2.040148e-01 -9.030628e-04 9.999969e-01 2.315667e-03 -3.651656e-02 -5.298048e-03 -2.320420e-03 9.999833e-01 3.102858e+01
9.999860e-01 8.969852e-04 5.221443e-03 2.068709e-01 -9.131249e-04 9.999948e-01 3.089478e-03 -3.524223e-02 -5.218645e-03 -3.094203e-03 9.999816e-01 3.138462e+01
9.999861e-01 8.380610e-04 5.205118e-03 2.091066e-01 -8.558310e-04 9.999938e-01 3.412659e-03 -3.489059e-02 -5.202226e-03 -3.417066e-03 9.999806e-01 3.166949e+01
9.999864e-01 7.727061e-04 5.154062e-03 2.113624e-01 -7.901451e-04 9.999940e-01 3.382363e-03 -3.528392e-02 -5.151417e-03 -3.386389e-03 9.999810e-01 3.195429e+01
9.999862e-01 6.999261e-04 5.205778e-03 2.136407e-01 -7.163232e-04 9.999948e-01 3.148574e-03 -3.614493e-02 -5.203547e-03 -3.152259e-03 9.999815e-01 3.223915e+01
9.999866e-01 5.634313e-04 5.153490e-03 2.158261e-01 -5.775023e-04 9.999961e-01 2.729315e-03 -3.745969e-02 -5.151933e-03 -2.732254e-03 9.999830e-01 3.252400e+01
9.999865e-01 5.061694e-04 5.179553e-03 2.185928e-01 -5.160172e-04 9.999981e-01 1.900126e-03 -3.967001e-02 -5.178581e-03 -1.902773e-03 9.999848e-01 3.288019e+01
9.999872e-01 2.427629e-04 5.057464e-03 2.212074e-01 -2.490274e-04 9.999992e-01 1.238071e-03 -4.225245e-02 -5.057159e-03 -1.239314e-03 9.999864e-01 3.323658e+01
9.999872e-01 6.666592e-04 5.016220e-03 2.210384e-01 -6.686243e-04 9.999997e-01 3.900775e-04 -4.422433e-02 -5.015959e-03 -3.934265e-04 9.999873e-01 3.352405e+01
9.999872e-01 1.025550e-03 4.961066e-03 2.214938e-01 -1.024428e-03 9.999994e-01 -2.287534e-04 -4.591907e-02 -4.961298e-03 2.236682e-04 9.999877e-01 3.381131e+01
9.999869e-01 1.087424e-03 5.002304e-03 2.219995e-01 -1.083920e-03 9.999992e-01 -7.030621e-04 -4.736609e-02 -5.003064e-03 6.976308e-04 9.999872e-01 3.409880e+01
9.999878e-01 1.142744e-03 4.803634e-03 2.225682e-01 -1.138216e-03 9.999989e-01 -9.452726e-04 -4.825774e-02 -4.804709e-03 9.397935e-04 9.999880e-01 3.438650e+01
9.999868e-01 1.065695e-03 5.030547e-03 2.232842e-01 -1.061643e-03 9.999991e-01 -8.079694e-04 -4.854998e-02 -5.031403e-03 8.026180e-04 9.999870e-01 3.467462e+01
9.999874e-01 1.062140e-03 4.914091e-03 2.239659e-01 -1.059957e-03 9.999993e-01 -4.467354e-04 -4.813349e-02 -4.914562e-03 4.415210e-04 9.999878e-01 3.503499e+01
9.999873e-01 1.100317e-03 4.910093e-03 2.245881e-01 -1.100621e-03 9.999994e-01 5.910143e-05 -4.714620e-02 -4.910025e-03 -6.450483e-05 9.999879e-01 3.532364e+01
9.999875e-01 1.206661e-03 4.848560e-03 2.251060e-01 -1.209457e-03 9.999991e-01 5.737537e-04 -4.588419e-02 -4.847863e-03 -5.796107e-04 9.999881e-01 3.561244e+01
9.999883e-01 1.186944e-03 4.699040e-03 2.256630e-01 -1.193595e-03 9.999983e-01 1.412801e-03 -4.407461e-02 -4.697355e-03 -1.418393e-03 9.999880e-01 3.597371e+01
9.999880e-01 1.353739e-03 4.704845e-03 2.265326e-01 -1.363514e-03 9.999969e-01 2.075209e-03 -4.244006e-02 -4.702021e-03 -2.081599e-03 9.999868e-01 3.633518e+01
9.999881e-01 1.143177e-03 4.735373e-03 2.274252e-01 -1.155991e-03 9.999957e-01 2.704175e-03 -4.132128e-02 -4.732261e-03 -2.709617e-03 9.999851e-01 3.669679e+01
9.999879e-01 1.463700e-03 4.694736e-03 2.286030e-01 -1.478367e-03 9.999940e-01 3.122153e-03 -4.052637e-02 -4.690138e-03 -3.129056e-03 9.999841e-01 3.705848e+01
9.999876e-01 1.376236e-03 4.779918e-03 2.294888e-01 -1.392166e-03 9.999935e-01 3.331012e-03 -4.043615e-02 -4.775303e-03 -3.337625e-03 9.999830e-01 3.742024e+01
9.999880e-01 1.345325e-03 4.708237e-03 2.300660e-01 -1.361391e-03 9.999933e-01 3.410898e-03 -4.072615e-02 -4.703616e-03 -3.417267e-03 9.999831e-01 3.770949e+01
9.999875e-01 1.560318e-03 4.758911e-03 2.309105e-01 -1.576287e-03 9.999931e-01 3.353607e-03 -4.144714e-02 -4.753646e-03 -3.361066e-03 9.999831e-01 3.807098e+01
9.999879e-01 1.518384e-03 4.686621e-03 2.315781e-01 -1.534653e-03 9.999928e-01 3.469708e-03 -4.198107e-02 -4.681319e-03 -3.476858e-03 9.999830e-01 3.836000e+01
9.999875e-01 1.492729e-03 4.765112e-03 2.323114e-01 -1.509975e-03 9.999923e-01 3.617666e-03 -4.247302e-02 -4.759675e-03 -3.624816e-03 9.999821e-01 3.864894e+01
9.999876e-01 1.457623e-03 4.756716e-03 2.330173e-01 -1.475045e-03 9.999922e-01 3.661264e-03 -4.304275e-02 -4.751343e-03 -3.668235e-03 9.999820e-01 3.893752e+01
9.999876e-01 1.268189e-03 4.823510e-03 2.338704e-01 -1.286532e-03 9.999919e-01 3.801692e-03 -4.362778e-02 -4.818650e-03 -3.807851e-03 9.999811e-01 3.929789e+01
9.999874e-01 1.290664e-03 4.842575e-03 2.343860e-01 -1.309036e-03 9.999920e-01 3.792598e-03 -4.384353e-02 -4.837641e-03 -3.798890e-03 9.999811e-01 3.951392e+01
9.999873e-01 1.060786e-03 4.919677e-03 2.370130e-01 -1.079959e-03 9.999918e-01 3.896201e-03 -4.438352e-02 -4.915504e-03 -3.901465e-03 9.999803e-01 3.987175e+01
9.999876e-01 9.377337e-04 4.891534e-03 2.385577e-01 -9.567320e-04 9.999920e-01 3.883027e-03 -4.469773e-02 -4.887854e-03 -3.887659e-03 9.999805e-01 4.008612e+01
9.999877e-01 7.008779e-04 4.900219e-03 2.409504e-01 -7.194365e-04 9.999926e-01 3.786558e-03 -4.538597e-02 -4.897529e-03 -3.790037e-03 9.999808e-01 4.044314e+01
9.999883e-01 3.762255e-04 4.819618e-03 2.428345e-01 -3.941937e-04 9.999930e-01 3.727737e-03 -4.592036e-02 -4.818182e-03 -3.729593e-03 9.999814e-01 4.072840e+01
9.999880e-01 8.639985e-05 4.893426e-03 2.447071e-01 -1.038230e-04 9.999937e-01 3.560376e-03 -4.654777e-02 -4.893088e-03 -3.560841e-03 9.999817e-01 4.101352e+01
9.999879e-01 -2.675962e-04 4.904347e-03 2.470306e-01 2.512775e-04 9.999944e-01 3.327707e-03 -4.766073e-02 -4.905210e-03 -3.326435e-03 9.999824e-01 4.136951e+01
9.999875e-01 -5.272827e-04 4.971237e-03 2.489431e-01 5.115369e-04 9.999949e-01 3.168129e-03 -4.848748e-02 -4.972882e-03 -3.165547e-03 9.999826e-01 4.165408e+01
9.999873e-01 -9.970696e-04 4.931414e-03 2.511580e-01 9.817877e-04 9.999947e-01 3.100332e-03 -4.913455e-02 -4.934479e-03 -3.095451e-03 9.999830e-01 4.200953e+01
9.999863e-01 -1.378857e-03 5.042802e-03 2.525964e-01 1.362991e-03 9.999941e-01 3.148205e-03 -4.933001e-02 -5.047114e-03 -3.141289e-03 9.999823e-01 4.222271e+01
9.999864e-01 -1.633813e-03 4.962010e-03 2.526116e-01 1.617208e-03 9.999931e-01 3.348615e-03 -4.885826e-02 -4.967446e-03 -3.340544e-03 9.999821e-01 4.250845e+01
9.999863e-01 -1.767404e-03 4.918752e-03 2.528266e-01 1.750215e-03 9.999924e-01 3.496681e-03 -4.822195e-02 -4.924894e-03 -3.488024e-03 9.999818e-01 4.279395e+01
9.999861e-01 -1.859749e-03 4.924703e-03 2.530677e-01 1.841812e-03 9.999917e-01 3.644435e-03 -4.754242e-02 -4.931439e-03 -3.635314e-03 9.999812e-01 4.307914e+01
9.999857e-01 -2.062297e-03 4.928819e-03 2.534508e-01 2.044236e-03 9.999912e-01 3.666518e-03 -4.690190e-02 -4.936337e-03 -3.656390e-03 9.999811e-01 4.343520e+01
9.999847e-01 -2.402086e-03 4.988045e-03 2.536940e-01 2.384125e-03 9.999907e-01 3.603635e-03 -4.661363e-02 -4.996655e-03 -3.591687e-03 9.999811e-01 4.371966e+01
9.999846e-01 -2.530797e-03 4.939473e-03 2.541076e-01 2.513343e-03 9.999906e-01 3.536525e-03 -4.637079e-02 -4.948377e-03 -3.524056e-03 9.999815e-01 4.400380e+01
9.999833e-01 -2.827404e-03 5.042070e-03 2.543889e-01 2.810307e-03 9.999903e-01 3.394673e-03 -4.635306e-02 -5.051619e-03 -3.380447e-03 9.999815e-01 4.428765e+01
9.999827e-01 -3.088992e-03 5.006908e-03 2.547898e-01 3.074017e-03 9.999908e-01 2.995718e-03 -4.675039e-02 -5.016116e-03 -2.980275e-03 9.999830e-01 4.471276e+01
9.999827e-01 -3.034665e-03 5.030917e-03 2.551288e-01 3.021410e-03 9.999920e-01 2.640157e-03 -4.715357e-02 -5.038888e-03 -2.624911e-03 9.999839e-01 4.499587e+01
9.999834e-01 -3.117681e-03 4.852678e-03 2.552690e-01 3.105492e-03 9.999920e-01 2.517273e-03 -4.748429e-02 -4.860487e-03 -2.502161e-03 9.999851e-01 4.520800e+01
9.999837e-01 -2.880401e-03 4.930911e-03 2.558345e-01 2.868508e-03 9.999930e-01 2.417369e-03 -4.761284e-02 -4.937840e-03 -2.403185e-03 9.999849e-01 4.549071e+01
9.999844e-01 -2.666147e-03 4.900589e-03 2.563763e-01 2.654175e-03 9.999935e-01 2.447803e-03 -4.747376e-02 -4.907084e-03 -2.434758e-03 9.999850e-01 4.577323e+01
9.999852e-01 -2.291564e-03 4.943655e-03 2.572335e-01 2.278726e-03 9.999940e-01 2.600796e-03 -4.711077e-02 -4.949585e-03 -2.589492e-03 9.999844e-01 4.605558e+01
9.999860e-01 -2.175136e-03 4.826474e-03 2.579615e-01 2.160982e-03 9.999934e-01 2.935949e-03 -4.645002e-02 -4.832828e-03 -2.925478e-03 9.999840e-01 4.633770e+01
9.999857e-01 -2.024880e-03 4.952767e-03 2.588395e-01 2.008065e-03 9.999922e-01 3.397733e-03 -4.539132e-02 -4.959609e-03 -3.387739e-03 9.999820e-01 4.661977e+01
9.999856e-01 -2.119073e-03 4.940540e-03 2.594797e-01 2.099714e-03 9.999901e-01 3.920349e-03 -4.419778e-02 -4.948799e-03 -3.909918e-03 9.999801e-01 4.690150e+01
9.999843e-01 -2.688316e-03 4.916948e-03 2.602186e-01 2.663289e-03 9.999835e-01 5.089356e-03 -4.207229e-02 -4.930549e-03 -5.076181e-03 9.999750e-01 4.732389e+01
9.999850e-01 -2.588474e-03 4.830176e-03 2.609562e-01 2.560358e-03 9.999798e-01 5.818000e-03 -4.055380e-02 -4.845138e-03 -5.805546e-03 9.999714e-01 4.767526e+01
9.999853e-01 -2.482872e-03 4.828508e-03 2.616116e-01 2.451268e-03 9.999756e-01 6.540257e-03 -3.937839e-02 -4.844629e-03 -6.528325e-03 9.999670e-01 4.795618e+01
9.999867e-01 -1.963764e-03 4.779067e-03 2.626826e-01 1.930293e-03 9.999736e-01 6.998294e-03 -3.848498e-02 -4.792684e-03 -6.988975e-03 9.999641e-01 4.830667e+01
9.999875e-01 -1.793103e-03 4.672379e-03 2.634545e-01 1.759516e-03 9.999727e-01 7.182780e-03 -3.841320e-02 -4.685131e-03 -7.174469e-03 9.999633e-01 4.844637e+01
9.999870e-01 -1.352307e-03 4.925586e-03 2.665959e-01 1.315564e-03 9.999713e-01 7.455344e-03 -3.880190e-02 -4.935527e-03 -7.448767e-03 9.999601e-01 4.879450e+01
9.999872e-01 -1.276421e-03 4.905835e-03 2.683133e-01 1.239871e-03 9.999715e-01 7.446194e-03 -3.927974e-02 -4.915200e-03 -7.440015e-03 9.999602e-01 4.900299e+01
9.999867e-01 -1.226957e-03 5.011815e-03 2.706411e-01 1.189936e-03 9.999720e-01 7.383002e-03 -4.037868e-02 -5.020734e-03 -7.376940e-03 9.999602e-01 4.928086e+01
9.999865e-01 -1.358253e-03 5.015926e-03 2.726690e-01 1.322222e-03 9.999734e-01 7.179680e-03 -4.188464e-02 -5.025545e-03 -7.172951e-03 9.999616e-01 4.955832e+01
9.999864e-01 -1.354424e-03 5.037765e-03 2.746814e-01 1.320120e-03 9.999760e-01 6.806480e-03 -4.362616e-02 -5.046863e-03 -6.799737e-03 9.999641e-01 4.983549e+01
9.999860e-01 -1.263775e-03 5.133232e-03 2.766473e-01 1.230430e-03 9.999782e-01 6.494000e-03 -4.548767e-02 -5.141327e-03 -6.487593e-03 9.999657e-01 5.011245e+01
9.999865e-01 -1.075877e-03 5.077126e-03 2.786623e-01 1.044372e-03 9.999802e-01 6.203913e-03 -4.742142e-02 -5.083700e-03 -6.198527e-03 9.999679e-01 5.038913e+01
9.999863e-01 -6.949185e-04 5.185896e-03 2.813475e-01 6.648161e-04 9.999829e-01 5.804136e-03 -4.982322e-02 -5.189841e-03 -5.800608e-03 9.999697e-01 5.073471e+01
9.999864e-01 -4.320253e-04 5.200931e-03 2.835517e-01 4.034085e-04 9.999848e-01 5.502040e-03 -5.154887e-02 -5.203229e-03 -5.499867e-03 9.999713e-01 5.101085e+01
9.999855e-01 -2.432913e-04 5.372729e-03 2.839817e-01 2.139958e-04 9.999851e-01 5.452521e-03 -5.230744e-02 -5.373975e-03 -5.451292e-03 9.999707e-01 5.128887e+01
9.999854e-01 -2.980536e-04 5.391322e-03 2.842554e-01 2.692250e-04 9.999857e-01 5.347165e-03 -5.296471e-02 -5.392838e-03 -5.345636e-03 9.999712e-01 5.156651e+01
9.999855e-01 -4.630621e-04 5.359904e-03 2.844148e-01 4.349241e-04 9.999861e-01 5.249697e-03 -5.346105e-02 -5.362261e-03 -5.247290e-03 9.999719e-01 5.184385e+01
9.999849e-01 -8.045733e-04 5.440229e-03 2.844020e-01 7.756877e-04 9.999856e-01 5.309657e-03 -5.370121e-02 -5.444422e-03 -5.305357e-03 9.999711e-01 5.212111e+01
9.999852e-01 -8.992354e-04 5.371753e-03 2.842655e-01 8.717324e-04 9.999865e-01 5.120070e-03 -5.406138e-02 -5.376285e-03 -5.115311e-03 9.999725e-01 5.239792e+01
9.999848e-01 -1.178250e-03 5.383142e-03 2.839062e-01 1.151243e-03 9.999868e-01 5.017378e-03 -5.426122e-02 -5.388982e-03 -5.011104e-03 9.999729e-01 5.274375e+01
9.999844e-01 -1.346653e-03 5.413877e-03 2.836886e-01 1.320271e-03 9.999873e-01 4.873769e-03 -5.453435e-02 -5.420371e-03 -4.866546e-03 9.999735e-01 5.302008e+01
9.999845e-01 -1.415840e-03 5.378322e-03 2.835667e-01 1.390499e-03 9.999879e-01 4.712596e-03 -5.476936e-02 -5.384929e-03 -4.705045e-03 9.999744e-01 5.329608e+01
9.999839e-01 -1.373701e-03 5.501378e-03 2.836138e-01 1.348107e-03 9.999883e-01 4.653299e-03 -5.488511e-02 -5.507706e-03 -4.645808e-03 9.999740e-01 5.357196e+01
9.999836e-01 -1.573562e-03 5.513501e-03 2.836081e-01 1.548596e-03 9.999885e-01 4.529456e-03 -5.512783e-02 -5.520565e-03 -4.520844e-03 9.999745e-01 5.384749e+01
9.999828e-01 -1.651251e-03 5.629187e-03 2.835996e-01 1.627602e-03 9.999898e-01 4.203160e-03 -5.570579e-02 -5.636071e-03 -4.193925e-03 9.999753e-01 5.419153e+01
9.999826e-01 -1.715438e-03 5.640566e-03 2.835177e-01 1.692840e-03 9.999905e-01 4.008675e-03 -5.609371e-02 -5.647389e-03 -3.999057e-03 9.999761e-01 5.446647e+01
9.999825e-01 -1.792008e-03 5.637465e-03 2.834238e-01 1.770169e-03 9.999909e-01 3.876448e-03 -5.626308e-02 -5.644360e-03 -3.866401e-03 9.999766e-01 5.474120e+01
9.999823e-01 -1.722882e-03 5.689442e-03 2.833975e-01 1.702371e-03 9.999920e-01 3.607964e-03 -5.642270e-02 -5.695613e-03 -3.598215e-03 9.999773e-01 5.501560e+01
9.999824e-01 -1.843180e-03 5.635251e-03 2.832002e-01 1.824412e-03 9.999928e-01 3.333774e-03 -5.663983e-02 -5.641355e-03 -3.323435e-03 9.999786e-01 5.528965e+01
9.999808e-01 -1.988221e-03 5.876171e-03 2.831491e-01 1.971723e-03 9.999941e-01 2.812101e-03 -5.697328e-02 -5.881727e-03 -2.800461e-03 9.999788e-01 5.563183e+01
9.999811e-01 -2.012895e-03 5.812751e-03 2.829838e-01 1.999411e-03 9.999953e-01 2.324622e-03 -5.714833e-02 -5.817402e-03 -2.312956e-03 9.999804e-01 5.590511e+01
9.999800e-01 -2.081278e-03 5.971633e-03 2.828988e-01 2.070805e-03 9.999963e-01 1.759367e-03 -5.726730e-02 -5.975273e-03 -1.746965e-03 9.999806e-01 5.617817e+01
9.999793e-01 -2.337258e-03 5.990762e-03 2.826141e-01 2.330222e-03 9.999966e-01 1.181089e-03 -5.735999e-02 -5.993502e-03 -1.167105e-03 9.999814e-01 5.645083e+01
9.999785e-01 -2.491577e-03 6.066418e-03 2.823273e-01 2.487744e-03 9.999967e-01 6.393133e-04 -5.737545e-02 -6.067991e-03 -6.242078e-04 9.999814e-01 5.672333e+01
9.999781e-01 -2.592162e-03 6.085698e-03 2.819744e-01 2.591511e-03 9.999966e-01 1.148087e-04 -5.735943e-02 -6.085975e-03 -9.903507e-05 9.999815e-01 5.699555e+01
9.999780e-01 -2.358066e-03 6.198174e-03 2.832634e-01 2.360853e-03 9.999971e-01 -4.424665e-04 -5.774573e-02 -6.197113e-03 4.570897e-04 9.999807e-01 5.726601e+01
9.999779e-01 -2.189332e-03 6.270914e-03 2.848791e-01 2.194785e-03 9.999972e-01 -8.628147e-04 -5.802239e-02 -6.269008e-03 8.765590e-04 9.999800e-01 5.760379e+01
9.999777e-01 -1.930698e-03 6.398256e-03 2.867107e-01 1.937396e-03 9.999976e-01 -1.040780e-03 -5.781799e-02 -6.396231e-03 1.053153e-03 9.999790e-01 5.794131e+01
9.999772e-01 -1.747654e-03 6.518926e-03 2.882160e-01 1.753185e-03 9.999981e-01 -8.428361e-04 -5.702038e-02 -6.517441e-03 8.542458e-04 9.999784e-01 5.821121e+01
9.999766e-01 -1.895982e-03 6.574888e-03 2.891677e-01 1.899221e-03 9.999981e-01 -4.864871e-04 -5.617747e-02 -6.573953e-03 4.989629e-04 9.999783e-01 5.841358e+01
9.999754e-01 -2.208650e-03 6.655536e-03 2.903552e-01 2.208105e-03 9.999976e-01 8.913454e-05 -5.455693e-02 -6.655717e-03 -7.443623e-05 9.999778e-01 5.868320e+01
9.999740e-01 -2.679115e-03 6.690189e-03 2.912953e-01 2.672047e-03 9.999959e-01 1.065171e-03 -5.228698e-02 -6.693015e-03 -1.047267e-03 9.999771e-01 5.895277e+01
9.999726e-01 -3.168294e-03 6.692525e-03 2.915357e-01 3.151631e-03 9.999919e-01 2.498931e-03 -4.883602e-02 -6.700388e-03 -2.477770e-03 9.999745e-01 5.929044e+01
9.999725e-01 -3.369145e-03 6.600632e-03 2.909533e-01 3.343981e-03 9.999871e-01 3.819690e-03 -4.585374e-02 -6.613416e-03 -3.797513e-03 9.999709e-01 5.956127e+01
9.999719e-01 -3.448211e-03 6.653864e-03 2.905540e-01 3.414839e-03 9.999816e-01 5.020405e-03 -4.310891e-02 -6.671052e-03 -4.997543e-03 9.999653e-01 5.983190e+01
9.999723e-01 -3.499935e-03 6.575332e-03 2.901981e-01 3.460138e-03 9.999757e-01 6.054114e-03 -4.077131e-02 -6.596361e-03 -6.031194e-03 9.999601e-01 6.010207e+01
9.999719e-01 -3.389458e-03 6.685321e-03 2.900979e-01 3.342687e-03 9.999699e-01 6.994803e-03 -3.876914e-02 -6.708829e-03 -6.972260e-03 9.999532e-01 6.037203e+01
9.999711e-01 -3.305742e-03 6.848781e-03 2.901440e-01 3.253153e-03 9.999653e-01 7.675654e-03 -3.732785e-02 -6.873917e-03 -7.653152e-03 9.999471e-01 6.064153e+01
9.999718e-01 -3.191381e-03 6.791606e-03 2.901457e-01 3.136345e-03 9.999623e-01 8.098942e-03 -3.661386e-02 -6.817196e-03 -8.077413e-03 9.999441e-01 6.091064e+01
9.999687e-01 -3.629126e-03 7.032375e-03 2.898638e-01 3.569642e-03 9.999579e-01 8.452784e-03 -3.662628e-02 -7.062755e-03 -8.427416e-03 9.999395e-01 6.124672e+01
9.999691e-01 -3.690821e-03 6.934042e-03 2.895360e-01 3.632631e-03 9.999582e-01 8.385831e-03 -3.748634e-02 -6.964703e-03 -8.360384e-03 9.999408e-01 6.151502e+01
9.999683e-01 -3.651894e-03 7.068987e-03 2.892511e-01 3.593022e-03 9.999589e-01 8.323024e-03 -3.879457e-02 -7.099091e-03 -8.297361e-03 9.999404e-01 6.178319e+01
9.999698e-01 -3.460402e-03 6.956107e-03 2.888735e-01 3.404261e-03 9.999617e-01 8.066516e-03 -4.057863e-02 -6.983754e-03 -8.042592e-03 9.999433e-01 6.205096e+01
9.999694e-01 -3.273191e-03 7.105346e-03 2.886377e-01 3.218765e-03 9.999655e-01 7.657844e-03 -4.310132e-02 -7.130166e-03 -7.634740e-03 9.999454e-01 6.238533e+01
9.999694e-01 -3.169270e-03 7.147158e-03 2.883355e-01 3.117152e-03 9.999686e-01 7.291526e-03 -4.508085e-02 -7.170042e-03 -7.269024e-03 9.999479e-01 6.265254e+01
9.999693e-01 -2.839917e-03 7.297564e-03 2.883711e-01 2.789206e-03 9.999720e-01 6.949862e-03 -4.688677e-02 -7.317097e-03 -6.929295e-03 9.999492e-01 6.291958e+01
9.999692e-01 -2.581212e-03 7.406742e-03 2.882657e-01 2.530392e-03 9.999733e-01 6.862459e-03 -4.831596e-02 -7.424257e-03 -6.843506e-03 9.999490e-01 6.318653e+01
9.999690e-01 -2.381049e-03 7.505425e-03 2.881544e-01 2.330084e-03 9.999742e-01 6.791849e-03 -4.946631e-02 -7.521403e-03 -6.774150e-03 9.999488e-01 6.345324e+01
9.999691e-01 -2.292590e-03 7.523857e-03 2.877978e-01 2.240307e-03 9.999733e-01 6.949997e-03 -5.007989e-02 -7.539590e-03 -6.932926e-03 9.999475e-01 6.371981e+01
9.999679e-01 -2.499948e-03 7.609008e-03 2.872612e-01 2.446717e-03 9.999725e-01 6.996985e-03 -5.082309e-02 -7.626292e-03 -6.978143e-03 9.999466e-01 6.398614e+01
9.999691e-01 -2.410920e-03 7.476872e-03 2.866825e-01 2.360174e-03 9.999742e-01 6.788375e-03 -5.185854e-02 -7.493045e-03 -6.770519e-03 9.999490e-01 6.431847e+01
9.999678e-01 -2.254368e-03 7.704782e-03 2.863829e-01 2.202758e-03 9.999751e-01 6.700361e-03 -5.266463e-02 -7.719695e-03 -6.683174e-03 9.999479e-01 6.458427e+01
9.999696e-01 -1.889550e-03 7.567944e-03 2.860397e-01 1.840067e-03 9.999769e-01 6.540257e-03 -5.358144e-02 -7.580127e-03 -6.526133e-03 9.999500e-01 6.484961e+01
9.999690e-01 -1.317353e-03 7.763881e-03 2.859688e-01 1.268499e-03 9.999794e-01 6.294040e-03 -5.454132e-02 -7.772012e-03 -6.283997e-03 9.999501e-01 6.511478e+01
9.999700e-01 -9.853530e-04 7.688932e-03 2.857518e-01 9.382563e-04 9.999808e-01 6.126461e-03 -5.532292e-02 -7.694821e-03 -6.119063e-03 9.999517e-01 6.537966e+01
9.999684e-01 -1.073273e-03 7.881329e-03 2.868132e-01 1.026395e-03 9.999818e-01 5.949615e-03 -5.626637e-02 -7.887571e-03 -5.941337e-03 9.999512e-01 6.570881e+01
9.999683e-01 -1.123860e-03 7.886406e-03 2.873269e-01 1.078269e-03 9.999827e-01 5.782783e-03 -5.701765e-02 -7.892769e-03 -5.774096e-03 9.999522e-01 6.590604e+01
9.999669e-01 -1.177190e-03 8.051183e-03 2.882495e-01 1.133496e-03 9.999846e-01 5.429494e-03 -5.858462e-02 -8.057450e-03 -5.420188e-03 9.999528e-01 6.623444e+01
9.999673e-01 -9.429277e-04 8.035122e-03 2.889023e-01 9.015448e-04 9.999863e-01 5.152323e-03 -5.980815e-02 -8.039871e-03 -5.144910e-03 9.999544e-01 6.649679e+01
9.999661e-01 -7.335160e-04 8.200173e-03 2.896760e-01 6.927089e-04 9.999874e-01 4.978102e-03 -6.063216e-02 -8.203721e-03 -4.972253e-03 9.999540e-01 6.675888e+01
9.999662e-01 -6.608919e-04 8.191568e-03 2.902321e-01 6.203781e-04 9.999876e-01 4.947346e-03 -6.110487e-02 -8.194736e-03 -4.942097e-03 9.999542e-01 6.702065e+01
9.999648e-01 -8.354696e-04 8.342911e-03 2.910004e-01 7.933382e-04 9.999869e-01 5.052000e-03 -6.144582e-02 -8.347023e-03 -5.045204e-03 9.999524e-01 6.734743e+01
9.999644e-01 -5.341160e-04 8.419421e-03 2.909407e-01 4.920711e-04 9.999874e-01 4.995070e-03 -6.141261e-02 -8.421983e-03 -4.990749e-03 9.999521e-01 6.754384e+01
9.999636e-01 -4.308756e-04 8.526261e-03 2.901685e-01 3.846251e-04 9.999852e-01 5.425375e-03 -6.093946e-02 -8.528473e-03 -5.421898e-03 9.999489e-01 6.787138e+01
9.999625e-01 -2.367958e-04 8.660717e-03 2.896726e-01 1.882491e-04 9.999843e-01 5.605779e-03 -6.042144e-02 -8.661908e-03 -5.603939e-03 9.999468e-01 6.813295e+01
9.999623e-01 -3.732331e-04 8.674678e-03 2.888301e-01 3.213400e-04 9.999821e-01 5.982757e-03 -5.986435e-02 -8.676755e-03 -5.979744e-03 9.999445e-01 6.839413e+01
9.999614e-01 -6.918473e-04 8.759857e-03 2.879143e-01 6.358615e-04 9.999794e-01 6.392354e-03 -5.932797e-02 -8.764099e-03 -6.386537e-03 9.999412e-01 6.865499e+01
9.999626e-01 -5.288130e-04 8.636526e-03 2.867715e-01 4.709174e-04 9.999774e-01 6.704230e-03 -5.880789e-02 -8.639876e-03 -6.699912e-03 9.999402e-01 6.898030e+01
9.999617e-01 -3.575964e-04 8.743008e-03 2.858197e-01 2.946857e-04 9.999741e-01 7.195765e-03 -5.840026e-02 -8.745355e-03 -7.192913e-03 9.999359e-01 6.924023e+01
9.999626e-01 -9.212692e-05 8.643050e-03 2.849693e-01 2.684828e-05 9.999715e-01 7.552544e-03 -5.819152e-02 -8.643499e-03 -7.552030e-03 9.999341e-01 6.949966e+01
9.999617e-01 -7.845722e-05 8.752865e-03 2.841540e-01 7.609225e-06 9.999672e-01 8.094003e-03 -5.787450e-02 -8.753213e-03 -8.093626e-03 9.999289e-01 6.975885e+01
9.999611e-01 -2.495058e-04 8.818902e-03 2.833115e-01 1.737913e-04 9.999631e-01 8.585202e-03 -5.758815e-02 -8.820719e-03 -8.583336e-03 9.999243e-01 7.001756e+01
9.999606e-01 -4.602451e-04 8.863736e-03 2.824196e-01 3.794260e-04 9.999584e-01 9.117479e-03 -5.728687e-02 -8.867563e-03 -9.113757e-03 9.999191e-01 7.027592e+01
9.999593e-01 -6.793672e-04 8.997066e-03 2.813867e-01 5.929122e-04 9.999537e-01 9.608424e-03 -5.716728e-02 -9.003176e-03 -9.602698e-03 9.999134e-01 7.053383e+01
9.999594e-01 -9.914210e-04 8.960782e-03 2.799170e-01 9.026246e-04 9.999505e-01 9.908065e-03 -5.741170e-02 -8.970161e-03 -9.899574e-03 9.999108e-01 7.085550e+01
9.999588e-01 -1.039569e-03 9.020033e-03 2.787114e-01 9.487691e-04 9.999489e-01 1.006490e-02 -5.794645e-02 -9.030035e-03 -1.005592e-02 9.999087e-01 7.111237e+01
9.999595e-01 -9.429503e-04 8.946140e-03 2.775349e-01 8.531329e-04 9.999493e-01 1.003830e-02 -5.870674e-02 -8.955152e-03 -1.003026e-02 9.999096e-01 7.136865e+01
9.999583e-01 -7.488819e-04 9.100174e-03 2.765032e-01 6.586302e-04 9.999506e-01 9.916531e-03 -5.961890e-02 -9.107150e-03 -9.910124e-03 9.999094e-01 7.162459e+01
9.999594e-01 -6.731380e-04 8.983818e-03 2.754190e-01 5.859786e-04 9.999528e-01 9.700935e-03 -6.082747e-02 -8.989924e-03 -9.695277e-03 9.999126e-01 7.187992e+01
9.999578e-01 -1.749078e-04 9.186428e-03 2.745269e-01 9.095109e-05 9.999582e-01 9.138839e-03 -6.256893e-02 -9.187643e-03 -9.137618e-03 9.999160e-01 7.219849e+01
9.999566e-01 -1.171635e-06 9.315920e-03 2.738355e-01 -7.974154e-05 9.999623e-01 8.685098e-03 -6.411415e-02 -9.315579e-03 -8.685464e-03 9.999189e-01 7.245282e+01
9.999558e-01 7.092605e-05 9.402467e-03 2.729893e-01 -1.464694e-04 9.999677e-01 8.033974e-03 -6.609352e-02 -9.401593e-03 -8.034996e-03 9.999235e-01 7.270667e+01
