1.000000000 0.000000000 0.000000000 0.000000000 0.000000000 1.000000000 0.000000000 0.000000000 0.000000000 0.000000000 1.000000000 0.000000000
0.999999940 -0.000400374 0.000037877 -0.000641964 0.000400402 0.999999642 -0.000745334 0.000387033 -0.000037579 0.000745349 0.999999702 -0.005474361
0.999999821 -0.000623276 -0.000023084 -0.000267367 0.000623255 0.999999404 -0.000887346 0.000190828 0.000023637 0.000887331 0.999999583 -0.003510464
0.999999940 0.000360922 0.000016908 -0.000072374 -0.000360928 0.999999881 0.000330524 0.000006499 -0.000016789 -0.000330530 0.999999940 -0.000618729
0.999999821 -0.000551292 0.000045969 0.000308751 0.000551319 0.999999702 -0.000582437 -0.000193774 -0.000045648 0.000582462 0.999999821 -0.000015235
0.999999881 0.000406981 0.000237922 -0.000184238 -0.000406237 0.999995053 -0.003120735 0.000011706 -0.000239191 0.003120638 0.999995112 -0.003254893
0.999999940 0.000044402 0.000399703 -0.001384492 -0.000042663 0.999990523 -0.004348550 0.000113098 -0.000399892 0.004348533 0.999990463 -0.010567633
0.999999940 -0.000251959 0.000232414 -0.001472093 0.000252958 0.999990702 -0.004308937 0.000446817 -0.000231326 0.004308995 0.999990702 -0.013914752
0.999999642 -0.000847501 -0.000022783 -0.000445749 0.000847404 0.999991775 -0.003971557 -0.000017963 0.000026149 0.003971537 0.999992132 -0.003303947
0.999999344 -0.001135761 -0.000027066 -0.000292395 0.001135689 0.999996126 -0.002535132 0.000021333 0.000029945 0.002535099 0.999996781 -0.000460165
0.999998569 -0.001664400 0.000190402 0.000389863 0.001664573 0.999998212 -0.000913966 -0.000019621 -0.000188880 0.000914282 0.999999583 0.001516564
0.999998748 -0.001522722 0.000444839 0.000418760 0.001522727 0.999998868 -0.000011632 -0.000034171 -0.000444821 0.000012309 0.999999881 0.003800303
0.999999583 -0.000784178 0.000445851 0.000460117 0.000783666 0.999999046 0.001146642 -0.000122227 -0.000446750 -0.001146292 0.999999225 0.004569799
0.999999523 0.000876723 0.000379701 0.001837873 -0.000877527 0.999997377 0.002122168 -0.000223684 -0.000377840 -0.002122501 0.999997675 0.016039379
0.999995589 0.002926194 -0.000451549 0.017632617 -0.002925597 0.999994874 0.001315979 -0.001731737 0.000455398 -0.001314652 0.999999046 0.130972520
0.999983609 0.005648925 -0.000915340 0.004208921 -0.005658635 0.999923706 -0.010977849 0.006854909 0.000853257 0.010982850 0.999939322 0.192851454
0.999993742 0.000779634 -0.003452968 0.012140789 -0.000852351 0.999776840 -0.021108136 0.008010281 0.003435741 0.021110946 0.999771237 0.282264143
0.999987066 -0.000730344 -0.005027834 0.010285554 0.000650929 0.999875307 -0.015778735 0.009924693 0.005038731 0.015775258 0.999862790 0.386622190
0.999972582 0.000430004 -0.007390250 0.008753534 -0.000539482 0.999890029 -0.014818249 0.005534682 0.007383067 0.014821832 0.999862909 0.536510885
0.999943495 -0.000826619 -0.010594088 0.014083561 0.000664234 0.999882340 -0.015322229 0.000173352 0.010605508 0.015314325 0.999826491 0.737731814
0.999905586 -0.001701073 -0.013636898 0.010558314 0.001490584 0.999879837 -0.015430597 0.002341361 0.013661510 0.015408808 0.999787927 0.892094851
0.999854803 -0.003492782 -0.016678600 0.010295166 0.003237091 0.999877274 -0.015332907 -0.000600144 0.016730106 0.015276687 0.999743283 1.117652774
0.999801874 -0.004936561 -0.019280003 0.031839475 0.004669139 0.999892592 -0.013890928 0.000683254 0.019346509 0.013798155 0.999717534 1.286338568
0.999754846 -0.006927477 -0.021029739 0.052286133 0.006684533 0.999910355 -0.011600800 -0.005474701 0.021108216 0.011457385 0.999711514 1.525600433
0.999743044 -0.006871560 -0.021597141 0.050694630 0.006627010 0.999913275 -0.011374478 -0.011897380 0.021673428 0.011228433 0.999702036 1.684771538
0.999730766 -0.007077727 -0.022094727 0.054165028 0.006807950 0.999901533 -0.012261484 -0.006218469 0.022179335 0.012107762 0.999680698 2.004185677
0.999697804 -0.009752203 -0.022564897 0.059547294 0.009413252 0.999841928 -0.015078987 -0.014765926 0.022708382 0.014862019 0.999631763 2.247844696
0.999703169 -0.009013003 -0.022634411 0.058738738 0.008607958 0.999802172 -0.017929310 -0.015068915 0.022791531 0.017729156 0.999583006 2.542478085
0.999710560 -0.007592036 -0.022829395 0.060440563 0.007225927 0.999844670 -0.016076632 -0.025076205 0.022947904 0.015907016 0.999610066 2.870995045
0.999682367 -0.009611128 -0.023302890 0.075191446 0.009255335 0.999839664 -0.015328324 -0.026697179 0.023446480 0.015107778 0.999610960 3.101241350
0.999689281 -0.009057106 -0.023227083 0.074599832 0.008712012 0.999850810 -0.014915756 -0.030408358 0.023358708 0.014708766 0.999618948 3.443763971
0.999692976 -0.008280489 -0.023352263 0.078343168 0.007916512 0.999846399 -0.015636051 -0.034461178 0.023478154 0.015446383 0.999605000 3.781231642
0.999681592 -0.008922704 -0.023602525 0.084458828 0.008533671 0.999826908 -0.016532399 -0.041305516 0.023745958 0.016325723 0.999584734 4.094700813
0.999663711 -0.009786459 -0.024009606 0.094789460 0.009397138 0.999823391 -0.016274747 -0.045793012 0.024164634 0.016043654 0.999579251 4.395824432
0.999671876 -0.008846533 -0.024039293 0.096368842 0.008478775 0.999846041 -0.015357327 -0.050698332 0.024171451 0.015148465 0.999593019 4.740646839
0.999651551 -0.009513105 -0.024620008 0.106740303 0.009176996 0.999863625 -0.013729073 -0.060730997 0.024747256 0.013498355 0.999602616 5.076468945
0.999646068 -0.009056830 -0.025011182 0.110277072 0.008710204 0.999864995 -0.013933156 -0.067460328 0.025133993 0.013710373 0.999590099 5.398533821
0.999644995 -0.008786062 -0.025152436 0.111507505 0.008424353 0.999860048 -0.014450743 -0.072338730 0.025275886 0.014233720 0.999579191 5.754964352
0.999643505 -0.007734932 -0.025554454 0.111713216 0.007422250 0.999896646 -0.012308226 -0.076887488 0.025647020 0.012114167 0.999597609 6.122298241
0.999650836 -0.005299406 -0.025885988 0.110362336 0.005050897 0.999940574 -0.009656092 -0.081616968 0.025935626 0.009521972 0.999618292 6.482323647
0.999615669 -0.006490322 -0.026953431 0.116875410 0.006259851 0.999943197 -0.008626293 -0.087827191 0.027007887 0.008454257 0.999599457 6.835992336
0.999614656 -0.004940694 -0.027315106 0.121554554 0.004660327 0.999935925 -0.010318307 -0.095048562 0.027364336 0.010187035 0.999573588 7.153098583
0.999596953 -0.004229962 -0.028070878 0.128860101 0.003936294 0.999936998 -0.010508743 -0.103034317 0.028113557 0.010394013 0.999550819 7.481853008
0.999590576 -0.003505689 -0.028397597 0.125292331 0.003214417 0.999941826 -0.010296069 -0.104628421 0.028432040 0.010200575 0.999543607 7.866657257
0.999570608 -0.004194443 -0.028997084 0.126716837 0.003916491 0.999945879 -0.009635702 -0.109853700 0.029035930 0.009517997 0.999533057 8.226921082
0.999548614 -0.005445640 -0.029543972 0.132523686 0.005197458 0.999950588 -0.008470703 -0.117036283 0.029588647 0.008313324 0.999527574 8.578368187
0.999535203 -0.005372592 -0.030008690 0.132390380 0.005163493 0.999961853 -0.007041093 -0.120923251 0.030045377 0.006882871 0.999524832 8.948378563
0.999511123 -0.006503421 -0.030580351 0.134652764 0.006298426 0.999957025 -0.006795091 -0.125966758 0.030623216 0.006599160 0.999509335 9.315307617
0.999482572 -0.006790222 -0.031437956 0.136343986 0.006552394 0.999949157 -0.007661831 -0.128350794 0.031488381 0.007451871 0.999476314 9.685076714
0.999454737 -0.007158975 -0.032237440 0.138050288 0.006859065 0.999932230 -0.009404136 -0.130017400 0.032302592 0.009177888 0.999436021 10.067663193
0.999413848 -0.008246683 -0.033225812 0.142700225 0.007896595 0.999912083 -0.010654121 -0.128684014 0.033310749 0.010385505 0.999391079 10.458589554
0.999368012 -0.008453393 -0.034527402 0.157222450 0.008033946 0.999892473 -0.012268959 -0.118942715 0.034627408 0.011983813 0.999328375 10.882535934
0.999353647 -0.008357817 -0.034963898 0.153630584 0.007903666 0.999882817 -0.013107288 -0.116508447 0.035069350 0.012822475 0.999302626 11.259677887
0.999306083 -0.009996555 -0.035879944 0.161890715 0.009581202 0.999885321 -0.011729514 -0.121148318 0.035993084 0.011377602 0.999287248 11.697898865
0.999274433 -0.009193701 -0.036960822 0.178183496 0.008781408 0.999897599 -0.011301723 -0.110092476 0.037060943 0.010968959 0.999252796 12.178948402
0.999239802 -0.010036338 -0.037670787 0.186068803 0.009605801 0.999886632 -0.011592578 -0.110597327 0.037782867 0.011221906 0.999222934 12.634323120
0.999220967 -0.012144284 -0.037550326 0.181062251 0.011587719 0.999820411 -0.015004075 -0.115457445 0.037725784 0.014557262 0.999182105 13.075617790
0.999256551 -0.011016653 -0.036945835 0.168221951 0.010349611 0.999780774 -0.018197581 -0.125321448 0.037138212 0.017801676 0.999151587 13.481256485
0.999254286 -0.008958795 -0.037556779 0.171282768 0.008303532 0.999811351 -0.017567074 -0.126413539 0.037707057 0.017242122 0.999140084 13.873730659
0.999223113 -0.010498631 -0.037986308 0.175559938 0.009990827 0.999858439 -0.013533256 -0.139783055 0.038123015 0.013143227 0.999186635 14.267500877
0.999244988 -0.010361874 -0.037444979 0.175724447 0.009894426 0.999871075 -0.012647487 -0.148253903 0.037571196 0.012267441 0.999218643 14.657016754
0.999261975 -0.008805753 -0.037389744 0.179627895 0.008322570 0.999880075 -0.013058878 -0.156131804 0.037500247 0.012738060 0.999215424 15.049205780
0.999273241 -0.007307772 -0.037411321 0.171189010 0.006774904 0.999874055 -0.014350533 -0.160777092 0.037511487 0.014086646 0.999196887 15.500835419
0.999259949 -0.007870759 -0.037649978 0.173222482 0.007312441 0.999861538 -0.014944024 -0.166399121 0.037762381 0.014657652 0.999179244 15.911374092
0.999308228 -0.005280304 -0.036812954 0.158427000 0.004667374 0.999849319 -0.016715949 -0.171892926 0.036895677 0.016532559 0.999182343 16.369579315
0.999330461 -0.003570052 -0.036410384 0.149201274 0.002916470 0.999833882 -0.017987775 -0.173904315 0.036468543 0.017869545 0.999175012 16.818819046
0.999334216 -0.004415484 -0.036217101 0.145878732 0.003780745 0.999838352 -0.017575754 -0.178117514 0.036288850 0.017427126 0.999189377 17.250066757
0.999361813 -0.003385246 -0.035560045 0.134263813 0.002770163 0.999845922 -0.017332055 -0.185563684 0.035613246 0.017222485 0.999217153 17.698301315
0.999370873 -0.002532494 -0.035375033 0.136520684 0.001923159 0.999849379 -0.017248416 -0.191937327 0.035413384 0.017169528 0.999225199 18.093694687
0.999366105 -0.003543670 -0.035423432 0.143786132 0.002901990 0.999831080 -0.018149588 -0.206432030 0.035481770 0.018035283 0.999207497 18.455759048
0.999363124 -0.004116040 -0.035444979 0.146127880 0.003475192 0.999829769 -0.018122748 -0.214091316 0.035513535 0.017988028 0.999207258 18.854335785
0.999358118 -0.003083694 -0.035690229 0.159852147 0.002446503 0.999837041 -0.017883275 -0.228821516 0.035739560 0.017784482 0.999202907 19.186794281
0.999333262 -0.003917857 -0.036297571 0.167495847 0.003332208 0.999863505 -0.016181102 -0.240599155 0.036356010 0.016049365 0.999210000 19.554571152
0.999335647 -0.004809996 -0.036127061 0.160636902 0.004287166 0.999885142 -0.014535523 -0.248911232 0.036192827 0.014370983 0.999241471 19.980718613
0.999327838 -0.003461840 -0.036495846 0.154631019 0.002946368 0.999895215 -0.014168457 -0.259176999 0.036541075 0.014051403 0.999233305 20.436925888
0.999283314 -0.007825272 -0.037035592 0.164993823 0.007282295 0.999864340 -0.014773223 -0.267925173 0.037146173 0.014492931 0.999204755 20.775291443
0.999259889 -0.009079663 -0.037382144 0.163669765 0.008567289 0.999867380 -0.013843874 -0.273206383 0.037502892 0.013513362 0.999205172 21.186246872
0.999243319 -0.010165136 -0.037542313 0.161156237 0.009674438 0.999865711 -0.013229182 -0.280848533 0.037671749 0.012855970 0.999207437 21.595808029
0.999220967 -0.010816230 -0.037953485 0.160429120 0.010281231 0.999845386 -0.014263132 -0.290402532 0.038101893 0.013861811 0.999177694 21.990091324
0.999195993 -0.012259628 -0.038170915 0.157973826 0.011699278 0.999821007 -0.014868888 -0.296838433 0.038346369 0.014410364 0.999160588 22.389228821
0.999181747 -0.012855258 -0.038348407 0.156663835 0.012341568 0.999831319 -0.013602119 -0.305204213 0.038516797 0.013117709 0.999171853 22.791833878
0.999175966 -0.012973906 -0.038458273 0.153936863 0.012425180 0.999818087 -0.014472974 -0.313349664 0.038639046 0.013983199 0.999155402 23.185729980
0.999122739 -0.015619393 -0.038855668 0.153269768 0.015023362 0.999765635 -0.015584648 -0.320582002 0.039089978 0.014987232 0.999123275 23.579015732
0.999087811 -0.016848544 -0.039239120 0.152756393 0.016229315 0.999739528 -0.016046435 -0.328936458 0.039499253 0.015394972 0.999100924 23.974252701
0.999107420 -0.015219430 -0.039403919 0.149328172 0.014601385 0.999766707 -0.015925463 -0.336542040 0.039637100 0.015335894 0.999096453 24.366847992
0.999072671 -0.015957907 -0.039989702 0.145927787 0.015323714 0.999752700 -0.016115494 -0.343757033 0.040236983 0.015487759 0.999070108 24.763853073
0.999071300 -0.016066577 -0.039980561 0.142779827 0.015502024 0.999776244 -0.014390883 -0.352238059 0.040202826 0.013757740 0.999096811 25.149318695
0.999083757 -0.014733297 -0.040181033 0.139125466 0.014247780 0.999822438 -0.012342968 -0.358483791 0.040355738 0.011759169 0.999116302 25.547994614
0.999039829 -0.015945120 -0.040807057 0.145150661 0.015375176 0.999780357 -0.014242820 -0.362692147 0.041025199 0.013601731 0.999065518 25.985048294
0.998992622 -0.016449595 -0.041751035 0.151878119 0.015812922 0.999754250 -0.015534041 -0.363851219 0.041996308 0.014858187 0.999007225 26.437742233
0.998974800 -0.014716458 -0.042810805 0.162747025 0.014003061 0.999758780 -0.016916409 -0.358670622 0.043049425 0.016299583 0.998939991 26.896453857
0.998945892 -0.012632351 -0.044130955 0.165907979 0.011841553 0.999765396 -0.018135058 -0.357365668 0.044349700 0.017593365 0.998861134 27.346302032
0.998902142 -0.013115990 -0.044970170 0.175038218 0.012128709 0.999681056 -0.022157133 -0.367251962 0.045246437 0.021587381 0.998742580 27.759519577
0.998897851 -0.010077059 -0.045841966 0.174859881 0.009030510 0.999695122 -0.022979625 -0.377395749 0.046059560 0.022540320 0.998684347 28.214443207
0.998843491 -0.010598870 -0.046897180 0.177793622 0.009636481 0.999739289 -0.020700004 -0.388756514 0.047104355 0.020224141 0.998685181 28.657262802
0.998811662 -0.011194651 -0.047433659 0.176700234 0.010390866 0.999798775 -0.017158290 -0.404993534 0.047616202 0.016645024 0.998727024 29.109426498
0.998805940 -0.010542196 -0.047703095 0.177650452 0.009701644 0.999794185 -0.017817812 -0.418319225 0.047881115 0.017333733 0.998702645 29.556217194
0.998763263 -0.011011143 -0.048483770 0.181755185 0.010051403 0.999749541 -0.019994551 -0.424337536 0.048691783 0.019482493 0.998623848 29.990043640
0.998734295 -0.011479542 -0.048968982 0.185986042 0.010437164 0.999714553 -0.021489343 -0.428391516 0.049201690 0.020951049 0.998569071 30.423612595
0.998706102 -0.010894078 -0.049673811 0.188698649 0.009826613 0.999716580 -0.021683309 -0.434059620 0.049895953 0.021167127 0.998530090 30.857789993
0.998700857 -0.009343664 -0.050093222 0.186790109 0.008284978 0.999738812 -0.021300472 -0.430536091 0.050279163 0.020857783 0.998517394 31.254976273
0.998691142 -0.008521158 -0.050432414 0.182168722 0.007410314 0.999726653 -0.022172555 -0.427731693 0.050607558 0.021769818 0.998481452 31.674819946
0.998694360 -0.007545955 -0.050522380 0.181210160 0.006387466 0.999713778 -0.023052536 -0.432544500 0.050681874 0.022699727 0.998456836 32.062381744
0.998703420 -0.006021920 -0.050548941 0.174423337 0.004873052 0.999727726 -0.022820376 -0.420128137 0.050672609 0.022544459 0.998460829 32.444580078
0.998668730 -0.006896267 -0.051119201 0.174277306 0.005839564 0.999766767 -0.020791909 -0.427865177 0.051250659 0.020465717 0.998476088 32.887344360
0.998637497 -0.008479639 -0.051490512 0.166928530 0.007452179 0.999769926 -0.020113671 -0.437108159 0.051649217 0.019702552 0.998470843 33.341846466
0.998600423 -0.008909781 -0.052133009 0.162568688 0.007738531 0.999714196 -0.022625409 -0.443919927 0.052319691 0.022190312 0.998383820 33.783569336
0.998545349 -0.009988643 -0.052983765 0.161836743 0.008769915 0.999692738 -0.023184745 -0.452413052 0.053199064 0.022686362 0.998326182 34.235530853
0.998524964 -0.010739807 -0.053222056 0.155652523 0.009500334 0.999678969 -0.023487221 -0.462051004 0.053457223 0.022946946 0.998306394 34.683727264
0.998487413 -0.012173631 -0.053615935 0.149936914 0.010951038 0.999674618 -0.023037847 -0.475773454 0.053878944 0.022415854 0.998295844 35.121570587
0.998436928 -0.013539285 -0.054225501 0.148422241 0.012300831 0.999657214 -0.023108024 -0.485663921 0.054519784 0.022404885 0.998261273 35.548416138
0.998391092 -0.013775447 -0.055003826 0.144180179 0.012540350 0.999662757 -0.022737144 -0.496481657 0.055298492 0.022010792 0.998227239 35.996616364
0.998361290 -0.014261300 -0.055419672 0.134199858 0.012916072 0.999614954 -0.024556356 -0.508186519 0.055748548 0.023800308 0.998161137 36.435245514
0.998314679 -0.014704186 -0.056138121 0.131272078 0.013284067 0.999584258 -0.025586771 -0.519530118 0.056491017 0.024797909 0.998095095 36.854274750
0.998258412 -0.016822636 -0.056543674 0.121926308 0.015379198 0.999547005 -0.025866823 -0.527918339 0.056953207 0.024952179 0.998064995 37.298679352
0.998209894 -0.016853180 -0.057381906 0.119491339 0.015427709 0.999563515 -0.025194900 -0.543558478 0.057781477 0.024264529 0.998034298 37.716156006
0.998151541 -0.016919730 -0.058371555 0.115505934 0.015402013 0.999533951 -0.026353681 -0.557929635 0.058790244 0.025405928 0.997947037 38.138557434
0.998071611 -0.019099019 -0.059063930 0.104681253 0.017504089 0.999471128 -0.027404003 -0.570092440 0.059556101 0.026317293 0.997877955 38.578945160
0.998079121 -0.018422866 -0.059148036 0.089421034 0.016815694 0.999478817 -0.027555756 -0.583258033 0.059624866 0.026508212 0.997868836 39.024356842
0.998094499 -0.015816538 -0.059642032 0.080581188 0.014099960 0.999477208 -0.029093221 -0.599498332 0.060071014 0.028196828 0.997795761 39.433776855
0.998079896 -0.015528207 -0.059960518 0.065146923 0.013493748 0.999324262 -0.034187131 -0.612582803 0.060450867 0.033312391 0.997615278 39.867500305
0.998123705 -0.010551516 -0.060313135 0.051550150 0.008230682 0.999220848 -0.038599469 -0.628699183 0.060673431 0.038030628 0.997432888 40.283020020
0.998109698 -0.006804977 -0.061081197 0.046614647 0.004374561 0.999196649 -0.039835799 -0.643623710 0.061303224 0.039493293 0.997337580 40.644416809
0.998103917 -0.002679916 -0.061493255 0.027037859 0.000347489 0.999281108 -0.037909187 -0.659967422 0.061550628 0.037815940 0.997387350 41.081272125
0.998093426 -0.000163922 -0.061720844 0.012989998 -0.001876998 0.999453247 -0.033007517 -0.677722216 0.061692499 0.033060435 0.997547507 41.494949341
0.998069644 0.002072941 -0.062069617 0.000665903 -0.003955075 0.999535561 -0.030215448 -0.692400098 0.061978169 0.030402612 0.997614324 41.892765045
0.998046160 0.002052797 -0.062446609 -0.011711121 -0.003721425 0.999638796 -0.026616311 -0.705849409 0.062369414 0.026796704 0.997693300 42.305461884
0.998020351 0.000457436 -0.062889464 -0.025903702 -0.001980869 0.999705970 -0.024163760 -0.716796517 0.062859930 0.024240499 0.997727931 42.717082977
0.998000920 -0.000166809 -0.063199006 -0.033752680 -0.001017461 0.999824643 -0.018706109 -0.731746435 0.063191041 0.018733015 0.997825623 43.099029541
0.998013139 -0.002584660 -0.062951989 -0.051503658 0.001466078 0.999840319 -0.017808525 -0.742292881 0.062987961 0.017680852 0.997857630 43.499877930
0.997977555 -0.005977985 -0.063285723 -0.063720465 0.004886577 0.999836802 -0.017386490 -0.750943840 0.063379340 0.017042071 0.997843981 43.897026062
0.997940540 -0.009056988 -0.063503563 -0.075234890 0.007933205 0.999807835 -0.017926287 -0.759807408 0.063653737 0.017385583 0.997820616 44.289638519
0.997882426 -0.012284720 -0.063871615 -0.086932182 0.011183348 0.999783039 -0.017572578 -0.769134700 0.064073615 0.016821072 0.997803509 44.687995911
0.997861207 -0.015000331 -0.063624024 -0.103351831 0.013870041 0.999738693 -0.018169809 -0.779010832 0.063879967 0.017248483 0.997808516 45.082027435
0.997841775 -0.016483102 -0.063561477 -0.122405052 0.015399030 0.999728084 -0.017507877 -0.788792670 0.063832775 0.016491307 0.997824252 45.489994049
0.997773886 -0.019403161 -0.063802488 -0.127507210 0.018044785 0.999599516 -0.021798179 -0.801353395 0.064199910 0.020598356 0.997724473 45.847202301
0.997721374 -0.020916410 -0.064145043 -0.136954069 0.019134685 0.999417245 -0.028266128 -0.812916160 0.064698875 0.026974324 0.997540176 46.222492218
0.997711897 -0.019842286 -0.064631909 -0.142039776 0.017892070 0.999371111 -0.030614531 -0.818120778 0.065198734 0.029388079 0.997439384 46.576229095
0.997644544 -0.020734519 -0.065386198 -0.149865627 0.019092645 0.999488950 -0.025636120 -0.834160805 0.065884344 0.024327340 0.997530580 46.955665588
0.997636378 -0.020847542 -0.065475129 -0.157523394 0.019185632 0.999480188 -0.025909321 -0.848928213 0.065981239 0.024591902 0.997517765 47.322574615
0.997638404 -0.019965513 -0.065718740 -0.165755272 0.018228870 0.999471366 -0.026919810 -0.858705640 0.066221476 0.025658259 0.997474909 47.692131042
0.997622728 -0.020014910 -0.065940104 -0.185554743 0.018241696 0.999458432 -0.027384555 -0.866592169 0.066452496 0.026116598 0.997447729 48.116645813
0.997625053 -0.019482536 -0.066066168 -0.195506811 0.017722556 0.999474943 -0.027121970 -0.885602117 0.066559881 0.025886692 0.997446537 48.484580994
0.997636199 -0.019209642 -0.065977409 -0.212522507 0.017425308 0.999469519 -0.027514402 -0.897634983 0.066470951 0.026299685 0.997441709 48.892673492
0.997655928 -0.016998257 -0.066284209 -0.231064558 0.015094080 0.999461830 -0.029123222 -0.909843743 0.066743575 0.028054455 0.997375667 49.298419952
0.997612059 -0.016881209 -0.066971391 -0.234542608 0.014893774 0.999436975 -0.030065009 -0.907128215 0.067441203 0.028995760 0.997301817 49.703849792
0.997588217 -0.016259387 -0.067477971 -0.243971825 0.014296283 0.999463320 -0.029474152 -0.912799537 0.067921005 0.028438380 0.997285306 50.111492157
0.997611821 -0.014371169 -0.067557886 -0.262379885 0.012386389 0.999481916 -0.029706614 -0.917972803 0.067949794 0.028798876 0.997273028 50.487796783
0.997554779 -0.014817663 -0.068299897 -0.272794485 0.012774433 0.999460578 -0.030255891 -0.926069379 0.068711370 0.029309416 0.997205973 50.900871277
0.997492611 -0.015462602 -0.069061056 -0.274071455 0.013374635 0.999442399 -0.030594364 -0.933027685 0.069495618 0.029593980 0.997143209 51.281009674
0.997476041 -0.013777501 -0.069653764 -0.278585196 0.011617776 0.999441922 -0.031317163 -0.940942109 0.070046373 0.030428903 0.997079492 51.673862457
0.997406960 -0.013544836 -0.070681542 -0.277140856 0.011349791 0.999443471 -0.031365190 -0.950168073 0.071067065 0.030481642 0.997005701 52.040328979
0.997353256 -0.014551665 -0.071236953 -0.287446260 0.012413129 0.999461532 -0.030371267 -0.967763722 0.071640551 0.029406603 0.996996939 52.457149506
0.997358978 -0.015229436 -0.071015149 -0.306404829 0.013185509 0.999487817 -0.029162047 -0.985940516 0.071422882 0.028148662 0.997048795 52.871326447
0.997362077 -0.014702813 -0.071081914 -0.321501732 0.012662018 0.999496996 -0.029076302 -0.998729110 0.071473651 0.028099561 0.997046590 53.288593292
0.997246742 -0.018186051 -0.071889438 -0.320530891 0.015816810 0.999317229 -0.033389758 -1.015283108 0.072447561 0.032160770 0.996853590 53.669101715
0.997171402 -0.022367215 -0.071754664 -0.337729692 0.019775908 0.999133408 -0.036622863 -1.029789925 0.072511613 0.035100263 0.996749759 54.100845337
0.997256041 -0.024785832 -0.069756702 -0.377063751 0.022207269 0.999049783 -0.037501007 -1.052156210 0.070619911 0.035849001 0.996858895 54.580921173
0.997224092 -0.025972325 -0.069781870 -0.391457558 0.023766726 0.999197125 -0.032253597 -1.068801641 0.070563532 0.030505579 0.997040749 55.015655518
0.997127354 -0.027150055 -0.070710413 -0.401659966 0.025178224 0.999273062 -0.028629687 -1.083598733 0.071436308 0.026767086 0.997085869 55.439590454
0.997061253 -0.028973985 -0.070919856 -0.413783789 0.027385196 0.999354005 -0.023273496 -1.098252416 0.071548373 0.021262944 0.997210443 55.866889954
0.997181356 -0.026565796 -0.070168428 -0.438809156 0.024787407 0.999352038 -0.026094945 -1.112622023 0.070816204 0.024282100 0.997193754 56.316864014
0.997162998 -0.026515519 -0.070447378 -0.445203781 0.024521999 0.999278307 -0.029013835 -1.122838616 0.071165852 0.027204018 0.997093379 56.715854645
0.997024298 -0.030888956 -0.070629112 -0.452809811 0.028866287 0.999148428 -0.029481601 -1.132239819 0.071479619 0.027355075 0.997066855 57.137584686
0.997012496 -0.031776723 -0.070401117 -0.463132381 0.029748244 0.999116719 -0.029676905 -1.148657918 0.071281977 0.027493933 0.997077227 57.557243347
0.997021258 -0.030885745 -0.070671953 -0.474624634 0.028555412 0.999022245 -0.033750143 -1.161368132 0.071645260 0.031631541 0.996928513 57.973690033
0.996797800 -0.035325401 -0.071735792 -0.470920563 0.032571673 0.998700261 -0.039200999 -1.168955445 0.073027350 0.036738910 0.996653140 58.363922119
0.996632755 -0.039921541 -0.071620382 -0.481396914 0.037382714 0.998636127 -0.036445763 -1.189686537 0.072977692 0.033645671 0.996765912 58.640502930
0.996658325 -0.039306097 -0.071605131 -0.492327452 0.036803760 0.998676121 -0.035937153 -1.205002308 0.072922900 0.033181719 0.996785402 59.064136505
0.996583819 -0.039851267 -0.072336048 -0.487849951 0.037354596 0.998669684 -0.035546020 -1.211014509 0.073656358 0.032722510 0.996746719 59.457389832
0.996328235 -0.043941699 -0.073478051 -0.468207598 0.041204806 0.998414159 -0.038358308 -1.221137881 0.075047038 0.035189815 0.996558845 59.940235138
0.996233284 -0.046146281 -0.073414117 -0.478022337 0.043180969 0.998205841 -0.041479349 -1.238717914 0.075196512 0.038153008 0.996438682 60.408317566
0.996276736 -0.044628907 -0.073762760 -0.477411270 0.041743550 0.998319030 -0.040206745 -1.248003960 0.075433135 0.036977924 0.996464968 60.894790649
0.996219039 -0.044918489 -0.074363716 -0.479738712 0.042484313 0.998518467 -0.033998489 -1.273690939 0.075780697 0.030710652 0.996651471 61.372241974
0.996194422 -0.044849906 -0.074733444 -0.482419968 0.042500909 0.998560131 -0.032731708 -1.293898225 0.076093823 0.029430911 0.996666193 61.788764954
0.996080160 -0.047063630 -0.074895769 -0.480702877 0.044429302 0.998346984 -0.036459848 -1.300200105 0.076487884 0.032989364 0.996524632 62.218135834
0.995969534 -0.048225552 -0.075623669 -0.476142406 0.045418419 0.998229325 -0.038411144 -1.304729819 0.077342160 0.034821622 0.996396303 62.665710449
0.995935678 -0.049383566 -0.075321801 -0.470268250 0.046452399 0.998111844 -0.040183920 -1.298015833 0.077163994 0.036521718 0.996349275 62.819271088
0.995828688 -0.050575484 -0.075943217 -0.465012550 0.047508731 0.998001635 -0.041660838 -1.309052229 0.077898473 0.037879091 0.996241450 63.172622681
0.995613396 -0.052724872 -0.077292271 -0.452965736 0.049580712 0.997884452 -0.042049691 -1.324142337 0.079345830 0.038033027 0.996121347 63.649929047
0.995591044 -0.053574856 -0.076994523 -0.470191002 0.050509766 0.997872531 -0.041221075 -1.324544549 0.079039134 0.037150357 0.996179044 63.943046570
0.995584011 -0.052583110 -0.077765293 -0.472614765 0.049695000 0.998017490 -0.038620230 -1.344826102 0.079641894 0.034585137 0.996223390 64.328636169
0.995561600 -0.051805925 -0.078570247 -0.482108116 0.048910957 0.998067260 -0.038334157 -1.360096812 0.080404326 0.034321073 0.996171236 64.751838684
0.995571077 -0.050978020 -0.078992173 -0.492337704 0.048005190 0.998081982 -0.039088327 -1.374880433 0.080833308 0.035123166 0.996108532 65.158554077
0.995523036 -0.050285753 -0.080032058 -0.491427422 0.047106609 0.998042762 -0.041128684 -1.382934332 0.081943609 0.037174508 0.995943427 65.530082703
0.995479465 -0.049730007 -0.080917604 -0.503252983 0.046418559 0.998025894 -0.042303693 -1.392996669 0.082861632 0.038356379 0.995822668 65.952148438
0.995700181 -0.045811899 -0.080512680 -0.521529675 0.042456768 0.998176873 -0.042902064 -1.364199638 0.082331292 0.039299294 0.995829821 66.138626099
0.995513260 -0.047070812 -0.082082354 -0.518858433 0.043753743 0.998169422 -0.041753259 -1.379871964 0.083897449 0.037974507 0.995750606 66.546981812
0.995654583 -0.044331007 -0.081894711 -0.534173489 0.041150238 0.998346806 -0.040128186 -1.381586790 0.083538257 0.036583830 0.995832741 66.819396973
0.995623052 -0.044482086 -0.082195714 -0.555182457 0.041230746 0.998314619 -0.040839586 -1.383107305 0.083873831 0.037271846 0.995779097 67.184028625
0.995590389 -0.044301923 -0.082686253 -0.567636013 0.040909093 0.998267770 -0.042286158 -1.399285913 0.084416375 0.038717084 0.995678008 67.527976990
0.995443881 -0.045270156 -0.083916813 -0.578087330 0.041689407 0.998163760 -0.043943044 -1.400855184 0.085752048 0.040244397 0.995503366 67.964401245
0.995473325 -0.045262277 -0.083571270 -0.599354267 0.041757297 0.998192430 -0.043222759 -1.410004973 0.085376583 0.039537393 0.995563984 68.276924133
0.995383680 -0.045421783 -0.084545970 -0.611552715 0.041823711 0.998162150 -0.043853730 -1.415451169 0.086382501 0.040115274 0.995454073 68.701484680
0.995253325 -0.047185123 -0.085113928 -0.622210979 0.043522242 0.998065829 -0.044389989 -1.433009386 0.087043859 0.040474944 0.995381892 69.013557434
0.995137453 -0.048072837 -0.085967444 -0.637175083 0.044212021 0.997950256 -0.046264745 -1.442823887 0.088015318 0.042238984 0.995223165 69.395988464
0.995112181 -0.047748905 -0.086438268 -0.655901432 0.043800805 0.997933567 -0.047010656 -1.449273825 0.088504359 0.042994823 0.995147407 69.796607971
0.994933784 -0.049506344 -0.087498151 -0.651862144 0.045558628 0.997876287 -0.046554025 -1.465579987 0.089617059 0.042331886 0.995076239 70.069976807
0.994727910 -0.051436782 -0.088716179 -0.652067661 0.047514532 0.997821271 -0.045771662 -1.481196046 0.090877242 0.041315049 0.995004654 70.428779602
0.994572878 -0.052723188 -0.089693733 -0.663763046 0.048725840 0.997743607 -0.046188578 -1.500495434 0.091926545 0.041567512 0.994897842 70.847953796
0.994425952 -0.054046609 -0.090531468 -0.664767265 0.049861271 0.997608185 -0.047872897 -1.518593669 0.092902295 0.043092038 0.994742274 71.123458862
0.994227827 -0.056311455 -0.091325484 -0.673091888 0.051957157 0.997427881 -0.049377002 -1.539745450 0.093871079 0.044346966 0.994596124 71.490661621
0.994040489 -0.058465879 -0.092007108 -0.686857700 0.053998746 0.997272491 -0.050316393 -1.562865257 0.094697952 0.045048259 0.994486272 71.895454407
0.993896604 -0.060943116 -0.091953367 -0.704244614 0.056291267 0.997040272 -0.052363843 -1.577189207 0.094872423 0.046868071 0.994385481 72.250885010
0.993752062 -0.062579975 -0.092414901 -0.722112179 0.058008429 0.996994376 -0.051354114 -1.594735146 0.095350884 0.045672406 0.994395435 72.643989563
0.993549347 -0.065240055 -0.092754781 -0.734998703 0.060640901 0.996826530 -0.051569331 -1.612823725 0.095824823 0.045611944 0.994352639 73.021469116
0.993268669 -0.068205588 -0.093623608 -0.742223740 0.063496806 0.996606052 -0.052387692 -1.632722139 0.096878991 0.046090249 0.994228423 73.401504517
0.993184447 -0.069016621 -0.093921937 -0.741035938 0.064164780 0.996491492 -0.053736404 -1.653914928 0.097301118 0.047343679 0.994128287 73.709808350
0.993055463 -0.069351979 -0.095031135 -0.730169773 0.064505421 0.996500432 -0.053159401 -1.680005789 0.098385289 0.046660215 0.994053900 74.036689758
0.992970705 -0.070314355 -0.095210649 -0.746474266 0.065736130 0.996563375 -0.050400436 -1.699616432 0.098427340 0.043787375 0.994180441 74.392234802
0.992993057 -0.069950342 -0.095245548 -0.776200771 0.065580100 0.996679068 -0.048269592 -1.719905376 0.098305710 0.041685153 0.994282842 74.833068848
0.993064642 -0.069349058 -0.094938010 -0.804980755 0.065104134 0.996765852 -0.047106247 -1.749204040 0.097897731 0.040598691 0.994368136 75.242980957
0.993066788 -0.069246925 -0.094990864 -0.823874950 0.064845696 0.996707916 -0.048666269 -1.771307230 0.098048158 0.042169109 0.994287789 75.648651123
0.993038177 -0.069499753 -0.095105141 -0.844972134 0.064921409 0.996615827 -0.050419055 -1.788427591 0.098287396 0.043893684 0.994189560 76.066490173
0.992937863 -0.069726020 -0.095982671 -0.844380379 0.065108471 0.996603012 -0.050430939 -1.806538820 0.099172987 0.043825503 0.994104624 76.406768799
0.992874503 -0.069598220 -0.096727803 -0.860565662 0.064918682 0.996600926 -0.050715037 -1.823506594 0.099928699 0.044074222 0.994017959 76.821495056
0.992770553 -0.070856668 -0.096881211 -0.880570889 0.066179544 0.996520281 -0.050670277 -1.842703581 0.100134425 0.043892410 0.994005322 77.218353271
0.992586017 -0.072288871 -0.097710513 -0.890584946 0.067616656 0.996441841 -0.050315067 -1.858045816 0.101000063 0.043335173 0.993942201 77.679138184
0.992562652 -0.071719207 -0.098365270 -0.907611847 0.066936247 0.996448100 -0.051095743 -1.876702785 0.101680428 0.044131525 0.993837774 78.149398804
0.992538691 -0.071423464 -0.098821394 -0.927914619 0.066576190 0.996450782 -0.051512178 -1.890767813 0.102149829 0.044548668 0.993771136 78.565780640
0.992511451 -0.070933126 -0.099445581 -0.942348480 0.065916248 0.996424079 -0.052861467 -1.896714449 0.102839582 0.045910537 0.993637860 78.959503174
0.992554545 -0.069956452 -0.099707499 -0.958733559 0.064667188 0.996371627 -0.055331104 -1.907438993 0.103216484 0.048471320 0.993477285 79.387573242
0.992401659 -0.070357397 -0.100939386 -0.971007347 0.064810589 0.996255815 -0.057220623 -1.923419714 0.104587339 0.050243914 0.993245661 79.858726501
0.992232382 -0.071558289 -0.101756014 -0.984347343 0.066048265 0.996213913 -0.056528680 -1.948254824 0.105415836 0.049368780 0.993202031 80.288124084
0.992083967 -0.072449714 -0.102568492 -1.007648945 0.067135505 0.996262312 -0.054352615 -1.973971367 0.106122948 0.047036368 0.993239880 80.735900879
0.992052615 -0.071868375 -0.103278458 -1.026552677 0.066778421 0.996415615 -0.051928081 -2.000053167 0.106640257 0.044618621 0.993295968 81.172325134
0.992047250 -0.070632808 -0.104178503 -1.054580688 0.065810621 0.996627092 -0.049024776 -2.024538755 0.107289873 0.041778848 0.993349552 81.633758545
0.991980851 -0.070112847 -0.105158128 -1.077640533 0.065540187 0.996773779 -0.046330605 -2.050876379 0.108067229 0.039066996 0.993375659 82.073112488
0.991954982 -0.069103129 -0.106066123 -1.101275444 0.064532623 0.996857643 -0.045938522 -2.068234444 0.108907312 0.038724225 0.993297279 82.511177063
0.991951346 -0.068134554 -0.106725194 -1.129399300 0.063250802 0.996818542 -0.048498932 -2.080285311 0.109690107 0.041358117 0.993104994 82.965194702
0.991769373 -0.069046564 -0.107824124 -1.147052765 0.063910663 0.996682942 -0.050386567 -2.091294765 0.110945471 0.043080743 0.992892325 83.406799316
0.991600037 -0.070000999 -0.108762071 -1.169840336 0.064556882 0.996516228 -0.052799031 -2.108759165 0.112079158 0.045334179 0.992664635 83.854980469
0.991349816 -0.072087690 -0.109676220 -1.191274643 0.066499583 0.996335626 -0.053787284 -2.127480984 0.113151744 0.046028584 0.992510974 84.291381836
0.991115689 -0.073974952 -0.110532351 -1.212471962 0.068197906 0.996145368 -0.055167470 -2.148668766 0.114187300 0.047139272 0.992340267 84.712867737
0.990923166 -0.075574994 -0.111174099 -1.236070633 0.069764078 0.996031523 -0.055266634 -2.175014496 0.114909649 0.047009025 0.992263019 85.131881714
0.990820229 -0.076423936 -0.111510776 -1.274640083 0.070619479 0.995979726 -0.055111282 -2.205012798 0.115274295 0.046730541 0.992233872 85.590522766
0.990718067 -0.077343434 -0.111784220 -1.308203697 0.071475185 0.995892107 -0.055588957 -2.231468678 0.115624480 0.047083184 0.992176473 86.039299011
0.990599751 -0.077643789 -0.112621523 -1.332019806 0.071937062 0.995952487 -0.053885732 -2.255563736 0.116349578 0.045277532 0.992175758 86.457366943
0.990242004 -0.080063723 -0.114063747 -1.339842796 0.074393101 0.995812178 -0.053139295 -2.279830933 0.117840610 0.044135209 0.992051184 86.837341309
0.990108669 -0.080612592 -0.114832245 -1.356957436 0.074905366 0.995771348 -0.053184111 -2.300592899 0.118633963 0.044056498 0.991960108 87.232978821
0.989864230 -0.082177088 -0.115826420 -1.373984337 0.076192148 0.995564461 -0.055192158 -2.323099136 0.119848207 0.045807682 0.991734803 87.641014099
0.989516497 -0.084865399 -0.116854437 -1.384945869 0.078772895 0.995328963 -0.055812549 -2.341853619 0.121045150 0.046022478 0.991579652 88.028099060
0.989254951 -0.086366244 -0.117963344 -1.398830414 0.080045365 0.995141864 -0.057317689 -2.364043713 0.122340582 0.047259375 0.991362274 88.414543152
0.988931537 -0.088300116 -0.119237274 -1.408523560 0.081801586 0.994939268 -0.058346588 -2.385159016 0.123785853 0.047946975 0.991149902 88.793022156
0.988617063 -0.089775763 -0.120733239 -1.421711922 0.083099902 0.994778514 -0.059246480 -2.406804562 0.125421733 0.048539169 0.990915358 89.196151733
0.988520801 -0.089915469 -0.121415220 -1.447319984 0.083422378 0.994850934 -0.057552367 -2.429034710 0.125964925 0.046762966 0.990932047 89.572402954
0.988376021 -0.090376578 -0.122249477 -1.484004974 0.083909720 0.994838238 -0.057061400 -2.455215931 0.126775444 0.046140194 0.990857720 90.033103943
0.988343120 -0.090178244 -0.122660875 -1.509266853 0.083523437 0.994795144 -0.058364738 -2.485881805 0.127285659 0.047439333 0.990731001 90.403839111
0.988416135 -0.089271575 -0.122736178 -1.544729233 0.082208425 0.994718015 -0.061464544 -2.509012699 0.127574921 0.050662600 0.990534186 90.831390381
0.988218367 -0.090278797 -0.123588629 -1.576388359 0.083143108 0.994623482 -0.061736241 -2.535763741 0.128497615 0.050733339 0.990411282 91.254272461
0.988254189 -0.089960366 -0.123534784 -1.619701385 0.083228327 0.994804561 -0.058625214 -2.568875313 0.128166929 0.047655024 0.990606964 91.698295593
0.988190711 -0.089347348 -0.124483682 -1.649810791 0.082623556 0.994881272 -0.058177657 -2.596975327 0.129044503 0.047205325 0.990514576 92.109291077
0.987976313 -0.090314344 -0.125483602 -1.681172371 0.083574176 0.994812906 -0.057988018 -2.625792503 0.130069837 0.046803597 0.990399480 92.536216736
0.987776995 -0.091368482 -0.126286119 -1.710427284 0.084666707 0.994750857 -0.057465009 -2.648305893 0.130873710 0.046070382 0.990328014 92.942878723
0.987794161 -0.090596266 -0.126708254 -1.744640350 0.083844975 0.994809806 -0.057648025 -2.675771236 0.131273299 0.046320539 0.990263462 93.361358643
0.987643361 -0.091175281 -0.127466023 -1.775433540 0.084317841 0.994737327 -0.058207706 -2.700922966 0.132102296 0.046740796 0.990133464 93.773010254
0.987496257 -0.091974482 -0.128030509 -1.811929703 0.085160263 0.994693518 -0.057728276 -2.725742817 0.132660612 0.046103355 0.990088701 94.196388245
0.987273991 -0.093352593 -0.128745005 -1.841847420 0.086672880 0.994630277 -0.056556676 -2.751529932 0.133333415 0.044678241 0.990063608 94.608711243
0.986937702 -0.096180879 -0.129240334 -1.876412392 0.089256190 0.994297624 -0.058357328 -2.780777931 0.134116232 0.046059553 0.989894629 95.022766113
0.986828268 -0.097276144 -0.129256219 -1.911294937 0.090153083 0.994126499 -0.059874732 -2.808193684 0.134321392 0.047433238 0.989801943 95.436416626
0.986793876 -0.097434416 -0.129399717 -1.954680443 0.090185463 0.994069874 -0.060758803 -2.838335037 0.134552374 0.048286457 0.989729226 95.869964600
0.986511946 -0.099794254 -0.129750520 -1.993961334 0.092650212 0.993889749 -0.059991777 -2.864131927 0.134944573 0.047161192 0.989730179 96.293411255
0.986307263 -0.101331711 -0.130114526 -2.028162956 0.094250955 0.993769646 -0.059485883 -2.892637253 0.135331661 0.046407945 0.989712894 96.707359314
0.986400068 -0.100603580 -0.129975766 -2.077096939 0.093632944 0.993875623 -0.058687001 -2.919302464 0.135083854 0.045718849 0.989778757 97.151039124
0.986291885 -0.101374246 -0.130199000 -2.118706703 0.094652683 0.993886828 -0.056831419 -2.943516493 0.135164335 0.043728687 0.989857793 97.571731567
0.985974312 -0.103520930 -0.130912393 -2.151553154 0.096915521 0.993722916 -0.055876326 -2.970479727 0.135875002 0.042405184 0.989817977 97.965400696
0.985906899 -0.103470184 -0.131458506 -2.179176331 0.096767567 0.993707240 -0.056407593 -2.995773792 0.136467770 0.042891718 0.989715517 98.343696594
