1.000000e+00 7.343776e-19 0.000000e+00 0.000000e+00 2.468254e-18 1.000000e+00 0.000000e+00 0.000000e+00 0.000000e+00 0.000000e+00 1.000000e+00 0.000000e+00
1.000000e+00 -2.938291e-05 9.193158e-05 1.756819e-03 2.938033e-05 1.000000e+00 2.811201e-05 2.269490e-03 -9.193241e-05 -2.810931e-05 1.000000e+00 -5.516331e-04
9.999991e-01 -1.577246e-04 -1.323324e-03 1.894915e-03 1.576967e-04 1.000000e+00 -2.120362e-05 8.030617e-03 1.323327e-03 2.099491e-05 9.999991e-01 -2.036437e-03
9.999999e-01 -3.032340e-04 2.096511e-04 2.758266e-03 3.031894e-04 9.999999e-01 2.127842e-04 1.568321e-02 -2.097156e-04 -2.127206e-04 1.000000e+00 -1.988789e-02
9.999963e-01 -4.070971e-04 2.694163e-03 3.015400e-03 4.045233e-04 9.999995e-01 9.558064e-04 1.982150e-02 -2.694551e-03 -9.547130e-04 9.999959e-01 -3.952699e-02
9.999925e-01 -6.392698e-04 3.831293e-03 7.448387e-04 6.331897e-04 9.999985e-01 1.587945e-03 2.070551e-02 -3.832303e-03 -1.585507e-03 9.999914e-01 -5.126601e-02
9.999932e-01 -4.416021e-04 3.652996e-03 1.650178e-04 4.375295e-04 9.999993e-01 1.115569e-03 1.519853e-02 -3.653486e-03 -1.113963e-03 9.999927e-01 -4.684064e-02
9.999946e-01 -2.226243e-04 3.269429e-03 2.791806e-03 2.221163e-04 1.000000e+00 1.557648e-04 4.048877e-03 -3.269464e-03 -1.550377e-04 9.999946e-01 -2.936518e-02
9.999985e-01 -2.031183e-04 1.697288e-03 8.633047e-03 2.034168e-04 1.000000e+00 -1.756770e-04 -6.655196e-03 -1.697252e-03 1.760220e-04 9.999985e-01 -1.797622e-03
9.999999e-01 -4.616385e-04 5.235974e-05 1.895292e-02 4.616768e-04 9.999996e-01 -7.329765e-04 -1.417626e-02 -5.202135e-05 7.330006e-04 9.999997e-01 3.029914e-02
9.999994e-01 -6.699490e-04 -8.918611e-04 2.814369e-02 6.686809e-04 9.999988e-01 -1.421332e-03 -2.225045e-02 8.928122e-04 1.420734e-03 9.999986e-01 5.833842e-02
9.999978e-01 -6.229244e-04 -2.011418e-03 4.136404e-02 6.217263e-04 9.999996e-01 -5.962154e-04 -3.326517e-02 2.011789e-03 5.949635e-04 9.999978e-01 9.608219e-02
9.999953e-01 -4.426757e-04 -3.037136e-03 6.328087e-02 4.472507e-04 9.999988e-01 1.505856e-03 -5.535364e-02 3.036466e-03 -1.507207e-03 9.999943e-01 1.579332e-01
9.999988e-01 -2.099487e-04 -1.510671e-03 1.033515e-01 2.164264e-04 9.999908e-01 4.289123e-03 -1.050642e-01 1.509757e-03 -4.289445e-03 9.999897e-01 2.580524e-01
9.999268e-01 9.286374e-04 1.206679e-02 1.758501e-01 -9.957833e-04 9.999840e-01 5.559707e-03 -2.227705e-01 -1.206143e-02 -5.571316e-03 9.999117e-01 4.011020e-01
9.997878e-01 2.535876e-03 2.044408e-02 2.498315e-01 -2.550391e-03 9.999965e-01 6.839737e-04 -3.775198e-01 -2.044228e-02 -7.359690e-04 9.997908e-01 6.184903e-01
9.998828e-01 4.719112e-03 1.456461e-02 3.250709e-01 -4.707189e-03 9.999886e-01 -8.527907e-04 -5.251499e-01 -1.456846e-02 7.841324e-04 9.998936e-01 9.275798e-01
9.998731e-01 7.029595e-03 1.429891e-02 4.302242e-01 -7.042960e-03 9.999748e-01 8.845198e-04 -7.107061e-01 -1.429233e-02 -9.851142e-04 9.998974e-01 1.281663e+00
9.998361e-01 1.009977e-02 1.502602e-02 5.543089e-01 -1.009889e-02 9.999490e-01 -1.348994e-04 -9.311244e-01 -1.502661e-02 -1.686872e-05 9.998871e-01 1.689393e+00
9.998019e-01 1.324342e-02 1.485642e-02 7.002890e-01 -1.321394e-02 9.999105e-01 -2.080789e-03 -1.172657e+00 -1.488265e-02 1.884065e-03 9.998875e-01 2.150417e+00
9.997623e-01 1.611845e-02 1.468158e-02 8.615237e-01 -1.606951e-02 9.998649e-01 -3.444698e-03 -1.439547e+00 -1.473512e-02 3.207953e-03 9.998863e-01 2.657232e+00
9.997577e-01 1.767524e-02 1.312077e-02 1.040840e+00 -1.761875e-02 9.998351e-01 -4.408758e-03 -1.729281e+00 -1.319653e-02 4.176518e-03 9.999042e-01 3.213524e+00
9.997680e-01 1.848728e-02 1.104985e-02 1.234532e+00 -1.842424e-02 9.998135e-01 -5.780404e-03 -2.039814e+00 -1.115465e-02 5.575478e-03 9.999222e-01 3.812916e+00
9.997531e-01 1.909635e-02 1.135748e-02 1.443803e+00 -1.903082e-02 9.998018e-01 -5.849790e-03 -2.369094e+00 -1.146694e-02 5.632203e-03 9.999184e-01 4.449416e+00
9.997459e-01 1.932678e-02 1.159866e-02 1.665711e+00 -1.924339e-02 9.997885e-01 -7.259296e-03 -2.715980e+00 -1.173650e-02 7.034255e-03 9.999064e-01 5.126570e+00
9.997004e-01 1.935179e-02 1.498746e-02 1.895835e+00 -1.922071e-02 9.997762e-01 -8.841308e-03 -3.088012e+00 -1.515520e-02 8.550590e-03 9.998486e-01 5.829814e+00
9.996686e-01 1.923123e-02 1.711302e-02 2.138252e+00 -1.909179e-02 9.997835e-01 -8.274636e-03 -3.472391e+00 -1.726844e-02 7.945176e-03 9.998193e-01 6.567614e+00
9.996982e-01 1.910930e-02 1.543861e-02 2.384095e+00 -1.899694e-02 9.997922e-01 -7.392072e-03 -3.861895e+00 -1.557666e-02 7.096555e-03 9.998535e-01 7.342292e+00
9.997108e-01 1.907924e-02 1.463847e-02 2.639123e+00 -1.896236e-02 9.997875e-01 -8.082559e-03 -4.267148e+00 -1.478956e-02 7.802642e-03 9.998602e-01 8.138146e+00
9.997241e-01 1.879215e-02 1.408880e-02 2.908850e+00 -1.869079e-02 9.997987e-01 -7.292043e-03 -4.680529e+00 -1.422299e-02 7.026701e-03 9.998742e-01 8.953292e+00
9.997224e-01 1.843444e-02 1.467538e-02 3.221495e+00 -1.834099e-02 9.998108e-01 -6.476669e-03 -5.171237e+00 -1.479200e-02 6.205710e-03 9.998713e-01 9.747266e+00
9.997152e-01 1.795492e-02 1.571776e-02 3.559125e+00 -1.785118e-02 9.998181e-01 -6.715850e-03 -5.707226e+00 -1.583548e-02 6.433357e-03 9.998539e-01 1.053710e+01
9.997326e-01 1.761551e-02 1.498121e-02 3.900131e+00 -1.751708e-02 9.998243e-01 -6.676299e-03 -6.248231e+00 -1.509618e-02 6.412087e-03 9.998655e-01 1.134381e+01
9.997543e-01 1.707801e-02 1.412886e-02 4.236650e+00 -1.701344e-02 9.998443e-01 -4.677523e-03 -6.778493e+00 -1.420654e-02 4.435993e-03 9.998892e-01 1.217072e+01
9.997738e-01 1.711446e-02 1.262687e-02 4.525158e+00 -1.705620e-02 9.998435e-01 -4.707302e-03 -7.233078e+00 -1.270546e-02 4.490871e-03 9.999092e-01 1.305310e+01
9.997666e-01 1.711215e-02 1.318545e-02 4.814887e+00 -1.705632e-02 9.998451e-01 -4.335250e-03 -7.694518e+00 -1.325760e-02 4.109343e-03 9.999037e-01 1.393188e+01
9.997671e-01 1.694137e-02 1.336598e-02 5.103125e+00 -1.688162e-02 9.998470e-01 -4.570542e-03 -8.159860e+00 -1.344137e-02 4.343838e-03 9.999002e-01 1.481453e+01
9.997982e-01 1.702662e-02 1.065791e-02 5.394218e+00 -1.699713e-02 9.998515e-01 -2.851740e-03 -8.627018e+00 -1.070488e-02 2.670011e-03 9.999391e-01 1.570621e+01
9.998180e-01 1.722968e-02 8.190930e-03 5.689952e+00 -1.722107e-02 9.998511e-01 -1.121205e-03 -9.095383e+00 -8.209028e-03 9.799442e-04 9.999658e-01 1.660578e+01
9.998157e-01 1.769648e-02 7.437908e-03 5.989733e+00 -1.768525e-02 9.998424e-01 -1.572307e-03 -9.568947e+00 -7.464560e-03 1.440476e-03 9.999711e-01 1.751610e+01
9.997962e-01 1.785419e-02 9.427619e-03 6.290127e+00 -1.785078e-02 9.998406e-01 -4.453835e-04 -1.005461e+01 -9.434068e-03 2.770023e-04 9.999555e-01 1.842162e+01
9.997952e-01 1.780768e-02 9.613556e-03 6.583625e+00 -1.781480e-02 9.998411e-01 6.552003e-04 -1.054020e+01 -9.600361e-03 -8.263297e-04 9.999536e-01 1.933490e+01
9.997993e-01 1.781253e-02 9.164001e-03 6.878430e+00 -1.782138e-02 9.998408e-01 8.848042e-04 -1.102863e+01 -9.146782e-03 -1.047942e-03 9.999576e-01 2.025498e+01
9.998020e-01 1.803763e-02 8.397977e-03 7.176454e+00 -1.804086e-02 9.998372e-01 3.093161e-04 -1.152030e+01 -8.391031e-03 -4.607617e-04 9.999647e-01 2.118217e+01
9.998065e-01 1.818237e-02 7.508945e-03 7.486381e+00 -1.818219e-02 9.998347e-01 -9.288325e-05 -1.201310e+01 -7.509392e-03 -4.366378e-05 9.999718e-01 2.211942e+01
9.998094e-01 1.863276e-02 5.829368e-03 7.795826e+00 -1.863100e-02 9.998264e-01 -3.561673e-04 -1.250069e+01 -5.834992e-03 2.474925e-04 9.999829e-01 2.306855e+01
9.998056e-01 1.892121e-02 5.552764e-03 8.105945e+00 -1.891366e-02 9.998201e-01 -1.408511e-03 -1.298959e+01 -5.578416e-03 1.303214e-03 9.999836e-01 2.402454e+01
9.997900e-01 1.951832e-02 6.236332e-03 8.419498e+00 -1.950832e-02 9.998083e-01 -1.659307e-03 -1.348187e+01 -6.267524e-03 1.537298e-03 9.999792e-01 2.498556e+01
9.997684e-01 1.998042e-02 7.991825e-03 8.738084e+00 -1.996337e-02 9.997983e-01 -2.207616e-03 -1.398080e+01 -8.034322e-03 2.047561e-03 9.999656e-01 2.594922e+01
9.997520e-01 2.049440e-02 8.711293e-03 9.060411e+00 -2.046619e-02 9.997851e-01 -3.314681e-03 -1.448864e+01 -8.777353e-03 3.135572e-03 9.999566e-01 2.691508e+01
9.997389e-01 2.079469e-02 9.471788e-03 9.377793e+00 -2.076189e-02 9.997782e-01 -3.548800e-03 -1.499654e+01 -9.543483e-03 3.351221e-03 9.999488e-01 2.789165e+01
9.997298e-01 2.122101e-02 9.490999e-03 9.695827e+00 -2.118135e-02 9.997666e-01 -4.259478e-03 -1.550569e+01 -9.579174e-03 4.057295e-03 9.999459e-01 2.887472e+01
9.997419e-01 2.137055e-02 7.710149e-03 1.001316e+01 -2.132367e-02 9.997539e-01 -6.111729e-03 -1.601720e+01 -7.838863e-03 5.945743e-03 9.999516e-01 2.986496e+01
9.997502e-01 2.145241e-02 6.271157e-03 1.033630e+01 -2.141641e-02 9.997541e-01 -5.752413e-03 -1.653064e+01 -6.393018e-03 5.616671e-03 9.999638e-01 3.085875e+01
9.997504e-01 2.135612e-02 6.556735e-03 1.066789e+01 -2.131025e-02 9.997485e-01 -6.987703e-03 -1.705062e+01 -6.704316e-03 6.846234e-03 9.999541e-01 3.185091e+01
9.997271e-01 2.118298e-02 9.853413e-03 1.099781e+01 -2.109195e-02 9.997347e-01 -9.252720e-03 -1.757453e+01 -1.004680e-02 9.042367e-03 9.999086e-01 3.284712e+01
9.996997e-01 2.105405e-02 1.253725e-02 1.132933e+01 -2.095009e-02 9.997455e-01 -8.366183e-03 -1.809528e+01 -1.271021e-02 8.101014e-03 9.998864e-01 3.385117e+01
9.997104e-01 2.121646e-02 1.135963e-02 1.165980e+01 -2.115216e-02 9.997597e-01 -5.751405e-03 -1.861314e+01 -1.147893e-02 5.509459e-03 9.999189e-01 3.486503e+01
9.997460e-01 2.124625e-02 7.516423e-03 1.198676e+01 -2.119661e-02 9.997534e-01 -6.623862e-03 -1.913012e+01 -7.655301e-03 6.462857e-03 9.999498e-01 3.588658e+01
9.997659e-01 2.045116e-02 7.062211e-03 1.232567e+01 -2.040923e-02 9.997740e-01 -5.959009e-03 -1.965830e+01 -7.182483e-03 5.813479e-03 9.999573e-01 3.690068e+01
9.997722e-01 1.982944e-02 7.899251e-03 1.266240e+01 -1.979827e-02 9.997960e-01 -4.004273e-03 -2.018649e+01 -7.977042e-03 3.846969e-03 9.999608e-01 3.792291e+01
9.997755e-01 1.941463e-02 8.489176e-03 1.299807e+01 -1.939142e-02 9.998080e-01 -2.807953e-03 -2.072011e+01 -8.542062e-03 2.642705e-03 9.999600e-01 3.894925e+01
9.997763e-01 1.921646e-02 8.833112e-03 1.333026e+01 -1.919276e-02 9.998120e-01 -2.759547e-03 -2.125325e+01 -8.884480e-03 2.589398e-03 9.999572e-01 3.998235e+01
9.997765e-01 1.842318e-02 1.037024e-02 1.366966e+01 -1.842293e-02 9.998303e-01 -1.193827e-04 -2.178786e+01 -1.037068e-02 -7.169431e-05 9.999462e-01 4.101589e+01
9.997795e-01 1.782079e-02 1.110859e-02 1.401273e+01 -1.783458e-02 9.998403e-01 1.143674e-03 -2.232612e+01 -1.108644e-02 -1.341539e-03 9.999376e-01 4.204872e+01
9.997972e-01 1.739370e-02 1.014902e-02 1.434866e+01 -1.740026e-02 9.998484e-01 5.586726e-04 -2.286023e+01 -1.013776e-02 -7.351549e-04 9.999483e-01 4.309081e+01
9.998111e-01 1.688533e-02 9.622060e-03 1.468367e+01 -1.688977e-02 9.998573e-01 3.800232e-04 -2.339531e+01 -9.614270e-03 -5.424658e-04 9.999536e-01 4.413638e+01
9.998219e-01 1.631903e-02 9.483119e-03 1.502050e+01 -1.633600e-02 9.998651e-01 1.714274e-03 -2.393055e+01 -9.453864e-03 -1.868884e-03 9.999536e-01 4.518440e+01
9.998164e-01 1.586964e-02 1.073896e-02 1.535798e+01 -1.588313e-02 9.998732e-01 1.172299e-03 -2.447213e+01 -1.071900e-02 -1.342652e-03 9.999416e-01 4.623115e+01
9.998236e-01 1.555918e-02 1.052176e-02 1.569966e+01 -1.558354e-02 9.998761e-01 2.237674e-03 -2.501614e+01 -1.048564e-02 -2.401245e-03 9.999421e-01 4.727853e+01
9.998284e-01 1.520960e-02 1.057333e-02 1.603650e+01 -1.524253e-02 9.998792e-01 3.040618e-03 -2.555268e+01 -1.052581e-02 -3.201261e-03 9.999395e-01 4.833101e+01
9.998419e-01 1.533535e-02 8.998727e-03 1.637174e+01 -1.536159e-02 9.998779e-01 2.854344e-03 -2.609069e+01 -8.953856e-03 -2.992128e-03 9.999554e-01 4.938629e+01
9.998585e-01 1.509618e-02 7.423603e-03 1.670743e+01 -1.511298e-02 9.998833e-01 2.211508e-03 -2.662892e+01 -7.389352e-03 -2.323388e-03 9.999700e-01 5.044276e+01
9.998604e-01 1.514070e-02 7.060144e-03 1.704648e+01 -1.515462e-02 9.998833e-01 1.923406e-03 -2.717212e+01 -7.030198e-03 -2.030132e-03 9.999732e-01 5.149656e+01
9.998550e-01 1.518227e-02 7.708737e-03 1.739039e+01 -1.518169e-02 9.998847e-01 -1.343482e-04 -2.772478e+01 -7.709888e-03 1.729711e-05 9.999703e-01 5.254624e+01
9.998636e-01 1.518756e-02 6.495608e-03 1.772804e+01 -1.518093e-02 9.998842e-01 -1.069173e-03 -2.827754e+01 -6.511094e-03 9.704182e-04 9.999783e-01 5.360329e+01
9.998678e-01 1.523812e-02 5.677780e-03 1.806186e+01 -1.522663e-02 9.998819e-01 -2.062268e-03 -2.883214e+01 -5.708535e-03 1.975542e-03 9.999818e-01 5.466340e+01
9.998545e-01 1.552518e-02 7.065690e-03 1.839680e+01 -1.550726e-02 9.998764e-01 -2.583613e-03 -2.938916e+01 -7.104928e-03 2.473668e-03 9.999717e-01 5.572136e+01
9.998509e-01 1.562950e-02 7.336515e-03 1.873419e+01 -1.560144e-02 9.998708e-01 -3.866698e-03 -2.994740e+01 -7.396002e-03 3.751662e-03 9.999656e-01 5.677879e+01
9.998620e-01 1.550987e-02 5.943627e-03 1.907699e+01 -1.548226e-02 9.998693e-01 -4.664012e-03 -3.049766e+01 -6.015188e-03 4.571347e-03 9.999715e-01 5.783542e+01
9.998549e-01 1.546993e-02 7.137713e-03 1.941690e+01 -1.543353e-02 9.998677e-01 -5.127434e-03 -3.105038e+01 -7.216090e-03 5.016530e-03 9.999614e-01 5.889000e+01
9.998481e-01 1.557712e-02 7.814284e-03 1.975346e+01 -1.551750e-02 9.998505e-01 -7.633799e-03 -3.160322e+01 -7.932028e-03 7.511381e-03 9.999403e-01 5.994382e+01
9.998423e-01 1.577673e-02 8.158517e-03 2.008872e+01 -1.571091e-02 9.998440e-01 -8.069398e-03 -3.215286e+01 -8.284553e-03 7.939947e-03 9.999342e-01 6.099675e+01
9.998450e-01 1.555643e-02 8.245667e-03 2.042604e+01 -1.550052e-02 9.998567e-01 -6.801289e-03 -3.269812e+01 -8.350289e-03 6.672423e-03 9.999429e-01 6.204753e+01
9.998429e-01 1.593908e-02 7.750047e-03 2.076514e+01 -1.588387e-02 9.998484e-01 -7.134451e-03 -3.324626e+01 -7.862589e-03 7.010230e-03 9.999445e-01 6.309142e+01
9.998606e-01 1.566330e-02 5.785478e-03 2.110546e+01 -1.562492e-02 9.998560e-01 -6.621342e-03 -3.379375e+01 -5.888357e-03 6.530021e-03 9.999613e-01 6.413774e+01
9.998680e-01 1.573642e-02 4.032798e-03 2.144656e+01 -1.571509e-02 9.998626e-01 -5.268490e-03 -3.434171e+01 -4.115151e-03 5.204419e-03 9.999780e-01 6.518216e+01
9.998602e-01 1.569595e-02 5.761536e-03 2.178711e+01 -1.565691e-02 9.998546e-01 -6.760530e-03 -3.489447e+01 -5.866811e-03 6.669377e-03 9.999605e-01 6.621924e+01
9.998534e-01 1.582561e-02 6.540056e-03 2.212832e+01 -1.578608e-02 9.998571e-01 -6.053246e-03 -3.544626e+01 -6.634918e-03 5.949116e-03 9.999603e-01 6.725482e+01
9.998487e-01 1.583233e-02 7.198374e-03 2.246796e+01 -1.580364e-02 9.998670e-01 -4.026121e-03 -3.598963e+01 -7.261159e-03 3.911752e-03 9.999660e-01 6.828885e+01
9.998305e-01 1.652756e-02 8.108253e-03 2.280224e+01 -1.650368e-02 9.998593e-01 -3.003681e-03 -3.652907e+01 -8.156756e-03 2.869356e-03 9.999626e-01 6.932564e+01
9.997927e-01 1.656949e-02 1.183253e-02 2.313503e+01 -1.654464e-02 9.998607e-01 -2.195543e-03 -3.706655e+01 -1.186726e-02 1.999323e-03 9.999276e-01 7.035995e+01
9.997821e-01 1.665730e-02 1.257889e-02 2.346773e+01 -1.667854e-02 9.998596e-01 1.585493e-03 -3.759642e+01 -1.255071e-02 -1.794945e-03 9.999196e-01 7.139670e+01
9.998075e-01 1.713980e-02 9.551819e-03 2.379515e+01 -1.715758e-02 9.998512e-01 1.782311e-03 -3.812463e+01 -9.519850e-03 -1.945854e-03 9.999528e-01 7.243403e+01
9.998288e-01 1.731630e-02 6.517295e-03 2.412512e+01 -1.732781e-02 9.998484e-01 1.714167e-03 -3.865420e+01 -6.486624e-03 -1.826804e-03 9.999773e-01 7.346344e+01
9.998307e-01 1.681710e-02 7.468033e-03 2.445971e+01 -1.683572e-02 9.998553e-01 2.437435e-03 -3.918631e+01 -7.425962e-03 -2.562752e-03 9.999691e-01 7.448742e+01
9.998170e-01 1.670489e-02 9.321734e-03 2.479412e+01 -1.673703e-02 9.998542e-01 3.380092e-03 -3.971848e+01 -9.263911e-03 -3.535491e-03 9.999508e-01 7.550861e+01
9.998118e-01 1.648111e-02 1.023831e-02 2.512460e+01 -1.651264e-02 9.998591e-01 3.002669e-03 -4.024807e+01 -1.018738e-02 -3.171166e-03 9.999431e-01 7.653011e+01
9.998162e-01 1.633351e-02 1.003841e-02 2.545400e+01 -1.636953e-02 9.998598e-01 3.516621e-03 -4.077483e+01 -9.979567e-03 -3.680299e-03 9.999434e-01 7.755059e+01
9.998280e-01 1.630859e-02 8.830918e-03 2.578367e+01 -1.634940e-02 9.998559e-01 4.568964e-03 -4.130340e+01 -8.755132e-03 -4.712558e-03 9.999506e-01 7.856594e+01
9.998283e-01 1.623636e-02 8.925219e-03 2.611106e+01 -1.628032e-02 9.998556e-01 4.875325e-03 -4.182838e+01 -8.844773e-03 -5.019794e-03 9.999483e-01 7.957902e+01
9.998266e-01 1.593974e-02 9.630640e-03 2.643380e+01 -1.598829e-02 9.998598e-01 4.985341e-03 -4.234702e+01 -9.549825e-03 -5.138454e-03 9.999412e-01 8.059235e+01
9.998438e-01 1.575856e-02 8.002180e-03 2.675537e+01 -1.580271e-02 9.998601e-01 5.483727e-03 -4.286330e+01 -7.914645e-03 -5.609326e-03 9.999529e-01 8.160639e+01
9.998568e-01 1.595060e-02 5.655404e-03 2.707444e+01 -1.597574e-02 9.998626e-01 4.428778e-03 -4.338107e+01 -5.583985e-03 -4.518493e-03 9.999742e-01 8.261887e+01
9.998645e-01 1.580230e-02 4.621975e-03 2.739994e+01 -1.581777e-02 9.998693e-01 3.329920e-03 -4.390771e+01 -4.568751e-03 -3.402578e-03 9.999838e-01 8.362316e+01
9.998516e-01 1.574372e-02 6.997837e-03 2.772908e+01 -1.576621e-02 9.998707e-01 3.171342e-03 -4.443841e+01 -6.947003e-03 -3.281201e-03 9.999705e-01 8.462271e+01
9.998489e-01 1.574820e-02 7.361452e-03 2.805444e+01 -1.576529e-02 9.998731e-01 2.268955e-03 -4.496566e+01 -7.324787e-03 -2.384668e-03 9.999703e-01 8.562763e+01
9.998528e-01 1.573356e-02 6.843858e-03 2.837957e+01 -1.574583e-02 9.998745e-01 1.743789e-03 -4.549111e+01 -6.815563e-03 -1.851295e-03 9.999751e-01 8.663246e+01
9.998561e-01 1.568850e-02 6.450186e-03 2.870335e+01 -1.569328e-02 9.998766e-01 6.914528e-04 -4.601518e+01 -6.438542e-03 -7.925779e-04 9.999790e-01 8.763634e+01
9.998592e-01 1.546411e-02 6.507949e-03 2.902943e+01 -1.546514e-02 9.998804e-01 1.077877e-04 -4.654247e+01 -6.505503e-03 -2.084189e-04 9.999788e-01 8.863386e+01
9.998620e-01 1.566316e-02 5.530030e-03 2.935155e+01 -1.566029e-02 9.998772e-01 -5.611401e-04 -4.706366e+01 -5.538140e-03 4.744608e-04 9.999846e-01 8.963892e+01
9.998470e-01 1.585954e-02 7.379572e-03 2.967370e+01 -1.585732e-02 9.998742e-01 -3.590344e-04 -4.758426e+01 -7.384338e-03 2.419592e-04 9.999727e-01 9.064249e+01
9.998364e-01 1.605907e-02 8.326851e-03 2.999642e+01 -1.605290e-02 9.998708e-01 -8.071995e-04 -4.810377e+01 -8.338738e-03 6.733972e-04 9.999650e-01 9.164560e+01
9.998380e-01 1.620709e-02 7.829235e-03 3.031643e+01 -1.619057e-02 9.998666e-01 -2.168524e-03 -4.862305e+01 -7.863336e-03 2.041412e-03 9.999670e-01 9.264830e+01
9.998387e-01 1.626022e-02 7.626868e-03 3.064013e+01 -1.625191e-02 9.998673e-01 -1.150528e-03 -4.914335e+01 -7.644563e-03 1.026392e-03 9.999703e-01 9.364358e+01
9.998211e-01 1.668780e-02 8.902463e-03 3.095841e+01 -1.667979e-02 9.998604e-01 -9.737665e-04 -4.965988e+01 -8.917470e-03 8.251011e-04 9.999599e-01 9.464060e+01
9.998097e-01 1.703849e-02 9.495622e-03 3.127392e+01 -1.701590e-02 9.998522e-01 -2.454529e-03 -5.017355e+01 -9.536041e-03 2.292485e-03 9.999519e-01 9.563885e+01
9.998090e-01 1.692500e-02 9.768063e-03 3.159073e+01 -1.691435e-02 9.998563e-01 -1.171836e-03 -5.068339e+01 -9.786492e-03 1.006392e-03 9.999516e-01 9.663654e+01
9.997861e-01 1.705620e-02 1.169821e-02 3.190927e+01 -1.706759e-02 9.998540e-01 8.744216e-04 -5.119186e+01 -1.168159e-02 -1.073895e-03 9.999312e-01 9.762982e+01
9.997083e-01 1.726894e-02 1.688467e-02 3.222972e+01 -1.730250e-02 9.998486e-01 1.843344e-03 -5.171026e+01 -1.685028e-02 -2.134953e-03 9.998557e-01 9.861007e+01
9.996313e-01 1.710517e-02 2.108755e-02 3.255494e+01 -1.725945e-02 9.998254e-01 7.156237e-03 -5.221488e+01 -2.096146e-02 -7.517558e-03 9.997520e-01 9.959256e+01
9.996056e-01 1.733925e-02 2.208877e-02 3.287574e+01 -1.759463e-02 9.997800e-01 1.142014e-02 -5.271239e+01 -2.188589e-02 -1.180428e-02 9.996908e-01 1.005765e+02
9.996518e-01 1.758998e-02 1.966889e-02 3.319113e+01 -1.789454e-02 9.997210e-01 1.541713e-02 -5.320092e+01 -1.939221e-02 -1.576373e-02 9.996877e-01 1.015623e+02
9.997332e-01 1.758004e-02 1.498366e-02 3.350551e+01 -1.785040e-02 9.996767e-01 1.810459e-02 -5.368948e+01 -1.466053e-02 -1.836723e-02 9.997238e-01 1.025446e+02
9.997699e-01 1.778663e-02 1.198774e-02 3.381835e+01 -1.802501e-02 9.996359e-01 2.007950e-02 -5.418397e+01 -1.162623e-02 -2.029096e-02 9.997265e-01 1.035176e+02
9.998035e-01 1.798864e-02 8.327618e-03 3.412915e+01 -1.815591e-02 9.996257e-01 2.046551e-02 -5.467926e+01 -7.956355e-03 -2.061269e-02 9.997559e-01 1.044898e+02
9.998177e-01 1.826054e-02 5.585897e-03 3.443431e+01 -1.836236e-02 9.996555e-01 1.875601e-02 -5.517504e+01 -5.241478e-03 -1.885516e-02 9.998085e-01 1.054641e+02
9.998305e-01 1.840570e-02 4.144997e-04 3.473879e+01 -1.841009e-02 9.996841e-01 1.711283e-02 -5.566923e+01 -9.939516e-05 -1.711756e-02 9.998535e-01 1.064412e+02
9.998311e-01 1.836944e-02 -5.937434e-04 3.504954e+01 -1.835887e-02 9.997257e-01 1.454344e-02 -5.617359e+01 8.607354e-04 -1.453008e-02 9.998941e-01 1.074095e+02
9.998288e-01 1.847404e-02 -1.023262e-03 3.536523e+01 -1.846174e-02 9.997696e-01 1.094989e-02 -5.668756e+01 1.225315e-03 -1.092912e-02 9.999395e-01 1.083709e+02
9.998285e-01 1.849867e-02 -8.559615e-04 3.568565e+01 -1.849126e-02 9.997972e-01 7.975086e-03 -5.719896e+01 1.003316e-03 -7.957890e-03 9.999678e-01 1.093356e+02
9.998252e-01 1.865359e-02 -1.251844e-03 3.600435e+01 -1.864743e-02 9.998148e-01 4.761009e-03 -5.770963e+01 1.340422e-03 -4.736833e-03 9.999879e-01 1.103048e+02
9.998255e-01 1.866861e-02 -7.243835e-04 3.632532e+01 -1.866718e-02 9.998239e-01 1.922665e-03 -5.822174e+01 7.601494e-04 -1.908807e-03 9.999979e-01 1.112745e+02
9.998215e-01 1.883750e-02 -1.484422e-03 3.664833e+01 -1.883747e-02 9.998226e-01 3.811756e-05 -5.873586e+01 1.484877e-03 -1.014800e-05 9.999989e-01 1.122465e+02
9.998163e-01 1.886690e-02 3.379627e-03 3.697077e+01 -1.885771e-02 9.998184e-01 -2.730370e-03 -5.925671e+01 -3.430527e-03 2.666136e-03 9.999906e-01 1.132114e+02
9.997759e-01 1.876971e-02 9.785994e-03 3.729606e+01 -1.873704e-02 9.998186e-01 -3.419740e-03 -5.977541e+01 -9.848406e-03 3.235613e-03 9.999463e-01 1.141783e+02
9.997651e-01 1.868108e-02 1.098691e-02 3.762263e+01 -1.865675e-02 9.998233e-01 -2.312691e-03 -6.028923e+01 -1.102817e-02 2.107167e-03 9.999370e-01 1.151532e+02
9.998007e-01 1.903678e-02 6.021654e-03 3.793694e+01 -1.901903e-02 9.998146e-01 -2.990683e-03 -6.078764e+01 -6.077471e-03 2.875561e-03 9.999774e-01 1.161417e+02
9.998001e-01 1.880242e-02 6.799795e-03 3.825890e+01 -1.878085e-02 9.998184e-01 -3.222661e-03 -6.129663e+01 -6.859154e-03 3.094310e-03 9.999717e-01 1.171175e+02
9.997976e-01 1.865506e-02 7.533993e-03 3.858211e+01 -1.864284e-02 9.998248e-01 -1.688401e-03 -6.180643e+01 -7.564170e-03 1.547604e-03 9.999702e-01 1.180891e+02
9.997970e-01 1.869500e-02 7.518098e-03 3.890159e+01 -1.868800e-02 9.998249e-01 -9.995476e-04 -6.231385e+01 -7.535468e-03 8.588465e-04 9.999712e-01 1.190644e+02
9.997921e-01 1.887800e-02 7.706648e-03 3.921538e+01 -1.887083e-02 9.998214e-01 -1.002618e-03 -6.281808e+01 -7.724199e-03 8.569787e-04 9.999698e-01 1.200456e+02
9.997923e-01 1.864090e-02 8.234794e-03 3.953073e+01 -1.864182e-02 9.998262e-01 3.549704e-05 -6.332098e+01 -8.232701e-03 -1.890012e-04 9.999661e-01 1.210257e+02
9.997804e-01 1.872444e-02 9.405690e-03 3.984722e+01 -1.873717e-02 9.998236e-01 1.267042e-03 -6.382448e+01 -9.380307e-03 -1.443000e-03 9.999550e-01 1.220028e+02
9.997789e-01 1.874771e-02 9.519686e-03 4.016676e+01 -1.876363e-02 9.998227e-01 1.585796e-03 -6.433213e+01 -9.488268e-03 -1.764069e-03 9.999534e-01 1.229734e+02
9.997902e-01 1.872228e-02 8.304738e-03 4.048243e+01 -1.873872e-02 9.998226e-01 1.905449e-03 -6.483170e+01 -8.267590e-03 -2.060670e-03 9.999637e-01 1.239520e+02
9.997895e-01 1.881637e-02 8.181287e-03 4.080002e+01 -1.884271e-02 9.998175e-01 3.155590e-03 -6.533167e+01 -8.120417e-03 -3.309084e-03 9.999616e-01 1.249289e+02
9.997855e-01 1.905407e-02 8.120767e-03 4.111741e+01 -1.908313e-02 9.998117e-01 3.516739e-03 -6.583220e+01 -8.052230e-03 -3.670954e-03 9.999608e-01 1.259045e+02
9.997837e-01 1.909754e-02 8.241118e-03 4.143334e+01 -1.912438e-02 9.998120e-01 3.191311e-03 -6.633348e+01 -8.178623e-03 -3.348226e-03 9.999609e-01 1.268785e+02
9.997801e-01 1.913033e-02 8.588472e-03 4.175342e+01 -1.917545e-02 9.998026e-01 5.201621e-03 -6.683786e+01 -8.487268e-03 -5.365165e-03 9.999496e-01 1.278459e+02
9.997749e-01 1.953904e-02 8.266397e-03 4.207073e+01 -1.958319e-02 9.997942e-01 5.294083e-03 -6.734146e+01 -8.161255e-03 -5.454774e-03 9.999518e-01 1.288135e+02
9.997822e-01 1.956785e-02 7.254218e-03 4.238359e+01 -1.960065e-02 9.997979e-01 4.478325e-03 -6.783597e+01 -7.165120e-03 -4.619537e-03 9.999637e-01 1.297841e+02
9.997951e-01 1.925388e-02 6.254795e-03 4.269856e+01 -1.928020e-02 9.998054e-01 4.175786e-03 -6.833034e+01 -6.173177e-03 -4.295524e-03 9.999717e-01 1.307536e+02
9.997957e-01 1.925837e-02 6.143703e-03 4.301415e+01 -1.928610e-02 9.998039e-01 4.487503e-03 -6.882633e+01 -6.056076e-03 -4.605074e-03 9.999711e-01 1.317210e+02
9.997587e-01 1.933117e-02 1.043548e-02 4.333106e+01 -1.935617e-02 9.998100e-01 2.300045e-03 -6.933487e+01 -1.038904e-02 -2.501481e-03 9.999429e-01 1.326788e+02
9.997243e-01 1.907694e-02 1.368567e-02 4.364471e+01 -1.906257e-02 9.998176e-01 -1.179688e-03 -6.984030e+01 -1.370568e-02 9.184792e-04 9.999057e-01 1.336391e+02
9.997315e-01 1.841895e-02 1.405719e-02 4.395540e+01 -1.835902e-02 9.998219e-01 -4.380317e-03 -7.033764e+01 -1.413536e-02 4.121065e-03 9.998916e-01 1.346037e+02
9.997985e-01 1.818031e-02 8.506438e-03 4.426174e+01 -1.814249e-02 9.998253e-01 -4.502245e-03 -7.082601e+01 -8.586804e-03 4.347010e-03 9.999537e-01 1.355752e+02
9.998080e-01 1.896161e-02 4.947387e-03 4.457070e+01 -1.893047e-02 9.998012e-01 -6.266604e-03 -7.132546e+01 -5.065228e-03 6.171744e-03 9.999681e-01 1.365366e+02
9.998293e-01 1.847490e-02 -2.599778e-04 4.487778e+01 -1.847625e-02 9.998059e-01 -6.837103e-03 -7.181980e+01 1.336126e-04 6.840739e-03 9.999766e-01 1.375001e+02
9.998339e-01 1.799931e-02 2.846601e-03 4.519593e+01 -1.798655e-02 9.998284e-01 -4.444342e-03 -7.232207e+01 -2.926108e-03 4.392404e-03 9.999861e-01 1.384502e+02
9.998309e-01 1.761772e-02 5.266029e-03 4.550800e+01 -1.759640e-02 9.998369e-01 -4.068126e-03 -7.282398e+01 -5.336841e-03 3.974775e-03 9.999779e-01 1.394025e+02
9.998376e-01 1.727169e-02 5.138973e-03 4.581470e+01 -1.722960e-02 9.998185e-01 -8.124931e-03 -7.332707e+01 -5.278372e-03 8.035069e-03 9.999538e-01 1.403577e+02
9.998476e-01 1.658226e-02 5.456619e-03 4.612103e+01 -1.653717e-02 9.998296e-01 -8.206133e-03 -7.382354e+01 -5.591766e-03 8.114646e-03 9.999514e-01 1.413135e+02
9.998209e-01 1.641564e-02 9.414572e-03 4.643339e+01 -1.635690e-02 9.998465e-01 -6.283079e-03 -7.432298e+01 -9.516267e-03 6.127961e-03 9.999359e-01 1.422595e+02
9.997664e-01 1.647682e-02 1.398501e-02 4.674164e+01 -1.635065e-02 9.998250e-01 -9.088659e-03 -7.482335e+01 -1.413232e-02 8.857872e-03 9.998609e-01 1.432019e+02
9.998166e-01 1.587524e-02 1.070834e-02 4.704283e+01 -1.578250e-02 9.998377e-01 -8.689905e-03 -7.530208e+01 -1.084455e-02 8.519307e-03 9.999049e-01 1.441578e+02
9.998297e-01 1.536905e-02 1.021713e-02 4.734680e+01 -1.529744e-02 9.998581e-01 -7.050565e-03 -7.578199e+01 -1.032405e-02 6.893068e-03 9.999229e-01 1.451067e+02
9.998459e-01 1.486145e-02 9.344165e-03 4.764930e+01 -1.479698e-02 9.998665e-01 -6.930366e-03 -7.626546e+01 -9.445913e-03 6.791032e-03 9.999323e-01 1.460519e+02
9.998320e-01 1.408485e-02 1.173029e-02 4.795138e+01 -1.399373e-02 9.998715e-01 -7.814587e-03 -7.675758e+01 -1.183885e-02 7.649124e-03 9.999007e-01 1.469889e+02
9.998135e-01 1.341995e-02 1.388963e-02 4.825285e+01 -1.332013e-02 9.998850e-01 -7.254665e-03 -7.724301e+01 -1.398539e-02 7.068301e-03 9.998772e-01 1.479294e+02
9.998579e-01 1.259277e-02 1.120498e-02 4.855601e+01 -1.254014e-02 9.999101e-01 -4.755123e-03 -7.772529e+01 -1.126385e-02 4.613935e-03 9.999259e-01 1.488736e+02
9.999152e-01 1.204336e-02 4.947559e-03 4.885013e+01 -1.202388e-02 9.999199e-01 -3.946862e-03 -7.819938e+01 -4.994696e-03 3.887038e-03 9.999800e-01 1.498239e+02
9.999237e-01 1.150692e-02 4.495320e-03 4.914745e+01 -1.149041e-02 9.999272e-01 -3.681675e-03 -7.868265e+01 -4.537357e-03 3.629741e-03 9.999831e-01 1.507620e+02
9.999151e-01 1.071652e-02 7.418768e-03 4.945118e+01 -1.069544e-02 9.999387e-01 -2.875553e-03 -7.917731e+01 -7.449129e-03 2.795962e-03 9.999683e-01 1.516855e+02
9.999130e-01 1.018123e-02 8.386756e-03 4.974770e+01 -1.015606e-02 9.999438e-01 -3.037874e-03 -7.966443e+01 -8.417214e-03 2.952433e-03 9.999602e-01 1.526172e+02
9.999051e-01 9.618920e-03 9.864825e-03 5.004372e+01 -9.587543e-03 9.999488e-01 -3.223141e-03 -8.014965e+01 -9.895323e-03 3.128256e-03 9.999461e-01 1.535492e+02
9.998989e-01 9.114702e-03 1.091452e-02 5.033705e+01 -9.077535e-03 9.999528e-01 -3.450022e-03 -8.063224e+01 -1.094545e-02 3.350596e-03 9.999345e-01 1.544813e+02
9.999054e-01 8.596148e-03 1.073325e-02 5.062995e+01 -8.563629e-03 9.999586e-01 -3.072062e-03 -8.111433e+01 -1.075921e-02 2.979856e-03 9.999377e-01 1.554121e+02
9.999230e-01 8.710022e-03 8.838938e-03 5.092111e+01 -8.688644e-03 9.999592e-01 -2.454185e-03 -8.159705e+01 -8.859954e-03 2.377198e-03 9.999579e-01 1.563401e+02
9.999436e-01 8.547151e-03 6.310944e-03 5.121150e+01 -8.538054e-03 9.999625e-01 -1.467014e-03 -8.207759e+01 -6.323246e-03 1.413048e-03 9.999790e-01 1.572658e+02
9.999453e-01 8.591499e-03 5.970448e-03 5.150325e+01 -8.593690e-03 9.999630e-01 3.414515e-04 -8.255956e+01 -5.967293e-03 -3.927410e-04 9.999821e-01 1.581866e+02
9.999424e-01 8.343155e-03 6.748144e-03 5.179689e+01 -8.355873e-03 9.999634e-01 1.858623e-03 -8.304372e+01 -6.732390e-03 -1.914902e-03 9.999755e-01 1.591041e+02
9.999291e-01 8.484901e-03 8.353461e-03 5.209056e+01 -8.511143e-03 9.999589e-01 3.110929e-03 -8.352895e+01 -8.326722e-03 -3.181806e-03 9.999603e-01 1.600200e+02
9.999258e-01 8.589467e-03 8.641522e-03 5.238348e+01 -8.627036e-03 9.999535e-01 4.319567e-03 -8.401220e+01 -8.604017e-03 -4.393797e-03 9.999533e-01 1.609388e+02
9.999318e-01 8.692516e-03 7.795055e-03 5.267663e+01 -8.737910e-03 9.999450e-01 5.808307e-03 -8.449222e+01 -7.744137e-03 -5.876024e-03 9.999527e-01 1.618598e+02
9.999406e-01 8.884843e-03 6.320154e-03 5.296978e+01 -8.924440e-03 9.999406e-01 6.264781e-03 -8.496743e+01 -6.264117e-03 -6.320812e-03 9.999604e-01 1.627847e+02
9.999512e-01 8.896429e-03 4.293151e-03 5.326292e+01 -8.924442e-03 9.999387e-01 6.550674e-03 -8.544255e+01 -4.234610e-03 -6.588668e-03 9.999693e-01 1.637092e+02
9.999483e-01 9.161117e-03 4.418178e-03 5.355703e+01 -9.187283e-03 9.999402e-01 5.938914e-03 -8.592251e+01 -4.363507e-03 -5.979198e-03 9.999726e-01 1.646289e+02
9.999403e-01 9.256744e-03 5.805097e-03 5.385109e+01 -9.288850e-03 9.999416e-01 5.528240e-03 -8.640765e+01 -5.753585e-03 -5.581833e-03 9.999679e-01 1.655425e+02
9.999371e-01 9.445546e-03 6.050895e-03 5.414163e+01 -9.470446e-03 9.999468e-01 4.099664e-03 -8.688957e+01 -6.011850e-03 -4.156710e-03 9.999733e-01 1.664617e+02
9.999444e-01 9.222568e-03 5.104127e-03 5.443036e+01 -9.237474e-03 9.999531e-01 2.904400e-03 -8.736797e+01 -5.077102e-03 -2.951388e-03 9.999828e-01 1.673855e+02
9.999440e-01 9.518259e-03 4.634522e-03 5.471853e+01 -9.528873e-03 9.999520e-01 2.273481e-03 -8.784364e+01 -4.612660e-03 -2.317516e-03 9.999867e-01 1.683100e+02
9.999382e-01 9.676948e-03 5.467716e-03 5.500872e+01 -9.683572e-03 9.999524e-01 1.186350e-03 -8.832493e+01 -5.455976e-03 -1.239224e-03 9.999843e-01 1.692298e+02
9.999265e-01 1.008701e-02 6.719148e-03 5.530211e+01 -1.009323e-02 9.999487e-01 8.918035e-04 -8.881037e+01 -6.709808e-03 -9.595559e-04 9.999770e-01 1.701445e+02
9.999278e-01 1.000554e-02 6.647962e-03 5.559364e+01 -1.001141e-02 9.999495e-01 8.509771e-04 -8.929284e+01 -6.639112e-03 -9.174712e-04 9.999775e-01 1.710631e+02
9.999273e-01 1.031589e-02 6.241977e-03 5.588354e+01 -1.032202e-02 9.999463e-01 9.506853e-04 -8.978314e+01 -6.231835e-03 -1.015046e-03 9.999801e-01 1.719821e+02
9.999315e-01 1.043593e-02 5.307264e-03 5.617111e+01 -1.043595e-02 9.999455e-01 -2.274077e-05 -9.027088e+01 -5.307212e-03 -3.264715e-05 9.999859e-01 1.729030e+02
9.999286e-01 1.049516e-02 5.721963e-03 5.646045e+01 -1.049225e-02 9.999448e-01 -5.378538e-04 -9.075970e+01 -5.727292e-03 4.777791e-04 9.999835e-01 1.738205e+02
9.999145e-01 1.074400e-02 7.448675e-03 5.675399e+01 -1.073879e-02 9.999421e-01 -7.382174e-04 -9.124395e+01 -7.456175e-03 6.581645e-04 9.999720e-01 1.747338e+02
9.998992e-01 1.083026e-02 9.182868e-03 5.704592e+01 -1.080829e-02 9.999386e-01 -2.439206e-03 -9.172766e+01 -9.208721e-03 2.339709e-03 9.999549e-01 1.756501e+02
9.998930e-01 1.086601e-02 9.793803e-03 5.733652e+01 -1.082765e-02 9.999335e-01 -3.961018e-03 -9.220788e+01 -9.836192e-03 3.854551e-03 9.999442e-01 1.765702e+02
9.998788e-01 1.044155e-02 1.154778e-02 5.762726e+01 -1.037950e-02 9.999314e-01 -5.420975e-03 -9.268690e+01 -1.160359e-02 5.300458e-03 9.999186e-01 1.774879e+02
9.998963e-01 1.026708e-02 1.010171e-02 5.791457e+01 -1.019960e-02 9.999255e-01 -6.709002e-03 -9.316262e+01 -1.016984e-02 6.605272e-03 9.999265e-01 1.784080e+02
9.999025e-01 1.007037e-02 9.674380e-03 5.820161e+01 -9.992354e-03 9.999174e-01 -8.078623e-03 -9.363955e+01 -9.754936e-03 7.981165e-03 9.999206e-01 1.793211e+02
9.998964e-01 9.915130e-03 1.043008e-02 5.848715e+01 -9.819093e-03 9.999093e-01 -9.218978e-03 -9.411039e+01 -1.052055e-02 9.115609e-03 9.999031e-01 1.802293e+02
9.998857e-01 9.384164e-03 1.185598e-02 5.877544e+01 -9.266821e-03 9.999079e-01 -9.913879e-03 -9.458295e+01 -1.194792e-02 9.802879e-03 9.998806e-01 1.811327e+02
9.998920e-01 8.967097e-03 1.164551e-02 5.906179e+01 -8.849592e-03 9.999098e-01 -1.010278e-02 -9.505253e+01 -1.173505e-02 9.998635e-03 9.998812e-01 1.820372e+02
9.999254e-01 8.739353e-03 8.535398e-03 5.934395e+01 -8.655647e-03 9.999146e-01 -9.795169e-03 -9.551716e+01 -8.620272e-03 9.720559e-03 9.999156e-01 1.829460e+02
9.999420e-01 8.591736e-03 6.489382e-03 5.962985e+01 -8.533084e-03 9.999230e-01 -9.012440e-03 -9.598854e+01 -6.566315e-03 8.956543e-03 9.999383e-01 1.838522e+02
9.999473e-01 8.247545e-03 6.112781e-03 5.991495e+01 -8.192916e-03 9.999268e-01 -8.908613e-03 -9.645878e+01 -6.185808e-03 8.858062e-03 9.999416e-01 1.847580e+02
9.999373e-01 7.902116e-03 7.929875e-03 6.020292e+01 -7.835700e-03 9.999343e-01 -8.371848e-03 -9.693273e+01 -7.995509e-03 8.309187e-03 9.999335e-01 1.856596e+02
9.999296e-01 7.580563e-03 9.132614e-03 6.049124e+01 -7.511458e-03 9.999431e-01 -7.577524e-03 -9.740555e+01 -9.189536e-03 7.508391e-03 9.999296e-01 1.865615e+02
9.999343e-01 7.290074e-03 8.841445e-03 6.077404e+01 -7.220099e-03 9.999426e-01 -7.920722e-03 -9.787517e+01 -8.898680e-03 7.856366e-03 9.999295e-01 1.874659e+02
9.999342e-01 7.184216e-03 8.943233e-03 6.105805e+01 -7.120062e-03 9.999488e-01 -7.184758e-03 -9.834642e+01 -8.994393e-03 7.120609e-03 9.999342e-01 1.883666e+02
9.999402e-01 6.988085e-03 8.411538e-03 6.134067e+01 -6.921735e-03 9.999449e-01 -7.891444e-03 -9.882064e+01 -8.466221e-03 7.832750e-03 9.999335e-01 1.892660e+02
9.999497e-01 6.680842e-03 7.477847e-03 6.162220e+01 -6.621135e-03 9.999462e-01 -7.980977e-03 -9.929351e+01 -7.530764e-03 7.931064e-03 9.999402e-01 1.901659e+02
9.999480e-01 6.334169e-03 7.988832e-03 6.190670e+01 -6.283075e-03 9.999598e-01 -6.404594e-03 -9.976746e+01 -8.029078e-03 6.354067e-03 9.999476e-01 1.910626e+02
9.999512e-01 6.182090e-03 7.703353e-03 6.218908e+01 -6.133107e-03 9.999609e-01 -6.366106e-03 -1.002413e+02 -7.742408e-03 6.318550e-03 9.999501e-01 1.919598e+02
9.999453e-01 6.028578e-03 8.544493e-03 6.247017e+01 -5.969825e-03 9.999585e-01 -6.885054e-03 -1.007140e+02 -8.585645e-03 6.833669e-03 9.999398e-01 1.928562e+02
9.999326e-01 5.488697e-03 1.022767e-02 6.275261e+01 -5.431741e-03 9.999696e-01 -5.588343e-03 -1.011842e+02 -1.025803e-02 5.532413e-03 9.999321e-01 1.937513e+02
9.999218e-01 5.654975e-03 1.115513e-02 6.303125e+01 -5.599308e-03 9.999717e-01 -5.015206e-03 -1.016545e+02 -1.118317e-02 4.952353e-03 9.999252e-01 1.946464e+02
9.999345e-01 5.373024e-03 1.010938e-02 6.330759e+01 -5.320466e-03 9.999722e-01 -5.218668e-03 -1.021220e+02 -1.013714e-02 5.164540e-03 9.999353e-01 1.955438e+02
9.999529e-01 5.511445e-03 7.985619e-03 6.358189e+01 -5.469199e-03 9.999710e-01 -5.302495e-03 -1.025867e+02 -8.014611e-03 5.258570e-03 9.999541e-01 1.964426e+02
9.999712e-01 5.216845e-03 5.513550e-03 6.386116e+01 -5.192951e-03 9.999771e-01 -4.339167e-03 -1.030530e+02 -5.536061e-03 4.310410e-03 9.999754e-01 1.973383e+02
9.999821e-01 5.494281e-03 2.384048e-03 6.413852e+01 -5.488693e-03 9.999822e-01 -2.344037e-03 -1.035151e+02 -2.396885e-03 2.330909e-03 9.999944e-01 1.982348e+02
9.999839e-01 5.669039e-03 7.082104e-05 6.441468e+01 -5.668923e-03 9.999827e-01 -1.538046e-03 -1.039781e+02 -7.953907e-05 1.537620e-03 9.999988e-01 1.991309e+02
9.999838e-01 5.660655e-03 -6.173623e-04 6.469590e+01 -5.660188e-03 9.999837e-01 7.549075e-04 -1.044435e+02 6.216255e-04 -7.514009e-04 9.999995e-01 2.000254e+02
9.999830e-01 5.531162e-03 1.865598e-03 6.498073e+01 -5.535087e-03 9.999825e-01 2.105558e-03 -1.049158e+02 -1.853919e-03 -2.115848e-03 9.999960e-01 2.009160e+02
9.999801e-01 5.683929e-03 2.731828e-03 6.526638e+01 -5.690982e-03 9.999805e-01 2.581172e-03 -1.053926e+02 -2.717103e-03 -2.596668e-03 9.999929e-01 2.018106e+02
9.999731e-01 5.672192e-03 4.642836e-03 6.555188e+01 -5.685689e-03 9.999796e-01 2.899002e-03 -1.058703e+02 -4.626298e-03 -2.925322e-03 9.999850e-01 2.027089e+02
9.999713e-01 5.515461e-03 5.203650e-03 6.583330e+01 -5.523035e-03 9.999837e-01 1.442351e-03 -1.063469e+02 -5.195610e-03 -1.471050e-03 9.999854e-01 2.036117e+02
9.999651e-01 5.707948e-03 6.106303e-03 6.611540e+01 -5.710128e-03 9.999836e-01 3.397228e-04 -1.068247e+02 -6.104264e-03 -3.745787e-04 9.999813e-01 2.045143e+02
9.999630e-01 5.613788e-03 6.521087e-03 6.639710e+01 -5.611134e-03 9.999842e-01 -4.252894e-04 -1.072997e+02 -6.523371e-03 3.886829e-04 9.999786e-01 2.054186e+02
9.999635e-01 5.863561e-03 6.216101e-03 6.667884e+01 -5.852469e-03 9.999813e-01 -1.801171e-03 -1.077741e+02 -6.226545e-03 1.764725e-03 9.999791e-01 2.063210e+02
9.999615e-01 5.809028e-03 6.580381e-03 6.696342e+01 -5.793778e-03 9.999805e-01 -2.334118e-03 -1.082492e+02 -6.593811e-03 2.295903e-03 9.999756e-01 2.072231e+02
9.999701e-01 6.079521e-03 4.784457e-03 6.725206e+01 -6.068462e-03 9.999789e-01 -2.322659e-03 -1.087208e+02 -4.798476e-03 2.293555e-03 9.999859e-01 2.081299e+02
9.999712e-01 6.297789e-03 4.242443e-03 6.754053e+01 -6.282962e-03 9.999741e-01 -3.499242e-03 -1.091946e+02 -4.264371e-03 3.472486e-03 9.999849e-01 2.090351e+02
9.999713e-01 6.167555e-03 4.404322e-03 6.783074e+01 -6.152478e-03 9.999752e-01 -3.428519e-03 -1.096687e+02 -4.425358e-03 3.401323e-03 9.999844e-01 2.099390e+02
9.999606e-01 6.346006e-03 6.206494e-03 6.811753e+01 -6.322139e-03 9.999726e-01 -3.857457e-03 -1.101457e+02 -6.230803e-03 3.818067e-03 9.999733e-01 2.108391e+02
9.999599e-01 6.160263e-03 6.496903e-03 6.840090e+01 -6.127686e-03 9.999686e-01 -5.022276e-03 -1.106298e+02 -6.527638e-03 4.982263e-03 9.999663e-01 2.117405e+02
9.999476e-01 6.170349e-03 8.170619e-03 6.868288e+01 -6.128879e-03 9.999683e-01 -5.090892e-03 -1.111170e+02 -8.201772e-03 5.040548e-03 9.999537e-01 2.126406e+02
9.999431e-01 6.313496e-03 8.601308e-03 6.896369e+01 -6.270066e-03 9.999675e-01 -5.066865e-03 -1.116019e+02 -8.633018e-03 5.012646e-03 9.999502e-01 2.135421e+02
9.999344e-01 6.428731e-03 9.480133e-03 6.924553e+01 -6.376816e-03 9.999646e-01 -5.496332e-03 -1.120865e+02 -9.515131e-03 5.435518e-03 9.999400e-01 2.144424e+02
9.999509e-01 6.658669e-03 7.340443e-03 6.952692e+01 -6.623971e-03 9.999668e-01 -4.741146e-03 -1.125562e+02 -7.371769e-03 4.692291e-03 9.999618e-01 2.153495e+02
9.999535e-01 6.825344e-03 6.814974e-03 6.980853e+01 -6.796819e-03 9.999681e-01 -4.200151e-03 -1.130291e+02 -6.843424e-03 4.153635e-03 9.999680e-01 2.162523e+02
9.999370e-01 6.956062e-03 8.813791e-03 7.009056e+01 -6.933030e-03 9.999725e-01 -2.640964e-03 -1.135024e+02 -8.831919e-03 2.579691e-03 9.999577e-01 2.171515e+02
9.999111e-01 6.761440e-03 1.149539e-02 7.037485e+01 -6.743562e-03 9.999760e-01 -1.593245e-03 -1.139760e+02 -1.150589e-02 1.515583e-03 9.999327e-01 2.180481e+02
9.999089e-01 7.156959e-03 1.143992e-02 7.065401e+01 -7.131125e-03 9.999719e-01 -2.297430e-03 -1.144485e+02 -1.145604e-02 2.215641e-03 9.999319e-01 2.189479e+02
