1.000000e+00 -7.353485e-07 6.554060e-07 0.000000e+00 -7.353485e-07 1.000001e+00 -8.976423e-07 0.000000e+00 6.554060e-07 -8.976423e-07 9.999989e-01 0.000000e+00
9.993559e-01 8.407151e-03 -3.490824e-02 -6.048455e-02 -8.467883e-03 9.999634e-01 -1.552581e-03 -2.009925e-02 3.489464e-02 1.845765e-03 9.993884e-01 2.022777e-01
9.974618e-01 1.680567e-02 -6.920314e-02 -1.262649e-01 -1.698581e-02 9.998542e-01 -2.007998e-03 -3.727664e-02 6.915973e-02 3.176569e-03 9.975999e-01 4.146973e-01
9.945745e-01 1.962424e-02 -1.021636e-01 -1.851261e-01 -1.981976e-02 9.998036e-01 -8.890377e-04 -5.736936e-02 1.021257e-01 2.907376e-03 9.947664e-01 6.389569e-01
9.907628e-01 2.197647e-02 -1.338169e-01 -2.486050e-01 -2.191948e-02 9.997584e-01 1.905016e-03 -7.959217e-02 1.338274e-01 1.043778e-03 9.910034e-01 8.734918e-01
9.862935e-01 2.459237e-02 -1.631623e-01 -3.204163e-01 -2.438645e-02 9.996978e-01 3.270085e-03 -1.026060e-01 1.631939e-01 7.521423e-04 9.865923e-01 1.116684e+00
9.812349e-01 2.882094e-02 -1.906533e-01 -4.012895e-01 -2.860537e-02 9.995837e-01 3.889222e-03 -1.239459e-01 1.906863e-01 1.635780e-03 9.816486e-01 1.368145e+00
9.761821e-01 2.802699e-02 -2.151389e-01 -4.776291e-01 -2.802044e-02 9.996031e-01 3.086420e-03 -1.507555e-01 2.151407e-01 3.014010e-03 9.765781e-01 1.629296e+00
9.713841e-01 2.898924e-02 -2.357390e-01 -5.595895e-01 -2.904090e-02 9.995735e-01 3.259190e-03 -1.744922e-01 2.357333e-01 3.678338e-03 9.718101e-01 1.904211e+00
9.670797e-01 3.146185e-02 -2.525210e-01 -6.495977e-01 -3.128438e-02 9.994999e-01 4.721382e-03 -1.997999e-01 2.525440e-01 3.332054e-03 9.675793e-01 2.190533e+00
9.634519e-01 3.817724e-02 -2.651465e-01 -7.503345e-01 -3.723145e-02 9.992701e-01 8.597171e-03 -2.275896e-01 2.652826e-01 1.587242e-03 9.641686e-01 2.489882e+00
9.602546e-01 4.388428e-02 -2.756568e-01 -8.536098e-01 -4.227468e-02 9.990370e-01 1.178298e-02 -2.552695e-01 2.759083e-01 3.370547e-04 9.611830e-01 2.798799e+00
9.578510e-01 4.745082e-02 -2.833229e-01 -9.544321e-01 -4.571293e-02 9.988738e-01 1.275062e-02 -2.831551e-01 2.836097e-01 7.368300e-04 9.589391e-01 3.117440e+00
9.565706e-01 5.021843e-02 -2.871455e-01 -1.054796e+00 -4.856384e-02 9.987374e-01 1.289083e-02 -3.092079e-01 2.874313e-01 1.611734e-03 9.577985e-01 3.446938e+00
9.561126e-01 5.073418e-02 -2.885757e-01 -1.149671e+00 -4.858392e-02 9.987127e-01 1.461738e-02 -3.379960e-01 2.889466e-01 4.294995e-05 9.573444e-01 3.794875e+00
9.561014e-01 4.942804e-02 -2.888389e-01 -1.241264e+00 -4.703075e-02 9.987777e-01 1.524243e-02 -3.719839e-01 2.892403e-01 -9.908614e-04 9.572558e-01 4.154090e+00
9.568855e-01 4.707043e-02 -2.866262e-01 -1.332674e+00 -4.473340e-02 9.988913e-01 1.470391e-02 -4.091040e-01 2.870008e-01 -1.249456e-03 9.579290e-01 4.528691e+00
9.581273e-01 4.594512e-02 -2.826349e-01 -1.427374e+00 -4.335187e-02 9.989412e-01 1.542947e-02 -4.433828e-01 2.830442e-01 -2.532209e-03 9.591027e-01 4.918931e+00
9.597261e-01 4.511663e-02 -2.772922e-01 -1.521794e+00 -4.238240e-02 9.989762e-01 1.585077e-02 -4.758191e-01 2.777245e-01 -3.461736e-03 9.606538e-01 5.325048e+00
9.618293e-01 4.442503e-02 -2.700201e-01 -1.616814e+00 -4.152640e-02 9.990026e-01 1.644592e-02 -5.116090e-01 2.704822e-01 -4.606489e-03 9.627132e-01 5.745897e+00
9.642997e-01 4.619266e-02 -2.607545e-01 -1.713144e+00 -4.315103e-02 9.989178e-01 1.738380e-02 -5.472924e-01 2.612760e-01 -5.512589e-03 9.652476e-01 6.181185e+00
9.670551e-01 4.481897e-02 -2.505929e-01 -1.801267e+00 -4.171248e-02 9.989734e-01 1.770138e-02 -5.829096e-01 2.511306e-01 -6.666970e-03 9.679295e-01 6.633481e+00
9.699497e-01 4.508027e-02 -2.390947e-01 -1.888298e+00 -4.169234e-02 9.989462e-01 1.921560e-02 -6.225740e-01 2.397090e-01 -8.671256e-03 9.708051e-01 7.103119e+00
9.729075e-01 4.422801e-02 -2.269256e-01 -1.971025e+00 -4.050398e-02 9.989581e-01 2.104898e-02 -6.627813e-01 2.276205e-01 -1.128873e-02 9.736831e-01 7.586540e+00
9.757469e-01 3.978815e-02 -2.152599e-01 -2.041038e+00 -3.599343e-02 9.991207e-01 2.152728e-02 -7.049036e-01 2.159276e-01 -1.325872e-02 9.763187e-01 8.082721e+00
9.784887e-01 3.574033e-02 -2.031848e-01 -2.106286e+00 -3.207884e-02 9.992590e-01 2.129249e-02 -7.484580e-01 2.037961e-01 -1.431868e-02 9.789078e-01 8.590405e+00
9.812300e-01 3.147601e-02 -1.902571e-01 -2.168295e+00 -2.833728e-02 9.994145e-01 1.920073e-02 -7.917978e-01 1.907511e-01 -1.345098e-02 9.815457e-01 9.108487e+00
9.836467e-01 2.759498e-02 -1.779849e-01 -2.225366e+00 -2.491425e-02 9.995406e-01 1.728654e-02 -8.353181e-01 1.783805e-01 -1.257109e-02 9.838810e-01 9.639609e+00
9.855991e-01 2.223557e-02 -1.676350e-01 -2.278629e+00 -1.962057e-02 9.996592e-01 1.724274e-02 -8.802830e-01 1.679619e-01 -1.370699e-02 9.856970e-01 1.018662e+01
9.868592e-01 1.490946e-02 -1.608949e-01 -2.325877e+00 -1.216070e-02 9.997634e-01 1.806203e-02 -9.269499e-01 1.611268e-01 -1.586997e-02 9.868052e-01 1.074355e+01
9.874717e-01 7.854710e-03 -1.576030e-01 -2.374144e+00 -5.042859e-03 9.998213e-01 1.824116e-02 -9.753527e-01 1.577196e-01 -1.721979e-02 9.873329e-01 1.131112e+01
9.876636e-01 5.653685e-04 -1.565945e-01 -2.425616e+00 2.462508e-03 9.998141e-01 1.914478e-02 -1.025600e+00 1.565774e-01 -1.929594e-02 9.874759e-01 1.188885e+01
9.875341e-01 -4.190491e-03 -1.573568e-01 -2.485199e+00 7.467518e-03 9.997677e-01 2.024337e-02 -1.072999e+00 1.572362e-01 -2.116783e-02 9.873333e-01 1.247701e+01
9.870251e-01 -9.256365e-03 -1.603023e-01 -2.549507e+00 1.262557e-02 9.997204e-01 2.001646e-02 -1.120397e+00 1.600734e-01 -2.178238e-02 9.868636e-01 1.307425e+01
9.858696e-01 -1.322299e-02 -1.669972e-01 -2.625139e+00 1.660020e-02 9.996850e-01 1.884648e-02 -1.170011e+00 1.666958e-01 -2.135370e-02 9.857760e-01 1.367888e+01
9.842665e-01 -1.509846e-02 -1.760444e-01 -2.712271e+00 1.849186e-02 9.996735e-01 1.765860e-02 -1.223191e+00 1.757212e-01 -2.063738e-02 9.842223e-01 1.428937e+01
9.827369e-01 -1.865392e-02 -1.840682e-01 -2.803437e+00 2.161280e-02 9.996676e-01 1.408849e-02 -1.280726e+00 1.837445e-01 -1.782506e-02 9.828115e-01 1.490913e+01
9.814948e-01 -2.015451e-02 -1.904280e-01 -2.901329e+00 2.253195e-02 9.996933e-01 1.033057e-02 -1.336520e+00 1.901613e-01 -1.443169e-02 9.816454e-01 1.553906e+01
9.803121e-01 -1.864971e-02 -1.965769e-01 -3.012041e+00 2.091974e-02 9.997367e-01 9.480845e-03 -1.390128e+00 1.963486e-01 -1.340796e-02 9.804418e-01 1.618200e+01
9.789129e-01 -1.825670e-02 -2.034636e-01 -3.125969e+00 2.085794e-02 9.997262e-01 1.065192e-02 -1.446079e+00 2.032138e-01 -1.467235e-02 9.790239e-01 1.683504e+01
9.774920e-01 -1.752291e-02 -2.102463e-01 -3.245298e+00 2.074574e-02 9.996990e-01 1.313919e-02 -1.504381e+00 2.099527e-01 -1.720656e-02 9.775592e-01 1.749771e+01
9.762761e-01 -1.625915e-02 -2.159218e-01 -3.366448e+00 1.954645e-02 9.997236e-01 1.310252e-02 -1.567096e+00 2.156499e-01 -1.701353e-02 9.763221e-01 1.816369e+01
9.756931e-01 -1.031509e-02 -2.189025e-01 -3.503133e+00 1.312448e-02 9.998495e-01 1.138987e-02 -1.625447e+00 2.187526e-01 -1.398746e-02 9.756791e-01 1.883032e+01
9.752785e-01 -5.469328e-03 -2.209165e-01 -3.639412e+00 7.415593e-03 9.999412e-01 7.984660e-03 -1.686011e+00 2.208605e-01 -9.427470e-03 9.752595e-01 1.950097e+01
9.748659e-01 -4.055986e-03 -2.227582e-01 -3.771759e+00 5.504494e-03 9.999680e-01 5.885094e-03 -1.750717e+00 2.227276e-01 -6.964847e-03 9.748555e-01 2.018223e+01
9.747654e-01 -2.726162e-03 -2.232150e-01 -3.905534e+00 4.606977e-03 9.999586e-01 7.910095e-03 -1.813683e+00 2.231850e-01 -8.740648e-03 9.747357e-01 2.087667e+01
9.746406e-01 1.114525e-03 -2.237749e-01 -4.047412e+00 1.117691e-03 9.999513e-01 9.853270e-03 -1.874862e+00 2.237764e-01 -9.855414e-03 9.745898e-01 2.157500e+01
9.743658e-01 6.959916e-03 -2.248622e-01 -4.194026e+00 -3.837108e-03 9.998905e-01 1.432634e-02 -1.936538e+00 2.249382e-01 -1.309756e-02 9.742839e-01 2.228236e+01
9.740658e-01 7.712044e-03 -2.261359e-01 -4.334050e+00 -4.271274e-03 9.998681e-01 1.570344e-02 -2.003999e+00 2.262286e-01 -1.433222e-02 9.739681e-01 2.299201e+01
9.735564e-01 5.811090e-03 -2.283740e-01 -4.469558e+00 -2.293407e-03 9.998751e-01 1.567068e-02 -2.064079e+00 2.284369e-01 -1.473428e-02 9.734464e-01 2.370336e+01
9.729397e-01 4.070212e-03 -2.310270e-01 -4.606592e+00 -1.014918e-03 9.999109e-01 1.334541e-02 -2.130215e+00 2.310619e-01 -1.275157e-02 9.728551e-01 2.441426e+01
9.724391e-01 4.719805e-03 -2.331108e-01 -4.752052e+00 -2.063629e-03 9.999307e-01 1.163961e-02 -2.195675e+00 2.331496e-01 -1.083910e-02 9.723799e-01 2.512612e+01
9.717840e-01 3.868697e-03 -2.358419e-01 -4.897052e+00 -1.269330e-03 9.999372e-01 1.117535e-02 -2.260663e+00 2.358712e-01 -1.056182e-02 9.717265e-01 2.584226e+01
9.711511e-01 2.873733e-03 -2.384498e-01 -5.042718e+00 -1.978354e-04 9.999372e-01 1.124684e-02 -2.327507e+00 2.384684e-01 -1.087712e-02 9.710886e-01 2.655900e+01
9.706845e-01 6.125126e-03 -2.402796e-01 -5.197127e+00 -3.650170e-03 9.999361e-01 1.074618e-02 -2.394586e+00 2.403308e-01 -9.555240e-03 9.706433e-01 2.727377e+01
9.702830e-01 5.025566e-03 -2.419226e-01 -5.348232e+00 -3.591073e-03 9.999737e-01 6.372883e-03 -2.468592e+00 2.419489e-01 -5.316756e-03 9.702734e-01 2.798679e+01
9.694890e-01 2.339532e-03 -2.451256e-01 -5.496236e+00 -1.319198e-03 9.999902e-01 4.329697e-03 -2.535602e+00 2.451344e-01 -3.876302e-03 9.694804e-01 2.870161e+01
9.689085e-01 3.206652e-03 -2.474026e-01 -5.650675e+00 -2.363102e-03 9.999908e-01 3.712089e-03 -2.604174e+00 2.474132e-01 -3.013365e-03 9.689045e-01 2.941624e+01
9.681715e-01 8.159990e-03 -2.501574e-01 -5.819118e+00 -7.164728e-03 9.999629e-01 4.891370e-03 -2.677233e+00 2.501890e-01 -2.944818e-03 9.681923e-01 3.013332e+01
9.673084e-01 9.185635e-03 -2.534367e-01 -5.983077e+00 -6.557085e-03 9.999161e-01 1.121804e-02 -2.743142e+00 2.535189e-01 -9.191428e-03 9.672858e-01 3.085852e+01
9.665494e-01 8.598347e-03 -2.563389e-01 -6.144859e+00 -5.084367e-03 9.998843e-01 1.437050e-02 -2.809440e+00 2.564343e-01 -1.258832e-02 9.664788e-01 3.158415e+01
9.659424e-01 1.267085e-02 -2.584465e-01 -6.318310e+00 -7.650672e-03 9.997627e-01 2.042445e-02 -2.872654e+00 2.586445e-01 -1.775306e-02 9.658088e-01 3.231347e+01
9.652639e-01 1.248195e-02 -2.609812e-01 -6.487193e+00 -6.065545e-03 9.996599e-01 2.538100e-02 -2.933404e+00 2.612097e-01 -2.291807e-02 9.650094e-01 3.304542e+01
9.644321e-01 1.185216e-02 -2.640665e-01 -6.655350e+00 -3.973778e-03 9.995319e-01 3.035260e-02 -2.989215e+00 2.643031e-01 -2.822529e-02 9.640258e-01 3.377707e+01
9.637870e-01 1.305202e-02 -2.663548e-01 -6.827763e+00 -4.503306e-03 9.994561e-01 3.268593e-02 -3.046877e+00 2.666378e-01 -3.030414e-02 9.633195e-01 3.450898e+01
9.634337e-01 1.756909e-02 -2.673704e-01 -7.011713e+00 -1.060825e-02 9.995671e-01 2.745816e-02 -3.114179e+00 2.677375e-01 -2.361971e-02 9.632018e-01 3.522685e+01
9.630914e-01 1.820948e-02 -2.685593e-01 -7.189662e+00 -1.407331e-02 9.997514e-01 1.732186e-02 -3.179097e+00 2.688087e-01 -1.290506e-02 9.631066e-01 3.594075e+01
9.628520e-01 1.827955e-02 -2.694104e-01 -7.365199e+00 -1.617765e-02 9.998194e-01 1.002208e-02 -3.238707e+00 2.695455e-01 -5.293158e-03 9.629718e-01 3.666351e+01
9.630776e-01 1.972404e-02 -2.685035e-01 -7.544374e+00 -1.750255e-02 9.997904e-01 1.066817e-02 -3.297879e+00 2.686584e-01 -5.576004e-03 9.632188e-01 3.739884e+01
9.634208e-01 2.629241e-02 -2.667013e-01 -7.732161e+00 -2.232682e-02 9.995911e-01 1.789344e-02 -3.364368e+00 2.670636e-01 -1.128548e-02 9.636118e-01 3.814077e+01
9.639455e-01 3.053448e-02 -2.643430e-01 -7.913829e+00 -2.550616e-02 9.994234e-01 2.243631e-02 -3.430106e+00 2.648768e-01 -1.488680e-02 9.641664e-01 3.887999e+01
9.644806e-01 3.234738e-02 -2.621673e-01 -8.091051e+00 -2.751268e-02 9.993777e-01 2.209445e-02 -3.493407e+00 2.627193e-01 -1.409867e-02 9.647690e-01 3.961398e+01
9.650221e-01 3.264884e-02 -2.601286e-01 -8.262172e+00 -2.814255e-02 9.993831e-01 2.103237e-02 -3.556853e+00 2.606551e-01 -1.297797e-02 9.653441e-01 4.034518e+01
9.655435e-01 3.132706e-02 -2.583518e-01 -8.425959e+00 -2.667834e-02 9.994136e-01 2.148473e-02 -3.620248e+00 2.588744e-01 -1.385392e-02 9.658108e-01 4.107846e+01
9.660272e-01 3.270747e-02 -2.563663e-01 -8.593467e+00 -2.793909e-02 9.993630e-01 2.222501e-02 -3.682604e+00 2.569305e-01 -1.430920e-02 9.663225e-01 4.181010e+01
9.665245e-01 3.355587e-02 -2.543732e-01 -8.761417e+00 -2.977600e-02 9.993821e-01 1.870081e-02 -3.753500e+00 2.548441e-01 -1.050274e-02 9.669240e-01 4.253164e+01
9.668849e-01 3.480662e-02 -2.528311e-01 -8.925220e+00 -3.168721e-02 9.993637e-01 1.640494e-02 -3.820513e+00 2.532421e-01 -7.851417e-03 9.673704e-01 4.325170e+01
9.671586e-01 3.345857e-02 -2.519625e-01 -9.084434e+00 -3.122375e-02 9.994301e-01 1.286641e-02 -3.885428e+00 2.522503e-01 -4.577965e-03 9.676507e-01 4.396791e+01
9.673657e-01 3.560128e-02 -2.508710e-01 -9.247410e+00 -3.305075e-02 9.993508e-01 1.437775e-02 -3.949932e+00 2.512202e-01 -5.619251e-03 9.679128e-01 4.468886e+01
9.676200e-01 3.795423e-02 -2.495437e-01 -9.409120e+00 -3.438154e-02 9.992350e-01 1.866366e-02 -4.014009e+00 2.500616e-01 -9.481622e-03 9.681827e-01 4.540828e+01
9.677845e-01 4.055762e-02 -2.484922e-01 -9.568739e+00 -3.611361e-02 9.990966e-01 2.242312e-02 -4.076610e+00 2.491778e-01 -1.272866e-02 9.683735e-01 4.612048e+01
9.679940e-01 4.120772e-02 -2.475687e-01 -9.724115e+00 -3.667943e-02 9.990656e-01 2.288104e-02 -4.140878e+00 2.482811e-01 -1.306992e-02 9.685991e-01 4.681921e+01
9.681545e-01 4.231756e-02 -2.467522e-01 -9.876760e+00 -3.804650e-02 9.990330e-01 2.205742e-02 -4.203108e+00 2.474474e-01 -1.196828e-02 9.688266e-01 4.750999e+01
9.683862e-01 4.258660e-02 -2.457941e-01 -1.002591e+01 -3.888012e-02 9.990458e-01 1.992030e-02 -4.263975e+00 2.464085e-01 -9.735567e-03 9.691161e-01 4.819340e+01
9.686274e-01 4.268716e-02 -2.448249e-01 -1.017316e+01 -3.953055e-02 9.990604e-01 1.779728e-02 -4.325613e+00 2.453550e-01 -7.562402e-03 9.694029e-01 4.886796e+01
9.688506e-01 4.283082e-02 -2.439154e-01 -1.031900e+01 -3.962224e-02 9.990521e-01 1.805357e-02 -4.386667e+00 2.444583e-01 -7.828101e-03 9.696275e-01 4.954243e+01
9.691430e-01 4.166806e-02 -2.429530e-01 -1.046120e+01 -3.800293e-02 9.990828e-01 1.975875e-02 -4.447295e+00 2.435541e-01 -9.917551e-03 9.698354e-01 5.021084e+01
9.693780e-01 4.116869e-02 -2.421012e-01 -1.060052e+01 -3.675623e-02 9.990665e-01 2.271929e-02 -4.505530e+00 2.428112e-01 -1.312676e-02 9.699838e-01 5.087275e+01
9.696767e-01 3.902421e-02 -2.412600e-01 -1.073435e+01 -3.396370e-02 9.991082e-01 2.510285e-02 -4.564340e+00 2.420247e-01 -1.614936e-02 9.701351e-01 5.152617e+01
9.698733e-01 3.917941e-02 -2.404414e-01 -1.086803e+01 -3.348112e-02 9.990547e-01 2.774315e-02 -4.618708e+00 2.413024e-01 -1.885842e-02 9.702661e-01 5.216717e+01
9.699772e-01 4.097368e-02 -2.397191e-01 -1.100352e+01 -3.545391e-02 9.989989e-01 2.729885e-02 -4.673372e+00 2.405986e-01 -1.798175e-02 9.704575e-01 5.279117e+01
9.700849e-01 4.456169e-02 -2.386428e-01 -1.113889e+01 -3.911200e-02 9.988560e-01 2.752737e-02 -4.724787e+00 2.395972e-01 -1.737156e-02 9.707160e-01 5.340262e+01
9.702904e-01 4.650247e-02 -2.374353e-01 -1.126770e+01 -4.063291e-02 9.987372e-01 2.956054e-02 -4.771294e+00 2.385110e-01 -1.903643e-02 9.709527e-01 5.400173e+01
9.706665e-01 4.525023e-02 -2.361343e-01 -1.138572e+01 -3.978605e-02 9.988202e-01 2.786225e-02 -4.821497e+00 2.371177e-01 -1.765175e-02 9.713196e-01 5.458218e+01
9.713644e-01 4.795981e-02 -2.327085e-01 -1.150393e+01 -4.202121e-02 9.986541e-01 3.041780e-02 -4.867107e+00 2.338545e-01 -1.977014e-02 9.720702e-01 5.515383e+01
9.723723e-01 5.298556e-02 -2.273447e-01 -1.162420e+01 -4.814464e-02 9.984814e-01 2.679467e-02 -4.919406e+00 2.284207e-01 -1.511060e-02 9.734445e-01 5.570001e+01
9.736619e-01 5.737976e-02 -2.206596e-01 -1.173410e+01 -5.329255e-02 9.982803e-01 2.443978e-02 -4.963360e+00 2.216837e-01 -1.203785e-02 9.750436e-01 5.623593e+01
9.752961e-01 5.733249e-02 -2.133369e-01 -1.182856e+01 -5.419612e-02 9.983197e-01 2.052972e-02 -5.010510e+00 2.141560e-01 -8.462232e-03 9.767624e-01 5.676348e+01
9.774204e-01 5.481930e-02 -2.040724e-01 -1.190695e+01 -5.226854e-02 9.984735e-01 1.787825e-02 -5.060394e+00 2.047416e-01 -6.809340e-03 9.787910e-01 5.728191e+01
9.800394e-01 5.160494e-02 -1.919949e-01 -1.197266e+01 -4.966694e-02 9.986552e-01 1.489926e-02 -5.110762e+00 1.925062e-01 -5.067974e-03 9.812816e-01 5.779253e+01
9.829267e-01 4.791320e-02 -1.776498e-01 -1.202551e+01 -4.605223e-02 9.988329e-01 1.459414e-02 -5.159865e+00 1.781425e-01 -6.165133e-03 9.839849e-01 5.829692e+01
9.858959e-01 4.380063e-02 -1.615275e-01 -1.206570e+01 -4.249934e-02 9.990307e-01 1.150997e-02 -5.211609e+00 1.618760e-01 -4.484498e-03 9.868002e-01 5.878684e+01
9.888996e-01 4.165589e-02 -1.426307e-01 -1.209658e+01 -4.115097e-02 9.991324e-01 6.499805e-03 -5.261653e+00 1.427794e-01 -5.595025e-04 9.897536e-01 5.926381e+01
9.919506e-01 3.736462e-02 -1.209941e-01 -1.211078e+01 -3.716006e-02 9.993020e-01 3.955206e-03 -5.314002e+00 1.210577e-01 5.714627e-04 9.926446e-01 5.973737e+01
9.947455e-01 3.380447e-02 -9.664691e-02 -1.210884e+01 -3.356405e-02 9.994285e-01 4.123070e-03 -5.364541e+00 9.673189e-02 -8.594766e-04 9.953097e-01 6.020869e+01
9.971490e-01 2.696958e-02 -7.047782e-02 -1.208556e+01 -2.692711e-02 9.996367e-01 1.560852e-03 -5.413165e+00 7.049539e-02 3.398563e-04 9.975111e-01 6.066653e+01
9.989095e-01 2.088703e-02 -4.176854e-02 -1.204299e+01 -2.087335e-02 9.997823e-01 8.002449e-04 -5.458862e+00 4.177669e-02 7.120566e-05 9.991267e-01 6.111834e+01
9.998507e-01 1.442513e-02 -9.578890e-03 -1.198435e+01 -1.440804e-02 9.998947e-01 1.973535e-03 -5.508188e+00 9.607108e-03 -1.836485e-03 9.999516e-01 6.156096e+01
9.996206e-01 1.203562e-02 2.481596e-02 -1.191878e+01 -1.214974e-02 9.999169e-01 4.411396e-03 -5.555716e+00 -2.476023e-02 -4.713256e-03 9.996816e-01 6.199516e+01
9.981645e-01 9.429346e-03 5.982615e-02 -1.183841e+01 -9.723440e-03 9.999426e-01 4.615324e-03 -5.601058e+00 -5.977834e-02 -5.190488e-03 9.981967e-01 6.241445e+01
9.954330e-01 5.277440e-03 9.532302e-02 -1.173827e+01 -5.627947e-03 9.999789e-01 3.394541e-03 -5.645326e+00 -9.530125e-02 -3.916619e-03 9.954400e-01 6.281890e+01
9.912814e-01 7.908139e-04 1.317665e-01 -1.162243e+01 -1.130103e-03 9.999968e-01 2.491950e-03 -5.688521e+00 -1.317631e-01 -2.621165e-03 9.912773e-01 6.321038e+01
9.854446e-01 -4.360268e-03 1.699436e-01 -1.148904e+01 4.347915e-03 9.999909e-01 4.367521e-04 -5.732144e+00 -1.699439e-01 3.071467e-04 9.854531e-01 6.358639e+01
9.778387e-01 -7.837899e-03 2.092159e-01 -1.134447e+01 8.162474e-03 9.999670e-01 -6.952487e-04 -5.773011e+00 -2.092031e-01 2.385890e-03 9.778682e-01 6.395363e+01
9.686690e-01 -1.076665e-02 2.481251e-01 -1.118856e+01 1.113473e-02 9.999385e-01 -8.331523e-05 -5.811564e+00 -2.481077e-01 2.842238e-03 9.687275e-01 6.431349e+01
9.581634e-01 -1.409246e-02 2.858772e-01 -1.101741e+01 1.433861e-02 9.998969e-01 1.227931e-03 -5.847260e+00 -2.858643e-01 2.921402e-03 9.582650e-01 6.466275e+01
9.464269e-01 -1.825118e-02 3.224033e-01 -1.083450e+01 1.829051e-02 9.998290e-01 2.904712e-03 -5.883321e+00 -3.224004e-01 3.146056e-03 9.465971e-01 6.500215e+01
9.333607e-01 -2.188210e-02 3.582727e-01 -1.064126e+01 2.163369e-02 9.997554e-01 4.700272e-03 -5.920530e+00 -3.582870e-01 3.362551e-03 9.336047e-01 6.533177e+01
9.191345e-01 -2.504288e-02 3.931472e-01 -1.043905e+01 2.448570e-02 9.996800e-01 6.429211e-03 -5.955989e+00 -3.931815e-01 3.715976e-03 9.194519e-01 6.565206e+01
9.042202e-01 -2.982284e-02 4.260255e-01 -1.022385e+01 2.891069e-02 9.995454e-01 8.605712e-03 -5.993176e+00 -4.260876e-01 4.534464e-03 9.046690e-01 6.596079e+01
8.887122e-01 -3.401480e-02 4.572034e-01 -9.999969e+00 3.329630e-02 9.993997e-01 9.628582e-03 -6.028132e+00 -4.572559e-01 6.664583e-03 8.893099e-01 6.625741e+01
8.723775e-01 -3.495715e-02 4.875819e-01 -9.770108e+00 3.530086e-02 9.993412e-01 8.484315e-03 -6.061998e+00 -4.875564e-01 9.809224e-03 8.730352e-01 6.654993e+01
8.553749e-01 -3.450343e-02 5.168594e-01 -9.531805e+00 3.649593e-02 9.993144e-01 6.309773e-03 -6.095644e+00 -5.167220e-01 1.346467e-02 8.560463e-01 6.684159e+01
8.377779e-01 -3.367403e-02 5.449726e-01 -9.278606e+00 3.708877e-02 9.993013e-01 4.727867e-03 -6.126712e+00 -5.447497e-01 1.624995e-02 8.384402e-01 6.713265e+01
8.188848e-01 -3.451259e-02 5.729210e-01 -9.008448e+00 3.763258e-02 9.992716e-01 6.404431e-03 -6.159802e+00 -5.727231e-01 1.631524e-02 8.195853e-01 6.742958e+01
7.986374e-01 -3.608067e-02 6.007306e-01 -8.721273e+00 3.760936e-02 9.992428e-01 1.001447e-02 -6.193489e+00 -6.006369e-01 1.459359e-02 7.993880e-01 6.772610e+01
7.772761e-01 -3.731061e-02 6.280533e-01 -8.416133e+00 3.798112e-02 9.992026e-01 1.235167e-02 -6.228158e+00 -6.280120e-01 1.425268e-02 7.780724e-01 6.801776e+01
7.549474e-01 -3.869858e-02 6.546434e-01 -8.095680e+00 3.927901e-02 9.991340e-01 1.376351e-02 -6.263228e+00 -6.546080e-01 1.532148e-02 7.558123e-01 6.830634e+01
7.320723e-01 -4.010562e-02 6.800462e-01 -7.757407e+00 4.082783e-02 9.990546e-01 1.496538e-02 -6.299040e+00 -6.800028e-01 1.680755e-02 7.330164e-01 6.858869e+01
7.086739e-01 -4.149265e-02 7.043151e-01 -7.403974e+00 4.254113e-02 9.989664e-01 1.604460e-02 -6.335410e+00 -7.042520e-01 1.859063e-02 7.097058e-01 6.886652e+01
6.846219e-01 -4.234851e-02 7.276680e-01 -7.033943e+00 4.367670e-02 9.989009e-01 1.703899e-02 -6.370759e+00 -7.275888e-01 2.011600e-02 6.857184e-01 6.913985e+01
6.599097e-01 -4.232244e-02 7.501518e-01 -6.649473e+00 4.415145e-02 9.988718e-01 1.751250e-02 -6.403803e+00 -7.500461e-01 2.156250e-02 6.610332e-01 6.940833e+01
6.350259e-01 -4.183983e-02 7.713573e-01 -6.248887e+00 4.325128e-02 9.988920e-01 1.857252e-02 -6.436032e+00 -7.712792e-01 2.156739e-02 6.361309e-01 6.967447e+01
6.092077e-01 -4.144992e-02 7.919273e-01 -5.831891e+00 4.178931e-02 9.989240e-01 2.013453e-02 -6.469188e+00 -7.919082e-01 2.082651e-02 6.102835e-01 6.993451e+01
5.826703e-01 -4.224008e-02 8.116104e-01 -5.397230e+00 4.065893e-02 9.989135e-01 2.279660e-02 -6.503243e+00 -8.116907e-01 1.971585e-02 5.837544e-01 7.018687e+01
5.563689e-01 -4.447073e-02 8.297446e-01 -4.944246e+00 3.996762e-02 9.988438e-01 2.673235e-02 -6.536840e+00 -8.299730e-01 1.828821e-02 5.575025e-01 7.043093e+01
5.300950e-01 -4.895537e-02 8.465235e-01 -4.471802e+00 4.185786e-02 9.986261e-01 3.153802e-02 -6.568316e+00 -8.469038e-01 1.871496e-02 5.314154e-01 7.066386e+01
5.037363e-01 -5.132299e-02 8.623314e-01 -3.988392e+00 4.221882e-02 9.985039e-01 3.476343e-02 -6.600477e+00 -8.628251e-01 1.889425e-02 5.051495e-01 7.088628e+01
4.781049e-01 -5.354194e-02 8.766695e-01 -3.490085e+00 4.284226e-02 9.983742e-01 3.760847e-02 -6.631323e+00 -8.772566e-01 1.957645e-02 4.796202e-01 7.110154e+01
4.545854e-01 -5.414579e-02 8.890557e-01 -2.983831e+00 4.134210e-02 9.983580e-01 3.966274e-02 -6.664310e+00 -8.897429e-01 1.872435e-02 4.560766e-01 7.131147e+01
4.345547e-01 -5.554243e-02 8.989319e-01 -2.463138e+00 4.105244e-02 9.982813e-01 4.183356e-02 -6.694993e+00 -8.997089e-01 1.872331e-02 4.360874e-01 7.151654e+01
4.192722e-01 -5.804764e-02 9.060030e-01 -1.933659e+00 4.577853e-02 9.980366e-01 4.275703e-02 -6.726072e+00 -9.067058e-01 2.354778e-02 4.211053e-01 7.171063e+01
4.078101e-01 -5.889223e-02 9.111653e-01 -1.394109e+00 4.494488e-02 9.980034e-01 4.438671e-02 -6.751944e+00 -9.119597e-01 2.285005e-02 4.096418e-01 7.191206e+01
3.977033e-01 -5.927031e-02 9.155977e-01 -8.509279e-01 4.530197e-02 9.979632e-01 4.492268e-02 -6.783434e+00 -9.163944e-01 2.361157e-02 3.995775e-01 7.211467e+01
3.905928e-01 -5.817066e-02 9.187239e-01 -2.962126e-01 4.505032e-02 9.980141e-01 4.403666e-02 -6.815808e+00 -9.194601e-01 2.418794e-02 3.924377e-01 7.231885e+01
3.867308e-01 -5.676576e-02 9.204437e-01 2.636159e-01 4.610499e-02 9.980462e-01 4.217847e-02 -6.849932e+00 -9.210388e-01 2.612428e-02 3.885927e-01 7.252445e+01
3.854217e-01 -5.621660e-02 9.210265e-01 8.356460e-01 4.818182e-02 9.980074e-01 4.075074e-02 -6.882986e+00 -9.214817e-01 2.866978e-02 3.873626e-01 7.273102e+01
3.846113e-01 -5.293824e-02 9.215592e-01 1.409033e+00 4.497983e-02 9.982435e-01 3.856915e-02 -6.915720e+00 -9.219818e-01 2.661677e-02 3.863160e-01 7.295034e+01
3.836015e-01 -5.223096e-02 9.220205e-01 1.994801e+00 4.334057e-02 9.983180e-01 3.851959e-02 -6.953536e+00 -9.224811e-01 2.518382e-02 3.852199e-01 7.317285e+01
3.829915e-01 -5.299030e-02 9.222314e-01 2.588376e+00 4.184377e-02 9.983243e-01 3.998413e-02 -6.991496e+00 -9.228038e-01 2.327501e-02 3.845659e-01 7.339523e+01
3.820112e-01 -5.391637e-02 9.225840e-01 3.190400e+00 4.118859e-02 9.982985e-01 4.128458e-02 -7.028936e+00 -9.232391e-01 2.222813e-02 3.835810e-01 7.361678e+01
3.809226e-01 -5.404050e-02 9.230263e-01 3.795850e+00 3.941690e-02 9.983326e-01 4.218081e-02 -7.065774e+00 -9.237656e-01 2.031442e-02 3.824172e-01 7.384375e+01
3.797657e-01 -5.452000e-02 9.234750e-01 4.410818e+00 4.060648e-02 9.982826e-01 4.223543e-02 -7.104013e+00 -9.241905e-01 2.145867e-02 3.813272e-01 7.406671e+01
3.785547e-01 -5.519835e-02 9.239323e-01 5.031724e+00 4.092344e-02 9.982427e-01 4.286960e-02 -7.141592e+00 -9.246735e-01 2.158080e-02 3.801476e-01 7.429197e+01
3.768440e-01 -5.687824e-02 9.245286e-01 5.662988e+00 4.055159e-02 9.981696e-01 4.487782e-02 -7.176105e+00 -9.253884e-01 2.057854e-02 3.784610e-01 7.452075e+01
3.747807e-01 -5.916053e-02 9.252243e-01 6.304564e+00 3.960888e-02 9.980731e-01 4.777219e-02 -7.209740e+00 -9.262668e-01 1.874165e-02 3.764017e-01 7.475281e+01
3.731207e-01 -6.218741e-02 9.256961e-01 6.952830e+00 4.127270e-02 9.978764e-01 5.039929e-02 -7.245546e+00 -9.268639e-01 1.939987e-02 3.748950e-01 7.498109e+01
3.713891e-01 -6.430295e-02 9.262480e-01 7.610609e+00 4.207172e-02 9.977403e-01 5.239583e-02 -7.281591e+00 -9.275235e-01 1.950863e-02 3.732541e-01 7.521191e+01
3.686599e-01 -6.455439e-02 9.273201e-01 8.272372e+00 4.093675e-02 9.977459e-01 5.318027e-02 -7.312948e+00 -9.286621e-01 1.835502e-02 3.704714e-01 7.544637e+01
3.659205e-01 -6.208469e-02 9.285728e-01 8.939239e+00 4.177080e-02 9.978630e-01 5.025527e-02 -7.347913e+00 -9.297080e-01 2.039688e-02 3.677313e-01 7.567563e+01
3.637337e-01 -5.931607e-02 9.296124e-01 9.610722e+00 4.367326e-02 9.979596e-01 4.658765e-02 -7.386990e+00 -9.304785e-01 2.365294e-02 3.655818e-01 7.590185e+01
3.619368e-01 -5.727016e-02 9.304413e-01 1.028955e+01 4.499201e-02 9.980216e-01 4.392635e-02 -7.425421e+00 -9.311160e-01 2.596238e-02 3.637975e-01 7.613023e+01
3.600904e-01 -5.459565e-02 9.313185e-01 1.097523e+01 4.511080e-02 9.981379e-01 4.106894e-02 -7.464007e+00 -9.318257e-01 2.722261e-02 3.618826e-01 7.636286e+01
3.585563e-01 -5.474698e-02 9.319010e-01 1.167304e+01 4.604444e-02 9.981014e-01 4.091886e-02 -7.505005e+00 -9.323718e-01 2.823604e-02 3.603963e-01 7.659612e+01
3.569044e-01 -5.732269e-02 9.323807e-01 1.237990e+01 4.848640e-02 9.979073e-01 4.278935e-02 -7.547212e+00 -9.328812e-01 2.993458e-02 3.589368e-01 7.682759e+01
3.548906e-01 -5.871201e-02 9.330626e-01 1.309069e+01 4.862668e-02 9.978350e-01 4.429117e-02 -7.587417e+00 -9.336426e-01 2.965251e-02 3.569771e-01 7.706243e+01
3.528478e-01 -5.956321e-02 9.337834e-01 1.380564e+01 4.702898e-02 9.978400e-01 4.587650e-02 -7.629086e+00 -9.344978e-01 2.772651e-02 3.548867e-01 7.730310e+01
3.506879e-01 -5.943669e-02 9.346042e-01 1.452529e+01 4.649438e-02 9.978588e-01 4.601207e-02 -7.670688e+00 -9.353370e-01 2.731739e-02 3.526996e-01 7.754115e+01
3.485752e-01 -5.868922e-02 9.354421e-01 1.525259e+01 4.614965e-02 9.979024e-01 4.540970e-02 -7.712790e+00 -9.361441e-01 2.734082e-02 3.505519e-01 7.777763e+01
3.460887e-01 -5.796697e-02 9.364093e-01 1.598572e+01 4.605426e-02 9.979364e-01 4.475283e-02 -7.752200e+00 -9.370704e-01 2.763585e-02 3.480450e-01 7.801519e+01
3.436127e-01 -5.886765e-02 9.372644e-01 1.672450e+01 4.576554e-02 9.978977e-01 4.589571e-02 -7.790368e+00 -9.379951e-01 2.712346e-02 3.455843e-01 7.825228e+01
3.410629e-01 -5.917324e-02 9.381762e-01 1.747235e+01 4.641140e-02 9.978602e-01 4.606383e-02 -7.835857e+00 -9.388935e-01 2.783075e-02 3.430800e-01 7.848840e+01
3.384943e-01 -6.032241e-02 9.390332e-01 1.822484e+01 4.795263e-02 9.977528e-01 4.680707e-02 -7.876759e+00 -9.397460e-01 2.918417e-02 3.406252e-01 7.872091e+01
3.358653e-01 -6.121274e-02 9.399191e-01 1.898094e+01 4.899907e-02 9.976709e-01 4.746298e-02 -7.916870e+00 -9.406342e-01 3.011301e-02 3.380821e-01 7.895385e+01
3.330032e-01 -6.382105e-02 9.407632e-01 1.974593e+01 5.235863e-02 9.974195e-01 4.912909e-02 -7.958247e+00 -9.414703e-01 3.289613e-02 3.354853e-01 7.918357e+01
3.301420e-01 -6.624254e-02 9.416045e-01 2.051388e+01 5.434502e-02 9.972143e-01 5.109929e-02 -7.999791e+00 -9.423650e-01 3.430085e-02 3.328222e-01 7.941439e+01
3.270423e-01 -6.950066e-02 9.424504e-01 2.129098e+01 5.687544e-02 9.969322e-01 5.378046e-02 -8.037071e+00 -9.432961e-01 3.601280e-02 3.299918e-01 7.964397e+01
3.240491e-01 -7.350122e-02 9.431807e-01 2.207220e+01 6.049310e-02 9.965474e-01 5.687481e-02 -8.072061e+00 -9.441038e-01 3.862531e-02 3.273767e-01 7.987192e+01
3.217064e-01 -7.524605e-02 9.438450e-01 2.285776e+01 6.156268e-02 9.963908e-01 5.844989e-02 -8.107927e+00 -9.448362e-01 3.930086e-02 3.251776e-01 8.010075e+01
3.189886e-01 -7.413995e-02 9.448539e-01 2.364266e+01 6.158569e-02 9.964506e-01 5.739560e-02 -8.146246e+00 -9.457547e-01 3.988008e-02 3.224226e-01 8.033011e+01
3.168290e-01 -6.764249e-02 9.460675e-01 2.442683e+01 6.213188e-02 9.967920e-01 5.046044e-02 -8.190268e+00 -9.464448e-01 4.279319e-02 3.200150e-01 8.055326e+01
3.143877e-01 -6.279148e-02 9.472155e-01 2.521746e+01 6.065600e-02 9.971003e-01 4.596463e-02 -8.230770e+00 -9.473544e-01 4.300326e-02 3.172846e-01 8.078324e+01
3.120774e-01 -6.045473e-02 9.481309e-01 2.601575e+01 5.995851e-02 9.972378e-01 4.384934e-02 -8.271174e+00 -9.481627e-01 4.316366e-02 3.148396e-01 8.101170e+01
3.103391e-01 -6.244975e-02 9.485723e-01 2.682255e+01 6.056506e-02 9.971121e-01 4.582938e-02 -8.314982e+00 -9.486939e-01 4.322659e-02 3.132251e-01 8.124035e+01
3.091591e-01 -6.370359e-02 9.488747e-01 2.763744e+01 5.981917e-02 9.970813e-01 4.744848e-02 -8.360409e+00 -9.491273e-01 4.209037e-02 3.120668e-01 8.147156e+01
3.082541e-01 -6.477331e-02 9.490966e-01 2.845162e+01 5.934749e-02 9.970458e-01 4.876920e-02 -8.402575e+00 -9.494512e-01 4.129232e-02 3.111878e-01 8.170245e+01
3.075559e-01 -6.708045e-02 9.491624e-01 2.927362e+01 5.871410e-02 9.969496e-01 5.143142e-02 -8.443988e+00 -9.497161e-01 3.991047e-02 3.105563e-01 8.193332e+01
3.067129e-01 -6.860157e-02 9.493268e-01 3.009563e+01 5.769359e-02 9.969057e-01 5.339820e-02 -8.484804e+00 -9.500519e-01 3.839101e-02 3.097213e-01 8.216424e+01
3.055457e-01 -6.656340e-02 9.498477e-01 3.091722e+01 5.750372e-02 9.970233e-01 5.137038e-02 -8.531606e+00 -9.504391e-01 3.892278e-02 3.084636e-01 8.239175e+01
3.045658e-01 -6.295596e-02 9.504089e-01 3.174013e+01 5.736504e-02 9.972149e-01 4.767225e-02 -8.575294e+00 -9.507616e-01 3.999974e-02 3.073289e-01 8.261800e+01
3.036125e-01 -5.957984e-02 9.509303e-01 3.256714e+01 5.650158e-02 9.974130e-01 4.445037e-02 -8.616227e+00 -9.511185e-01 4.023264e-02 3.061935e-01 8.284911e+01
3.029445e-01 -6.125027e-02 9.510378e-01 3.340425e+01 5.779057e-02 9.972772e-01 4.581769e-02 -8.660785e+00 -9.512540e-01 4.107991e-02 3.056592e-01 8.307520e+01
3.022149e-01 -6.573882e-02 9.509699e-01 3.424712e+01 6.072361e-02 9.969211e-01 4.961581e-02 -8.706034e+00 -9.513035e-01 4.275056e-02 3.052765e-01 8.330206e+01
3.015165e-01 -6.903483e-02 9.509587e-01 3.509412e+01 6.386579e-02 9.965983e-01 5.209664e-02 -8.748495e+00 -9.513195e-01 4.502469e-02 3.048992e-01 8.352733e+01
3.013267e-01 -7.182249e-02 9.508121e-01 3.594179e+01 6.784047e-02 9.962476e-01 5.375326e-02 -8.788603e+00 -9.511050e-01 4.830529e-02 3.050682e-01 8.375205e+01
3.020321e-01 -7.372512e-02 9.504428e-01 3.679007e+01 7.205225e-02 9.959191e-01 5.435396e-02 -8.829643e+00 -9.505705e-01 5.206403e-02 3.061116e-01 8.397590e+01
3.033716e-01 -7.473978e-02 9.499361e-01 3.763678e+01 7.472804e-02 9.957154e-01 5.447460e-02 -8.869764e+00 -9.499370e-01 5.445979e-02 3.076571e-01 8.420501e+01
3.055913e-01 -7.655345e-02 9.490806e-01 3.848572e+01 7.808167e-02 9.954209e-01 5.514879e-02 -8.907786e+00 -9.489554e-01 5.725220e-02 3.101697e-01 8.443481e+01
3.086104e-01 -7.829024e-02 9.479604e-01 3.933225e+01 8.037277e-02 9.951897e-01 5.602382e-02 -8.948096e+00 -9.477865e-01 5.889937e-02 3.134186e-01 8.466892e+01
3.118952e-01 -7.903293e-02 9.468241e-01 4.017284e+01 8.289858e-02 9.949981e-01 5.574488e-02 -8.988103e+00 -9.464932e-01 6.110259e-02 3.168857e-01 8.490726e+01
3.155850e-01 -7.878058e-02 9.456210e-01 4.100994e+01 8.460522e-02 9.949151e-01 5.465036e-02 -9.030139e+00 -9.451179e-01 6.275694e-02 3.206456e-01 8.514648e+01
3.191181e-01 -7.823703e-02 9.444801e-01 4.184376e+01 8.715285e-02 9.947869e-01 5.295559e-02 -9.071656e+00 -9.436985e-01 6.541415e-02 3.242734e-01 8.538824e+01
3.226896e-01 -7.880386e-02 9.432193e-01 4.267711e+01 9.075972e-02 9.945127e-01 5.203742e-02 -9.113280e+00 -9.421433e-01 6.881370e-02 3.280707e-01 8.563218e+01
3.264133e-01 -8.009383e-02 9.418281e-01 4.350560e+01 9.338305e-02 9.942620e-01 5.218730e-02 -9.154928e+00 -9.406027e-01 7.091551e-02 3.320195e-01 8.587735e+01
3.299433e-01 -8.152931e-02 9.404735e-01 4.432935e+01 9.632589e-02 9.939715e-01 5.237149e-02 -9.198732e+00 -9.390730e-01 7.331175e-02 3.358072e-01 8.612494e+01
3.333570e-01 -8.257376e-02 9.391778e-01 4.514737e+01 9.920203e-02 9.937000e-01 5.215491e-02 -9.240353e+00 -9.375672e-01 7.578091e-02 3.394482e-01 8.637192e+01
3.364544e-01 -8.357888e-02 9.379837e-01 4.596116e+01 1.029124e-01 9.933518e-01 5.159626e-02 -9.282631e+00 -9.360596e-01 7.916972e-02 3.428182e-01 8.661928e+01
3.394112e-01 -8.408997e-02 9.368719e-01 4.676822e+01 1.053169e-01 9.931314e-01 5.098357e-02 -9.324926e+00 -9.347240e-01 8.136253e-02 3.459354e-01 8.687021e+01
3.422661e-01 -8.498931e-02 9.357512e-01 4.756935e+01 1.065825e-01 9.929852e-01 5.120199e-02 -9.365924e+00 -9.335383e-01 8.220874e-02 3.489230e-01 8.712547e+01
3.452047e-01 -8.581434e-02 9.345961e-01 4.836684e+01 1.091706e-01 9.927232e-01 5.082632e-02 -9.408809e+00 -9.321558e-01 8.448430e-02 3.520608e-01 8.738020e+01
3.481535e-01 -8.597928e-02 9.334866e-01 4.915884e+01 1.111496e-01 9.925474e-01 4.996249e-02 -9.452876e+00 -9.308245e-01 8.636134e-02 3.551152e-01 8.763682e+01
3.509847e-01 -8.693561e-02 9.323371e-01 4.994749e+01 1.125567e-01 9.923788e-01 5.016019e-02 -9.492306e+00 -9.295920e-01 8.733487e-02 3.580945e-01 8.789498e+01
3.534800e-01 -8.772580e-02 9.313198e-01 5.072609e+01 1.135674e-01 9.922535e-01 5.035957e-02 -9.534387e+00 -9.285222e-01 8.796577e-02 3.607049e-01 8.815250e+01
3.557887e-01 -8.928902e-02 9.302910e-01 5.149830e+01 1.150865e-01 9.920356e-01 5.119868e-02 -9.575842e+00 -9.274535e-01 8.884686e-02 3.632309e-01 8.841004e+01
3.582165e-01 -8.993522e-02 9.292967e-01 5.225924e+01 1.155086e-01 9.919723e-01 5.147400e-02 -9.618386e+00 -9.264652e-01 8.890229e-02 3.657294e-01 8.866866e+01
3.606422e-01 -9.033651e-02 9.283193e-01 5.300838e+01 1.166250e-01 9.918553e-01 5.120997e-02 -9.657872e+00 -9.253838e-01 8.979597e-02 3.682409e-01 8.892310e+01
3.633432e-01 -9.156257e-02 9.271454e-01 5.374491e+01 1.193136e-01 9.915380e-01 5.116159e-02 -9.696611e+00 -9.239833e-01 9.203026e-02 3.711929e-01 8.917253e+01
3.662753e-01 -9.183916e-02 9.259636e-01 5.446516e+01 1.187057e-01 9.915991e-01 5.139224e-02 -9.736920e+00 -9.229041e-01 9.109212e-02 3.740996e-01 8.942279e+01
3.686103e-01 -9.317105e-02 9.249030e-01 5.516733e+01 1.193690e-01 9.914719e-01 5.230209e-02 -9.775775e+00 -9.218874e-01 9.112427e-02 3.765876e-01 8.967010e+01
3.713556e-01 -9.529633e-02 9.235876e-01 5.584991e+01 1.184108e-01 9.914580e-01 5.468690e-02 -9.810932e+00 -9.209089e-01 8.905376e-02 3.794670e-01 8.991341e+01
3.740712e-01 -9.778010e-02 9.222308e-01 5.651189e+01 1.195703e-01 9.912119e-01 5.659251e-02 -9.846551e+00 -9.196593e-01 8.910043e-02 3.824746e-01 9.015027e+01
3.770786e-01 -1.001192e-01 9.207538e-01 5.715334e+01 1.203580e-01 9.910079e-01 5.846615e-02 -9.878851e+00 -9.183272e-01 8.877220e-02 3.857383e-01 9.038105e+01
3.807179e-01 -1.033335e-01 9.188995e-01 5.777390e+01 1.211006e-01 9.907500e-01 6.123718e-02 -9.909571e+00 -9.167266e-01 8.796404e-02 3.897095e-01 9.060919e+01
3.854130e-01 -1.048632e-01 9.167663e-01 5.836834e+01 1.184408e-01 9.909257e-01 6.355099e-02 -9.934564e+00 -9.151111e-01 8.408830e-02 3.943357e-01 9.083851e+01
3.905978e-01 -9.996664e-02 9.151177e-01 5.892844e+01 1.162260e-01 9.914872e-01 5.869911e-02 -9.974747e+00 -9.131949e-01 8.343200e-02 3.988909e-01 9.106062e+01
3.962720e-01 -9.355009e-02 9.133557e-01 5.946297e+01 1.156249e-01 9.919608e-01 5.143447e-02 -1.001564e+01 -9.108236e-01 8.522334e-02 4.039020e-01 9.126963e+01
4.033751e-01 -8.542257e-02 9.110388e-01 5.997228e+01 1.160069e-01 9.923738e-01 4.168393e-02 -1.005269e+01 -9.076511e-01 8.887132e-02 4.102077e-01 9.147525e+01
4.117343e-01 -7.841023e-02 9.079242e-01 6.046016e+01 1.105788e-01 9.932289e-01 3.562923e-02 -1.008132e+01 -9.045697e-01 8.572664e-02 4.176171e-01 9.169255e+01
4.227672e-01 -7.241006e-02 9.033414e-01 6.093385e+01 1.017831e-01 9.942901e-01 3.206386e-02 -1.011316e+01 -9.005038e-01 7.838876e-02 4.277231e-01 9.192389e+01
4.370772e-01 -7.280840e-02 8.964729e-01 6.141057e+01 9.955419e-02 9.945105e-01 3.223154e-02 -1.015115e+01 -8.938971e-01 7.515884e-02 4.419257e-01 9.215071e+01
4.541166e-01 -7.499870e-02 8.877803e-01 6.188016e+01 9.821307e-02 9.945923e-01 3.378215e-02 -1.019200e+01 -8.855123e-01 7.184952e-02 4.590266e-01 9.238442e+01
4.739118e-01 -7.549327e-02 8.773301e-01 6.233318e+01 9.506116e-02 9.948823e-01 3.425675e-02 -1.023014e+01 -8.754258e-01 6.716452e-02 4.786622e-01 9.263587e+01
4.965196e-01 -7.329886e-02 8.649256e-01 6.276850e+01 8.748897e-02 9.955805e-01 3.414503e-02 -1.026567e+01 -8.636047e-01 5.871690e-02 5.007373e-01 9.290803e+01
5.214356e-01 -7.053188e-02 8.503708e-01 6.318567e+01 7.854236e-02 9.963150e-01 3.447363e-02 -1.029973e+01 -8.496684e-01 4.881358e-02 5.250526e-01 9.319654e+01
5.485254e-01 -6.642948e-02 8.334911e-01 6.359038e+01 7.137127e-02 9.969212e-01 3.248312e-02 -1.033747e+01 -8.330821e-01 4.166854e-02 5.515774e-01 9.349528e+01
5.775550e-01 -6.557593e-02 8.137135e-01 6.398462e+01 6.973623e-02 9.970886e-01 3.085508e-02 -1.037489e+01 -8.133673e-01 3.892423e-02 5.804460e-01 9.379587e+01
6.079418e-01 -6.629515e-02 7.912095e-01 6.436360e+01 6.832633e-02 9.971801e-01 3.105131e-02 -1.041370e+01 -7.910364e-01 3.518180e-02 6.107554e-01 9.411364e+01
6.400872e-01 -6.367324e-02 7.656597e-01 6.471595e+01 6.334186e-02 9.975413e-01 3.000166e-02 -1.045277e+01 -7.656863e-01 2.929345e-02 6.425459e-01 9.444849e+01
6.733081e-01 -6.067894e-02 7.368681e-01 6.504923e+01 5.936866e-02 9.978461e-01 2.792019e-02 -1.048947e+01 -7.369738e-01 2.494707e-02 6.754602e-01 9.479772e+01
7.069446e-01 -5.866707e-02 7.048315e-01 6.536616e+01 5.671040e-02 9.980476e-01 2.619069e-02 -1.052829e+01 -7.049918e-01 2.145463e-02 7.088910e-01 9.516061e+01
7.402620e-01 -5.734748e-02 6.698692e-01 6.566845e+01 5.516420e-02 9.981774e-01 2.449124e-02 -1.056955e+01 -6.700520e-01 1.882185e-02 7.420754e-01 9.553981e+01
7.726290e-01 -5.446751e-02 6.325173e-01 6.595113e+01 5.270860e-02 9.983771e-01 2.158554e-02 -1.061112e+01 -6.326659e-01 1.665981e-02 7.742455e-01 9.593532e+01
8.036146e-01 -5.255534e-02 5.928261e-01 6.621653e+01 5.059340e-02 9.985208e-01 1.993533e-02 -1.065374e+01 -5.929962e-01 1.397161e-02 8.050828e-01 9.634899e+01
8.333390e-01 -4.810468e-02 5.506655e-01 6.645654e+01 4.620284e-02 9.987823e-01 1.732806e-02 -1.069699e+01 -5.508273e-01 1.100099e-02 8.345463e-01 9.677813e+01
8.610444e-01 -4.205645e-02 5.067891e-01 6.667378e+01 4.136049e-02 9.990649e-01 1.263293e-02 -1.074373e+01 -5.068451e-01 1.008253e-02 8.619775e-01 9.722074e+01
8.864377e-01 -3.631450e-02 4.614231e-01 6.686907e+01 3.704205e-02 9.992862e-01 7.481188e-03 -1.079106e+01 -4.613648e-01 1.045942e-02 8.871477e-01 9.767775e+01
9.094550e-01 -2.918778e-02 4.147780e-01 6.704115e+01 3.030749e-02 9.995336e-01 3.880887e-03 -1.083940e+01 -4.146970e-01 9.040138e-03 9.099137e-01 9.815069e+01
9.298937e-01 -2.251156e-02 3.671405e-01 6.718939e+01 2.345094e-02 9.997236e-01 1.899799e-03 -1.088911e+01 -3.670812e-01 6.841597e-03 9.301628e-01 9.864028e+01
9.475057e-01 -1.601512e-02 3.193389e-01 6.731790e+01 1.647976e-02 9.998639e-01 1.243310e-03 -1.093811e+01 -3.193152e-01 4.083041e-03 9.476388e-01 9.914488e+01
9.622557e-01 -9.043281e-03 2.719993e-01 6.742302e+01 9.348329e-03 9.999568e-01 1.676757e-04 -1.098967e+01 -2.719881e-01 2.379600e-03 9.622969e-01 9.966384e+01
