1.000000000 0.000000000 0.000000000 0.000000000 0.000000000 1.000000000 0.000000000 0.000000000 0.000000000 0.000000000 1.000000000 0.000000000
0.999348760 0.008576081 -0.035049424 -0.056301609 -0.008634033 0.999961615 -0.001502413 -0.019571513 0.035035193 0.001804052 0.999384463 0.200265735
0.997447431 0.016962480 -0.069361009 -0.119057111 -0.017133189 0.999851465 -0.001866968 -0.037286360 0.069319040 0.003050577 0.997589886 0.412911743
0.994555473 0.019830635 -0.102303989 -0.179648876 -0.020020884 0.999799192 -0.000833077 -0.057079047 0.102266923 0.002876757 0.994752824 0.641254485
0.990749300 0.021943945 -0.133919105 -0.246042669 -0.021849280 0.999758899 0.002176651 -0.081079602 0.133934587 0.000769520 0.990989864 0.878283143
0.986275136 0.024881136 -0.163224623 -0.320639998 -0.024684101 0.999690056 0.003235464 -0.101466656 0.163254544 0.000837995 0.986583650 1.126068354
0.981257260 0.029011209 -0.190506145 -0.392923295 -0.028782256 0.999577820 0.003969231 -0.123965397 0.190540880 0.001588360 0.981677949 1.366889477
0.976209402 0.028069779 -0.215005353 -0.473322421 -0.028054925 0.999601483 0.003121360 -0.148922980 0.215007305 0.002984859 0.976607800 1.632617593
0.971346259 0.028686034 -0.235931158 -0.551021576 -0.028702043 0.999582291 0.003367200 -0.172661513 0.235929221 0.003500989 0.971763909 1.908457041
0.967133582 0.031326000 -0.252332002 -0.644027412 -0.031157274 0.999503613 0.004665306 -0.195942670 0.252352893 0.003350003 0.967629433 2.194608927
0.963459909 0.037977464 -0.265146732 -0.740901530 -0.037064366 0.999277115 0.008448108 -0.221618026 0.265275866 0.001688082 0.964170992 2.497610807
0.960311592 0.043900471 -0.275452942 -0.843059301 -0.042294607 0.999035835 0.011770198 -0.251746595 0.275704056 0.000347118 0.961242497 2.808135271
0.957932174 0.047251325 -0.283078134 -0.941746831 -0.045558430 0.998882651 0.012564143 -0.276709437 0.283355564 0.000861001 0.959014535 3.128811121
0.956650436 0.049991902 -0.286915928 -1.041648030 -0.048325144 0.998748422 0.012892521 -0.304146349 0.287201345 0.001531618 0.957869053 3.465607166
0.956180930 0.050844703 -0.288328111 -1.137666106 -0.048744652 0.998706520 0.014463506 -0.332402647 0.288690567 0.000224728 0.957422495 3.819543362
0.956279874 0.049874399 -0.288168639 -1.233448863 -0.047453891 0.998754978 0.015383671 -0.368554413 0.288577139 -0.001036371 0.957456112 4.179747105
0.957055092 0.047435820 -0.285998791 -1.323939919 -0.045076355 0.998873413 0.014831597 -0.405615747 0.286380172 -0.001302870 0.958115160 4.556459427
0.958258629 0.046259157 -0.282135516 -1.422034979 -0.043643635 0.998926103 0.015551356 -0.439378589 0.282551974 -0.002588799 0.959248543 4.952911377
0.959850669 0.045432229 -0.276808083 -1.515909553 -0.042700943 0.998961508 0.015890162 -0.472627312 0.277242631 -0.003432217 0.960793793 5.363573551
0.961994469 0.045103133 -0.269318312 -1.612770319 -0.042162716 0.998971224 0.016695639 -0.510767937 0.269794345 -0.004705921 0.962906480 5.791579247
0.964427292 0.046861198 -0.260161459 -1.705033302 -0.043745238 0.998884797 0.017757606 -0.546164453 0.260703564 -0.005745093 0.965401888 6.228520393
0.967142224 0.045239769 -0.250178427 -1.792092919 -0.042040341 0.998951614 0.018120494 -0.582161844 0.250735939 -0.007007508 0.968030214 6.686929703
0.970093668 0.045336653 -0.238459408 -1.885650873 -0.041890584 0.998931766 0.019502029 -0.621696532 0.239088863 -0.008929590 0.970956683 7.160693645
0.973091185 0.044429172 -0.226096436 -1.967517853 -0.040761322 0.998950958 0.020867558 -0.655062258 0.226786375 -0.011090046 0.973881304 7.645424843
0.975895822 0.039685074 -0.214598447 -2.034573555 -0.035947762 0.999126852 0.021291597 -0.695173442 0.215256050 -0.013064045 0.976470172 8.141978264
0.978635907 0.035903577 -0.202441499 -2.104532242 -0.032283459 0.999254823 0.021157064 -0.738593340 0.203050241 -0.014169553 0.979065716 8.649964333
0.981295943 0.031481899 -0.189913884 -2.166165590 -0.028305754 0.999410868 0.019414186 -0.782932520 0.190413147 -0.013675405 0.981608808 9.176459312
0.983725071 0.028167116 -0.177458912 -2.227655172 -0.025490779 0.999524593 0.017343778 -0.825850129 0.177863091 -0.012537944 0.983975291 9.714651108
0.985687137 0.021933364 -0.167152017 -2.287095547 -0.019288979 0.999662042 0.017427575 -0.874905944 0.167477772 -0.013953941 0.985777080 10.271677971
0.986961007 0.014713747 -0.160285756 -2.338445663 -0.011939259 0.999761999 0.018259028 -0.919415951 0.160516247 -0.016107256 0.986901760 10.829113960
0.987508059 0.007381204 -0.157395452 -2.388313770 -0.004511277 0.999817193 0.018583337 -0.967361927 0.157503828 -0.017641140 0.987360775 11.401147842
0.987775087 0.000309581 -0.155885279 -2.455332041 0.002779658 0.999804199 0.019599011 -1.024407506 0.155860797 -0.019792726 0.987580717 11.989416122
0.987627208 -0.004476847 -0.156756356 -2.517352104 0.007800059 0.999757588 0.020591114 -1.071782112 0.156626239 -0.021559054 0.987422526 12.583116531
0.987051725 -0.009836685 -0.160100386 -2.584305763 0.013307977 0.999698758 0.020624181 -1.119667411 0.159849301 -0.022487748 0.986885190 13.194374084
0.985944927 -0.013535348 -0.166522250 -2.664483070 0.017112123 0.999652267 0.020063177 -1.177037954 0.166192815 -0.022630733 0.985833585 13.804776192
0.984313488 -0.015276897 -0.175766125 -2.752948523 0.018902743 0.999641359 0.018972961 -1.229246616 0.175413221 -0.021997798 0.984249115 14.425950050
0.982727587 -0.019352520 -0.184043616 -2.848474979 0.022503046 0.999633551 0.015044983 -1.288365841 0.183685020 -0.018926665 0.982802927 15.065466881
0.981588900 -0.020367855 -0.189917088 -2.948065519 0.022858517 0.999678969 0.010932913 -1.338191152 0.189633414 -0.015072849 0.981739283 15.701224327
0.980385542 -0.018871780 -0.196183652 -3.056769609 0.021326333 0.999718308 0.010406397 -1.395733476 0.195932031 -0.014386158 0.980511963 16.338987350
0.979031146 -0.018533750 -0.202866137 -3.169212103 0.021380516 0.999701202 0.011850061 -1.453232527 0.202585891 -0.015938962 0.979134798 16.998531342
0.977720439 -0.017395604 -0.209189266 -3.290787697 0.020824065 0.999682426 0.014197848 -1.510101199 0.208875850 -0.018237699 0.977772117 17.666889191
0.976503015 -0.016208705 -0.214893416 -3.412839413 0.019699823 0.999706268 0.014113938 -1.574002862 0.214601547 -0.018015664 0.976535559 18.346420288
0.975916028 -0.010171582 -0.217909545 -3.547743797 0.013277944 0.999830008 0.012795695 -1.636950016 0.217742413 -0.015380914 0.975885153 19.026756287
0.975374043 -0.005841517 -0.220479473 -3.679407835 0.008066965 0.999925137 0.009194634 -1.692971826 0.220409259 -0.010746809 0.975348294 19.704519272
0.975117922 -0.004505282 -0.221640557 -3.812995195 0.006175235 0.999957502 0.006842129 -1.753914595 0.221600309 -0.008040564 0.975104451 20.386241913
0.974861264 -0.003287849 -0.222788453 -3.935036421 0.005306462 0.999950111 0.008462651 -1.813884139 0.222749516 -0.009432130 0.974830091 21.087095261
0.974727690 0.001087770 -0.223394096 -4.075249672 0.001287993 0.999944031 0.010488866 -1.878646612 0.223393098 -0.010511516 0.974671781 21.791864395
0.974494278 0.007055462 -0.224301115 -4.220526695 -0.003715534 0.999875784 0.015308971 -1.940552831 0.224381283 -0.014085107 0.974399686 22.502893448
0.974062979 0.007140676 -0.226164028 -4.353991985 -0.003486642 0.999856889 0.016551901 -2.006019592 0.226249844 -0.015334043 0.973948717 23.212617874
0.973665297 0.005158676 -0.227923676 -4.501461029 -0.001431529 0.999862611 0.016514903 -2.066304207 0.227977559 -0.015753711 0.973538876 23.938713074
0.973144829 0.003083256 -0.230172902 -4.639347076 0.000146868 0.999901772 0.014015019 -2.131177664 0.230193496 -0.013672445 0.973048866 24.650676727
0.972685456 0.004090285 -0.232091546 -4.785547256 -0.001179916 0.999918938 0.012677185 -2.199097633 0.232124582 -0.012057063 0.972611368 25.368793488
0.972060144 0.002599278 -0.234717429 -4.947120667 0.000278788 0.999925256 0.012227823 -2.263205051 0.234731629 -0.011951614 0.971986711 26.107027054
0.971361279 0.001466076 -0.237602904 -5.093925953 0.001372867 0.999929667 0.011782358 -2.330882788 0.237603486 -0.011771123 0.971290827 26.853302002
0.971010923 0.004957088 -0.238984033 -5.248323441 -0.002310284 0.999932826 0.011354079 -2.396916389 0.239024267 -0.010472812 0.970957100 27.572139740
0.970724583 0.003722777 -0.240166724 -5.410735130 -0.002202386 0.999975860 0.006598654 -2.469850063 0.240185484 -0.005876537 0.970709145 28.298994064
0.970048249 0.001468108 -0.242907807 -5.571589470 -0.000191486 0.999986053 0.005279110 -2.543107033 0.242912188 -0.005074479 0.970034897 29.032800674
0.969218671 0.002305096 -0.246190891 -5.714422703 -0.001248269 0.999989331 0.004448684 -2.609704971 0.246198535 -0.004004436 0.969211161 29.773210526
0.968504786 0.006834138 -0.248901129 -5.894731998 -0.005679870 0.999969542 0.005355333 -2.679594994 0.248930126 -0.003772939 0.968514025 30.507228851
0.967719376 0.007899782 -0.251906544 -6.060755730 -0.005006196 0.999913990 0.012125568 -2.747398853 0.251980662 -0.010473053 0.967675626 31.243370056
0.967075169 0.007353862 -0.254384995 -6.227812767 -0.003745804 0.999885440 0.014664957 -2.809808493 0.254463732 -0.013229238 0.966991782 31.979749680
0.966423035 0.011576736 -0.256695062 -6.400615692 -0.006338305 0.999754667 0.021225227 -2.875385046 0.256877750 -0.018885540 0.966259420 32.719429016
0.965686083 0.011460702 -0.259459078 -6.588682175 -0.004946847 0.999656320 0.025744559 -2.929425716 0.259664983 -0.023577657 0.965410829 33.493797302
0.964923263 0.010749544 -0.262311935 -6.758408546 -0.002814682 0.999527514 0.030606743 -2.984855413 0.262517005 -0.028794833 0.964497566 34.237785339
0.964367568 0.011543734 -0.264314175 -6.935696602 -0.002903309 0.999449313 0.033057332 -3.041511059 0.264550179 -0.031112032 0.963869870 34.975551605
0.963977575 0.015387211 -0.265537918 -7.122908592 -0.008393242 0.999587834 0.027453613 -3.105022669 0.265850842 -0.024235943 0.963709414 35.717834473
0.963545978 0.016134154 -0.267055809 -7.299492836 -0.011914631 0.999777496 0.017413095 -3.169724226 0.267277330 -0.013596448 0.963523746 36.456214905
0.963434875 0.016456775 -0.267436892 -7.481389999 -0.014208623 0.999845624 0.010339452 -3.230692148 0.267565697 -0.006161481 0.963519871 37.194992065
0.963640928 0.017781172 -0.266608357 -7.665155411 -0.015446541 0.999821842 0.010851446 -3.288849354 0.266753852 -0.006338723 0.963743865 37.942131042
0.963945031 0.024216173 -0.264997303 -7.848443031 -0.020102719 0.999631822 0.018224124 -3.358564138 0.265341073 -0.012239887 0.964076936 38.698463440
0.964341640 0.028262820 -0.263147563 -8.019431114 -0.023098111 0.999475420 0.022700295 -3.421876431 0.263651103 -0.015812624 0.964488447 39.443737030
0.964968741 0.030287892 -0.260610819 -8.202998161 -0.025323236 0.999428570 0.022387622 -3.484580040 0.261139959 -0.015003845 0.965184331 40.186912537
0.965465784 0.030516295 -0.258736193 -8.371540070 -0.025813887 0.999434352 0.021553278 -3.549209118 0.259247601 -0.014129965 0.965707481 40.932811737
0.965998352 0.029313345 -0.256880969 -8.544305801 -0.024550701 0.999462545 0.021728523 -3.611178160 0.257379800 -0.014683111 0.966198742 41.683891296
0.966409802 0.030770749 -0.255157202 -8.705875397 -0.025852174 0.999410093 0.022608813 -3.671442270 0.255702436 -0.015253010 0.966635168 42.424209595
0.966811776 0.031518176 -0.253537983 -8.872901917 -0.027644666 0.999440610 0.018826960 -3.739749432 0.253989518 -0.011193154 0.967142224 43.160507202
0.967285454 0.033071991 -0.251525581 -9.049837112 -0.029877411 0.999417305 0.016510142 -3.808083057 0.251925021 -0.008455085 0.967709839 43.899494171
0.967587173 0.031458706 -0.250570267 -9.211070061 -0.029185291 0.999492288 0.012784497 -3.870857239 0.250845224 -0.005057149 0.968013942 44.627906799
0.967715800 0.033730235 -0.249776646 -9.370594025 -0.031106310 0.999411643 0.014446177 -3.936629534 0.250116974 -0.006210164 0.968195677 45.359947205
0.967988253 0.035676219 -0.248447105 -9.534614563 -0.032075025 0.999313712 0.018529039 -4.001219749 0.248937637 -0.009966945 0.968468249 46.090438843
0.968183517 0.038154390 -0.247315362 -9.693922043 -0.033585824 0.999178767 0.022666652 -4.065958023 0.247977093 -0.013639190 0.968669891 46.803852081
0.968379974 0.039082132 -0.246399805 -9.852134705 -0.034500673 0.999142706 0.022884987 -4.126028538 0.247082934 -0.013660402 0.968898058 47.513595581
0.968535781 0.040048126 -0.245630994 -10.006211281 -0.035784304 0.999121726 0.021799261 -4.186472893 0.246288270 -0.012323633 0.969118178 48.224071503
0.968788505 0.040117737 -0.244621217 -10.155263901 -0.036419217 0.999143839 0.019625787 -4.245978832 0.245199129 -0.010104325 0.969420075 48.916366577
0.969020665 0.040289365 -0.243671313 -10.306059837 -0.037060630 0.999154091 0.017822266 -4.313042164 0.244183242 -0.008239533 0.969694078 49.600109100
0.969241381 0.040353887 -0.242781043 -10.451332092 -0.037122734 0.999150872 0.017870991 -4.370848179 0.243296042 -0.008308608 0.969916403 50.282447815
0.969535828 0.039281070 -0.241779506 -10.593008041 -0.035591807 0.999173999 0.019609191 -4.432196140 0.242350042 -0.010406444 0.970133066 50.959980011
0.969753146 0.038827784 -0.240979880 -10.731584549 -0.034374814 0.999152184 0.022656580 -4.490242958 0.241655245 -0.013687651 0.970265627 51.627292633
0.970046878 0.036545869 -0.240152955 -10.863801003 -0.031485960 0.999194562 0.024874069 -4.548569202 0.240868613 -0.016567569 0.970416248 52.283241272
0.970248520 0.037047312 -0.239260033 -11.004287720 -0.031325877 0.999126017 0.027673056 -4.602551937 0.240076125 -0.019354707 0.970561087 52.942764282
0.970367014 0.038618352 -0.238529801 -11.137058258 -0.033080906 0.999083161 0.027176183 -4.656804562 0.239360586 -0.018480089 0.970754802 53.576091766
0.970531702 0.042345513 -0.237223640 -11.274953842 -0.036870606 0.998942375 0.027470414 -4.708091736 0.238135979 -0.017914323 0.971066713 54.193588257
0.970723450 0.044118274 -0.236113459 -11.401229858 -0.038202535 0.998832285 0.029573349 -4.755685329 0.237142429 -0.019687412 0.971275330 54.800025940
0.971071899 0.042865083 -0.234908476 -11.516299248 -0.037392434 0.998916507 0.027704000 -4.802042007 0.235841468 -0.018118776 0.971622765 55.390815735
0.971749008 0.045750841 -0.231539860 -11.629637718 -0.039725717 0.998741269 0.030620389 -4.850306988 0.232649341 -0.020557249 0.972343445 55.968872070
0.972790658 0.050856702 -0.226034895 -11.751132965 -0.046034999 0.998586774 0.026555216 -4.899043083 0.227065980 -0.015427151 0.973757207 56.532985687
0.974002659 0.055099439 -0.219733655 -11.854266167 -0.050995063 0.998403013 0.024311760 -4.942029953 0.220722288 -0.012474387 0.975256920 57.079864502
0.975705683 0.054977003 -0.212075219 -11.952709198 -0.051800825 0.998446941 0.020508030 -4.993143082 0.212873295 -0.009024131 0.977038145 57.611076355
0.977820098 0.052520011 -0.202754706 -12.028567314 -0.049946304 0.998593390 0.017793067 -5.041957378 0.203403994 -0.007271568 0.979067922 58.134925842
0.980365038 0.049119245 -0.190975264 -12.085792542 -0.047196381 0.998778760 0.014606969 -5.087883472 0.191459522 -0.005306821 0.981486142 58.658706665
0.983254254 0.045723423 -0.176409721 -12.152848244 -0.043886352 0.998934150 0.014303367 -5.141035080 0.176875681 -0.006321869 0.984212875 59.170936584
0.986209750 0.041555658 -0.160198525 -12.195426941 -0.040286019 0.999125779 0.011166578 -5.189780712 0.160522491 -0.004558827 0.987021625 59.666301727
0.989221692 0.039507024 -0.140994996 -12.228790283 -0.039022807 0.999219120 0.006198552 -5.240796089 0.141129762 -0.000629723 0.989990890 60.147033691
0.992189288 0.035055023 -0.119714342 -12.242062569 -0.034881607 0.999385178 0.003544318 -5.290001869 0.119764999 0.000659195 0.992802024 60.639942169
0.994925678 0.031598583 -0.095522299 -12.236329079 -0.031392999 0.999500513 0.003654589 -5.336687565 0.095590055 -0.000637313 0.995420575 61.107826233
0.997305512 0.024770118 -0.069050863 -12.219318390 -0.024720134 0.999693155 0.001578356 -5.391056538 0.069068760 0.000132844 0.997611880 61.565818787
0.999017835 0.018706126 -0.040166490 -12.186307907 -0.018706629 0.999824882 0.000363192 -5.431014061 0.040166255 0.000388544 0.999192953 62.035438538
0.999893248 0.012296190 -0.007899854 -12.124683380 -0.012282832 0.999923050 0.001737229 -5.482006550 0.007920612 -0.001640011 0.999967277 62.480350494
0.999597907 0.009975973 0.026540857 -12.057472229 -0.010084158 0.999941349 0.003945392 -5.524838448 -0.026499934 -0.004211450 0.999639928 62.924827576
0.998123229 0.006973644 0.060839627 -11.963002205 -0.007254147 0.999963999 0.004390822 -5.573328018 -0.060806829 -0.004823922 0.998137891 63.326622009
0.995292902 0.002999527 0.096866019 -11.871101379 -0.003339970 0.999988735 0.003352610 -5.621817589 -0.096854888 -0.003660359 0.995291710 63.764106750
0.991075516 -0.001529368 0.133293137 -11.755492210 0.001220634 0.999996364 0.002397888 -5.662728310 -0.133296326 -0.002213787 0.991073728 64.158836365
0.985226452 -0.006653132 0.171127081 -11.616909981 0.006756597 0.999977171 -0.000022191 -5.701591015 -0.171123043 0.001178100 0.985248923 64.538253784
0.977422833 -0.009808162 0.211064875 -11.477256775 0.010170736 0.999948025 -0.000632294 -5.747577667 -0.211047709 0.002764703 0.977471888 64.907379150
0.968208671 -0.012901297 0.249810979 -11.316995621 0.013312158 0.999911368 0.000044866 -5.783900738 -0.249789387 0.003282083 0.968294621 65.277061462
0.957691789 -0.016419498 0.287326962 -11.141782761 0.016753808 0.999858797 0.001295369 -5.818571091 -0.287307650 0.003573256 0.957831621 65.625251770
0.945900440 -0.020888194 0.323784053 -10.953563690 0.021194605 0.999772012 0.002580255 -5.848048687 -0.323764175 0.004421812 0.946127415 65.970657349
0.932659328 -0.024343437 0.359936148 -10.759384155 0.024239561 0.999694586 0.004802934 -5.887406349 -0.359943151 0.004245192 0.932964563 66.314392090
0.918371856 -0.027600158 0.394754648 -10.557470322 0.027145276 0.999608815 0.006738099 -5.925953865 -0.394786149 0.004527645 0.918761849 66.626853943
0.903302670 -0.032383077 0.427779645 -10.343235016 0.031682272 0.999459684 0.008758932 -5.962019920 -0.427832156 0.005641064 0.903840542 66.941711426
0.887659907 -0.036551069 0.459046721 -10.116823196 0.035857208 0.999304533 0.010231303 -5.999540806 -0.459101439 0.007378213 0.888353229 67.249938965
0.871317685 -0.037381891 0.489293337 -9.884534836 0.037555557 0.999249697 0.009464716 -6.037425041 -0.489280105 0.010128911 0.872067928 67.537200928
0.854222357 -0.036573216 0.518619835 -9.642393112 0.038650852 0.999229610 0.006803847 -6.062311172 -0.518469155 0.014233100 0.854977846 67.829612732
0.836539328 -0.035634052 0.546746731 -9.383100510 0.039060254 0.999222457 0.005360634 -6.093846321 -0.546512723 0.016871683 0.837280869 68.124900818
0.817553580 -0.036417611 0.574699640 -9.111125946 0.039427470 0.999196291 0.007228586 -6.127862453 -0.574500978 0.016749198 0.818332493 68.422943115
0.797024310 -0.038243480 0.602734983 -8.823215485 0.039792739 0.999149919 0.010776181 -6.161639690 -0.602634668 0.015395596 0.797868609 68.720092773
0.775717974 -0.039518081 0.629841208 -8.517217636 0.040001877 0.999109507 0.013420377 -6.198640823 -0.629810631 0.014784404 0.776607931 69.017425537
0.753446281 -0.040857613 0.656238794 -8.189275742 0.041357923 0.999036133 0.014716061 -6.226848602 -0.656207442 0.016052913 0.754409790 69.305221558
0.730314672 -0.042400941 0.681793749 -7.850446701 0.042931814 0.998947680 0.016137706 -6.261031151 -0.681760550 0.017485045 0.731366456 69.584747314
0.706658423 -0.043726500 0.706202447 -7.493347168 0.044354457 0.998863220 0.017464308 -6.301110268 -0.706163287 0.018981928 0.707794607 69.872230530
0.682525277 -0.044392977 0.729512572 -7.118255615 0.045646328 0.998794138 0.018073261 -6.327723026 -0.729435205 0.020964116 0.683728576 70.147247314
0.658011436 -0.044620398 0.751684844 -6.721687317 0.046055701 0.998758733 0.018970497 -6.366538525 -0.751598239 0.022136573 0.659249663 70.415512085
0.633273482 -0.043744721 0.772690833 -6.310983658 0.045195095 0.998787701 0.019504361 -6.388767242 -0.772607327 0.022570239 0.634482801 70.675605774
0.607350945 -0.043323576 0.793251514 -5.895284653 0.043767758 0.998820126 0.021040075 -6.419898510 -0.793227196 0.021940127 0.608530521 70.931037903
0.580752969 -0.044325687 0.812872231 -5.455720901 0.042499837 0.998805761 0.024100769 -6.454540253 -0.812969685 0.020550348 0.581943154 71.180297852
0.554339290 -0.046664018 0.830981553 -4.997568130 0.041672092 0.998730958 0.028285004 -6.489821911 -0.831246853 0.018949250 0.555580378 71.422256470
0.528115034 -0.051144365 0.847631216 -4.514698029 0.043633774 0.998500407 0.033061568 -6.519330502 -0.848050952 0.019525038 0.529554725 71.655006409
0.501840591 -0.053518720 0.863302767 -4.024011612 0.043941006 0.998372734 0.036349051 -6.548719406 -0.863843203 0.019692965 0.503375649 71.874145508
0.476418346 -0.055384673 0.877472579 -3.520143509 0.044084240 0.998263419 0.039073531 -6.576105118 -0.878112793 0.020067362 0.478032589 72.086540222
0.452673972 -0.056101121 0.889909506 -3.008789062 0.042710662 0.998237431 0.041204456 -6.607531071 -0.890652597 0.019356443 0.454272181 72.301635742
0.432422727 -0.057416234 0.899841070 -2.487110138 0.042410940 0.998161197 0.043308981 -6.635225773 -0.900672972 0.019435311 0.434062630 72.506858826
0.417309672 -0.060210578 0.906767488 -1.950189590 0.047337811 0.997888327 0.044475462 -6.670090199 -0.907530606 0.024364356 0.419278681 72.703666687
0.405551881 -0.061170202 0.912022948 -1.413589478 0.046432193 0.997848868 0.046279479 -6.696722031 -0.912891984 0.023578499 0.407519758 72.905151367
0.395661563 -0.061632708 0.916325986 -0.854694366 0.046686206 0.997805417 0.046954375 -6.728720665 -0.917208970 0.024201740 0.397670656 73.111038208
0.388392866 -0.060606573 0.919498682 -0.297756195 0.046310078 0.997857690 0.046210222 -6.758991241 -0.920329511 0.024634339 0.390367478 73.311866760
0.384614825 -0.059020218 0.921188414 0.279769897 0.047228470 0.997905016 0.044216573 -6.792894363 -0.921868145 0.026499968 0.386596471 73.523063660
0.383203417 -0.058286011 0.921823144 0.855464935 0.049127229 0.997880578 0.042672783 -6.823251247 -0.922356546 0.028934253 0.385254681 73.729270935
0.382517308 -0.055162702 0.922300160 1.446319580 0.046073783 0.998113096 0.040588308 -6.853562355 -0.922798753 0.026968122 0.384337008 73.951225281
0.381599814 -0.054313872 0.922730446 2.047298431 0.044409297 0.998196721 0.040390268 -6.885830879 -0.923260212 0.025564890 0.383323640 74.181617737
0.380632758 -0.054836284 0.923099041 2.650344849 0.042646501 0.998219073 0.041713804 -6.918072224 -0.923742354 0.023489302 0.382293403 74.405448914
0.379747272 -0.056233387 0.923379600 3.262626648 0.042332467 0.998161495 0.043377999 -6.959436417 -0.924121141 0.022616254 0.381429583 74.629028320
0.378520191 -0.056462202 0.923869312 3.874300003 0.040459558 0.998192966 0.044427730 -6.996934414 -0.924708307 0.020562548 0.380120605 74.852996826
0.377756298 -0.056510210 0.924178958 4.501947403 0.041716415 0.998160899 0.043982442 -7.027375698 -0.924964845 0.021938788 0.379418999 75.074020386
0.376255035 -0.057149045 0.924751878 5.133533478 0.041783791 0.998127043 0.044682950 -7.061013699 -0.925573528 0.021827456 0.377938181 75.305259705
0.374444664 -0.058908269 0.925376117 5.763607025 0.041534364 0.998043835 0.046727717 -7.097561836 -0.926318586 0.020937962 0.376158953 75.529762268
0.372960776 -0.061200786 0.925826430 6.440547943 0.040785063 0.997939169 0.049537823 -7.126307011 -0.926950216 0.019284220 0.374688298 75.762901306
0.371396065 -0.064587891 0.926225305 7.098407745 0.042442683 0.997715712 0.052554496 -7.163050652 -0.927503884 0.019792954 0.373289019 75.993438721
0.369282901 -0.066508420 0.926934004 7.764665604 0.043124653 0.997587681 0.054397382 -7.197885990 -0.928315818 0.019885678 0.371260226 76.230102539
0.366694212 -0.066652529 0.927950799 8.438159943 0.041870598 0.997602165 0.055109583 -7.228951931 -0.929398835 0.018645495 0.368605644 76.459701538
0.364060462 -0.064586252 0.929133296 9.109878540 0.042551354 0.997704446 0.052679986 -7.262949944 -0.930402815 0.020357175 0.365972996 76.687072754
0.361566663 -0.061832398 0.930293798 9.786531448 0.044682037 0.997801065 0.048953265 -7.301335335 -0.931274891 0.023867546 0.363534480 76.917976379
0.359770030 -0.060082443 0.931104481 10.478307724 0.046663433 0.997834384 0.046358079 -7.341347694 -0.931873322 0.026770283 0.361794651 77.149261475
0.357810825 -0.057126433 0.932044983 11.172534943 0.046666898 0.997973621 0.043251939 -7.374517918 -0.932627261 0.028019631 0.359751731 77.381439209
0.356417745 -0.057493523 0.932556093 11.872526169 0.047619436 0.997925520 0.043323770 -7.415225506 -0.933112442 0.028966438 0.358416229 77.612792969
0.354453295 -0.060268641 0.933129430 12.587085724 0.050309129 0.997704625 0.045329232 -7.459265709 -0.933719397 0.030877834 0.356671691 77.847831726
0.352825165 -0.061512485 0.933665216 13.300142288 0.050525587 0.997633398 0.046633646 -7.496277332 -0.934324145 0.030720459 0.355098128 78.077369690
0.350627899 -0.062439729 0.934431016 14.023334503 0.048469421 0.997647583 0.048476681 -7.535056591 -0.935259759 0.028294044 0.352829516 78.318946838
0.348238111 -0.062688589 0.935307622 14.745445251 0.048085373 0.997642338 0.048963189 -7.576489449 -0.936172009 0.027923763 0.350431502 78.554168701
0.346570551 -0.061620448 0.935997665 15.477436066 0.048155840 0.997692943 0.047851495 -7.608543396 -0.936786950 0.028489834 0.348738402 78.790161133
0.343991876 -0.061317720 0.936968327 16.233020782 0.047709435 0.997717977 0.047777627 -7.653826237 -0.937759757 0.028267113 0.346132338 79.035942078
0.341384470 -0.063369453 0.937785149 16.978879929 0.047642797 0.997608781 0.050068408 -7.705366611 -0.938715518 0.027586125 0.343587309 79.270126343
0.338473171 -0.062971249 0.938866615 17.737401962 0.048071072 0.997612596 0.049581211 -7.735674381 -0.939747334 0.028350409 0.340692222 79.520172119
0.336307228 -0.063217461 0.939628184 18.497381210 0.049246177 0.997559845 0.049489107 -7.769072056 -0.940463841 0.029629545 0.338599831 79.748641968
0.333859563 -0.064742759 0.940396905 19.257846832 0.050555542 0.997432470 0.050721232 -7.813531876 -0.941266119 0.030608499 0.336275548 79.978012085
0.331052184 -0.067073926 0.941225469 20.027566910 0.054064982 0.997180104 0.052045401 -7.848000050 -0.942062318 0.033657603 0.333744943 80.208084106
0.328392744 -0.069495827 0.941981077 20.807516098 0.056236014 0.996959031 0.053946938 -7.883392811 -0.942865610 0.035257481 0.331302255 80.439384460
0.325853169 -0.072532870 0.942633927 21.576040268 0.058599692 0.996685028 0.056434989 -7.918300629 -0.943602562 0.036848530 0.329023421 80.655075073
0.322495669 -0.076755956 0.943453789 22.359268188 0.062194690 0.996271312 0.059793331 -7.950814247 -0.944525480 0.039394725 0.326067001 80.886520386
0.320515871 -0.078290962 0.944002092 23.152759552 0.063075848 0.996130645 0.061198179 -7.983511448 -0.945140719 0.039928745 0.324213922 81.119628906
0.317824751 -0.077241838 0.944997907 23.942016602 0.063074194 0.996190846 0.060212906 -8.016584396 -0.946049154 0.040467843 0.321486056 81.347564697
0.315740675 -0.070184261 0.946246386 24.730524063 0.063266985 0.996598601 0.052808210 -8.050568581 -0.946733952 0.043192443 0.319106966 81.570289612
0.313070446 -0.065162063 0.947491825 25.522342682 0.061502524 0.996940434 0.048241120 -8.086371422 -0.947736502 0.043170273 0.316120207 81.802177429
0.311057180 -0.062837854 0.948311567 26.336000443 0.060022719 0.997118771 0.046383806 -8.126580238 -0.948493898 0.042492222 0.313932717 82.031158447
0.308649063 -0.065167010 0.948941052 27.146352768 0.060722753 0.996965170 0.048714545 -8.169677734 -0.949235797 0.042586617 0.311669528 82.265991211
0.308421850 -0.066392839 0.948929846 27.971553802 0.060497485 0.996910870 0.050086953 -8.209228516 -0.949323952 0.041959964 0.311485738 82.485504150
0.307376981 -0.066998154 0.949226379 28.780572891 0.060175311 0.996890426 0.050876506 -8.244079590 -0.949683309 0.041481733 0.310452819 82.712898254
0.306706935 -0.069348276 0.949274302 29.607837677 0.059617922 0.996783495 0.053556692 -8.276994705 -0.949935019 0.040167544 0.309854805 82.946220398
0.306472152 -0.071059383 0.949223638 30.436559677 0.058697559 0.996722639 0.055663731 -8.318449020 -0.950068057 0.038657717 0.309638798 83.172012329
0.305142552 -0.069131538 0.949794054 31.262702942 0.058503680 0.996838570 0.053760104 -8.363629341 -0.950507939 0.039161958 0.308222353 83.399581909
0.304746807 -0.065583073 0.950172782 32.093513489 0.058738034 0.997021496 0.049977779 -8.403150558 -0.950620413 0.040580712 0.307691425 83.623039246
0.302959144 -0.061858524 0.950993836 32.933383942 0.056666315 0.997294843 0.046817973 -8.443283081 -0.951317370 0.039705392 0.305644870 83.865371704
0.301608950 -0.063682884 0.951302588 33.773101807 0.057658389 0.997158945 0.048472136 -8.489182472 -0.951686740 0.040230941 0.304423869 84.103347778
0.301812708 -0.067420393 0.950980365 34.633033752 0.061120845 0.996812582 0.051271789 -8.516131401 -0.951406002 0.042650241 0.304971457 84.323928833
0.300376058 -0.070940569 0.951179087 35.476539612 0.064004190 0.996481717 0.054107223 -8.555946350 -0.951671004 0.044626929 0.303859800 84.555717468
0.300936908 -0.073280364 0.950824380 36.330780029 0.067874387 0.996160567 0.055292126 -8.593009949 -0.951225460 0.047897182 0.304755330 84.777641296
0.301414132 -0.075527102 0.950497448 37.183898926 0.071870722 0.995821655 0.056337532 -8.634796143 -0.950780809 0.051331997 0.305582881 85.008918762
0.303247094 -0.076443762 0.949840784 38.033046722 0.075263359 0.995584548 0.056096584 -8.668345451 -0.949935079 0.054477084 0.307661593 85.234237671
0.305866271 -0.078061566 0.948868871 38.888221741 0.078592435 0.995301664 0.056547370 -8.703733444 -0.948825061 0.057277985 0.310564309 85.463104248
0.307946980 -0.080501013 0.947991669 39.736213684 0.080731481 0.995031118 0.058270555 -8.750404358 -0.947972119 0.058588531 0.312915742 85.716316223
0.311121672 -0.081126563 0.946901143 40.581424713 0.083062857 0.994858325 0.057943515 -8.786974907 -0.946733296 0.060624830 0.316260606 85.956192017
0.314858198 -0.081029452 0.945673585 41.425251007 0.085277483 0.994734585 0.056840416 -8.827299118 -0.945299983 0.062747993 0.320110321 86.203514099
0.318414360 -0.080629863 0.944516301 42.264392853 0.087689407 0.994609237 0.055344354 -8.866295815 -0.943887115 0.065201640 0.323768228 86.448646545
0.322122604 -0.080901034 0.943234801 43.098342896 0.091561459 0.994333386 0.054014731 -8.902770996 -0.942259729 0.068964601 0.327704698 86.693786621
0.325958520 -0.082289845 0.941795886 43.931655884 0.093802631 0.994103730 0.054394886 -8.945037842 -0.940719008 0.070612453 0.331755608 86.943023682
0.329321891 -0.083545774 0.940514326 44.778320312 0.097282119 0.993779123 0.054213889 -8.982963562 -0.939193010 0.073641367 0.335400730 87.199447632
0.332626343 -0.084776439 0.939240456 45.606262207 0.100062601 0.993501723 0.054237545 -9.024891853 -0.937735140 0.075942002 0.338947803 87.452575684
0.335613370 -0.085517049 0.938110054 46.426628113 0.104087465 0.993139148 0.053295650 -9.060036659 -0.936231434 0.079758763 0.342212021 87.705612183
0.339090079 -0.086203828 0.936796010 47.240684509 0.105901085 0.992961228 0.053039338 -9.108644485 -0.934774160 0.081222601 0.345832437 87.950546265
0.342036575 -0.087037668 0.935647070 48.055580139 0.107326984 0.992803693 0.053119991 -9.145090103 -0.933537304 0.082251199 0.348916680 88.207519531
0.345026135 -0.087860070 0.934471786 48.865844727 0.109312862 0.992595315 0.052964345 -9.186313629 -0.932205796 0.083875686 0.352075636 88.464889526
0.348167926 -0.088035919 0.933289230 49.674507141 0.111786492 0.992375672 0.051907010 -9.225119591 -0.930743217 0.086256765 0.355354548 88.723472595
0.351273447 -0.089276753 0.932006776 50.469894409 0.113398023 0.992172122 0.052300263 -9.263654709 -0.929380357 0.087316036 0.358647525 88.977531433
0.353441089 -0.089815088 0.931135118 51.267509460 0.113847457 0.992111087 0.052482340 -9.307521820 -0.928503156 0.087457955 0.360878110 89.247100830
0.355778903 -0.091288410 0.930100918 52.047660828 0.115378454 0.991894901 0.053219255 -9.342361450 -0.927420616 0.088379331 0.363428086 89.507034302
0.358089417 -0.091781467 0.929165304 52.825325012 0.116017327 0.991818249 0.053258527 -9.379791260 -0.926451266 0.088727973 0.365807831 89.773513794
0.360547125 -0.092056684 0.928187132 53.586097717 0.116838627 0.991737068 0.052974448 -9.417074203 -0.925394237 0.089348309 0.368323714 90.031600952
0.363377690 -0.093316354 0.926956654 54.331573486 0.119585492 0.991412163 0.052926164 -9.455885887 -0.923935056 0.091618381 0.371416420 90.282844543
0.366399616 -0.093498610 0.925748110 55.062164307 0.118657999 0.991510332 0.053177088 -9.491862297 -0.922860563 0.090363339 0.374383301 90.535552979
0.368737489 -0.094866641 0.924679935 55.771949768 0.119272240 0.991383910 0.054147504 -9.529561043 -0.921849668 0.090322435 0.376875371 90.784896851
0.371294469 -0.096619718 0.923474431 56.475559235 0.118818812 0.991338611 0.055947468 -9.556198120 -0.920881331 0.088953152 0.379558772 91.043334961
0.373848200 -0.098790638 0.922213674 57.146766663 0.119848654 0.991120636 0.057587754 -9.585206985 -0.919714034 0.088996992 0.382368624 91.285667419
0.377030820 -0.101317793 0.920642436 57.799919128 0.120607547 0.990906000 0.059657965 -9.618130684 -0.918314457 0.088543527 0.385821760 91.519622803
0.380721390 -0.104431905 0.918773830 58.429840088 0.121400893 0.990646780 0.062295232 -9.643501282 -0.916685879 0.087822802 0.389838606 91.750473022
0.385019988 -0.106376059 0.916757166 59.033893585 0.118419416 0.990818381 0.065235928 -9.674901962 -0.915279329 0.083444722 0.394081861 91.986038208
0.390565664 -0.101297863 0.914984822 59.611373901 0.116482146 0.991376698 0.060034238 -9.713878632 -0.913175941 0.083132066 0.398997158 92.210983276
0.396254241 -0.095246449 0.913187146 60.156147003 0.115881428 0.991838992 0.053166158 -9.756092072 -0.910798550 0.084754109 0.404057801 92.421936035
0.403377831 -0.086830944 0.910904348 60.675811768 0.116197504 0.992289066 0.043132864 -9.788627625 -0.907625675 0.088445954 0.410356969 92.633209229
0.411620259 -0.079330504 0.907896161 61.185817719 0.111001283 0.993151426 0.036454417 -9.818133354 -0.904570282 0.085772268 0.417607069 92.864212036
0.422836512 -0.073400110 0.903228462 61.671123505 0.102367811 0.994203389 0.032870740 -9.847720146 -0.900405586 0.078562580 0.427899241 93.090316772
0.437012106 -0.074195221 0.896390200 62.150520325 0.099995546 0.994421840 0.033559129 -9.889568329 -0.893880010 0.074969299 0.441993564 93.317703247
0.454151064 -0.075923815 0.887683690 62.631088257 0.098700903 0.994516671 0.034564540 -9.924168587 -0.885440528 0.071917661 0.459154516 93.560531616
0.473149121 -0.076458134 0.877658248 63.072643280 0.095266826 0.994825363 0.035306543 -9.966890335 -0.875816226 0.066906445 0.477984786 93.816429138
0.495875895 -0.074281752 0.865210533 63.506683350 0.087633833 0.995529056 0.035244741 -10.000708580 -0.863960326 0.058344711 0.500168502 94.083656311
0.520628631 -0.071232408 0.850806475 63.931434631 0.078540578 0.996283889 0.035351429 -10.031710625 -0.850162983 0.048417863 0.524288595 94.375366211
0.547665060 -0.067530237 0.833967984 64.340324402 0.071640342 0.996861935 0.033674441 -10.076718330 -0.833624959 0.041303430 0.550784349 94.678878784
0.576145768 -0.066507712 0.814636469 64.740524292 0.070089512 0.997032762 0.031828403 -10.114315033 -0.814336240 0.038759679 0.579097748 95.001373291
0.607736826 -0.067561843 0.791259348 65.149803162 0.069247358 0.997087777 0.031950228 -10.152942657 -0.791113615 0.035375282 0.610645413 95.308982849
0.640015423 -0.064860024 0.765619636 65.508552551 0.064181633 0.997461379 0.030848388 -10.192567825 -0.765676796 0.029395266 0.642553389 95.647384644
0.674198151 -0.062109217 0.735934317 65.873886108 0.060578458 0.997750521 0.028708575 -10.228809357 -0.736061871 0.025226492 0.676444054 95.993774414
0.707878172 -0.059648208 0.703811467 66.195930481 0.057528522 0.997986317 0.026718680 -10.264780998 -0.703987896 0.021575660 0.709884167 96.367378235
0.740304410 -0.058366548 0.669733286 66.476448059 0.056316301 0.998106539 0.024733493 -10.302812576 -0.669908822 0.019406578 0.742189705 96.752815247
0.772283673 -0.055695791 0.632831514 66.764389038 0.053955149 0.998300612 0.022016058 -10.347990036 -0.632982433 0.017141877 0.773976445 97.161979675
0.803436637 -0.054017931 0.592934847 67.032417297 0.052066412 0.998435080 0.020409213 -10.390040398 -0.593109310 0.014474473 0.804991841 97.577728271
0.832917154 -0.049331024 0.551194549 67.270690918 0.047287155 0.998720348 0.017927647 -10.435940742 -0.551373601 0.011132172 0.834184051 98.015808105
0.860450983 -0.042577758 0.507751048 67.491539001 0.042011879 0.999037802 0.012580239 -10.476151466 -0.507798195 0.010506899 0.861411929 98.473663330
0.885122001 -0.037023339 0.463884056 67.668655396 0.037688863 0.999258816 0.007839568 -10.532659531 -0.463830531 0.010544289 0.885861158 98.944221497
0.908986628 -0.030372094 0.415717244 67.860618591 0.031341556 0.999498546 0.004492984 -10.588197708 -0.415645301 0.008945161 0.909482718 99.402053833
0.929483533 -0.023432247 0.368118733 68.014144897 0.024215566 0.999703586 0.002491953 -10.636439323 -0.368067980 0.006597976 0.929775357 99.893737793
0.947072566 -0.017138880 0.320561826 68.146316528 0.017493552 0.999845386 0.001773658 -10.685537338 -0.320542663 0.003927984 0.947225928 100.408706665
0.962007463 -0.009592790 0.272854447 68.257263184 0.009936668 0.999950588 0.000121550 -10.729073524 -0.272842109 0.002594332 0.962055326 100.923126221
0.973948479 -0.003070371 0.226748630 68.339729309 0.003200089 0.999994814 -0.000204481 -10.789342880 -0.226746798 0.000924769 0.973953307 101.472572327
0.983551860 0.004030149 0.180580422 68.413894653 -0.003927153 0.999991894 -0.000927884 -10.841707230 -0.180582687 0.000203456 0.983559787 102.022895813
0.990488052 0.009882216 0.137243092 68.463638306 -0.009760314 0.999951124 -0.001561169 -10.901871681 -0.137251794 0.000206783 0.990536213 102.604324341
0.995127141 0.015147972 0.097429626 68.483253479 -0.014906873 0.999883771 -0.003202079 -10.954221725 -0.097466812 0.001734104 0.995237291 103.194572449
0.998084784 0.019470105 0.058716416 68.502792358 -0.019300047 0.999807715 -0.003462034 -11.015523911 -0.058772549 0.002322173 0.998268723 103.798774719
0.999421537 0.024101986 0.023995787 68.494110107 -0.024036787 0.999706626 -0.003001872 -11.068841934 -0.024061121 0.002423353 0.999707580 104.424140930
0.999593198 0.027012231 -0.009147190 68.481887817 -0.027018020 0.999634802 -0.000509699 -11.135732651 0.009130080 0.000756630 0.999958038 105.058357239
0.998761892 0.030494748 -0.039300077 68.446876526 -0.030449808 0.999534726 0.001741711 -11.192884445 0.039334908 -0.000542875 0.999225914 105.703582764
0.997282684 0.034395769 -0.065145873 68.397491455 -0.034210991 0.999406874 0.003950110 -11.251552582 0.065243095 -0.001710671 0.997867942 106.360275269
0.995529771 0.040055592 -0.085533224 68.339706421 -0.039664581 0.999193490 0.006266612 -11.320149422 0.085715227 -0.002845958 0.996315539 107.046722412
0.993974745 0.045266770 -0.099825315 68.270339966 -0.044712421 0.998969495 0.007784683 -11.379662514 0.100074820 -0.003274348 0.994974494 107.731140137
0.992705345 0.048165504 -0.110526085 68.202339172 -0.047474083 0.998833001 0.008880377 -11.436516762 0.110824823 -0.003568473 0.993833542 108.438110352
0.991866887 0.049369816 -0.117314696 68.133346558 -0.048493519 0.998770237 0.010314060 -11.497997284 0.117679641 -0.004541171 0.993041277 109.142021179
0.991241753 0.051238380 -0.121713862 68.060668945 -0.050267637 0.998674810 0.011034897 -11.570189476 0.122117989 -0.004819985 0.992503881 109.881454468
0.990867794 0.050852984 -0.124879852 67.992950439 -0.049893331 0.998696089 0.010802276 -11.634675980 0.125266358 -0.004472955 0.992113054 110.612770081
0.990640163 0.050320737 -0.126885444 67.916305542 -0.049267117 0.998720229 0.011430424 -11.706016541 0.127298221 -0.005072157 0.991851449 111.361747742
0.990464747 0.050360642 -0.128231987 67.839935303 -0.049327347 0.998719692 0.011223183 -11.768948555 0.128633007 -0.004790825 0.991680741 112.120674133
