1.000000000 0.000000000 0.000000000 0.000000000 0.000000000 1.000000000 0.000000000 0.000000000 0.000000000 0.000000000 1.000000000 0.000000000
0.999998569 -0.000428847 0.001620658 0.041936699 0.000429640 0.999999762 -0.000488897 -0.101269729 -0.001620448 0.000489593 0.999998569 1.074868798
0.999994516 0.000530163 0.003261776 0.078390703 -0.000527779 0.999999583 -0.000731453 -0.204385072 -0.003262163 0.000729727 0.999994397 2.177486658
0.999990821 -0.000107896 0.004282710 0.121986315 0.000112292 0.999999464 -0.001026069 -0.312389910 -0.004282597 0.001026540 0.999990225 3.273708344
0.999991715 0.000361516 0.004056651 0.171067223 -0.000361969 0.999999940 0.000110796 -0.418914646 -0.004056611 -0.000112263 0.999991775 4.370803833
0.999988496 0.001540693 0.004530177 0.213552400 -0.001547292 0.999997675 0.001453604 -0.528211832 -0.004527926 -0.001460597 0.999988675 5.499238968
0.999981344 0.003597729 0.004941219 0.260689646 -0.003607527 0.999991536 0.001975329 -0.636528730 -0.004934072 -0.001993117 0.999985754 6.613837719
0.999976635 0.003971891 0.005565316 0.301204771 -0.003969341 0.999992013 -0.000469454 -0.744537354 -0.005567137 0.000447352 0.999984324 7.744293690
0.999963343 0.005630096 0.006449592 0.341508329 -0.005621978 0.999983430 -0.001276067 -0.853111029 -0.006456670 0.001239761 0.999978364 8.872650146
0.999941826 0.008413095 0.006745595 0.382463664 -0.008407439 0.999964237 -0.000866104 -0.964577377 -0.006752640 0.000809340 0.999976873 10.002503395
0.999921978 0.009801921 0.007733236 0.422419399 -0.009781112 0.999948382 -0.002724236 -1.070468903 -0.007759540 0.002648384 0.999966383 11.131991386
0.999896169 0.011143362 0.009128843 0.467798412 -0.011145891 0.999937892 0.000226248 -1.178876281 -0.009125753 -0.000327974 0.999958277 12.277413368
0.999885201 0.011302583 0.010085901 0.519681692 -0.011341381 0.999928415 0.003797867 -1.288007975 -0.010042254 -0.003911819 0.999941885 13.428093910
0.999899089 0.009910146 0.010179991 0.576185048 -0.009989602 0.999919772 0.007784335 -1.393902063 -0.010102030 -0.007885243 0.999917805 14.588919640
0.999916553 0.006751246 0.011004065 0.626261294 -0.006865780 0.999922335 0.010404073 -1.495864868 -0.010932969 -0.010478757 0.999885321 15.733582497
0.999938905 0.004714757 0.009995698 0.697697639 -0.004824179 0.999928355 0.010951310 -1.600402832 -0.009943349 -0.010998862 0.999890089 16.890289307
0.999929190 0.005351469 0.010622361 0.751552224 -0.005471924 0.999920666 0.011343170 -1.700701356 -0.010560816 -0.011400494 0.999879241 18.031883240
0.999921441 0.005799020 0.011114339 0.803860188 -0.005938508 0.999903500 0.012558637 -1.800528169 -0.011040437 -0.012623653 0.999859393 19.176095963
0.999927402 0.005272519 0.010835776 0.863419175 -0.005430589 0.999878526 0.014610509 -1.900547981 -0.010757423 -0.014668294 0.999834538 20.320837021
0.999919355 0.005779050 0.011312961 0.919143438 -0.005959354 0.999854743 0.015969593 -1.996014595 -0.011219027 -0.016035721 0.999808550 21.463327408
0.999924660 0.004273627 0.011501662 0.973650098 -0.004449365 0.999873102 0.015297397 -2.094703197 -0.011434826 -0.015347417 0.999816835 22.617383957
0.999924004 0.003347142 0.011866684 1.024056554 -0.003504297 0.999906063 0.013247413 -2.189419031 -0.011821230 -0.013287991 0.999841809 23.758146286
0.999910414 0.003286869 0.012974292 1.057236314 -0.003456762 0.999908268 0.013093922 -2.287556410 -0.012930064 -0.013137599 0.999830127 24.901401520
0.999917030 0.002490015 0.012634587 1.125634551 -0.002673048 0.999891400 0.014490455 -2.385323286 -0.012597132 -0.014523026 0.999815166 26.046699524
0.999917984 0.001676010 0.012700796 1.181748986 -0.001894737 0.999849796 0.017228993 -2.481110811 -0.012670012 -0.017251641 0.999770880 27.182184219
0.999925733 0.001476869 0.012097658 1.240900278 -0.001687849 0.999846399 0.017448103 -2.572236538 -0.012070030 -0.017467227 0.999774635 28.349016190
0.999927342 0.000309629 0.012051692 1.298552752 -0.000538130 0.999820054 0.018961433 -2.675641298 -0.012043652 -0.018966543 0.999747515 29.489448547
0.999925435 -0.000702691 0.012188522 1.356230021 0.000469823 0.999817550 0.019097911 -2.768316507 -0.012199719 -0.019090764 0.999743283 30.630067825
0.999917507 0.000114399 0.012840349 1.418751597 -0.000354013 0.999825895 0.018660303 -2.856828451 -0.012835979 -0.018663311 0.999743402 31.786960602
0.999901593 -0.000838731 0.014000591 1.488864660 0.000601721 0.999856591 0.016924158 -2.954769611 -0.014012778 -0.016914070 0.999758720 32.944057465
0.999873519 -0.001970989 0.015775315 1.542515516 0.001717370 0.999869287 0.016074374 -3.047675371 -0.015804935 -0.016045250 0.999746323 34.078289032
0.999860704 -0.004374084 0.016109880 1.608705401 0.004074058 0.999818563 0.018609606 -3.140618324 -0.016188361 -0.018541383 0.999697030 35.235862732
0.999835193 -0.006073062 0.017104287 1.685154796 0.005696498 0.999742210 0.021979088 -3.234453917 -0.017233357 -0.021878030 0.999612033 36.399639130
0.999790132 -0.005943993 0.019605864 1.750323892 0.005498872 0.999727666 0.022679789 -3.316285849 -0.019735333 -0.022567214 0.999550521 37.547080994
0.999746621 -0.005867568 0.021728039 1.824465036 0.005389436 0.999743402 0.021998884 -3.400831699 -0.021851541 -0.021876207 0.999521971 38.707111359
0.999671876 -0.005620362 0.024985101 1.894677997 0.005058943 0.999734521 0.022476818 -3.488739491 -0.025104795 -0.022343047 0.999435127 39.861686707
0.999591053 -0.005245049 0.028111074 1.965885878 0.004568207 0.999699354 0.024087789 -3.574333429 -0.028228968 -0.023949521 0.999314487 41.037193298
0.999534845 -0.005189326 0.030052554 2.048480988 0.004417186 0.999659836 0.025702631 -3.663568020 -0.030175708 -0.025557926 0.999217808 42.187290192
0.999444544 -0.008329073 0.032267258 2.132464170 0.007425762 0.999579966 0.028014068 -3.744287968 -0.032487042 -0.027758900 0.999086618 43.350593567
0.999376714 -0.009198734 0.034082450 2.202904463 0.008141440 0.999485254 0.031031614 -3.829761505 -0.034350365 -0.030734790 0.998937130 44.517147064
0.999331236 -0.010416619 0.035051126 2.304048538 0.009324455 0.999470294 0.031179661 -3.900434494 -0.035357345 -0.030831976 0.998899043 45.688007355
0.999286056 -0.012989133 0.035477221 2.397874594 0.011866936 0.999428213 0.031660970 -3.981830120 -0.035868187 -0.031217359 0.998868883 46.858207703
0.999270141 -0.013858882 0.035595685 2.474777460 0.012707612 0.999395251 0.032368030 -4.054398537 -0.036022738 -0.031892065 0.998841941 48.038768768
0.999288678 -0.016104512 0.034099933 2.568429470 0.015010547 0.999372005 0.032097720 -4.138671875 -0.034595434 -0.031563025 0.998902798 49.223052979
0.999349296 -0.016483583 0.032084264 2.648666382 0.015480863 0.999391556 0.031254109 -4.220289230 -0.032579921 -0.030737080 0.998996377 50.400951385
0.999427855 -0.016997676 0.029238816 2.732867241 0.016101027 0.999401033 0.030633148 -4.296085358 -0.029741993 -0.030144848 0.999102950 51.598190308
0.999446154 -0.020225480 0.026425468 2.814681053 0.019387297 0.999312580 0.031598985 -4.372780800 -0.027046407 -0.031069163 0.999151230 52.787075043
0.999470413 -0.022078918 0.023903878 2.882898808 0.021260839 0.999197185 0.033953171 -4.453292370 -0.024634335 -0.033426963 0.999137521 53.979003906
0.999436080 -0.026138743 0.021074820 2.957518101 0.025384121 0.999053895 0.035312589 -4.532352924 -0.021977907 -0.034757715 0.999154091 55.183204651
0.999420166 -0.029389177 0.017193768 3.026645184 0.028758222 0.998942912 0.035859667 -4.605321407 -0.018229477 -0.035344407 0.999208927 56.388298035
0.999396920 -0.032266423 0.012830578 3.088996172 0.031788897 0.998852313 0.035826009 -4.680508614 -0.013971828 -0.035396524 0.999275744 57.592910767
0.999404728 -0.033737235 0.007221060 3.161195755 0.033470273 0.998849154 0.034352593 -4.758070946 -0.008371712 -0.034090444 0.999383688 58.820903778
0.999414384 -0.034110438 0.002718494 3.206380129 0.033994690 0.998810053 0.034969788 -4.836597443 -0.003908094 -0.034856889 0.999384701 60.042751312
0.999366224 -0.035551876 -0.001784942 3.257333994 0.035593677 0.998673975 0.037193540 -4.910046577 0.000460276 -0.037233498 0.999306500 61.268688202
0.999275625 -0.037481669 -0.006590584 3.298841953 0.037712742 0.998512506 0.039375018 -4.984396458 0.005104939 -0.039595049 0.999202788 62.504116058
0.999122322 -0.040399577 -0.011065297 3.333674431 0.040807690 0.998384118 0.039545860 -5.062077522 0.009449781 -0.039962694 0.999156475 63.721874237
0.998852193 -0.045295056 -0.015570833 3.379462719 0.045871694 0.998188794 0.038921271 -5.132979393 0.013779690 -0.039590862 0.999120951 64.950241089
0.998744726 -0.045992337 -0.019839885 3.392580509 0.046830732 0.997929096 0.044096150 -5.197869778 0.017770711 -0.044969913 0.998830318 66.194152832
0.998736024 -0.043453302 -0.025261112 3.424505234 0.044539776 0.998030722 0.044168577 -5.270254135 0.023292094 -0.045237869 0.998704672 67.447525024
0.998609483 -0.044106945 -0.028871041 3.444721699 0.045220066 0.998211145 0.039109658 -5.340130329 0.027094390 -0.040360827 0.998817742 68.677696228
0.998550832 -0.042849191 -0.032558687 3.452756166 0.044119313 0.998251081 0.039348133 -5.410924435 0.030815708 -0.040727578 0.998695016 69.918876648
0.998536348 -0.040270723 -0.036102261 3.440860271 0.041844878 0.998156428 0.043962847 -5.489531040 0.034265283 -0.045409191 0.998380661 71.182693481
0.998293340 -0.041973572 -0.040602595 3.443844557 0.043791376 0.998028100 0.044968497 -5.561453819 0.038635045 -0.046669792 0.998162985 72.411216736
0.997891307 -0.046230342 -0.045561641 3.457928896 0.048240382 0.997863948 0.044051535 -5.621973038 0.043427799 -0.046156567 0.997989774 73.659606934
0.997619867 -0.047511604 -0.049969815 3.458937645 0.049760491 0.997757435 0.044767220 -5.696424484 0.047730789 -0.047147203 0.997746944 74.902000427
0.997254193 -0.050325874 -0.054327030 3.440396309 0.052822568 0.997564852 0.045542877 -5.758323193 0.051902752 -0.048287518 0.997483969 76.126632690
0.997018814 -0.050693937 -0.058168866 3.416751862 0.053471688 0.997451663 0.047233563 -5.830142498 0.055626184 -0.050203145 0.997188687 77.366127014
0.996708930 -0.050785553 -0.063183732 3.405302048 0.053828098 0.997423589 0.047421202 -5.900140762 0.060612634 -0.050666191 0.996874571 78.618919373
0.996481836 -0.050086685 -0.067195080 3.389516354 0.053421423 0.997379720 0.048783813 -5.965106487 0.064575575 -0.052201837 0.996546566 79.859268188
0.996494591 -0.047960728 -0.068544142 3.330589294 0.051397096 0.997461557 0.049281184 -6.026268482 0.066006593 -0.052631408 0.996430159 81.096603394
0.996448219 -0.046559755 -0.070165031 3.290472031 0.049910367 0.997657597 0.046781268 -6.089586258 0.067822561 -0.050117079 0.996437788 82.333251953
0.996261477 -0.046248123 -0.072966322 3.256574631 0.049519453 0.997817636 0.043679588 -6.155876160 0.070786968 -0.047129542 0.996377528 83.573822021
0.996131063 -0.044899419 -0.075546116 3.213380337 0.048080564 0.998008549 0.040829599 -6.231414318 0.073562466 -0.044303920 0.996306062 84.803901672
0.995991051 -0.044748213 -0.077455625 3.163662434 0.047914136 0.998069763 0.039509185 -6.303568840 0.075538158 -0.043062009 0.996212661 86.034454346
0.995741427 -0.044653211 -0.080653876 3.115207672 0.047931749 0.998081803 0.039180603 -6.382425785 0.078749612 -0.042879630 0.995971799 87.270942688
0.995441794 -0.045856956 -0.083621182 3.072217941 0.049334321 0.997980893 0.040002942 -6.456973553 0.081617914 -0.043946002 0.995694339 88.499053955
0.995285332 -0.044496689 -0.086181030 3.013632774 0.048007745 0.998081207 0.039104812 -6.533350945 0.084275648 -0.043057803 0.995511770 89.727928162
0.995086908 -0.044591434 -0.088394478 2.951311111 0.048121486 0.998110235 0.038213767 -6.609558105 0.086523429 -0.042279698 0.995352268 90.939254761
0.994985640 -0.043126818 -0.090241738 2.901007652 0.046667773 0.998206139 0.037502758 -6.686759949 0.088462494 -0.041526094 0.995213509 92.186065674
0.994990468 -0.040886302 -0.091226436 2.834173203 0.044423230 0.998324394 0.037082493 -6.761141777 0.089557394 -0.040949300 0.995139539 93.390594482
0.994973660 -0.038699344 -0.092355832 2.766761780 0.042280816 0.998415172 0.037142090 -6.837052345 0.090772085 -0.040860280 0.995033085 94.630661011
0.994777083 -0.038226645 -0.094642572 2.711388588 0.042033240 0.998371899 0.038558684 -6.913829803 0.093014523 -0.042335436 0.994764209 95.855926514
0.994595110 -0.038533006 -0.096414313 2.639153481 0.042458016 0.998336971 0.038994297 -6.987709999 0.094751403 -0.042877100 0.994577169 97.092536926
0.994467378 -0.037660178 -0.098062567 2.560571671 0.041637179 0.998377979 0.038829576 -7.069134712 0.096441157 -0.042697795 0.994422436 98.319625854
0.994280994 -0.037714094 -0.099913962 2.492720604 0.041793521 0.998362660 0.039055292 -7.145457268 0.098277450 -0.043007702 0.994229257 99.534767151
0.994118333 -0.036976386 -0.101792157 2.414708138 0.041172840 0.998373449 0.039437480 -7.215688229 0.100168325 -0.043396588 0.994023681 100.768295288
0.993973851 -0.035462745 -0.103722714 2.335676193 0.039866365 0.998375952 0.040694650 -7.289217949 0.102111131 -0.044584468 0.993773401 101.975601196
0.993724048 -0.034955051 -0.106257692 2.270048141 0.039456110 0.998397887 0.040556494 -7.356407642 0.104669809 -0.044494476 0.993511140 103.186225891
0.993520617 -0.034278348 -0.108360015 2.185787201 0.038826954 0.998439014 0.040148914 -7.427886486 0.106814630 -0.044096060 0.993300617 104.412384033
0.993393719 -0.033398610 -0.109787636 2.095240593 0.038043026 0.998455584 0.040484287 -7.511969090 0.108265959 -0.044393491 0.993130267 105.618247986
0.993207276 -0.031873703 -0.111907080 2.010334969 0.036522277 0.998542488 0.039737869 -7.582581997 0.110477380 -0.043555044 0.992923796 106.822525024
0.992994547 -0.031254619 -0.113950610 1.920084000 0.035867117 0.998608708 0.038654733 -7.660075188 0.112583943 -0.042471029 0.992734075 108.028480530
0.992908239 -0.028593255 -0.115393534 1.819803238 0.033278260 0.998689592 0.038879737 -7.728033543 0.114130631 -0.042444117 0.992558599 109.252220154
0.992691576 -0.027515780 -0.117499761 1.725035667 0.032356579 0.998695850 0.039491192 -7.799493790 0.116259903 -0.043004461 0.992287397 110.458259583
0.992322803 -0.028845362 -0.120263822 1.636480331 0.034218147 0.998495221 0.042851552 -7.873742104 0.118846811 -0.046637774 0.991816700 111.657699585
0.992150545 -0.030204976 -0.121346258 1.549991608 0.035863440 0.998355627 0.044720121 -7.939886093 0.119795956 -0.048720982 0.991602302 112.882980347
0.991991222 -0.030898014 -0.122468531 1.455736160 0.036123611 0.998519063 0.040680237 -8.010255814 0.121030219 -0.044778444 0.991638362 114.076034546
0.991893649 -0.032233737 -0.122915640 1.354238510 0.036162823 0.998899460 0.029869288 -8.094161987 0.121817574 -0.034072138 0.991967440 115.276763916
0.991814196 -0.031197337 -0.123819664 1.257214546 0.034800000 0.999028444 0.027040213 -8.174676895 0.122855797 -0.031127792 0.991936266 116.465614319
0.991751671 -0.029868349 -0.124645591 1.156326294 0.033808745 0.998989344 0.029617691 -8.255850792 0.123634987 -0.033587497 0.991759181 117.675323486
0.991670430 -0.029494403 -0.125379100 1.054334641 0.034080796 0.998820186 0.034593593 -8.331429482 0.124210849 -0.038578462 0.991505623 118.873107910
0.991463721 -0.029976003 -0.126889929 0.950030327 0.034854684 0.998729169 0.036403611 -8.414588928 0.125637442 -0.040515568 0.991248548 120.075790405
0.991226733 -0.030785883 -0.128537074 0.855897903 0.035712864 0.998706162 0.036203541 -8.487388611 0.127256185 -0.040476341 0.991043568 121.268600464
0.991085589 -0.029983629 -0.129809469 0.751955032 0.035112288 0.998683274 0.037402041 -8.566240311 0.128517091 -0.041626532 0.990833223 122.453407288
0.991024554 -0.028494153 -0.130608797 0.636743546 0.033908777 0.998647273 0.039421711 -8.630271912 0.129308850 -0.043496672 0.990649939 123.661857605
0.990982831 -0.026197521 -0.131402999 0.528114319 0.031726781 0.998689294 0.040162794 -8.700618744 0.130178586 -0.043969620 0.990515113 124.849319458
0.990924299 -0.027056452 -0.131670311 0.410156250 0.032660786 0.998641849 0.040591206 -8.779479980 0.130393237 -0.044523265 0.990462184 126.047454834
0.990711629 -0.026666161 -0.133339062 0.311750412 0.032499008 0.998598933 0.041760847 -8.852069855 0.132038638 -0.045706343 0.990190208 127.267333984
0.990501821 -0.027401483 -0.134741411 0.215314865 0.033647962 0.998451352 0.044302024 -8.919829369 0.133318812 -0.048415013 0.989889920 128.540344238
0.990349710 -0.026074711 -0.136115432 0.103380203 0.032285981 0.998526156 0.043625765 -8.985183716 0.134777293 -0.047599401 0.989731967 129.730224609
0.990214825 -0.026702387 -0.136973113 -0.005090714 0.032583464 0.998632789 0.040874787 -9.051031113 0.135694414 -0.044937883 0.989731014 130.917800903
0.990213335 -0.023958312 -0.137489557 -0.117086411 0.029665956 0.998774529 0.039615236 -9.121144295 0.136371955 -0.043306302 0.989710629 132.155136108
0.990264833 -0.023774102 -0.137150645 -0.227283478 0.029508945 0.998766482 0.039933436 -9.194440842 0.136032090 -0.043591846 0.989744902 133.346542358
0.990358949 -0.021484738 -0.136848718 -0.357471466 0.027159123 0.998841166 0.039733212 -9.269128799 0.135836452 -0.043066833 0.989794791 134.531463623
0.990233004 -0.021313446 -0.137783542 -0.462917328 0.026964268 0.998864472 0.039276533 -9.330892563 0.136789948 -0.042608149 0.989683270 135.752075195
0.990112960 -0.021765955 -0.138573468 -0.573329926 0.027505958 0.998835206 0.039642494 -9.403992653 0.137549207 -0.043062143 0.989558399 136.935867310
0.990110993 -0.020726899 -0.138746530 -0.699096680 0.026628245 0.998811901 0.040812857 -9.480241776 0.137735769 -0.044103835 0.989486635 138.120513916
0.990045369 -0.021746622 -0.139058277 -0.801557541 0.027857814 0.998722732 0.042152468 -9.548765182 0.137964010 -0.045606717 0.989386678 139.342636108
0.990009665 -0.021262815 -0.139386743 -0.920818329 0.027471483 0.998707116 0.042770997 -9.620331764 0.138297111 -0.046172857 0.989313841 140.517578125
0.989971638 -0.021656724 -0.139595777 -1.039838791 0.027846983 0.998706460 0.042544384 -9.695415497 0.138493806 -0.046005063 0.989294171 141.714141846
0.989878356 -0.021755185 -0.140240908 -1.158334732 0.028011797 0.998691082 0.042794634 -9.761541367 0.139126360 -0.046289876 0.989192069 142.903015137
0.989974022 -0.019804016 -0.139854342 -1.277585983 0.026424509 0.998608351 0.045641206 -9.827314377 0.138755858 -0.048879195 0.989119649 144.092819214
0.989980161 -0.019094404 -0.139909640 -1.403083801 0.025992582 0.998526096 0.047644172 -9.893921852 0.138793707 -0.050803397 0.989017367 145.300186157
0.989994586 -0.018440105 -0.139895186 -1.520601273 0.025525026 0.998471498 0.049020395 -9.956762314 0.138777435 -0.052100752 0.988952219 146.496231079
0.989935458 -0.018597430 -0.140292332 -1.641183853 0.025856888 0.998409331 0.050101083 -10.022771835 0.139137462 -0.053224370 0.988841772 147.699859619
0.990126133 -0.018126912 -0.139002278 -1.772829056 0.025367271 0.998402119 0.050494507 -10.077503204 0.137864843 -0.053522043 0.989003837 148.892791748
0.990120351 -0.018048462 -0.139053449 -1.885408401 0.025384789 0.998367369 0.051167421 -10.140005112 0.137902945 -0.054191753 0.988962173 150.092575073
0.990140557 -0.017548351 -0.138973743 -2.012088776 0.024913207 0.998365641 0.051433533 -10.196609497 0.137844056 -0.054388717 0.988959551 151.292007446
0.990219474 -0.016925560 -0.138487011 -2.129610062 0.024170196 0.998416364 0.050799344 -10.259372711 0.137407899 -0.053649757 0.989060521 152.510070801
0.990078807 -0.017905034 -0.139367536 -2.233745575 0.024890717 0.998510897 0.048543617 -10.318494797 0.138290808 -0.051530965 0.989050150 153.711853027
0.989999354 -0.020053986 -0.139639452 -2.352668762 0.026797108 0.998555183 0.046577889 -10.382392883 0.138503596 -0.049854010 0.989106297 154.938491821
0.990012884 -0.019524947 -0.139618143 -2.483692169 0.026417371 0.998513043 0.047684517 -10.444991112 0.138479501 -0.050896633 0.989056587 156.163406372
0.989943206 -0.020211324 -0.140014172 -2.606367111 0.027338685 0.998416185 0.049169533 -10.501972198 0.138798684 -0.052502852 0.988927841 157.380081177
0.989864469 -0.023290355 -0.140092000 -2.725770950 0.030489326 0.998310506 0.049462460 -10.567327499 0.138703316 -0.053232446 0.988902271 158.605316162
0.989532948 -0.028701147 -0.141424134 -2.836303711 0.036336381 0.998001158 0.051704545 -10.619795799 0.139657438 -0.056302194 0.988597929 159.851913452
0.989378154 -0.030040244 -0.142226636 -2.963357925 0.037905600 0.997879088 0.052918687 -10.678811073 0.140335292 -0.057747785 0.988418519 161.082260132
0.989320934 -0.030414529 -0.142544836 -3.076316833 0.037105635 0.998319209 0.044519097 -10.743524551 0.140951246 -0.049332898 0.988786638 162.317428589
0.989466786 -0.029080827 -0.141808748 -3.208803177 0.034851383 0.998655319 0.038379584 -10.802820206 0.140501991 -0.042917561 0.989149690 163.548492432
0.989751577 -0.022207301 -0.141062617 -3.336050034 0.028221186 0.998769760 0.040776081 -10.874151230 0.139983535 -0.044339146 0.989160657 164.785125732
0.990018785 -0.017913505 -0.139792234 -3.490562439 0.024065876 0.998808920 0.042445138 -10.937130928 0.138865367 -0.045385707 0.989270687 166.040588379
0.990059614 -0.017044673 -0.139611825 -3.619302750 0.023388701 0.998760939 0.043926459 -10.999595642 0.138690144 -0.046755157 0.989231467 167.290145874
0.989999354 -0.016527085 -0.140100479 -3.755764008 0.023307098 0.998627901 0.046892077 -11.063543320 0.139133260 -0.049688458 0.989026308 168.558624268
0.989898205 -0.017872777 -0.140648752 -3.868904114 0.025081268 0.998451829 0.049647044 -11.138109207 0.139543653 -0.052673168 0.988813996 169.837890625
0.989943326 -0.016831489 -0.140459225 -3.996788025 0.024453087 0.998310208 0.052713700 -11.199660301 0.139334619 -0.055618245 0.988682151 171.110824585
0.989990175 -0.017025637 -0.140106440 -4.129688263 0.024635931 0.998303056 0.052764036 -11.251164436 0.138970375 -0.055687536 0.988729477 172.382949829
0.990072846 -0.016936537 -0.139531493 -4.261772156 0.024674335 0.998240709 0.053913623 -11.306234360 0.138372913 -0.056821261 0.988748729 173.656494141
0.989968121 -0.017398620 -0.140215799 -4.382293701 0.024843859 0.998362720 0.051524092 -11.374528885 0.139089793 -0.054490712 0.988779426 174.946975708
0.989963174 -0.017929362 -0.140183836 -4.515413284 0.025457853 0.998317599 0.052096866 -11.429496765 0.139013916 -0.055142757 0.988753974 176.227294922
0.989877880 -0.018336957 -0.140732020 -4.638027191 0.025884476 0.998312175 0.051988587 -11.493965149 0.139541209 -0.055105131 0.988681853 177.512756348
0.989836216 -0.017231433 -0.141164929 -4.768861771 0.025123451 0.998207688 0.054316226 -11.552291870 0.139976010 -0.057310719 0.988494933 178.826614380
0.989894509 -0.015301108 -0.140977755 -4.906993866 0.023357715 0.998175919 0.055671748 -11.604680061 0.139868751 -0.058402073 0.988446176 180.117233276
0.989881277 -0.013858254 -0.141219184 -5.039510727 0.022105852 0.998129249 0.057002477 -11.661333084 0.140165031 -0.059547454 0.988335967 181.428588867
0.989841819 -0.012918093 -0.141584769 -5.178596497 0.020949962 0.998245239 0.055385370 -11.718134880 0.140620872 -0.057788953 0.988375545 182.743515015
0.989816189 -0.012621677 -0.141789660 -5.319028854 0.020614149 0.998271227 0.055041857 -11.777743340 0.140849814 -0.057404198 0.988365412 184.051284790
0.989707947 -0.013549700 -0.142458901 -5.456720352 0.021602722 0.998245120 0.055134937 -11.829496384 0.141461864 -0.057644982 0.988264024 185.363983154
0.989630461 -0.014743090 -0.142878205 -5.595842361 0.023379121 0.997986794 0.058954243 -11.888040543 0.141721442 -0.061683275 0.987982929 186.693054199
0.989542246 -0.014964106 -0.143465117 -5.731761932 0.023881989 0.997873843 0.060641535 -11.941369057 0.142252654 -0.063433588 0.987795651 188.014358521
0.989337325 -0.015640015 -0.144800305 -5.846651077 0.024450762 0.997942567 0.059269298 -11.988999367 0.143575400 -0.062177803 0.987684071 189.340316772
0.989439547 -0.013604829 -0.144305810 -5.999570847 0.022067953 0.998118281 0.057209626 -12.043158531 0.143255904 -0.059790004 0.987877965 190.641235352
0.989459276 -0.012361352 -0.144282803 -6.140743256 0.020419484 0.998304844 0.054503031 -12.097684860 0.143364504 -0.056874715 0.988034368 191.953063965
0.989594460 -0.010982164 -0.143465534 -6.299964905 0.019057881 0.998302400 0.055037953 -12.154031754 0.142617553 -0.057199400 0.988123715 193.271392822
0.989536345 -0.008921466 -0.144007429 -6.433523178 0.017413877 0.998175144 0.057819799 -12.218951225 0.143228814 -0.059722517 0.987886012 194.601287842
0.989482820 -0.007926867 -0.144433245 -6.567359924 0.016677555 0.998090386 0.059476763 -12.273788452 0.143685967 -0.061260026 0.987725437 195.920242310
0.989542723 -0.006846543 -0.144076809 -6.724023819 0.015694674 0.998053014 0.060365990 -12.328244209 0.143382996 -0.061995979 0.987723589 197.246459961
0.989454746 -0.006277870 -0.144706130 -6.853418350 0.015518812 0.997904181 0.062820069 -12.383208275 0.144008443 -0.064403296 0.987478495 198.583618164
0.989411175 -0.006820284 -0.144978762 -6.998109818 0.016348155 0.997775376 0.064629719 -12.434484482 0.144215435 -0.066315509 0.987321615 199.896514893
0.989301741 -0.008048541 -0.145661026 -7.140665054 0.017408427 0.997855544 0.063097939 -12.485668182 0.144840807 -0.064958632 0.987320423 201.235580444
0.989145994 -0.010803983 -0.146537930 -7.258350372 0.019966310 0.997925758 0.061199352 -12.533718109 0.145572767 -0.063460916 0.987310112 202.547973633
0.989131570 -0.012108956 -0.146533415 -7.399379730 0.021142885 0.997959256 0.060251426 -12.590632439 0.145504817 -0.062694736 0.987369001 203.860000610
0.989235163 -0.011290764 -0.145898044 -7.548444748 0.020138107 0.998036623 0.059306696 -12.636623383 0.144941956 -0.061606385 0.987520337 205.191055298
0.989343524 -0.010267550 -0.145237535 -7.691421509 0.019134128 0.998027921 0.059784301 -12.689340591 0.144337282 -0.061926205 0.987588942 206.500946045
0.989440143 -0.009564702 -0.144625992 -7.832767487 0.018448127 0.998015404 0.060207698 -12.745934486 0.143763125 -0.062239993 0.987652957 207.815689087
0.989718139 -0.008112733 -0.142801091 -7.992687225 0.017001376 0.997984648 0.061135300 -12.800467491 0.142017335 -0.062934533 0.987861514 209.146301270
0.989673615 -0.006510002 -0.143190816 -8.121002197 0.015200498 0.998101711 0.059681822 -12.853654861 0.142530456 -0.061242092 0.987893939 210.471298218
0.989757001 -0.005397137 -0.142660648 -8.260702133 0.014032643 0.998123944 0.059595231 -12.910422325 0.142071366 -0.060986694 0.987975895 211.784469604
0.989924669 -0.005117146 -0.141502604 -8.408308029 0.013521452 0.998196065 0.058495767 -12.962512016 0.140948012 -0.059819721 0.988208115 213.102828979
0.989847004 -0.007019275 -0.141963437 -8.526218414 0.015771098 0.998036444 0.060617600 -13.022973061 0.141259208 -0.062241070 0.988014102 214.445114136
0.989962935 -0.006634668 -0.141170844 -8.668722153 0.015389379 0.998018205 0.061013997 -13.077161789 0.140486285 -0.062574133 0.988103211 215.762466431
0.989906073 -0.007433440 -0.141529307 -8.801187515 0.016368652 0.997937322 0.062074251 -13.132783890 0.140775949 -0.063764334 0.987985909 217.097122192
0.989790678 -0.010470519 -0.142143533 -8.930250168 0.019498441 0.997868836 0.062269233 -13.184752464 0.141188651 -0.064405076 0.987885475 218.429519653
0.989814222 -0.011205059 -0.141923219 -9.072172165 0.020793214 0.997585893 0.066257022 -13.236813545 0.140838221 -0.068533197 0.987657666 219.746719360
0.989784420 -0.014205894 -0.141862765 -9.206758499 0.023679629 0.997583449 0.065317810 -13.290079117 0.140592054 -0.068009801 0.987728953 221.098907471
0.989750147 -0.014481225 -0.142073214 -9.343128204 0.023522597 0.997788429 0.062167231 -13.323575974 0.140858769 -0.064871959 0.987901986 222.434509277
0.989786386 -0.015766568 -0.141684175 -9.479118347 0.024458071 0.997909904 0.059813671 -13.377683640 0.140444979 -0.062668070 0.988103271 223.759948730
0.989860892 -0.014550769 -0.141292423 -9.621784210 0.023179309 0.997952163 0.059616249 -13.432331085 0.140135646 -0.062286854 0.988171279 225.096221924
0.989970684 -0.012846157 -0.140687376 -9.757398605 0.020704990 0.998296916 0.054539759 -13.489035606 0.139747128 -0.056905709 0.988550723 226.419296265
0.990036368 -0.011057854 -0.140376806 -9.894020081 0.019078512 0.998252988 0.055920098 -13.546351433 0.139513209 -0.058041111 0.988517702 227.745819092
0.990298033 -0.008565119 -0.138696194 -10.050931931 0.017236171 0.997962058 0.061438415 -13.604971886 0.137887329 -0.063232929 0.988427401 229.071823120
0.990165174 -0.007224132 -0.139716268 -10.165554047 0.016359933 0.997793257 0.064350717 -13.659557343 0.138943076 -0.066003606 0.988098323 230.411666870
0.990189433 -0.006263313 -0.139590517 -10.299947739 0.015452789 0.997775674 0.064845435 -13.710986137 0.138873875 -0.066366322 0.988083780 231.726379395
0.990288794 -0.005136209 -0.138930261 -10.447801590 0.014376552 0.997743189 0.065589182 -13.757499695 0.138279840 -0.066949561 0.988127708 233.047180176
0.990319550 -0.004641444 -0.138728693 -10.570724487 0.013898054 0.997734010 0.065830529 -13.809277534 0.138108820 -0.067121334 0.988139987 234.385253906
0.990341783 -0.003027374 -0.138614446 -10.701999664 0.012439589 0.997669637 0.067086242 -13.859712601 0.138088360 -0.068162628 0.988071561 235.692382812
0.990505874 -0.000959600 -0.137466833 -10.862916946 0.010226812 0.997719049 0.066723764 -13.911532402 0.137089282 -0.067496136 0.988256395 237.001358032
0.990459681 0.001177579 -0.137798518 -10.982103348 0.007808764 0.997877121 0.064654842 -13.952533722 0.137582153 -0.065114044 0.988347769 238.283676147
0.990512848 0.002789096 -0.137391791 -11.113208771 0.005808823 0.998050511 0.062138896 -14.002423286 0.137297273 -0.062347461 0.988565683 239.570083618
0.990480721 0.004239920 -0.137586206 -11.244895935 0.004391242 0.998043537 0.062368650 -14.059220314 0.137581453 -0.062379129 0.988524318 240.849929810
0.990474403 0.006325662 -0.137551382 -11.377271652 0.002216772 0.998082280 0.061861873 -14.125229836 0.137678921 -0.061577525 0.988560915 242.199401855
0.990501642 0.006700718 -0.137336865 -11.506397247 0.001999676 0.998004317 0.063115068 -14.175233841 0.137485713 -0.062790222 0.988511503 243.484222412
0.990672231 0.008138500 -0.136023104 -11.637851715 0.000502003 0.997990131 0.063367635 -14.229543686 0.136265427 -0.062844843 0.988677025 244.769851685
0.990752935 0.008769981 -0.135394573 -11.761465073 -0.000067449 0.997940361 0.064146541 -14.280201912 0.135678276 -0.063544236 0.988713026 246.035095215
0.990913928 0.009117505 -0.134188280 -11.891483307 -0.000541121 0.997961819 0.063811213 -14.332523346 0.134496599 -0.063158810 0.988899231 247.325302124
0.991017401 0.008092432 -0.133488089 -12.017089844 0.000510746 0.997931182 0.064289242 -14.389314651 0.133732155 -0.063779943 0.988963008 248.592803955
0.991122484 0.006214113 -0.132806331 -12.141792297 0.002188921 0.998009026 0.063033357 -14.435525894 0.132933587 -0.062764488 0.989135623 249.869232178
0.991129518 0.005598064 -0.132781059 -12.258138657 0.002908023 0.997959673 0.063780710 -14.486253738 0.132867187 -0.063601077 0.989091158 251.130187988
0.991270900 0.006626018 -0.131674275 -12.383707047 0.001984278 0.997873425 0.065152310 -14.532024384 0.131825984 -0.064844877 0.989149749 252.400558472
0.991351902 0.006864985 -0.131050721 -12.500551224 0.001973794 0.997737765 0.067196742 -14.582244873 0.131215528 -0.066874288 0.989095688 253.668701172
0.991477668 0.008365277 -0.130006835 -12.628890991 0.000207843 0.997833431 0.065790556 -14.630046844 0.130275533 -0.065256916 0.989327908 254.918853760
0.991551459 0.009217414 -0.129386097 -12.747266769 -0.000650216 0.997812688 0.066100828 -14.676193237 0.129712403 -0.065458246 0.989388645 256.187652588
0.991498590 0.009043925 -0.129802704 -12.852012634 -0.000507134 0.997842491 0.065650314 -14.720691681 0.130116418 -0.065026365 0.989364028 257.448516846
0.991601646 0.009452768 -0.128982902 -12.972637177 -0.001026459 0.997869134 0.065239534 -14.765687943 0.129324764 -0.064559229 0.989498496 258.683990479
0.991684318 0.009270079 -0.128359854 -13.089271545 -0.000990963 0.997922838 0.064413428 -14.818979263 0.128690392 -0.063750595 0.989633620 259.933563232
0.991651773 0.010969857 -0.128477305 -13.206451416 -0.002819643 0.997981191 0.063447826 -14.862222672 0.128913954 -0.062555894 0.989680648 261.156555176
0.991577983 0.010879397 -0.129053518 -13.319118500 -0.002472488 0.997874141 0.065124944 -14.910627365 0.129487649 -0.064257368 0.989496827 262.384155273
0.991540849 0.011441779 -0.129289642 -13.444913864 -0.002915292 0.997818887 0.065946445 -14.953527451 0.129762203 -0.065011673 0.989411533 263.618774414
0.991400480 0.010427821 -0.130446866 -13.561447144 -0.002301558 0.998055339 0.062291827 -15.005155563 0.130842790 -0.061455917 0.989496469 264.836669922
0.991247952 0.010990982 -0.131554991 -13.679838181 -0.003173875 0.998224199 0.059483599 -15.058968544 0.131975234 -0.058545455 0.989522517 266.064910889
0.991046965 0.012017840 -0.132971689 -13.802383423 -0.004147152 0.998230994 0.059310049 -15.113758087 0.133449242 -0.058227595 0.989343584 267.287292480
0.990827560 0.010305897 -0.134738281 -13.920028687 -0.001920017 0.998060524 0.062220644 -15.156972885 0.135118216 -0.061391227 0.988925695 268.515014648
0.990647793 0.009407851 -0.136119097 -14.047473907 -0.000983736 0.998086691 0.061823167 -15.203125000 0.136440277 -0.061111089 0.988761604 269.737762451
0.990375578 0.007655122 -0.138194159 -14.165653229 0.001182127 0.997964978 0.063753009 -15.250253677 0.138400972 -0.063302785 0.988351107 270.964263916
0.990113497 0.006226609 -0.140129983 -14.286579132 0.002753300 0.997958899 0.063797772 -15.300416946 0.140241221 -0.063552864 0.988075614 272.177398682
0.989979923 0.006696215 -0.141049355 -14.417465210 0.002090760 0.998070359 0.062057041 -15.347311020 0.141192749 -0.061730124 0.988055587 273.397399902
0.989780366 0.008189891 -0.142365336 -14.538125992 0.000775566 0.998025477 0.062805712 -15.392677307 0.142598629 -0.062274273 0.987819612 274.607788086
0.989722311 0.011303140 -0.142555043 -14.681529999 -0.002327509 0.998012543 0.062972791 -15.442014694 0.142983526 -0.061993778 0.987781703 275.837402344
0.989613473 0.013793890 -0.143090457 -14.814992905 -0.004593064 0.997911513 0.064432822 -15.490184784 0.143680409 -0.063106373 0.987609923 277.050354004
0.989531100 0.016171001 -0.143410698 -14.950141907 -0.006973229 0.997899294 0.064408056 -15.539014816 0.144150972 -0.062733755 0.987565160 278.265258789
0.989417255 0.017810974 -0.144000411 -15.086589813 -0.008868895 0.998005390 0.062502630 -15.583971024 0.144826442 -0.060564071 0.987601817 279.498962402
0.989491284 0.020278610 -0.143163681 -15.229108810 -0.011361368 0.997959375 0.062831983 -15.634222031 0.144145682 -0.060545165 0.987702549 280.706176758
0.989389300 0.021962246 -0.143619299 -15.364404678 -0.012955867 0.997907460 0.063347280 -15.684371948 0.144710019 -0.060814403 0.987603486 281.919403076
0.989375412 0.022374941 -0.143651530 -15.495254517 -0.013235971 0.997845232 0.064262360 -15.734893799 0.144779876 -0.061678231 0.987539649 283.119537354
0.989307523 0.023271626 -0.143975720 -15.627708435 -0.014266865 0.997894883 0.063262887 -15.781732559 0.145144880 -0.060532369 0.987556994 284.335784912
0.989285409 0.023300620 -0.144122437 -15.759389877 -0.014457822 0.997965157 0.062101994 -15.832040787 0.145276129 -0.059352916 0.987609267 285.545562744
0.989165068 0.022586258 -0.145059198 -15.885791779 -0.013996845 0.998102427 0.059963163 -15.891332626 0.146138251 -0.057283100 0.987604320 286.739196777
0.989326477 0.019419143 -0.144416317 -16.019992828 -0.011461707 0.998380065 0.055729967 -15.944203377 0.145264596 -0.053479873 0.987946391 287.958129883
0.989392638 0.021177713 -0.143714339 -16.150897980 -0.013087466 0.998287857 0.057007633 -15.995628357 0.144675583 -0.054522067 0.987975836 289.161987305
0.989544392 0.020843234 -0.142714515 -16.288505554 -0.012182234 0.998045325 0.061294615 -16.060853958 0.143713117 -0.058915157 0.987864077 290.368621826
0.989544034 0.021440024 -0.142628193 -16.396263123 -0.012883754 0.998076200 0.060645331 -16.103168488 0.143654048 -0.058173645 0.987916589 291.593750000
0.989723861 0.022659760 -0.141184509 -16.529489517 -0.014223131 0.998067975 0.060481176 -16.151700974 0.142282262 -0.057851579 0.988134086 292.795928955
0.989726543 0.022019887 -0.141267478 -16.656198502 -0.013704377 0.998130143 0.059568703 -16.207746506 0.142315030 -0.057020761 0.988177657 293.993652344
0.989783406 0.020719640 -0.141064778 -16.783542633 -0.012604045 0.998226404 0.058183283 -16.260959625 0.142020121 -0.055810869 0.988289177 295.185913086
0.989827633 0.020050880 -0.140851185 -16.907026291 -0.012044871 0.998274744 0.057464506 -16.315727234 0.141760364 -0.055183414 0.988361657 296.391815186
0.989923000 0.020603769 -0.140098795 -17.034517288 -0.012562064 0.998234868 0.058044210 -16.367271423 0.141047448 -0.055699386 0.988434672 297.582763672
0.990000725 0.020628253 -0.139545664 -17.158847809 -0.012600782 0.998227358 0.058166642 -16.417789459 0.140498146 -0.055826642 0.988505781 298.776885986
0.990132987 0.022029728 -0.138387650 -17.285606384 -0.014057749 0.998198926 0.058321711 -16.465068817 0.139423206 -0.055800837 0.988659382 299.963775635
0.990280867 0.022073742 -0.137319073 -17.400852203 -0.013940939 0.998106599 0.059907939 -16.520353317 0.138381451 -0.057411332 0.988713562 301.155914307
0.990535319 0.022043554 -0.135476217 -17.528759003 -0.013919634 0.998063624 0.060623027 -16.575942993 0.136550263 -0.058163468 0.988924205 302.360046387
0.990732670 0.021360505 -0.134135753 -17.646818161 -0.013185988 0.998017669 0.061537448 -16.628828049 0.135184333 -0.059198450 0.989050388 303.545471191
0.990926087 0.021674737 -0.132648453 -17.762880325 -0.013524529 0.997982204 0.062037621 -16.681791306 0.133725449 -0.059680685 0.989219785 304.732574463
0.991124809 0.021313116 -0.131214768 -17.891548157 -0.013318893 0.998017967 0.061503656 -16.729211807 0.132265538 -0.059210159 0.989444256 305.928100586
0.991205156 0.021572845 -0.130563423 -17.999141693 -0.013625832 0.998016715 0.061457198 -16.780668259 0.131630287 -0.059137661 0.989533305 307.109802246
0.991328478 0.020858347 -0.129741669 -18.116682053 -0.013096950 0.998088956 0.060390040 -16.829162598 0.130753383 -0.058167156 0.989707053 308.286315918
0.991419494 0.022074277 -0.128840894 -18.225641251 -0.014145285 0.997967482 0.062134799 -16.885038376 0.129950598 -0.059779152 0.989716768 309.491333008
0.991531789 0.022550792 -0.127890825 -18.330095291 -0.014732341 0.997982681 0.061753586 -16.939378738 0.129025415 -0.059346516 0.989863873 310.655120850
0.991675258 0.024294397 -0.126452163 -18.438438416 -0.016584266 0.997958601 0.061672330 -16.992677689 0.127692327 -0.059061803 0.990053713 311.821319580
0.992049038 0.026344391 -0.123063616 -18.560747147 -0.018976307 0.997977912 0.060665283 -17.039333344 0.124412954 -0.057847645 0.990542769 313.036315918
0.992442191 0.028800666 -0.119284958 -18.673242569 -0.021694688 0.997935593 0.060447585 -17.083890915 0.120779634 -0.057402886 0.991018295 314.218658447
0.992762446 0.029620405 -0.116384581 -18.760454178 -0.022506040 0.997824013 0.061973836 -17.135297775 0.117967017 -0.058905933 0.991268814 315.373199463
0.993187308 0.029325314 -0.112778209 -18.829298019 -0.022358092 0.997791111 0.062554263 -17.179899216 0.114363506 -0.059606593 0.991649091 316.528411865
0.993791223 0.031791907 -0.106621794 -18.931066513 -0.025101798 0.997665405 0.063511692 -17.235319138 0.108392030 -0.060440961 0.992269099 317.675292969
0.994512439 0.028259650 -0.100729063 -19.001852036 -0.021891773 0.997724354 0.063772053 -17.290285110 0.102302030 -0.061216973 0.992867947 318.828002930
0.995047688 0.026299819 -0.095855981 -19.061647415 -0.020142738 0.997705102 0.064643629 -17.343282700 0.097336113 -0.062392693 0.993293941 319.952056885
0.995759726 0.025868002 -0.088279828 -19.131237030 -0.020132152 0.997665465 0.065256394 -17.397863388 0.089761779 -0.063202426 0.993955851 321.099700928
0.996444106 0.024567015 -0.080594808 -19.182968140 -0.019308679 0.997673154 0.065386705 -17.430030823 0.082013644 -0.063598037 0.994599938 322.222778320
